RESULTS/r.avaflow_results/22_results/22_ascii/22_hflow30055.asc
ncols 506
nrows 317
xllcenter 498237.50
yllcenter 5580050.00
cellsize 12.50
NODATA_value -9999.000
[rows 136 to 169 of 317, columns 154 to 230 of 506]
0.000 0.000 0.000 0.000 0.000 0.000 0.000 0.000 0.000 0.000 0.000 0.000 0.000 0.000 0.000 0.000 0.000 0.000 0.000 0.000 0.000 0.000 0.000 0.000 0.000 0.000 0.000 0.000 0.000 0.000 0.000 0.000 0.000 0.000 0.000 0.000 0.000 0.000 0.000 0.000 0.000 0.000 0.000 0.000 0.000 0.000 0.000 0.000 0.000 0.000 0.000 0.000 0.000 0.000 0.000 0.000 0.000 0.000 0.000 0.000 0.000 0.000 0.000 0.000 0.000 0.000 0.000 0.000 0.000 0.000 0.000 0.000 0.000 0.000 0.000 0.000 0.000
0.000 0.000 0.000 0.000 0.000 0.000 0.000 0.000 0.000 0.000 0.000 0.000 0.000 0.000 0.000 0.000 0.000 0.000 0.000 0.000 0.000 0.000 0.000 0.000 0.000 0.000 0.000 0.000 0.000 0.000 0.000 0.000 0.000 0.000 0.000 0.000 0.000 0.000 0.000 0.000 0.000 0.000 0.000 0.000 0.000 0.000 0.000 0.000 0.000 0.000 0.000 0.000 0.000 0.000 0.000 0.000 0.000 0.000 0.000 0.000 0.000 0.000 0.000 0.000 0.000 0.000 0.000 0.000 0.000 0.000 0.000 0.000 0.000 0.000 0.000 0.000 0.000
0.000 0.000 0.000 0.000 0.000 0.000 0.000 0.000 0.000 0.000 0.000 0.000 0.000 0.000 0.000 0.000 0.000 0.000 0.000 0.000 0.000 0.000 0.000 0.000 0.000 0.000 0.000 0.000 0.000 0.000 0.000 0.000 0.000 0.000 0.000 0.000 0.000 0.000 0.000 0.000 0.000 0.000 0.000 0.000 0.000 0.000 0.000 0.000 0.000 0.000 0.000 0.000 0.000 0.000 0.000 0.000 0.000 0.000 0.000 0.000 0.000 0.000 0.000 0.000 0.000 0.000 0.000 0.000 0.000 0.000 0.000 0.000 0.000 0.000 0.000 0.000 0.000
0.000 0.000 0.000 0.000 0.000 0.000 0.000 0.000 0.000 0.000 0.000 0.000 0.000 0.000 0.000 0.000 0.000 0.000 0.000 0.000 0.000 0.000 0.000 0.000 0.000 0.000 0.000 0.000 0.000 0.000 0.000 0.000 0.000 0.000 0.000 0.000 0.000 0.000 0.000 0.000 0.000 0.000 0.000 0.000 0.000 0.000 0.000 0.000 0.000 0.000 0.000 0.000 0.000 0.000 0.000 0.000 0.000 0.000 0.000 0.000 0.000 0.000 0.000 0.000 0.000 0.000 0.000 0.000 0.000 0.000 0.000 0.000 0.000 0.000 0.000 0.000 0.000
0.000 0.000 0.000 0.000 0.000 0.000 0.000 0.000 0.000 0.000 0.000 0.000 0.000 0.000 0.000 0.000 0.000 0.000 0.000 0.000 0.000 0.000 0.000 0.000 0.000 0.000 0.000 0.000 0.000 0.000 0.000 0.000 0.000 0.000 0.000 0.000 0.000 0.000 0.000 0.000 0.000 0.000 0.000 0.000 0.000 0.000 0.000 0.000 0.000 0.000 0.000 0.000 0.000 0.000 0.000 0.000 0.000 0.000 0.000 0.000 0.000 0.000 0.000 0.000 0.000 0.000 0.000 0.000 0.000 0.000 0.000 0.000 0.000 0.000 0.000 0.000 0.000
0.000 0.000 0.000 0.000 0.000 0.000 0.000 0.000 0.000 0.000 0.000 0.000 0.000 0.000 0.000 0.000 0.000 0.000 0.000 0.000 0.000 0.000 0.000 0.000 0.000 0.000 0.000 0.000 0.000 0.000 0.000 0.000 0.000 0.000 0.000 0.000 0.000 0.000 0.000 0.000 0.000 0.000 0.000 0.000 0.000 0.000 0.000 0.000 0.000 0.000 0.000 0.000 0.000 0.000 0.000 0.000 0.000 0.000 0.000 0.000 0.000 0.000 0.000 0.000 0.000 0.000 0.000 0.000 0.000 0.000 0.000 0.000 0.000 0.000 0.000 0.000 0.000
0.000 0.000 0.000 0.000 0.000 0.000 0.000 0.000 0.000 0.000 0.000 0.000 0.000 0.000 0.000 0.000 0.000 0.000 0.000 0.000 0.000 0.000 0.000 0.000 0.000 0.000 0.000 0.000 0.000 0.000 0.000 0.000 0.000 0.000 0.000 0.000 0.000 0.000 0.000 0.000 0.000 0.000 0.000 0.000 0.000 0.000 0.000 0.000 0.000 0.000 0.000 0.000 0.000 0.000 0.000 0.000 0.000 0.000 0.000 0.000 0.000 0.000 0.000 0.000 0.000 0.000 0.000 0.000 0.000 0.000 0.000 0.000 0.000 0.000 0.000 0.000 0.000
0.000 0.000 0.000 0.000 0.000 0.000 0.000 0.000 0.000 0.000 0.000 0.000 0.000 0.000 0.000 0.000 0.000 0.000 0.000 0.000 0.000 0.000 0.000 0.000 0.000 0.000 0.000 0.000 0.000 0.000 0.000 0.000 0.000 0.000 0.000 0.000 0.000 0.000 0.000 0.000 0.000 0.000 0.000 0.000 0.000 0.000 0.000 0.000 0.000 0.000 0.000 0.000 0.000 0.000 0.000 0.000 0.000 0.000 0.000 0.000 0.000 0.000 0.000 0.000 0.000 0.000 0.000 0.000 0.000 0.000 0.000 0.000 0.000 0.000 0.000 0.000 0.000
0.000 0.000 0.000 0.000 0.000 0.000 0.000 0.000 0.000 0.000 0.000 0.000 0.000 0.000 0.000 0.000 0.000 0.000 0.000 0.000 0.000 0.000 0.000 0.000 0.000 0.000 0.000 0.000 0.000 0.000 0.000 0.000 0.000 0.000 0.000 0.000 0.000 0.000 0.000 0.000 0.000 0.000 0.000 0.000 0.000 0.000 0.000 0.000 0.000 0.000 0.000 0.000 0.000 0.000 0.000 0.000 0.000 0.000 0.000 0.000 0.000 0.000 0.000 0.000 0.000 0.000 0.000 0.000 0.000 0.000 0.000 0.000 0.000 0.000 0.000 0.000 0.000
0.000 0.000 0.000 0.000 0.000 0.000 0.000 0.000 0.000 0.000 0.000 0.000 0.000 0.000 0.000 0.000 0.000 0.000 0.000 0.000 0.000 0.000 0.000 0.000 0.000 0.000 0.000 0.000 0.000 0.000 0.000 0.000 0.000 0.000 0.000 0.000 0.000 0.000 0.000 0.000 0.000 0.000 0.000 0.000 0.000 0.000 0.000 0.000 0.000 0.000 0.000 0.000 0.000 0.000 0.000 0.000 0.000 0.000 0.000 0.000 0.000 0.000 0.000 0.000 0.000 0.000 0.000 0.000 0.000 0.000 0.000 0.000 0.000 0.000 0.000 0.000 0.000
0.000 0.000 0.000 0.000 0.000 0.000 0.000 0.000 0.000 0.000 0.000 0.000 0.000 0.000 0.000 0.000 0.000 0.000 0.000 0.000 0.000 0.000 0.000 0.000 0.000 0.000 0.000 0.000 0.000 0.000 0.000 0.000 0.000 0.000 0.000 0.000 0.000 0.000 0.000 0.000 0.000 0.000 0.000 0.000 0.000 0.000 0.000 0.000 0.000 0.000 0.000 0.000 0.000 0.000 0.000 0.000 0.000 0.000 0.000 0.000 0.000 0.000 0.000 0.000 0.000 0.000 0.000 0.000 0.000 0.000 0.000 0.000 0.000 0.000 0.000 0.000 0.000
0.000 0.000 0.000 0.000 0.000 0.000 0.000 0.000 0.000 0.000 0.000 0.000 0.000 0.000 0.000 0.000 0.000 0.000 0.000 0.000 0.000 0.000 0.000 0.000 0.000 0.000 0.000 0.000 0.000 0.000 0.000 0.000 0.000 0.000 0.000 0.000 0.000 0.000 0.000 0.000 0.000 0.000 0.000 0.000 0.000 0.000 0.000 0.000 0.000 0.000 0.000 0.000 0.000 0.000 0.000 0.000 0.000 0.000 0.000 0.000 0.000 0.000 0.000 0.000 0.000 0.000 0.000 0.000 0.000 0.000 0.000 0.000 0.000 0.000 0.000 0.000 0.000
0.000 0.000 0.000 0.000 0.000 0.000 0.000 0.000 0.000 0.000 0.000 0.000 0.000 0.000 0.000 0.000 0.000 0.000 0.000 0.000 0.000 0.000 0.000 0.000 0.000 0.000 0.000 0.000 0.000 0.000 0.000 0.000 0.000 0.000 0.000 0.000 0.000 0.000 0.000 0.000 0.000 0.000 0.000 0.000 0.000 0.000 0.000 0.000 0.000 0.000 0.000 0.000 0.000 0.000 0.000 0.000 0.000 0.000 0.000 0.000 0.000 0.000 0.000 0.000 0.000 0.000 0.000 0.000 0.000 0.000 0.000 0.000 0.000 0.000 0.000 0.000 0.000
0.000 0.000 0.000 0.000 0.000 0.000 0.000 0.000 0.000 0.000 0.000 0.000 0.000 0.000 0.000 0.000 0.000 0.000 0.000 0.000 0.000 0.000 0.000 0.000 0.000 0.000 0.000 0.000 0.000 0.000 0.000 0.000 0.000 0.000 0.000 0.000 0.000 0.000 0.000 0.000 0.000 0.000 0.000 0.000 0.000 0.000 0.000 0.000 0.000 0.000 0.000 0.000 0.000 0.000 0.000 0.000 0.000 0.000 0.000 0.000 0.000 0.000 0.000 0.000 0.000 0.000 0.000 0.000 0.000 0.000 0.000 0.000 0.000 0.000 0.000 0.000 0.000
0.001 0.001 0.001 0.001 0.001 0.000 0.000 0.000 0.000 0.000 0.000 0.000 0.000 0.000 0.000 0.000 0.000 0.000 0.000 0.000 0.000 0.000 0.000 0.000 0.000 0.000 0.000 0.000 0.000 0.000 0.000 0.000 0.000 0.000 0.000 0.000 0.000 0.000 0.000 0.000 0.000 0.000 0.000 0.000 0.000 0.000 0.000 0.000 0.000 0.000 0.000 0.000 0.000 0.000 0.000 0.000 0.000 0.000 0.000 0.000 0.000 0.000 0.000 0.000 0.000 0.000 0.000 0.000 0.000 0.000 0.000 0.000 0.000 0.000 0.000 0.000 0.000
0.002 0.002 0.002 0.002 0.001 0.001 0.001 0.001 0.001 0.000 0.000 0.000 0.000 0.000 0.000 0.000 0.000 0.000 0.000 0.000 0.000 0.000 0.000 0.000 0.000 0.000 0.000 0.000 0.000 0.000 0.000 0.000 0.000 0.000 0.000 0.000 0.000 0.000 0.000 0.000 0.000 0.000 0.000 0.000 0.000 0.000 0.000 0.000 0.001 0.001 0.001 0.001 0.001 0.001 0.001 0.001 0.001 0.001 0.001 0.001 0.001 0.001 0.001 0.001 0.001 0.001 0.001 0.001 0.001 0.001 0.001 0.001 0.000 0.000 0.000 0.000 0.000
0.004 0.003 0.003 0.003 0.002 0.002 0.002 0.001 0.001 0.001 0.001 0.000 0.000 0.000 0.000 0.000 0.000 0.000 0.000 0.000 0.000 0.000 0.000 0.000 0.000 0.000 0.000 0.000 0.000 0.000 0.000 0.000 0.000 0.000 0.000 0.000 0.000 0.000 0.000 0.000 0.000 0.000 0.000 0.000 0.000 0.001 0.001 0.002 0.002 0.002 0.002 0.002 0.002 0.002 0.002 0.002 0.002 0.002 0.002 0.002 0.002 0.002 0.002 0.002 0.002 0.002 0.002 0.002 0.002 0.002 0.002 0.002 0.001 0.001 0.001 0.001 0.001
0.005 0.005 0.005 0.004 0.004 0.003 0.003 0.003 0.002 0.002 0.002 0.001 0.001 0.001 0.001 0.000 0.000 0.000 0.000 0.000 0.000 0.000 0.000 0.000 0.000 0.000 0.000 0.000 0.000 0.000 0.000 0.000 0.000 0.000 0.000 0.000 0.000 0.000 0.000 0.000 0.000 0.000 0.000 0.001 0.001 0.002 0.003 0.004 0.004 0.005 0.005 0.005 0.005 0.005 0.005 0.005 0.005 0.005 0.004 0.004 0.004 0.004 0.004 0.004 0.004 0.004 0.004 0.004 0.004 0.004 0.004 0.004 0.003 0.002 0.002 0.002 0.001
0.008 0.008 0.007 0.006 0.005 0.005 0.004 0.004 0.003 0.003 0.003 0.002 0.002 0.002 0.002 0.001 0.001 0.001 0.001 0.000 0.000 0.000 0.000 0.000 0.000 0.000 0.000 0.000 0.000 0.000 0.000 0.000 0.000 0.000 0.000 0.000 0.000 0.000 0.000 0.000 0.000 0.001 0.001 0.002 0.003 0.004 0.005 0.007 0.007 0.008 0.008 0.009 0.009 0.009 0.009 0.008 0.008 0.008 0.008 0.007 0.007 0.007 0.007 0.007 0.007 0.007 0.008 0.008 0.007 0.007 0.007 0.006 0.005 0.004 0.003 0.003 0.002
0.012 0.011 0.009 0.008 0.007 0.007 0.006 0.006 0.005 0.005 0.004 0.004 0.004 0.003 0.003 0.003 0.002 0.002 0.002 0.001 0.001 0.001 0.001 0.001 0.001 0.001 0.001 0.001 0.001 0.001 0.001 0.001 0.001 0.001 0.001 0.001 0.001 0.001 0.001 0.001 0.002 0.002 0.003 0.004 0.006 0.007 0.009 0.010 0.012 0.012 0.013 0.013 0.013 0.013 0.013 0.013 0.013 0.012 0.012 0.011 0.011 0.011 0.011 0.011 0.011 0.012 0.012 0.012 0.012 0.011 0.010 0.009 0.007 0.006 0.005 0.004 0.004
0.020 0.016 0.013 0.011 0.010 0.009 0.008 0.008 0.007 0.007 0.006 0.006 0.006 0.005 0.005 0.005 0.004 0.004 0.003 0.003 0.002 0.002 0.002 0.002 0.002 0.002 0.002 0.002 0.002 0.002 0.002 0.002 0.002 0.002 0.002 0.002 0.002 0.002 0.003 0.003 0.004 0.005 0.006 0.007 0.009 0.011 0.013 0.015 0.017 0.018 0.019 0.020 0.020 0.020 0.020 0.020 0.019 0.018 0.017 0.017 0.016 0.016 0.016 0.016 0.017 0.018 0.018 0.019 0.018 0.017 0.016 0.013 0.011 0.009 0.007 0.006 0.005
0.037 0.027 0.020 0.016 0.014 0.012 0.011 0.010 0.010 0.009 0.009 0.009 0.008 0.008 0.007 0.007 0.007 0.006 0.006 0.005 0.005 0.004 0.004 0.004 0.004 0.003 0.003 0.003 0.003 0.003 0.003 0.003 0.004 0.004 0.004 0.004 0.004 0.005 0.005 0.006 0.007 0.008 0.010 0.011 0.013 0.016 0.018 0.021 0.024 0.026 0.027 0.028 0.029 0.029 0.029 0.029 0.028 0.027 0.026 0.025 0.024 0.024 0.024 0.024 0.025 0.027 0.029 0.029 0.029 0.027 0.023 0.018 0.014 0.012 0.010 0.008 0.007
0.086 0.055 0.036 0.026 0.021 0.017 0.015 0.014 0.013 0.013 0.012 0.012 0.011 0.011 0.011 0.010 0.010 0.009 0.009 0.008 0.007 0.007 0.006 0.006 0.006 0.006 0.006 0.006 0.006 0.006 0.006 0.006 0.006 0.006 0.006 0.007 0.007 0.008 0.009 0.009 0.011 0.012 0.014 0.016 0.019 0.021 0.025 0.029 0.032 0.035 0.038 0.040 0.042 0.043 0.043 0.043 0.042 0.041 0.039 0.038 0.037 0.036 0.036 0.036 0.038 0.043 0.047 0.048 0.048 0.043 0.035 0.025 0.019 0.015 0.012 0.010 0.009
0.220 0.133 0.079 0.051 0.036 0.028 0.023 0.020 0.019 0.018 0.017 0.016 0.016 0.016 0.015 0.015 0.014 0.013 0.012 0.012 0.011 0.010 0.010 0.009 0.009 0.009 0.009 0.009 0.009 0.009 0.009 0.009 0.009 0.009 0.010 0.010 0.011 0.012 0.013 0.014 0.016 0.018 0.020 0.022 0.025 0.028 0.033 0.037 0.043 0.047 0.052 0.057 0.061 0.063 0.064 0.064 0.063 0.062 0.061 0.059 0.057 0.056 0.056 0.057 0.062 0.073 0.083 0.086 0.085 0.075 0.056 0.037 0.026 0.020 0.016 0.013 0.011
0.504 0.321 0.191 0.115 0.074 0.052 0.040 0.032 0.028 0.026 0.024 0.024 0.023 0.022 0.021 0.021 0.020 0.019 0.018 0.017 0.016 0.015 0.014 0.013 0.013 0.013 0.012 0.012 0.012 0.012 0.012 0.013 0.013 0.013 0.014 0.014 0.015 0.016 0.018 0.020 0.022 0.024 0.027 0.030 0.033 0.038 0.042 0.049 0.056 0.063 0.072 0.081 0.089 0.095 0.098 0.099 0.099 0.098 0.096 0.094 0.093 0.092 0.093 0.097 0.108 0.133 0.156 0.164 0.161 0.142 0.100 0.060 0.038 0.026 0.020 0.016 0.014
0.952 0.660 0.425 0.266 0.167 0.110 0.078 0.059 0.047 0.041 0.038 0.036 0.035 0.034 0.032 0.031 0.029 0.027 0.026 0.024 0.022 0.021 0.019 0.018 0.018 0.017 0.017 0.017 0.017 0.017 0.017 0.017 0.017 0.018 0.019 0.020 0.021 0.023 0.025 0.027 0.030 0.034 0.037 0.041 0.045 0.050 0.056 0.064 0.074 0.087 0.104 0.121 0.135 0.146 0.154 0.157 0.158 0.157 0.156 0.155 0.155 0.157 0.162 0.173 0.200 0.254 0.306 0.323 0.317 0.278 0.193 0.107 0.059 0.037 0.026 0.020 0.017
1.521 1.146 0.809 0.552 0.366 0.241 0.164 0.117 0.089 0.073 0.064 0.060 0.057 0.055 0.053 0.050 0.046 0.043 0.039 0.036 0.033 0.030 0.027 0.026 0.024 0.024 0.023 0.023 0.022 0.022 0.022 0.023 0.023 0.024 0.025 0.026 0.028 0.031 0.034 0.038 0.042 0.047 0.051 0.056 0.062 0.068 0.076 0.087 0.103 0.126 0.157 0.187 0.212 0.231 0.244 0.251 0.253 0.252 0.252 0.252 0.254 0.259 0.269 0.290 0.333 0.409 0.499 0.546 0.551 0.504 0.371 0.202 0.103 0.056 0.035 0.026 0.021
2.164 1.742 1.333 0.987 0.706 0.490 0.338 0.239 0.178 0.140 0.120 0.110 0.105 0.100 0.095 0.089 0.081 0.074 0.067 0.060 0.052 0.045 0.040 0.036 0.034 0.032 0.031 0.030 0.030 0.029 0.029 0.030 0.030 0.031 0.033 0.035 0.038 0.043 0.048 0.055 0.061 0.067 0.074 0.081 0.088 0.097 0.107 0.124 0.150 0.190 0.246 0.294 0.331 0.355 0.364 0.359 0.350 0.345 0.344 0.344 0.345 0.349 0.359 0.380 0.421 0.494 0.599 0.676 0.702 0.682 0.572 0.361 0.180 0.090 0.050 0.034 0.026
2.872 2.415 1.966 1.555 1.190 0.882 0.644 0.473 0.358 0.285 0.242 0.218 0.205 0.195 0.184 0.170 0.154 0.138 0.123 0.108 0.092 0.076 0.064 0.056 0.050 0.046 0.044 0.042 0.040 0.040 0.039 0.039 0.040 0.042 0.044 0.049 0.055 0.063 0.072 0.082 0.092 0.102 0.111 0.121 0.130 0.142 0.158 0.184 0.226 0.296 0.375 0.428 0.453 0.460 0.449 0.423 0.402 0.394 0.393 0.393 0.393 0.395 0.403 0.419 0.452 0.515 0.616 0.708 0.752 0.754 0.688 0.513 0.286 0.141 0.074 0.046 0.033
3.628 3.141 2.666 2.215 1.800 1.430 1.120 0.878 0.702 0.581 0.503 0.453 0.421 0.394 0.366 0.333 0.300 0.268 0.238 0.207 0.173 0.140 0.113 0.093 0.079 0.070 0.065 0.060 0.058 0.056 0.055 0.055 0.056 0.059 0.065 0.073 0.084 0.098 0.116 0.133 0.149 0.163 0.176 0.188 0.200 0.216 0.240 0.281 0.345 0.420 0.478 0.509 0.518 0.509 0.478 0.437 0.414 0.405 0.404 0.404 0.405 0.407 0.413 0.425 0.453 0.505 0.594 0.694 0.750 0.761 0.728 0.607 0.392 0.206 0.107 0.062 0.043
4.391 3.893 3.415 2.957 2.530 2.141 1.799 1.516 1.298 1.138 1.023 0.937 0.867 0.802 0.731 0.652 0.584 0.523 0.464 0.404 0.338 0.269 0.211 0.168 0.137 0.117 0.104 0.095 0.089 0.086 0.085 0.085 0.088 0.094 0.105 0.120 0.141 0.170 0.202 0.229 0.253 0.273 0.289 0.302 0.317 0.337 0.370 0.411 0.454 0.492 0.519 0.531 0.531 0.513 0.472 0.427 0.402 0.393 0.392 0.393 0.395 0.398 0.404 0.414 0.433 0.468 0.534 0.632 0.710 0.737 0.723 0.647 0.482 0.279 0.149 0.085 0.057
5.176 4.687 4.238 3.811 3.405 3.032 2.704 2.426 2.205 2.036 1.902 1.787 1.677 1.556 1.409 1.244 1.104 0.989 0.879 0.766 0.640 0.506 0.392 0.305 0.245 0.204 0.178 0.162 0.152 0.147 0.145 0.147 0.152 0.165 0.184 0.211 0.253 0.311 0.361 0.399 0.429 0.453 0.469 0.481 0.489 0.495 0.499 0.501 0.504 0.511 0.520 0.523 0.515 0.484 0.430 0.384 0.358 0.348 0.346 0.347 0.352 0.360 0.368 0.375 0.385 0.402 0.439 0.517 0.620 0.679 0.689 0.654 0.544 0.358 0.201 0.117 0.076
6.071 5.634 5.242 4.874 4.512 4.173 3.886 3.654 3.468 3.321 3.196 3.075 2.944 2.776 2.552 2.280 2.012 1.780 1.565 1.350 1.117 0.881 0.680 0.524 0.414 0.342 0.299 0.275 0.263 0.260 0.261 0.268 0.282 0.304 0.334 0.380 0.456 0.543 0.603 0.637 0.653 0.658 0.654 0.644 0.626 0.599 0.562 0.529 0.509 0.498 0.488 0.475 0.448 0.400 0.341 0.298 0.275 0.265 0.262 0.265 0.274 0.287 0.297 0.303 0.306 0.309 0.324 0.375 0.484 0.589 0.630 0.628 0.572 0.437 0.269 0.160 0.104
7.218 6.910 6.622 6.342 6.052 5.774 5.545 5.368 5.223 5.102 4.992 4.879 4.744 4.555 4.279 3.911 3.483 3.048 2.624 2.214 1.809 1.424 1.095 0.839 0.655 0.536 0.468 0.438 0.432 0.437 0.453 0.477 0.505 0.536 0.574 0.625 0.699 0.764 0.797 0.806 0.798 0.777 0.750 0.719 0.682 0.633 0.572 0.518 0.477 0.439 0.402 0.361 0.312 0.259 0.218 0.194 0.183 0.180 0.181 0.187 0.196 0.204 0.211 0.214 0.216 0.220 0.231 0.266 0.349 0.476 0.560 0.584 0.569 0.497 0.359 0.225 0.147
