RESULTS/r.avaflow_results/22_results/22_ascii/22_hflow0024.asc
ncols 506
nrows 317
xllcenter 498237.50
yllcenter 5580050.00
cellsize 12.50
NODATA_value -9999.000
[rows 136 to 169 of 317, columns 154 to 230 of 506]
0.000 0.000 0.000 0.000 0.000 0.000 0.000 0.000 0.000 0.000 0.000 0.000 0.000 0.000 0.000 0.000 0.000 0.000 0.000 0.000 0.000 0.000 0.000 0.000 0.000 0.000 0.000 0.000 0.000 0.000 0.000 0.000 0.000 0.000 0.000 0.000 0.000 0.000 0.000 0.000 0.000 0.000 0.000 0.000 0.000 0.000 0.000 0.000 0.000 0.000 0.000 0.000 0.000 0.000 0.000 0.000 0.000 0.000 0.000 0.000 0.000 0.000 0.000 0.000 0.000 0.000 0.000 0.000 0.000 0.000 0.000 0.000 0.000 0.000 0.000 0.000 0.000
0.000 0.000 0.000 0.000 0.000 0.000 0.000 0.000 0.000 0.000 0.000 0.000 0.000 0.000 0.000 0.000 0.000 0.000 0.000 0.000 0.000 0.000 0.000 0.000 0.000 0.000 0.000 0.000 0.000 0.000 0.000 0.000 0.000 0.000 0.000 0.000 0.000 0.000 0.000 0.000 0.000 0.000 0.000 0.000 0.000 0.000 0.000 0.000 0.000 0.000 0.000 0.000 0.000 0.000 0.000 0.000 0.000 0.000 0.000 0.000 0.000 0.000 0.000 0.000 0.000 0.000 0.000 0.000 0.000 0.000 0.000 0.000 0.000 0.000 0.000 0.000 0.000
0.000 0.000 0.000 0.000 0.000 0.000 0.000 0.000 0.000 0.000 0.000 0.000 0.000 0.000 0.000 0.000 0.000 0.000 0.000 0.000 0.000 0.000 0.000 0.000 0.000 0.000 0.000 0.000 0.000 0.000 0.000 0.000 0.000 0.000 0.000 0.000 0.000 0.000 0.000 0.000 0.000 0.000 0.000 0.000 0.000 0.000 0.000 0.000 0.000 0.000 0.000 0.000 0.000 0.000 0.000 0.000 0.000 0.000 0.000 0.000 0.000 0.000 0.000 0.000 0.000 0.000 0.000 0.000 0.000 0.000 0.000 0.000 0.000 0.000 0.000 0.000 0.000
0.000 0.000 0.000 0.000 0.000 0.000 0.000 0.000 0.000 0.000 0.000 0.000 0.000 0.000 0.000 0.000 0.000 0.000 0.000 0.000 0.000 0.000 0.000 0.000 0.000 0.000 0.000 0.000 0.000 0.000 0.000 0.000 0.000 0.000 0.000 0.000 0.000 0.000 0.000 0.000 0.000 0.000 0.000 0.000 0.000 0.000 0.000 0.000 0.000 0.000 0.000 0.000 0.000 0.000 0.000 0.000 0.000 0.000 0.000 0.000 0.000 0.000 0.000 0.000 0.000 0.000 0.000 0.000 0.000 0.000 0.000 0.000 0.000 0.000 0.000 0.000 0.000
0.000 0.000 0.000 0.000 0.000 0.000 0.000 0.000 0.000 0.000 0.000 0.000 0.000 0.000 0.000 0.000 0.000 0.000 0.000 0.000 0.000 0.000 0.000 0.000 0.000 0.000 0.000 0.000 0.000 0.000 0.000 0.000 0.000 0.000 0.000 0.000 0.000 0.000 0.000 0.000 0.000 0.000 0.000 0.000 0.000 0.000 0.000 0.000 0.000 0.000 0.000 0.000 0.000 0.000 0.000 0.000 0.000 0.000 0.000 0.000 0.000 0.000 0.000 0.000 0.000 0.000 0.000 0.000 0.000 0.000 0.000 0.000 0.000 0.000 0.000 0.000 0.000
0.000 0.000 0.000 0.000 0.000 0.000 0.000 0.000 0.000 0.000 0.000 0.000 0.000 0.000 0.000 0.000 0.000 0.000 0.000 0.000 0.000 0.000 0.000 0.000 0.000 0.000 0.000 0.000 0.000 0.000 0.000 0.000 0.000 0.000 0.000 0.000 0.000 0.000 0.000 0.000 0.000 0.000 0.000 0.000 0.000 0.000 0.000 0.000 0.000 0.000 0.000 0.000 0.000 0.000 0.000 0.000 0.000 0.000 0.000 0.000 0.000 0.000 0.000 0.000 0.000 0.000 0.000 0.000 0.000 0.000 0.000 0.000 0.000 0.000 0.000 0.000 0.000
0.000 0.000 0.000 0.000 0.000 0.000 0.000 0.000 0.000 0.000 0.000 0.000 0.000 0.000 0.000 0.000 0.000 0.000 0.000 0.000 0.000 0.000 0.000 0.000 0.000 0.000 0.000 0.000 0.000 0.000 0.000 0.000 0.000 0.000 0.000 0.000 0.000 0.000 0.000 0.000 0.000 0.000 0.000 0.000 0.000 0.000 0.000 0.000 0.000 0.000 0.000 0.000 0.000 0.000 0.000 0.000 0.000 0.000 0.000 0.000 0.000 0.000 0.000 0.000 0.000 0.000 0.000 0.000 0.000 0.000 0.000 0.000 0.000 0.000 0.000 0.000 0.000
0.000 0.000 0.000 0.000 0.000 0.000 0.000 0.000 0.000 0.000 0.000 0.000 0.000 0.000 0.000 0.000 0.000 0.000 0.000 0.000 0.000 0.000 0.000 0.000 0.000 0.000 0.000 0.000 0.000 0.000 0.000 0.000 0.000 0.000 0.000 0.000 0.000 0.000 0.000 0.000 0.000 0.000 0.000 0.000 0.000 0.000 0.000 0.000 0.000 0.000 0.000 0.000 0.000 0.000 0.000 0.000 0.000 0.000 0.000 0.000 0.000 0.000 0.000 0.000 0.000 0.000 0.000 0.000 0.000 0.000 0.000 0.000 0.000 0.000 0.000 0.000 0.000
0.000 0.000 0.000 0.000 0.000 0.000 0.000 0.000 0.000 0.000 0.000 0.000 0.000 0.000 0.000 0.000 0.000 0.000 0.000 0.000 0.000 0.000 0.000 0.000 0.000 0.000 0.000 0.000 0.000 0.000 0.000 0.000 0.000 0.000 0.000 0.000 0.000 0.000 0.000 0.000 0.000 0.000 0.000 0.000 0.000 0.000 0.000 0.000 0.000 0.000 0.000 0.000 0.000 0.000 0.000 0.000 0.000 0.000 0.000 0.000 0.000 0.000 0.000 0.000 0.000 0.000 0.000 0.000 0.000 0.000 0.000 0.000 0.000 0.000 0.000 0.000 0.000
0.000 0.000 0.000 0.000 0.000 0.000 0.000 0.000 0.000 0.000 0.000 0.000 0.000 0.000 0.000 0.000 0.000 0.000 0.000 0.000 0.000 0.000 0.000 0.000 0.000 0.000 0.000 0.000 0.000 0.000 0.000 0.000 0.000 0.000 0.000 0.000 0.000 0.000 0.000 0.000 0.000 0.000 0.000 0.000 0.000 0.000 0.000 0.000 0.000 0.000 0.000 0.000 0.000 0.000 0.000 0.000 0.000 0.000 0.000 0.000 0.000 0.000 0.000 0.000 0.000 0.000 0.000 0.000 0.000 0.000 0.000 0.000 0.000 0.000 0.000 0.000 0.000
0.000 0.000 0.000 0.000 0.000 0.000 0.000 0.000 0.000 0.000 0.000 0.000 0.000 0.000 0.000 0.000 0.000 0.000 0.000 0.000 0.000 0.000 0.000 0.000 0.000 0.000 0.000 0.000 0.000 0.000 0.000 0.000 0.000 0.000 0.000 0.000 0.000 0.000 0.000 0.000 0.000 0.000 0.000 0.000 0.000 0.000 0.000 0.000 0.000 0.000 0.000 0.000 0.000 0.000 0.000 0.000 0.000 0.000 0.000 0.000 0.000 0.000 0.000 0.000 0.000 0.000 0.000 0.000 0.000 0.000 0.000 0.000 0.000 0.000 0.000 0.000 0.000
0.000 0.000 0.000 0.000 0.000 0.000 0.000 0.000 0.000 0.000 0.000 0.000 0.000 0.000 0.000 0.000 0.000 0.000 0.000 0.000 0.000 0.000 0.000 0.000 0.000 0.000 0.000 0.000 0.000 0.000 0.000 0.000 0.000 0.000 0.000 0.000 0.000 0.000 0.000 0.000 0.000 0.000 0.000 0.000 0.000 0.000 0.000 0.000 0.000 0.000 0.000 0.000 0.000 0.000 0.000 0.000 0.000 0.000 0.000 0.000 0.000 0.000 0.000 0.000 0.000 0.000 0.000 0.000 0.000 0.000 0.000 0.000 0.000 0.000 0.000 0.000 0.000
0.000 0.000 0.000 0.000 0.000 0.000 0.000 0.000 0.000 0.000 0.000 0.000 0.000 0.000 0.000 0.000 0.000 0.000 0.000 0.000 0.000 0.000 0.000 0.000 0.000 0.000 0.000 0.000 0.000 0.000 0.000 0.000 0.000 0.000 0.000 0.000 0.000 0.000 0.000 0.000 0.000 0.000 0.000 0.000 0.000 0.000 0.000 0.000 0.000 0.000 0.000 0.000 0.000 0.000 0.000 0.000 0.000 0.000 0.000 0.000 0.000 0.000 0.000 0.000 0.000 0.000 0.000 0.000 0.000 0.000 0.000 0.000 0.000 0.000 0.000 0.000 0.000
0.000 0.000 0.000 0.000 0.000 0.000 0.000 0.000 0.000 0.000 0.000 0.000 0.000 0.000 0.000 0.000 0.000 0.000 0.000 0.000 0.000 0.000 0.000 0.000 0.000 0.000 0.000 0.000 0.000 0.000 0.000 0.000 0.000 0.000 0.000 0.000 0.000 0.000 0.000 0.000 0.000 0.000 0.000 0.000 0.000 0.000 0.000 0.000 0.000 0.000 0.000 0.000 0.000 0.000 0.000 0.000 0.000 0.000 0.000 0.000 0.000 0.000 0.000 0.000 0.000 0.000 0.000 0.000 0.000 0.000 0.000 0.000 0.000 0.000 0.000 0.000 0.000
0.001 0.001 0.001 0.001 0.001 0.001 0.001 0.000 0.000 0.000 0.000 0.000 0.000 0.000 0.000 0.000 0.000 0.000 0.000 0.000 0.000 0.000 0.000 0.000 0.000 0.000 0.000 0.000 0.000 0.000 0.000 0.000 0.000 0.000 0.000 0.000 0.000 0.000 0.000 0.000 0.000 0.000 0.000 0.000 0.000 0.000 0.000 0.000 0.000 0.000 0.000 0.000 0.000 0.000 0.000 0.000 0.000 0.000 0.000 0.000 0.000 0.000 0.000 0.000 0.000 0.000 0.000 0.000 0.000 0.000 0.000 0.000 0.000 0.000 0.000 0.000 0.000
0.003 0.003 0.002 0.002 0.002 0.002 0.001 0.001 0.001 0.000 0.000 0.000 0.000 0.000 0.000 0.000 0.000 0.000 0.000 0.000 0.000 0.000 0.000 0.000 0.000 0.000 0.000 0.000 0.000 0.000 0.000 0.000 0.000 0.000 0.000 0.000 0.000 0.000 0.000 0.000 0.000 0.000 0.000 0.000 0.000 0.000 0.000 0.001 0.001 0.001 0.001 0.002 0.002 0.002 0.002 0.002 0.002 0.002 0.002 0.002 0.002 0.002 0.002 0.002 0.002 0.002 0.002 0.002 0.002 0.002 0.002 0.001 0.001 0.001 0.001 0.001 0.000
0.005 0.005 0.004 0.004 0.003 0.003 0.002 0.002 0.002 0.001 0.001 0.001 0.000 0.000 0.000 0.000 0.000 0.000 0.000 0.000 0.000 0.000 0.000 0.000 0.000 0.000 0.000 0.000 0.000 0.000 0.000 0.000 0.000 0.000 0.000 0.000 0.000 0.000 0.000 0.000 0.000 0.000 0.000 0.000 0.001 0.001 0.002 0.002 0.003 0.004 0.004 0.005 0.005 0.005 0.005 0.005 0.005 0.005 0.005 0.005 0.005 0.005 0.005 0.005 0.005 0.005 0.005 0.005 0.005 0.005 0.005 0.005 0.004 0.004 0.003 0.002 0.001
0.008 0.007 0.006 0.006 0.005 0.004 0.004 0.003 0.003 0.002 0.002 0.002 0.001 0.001 0.001 0.001 0.000 0.000 0.000 0.000 0.000 0.000 0.000 0.000 0.000 0.000 0.000 0.000 0.000 0.000 0.000 0.000 0.000 0.000 0.000 0.000 0.000 0.000 0.000 0.000 0.000 0.000 0.001 0.001 0.002 0.003 0.004 0.006 0.007 0.008 0.009 0.010 0.010 0.011 0.011 0.011 0.011 0.011 0.011 0.011 0.011 0.011 0.010 0.010 0.010 0.010 0.011 0.011 0.011 0.011 0.010 0.010 0.009 0.007 0.006 0.004 0.003
0.011 0.010 0.009 0.008 0.007 0.007 0.006 0.005 0.005 0.004 0.004 0.003 0.003 0.002 0.002 0.002 0.001 0.001 0.001 0.001 0.000 0.000 0.000 0.000 0.000 0.000 0.000 0.000 0.000 0.000 0.000 0.000 0.000 0.000 0.000 0.000 0.000 0.000 0.000 0.000 0.001 0.001 0.002 0.004 0.005 0.007 0.008 0.010 0.012 0.014 0.016 0.017 0.018 0.019 0.019 0.019 0.019 0.019 0.019 0.019 0.019 0.019 0.019 0.018 0.018 0.019 0.019 0.019 0.019 0.019 0.019 0.017 0.015 0.013 0.010 0.007 0.006
0.016 0.014 0.013 0.011 0.010 0.009 0.008 0.008 0.007 0.006 0.006 0.005 0.005 0.005 0.004 0.004 0.003 0.003 0.002 0.002 0.001 0.001 0.001 0.001 0.001 0.001 0.001 0.001 0.001 0.001 0.001 0.001 0.001 0.001 0.001 0.001 0.001 0.001 0.001 0.002 0.003 0.004 0.005 0.007 0.009 0.011 0.014 0.016 0.019 0.022 0.025 0.027 0.029 0.030 0.031 0.032 0.032 0.032 0.032 0.032 0.032 0.032 0.031 0.031 0.031 0.031 0.032 0.033 0.033 0.033 0.032 0.030 0.026 0.020 0.015 0.012 0.009
0.024 0.020 0.018 0.015 0.014 0.012 0.011 0.011 0.010 0.009 0.009 0.008 0.008 0.007 0.007 0.006 0.006 0.005 0.005 0.004 0.003 0.003 0.003 0.003 0.002 0.002 0.002 0.002 0.002 0.002 0.002 0.002 0.002 0.003 0.003 0.003 0.003 0.003 0.004 0.005 0.006 0.008 0.010 0.012 0.015 0.018 0.021 0.025 0.029 0.033 0.037 0.041 0.045 0.048 0.050 0.052 0.053 0.054 0.054 0.055 0.055 0.054 0.053 0.053 0.053 0.054 0.056 0.058 0.059 0.059 0.057 0.053 0.044 0.032 0.024 0.018 0.014
0.038 0.031 0.026 0.022 0.019 0.017 0.016 0.014 0.014 0.013 0.012 0.012 0.011 0.011 0.010 0.010 0.009 0.008 0.008 0.007 0.006 0.006 0.005 0.005 0.005 0.005 0.005 0.005 0.005 0.005 0.005 0.005 0.005 0.005 0.006 0.006 0.006 0.007 0.008 0.009 0.011 0.013 0.015 0.018 0.022 0.026 0.030 0.035 0.041 0.048 0.055 0.061 0.069 0.076 0.081 0.086 0.089 0.093 0.095 0.097 0.097 0.096 0.095 0.094 0.094 0.096 0.101 0.106 0.109 0.109 0.107 0.097 0.078 0.053 0.037 0.027 0.020
0.068 0.052 0.040 0.033 0.028 0.024 0.022 0.020 0.019 0.018 0.017 0.016 0.016 0.015 0.015 0.014 0.013 0.013 0.012 0.011 0.010 0.010 0.009 0.009 0.008 0.008 0.008 0.008 0.008 0.008 0.008 0.008 0.009 0.009 0.009 0.010 0.011 0.012 0.013 0.015 0.017 0.019 0.023 0.026 0.031 0.036 0.042 0.050 0.058 0.068 0.078 0.090 0.103 0.118 0.130 0.141 0.150 0.159 0.168 0.174 0.177 0.177 0.176 0.175 0.176 0.179 0.190 0.204 0.211 0.212 0.208 0.189 0.146 0.094 0.061 0.041 0.029
0.132 0.096 0.071 0.054 0.044 0.036 0.031 0.028 0.026 0.025 0.024 0.023 0.022 0.021 0.021 0.020 0.019 0.018 0.017 0.017 0.016 0.015 0.014 0.013 0.013 0.012 0.012 0.012 0.012 0.012 0.012 0.013 0.013 0.014 0.014 0.015 0.016 0.018 0.020 0.022 0.025 0.028 0.032 0.037 0.043 0.050 0.058 0.069 0.081 0.095 0.112 0.131 0.154 0.180 0.206 0.228 0.247 0.266 0.285 0.303 0.316 0.324 0.328 0.330 0.334 0.343 0.366 0.401 0.418 0.420 0.410 0.371 0.285 0.176 0.105 0.066 0.044
0.275 0.196 0.139 0.101 0.076 0.060 0.050 0.043 0.038 0.035 0.034 0.032 0.031 0.030 0.029 0.028 0.027 0.026 0.025 0.024 0.023 0.021 0.020 0.019 0.018 0.018 0.018 0.018 0.018 0.018 0.018 0.018 0.019 0.019 0.020 0.022 0.023 0.025 0.028 0.031 0.035 0.040 0.045 0.052 0.060 0.070 0.081 0.096 0.113 0.135 0.160 0.192 0.231 0.278 0.323 0.362 0.398 0.431 0.465 0.501 0.534 0.560 0.579 0.594 0.609 0.633 0.683 0.763 0.813 0.815 0.793 0.717 0.558 0.341 0.194 0.112 0.069
0.573 0.409 0.286 0.202 0.147 0.110 0.087 0.071 0.061 0.055 0.051 0.049 0.047 0.045 0.044 0.042 0.040 0.038 0.037 0.035 0.033 0.031 0.028 0.026 0.025 0.025 0.024 0.024 0.024 0.024 0.024 0.025 0.026 0.027 0.028 0.030 0.033 0.036 0.039 0.044 0.050 0.056 0.064 0.074 0.085 0.099 0.116 0.136 0.162 0.195 0.237 0.291 0.358 0.434 0.506 0.570 0.627 0.681 0.730 0.779 0.824 0.860 0.890 0.918 0.948 0.990 1.062 1.189 1.342 1.417 1.403 1.301 1.049 0.664 0.364 0.199 0.114
1.116 0.816 0.583 0.411 0.293 0.215 0.163 0.129 0.107 0.093 0.084 0.079 0.076 0.073 0.070 0.067 0.063 0.060 0.057 0.053 0.050 0.045 0.041 0.037 0.035 0.034 0.033 0.033 0.033 0.033 0.033 0.034 0.035 0.036 0.038 0.041 0.045 0.050 0.056 0.063 0.072 0.082 0.094 0.109 0.126 0.146 0.170 0.200 0.240 0.294 0.365 0.458 0.570 0.686 0.788 0.864 0.915 0.950 0.980 1.008 1.036 1.064 1.092 1.123 1.161 1.212 1.291 1.428 1.651 1.853 1.929 1.900 1.694 1.220 0.673 0.356 0.193
1.953 1.475 1.091 0.794 0.573 0.419 0.315 0.245 0.199 0.170 0.152 0.141 0.134 0.127 0.122 0.115 0.109 0.102 0.095 0.088 0.080 0.071 0.062 0.055 0.051 0.048 0.046 0.046 0.045 0.045 0.045 0.046 0.047 0.050 0.053 0.058 0.065 0.073 0.083 0.094 0.108 0.125 0.144 0.167 0.193 0.222 0.258 0.305 0.369 0.459 0.583 0.737 0.889 1.002 1.067 1.096 1.103 1.104 1.109 1.118 1.131 1.148 1.171 1.200 1.238 1.291 1.371 1.504 1.738 2.024 2.188 2.224 2.139 1.805 1.168 0.614 0.323
3.071 2.391 1.839 1.392 1.043 0.783 0.599 0.472 0.387 0.330 0.293 0.270 0.254 0.240 0.227 0.214 0.199 0.184 0.169 0.155 0.138 0.118 0.099 0.085 0.076 0.070 0.067 0.065 0.064 0.064 0.064 0.065 0.067 0.071 0.078 0.086 0.098 0.111 0.128 0.148 0.172 0.199 0.231 0.265 0.303 0.347 0.402 0.476 0.581 0.731 0.906 1.056 1.151 1.199 1.213 1.198 1.167 1.146 1.139 1.139 1.146 1.158 1.176 1.201 1.237 1.287 1.363 1.489 1.712 2.030 2.251 2.332 2.320 2.143 1.662 0.988 0.518
4.321 3.497 2.803 2.221 1.746 1.373 1.092 0.890 0.748 0.651 0.586 0.541 0.506 0.476 0.445 0.412 0.378 0.346 0.314 0.282 0.247 0.206 0.169 0.141 0.121 0.110 0.103 0.099 0.098 0.097 0.097 0.098 0.102 0.110 0.122 0.137 0.157 0.181 0.210 0.245 0.285 0.329 0.377 0.428 0.483 0.548 0.635 0.752 0.897 1.044 1.160 1.232 1.263 1.267 1.250 1.212 1.163 1.133 1.120 1.116 1.116 1.122 1.133 1.151 1.178 1.216 1.275 1.378 1.572 1.895 2.194 2.329 2.344 2.264 1.967 1.375 0.777
5.548 4.692 3.934 3.274 2.712 2.249 1.884 1.608 1.408 1.266 1.165 1.087 1.019 0.954 0.883 0.803 0.725 0.656 0.589 0.521 0.447 0.367 0.297 0.243 0.205 0.182 0.169 0.162 0.159 0.158 0.159 0.162 0.170 0.185 0.206 0.233 0.266 0.308 0.358 0.415 0.479 0.546 0.617 0.690 0.770 0.865 0.973 1.074 1.157 1.219 1.259 1.277 1.279 1.267 1.234 1.173 1.104 1.057 1.031 1.018 1.013 1.011 1.015 1.022 1.033 1.051 1.082 1.145 1.285 1.565 1.953 2.214 2.294 2.261 2.083 1.672 1.077
6.781 5.958 5.221 4.561 3.977 3.477 3.068 2.751 2.517 2.346 2.213 2.097 1.985 1.862 1.715 1.544 1.373 1.223 1.082 0.942 0.795 0.647 0.521 0.423 0.354 0.311 0.287 0.275 0.270 0.270 0.273 0.283 0.301 0.326 0.360 0.402 0.457 0.526 0.608 0.698 0.793 0.885 0.972 1.051 1.120 1.183 1.233 1.261 1.267 1.266 1.267 1.263 1.245 1.207 1.141 1.046 0.951 0.883 0.842 0.819 0.808 0.803 0.801 0.798 0.792 0.789 0.792 0.816 0.897 1.101 1.499 1.927 2.134 2.169 2.080 1.818 1.361
8.096 7.377 6.734 6.150 5.616 5.144 4.752 4.445 4.210 4.025 3.867 3.717 3.560 3.369 3.125 2.829 2.508 2.201 1.914 1.637 1.363 1.107 0.887 0.715 0.592 0.515 0.473 0.455 0.451 0.454 0.467 0.492 0.527 0.569 0.620 0.682 0.763 0.863 0.970 1.062 1.141 1.209 1.266 1.308 1.335 1.348 1.339 1.314 1.280 1.248 1.213 1.171 1.112 1.030 0.921 0.795 0.686 0.612 0.568 0.548 0.541 0.538 0.536 0.534 0.529 0.527 0.531 0.550 0.607 0.743 1.026 1.486 1.847 1.982 1.980 1.846 1.545
9.644 9.116 8.637 8.193 7.775 7.395 7.070 6.801 6.577 6.379 6.194 6.009 5.805 5.551 5.214 4.784 4.282 3.746 3.215 2.711 2.238 1.810 1.445 1.157 0.947 0.811 0.739 0.712 0.709 0.725 0.766 0.819 0.869 0.918 0.967 1.018 1.082 1.165 1.241 1.297 1.340 1.373 1.396 1.406 1.402 1.385 1.348 1.293 1.223 1.139 1.046 0.942 0.826 0.702 0.584 0.489 0.425 0.387 0.367 0.359 0.355 0.354 0.352 0.351 0.350 0.351 0.355 0.372 0.415 0.513 0.710 1.067 1.486 1.725 1.799 1.770 1.611
