RESULTS/r.avaflow_results/22_results/22_ascii/22_hflow30044.asc
ncols 506
nrows 317
xllcenter 498237.50
yllcenter 5580050.00
cellsize 12.50
NODATA_value -9999.000
[rows 170 to 203 of 317, columns 154 to 230 of 506]
9.003 8.928 8.823 8.691 8.530 8.356 8.199 8.062 7.940 7.825 7.710 7.591 7.450 7.245 6.918 6.432 5.802 5.082 4.331 3.593 2.899 2.270 1.735 1.316 1.014 0.815 0.703 0.658 0.656 0.672 0.706 0.747 0.775 0.795 0.813 0.835 0.874 0.912 0.927 0.923 0.902 0.869 0.834 0.799 0.758 0.701 0.621 0.525 0.435 0.352 0.279 0.223 0.183 0.155 0.138 0.128 0.125 0.127 0.132 0.138 0.143 0.147 0.149 0.151 0.152 0.155 0.163 0.186 0.240 0.352 0.498 0.584 0.608 0.592 0.519 0.380 0.245
11.276 11.497 11.608 11.632 11.604 11.532 11.417 11.274 11.120 10.961 10.798 10.636 10.462 10.239 9.887 9.333 8.564 7.620 6.567 5.480 4.437 3.484 2.661 2.003 1.521 1.192 0.985 0.874 0.832 0.832 0.856 0.886 0.901 0.905 0.904 0.905 0.917 0.931 0.933 0.919 0.884 0.834 0.783 0.732 0.673 0.591 0.476 0.351 0.250 0.183 0.142 0.116 0.100 0.091 0.086 0.085 0.088 0.093 0.100 0.105 0.107 0.108 0.108 0.108 0.108 0.109 0.116 0.133 0.172 0.252 0.388 0.513 0.573 0.586 0.566 0.499 0.374
13.866 14.483 14.822 14.943 14.942 14.878 14.754 14.590 14.409 14.217 14.019 13.821 13.621 13.387 13.043 12.484 11.652 10.563 9.295 7.934 6.560 5.243 4.054 3.061 2.296 1.741 1.357 1.115 0.985 0.933 0.919 0.924 0.926 0.923 0.911 0.901 0.898 0.894 0.881 0.844 0.778 0.696 0.620 0.544 0.461 0.360 0.253 0.171 0.121 0.092 0.075 0.065 0.059 0.057 0.057 0.059 0.064 0.072 0.078 0.081 0.082 0.082 0.080 0.079 0.079 0.080 0.085 0.097 0.125 0.178 0.279 0.421 0.529 0.574 0.581 0.560 0.493
15.726 16.684 17.253 17.515 17.597 17.593 17.530 17.424 17.286 17.117 16.922 16.711 16.497 16.260 15.936 15.410 14.613 13.547 12.266 10.826 9.271 7.660 6.064 4.646 3.482 2.572 1.900 1.439 1.156 1.002 0.934 0.911 0.899 0.884 0.862 0.834 0.805 0.776 0.735 0.659 0.547 0.437 0.351 0.283 0.223 0.163 0.115 0.082 0.062 0.051 0.044 0.041 0.039 0.039 0.040 0.043 0.049 0.057 0.062 0.064 0.064 0.063 0.062 0.061 0.061 0.063 0.066 0.075 0.093 0.127 0.192 0.311 0.460 0.551 0.579 0.578 0.551
16.681 17.868 18.669 19.152 19.435 19.605 19.696 19.716 19.672 19.567 19.397 19.176 18.943 18.702 18.399 17.922 17.187 16.181 14.943 13.529 11.972 10.269 8.410 6.520 4.858 3.507 2.482 1.765 1.306 1.044 0.912 0.848 0.806 0.768 0.724 0.670 0.613 0.552 0.479 0.385 0.285 0.214 0.165 0.130 0.101 0.076 0.057 0.045 0.037 0.032 0.030 0.029 0.029 0.029 0.030 0.033 0.039 0.045 0.049 0.051 0.051 0.051 0.050 0.050 0.051 0.052 0.055 0.061 0.072 0.094 0.135 0.215 0.359 0.499 0.562 0.575 0.566
16.894 18.182 19.165 19.890 20.431 20.836 21.123 21.285 21.334 21.298 21.158 20.914 20.658 20.423 20.153 19.746 19.115 18.221 17.055 15.639 14.013 12.186 10.131 7.862 5.794 4.110 2.836 1.951 1.386 1.050 0.855 0.733 0.643 0.561 0.483 0.410 0.351 0.300 0.248 0.190 0.140 0.105 0.081 0.064 0.051 0.041 0.033 0.028 0.025 0.023 0.023 0.022 0.023 0.023 0.025 0.027 0.031 0.036 0.040 0.042 0.043 0.043 0.043 0.044 0.044 0.046 0.048 0.053 0.061 0.075 0.101 0.153 0.255 0.407 0.515 0.554 0.558
16.748 18.084 19.162 20.024 20.742 21.326 21.749 22.006 22.120 22.127 22.011 21.736 21.467 21.262 21.036 20.697 20.166 19.392 18.321 16.925 15.231 13.273 11.042 8.533 6.218 4.352 2.959 2.006 1.400 1.017 0.763 0.581 0.440 0.333 0.257 0.207 0.175 0.150 0.123 0.095 0.072 0.056 0.045 0.037 0.030 0.026 0.022 0.020 0.019 0.019 0.018 0.019 0.019 0.020 0.021 0.023 0.025 0.029 0.033 0.035 0.037 0.038 0.039 0.040 0.041 0.042 0.045 0.048 0.054 0.063 0.082 0.116 0.182 0.299 0.431 0.506 0.532
16.223 17.659 18.882 19.892 20.718 21.363 21.810 22.080 22.211 22.233 22.127 21.837 21.564 21.385 21.189 20.880 20.395 19.686 18.689 17.335 15.618 13.580 11.252 8.647 6.259 4.343 2.925 1.962 1.336 0.917 0.623 0.412 0.270 0.183 0.131 0.103 0.087 0.075 0.063 0.050 0.041 0.034 0.028 0.024 0.021 0.018 0.017 0.016 0.016 0.016 0.016 0.016 0.016 0.017 0.018 0.019 0.021 0.024 0.027 0.030 0.032 0.034 0.035 0.037 0.038 0.040 0.042 0.045 0.050 0.057 0.070 0.094 0.136 0.211 0.323 0.425 0.483
15.342 16.898 18.270 19.440 20.380 21.064 21.496 21.733 21.837 21.848 21.740 21.465 21.187 20.994 20.785 20.468 20.000 19.343 18.408 17.099 15.393 13.328 10.935 8.290 5.924 4.038 2.656 1.725 1.118 0.708 0.426 0.249 0.150 0.097 0.069 0.055 0.047 0.041 0.035 0.030 0.026 0.022 0.020 0.017 0.016 0.014 0.014 0.013 0.013 0.013 0.013 0.014 0.014 0.014 0.015 0.016 0.018 0.020 0.022 0.025 0.028 0.030 0.032 0.034 0.036 0.038 0.040 0.043 0.047 0.053 0.062 0.079 0.108 0.156 0.231 0.326 0.408
14.189 15.830 17.297 18.554 19.552 20.255 20.673 20.861 20.902 20.860 20.736 20.528 20.270 19.988 19.666 19.275 18.785 18.152 17.273 16.008 14.302 12.187 9.728 7.181 4.989 3.273 2.035 1.217 0.710 0.403 0.225 0.130 0.079 0.053 0.039 0.032 0.028 0.025 0.022 0.020 0.018 0.016 0.015 0.014 0.012 0.012 0.011 0.011 0.011 0.011 0.011 0.011 0.012 0.012 0.013 0.014 0.015 0.017 0.019 0.021 0.024 0.027 0.029 0.032 0.034 0.036 0.039 0.041 0.045 0.049 0.057 0.070 0.091 0.124 0.173 0.242 0.320
12.783 14.423 15.911 17.194 18.223 18.959 19.391 19.546 19.527 19.406 19.292 19.192 18.982 18.581 18.067 17.536 16.974 16.296 15.364 14.019 12.196 9.941 7.481 5.221 3.396 2.047 1.138 0.602 0.322 0.178 0.103 0.064 0.043 0.031 0.025 0.021 0.019 0.017 0.016 0.015 0.014 0.012 0.012 0.011 0.010 0.010 0.009 0.009 0.009 0.009 0.009 0.010 0.010 0.010 0.011 0.012 0.013 0.014 0.016 0.018 0.020 0.023 0.026 0.029 0.032 0.034 0.037 0.040 0.043 0.047 0.054 0.065 0.081 0.106 0.141 0.189 0.249
11.128 12.654 14.124 15.440 16.550 17.384 17.891 18.069 18.043 17.914 17.819 17.746 17.530 17.037 16.369 15.687 14.986 14.131 12.936 11.263 9.056 6.615 4.438 2.817 1.695 0.947 0.486 0.241 0.128 0.075 0.048 0.034 0.026 0.020 0.017 0.015 0.014 0.013 0.012 0.011 0.011 0.010 0.009 0.009 0.008 0.008 0.008 0.008 0.007 0.008 0.008 0.008 0.008 0.009 0.009 0.010 0.011 0.012 0.013 0.015 0.017 0.019 0.022 0.026 0.029 0.032 0.035 0.038 0.041 0.045 0.052 0.062 0.077 0.097 0.124 0.159 0.203
9.311 10.645 12.061 13.437 14.661 15.630 16.257 16.521 16.537 16.446 16.322 16.154 15.820 15.245 14.502 13.691 12.786 11.602 9.928 7.680 5.323 3.375 2.020 1.166 0.653 0.349 0.177 0.092 0.054 0.036 0.027 0.021 0.017 0.015 0.013 0.012 0.011 0.010 0.009 0.009 0.008 0.008 0.007 0.007 0.007 0.006 0.006 0.006 0.006 0.006 0.006 0.007 0.007 0.007 0.008 0.009 0.009 0.010 0.011 0.012 0.014 0.016 0.019 0.022 0.026 0.030 0.033 0.036 0.040 0.045 0.052 0.062 0.076 0.094 0.116 0.144 0.176
7.609 8.684 9.899 11.221 12.484 13.524 14.243 14.603 14.678 14.605 14.371 13.980 13.433 12.740 11.925 10.975 9.800 8.175 6.046 3.961 2.390 1.318 0.694 0.373 0.208 0.116 0.065 0.040 0.028 0.021 0.017 0.015 0.013 0.011 0.010 0.009 0.008 0.008 0.007 0.007 0.006 0.006 0.006 0.005 0.005 0.005 0.005 0.005 0.005 0.005 0.005 0.006 0.006 0.006 0.007 0.007 0.008 0.008 0.009 0.010 0.012 0.014 0.016 0.019 0.023 0.026 0.030 0.034 0.039 0.044 0.052 0.062 0.076 0.093 0.114 0.136 0.162
5.997 6.772 7.667 8.699 9.746 10.638 11.299 11.674 11.780 11.706 11.373 10.768 9.952 9.019 8.044 6.968 5.678 4.155 2.643 1.499 0.773 0.382 0.198 0.114 0.070 0.044 0.030 0.022 0.017 0.014 0.012 0.011 0.009 0.008 0.008 0.007 0.006 0.006 0.006 0.005 0.005 0.005 0.004 0.004 0.004 0.004 0.004 0.004 0.004 0.005 0.005 0.005 0.005 0.006 0.006 0.006 0.006 0.007 0.008 0.008 0.010 0.011 0.014 0.017 0.020 0.024 0.028 0.033 0.038 0.044 0.052 0.063 0.077 0.094 0.113 0.134 0.158
4.422 4.837 5.286 5.787 6.314 6.798 7.195 7.445 7.529 7.470 7.151 6.519 5.667 4.774 3.965 3.191 2.368 1.499 0.816 0.401 0.196 0.105 0.064 0.043 0.030 0.023 0.018 0.014 0.012 0.010 0.009 0.008 0.007 0.006 0.006 0.005 0.005 0.004 0.004 0.004 0.004 0.004 0.003 0.003 0.003 0.003 0.003 0.004 0.004 0.004 0.005 0.005 0.005 0.005 0.005 0.005 0.005 0.006 0.006 0.007 0.008 0.010 0.012 0.014 0.018 0.022 0.026 0.031 0.037 0.044 0.053 0.064 0.078 0.094 0.113 0.134 0.157
2.933 3.048 3.175 3.304 3.418 3.519 3.605 3.658 3.664 3.618 3.435 3.065 2.508 1.914 1.447 1.060 0.699 0.393 0.199 0.102 0.059 0.039 0.028 0.022 0.018 0.015 0.012 0.010 0.009 0.008 0.007 0.006 0.005 0.005 0.004 0.004 0.004 0.003 0.003 0.003 0.003 0.003 0.003 0.003 0.003 0.003 0.003 0.004 0.004 0.004 0.005 0.005 0.005 0.004 0.004 0.004 0.004 0.004 0.005 0.005 0.006 0.008 0.010 0.012 0.016 0.020 0.024 0.030 0.036 0.044 0.053 0.064 0.078 0.094 0.113 0.135 0.160
1.696 1.658 1.638 1.612 1.564 1.502 1.452 1.413 1.377 1.331 1.239 1.072 0.822 0.572 0.401 0.277 0.175 0.101 0.058 0.037 0.026 0.021 0.017 0.014 0.012 0.010 0.009 0.008 0.006 0.006 0.005 0.004 0.004 0.003 0.003 0.003 0.003 0.002 0.002 0.002 0.002 0.002 0.002 0.002 0.003 0.003 0.003 0.004 0.004 0.005 0.005 0.005 0.004 0.004 0.003 0.003 0.003 0.003 0.004 0.004 0.005 0.006 0.008 0.010 0.014 0.018 0.022 0.028 0.035 0.043 0.052 0.063 0.076 0.093 0.113 0.137 0.166
0.839 0.772 0.721 0.673 0.617 0.551 0.495 0.453 0.419 0.389 0.354 0.302 0.227 0.155 0.109 0.077 0.053 0.036 0.025 0.020 0.016 0.014 0.012 0.010 0.009 0.007 0.006 0.005 0.005 0.004 0.003 0.003 0.003 0.002 0.002 0.002 0.002 0.002 0.002 0.002 0.002 0.002 0.002 0.002 0.003 0.003 0.004 0.004 0.005 0.005 0.005 0.005 0.004 0.003 0.003 0.003 0.003 0.003 0.003 0.003 0.004 0.005 0.006 0.008 0.011 0.015 0.020 0.026 0.033 0.041 0.049 0.060 0.072 0.089 0.111 0.138 0.171
0.353 0.314 0.285 0.259 0.230 0.195 0.165 0.143 0.127 0.115 0.102 0.088 0.069 0.050 0.039 0.030 0.024 0.019 0.016 0.013 0.011 0.010 0.008 0.007 0.006 0.005 0.004 0.004 0.003 0.003 0.003 0.002 0.002 0.002 0.002 0.002 0.002 0.002 0.002 0.002 0.002 0.002 0.002 0.003 0.003 0.004 0.005 0.006 0.007 0.006 0.006 0.005 0.004 0.003 0.002 0.002 0.002 0.002 0.002 0.002 0.002 0.003 0.005 0.006 0.009 0.013 0.017 0.023 0.029 0.036 0.044 0.053 0.065 0.081 0.103 0.133 0.170
0.136 0.121 0.109 0.098 0.086 0.071 0.059 0.051 0.045 0.041 0.037 0.034 0.029 0.024 0.020 0.017 0.015 0.013 0.011 0.009 0.008 0.007 0.006 0.005 0.004 0.004 0.003 0.003 0.002 0.002 0.002 0.002 0.002 0.002 0.002 0.002 0.002 0.002 0.002 0.002 0.003 0.003 0.003 0.004 0.005 0.006 0.007 0.008 0.008 0.007 0.006 0.005 0.003 0.003 0.002 0.002 0.001 0.001 0.001 0.001 0.002 0.002 0.003 0.005 0.007 0.010 0.014 0.018 0.024 0.030 0.036 0.044 0.053 0.066 0.087 0.115 0.154
0.053 0.048 0.044 0.040 0.035 0.030 0.026 0.023 0.021 0.020 0.019 0.018 0.017 0.015 0.014 0.012 0.011 0.009 0.008 0.007 0.006 0.005 0.004 0.004 0.003 0.003 0.002 0.002 0.002 0.002 0.002 0.002 0.002 0.002 0.002 0.002 0.002 0.003 0.003 0.004 0.004 0.005 0.006 0.007 0.008 0.009 0.009 0.009 0.008 0.007 0.006 0.004 0.003 0.002 0.002 0.001 0.001 0.001 0.001 0.001 0.001 0.001 0.002 0.003 0.005 0.007 0.010 0.014 0.018 0.022 0.027 0.032 0.038 0.047 0.061 0.084 0.117
0.023 0.022 0.021 0.019 0.018 0.016 0.015 0.014 0.013 0.013 0.013 0.012 0.012 0.011 0.010 0.009 0.008 0.007 0.006 0.005 0.004 0.003 0.003 0.003 0.002 0.002 0.002 0.002 0.002 0.002 0.002 0.002 0.003 0.003 0.003 0.004 0.004 0.005 0.006 0.007 0.007 0.008 0.008 0.009 0.009 0.010 0.010 0.009 0.008 0.007 0.005 0.004 0.003 0.002 0.001 0.001 0.001 0.000 0.000 0.000 0.000 0.000 0.001 0.002 0.003 0.005 0.007 0.010 0.013 0.016 0.019 0.023 0.027 0.032 0.040 0.053 0.073
0.013 0.012 0.012 0.012 0.011 0.011 0.010 0.010 0.009 0.009 0.009 0.009 0.009 0.008 0.008 0.007 0.006 0.005 0.004 0.003 0.003 0.002 0.002 0.002 0.002 0.002 0.002 0.002 0.003 0.003 0.004 0.004 0.005 0.005 0.006 0.007 0.008 0.009 0.009 0.010 0.009 0.009 0.009 0.009 0.010 0.010 0.010 0.009 0.008 0.007 0.005 0.003 0.002 0.001 0.001 0.001 0.000 0.000 0.000 0.000 0.000 0.000 0.000 0.001 0.002 0.003 0.005 0.007 0.009 0.011 0.014 0.016 0.019 0.022 0.027 0.034 0.045
0.008 0.008 0.008 0.008 0.008 0.008 0.008 0.007 0.007 0.007 0.007 0.007 0.006 0.006 0.006 0.005 0.004 0.003 0.003 0.002 0.002 0.002 0.002 0.002 0.002 0.003 0.004 0.004 0.005 0.006 0.007 0.008 0.009 0.010 0.011 0.012 0.012 0.012 0.012 0.011 0.010 0.010 0.009 0.009 0.009 0.009 0.009 0.008 0.007 0.006 0.004 0.003 0.002 0.001 0.001 0.000 0.000 0.000 0.000 0.000 0.000 0.000 0.000 0.000 0.001 0.002 0.003 0.004 0.006 0.008 0.010 0.012 0.014 0.016 0.019 0.024 0.030
0.006 0.006 0.006 0.006 0.006 0.006 0.006 0.006 0.006 0.005 0.005 0.005 0.005 0.004 0.004 0.003 0.003 0.002 0.002 0.002 0.002 0.002 0.002 0.003 0.004 0.005 0.007 0.009 0.011 0.012 0.013 0.014 0.014 0.015 0.015 0.014 0.014 0.013 0.012 0.011 0.010 0.009 0.009 0.009 0.008 0.008 0.007 0.006 0.005 0.004 0.003 0.002 0.001 0.001 0.000 0.000 0.000 0.000 0.000 0.000 0.000 0.000 0.000 0.000 0.000 0.001 0.002 0.003 0.004 0.005 0.007 0.008 0.010 0.012 0.014 0.017 0.021
0.005 0.005 0.005 0.005 0.005 0.005 0.005 0.004 0.004 0.004 0.004 0.004 0.003 0.003 0.003 0.002 0.002 0.002 0.002 0.002 0.002 0.003 0.004 0.006 0.008 0.011 0.014 0.016 0.017 0.018 0.017 0.017 0.017 0.016 0.016 0.015 0.014 0.013 0.012 0.011 0.010 0.009 0.008 0.007 0.006 0.005 0.004 0.004 0.003 0.002 0.002 0.001 0.001 0.001 0.000 0.000 0.000 0.000 0.000 0.000 0.000 0.000 0.000 0.000 0.000 0.000 0.001 0.001 0.002 0.003 0.005 0.006 0.007 0.009 0.011 0.013 0.015
0.004 0.004 0.004 0.004 0.004 0.004 0.003 0.003 0.003 0.003 0.003 0.003 0.002 0.002 0.002 0.002 0.001 0.001 0.002 0.002 0.003 0.005 0.008 0.011 0.015 0.017 0.019 0.020 0.020 0.020 0.019 0.018 0.017 0.017 0.016 0.015 0.014 0.013 0.012 0.010 0.009 0.007 0.006 0.004 0.004 0.003 0.002 0.002 0.001 0.001 0.001 0.001 0.000 0.000 0.000 0.000 0.000 0.000 0.000 0.000 0.000 0.000 0.000 0.000 0.000 0.000 0.000 0.001 0.001 0.002 0.003 0.004 0.005 0.006 0.008 0.010 0.011
0.003 0.003 0.003 0.003 0.003 0.003 0.003 0.002 0.002 0.002 0.002 0.002 0.002 0.002 0.001 0.001 0.001 0.002 0.003 0.004 0.006 0.009 0.013 0.016 0.019 0.021 0.021 0.021 0.021 0.021 0.019 0.018 0.017 0.016 0.016 0.015 0.014 0.012 0.011 0.009 0.007 0.005 0.003 0.002 0.002 0.001 0.001 0.001 0.001 0.001 0.001 0.000 0.000 0.000 0.000 0.000 0.000 0.000 0.000 0.000 0.000 0.000 0.000 0.000 0.000 0.000 0.000 0.000 0.000 0.001 0.002 0.002 0.003 0.004 0.005 0.007 0.008
0.002 0.002 0.002 0.002 0.002 0.002 0.002 0.002 0.002 0.002 0.001 0.001 0.001 0.001 0.001 0.001 0.002 0.003 0.005 0.007 0.010 0.013 0.016 0.018 0.020 0.021 0.022 0.022 0.021 0.021 0.019 0.018 0.017 0.015 0.014 0.013 0.012 0.010 0.008 0.006 0.004 0.003 0.002 0.001 0.001 0.001 0.001 0.001 0.001 0.000 0.000 0.000 0.000 0.000 0.000 0.000 0.000 0.000 0.000 0.000 0.000 0.000 0.000 0.000 0.000 0.000 0.000 0.000 0.000 0.000 0.001 0.001 0.002 0.003 0.004 0.005 0.006
0.002 0.002 0.002 0.002 0.002 0.001 0.001 0.001 0.001 0.001 0.001 0.001 0.001 0.001 0.001 0.002 0.003 0.004 0.006 0.009 0.012 0.014 0.017 0.019 0.020 0.021 0.021 0.021 0.021 0.020 0.019 0.017 0.015 0.013 0.012 0.010 0.008 0.006 0.004 0.003 0.002 0.001 0.001 0.001 0.001 0.001 0.001 0.000 0.000 0.000 0.000 0.000 0.000 0.000 0.000 0.000 0.000 0.000 0.000 0.000 0.000 0.000 0.000 0.000 0.000 0.000 0.000 0.000 0.000 0.000 0.000 0.000 0.001 0.001 0.002 0.003 0.004
0.001 0.001 0.001 0.001 0.001 0.001 0.001 0.001 0.001 0.001 0.001 0.001 0.001 0.001 0.002 0.002 0.003 0.005 0.007 0.010 0.012 0.015 0.017 0.018 0.020 0.020 0.020 0.020 0.020 0.019 0.017 0.015 0.012 0.009 0.007 0.005 0.004 0.003 0.002 0.001 0.001 0.001 0.001 0.001 0.001 0.000 0.000 0.000 0.000 0.000 0.000 0.000 0.000 0.000 0.000 0.000 0.000 0.000 0.000 0.000 0.000 0.000 0.000 0.000 0.000 0.000 0.000 0.000 0.000 0.000 0.000 0.000 0.000 0.001 0.001 0.002 0.002
0.001 0.001 0.001 0.001 0.001 0.001 0.001 0.001 0.001 0.001 0.001 0.001 0.001 0.001 0.002 0.002 0.003 0.005 0.007 0.010 0.012 0.014 0.016 0.017 0.018 0.018 0.018 0.017 0.016 0.015 0.013 0.010 0.007 0.005 0.003 0.002 0.002 0.001 0.001 0.001 0.001 0.001 0.000 0.000 0.000 0.000 0.000 0.000 0.000 0.000 0.000 0.000 0.000 0.000 0.000 0.000 0.000 0.000 0.000 0.000 0.000 0.000 0.000 0.000 0.000 0.000 0.000 0.000 0.000 0.000 0.000 0.000 0.000 0.000 0.000 0.001 0.001
0.001 0.001 0.001 0.001 0.001 0.001 0.001 0.001 0.002 0.002 0.001 0.001 0.001 0.001 0.002 0.002 0.003 0.005 0.007 0.009 0.011 0.013 0.014 0.014 0.013 0.013 0.011 0.010 0.009 0.008 0.007 0.005 0.003 0.002 0.002 0.001 0.001 0.001 0.001 0.001 0.000 0.000 0.000 0.000 0.000 0.000 0.000 0.000 0.000 0.000 0.000 0.000 0.000 0.000 0.000 0.000 0.000 0.000 0.000 0.000 0.000 0.000 0.000 0.000 0.000 0.000 0.000 0.000 0.000 0.000 0.000 0.000 0.000 0.000 0.000 0.000 0.000
