RESULTS/r.avaflow_results/22_results/22_ascii/22_r3max.asc
ncols 506
nrows 317
xllcenter 498237.50
yllcenter 5580050.00
cellsize 12.50
NODATA_value -9999.000
[rows 168 to 195 of 317, columns 126 to 188 of 506]
0.000 0.001 0.004 0.014 0.031 0.079 0.306 0.400 0.484 0.554 0.640 0.686 0.758 0.780 0.824 0.854 0.988 0.989 0.990 0.991 0.991 0.992 0.993 0.994 0.994 0.995 0.995 0.976 0.980 0.984 0.987 0.990 0.992 0.993 0.993 0.993 0.999 0.999 0.999 0.999 1.000 1.000 1.000 1.000 1.000 1.000 1.000 1.000 1.000 1.000 1.000 1.000 1.000 1.000 1.000 1.000 1.000 1.000 1.000 1.000 1.000 1.000 1.000
0.000 0.000 0.002 0.008 0.019 0.066 0.276 0.367 0.456 0.533 0.569 0.643 0.703 0.746 0.983 0.984 0.985 0.985 0.985 0.986 0.989 0.989 0.990 0.992 0.993 0.994 0.994 0.995 0.972 0.977 0.981 0.984 0.987 0.989 0.990 0.990 0.990 0.999 0.999 0.999 0.999 1.000 1.000 1.000 0.999 1.000 1.000 1.000 1.000 1.000 1.000 1.000 1.000 1.000 1.000 1.000 1.000 1.000 1.000 1.000 1.000 1.000 1.000
0.000 0.000 0.000 0.003 0.008 0.040 0.145 0.268 0.353 0.444 0.536 0.580 0.647 0.977 0.975 0.976 0.978 0.977 0.978 0.984 0.983 0.985 0.987 0.989 0.991 0.992 0.993 0.993 0.960 0.966 0.973 0.978 0.982 0.985 0.988 0.989 0.990 0.990 0.990 0.991 0.999 0.999 1.000 1.000 1.000 1.000 1.000 1.000 1.000 1.000 1.000 1.000 1.000 1.000 1.000 1.000 1.000 1.000 1.000 1.000 1.000 1.000 1.000
0.000 0.000 0.000 0.000 0.002 0.011 0.057 0.104 0.181 0.326 0.959 0.965 0.966 0.967 0.968 0.969 0.967 0.967 0.974 0.976 0.978 0.980 0.985 0.987 0.987 0.988 0.990 0.992 0.993 0.953 0.961 0.970 0.976 0.980 0.983 0.986 0.987 0.988 0.989 0.990 0.999 0.999 0.999 1.000 1.000 1.000 1.000 1.000 1.000 1.000 1.000 1.000 1.000 1.000 1.000 1.000 1.000 1.000 1.000 1.000 1.000 1.000 1.000
0.000 0.000 0.000 0.000 0.000 0.002 0.009 0.026 0.064 0.939 0.940 0.948 0.950 0.951 0.946 0.948 0.952 0.962 0.962 0.969 0.972 0.975 0.978 0.981 0.983 0.983 0.986 0.988 0.991 0.993 0.995 0.958 0.966 0.972 0.977 0.980 0.983 0.985 0.987 0.989 0.999 0.999 0.999 0.999 1.000 1.000 1.000 1.000 1.000 1.000 1.000 1.000 1.000 1.000 1.000 1.000 1.000 1.000 1.000 1.000 1.000 1.000 1.000
0.000 0.000 0.000 0.000 0.000 0.000 0.003 0.012 0.033 0.908 0.920 0.922 0.925 0.927 0.929 0.932 0.937 0.944 0.951 0.955 0.959 0.963 0.968 0.972 0.975 0.975 0.981 0.985 0.988 0.990 0.992 0.994 0.995 0.960 0.968 0.974 0.978 0.982 0.985 0.999 0.999 0.999 0.999 0.999 1.000 1.000 1.000 1.000 1.000 1.000 1.000 1.000 1.000 1.000 1.000 1.000 1.000 1.000 1.000 1.000 1.000 1.000 1.000
0.000 0.000 0.000 0.000 0.000 0.000 0.002 0.008 0.852 0.869 0.882 0.885 0.900 0.903 0.896 0.911 0.918 0.918 0.923 0.935 0.941 0.947 0.953 0.958 0.961 0.967 0.972 0.977 0.981 0.985 0.988 0.991 0.993 0.994 0.996 0.997 0.972 0.977 0.982 0.999 0.999 0.999 0.999 0.999 0.999 1.000 1.000 1.000 1.000 1.000 1.000 1.000 1.000 1.000 1.000 1.000 1.000 1.000 1.000 1.000 1.000 1.000 1.000
0.000 0.000 0.000 0.000 0.000 0.000 0.001 0.005 0.828 0.831 0.841 0.855 0.858 0.863 0.868 0.875 0.884 0.885 0.910 0.906 0.914 0.922 0.930 0.938 0.941 0.950 0.958 0.965 0.974 0.979 0.984 0.986 0.990 0.992 0.994 0.995 0.996 0.997 0.998 0.998 0.998 0.999 0.999 0.999 0.999 0.999 1.000 1.000 1.000 1.000 1.000 1.000 1.000 1.000 1.000 1.000 1.000 1.000 1.000 1.000 1.000 1.000 1.000
0.000 0.000 0.000 0.000 0.000 0.000 0.000 0.003 0.802 0.813 0.816 0.818 0.821 0.838 0.844 0.840 0.849 0.872 0.876 0.884 0.891 0.898 0.906 0.907 0.918 0.929 0.935 0.950 0.959 0.967 0.974 0.981 0.986 0.989 0.991 0.993 0.995 0.996 0.997 0.998 0.998 0.998 0.999 0.999 0.999 0.999 0.999 1.000 1.000 1.000 1.000 1.000 1.000 1.000 1.000 1.000 1.000 1.000 1.000 1.000 1.000 1.000 1.000
0.000 0.000 0.000 0.000 0.000 0.000 0.000 0.002 0.779 0.798 0.791 0.794 0.798 0.805 0.811 0.819 0.828 0.840 0.844 0.852 0.858 0.855 0.870 0.878 0.889 0.909 0.915 0.929 0.941 0.948 0.964 0.974 0.979 0.985 0.988 0.991 0.993 0.995 0.996 0.997 0.997 0.998 0.998 0.999 0.999 0.999 0.999 0.999 1.000 1.000 1.000 1.000 1.000 1.000 1.000 1.000 1.000 1.000 1.000 1.000 1.000 1.000 1.000
0.000 0.000 0.000 0.000 0.000 0.000 0.000 0.731 0.760 0.768 0.779 0.783 0.788 0.794 0.803 0.810 0.818 0.818 0.822 0.829 0.833 0.835 0.840 0.847 0.858 0.863 0.886 0.901 0.909 0.932 0.942 0.959 0.970 0.976 0.982 0.985 0.989 0.992 0.994 0.995 0.996 0.997 0.998 0.998 0.998 0.999 0.999 0.999 0.999 0.999 1.000 1.000 1.000 1.000 1.000 1.000 1.000 0.999 0.999 1.000 1.000 0.999 0.999
0.000 0.000 0.000 0.000 0.000 0.000 0.000 0.734 0.742 0.773 0.765 0.769 0.779 0.784 0.790 0.797 0.790 0.805 0.808 0.811 0.811 0.811 0.815 0.824 0.825 0.833 0.850 0.865 0.881 0.899 0.922 0.941 0.953 0.963 0.972 0.977 0.983 0.988 0.991 0.993 0.994 0.996 0.996 0.997 0.998 0.998 0.999 0.999 0.999 0.999 0.999 1.000 1.000 1.000 1.000 1.000 0.999 0.999 0.999 0.999 0.999 0.998 0.997
0.000 0.000 0.000 0.000 0.000 0.000 0.000 0.718 0.726 0.760 0.750 0.760 0.764 0.768 0.775 0.782 0.772 0.789 0.790 0.788 0.783 0.781 0.786 0.798 0.814 0.824 0.830 0.837 0.855 0.865 0.896 0.918 0.933 0.947 0.960 0.967 0.976 0.981 0.986 0.989 0.992 0.993 0.995 0.996 0.996 0.997 0.998 0.998 0.999 0.999 0.999 0.999 0.999 0.999 1.000 0.998 0.998 0.998 0.998 0.997 0.997 0.995 0.985
0.000 0.000 0.000 0.000 0.000 0.000 0.000 0.000 0.708 0.714 0.737 0.748 0.752 0.756 0.732 0.741 0.754 0.744 0.767 0.758 0.748 0.769 0.773 0.786 0.804 0.809 0.814 0.820 0.829 0.850 0.863 0.886 0.904 0.927 0.937 0.952 0.961 0.972 0.978 0.983 0.986 0.989 0.991 0.993 0.994 0.995 0.996 0.997 0.998 0.998 0.978 0.977 0.981 0.996 0.996 0.996 0.996 0.996 0.995 0.994 0.991 0.977 0.974
0.000 0.000 0.000 0.000 0.000 0.000 0.000 0.000 0.677 0.687 0.719 0.735 0.706 0.711 0.716 0.724 0.699 0.720 0.705 0.724 0.744 0.735 0.735 0.748 0.771 0.796 0.800 0.804 0.813 0.826 0.843 0.853 0.882 0.901 0.918 0.934 0.945 0.956 0.968 0.975 0.979 0.983 0.985 0.988 0.990 0.992 0.994 0.963 0.964 0.969 0.970 0.976 0.993 0.994 0.994 0.994 0.994 0.991 0.979 0.975 0.970 0.965 0.959
0.000 0.000 0.000 0.000 0.000 0.000 0.000 0.000 0.576 0.592 0.693 0.678 0.693 0.701 0.664 0.674 0.686 0.657 0.676 0.692 0.712 0.695 0.726 0.734 0.755 0.753 0.782 0.787 0.797 0.811 0.814 0.839 0.854 0.870 0.893 0.906 0.924 0.936 0.952 0.961 0.968 0.974 0.978 0.982 0.985 0.977 0.979 0.956 0.958 0.962 0.987 0.989 0.991 0.992 0.992 0.975 0.973 0.970 0.964 0.958 0.951 0.944 0.942
0.000 0.000 0.000 0.000 0.000 0.000 0.000 0.000 0.001 0.471 0.608 0.602 0.634 0.653 0.611 0.625 0.638 0.655 0.604 0.610 0.626 0.647 0.675 0.676 0.698 0.731 0.736 0.744 0.756 0.771 0.792 0.818 0.831 0.847 0.854 0.864 0.891 0.902 0.924 0.936 0.946 0.955 0.963 0.968 0.972 0.934 0.974 0.976 0.979 0.961 0.966 0.969 0.971 0.972 0.971 0.968 0.963 0.955 0.947 0.939 0.930 1.000 1.000
0.000 0.000 0.000 0.000 0.000 0.000 0.000 0.001 0.001 0.001 0.423 0.514 0.567 0.530 0.557 0.574 0.590 0.537 0.529 0.514 0.513 0.526 0.548 0.523 0.547 0.604 0.673 0.687 0.736 0.743 0.755 0.777 0.780 0.816 0.813 0.834 0.843 0.865 0.883 0.890 0.909 0.905 0.914 0.896 0.952 0.962 0.969 0.945 0.953 0.959 0.963 0.966 0.966 0.964 0.959 0.952 0.943 0.933 0.922 0.996 0.997 1.000 1.000
0.000 0.000 0.000 0.000 0.000 0.000 0.000 0.001 0.001 0.001 0.001 0.001 0.001 0.367 0.409 0.435 0.462 0.478 0.359 0.001 0.001 0.001 0.001 0.001 0.386 0.442 0.532 0.537 0.592 0.641 0.643 0.655 0.679 0.716 0.757 0.800 0.821 0.838 0.851 0.858 0.833 0.856 0.878 0.896 0.911 0.924 0.934 0.943 0.950 0.955 0.958 0.957 0.953 0.946 0.936 0.925 0.912 0.895 0.818 0.778 0.748 0.719 0.693
0.000 0.000 0.000 0.000 0.000 0.002 0.002 0.001 0.001 0.001 0.001 0.001 0.001 0.001 0.001 0.001 0.001 0.001 0.001 0.001 0.001 0.001 0.001 0.001 0.001 0.001 0.001 0.001 0.331 0.297 0.363 0.434 0.441 0.472 0.523 0.631 0.749 0.765 0.786 0.812 0.841 0.863 0.880 0.896 0.910 0.922 0.932 0.939 0.944 0.945 0.942 0.936 0.926 0.913 0.898 0.806 0.768 0.725 0.681 0.639 0.602 0.570 0.542
0.001 0.001 0.001 0.002 0.003 0.002 0.002 0.001 0.001 0.001 0.001 0.001 0.001 0.001 0.001 0.001 0.001 0.001 0.001 0.001 0.001 0.001 0.001 0.001 0.001 0.001 0.001 0.001 0.001 0.001 0.001 0.001 0.001 0.002 0.001 0.002 0.006 0.769 0.790 0.817 0.845 0.865 0.881 0.895 0.908 0.918 0.925 0.928 0.927 0.920 0.910 0.897 0.881 0.772 0.721 0.666 0.608 0.550 0.501 0.460 0.426 0.399 0.376
0.000 0.001 0.001 0.002 0.002 0.002 0.002 0.001 0.001 0.001 0.001 0.001 0.001 0.001 0.001 0.001 0.001 0.001 0.001 0.001 0.001 0.001 0.001 0.001 0.001 0.001 0.001 0.001 0.001 0.001 0.001 0.001 0.001 0.001 0.001 0.001 0.002 0.002 0.004 0.005 0.007 0.008 0.011 0.018 0.046 0.087 0.123 0.207 0.888 0.875 0.858 0.738 0.677 0.607 0.535 0.467 0.407 0.356 0.318 0.289 0.267 0.250 0.236
0.000 0.001 0.001 0.002 0.002 0.002 0.001 0.001 0.001 0.001 0.001 0.001 0.001 0.001 0.001 0.001 0.001 0.001 0.001 0.001 0.001 0.001 0.001 0.001 0.001 0.001 0.001 0.001 0.001 0.001 0.001 0.001 0.001 0.001 0.001 0.001 0.002 0.002 0.002 0.003 0.003 0.003 0.004 0.006 0.018 0.040 0.083 0.137 0.210 0.249 0.635 0.557 0.475 0.398 0.332 0.279 0.237 0.205 0.182 0.165 0.153 0.144 0.083
0.000 0.000 0.001 0.001 0.002 0.002 0.001 0.001 0.001 0.001 0.001 0.001 0.001 0.001 0.001 0.001 0.001 0.001 0.001 0.001 0.001 0.001 0.001 0.001 0.001 0.001 0.001 0.001 0.001 0.001 0.001 0.001 0.001 0.001 0.001 0.001 0.002 0.002 0.002 0.002 0.003 0.003 0.003 0.005 0.010 0.022 0.045 0.078 0.097 0.135 0.201 0.345 0.278 0.224 0.182 0.150 0.126 0.109 0.098 0.090 0.057 0.050 0.048
0.000 0.000 0.001 0.001 0.001 0.001 0.001 0.001 0.001 0.001 0.001 0.001 0.001 0.001 0.001 0.001 0.001 0.001 0.001 0.001 0.001 0.001 0.001 0.001 0.001 0.001 0.001 0.001 0.001 0.001 0.001 0.001 0.001 0.001 0.001 0.001 0.001 0.002 0.002 0.002 0.002 0.002 0.003 0.004 0.006 0.011 0.017 0.031 0.047 0.072 0.109 0.185 0.145 0.115 0.093 0.077 0.067 0.060 0.042 0.038 0.036 0.036 0.035
0.000 0.000 0.000 0.001 0.001 0.001 0.001 0.001 0.001 0.001 0.000 0.000 0.001 0.001 0.001 0.001 0.001 0.001 0.001 0.001 0.001 0.001 0.001 0.001 0.001 0.001 0.001 0.001 0.001 0.001 0.001 0.001 0.001 0.001 0.001 0.001 0.001 0.001 0.001 0.002 0.002 0.002 0.002 0.003 0.004 0.006 0.008 0.013 0.023 0.036 0.119 0.092 0.073 0.060 0.051 0.046 0.033 0.030 0.031 0.031 0.032 0.032 0.032
0.000 0.000 0.000 0.000 0.000 0.000 0.000 0.000 0.000 0.000 0.000 0.000 0.000 0.000 0.001 0.001 0.001 0.001 0.001 0.001 0.001 0.001 0.001 0.000 0.000 0.000 0.001 0.001 0.001 0.001 0.001 0.001 0.001 0.001 0.001 0.001 0.001 0.001 0.001 0.001 0.002 0.002 0.002 0.002 0.003 0.003 0.004 0.006 0.009 0.014 0.015 0.048 0.042 0.039 0.027 0.026 0.026 0.026 0.026 0.029 0.030 0.030 0.031
0.000 0.000 0.000 0.000 0.000 0.000 0.000 0.000 0.000 0.000 0.000 0.000 0.000 0.000 0.000 0.000 0.001 0.001 0.001 0.000 0.000 0.000 0.000 0.000 0.000 0.000 0.000 0.000 0.000 0.001 0.001 0.001 0.001 0.001 0.001 0.001 0.001 0.001 0.001 0.001 0.001 0.001 0.001 0.001 0.001 0.002 0.002 0.002 0.003 0.007 0.007 0.033 0.031 0.030 0.028 0.026 0.024 0.024 0.024 0.027 0.029 0.030 0.030
