RESULTS/r.avaflow_results/22_results/22_ascii/22_treach.asc
ncols 506
nrows 317
xllcenter 498237.50
yllcenter 5580050.00
cellsize 12.50
NODATA_value -9999.000
[rows 162 to 188 of 317, columns 183 to 243 of 506]
-9999.000 -9999.000 -9999.000 -9999.000 -9999.000 -9999.000 -9999.000 -9999.000 -9999.000 -9999.000 -9999.000 93.603 91.815 91.186 90.461 89.663 88.964 87.779 86.252 83.175 74.823 74.823 75.004 75.366 75.730 76.093 76.637 77.181 77.907 78.633 79.360 80.086 80.813 81.539 82.266 82.994 83.720 84.448 85.121 85.817 86.566 87.321 88.061 89.069 89.884 90.981 91.914 93.225 94.467 96.693 -9999.000 -9999.000 -9999.000 -9999.000 -9999.000 -9999.000 -9999.000 -9999.000 -9999.000 -9999.000 -9999.000
56.212 57.831 -9999.000 -9999.000 -9999.000 -9999.000 -9999.000 -9999.000 93.929 91.289 89.771 89.285 88.473 87.867 87.001 70.836 70.474 70.655 71.017 71.380 71.742 72.285 72.829 73.554 74.279 75.004 75.730 76.456 77.181 77.907 78.633 79.360 80.086 80.995 81.721 82.448 83.357 84.084 84.985 85.687 86.368 87.181 87.958 88.964 89.771 90.852 91.727 92.867 94.008 95.635 97.885 -9999.000 -9999.000 -9999.000 -9999.000 -9999.000 -9999.000 -9999.000 -9999.000 -9999.000 -9999.000
54.059 55.316 56.933 58.372 60.354 89.884 89.285 88.193 87.779 87.464 86.696 65.950 65.769 65.950 66.312 66.855 67.578 68.302 69.025 69.750 70.474 71.199 71.923 72.648 73.373 74.097 75.004 75.730 76.456 77.362 78.089 78.996 79.723 80.631 81.539 82.266 83.175 84.084 84.812 85.687 86.368 87.181 87.958 88.964 89.771 90.710 91.727 92.867 93.929 95.260 96.619 98.980 -9999.000 -9999.000 -9999.000 -9999.000 -9999.000 -9999.000 -9999.000 -9999.000 -9999.000
52.446 53.701 54.956 56.032 57.112 58.192 59.092 59.993 60.714 61.436 61.977 62.518 63.241 63.963 64.686 65.589 66.312 67.216 67.940 68.664 69.569 70.293 71.199 71.923 72.648 73.554 74.461 75.185 76.093 76.999 77.907 78.814 79.723 80.631 81.539 82.266 83.175 84.084 84.985 85.687 86.477 87.321 88.061 88.964 89.884 90.852 91.727 92.867 93.929 95.148 96.477 98.002 100.393 -9999.000 -9999.000 -9999.000 -9999.000 -9999.000 -9999.000 -9999.000 -9999.000
51.193 52.267 53.342 54.418 55.316 56.212 57.112 58.011 58.732 59.632 60.354 61.255 61.977 62.879 63.783 64.505 65.409 66.312 67.216 67.940 68.845 69.750 70.474 71.380 72.285 73.192 74.097 75.185 76.093 76.999 77.907 78.814 79.723 80.631 81.539 82.448 83.357 84.266 84.985 85.817 86.696 87.569 88.321 89.285 90.177 91.091 91.914 92.994 94.008 95.260 96.477 97.885 99.278 102.308 -9999.000 -9999.000 -9999.000 -9999.000 -9999.000 -9999.000 -9999.000
49.943 51.014 52.088 52.983 53.701 54.597 55.495 56.393 57.292 58.192 59.092 59.993 60.894 61.797 62.879 63.783 64.686 65.589 66.493 67.397 68.302 69.388 70.293 71.199 72.285 73.192 74.097 75.185 76.093 76.999 77.907 78.996 79.905 80.813 81.721 82.630 83.720 84.630 85.504 86.368 87.321 88.061 89.069 89.884 90.852 91.645 92.460 93.414 94.238 95.386 96.477 97.773 99.204 100.779 104.769 -9999.000 -9999.000 -9999.000 -9999.000 -9999.000 -9999.000
48.516 49.407 50.301 51.193 51.909 52.624 53.521 54.597 55.853 56.933 58.011 59.092 59.993 61.074 61.977 63.060 63.963 65.048 66.131 67.216 68.302 69.206 70.293 71.199 72.285 73.192 74.279 75.185 76.274 77.181 78.270 79.360 80.449 81.358 82.448 83.357 84.448 85.373 86.252 87.181 88.061 88.964 89.771 90.710 91.563 92.460 93.225 93.929 94.756 95.746 96.693 97.885 99.204 100.649 102.232 105.125 -9999.000 -9999.000 -9999.000 -9999.000 -9999.000
38.122 38.818 39.340 40.039 41.264 43.198 45.850 49.229 53.701 55.495 56.933 58.192 59.271 60.354 61.616 62.698 63.783 65.048 66.131 67.216 68.302 69.206 70.293 71.380 72.466 73.373 74.642 75.730 76.818 77.907 79.178 80.267 81.358 82.448 83.357 84.448 85.373 86.368 87.321 88.193 89.186 90.034 90.981 91.645 92.460 93.225 93.929 94.756 95.495 96.240 97.038 98.115 99.204 100.649 102.082 103.632 106.103 -9999.000 -9999.000 269.414 267.830
27.496 29.634 31.299 32.979 35.534 38.992 42.669 46.560 51.550 54.418 56.212 57.651 58.912 60.173 61.436 62.698 63.783 65.048 66.131 67.216 68.483 69.569 70.655 71.923 73.010 74.279 75.548 76.637 77.907 79.178 80.267 81.539 82.630 83.720 85.121 86.252 87.569 88.964 90.329 91.482 92.143 92.715 93.113 93.511 93.929 94.467 95.023 95.635 96.240 96.925 97.661 98.564 99.432 100.779 102.082 103.521 105.062 107.366 129.921 167.784 167.550
21.069 23.782 26.196 28.973 32.810 37.256 41.615 46.027 51.014 54.059 56.032 57.472 58.912 60.173 61.436 62.698 63.963 65.228 66.493 67.759 69.025 70.474 71.742 73.010 74.461 75.730 76.999 78.451 79.723 80.813 82.266 83.902 102.374 104.692 105.572 106.679 106.883 106.679 105.489 104.539 102.157 99.278 97.293 96.406 96.240 96.240 96.406 96.693 97.179 97.773 98.473 99.061 99.887 101.021 102.157 103.521 104.989 106.574 108.526 111.984 128.189
13.806 18.601 22.188 26.521 31.801 36.911 41.615 46.027 51.193 54.059 56.032 57.472 58.912 60.354 61.616 63.060 64.686 66.312 67.759 69.206 70.655 72.104 73.735 75.366 77.181 102.157 102.798 104.056 104.612 105.062 105.572 106.781 108.024 109.946 111.314 111.655 111.655 111.450 110.621 108.208 106.103 104.056 101.842 99.535 98.473 98.115 98.115 98.230 98.473 98.734 99.204 99.775 100.649 101.468 102.374 103.632 104.989 106.458 108.024 109.854 112.067
6.825 13.307 18.939 25.228 31.633 37.083 42.143 47.093 51.909 54.418 56.032 57.651 59.271 60.894 62.879 64.686 66.493 68.121 69.750 71.561 73.554 101.842 104.769 108.024 -9999.000 -9999.000 -9999.000 -9999.000 -9999.000 -9999.000 -9999.000 -9999.000 -9999.000 -9999.000 -9999.000 -9999.000 -9999.000 -9999.000 -9999.000 111.907 109.214 106.883 104.692 102.603 101.021 99.887 99.639 99.639 99.639 99.887 100.144 100.779 101.366 102.082 102.904 103.949 105.062 106.458 107.954 109.527 111.244
3.739 9.630 17.095 25.067 32.137 38.296 44.257 50.301 52.803 54.776 56.573 58.372 60.714 63.241 65.589 67.759 69.569 71.742 74.642 102.520 108.425 -9999.000 -9999.000 -9999.000 -9999.000 -9999.000 -9999.000 -9999.000 -9999.000 -9999.000 -9999.000 -9999.000 -9999.000 -9999.000 -9999.000 -9999.000 -9999.000 -9999.000 -9999.000 -9999.000 112.154 109.313 107.089 104.989 103.401 102.005 101.366 101.139 101.139 101.246 101.366 101.675 102.157 102.798 103.521 104.366 105.319 106.574 107.954 109.429 111.101
1.895 8.193 16.102 25.550 34.337 46.204 49.943 52.088 53.880 55.853 58.011 60.894 64.867 67.940 70.112 72.466 102.005 105.319 -9999.000 -9999.000 -9999.000 -9999.000 -9999.000 -9999.000 -9999.000 -9999.000 -9999.000 -9999.000 -9999.000 -9999.000 -9999.000 -9999.000 -9999.000 -9999.000 -9999.000 -9999.000 -9999.000 -9999.000 -9999.000 -9999.000 -9999.000 111.785 109.097 107.180 105.253 104.056 102.798 102.520 102.374 102.374 102.440 102.603 103.033 103.632 104.263 104.989 105.877 106.883 108.084 109.527 111.026
1.895 8.000 15.938 27.333 47.093 49.407 51.371 53.342 55.674 58.372 64.867 68.121 70.474 72.829 105.125 -9999.000 -9999.000 -9999.000 -9999.000 -9999.000 -9999.000 -9999.000 -9999.000 -9999.000 -9999.000 -9999.000 -9999.000 -9999.000 -9999.000 -9999.000 -9999.000 -9999.000 -9999.000 -9999.000 -9999.000 -9999.000 -9999.000 -9999.000 -9999.000 -9999.000 -9999.000 115.626 111.382 108.992 107.276 105.675 104.612 103.949 103.732 103.632 103.732 103.836 104.056 104.463 105.062 105.675 106.458 107.366 108.425 109.749 111.101
2.587 8.193 16.598 46.204 48.516 50.658 52.983 55.853 67.759 69.569 71.199 73.192 -9999.000 -9999.000 -9999.000 -9999.000 -9999.000 -9999.000 -9999.000 -9999.000 -9999.000 -9999.000 -9999.000 -9999.000 -9999.000 -9999.000 -9999.000 -9999.000 -9999.000 -9999.000 -9999.000 -9999.000 -9999.000 -9999.000 -9999.000 -9999.000 -9999.000 -9999.000 -9999.000 -9999.000 -9999.000 -9999.000 113.947 111.101 108.992 107.599 106.227 105.319 104.989 104.917 104.844 104.917 105.062 105.319 105.774 106.458 107.276 108.024 108.992 110.139 111.382
4.180 10.008 45.142 47.626 49.943 52.803 57.112 73.916 105.572 -9999.000 -9999.000 -9999.000 -9999.000 -9999.000 -9999.000 -9999.000 -9999.000 -9999.000 -9999.000 -9999.000 -9999.000 -9999.000 -9999.000 -9999.000 -9999.000 -9999.000 -9999.000 -9999.000 -9999.000 -9999.000 -9999.000 -9999.000 -9999.000 -9999.000 -9999.000 -9999.000 -9999.000 -9999.000 -9999.000 -9999.000 -9999.000 -9999.000 116.816 113.019 110.958 109.214 107.954 106.987 106.350 106.103 106.002 106.002 106.103 106.350 106.781 107.366 107.954 108.742 109.640 110.715 111.785
7.766 44.434 46.915 49.585 52.983 -9999.000 -9999.000 -9999.000 -9999.000 -9999.000 -9999.000 -9999.000 -9999.000 -9999.000 -9999.000 -9999.000 -9999.000 -9999.000 -9999.000 -9999.000 -9999.000 -9999.000 -9999.000 -9999.000 -9999.000 -9999.000 -9999.000 -9999.000 -9999.000 -9999.000 -9999.000 -9999.000 -9999.000 -9999.000 -9999.000 -9999.000 -9999.000 -9999.000 -9999.000 -9999.000 -9999.000 -9999.000 -9999.000 115.494 112.695 111.026 109.640 108.349 107.673 107.366 107.276 107.276 107.276 107.366 107.673 108.084 108.742 109.527 110.442 111.382 112.377
44.081 46.738 49.943 54.956 -9999.000 -9999.000 -9999.000 -9999.000 -9999.000 -9999.000 -9999.000 -9999.000 -9999.000 -9999.000 -9999.000 -9999.000 -9999.000 -9999.000 -9999.000 -9999.000 -9999.000 -9999.000 -9999.000 -9999.000 -9999.000 -9999.000 -9999.000 -9999.000 -9999.000 -9999.000 -9999.000 -9999.000 -9999.000 -9999.000 -9999.000 -9999.000 -9999.000 -9999.000 -9999.000 -9999.000 -9999.000 -9999.000 -9999.000 118.695 114.989 112.805 111.314 110.139 109.097 108.526 108.349 108.272 108.272 108.349 108.526 108.992 109.640 110.339 111.174 112.067 113.224
47.093 52.803 -9999.000 -9999.000 -9999.000 -9999.000 -9999.000 -9999.000 -9999.000 -9999.000 -9999.000 -9999.000 -9999.000 -9999.000 -9999.000 -9999.000 -9999.000 -9999.000 -9999.000 -9999.000 -9999.000 -9999.000 -9999.000 -9999.000 -9999.000 -9999.000 -9999.000 -9999.000 -9999.000 -9999.000 -9999.000 -9999.000 -9999.000 -9999.000 -9999.000 -9999.000 -9999.000 -9999.000 -9999.000 -9999.000 -9999.000 -9999.000 -9999.000 -9999.000 117.149 114.815 113.019 111.655 110.715 109.946 109.640 109.527 109.527 109.527 109.640 109.946 110.442 111.174 111.907 112.910 113.947
-9999.000 -9999.000 -9999.000 -9999.000 -9999.000 -9999.000 -9999.000 -9999.000 -9999.000 -9999.000 -9999.000 -9999.000 -9999.000 -9999.000 -9999.000 -9999.000 -9999.000 -9999.000 -9999.000 -9999.000 -9999.000 -9999.000 -9999.000 -9999.000 -9999.000 -9999.000 -9999.000 -9999.000 -9999.000 -9999.000 -9999.000 -9999.000 -9999.000 -9999.000 -9999.000 -9999.000 -9999.000 -9999.000 -9999.000 -9999.000 -9999.000 -9999.000 -9999.000 -9999.000 120.042 116.711 114.905 113.329 112.067 111.314 110.889 110.715 110.715 110.715 110.715 110.958 111.314 111.907 112.695 113.647 114.733
-9999.000 -9999.000 -9999.000 -9999.000 -9999.000 -9999.000 -9999.000 -9999.000 -9999.000 -9999.000 -9999.000 -9999.000 -9999.000 -9999.000 -9999.000 -9999.000 -9999.000 -9999.000 -9999.000 -9999.000 -9999.000 -9999.000 -9999.000 -9999.000 -9999.000 -9999.000 -9999.000 -9999.000 -9999.000 -9999.000 -9999.000 -9999.000 -9999.000 -9999.000 -9999.000 -9999.000 -9999.000 -9999.000 -9999.000 -9999.000 -9999.000 -9999.000 -9999.000 -9999.000 124.038 119.176 116.711 115.144 113.849 112.805 112.067 111.785 111.725 111.725 111.725 111.846 112.154 112.805 113.647 114.557 115.494
-9999.000 -9999.000 -9999.000 -9999.000 -9999.000 -9999.000 -9999.000 -9999.000 -9999.000 -9999.000 -9999.000 -9999.000 -9999.000 -9999.000 -9999.000 -9999.000 -9999.000 -9999.000 -9999.000 -9999.000 -9999.000 -9999.000 -9999.000 -9999.000 -9999.000 -9999.000 -9999.000 -9999.000 -9999.000 -9999.000 -9999.000 -9999.000 -9999.000 -9999.000 -9999.000 -9999.000 -9999.000 -9999.000 -9999.000 -9999.000 -9999.000 -9999.000 -9999.000 -9999.000 151.428 121.776 118.893 116.816 115.494 114.442 113.542 113.124 112.910 112.910 112.910 113.019 113.329 113.742 114.557 115.359 116.205
-9999.000 -9999.000 -9999.000 -9999.000 -9999.000 -9999.000 -9999.000 -9999.000 -9999.000 -9999.000 -9999.000 -9999.000 -9999.000 -9999.000 -9999.000 -9999.000 -9999.000 -9999.000 -9999.000 -9999.000 -9999.000 -9999.000 -9999.000 -9999.000 -9999.000 -9999.000 -9999.000 -9999.000 -9999.000 -9999.000 -9999.000 -9999.000 -9999.000 -9999.000 -9999.000 -9999.000 -9999.000 -9999.000 -9999.000 -9999.000 -9999.000 -9999.000 -9999.000 -9999.000 158.583 125.313 120.989 118.893 117.149 115.891 114.989 114.442 114.240 114.142 114.142 114.240 114.442 114.733 115.359 116.075 117.033
-9999.000 -9999.000 -9999.000 -9999.000 -9999.000 -9999.000 -9999.000 -9999.000 -9999.000 -9999.000 -9999.000 -9999.000 -9999.000 -9999.000 -9999.000 -9999.000 -9999.000 -9999.000 -9999.000 -9999.000 -9999.000 -9999.000 -9999.000 -9999.000 -9999.000 -9999.000 -9999.000 -9999.000 -9999.000 -9999.000 -9999.000 -9999.000 -9999.000 -9999.000 -9999.000 -9999.000 -9999.000 -9999.000 -9999.000 -9999.000 -9999.000 -9999.000 -9999.000 -9999.000 -9999.000 143.074 123.876 120.807 119.087 117.567 116.394 115.692 115.427 115.359 115.359 115.359 115.494 115.692 116.205 117.033 117.954
-9999.000 -9999.000 -9999.000 -9999.000 -9999.000 -9999.000 -9999.000 -9999.000 -9999.000 -9999.000 -9999.000 -9999.000 -9999.000 -9999.000 -9999.000 -9999.000 -9999.000 -9999.000 -9999.000 -9999.000 -9999.000 -9999.000 -9999.000 -9999.000 -9999.000 -9999.000 -9999.000 -9999.000 -9999.000 -9999.000 -9999.000 -9999.000 -9999.000 -9999.000 -9999.000 -9999.000 -9999.000 -9999.000 -9999.000 -9999.000 -9999.000 -9999.000 -9999.000 -9999.000 -9999.000 149.095 126.932 123.214 120.807 119.342 118.053 117.149 116.711 116.500 116.500 116.500 116.609 116.816 117.247 117.954 118.893
-9999.000 -9999.000 -9999.000 -9999.000 -9999.000 -9999.000 -9999.000 -9999.000 -9999.000 -9999.000 -9999.000 -9999.000 -9999.000 -9999.000 -9999.000 -9999.000 -9999.000 -9999.000 -9999.000 293.894 278.621 275.113 280.565 293.146 -9999.000 -9999.000 -9999.000 -9999.000 -9999.000 -9999.000 -9999.000 -9999.000 -9999.000 -9999.000 -9999.000 -9999.000 -9999.000 -9999.000 -9999.000 -9999.000 -9999.000 -9999.000 -9999.000 -9999.000 -9999.000 155.558 130.555 125.567 122.905 120.989 119.779 118.795 118.167 117.856 117.759 117.759 117.856 117.954 118.278 118.990 119.709
