RESULTS/r.avaflow_results/22_results/22_ascii/22_vfront.asc
ncols 506
nrows 317
xllcenter 498237.50
yllcenter 5580050.00
cellsize 12.50
NODATA_value -9999.000
[rows 243 to 269 of 317, columns 61 to 121 of 506]
-9999.000 -9999.000 -9999.000 -9999.000 -9999.000 -9999.000 -9999.000 -9999.000 -9999.000 -9999.000 -9999.000 -9999.000 -9999.000 -9999.000 36.755 35.179 34.704 34.539 34.964 34.560 34.793 34.650 35.258 35.797 36.280 36.428 36.198 35.178 33.141 32.283 32.308 30.719 28.942 27.516 26.521 25.103 24.346 23.908 23.732 23.420 23.454 22.597 22.142 21.515 20.630 19.452 17.668 15.567 13.851 13.663 13.648 13.935 14.314 14.707 14.851 14.776 15.263 15.179 14.411 13.159 11.724
-9999.000 -9999.000 -9999.000 -9999.000 -9999.000 -9999.000 -9999.000 -9999.000 -9999.000 -9999.000 -9999.000 -9999.000 -9999.000 -9999.000 36.815 35.123 34.777 34.484 34.324 34.672 34.358 34.615 34.760 35.274 35.673 36.383 35.167 34.010 32.728 31.651 30.494 28.839 27.250 26.153 25.374 24.311 23.575 23.012 22.997 22.875 22.405 22.331 21.883 21.236 20.390 18.784 17.710 15.499 13.467 13.107 13.121 13.469 13.892 14.065 13.905 13.529 13.734 13.287 12.062 10.771 9.364
-9999.000 -9999.000 -9999.000 -9999.000 -9999.000 -9999.000 -9999.000 -9999.000 -9999.000 -9999.000 -9999.000 -9999.000 -9999.000 -9999.000 37.424 35.017 33.886 33.746 34.238 33.924 33.922 34.379 34.590 35.379 35.652 35.268 35.059 33.702 30.988 29.710 28.502 26.778 26.528 25.741 24.334 23.731 23.071 22.555 22.424 22.449 21.910 21.881 21.462 20.813 19.280 18.281 16.670 14.891 13.360 12.323 12.342 12.802 13.404 13.369 12.428 12.257 11.338 10.430 9.437 8.150 6.476
-9999.000 -9999.000 -9999.000 -9999.000 -9999.000 -9999.000 -9999.000 -9999.000 -9999.000 -9999.000 -9999.000 -9999.000 -9999.000 -9999.000 -9999.000 34.881 33.577 33.301 33.312 33.333 33.744 33.733 34.296 34.436 35.073 34.479 33.671 32.214 30.418 29.036 28.018 26.555 25.150 24.584 23.663 23.401 22.822 22.289 22.152 22.077 21.544 21.371 20.986 19.471 18.550 17.537 15.898 14.329 12.229 11.254 11.275 12.380 12.752 11.761 11.371 9.861 8.581 8.084 6.887 5.300 3.996
-9999.000 -9999.000 -9999.000 -9999.000 -9999.000 -9999.000 -9999.000 -9999.000 -9999.000 -9999.000 -9999.000 -9999.000 -9999.000 -9999.000 -9999.000 35.360 33.656 32.316 32.113 32.956 32.964 33.517 33.951 33.821 33.562 32.695 32.411 30.240 28.440 26.966 26.067 24.986 23.916 23.603 23.014 23.227 22.792 22.131 21.991 21.765 20.978 20.696 19.245 18.611 17.627 15.727 14.231 12.712 10.691 10.529 10.470 10.670 10.467 9.993 8.557 7.736 6.095 5.589 3.687 2.431 1.930
-9999.000 -9999.000 -9999.000 -9999.000 -9999.000 -9999.000 -9999.000 -9999.000 -9999.000 -9999.000 -9999.000 -9999.000 -9999.000 -9999.000 -9999.000 36.622 33.046 32.056 31.348 31.499 32.348 32.460 32.897 32.381 32.251 31.654 30.570 28.728 27.218 25.772 24.914 23.980 22.919 22.751 22.313 22.695 22.607 21.919 21.634 21.414 20.502 20.241 18.497 17.628 15.548 14.779 13.084 11.776 10.036 8.863 9.422 9.203 8.287 6.986 4.916 5.168 4.517 2.502 2.222 1.411 0.810
-9999.000 -9999.000 -9999.000 -9999.000 -9999.000 -9999.000 -9999.000 -9999.000 -9999.000 -9999.000 -9999.000 -9999.000 -9999.000 -9999.000 -9999.000 -9999.000 32.786 31.183 29.838 30.370 30.568 31.118 30.779 30.771 30.154 29.638 28.823 27.408 26.265 25.102 24.167 23.165 22.082 21.942 21.586 22.078 22.114 21.517 21.261 20.865 19.879 19.677 17.426 16.475 14.135 12.155 10.401 10.479 8.998 7.323 7.664 6.650 7.074 5.287 2.877 2.539 2.443 1.476 1.185 0.636 0.492
-9999.000 -9999.000 -9999.000 -9999.000 -9999.000 -9999.000 -9999.000 -9999.000 -9999.000 -9999.000 -9999.000 -9999.000 -9999.000 -9999.000 -9999.000 -9999.000 32.605 29.525 28.702 28.703 28.885 29.346 28.851 28.782 28.192 27.860 27.151 26.163 25.088 23.991 22.991 21.762 19.963 20.136 20.709 20.967 20.934 20.357 20.235 19.304 18.151 18.001 15.662 14.914 12.496 10.279 8.245 8.364 6.536 4.286 4.794 4.868 2.844 2.703 1.976 0.941 0.578 0.357 0.335 0.252 0.000
-9999.000 -9999.000 -9999.000 -9999.000 -9999.000 -9999.000 -9999.000 -9999.000 -9999.000 -9999.000 -9999.000 -9999.000 -9999.000 -9999.000 -9999.000 -9999.000 -9999.000 29.684 28.578 27.681 27.728 28.201 27.769 27.673 26.981 26.657 26.118 26.162 23.420 22.058 21.128 19.891 18.252 18.633 18.436 18.336 18.708 17.998 17.718 17.263 15.659 15.481 13.042 12.635 9.811 7.264 4.449 4.826 5.050 2.705 2.519 2.433 1.900 1.014 0.380 0.390 0.078 0.369 0.451 0.332 0.055
-9999.000 -9999.000 -9999.000 -9999.000 -9999.000 -9999.000 -9999.000 -9999.000 -9999.000 -9999.000 -9999.000 -9999.000 -9999.000 -9999.000 -9999.000 -9999.000 -9999.000 30.507 28.074 27.366 27.361 27.239 27.026 27.164 26.650 25.921 26.109 25.068 21.869 19.877 18.874 18.053 16.667 17.143 16.656 16.343 16.016 15.281 15.117 14.098 14.659 11.775 11.622 8.853 8.294 5.326 2.422 2.455 2.516 1.923 1.254 0.508 0.651 0.217 0.161 0.728 1.180 0.800 0.750 0.880 1.027
-9999.000 -9999.000 -9999.000 -9999.000 -9999.000 -9999.000 -9999.000 -9999.000 -9999.000 -9999.000 -9999.000 -9999.000 -9999.000 -9999.000 -9999.000 -9999.000 -9999.000 30.755 28.328 26.456 26.388 26.354 26.151 26.597 25.806 25.195 25.426 23.608 20.141 17.810 16.668 14.833 15.091 14.239 13.551 12.892 12.307 12.110 13.565 12.287 9.661 6.067 6.293 6.259 2.766 2.629 2.078 1.417 1.126 0.699 0.255 0.107 0.419 0.969 1.489 1.030 0.577 0.621 0.753 0.755 0.791
-9999.000 -9999.000 -9999.000 -9999.000 -9999.000 -9999.000 -9999.000 -9999.000 -9999.000 -9999.000 -9999.000 -9999.000 -9999.000 -9999.000 -9999.000 -9999.000 -9999.000 -9999.000 28.220 26.409 25.532 25.480 25.258 25.730 24.867 25.249 24.075 21.955 20.518 15.777 14.764 12.932 13.043 12.314 11.275 10.425 9.222 10.078 9.266 6.215 6.560 2.991 2.758 2.787 2.278 1.366 0.939 0.758 0.614 0.585 0.546 0.407 0.342 0.415 0.735 0.712 0.747 0.686 0.892 0.923 0.921
-9999.000 -9999.000 -9999.000 -9999.000 -9999.000 -9999.000 -9999.000 -9999.000 -9999.000 -9999.000 -9999.000 -9999.000 -9999.000 -9999.000 -9999.000 -9999.000 -9999.000 -9999.000 28.582 26.644 24.939 25.118 25.030 24.409 23.622 24.147 22.528 22.414 17.985 14.102 13.364 11.429 10.025 10.232 8.680 7.064 5.232 5.862 6.445 2.966 2.951 2.451 1.632 1.447 1.062 0.674 0.773 0.831 0.751 0.374 0.211 0.591 0.534 0.429 0.527 0.674 0.749 1.051 1.057 0.834 0.781
-9999.000 -9999.000 -9999.000 -9999.000 -9999.000 -9999.000 -9999.000 -9999.000 -9999.000 -9999.000 -9999.000 -9999.000 -9999.000 -9999.000 -9999.000 -9999.000 -9999.000 -9999.000 -9999.000 26.819 24.140 23.889 23.891 22.925 23.156 22.047 19.524 19.699 15.824 11.524 11.750 9.166 9.150 7.351 7.223 5.015 2.901 2.495 2.702 2.277 1.688 1.154 0.954 1.060 0.902 0.968 0.534 0.256 0.865 0.470 0.785 0.642 0.317 0.517 0.619 0.801 0.753 0.806 0.764 0.891 1.014
-9999.000 -9999.000 -9999.000 -9999.000 -9999.000 -9999.000 -9999.000 -9999.000 -9999.000 -9999.000 -9999.000 -9999.000 -9999.000 -9999.000 -9999.000 -9999.000 -9999.000 -9999.000 -9999.000 27.665 23.824 23.361 21.591 20.916 21.087 18.699 19.061 16.468 16.174 11.048 8.013 5.187 5.469 5.405 2.817 2.578 1.855 1.017 0.712 0.592 0.440 0.516 0.813 0.958 0.713 0.787 1.195 0.849 0.515 0.680 0.572 0.284 0.586 0.698 0.767 0.840 1.160 1.119 1.143 1.002 0.767
-9999.000 -9999.000 -9999.000 -9999.000 -9999.000 -9999.000 -9999.000 -9999.000 -9999.000 -9999.000 -9999.000 -9999.000 -9999.000 -9999.000 -9999.000 -9999.000 -9999.000 -9999.000 -9999.000 -9999.000 24.064 20.397 20.379 19.858 17.740 14.304 14.208 14.755 11.208 5.779 6.099 2.984 2.737 2.532 1.899 1.346 0.691 0.311 0.522 0.404 0.782 1.059 1.203 1.279 1.251 0.888 0.737 0.854 1.231 1.413 0.615 0.196 0.596 0.684 0.839 0.861 1.109 1.122 1.010 0.878 0.888
-9999.000 -9999.000 -9999.000 -9999.000 -9999.000 -9999.000 -9999.000 -9999.000 -9999.000 -9999.000 -9999.000 -9999.000 -9999.000 -9999.000 -9999.000 -9999.000 -9999.000 -9999.000 -9999.000 -9999.000 24.040 20.299 18.401 14.891 15.845 11.909 6.908 7.341 7.965 2.670 2.932 2.290 1.453 0.759 0.690 0.734 0.955 1.104 1.111 0.857 0.611 0.624 0.888 0.993 1.010 1.010 0.875 0.861 0.583 0.753 0.795 0.620 0.555 0.633 0.737 0.921 1.186 0.946 0.821 0.718 0.768
-9999.000 -9999.000 -9999.000 -9999.000 -9999.000 -9999.000 -9999.000 -9999.000 -9999.000 -9999.000 -9999.000 -9999.000 -9999.000 -9999.000 -9999.000 -9999.000 -9999.000 -9999.000 -9999.000 -9999.000 -9999.000 20.183 15.880 11.471 7.980 8.191 3.040 2.998 3.356 2.804 2.074 1.332 0.835 0.661 0.713 0.673 0.366 0.482 0.909 0.562 0.684 0.840 1.120 1.281 1.295 1.677 1.314 1.176 0.810 0.608 0.423 0.655 1.001 1.049 1.147 1.052 0.914 0.958 0.747 0.603 0.654
-9999.000 -9999.000 -9999.000 -9999.000 -9999.000 -9999.000 -9999.000 -9999.000 -9999.000 -9999.000 -9999.000 -9999.000 -9999.000 -9999.000 -9999.000 -9999.000 -9999.000 -9999.000 -9999.000 -9999.000 -9999.000 19.535 15.581 6.686 3.087 3.175 2.893 2.363 2.632 2.267 1.761 1.255 0.765 0.585 0.444 0.454 0.681 0.417 0.803 0.736 0.895 0.967 1.144 1.409 1.423 1.701 1.620 1.363 1.131 0.579 0.418 0.364 0.772 0.612 0.695 1.026 1.326 1.179 0.837 0.567 0.446
-9999.000 -9999.000 -9999.000 -9999.000 -9999.000 -9999.000 -9999.000 -9999.000 -9999.000 -9999.000 -9999.000 -9999.000 -9999.000 -9999.000 -9999.000 -9999.000 -9999.000 -9999.000 -9999.000 -9999.000 -9999.000 -9999.000 14.471 6.206 2.522 2.332 1.478 1.469 2.054 1.780 1.732 1.190 0.664 0.544 0.625 0.880 1.036 0.903 1.087 0.936 1.065 0.868 0.758 1.071 1.291 1.382 1.546 1.292 1.189 0.523 0.275 0.000 0.417 0.801 0.567 0.634 0.806 0.982 1.167 0.885 0.610
-9999.000 -9999.000 -9999.000 -9999.000 -9999.000 -9999.000 -9999.000 -9999.000 -9999.000 -9999.000 -9999.000 -9999.000 -9999.000 -9999.000 -9999.000 -9999.000 -9999.000 -9999.000 -9999.000 -9999.000 -9999.000 -9999.000 -9999.000 8.507 1.927 1.643 0.789 0.873 1.638 1.720 1.823 1.418 1.112 1.019 0.639 0.427 0.495 0.907 0.989 0.598 0.720 0.891 1.132 1.268 1.466 1.603 1.786 1.645 1.540 0.605 0.329 0.723 1.015 0.940 1.100 1.121 0.954 0.469 0.701 0.555 0.251
-9999.000 -9999.000 -9999.000 -9999.000 -9999.000 -9999.000 -9999.000 -9999.000 -9999.000 -9999.000 -9999.000 -9999.000 -9999.000 -9999.000 -9999.000 -9999.000 -9999.000 -9999.000 -9999.000 -9999.000 -9999.000 -9999.000 -9999.000 -9999.000 4.599 1.990 0.488 0.564 1.219 1.395 1.392 1.513 1.181 0.702 0.627 0.669 0.699 0.797 1.151 1.249 1.034 1.013 0.944 0.909 0.975 1.152 1.400 1.385 1.394 0.783 0.822 0.756 0.675 0.859 1.050 0.400 0.444 0.643 0.782 0.872 0.315
-9999.000 -9999.000 -9999.000 -9999.000 -9999.000 -9999.000 -9999.000 -9999.000 -9999.000 -9999.000 -9999.000 -9999.000 -9999.000 -9999.000 -9999.000 -9999.000 -9999.000 -9999.000 -9999.000 -9999.000 -9999.000 -9999.000 -9999.000 -9999.000 -9999.000 3.514 0.442 0.394 0.923 1.363 1.453 1.375 0.970 0.901 0.871 0.907 0.950 0.939 0.991 1.187 1.209 0.944 1.073 1.230 1.209 1.321 1.476 1.439 1.566 1.191 0.823 0.723 0.984 0.681 0.846 0.433 0.802 0.181 0.668 0.194 0.651
-9999.000 -9999.000 -9999.000 -9999.000 -9999.000 -9999.000 -9999.000 -9999.000 -9999.000 -9999.000 -9999.000 -9999.000 -9999.000 -9999.000 -9999.000 -9999.000 -9999.000 -9999.000 -9999.000 -9999.000 -9999.000 -9999.000 -9999.000 -9999.000 -9999.000 -9999.000 2.759 0.799 0.896 0.635 0.745 1.274 1.298 1.303 1.275 1.196 1.126 1.115 1.104 1.049 1.050 0.901 0.717 1.046 1.345 1.442 1.569 1.376 1.232 0.682 0.702 0.954 1.324 0.608 0.689 0.953 0.450 0.198 0.697 2.242 2.530
-9999.000 -9999.000 -9999.000 -9999.000 -9999.000 -9999.000 -9999.000 -9999.000 -9999.000 -9999.000 -9999.000 -9999.000 -9999.000 -9999.000 -9999.000 -9999.000 -9999.000 -9999.000 -9999.000 -9999.000 -9999.000 -9999.000 -9999.000 -9999.000 -9999.000 -9999.000 -9999.000 -9999.000 1.260 0.538 0.635 1.107 1.610 1.712 1.642 1.501 1.327 1.239 0.989 0.749 0.845 0.937 1.028 1.074 1.386 1.829 2.188 2.025 1.618 0.898 1.064 1.041 0.984 0.876 0.685 0.325 0.106 0.614 3.203 4.415 -9999.000
-9999.000 -9999.000 -9999.000 -9999.000 -9999.000 -9999.000 -9999.000 -9999.000 -9999.000 -9999.000 -9999.000 -9999.000 -9999.000 -9999.000 -9999.000 -9999.000 -9999.000 -9999.000 -9999.000 -9999.000 -9999.000 -9999.000 -9999.000 -9999.000 -9999.000 -9999.000 -9999.000 -9999.000 4.716 0.998 0.765 1.413 1.567 1.480 1.437 1.325 1.150 0.960 0.978 1.268 1.162 0.206 0.094 0.532 1.052 1.405 1.801 1.853 1.494 0.495 1.239 1.612 1.362 0.622 0.145 0.456 0.703 3.611 -9999.000 -9999.000 -9999.000
-9999.000 -9999.000 -9999.000 -9999.000 -9999.000 -9999.000 -9999.000 -9999.000 -9999.000 -9999.000 -9999.000 -9999.000 -9999.000 -9999.000 -9999.000 -9999.000 -9999.000 -9999.000 -9999.000 -9999.000 -9999.000 -9999.000 -9999.000 -9999.000 -9999.000 -9999.000 -9999.000 -9999.000 -9999.000 3.528 1.690 1.550 1.248 1.567 1.627 1.586 1.530 1.378 0.985 0.227 0.308 0.000 0.329 0.450 0.758 1.237 1.920 2.254 2.060 1.470 1.267 0.845 0.534 1.281 0.983 2.433 4.363 -9999.000 -9999.000 -9999.000 -9999.000
