RESULTS/r.avaflow_results/41_results/41_ascii/41_hflow30039.asc
ncols 506
nrows 317
xllcenter 498237.50
yllcenter 5580050.00
cellsize 12.50
NODATA_value -9999.000
[rows 170 to 203 of 317, columns 154 to 230 of 506]
8.292 8.108 7.936 7.761 7.560 7.334 7.114 6.920 6.746 6.584 6.432 6.283 6.113 5.863 5.465 4.894 4.182 3.398 2.638 1.949 1.355 0.882 0.550 0.347 0.234 0.172 0.143 0.134 0.134 0.141 0.160 0.187 0.209 0.226 0.242 0.260 0.284 0.300 0.305 0.302 0.292 0.277 0.264 0.251 0.235 0.209 0.175 0.147 0.125 0.106 0.090 0.076 0.067 0.061 0.058 0.057 0.058 0.061 0.064 0.066 0.067 0.067 0.066 0.063 0.062 0.061 0.063 0.069 0.082 0.097 0.104 0.104 0.095 0.070 0.042 0.023 0.013
11.775 11.915 11.946 11.914 11.797 11.584 11.302 11.006 10.719 10.437 10.170 9.913 9.648 9.325 8.845 8.135 7.199 6.102 4.945 3.829 2.805 1.922 1.230 0.757 0.476 0.319 0.238 0.203 0.194 0.201 0.221 0.244 0.258 0.266 0.273 0.282 0.296 0.305 0.307 0.300 0.285 0.266 0.249 0.232 0.211 0.178 0.135 0.100 0.076 0.062 0.053 0.047 0.044 0.042 0.042 0.043 0.046 0.049 0.052 0.053 0.053 0.052 0.050 0.048 0.046 0.046 0.047 0.051 0.059 0.070 0.076 0.078 0.076 0.063 0.040 0.022 0.011
15.280 15.759 15.912 15.891 15.731 15.430 15.050 14.673 14.317 13.969 13.640 13.336 13.040 12.716 12.267 11.578 10.595 9.349 7.941 6.489 5.067 3.729 2.559 1.644 1.020 0.639 0.423 0.313 0.267 0.253 0.255 0.263 0.269 0.273 0.275 0.279 0.286 0.289 0.286 0.271 0.245 0.218 0.196 0.173 0.146 0.111 0.077 0.056 0.044 0.037 0.033 0.031 0.030 0.030 0.031 0.033 0.036 0.039 0.041 0.041 0.041 0.040 0.039 0.036 0.035 0.035 0.035 0.037 0.041 0.046 0.049 0.050 0.050 0.045 0.032 0.017 0.009
17.855 18.644 18.956 18.967 18.827 18.544 18.194 17.852 17.517 17.168 16.809 16.472 16.155 15.823 15.393 14.733 13.778 12.562 11.169 9.655 8.046 6.371 4.695 3.217 2.077 1.283 0.785 0.507 0.365 0.296 0.267 0.260 0.260 0.259 0.256 0.251 0.248 0.242 0.230 0.202 0.164 0.134 0.112 0.094 0.076 0.057 0.042 0.033 0.027 0.024 0.023 0.022 0.022 0.022 0.023 0.025 0.028 0.030 0.031 0.032 0.031 0.031 0.029 0.028 0.027 0.026 0.026 0.026 0.028 0.030 0.030 0.030 0.029 0.025 0.018 0.010 0.005
19.224 20.239 20.792 20.991 21.015 20.910 20.753 20.568 20.346 20.058 19.699 19.317 18.967 18.610 18.178 17.541 16.625 15.449 14.087 12.600 11.003 9.270 7.363 5.367 3.603 2.249 1.320 0.766 0.470 0.324 0.262 0.238 0.227 0.218 0.206 0.191 0.177 0.163 0.144 0.117 0.089 0.071 0.059 0.049 0.040 0.032 0.025 0.021 0.018 0.017 0.016 0.016 0.016 0.016 0.017 0.018 0.021 0.022 0.023 0.023 0.023 0.023 0.022 0.021 0.020 0.019 0.019 0.018 0.018 0.018 0.018 0.017 0.016 0.013 0.009 0.005 0.003
19.508 20.627 21.400 21.891 22.208 22.401 22.508 22.517 22.444 22.255 21.917 21.469 21.072 20.697 20.273 19.689 18.870 17.802 16.492 14.970 13.274 11.409 9.333 6.970 4.714 2.928 1.673 0.920 0.526 0.334 0.244 0.199 0.171 0.148 0.129 0.113 0.103 0.093 0.082 0.066 0.051 0.041 0.034 0.029 0.024 0.020 0.017 0.015 0.013 0.012 0.012 0.012 0.012 0.012 0.013 0.014 0.015 0.016 0.017 0.017 0.017 0.016 0.016 0.015 0.014 0.014 0.013 0.012 0.012 0.011 0.011 0.010 0.009 0.007 0.004 0.002 0.001
19.208 20.403 21.319 21.992 22.542 22.998 23.298 23.436 23.461 23.370 23.065 22.553 22.120 21.768 21.384 20.861 20.147 19.210 17.992 16.463 14.662 12.636 10.371 7.762 5.206 3.196 1.793 0.962 0.536 0.325 0.216 0.155 0.117 0.091 0.074 0.065 0.059 0.054 0.048 0.039 0.031 0.026 0.022 0.019 0.016 0.014 0.012 0.010 0.009 0.009 0.009 0.009 0.009 0.009 0.009 0.010 0.011 0.011 0.011 0.012 0.012 0.011 0.011 0.011 0.010 0.009 0.009 0.008 0.007 0.007 0.006 0.005 0.004 0.003 0.002 0.001 0.000
18.318 19.651 20.788 21.712 22.453 23.012 23.362 23.530 23.581 23.534 23.252 22.713 22.266 21.947 21.597 21.103 20.437 19.573 18.437 16.945 15.101 12.977 10.602 7.882 5.242 3.179 1.758 0.931 0.507 0.291 0.176 0.112 0.076 0.056 0.045 0.039 0.035 0.032 0.029 0.024 0.021 0.017 0.015 0.013 0.011 0.010 0.008 0.007 0.007 0.006 0.006 0.006 0.006 0.006 0.006 0.006 0.007 0.007 0.007 0.008 0.008 0.007 0.007 0.007 0.007 0.006 0.005 0.005 0.004 0.004 0.003 0.002 0.002 0.001 0.001 0.000 0.000
17.010 18.499 19.842 20.997 21.922 22.566 22.922 23.071 23.106 23.046 22.777 22.274 21.816 21.473 21.100 20.596 19.954 19.154 18.096 16.658 14.826 12.661 10.202 7.415 4.835 2.851 1.526 0.781 0.407 0.218 0.121 0.071 0.047 0.035 0.028 0.025 0.023 0.021 0.018 0.016 0.014 0.012 0.010 0.009 0.008 0.007 0.006 0.005 0.004 0.004 0.004 0.004 0.004 0.004 0.004 0.004 0.004 0.004 0.004 0.004 0.004 0.004 0.004 0.004 0.004 0.003 0.003 0.003 0.002 0.002 0.001 0.001 0.001 0.000 0.000 0.000 0.000
15.500 17.089 18.530 19.786 20.791 21.485 21.857 21.974 21.949 21.786 21.515 21.162 20.743 20.258 19.709 19.128 18.488 17.739 16.755 15.376 13.546 11.318 8.762 6.067 3.767 2.081 1.026 0.482 0.232 0.119 0.067 0.043 0.030 0.023 0.019 0.017 0.015 0.014 0.013 0.011 0.010 0.008 0.007 0.006 0.005 0.004 0.004 0.003 0.003 0.002 0.002 0.002 0.002 0.002 0.002 0.002 0.002 0.002 0.002 0.002 0.002 0.002 0.002 0.002 0.002 0.002 0.001 0.001 0.001 0.001 0.000 0.000 0.000 0.000 0.000 0.000 0.000
13.789 15.371 16.806 18.077 19.131 19.907 20.350 20.471 20.385 20.129 19.909 19.730 19.373 18.693 17.879 17.164 16.469 15.682 14.627 13.144 11.171 8.746 6.163 3.849 2.135 1.051 0.472 0.210 0.102 0.057 0.037 0.026 0.020 0.016 0.014 0.012 0.011 0.010 0.009 0.008 0.007 0.006 0.005 0.004 0.003 0.003 0.002 0.002 0.001 0.001 0.001 0.001 0.001 0.001 0.001 0.001 0.001 0.001 0.001 0.001 0.001 0.001 0.001 0.001 0.001 0.001 0.000 0.000 0.000 0.000 0.000 0.000 0.000 0.000 0.000 0.000 0.000
11.815 13.295 14.699 16.029 17.231 18.209 18.850 19.093 19.046 18.820 18.619 18.428 18.004 17.201 16.260 15.419 14.554 13.507 12.097 10.203 7.768 5.244 3.186 1.765 0.892 0.414 0.182 0.085 0.047 0.030 0.022 0.017 0.014 0.012 0.010 0.009 0.008 0.007 0.006 0.005 0.004 0.004 0.003 0.002 0.002 0.001 0.001 0.001 0.000 0.000 0.000 0.000 0.000 0.000 0.000 0.000 0.000 0.000 0.000 0.000 0.000 0.000 0.000 0.000 0.000 0.000 0.000 0.000 0.000 0.000 0.000 0.000 0.000 0.000 0.000 0.000 0.000
9.656 11.006 12.394 13.825 15.246 16.470 17.324 17.702 17.717 17.544 17.283 16.933 16.340 15.460 14.475 13.517 12.450 11.018 9.009 6.523 4.136 2.377 1.238 0.608 0.294 0.142 0.069 0.038 0.025 0.019 0.015 0.012 0.010 0.008 0.007 0.006 0.005 0.005 0.004 0.003 0.003 0.002 0.001 0.001 0.001 0.000 0.000 0.000 0.000 0.000 0.000 0.000 0.000 0.000 0.000 0.000 0.000 0.000 0.000 0.000 0.000 0.000 0.000 0.000 0.000 0.000 0.000 0.000 0.000 0.000 0.000 0.000 0.000 0.000 0.000 0.000 0.000
7.653 8.824 10.080 11.475 12.979 14.310 15.279 15.769 15.853 15.685 15.235 14.542 13.670 12.716 11.715 10.620 9.262 7.377 5.078 3.020 1.616 0.768 0.348 0.170 0.091 0.051 0.031 0.021 0.016 0.013 0.010 0.009 0.007 0.006 0.005 0.004 0.003 0.003 0.002 0.002 0.001 0.001 0.001 0.000 0.000 0.000 0.000 0.000 0.000 0.000 0.000 0.000 0.000 0.000 0.000 0.000 0.000 0.000 0.000 0.000 0.000 0.000 0.000 0.000 0.000 0.000 0.000 0.000 0.000 0.000 0.000 0.000 0.000 0.000 0.000 0.000 0.000
5.737 6.660 7.652 8.737 9.910 11.014 11.884 12.379 12.495 12.328 11.739 10.728 9.497 8.375 7.309 6.160 4.812 3.280 1.888 0.936 0.414 0.181 0.091 0.053 0.035 0.024 0.017 0.013 0.011 0.009 0.007 0.006 0.005 0.004 0.003 0.003 0.002 0.001 0.001 0.001 0.000 0.000 0.000 0.000 0.000 0.000 0.000 0.000 0.000 0.000 0.000 0.000 0.000 0.000 0.000 0.000 0.000 0.000 0.000 0.000 0.000 0.000 0.000 0.000 0.000 0.000 0.000 0.000 0.000 0.000 0.000 0.000 0.000 0.000 0.000 0.000 0.000
3.827 4.326 4.818 5.300 5.805 6.365 6.902 7.245 7.346 7.233 6.727 5.820 4.725 3.821 3.072 2.376 1.645 0.936 0.448 0.194 0.091 0.051 0.033 0.024 0.019 0.015 0.012 0.010 0.008 0.006 0.005 0.004 0.003 0.003 0.002 0.001 0.001 0.001 0.000 0.000 0.000 0.000 0.000 0.000 0.000 0.000 0.000 0.000 0.000 0.000 0.000 0.000 0.000 0.000 0.000 0.000 0.000 0.000 0.000 0.000 0.000 0.000 0.000 0.000 0.000 0.000 0.000 0.000 0.000 0.000 0.000 0.000 0.000 0.000 0.000 0.000 0.000
2.128 2.261 2.373 2.470 2.565 2.691 2.863 2.982 3.017 2.972 2.740 2.275 1.666 1.195 0.866 0.609 0.372 0.193 0.093 0.050 0.031 0.023 0.018 0.015 0.012 0.010 0.008 0.007 0.006 0.004 0.003 0.003 0.002 0.001 0.001 0.000 0.000 0.000 0.000 0.000 0.000 0.000 0.000 0.000 0.000 0.000 0.000 0.000 0.000 0.000 0.000 0.000 0.000 0.000 0.000 0.000 0.000 0.000 0.000 0.000 0.000 0.000 0.000 0.000 0.000 0.000 0.000 0.000 0.000 0.000 0.000 0.000 0.000 0.000 0.000 0.000 0.000
0.942 0.922 0.907 0.889 0.867 0.853 0.867 0.879 0.874 0.852 0.774 0.618 0.415 0.277 0.194 0.134 0.084 0.050 0.031 0.022 0.018 0.015 0.012 0.011 0.009 0.007 0.006 0.005 0.004 0.003 0.002 0.001 0.001 0.000 0.000 0.000 0.000 0.000 0.000 0.000 0.000 0.000 0.000 0.000 0.000 0.000 0.000 0.000 0.000 0.000 0.000 0.000 0.000 0.000 0.000 0.000 0.000 0.000 0.000 0.000 0.000 0.000 0.000 0.000 0.000 0.000 0.000 0.000 0.000 0.000 0.000 0.000 0.000 0.000 0.000 0.000 0.000
0.332 0.306 0.294 0.284 0.268 0.249 0.238 0.230 0.221 0.211 0.190 0.152 0.103 0.072 0.054 0.041 0.030 0.022 0.017 0.014 0.012 0.010 0.009 0.008 0.006 0.005 0.004 0.003 0.002 0.002 0.001 0.001 0.000 0.000 0.000 0.000 0.000 0.000 0.000 0.000 0.000 0.000 0.000 0.000 0.000 0.000 0.000 0.000 0.000 0.000 0.000 0.000 0.000 0.000 0.000 0.000 0.000 0.000 0.000 0.000 0.000 0.000 0.000 0.000 0.000 0.000 0.000 0.000 0.000 0.000 0.000 0.000 0.000 0.000 0.000 0.000 0.000
0.110 0.104 0.102 0.099 0.094 0.084 0.076 0.071 0.067 0.062 0.057 0.048 0.037 0.029 0.024 0.020 0.017 0.014 0.012 0.010 0.009 0.007 0.006 0.005 0.004 0.003 0.003 0.002 0.001 0.001 0.000 0.000 0.000 0.000 0.000 0.000 0.000 0.000 0.000 0.000 0.000 0.000 0.000 0.000 0.000 0.000 0.000 0.000 0.000 0.000 0.000 0.000 0.000 0.000 0.000 0.000 0.000 0.000 0.000 0.000 0.000 0.000 0.000 0.000 0.000 0.000 0.000 0.000 0.000 0.000 0.000 0.000 0.000 0.000 0.000 0.000 0.000
0.043 0.042 0.042 0.042 0.040 0.037 0.033 0.030 0.028 0.027 0.025 0.023 0.020 0.017 0.015 0.013 0.011 0.010 0.009 0.007 0.006 0.005 0.004 0.003 0.003 0.002 0.001 0.001 0.000 0.000 0.000 0.000 0.000 0.000 0.000 0.000 0.000 0.000 0.000 0.000 0.000 0.000 0.000 0.000 0.000 0.000 0.000 0.000 0.000 0.000 0.000 0.000 0.000 0.000 0.000 0.000 0.000 0.000 0.000 0.000 0.000 0.000 0.000 0.000 0.000 0.000 0.000 0.000 0.000 0.000 0.000 0.000 0.000 0.000 0.000 0.000 0.000
0.022 0.022 0.022 0.022 0.021 0.020 0.018 0.017 0.017 0.016 0.015 0.014 0.013 0.012 0.010 0.009 0.008 0.007 0.006 0.005 0.004 0.003 0.003 0.002 0.001 0.001 0.000 0.000 0.000 0.000 0.000 0.000 0.000 0.000 0.000 0.000 0.000 0.000 0.000 0.000 0.000 0.000 0.000 0.000 0.000 0.000 0.000 0.000 0.000 0.000 0.000 0.000 0.000 0.000 0.000 0.000 0.000 0.000 0.000 0.000 0.000 0.000 0.000 0.000 0.000 0.000 0.000 0.000 0.000 0.000 0.000 0.000 0.000 0.000 0.000 0.000 0.000
0.013 0.013 0.013 0.013 0.013 0.013 0.012 0.012 0.011 0.011 0.010 0.010 0.009 0.008 0.007 0.006 0.005 0.005 0.004 0.003 0.002 0.002 0.001 0.001 0.000 0.000 0.000 0.000 0.000 0.000 0.000 0.000 0.000 0.000 0.000 0.000 0.000 0.000 0.000 0.000 0.000 0.000 0.000 0.000 0.000 0.000 0.000 0.000 0.000 0.000 0.000 0.000 0.000 0.000 0.000 0.000 0.000 0.000 0.000 0.000 0.000 0.000 0.000 0.000 0.000 0.000 0.000 0.000 0.000 0.000 0.000 0.000 0.000 0.000 0.000 0.000 0.000
0.009 0.009 0.009 0.009 0.009 0.009 0.008 0.008 0.008 0.007 0.007 0.007 0.006 0.006 0.005 0.004 0.003 0.003 0.002 0.002 0.001 0.001 0.000 0.000 0.000 0.000 0.000 0.000 0.000 0.000 0.000 0.000 0.000 0.000 0.000 0.000 0.000 0.000 0.000 0.000 0.000 0.000 0.000 0.000 0.000 0.000 0.000 0.000 0.000 0.000 0.000 0.000 0.000 0.000 0.000 0.000 0.000 0.000 0.000 0.000 0.000 0.000 0.000 0.000 0.000 0.000 0.000 0.000 0.000 0.000 0.000 0.000 0.000 0.000 0.000 0.000 0.000
0.006 0.006 0.006 0.006 0.006 0.006 0.006 0.005 0.005 0.005 0.005 0.004 0.004 0.003 0.003 0.002 0.002 0.001 0.001 0.001 0.000 0.000 0.000 0.000 0.000 0.000 0.000 0.000 0.000 0.000 0.000 0.000 0.000 0.000 0.000 0.000 0.000 0.000 0.000 0.000 0.000 0.000 0.000 0.000 0.000 0.000 0.000 0.000 0.000 0.000 0.000 0.000 0.000 0.000 0.000 0.000 0.000 0.000 0.000 0.000 0.000 0.000 0.000 0.000 0.000 0.000 0.000 0.000 0.000 0.000 0.000 0.000 0.000 0.000 0.000 0.000 0.000
0.004 0.004 0.004 0.004 0.004 0.004 0.004 0.004 0.003 0.003 0.003 0.002 0.002 0.002 0.001 0.001 0.001 0.000 0.000 0.000 0.000 0.000 0.000 0.000 0.000 0.000 0.000 0.000 0.000 0.000 0.000 0.000 0.000 0.000 0.000 0.000 0.000 0.000 0.000 0.000 0.000 0.000 0.000 0.000 0.000 0.000 0.000 0.000 0.000 0.000 0.000 0.000 0.000 0.000 0.000 0.000 0.000 0.000 0.000 0.000 0.000 0.000 0.000 0.000 0.000 0.000 0.000 0.000 0.000 0.000 0.000 0.000 0.000 0.000 0.000 0.000 0.000
0.002 0.002 0.002 0.002 0.002 0.002 0.002 0.002 0.002 0.002 0.001 0.001 0.001 0.001 0.000 0.000 0.000 0.000 0.000 0.000 0.000 0.000 0.000 0.000 0.000 0.000 0.000 0.000 0.000 0.000 0.000 0.000 0.000 0.000 0.000 0.000 0.000 0.000 0.000 0.000 0.000 0.000 0.000 0.000 0.000 0.000 0.000 0.000 0.000 0.000 0.000 0.000 0.000 0.000 0.000 0.000 0.000 0.000 0.000 0.000 0.000 0.000 0.000 0.000 0.000 0.000 0.000 0.000 0.000 0.000 0.000 0.000 0.000 0.000 0.000 0.000 0.000
0.001 0.001 0.001 0.001 0.001 0.001 0.001 0.001 0.001 0.001 0.000 0.000 0.000 0.000 0.000 0.000 0.000 0.000 0.000 0.000 0.000 0.000 0.000 0.000 0.000 0.000 0.000 0.000 0.000 0.000 0.000 0.000 0.000 0.000 0.000 0.000 0.000 0.000 0.000 0.000 0.000 0.000 0.000 0.000 0.000 0.000 0.000 0.000 0.000 0.000 0.000 0.000 0.000 0.000 0.000 0.000 0.000 0.000 0.000 0.000 0.000 0.000 0.000 0.000 0.000 0.000 0.000 0.000 0.000 0.000 0.000 0.000 0.000 0.000 0.000 0.000 0.000
0.000 0.000 0.000 0.000 0.000 0.000 0.000 0.000 0.000 0.000 0.000 0.000 0.000 0.000 0.000 0.000 0.000 0.000 0.000 0.000 0.000 0.000 0.000 0.000 0.000 0.000 0.000 0.000 0.000 0.000 0.000 0.000 0.000 0.000 0.000 0.000 0.000 0.000 0.000 0.000 0.000 0.000 0.000 0.000 0.000 0.000 0.000 0.000 0.000 0.000 0.000 0.000 0.000 0.000 0.000 0.000 0.000 0.000 0.000 0.000 0.000 0.000 0.000 0.000 0.000 0.000 0.000 0.000 0.000 0.000 0.000 0.000 0.000 0.000 0.000 0.000 0.000
0.000 0.000 0.000 0.000 0.000 0.000 0.000 0.000 0.000 0.000 0.000 0.000 0.000 0.000 0.000 0.000 0.000 0.000 0.000 0.000 0.000 0.000 0.000 0.000 0.000 0.000 0.000 0.000 0.000 0.000 0.000 0.000 0.000 0.000 0.000 0.000 0.000 0.000 0.000 0.000 0.000 0.000 0.000 0.000 0.000 0.000 0.000 0.000 0.000 0.000 0.000 0.000 0.000 0.000 0.000 0.000 0.000 0.000 0.000 0.000 0.000 0.000 0.000 0.000 0.000 0.000 0.000 0.000 0.000 0.000 0.000 0.000 0.000 0.000 0.000 0.000 0.000
0.000 0.000 0.000 0.000 0.000 0.000 0.000 0.000 0.000 0.000 0.000 0.000 0.000 0.000 0.000 0.000 0.000 0.000 0.000 0.000 0.000 0.000 0.000 0.000 0.000 0.000 0.000 0.000 0.000 0.000 0.000 0.000 0.000 0.000 0.000 0.000 0.000 0.000 0.000 0.000 0.000 0.000 0.000 0.000 0.000 0.000 0.000 0.000 0.000 0.000 0.000 0.000 0.000 0.000 0.000 0.000 0.000 0.000 0.000 0.000 0.000 0.000 0.000 0.000 0.000 0.000 0.000 0.000 0.000 0.000 0.000 0.000 0.000 0.000 0.000 0.000 0.000
0.000 0.000 0.000 0.000 0.000 0.000 0.000 0.000 0.000 0.000 0.000 0.000 0.000 0.000 0.000 0.000 0.000 0.000 0.000 0.000 0.000 0.000 0.000 0.000 0.000 0.000 0.000 0.000 0.000 0.000 0.000 0.000 0.000 0.000 0.000 0.000 0.000 0.000 0.000 0.000 0.000 0.000 0.000 0.000 0.000 0.000 0.000 0.000 0.000 0.000 0.000 0.000 0.000 0.000 0.000 0.000 0.000 0.000 0.000 0.000 0.000 0.000 0.000 0.000 0.000 0.000 0.000 0.000 0.000 0.000 0.000 0.000 0.000 0.000 0.000 0.000 0.000
0.000 0.000 0.000 0.000 0.000 0.000 0.000 0.000 0.000 0.000 0.000 0.000 0.000 0.000 0.000 0.000 0.000 0.000 0.000 0.000 0.000 0.000 0.000 0.000 0.000 0.000 0.000 0.000 0.000 0.000 0.000 0.000 0.000 0.000 0.000 0.000 0.000 0.000 0.000 0.000 0.000 0.000 0.000 0.000 0.000 0.000 0.000 0.000 0.000 0.000 0.000 0.000 0.000 0.000 0.000 0.000 0.000 0.000 0.000 0.000 0.000 0.000 0.000 0.000 0.000 0.000 0.000 0.000 0.000 0.000 0.000 0.000 0.000 0.000 0.000 0.000 0.000
0.000 0.000 0.000 0.000 0.000 0.000 0.000 0.000 0.000 0.000 0.000 0.000 0.000 0.000 0.000 0.000 0.000 0.000 0.000 0.000 0.000 0.000 0.000 0.000 0.000 0.000 0.000 0.000 0.000 0.000 0.000 0.000 0.000 0.000 0.000 0.000 0.000 0.000 0.000 0.000 0.000 0.000 0.000 0.000 0.000 0.000 0.000 0.000 0.000 0.000 0.000 0.000 0.000 0.000 0.000 0.000 0.000 0.000 0.000 0.000 0.000 0.000 0.000 0.000 0.000 0.000 0.000 0.000 0.000 0.000 0.000 0.000 0.000 0.000 0.000 0.000 0.000
