RESULTS/r.avaflow_results/41_results/41_ascii/41_hflow30048.asc
ncols 506
nrows 317
xllcenter 498237.50
yllcenter 5580050.00
cellsize 12.50
NODATA_value -9999.000
[rows 170 to 203 of 317, columns 154 to 230 of 506]
8.269 8.090 7.920 7.746 7.545 7.318 7.097 6.899 6.721 6.554 6.398 6.245 6.072 5.821 5.420 4.845 4.128 3.345 2.589 1.906 1.319 0.855 0.532 0.337 0.228 0.170 0.143 0.134 0.134 0.141 0.159 0.184 0.202 0.215 0.227 0.240 0.258 0.270 0.273 0.269 0.258 0.249 0.243 0.238 0.229 0.211 0.183 0.156 0.133 0.113 0.097 0.084 0.073 0.067 0.063 0.062 0.063 0.066 0.069 0.071 0.072 0.071 0.069 0.066 0.065 0.065 0.067 0.076 0.096 0.124 0.144 0.151 0.150 0.140 0.120 0.096 0.076
11.726 11.871 11.907 11.878 11.766 11.556 11.275 10.978 10.688 10.401 10.129 9.869 9.603 9.279 8.800 8.088 7.148 6.047 4.891 3.777 2.756 1.881 1.199 0.737 0.464 0.314 0.236 0.202 0.194 0.201 0.220 0.239 0.249 0.254 0.257 0.261 0.269 0.275 0.275 0.267 0.252 0.239 0.229 0.219 0.205 0.180 0.140 0.104 0.079 0.065 0.056 0.050 0.046 0.045 0.045 0.046 0.049 0.053 0.055 0.056 0.056 0.055 0.053 0.051 0.050 0.050 0.052 0.059 0.074 0.101 0.130 0.147 0.153 0.154 0.148 0.135 0.114
15.222 15.704 15.859 15.839 15.680 15.378 14.997 14.617 14.258 13.906 13.574 13.270 12.974 12.652 12.207 11.520 10.536 9.291 7.883 6.434 5.012 3.677 2.514 1.610 0.998 0.626 0.417 0.311 0.266 0.253 0.254 0.258 0.261 0.261 0.259 0.258 0.260 0.261 0.256 0.240 0.215 0.195 0.179 0.162 0.141 0.112 0.079 0.057 0.045 0.038 0.035 0.033 0.032 0.032 0.032 0.034 0.038 0.042 0.044 0.044 0.044 0.043 0.041 0.040 0.039 0.039 0.041 0.046 0.057 0.076 0.106 0.135 0.151 0.158 0.159 0.154 0.141
17.800 18.591 18.902 18.911 18.767 18.480 18.126 17.781 17.442 17.090 16.728 16.393 16.078 15.750 15.325 14.666 13.711 12.494 11.104 9.594 7.987 6.313 4.639 3.171 2.043 1.261 0.774 0.502 0.364 0.295 0.265 0.255 0.252 0.248 0.241 0.233 0.226 0.219 0.205 0.177 0.143 0.119 0.102 0.088 0.074 0.057 0.042 0.033 0.028 0.025 0.023 0.023 0.023 0.023 0.024 0.026 0.029 0.032 0.034 0.034 0.034 0.033 0.032 0.031 0.031 0.031 0.033 0.036 0.043 0.055 0.076 0.108 0.139 0.155 0.160 0.159 0.150
19.175 20.191 20.742 20.936 20.955 20.846 20.685 20.498 20.274 19.983 19.620 19.241 18.895 18.543 18.115 17.479 16.562 15.386 14.025 12.542 10.950 9.221 7.316 5.323 3.568 2.225 1.308 0.763 0.471 0.325 0.260 0.234 0.220 0.208 0.194 0.178 0.163 0.148 0.129 0.103 0.080 0.064 0.055 0.047 0.039 0.032 0.025 0.021 0.019 0.017 0.017 0.017 0.017 0.017 0.018 0.019 0.022 0.024 0.025 0.025 0.025 0.025 0.024 0.024 0.024 0.025 0.026 0.029 0.034 0.041 0.054 0.076 0.112 0.140 0.153 0.154 0.149
19.462 20.582 21.357 21.845 22.157 22.348 22.453 22.461 22.387 22.195 21.853 21.405 21.014 20.644 20.225 19.642 18.824 17.757 16.448 14.928 13.235 11.377 9.306 6.947 4.696 2.915 1.667 0.920 0.528 0.335 0.244 0.196 0.166 0.143 0.122 0.106 0.096 0.086 0.074 0.059 0.046 0.038 0.032 0.028 0.024 0.020 0.017 0.015 0.013 0.013 0.012 0.012 0.012 0.013 0.013 0.014 0.016 0.018 0.018 0.019 0.019 0.019 0.019 0.019 0.019 0.020 0.021 0.023 0.026 0.032 0.040 0.055 0.081 0.113 0.133 0.139 0.139
19.166 20.362 21.279 21.951 22.502 22.960 23.260 23.397 23.420 23.325 23.014 22.499 22.073 21.728 21.348 20.829 20.118 19.184 17.968 16.440 14.640 12.619 10.360 7.756 5.201 3.191 1.791 0.964 0.539 0.327 0.217 0.154 0.115 0.088 0.071 0.061 0.055 0.050 0.044 0.036 0.029 0.025 0.021 0.018 0.016 0.014 0.012 0.010 0.010 0.009 0.009 0.009 0.009 0.009 0.010 0.010 0.011 0.012 0.013 0.013 0.014 0.014 0.014 0.014 0.014 0.015 0.016 0.018 0.021 0.025 0.031 0.042 0.059 0.084 0.103 0.114 0.118
18.285 19.620 20.759 21.684 22.425 22.985 23.334 23.498 23.546 23.496 23.206 22.663 22.223 21.912 21.568 21.078 20.415 19.557 18.424 16.932 15.089 12.967 10.597 7.884 5.242 3.177 1.758 0.934 0.511 0.294 0.178 0.112 0.075 0.054 0.043 0.037 0.034 0.031 0.027 0.023 0.020 0.017 0.015 0.013 0.011 0.010 0.008 0.007 0.007 0.006 0.006 0.006 0.006 0.006 0.006 0.007 0.008 0.008 0.009 0.009 0.009 0.010 0.010 0.010 0.010 0.011 0.012 0.013 0.016 0.019 0.024 0.032 0.044 0.060 0.073 0.083 0.089
16.994 18.485 19.830 20.987 21.911 22.552 22.902 23.044 23.075 23.010 22.733 22.225 21.772 21.436 21.069 20.569 19.931 19.136 18.081 16.645 14.814 12.654 10.202 7.421 4.838 2.853 1.527 0.784 0.411 0.222 0.123 0.072 0.047 0.034 0.027 0.024 0.022 0.020 0.018 0.015 0.013 0.012 0.010 0.009 0.008 0.007 0.006 0.005 0.004 0.004 0.004 0.004 0.004 0.004 0.004 0.004 0.005 0.005 0.006 0.006 0.006 0.006 0.007 0.007 0.007 0.007 0.008 0.009 0.011 0.014 0.018 0.023 0.032 0.042 0.051 0.057 0.060
15.509 17.097 18.538 19.792 20.794 21.480 21.844 21.953 21.919 21.740 21.463 21.109 20.696 20.212 19.661 19.085 18.452 17.710 16.732 15.356 13.531 11.310 8.765 6.077 3.774 2.085 1.028 0.484 0.234 0.121 0.068 0.042 0.030 0.023 0.019 0.016 0.015 0.013 0.012 0.011 0.009 0.008 0.007 0.006 0.005 0.004 0.004 0.003 0.003 0.002 0.002 0.002 0.002 0.002 0.002 0.002 0.003 0.003 0.003 0.003 0.004 0.004 0.004 0.004 0.004 0.005 0.005 0.006 0.008 0.010 0.012 0.017 0.022 0.029 0.034 0.037 0.039
13.820 15.397 16.828 18.094 19.143 19.911 20.345 20.457 20.361 20.086 19.864 19.687 19.331 18.648 17.835 17.122 16.430 15.650 14.601 13.123 11.156 8.742 6.170 3.858 2.141 1.052 0.472 0.209 0.102 0.057 0.037 0.026 0.020 0.016 0.013 0.012 0.011 0.009 0.008 0.007 0.006 0.006 0.005 0.004 0.003 0.003 0.002 0.002 0.001 0.001 0.001 0.001 0.001 0.001 0.001 0.001 0.001 0.001 0.002 0.002 0.002 0.002 0.002 0.002 0.002 0.003 0.003 0.004 0.005 0.006 0.008 0.011 0.015 0.019 0.022 0.023 0.024
11.859 13.330 14.730 16.056 17.254 18.229 18.866 19.100 19.043 18.797 18.594 18.408 17.986 17.180 16.243 15.409 14.547 13.500 12.089 10.199 7.767 5.244 3.186 1.766 0.892 0.413 0.181 0.084 0.046 0.030 0.022 0.017 0.014 0.011 0.010 0.009 0.008 0.007 0.006 0.005 0.004 0.003 0.003 0.002 0.002 0.001 0.001 0.001 0.000 0.000 0.000 0.000 0.000 0.000 0.000 0.000 0.000 0.000 0.001 0.001 0.001 0.001 0.001 0.001 0.001 0.001 0.002 0.002 0.003 0.004 0.005 0.007 0.009 0.011 0.013 0.014 0.014
9.705 11.046 12.430 13.862 15.285 16.509 17.362 17.731 17.736 17.546 17.277 16.928 16.338 15.459 14.483 13.535 12.476 11.045 9.037 6.541 4.140 2.371 1.231 0.603 0.292 0.140 0.068 0.038 0.025 0.018 0.014 0.012 0.010 0.008 0.007 0.006 0.005 0.004 0.004 0.003 0.002 0.002 0.001 0.001 0.001 0.000 0.000 0.000 0.000 0.000 0.000 0.000 0.000 0.000 0.000 0.000 0.000 0.000 0.000 0.000 0.000 0.000 0.000 0.000 0.000 0.000 0.001 0.001 0.001 0.002 0.003 0.004 0.005 0.006 0.007 0.007 0.007
7.697 8.872 10.129 11.527 13.033 14.362 15.329 15.812 15.888 15.706 15.240 14.541 13.673 12.730 11.742 10.659 9.310 7.427 5.107 3.024 1.608 0.759 0.342 0.166 0.089 0.050 0.030 0.020 0.015 0.012 0.010 0.008 0.007 0.006 0.005 0.004 0.003 0.003 0.002 0.002 0.001 0.001 0.001 0.000 0.000 0.000 0.000 0.000 0.000 0.000 0.000 0.000 0.000 0.000 0.000 0.000 0.000 0.000 0.000 0.000 0.000 0.000 0.000 0.000 0.000 0.000 0.000 0.000 0.000 0.001 0.001 0.002 0.002 0.003 0.003 0.003 0.003
5.778 6.717 7.713 8.797 9.967 11.066 11.934 12.426 12.538 12.360 11.756 10.733 9.509 8.398 7.341 6.196 4.844 3.298 1.888 0.927 0.406 0.175 0.088 0.052 0.034 0.023 0.017 0.013 0.011 0.009 0.007 0.006 0.005 0.004 0.003 0.002 0.002 0.001 0.001 0.001 0.000 0.000 0.000 0.000 0.000 0.000 0.000 0.000 0.000 0.000 0.000 0.000 0.000 0.000 0.000 0.000 0.000 0.000 0.000 0.000 0.000 0.000 0.000 0.000 0.000 0.000 0.000 0.000 0.000 0.000 0.000 0.001 0.001 0.001 0.001 0.001 0.001
3.848 4.367 4.863 5.340 5.837 6.392 6.933 7.280 7.381 7.264 6.748 5.828 4.730 3.826 3.076 2.380 1.646 0.930 0.440 0.188 0.087 0.049 0.032 0.024 0.018 0.014 0.011 0.009 0.008 0.006 0.005 0.004 0.003 0.002 0.002 0.001 0.001 0.000 0.000 0.000 0.000 0.000 0.000 0.000 0.000 0.000 0.000 0.000 0.000 0.000 0.000 0.000 0.000 0.000 0.000 0.000 0.000 0.000 0.000 0.000 0.000 0.000 0.000 0.000 0.000 0.000 0.000 0.000 0.000 0.000 0.000 0.000 0.000 0.000 0.000 0.000 0.000
2.118 2.258 2.369 2.462 2.554 2.678 2.856 2.982 3.019 2.974 2.741 2.271 1.660 1.186 0.858 0.602 0.366 0.187 0.089 0.047 0.030 0.022 0.018 0.015 0.012 0.010 0.008 0.007 0.005 0.004 0.003 0.003 0.002 0.001 0.001 0.000 0.000 0.000 0.000 0.000 0.000 0.000 0.000 0.000 0.000 0.000 0.000 0.000 0.000 0.000 0.000 0.000 0.000 0.000 0.000 0.000 0.000 0.000 0.000 0.000 0.000 0.000 0.000 0.000 0.000 0.000 0.000 0.000 0.000 0.000 0.000 0.000 0.000 0.000 0.000 0.000 0.000
0.919 0.902 0.887 0.868 0.846 0.834 0.852 0.867 0.864 0.842 0.765 0.610 0.407 0.270 0.189 0.130 0.081 0.048 0.030 0.022 0.017 0.014 0.012 0.010 0.009 0.007 0.006 0.005 0.004 0.003 0.002 0.001 0.001 0.000 0.000 0.000 0.000 0.000 0.000 0.000 0.000 0.000 0.000 0.000 0.000 0.000 0.000 0.000 0.000 0.000 0.000 0.000 0.000 0.000 0.000 0.000 0.000 0.000 0.000 0.000 0.000 0.000 0.000 0.000 0.000 0.000 0.000 0.000 0.000 0.000 0.000 0.000 0.000 0.000 0.000 0.000 0.000
0.316 0.293 0.281 0.271 0.256 0.239 0.229 0.223 0.215 0.204 0.184 0.147 0.100 0.069 0.052 0.039 0.029 0.022 0.017 0.014 0.012 0.010 0.009 0.007 0.006 0.005 0.004 0.003 0.002 0.002 0.001 0.001 0.000 0.000 0.000 0.000 0.000 0.000 0.000 0.000 0.000 0.000 0.000 0.000 0.000 0.000 0.000 0.000 0.000 0.000 0.000 0.000 0.000 0.000 0.000 0.000 0.000 0.000 0.000 0.000 0.000 0.000 0.000 0.000 0.000 0.000 0.000 0.000 0.000 0.000 0.000 0.000 0.000 0.000 0.000 0.000 0.000
0.104 0.098 0.096 0.094 0.089 0.080 0.073 0.068 0.064 0.060 0.055 0.046 0.035 0.028 0.023 0.019 0.016 0.014 0.012 0.010 0.008 0.007 0.006 0.005 0.004 0.003 0.002 0.002 0.001 0.001 0.000 0.000 0.000 0.000 0.000 0.000 0.000 0.000 0.000 0.000 0.000 0.000 0.000 0.000 0.000 0.000 0.000 0.000 0.000 0.000 0.000 0.000 0.000 0.000 0.000 0.000 0.000 0.000 0.000 0.000 0.000 0.000 0.000 0.000 0.000 0.000 0.000 0.000 0.000 0.000 0.000 0.000 0.000 0.000 0.000 0.000 0.000
0.041 0.040 0.040 0.040 0.039 0.035 0.031 0.029 0.027 0.026 0.024 0.022 0.019 0.017 0.014 0.013 0.011 0.010 0.008 0.007 0.006 0.005 0.004 0.003 0.003 0.002 0.001 0.001 0.000 0.000 0.000 0.000 0.000 0.000 0.000 0.000 0.000 0.000 0.000 0.000 0.000 0.000 0.000 0.000 0.000 0.000 0.000 0.000 0.000 0.000 0.000 0.000 0.000 0.000 0.000 0.000 0.000 0.000 0.000 0.000 0.000 0.000 0.000 0.000 0.000 0.000 0.000 0.000 0.000 0.000 0.000 0.000 0.000 0.000 0.000 0.000 0.000
0.021 0.021 0.021 0.021 0.021 0.020 0.018 0.017 0.016 0.015 0.015 0.014 0.013 0.011 0.010 0.009 0.008 0.007 0.006 0.005 0.004 0.003 0.002 0.002 0.001 0.001 0.000 0.000 0.000 0.000 0.000 0.000 0.000 0.000 0.000 0.000 0.000 0.000 0.000 0.000 0.000 0.000 0.000 0.000 0.000 0.000 0.000 0.000 0.000 0.000 0.000 0.000 0.000 0.000 0.000 0.000 0.000 0.000 0.000 0.000 0.000 0.000 0.000 0.000 0.000 0.000 0.000 0.000 0.000 0.000 0.000 0.000 0.000 0.000 0.000 0.000 0.000
0.013 0.013 0.013 0.013 0.013 0.013 0.012 0.011 0.011 0.010 0.010 0.009 0.009 0.008 0.007 0.006 0.005 0.004 0.004 0.003 0.002 0.002 0.001 0.001 0.000 0.000 0.000 0.000 0.000 0.000 0.000 0.000 0.000 0.000 0.000 0.000 0.000 0.000 0.000 0.000 0.000 0.000 0.000 0.000 0.000 0.000 0.000 0.000 0.000 0.000 0.000 0.000 0.000 0.000 0.000 0.000 0.000 0.000 0.000 0.000 0.000 0.000 0.000 0.000 0.000 0.000 0.000 0.000 0.000 0.000 0.000 0.000 0.000 0.000 0.000 0.000 0.000
0.008 0.009 0.009 0.009 0.009 0.008 0.008 0.008 0.007 0.007 0.007 0.006 0.006 0.005 0.005 0.004 0.003 0.003 0.002 0.002 0.001 0.001 0.000 0.000 0.000 0.000 0.000 0.000 0.000 0.000 0.000 0.000 0.000 0.000 0.000 0.000 0.000 0.000 0.000 0.000 0.000 0.000 0.000 0.000 0.000 0.000 0.000 0.000 0.000 0.000 0.000 0.000 0.000 0.000 0.000 0.000 0.000 0.000 0.000 0.000 0.000 0.000 0.000 0.000 0.000 0.000 0.000 0.000 0.000 0.000 0.000 0.000 0.000 0.000 0.000 0.000 0.000
0.006 0.006 0.006 0.006 0.006 0.006 0.006 0.005 0.005 0.005 0.004 0.004 0.004 0.003 0.003 0.002 0.002 0.001 0.001 0.001 0.000 0.000 0.000 0.000 0.000 0.000 0.000 0.000 0.000 0.000 0.000 0.000 0.000 0.000 0.000 0.000 0.000 0.000 0.000 0.000 0.000 0.000 0.000 0.000 0.000 0.000 0.000 0.000 0.000 0.000 0.000 0.000 0.000 0.000 0.000 0.000 0.000 0.000 0.000 0.000 0.000 0.000 0.000 0.000 0.000 0.000 0.000 0.000 0.000 0.000 0.000 0.000 0.000 0.000 0.000 0.000 0.000
0.004 0.004 0.004 0.004 0.004 0.004 0.004 0.003 0.003 0.003 0.003 0.002 0.002 0.002 0.001 0.001 0.001 0.000 0.000 0.000 0.000 0.000 0.000 0.000 0.000 0.000 0.000 0.000 0.000 0.000 0.000 0.000 0.000 0.000 0.000 0.000 0.000 0.000 0.000 0.000 0.000 0.000 0.000 0.000 0.000 0.000 0.000 0.000 0.000 0.000 0.000 0.000 0.000 0.000 0.000 0.000 0.000 0.000 0.000 0.000 0.000 0.000 0.000 0.000 0.000 0.000 0.000 0.000 0.000 0.000 0.000 0.000 0.000 0.000 0.000 0.000 0.000
0.002 0.002 0.002 0.002 0.002 0.002 0.002 0.002 0.002 0.002 0.001 0.001 0.001 0.001 0.000 0.000 0.000 0.000 0.000 0.000 0.000 0.000 0.000 0.000 0.000 0.000 0.000 0.000 0.000 0.000 0.000 0.000 0.000 0.000 0.000 0.000 0.000 0.000 0.000 0.000 0.000 0.000 0.000 0.000 0.000 0.000 0.000 0.000 0.000 0.000 0.000 0.000 0.000 0.000 0.000 0.000 0.000 0.000 0.000 0.000 0.000 0.000 0.000 0.000 0.000 0.000 0.000 0.000 0.000 0.000 0.000 0.000 0.000 0.000 0.000 0.000 0.000
0.001 0.001 0.001 0.001 0.001 0.001 0.001 0.001 0.001 0.001 0.000 0.000 0.000 0.000 0.000 0.000 0.000 0.000 0.000 0.000 0.000 0.000 0.000 0.000 0.000 0.000 0.000 0.000 0.000 0.000 0.000 0.000 0.000 0.000 0.000 0.000 0.000 0.000 0.000 0.000 0.000 0.000 0.000 0.000 0.000 0.000 0.000 0.000 0.000 0.000 0.000 0.000 0.000 0.000 0.000 0.000 0.000 0.000 0.000 0.000 0.000 0.000 0.000 0.000 0.000 0.000 0.000 0.000 0.000 0.000 0.000 0.000 0.000 0.000 0.000 0.000 0.000
0.000 0.000 0.000 0.000 0.000 0.000 0.000 0.000 0.000 0.000 0.000 0.000 0.000 0.000 0.000 0.000 0.000 0.000 0.000 0.000 0.000 0.000 0.000 0.000 0.000 0.000 0.000 0.000 0.000 0.000 0.000 0.000 0.000 0.000 0.000 0.000 0.000 0.000 0.000 0.000 0.000 0.000 0.000 0.000 0.000 0.000 0.000 0.000 0.000 0.000 0.000 0.000 0.000 0.000 0.000 0.000 0.000 0.000 0.000 0.000 0.000 0.000 0.000 0.000 0.000 0.000 0.000 0.000 0.000 0.000 0.000 0.000 0.000 0.000 0.000 0.000 0.000
0.000 0.000 0.000 0.000 0.000 0.000 0.000 0.000 0.000 0.000 0.000 0.000 0.000 0.000 0.000 0.000 0.000 0.000 0.000 0.000 0.000 0.000 0.000 0.000 0.000 0.000 0.000 0.000 0.000 0.000 0.000 0.000 0.000 0.000 0.000 0.000 0.000 0.000 0.000 0.000 0.000 0.000 0.000 0.000 0.000 0.000 0.000 0.000 0.000 0.000 0.000 0.000 0.000 0.000 0.000 0.000 0.000 0.000 0.000 0.000 0.000 0.000 0.000 0.000 0.000 0.000 0.000 0.000 0.000 0.000 0.000 0.000 0.000 0.000 0.000 0.000 0.000
0.000 0.000 0.000 0.000 0.000 0.000 0.000 0.000 0.000 0.000 0.000 0.000 0.000 0.000 0.000 0.000 0.000 0.000 0.000 0.000 0.000 0.000 0.000 0.000 0.000 0.000 0.000 0.000 0.000 0.000 0.000 0.000 0.000 0.000 0.000 0.000 0.000 0.000 0.000 0.000 0.000 0.000 0.000 0.000 0.000 0.000 0.000 0.000 0.000 0.000 0.000 0.000 0.000 0.000 0.000 0.000 0.000 0.000 0.000 0.000 0.000 0.000 0.000 0.000 0.000 0.000 0.000 0.000 0.000 0.000 0.000 0.000 0.000 0.000 0.000 0.000 0.000
0.000 0.000 0.000 0.000 0.000 0.000 0.000 0.000 0.000 0.000 0.000 0.000 0.000 0.000 0.000 0.000 0.000 0.000 0.000 0.000 0.000 0.000 0.000 0.000 0.000 0.000 0.000 0.000 0.000 0.000 0.000 0.000 0.000 0.000 0.000 0.000 0.000 0.000 0.000 0.000 0.000 0.000 0.000 0.000 0.000 0.000 0.000 0.000 0.000 0.000 0.000 0.000 0.000 0.000 0.000 0.000 0.000 0.000 0.000 0.000 0.000 0.000 0.000 0.000 0.000 0.000 0.000 0.000 0.000 0.000 0.000 0.000 0.000 0.000 0.000 0.000 0.000
0.000 0.000 0.000 0.000 0.000 0.000 0.000 0.000 0.000 0.000 0.000 0.000 0.000 0.000 0.000 0.000 0.000 0.000 0.000 0.000 0.000 0.000 0.000 0.000 0.000 0.000 0.000 0.000 0.000 0.000 0.000 0.000 0.000 0.000 0.000 0.000 0.000 0.000 0.000 0.000 0.000 0.000 0.000 0.000 0.000 0.000 0.000 0.000 0.000 0.000 0.000 0.000 0.000 0.000 0.000 0.000 0.000 0.000 0.000 0.000 0.000 0.000 0.000 0.000 0.000 0.000 0.000 0.000 0.000 0.000 0.000 0.000 0.000 0.000 0.000 0.000 0.000
0.000 0.000 0.000 0.000 0.000 0.000 0.000 0.000 0.000 0.000 0.000 0.000 0.000 0.000 0.000 0.000 0.000 0.000 0.000 0.000 0.000 0.000 0.000 0.000 0.000 0.000 0.000 0.000 0.000 0.000 0.000 0.000 0.000 0.000 0.000 0.000 0.000 0.000 0.000 0.000 0.000 0.000 0.000 0.000 0.000 0.000 0.000 0.000 0.000 0.000 0.000 0.000 0.000 0.000 0.000 0.000 0.000 0.000 0.000 0.000 0.000 0.000 0.000 0.000 0.000 0.000 0.000 0.000 0.000 0.000 0.000 0.000 0.000 0.000 0.000 0.000 0.000
