RESULTS/r.avaflow_results/41_results/41_ascii/41_hflow0038.asc
ncols 506
nrows 317
xllcenter 498237.50
yllcenter 5580050.00
cellsize 12.50
NODATA_value -9999.000
[rows 170 to 203 of 317, columns 154 to 230 of 506]
8.390 8.204 8.028 7.848 7.643 7.413 7.189 6.989 6.810 6.641 6.482 6.325 6.147 5.891 5.487 4.912 4.196 3.407 2.643 1.952 1.355 0.882 0.549 0.347 0.234 0.173 0.145 0.136 0.136 0.144 0.165 0.194 0.217 0.234 0.250 0.268 0.288 0.301 0.304 0.299 0.285 0.267 0.253 0.239 0.222 0.196 0.164 0.139 0.119 0.102 0.087 0.075 0.067 0.061 0.059 0.058 0.059 0.062 0.065 0.068 0.069 0.068 0.067 0.065 0.062 0.062 0.062 0.066 0.073 0.080 0.082 0.081 0.069 0.046 0.025 0.013 0.007
11.905 12.044 12.073 12.036 11.915 11.697 11.408 11.105 10.810 10.519 10.240 9.972 9.697 9.364 8.876 8.157 7.216 6.113 4.951 3.832 2.806 1.922 1.230 0.757 0.475 0.320 0.239 0.205 0.197 0.205 0.227 0.252 0.267 0.275 0.282 0.290 0.300 0.306 0.306 0.297 0.278 0.257 0.239 0.222 0.200 0.167 0.127 0.095 0.073 0.060 0.052 0.047 0.044 0.042 0.042 0.043 0.046 0.049 0.052 0.054 0.054 0.053 0.051 0.049 0.046 0.046 0.046 0.048 0.052 0.055 0.056 0.055 0.050 0.036 0.020 0.010 0.005
15.444 15.923 16.076 16.053 15.890 15.585 15.197 14.811 14.444 14.084 13.740 13.422 13.112 12.775 12.315 11.616 10.622 9.368 7.952 6.495 5.069 3.730 2.559 1.644 1.020 0.638 0.423 0.315 0.270 0.258 0.262 0.271 0.279 0.282 0.284 0.287 0.290 0.291 0.285 0.268 0.239 0.212 0.189 0.166 0.140 0.105 0.074 0.054 0.043 0.036 0.033 0.031 0.030 0.030 0.031 0.033 0.036 0.039 0.041 0.042 0.041 0.041 0.039 0.037 0.035 0.034 0.034 0.034 0.036 0.036 0.036 0.034 0.029 0.021 0.012 0.006 0.003
18.053 18.844 19.157 19.168 19.027 18.739 18.382 18.030 17.680 17.315 16.937 16.582 16.248 15.901 15.458 14.786 13.821 12.595 11.193 9.670 8.054 6.375 4.695 3.215 2.073 1.279 0.783 0.507 0.367 0.300 0.274 0.268 0.269 0.268 0.265 0.259 0.252 0.245 0.230 0.200 0.161 0.131 0.109 0.091 0.073 0.055 0.041 0.032 0.027 0.024 0.022 0.022 0.022 0.022 0.023 0.025 0.027 0.030 0.031 0.031 0.031 0.031 0.029 0.028 0.026 0.025 0.024 0.024 0.023 0.023 0.022 0.020 0.016 0.011 0.006 0.003 0.001
19.463 20.479 21.034 21.233 21.256 21.146 20.980 20.782 20.544 20.237 19.854 19.448 19.078 18.703 18.254 17.604 16.676 15.491 14.119 12.623 11.017 9.277 7.364 5.362 3.595 2.240 1.314 0.763 0.471 0.328 0.267 0.245 0.234 0.225 0.213 0.197 0.181 0.165 0.145 0.116 0.088 0.070 0.058 0.048 0.039 0.031 0.025 0.021 0.018 0.017 0.016 0.016 0.016 0.016 0.017 0.018 0.021 0.022 0.023 0.023 0.023 0.022 0.022 0.020 0.019 0.018 0.017 0.016 0.015 0.014 0.013 0.011 0.008 0.005 0.003 0.001 0.001
19.794 20.914 21.688 22.179 22.492 22.680 22.776 22.769 22.677 22.465 22.098 21.621 21.198 20.800 20.358 19.757 18.925 17.845 16.525 14.994 13.289 11.417 9.333 6.960 4.701 2.915 1.664 0.916 0.526 0.337 0.248 0.203 0.175 0.153 0.133 0.117 0.105 0.095 0.082 0.065 0.050 0.041 0.034 0.029 0.024 0.020 0.017 0.014 0.013 0.012 0.012 0.012 0.012 0.012 0.013 0.014 0.015 0.016 0.016 0.016 0.016 0.016 0.015 0.015 0.014 0.013 0.012 0.010 0.009 0.008 0.007 0.006 0.004 0.002 0.001 0.001 0.000
19.548 20.743 21.659 22.330 22.876 23.323 23.609 23.730 23.731 23.610 23.269 22.724 22.260 21.882 21.475 20.933 20.203 19.253 18.023 16.484 14.675 12.641 10.367 7.749 5.191 3.181 1.782 0.958 0.536 0.327 0.218 0.157 0.119 0.093 0.076 0.066 0.060 0.055 0.048 0.039 0.031 0.026 0.022 0.019 0.016 0.013 0.012 0.010 0.009 0.009 0.009 0.009 0.009 0.009 0.009 0.010 0.010 0.011 0.011 0.011 0.011 0.011 0.011 0.010 0.009 0.008 0.007 0.006 0.005 0.005 0.004 0.003 0.002 0.001 0.000 0.000 0.000
18.712 20.046 21.181 22.101 22.835 23.384 23.717 23.863 23.884 23.800 23.477 22.901 22.420 22.072 21.695 21.181 20.496 19.617 18.467 16.965 15.112 12.980 10.596 7.868 5.225 3.164 1.748 0.927 0.506 0.291 0.177 0.113 0.077 0.057 0.046 0.040 0.036 0.033 0.029 0.024 0.020 0.017 0.015 0.013 0.011 0.009 0.008 0.007 0.007 0.006 0.006 0.006 0.006 0.006 0.006 0.006 0.007 0.007 0.007 0.007 0.007 0.007 0.007 0.007 0.006 0.005 0.004 0.004 0.003 0.002 0.002 0.001 0.001 0.000 0.000 0.000 0.000
17.451 18.941 20.282 21.433 22.348 22.979 23.316 23.438 23.438 23.337 23.022 22.479 21.984 21.608 21.207 20.681 20.018 19.201 18.129 16.680 14.837 12.664 10.195 7.400 4.819 2.838 1.517 0.778 0.406 0.219 0.121 0.073 0.048 0.036 0.029 0.025 0.023 0.021 0.018 0.016 0.014 0.012 0.010 0.009 0.008 0.007 0.006 0.005 0.004 0.004 0.004 0.004 0.004 0.004 0.004 0.004 0.004 0.004 0.004 0.004 0.004 0.004 0.004 0.004 0.003 0.003 0.002 0.002 0.001 0.001 0.001 0.000 0.000 0.000 0.000 0.000 0.000
15.979 17.569 19.009 20.261 21.257 21.935 22.285 22.372 22.308 22.099 21.779 21.382 20.925 20.406 19.829 19.223 18.562 17.794 16.794 15.401 13.561 11.323 8.756 6.055 3.755 2.073 1.022 0.481 0.233 0.120 0.068 0.044 0.031 0.024 0.020 0.017 0.016 0.014 0.012 0.011 0.010 0.008 0.007 0.006 0.005 0.004 0.004 0.003 0.002 0.002 0.002 0.002 0.002 0.002 0.002 0.002 0.002 0.002 0.002 0.002 0.002 0.002 0.002 0.002 0.002 0.001 0.001 0.001 0.000 0.000 0.000 0.000 0.000 0.000 0.000 0.000 0.000
14.299 15.882 17.318 18.584 19.629 20.388 20.806 20.893 20.764 20.458 20.186 19.960 19.563 18.850 18.007 17.266 16.548 15.741 14.669 13.173 11.188 8.752 6.160 3.843 2.130 1.048 0.472 0.210 0.103 0.058 0.038 0.027 0.021 0.017 0.014 0.012 0.011 0.010 0.009 0.008 0.007 0.006 0.005 0.004 0.003 0.003 0.002 0.002 0.001 0.001 0.001 0.001 0.001 0.001 0.001 0.001 0.001 0.001 0.001 0.001 0.001 0.001 0.001 0.001 0.001 0.000 0.000 0.000 0.000 0.000 0.000 0.000 0.000 0.000 0.000 0.000 0.000
12.351 13.833 15.238 16.563 17.753 18.710 19.323 19.527 19.436 19.158 18.901 18.661 18.196 17.359 16.386 15.517 14.628 13.563 12.137 10.228 7.782 5.252 3.188 1.766 0.892 0.414 0.183 0.086 0.048 0.031 0.023 0.018 0.014 0.012 0.010 0.009 0.008 0.007 0.006 0.005 0.004 0.004 0.003 0.002 0.002 0.001 0.001 0.001 0.000 0.000 0.000 0.000 0.000 0.000 0.000 0.000 0.000 0.000 0.000 0.000 0.000 0.000 0.000 0.000 0.000 0.000 0.000 0.000 0.000 0.000 0.000 0.000 0.000 0.000 0.000 0.000 0.000
10.215 11.567 12.954 14.378 15.782 16.982 17.805 18.144 18.112 17.884 17.567 17.167 16.532 15.616 14.599 13.610 12.518 11.066 9.040 6.543 4.151 2.386 1.243 0.610 0.296 0.143 0.070 0.039 0.026 0.019 0.015 0.012 0.010 0.009 0.007 0.006 0.005 0.005 0.004 0.003 0.003 0.002 0.001 0.001 0.001 0.000 0.000 0.000 0.000 0.000 0.000 0.000 0.000 0.000 0.000 0.000 0.000 0.000 0.000 0.000 0.000 0.000 0.000 0.000 0.000 0.000 0.000 0.000 0.000 0.000 0.000 0.000 0.000 0.000 0.000 0.000 0.000
8.227 9.399 10.653 12.038 13.521 14.825 15.763 16.213 16.248 16.024 15.519 14.777 13.863 12.871 11.836 10.709 9.324 7.416 5.104 3.039 1.627 0.774 0.352 0.172 0.092 0.052 0.031 0.022 0.016 0.013 0.011 0.009 0.007 0.006 0.005 0.004 0.003 0.003 0.002 0.002 0.001 0.001 0.001 0.000 0.000 0.000 0.000 0.000 0.000 0.000 0.000 0.000 0.000 0.000 0.000 0.000 0.000 0.000 0.000 0.000 0.000 0.000 0.000 0.000 0.000 0.000 0.000 0.000 0.000 0.000 0.000 0.000 0.000 0.000 0.000 0.000 0.000
6.320 7.242 8.227 9.298 10.448 11.521 12.356 12.810 12.879 12.658 12.013 10.954 9.681 8.519 7.419 6.238 4.864 3.312 1.907 0.946 0.420 0.183 0.093 0.055 0.035 0.025 0.018 0.014 0.011 0.009 0.008 0.006 0.005 0.004 0.003 0.003 0.002 0.001 0.001 0.001 0.000 0.000 0.000 0.000 0.000 0.000 0.000 0.000 0.000 0.000 0.000 0.000 0.000 0.000 0.000 0.000 0.000 0.000 0.000 0.000 0.000 0.000 0.000 0.000 0.000 0.000 0.000 0.000 0.000 0.000 0.000 0.000 0.000 0.000 0.000 0.000 0.000
4.411 4.901 5.371 5.819 6.285 6.806 7.304 7.609 7.670 7.513 6.954 5.999 4.860 3.919 3.141 2.421 1.671 0.950 0.455 0.198 0.093 0.052 0.034 0.025 0.019 0.015 0.012 0.010 0.008 0.007 0.005 0.004 0.003 0.003 0.002 0.001 0.001 0.001 0.000 0.000 0.000 0.000 0.000 0.000 0.000 0.000 0.000 0.000 0.000 0.000 0.000 0.000 0.000 0.000 0.000 0.000 0.000 0.000 0.000 0.000 0.000 0.000 0.000 0.000 0.000 0.000 0.000 0.000 0.000 0.000 0.000 0.000 0.000 0.000 0.000 0.000 0.000
2.652 2.746 2.799 2.830 2.866 2.950 3.090 3.183 3.195 3.124 2.859 2.359 1.723 1.232 0.889 0.623 0.380 0.197 0.095 0.051 0.033 0.024 0.019 0.016 0.013 0.011 0.009 0.007 0.006 0.005 0.004 0.003 0.002 0.001 0.001 0.000 0.000 0.000 0.000 0.000 0.000 0.000 0.000 0.000 0.000 0.000 0.000 0.000 0.000 0.000 0.000 0.000 0.000 0.000 0.000 0.000 0.000 0.000 0.000 0.000 0.000 0.000 0.000 0.000 0.000 0.000 0.000 0.000 0.000 0.000 0.000 0.000 0.000 0.000 0.000 0.000 0.000
1.268 1.179 1.101 1.035 0.980 0.944 0.944 0.945 0.932 0.900 0.811 0.643 0.431 0.287 0.200 0.138 0.086 0.051 0.032 0.023 0.018 0.015 0.013 0.011 0.009 0.008 0.006 0.005 0.004 0.003 0.002 0.001 0.001 0.000 0.000 0.000 0.000 0.000 0.000 0.000 0.000 0.000 0.000 0.000 0.000 0.000 0.000 0.000 0.000 0.000 0.000 0.000 0.000 0.000 0.000 0.000 0.000 0.000 0.000 0.000 0.000 0.000 0.000 0.000 0.000 0.000 0.000 0.000 0.000 0.000 0.000 0.000 0.000 0.000 0.000 0.000 0.000
0.454 0.394 0.359 0.332 0.304 0.277 0.260 0.248 0.237 0.223 0.199 0.158 0.107 0.075 0.056 0.042 0.031 0.023 0.018 0.015 0.013 0.011 0.009 0.008 0.007 0.005 0.004 0.003 0.002 0.002 0.001 0.001 0.000 0.000 0.000 0.000 0.000 0.000 0.000 0.000 0.000 0.000 0.000 0.000 0.000 0.000 0.000 0.000 0.000 0.000 0.000 0.000 0.000 0.000 0.000 0.000 0.000 0.000 0.000 0.000 0.000 0.000 0.000 0.000 0.000 0.000 0.000 0.000 0.000 0.000 0.000 0.000 0.000 0.000 0.000 0.000 0.000
0.150 0.133 0.124 0.116 0.106 0.094 0.083 0.076 0.071 0.066 0.060 0.050 0.038 0.030 0.025 0.021 0.018 0.015 0.013 0.011 0.009 0.008 0.007 0.005 0.004 0.003 0.003 0.002 0.001 0.001 0.000 0.000 0.000 0.000 0.000 0.000 0.000 0.000 0.000 0.000 0.000 0.000 0.000 0.000 0.000 0.000 0.000 0.000 0.000 0.000 0.000 0.000 0.000 0.000 0.000 0.000 0.000 0.000 0.000 0.000 0.000 0.000 0.000 0.000 0.000 0.000 0.000 0.000 0.000 0.000 0.000 0.000 0.000 0.000 0.000 0.000 0.000
0.058 0.053 0.051 0.048 0.045 0.040 0.035 0.032 0.030 0.028 0.026 0.024 0.021 0.018 0.016 0.014 0.012 0.010 0.009 0.008 0.006 0.005 0.004 0.004 0.003 0.002 0.001 0.001 0.000 0.000 0.000 0.000 0.000 0.000 0.000 0.000 0.000 0.000 0.000 0.000 0.000 0.000 0.000 0.000 0.000 0.000 0.000 0.000 0.000 0.000 0.000 0.000 0.000 0.000 0.000 0.000 0.000 0.000 0.000 0.000 0.000 0.000 0.000 0.000 0.000 0.000 0.000 0.000 0.000 0.000 0.000 0.000 0.000 0.000 0.000 0.000 0.000
0.028 0.026 0.025 0.024 0.023 0.022 0.020 0.018 0.018 0.017 0.016 0.015 0.014 0.012 0.011 0.010 0.008 0.007 0.006 0.005 0.004 0.003 0.003 0.002 0.001 0.001 0.000 0.000 0.000 0.000 0.000 0.000 0.000 0.000 0.000 0.000 0.000 0.000 0.000 0.000 0.000 0.000 0.000 0.000 0.000 0.000 0.000 0.000 0.000 0.000 0.000 0.000 0.000 0.000 0.000 0.000 0.000 0.000 0.000 0.000 0.000 0.000 0.000 0.000 0.000 0.000 0.000 0.000 0.000 0.000 0.000 0.000 0.000 0.000 0.000 0.000 0.000
0.016 0.016 0.015 0.015 0.014 0.014 0.013 0.012 0.012 0.011 0.011 0.010 0.010 0.009 0.008 0.007 0.006 0.005 0.004 0.003 0.003 0.002 0.001 0.001 0.001 0.000 0.000 0.000 0.000 0.000 0.000 0.000 0.000 0.000 0.000 0.000 0.000 0.000 0.000 0.000 0.000 0.000 0.000 0.000 0.000 0.000 0.000 0.000 0.000 0.000 0.000 0.000 0.000 0.000 0.000 0.000 0.000 0.000 0.000 0.000 0.000 0.000 0.000 0.000 0.000 0.000 0.000 0.000 0.000 0.000 0.000 0.000 0.000 0.000 0.000 0.000 0.000
0.010 0.010 0.010 0.010 0.010 0.009 0.009 0.009 0.008 0.008 0.007 0.007 0.006 0.006 0.005 0.004 0.003 0.003 0.002 0.002 0.001 0.001 0.000 0.000 0.000 0.000 0.000 0.000 0.000 0.000 0.000 0.000 0.000 0.000 0.000 0.000 0.000 0.000 0.000 0.000 0.000 0.000 0.000 0.000 0.000 0.000 0.000 0.000 0.000 0.000 0.000 0.000 0.000 0.000 0.000 0.000 0.000 0.000 0.000 0.000 0.000 0.000 0.000 0.000 0.000 0.000 0.000 0.000 0.000 0.000 0.000 0.000 0.000 0.000 0.000 0.000 0.000
0.007 0.007 0.007 0.007 0.006 0.006 0.006 0.006 0.006 0.005 0.005 0.005 0.004 0.004 0.003 0.002 0.002 0.001 0.001 0.001 0.000 0.000 0.000 0.000 0.000 0.000 0.000 0.000 0.000 0.000 0.000 0.000 0.000 0.000 0.000 0.000 0.000 0.000 0.000 0.000 0.000 0.000 0.000 0.000 0.000 0.000 0.000 0.000 0.000 0.000 0.000 0.000 0.000 0.000 0.000 0.000 0.000 0.000 0.000 0.000 0.000 0.000 0.000 0.000 0.000 0.000 0.000 0.000 0.000 0.000 0.000 0.000 0.000 0.000 0.000 0.000 0.000
0.004 0.004 0.004 0.004 0.004 0.004 0.004 0.004 0.004 0.003 0.003 0.003 0.002 0.002 0.001 0.001 0.001 0.000 0.000 0.000 0.000 0.000 0.000 0.000 0.000 0.000 0.000 0.000 0.000 0.000 0.000 0.000 0.000 0.000 0.000 0.000 0.000 0.000 0.000 0.000 0.000 0.000 0.000 0.000 0.000 0.000 0.000 0.000 0.000 0.000 0.000 0.000 0.000 0.000 0.000 0.000 0.000 0.000 0.000 0.000 0.000 0.000 0.000 0.000 0.000 0.000 0.000 0.000 0.000 0.000 0.000 0.000 0.000 0.000 0.000 0.000 0.000
0.003 0.003 0.003 0.003 0.003 0.002 0.002 0.002 0.002 0.002 0.001 0.001 0.001 0.001 0.000 0.000 0.000 0.000 0.000 0.000 0.000 0.000 0.000 0.000 0.000 0.000 0.000 0.000 0.000 0.000 0.000 0.000 0.000 0.000 0.000 0.000 0.000 0.000 0.000 0.000 0.000 0.000 0.000 0.000 0.000 0.000 0.000 0.000 0.000 0.000 0.000 0.000 0.000 0.000 0.000 0.000 0.000 0.000 0.000 0.000 0.000 0.000 0.000 0.000 0.000 0.000 0.000 0.000 0.000 0.000 0.000 0.000 0.000 0.000 0.000 0.000 0.000
0.001 0.001 0.001 0.001 0.001 0.001 0.001 0.001 0.001 0.001 0.000 0.000 0.000 0.000 0.000 0.000 0.000 0.000 0.000 0.000 0.000 0.000 0.000 0.000 0.000 0.000 0.000 0.000 0.000 0.000 0.000 0.000 0.000 0.000 0.000 0.000 0.000 0.000 0.000 0.000 0.000 0.000 0.000 0.000 0.000 0.000 0.000 0.000 0.000 0.000 0.000 0.000 0.000 0.000 0.000 0.000 0.000 0.000 0.000 0.000 0.000 0.000 0.000 0.000 0.000 0.000 0.000 0.000 0.000 0.000 0.000 0.000 0.000 0.000 0.000 0.000 0.000
0.000 0.000 0.000 0.000 0.000 0.000 0.000 0.000 0.000 0.000 0.000 0.000 0.000 0.000 0.000 0.000 0.000 0.000 0.000 0.000 0.000 0.000 0.000 0.000 0.000 0.000 0.000 0.000 0.000 0.000 0.000 0.000 0.000 0.000 0.000 0.000 0.000 0.000 0.000 0.000 0.000 0.000 0.000 0.000 0.000 0.000 0.000 0.000 0.000 0.000 0.000 0.000 0.000 0.000 0.000 0.000 0.000 0.000 0.000 0.000 0.000 0.000 0.000 0.000 0.000 0.000 0.000 0.000 0.000 0.000 0.000 0.000 0.000 0.000 0.000 0.000 0.000
0.000 0.000 0.000 0.000 0.000 0.000 0.000 0.000 0.000 0.000 0.000 0.000 0.000 0.000 0.000 0.000 0.000 0.000 0.000 0.000 0.000 0.000 0.000 0.000 0.000 0.000 0.000 0.000 0.000 0.000 0.000 0.000 0.000 0.000 0.000 0.000 0.000 0.000 0.000 0.000 0.000 0.000 0.000 0.000 0.000 0.000 0.000 0.000 0.000 0.000 0.000 0.000 0.000 0.000 0.000 0.000 0.000 0.000 0.000 0.000 0.000 0.000 0.000 0.000 0.000 0.000 0.000 0.000 0.000 0.000 0.000 0.000 0.000 0.000 0.000 0.000 0.000
0.000 0.000 0.000 0.000 0.000 0.000 0.000 0.000 0.000 0.000 0.000 0.000 0.000 0.000 0.000 0.000 0.000 0.000 0.000 0.000 0.000 0.000 0.000 0.000 0.000 0.000 0.000 0.000 0.000 0.000 0.000 0.000 0.000 0.000 0.000 0.000 0.000 0.000 0.000 0.000 0.000 0.000 0.000 0.000 0.000 0.000 0.000 0.000 0.000 0.000 0.000 0.000 0.000 0.000 0.000 0.000 0.000 0.000 0.000 0.000 0.000 0.000 0.000 0.000 0.000 0.000 0.000 0.000 0.000 0.000 0.000 0.000 0.000 0.000 0.000 0.000 0.000
0.000 0.000 0.000 0.000 0.000 0.000 0.000 0.000 0.000 0.000 0.000 0.000 0.000 0.000 0.000 0.000 0.000 0.000 0.000 0.000 0.000 0.000 0.000 0.000 0.000 0.000 0.000 0.000 0.000 0.000 0.000 0.000 0.000 0.000 0.000 0.000 0.000 0.000 0.000 0.000 0.000 0.000 0.000 0.000 0.000 0.000 0.000 0.000 0.000 0.000 0.000 0.000 0.000 0.000 0.000 0.000 0.000 0.000 0.000 0.000 0.000 0.000 0.000 0.000 0.000 0.000 0.000 0.000 0.000 0.000 0.000 0.000 0.000 0.000 0.000 0.000 0.000
0.000 0.000 0.000 0.000 0.000 0.000 0.000 0.000 0.000 0.000 0.000 0.000 0.000 0.000 0.000 0.000 0.000 0.000 0.000 0.000 0.000 0.000 0.000 0.000 0.000 0.000 0.000 0.000 0.000 0.000 0.000 0.000 0.000 0.000 0.000 0.000 0.000 0.000 0.000 0.000 0.000 0.000 0.000 0.000 0.000 0.000 0.000 0.000 0.000 0.000 0.000 0.000 0.000 0.000 0.000 0.000 0.000 0.000 0.000 0.000 0.000 0.000 0.000 0.000 0.000 0.000 0.000 0.000 0.000 0.000 0.000 0.000 0.000 0.000 0.000 0.000 0.000
0.000 0.000 0.000 0.000 0.000 0.000 0.000 0.000 0.000 0.000 0.000 0.000 0.000 0.000 0.000 0.000 0.000 0.000 0.000 0.000 0.000 0.000 0.000 0.000 0.000 0.000 0.000 0.000 0.000 0.000 0.000 0.000 0.000 0.000 0.000 0.000 0.000 0.000 0.000 0.000 0.000 0.000 0.000 0.000 0.000 0.000 0.000 0.000 0.000 0.000 0.000 0.000 0.000 0.000 0.000 0.000 0.000 0.000 0.000 0.000 0.000 0.000 0.000 0.000 0.000 0.000 0.000 0.000 0.000 0.000 0.000 0.000 0.000 0.000 0.000 0.000 0.000
