RESULTS/r.avaflow_results/41_results/41_ascii/41_hflow0045.asc
ncols 506
nrows 317
xllcenter 498237.50
yllcenter 5580050.00
cellsize 12.50
NODATA_value -9999.000
[rows 170 to 203 of 317, columns 154 to 230 of 506]
8.376 8.192 8.018 7.839 7.634 7.404 7.179 6.980 6.799 6.629 6.470 6.312 6.135 5.879 5.473 4.893 4.172 3.383 2.620 1.932 1.339 0.870 0.543 0.345 0.234 0.174 0.146 0.137 0.137 0.143 0.162 0.186 0.203 0.216 0.227 0.240 0.258 0.271 0.275 0.272 0.262 0.254 0.250 0.246 0.238 0.221 0.193 0.164 0.141 0.120 0.102 0.087 0.076 0.068 0.064 0.062 0.063 0.065 0.067 0.068 0.068 0.067 0.065 0.063 0.062 0.062 0.065 0.075 0.097 0.127 0.147 0.153 0.152 0.142 0.121 0.095 0.070
11.872 12.015 12.048 12.014 11.897 11.682 11.396 11.094 10.799 10.506 10.227 9.959 9.684 9.353 8.866 8.147 7.201 6.095 4.932 3.812 2.786 1.905 1.217 0.751 0.474 0.322 0.242 0.207 0.199 0.206 0.225 0.242 0.251 0.255 0.257 0.260 0.269 0.276 0.277 0.270 0.256 0.244 0.235 0.227 0.213 0.188 0.148 0.109 0.083 0.068 0.058 0.052 0.047 0.045 0.045 0.046 0.049 0.052 0.054 0.054 0.054 0.053 0.050 0.048 0.048 0.048 0.051 0.059 0.076 0.105 0.134 0.149 0.153 0.152 0.144 0.127 0.100
15.406 15.887 16.042 16.020 15.857 15.551 15.164 14.777 14.409 14.048 13.705 13.387 13.078 12.744 12.289 11.592 10.600 9.347 7.933 6.477 5.050 3.710 2.542 1.633 1.016 0.640 0.428 0.320 0.274 0.259 0.259 0.262 0.263 0.262 0.259 0.258 0.260 0.262 0.257 0.243 0.219 0.199 0.183 0.167 0.146 0.117 0.083 0.060 0.047 0.040 0.035 0.033 0.032 0.032 0.032 0.034 0.038 0.041 0.042 0.043 0.042 0.041 0.039 0.038 0.038 0.038 0.040 0.046 0.057 0.079 0.111 0.138 0.151 0.154 0.152 0.141 0.118
18.021 18.813 19.125 19.133 18.988 18.697 18.338 17.984 17.634 17.268 16.891 16.537 16.204 15.860 15.421 14.751 13.785 12.560 11.162 9.644 8.031 6.352 4.674 3.201 2.069 1.282 0.791 0.516 0.375 0.304 0.271 0.259 0.254 0.249 0.241 0.233 0.227 0.220 0.207 0.180 0.146 0.121 0.104 0.090 0.076 0.059 0.044 0.034 0.029 0.025 0.024 0.023 0.023 0.023 0.024 0.026 0.029 0.031 0.032 0.033 0.032 0.031 0.030 0.030 0.030 0.030 0.032 0.035 0.043 0.056 0.080 0.112 0.137 0.148 0.149 0.143 0.123
19.437 20.454 21.007 21.201 21.219 21.106 20.938 20.740 20.503 20.195 19.812 19.408 19.040 18.668 18.223 17.572 16.643 15.457 14.087 12.595 10.996 9.260 7.351 5.355 3.597 2.249 1.328 0.778 0.482 0.334 0.267 0.238 0.223 0.210 0.194 0.178 0.163 0.149 0.130 0.105 0.081 0.066 0.056 0.048 0.041 0.033 0.026 0.022 0.019 0.018 0.017 0.017 0.017 0.017 0.018 0.019 0.022 0.023 0.024 0.024 0.024 0.024 0.023 0.023 0.023 0.024 0.025 0.027 0.032 0.040 0.054 0.078 0.109 0.129 0.135 0.133 0.119
19.769 20.890 21.664 22.152 22.462 22.649 22.746 22.740 22.650 22.436 22.068 21.592 21.173 20.779 20.339 19.739 18.907 17.827 16.508 14.979 13.279 11.412 9.335 6.971 4.718 2.935 1.684 0.934 0.540 0.344 0.250 0.200 0.169 0.144 0.123 0.107 0.096 0.087 0.075 0.060 0.047 0.039 0.033 0.029 0.024 0.020 0.017 0.015 0.014 0.013 0.012 0.012 0.012 0.013 0.013 0.014 0.016 0.017 0.018 0.018 0.018 0.017 0.017 0.017 0.017 0.018 0.019 0.021 0.024 0.029 0.038 0.052 0.076 0.095 0.104 0.106 0.101
19.516 20.713 21.630 22.300 22.847 23.297 23.586 23.708 23.711 23.591 23.249 22.702 22.244 21.871 21.468 20.929 20.201 19.253 18.025 16.487 14.679 12.650 10.383 7.774 5.218 3.207 1.805 0.977 0.550 0.335 0.222 0.158 0.117 0.089 0.072 0.062 0.056 0.051 0.045 0.037 0.030 0.025 0.022 0.019 0.016 0.014 0.012 0.011 0.010 0.009 0.009 0.009 0.009 0.009 0.009 0.010 0.011 0.012 0.012 0.012 0.012 0.012 0.012 0.012 0.013 0.013 0.014 0.015 0.017 0.021 0.027 0.036 0.050 0.062 0.068 0.069 0.069
18.673 20.008 21.146 22.068 22.805 23.356 23.693 23.840 23.864 23.783 23.459 22.880 22.405 22.064 21.693 21.182 20.501 19.626 18.479 16.977 15.125 12.996 10.619 7.899 5.256 3.191 1.771 0.946 0.521 0.301 0.182 0.115 0.077 0.055 0.044 0.038 0.034 0.031 0.028 0.023 0.020 0.017 0.015 0.013 0.011 0.010 0.008 0.007 0.007 0.006 0.006 0.006 0.006 0.006 0.006 0.007 0.007 0.008 0.008 0.008 0.008 0.008 0.008 0.008 0.009 0.009 0.010 0.011 0.012 0.015 0.018 0.024 0.033 0.039 0.042 0.042 0.042
17.413 18.904 20.247 21.401 22.318 22.951 23.289 23.411 23.415 23.315 23.000 22.453 21.964 21.595 21.200 20.677 20.019 19.206 18.137 16.690 14.849 12.681 10.220 7.433 4.850 2.863 1.537 0.793 0.418 0.227 0.126 0.074 0.048 0.035 0.028 0.024 0.022 0.020 0.018 0.016 0.014 0.012 0.010 0.009 0.008 0.007 0.006 0.005 0.004 0.004 0.004 0.004 0.004 0.004 0.004 0.004 0.004 0.005 0.005 0.005 0.005 0.005 0.005 0.005 0.006 0.006 0.006 0.007 0.008 0.010 0.012 0.016 0.020 0.023 0.025 0.025 0.024
15.951 17.540 18.980 20.232 21.226 21.905 22.254 22.341 22.276 22.063 21.743 21.347 20.895 20.379 19.801 19.199 18.545 17.784 16.790 15.401 13.565 11.335 8.780 6.085 3.780 2.090 1.033 0.489 0.238 0.123 0.070 0.044 0.030 0.023 0.019 0.017 0.015 0.014 0.012 0.011 0.010 0.008 0.007 0.006 0.005 0.004 0.004 0.003 0.003 0.002 0.002 0.002 0.002 0.002 0.002 0.002 0.002 0.002 0.002 0.002 0.003 0.003 0.003 0.003 0.003 0.003 0.004 0.004 0.005 0.006 0.007 0.010 0.012 0.013 0.014 0.014 0.013
14.282 15.860 17.292 18.555 19.597 20.355 20.772 20.860 20.730 20.419 20.150 19.929 19.535 18.819 17.976 17.238 16.524 15.724 14.657 13.165 11.187 8.761 6.180 3.863 2.145 1.056 0.475 0.212 0.104 0.059 0.038 0.027 0.020 0.016 0.014 0.012 0.011 0.010 0.009 0.008 0.007 0.006 0.005 0.004 0.003 0.003 0.002 0.002 0.001 0.001 0.001 0.001 0.001 0.001 0.001 0.001 0.001 0.001 0.001 0.001 0.001 0.001 0.001 0.001 0.002 0.002 0.002 0.002 0.003 0.003 0.004 0.005 0.006 0.007 0.007 0.007 0.007
12.338 13.812 15.211 16.534 17.724 18.685 19.301 19.508 19.416 19.132 18.880 18.648 18.186 17.347 16.378 15.516 14.631 13.564 12.138 10.234 7.790 5.259 3.195 1.772 0.896 0.415 0.183 0.086 0.047 0.031 0.023 0.018 0.014 0.012 0.010 0.009 0.008 0.007 0.006 0.005 0.004 0.004 0.003 0.002 0.002 0.001 0.001 0.001 0.000 0.000 0.000 0.000 0.000 0.000 0.000 0.000 0.000 0.000 0.000 0.000 0.000 0.000 0.000 0.000 0.000 0.001 0.001 0.001 0.001 0.001 0.002 0.003 0.003 0.003 0.003 0.003 0.003
10.200 11.544 12.927 14.353 15.762 16.969 17.798 18.139 18.109 17.877 17.560 17.165 16.534 15.621 14.611 13.633 12.548 11.097 9.071 6.563 4.156 2.383 1.238 0.607 0.294 0.142 0.070 0.039 0.026 0.019 0.015 0.012 0.010 0.009 0.007 0.006 0.005 0.005 0.004 0.003 0.003 0.002 0.001 0.001 0.001 0.000 0.000 0.000 0.000 0.000 0.000 0.000 0.000 0.000 0.000 0.000 0.000 0.000 0.000 0.000 0.000 0.000 0.000 0.000 0.000 0.000 0.000 0.000 0.000 0.000 0.001 0.001 0.001 0.001 0.001 0.001 0.001
8.207 9.380 10.633 12.021 13.511 14.821 15.764 16.218 16.257 16.032 15.518 14.774 13.865 12.884 11.860 10.746 9.370 7.463 5.132 3.043 1.620 0.765 0.345 0.168 0.090 0.051 0.031 0.021 0.016 0.013 0.011 0.009 0.007 0.006 0.005 0.004 0.003 0.003 0.002 0.002 0.001 0.001 0.001 0.000 0.000 0.000 0.000 0.000 0.000 0.000 0.000 0.000 0.000 0.000 0.000 0.000 0.000 0.000 0.000 0.000 0.000 0.000 0.000 0.000 0.000 0.000 0.000 0.000 0.000 0.000 0.000 0.000 0.000 0.000 0.000 0.000 0.000
6.296 7.229 8.217 9.286 10.436 11.513 12.354 12.816 12.892 12.671 12.018 10.949 9.681 8.531 7.441 6.266 4.889 3.326 1.905 0.937 0.411 0.178 0.089 0.053 0.035 0.024 0.018 0.014 0.011 0.009 0.008 0.006 0.005 0.004 0.003 0.003 0.002 0.001 0.001 0.001 0.000 0.000 0.000 0.000 0.000 0.000 0.000 0.000 0.000 0.000 0.000 0.000 0.000 0.000 0.000 0.000 0.000 0.000 0.000 0.000 0.000 0.000 0.000 0.000 0.000 0.000 0.000 0.000 0.000 0.000 0.000 0.000 0.000 0.000 0.000 0.000 0.000
4.370 4.875 5.348 5.791 6.252 6.775 7.285 7.602 7.673 7.520 6.959 5.993 4.854 3.915 3.139 2.420 1.668 0.942 0.446 0.191 0.089 0.050 0.033 0.024 0.019 0.015 0.012 0.010 0.008 0.007 0.005 0.004 0.003 0.003 0.002 0.001 0.001 0.001 0.000 0.000 0.000 0.000 0.000 0.000 0.000 0.000 0.000 0.000 0.000 0.000 0.000 0.000 0.000 0.000 0.000 0.000 0.000 0.000 0.000 0.000 0.000 0.000 0.000 0.000 0.000 0.000 0.000 0.000 0.000 0.000 0.000 0.000 0.000 0.000 0.000 0.000 0.000
2.589 2.691 2.746 2.777 2.815 2.903 3.054 3.158 3.178 3.112 2.851 2.348 1.710 1.219 0.878 0.613 0.372 0.190 0.091 0.049 0.031 0.023 0.018 0.015 0.013 0.010 0.009 0.007 0.006 0.005 0.004 0.003 0.002 0.001 0.001 0.000 0.000 0.000 0.000 0.000 0.000 0.000 0.000 0.000 0.000 0.000 0.000 0.000 0.000 0.000 0.000 0.000 0.000 0.000 0.000 0.000 0.000 0.000 0.000 0.000 0.000 0.000 0.000 0.000 0.000 0.000 0.000 0.000 0.000 0.000 0.000 0.000 0.000 0.000 0.000 0.000 0.000
1.208 1.128 1.056 0.995 0.942 0.911 0.917 0.923 0.914 0.884 0.798 0.632 0.421 0.278 0.194 0.133 0.083 0.049 0.031 0.022 0.018 0.015 0.013 0.011 0.009 0.008 0.006 0.005 0.004 0.003 0.002 0.001 0.001 0.000 0.000 0.000 0.000 0.000 0.000 0.000 0.000 0.000 0.000 0.000 0.000 0.000 0.000 0.000 0.000 0.000 0.000 0.000 0.000 0.000 0.000 0.000 0.000 0.000 0.000 0.000 0.000 0.000 0.000 0.000 0.000 0.000 0.000 0.000 0.000 0.000 0.000 0.000 0.000 0.000 0.000 0.000 0.000
0.422 0.369 0.337 0.313 0.287 0.263 0.248 0.238 0.228 0.215 0.193 0.153 0.103 0.072 0.053 0.040 0.030 0.022 0.018 0.015 0.012 0.011 0.009 0.008 0.006 0.005 0.004 0.003 0.002 0.002 0.001 0.001 0.000 0.000 0.000 0.000 0.000 0.000 0.000 0.000 0.000 0.000 0.000 0.000 0.000 0.000 0.000 0.000 0.000 0.000 0.000 0.000 0.000 0.000 0.000 0.000 0.000 0.000 0.000 0.000 0.000 0.000 0.000 0.000 0.000 0.000 0.000 0.000 0.000 0.000 0.000 0.000 0.000 0.000 0.000 0.000 0.000
0.138 0.123 0.115 0.109 0.100 0.088 0.079 0.073 0.068 0.063 0.057 0.048 0.037 0.029 0.024 0.020 0.017 0.014 0.012 0.010 0.009 0.008 0.006 0.005 0.004 0.003 0.003 0.002 0.001 0.001 0.000 0.000 0.000 0.000 0.000 0.000 0.000 0.000 0.000 0.000 0.000 0.000 0.000 0.000 0.000 0.000 0.000 0.000 0.000 0.000 0.000 0.000 0.000 0.000 0.000 0.000 0.000 0.000 0.000 0.000 0.000 0.000 0.000 0.000 0.000 0.000 0.000 0.000 0.000 0.000 0.000 0.000 0.000 0.000 0.000 0.000 0.000
0.054 0.050 0.047 0.045 0.043 0.038 0.034 0.031 0.029 0.027 0.026 0.023 0.020 0.017 0.015 0.013 0.012 0.010 0.009 0.007 0.006 0.005 0.004 0.003 0.003 0.002 0.001 0.001 0.000 0.000 0.000 0.000 0.000 0.000 0.000 0.000 0.000 0.000 0.000 0.000 0.000 0.000 0.000 0.000 0.000 0.000 0.000 0.000 0.000 0.000 0.000 0.000 0.000 0.000 0.000 0.000 0.000 0.000 0.000 0.000 0.000 0.000 0.000 0.000 0.000 0.000 0.000 0.000 0.000 0.000 0.000 0.000 0.000 0.000 0.000 0.000 0.000
0.026 0.025 0.024 0.023 0.023 0.021 0.019 0.018 0.017 0.016 0.016 0.015 0.013 0.012 0.011 0.009 0.008 0.007 0.006 0.005 0.004 0.003 0.003 0.002 0.001 0.001 0.000 0.000 0.000 0.000 0.000 0.000 0.000 0.000 0.000 0.000 0.000 0.000 0.000 0.000 0.000 0.000 0.000 0.000 0.000 0.000 0.000 0.000 0.000 0.000 0.000 0.000 0.000 0.000 0.000 0.000 0.000 0.000 0.000 0.000 0.000 0.000 0.000 0.000 0.000 0.000 0.000 0.000 0.000 0.000 0.000 0.000 0.000 0.000 0.000 0.000 0.000
0.016 0.015 0.015 0.014 0.014 0.013 0.013 0.012 0.011 0.011 0.011 0.010 0.009 0.008 0.007 0.006 0.005 0.005 0.004 0.003 0.002 0.002 0.001 0.001 0.000 0.000 0.000 0.000 0.000 0.000 0.000 0.000 0.000 0.000 0.000 0.000 0.000 0.000 0.000 0.000 0.000 0.000 0.000 0.000 0.000 0.000 0.000 0.000 0.000 0.000 0.000 0.000 0.000 0.000 0.000 0.000 0.000 0.000 0.000 0.000 0.000 0.000 0.000 0.000 0.000 0.000 0.000 0.000 0.000 0.000 0.000 0.000 0.000 0.000 0.000 0.000 0.000
0.010 0.010 0.010 0.009 0.009 0.009 0.009 0.008 0.008 0.008 0.007 0.007 0.006 0.006 0.005 0.004 0.003 0.003 0.002 0.002 0.001 0.001 0.000 0.000 0.000 0.000 0.000 0.000 0.000 0.000 0.000 0.000 0.000 0.000 0.000 0.000 0.000 0.000 0.000 0.000 0.000 0.000 0.000 0.000 0.000 0.000 0.000 0.000 0.000 0.000 0.000 0.000 0.000 0.000 0.000 0.000 0.000 0.000 0.000 0.000 0.000 0.000 0.000 0.000 0.000 0.000 0.000 0.000 0.000 0.000 0.000 0.000 0.000 0.000 0.000 0.000 0.000
0.007 0.007 0.007 0.006 0.006 0.006 0.006 0.006 0.005 0.005 0.005 0.004 0.004 0.003 0.003 0.002 0.002 0.001 0.001 0.001 0.000 0.000 0.000 0.000 0.000 0.000 0.000 0.000 0.000 0.000 0.000 0.000 0.000 0.000 0.000 0.000 0.000 0.000 0.000 0.000 0.000 0.000 0.000 0.000 0.000 0.000 0.000 0.000 0.000 0.000 0.000 0.000 0.000 0.000 0.000 0.000 0.000 0.000 0.000 0.000 0.000 0.000 0.000 0.000 0.000 0.000 0.000 0.000 0.000 0.000 0.000 0.000 0.000 0.000 0.000 0.000 0.000
0.004 0.004 0.004 0.004 0.004 0.004 0.004 0.004 0.003 0.003 0.003 0.003 0.002 0.002 0.001 0.001 0.001 0.000 0.000 0.000 0.000 0.000 0.000 0.000 0.000 0.000 0.000 0.000 0.000 0.000 0.000 0.000 0.000 0.000 0.000 0.000 0.000 0.000 0.000 0.000 0.000 0.000 0.000 0.000 0.000 0.000 0.000 0.000 0.000 0.000 0.000 0.000 0.000 0.000 0.000 0.000 0.000 0.000 0.000 0.000 0.000 0.000 0.000 0.000 0.000 0.000 0.000 0.000 0.000 0.000 0.000 0.000 0.000 0.000 0.000 0.000 0.000
0.003 0.003 0.003 0.003 0.002 0.002 0.002 0.002 0.002 0.002 0.001 0.001 0.001 0.001 0.000 0.000 0.000 0.000 0.000 0.000 0.000 0.000 0.000 0.000 0.000 0.000 0.000 0.000 0.000 0.000 0.000 0.000 0.000 0.000 0.000 0.000 0.000 0.000 0.000 0.000 0.000 0.000 0.000 0.000 0.000 0.000 0.000 0.000 0.000 0.000 0.000 0.000 0.000 0.000 0.000 0.000 0.000 0.000 0.000 0.000 0.000 0.000 0.000 0.000 0.000 0.000 0.000 0.000 0.000 0.000 0.000 0.000 0.000 0.000 0.000 0.000 0.000
0.001 0.001 0.001 0.001 0.001 0.001 0.001 0.001 0.001 0.001 0.000 0.000 0.000 0.000 0.000 0.000 0.000 0.000 0.000 0.000 0.000 0.000 0.000 0.000 0.000 0.000 0.000 0.000 0.000 0.000 0.000 0.000 0.000 0.000 0.000 0.000 0.000 0.000 0.000 0.000 0.000 0.000 0.000 0.000 0.000 0.000 0.000 0.000 0.000 0.000 0.000 0.000 0.000 0.000 0.000 0.000 0.000 0.000 0.000 0.000 0.000 0.000 0.000 0.000 0.000 0.000 0.000 0.000 0.000 0.000 0.000 0.000 0.000 0.000 0.000 0.000 0.000
0.000 0.000 0.000 0.000 0.000 0.000 0.000 0.000 0.000 0.000 0.000 0.000 0.000 0.000 0.000 0.000 0.000 0.000 0.000 0.000 0.000 0.000 0.000 0.000 0.000 0.000 0.000 0.000 0.000 0.000 0.000 0.000 0.000 0.000 0.000 0.000 0.000 0.000 0.000 0.000 0.000 0.000 0.000 0.000 0.000 0.000 0.000 0.000 0.000 0.000 0.000 0.000 0.000 0.000 0.000 0.000 0.000 0.000 0.000 0.000 0.000 0.000 0.000 0.000 0.000 0.000 0.000 0.000 0.000 0.000 0.000 0.000 0.000 0.000 0.000 0.000 0.000
0.000 0.000 0.000 0.000 0.000 0.000 0.000 0.000 0.000 0.000 0.000 0.000 0.000 0.000 0.000 0.000 0.000 0.000 0.000 0.000 0.000 0.000 0.000 0.000 0.000 0.000 0.000 0.000 0.000 0.000 0.000 0.000 0.000 0.000 0.000 0.000 0.000 0.000 0.000 0.000 0.000 0.000 0.000 0.000 0.000 0.000 0.000 0.000 0.000 0.000 0.000 0.000 0.000 0.000 0.000 0.000 0.000 0.000 0.000 0.000 0.000 0.000 0.000 0.000 0.000 0.000 0.000 0.000 0.000 0.000 0.000 0.000 0.000 0.000 0.000 0.000 0.000
0.000 0.000 0.000 0.000 0.000 0.000 0.000 0.000 0.000 0.000 0.000 0.000 0.000 0.000 0.000 0.000 0.000 0.000 0.000 0.000 0.000 0.000 0.000 0.000 0.000 0.000 0.000 0.000 0.000 0.000 0.000 0.000 0.000 0.000 0.000 0.000 0.000 0.000 0.000 0.000 0.000 0.000 0.000 0.000 0.000 0.000 0.000 0.000 0.000 0.000 0.000 0.000 0.000 0.000 0.000 0.000 0.000 0.000 0.000 0.000 0.000 0.000 0.000 0.000 0.000 0.000 0.000 0.000 0.000 0.000 0.000 0.000 0.000 0.000 0.000 0.000 0.000
0.000 0.000 0.000 0.000 0.000 0.000 0.000 0.000 0.000 0.000 0.000 0.000 0.000 0.000 0.000 0.000 0.000 0.000 0.000 0.000 0.000 0.000 0.000 0.000 0.000 0.000 0.000 0.000 0.000 0.000 0.000 0.000 0.000 0.000 0.000 0.000 0.000 0.000 0.000 0.000 0.000 0.000 0.000 0.000 0.000 0.000 0.000 0.000 0.000 0.000 0.000 0.000 0.000 0.000 0.000 0.000 0.000 0.000 0.000 0.000 0.000 0.000 0.000 0.000 0.000 0.000 0.000 0.000 0.000 0.000 0.000 0.000 0.000 0.000 0.000 0.000 0.000
0.000 0.000 0.000 0.000 0.000 0.000 0.000 0.000 0.000 0.000 0.000 0.000 0.000 0.000 0.000 0.000 0.000 0.000 0.000 0.000 0.000 0.000 0.000 0.000 0.000 0.000 0.000 0.000 0.000 0.000 0.000 0.000 0.000 0.000 0.000 0.000 0.000 0.000 0.000 0.000 0.000 0.000 0.000 0.000 0.000 0.000 0.000 0.000 0.000 0.000 0.000 0.000 0.000 0.000 0.000 0.000 0.000 0.000 0.000 0.000 0.000 0.000 0.000 0.000 0.000 0.000 0.000 0.000 0.000 0.000 0.000 0.000 0.000 0.000 0.000 0.000 0.000
0.000 0.000 0.000 0.000 0.000 0.000 0.000 0.000 0.000 0.000 0.000 0.000 0.000 0.000 0.000 0.000 0.000 0.000 0.000 0.000 0.000 0.000 0.000 0.000 0.000 0.000 0.000 0.000 0.000 0.000 0.000 0.000 0.000 0.000 0.000 0.000 0.000 0.000 0.000 0.000 0.000 0.000 0.000 0.000 0.000 0.000 0.000 0.000 0.000 0.000 0.000 0.000 0.000 0.000 0.000 0.000 0.000 0.000 0.000 0.000 0.000 0.000 0.000 0.000 0.000 0.000 0.000 0.000 0.000 0.000 0.000 0.000 0.000 0.000 0.000 0.000 0.000
