RESULTS/r.avaflow_results/41_results/41_ascii/41_hflow30046.asc
ncols 506
nrows 317
xllcenter 498237.50
yllcenter 5580050.00
cellsize 12.50
NODATA_value -9999.000
[rows 170 to 203 of 317, columns 154 to 230 of 506]
8.268 8.089 7.920 7.746 7.546 7.321 7.102 6.907 6.732 6.567 6.413 6.263 6.092 5.841 5.440 4.864 4.146 3.361 2.602 1.916 1.326 0.860 0.536 0.339 0.230 0.171 0.144 0.135 0.135 0.142 0.161 0.186 0.204 0.216 0.227 0.240 0.258 0.270 0.274 0.270 0.260 0.252 0.247 0.242 0.234 0.217 0.189 0.161 0.138 0.117 0.100 0.086 0.075 0.068 0.064 0.063 0.063 0.066 0.068 0.069 0.070 0.069 0.067 0.064 0.063 0.063 0.066 0.075 0.096 0.125 0.145 0.152 0.151 0.141 0.121 0.097 0.073
11.731 11.876 11.913 11.884 11.772 11.564 11.285 10.991 10.703 10.419 10.149 9.891 9.626 9.304 8.824 8.111 7.170 6.067 4.908 3.792 2.768 1.889 1.205 0.741 0.467 0.316 0.238 0.204 0.196 0.204 0.223 0.242 0.251 0.255 0.257 0.261 0.269 0.275 0.276 0.268 0.253 0.241 0.232 0.223 0.210 0.184 0.145 0.107 0.082 0.066 0.057 0.051 0.047 0.045 0.045 0.046 0.049 0.052 0.054 0.055 0.055 0.054 0.051 0.049 0.049 0.049 0.051 0.059 0.075 0.103 0.133 0.149 0.154 0.153 0.147 0.132 0.108
15.231 15.713 15.870 15.850 15.692 15.391 15.012 14.634 14.277 13.927 13.597 13.294 12.999 12.676 12.232 11.543 10.559 9.313 7.903 6.452 5.028 3.690 2.524 1.618 1.004 0.631 0.421 0.315 0.270 0.256 0.257 0.261 0.262 0.262 0.259 0.258 0.260 0.261 0.256 0.241 0.216 0.197 0.181 0.164 0.144 0.115 0.081 0.058 0.046 0.039 0.035 0.033 0.032 0.032 0.033 0.035 0.038 0.041 0.043 0.043 0.043 0.042 0.040 0.038 0.038 0.038 0.040 0.046 0.057 0.078 0.109 0.137 0.152 0.156 0.156 0.149 0.131
17.809 18.601 18.914 18.924 18.781 18.496 18.144 17.801 17.464 17.113 16.753 16.418 16.103 15.775 15.349 14.689 13.733 12.516 11.125 9.614 8.006 6.329 4.653 3.183 2.052 1.268 0.780 0.508 0.369 0.300 0.268 0.258 0.254 0.249 0.241 0.233 0.226 0.219 0.206 0.178 0.144 0.120 0.103 0.089 0.075 0.058 0.043 0.034 0.028 0.025 0.024 0.023 0.023 0.023 0.024 0.026 0.029 0.032 0.033 0.033 0.033 0.032 0.031 0.030 0.030 0.030 0.032 0.036 0.043 0.056 0.079 0.111 0.139 0.153 0.155 0.152 0.137
19.184 20.201 20.753 20.949 20.970 20.862 20.703 20.517 20.295 20.005 19.644 19.265 18.919 18.566 18.138 17.500 16.582 15.406 14.044 12.560 10.967 9.236 7.330 5.336 3.578 2.233 1.315 0.768 0.475 0.329 0.263 0.236 0.221 0.209 0.194 0.178 0.163 0.148 0.130 0.104 0.080 0.065 0.055 0.047 0.040 0.032 0.026 0.022 0.019 0.018 0.017 0.017 0.017 0.017 0.018 0.019 0.022 0.024 0.025 0.025 0.025 0.024 0.023 0.023 0.023 0.024 0.025 0.028 0.033 0.041 0.054 0.078 0.112 0.136 0.145 0.144 0.135
19.469 20.591 21.365 21.854 22.168 22.361 22.468 22.478 22.405 22.214 21.874 21.427 21.035 20.664 20.244 19.660 18.842 17.773 16.463 14.943 13.249 11.388 9.316 6.954 4.701 2.920 1.670 0.923 0.532 0.339 0.246 0.198 0.167 0.143 0.122 0.107 0.096 0.086 0.075 0.059 0.047 0.038 0.033 0.028 0.024 0.020 0.017 0.015 0.014 0.013 0.012 0.012 0.012 0.013 0.013 0.014 0.016 0.017 0.018 0.018 0.018 0.018 0.018 0.018 0.018 0.019 0.020 0.022 0.025 0.030 0.039 0.054 0.081 0.106 0.119 0.123 0.120
19.171 20.368 21.286 21.959 22.511 22.970 23.271 23.410 23.434 23.341 23.033 22.519 22.091 21.745 21.365 20.844 20.132 19.197 17.980 16.450 14.649 12.626 10.365 7.759 5.203 3.192 1.792 0.967 0.542 0.330 0.219 0.155 0.115 0.088 0.071 0.061 0.056 0.051 0.044 0.036 0.030 0.025 0.021 0.018 0.016 0.014 0.012 0.011 0.010 0.009 0.009 0.009 0.009 0.009 0.009 0.010 0.011 0.012 0.012 0.013 0.013 0.013 0.013 0.013 0.013 0.014 0.015 0.016 0.019 0.022 0.029 0.039 0.056 0.074 0.084 0.088 0.089
18.287 19.623 20.763 21.688 22.431 22.993 23.343 23.509 23.559 23.510 23.223 22.682 22.240 21.928 21.582 21.091 20.427 19.567 18.432 16.940 15.096 12.973 10.601 7.885 5.241 3.177 1.758 0.936 0.513 0.296 0.179 0.113 0.075 0.055 0.043 0.037 0.034 0.031 0.027 0.023 0.020 0.017 0.015 0.013 0.011 0.010 0.008 0.007 0.007 0.006 0.006 0.006 0.006 0.006 0.006 0.007 0.007 0.008 0.008 0.008 0.009 0.009 0.009 0.009 0.009 0.010 0.010 0.012 0.013 0.016 0.021 0.028 0.038 0.049 0.054 0.057 0.057
16.992 18.484 19.830 20.988 21.913 22.556 22.909 23.053 23.086 23.023 22.748 22.241 21.788 21.450 21.082 20.581 19.941 19.145 18.089 16.651 14.819 12.657 10.203 7.419 4.835 2.849 1.525 0.784 0.412 0.222 0.123 0.072 0.047 0.034 0.028 0.024 0.022 0.020 0.018 0.015 0.014 0.012 0.010 0.009 0.008 0.007 0.006 0.005 0.004 0.004 0.004 0.004 0.004 0.004 0.004 0.004 0.004 0.005 0.005 0.005 0.005 0.006 0.006 0.006 0.006 0.006 0.007 0.008 0.009 0.011 0.014 0.019 0.025 0.031 0.034 0.035 0.035
15.502 17.092 18.534 19.789 20.792 21.481 21.848 21.960 21.927 21.752 21.476 21.123 20.709 20.224 19.673 19.095 18.461 17.718 16.738 15.360 13.533 11.310 8.762 6.070 3.765 2.077 1.022 0.482 0.234 0.120 0.068 0.043 0.030 0.023 0.019 0.017 0.015 0.014 0.012 0.011 0.009 0.008 0.007 0.006 0.005 0.004 0.004 0.003 0.003 0.002 0.002 0.002 0.002 0.002 0.002 0.002 0.002 0.002 0.003 0.003 0.003 0.003 0.003 0.003 0.004 0.004 0.004 0.005 0.006 0.007 0.009 0.012 0.016 0.019 0.020 0.021 0.020
13.809 15.388 16.821 18.089 19.139 19.909 20.345 20.460 20.366 20.094 19.874 19.697 19.341 18.657 17.843 17.130 16.436 15.655 14.603 13.123 11.154 8.736 6.160 3.846 2.130 1.045 0.469 0.208 0.102 0.057 0.037 0.026 0.020 0.016 0.013 0.012 0.011 0.010 0.009 0.007 0.007 0.006 0.005 0.004 0.003 0.003 0.002 0.002 0.001 0.001 0.001 0.001 0.001 0.001 0.001 0.001 0.001 0.001 0.001 0.001 0.001 0.002 0.002 0.002 0.002 0.002 0.002 0.003 0.003 0.004 0.006 0.007 0.009 0.011 0.011 0.011 0.011
11.845 13.319 14.720 16.048 17.247 18.223 18.862 19.098 19.043 18.801 18.599 18.413 17.990 17.184 16.245 15.409 14.545 13.497 12.085 10.193 7.758 5.234 3.176 1.758 0.886 0.410 0.180 0.084 0.046 0.030 0.022 0.017 0.014 0.011 0.010 0.009 0.008 0.007 0.006 0.005 0.004 0.004 0.003 0.002 0.002 0.001 0.001 0.001 0.000 0.000 0.000 0.000 0.000 0.000 0.000 0.000 0.000 0.000 0.000 0.000 0.000 0.000 0.001 0.001 0.001 0.001 0.001 0.001 0.002 0.002 0.003 0.004 0.005 0.006 0.006 0.006 0.006
9.690 11.033 12.419 13.852 15.275 16.500 17.353 17.724 17.731 17.544 17.277 16.928 16.337 15.457 14.479 13.528 12.467 11.034 9.024 6.527 4.129 2.364 1.226 0.600 0.290 0.139 0.068 0.038 0.025 0.018 0.015 0.012 0.010 0.008 0.007 0.006 0.005 0.004 0.004 0.003 0.003 0.002 0.001 0.001 0.001 0.000 0.000 0.000 0.000 0.000 0.000 0.000 0.000 0.000 0.000 0.000 0.000 0.000 0.000 0.000 0.000 0.000 0.000 0.000 0.000 0.000 0.000 0.000 0.001 0.001 0.001 0.002 0.002 0.003 0.003 0.003 0.003
7.685 8.859 10.116 11.514 13.020 14.350 15.318 15.802 15.879 15.699 15.236 14.537 13.668 12.722 11.731 10.644 9.293 7.408 5.092 3.015 1.603 0.757 0.341 0.166 0.089 0.050 0.030 0.020 0.015 0.012 0.010 0.008 0.007 0.006 0.005 0.004 0.003 0.003 0.002 0.002 0.001 0.001 0.001 0.000 0.000 0.000 0.000 0.000 0.000 0.000 0.000 0.000 0.000 0.000 0.000 0.000 0.000 0.000 0.000 0.000 0.000 0.000 0.000 0.000 0.000 0.000 0.000 0.000 0.000 0.000 0.000 0.001 0.001 0.001 0.001 0.001 0.001
5.767 6.702 7.698 8.782 9.952 11.052 11.921 12.413 12.525 12.348 11.746 10.723 9.496 8.383 7.324 6.179 4.827 3.286 1.882 0.925 0.405 0.175 0.088 0.052 0.034 0.023 0.017 0.013 0.011 0.009 0.007 0.006 0.005 0.004 0.003 0.003 0.002 0.001 0.001 0.001 0.000 0.000 0.000 0.000 0.000 0.000 0.000 0.000 0.000 0.000 0.000 0.000 0.000 0.000 0.000 0.000 0.000 0.000 0.000 0.000 0.000 0.000 0.000 0.000 0.000 0.000 0.000 0.000 0.000 0.000 0.000 0.000 0.000 0.000 0.000 0.000 0.000
3.841 4.355 4.850 5.327 5.824 6.379 6.918 7.265 7.365 7.248 6.734 5.815 4.718 3.815 3.067 2.372 1.640 0.927 0.439 0.188 0.087 0.049 0.032 0.024 0.018 0.014 0.012 0.009 0.008 0.006 0.005 0.004 0.003 0.002 0.002 0.001 0.001 0.000 0.000 0.000 0.000 0.000 0.000 0.000 0.000 0.000 0.000 0.000 0.000 0.000 0.000 0.000 0.000 0.000 0.000 0.000 0.000 0.000 0.000 0.000 0.000 0.000 0.000 0.000 0.000 0.000 0.000 0.000 0.000 0.000 0.000 0.000 0.000 0.000 0.000 0.000 0.000
2.117 2.255 2.366 2.459 2.550 2.674 2.850 2.974 3.011 2.965 2.733 2.264 1.654 1.182 0.855 0.600 0.365 0.187 0.089 0.047 0.030 0.022 0.018 0.015 0.012 0.010 0.008 0.007 0.005 0.004 0.003 0.003 0.002 0.001 0.001 0.000 0.000 0.000 0.000 0.000 0.000 0.000 0.000 0.000 0.000 0.000 0.000 0.000 0.000 0.000 0.000 0.000 0.000 0.000 0.000 0.000 0.000 0.000 0.000 0.000 0.000 0.000 0.000 0.000 0.000 0.000 0.000 0.000 0.000 0.000 0.000 0.000 0.000 0.000 0.000 0.000 0.000
0.922 0.904 0.888 0.869 0.846 0.833 0.850 0.865 0.862 0.840 0.763 0.608 0.406 0.270 0.189 0.130 0.081 0.048 0.030 0.022 0.017 0.014 0.012 0.010 0.009 0.007 0.006 0.005 0.004 0.003 0.002 0.001 0.001 0.000 0.000 0.000 0.000 0.000 0.000 0.000 0.000 0.000 0.000 0.000 0.000 0.000 0.000 0.000 0.000 0.000 0.000 0.000 0.000 0.000 0.000 0.000 0.000 0.000 0.000 0.000 0.000 0.000 0.000 0.000 0.000 0.000 0.000 0.000 0.000 0.000 0.000 0.000 0.000 0.000 0.000 0.000 0.000
0.318 0.294 0.282 0.272 0.257 0.239 0.230 0.223 0.215 0.204 0.184 0.147 0.100 0.070 0.052 0.039 0.029 0.022 0.017 0.014 0.012 0.010 0.009 0.007 0.006 0.005 0.004 0.003 0.002 0.002 0.001 0.001 0.000 0.000 0.000 0.000 0.000 0.000 0.000 0.000 0.000 0.000 0.000 0.000 0.000 0.000 0.000 0.000 0.000 0.000 0.000 0.000 0.000 0.000 0.000 0.000 0.000 0.000 0.000 0.000 0.000 0.000 0.000 0.000 0.000 0.000 0.000 0.000 0.000 0.000 0.000 0.000 0.000 0.000 0.000 0.000 0.000
0.104 0.099 0.097 0.095 0.090 0.081 0.073 0.068 0.064 0.060 0.055 0.046 0.035 0.028 0.023 0.019 0.016 0.014 0.012 0.010 0.009 0.007 0.006 0.005 0.004 0.003 0.002 0.002 0.001 0.001 0.000 0.000 0.000 0.000 0.000 0.000 0.000 0.000 0.000 0.000 0.000 0.000 0.000 0.000 0.000 0.000 0.000 0.000 0.000 0.000 0.000 0.000 0.000 0.000 0.000 0.000 0.000 0.000 0.000 0.000 0.000 0.000 0.000 0.000 0.000 0.000 0.000 0.000 0.000 0.000 0.000 0.000 0.000 0.000 0.000 0.000 0.000
0.041 0.040 0.040 0.040 0.039 0.035 0.032 0.029 0.027 0.026 0.024 0.022 0.019 0.017 0.015 0.013 0.011 0.010 0.008 0.007 0.006 0.005 0.004 0.003 0.003 0.002 0.001 0.001 0.000 0.000 0.000 0.000 0.000 0.000 0.000 0.000 0.000 0.000 0.000 0.000 0.000 0.000 0.000 0.000 0.000 0.000 0.000 0.000 0.000 0.000 0.000 0.000 0.000 0.000 0.000 0.000 0.000 0.000 0.000 0.000 0.000 0.000 0.000 0.000 0.000 0.000 0.000 0.000 0.000 0.000 0.000 0.000 0.000 0.000 0.000 0.000 0.000
0.021 0.021 0.021 0.021 0.021 0.020 0.018 0.017 0.016 0.015 0.015 0.014 0.013 0.012 0.010 0.009 0.008 0.007 0.006 0.005 0.004 0.003 0.003 0.002 0.001 0.001 0.000 0.000 0.000 0.000 0.000 0.000 0.000 0.000 0.000 0.000 0.000 0.000 0.000 0.000 0.000 0.000 0.000 0.000 0.000 0.000 0.000 0.000 0.000 0.000 0.000 0.000 0.000 0.000 0.000 0.000 0.000 0.000 0.000 0.000 0.000 0.000 0.000 0.000 0.000 0.000 0.000 0.000 0.000 0.000 0.000 0.000 0.000 0.000 0.000 0.000 0.000
0.013 0.013 0.013 0.013 0.013 0.013 0.012 0.011 0.011 0.010 0.010 0.009 0.009 0.008 0.007 0.006 0.005 0.004 0.004 0.003 0.002 0.002 0.001 0.001 0.000 0.000 0.000 0.000 0.000 0.000 0.000 0.000 0.000 0.000 0.000 0.000 0.000 0.000 0.000 0.000 0.000 0.000 0.000 0.000 0.000 0.000 0.000 0.000 0.000 0.000 0.000 0.000 0.000 0.000 0.000 0.000 0.000 0.000 0.000 0.000 0.000 0.000 0.000 0.000 0.000 0.000 0.000 0.000 0.000 0.000 0.000 0.000 0.000 0.000 0.000 0.000 0.000
0.008 0.009 0.009 0.009 0.009 0.008 0.008 0.008 0.007 0.007 0.007 0.006 0.006 0.005 0.005 0.004 0.003 0.003 0.002 0.002 0.001 0.001 0.000 0.000 0.000 0.000 0.000 0.000 0.000 0.000 0.000 0.000 0.000 0.000 0.000 0.000 0.000 0.000 0.000 0.000 0.000 0.000 0.000 0.000 0.000 0.000 0.000 0.000 0.000 0.000 0.000 0.000 0.000 0.000 0.000 0.000 0.000 0.000 0.000 0.000 0.000 0.000 0.000 0.000 0.000 0.000 0.000 0.000 0.000 0.000 0.000 0.000 0.000 0.000 0.000 0.000 0.000
0.006 0.006 0.006 0.006 0.006 0.006 0.006 0.005 0.005 0.005 0.005 0.004 0.004 0.003 0.003 0.002 0.002 0.001 0.001 0.001 0.000 0.000 0.000 0.000 0.000 0.000 0.000 0.000 0.000 0.000 0.000 0.000 0.000 0.000 0.000 0.000 0.000 0.000 0.000 0.000 0.000 0.000 0.000 0.000 0.000 0.000 0.000 0.000 0.000 0.000 0.000 0.000 0.000 0.000 0.000 0.000 0.000 0.000 0.000 0.000 0.000 0.000 0.000 0.000 0.000 0.000 0.000 0.000 0.000 0.000 0.000 0.000 0.000 0.000 0.000 0.000 0.000
0.004 0.004 0.004 0.004 0.004 0.004 0.004 0.003 0.003 0.003 0.003 0.002 0.002 0.002 0.001 0.001 0.001 0.000 0.000 0.000 0.000 0.000 0.000 0.000 0.000 0.000 0.000 0.000 0.000 0.000 0.000 0.000 0.000 0.000 0.000 0.000 0.000 0.000 0.000 0.000 0.000 0.000 0.000 0.000 0.000 0.000 0.000 0.000 0.000 0.000 0.000 0.000 0.000 0.000 0.000 0.000 0.000 0.000 0.000 0.000 0.000 0.000 0.000 0.000 0.000 0.000 0.000 0.000 0.000 0.000 0.000 0.000 0.000 0.000 0.000 0.000 0.000
0.002 0.002 0.002 0.002 0.002 0.002 0.002 0.002 0.002 0.002 0.001 0.001 0.001 0.001 0.000 0.000 0.000 0.000 0.000 0.000 0.000 0.000 0.000 0.000 0.000 0.000 0.000 0.000 0.000 0.000 0.000 0.000 0.000 0.000 0.000 0.000 0.000 0.000 0.000 0.000 0.000 0.000 0.000 0.000 0.000 0.000 0.000 0.000 0.000 0.000 0.000 0.000 0.000 0.000 0.000 0.000 0.000 0.000 0.000 0.000 0.000 0.000 0.000 0.000 0.000 0.000 0.000 0.000 0.000 0.000 0.000 0.000 0.000 0.000 0.000 0.000 0.000
0.001 0.001 0.001 0.001 0.001 0.001 0.001 0.001 0.001 0.001 0.000 0.000 0.000 0.000 0.000 0.000 0.000 0.000 0.000 0.000 0.000 0.000 0.000 0.000 0.000 0.000 0.000 0.000 0.000 0.000 0.000 0.000 0.000 0.000 0.000 0.000 0.000 0.000 0.000 0.000 0.000 0.000 0.000 0.000 0.000 0.000 0.000 0.000 0.000 0.000 0.000 0.000 0.000 0.000 0.000 0.000 0.000 0.000 0.000 0.000 0.000 0.000 0.000 0.000 0.000 0.000 0.000 0.000 0.000 0.000 0.000 0.000 0.000 0.000 0.000 0.000 0.000
0.000 0.000 0.000 0.000 0.000 0.000 0.000 0.000 0.000 0.000 0.000 0.000 0.000 0.000 0.000 0.000 0.000 0.000 0.000 0.000 0.000 0.000 0.000 0.000 0.000 0.000 0.000 0.000 0.000 0.000 0.000 0.000 0.000 0.000 0.000 0.000 0.000 0.000 0.000 0.000 0.000 0.000 0.000 0.000 0.000 0.000 0.000 0.000 0.000 0.000 0.000 0.000 0.000 0.000 0.000 0.000 0.000 0.000 0.000 0.000 0.000 0.000 0.000 0.000 0.000 0.000 0.000 0.000 0.000 0.000 0.000 0.000 0.000 0.000 0.000 0.000 0.000
0.000 0.000 0.000 0.000 0.000 0.000 0.000 0.000 0.000 0.000 0.000 0.000 0.000 0.000 0.000 0.000 0.000 0.000 0.000 0.000 0.000 0.000 0.000 0.000 0.000 0.000 0.000 0.000 0.000 0.000 0.000 0.000 0.000 0.000 0.000 0.000 0.000 0.000 0.000 0.000 0.000 0.000 0.000 0.000 0.000 0.000 0.000 0.000 0.000 0.000 0.000 0.000 0.000 0.000 0.000 0.000 0.000 0.000 0.000 0.000 0.000 0.000 0.000 0.000 0.000 0.000 0.000 0.000 0.000 0.000 0.000 0.000 0.000 0.000 0.000 0.000 0.000
0.000 0.000 0.000 0.000 0.000 0.000 0.000 0.000 0.000 0.000 0.000 0.000 0.000 0.000 0.000 0.000 0.000 0.000 0.000 0.000 0.000 0.000 0.000 0.000 0.000 0.000 0.000 0.000 0.000 0.000 0.000 0.000 0.000 0.000 0.000 0.000 0.000 0.000 0.000 0.000 0.000 0.000 0.000 0.000 0.000 0.000 0.000 0.000 0.000 0.000 0.000 0.000 0.000 0.000 0.000 0.000 0.000 0.000 0.000 0.000 0.000 0.000 0.000 0.000 0.000 0.000 0.000 0.000 0.000 0.000 0.000 0.000 0.000 0.000 0.000 0.000 0.000
0.000 0.000 0.000 0.000 0.000 0.000 0.000 0.000 0.000 0.000 0.000 0.000 0.000 0.000 0.000 0.000 0.000 0.000 0.000 0.000 0.000 0.000 0.000 0.000 0.000 0.000 0.000 0.000 0.000 0.000 0.000 0.000 0.000 0.000 0.000 0.000 0.000 0.000 0.000 0.000 0.000 0.000 0.000 0.000 0.000 0.000 0.000 0.000 0.000 0.000 0.000 0.000 0.000 0.000 0.000 0.000 0.000 0.000 0.000 0.000 0.000 0.000 0.000 0.000 0.000 0.000 0.000 0.000 0.000 0.000 0.000 0.000 0.000 0.000 0.000 0.000 0.000
0.000 0.000 0.000 0.000 0.000 0.000 0.000 0.000 0.000 0.000 0.000 0.000 0.000 0.000 0.000 0.000 0.000 0.000 0.000 0.000 0.000 0.000 0.000 0.000 0.000 0.000 0.000 0.000 0.000 0.000 0.000 0.000 0.000 0.000 0.000 0.000 0.000 0.000 0.000 0.000 0.000 0.000 0.000 0.000 0.000 0.000 0.000 0.000 0.000 0.000 0.000 0.000 0.000 0.000 0.000 0.000 0.000 0.000 0.000 0.000 0.000 0.000 0.000 0.000 0.000 0.000 0.000 0.000 0.000 0.000 0.000 0.000 0.000 0.000 0.000 0.000 0.000
0.000 0.000 0.000 0.000 0.000 0.000 0.000 0.000 0.000 0.000 0.000 0.000 0.000 0.000 0.000 0.000 0.000 0.000 0.000 0.000 0.000 0.000 0.000 0.000 0.000 0.000 0.000 0.000 0.000 0.000 0.000 0.000 0.000 0.000 0.000 0.000 0.000 0.000 0.000 0.000 0.000 0.000 0.000 0.000 0.000 0.000 0.000 0.000 0.000 0.000 0.000 0.000 0.000 0.000 0.000 0.000 0.000 0.000 0.000 0.000 0.000 0.000 0.000 0.000 0.000 0.000 0.000 0.000 0.000 0.000 0.000 0.000 0.000 0.000 0.000 0.000 0.000
