RESULTS/r.avaflow_results/41_results/41_ascii/41_hflow30050.asc
ncols 506
nrows 317
xllcenter 498237.50
yllcenter 5580050.00
cellsize 12.50
NODATA_value -9999.000
[rows 170 to 203 of 317, columns 154 to 230 of 506]
8.256 8.078 7.909 7.735 7.534 7.308 7.087 6.891 6.714 6.548 6.393 6.241 6.069 5.818 5.415 4.838 4.118 3.334 2.578 1.896 1.309 0.846 0.525 0.332 0.225 0.168 0.141 0.133 0.133 0.140 0.158 0.182 0.200 0.213 0.225 0.239 0.258 0.271 0.274 0.270 0.259 0.249 0.243 0.237 0.228 0.210 0.181 0.153 0.131 0.111 0.095 0.082 0.072 0.065 0.062 0.061 0.062 0.065 0.069 0.071 0.072 0.071 0.070 0.067 0.066 0.066 0.069 0.077 0.097 0.127 0.148 0.155 0.154 0.143 0.121 0.097 0.076
11.710 11.857 11.896 11.868 11.758 11.551 11.273 10.978 10.689 10.403 10.132 9.872 9.607 9.284 8.806 8.092 7.148 6.044 4.886 3.771 2.748 1.872 1.190 0.729 0.459 0.310 0.233 0.200 0.193 0.200 0.219 0.238 0.248 0.252 0.255 0.260 0.269 0.275 0.276 0.268 0.252 0.239 0.229 0.219 0.204 0.178 0.138 0.102 0.078 0.063 0.055 0.049 0.046 0.044 0.044 0.045 0.048 0.052 0.055 0.057 0.057 0.056 0.054 0.052 0.051 0.051 0.053 0.060 0.075 0.102 0.132 0.150 0.157 0.157 0.151 0.137 0.115
15.207 15.691 15.848 15.828 15.669 15.368 14.986 14.608 14.248 13.896 13.565 13.262 12.967 12.647 12.205 11.518 10.535 9.290 7.882 6.432 5.009 3.672 2.508 1.603 0.991 0.621 0.413 0.308 0.264 0.251 0.252 0.257 0.259 0.259 0.258 0.257 0.260 0.261 0.256 0.240 0.215 0.195 0.178 0.161 0.140 0.110 0.077 0.056 0.044 0.038 0.034 0.032 0.031 0.031 0.032 0.034 0.038 0.042 0.044 0.045 0.045 0.044 0.042 0.040 0.040 0.040 0.042 0.047 0.057 0.076 0.105 0.136 0.154 0.161 0.162 0.158 0.144
17.793 18.585 18.896 18.904 18.758 18.469 18.114 17.768 17.429 17.076 16.715 16.380 16.067 15.741 15.318 14.660 13.704 12.487 11.099 9.592 7.987 6.312 4.638 3.168 2.038 1.256 0.770 0.499 0.361 0.293 0.263 0.254 0.251 0.247 0.240 0.232 0.226 0.219 0.205 0.177 0.142 0.118 0.101 0.087 0.073 0.056 0.042 0.033 0.027 0.024 0.023 0.022 0.022 0.023 0.024 0.026 0.029 0.032 0.034 0.035 0.034 0.034 0.033 0.032 0.032 0.032 0.034 0.037 0.044 0.055 0.075 0.106 0.140 0.158 0.163 0.162 0.155
19.175 20.192 20.743 20.935 20.952 20.841 20.678 20.489 20.265 19.973 19.610 19.231 18.888 18.538 18.112 17.476 16.557 15.380 14.020 12.540 10.951 9.225 7.322 5.329 3.571 2.225 1.308 0.761 0.469 0.324 0.259 0.233 0.219 0.207 0.193 0.177 0.162 0.147 0.128 0.102 0.079 0.064 0.054 0.046 0.039 0.031 0.025 0.021 0.019 0.017 0.017 0.016 0.016 0.017 0.018 0.019 0.022 0.024 0.026 0.026 0.026 0.026 0.025 0.025 0.025 0.026 0.027 0.030 0.034 0.042 0.053 0.075 0.110 0.141 0.156 0.159 0.155
19.464 20.585 21.360 21.848 22.159 22.349 22.455 22.463 22.389 22.196 21.852 21.403 21.014 20.646 20.229 19.646 18.828 17.760 16.452 14.933 13.242 11.387 9.321 6.964 4.708 2.923 1.669 0.920 0.528 0.334 0.242 0.195 0.165 0.142 0.121 0.105 0.095 0.085 0.074 0.059 0.046 0.038 0.032 0.028 0.023 0.020 0.017 0.015 0.013 0.013 0.012 0.012 0.012 0.013 0.013 0.014 0.016 0.018 0.019 0.020 0.020 0.020 0.020 0.020 0.020 0.021 0.022 0.024 0.027 0.033 0.041 0.055 0.079 0.113 0.135 0.145 0.147
19.167 20.364 21.283 21.956 22.507 22.966 23.267 23.405 23.428 23.333 23.020 22.502 22.078 21.735 21.358 20.839 20.129 19.197 17.981 16.453 14.654 12.635 10.381 7.780 5.218 3.200 1.794 0.965 0.539 0.326 0.216 0.154 0.114 0.088 0.070 0.060 0.055 0.050 0.044 0.036 0.029 0.024 0.021 0.018 0.016 0.013 0.012 0.010 0.010 0.009 0.009 0.009 0.009 0.009 0.010 0.010 0.012 0.013 0.014 0.014 0.014 0.015 0.015 0.015 0.016 0.016 0.017 0.019 0.022 0.026 0.032 0.043 0.059 0.084 0.107 0.122 0.130
18.282 19.620 20.762 21.688 22.432 22.994 23.343 23.507 23.556 23.505 23.214 22.666 22.227 21.920 21.579 21.090 20.429 19.572 18.440 16.948 15.105 12.985 10.619 7.908 5.258 3.186 1.760 0.934 0.511 0.294 0.177 0.112 0.075 0.054 0.042 0.037 0.033 0.030 0.027 0.023 0.019 0.017 0.014 0.013 0.011 0.009 0.008 0.007 0.007 0.006 0.006 0.006 0.006 0.006 0.007 0.007 0.008 0.009 0.009 0.010 0.010 0.010 0.011 0.011 0.011 0.012 0.013 0.015 0.017 0.021 0.026 0.034 0.045 0.062 0.081 0.096 0.107
16.993 18.486 19.834 20.993 21.918 22.560 22.910 23.051 23.082 23.016 22.736 22.224 21.773 21.439 21.074 20.576 19.939 19.146 18.093 16.657 14.826 12.667 10.219 7.440 4.848 2.855 1.526 0.782 0.410 0.221 0.122 0.072 0.047 0.034 0.027 0.024 0.021 0.020 0.017 0.015 0.013 0.012 0.010 0.009 0.008 0.007 0.006 0.005 0.004 0.004 0.004 0.004 0.004 0.004 0.004 0.005 0.005 0.006 0.006 0.006 0.007 0.007 0.007 0.007 0.008 0.009 0.010 0.011 0.013 0.016 0.020 0.026 0.035 0.047 0.060 0.072 0.082
15.512 17.102 18.543 19.798 20.799 21.485 21.848 21.956 21.919 21.735 21.454 21.100 20.688 20.202 19.650 19.075 18.446 17.707 16.732 15.357 13.532 11.313 8.771 6.081 3.770 2.077 1.020 0.479 0.232 0.119 0.067 0.042 0.029 0.022 0.019 0.016 0.015 0.013 0.012 0.011 0.009 0.008 0.007 0.006 0.005 0.004 0.004 0.003 0.003 0.002 0.002 0.002 0.002 0.002 0.002 0.003 0.003 0.003 0.004 0.004 0.004 0.004 0.004 0.005 0.005 0.006 0.007 0.008 0.009 0.012 0.015 0.020 0.026 0.035 0.045 0.053 0.059
13.829 15.405 16.836 18.100 19.146 19.913 20.346 20.458 20.359 20.077 19.855 19.679 19.322 18.636 17.822 17.108 16.415 15.637 14.590 13.113 11.146 8.730 6.158 3.843 2.126 1.040 0.464 0.205 0.100 0.056 0.036 0.026 0.019 0.016 0.013 0.012 0.010 0.009 0.008 0.007 0.006 0.005 0.005 0.004 0.003 0.003 0.002 0.002 0.001 0.001 0.001 0.001 0.001 0.001 0.001 0.001 0.001 0.002 0.002 0.002 0.002 0.002 0.002 0.003 0.003 0.003 0.004 0.005 0.006 0.008 0.011 0.014 0.019 0.025 0.031 0.037 0.041
11.871 13.339 14.736 16.061 17.259 18.236 18.877 19.110 19.049 18.796 18.593 18.408 17.986 17.175 16.237 15.405 14.544 13.494 12.080 10.186 7.749 5.224 3.166 1.749 0.880 0.405 0.177 0.082 0.045 0.030 0.022 0.017 0.014 0.011 0.010 0.008 0.007 0.007 0.006 0.005 0.004 0.003 0.003 0.002 0.002 0.001 0.001 0.001 0.000 0.000 0.000 0.000 0.000 0.000 0.000 0.000 0.000 0.001 0.001 0.001 0.001 0.001 0.001 0.001 0.001 0.002 0.002 0.003 0.004 0.005 0.007 0.009 0.013 0.017 0.021 0.024 0.026
9.719 11.056 12.438 13.871 15.297 16.525 17.380 17.749 17.750 17.554 17.282 16.932 16.340 15.458 14.483 13.539 12.481 11.048 9.034 6.528 4.119 2.350 1.214 0.592 0.285 0.137 0.067 0.037 0.024 0.018 0.014 0.012 0.010 0.008 0.007 0.006 0.005 0.004 0.004 0.003 0.002 0.002 0.001 0.001 0.001 0.000 0.000 0.000 0.000 0.000 0.000 0.000 0.000 0.000 0.000 0.000 0.000 0.000 0.000 0.000 0.000 0.000 0.000 0.000 0.000 0.001 0.001 0.002 0.002 0.003 0.004 0.006 0.008 0.011 0.013 0.015 0.016
7.717 8.890 10.146 11.543 13.050 14.381 15.349 15.832 15.906 15.717 15.244 14.538 13.666 12.723 11.738 10.658 9.311 7.424 5.096 3.005 1.590 0.745 0.333 0.162 0.086 0.048 0.029 0.020 0.015 0.012 0.010 0.008 0.007 0.006 0.005 0.004 0.003 0.003 0.002 0.002 0.001 0.001 0.001 0.000 0.000 0.000 0.000 0.000 0.000 0.000 0.000 0.000 0.000 0.000 0.000 0.000 0.000 0.000 0.000 0.000 0.000 0.000 0.000 0.000 0.000 0.000 0.000 0.001 0.001 0.002 0.002 0.003 0.005 0.006 0.007 0.008 0.009
5.801 6.742 7.737 8.817 9.982 11.079 11.947 12.439 12.549 12.366 11.752 10.717 9.488 8.378 7.323 6.179 4.827 3.280 1.870 0.912 0.396 0.169 0.085 0.050 0.033 0.023 0.017 0.013 0.011 0.009 0.007 0.006 0.005 0.004 0.003 0.002 0.002 0.001 0.001 0.001 0.000 0.000 0.000 0.000 0.000 0.000 0.000 0.000 0.000 0.000 0.000 0.000 0.000 0.000 0.000 0.000 0.000 0.000 0.000 0.000 0.000 0.000 0.000 0.000 0.000 0.000 0.000 0.000 0.000 0.001 0.001 0.002 0.002 0.003 0.004 0.004 0.004
3.866 4.389 4.880 5.349 5.836 6.385 6.925 7.273 7.374 7.254 6.731 5.802 4.701 3.799 3.052 2.358 1.627 0.915 0.429 0.182 0.084 0.047 0.031 0.023 0.018 0.014 0.011 0.009 0.008 0.006 0.005 0.004 0.003 0.002 0.002 0.001 0.001 0.000 0.000 0.000 0.000 0.000 0.000 0.000 0.000 0.000 0.000 0.000 0.000 0.000 0.000 0.000 0.000 0.000 0.000 0.000 0.000 0.000 0.000 0.000 0.000 0.000 0.000 0.000 0.000 0.000 0.000 0.000 0.000 0.000 0.000 0.001 0.001 0.001 0.002 0.002 0.002
2.118 2.257 2.363 2.450 2.535 2.656 2.834 2.961 2.999 2.953 2.719 2.247 1.636 1.166 0.842 0.589 0.357 0.181 0.086 0.046 0.029 0.022 0.017 0.014 0.012 0.010 0.008 0.007 0.005 0.004 0.003 0.003 0.002 0.001 0.001 0.000 0.000 0.000 0.000 0.000 0.000 0.000 0.000 0.000 0.000 0.000 0.000 0.000 0.000 0.000 0.000 0.000 0.000 0.000 0.000 0.000 0.000 0.000 0.000 0.000 0.000 0.000 0.000 0.000 0.000 0.000 0.000 0.000 0.000 0.000 0.000 0.000 0.000 0.000 0.001 0.001 0.001
0.911 0.892 0.875 0.854 0.829 0.816 0.835 0.851 0.848 0.827 0.751 0.597 0.397 0.262 0.183 0.126 0.078 0.046 0.029 0.021 0.017 0.014 0.012 0.010 0.009 0.007 0.006 0.005 0.004 0.003 0.002 0.001 0.001 0.000 0.000 0.000 0.000 0.000 0.000 0.000 0.000 0.000 0.000 0.000 0.000 0.000 0.000 0.000 0.000 0.000 0.000 0.000 0.000 0.000 0.000 0.000 0.000 0.000 0.000 0.000 0.000 0.000 0.000 0.000 0.000 0.000 0.000 0.000 0.000 0.000 0.000 0.000 0.000 0.000 0.000 0.000 0.000
0.309 0.286 0.274 0.264 0.248 0.231 0.222 0.216 0.208 0.199 0.179 0.143 0.096 0.067 0.050 0.038 0.028 0.021 0.017 0.014 0.012 0.010 0.009 0.007 0.006 0.005 0.004 0.003 0.002 0.002 0.001 0.001 0.000 0.000 0.000 0.000 0.000 0.000 0.000 0.000 0.000 0.000 0.000 0.000 0.000 0.000 0.000 0.000 0.000 0.000 0.000 0.000 0.000 0.000 0.000 0.000 0.000 0.000 0.000 0.000 0.000 0.000 0.000 0.000 0.000 0.000 0.000 0.000 0.000 0.000 0.000 0.000 0.000 0.000 0.000 0.000 0.000
0.101 0.095 0.093 0.091 0.086 0.078 0.071 0.066 0.062 0.058 0.053 0.045 0.034 0.027 0.023 0.019 0.016 0.013 0.011 0.010 0.008 0.007 0.006 0.005 0.004 0.003 0.002 0.002 0.001 0.001 0.000 0.000 0.000 0.000 0.000 0.000 0.000 0.000 0.000 0.000 0.000 0.000 0.000 0.000 0.000 0.000 0.000 0.000 0.000 0.000 0.000 0.000 0.000 0.000 0.000 0.000 0.000 0.000 0.000 0.000 0.000 0.000 0.000 0.000 0.000 0.000 0.000 0.000 0.000 0.000 0.000 0.000 0.000 0.000 0.000 0.000 0.000
0.040 0.039 0.039 0.039 0.038 0.034 0.031 0.028 0.027 0.025 0.024 0.022 0.019 0.016 0.014 0.012 0.011 0.009 0.008 0.007 0.006 0.005 0.004 0.003 0.003 0.002 0.001 0.001 0.000 0.000 0.000 0.000 0.000 0.000 0.000 0.000 0.000 0.000 0.000 0.000 0.000 0.000 0.000 0.000 0.000 0.000 0.000 0.000 0.000 0.000 0.000 0.000 0.000 0.000 0.000 0.000 0.000 0.000 0.000 0.000 0.000 0.000 0.000 0.000 0.000 0.000 0.000 0.000 0.000 0.000 0.000 0.000 0.000 0.000 0.000 0.000 0.000
0.021 0.021 0.021 0.021 0.020 0.019 0.018 0.016 0.016 0.015 0.014 0.014 0.013 0.011 0.010 0.009 0.008 0.007 0.006 0.005 0.004 0.003 0.002 0.002 0.001 0.001 0.000 0.000 0.000 0.000 0.000 0.000 0.000 0.000 0.000 0.000 0.000 0.000 0.000 0.000 0.000 0.000 0.000 0.000 0.000 0.000 0.000 0.000 0.000 0.000 0.000 0.000 0.000 0.000 0.000 0.000 0.000 0.000 0.000 0.000 0.000 0.000 0.000 0.000 0.000 0.000 0.000 0.000 0.000 0.000 0.000 0.000 0.000 0.000 0.000 0.000 0.000
0.013 0.013 0.013 0.013 0.013 0.012 0.012 0.011 0.011 0.010 0.010 0.009 0.009 0.008 0.007 0.006 0.005 0.004 0.004 0.003 0.002 0.002 0.001 0.001 0.000 0.000 0.000 0.000 0.000 0.000 0.000 0.000 0.000 0.000 0.000 0.000 0.000 0.000 0.000 0.000 0.000 0.000 0.000 0.000 0.000 0.000 0.000 0.000 0.000 0.000 0.000 0.000 0.000 0.000 0.000 0.000 0.000 0.000 0.000 0.000 0.000 0.000 0.000 0.000 0.000 0.000 0.000 0.000 0.000 0.000 0.000 0.000 0.000 0.000 0.000 0.000 0.000
0.008 0.008 0.009 0.009 0.009 0.008 0.008 0.008 0.007 0.007 0.007 0.006 0.006 0.005 0.005 0.004 0.003 0.003 0.002 0.002 0.001 0.001 0.000 0.000 0.000 0.000 0.000 0.000 0.000 0.000 0.000 0.000 0.000 0.000 0.000 0.000 0.000 0.000 0.000 0.000 0.000 0.000 0.000 0.000 0.000 0.000 0.000 0.000 0.000 0.000 0.000 0.000 0.000 0.000 0.000 0.000 0.000 0.000 0.000 0.000 0.000 0.000 0.000 0.000 0.000 0.000 0.000 0.000 0.000 0.000 0.000 0.000 0.000 0.000 0.000 0.000 0.000
0.006 0.006 0.006 0.006 0.006 0.006 0.006 0.005 0.005 0.005 0.004 0.004 0.004 0.003 0.003 0.002 0.002 0.001 0.001 0.001 0.000 0.000 0.000 0.000 0.000 0.000 0.000 0.000 0.000 0.000 0.000 0.000 0.000 0.000 0.000 0.000 0.000 0.000 0.000 0.000 0.000 0.000 0.000 0.000 0.000 0.000 0.000 0.000 0.000 0.000 0.000 0.000 0.000 0.000 0.000 0.000 0.000 0.000 0.000 0.000 0.000 0.000 0.000 0.000 0.000 0.000 0.000 0.000 0.000 0.000 0.000 0.000 0.000 0.000 0.000 0.000 0.000
0.004 0.004 0.004 0.004 0.004 0.004 0.004 0.003 0.003 0.003 0.003 0.002 0.002 0.002 0.001 0.001 0.001 0.000 0.000 0.000 0.000 0.000 0.000 0.000 0.000 0.000 0.000 0.000 0.000 0.000 0.000 0.000 0.000 0.000 0.000 0.000 0.000 0.000 0.000 0.000 0.000 0.000 0.000 0.000 0.000 0.000 0.000 0.000 0.000 0.000 0.000 0.000 0.000 0.000 0.000 0.000 0.000 0.000 0.000 0.000 0.000 0.000 0.000 0.000 0.000 0.000 0.000 0.000 0.000 0.000 0.000 0.000 0.000 0.000 0.000 0.000 0.000
0.002 0.002 0.002 0.002 0.002 0.002 0.002 0.002 0.002 0.002 0.001 0.001 0.001 0.001 0.000 0.000 0.000 0.000 0.000 0.000 0.000 0.000 0.000 0.000 0.000 0.000 0.000 0.000 0.000 0.000 0.000 0.000 0.000 0.000 0.000 0.000 0.000 0.000 0.000 0.000 0.000 0.000 0.000 0.000 0.000 0.000 0.000 0.000 0.000 0.000 0.000 0.000 0.000 0.000 0.000 0.000 0.000 0.000 0.000 0.000 0.000 0.000 0.000 0.000 0.000 0.000 0.000 0.000 0.000 0.000 0.000 0.000 0.000 0.000 0.000 0.000 0.000
0.001 0.001 0.001 0.001 0.001 0.001 0.001 0.001 0.001 0.001 0.000 0.000 0.000 0.000 0.000 0.000 0.000 0.000 0.000 0.000 0.000 0.000 0.000 0.000 0.000 0.000 0.000 0.000 0.000 0.000 0.000 0.000 0.000 0.000 0.000 0.000 0.000 0.000 0.000 0.000 0.000 0.000 0.000 0.000 0.000 0.000 0.000 0.000 0.000 0.000 0.000 0.000 0.000 0.000 0.000 0.000 0.000 0.000 0.000 0.000 0.000 0.000 0.000 0.000 0.000 0.000 0.000 0.000 0.000 0.000 0.000 0.000 0.000 0.000 0.000 0.000 0.000
0.000 0.000 0.000 0.000 0.000 0.000 0.000 0.000 0.000 0.000 0.000 0.000 0.000 0.000 0.000 0.000 0.000 0.000 0.000 0.000 0.000 0.000 0.000 0.000 0.000 0.000 0.000 0.000 0.000 0.000 0.000 0.000 0.000 0.000 0.000 0.000 0.000 0.000 0.000 0.000 0.000 0.000 0.000 0.000 0.000 0.000 0.000 0.000 0.000 0.000 0.000 0.000 0.000 0.000 0.000 0.000 0.000 0.000 0.000 0.000 0.000 0.000 0.000 0.000 0.000 0.000 0.000 0.000 0.000 0.000 0.000 0.000 0.000 0.000 0.000 0.000 0.000
0.000 0.000 0.000 0.000 0.000 0.000 0.000 0.000 0.000 0.000 0.000 0.000 0.000 0.000 0.000 0.000 0.000 0.000 0.000 0.000 0.000 0.000 0.000 0.000 0.000 0.000 0.000 0.000 0.000 0.000 0.000 0.000 0.000 0.000 0.000 0.000 0.000 0.000 0.000 0.000 0.000 0.000 0.000 0.000 0.000 0.000 0.000 0.000 0.000 0.000 0.000 0.000 0.000 0.000 0.000 0.000 0.000 0.000 0.000 0.000 0.000 0.000 0.000 0.000 0.000 0.000 0.000 0.000 0.000 0.000 0.000 0.000 0.000 0.000 0.000 0.000 0.000
0.000 0.000 0.000 0.000 0.000 0.000 0.000 0.000 0.000 0.000 0.000 0.000 0.000 0.000 0.000 0.000 0.000 0.000 0.000 0.000 0.000 0.000 0.000 0.000 0.000 0.000 0.000 0.000 0.000 0.000 0.000 0.000 0.000 0.000 0.000 0.000 0.000 0.000 0.000 0.000 0.000 0.000 0.000 0.000 0.000 0.000 0.000 0.000 0.000 0.000 0.000 0.000 0.000 0.000 0.000 0.000 0.000 0.000 0.000 0.000 0.000 0.000 0.000 0.000 0.000 0.000 0.000 0.000 0.000 0.000 0.000 0.000 0.000 0.000 0.000 0.000 0.000
0.000 0.000 0.000 0.000 0.000 0.000 0.000 0.000 0.000 0.000 0.000 0.000 0.000 0.000 0.000 0.000 0.000 0.000 0.000 0.000 0.000 0.000 0.000 0.000 0.000 0.000 0.000 0.000 0.000 0.000 0.000 0.000 0.000 0.000 0.000 0.000 0.000 0.000 0.000 0.000 0.000 0.000 0.000 0.000 0.000 0.000 0.000 0.000 0.000 0.000 0.000 0.000 0.000 0.000 0.000 0.000 0.000 0.000 0.000 0.000 0.000 0.000 0.000 0.000 0.000 0.000 0.000 0.000 0.000 0.000 0.000 0.000 0.000 0.000 0.000 0.000 0.000
0.000 0.000 0.000 0.000 0.000 0.000 0.000 0.000 0.000 0.000 0.000 0.000 0.000 0.000 0.000 0.000 0.000 0.000 0.000 0.000 0.000 0.000 0.000 0.000 0.000 0.000 0.000 0.000 0.000 0.000 0.000 0.000 0.000 0.000 0.000 0.000 0.000 0.000 0.000 0.000 0.000 0.000 0.000 0.000 0.000 0.000 0.000 0.000 0.000 0.000 0.000 0.000 0.000 0.000 0.000 0.000 0.000 0.000 0.000 0.000 0.000 0.000 0.000 0.000 0.000 0.000 0.000 0.000 0.000 0.000 0.000 0.000 0.000 0.000 0.000 0.000 0.000
0.000 0.000 0.000 0.000 0.000 0.000 0.000 0.000 0.000 0.000 0.000 0.000 0.000 0.000 0.000 0.000 0.000 0.000 0.000 0.000 0.000 0.000 0.000 0.000 0.000 0.000 0.000 0.000 0.000 0.000 0.000 0.000 0.000 0.000 0.000 0.000 0.000 0.000 0.000 0.000 0.000 0.000 0.000 0.000 0.000 0.000 0.000 0.000 0.000 0.000 0.000 0.000 0.000 0.000 0.000 0.000 0.000 0.000 0.000 0.000 0.000 0.000 0.000 0.000 0.000 0.000 0.000 0.000 0.000 0.000 0.000 0.000 0.000 0.000 0.000 0.000 0.000
