RESULTS/r.avaflow_results/41_results/41_ascii/41_hflow30043.asc
ncols 506
nrows 317
xllcenter 498237.50
yllcenter 5580050.00
cellsize 12.50
NODATA_value -9999.000
[rows 170 to 203 of 317, columns 154 to 230 of 506]
8.263 8.081 7.908 7.732 7.531 7.304 7.082 6.886 6.709 6.544 6.389 6.237 6.065 5.815 5.415 4.844 4.130 3.349 2.593 1.912 1.325 0.861 0.538 0.342 0.232 0.172 0.144 0.135 0.134 0.141 0.159 0.183 0.201 0.214 0.226 0.240 0.261 0.277 0.282 0.280 0.272 0.265 0.260 0.256 0.247 0.229 0.200 0.169 0.144 0.122 0.103 0.086 0.074 0.066 0.062 0.060 0.061 0.062 0.064 0.066 0.066 0.065 0.063 0.061 0.060 0.061 0.064 0.075 0.098 0.129 0.148 0.153 0.150 0.138 0.114 0.084 0.056
11.735 11.876 11.909 11.877 11.762 11.549 11.267 10.971 10.682 10.398 10.128 9.869 9.604 9.280 8.801 8.089 7.151 6.052 4.897 3.786 2.767 1.893 1.211 0.748 0.472 0.320 0.240 0.205 0.196 0.203 0.222 0.239 0.249 0.253 0.256 0.261 0.272 0.281 0.283 0.278 0.265 0.253 0.245 0.235 0.221 0.194 0.153 0.113 0.085 0.069 0.058 0.051 0.047 0.044 0.044 0.045 0.047 0.050 0.052 0.053 0.052 0.051 0.049 0.047 0.047 0.047 0.050 0.058 0.076 0.106 0.134 0.146 0.148 0.143 0.129 0.102 0.069
15.237 15.717 15.872 15.851 15.692 15.391 15.010 14.632 14.275 13.925 13.596 13.292 12.996 12.672 12.226 11.537 10.552 9.306 7.898 6.449 5.029 3.697 2.536 1.632 1.016 0.640 0.427 0.318 0.272 0.257 0.256 0.259 0.260 0.260 0.258 0.258 0.263 0.266 0.263 0.250 0.227 0.207 0.190 0.173 0.151 0.120 0.085 0.061 0.047 0.040 0.036 0.033 0.032 0.031 0.032 0.034 0.037 0.040 0.041 0.041 0.041 0.040 0.038 0.037 0.037 0.037 0.039 0.045 0.056 0.078 0.109 0.131 0.140 0.139 0.131 0.109 0.075
17.814 18.605 18.917 18.928 18.787 18.502 18.151 17.808 17.472 17.122 16.763 16.428 16.112 15.782 15.355 14.695 13.740 12.525 11.134 9.622 8.014 6.342 4.670 3.203 2.073 1.287 0.794 0.518 0.374 0.302 0.269 0.257 0.252 0.247 0.240 0.234 0.229 0.224 0.211 0.185 0.151 0.125 0.107 0.093 0.078 0.061 0.045 0.035 0.029 0.025 0.024 0.023 0.022 0.023 0.023 0.025 0.028 0.031 0.032 0.032 0.032 0.031 0.030 0.029 0.029 0.029 0.030 0.034 0.041 0.053 0.075 0.102 0.119 0.125 0.122 0.107 0.076
19.187 20.203 20.756 20.953 20.976 20.870 20.712 20.527 20.305 20.017 19.657 19.277 18.930 18.575 18.146 17.510 16.594 15.419 14.059 12.575 10.981 9.251 7.348 5.359 3.607 2.261 1.338 0.783 0.485 0.334 0.265 0.237 0.221 0.208 0.194 0.178 0.164 0.151 0.133 0.108 0.083 0.067 0.057 0.049 0.041 0.033 0.027 0.022 0.019 0.018 0.017 0.017 0.017 0.017 0.017 0.019 0.021 0.023 0.024 0.024 0.024 0.023 0.023 0.022 0.022 0.023 0.023 0.026 0.029 0.036 0.048 0.067 0.084 0.094 0.096 0.090 0.069
19.472 20.592 21.367 21.858 22.173 22.367 22.474 22.484 22.412 22.223 21.885 21.438 21.044 20.671 20.251 19.667 18.850 17.783 16.475 14.955 13.262 11.402 9.331 6.974 4.730 2.950 1.697 0.942 0.543 0.345 0.249 0.200 0.168 0.144 0.122 0.107 0.097 0.087 0.076 0.061 0.048 0.040 0.034 0.029 0.025 0.021 0.017 0.015 0.014 0.013 0.012 0.012 0.012 0.012 0.013 0.014 0.015 0.017 0.017 0.017 0.017 0.017 0.017 0.017 0.017 0.017 0.018 0.019 0.021 0.025 0.031 0.042 0.053 0.058 0.060 0.059 0.051
19.174 20.371 21.288 21.962 22.513 22.971 23.273 23.413 23.439 23.347 23.041 22.529 22.099 21.751 21.370 20.849 20.137 19.202 17.986 16.458 14.659 12.638 10.378 7.776 5.231 3.224 1.821 0.987 0.554 0.336 0.222 0.157 0.116 0.089 0.071 0.062 0.056 0.051 0.045 0.037 0.030 0.025 0.022 0.019 0.016 0.014 0.012 0.011 0.010 0.009 0.009 0.009 0.009 0.009 0.009 0.010 0.011 0.012 0.012 0.012 0.012 0.012 0.012 0.012 0.012 0.012 0.012 0.013 0.014 0.017 0.020 0.026 0.032 0.034 0.034 0.033 0.029
18.289 19.625 20.764 21.689 22.431 22.992 23.344 23.513 23.564 23.515 23.231 22.692 22.249 21.934 21.587 21.096 20.431 19.571 18.437 16.946 15.104 12.983 10.612 7.901 5.269 3.209 1.786 0.956 0.525 0.302 0.182 0.115 0.076 0.055 0.043 0.037 0.034 0.031 0.028 0.024 0.020 0.017 0.015 0.013 0.011 0.010 0.008 0.007 0.007 0.006 0.006 0.006 0.006 0.006 0.006 0.007 0.007 0.008 0.008 0.008 0.008 0.008 0.008 0.008 0.008 0.008 0.008 0.009 0.009 0.011 0.013 0.016 0.018 0.019 0.019 0.018 0.016
16.992 18.483 19.828 20.985 21.910 22.554 22.911 23.058 23.093 23.032 22.760 22.256 21.802 21.462 21.092 20.590 19.950 19.152 18.096 16.660 14.829 12.669 10.216 7.439 4.865 2.881 1.552 0.803 0.423 0.228 0.126 0.073 0.048 0.035 0.028 0.024 0.022 0.020 0.018 0.016 0.014 0.012 0.011 0.009 0.008 0.007 0.006 0.005 0.004 0.004 0.004 0.004 0.004 0.004 0.004 0.004 0.004 0.004 0.005 0.005 0.005 0.005 0.005 0.005 0.005 0.005 0.005 0.005 0.005 0.006 0.007 0.009 0.010 0.010 0.010 0.010 0.008
15.495 17.085 18.527 19.784 20.788 21.481 21.852 21.968 21.940 21.771 21.498 21.146 20.731 20.247 19.698 19.118 18.482 17.736 16.754 15.376 13.550 11.329 8.782 6.097 3.799 2.110 1.047 0.497 0.241 0.124 0.069 0.043 0.030 0.023 0.019 0.017 0.015 0.014 0.012 0.011 0.010 0.008 0.007 0.006 0.005 0.004 0.004 0.003 0.003 0.002 0.002 0.002 0.002 0.002 0.002 0.002 0.002 0.002 0.002 0.002 0.002 0.002 0.002 0.002 0.002 0.002 0.002 0.003 0.003 0.003 0.004 0.005 0.005 0.005 0.005 0.005 0.004
13.795 15.376 16.812 18.082 19.135 19.910 20.352 20.471 20.381 20.117 19.898 19.721 19.366 18.684 17.871 17.158 16.464 15.680 14.627 13.147 11.179 8.763 6.191 3.880 2.162 1.069 0.483 0.215 0.105 0.059 0.037 0.026 0.020 0.016 0.014 0.012 0.011 0.010 0.009 0.008 0.007 0.006 0.005 0.004 0.003 0.003 0.002 0.002 0.001 0.001 0.001 0.001 0.001 0.001 0.001 0.001 0.001 0.001 0.001 0.001 0.001 0.001 0.001 0.001 0.001 0.001 0.001 0.001 0.001 0.001 0.002 0.002 0.002 0.002 0.002 0.002 0.002
11.827 13.305 14.710 16.040 17.242 18.221 18.863 19.103 19.052 18.818 18.618 18.431 18.010 17.206 16.266 15.429 14.565 13.518 12.107 10.217 7.785 5.262 3.203 1.781 0.904 0.421 0.186 0.087 0.047 0.031 0.022 0.017 0.014 0.012 0.010 0.009 0.008 0.007 0.006 0.005 0.004 0.004 0.003 0.002 0.002 0.001 0.001 0.001 0.000 0.000 0.000 0.000 0.000 0.000 0.000 0.000 0.000 0.000 0.000 0.000 0.000 0.000 0.000 0.000 0.000 0.000 0.000 0.000 0.000 0.000 0.001 0.001 0.001 0.001 0.001 0.001 0.000
9.671 11.019 12.408 13.842 15.266 16.492 17.347 17.723 17.734 17.555 17.292 16.944 16.354 15.476 14.496 13.542 12.478 11.046 9.038 6.546 4.151 2.384 1.243 0.612 0.297 0.143 0.070 0.039 0.025 0.019 0.015 0.012 0.010 0.008 0.007 0.006 0.005 0.005 0.004 0.003 0.003 0.002 0.001 0.001 0.001 0.000 0.000 0.000 0.000 0.000 0.000 0.000 0.000 0.000 0.000 0.000 0.000 0.000 0.000 0.000 0.000 0.000 0.000 0.000 0.000 0.000 0.000 0.000 0.000 0.000 0.000 0.000 0.000 0.000 0.000 0.000 0.000
7.664 8.838 10.098 11.498 13.006 14.339 15.309 15.798 15.879 15.706 15.251 14.558 13.690 12.743 11.748 10.658 9.304 7.418 5.106 3.032 1.618 0.768 0.348 0.170 0.091 0.051 0.031 0.021 0.016 0.013 0.010 0.009 0.007 0.006 0.005 0.004 0.003 0.003 0.002 0.002 0.001 0.001 0.001 0.000 0.000 0.000 0.000 0.000 0.000 0.000 0.000 0.000 0.000 0.000 0.000 0.000 0.000 0.000 0.000 0.000 0.000 0.000 0.000 0.000 0.000 0.000 0.000 0.000 0.000 0.000 0.000 0.000 0.000 0.000 0.000 0.000 0.000
5.743 6.674 7.672 8.761 9.939 11.045 11.918 12.414 12.529 12.358 11.764 10.752 9.527 8.409 7.347 6.198 4.844 3.301 1.896 0.936 0.412 0.179 0.090 0.053 0.034 0.024 0.017 0.013 0.011 0.009 0.007 0.006 0.005 0.004 0.003 0.003 0.002 0.001 0.001 0.001 0.000 0.000 0.000 0.000 0.000 0.000 0.000 0.000 0.000 0.000 0.000 0.000 0.000 0.000 0.000 0.000 0.000 0.000 0.000 0.000 0.000 0.000 0.000 0.000 0.000 0.000 0.000 0.000 0.000 0.000 0.000 0.000 0.000 0.000 0.000 0.000 0.000
3.823 4.332 4.830 5.315 5.824 6.387 6.930 7.278 7.380 7.266 6.758 5.846 4.747 3.840 3.088 2.390 1.654 0.938 0.446 0.192 0.089 0.050 0.033 0.024 0.018 0.015 0.012 0.010 0.008 0.006 0.005 0.004 0.003 0.002 0.002 0.001 0.001 0.001 0.000 0.000 0.000 0.000 0.000 0.000 0.000 0.000 0.000 0.000 0.000 0.000 0.000 0.000 0.000 0.000 0.000 0.000 0.000 0.000 0.000 0.000 0.000 0.000 0.000 0.000 0.000 0.000 0.000 0.000 0.000 0.000 0.000 0.000 0.000 0.000 0.000 0.000 0.000
2.115 2.253 2.368 2.467 2.564 2.693 2.870 2.994 3.031 2.986 2.754 2.286 1.674 1.198 0.868 0.609 0.371 0.191 0.091 0.049 0.031 0.023 0.018 0.015 0.012 0.010 0.008 0.007 0.006 0.004 0.003 0.003 0.002 0.001 0.001 0.000 0.000 0.000 0.000 0.000 0.000 0.000 0.000 0.000 0.000 0.000 0.000 0.000 0.000 0.000 0.000 0.000 0.000 0.000 0.000 0.000 0.000 0.000 0.000 0.000 0.000 0.000 0.000 0.000 0.000 0.000 0.000 0.000 0.000 0.000 0.000 0.000 0.000 0.000 0.000 0.000 0.000
0.929 0.911 0.897 0.880 0.859 0.848 0.865 0.878 0.875 0.852 0.775 0.619 0.415 0.276 0.193 0.133 0.083 0.049 0.031 0.022 0.017 0.014 0.012 0.010 0.009 0.007 0.006 0.005 0.004 0.003 0.002 0.001 0.001 0.000 0.000 0.000 0.000 0.000 0.000 0.000 0.000 0.000 0.000 0.000 0.000 0.000 0.000 0.000 0.000 0.000 0.000 0.000 0.000 0.000 0.000 0.000 0.000 0.000 0.000 0.000 0.000 0.000 0.000 0.000 0.000 0.000 0.000 0.000 0.000 0.000 0.000 0.000 0.000 0.000 0.000 0.000 0.000
0.324 0.300 0.288 0.279 0.263 0.246 0.236 0.228 0.220 0.209 0.188 0.151 0.102 0.071 0.053 0.040 0.029 0.022 0.017 0.014 0.012 0.010 0.009 0.007 0.006 0.005 0.004 0.003 0.002 0.002 0.001 0.001 0.000 0.000 0.000 0.000 0.000 0.000 0.000 0.000 0.000 0.000 0.000 0.000 0.000 0.000 0.000 0.000 0.000 0.000 0.000 0.000 0.000 0.000 0.000 0.000 0.000 0.000 0.000 0.000 0.000 0.000 0.000 0.000 0.000 0.000 0.000 0.000 0.000 0.000 0.000 0.000 0.000 0.000 0.000 0.000 0.000
0.107 0.101 0.099 0.097 0.092 0.083 0.075 0.070 0.066 0.062 0.056 0.047 0.036 0.029 0.024 0.020 0.017 0.014 0.012 0.010 0.009 0.007 0.006 0.005 0.004 0.003 0.002 0.002 0.001 0.001 0.000 0.000 0.000 0.000 0.000 0.000 0.000 0.000 0.000 0.000 0.000 0.000 0.000 0.000 0.000 0.000 0.000 0.000 0.000 0.000 0.000 0.000 0.000 0.000 0.000 0.000 0.000 0.000 0.000 0.000 0.000 0.000 0.000 0.000 0.000 0.000 0.000 0.000 0.000 0.000 0.000 0.000 0.000 0.000 0.000 0.000 0.000
0.042 0.041 0.041 0.041 0.040 0.036 0.032 0.030 0.028 0.027 0.025 0.023 0.020 0.017 0.015 0.013 0.011 0.010 0.008 0.007 0.006 0.005 0.004 0.003 0.003 0.002 0.001 0.001 0.000 0.000 0.000 0.000 0.000 0.000 0.000 0.000 0.000 0.000 0.000 0.000 0.000 0.000 0.000 0.000 0.000 0.000 0.000 0.000 0.000 0.000 0.000 0.000 0.000 0.000 0.000 0.000 0.000 0.000 0.000 0.000 0.000 0.000 0.000 0.000 0.000 0.000 0.000 0.000 0.000 0.000 0.000 0.000 0.000 0.000 0.000 0.000 0.000
0.021 0.021 0.021 0.021 0.021 0.020 0.018 0.017 0.016 0.016 0.015 0.014 0.013 0.012 0.010 0.009 0.008 0.007 0.006 0.005 0.004 0.003 0.003 0.002 0.001 0.001 0.000 0.000 0.000 0.000 0.000 0.000 0.000 0.000 0.000 0.000 0.000 0.000 0.000 0.000 0.000 0.000 0.000 0.000 0.000 0.000 0.000 0.000 0.000 0.000 0.000 0.000 0.000 0.000 0.000 0.000 0.000 0.000 0.000 0.000 0.000 0.000 0.000 0.000 0.000 0.000 0.000 0.000 0.000 0.000 0.000 0.000 0.000 0.000 0.000 0.000 0.000
0.013 0.013 0.013 0.013 0.013 0.013 0.012 0.011 0.011 0.011 0.010 0.010 0.009 0.008 0.007 0.006 0.005 0.004 0.004 0.003 0.002 0.002 0.001 0.001 0.000 0.000 0.000 0.000 0.000 0.000 0.000 0.000 0.000 0.000 0.000 0.000 0.000 0.000 0.000 0.000 0.000 0.000 0.000 0.000 0.000 0.000 0.000 0.000 0.000 0.000 0.000 0.000 0.000 0.000 0.000 0.000 0.000 0.000 0.000 0.000 0.000 0.000 0.000 0.000 0.000 0.000 0.000 0.000 0.000 0.000 0.000 0.000 0.000 0.000 0.000 0.000 0.000
0.008 0.009 0.009 0.009 0.009 0.009 0.008 0.008 0.008 0.007 0.007 0.007 0.006 0.005 0.005 0.004 0.003 0.003 0.002 0.002 0.001 0.001 0.000 0.000 0.000 0.000 0.000 0.000 0.000 0.000 0.000 0.000 0.000 0.000 0.000 0.000 0.000 0.000 0.000 0.000 0.000 0.000 0.000 0.000 0.000 0.000 0.000 0.000 0.000 0.000 0.000 0.000 0.000 0.000 0.000 0.000 0.000 0.000 0.000 0.000 0.000 0.000 0.000 0.000 0.000 0.000 0.000 0.000 0.000 0.000 0.000 0.000 0.000 0.000 0.000 0.000 0.000
0.006 0.006 0.006 0.006 0.006 0.006 0.006 0.005 0.005 0.005 0.005 0.004 0.004 0.003 0.003 0.002 0.002 0.001 0.001 0.001 0.000 0.000 0.000 0.000 0.000 0.000 0.000 0.000 0.000 0.000 0.000 0.000 0.000 0.000 0.000 0.000 0.000 0.000 0.000 0.000 0.000 0.000 0.000 0.000 0.000 0.000 0.000 0.000 0.000 0.000 0.000 0.000 0.000 0.000 0.000 0.000 0.000 0.000 0.000 0.000 0.000 0.000 0.000 0.000 0.000 0.000 0.000 0.000 0.000 0.000 0.000 0.000 0.000 0.000 0.000 0.000 0.000
0.004 0.004 0.004 0.004 0.004 0.004 0.004 0.003 0.003 0.003 0.003 0.002 0.002 0.002 0.001 0.001 0.001 0.000 0.000 0.000 0.000 0.000 0.000 0.000 0.000 0.000 0.000 0.000 0.000 0.000 0.000 0.000 0.000 0.000 0.000 0.000 0.000 0.000 0.000 0.000 0.000 0.000 0.000 0.000 0.000 0.000 0.000 0.000 0.000 0.000 0.000 0.000 0.000 0.000 0.000 0.000 0.000 0.000 0.000 0.000 0.000 0.000 0.000 0.000 0.000 0.000 0.000 0.000 0.000 0.000 0.000 0.000 0.000 0.000 0.000 0.000 0.000
0.002 0.002 0.002 0.002 0.002 0.002 0.002 0.002 0.002 0.002 0.001 0.001 0.001 0.001 0.000 0.000 0.000 0.000 0.000 0.000 0.000 0.000 0.000 0.000 0.000 0.000 0.000 0.000 0.000 0.000 0.000 0.000 0.000 0.000 0.000 0.000 0.000 0.000 0.000 0.000 0.000 0.000 0.000 0.000 0.000 0.000 0.000 0.000 0.000 0.000 0.000 0.000 0.000 0.000 0.000 0.000 0.000 0.000 0.000 0.000 0.000 0.000 0.000 0.000 0.000 0.000 0.000 0.000 0.000 0.000 0.000 0.000 0.000 0.000 0.000 0.000 0.000
0.001 0.001 0.001 0.001 0.001 0.001 0.001 0.001 0.001 0.001 0.000 0.000 0.000 0.000 0.000 0.000 0.000 0.000 0.000 0.000 0.000 0.000 0.000 0.000 0.000 0.000 0.000 0.000 0.000 0.000 0.000 0.000 0.000 0.000 0.000 0.000 0.000 0.000 0.000 0.000 0.000 0.000 0.000 0.000 0.000 0.000 0.000 0.000 0.000 0.000 0.000 0.000 0.000 0.000 0.000 0.000 0.000 0.000 0.000 0.000 0.000 0.000 0.000 0.000 0.000 0.000 0.000 0.000 0.000 0.000 0.000 0.000 0.000 0.000 0.000 0.000 0.000
0.000 0.000 0.000 0.000 0.000 0.000 0.000 0.000 0.000 0.000 0.000 0.000 0.000 0.000 0.000 0.000 0.000 0.000 0.000 0.000 0.000 0.000 0.000 0.000 0.000 0.000 0.000 0.000 0.000 0.000 0.000 0.000 0.000 0.000 0.000 0.000 0.000 0.000 0.000 0.000 0.000 0.000 0.000 0.000 0.000 0.000 0.000 0.000 0.000 0.000 0.000 0.000 0.000 0.000 0.000 0.000 0.000 0.000 0.000 0.000 0.000 0.000 0.000 0.000 0.000 0.000 0.000 0.000 0.000 0.000 0.000 0.000 0.000 0.000 0.000 0.000 0.000
0.000 0.000 0.000 0.000 0.000 0.000 0.000 0.000 0.000 0.000 0.000 0.000 0.000 0.000 0.000 0.000 0.000 0.000 0.000 0.000 0.000 0.000 0.000 0.000 0.000 0.000 0.000 0.000 0.000 0.000 0.000 0.000 0.000 0.000 0.000 0.000 0.000 0.000 0.000 0.000 0.000 0.000 0.000 0.000 0.000 0.000 0.000 0.000 0.000 0.000 0.000 0.000 0.000 0.000 0.000 0.000 0.000 0.000 0.000 0.000 0.000 0.000 0.000 0.000 0.000 0.000 0.000 0.000 0.000 0.000 0.000 0.000 0.000 0.000 0.000 0.000 0.000
0.000 0.000 0.000 0.000 0.000 0.000 0.000 0.000 0.000 0.000 0.000 0.000 0.000 0.000 0.000 0.000 0.000 0.000 0.000 0.000 0.000 0.000 0.000 0.000 0.000 0.000 0.000 0.000 0.000 0.000 0.000 0.000 0.000 0.000 0.000 0.000 0.000 0.000 0.000 0.000 0.000 0.000 0.000 0.000 0.000 0.000 0.000 0.000 0.000 0.000 0.000 0.000 0.000 0.000 0.000 0.000 0.000 0.000 0.000 0.000 0.000 0.000 0.000 0.000 0.000 0.000 0.000 0.000 0.000 0.000 0.000 0.000 0.000 0.000 0.000 0.000 0.000
0.000 0.000 0.000 0.000 0.000 0.000 0.000 0.000 0.000 0.000 0.000 0.000 0.000 0.000 0.000 0.000 0.000 0.000 0.000 0.000 0.000 0.000 0.000 0.000 0.000 0.000 0.000 0.000 0.000 0.000 0.000 0.000 0.000 0.000 0.000 0.000 0.000 0.000 0.000 0.000 0.000 0.000 0.000 0.000 0.000 0.000 0.000 0.000 0.000 0.000 0.000 0.000 0.000 0.000 0.000 0.000 0.000 0.000 0.000 0.000 0.000 0.000 0.000 0.000 0.000 0.000 0.000 0.000 0.000 0.000 0.000 0.000 0.000 0.000 0.000 0.000 0.000
0.000 0.000 0.000 0.000 0.000 0.000 0.000 0.000 0.000 0.000 0.000 0.000 0.000 0.000 0.000 0.000 0.000 0.000 0.000 0.000 0.000 0.000 0.000 0.000 0.000 0.000 0.000 0.000 0.000 0.000 0.000 0.000 0.000 0.000 0.000 0.000 0.000 0.000 0.000 0.000 0.000 0.000 0.000 0.000 0.000 0.000 0.000 0.000 0.000 0.000 0.000 0.000 0.000 0.000 0.000 0.000 0.000 0.000 0.000 0.000 0.000 0.000 0.000 0.000 0.000 0.000 0.000 0.000 0.000 0.000 0.000 0.000 0.000 0.000 0.000 0.000 0.000
0.000 0.000 0.000 0.000 0.000 0.000 0.000 0.000 0.000 0.000 0.000 0.000 0.000 0.000 0.000 0.000 0.000 0.000 0.000 0.000 0.000 0.000 0.000 0.000 0.000 0.000 0.000 0.000 0.000 0.000 0.000 0.000 0.000 0.000 0.000 0.000 0.000 0.000 0.000 0.000 0.000 0.000 0.000 0.000 0.000 0.000 0.000 0.000 0.000 0.000 0.000 0.000 0.000 0.000 0.000 0.000 0.000 0.000 0.000 0.000 0.000 0.000 0.000 0.000 0.000 0.000 0.000 0.000 0.000 0.000 0.000 0.000 0.000 0.000 0.000 0.000 0.000
