RESULTS/r.avaflow_results/41_results/41_ascii/41_hflow_max0053.asc
ncols 506
nrows 317
xllcenter 498237.50
yllcenter 5580050.00
cellsize 12.50
NODATA_value -9999.000
[rows 170 to 203 of 317, columns 154 to 230 of 506]
11.931 11.922 11.885 11.780 11.568 11.292 11.004 10.717 10.419 10.159 9.933 9.751 9.573 9.295 8.755 7.922 6.869 5.709 4.596 3.549 2.585 1.756 1.122 0.720 0.477 0.335 0.275 0.260 0.271 0.307 0.349 0.372 0.386 0.389 0.387 0.392 0.394 0.391 0.380 0.373 0.360 0.342 0.329 0.324 0.315 0.293 0.257 0.212 0.175 0.146 0.120 0.099 0.084 0.075 0.069 0.067 0.067 0.068 0.070 0.071 0.072 0.072 0.071 0.069 0.067 0.066 0.069 0.078 0.103 0.137 0.158 0.166 0.164 0.155 0.135 0.110 0.086
15.781 16.004 16.041 15.913 15.596 15.177 14.731 14.279 13.818 13.383 13.027 12.710 12.433 12.104 11.575 10.765 9.732 8.575 7.310 5.877 4.431 3.161 2.137 1.379 0.894 0.611 0.449 0.395 0.385 0.397 0.413 0.420 0.419 0.415 0.404 0.399 0.398 0.394 0.385 0.371 0.351 0.327 0.309 0.297 0.279 0.246 0.193 0.141 0.103 0.080 0.066 0.057 0.051 0.048 0.047 0.047 0.049 0.053 0.055 0.057 0.057 0.056 0.054 0.052 0.051 0.051 0.053 0.061 0.078 0.110 0.142 0.161 0.168 0.169 0.164 0.149 0.125
19.488 19.907 19.926 19.680 19.203 18.634 18.069 17.508 16.969 16.428 15.982 15.608 15.259 14.879 14.350 13.504 12.402 11.197 9.935 8.566 6.999 5.308 3.791 2.588 1.713 1.131 0.775 0.596 0.514 0.460 0.431 0.426 0.420 0.417 0.405 0.391 0.382 0.372 0.355 0.329 0.298 0.265 0.232 0.208 0.180 0.145 0.104 0.073 0.055 0.045 0.038 0.035 0.033 0.032 0.033 0.035 0.038 0.042 0.044 0.045 0.045 0.044 0.042 0.041 0.040 0.040 0.042 0.048 0.058 0.080 0.112 0.145 0.165 0.172 0.172 0.166 0.151
22.177 22.768 22.838 22.636 22.194 21.652 21.120 20.597 20.063 19.511 18.940 18.452 18.107 17.750 17.213 16.357 15.213 13.903 12.534 11.117 9.612 7.922 6.099 4.404 3.031 2.004 1.335 0.901 0.652 0.530 0.451 0.417 0.400 0.388 0.370 0.345 0.321 0.299 0.276 0.248 0.212 0.170 0.131 0.104 0.088 0.071 0.052 0.039 0.032 0.027 0.024 0.023 0.023 0.023 0.024 0.026 0.029 0.032 0.034 0.035 0.035 0.034 0.033 0.032 0.032 0.033 0.034 0.038 0.045 0.057 0.080 0.112 0.148 0.166 0.172 0.171 0.163
23.323 24.135 24.448 24.473 24.285 24.020 23.721 23.376 22.962 22.454 21.855 21.318 20.899 20.490 19.932 19.083 17.949 16.654 15.213 13.677 12.050 10.321 8.365 6.333 4.521 3.065 2.008 1.307 0.863 0.597 0.453 0.381 0.339 0.309 0.282 0.250 0.215 0.186 0.167 0.145 0.115 0.086 0.064 0.052 0.045 0.037 0.029 0.024 0.020 0.018 0.017 0.017 0.017 0.017 0.018 0.019 0.022 0.025 0.026 0.027 0.027 0.027 0.026 0.026 0.026 0.027 0.028 0.031 0.036 0.043 0.055 0.080 0.115 0.148 0.164 0.167 0.163
23.317 24.246 24.812 25.106 25.291 25.420 25.394 25.252 24.996 24.567 23.916 23.301 22.868 22.470 21.941 21.199 20.246 19.044 17.588 15.910 14.084 12.262 10.340 8.121 5.832 3.901 2.520 1.578 0.989 0.629 0.438 0.326 0.252 0.200 0.163 0.137 0.114 0.101 0.092 0.079 0.060 0.045 0.035 0.030 0.026 0.022 0.018 0.016 0.014 0.013 0.012 0.012 0.012 0.013 0.013 0.014 0.016 0.018 0.020 0.020 0.020 0.020 0.021 0.021 0.021 0.022 0.024 0.026 0.029 0.034 0.043 0.058 0.084 0.115 0.140 0.152 0.155
22.659 23.778 24.560 25.065 25.496 25.813 25.882 25.835 25.712 25.402 24.848 24.075 23.605 23.348 22.890 22.223 21.447 20.475 19.214 17.603 15.744 13.784 11.656 9.140 6.493 4.264 2.718 1.659 1.018 0.629 0.405 0.272 0.181 0.119 0.087 0.071 0.061 0.057 0.051 0.044 0.034 0.026 0.022 0.019 0.017 0.015 0.013 0.011 0.010 0.009 0.009 0.009 0.009 0.009 0.010 0.011 0.012 0.013 0.014 0.015 0.015 0.016 0.016 0.016 0.017 0.018 0.019 0.021 0.024 0.028 0.035 0.046 0.062 0.084 0.109 0.127 0.138
21.582 22.827 23.864 24.665 25.288 25.658 25.835 25.812 25.735 25.563 25.099 24.256 23.719 23.509 23.233 22.663 21.965 21.137 19.945 18.334 16.384 14.265 12.000 9.360 6.567 4.267 2.674 1.603 0.968 0.578 0.347 0.203 0.116 0.069 0.049 0.040 0.036 0.033 0.030 0.025 0.021 0.018 0.015 0.013 0.011 0.010 0.009 0.008 0.007 0.006 0.006 0.006 0.006 0.006 0.007 0.007 0.008 0.009 0.010 0.011 0.011 0.011 0.012 0.012 0.013 0.014 0.015 0.017 0.019 0.023 0.029 0.037 0.048 0.064 0.082 0.100 0.115
20.394 21.711 22.900 23.900 24.694 25.182 25.287 25.218 25.099 24.922 24.489 23.697 23.120 22.860 22.587 22.024 21.313 20.531 19.439 17.909 15.996 13.830 11.506 8.834 6.057 3.853 2.319 1.335 0.761 0.427 0.232 0.120 0.065 0.039 0.030 0.026 0.023 0.021 0.019 0.016 0.014 0.012 0.011 0.009 0.008 0.007 0.006 0.005 0.004 0.004 0.004 0.004 0.004 0.004 0.004 0.005 0.005 0.006 0.007 0.007 0.007 0.008 0.008 0.009 0.009 0.010 0.011 0.013 0.015 0.019 0.023 0.030 0.039 0.050 0.064 0.079 0.093
19.254 20.608 21.838 22.849 23.612 24.030 24.096 24.005 23.732 23.248 22.782 22.290 21.800 21.239 20.650 19.988 19.266 18.511 17.583 16.223 14.387 12.240 9.881 7.308 4.790 2.901 1.574 0.802 0.402 0.200 0.106 0.059 0.035 0.025 0.020 0.018 0.016 0.014 0.013 0.011 0.010 0.008 0.007 0.006 0.005 0.004 0.004 0.003 0.003 0.002 0.002 0.002 0.002 0.002 0.002 0.003 0.003 0.004 0.004 0.004 0.005 0.005 0.005 0.006 0.006 0.007 0.008 0.010 0.012 0.014 0.018 0.023 0.030 0.039 0.050 0.063 0.075
18.018 19.412 20.582 21.521 22.205 22.586 22.691 22.573 22.106 21.333 20.969 20.917 20.592 19.722 18.785 18.023 17.275 16.473 15.440 13.985 12.044 9.685 7.231 4.865 2.963 1.600 0.777 0.342 0.153 0.080 0.047 0.030 0.022 0.017 0.014 0.013 0.011 0.010 0.009 0.008 0.007 0.006 0.005 0.004 0.003 0.003 0.002 0.002 0.001 0.001 0.001 0.001 0.001 0.001 0.001 0.001 0.002 0.002 0.002 0.002 0.002 0.003 0.003 0.004 0.004 0.005 0.006 0.007 0.008 0.011 0.014 0.018 0.023 0.030 0.039 0.049 0.060
16.508 17.857 19.074 20.077 20.829 21.342 21.556 21.500 21.064 20.314 19.974 19.929 19.570 18.501 17.493 16.723 15.889 14.738 13.181 11.220 8.972 6.368 4.047 2.430 1.351 0.686 0.312 0.134 0.064 0.037 0.025 0.019 0.015 0.012 0.010 0.009 0.008 0.007 0.006 0.005 0.004 0.004 0.003 0.002 0.002 0.001 0.001 0.001 0.000 0.000 0.000 0.000 0.000 0.000 0.000 0.000 0.000 0.001 0.001 0.001 0.001 0.001 0.002 0.002 0.002 0.003 0.004 0.004 0.006 0.007 0.010 0.013 0.017 0.023 0.029 0.037 0.046
14.677 15.976 17.309 18.537 19.530 20.310 20.652 20.590 20.233 19.518 19.018 18.572 17.884 16.863 15.969 15.181 14.198 12.688 10.675 8.266 5.496 3.089 1.739 0.930 0.480 0.237 0.111 0.054 0.031 0.021 0.016 0.013 0.011 0.009 0.008 0.006 0.005 0.005 0.004 0.003 0.003 0.002 0.001 0.001 0.001 0.000 0.000 0.000 0.000 0.000 0.000 0.000 0.000 0.000 0.000 0.000 0.000 0.000 0.000 0.000 0.000 0.000 0.001 0.001 0.001 0.001 0.002 0.003 0.004 0.005 0.007 0.009 0.012 0.016 0.021 0.027 0.033
12.753 13.988 15.300 16.562 17.622 18.343 18.739 18.766 18.565 17.891 16.983 15.995 14.940 14.040 13.219 12.317 11.062 9.134 6.576 3.946 2.182 1.119 0.542 0.271 0.144 0.078 0.043 0.026 0.018 0.014 0.011 0.009 0.008 0.006 0.005 0.004 0.004 0.003 0.002 0.002 0.001 0.001 0.001 0.000 0.000 0.000 0.000 0.000 0.000 0.000 0.000 0.000 0.000 0.000 0.000 0.000 0.000 0.000 0.000 0.000 0.000 0.000 0.000 0.000 0.000 0.000 0.001 0.001 0.002 0.003 0.004 0.006 0.008 0.011 0.014 0.018 0.022
10.685 11.669 12.691 13.591 14.249 14.692 15.003 15.122 15.065 14.515 13.434 12.138 10.943 9.950 8.930 7.713 6.101 4.281 2.558 1.342 0.649 0.292 0.140 0.079 0.049 0.031 0.021 0.015 0.012 0.010 0.008 0.006 0.005 0.004 0.003 0.003 0.002 0.001 0.001 0.001 0.000 0.000 0.000 0.000 0.000 0.000 0.000 0.000 0.000 0.000 0.000 0.000 0.000 0.000 0.000 0.000 0.000 0.000 0.000 0.000 0.000 0.000 0.000 0.000 0.000 0.000 0.000 0.000 0.001 0.001 0.002 0.003 0.005 0.007 0.009 0.011 0.013
8.179 8.768 9.095 9.201 9.170 9.082 9.189 9.389 9.508 9.270 8.449 7.327 6.010 4.806 3.884 3.087 2.237 1.339 0.697 0.322 0.146 0.074 0.045 0.031 0.022 0.017 0.013 0.010 0.008 0.007 0.006 0.004 0.003 0.003 0.002 0.001 0.001 0.001 0.000 0.000 0.000 0.000 0.000 0.000 0.000 0.000 0.000 0.000 0.000 0.000 0.000 0.000 0.000 0.000 0.000 0.000 0.000 0.000 0.000 0.000 0.000 0.000 0.000 0.000 0.000 0.000 0.000 0.000 0.000 0.001 0.001 0.002 0.003 0.004 0.005 0.006 0.007
5.574 5.605 5.198 5.050 4.846 4.535 4.143 3.873 3.873 3.875 3.455 2.945 2.224 1.631 1.204 0.873 0.570 0.310 0.151 0.074 0.042 0.029 0.021 0.017 0.013 0.011 0.009 0.007 0.006 0.005 0.004 0.003 0.002 0.001 0.001 0.000 0.000 0.000 0.000 0.000 0.000 0.000 0.000 0.000 0.000 0.000 0.000 0.000 0.000 0.000 0.000 0.000 0.000 0.000 0.000 0.000 0.000 0.000 0.000 0.000 0.000 0.000 0.000 0.000 0.000 0.000 0.000 0.000 0.000 0.000 0.000 0.001 0.001 0.002 0.002 0.003 0.004
3.278 3.460 3.567 3.473 3.165 2.520 1.816 1.406 1.229 1.156 1.059 0.871 0.609 0.413 0.291 0.203 0.129 0.074 0.042 0.027 0.020 0.016 0.013 0.011 0.009 0.008 0.006 0.005 0.004 0.003 0.002 0.001 0.001 0.001 0.000 0.000 0.000 0.000 0.000 0.000 0.000 0.000 0.000 0.000 0.000 0.000 0.000 0.000 0.000 0.000 0.000 0.000 0.000 0.000 0.000 0.000 0.000 0.000 0.000 0.000 0.000 0.000 0.000 0.000 0.000 0.000 0.000 0.000 0.000 0.000 0.000 0.000 0.000 0.001 0.001 0.001 0.002
2.831 3.007 3.111 3.008 2.680 1.900 1.042 0.575 0.388 0.315 0.273 0.222 0.151 0.104 0.076 0.055 0.039 0.027 0.020 0.016 0.013 0.011 0.009 0.008 0.007 0.005 0.004 0.003 0.002 0.002 0.001 0.001 0.000 0.000 0.000 0.000 0.000 0.000 0.000 0.000 0.000 0.000 0.000 0.000 0.000 0.000 0.000 0.000 0.000 0.000 0.000 0.000 0.000 0.000 0.000 0.000 0.000 0.000 0.000 0.000 0.000 0.000 0.000 0.000 0.000 0.000 0.000 0.000 0.000 0.000 0.000 0.000 0.000 0.000 0.000 0.000 0.001
2.677 2.770 2.848 2.841 2.473 1.702 0.841 0.361 0.172 0.107 0.083 0.066 0.049 0.037 0.030 0.024 0.019 0.015 0.013 0.011 0.009 0.008 0.007 0.005 0.004 0.003 0.003 0.002 0.001 0.001 0.000 0.000 0.000 0.000 0.000 0.000 0.000 0.000 0.000 0.000 0.000 0.000 0.000 0.000 0.000 0.000 0.000 0.000 0.000 0.000 0.000 0.000 0.000 0.000 0.000 0.000 0.000 0.000 0.000 0.000 0.000 0.000 0.000 0.000 0.000 0.000 0.000 0.000 0.000 0.000 0.000 0.000 0.000 0.000 0.000 0.000 0.000
2.582 2.604 2.619 2.527 2.204 2.046 0.821 0.310 0.115 0.053 0.036 0.028 0.023 0.019 0.016 0.014 0.012 0.010 0.009 0.008 0.006 0.005 0.004 0.004 0.003 0.002 0.001 0.001 0.000 0.000 0.000 0.000 0.000 0.000 0.000 0.000 0.000 0.000 0.000 0.000 0.000 0.000 0.000 0.000 0.000 0.000 0.000 0.000 0.000 0.000 0.000 0.000 0.000 0.000 0.000 0.000 0.000 0.000 0.000 0.000 0.000 0.000 0.000 0.000 0.000 0.000 0.000 0.000 0.000 0.000 0.000 0.000 0.000 0.000 0.000 0.000 0.000
2.484 2.453 2.386 2.272 2.067 2.022 0.930 0.320 0.096 0.036 0.020 0.016 0.014 0.013 0.011 0.010 0.008 0.007 0.006 0.005 0.004 0.003 0.003 0.002 0.001 0.001 0.000 0.000 0.000 0.000 0.000 0.000 0.000 0.000 0.000 0.000 0.000 0.000 0.000 0.000 0.000 0.000 0.000 0.000 0.000 0.000 0.000 0.000 0.000 0.000 0.000 0.000 0.000 0.000 0.000 0.000 0.000 0.000 0.000 0.000 0.000 0.000 0.000 0.000 0.000 0.000 0.000 0.000 0.000 0.000 0.000 0.000 0.000 0.000 0.000 0.000 0.000
2.322 2.238 2.138 2.050 2.022 2.013 2.013 0.360 0.085 0.026 0.014 0.011 0.010 0.009 0.008 0.007 0.006 0.005 0.004 0.003 0.003 0.002 0.001 0.001 0.001 0.000 0.000 0.000 0.000 0.000 0.000 0.000 0.000 0.000 0.000 0.000 0.000 0.000 0.000 0.000 0.000 0.000 0.000 0.000 0.000 0.000 0.000 0.000 0.000 0.000 0.000 0.000 0.000 0.000 0.000 0.000 0.000 0.000 0.000 0.000 0.000 0.000 0.000 0.000 0.000 0.000 0.000 0.000 0.000 0.000 0.000 0.000 0.000 0.000 0.000 0.000 0.000
2.047 2.009 2.010 2.009 2.009 2.009 2.009 0.324 0.060 0.017 0.009 0.007 0.007 0.006 0.005 0.004 0.003 0.003 0.002 0.002 0.001 0.001 0.000 0.000 0.000 0.000 0.000 0.000 0.000 0.000 0.000 0.000 0.000 0.000 0.000 0.000 0.000 0.000 0.000 0.000 0.000 0.000 0.000 0.000 0.000 0.000 0.000 0.000 0.000 0.000 0.000 0.000 0.000 0.000 0.000 0.000 0.000 0.000 0.000 0.000 0.000 0.000 0.000 0.000 0.000 0.000 0.000 0.000 0.000 0.000 0.000 0.000 0.000 0.000 0.000 0.000 0.000
2.006 2.006 2.006 2.006 0.657 0.438 0.323 0.107 0.023 0.009 0.006 0.005 0.004 0.004 0.003 0.002 0.002 0.001 0.001 0.001 0.000 0.000 0.000 0.000 0.000 0.000 0.000 0.000 0.000 0.000 0.000 0.000 0.000 0.000 0.000 0.000 0.000 0.000 0.000 0.000 0.000 0.000 0.000 0.000 0.000 0.000 0.000 0.000 0.000 0.000 0.000 0.000 0.000 0.000 0.000 0.000 0.000 0.000 0.000 0.000 0.000 0.000 0.000 0.000 0.000 0.000 0.000 0.000 0.000 0.000 0.000 0.000 0.000 0.000 0.000 0.000 0.000
2.004 2.004 0.697 0.312 0.134 0.077 0.047 0.020 0.009 0.005 0.003 0.003 0.002 0.002 0.001 0.001 0.001 0.000 0.000 0.000 0.000 0.000 0.000 0.000 0.000 0.000 0.000 0.000 0.000 0.000 0.000 0.000 0.000 0.000 0.000 0.000 0.000 0.000 0.000 0.000 0.000 0.000 0.000 0.000 0.000 0.000 0.000 0.000 0.000 0.000 0.000 0.000 0.000 0.000 0.000 0.000 0.000 0.000 0.000 0.000 0.000 0.000 0.000 0.000 0.000 0.000 0.000 0.000 0.000 0.000 0.000 0.000 0.000 0.000 0.000 0.000 0.000
0.434 0.321 0.144 0.055 0.027 0.016 0.011 0.006 0.004 0.002 0.002 0.001 0.001 0.001 0.000 0.000 0.000 0.000 0.000 0.000 0.000 0.000 0.000 0.000 0.000 0.000 0.000 0.000 0.000 0.000 0.000 0.000 0.000 0.000 0.000 0.000 0.000 0.000 0.000 0.000 0.000 0.000 0.000 0.000 0.000 0.000 0.000 0.000 0.000 0.000 0.000 0.000 0.000 0.000 0.000 0.000 0.000 0.000 0.000 0.000 0.000 0.000 0.000 0.000 0.000 0.000 0.000 0.000 0.000 0.000 0.000 0.000 0.000 0.000 0.000 0.000 0.000
0.074 0.049 0.026 0.012 0.007 0.005 0.004 0.003 0.002 0.001 0.000 0.000 0.000 0.000 0.000 0.000 0.000 0.000 0.000 0.000 0.000 0.000 0.000 0.000 0.000 0.000 0.000 0.000 0.000 0.000 0.000 0.000 0.000 0.000 0.000 0.000 0.000 0.000 0.000 0.000 0.000 0.000 0.000 0.000 0.000 0.000 0.000 0.000 0.000 0.000 0.000 0.000 0.000 0.000 0.000 0.000 0.000 0.000 0.000 0.000 0.000 0.000 0.000 0.000 0.000 0.000 0.000 0.000 0.000 0.000 0.000 0.000 0.000 0.000 0.000 0.000 0.000
0.015 0.010 0.006 0.004 0.003 0.002 0.002 0.001 0.001 0.000 0.000 0.000 0.000 0.000 0.000 0.000 0.000 0.000 0.000 0.000 0.000 0.000 0.000 0.000 0.000 0.000 0.000 0.000 0.000 0.000 0.000 0.000 0.000 0.000 0.000 0.000 0.000 0.000 0.000 0.000 0.000 0.000 0.000 0.000 0.000 0.000 0.000 0.000 0.000 0.000 0.000 0.000 0.000 0.000 0.000 0.000 0.000 0.000 0.000 0.000 0.000 0.000 0.000 0.000 0.000 0.000 0.000 0.000 0.000 0.000 0.000 0.000 0.000 0.000 0.000 0.000 0.000
0.004 0.003 0.002 0.002 0.001 0.001 0.001 0.000 0.000 0.000 0.000 0.000 0.000 0.000 0.000 0.000 0.000 0.000 0.000 0.000 0.000 0.000 0.000 0.000 0.000 0.000 0.000 0.000 0.000 0.000 0.000 0.000 0.000 0.000 0.000 0.000 0.000 0.000 0.000 0.000 0.000 0.000 0.000 0.000 0.000 0.000 0.000 0.000 0.000 0.000 0.000 0.000 0.000 0.000 0.000 0.000 0.000 0.000 0.000 0.000 0.000 0.000 0.000 0.000 0.000 0.000 0.000 0.000 0.000 0.000 0.000 0.000 0.000 0.000 0.000 0.000 0.000
0.001 0.001 0.001 0.001 0.000 0.000 0.000 0.000 0.000 0.000 0.000 0.000 0.000 0.000 0.000 0.000 0.000 0.000 0.000 0.000 0.000 0.000 0.000 0.000 0.000 0.000 0.000 0.000 0.000 0.000 0.000 0.000 0.000 0.000 0.000 0.000 0.000 0.000 0.000 0.000 0.000 0.000 0.000 0.000 0.000 0.000 0.000 0.000 0.000 0.000 0.000 0.000 0.000 0.000 0.000 0.000 0.000 0.000 0.000 0.000 0.000 0.000 0.000 0.000 0.000 0.000 0.000 0.000 0.000 0.000 0.000 0.000 0.000 0.000 0.000 0.000 0.000
0.000 0.000 0.000 0.000 0.000 0.000 0.000 0.000 0.000 0.000 0.000 0.000 0.000 0.000 0.000 0.000 0.000 0.000 0.000 0.000 0.000 0.000 0.000 0.000 0.000 0.000 0.000 0.000 0.000 0.000 0.000 0.000 0.000 0.000 0.000 0.000 0.000 0.000 0.000 0.000 0.000 0.000 0.000 0.000 0.000 0.000 0.000 0.000 0.000 0.000 0.000 0.000 0.000 0.000 0.000 0.000 0.000 0.000 0.000 0.000 0.000 0.000 0.000 0.000 0.000 0.000 0.000 0.000 0.000 0.000 0.000 0.000 0.000 0.000 0.000 0.000 0.000
0.000 0.000 0.000 0.000 0.000 0.000 0.000 0.000 0.000 0.000 0.000 0.000 0.000 0.000 0.000 0.000 0.000 0.000 0.000 0.000 0.000 0.000 0.000 0.000 0.000 0.000 0.000 0.000 0.000 0.000 0.000 0.000 0.000 0.000 0.000 0.000 0.000 0.000 0.000 0.000 0.000 0.000 0.000 0.000 0.000 0.000 0.000 0.000 0.000 0.000 0.000 0.000 0.000 0.000 0.000 0.000 0.000 0.000 0.000 0.000 0.000 0.000 0.000 0.000 0.000 0.000 0.000 0.000 0.000 0.000 0.000 0.000 0.000 0.000 0.000 0.000 0.000
0.000 0.000 0.000 0.000 0.000 0.000 0.000 0.000 0.000 0.000 0.000 0.000 0.000 0.000 0.000 0.000 0.000 0.000 0.000 0.000 0.000 0.000 0.000 0.000 0.000 0.000 0.000 0.000 0.000 0.000 0.000 0.000 0.000 0.000 0.000 0.000 0.000 0.000 0.000 0.000 0.000 0.000 0.000 0.000 0.000 0.000 0.000 0.000 0.000 0.000 0.000 0.000 0.000 0.000 0.000 0.000 0.000 0.000 0.000 0.000 0.000 0.000 0.000 0.000 0.000 0.000 0.000 0.000 0.000 0.000 0.000 0.000 0.000 0.000 0.000 0.000 0.000
