RESULTS/r.avaflow_results/41_results/41_ascii/41_hflow_max0038.asc
ncols 506
nrows 317
xllcenter 498237.50
yllcenter 5580050.00
cellsize 12.50
NODATA_value -9999.000
[rows 170 to 203 of 317, columns 154 to 230 of 506]
11.906 11.900 11.863 11.759 11.548 11.272 10.984 10.696 10.397 10.136 9.909 9.728 9.551 9.275 8.737 7.905 6.854 5.696 4.586 3.541 2.579 1.752 1.119 0.718 0.476 0.334 0.274 0.259 0.269 0.306 0.348 0.370 0.385 0.388 0.386 0.391 0.394 0.390 0.380 0.373 0.360 0.342 0.329 0.324 0.315 0.293 0.257 0.212 0.175 0.146 0.120 0.099 0.084 0.075 0.069 0.067 0.067 0.068 0.070 0.071 0.072 0.072 0.071 0.069 0.067 0.063 0.062 0.066 0.073 0.080 0.082 0.081 0.069 0.046 0.025 0.013 0.007
15.750 15.975 16.012 15.885 15.568 15.148 14.702 14.250 13.786 13.350 12.993 12.678 12.403 12.076 11.550 10.742 9.713 8.558 7.296 5.865 4.421 3.154 2.131 1.375 0.892 0.609 0.447 0.394 0.383 0.396 0.412 0.418 0.418 0.414 0.403 0.399 0.398 0.394 0.385 0.371 0.351 0.327 0.309 0.297 0.279 0.246 0.193 0.141 0.103 0.080 0.066 0.057 0.051 0.048 0.047 0.047 0.049 0.051 0.054 0.055 0.055 0.054 0.052 0.050 0.048 0.046 0.046 0.048 0.052 0.055 0.056 0.055 0.050 0.036 0.020 0.010 0.005
19.452 19.871 19.890 19.644 19.167 18.597 18.031 17.469 16.929 16.385 15.938 15.567 15.222 14.845 14.321 13.478 12.379 11.178 9.919 8.552 6.988 5.299 3.784 2.583 1.709 1.128 0.772 0.595 0.512 0.459 0.429 0.424 0.419 0.416 0.405 0.390 0.382 0.372 0.355 0.329 0.298 0.265 0.232 0.208 0.180 0.145 0.104 0.073 0.055 0.045 0.038 0.035 0.033 0.032 0.033 0.034 0.037 0.039 0.041 0.042 0.041 0.041 0.039 0.037 0.035 0.034 0.034 0.034 0.036 0.036 0.036 0.034 0.029 0.021 0.012 0.006 0.003
22.136 22.727 22.797 22.594 22.152 21.609 21.076 20.551 20.015 19.462 18.890 18.406 18.066 17.713 17.180 16.328 15.188 13.881 12.516 11.102 9.599 7.912 6.091 4.397 3.026 2.000 1.332 0.899 0.651 0.529 0.449 0.416 0.399 0.387 0.370 0.345 0.321 0.299 0.276 0.248 0.212 0.170 0.131 0.104 0.088 0.071 0.052 0.039 0.032 0.027 0.024 0.023 0.023 0.023 0.023 0.025 0.027 0.030 0.031 0.031 0.031 0.031 0.029 0.028 0.026 0.025 0.024 0.024 0.023 0.023 0.022 0.020 0.016 0.011 0.006 0.003 0.001
23.283 24.095 24.408 24.433 24.244 23.978 23.677 23.330 22.914 22.404 21.805 21.270 20.855 20.451 19.898 19.054 17.924 16.632 15.194 13.662 12.036 10.310 8.356 6.327 4.516 3.061 2.005 1.304 0.861 0.595 0.452 0.380 0.338 0.308 0.282 0.250 0.215 0.186 0.167 0.145 0.115 0.085 0.064 0.052 0.045 0.037 0.029 0.024 0.020 0.018 0.017 0.016 0.016 0.016 0.017 0.018 0.021 0.022 0.023 0.023 0.023 0.022 0.022 0.020 0.019 0.018 0.017 0.016 0.015 0.014 0.013 0.011 0.008 0.005 0.003 0.001 0.001
23.291 24.218 24.783 25.076 25.259 25.387 25.358 25.214 24.955 24.523 23.867 23.254 22.826 22.433 21.908 21.170 20.221 19.022 17.569 15.895 14.071 12.251 10.331 8.114 5.826 3.897 2.517 1.575 0.987 0.627 0.437 0.325 0.251 0.199 0.162 0.136 0.114 0.101 0.092 0.079 0.060 0.045 0.034 0.030 0.026 0.022 0.018 0.016 0.014 0.013 0.012 0.012 0.012 0.012 0.013 0.014 0.015 0.016 0.016 0.016 0.016 0.016 0.015 0.015 0.014 0.013 0.012 0.010 0.009 0.008 0.007 0.006 0.004 0.002 0.001 0.001 0.000
22.651 23.769 24.550 25.053 25.481 25.795 25.859 25.808 25.679 25.362 24.804 24.032 23.565 23.313 22.859 22.195 21.423 20.454 19.196 17.587 15.731 13.773 11.648 9.133 6.488 4.259 2.714 1.656 1.016 0.628 0.404 0.271 0.181 0.119 0.087 0.071 0.061 0.056 0.051 0.043 0.033 0.026 0.022 0.019 0.017 0.015 0.013 0.011 0.010 0.009 0.009 0.009 0.009 0.009 0.009 0.010 0.010 0.011 0.011 0.011 0.011 0.011 0.011 0.010 0.009 0.008 0.007 0.006 0.005 0.005 0.004 0.003 0.002 0.001 0.000 0.000 0.000
21.582 22.827 23.864 24.664 25.286 25.653 25.825 25.795 25.709 25.529 25.058 24.217 23.682 23.476 23.203 22.636 21.942 21.117 19.928 18.320 16.371 14.255 11.992 9.353 6.561 4.262 2.671 1.601 0.966 0.577 0.346 0.202 0.116 0.068 0.048 0.040 0.036 0.033 0.029 0.025 0.020 0.017 0.015 0.013 0.011 0.010 0.009 0.008 0.007 0.006 0.006 0.006 0.006 0.006 0.006 0.006 0.007 0.007 0.007 0.007 0.007 0.007 0.007 0.007 0.006 0.005 0.004 0.004 0.003 0.002 0.002 0.001 0.001 0.000 0.000 0.000 0.000
20.394 21.711 22.900 23.900 24.694 25.182 25.286 25.210 25.082 24.894 24.452 23.661 23.086 22.829 22.559 21.999 21.291 20.512 19.422 17.894 15.984 13.820 11.498 8.827 6.051 3.849 2.316 1.333 0.760 0.426 0.231 0.120 0.065 0.039 0.030 0.026 0.023 0.021 0.018 0.016 0.014 0.012 0.010 0.009 0.008 0.007 0.006 0.005 0.004 0.004 0.004 0.004 0.004 0.004 0.004 0.004 0.004 0.004 0.004 0.004 0.004 0.004 0.004 0.004 0.003 0.003 0.002 0.002 0.001 0.001 0.001 0.000 0.000 0.000 0.000 0.000 0.000
19.254 20.608 21.838 22.849 23.612 24.030 24.096 24.004 23.722 23.224 22.748 22.257 21.769 21.210 20.623 19.963 19.244 18.493 17.567 16.209 14.375 12.231 9.872 7.302 4.785 2.898 1.571 0.801 0.401 0.199 0.106 0.059 0.034 0.025 0.020 0.017 0.016 0.014 0.012 0.011 0.010 0.008 0.007 0.006 0.005 0.004 0.004 0.003 0.003 0.002 0.002 0.002 0.002 0.002 0.002 0.002 0.002 0.002 0.002 0.002 0.002 0.002 0.002 0.002 0.002 0.001 0.001 0.001 0.000 0.000 0.000 0.000 0.000 0.000 0.000 0.000 0.000
18.018 19.412 20.582 21.521 22.205 22.586 22.691 22.573 22.100 21.311 20.938 20.886 20.562 19.693 18.759 18.000 17.255 16.455 15.425 13.971 12.032 9.675 7.223 4.859 2.959 1.597 0.776 0.341 0.153 0.080 0.047 0.029 0.022 0.017 0.014 0.012 0.011 0.010 0.009 0.008 0.007 0.006 0.005 0.004 0.003 0.003 0.002 0.002 0.001 0.001 0.001 0.001 0.001 0.001 0.001 0.001 0.001 0.001 0.001 0.001 0.001 0.001 0.001 0.001 0.001 0.000 0.000 0.000 0.000 0.000 0.000 0.000 0.000 0.000 0.000 0.000 0.000
16.508 17.857 19.074 20.077 20.829 21.342 21.556 21.500 21.061 20.294 19.945 19.899 19.541 18.473 17.467 16.700 15.869 14.720 13.166 11.207 8.961 6.359 4.041 2.425 1.349 0.685 0.312 0.134 0.064 0.037 0.025 0.019 0.015 0.012 0.010 0.009 0.008 0.007 0.006 0.005 0.004 0.004 0.003 0.002 0.002 0.001 0.001 0.001 0.000 0.000 0.000 0.000 0.000 0.000 0.000 0.000 0.000 0.000 0.000 0.000 0.000 0.000 0.000 0.000 0.000 0.000 0.000 0.000 0.000 0.000 0.000 0.000 0.000 0.000 0.000 0.000 0.000
14.677 15.976 17.309 18.537 19.530 20.310 20.652 20.590 20.232 19.499 18.990 18.543 17.855 16.835 15.944 15.158 14.178 12.670 10.661 8.254 5.487 3.084 1.736 0.929 0.479 0.237 0.111 0.054 0.031 0.021 0.016 0.013 0.011 0.009 0.007 0.006 0.005 0.005 0.004 0.003 0.003 0.002 0.001 0.001 0.001 0.000 0.000 0.000 0.000 0.000 0.000 0.000 0.000 0.000 0.000 0.000 0.000 0.000 0.000 0.000 0.000 0.000 0.000 0.000 0.000 0.000 0.000 0.000 0.000 0.000 0.000 0.000 0.000 0.000 0.000 0.000 0.000
12.753 13.988 15.300 16.562 17.622 18.343 18.739 18.766 18.564 17.873 16.955 15.966 14.911 14.014 13.194 12.294 11.043 9.119 6.564 3.938 2.178 1.117 0.542 0.271 0.144 0.078 0.043 0.026 0.018 0.014 0.011 0.009 0.008 0.006 0.005 0.004 0.003 0.003 0.002 0.002 0.001 0.001 0.001 0.000 0.000 0.000 0.000 0.000 0.000 0.000 0.000 0.000 0.000 0.000 0.000 0.000 0.000 0.000 0.000 0.000 0.000 0.000 0.000 0.000 0.000 0.000 0.000 0.000 0.000 0.000 0.000 0.000 0.000 0.000 0.000 0.000 0.000
10.685 11.669 12.691 13.591 14.249 14.692 15.003 15.122 15.064 14.498 13.407 12.110 10.916 9.926 8.909 7.696 6.088 4.272 2.553 1.340 0.648 0.291 0.140 0.079 0.049 0.031 0.021 0.015 0.012 0.010 0.008 0.006 0.005 0.004 0.003 0.003 0.002 0.001 0.001 0.001 0.000 0.000 0.000 0.000 0.000 0.000 0.000 0.000 0.000 0.000 0.000 0.000 0.000 0.000 0.000 0.000 0.000 0.000 0.000 0.000 0.000 0.000 0.000 0.000 0.000 0.000 0.000 0.000 0.000 0.000 0.000 0.000 0.000 0.000 0.000 0.000 0.000
8.179 8.768 9.095 9.201 9.170 9.082 9.189 9.389 9.508 9.257 8.425 7.304 5.991 4.790 3.872 3.079 2.233 1.337 0.696 0.321 0.146 0.074 0.045 0.031 0.022 0.017 0.013 0.010 0.008 0.007 0.005 0.004 0.003 0.003 0.002 0.001 0.001 0.001 0.000 0.000 0.000 0.000 0.000 0.000 0.000 0.000 0.000 0.000 0.000 0.000 0.000 0.000 0.000 0.000 0.000 0.000 0.000 0.000 0.000 0.000 0.000 0.000 0.000 0.000 0.000 0.000 0.000 0.000 0.000 0.000 0.000 0.000 0.000 0.000 0.000 0.000 0.000
5.574 5.605 5.198 5.050 4.846 4.535 4.143 3.873 3.873 3.873 3.444 2.936 2.218 1.627 1.202 0.872 0.569 0.310 0.150 0.074 0.042 0.029 0.021 0.017 0.013 0.011 0.009 0.007 0.006 0.005 0.004 0.003 0.002 0.001 0.001 0.000 0.000 0.000 0.000 0.000 0.000 0.000 0.000 0.000 0.000 0.000 0.000 0.000 0.000 0.000 0.000 0.000 0.000 0.000 0.000 0.000 0.000 0.000 0.000 0.000 0.000 0.000 0.000 0.000 0.000 0.000 0.000 0.000 0.000 0.000 0.000 0.000 0.000 0.000 0.000 0.000 0.000
3.278 3.460 3.567 3.473 3.165 2.520 1.816 1.406 1.229 1.156 1.057 0.870 0.609 0.413 0.291 0.203 0.129 0.074 0.042 0.027 0.020 0.016 0.013 0.011 0.009 0.008 0.006 0.005 0.004 0.003 0.002 0.001 0.001 0.000 0.000 0.000 0.000 0.000 0.000 0.000 0.000 0.000 0.000 0.000 0.000 0.000 0.000 0.000 0.000 0.000 0.000 0.000 0.000 0.000 0.000 0.000 0.000 0.000 0.000 0.000 0.000 0.000 0.000 0.000 0.000 0.000 0.000 0.000 0.000 0.000 0.000 0.000 0.000 0.000 0.000 0.000 0.000
2.831 3.007 3.111 3.008 2.680 1.900 1.042 0.575 0.388 0.315 0.273 0.222 0.151 0.104 0.076 0.055 0.039 0.027 0.020 0.015 0.013 0.011 0.009 0.008 0.007 0.005 0.004 0.003 0.002 0.002 0.001 0.001 0.000 0.000 0.000 0.000 0.000 0.000 0.000 0.000 0.000 0.000 0.000 0.000 0.000 0.000 0.000 0.000 0.000 0.000 0.000 0.000 0.000 0.000 0.000 0.000 0.000 0.000 0.000 0.000 0.000 0.000 0.000 0.000 0.000 0.000 0.000 0.000 0.000 0.000 0.000 0.000 0.000 0.000 0.000 0.000 0.000
2.677 2.770 2.848 2.841 2.473 1.702 0.841 0.361 0.172 0.107 0.083 0.066 0.049 0.037 0.030 0.024 0.019 0.015 0.013 0.011 0.009 0.008 0.007 0.005 0.004 0.003 0.003 0.002 0.001 0.001 0.000 0.000 0.000 0.000 0.000 0.000 0.000 0.000 0.000 0.000 0.000 0.000 0.000 0.000 0.000 0.000 0.000 0.000 0.000 0.000 0.000 0.000 0.000 0.000 0.000 0.000 0.000 0.000 0.000 0.000 0.000 0.000 0.000 0.000 0.000 0.000 0.000 0.000 0.000 0.000 0.000 0.000 0.000 0.000 0.000 0.000 0.000
2.582 2.604 2.619 2.527 2.204 2.046 0.821 0.310 0.115 0.053 0.036 0.028 0.023 0.019 0.016 0.014 0.012 0.010 0.009 0.008 0.006 0.005 0.004 0.004 0.003 0.002 0.001 0.001 0.000 0.000 0.000 0.000 0.000 0.000 0.000 0.000 0.000 0.000 0.000 0.000 0.000 0.000 0.000 0.000 0.000 0.000 0.000 0.000 0.000 0.000 0.000 0.000 0.000 0.000 0.000 0.000 0.000 0.000 0.000 0.000 0.000 0.000 0.000 0.000 0.000 0.000 0.000 0.000 0.000 0.000 0.000 0.000 0.000 0.000 0.000 0.000 0.000
2.484 2.453 2.386 2.272 2.067 2.022 0.930 0.320 0.096 0.036 0.020 0.016 0.014 0.013 0.011 0.010 0.008 0.007 0.006 0.005 0.004 0.003 0.003 0.002 0.001 0.001 0.000 0.000 0.000 0.000 0.000 0.000 0.000 0.000 0.000 0.000 0.000 0.000 0.000 0.000 0.000 0.000 0.000 0.000 0.000 0.000 0.000 0.000 0.000 0.000 0.000 0.000 0.000 0.000 0.000 0.000 0.000 0.000 0.000 0.000 0.000 0.000 0.000 0.000 0.000 0.000 0.000 0.000 0.000 0.000 0.000 0.000 0.000 0.000 0.000 0.000 0.000
2.322 2.238 2.138 2.050 2.022 2.013 2.013 0.360 0.085 0.026 0.014 0.011 0.010 0.009 0.008 0.007 0.006 0.005 0.004 0.003 0.003 0.002 0.001 0.001 0.001 0.000 0.000 0.000 0.000 0.000 0.000 0.000 0.000 0.000 0.000 0.000 0.000 0.000 0.000 0.000 0.000 0.000 0.000 0.000 0.000 0.000 0.000 0.000 0.000 0.000 0.000 0.000 0.000 0.000 0.000 0.000 0.000 0.000 0.000 0.000 0.000 0.000 0.000 0.000 0.000 0.000 0.000 0.000 0.000 0.000 0.000 0.000 0.000 0.000 0.000 0.000 0.000
2.047 2.009 2.010 2.009 2.009 2.009 2.009 0.324 0.060 0.017 0.009 0.007 0.007 0.006 0.005 0.004 0.003 0.003 0.002 0.002 0.001 0.001 0.000 0.000 0.000 0.000 0.000 0.000 0.000 0.000 0.000 0.000 0.000 0.000 0.000 0.000 0.000 0.000 0.000 0.000 0.000 0.000 0.000 0.000 0.000 0.000 0.000 0.000 0.000 0.000 0.000 0.000 0.000 0.000 0.000 0.000 0.000 0.000 0.000 0.000 0.000 0.000 0.000 0.000 0.000 0.000 0.000 0.000 0.000 0.000 0.000 0.000 0.000 0.000 0.000 0.000 0.000
2.006 2.006 2.006 2.006 0.657 0.438 0.323 0.107 0.023 0.009 0.006 0.005 0.004 0.004 0.003 0.002 0.002 0.001 0.001 0.001 0.000 0.000 0.000 0.000 0.000 0.000 0.000 0.000 0.000 0.000 0.000 0.000 0.000 0.000 0.000 0.000 0.000 0.000 0.000 0.000 0.000 0.000 0.000 0.000 0.000 0.000 0.000 0.000 0.000 0.000 0.000 0.000 0.000 0.000 0.000 0.000 0.000 0.000 0.000 0.000 0.000 0.000 0.000 0.000 0.000 0.000 0.000 0.000 0.000 0.000 0.000 0.000 0.000 0.000 0.000 0.000 0.000
2.004 2.004 0.697 0.312 0.134 0.077 0.047 0.020 0.009 0.005 0.003 0.003 0.002 0.002 0.001 0.001 0.001 0.000 0.000 0.000 0.000 0.000 0.000 0.000 0.000 0.000 0.000 0.000 0.000 0.000 0.000 0.000 0.000 0.000 0.000 0.000 0.000 0.000 0.000 0.000 0.000 0.000 0.000 0.000 0.000 0.000 0.000 0.000 0.000 0.000 0.000 0.000 0.000 0.000 0.000 0.000 0.000 0.000 0.000 0.000 0.000 0.000 0.000 0.000 0.000 0.000 0.000 0.000 0.000 0.000 0.000 0.000 0.000 0.000 0.000 0.000 0.000
0.434 0.321 0.144 0.055 0.027 0.016 0.011 0.006 0.004 0.002 0.002 0.001 0.001 0.001 0.000 0.000 0.000 0.000 0.000 0.000 0.000 0.000 0.000 0.000 0.000 0.000 0.000 0.000 0.000 0.000 0.000 0.000 0.000 0.000 0.000 0.000 0.000 0.000 0.000 0.000 0.000 0.000 0.000 0.000 0.000 0.000 0.000 0.000 0.000 0.000 0.000 0.000 0.000 0.000 0.000 0.000 0.000 0.000 0.000 0.000 0.000 0.000 0.000 0.000 0.000 0.000 0.000 0.000 0.000 0.000 0.000 0.000 0.000 0.000 0.000 0.000 0.000
0.074 0.049 0.026 0.012 0.007 0.005 0.004 0.003 0.002 0.001 0.000 0.000 0.000 0.000 0.000 0.000 0.000 0.000 0.000 0.000 0.000 0.000 0.000 0.000 0.000 0.000 0.000 0.000 0.000 0.000 0.000 0.000 0.000 0.000 0.000 0.000 0.000 0.000 0.000 0.000 0.000 0.000 0.000 0.000 0.000 0.000 0.000 0.000 0.000 0.000 0.000 0.000 0.000 0.000 0.000 0.000 0.000 0.000 0.000 0.000 0.000 0.000 0.000 0.000 0.000 0.000 0.000 0.000 0.000 0.000 0.000 0.000 0.000 0.000 0.000 0.000 0.000
0.015 0.010 0.006 0.004 0.003 0.002 0.002 0.001 0.001 0.000 0.000 0.000 0.000 0.000 0.000 0.000 0.000 0.000 0.000 0.000 0.000 0.000 0.000 0.000 0.000 0.000 0.000 0.000 0.000 0.000 0.000 0.000 0.000 0.000 0.000 0.000 0.000 0.000 0.000 0.000 0.000 0.000 0.000 0.000 0.000 0.000 0.000 0.000 0.000 0.000 0.000 0.000 0.000 0.000 0.000 0.000 0.000 0.000 0.000 0.000 0.000 0.000 0.000 0.000 0.000 0.000 0.000 0.000 0.000 0.000 0.000 0.000 0.000 0.000 0.000 0.000 0.000
0.004 0.003 0.002 0.002 0.001 0.001 0.001 0.000 0.000 0.000 0.000 0.000 0.000 0.000 0.000 0.000 0.000 0.000 0.000 0.000 0.000 0.000 0.000 0.000 0.000 0.000 0.000 0.000 0.000 0.000 0.000 0.000 0.000 0.000 0.000 0.000 0.000 0.000 0.000 0.000 0.000 0.000 0.000 0.000 0.000 0.000 0.000 0.000 0.000 0.000 0.000 0.000 0.000 0.000 0.000 0.000 0.000 0.000 0.000 0.000 0.000 0.000 0.000 0.000 0.000 0.000 0.000 0.000 0.000 0.000 0.000 0.000 0.000 0.000 0.000 0.000 0.000
0.001 0.001 0.001 0.001 0.000 0.000 0.000 0.000 0.000 0.000 0.000 0.000 0.000 0.000 0.000 0.000 0.000 0.000 0.000 0.000 0.000 0.000 0.000 0.000 0.000 0.000 0.000 0.000 0.000 0.000 0.000 0.000 0.000 0.000 0.000 0.000 0.000 0.000 0.000 0.000 0.000 0.000 0.000 0.000 0.000 0.000 0.000 0.000 0.000 0.000 0.000 0.000 0.000 0.000 0.000 0.000 0.000 0.000 0.000 0.000 0.000 0.000 0.000 0.000 0.000 0.000 0.000 0.000 0.000 0.000 0.000 0.000 0.000 0.000 0.000 0.000 0.000
0.000 0.000 0.000 0.000 0.000 0.000 0.000 0.000 0.000 0.000 0.000 0.000 0.000 0.000 0.000 0.000 0.000 0.000 0.000 0.000 0.000 0.000 0.000 0.000 0.000 0.000 0.000 0.000 0.000 0.000 0.000 0.000 0.000 0.000 0.000 0.000 0.000 0.000 0.000 0.000 0.000 0.000 0.000 0.000 0.000 0.000 0.000 0.000 0.000 0.000 0.000 0.000 0.000 0.000 0.000 0.000 0.000 0.000 0.000 0.000 0.000 0.000 0.000 0.000 0.000 0.000 0.000 0.000 0.000 0.000 0.000 0.000 0.000 0.000 0.000 0.000 0.000
0.000 0.000 0.000 0.000 0.000 0.000 0.000 0.000 0.000 0.000 0.000 0.000 0.000 0.000 0.000 0.000 0.000 0.000 0.000 0.000 0.000 0.000 0.000 0.000 0.000 0.000 0.000 0.000 0.000 0.000 0.000 0.000 0.000 0.000 0.000 0.000 0.000 0.000 0.000 0.000 0.000 0.000 0.000 0.000 0.000 0.000 0.000 0.000 0.000 0.000 0.000 0.000 0.000 0.000 0.000 0.000 0.000 0.000 0.000 0.000 0.000 0.000 0.000 0.000 0.000 0.000 0.000 0.000 0.000 0.000 0.000 0.000 0.000 0.000 0.000 0.000 0.000
0.000 0.000 0.000 0.000 0.000 0.000 0.000 0.000 0.000 0.000 0.000 0.000 0.000 0.000 0.000 0.000 0.000 0.000 0.000 0.000 0.000 0.000 0.000 0.000 0.000 0.000 0.000 0.000 0.000 0.000 0.000 0.000 0.000 0.000 0.000 0.000 0.000 0.000 0.000 0.000 0.000 0.000 0.000 0.000 0.000 0.000 0.000 0.000 0.000 0.000 0.000 0.000 0.000 0.000 0.000 0.000 0.000 0.000 0.000 0.000 0.000 0.000 0.000 0.000 0.000 0.000 0.000 0.000 0.000 0.000 0.000 0.000 0.000 0.000 0.000 0.000 0.000
