RESULTS/r.avaflow_results/41_results/41_ascii/41_hflow30042.asc
ncols 506
nrows 317
xllcenter 498237.50
yllcenter 5580050.00
cellsize 12.50
NODATA_value -9999.000
[rows 170 to 203 of 317, columns 154 to 230 of 506]
8.269 8.086 7.914 7.737 7.534 7.306 7.083 6.885 6.708 6.541 6.385 6.232 6.058 5.807 5.406 4.834 4.122 3.342 2.588 1.908 1.324 0.861 0.538 0.342 0.232 0.172 0.144 0.134 0.134 0.140 0.158 0.182 0.201 0.215 0.228 0.243 0.265 0.282 0.288 0.287 0.280 0.271 0.266 0.260 0.250 0.230 0.199 0.168 0.143 0.120 0.101 0.084 0.072 0.064 0.060 0.059 0.059 0.061 0.063 0.065 0.065 0.065 0.063 0.061 0.060 0.061 0.064 0.074 0.097 0.128 0.145 0.149 0.145 0.130 0.103 0.070 0.045
11.741 11.882 11.915 11.883 11.767 11.553 11.269 10.972 10.682 10.397 10.127 9.867 9.600 9.275 8.795 8.082 7.144 6.047 4.893 3.783 2.766 1.892 1.211 0.748 0.472 0.319 0.239 0.204 0.195 0.202 0.220 0.238 0.248 0.253 0.257 0.264 0.276 0.287 0.289 0.285 0.273 0.260 0.250 0.239 0.224 0.195 0.152 0.112 0.085 0.068 0.057 0.050 0.046 0.044 0.043 0.044 0.046 0.049 0.051 0.052 0.052 0.051 0.049 0.047 0.047 0.047 0.050 0.057 0.074 0.103 0.128 0.139 0.139 0.131 0.111 0.080 0.049
15.245 15.724 15.878 15.857 15.697 15.395 15.013 14.635 14.277 13.927 13.597 13.292 12.996 12.671 12.224 11.535 10.550 9.304 7.896 6.447 5.029 3.697 2.536 1.632 1.016 0.640 0.426 0.317 0.270 0.255 0.255 0.258 0.260 0.260 0.259 0.261 0.267 0.271 0.269 0.256 0.233 0.212 0.194 0.176 0.153 0.121 0.085 0.061 0.047 0.040 0.035 0.032 0.031 0.031 0.031 0.033 0.036 0.039 0.041 0.041 0.041 0.040 0.038 0.037 0.036 0.037 0.038 0.043 0.054 0.074 0.101 0.119 0.125 0.124 0.111 0.083 0.051
17.822 18.613 18.924 18.935 18.793 18.508 18.156 17.813 17.476 17.125 16.766 16.430 16.113 15.783 15.355 14.695 13.740 12.524 11.133 9.621 8.015 6.343 4.672 3.205 2.075 1.288 0.794 0.516 0.372 0.300 0.267 0.256 0.252 0.248 0.241 0.236 0.232 0.227 0.215 0.189 0.155 0.128 0.109 0.094 0.079 0.061 0.045 0.035 0.029 0.025 0.023 0.023 0.022 0.022 0.023 0.025 0.028 0.030 0.031 0.032 0.031 0.031 0.029 0.029 0.028 0.029 0.030 0.032 0.038 0.049 0.067 0.086 0.098 0.102 0.097 0.079 0.050
19.196 20.211 20.764 20.961 20.983 20.877 20.718 20.532 20.310 20.021 19.661 19.281 18.933 18.578 18.149 17.512 16.595 15.420 14.060 12.576 10.983 9.254 7.351 5.364 3.611 2.264 1.339 0.783 0.483 0.332 0.264 0.236 0.221 0.208 0.194 0.179 0.166 0.153 0.135 0.110 0.085 0.069 0.058 0.050 0.042 0.033 0.026 0.022 0.019 0.018 0.017 0.016 0.016 0.017 0.017 0.019 0.021 0.023 0.024 0.024 0.024 0.023 0.022 0.022 0.022 0.022 0.023 0.024 0.027 0.033 0.042 0.054 0.063 0.067 0.067 0.061 0.042
19.481 20.601 21.375 21.865 22.180 22.373 22.481 22.490 22.418 22.228 21.890 21.442 21.048 20.676 20.255 19.671 18.854 17.787 16.478 14.959 13.266 11.407 9.337 6.982 4.737 2.957 1.701 0.943 0.542 0.343 0.248 0.199 0.168 0.144 0.123 0.108 0.097 0.088 0.078 0.063 0.049 0.040 0.034 0.029 0.025 0.021 0.017 0.015 0.014 0.013 0.012 0.012 0.012 0.012 0.013 0.014 0.015 0.017 0.017 0.017 0.017 0.017 0.016 0.016 0.016 0.016 0.017 0.017 0.019 0.022 0.026 0.033 0.037 0.039 0.039 0.036 0.027
19.182 20.377 21.294 21.968 22.519 22.977 23.278 23.418 23.444 23.352 23.046 22.534 22.105 21.757 21.375 20.854 20.143 19.208 17.992 16.465 14.666 12.646 10.387 7.787 5.241 3.232 1.826 0.988 0.553 0.335 0.221 0.156 0.116 0.089 0.071 0.062 0.057 0.052 0.046 0.038 0.031 0.026 0.022 0.019 0.016 0.014 0.012 0.011 0.010 0.009 0.009 0.009 0.009 0.009 0.009 0.010 0.011 0.012 0.012 0.012 0.012 0.012 0.012 0.012 0.011 0.011 0.012 0.012 0.013 0.014 0.017 0.020 0.021 0.022 0.021 0.019 0.015
18.294 19.628 20.767 21.692 22.435 22.996 23.348 23.516 23.568 23.520 23.236 22.698 22.254 21.940 21.593 21.102 20.438 19.578 18.444 16.954 15.113 12.992 10.623 7.914 5.281 3.218 1.792 0.957 0.525 0.301 0.182 0.114 0.076 0.055 0.043 0.038 0.034 0.032 0.028 0.024 0.020 0.017 0.015 0.013 0.011 0.010 0.008 0.007 0.007 0.006 0.006 0.006 0.006 0.006 0.006 0.007 0.007 0.008 0.008 0.008 0.008 0.008 0.008 0.008 0.008 0.008 0.008 0.008 0.008 0.009 0.010 0.011 0.012 0.012 0.011 0.010 0.007
16.992 18.483 19.828 20.985 21.911 22.555 22.912 23.060 23.096 23.035 22.764 22.261 21.807 21.467 21.098 20.597 19.957 19.160 18.105 16.669 14.839 12.680 10.229 7.452 4.877 2.892 1.559 0.805 0.423 0.228 0.125 0.073 0.048 0.035 0.028 0.024 0.022 0.020 0.018 0.016 0.014 0.012 0.011 0.009 0.008 0.007 0.006 0.005 0.004 0.004 0.004 0.004 0.004 0.004 0.004 0.004 0.004 0.004 0.005 0.005 0.005 0.005 0.005 0.005 0.004 0.004 0.004 0.004 0.005 0.005 0.006 0.006 0.006 0.006 0.006 0.005 0.004
15.491 17.081 18.523 19.781 20.786 21.479 21.850 21.967 21.940 21.772 21.501 21.150 20.736 20.252 19.703 19.125 18.489 17.744 16.763 15.386 13.561 11.341 8.797 6.112 3.813 2.120 1.053 0.499 0.242 0.124 0.069 0.043 0.030 0.023 0.019 0.017 0.015 0.014 0.012 0.011 0.010 0.008 0.007 0.006 0.005 0.004 0.004 0.003 0.003 0.002 0.002 0.002 0.002 0.002 0.002 0.002 0.002 0.002 0.002 0.002 0.002 0.002 0.002 0.002 0.002 0.002 0.002 0.002 0.002 0.002 0.003 0.003 0.003 0.003 0.003 0.002 0.002
13.788 15.369 16.805 18.076 19.130 19.905 20.348 20.468 20.379 20.117 19.901 19.725 19.371 18.689 17.877 17.164 16.472 15.689 14.637 13.158 11.191 8.778 6.206 3.895 2.174 1.076 0.486 0.217 0.105 0.059 0.037 0.026 0.020 0.016 0.014 0.012 0.011 0.010 0.009 0.008 0.007 0.006 0.005 0.004 0.003 0.003 0.002 0.002 0.001 0.001 0.001 0.001 0.001 0.001 0.001 0.001 0.001 0.001 0.001 0.001 0.001 0.001 0.001 0.001 0.001 0.001 0.001 0.001 0.001 0.001 0.001 0.001 0.001 0.001 0.001 0.001 0.000
11.819 13.297 14.701 16.031 17.234 18.214 18.858 19.100 19.050 18.819 18.621 18.436 18.015 17.212 16.273 15.437 14.574 13.528 12.118 10.229 7.798 5.275 3.214 1.790 0.910 0.424 0.187 0.087 0.048 0.031 0.022 0.017 0.014 0.012 0.010 0.009 0.008 0.007 0.006 0.005 0.004 0.004 0.003 0.002 0.002 0.001 0.001 0.001 0.000 0.000 0.000 0.000 0.000 0.000 0.000 0.000 0.000 0.000 0.000 0.000 0.000 0.000 0.000 0.000 0.000 0.000 0.000 0.000 0.000 0.000 0.000 0.000 0.000 0.000 0.000 0.000 0.000
9.662 11.009 12.397 13.830 15.256 16.484 17.342 17.720 17.733 17.556 17.296 16.950 16.361 15.484 14.504 13.551 12.489 11.057 9.050 6.558 4.160 2.391 1.247 0.615 0.299 0.144 0.071 0.039 0.025 0.019 0.015 0.012 0.010 0.008 0.007 0.006 0.005 0.005 0.004 0.003 0.003 0.002 0.001 0.001 0.001 0.000 0.000 0.000 0.000 0.000 0.000 0.000 0.000 0.000 0.000 0.000 0.000 0.000 0.000 0.000 0.000 0.000 0.000 0.000 0.000 0.000 0.000 0.000 0.000 0.000 0.000 0.000 0.000 0.000 0.000 0.000 0.000
7.655 8.828 10.085 11.485 12.994 14.330 15.304 15.796 15.879 15.708 15.255 14.564 13.698 12.751 11.757 10.668 9.315 7.429 5.115 3.038 1.622 0.770 0.349 0.171 0.092 0.051 0.031 0.021 0.016 0.013 0.010 0.009 0.007 0.006 0.005 0.004 0.003 0.003 0.002 0.002 0.001 0.001 0.001 0.000 0.000 0.000 0.000 0.000 0.000 0.000 0.000 0.000 0.000 0.000 0.000 0.000 0.000 0.000 0.000 0.000 0.000 0.000 0.000 0.000 0.000 0.000 0.000 0.000 0.000 0.000 0.000 0.000 0.000 0.000 0.000 0.000 0.000
5.736 6.664 7.660 8.748 9.927 11.036 11.912 12.411 12.528 12.359 11.767 10.756 9.532 8.415 7.353 6.205 4.851 3.306 1.899 0.938 0.413 0.180 0.090 0.053 0.035 0.024 0.017 0.013 0.011 0.009 0.007 0.006 0.005 0.004 0.003 0.003 0.002 0.001 0.001 0.001 0.000 0.000 0.000 0.000 0.000 0.000 0.000 0.000 0.000 0.000 0.000 0.000 0.000 0.000 0.000 0.000 0.000 0.000 0.000 0.000 0.000 0.000 0.000 0.000 0.000 0.000 0.000 0.000 0.000 0.000 0.000 0.000 0.000 0.000 0.000 0.000 0.000
3.819 4.324 4.820 5.305 5.813 6.378 6.923 7.273 7.376 7.264 6.756 5.845 4.748 3.842 3.090 2.392 1.656 0.939 0.447 0.193 0.090 0.050 0.033 0.024 0.018 0.015 0.012 0.010 0.008 0.006 0.005 0.004 0.003 0.003 0.002 0.001 0.001 0.001 0.000 0.000 0.000 0.000 0.000 0.000 0.000 0.000 0.000 0.000 0.000 0.000 0.000 0.000 0.000 0.000 0.000 0.000 0.000 0.000 0.000 0.000 0.000 0.000 0.000 0.000 0.000 0.000 0.000 0.000 0.000 0.000 0.000 0.000 0.000 0.000 0.000 0.000 0.000
2.115 2.250 2.364 2.462 2.559 2.688 2.866 2.989 3.027 2.982 2.751 2.285 1.673 1.198 0.868 0.609 0.372 0.191 0.091 0.049 0.031 0.023 0.018 0.015 0.012 0.010 0.008 0.007 0.006 0.004 0.003 0.003 0.002 0.001 0.001 0.000 0.000 0.000 0.000 0.000 0.000 0.000 0.000 0.000 0.000 0.000 0.000 0.000 0.000 0.000 0.000 0.000 0.000 0.000 0.000 0.000 0.000 0.000 0.000 0.000 0.000 0.000 0.000 0.000 0.000 0.000 0.000 0.000 0.000 0.000 0.000 0.000 0.000 0.000 0.000 0.000 0.000
0.930 0.911 0.896 0.879 0.858 0.846 0.863 0.877 0.873 0.851 0.773 0.618 0.414 0.276 0.193 0.133 0.083 0.049 0.031 0.022 0.017 0.014 0.012 0.010 0.009 0.007 0.006 0.005 0.004 0.003 0.002 0.001 0.001 0.000 0.000 0.000 0.000 0.000 0.000 0.000 0.000 0.000 0.000 0.000 0.000 0.000 0.000 0.000 0.000 0.000 0.000 0.000 0.000 0.000 0.000 0.000 0.000 0.000 0.000 0.000 0.000 0.000 0.000 0.000 0.000 0.000 0.000 0.000 0.000 0.000 0.000 0.000 0.000 0.000 0.000 0.000 0.000
0.325 0.300 0.288 0.278 0.263 0.245 0.235 0.228 0.219 0.209 0.188 0.150 0.102 0.071 0.053 0.040 0.029 0.022 0.017 0.014 0.012 0.010 0.009 0.007 0.006 0.005 0.004 0.003 0.002 0.002 0.001 0.001 0.000 0.000 0.000 0.000 0.000 0.000 0.000 0.000 0.000 0.000 0.000 0.000 0.000 0.000 0.000 0.000 0.000 0.000 0.000 0.000 0.000 0.000 0.000 0.000 0.000 0.000 0.000 0.000 0.000 0.000 0.000 0.000 0.000 0.000 0.000 0.000 0.000 0.000 0.000 0.000 0.000 0.000 0.000 0.000 0.000
0.107 0.101 0.099 0.097 0.092 0.083 0.075 0.070 0.066 0.062 0.056 0.047 0.036 0.029 0.024 0.020 0.017 0.014 0.012 0.010 0.009 0.007 0.006 0.005 0.004 0.003 0.002 0.002 0.001 0.001 0.000 0.000 0.000 0.000 0.000 0.000 0.000 0.000 0.000 0.000 0.000 0.000 0.000 0.000 0.000 0.000 0.000 0.000 0.000 0.000 0.000 0.000 0.000 0.000 0.000 0.000 0.000 0.000 0.000 0.000 0.000 0.000 0.000 0.000 0.000 0.000 0.000 0.000 0.000 0.000 0.000 0.000 0.000 0.000 0.000 0.000 0.000
0.042 0.041 0.041 0.041 0.040 0.036 0.032 0.030 0.028 0.027 0.025 0.023 0.020 0.017 0.015 0.013 0.011 0.010 0.008 0.007 0.006 0.005 0.004 0.003 0.003 0.002 0.001 0.001 0.000 0.000 0.000 0.000 0.000 0.000 0.000 0.000 0.000 0.000 0.000 0.000 0.000 0.000 0.000 0.000 0.000 0.000 0.000 0.000 0.000 0.000 0.000 0.000 0.000 0.000 0.000 0.000 0.000 0.000 0.000 0.000 0.000 0.000 0.000 0.000 0.000 0.000 0.000 0.000 0.000 0.000 0.000 0.000 0.000 0.000 0.000 0.000 0.000
0.021 0.021 0.021 0.021 0.021 0.020 0.018 0.017 0.016 0.016 0.015 0.014 0.013 0.012 0.010 0.009 0.008 0.007 0.006 0.005 0.004 0.003 0.003 0.002 0.001 0.001 0.000 0.000 0.000 0.000 0.000 0.000 0.000 0.000 0.000 0.000 0.000 0.000 0.000 0.000 0.000 0.000 0.000 0.000 0.000 0.000 0.000 0.000 0.000 0.000 0.000 0.000 0.000 0.000 0.000 0.000 0.000 0.000 0.000 0.000 0.000 0.000 0.000 0.000 0.000 0.000 0.000 0.000 0.000 0.000 0.000 0.000 0.000 0.000 0.000 0.000 0.000
0.013 0.013 0.013 0.013 0.013 0.013 0.012 0.011 0.011 0.011 0.010 0.010 0.009 0.008 0.007 0.006 0.005 0.004 0.004 0.003 0.002 0.002 0.001 0.001 0.000 0.000 0.000 0.000 0.000 0.000 0.000 0.000 0.000 0.000 0.000 0.000 0.000 0.000 0.000 0.000 0.000 0.000 0.000 0.000 0.000 0.000 0.000 0.000 0.000 0.000 0.000 0.000 0.000 0.000 0.000 0.000 0.000 0.000 0.000 0.000 0.000 0.000 0.000 0.000 0.000 0.000 0.000 0.000 0.000 0.000 0.000 0.000 0.000 0.000 0.000 0.000 0.000
0.008 0.009 0.009 0.009 0.009 0.009 0.008 0.008 0.008 0.007 0.007 0.007 0.006 0.005 0.005 0.004 0.003 0.003 0.002 0.002 0.001 0.001 0.000 0.000 0.000 0.000 0.000 0.000 0.000 0.000 0.000 0.000 0.000 0.000 0.000 0.000 0.000 0.000 0.000 0.000 0.000 0.000 0.000 0.000 0.000 0.000 0.000 0.000 0.000 0.000 0.000 0.000 0.000 0.000 0.000 0.000 0.000 0.000 0.000 0.000 0.000 0.000 0.000 0.000 0.000 0.000 0.000 0.000 0.000 0.000 0.000 0.000 0.000 0.000 0.000 0.000 0.000
0.006 0.006 0.006 0.006 0.006 0.006 0.006 0.005 0.005 0.005 0.005 0.004 0.004 0.003 0.003 0.002 0.002 0.001 0.001 0.001 0.000 0.000 0.000 0.000 0.000 0.000 0.000 0.000 0.000 0.000 0.000 0.000 0.000 0.000 0.000 0.000 0.000 0.000 0.000 0.000 0.000 0.000 0.000 0.000 0.000 0.000 0.000 0.000 0.000 0.000 0.000 0.000 0.000 0.000 0.000 0.000 0.000 0.000 0.000 0.000 0.000 0.000 0.000 0.000 0.000 0.000 0.000 0.000 0.000 0.000 0.000 0.000 0.000 0.000 0.000 0.000 0.000
0.004 0.004 0.004 0.004 0.004 0.004 0.004 0.004 0.003 0.003 0.003 0.002 0.002 0.002 0.001 0.001 0.001 0.000 0.000 0.000 0.000 0.000 0.000 0.000 0.000 0.000 0.000 0.000 0.000 0.000 0.000 0.000 0.000 0.000 0.000 0.000 0.000 0.000 0.000 0.000 0.000 0.000 0.000 0.000 0.000 0.000 0.000 0.000 0.000 0.000 0.000 0.000 0.000 0.000 0.000 0.000 0.000 0.000 0.000 0.000 0.000 0.000 0.000 0.000 0.000 0.000 0.000 0.000 0.000 0.000 0.000 0.000 0.000 0.000 0.000 0.000 0.000
0.002 0.002 0.002 0.002 0.002 0.002 0.002 0.002 0.002 0.002 0.001 0.001 0.001 0.001 0.000 0.000 0.000 0.000 0.000 0.000 0.000 0.000 0.000 0.000 0.000 0.000 0.000 0.000 0.000 0.000 0.000 0.000 0.000 0.000 0.000 0.000 0.000 0.000 0.000 0.000 0.000 0.000 0.000 0.000 0.000 0.000 0.000 0.000 0.000 0.000 0.000 0.000 0.000 0.000 0.000 0.000 0.000 0.000 0.000 0.000 0.000 0.000 0.000 0.000 0.000 0.000 0.000 0.000 0.000 0.000 0.000 0.000 0.000 0.000 0.000 0.000 0.000
0.001 0.001 0.001 0.001 0.001 0.001 0.001 0.001 0.001 0.001 0.000 0.000 0.000 0.000 0.000 0.000 0.000 0.000 0.000 0.000 0.000 0.000 0.000 0.000 0.000 0.000 0.000 0.000 0.000 0.000 0.000 0.000 0.000 0.000 0.000 0.000 0.000 0.000 0.000 0.000 0.000 0.000 0.000 0.000 0.000 0.000 0.000 0.000 0.000 0.000 0.000 0.000 0.000 0.000 0.000 0.000 0.000 0.000 0.000 0.000 0.000 0.000 0.000 0.000 0.000 0.000 0.000 0.000 0.000 0.000 0.000 0.000 0.000 0.000 0.000 0.000 0.000
0.000 0.000 0.000 0.000 0.000 0.000 0.000 0.000 0.000 0.000 0.000 0.000 0.000 0.000 0.000 0.000 0.000 0.000 0.000 0.000 0.000 0.000 0.000 0.000 0.000 0.000 0.000 0.000 0.000 0.000 0.000 0.000 0.000 0.000 0.000 0.000 0.000 0.000 0.000 0.000 0.000 0.000 0.000 0.000 0.000 0.000 0.000 0.000 0.000 0.000 0.000 0.000 0.000 0.000 0.000 0.000 0.000 0.000 0.000 0.000 0.000 0.000 0.000 0.000 0.000 0.000 0.000 0.000 0.000 0.000 0.000 0.000 0.000 0.000 0.000 0.000 0.000
0.000 0.000 0.000 0.000 0.000 0.000 0.000 0.000 0.000 0.000 0.000 0.000 0.000 0.000 0.000 0.000 0.000 0.000 0.000 0.000 0.000 0.000 0.000 0.000 0.000 0.000 0.000 0.000 0.000 0.000 0.000 0.000 0.000 0.000 0.000 0.000 0.000 0.000 0.000 0.000 0.000 0.000 0.000 0.000 0.000 0.000 0.000 0.000 0.000 0.000 0.000 0.000 0.000 0.000 0.000 0.000 0.000 0.000 0.000 0.000 0.000 0.000 0.000 0.000 0.000 0.000 0.000 0.000 0.000 0.000 0.000 0.000 0.000 0.000 0.000 0.000 0.000
0.000 0.000 0.000 0.000 0.000 0.000 0.000 0.000 0.000 0.000 0.000 0.000 0.000 0.000 0.000 0.000 0.000 0.000 0.000 0.000 0.000 0.000 0.000 0.000 0.000 0.000 0.000 0.000 0.000 0.000 0.000 0.000 0.000 0.000 0.000 0.000 0.000 0.000 0.000 0.000 0.000 0.000 0.000 0.000 0.000 0.000 0.000 0.000 0.000 0.000 0.000 0.000 0.000 0.000 0.000 0.000 0.000 0.000 0.000 0.000 0.000 0.000 0.000 0.000 0.000 0.000 0.000 0.000 0.000 0.000 0.000 0.000 0.000 0.000 0.000 0.000 0.000
0.000 0.000 0.000 0.000 0.000 0.000 0.000 0.000 0.000 0.000 0.000 0.000 0.000 0.000 0.000 0.000 0.000 0.000 0.000 0.000 0.000 0.000 0.000 0.000 0.000 0.000 0.000 0.000 0.000 0.000 0.000 0.000 0.000 0.000 0.000 0.000 0.000 0.000 0.000 0.000 0.000 0.000 0.000 0.000 0.000 0.000 0.000 0.000 0.000 0.000 0.000 0.000 0.000 0.000 0.000 0.000 0.000 0.000 0.000 0.000 0.000 0.000 0.000 0.000 0.000 0.000 0.000 0.000 0.000 0.000 0.000 0.000 0.000 0.000 0.000 0.000 0.000
0.000 0.000 0.000 0.000 0.000 0.000 0.000 0.000 0.000 0.000 0.000 0.000 0.000 0.000 0.000 0.000 0.000 0.000 0.000 0.000 0.000 0.000 0.000 0.000 0.000 0.000 0.000 0.000 0.000 0.000 0.000 0.000 0.000 0.000 0.000 0.000 0.000 0.000 0.000 0.000 0.000 0.000 0.000 0.000 0.000 0.000 0.000 0.000 0.000 0.000 0.000 0.000 0.000 0.000 0.000 0.000 0.000 0.000 0.000 0.000 0.000 0.000 0.000 0.000 0.000 0.000 0.000 0.000 0.000 0.000 0.000 0.000 0.000 0.000 0.000 0.000 0.000
0.000 0.000 0.000 0.000 0.000 0.000 0.000 0.000 0.000 0.000 0.000 0.000 0.000 0.000 0.000 0.000 0.000 0.000 0.000 0.000 0.000 0.000 0.000 0.000 0.000 0.000 0.000 0.000 0.000 0.000 0.000 0.000 0.000 0.000 0.000 0.000 0.000 0.000 0.000 0.000 0.000 0.000 0.000 0.000 0.000 0.000 0.000 0.000 0.000 0.000 0.000 0.000 0.000 0.000 0.000 0.000 0.000 0.000 0.000 0.000 0.000 0.000 0.000 0.000 0.000 0.000 0.000 0.000 0.000 0.000 0.000 0.000 0.000 0.000 0.000 0.000 0.000
