RESULTS/r.avaflow_results/41_results/41_ascii/41_hflow30055.asc
ncols 506
nrows 317
xllcenter 498237.50
yllcenter 5580050.00
cellsize 12.50
NODATA_value -9999.000
[rows 170 to 203 of 317, columns 154 to 230 of 506]
8.248 8.072 7.905 7.731 7.532 7.306 7.086 6.891 6.715 6.549 6.395 6.243 6.073 5.823 5.421 4.843 4.124 3.340 2.584 1.900 1.311 0.847 0.524 0.330 0.223 0.167 0.141 0.133 0.133 0.140 0.159 0.182 0.199 0.211 0.221 0.234 0.253 0.266 0.270 0.266 0.256 0.246 0.241 0.236 0.227 0.209 0.180 0.152 0.130 0.110 0.094 0.080 0.070 0.064 0.060 0.059 0.060 0.063 0.067 0.069 0.070 0.069 0.068 0.066 0.065 0.065 0.068 0.078 0.101 0.136 0.160 0.169 0.168 0.156 0.130 0.102 0.079
11.687 11.836 11.877 11.851 11.744 11.538 11.263 10.970 10.682 10.396 10.124 9.865 9.600 9.280 8.804 8.093 7.151 6.048 4.891 3.775 2.751 1.872 1.188 0.726 0.456 0.308 0.232 0.200 0.193 0.200 0.220 0.238 0.247 0.250 0.252 0.256 0.264 0.271 0.271 0.264 0.249 0.236 0.227 0.217 0.203 0.177 0.137 0.101 0.077 0.063 0.054 0.048 0.045 0.043 0.043 0.044 0.047 0.051 0.054 0.056 0.056 0.055 0.053 0.051 0.050 0.051 0.053 0.061 0.078 0.108 0.143 0.164 0.171 0.171 0.164 0.147 0.122
15.178 15.662 15.820 15.801 15.642 15.341 14.960 14.583 14.224 13.872 13.540 13.237 12.945 12.627 12.188 11.505 10.525 9.284 7.880 6.432 5.010 3.671 2.505 1.599 0.987 0.618 0.411 0.307 0.264 0.252 0.253 0.257 0.259 0.258 0.254 0.253 0.255 0.257 0.252 0.236 0.211 0.192 0.176 0.159 0.139 0.109 0.077 0.055 0.043 0.037 0.033 0.031 0.031 0.031 0.031 0.033 0.037 0.041 0.044 0.045 0.044 0.043 0.042 0.040 0.040 0.040 0.042 0.048 0.059 0.080 0.114 0.148 0.168 0.176 0.177 0.172 0.156
17.765 18.559 18.868 18.875 18.728 18.438 18.082 17.736 17.397 17.043 16.681 16.348 16.037 15.714 15.293 14.637 13.683 12.468 11.083 9.580 7.979 6.306 4.632 3.162 2.033 1.252 0.767 0.498 0.361 0.294 0.264 0.254 0.250 0.245 0.237 0.229 0.222 0.215 0.201 0.173 0.139 0.115 0.099 0.085 0.072 0.055 0.041 0.032 0.027 0.024 0.023 0.022 0.022 0.022 0.023 0.025 0.029 0.032 0.034 0.035 0.035 0.034 0.033 0.033 0.033 0.033 0.035 0.038 0.045 0.058 0.079 0.115 0.152 0.172 0.179 0.178 0.169
19.154 20.171 20.721 20.912 20.927 20.814 20.650 20.461 20.236 19.942 19.577 19.199 18.858 18.511 18.087 17.451 16.533 15.357 13.998 12.521 10.936 9.213 7.313 5.322 3.565 2.221 1.306 0.761 0.470 0.324 0.260 0.233 0.218 0.206 0.191 0.174 0.159 0.144 0.125 0.100 0.077 0.062 0.053 0.045 0.038 0.031 0.025 0.021 0.018 0.017 0.016 0.016 0.016 0.017 0.018 0.019 0.022 0.025 0.026 0.027 0.027 0.027 0.026 0.026 0.027 0.027 0.029 0.032 0.036 0.044 0.056 0.079 0.117 0.153 0.170 0.174 0.170
19.446 20.569 21.345 21.831 22.141 22.331 22.436 22.443 22.368 22.172 21.825 21.376 20.989 20.623 20.207 19.626 18.809 17.741 16.433 14.916 13.228 11.375 9.313 6.959 4.705 2.921 1.669 0.920 0.528 0.335 0.243 0.195 0.165 0.141 0.120 0.104 0.093 0.083 0.072 0.057 0.045 0.037 0.031 0.027 0.023 0.019 0.016 0.014 0.013 0.012 0.012 0.012 0.012 0.013 0.013 0.014 0.016 0.019 0.020 0.020 0.021 0.021 0.021 0.021 0.022 0.023 0.024 0.026 0.030 0.035 0.043 0.057 0.082 0.118 0.145 0.158 0.161
19.152 20.351 21.271 21.943 22.496 22.956 23.256 23.391 23.413 23.316 22.998 22.477 22.055 21.715 21.341 20.823 20.115 19.184 17.969 16.441 14.642 12.626 10.375 7.777 5.217 3.200 1.794 0.965 0.539 0.327 0.216 0.154 0.114 0.087 0.069 0.059 0.054 0.049 0.043 0.035 0.028 0.024 0.021 0.018 0.015 0.013 0.011 0.010 0.009 0.009 0.009 0.009 0.009 0.009 0.010 0.011 0.012 0.013 0.015 0.015 0.016 0.016 0.016 0.017 0.018 0.019 0.020 0.022 0.025 0.029 0.035 0.045 0.061 0.086 0.111 0.130 0.142
18.272 19.610 20.753 21.680 22.424 22.986 23.334 23.496 23.542 23.489 23.193 22.641 22.204 21.901 21.563 21.076 20.416 19.561 18.431 16.939 15.096 12.977 10.615 7.907 5.257 3.185 1.761 0.935 0.511 0.294 0.178 0.112 0.075 0.054 0.042 0.036 0.033 0.030 0.026 0.022 0.019 0.016 0.014 0.012 0.011 0.009 0.008 0.007 0.007 0.006 0.006 0.006 0.006 0.006 0.007 0.007 0.008 0.009 0.010 0.011 0.011 0.012 0.012 0.013 0.014 0.015 0.016 0.018 0.021 0.024 0.030 0.037 0.049 0.065 0.084 0.101 0.117
16.989 18.483 19.831 20.990 21.915 22.556 22.903 23.039 23.067 22.998 22.712 22.196 21.746 21.416 21.055 20.558 19.922 19.132 18.082 16.647 14.816 12.659 10.215 7.439 4.848 2.855 1.525 0.782 0.410 0.221 0.122 0.072 0.046 0.034 0.027 0.023 0.021 0.019 0.017 0.015 0.013 0.011 0.010 0.009 0.007 0.006 0.006 0.005 0.004 0.004 0.004 0.004 0.004 0.004 0.004 0.005 0.005 0.006 0.007 0.007 0.008 0.008 0.009 0.010 0.010 0.011 0.013 0.014 0.017 0.020 0.025 0.031 0.040 0.051 0.066 0.080 0.094
15.517 17.107 18.547 19.801 20.799 21.482 21.839 21.943 21.901 21.708 21.422 21.066 20.656 20.170 19.618 19.044 18.418 17.685 16.713 15.341 13.519 11.303 8.766 6.080 3.768 2.074 1.017 0.477 0.230 0.119 0.067 0.042 0.029 0.022 0.018 0.016 0.014 0.013 0.012 0.010 0.009 0.008 0.007 0.006 0.005 0.004 0.004 0.003 0.003 0.002 0.002 0.002 0.002 0.002 0.002 0.003 0.003 0.004 0.004 0.005 0.005 0.006 0.006 0.007 0.007 0.008 0.009 0.011 0.013 0.016 0.020 0.025 0.033 0.042 0.053 0.065 0.078
13.843 15.416 16.844 18.105 19.148 19.909 20.337 20.445 20.339 20.047 19.822 19.646 19.289 18.602 17.789 17.078 16.385 15.610 14.568 13.094 11.131 8.721 6.155 3.842 2.124 1.038 0.462 0.204 0.099 0.056 0.036 0.025 0.019 0.015 0.013 0.011 0.010 0.009 0.008 0.007 0.006 0.005 0.005 0.004 0.003 0.002 0.002 0.002 0.001 0.001 0.001 0.001 0.001 0.001 0.001 0.001 0.002 0.002 0.002 0.003 0.003 0.003 0.004 0.004 0.005 0.006 0.007 0.008 0.010 0.012 0.016 0.020 0.026 0.034 0.043 0.054 0.065
11.889 13.352 14.746 16.068 17.262 18.237 18.874 19.103 19.036 18.772 18.567 18.383 17.961 17.149 16.214 15.386 14.528 13.479 12.066 10.177 7.743 5.220 3.164 1.747 0.878 0.403 0.176 0.081 0.045 0.029 0.021 0.017 0.013 0.011 0.010 0.008 0.007 0.006 0.006 0.005 0.004 0.003 0.003 0.002 0.002 0.001 0.001 0.001 0.000 0.000 0.000 0.000 0.000 0.000 0.000 0.000 0.001 0.001 0.001 0.001 0.001 0.002 0.002 0.002 0.003 0.003 0.004 0.005 0.007 0.009 0.012 0.015 0.020 0.026 0.034 0.043 0.054
9.736 11.069 12.449 13.881 15.306 16.532 17.385 17.749 17.745 17.539 17.261 16.910 16.320 15.439 14.469 13.531 12.480 11.051 9.040 6.534 4.120 2.347 1.210 0.589 0.283 0.135 0.066 0.036 0.024 0.018 0.014 0.012 0.010 0.008 0.007 0.006 0.005 0.004 0.004 0.003 0.002 0.002 0.001 0.001 0.001 0.000 0.000 0.000 0.000 0.000 0.000 0.000 0.000 0.000 0.000 0.000 0.000 0.000 0.000 0.000 0.000 0.001 0.001 0.001 0.001 0.002 0.003 0.003 0.005 0.006 0.008 0.011 0.015 0.020 0.026 0.033 0.043
7.734 8.908 10.163 11.559 13.063 14.392 15.358 15.836 15.906 15.709 15.226 14.516 13.646 12.710 11.732 10.660 9.320 7.439 5.106 3.006 1.587 0.740 0.330 0.160 0.085 0.048 0.029 0.020 0.015 0.012 0.010 0.008 0.007 0.006 0.005 0.004 0.003 0.003 0.002 0.002 0.001 0.001 0.000 0.000 0.000 0.000 0.000 0.000 0.000 0.000 0.000 0.000 0.000 0.000 0.000 0.000 0.000 0.000 0.000 0.000 0.000 0.000 0.000 0.000 0.001 0.001 0.001 0.002 0.003 0.004 0.005 0.007 0.010 0.014 0.018 0.024 0.031
5.819 6.766 7.761 8.837 9.996 11.089 11.955 12.445 12.553 12.363 11.740 10.700 9.473 8.372 7.323 6.184 4.834 3.285 1.868 0.908 0.392 0.167 0.083 0.049 0.032 0.022 0.016 0.013 0.010 0.009 0.007 0.006 0.005 0.004 0.003 0.002 0.002 0.001 0.001 0.001 0.000 0.000 0.000 0.000 0.000 0.000 0.000 0.000 0.000 0.000 0.000 0.000 0.000 0.000 0.000 0.000 0.000 0.000 0.000 0.000 0.000 0.000 0.000 0.000 0.000 0.000 0.000 0.001 0.001 0.002 0.003 0.005 0.007 0.009 0.012 0.016 0.021
3.877 4.407 4.898 5.360 5.841 6.385 6.927 7.276 7.377 7.255 6.728 5.793 4.694 3.793 3.047 2.356 1.625 0.911 0.425 0.179 0.082 0.046 0.031 0.023 0.017 0.014 0.011 0.009 0.008 0.006 0.005 0.004 0.003 0.002 0.002 0.001 0.001 0.000 0.000 0.000 0.000 0.000 0.000 0.000 0.000 0.000 0.000 0.000 0.000 0.000 0.000 0.000 0.000 0.000 0.000 0.000 0.000 0.000 0.000 0.000 0.000 0.000 0.000 0.000 0.000 0.000 0.000 0.000 0.001 0.001 0.002 0.003 0.004 0.006 0.008 0.010 0.013
2.113 2.254 2.359 2.443 2.526 2.645 2.826 2.955 2.994 2.949 2.715 2.241 1.630 1.160 0.836 0.585 0.353 0.178 0.084 0.045 0.029 0.021 0.017 0.014 0.012 0.010 0.008 0.007 0.005 0.004 0.003 0.002 0.002 0.001 0.001 0.000 0.000 0.000 0.000 0.000 0.000 0.000 0.000 0.000 0.000 0.000 0.000 0.000 0.000 0.000 0.000 0.000 0.000 0.000 0.000 0.000 0.000 0.000 0.000 0.000 0.000 0.000 0.000 0.000 0.000 0.000 0.000 0.000 0.000 0.000 0.001 0.001 0.002 0.003 0.004 0.006 0.008
0.900 0.882 0.865 0.843 0.819 0.806 0.826 0.843 0.841 0.821 0.745 0.592 0.392 0.258 0.180 0.123 0.077 0.045 0.029 0.021 0.016 0.014 0.012 0.010 0.008 0.007 0.006 0.005 0.004 0.003 0.002 0.001 0.001 0.000 0.000 0.000 0.000 0.000 0.000 0.000 0.000 0.000 0.000 0.000 0.000 0.000 0.000 0.000 0.000 0.000 0.000 0.000 0.000 0.000 0.000 0.000 0.000 0.000 0.000 0.000 0.000 0.000 0.000 0.000 0.000 0.000 0.000 0.000 0.000 0.000 0.000 0.000 0.001 0.002 0.002 0.003 0.004
0.302 0.280 0.269 0.258 0.243 0.226 0.218 0.212 0.205 0.195 0.176 0.140 0.094 0.066 0.049 0.037 0.027 0.021 0.016 0.013 0.011 0.010 0.008 0.007 0.006 0.005 0.004 0.003 0.002 0.001 0.001 0.000 0.000 0.000 0.000 0.000 0.000 0.000 0.000 0.000 0.000 0.000 0.000 0.000 0.000 0.000 0.000 0.000 0.000 0.000 0.000 0.000 0.000 0.000 0.000 0.000 0.000 0.000 0.000 0.000 0.000 0.000 0.000 0.000 0.000 0.000 0.000 0.000 0.000 0.000 0.000 0.000 0.000 0.001 0.001 0.001 0.002
0.098 0.093 0.091 0.089 0.084 0.076 0.069 0.064 0.061 0.057 0.052 0.044 0.034 0.027 0.022 0.019 0.016 0.013 0.011 0.010 0.008 0.007 0.006 0.005 0.004 0.003 0.002 0.002 0.001 0.001 0.000 0.000 0.000 0.000 0.000 0.000 0.000 0.000 0.000 0.000 0.000 0.000 0.000 0.000 0.000 0.000 0.000 0.000 0.000 0.000 0.000 0.000 0.000 0.000 0.000 0.000 0.000 0.000 0.000 0.000 0.000 0.000 0.000 0.000 0.000 0.000 0.000 0.000 0.000 0.000 0.000 0.000 0.000 0.000 0.000 0.000 0.001
0.039 0.038 0.038 0.038 0.037 0.033 0.030 0.028 0.026 0.025 0.023 0.021 0.019 0.016 0.014 0.012 0.011 0.009 0.008 0.007 0.006 0.005 0.004 0.003 0.002 0.002 0.001 0.001 0.000 0.000 0.000 0.000 0.000 0.000 0.000 0.000 0.000 0.000 0.000 0.000 0.000 0.000 0.000 0.000 0.000 0.000 0.000 0.000 0.000 0.000 0.000 0.000 0.000 0.000 0.000 0.000 0.000 0.000 0.000 0.000 0.000 0.000 0.000 0.000 0.000 0.000 0.000 0.000 0.000 0.000 0.000 0.000 0.000 0.000 0.000 0.000 0.000
0.020 0.020 0.020 0.020 0.020 0.019 0.017 0.016 0.015 0.015 0.014 0.013 0.012 0.011 0.010 0.009 0.007 0.006 0.006 0.005 0.004 0.003 0.002 0.002 0.001 0.001 0.000 0.000 0.000 0.000 0.000 0.000 0.000 0.000 0.000 0.000 0.000 0.000 0.000 0.000 0.000 0.000 0.000 0.000 0.000 0.000 0.000 0.000 0.000 0.000 0.000 0.000 0.000 0.000 0.000 0.000 0.000 0.000 0.000 0.000 0.000 0.000 0.000 0.000 0.000 0.000 0.000 0.000 0.000 0.000 0.000 0.000 0.000 0.000 0.000 0.000 0.000
0.013 0.013 0.013 0.013 0.013 0.012 0.011 0.011 0.010 0.010 0.010 0.009 0.009 0.008 0.007 0.006 0.005 0.004 0.004 0.003 0.002 0.002 0.001 0.001 0.000 0.000 0.000 0.000 0.000 0.000 0.000 0.000 0.000 0.000 0.000 0.000 0.000 0.000 0.000 0.000 0.000 0.000 0.000 0.000 0.000 0.000 0.000 0.000 0.000 0.000 0.000 0.000 0.000 0.000 0.000 0.000 0.000 0.000 0.000 0.000 0.000 0.000 0.000 0.000 0.000 0.000 0.000 0.000 0.000 0.000 0.000 0.000 0.000 0.000 0.000 0.000 0.000
0.008 0.008 0.008 0.008 0.008 0.008 0.008 0.008 0.007 0.007 0.007 0.006 0.006 0.005 0.004 0.004 0.003 0.002 0.002 0.002 0.001 0.001 0.000 0.000 0.000 0.000 0.000 0.000 0.000 0.000 0.000 0.000 0.000 0.000 0.000 0.000 0.000 0.000 0.000 0.000 0.000 0.000 0.000 0.000 0.000 0.000 0.000 0.000 0.000 0.000 0.000 0.000 0.000 0.000 0.000 0.000 0.000 0.000 0.000 0.000 0.000 0.000 0.000 0.000 0.000 0.000 0.000 0.000 0.000 0.000 0.000 0.000 0.000 0.000 0.000 0.000 0.000
0.006 0.006 0.006 0.006 0.006 0.006 0.005 0.005 0.005 0.005 0.004 0.004 0.004 0.003 0.003 0.002 0.002 0.001 0.001 0.001 0.000 0.000 0.000 0.000 0.000 0.000 0.000 0.000 0.000 0.000 0.000 0.000 0.000 0.000 0.000 0.000 0.000 0.000 0.000 0.000 0.000 0.000 0.000 0.000 0.000 0.000 0.000 0.000 0.000 0.000 0.000 0.000 0.000 0.000 0.000 0.000 0.000 0.000 0.000 0.000 0.000 0.000 0.000 0.000 0.000 0.000 0.000 0.000 0.000 0.000 0.000 0.000 0.000 0.000 0.000 0.000 0.000
0.004 0.004 0.004 0.004 0.004 0.004 0.004 0.003 0.003 0.003 0.003 0.002 0.002 0.002 0.001 0.001 0.001 0.000 0.000 0.000 0.000 0.000 0.000 0.000 0.000 0.000 0.000 0.000 0.000 0.000 0.000 0.000 0.000 0.000 0.000 0.000 0.000 0.000 0.000 0.000 0.000 0.000 0.000 0.000 0.000 0.000 0.000 0.000 0.000 0.000 0.000 0.000 0.000 0.000 0.000 0.000 0.000 0.000 0.000 0.000 0.000 0.000 0.000 0.000 0.000 0.000 0.000 0.000 0.000 0.000 0.000 0.000 0.000 0.000 0.000 0.000 0.000
0.002 0.002 0.002 0.002 0.002 0.002 0.002 0.002 0.002 0.002 0.001 0.001 0.001 0.001 0.000 0.000 0.000 0.000 0.000 0.000 0.000 0.000 0.000 0.000 0.000 0.000 0.000 0.000 0.000 0.000 0.000 0.000 0.000 0.000 0.000 0.000 0.000 0.000 0.000 0.000 0.000 0.000 0.000 0.000 0.000 0.000 0.000 0.000 0.000 0.000 0.000 0.000 0.000 0.000 0.000 0.000 0.000 0.000 0.000 0.000 0.000 0.000 0.000 0.000 0.000 0.000 0.000 0.000 0.000 0.000 0.000 0.000 0.000 0.000 0.000 0.000 0.000
0.001 0.001 0.001 0.001 0.001 0.001 0.001 0.001 0.001 0.001 0.000 0.000 0.000 0.000 0.000 0.000 0.000 0.000 0.000 0.000 0.000 0.000 0.000 0.000 0.000 0.000 0.000 0.000 0.000 0.000 0.000 0.000 0.000 0.000 0.000 0.000 0.000 0.000 0.000 0.000 0.000 0.000 0.000 0.000 0.000 0.000 0.000 0.000 0.000 0.000 0.000 0.000 0.000 0.000 0.000 0.000 0.000 0.000 0.000 0.000 0.000 0.000 0.000 0.000 0.000 0.000 0.000 0.000 0.000 0.000 0.000 0.000 0.000 0.000 0.000 0.000 0.000
0.000 0.000 0.000 0.000 0.000 0.000 0.000 0.000 0.000 0.000 0.000 0.000 0.000 0.000 0.000 0.000 0.000 0.000 0.000 0.000 0.000 0.000 0.000 0.000 0.000 0.000 0.000 0.000 0.000 0.000 0.000 0.000 0.000 0.000 0.000 0.000 0.000 0.000 0.000 0.000 0.000 0.000 0.000 0.000 0.000 0.000 0.000 0.000 0.000 0.000 0.000 0.000 0.000 0.000 0.000 0.000 0.000 0.000 0.000 0.000 0.000 0.000 0.000 0.000 0.000 0.000 0.000 0.000 0.000 0.000 0.000 0.000 0.000 0.000 0.000 0.000 0.000
0.000 0.000 0.000 0.000 0.000 0.000 0.000 0.000 0.000 0.000 0.000 0.000 0.000 0.000 0.000 0.000 0.000 0.000 0.000 0.000 0.000 0.000 0.000 0.000 0.000 0.000 0.000 0.000 0.000 0.000 0.000 0.000 0.000 0.000 0.000 0.000 0.000 0.000 0.000 0.000 0.000 0.000 0.000 0.000 0.000 0.000 0.000 0.000 0.000 0.000 0.000 0.000 0.000 0.000 0.000 0.000 0.000 0.000 0.000 0.000 0.000 0.000 0.000 0.000 0.000 0.000 0.000 0.000 0.000 0.000 0.000 0.000 0.000 0.000 0.000 0.000 0.000
0.000 0.000 0.000 0.000 0.000 0.000 0.000 0.000 0.000 0.000 0.000 0.000 0.000 0.000 0.000 0.000 0.000 0.000 0.000 0.000 0.000 0.000 0.000 0.000 0.000 0.000 0.000 0.000 0.000 0.000 0.000 0.000 0.000 0.000 0.000 0.000 0.000 0.000 0.000 0.000 0.000 0.000 0.000 0.000 0.000 0.000 0.000 0.000 0.000 0.000 0.000 0.000 0.000 0.000 0.000 0.000 0.000 0.000 0.000 0.000 0.000 0.000 0.000 0.000 0.000 0.000 0.000 0.000 0.000 0.000 0.000 0.000 0.000 0.000 0.000 0.000 0.000
0.000 0.000 0.000 0.000 0.000 0.000 0.000 0.000 0.000 0.000 0.000 0.000 0.000 0.000 0.000 0.000 0.000 0.000 0.000 0.000 0.000 0.000 0.000 0.000 0.000 0.000 0.000 0.000 0.000 0.000 0.000 0.000 0.000 0.000 0.000 0.000 0.000 0.000 0.000 0.000 0.000 0.000 0.000 0.000 0.000 0.000 0.000 0.000 0.000 0.000 0.000 0.000 0.000 0.000 0.000 0.000 0.000 0.000 0.000 0.000 0.000 0.000 0.000 0.000 0.000 0.000 0.000 0.000 0.000 0.000 0.000 0.000 0.000 0.000 0.000 0.000 0.000
0.000 0.000 0.000 0.000 0.000 0.000 0.000 0.000 0.000 0.000 0.000 0.000 0.000 0.000 0.000 0.000 0.000 0.000 0.000 0.000 0.000 0.000 0.000 0.000 0.000 0.000 0.000 0.000 0.000 0.000 0.000 0.000 0.000 0.000 0.000 0.000 0.000 0.000 0.000 0.000 0.000 0.000 0.000 0.000 0.000 0.000 0.000 0.000 0.000 0.000 0.000 0.000 0.000 0.000 0.000 0.000 0.000 0.000 0.000 0.000 0.000 0.000 0.000 0.000 0.000 0.000 0.000 0.000 0.000 0.000 0.000 0.000 0.000 0.000 0.000 0.000 0.000
0.000 0.000 0.000 0.000 0.000 0.000 0.000 0.000 0.000 0.000 0.000 0.000 0.000 0.000 0.000 0.000 0.000 0.000 0.000 0.000 0.000 0.000 0.000 0.000 0.000 0.000 0.000 0.000 0.000 0.000 0.000 0.000 0.000 0.000 0.000 0.000 0.000 0.000 0.000 0.000 0.000 0.000 0.000 0.000 0.000 0.000 0.000 0.000 0.000 0.000 0.000 0.000 0.000 0.000 0.000 0.000 0.000 0.000 0.000 0.000 0.000 0.000 0.000 0.000 0.000 0.000 0.000 0.000 0.000 0.000 0.000 0.000 0.000 0.000 0.000 0.000 0.000
