RESULTS/r.avaflow_results/41_results/41_ascii/41_hflow30058.asc
ncols 506
nrows 317
xllcenter 498237.50
yllcenter 5580050.00
cellsize 12.50
NODATA_value -9999.000
[rows 170 to 203 of 317, columns 154 to 230 of 506]
8.239 8.069 7.908 7.737 7.540 7.314 7.096 6.903 6.727 6.562 6.408 6.258 6.089 5.840 5.434 4.848 4.120 3.330 2.570 1.884 1.294 0.830 0.510 0.321 0.218 0.164 0.139 0.132 0.133 0.141 0.161 0.185 0.202 0.213 0.223 0.235 0.252 0.266 0.269 0.265 0.254 0.244 0.239 0.234 0.226 0.208 0.179 0.151 0.128 0.109 0.092 0.079 0.069 0.063 0.060 0.059 0.060 0.063 0.066 0.068 0.069 0.068 0.067 0.065 0.064 0.064 0.067 0.077 0.100 0.135 0.160 0.169 0.168 0.156 0.129 0.101 0.079
11.658 11.813 11.862 11.842 11.742 11.543 11.274 10.988 10.702 10.416 10.144 9.884 9.621 9.303 8.828 8.115 7.166 6.055 4.893 3.770 2.738 1.853 1.168 0.709 0.444 0.301 0.228 0.198 0.193 0.201 0.223 0.242 0.251 0.254 0.255 0.257 0.264 0.270 0.271 0.263 0.247 0.234 0.225 0.216 0.202 0.176 0.136 0.099 0.075 0.061 0.053 0.047 0.044 0.043 0.043 0.044 0.047 0.051 0.054 0.055 0.055 0.054 0.052 0.050 0.050 0.050 0.052 0.060 0.077 0.108 0.143 0.164 0.172 0.173 0.165 0.148 0.123
15.148 15.638 15.799 15.780 15.620 15.316 14.936 14.560 14.202 13.849 13.516 13.213 12.922 12.608 12.174 11.493 10.517 9.281 7.882 6.435 5.006 3.659 2.485 1.577 0.968 0.605 0.403 0.303 0.263 0.252 0.256 0.261 0.263 0.262 0.257 0.254 0.255 0.256 0.251 0.234 0.209 0.189 0.173 0.157 0.137 0.108 0.075 0.054 0.043 0.036 0.033 0.031 0.030 0.030 0.031 0.033 0.037 0.041 0.044 0.045 0.044 0.043 0.041 0.040 0.040 0.040 0.042 0.047 0.059 0.080 0.114 0.149 0.170 0.179 0.180 0.175 0.159
17.764 18.562 18.868 18.869 18.710 18.408 18.045 17.695 17.352 16.995 16.630 16.298 15.991 15.672 15.257 14.601 13.643 12.428 11.051 9.561 7.968 6.294 4.617 3.143 2.013 1.235 0.755 0.490 0.358 0.294 0.266 0.257 0.254 0.249 0.240 0.230 0.222 0.214 0.199 0.170 0.136 0.112 0.096 0.083 0.070 0.054 0.040 0.031 0.027 0.024 0.022 0.022 0.022 0.022 0.023 0.025 0.029 0.032 0.034 0.035 0.035 0.034 0.033 0.033 0.033 0.033 0.035 0.038 0.046 0.058 0.079 0.115 0.153 0.175 0.182 0.181 0.173
19.181 20.202 20.747 20.926 20.926 20.802 20.628 20.433 20.203 19.904 19.533 19.157 18.820 18.477 18.057 17.419 16.493 15.310 13.951 12.481 10.906 9.193 7.300 5.311 3.552 2.207 1.294 0.753 0.466 0.323 0.260 0.234 0.220 0.208 0.193 0.174 0.158 0.143 0.124 0.098 0.075 0.061 0.052 0.044 0.038 0.030 0.024 0.020 0.018 0.017 0.016 0.016 0.016 0.017 0.017 0.019 0.022 0.025 0.027 0.027 0.027 0.027 0.027 0.027 0.027 0.028 0.029 0.032 0.037 0.044 0.056 0.079 0.118 0.156 0.174 0.178 0.174
19.479 20.604 21.378 21.854 22.155 22.341 22.443 22.450 22.372 22.173 21.819 21.365 20.982 20.620 20.207 19.622 18.799 17.726 16.414 14.896 13.212 11.369 9.318 6.972 4.711 2.919 1.662 0.914 0.525 0.333 0.242 0.195 0.166 0.142 0.120 0.103 0.092 0.082 0.071 0.056 0.044 0.036 0.031 0.027 0.023 0.019 0.016 0.014 0.013 0.012 0.012 0.012 0.012 0.012 0.013 0.014 0.016 0.019 0.020 0.021 0.021 0.021 0.022 0.022 0.023 0.024 0.025 0.027 0.030 0.035 0.043 0.058 0.083 0.121 0.149 0.162 0.166
19.166 20.370 21.293 21.962 22.512 22.976 23.282 23.421 23.445 23.347 23.022 22.489 22.070 21.738 21.369 20.851 20.142 19.211 17.995 16.461 14.660 12.647 10.406 7.813 5.238 3.206 1.790 0.960 0.536 0.325 0.215 0.154 0.114 0.087 0.069 0.059 0.053 0.048 0.042 0.034 0.028 0.024 0.020 0.017 0.015 0.013 0.011 0.010 0.009 0.009 0.009 0.009 0.009 0.009 0.010 0.011 0.012 0.014 0.015 0.016 0.016 0.017 0.017 0.018 0.019 0.020 0.021 0.023 0.026 0.030 0.036 0.046 0.062 0.087 0.114 0.133 0.146
18.259 19.603 20.755 21.687 22.438 23.008 23.360 23.525 23.575 23.524 23.220 22.653 22.219 21.928 21.599 21.114 20.455 19.606 18.478 16.981 15.132 13.012 10.657 7.951 5.281 3.191 1.755 0.929 0.508 0.292 0.177 0.112 0.074 0.053 0.042 0.036 0.032 0.029 0.026 0.022 0.019 0.016 0.014 0.012 0.011 0.009 0.008 0.007 0.007 0.006 0.006 0.006 0.006 0.006 0.007 0.007 0.008 0.010 0.011 0.011 0.012 0.013 0.013 0.014 0.015 0.016 0.018 0.020 0.022 0.026 0.031 0.039 0.050 0.066 0.086 0.103 0.119
16.969 18.468 19.822 20.989 21.922 22.568 22.915 23.051 23.081 23.010 22.718 22.187 21.738 21.419 21.067 20.573 19.940 19.158 18.114 16.679 14.844 12.687 10.249 7.474 4.863 2.853 1.515 0.773 0.405 0.219 0.121 0.071 0.046 0.033 0.027 0.023 0.021 0.019 0.017 0.015 0.013 0.011 0.010 0.009 0.007 0.006 0.005 0.005 0.004 0.004 0.004 0.004 0.004 0.004 0.004 0.005 0.005 0.006 0.007 0.008 0.009 0.009 0.010 0.011 0.012 0.013 0.014 0.016 0.018 0.022 0.027 0.033 0.042 0.053 0.068 0.082 0.095
15.515 17.103 18.543 19.796 20.795 21.476 21.831 21.931 21.879 21.672 21.380 21.022 20.612 20.121 19.567 18.994 18.377 17.662 16.704 15.337 13.517 11.307 8.781 6.092 3.765 2.060 1.001 0.466 0.225 0.116 0.066 0.041 0.029 0.022 0.018 0.016 0.014 0.013 0.012 0.010 0.009 0.008 0.007 0.006 0.005 0.004 0.003 0.003 0.002 0.002 0.002 0.002 0.002 0.002 0.002 0.003 0.003 0.004 0.004 0.005 0.006 0.006 0.007 0.008 0.008 0.009 0.011 0.013 0.015 0.018 0.022 0.028 0.036 0.045 0.056 0.068 0.079
13.858 15.423 16.843 18.095 19.130 19.888 20.318 20.427 20.312 19.999 19.781 19.617 19.263 18.559 17.741 17.033 16.339 15.566 14.536 13.069 11.113 8.714 6.152 3.831 2.106 1.019 0.447 0.195 0.095 0.054 0.035 0.025 0.019 0.015 0.013 0.011 0.010 0.009 0.008 0.007 0.006 0.005 0.005 0.004 0.003 0.002 0.002 0.002 0.001 0.001 0.001 0.001 0.001 0.001 0.001 0.001 0.002 0.002 0.002 0.003 0.003 0.004 0.004 0.005 0.006 0.007 0.008 0.010 0.012 0.014 0.018 0.023 0.030 0.038 0.048 0.058 0.069
11.903 13.354 14.740 16.055 17.248 18.234 18.888 19.121 19.044 18.757 18.562 18.396 17.979 17.147 16.210 15.392 14.541 13.487 12.066 10.176 7.741 5.208 3.138 1.719 0.856 0.389 0.168 0.077 0.043 0.028 0.021 0.016 0.013 0.011 0.009 0.008 0.007 0.006 0.006 0.005 0.004 0.003 0.003 0.002 0.002 0.001 0.001 0.001 0.000 0.000 0.000 0.000 0.000 0.000 0.000 0.000 0.001 0.001 0.001 0.001 0.002 0.002 0.003 0.003 0.004 0.005 0.006 0.007 0.009 0.011 0.014 0.019 0.024 0.032 0.040 0.050 0.061
9.742 11.066 12.444 13.880 15.313 16.557 17.430 17.804 17.793 17.568 17.291 16.950 16.360 15.468 14.503 13.583 12.543 11.112 9.091 6.561 4.112 2.311 1.172 0.562 0.268 0.128 0.062 0.035 0.023 0.018 0.014 0.011 0.010 0.008 0.007 0.006 0.005 0.004 0.004 0.003 0.002 0.002 0.001 0.001 0.001 0.000 0.000 0.000 0.000 0.000 0.000 0.000 0.000 0.000 0.000 0.000 0.000 0.000 0.000 0.000 0.001 0.001 0.001 0.002 0.002 0.003 0.004 0.005 0.006 0.008 0.011 0.014 0.019 0.025 0.033 0.042 0.053
7.749 8.923 10.180 11.582 13.094 14.436 15.421 15.912 15.981 15.768 15.266 14.545 13.673 12.744 11.779 10.721 9.388 7.494 5.118 2.976 1.543 0.701 0.305 0.147 0.079 0.045 0.028 0.019 0.015 0.012 0.010 0.008 0.007 0.006 0.005 0.004 0.003 0.003 0.002 0.002 0.001 0.001 0.000 0.000 0.000 0.000 0.000 0.000 0.000 0.000 0.000 0.000 0.000 0.000 0.000 0.000 0.000 0.000 0.000 0.000 0.000 0.000 0.000 0.001 0.001 0.001 0.002 0.003 0.004 0.006 0.008 0.010 0.014 0.019 0.026 0.034 0.044
5.850 6.805 7.803 8.882 10.037 11.129 12.007 12.510 12.621 12.421 11.775 10.713 9.483 8.387 7.340 6.197 4.828 3.254 1.819 0.860 0.359 0.149 0.075 0.046 0.031 0.022 0.016 0.013 0.010 0.009 0.007 0.006 0.005 0.004 0.003 0.002 0.002 0.001 0.001 0.001 0.000 0.000 0.000 0.000 0.000 0.000 0.000 0.000 0.000 0.000 0.000 0.000 0.000 0.000 0.000 0.000 0.000 0.000 0.000 0.000 0.000 0.000 0.000 0.000 0.000 0.001 0.001 0.002 0.002 0.004 0.005 0.007 0.010 0.014 0.019 0.025 0.033
3.910 4.452 4.938 5.391 5.856 6.386 6.931 7.292 7.400 7.276 6.735 5.776 4.660 3.748 2.997 2.303 1.570 0.860 0.388 0.158 0.072 0.042 0.029 0.022 0.017 0.014 0.011 0.009 0.007 0.006 0.005 0.004 0.003 0.002 0.002 0.001 0.001 0.000 0.000 0.000 0.000 0.000 0.000 0.000 0.000 0.000 0.000 0.000 0.000 0.000 0.000 0.000 0.000 0.000 0.000 0.000 0.000 0.000 0.000 0.000 0.000 0.000 0.000 0.000 0.000 0.000 0.000 0.001 0.001 0.002 0.003 0.005 0.007 0.009 0.013 0.018 0.024
2.114 2.250 2.345 2.419 2.490 2.595 2.772 2.905 2.946 2.902 2.665 2.186 1.571 1.102 0.785 0.544 0.323 0.159 0.074 0.040 0.027 0.020 0.017 0.014 0.012 0.010 0.008 0.007 0.005 0.004 0.003 0.002 0.002 0.001 0.001 0.000 0.000 0.000 0.000 0.000 0.000 0.000 0.000 0.000 0.000 0.000 0.000 0.000 0.000 0.000 0.000 0.000 0.000 0.000 0.000 0.000 0.000 0.000 0.000 0.000 0.000 0.000 0.000 0.000 0.000 0.000 0.000 0.000 0.000 0.001 0.002 0.003 0.004 0.006 0.008 0.012 0.016
0.882 0.858 0.836 0.811 0.781 0.764 0.780 0.796 0.794 0.774 0.701 0.552 0.360 0.233 0.162 0.111 0.069 0.041 0.027 0.020 0.016 0.013 0.012 0.010 0.008 0.007 0.006 0.005 0.004 0.003 0.002 0.001 0.001 0.000 0.000 0.000 0.000 0.000 0.000 0.000 0.000 0.000 0.000 0.000 0.000 0.000 0.000 0.000 0.000 0.000 0.000 0.000 0.000 0.000 0.000 0.000 0.000 0.000 0.000 0.000 0.000 0.000 0.000 0.000 0.000 0.000 0.000 0.000 0.000 0.000 0.001 0.001 0.002 0.003 0.005 0.007 0.010
0.288 0.265 0.253 0.243 0.227 0.210 0.201 0.194 0.187 0.178 0.160 0.127 0.085 0.059 0.045 0.034 0.026 0.020 0.016 0.013 0.011 0.010 0.008 0.007 0.006 0.005 0.004 0.003 0.002 0.001 0.001 0.000 0.000 0.000 0.000 0.000 0.000 0.000 0.000 0.000 0.000 0.000 0.000 0.000 0.000 0.000 0.000 0.000 0.000 0.000 0.000 0.000 0.000 0.000 0.000 0.000 0.000 0.000 0.000 0.000 0.000 0.000 0.000 0.000 0.000 0.000 0.000 0.000 0.000 0.000 0.000 0.001 0.001 0.002 0.003 0.004 0.006
0.092 0.087 0.086 0.084 0.079 0.071 0.064 0.060 0.056 0.053 0.048 0.041 0.032 0.025 0.021 0.018 0.015 0.013 0.011 0.010 0.008 0.007 0.006 0.005 0.004 0.003 0.002 0.002 0.001 0.001 0.000 0.000 0.000 0.000 0.000 0.000 0.000 0.000 0.000 0.000 0.000 0.000 0.000 0.000 0.000 0.000 0.000 0.000 0.000 0.000 0.000 0.000 0.000 0.000 0.000 0.000 0.000 0.000 0.000 0.000 0.000 0.000 0.000 0.000 0.000 0.000 0.000 0.000 0.000 0.000 0.000 0.000 0.000 0.001 0.001 0.002 0.003
0.037 0.037 0.037 0.037 0.035 0.032 0.029 0.027 0.025 0.024 0.022 0.021 0.018 0.016 0.014 0.012 0.011 0.009 0.008 0.007 0.006 0.005 0.004 0.003 0.002 0.002 0.001 0.001 0.000 0.000 0.000 0.000 0.000 0.000 0.000 0.000 0.000 0.000 0.000 0.000 0.000 0.000 0.000 0.000 0.000 0.000 0.000 0.000 0.000 0.000 0.000 0.000 0.000 0.000 0.000 0.000 0.000 0.000 0.000 0.000 0.000 0.000 0.000 0.000 0.000 0.000 0.000 0.000 0.000 0.000 0.000 0.000 0.000 0.000 0.000 0.001 0.001
0.020 0.020 0.020 0.020 0.020 0.018 0.017 0.016 0.015 0.015 0.014 0.013 0.012 0.011 0.010 0.008 0.007 0.006 0.005 0.005 0.004 0.003 0.002 0.002 0.001 0.001 0.000 0.000 0.000 0.000 0.000 0.000 0.000 0.000 0.000 0.000 0.000 0.000 0.000 0.000 0.000 0.000 0.000 0.000 0.000 0.000 0.000 0.000 0.000 0.000 0.000 0.000 0.000 0.000 0.000 0.000 0.000 0.000 0.000 0.000 0.000 0.000 0.000 0.000 0.000 0.000 0.000 0.000 0.000 0.000 0.000 0.000 0.000 0.000 0.000 0.000 0.000
0.012 0.012 0.013 0.013 0.012 0.012 0.011 0.011 0.010 0.010 0.009 0.009 0.008 0.008 0.007 0.006 0.005 0.004 0.004 0.003 0.002 0.002 0.001 0.001 0.000 0.000 0.000 0.000 0.000 0.000 0.000 0.000 0.000 0.000 0.000 0.000 0.000 0.000 0.000 0.000 0.000 0.000 0.000 0.000 0.000 0.000 0.000 0.000 0.000 0.000 0.000 0.000 0.000 0.000 0.000 0.000 0.000 0.000 0.000 0.000 0.000 0.000 0.000 0.000 0.000 0.000 0.000 0.000 0.000 0.000 0.000 0.000 0.000 0.000 0.000 0.000 0.000
0.008 0.008 0.008 0.008 0.008 0.008 0.008 0.007 0.007 0.007 0.007 0.006 0.006 0.005 0.004 0.004 0.003 0.002 0.002 0.002 0.001 0.001 0.000 0.000 0.000 0.000 0.000 0.000 0.000 0.000 0.000 0.000 0.000 0.000 0.000 0.000 0.000 0.000 0.000 0.000 0.000 0.000 0.000 0.000 0.000 0.000 0.000 0.000 0.000 0.000 0.000 0.000 0.000 0.000 0.000 0.000 0.000 0.000 0.000 0.000 0.000 0.000 0.000 0.000 0.000 0.000 0.000 0.000 0.000 0.000 0.000 0.000 0.000 0.000 0.000 0.000 0.000
0.006 0.006 0.006 0.006 0.006 0.006 0.005 0.005 0.005 0.005 0.004 0.004 0.004 0.003 0.003 0.002 0.002 0.001 0.001 0.001 0.000 0.000 0.000 0.000 0.000 0.000 0.000 0.000 0.000 0.000 0.000 0.000 0.000 0.000 0.000 0.000 0.000 0.000 0.000 0.000 0.000 0.000 0.000 0.000 0.000 0.000 0.000 0.000 0.000 0.000 0.000 0.000 0.000 0.000 0.000 0.000 0.000 0.000 0.000 0.000 0.000 0.000 0.000 0.000 0.000 0.000 0.000 0.000 0.000 0.000 0.000 0.000 0.000 0.000 0.000 0.000 0.000
0.004 0.004 0.004 0.004 0.004 0.004 0.004 0.003 0.003 0.003 0.003 0.002 0.002 0.002 0.001 0.001 0.001 0.000 0.000 0.000 0.000 0.000 0.000 0.000 0.000 0.000 0.000 0.000 0.000 0.000 0.000 0.000 0.000 0.000 0.000 0.000 0.000 0.000 0.000 0.000 0.000 0.000 0.000 0.000 0.000 0.000 0.000 0.000 0.000 0.000 0.000 0.000 0.000 0.000 0.000 0.000 0.000 0.000 0.000 0.000 0.000 0.000 0.000 0.000 0.000 0.000 0.000 0.000 0.000 0.000 0.000 0.000 0.000 0.000 0.000 0.000 0.000
0.002 0.002 0.002 0.002 0.002 0.002 0.002 0.002 0.002 0.001 0.001 0.001 0.001 0.001 0.000 0.000 0.000 0.000 0.000 0.000 0.000 0.000 0.000 0.000 0.000 0.000 0.000 0.000 0.000 0.000 0.000 0.000 0.000 0.000 0.000 0.000 0.000 0.000 0.000 0.000 0.000 0.000 0.000 0.000 0.000 0.000 0.000 0.000 0.000 0.000 0.000 0.000 0.000 0.000 0.000 0.000 0.000 0.000 0.000 0.000 0.000 0.000 0.000 0.000 0.000 0.000 0.000 0.000 0.000 0.000 0.000 0.000 0.000 0.000 0.000 0.000 0.000
0.001 0.001 0.001 0.001 0.001 0.001 0.001 0.001 0.001 0.001 0.000 0.000 0.000 0.000 0.000 0.000 0.000 0.000 0.000 0.000 0.000 0.000 0.000 0.000 0.000 0.000 0.000 0.000 0.000 0.000 0.000 0.000 0.000 0.000 0.000 0.000 0.000 0.000 0.000 0.000 0.000 0.000 0.000 0.000 0.000 0.000 0.000 0.000 0.000 0.000 0.000 0.000 0.000 0.000 0.000 0.000 0.000 0.000 0.000 0.000 0.000 0.000 0.000 0.000 0.000 0.000 0.000 0.000 0.000 0.000 0.000 0.000 0.000 0.000 0.000 0.000 0.000
0.000 0.000 0.000 0.000 0.000 0.000 0.000 0.000 0.000 0.000 0.000 0.000 0.000 0.000 0.000 0.000 0.000 0.000 0.000 0.000 0.000 0.000 0.000 0.000 0.000 0.000 0.000 0.000 0.000 0.000 0.000 0.000 0.000 0.000 0.000 0.000 0.000 0.000 0.000 0.000 0.000 0.000 0.000 0.000 0.000 0.000 0.000 0.000 0.000 0.000 0.000 0.000 0.000 0.000 0.000 0.000 0.000 0.000 0.000 0.000 0.000 0.000 0.000 0.000 0.000 0.000 0.000 0.000 0.000 0.000 0.000 0.000 0.000 0.000 0.000 0.000 0.000
0.000 0.000 0.000 0.000 0.000 0.000 0.000 0.000 0.000 0.000 0.000 0.000 0.000 0.000 0.000 0.000 0.000 0.000 0.000 0.000 0.000 0.000 0.000 0.000 0.000 0.000 0.000 0.000 0.000 0.000 0.000 0.000 0.000 0.000 0.000 0.000 0.000 0.000 0.000 0.000 0.000 0.000 0.000 0.000 0.000 0.000 0.000 0.000 0.000 0.000 0.000 0.000 0.000 0.000 0.000 0.000 0.000 0.000 0.000 0.000 0.000 0.000 0.000 0.000 0.000 0.000 0.000 0.000 0.000 0.000 0.000 0.000 0.000 0.000 0.000 0.000 0.000
0.000 0.000 0.000 0.000 0.000 0.000 0.000 0.000 0.000 0.000 0.000 0.000 0.000 0.000 0.000 0.000 0.000 0.000 0.000 0.000 0.000 0.000 0.000 0.000 0.000 0.000 0.000 0.000 0.000 0.000 0.000 0.000 0.000 0.000 0.000 0.000 0.000 0.000 0.000 0.000 0.000 0.000 0.000 0.000 0.000 0.000 0.000 0.000 0.000 0.000 0.000 0.000 0.000 0.000 0.000 0.000 0.000 0.000 0.000 0.000 0.000 0.000 0.000 0.000 0.000 0.000 0.000 0.000 0.000 0.000 0.000 0.000 0.000 0.000 0.000 0.000 0.000
0.000 0.000 0.000 0.000 0.000 0.000 0.000 0.000 0.000 0.000 0.000 0.000 0.000 0.000 0.000 0.000 0.000 0.000 0.000 0.000 0.000 0.000 0.000 0.000 0.000 0.000 0.000 0.000 0.000 0.000 0.000 0.000 0.000 0.000 0.000 0.000 0.000 0.000 0.000 0.000 0.000 0.000 0.000 0.000 0.000 0.000 0.000 0.000 0.000 0.000 0.000 0.000 0.000 0.000 0.000 0.000 0.000 0.000 0.000 0.000 0.000 0.000 0.000 0.000 0.000 0.000 0.000 0.000 0.000 0.000 0.000 0.000 0.000 0.000 0.000 0.000 0.000
0.000 0.000 0.000 0.000 0.000 0.000 0.000 0.000 0.000 0.000 0.000 0.000 0.000 0.000 0.000 0.000 0.000 0.000 0.000 0.000 0.000 0.000 0.000 0.000 0.000 0.000 0.000 0.000 0.000 0.000 0.000 0.000 0.000 0.000 0.000 0.000 0.000 0.000 0.000 0.000 0.000 0.000 0.000 0.000 0.000 0.000 0.000 0.000 0.000 0.000 0.000 0.000 0.000 0.000 0.000 0.000 0.000 0.000 0.000 0.000 0.000 0.000 0.000 0.000 0.000 0.000 0.000 0.000 0.000 0.000 0.000 0.000 0.000 0.000 0.000 0.000 0.000
0.000 0.000 0.000 0.000 0.000 0.000 0.000 0.000 0.000 0.000 0.000 0.000 0.000 0.000 0.000 0.000 0.000 0.000 0.000 0.000 0.000 0.000 0.000 0.000 0.000 0.000 0.000 0.000 0.000 0.000 0.000 0.000 0.000 0.000 0.000 0.000 0.000 0.000 0.000 0.000 0.000 0.000 0.000 0.000 0.000 0.000 0.000 0.000 0.000 0.000 0.000 0.000 0.000 0.000 0.000 0.000 0.000 0.000 0.000 0.000 0.000 0.000 0.000 0.000 0.000 0.000 0.000 0.000 0.000 0.000 0.000 0.000 0.000 0.000 0.000 0.000 0.000
