RESULTS/r.avaflow_results/41_results/41_ascii/41_hflow_max0036.asc
ncols 506
nrows 317
xllcenter 498237.50
yllcenter 5580050.00
cellsize 12.50
NODATA_value -9999.000
[rows 170 to 203 of 317, columns 154 to 230 of 506]
11.902 11.896 11.860 11.756 11.545 11.269 10.981 10.692 10.394 10.132 9.905 9.725 9.548 9.272 8.735 7.903 6.853 5.695 4.585 3.540 2.578 1.751 1.119 0.718 0.476 0.334 0.274 0.259 0.269 0.306 0.348 0.370 0.385 0.388 0.386 0.391 0.394 0.390 0.380 0.373 0.360 0.342 0.329 0.324 0.315 0.293 0.257 0.212 0.175 0.146 0.120 0.099 0.084 0.075 0.069 0.067 0.067 0.068 0.070 0.071 0.072 0.072 0.071 0.069 0.067 0.063 0.060 0.058 0.055 0.051 0.043 0.029 0.017 0.009 0.005 0.002 0.001
15.745 15.970 16.008 15.881 15.564 15.144 14.698 14.245 13.782 13.346 12.988 12.674 12.399 12.073 11.548 10.740 9.711 8.557 7.295 5.864 4.420 3.153 2.131 1.375 0.891 0.609 0.447 0.393 0.383 0.396 0.412 0.418 0.418 0.414 0.403 0.399 0.397 0.394 0.385 0.371 0.351 0.327 0.309 0.297 0.279 0.246 0.193 0.141 0.103 0.080 0.066 0.057 0.051 0.048 0.047 0.047 0.049 0.051 0.054 0.055 0.055 0.054 0.052 0.050 0.048 0.045 0.042 0.040 0.037 0.033 0.026 0.017 0.010 0.005 0.003 0.001 0.000
19.446 19.865 19.885 19.639 19.162 18.592 18.026 17.464 16.923 16.379 15.933 15.562 15.217 14.841 14.317 13.475 12.376 11.175 9.917 8.550 6.986 5.298 3.783 2.582 1.708 1.128 0.772 0.594 0.512 0.459 0.429 0.424 0.419 0.416 0.405 0.390 0.382 0.372 0.355 0.329 0.298 0.265 0.232 0.208 0.180 0.145 0.104 0.073 0.055 0.045 0.038 0.035 0.033 0.032 0.033 0.034 0.037 0.039 0.041 0.041 0.041 0.040 0.039 0.037 0.034 0.032 0.029 0.027 0.024 0.020 0.015 0.009 0.005 0.003 0.001 0.000 0.000
22.130 22.721 22.791 22.588 22.146 21.603 21.069 20.545 20.008 19.454 18.883 18.400 18.060 17.708 17.176 16.324 15.184 13.878 12.513 11.099 9.598 7.910 6.089 4.397 3.025 2.000 1.331 0.899 0.651 0.529 0.449 0.416 0.399 0.387 0.370 0.345 0.321 0.299 0.276 0.248 0.212 0.170 0.131 0.104 0.088 0.071 0.052 0.039 0.032 0.027 0.024 0.023 0.023 0.023 0.023 0.025 0.027 0.029 0.030 0.030 0.030 0.029 0.028 0.026 0.024 0.022 0.020 0.018 0.015 0.012 0.008 0.005 0.003 0.001 0.001 0.000 0.000
23.277 24.089 24.402 24.427 24.237 23.972 23.670 23.322 22.905 22.395 21.796 21.262 20.848 20.445 19.892 19.049 17.920 16.629 15.191 13.659 12.034 10.308 8.355 6.325 4.515 3.061 2.004 1.304 0.861 0.595 0.452 0.380 0.338 0.308 0.282 0.250 0.215 0.186 0.167 0.145 0.115 0.085 0.064 0.052 0.045 0.037 0.029 0.024 0.020 0.018 0.017 0.016 0.016 0.016 0.017 0.018 0.020 0.021 0.022 0.022 0.022 0.021 0.020 0.019 0.017 0.015 0.013 0.011 0.009 0.006 0.004 0.003 0.001 0.001 0.000 0.000 0.000
23.285 24.212 24.777 25.069 25.253 25.380 25.350 25.205 24.947 24.514 23.858 23.246 22.818 22.427 21.903 21.165 20.217 19.019 17.567 15.892 14.069 12.250 10.329 8.113 5.825 3.896 2.516 1.575 0.987 0.627 0.437 0.325 0.251 0.199 0.162 0.136 0.113 0.101 0.092 0.079 0.060 0.045 0.034 0.030 0.026 0.022 0.018 0.016 0.014 0.013 0.012 0.012 0.012 0.012 0.012 0.013 0.014 0.015 0.015 0.015 0.015 0.015 0.014 0.013 0.011 0.010 0.008 0.006 0.005 0.003 0.002 0.001 0.001 0.000 0.000 0.000 0.000
22.647 23.765 24.545 25.048 25.477 25.790 25.854 25.801 25.672 25.354 24.796 24.025 23.559 23.307 22.854 22.190 21.419 20.450 19.193 17.585 15.729 13.772 11.646 9.132 6.487 4.259 2.714 1.656 1.016 0.627 0.404 0.271 0.181 0.119 0.087 0.071 0.060 0.056 0.051 0.043 0.033 0.025 0.022 0.019 0.017 0.014 0.013 0.011 0.010 0.009 0.009 0.008 0.008 0.009 0.009 0.009 0.010 0.010 0.010 0.010 0.010 0.010 0.009 0.008 0.007 0.006 0.005 0.004 0.002 0.002 0.001 0.000 0.000 0.000 0.000 0.000 0.000
21.582 22.827 23.864 24.663 25.285 25.651 25.822 25.791 25.704 25.522 25.051 24.210 23.676 23.471 23.199 22.632 21.938 21.114 19.925 18.317 16.369 14.253 11.990 9.352 6.560 4.262 2.670 1.600 0.966 0.577 0.346 0.202 0.116 0.068 0.048 0.040 0.036 0.032 0.029 0.025 0.020 0.017 0.015 0.013 0.011 0.010 0.009 0.008 0.007 0.006 0.006 0.006 0.006 0.006 0.006 0.006 0.006 0.006 0.006 0.006 0.006 0.006 0.006 0.005 0.004 0.003 0.002 0.002 0.001 0.001 0.000 0.000 0.000 0.000 0.000 0.000 0.000
20.394 21.711 22.900 23.900 24.694 25.182 25.285 25.207 25.078 24.887 24.446 23.655 23.081 22.824 22.554 21.995 21.287 20.509 19.420 17.892 15.982 13.818 11.497 8.826 6.050 3.848 2.315 1.333 0.760 0.425 0.231 0.119 0.065 0.039 0.030 0.026 0.023 0.020 0.018 0.016 0.014 0.012 0.010 0.009 0.008 0.007 0.006 0.005 0.004 0.004 0.004 0.003 0.003 0.003 0.003 0.004 0.004 0.004 0.004 0.004 0.004 0.003 0.003 0.003 0.002 0.002 0.001 0.001 0.000 0.000 0.000 0.000 0.000 0.000 0.000 0.000 0.000
19.254 20.608 21.838 22.849 23.612 24.030 24.096 24.003 23.718 23.219 22.743 22.251 21.764 21.205 20.619 19.960 19.241 18.490 17.565 16.207 14.374 12.229 9.871 7.301 4.784 2.897 1.571 0.801 0.401 0.199 0.106 0.059 0.034 0.025 0.020 0.017 0.015 0.014 0.012 0.011 0.009 0.008 0.007 0.006 0.005 0.004 0.004 0.003 0.003 0.002 0.002 0.002 0.002 0.002 0.002 0.002 0.002 0.002 0.002 0.002 0.002 0.002 0.002 0.001 0.001 0.001 0.000 0.000 0.000 0.000 0.000 0.000 0.000 0.000 0.000 0.000 0.000
18.018 19.412 20.582 21.521 22.205 22.586 22.691 22.573 22.098 21.306 20.933 20.881 20.557 19.689 18.755 17.996 17.251 16.452 15.422 13.969 12.031 9.674 7.222 4.858 2.958 1.597 0.776 0.341 0.153 0.080 0.047 0.029 0.022 0.017 0.014 0.012 0.011 0.010 0.008 0.007 0.006 0.005 0.005 0.004 0.003 0.003 0.002 0.002 0.001 0.001 0.001 0.001 0.001 0.001 0.001 0.001 0.001 0.001 0.001 0.001 0.001 0.001 0.000 0.000 0.000 0.000 0.000 0.000 0.000 0.000 0.000 0.000 0.000 0.000 0.000 0.000 0.000
16.508 17.857 19.074 20.077 20.829 21.342 21.556 21.500 21.059 20.290 19.940 19.894 19.536 18.469 17.463 16.696 15.866 14.717 13.164 11.205 8.960 6.358 4.040 2.425 1.349 0.685 0.312 0.134 0.064 0.037 0.025 0.019 0.015 0.012 0.010 0.009 0.008 0.007 0.006 0.005 0.004 0.003 0.003 0.002 0.002 0.001 0.001 0.001 0.000 0.000 0.000 0.000 0.000 0.000 0.000 0.000 0.000 0.000 0.000 0.000 0.000 0.000 0.000 0.000 0.000 0.000 0.000 0.000 0.000 0.000 0.000 0.000 0.000 0.000 0.000 0.000 0.000
14.677 15.976 17.309 18.537 19.530 20.310 20.652 20.590 20.230 19.495 18.985 18.538 17.850 16.831 15.939 15.154 14.175 12.668 10.658 8.253 5.486 3.083 1.736 0.929 0.479 0.237 0.111 0.054 0.031 0.021 0.016 0.013 0.011 0.009 0.007 0.006 0.005 0.004 0.004 0.003 0.002 0.002 0.001 0.001 0.001 0.000 0.000 0.000 0.000 0.000 0.000 0.000 0.000 0.000 0.000 0.000 0.000 0.000 0.000 0.000 0.000 0.000 0.000 0.000 0.000 0.000 0.000 0.000 0.000 0.000 0.000 0.000 0.000 0.000 0.000 0.000 0.000
12.753 13.988 15.300 16.562 17.622 18.343 18.739 18.766 18.562 17.869 16.950 15.961 14.907 14.009 13.190 12.291 11.040 9.116 6.563 3.937 2.178 1.117 0.542 0.271 0.144 0.078 0.043 0.026 0.018 0.014 0.011 0.009 0.008 0.006 0.005 0.004 0.003 0.003 0.002 0.002 0.001 0.001 0.000 0.000 0.000 0.000 0.000 0.000 0.000 0.000 0.000 0.000 0.000 0.000 0.000 0.000 0.000 0.000 0.000 0.000 0.000 0.000 0.000 0.000 0.000 0.000 0.000 0.000 0.000 0.000 0.000 0.000 0.000 0.000 0.000 0.000 0.000
10.685 11.669 12.691 13.591 14.249 14.692 15.003 15.122 15.064 14.495 13.402 12.106 10.912 9.922 8.905 7.693 6.086 4.271 2.552 1.340 0.648 0.291 0.140 0.079 0.049 0.031 0.021 0.015 0.012 0.010 0.008 0.006 0.005 0.004 0.003 0.003 0.002 0.001 0.001 0.001 0.000 0.000 0.000 0.000 0.000 0.000 0.000 0.000 0.000 0.000 0.000 0.000 0.000 0.000 0.000 0.000 0.000 0.000 0.000 0.000 0.000 0.000 0.000 0.000 0.000 0.000 0.000 0.000 0.000 0.000 0.000 0.000 0.000 0.000 0.000 0.000 0.000
8.179 8.768 9.095 9.201 9.170 9.082 9.189 9.389 9.508 9.255 8.422 7.301 5.988 4.789 3.871 3.078 2.232 1.337 0.696 0.321 0.146 0.074 0.045 0.031 0.022 0.017 0.013 0.010 0.008 0.007 0.005 0.004 0.003 0.003 0.002 0.001 0.001 0.001 0.000 0.000 0.000 0.000 0.000 0.000 0.000 0.000 0.000 0.000 0.000 0.000 0.000 0.000 0.000 0.000 0.000 0.000 0.000 0.000 0.000 0.000 0.000 0.000 0.000 0.000 0.000 0.000 0.000 0.000 0.000 0.000 0.000 0.000 0.000 0.000 0.000 0.000 0.000
5.574 5.605 5.198 5.050 4.846 4.535 4.143 3.873 3.873 3.873 3.444 2.936 2.218 1.627 1.202 0.872 0.569 0.310 0.150 0.074 0.042 0.029 0.021 0.017 0.013 0.011 0.009 0.007 0.006 0.005 0.004 0.003 0.002 0.001 0.001 0.000 0.000 0.000 0.000 0.000 0.000 0.000 0.000 0.000 0.000 0.000 0.000 0.000 0.000 0.000 0.000 0.000 0.000 0.000 0.000 0.000 0.000 0.000 0.000 0.000 0.000 0.000 0.000 0.000 0.000 0.000 0.000 0.000 0.000 0.000 0.000 0.000 0.000 0.000 0.000 0.000 0.000
3.278 3.460 3.567 3.473 3.165 2.520 1.816 1.406 1.229 1.156 1.057 0.870 0.609 0.413 0.291 0.203 0.129 0.074 0.042 0.027 0.020 0.016 0.013 0.011 0.009 0.008 0.006 0.005 0.004 0.003 0.002 0.001 0.001 0.000 0.000 0.000 0.000 0.000 0.000 0.000 0.000 0.000 0.000 0.000 0.000 0.000 0.000 0.000 0.000 0.000 0.000 0.000 0.000 0.000 0.000 0.000 0.000 0.000 0.000 0.000 0.000 0.000 0.000 0.000 0.000 0.000 0.000 0.000 0.000 0.000 0.000 0.000 0.000 0.000 0.000 0.000 0.000
2.831 3.007 3.111 3.008 2.680 1.900 1.042 0.575 0.388 0.315 0.273 0.222 0.151 0.104 0.076 0.055 0.039 0.027 0.020 0.015 0.013 0.011 0.009 0.008 0.007 0.005 0.004 0.003 0.002 0.002 0.001 0.001 0.000 0.000 0.000 0.000 0.000 0.000 0.000 0.000 0.000 0.000 0.000 0.000 0.000 0.000 0.000 0.000 0.000 0.000 0.000 0.000 0.000 0.000 0.000 0.000 0.000 0.000 0.000 0.000 0.000 0.000 0.000 0.000 0.000 0.000 0.000 0.000 0.000 0.000 0.000 0.000 0.000 0.000 0.000 0.000 0.000
2.677 2.770 2.848 2.841 2.473 1.702 0.841 0.361 0.172 0.107 0.083 0.066 0.049 0.037 0.030 0.024 0.019 0.015 0.013 0.011 0.009 0.008 0.007 0.005 0.004 0.003 0.003 0.002 0.001 0.001 0.000 0.000 0.000 0.000 0.000 0.000 0.000 0.000 0.000 0.000 0.000 0.000 0.000 0.000 0.000 0.000 0.000 0.000 0.000 0.000 0.000 0.000 0.000 0.000 0.000 0.000 0.000 0.000 0.000 0.000 0.000 0.000 0.000 0.000 0.000 0.000 0.000 0.000 0.000 0.000 0.000 0.000 0.000 0.000 0.000 0.000 0.000
2.582 2.604 2.619 2.527 2.204 2.046 0.821 0.310 0.115 0.053 0.036 0.028 0.023 0.019 0.016 0.014 0.012 0.010 0.009 0.008 0.006 0.005 0.004 0.004 0.003 0.002 0.001 0.001 0.000 0.000 0.000 0.000 0.000 0.000 0.000 0.000 0.000 0.000 0.000 0.000 0.000 0.000 0.000 0.000 0.000 0.000 0.000 0.000 0.000 0.000 0.000 0.000 0.000 0.000 0.000 0.000 0.000 0.000 0.000 0.000 0.000 0.000 0.000 0.000 0.000 0.000 0.000 0.000 0.000 0.000 0.000 0.000 0.000 0.000 0.000 0.000 0.000
2.484 2.453 2.386 2.272 2.067 2.022 0.930 0.320 0.096 0.036 0.020 0.016 0.014 0.013 0.011 0.010 0.008 0.007 0.006 0.005 0.004 0.003 0.003 0.002 0.001 0.001 0.000 0.000 0.000 0.000 0.000 0.000 0.000 0.000 0.000 0.000 0.000 0.000 0.000 0.000 0.000 0.000 0.000 0.000 0.000 0.000 0.000 0.000 0.000 0.000 0.000 0.000 0.000 0.000 0.000 0.000 0.000 0.000 0.000 0.000 0.000 0.000 0.000 0.000 0.000 0.000 0.000 0.000 0.000 0.000 0.000 0.000 0.000 0.000 0.000 0.000 0.000
2.322 2.238 2.138 2.050 2.022 2.013 2.013 0.360 0.085 0.026 0.014 0.011 0.010 0.009 0.008 0.007 0.006 0.005 0.004 0.003 0.003 0.002 0.001 0.001 0.001 0.000 0.000 0.000 0.000 0.000 0.000 0.000 0.000 0.000 0.000 0.000 0.000 0.000 0.000 0.000 0.000 0.000 0.000 0.000 0.000 0.000 0.000 0.000 0.000 0.000 0.000 0.000 0.000 0.000 0.000 0.000 0.000 0.000 0.000 0.000 0.000 0.000 0.000 0.000 0.000 0.000 0.000 0.000 0.000 0.000 0.000 0.000 0.000 0.000 0.000 0.000 0.000
2.047 2.009 2.010 2.009 2.009 2.009 2.009 0.324 0.060 0.017 0.009 0.007 0.007 0.006 0.005 0.004 0.003 0.003 0.002 0.002 0.001 0.001 0.000 0.000 0.000 0.000 0.000 0.000 0.000 0.000 0.000 0.000 0.000 0.000 0.000 0.000 0.000 0.000 0.000 0.000 0.000 0.000 0.000 0.000 0.000 0.000 0.000 0.000 0.000 0.000 0.000 0.000 0.000 0.000 0.000 0.000 0.000 0.000 0.000 0.000 0.000 0.000 0.000 0.000 0.000 0.000 0.000 0.000 0.000 0.000 0.000 0.000 0.000 0.000 0.000 0.000 0.000
2.006 2.006 2.006 2.006 0.657 0.438 0.323 0.107 0.023 0.009 0.006 0.005 0.004 0.004 0.003 0.002 0.002 0.001 0.001 0.001 0.000 0.000 0.000 0.000 0.000 0.000 0.000 0.000 0.000 0.000 0.000 0.000 0.000 0.000 0.000 0.000 0.000 0.000 0.000 0.000 0.000 0.000 0.000 0.000 0.000 0.000 0.000 0.000 0.000 0.000 0.000 0.000 0.000 0.000 0.000 0.000 0.000 0.000 0.000 0.000 0.000 0.000 0.000 0.000 0.000 0.000 0.000 0.000 0.000 0.000 0.000 0.000 0.000 0.000 0.000 0.000 0.000
2.004 2.004 0.697 0.312 0.134 0.077 0.047 0.020 0.009 0.005 0.003 0.003 0.002 0.002 0.001 0.001 0.001 0.000 0.000 0.000 0.000 0.000 0.000 0.000 0.000 0.000 0.000 0.000 0.000 0.000 0.000 0.000 0.000 0.000 0.000 0.000 0.000 0.000 0.000 0.000 0.000 0.000 0.000 0.000 0.000 0.000 0.000 0.000 0.000 0.000 0.000 0.000 0.000 0.000 0.000 0.000 0.000 0.000 0.000 0.000 0.000 0.000 0.000 0.000 0.000 0.000 0.000 0.000 0.000 0.000 0.000 0.000 0.000 0.000 0.000 0.000 0.000
0.434 0.321 0.144 0.055 0.027 0.016 0.011 0.006 0.004 0.002 0.002 0.001 0.001 0.001 0.000 0.000 0.000 0.000 0.000 0.000 0.000 0.000 0.000 0.000 0.000 0.000 0.000 0.000 0.000 0.000 0.000 0.000 0.000 0.000 0.000 0.000 0.000 0.000 0.000 0.000 0.000 0.000 0.000 0.000 0.000 0.000 0.000 0.000 0.000 0.000 0.000 0.000 0.000 0.000 0.000 0.000 0.000 0.000 0.000 0.000 0.000 0.000 0.000 0.000 0.000 0.000 0.000 0.000 0.000 0.000 0.000 0.000 0.000 0.000 0.000 0.000 0.000
0.074 0.049 0.026 0.012 0.007 0.005 0.004 0.003 0.002 0.001 0.000 0.000 0.000 0.000 0.000 0.000 0.000 0.000 0.000 0.000 0.000 0.000 0.000 0.000 0.000 0.000 0.000 0.000 0.000 0.000 0.000 0.000 0.000 0.000 0.000 0.000 0.000 0.000 0.000 0.000 0.000 0.000 0.000 0.000 0.000 0.000 0.000 0.000 0.000 0.000 0.000 0.000 0.000 0.000 0.000 0.000 0.000 0.000 0.000 0.000 0.000 0.000 0.000 0.000 0.000 0.000 0.000 0.000 0.000 0.000 0.000 0.000 0.000 0.000 0.000 0.000 0.000
0.015 0.010 0.006 0.004 0.003 0.002 0.002 0.001 0.001 0.000 0.000 0.000 0.000 0.000 0.000 0.000 0.000 0.000 0.000 0.000 0.000 0.000 0.000 0.000 0.000 0.000 0.000 0.000 0.000 0.000 0.000 0.000 0.000 0.000 0.000 0.000 0.000 0.000 0.000 0.000 0.000 0.000 0.000 0.000 0.000 0.000 0.000 0.000 0.000 0.000 0.000 0.000 0.000 0.000 0.000 0.000 0.000 0.000 0.000 0.000 0.000 0.000 0.000 0.000 0.000 0.000 0.000 0.000 0.000 0.000 0.000 0.000 0.000 0.000 0.000 0.000 0.000
0.004 0.003 0.002 0.002 0.001 0.001 0.001 0.000 0.000 0.000 0.000 0.000 0.000 0.000 0.000 0.000 0.000 0.000 0.000 0.000 0.000 0.000 0.000 0.000 0.000 0.000 0.000 0.000 0.000 0.000 0.000 0.000 0.000 0.000 0.000 0.000 0.000 0.000 0.000 0.000 0.000 0.000 0.000 0.000 0.000 0.000 0.000 0.000 0.000 0.000 0.000 0.000 0.000 0.000 0.000 0.000 0.000 0.000 0.000 0.000 0.000 0.000 0.000 0.000 0.000 0.000 0.000 0.000 0.000 0.000 0.000 0.000 0.000 0.000 0.000 0.000 0.000
0.001 0.001 0.001 0.001 0.000 0.000 0.000 0.000 0.000 0.000 0.000 0.000 0.000 0.000 0.000 0.000 0.000 0.000 0.000 0.000 0.000 0.000 0.000 0.000 0.000 0.000 0.000 0.000 0.000 0.000 0.000 0.000 0.000 0.000 0.000 0.000 0.000 0.000 0.000 0.000 0.000 0.000 0.000 0.000 0.000 0.000 0.000 0.000 0.000 0.000 0.000 0.000 0.000 0.000 0.000 0.000 0.000 0.000 0.000 0.000 0.000 0.000 0.000 0.000 0.000 0.000 0.000 0.000 0.000 0.000 0.000 0.000 0.000 0.000 0.000 0.000 0.000
0.000 0.000 0.000 0.000 0.000 0.000 0.000 0.000 0.000 0.000 0.000 0.000 0.000 0.000 0.000 0.000 0.000 0.000 0.000 0.000 0.000 0.000 0.000 0.000 0.000 0.000 0.000 0.000 0.000 0.000 0.000 0.000 0.000 0.000 0.000 0.000 0.000 0.000 0.000 0.000 0.000 0.000 0.000 0.000 0.000 0.000 0.000 0.000 0.000 0.000 0.000 0.000 0.000 0.000 0.000 0.000 0.000 0.000 0.000 0.000 0.000 0.000 0.000 0.000 0.000 0.000 0.000 0.000 0.000 0.000 0.000 0.000 0.000 0.000 0.000 0.000 0.000
0.000 0.000 0.000 0.000 0.000 0.000 0.000 0.000 0.000 0.000 0.000 0.000 0.000 0.000 0.000 0.000 0.000 0.000 0.000 0.000 0.000 0.000 0.000 0.000 0.000 0.000 0.000 0.000 0.000 0.000 0.000 0.000 0.000 0.000 0.000 0.000 0.000 0.000 0.000 0.000 0.000 0.000 0.000 0.000 0.000 0.000 0.000 0.000 0.000 0.000 0.000 0.000 0.000 0.000 0.000 0.000 0.000 0.000 0.000 0.000 0.000 0.000 0.000 0.000 0.000 0.000 0.000 0.000 0.000 0.000 0.000 0.000 0.000 0.000 0.000 0.000 0.000
0.000 0.000 0.000 0.000 0.000 0.000 0.000 0.000 0.000 0.000 0.000 0.000 0.000 0.000 0.000 0.000 0.000 0.000 0.000 0.000 0.000 0.000 0.000 0.000 0.000 0.000 0.000 0.000 0.000 0.000 0.000 0.000 0.000 0.000 0.000 0.000 0.000 0.000 0.000 0.000 0.000 0.000 0.000 0.000 0.000 0.000 0.000 0.000 0.000 0.000 0.000 0.000 0.000 0.000 0.000 0.000 0.000 0.000 0.000 0.000 0.000 0.000 0.000 0.000 0.000 0.000 0.000 0.000 0.000 0.000 0.000 0.000 0.000 0.000 0.000 0.000 0.000
