RESULTS/r.avaflow_results/41_results/41_ascii/41_hflow0047.asc
ncols 506
nrows 317
xllcenter 498237.50
yllcenter 5580050.00
cellsize 12.50
NODATA_value -9999.000
[rows 170 to 203 of 317, columns 154 to 230 of 506]
8.383 8.200 8.025 7.846 7.640 7.409 7.183 6.981 6.799 6.627 6.465 6.306 6.126 5.868 5.461 4.880 4.159 3.371 2.610 1.923 1.331 0.864 0.538 0.341 0.232 0.173 0.145 0.136 0.136 0.143 0.162 0.186 0.204 0.216 0.228 0.240 0.258 0.270 0.273 0.270 0.259 0.250 0.245 0.240 0.231 0.214 0.186 0.158 0.135 0.115 0.098 0.085 0.074 0.067 0.064 0.063 0.064 0.066 0.069 0.071 0.071 0.070 0.068 0.065 0.064 0.064 0.066 0.075 0.095 0.124 0.144 0.151 0.150 0.140 0.120 0.097 0.075
11.875 12.018 12.051 12.018 11.901 11.686 11.400 11.097 10.799 10.505 10.224 9.953 9.677 9.344 8.857 8.137 7.190 6.083 4.921 3.802 2.776 1.895 1.210 0.744 0.469 0.318 0.239 0.205 0.197 0.204 0.223 0.242 0.251 0.255 0.258 0.261 0.270 0.275 0.275 0.268 0.252 0.239 0.230 0.221 0.207 0.182 0.142 0.105 0.080 0.065 0.056 0.051 0.047 0.045 0.045 0.046 0.049 0.053 0.055 0.056 0.056 0.054 0.052 0.050 0.049 0.049 0.052 0.059 0.074 0.102 0.131 0.148 0.153 0.153 0.148 0.134 0.112
15.406 15.888 16.043 16.020 15.857 15.550 15.162 14.774 14.405 14.042 13.698 13.379 13.069 12.734 12.278 11.581 10.589 9.336 7.921 6.465 5.038 3.698 2.530 1.622 1.007 0.633 0.422 0.315 0.270 0.256 0.257 0.261 0.263 0.262 0.260 0.259 0.260 0.261 0.256 0.240 0.215 0.196 0.179 0.163 0.143 0.113 0.080 0.058 0.045 0.039 0.035 0.033 0.032 0.032 0.032 0.035 0.038 0.041 0.043 0.044 0.043 0.042 0.040 0.039 0.039 0.039 0.041 0.046 0.057 0.077 0.107 0.136 0.152 0.157 0.158 0.152 0.137
18.022 18.814 19.125 19.133 18.986 18.694 18.333 17.978 17.627 17.260 16.882 16.527 16.194 15.850 15.410 14.739 13.773 12.547 11.149 9.631 8.019 6.339 4.659 3.187 2.055 1.270 0.781 0.508 0.368 0.299 0.268 0.258 0.254 0.249 0.242 0.234 0.227 0.219 0.206 0.178 0.144 0.119 0.102 0.088 0.074 0.058 0.043 0.033 0.028 0.025 0.023 0.023 0.023 0.023 0.024 0.026 0.029 0.032 0.033 0.034 0.033 0.032 0.031 0.031 0.030 0.031 0.032 0.036 0.043 0.056 0.077 0.109 0.139 0.154 0.158 0.156 0.146
19.440 20.457 21.008 21.201 21.218 21.104 20.935 20.735 20.497 20.188 19.804 19.399 19.031 18.658 18.213 17.561 16.631 15.444 14.073 12.582 10.983 9.247 7.337 5.340 3.581 2.234 1.315 0.768 0.475 0.329 0.263 0.236 0.222 0.209 0.195 0.178 0.163 0.148 0.129 0.103 0.080 0.065 0.055 0.047 0.040 0.032 0.026 0.021 0.019 0.017 0.017 0.017 0.017 0.017 0.018 0.019 0.022 0.024 0.025 0.025 0.025 0.024 0.024 0.024 0.024 0.025 0.026 0.028 0.033 0.041 0.054 0.078 0.113 0.139 0.150 0.151 0.144
19.772 20.893 21.666 22.153 22.462 22.648 22.743 22.738 22.645 22.431 22.063 21.585 21.166 20.771 20.331 19.731 18.898 17.818 16.498 14.969 13.268 11.402 9.326 6.961 4.706 2.923 1.672 0.924 0.532 0.339 0.246 0.198 0.168 0.144 0.123 0.107 0.096 0.086 0.074 0.059 0.047 0.038 0.033 0.028 0.024 0.020 0.017 0.015 0.013 0.013 0.012 0.012 0.012 0.013 0.013 0.014 0.016 0.017 0.018 0.018 0.018 0.018 0.018 0.018 0.018 0.019 0.020 0.022 0.026 0.031 0.040 0.055 0.082 0.112 0.128 0.133 0.132
19.517 20.714 21.630 22.300 22.847 23.297 23.585 23.707 23.708 23.587 23.246 22.696 22.238 21.866 21.463 20.923 20.195 19.247 18.019 16.480 14.672 12.643 10.378 7.768 5.209 3.197 1.795 0.968 0.543 0.330 0.219 0.156 0.116 0.089 0.071 0.061 0.056 0.051 0.044 0.036 0.029 0.025 0.021 0.018 0.016 0.014 0.012 0.011 0.010 0.009 0.009 0.009 0.009 0.009 0.009 0.010 0.011 0.012 0.013 0.013 0.013 0.013 0.013 0.014 0.014 0.014 0.015 0.017 0.020 0.024 0.030 0.041 0.058 0.080 0.095 0.103 0.106
18.673 20.008 21.147 22.068 22.805 23.356 23.691 23.838 23.861 23.780 23.456 22.874 22.399 22.059 21.689 21.177 20.496 19.622 18.475 16.973 15.121 12.992 10.615 7.895 5.249 3.183 1.762 0.938 0.514 0.297 0.180 0.114 0.076 0.055 0.043 0.037 0.034 0.031 0.027 0.023 0.020 0.017 0.015 0.013 0.011 0.010 0.008 0.007 0.007 0.006 0.006 0.006 0.006 0.006 0.006 0.007 0.007 0.008 0.009 0.009 0.009 0.009 0.009 0.010 0.010 0.010 0.011 0.013 0.015 0.018 0.023 0.030 0.042 0.056 0.065 0.071 0.074
17.415 18.906 20.249 21.402 22.319 22.951 23.287 23.408 23.412 23.312 22.995 22.447 21.958 21.590 21.195 20.672 20.014 19.202 18.134 16.687 14.846 12.678 10.219 7.432 4.846 2.857 1.531 0.787 0.414 0.224 0.124 0.073 0.048 0.035 0.028 0.024 0.022 0.020 0.018 0.015 0.014 0.012 0.010 0.009 0.008 0.007 0.006 0.005 0.004 0.004 0.004 0.004 0.004 0.004 0.004 0.004 0.005 0.005 0.005 0.006 0.006 0.006 0.006 0.006 0.007 0.007 0.008 0.009 0.010 0.013 0.016 0.021 0.029 0.038 0.043 0.046 0.047
15.956 17.544 18.982 20.233 21.227 21.904 22.251 22.337 22.272 22.057 21.735 21.339 20.888 20.371 19.792 19.191 18.538 17.778 16.786 15.398 13.563 11.334 8.782 6.087 3.780 2.088 1.030 0.486 0.236 0.122 0.069 0.043 0.030 0.023 0.019 0.017 0.015 0.014 0.012 0.011 0.009 0.008 0.007 0.006 0.005 0.004 0.004 0.003 0.003 0.002 0.002 0.002 0.002 0.002 0.002 0.002 0.002 0.003 0.003 0.003 0.003 0.003 0.004 0.004 0.004 0.004 0.005 0.006 0.007 0.008 0.011 0.014 0.019 0.024 0.027 0.029 0.029
14.289 15.865 17.294 18.556 19.597 20.352 20.767 20.854 20.724 20.410 20.142 19.921 19.527 18.810 17.968 17.230 16.516 15.718 14.654 13.164 11.188 8.765 6.185 3.868 2.147 1.056 0.474 0.211 0.103 0.058 0.037 0.026 0.020 0.016 0.014 0.012 0.011 0.010 0.009 0.008 0.007 0.006 0.005 0.004 0.003 0.003 0.002 0.002 0.001 0.001 0.001 0.001 0.001 0.001 0.001 0.001 0.001 0.001 0.001 0.002 0.002 0.002 0.002 0.002 0.002 0.002 0.003 0.003 0.004 0.005 0.007 0.009 0.012 0.015 0.016 0.017 0.017
12.345 13.817 15.214 16.534 17.723 18.682 19.298 19.504 19.411 19.125 18.874 18.643 18.182 17.341 16.374 15.514 14.630 13.565 12.140 10.238 7.796 5.266 3.201 1.776 0.898 0.416 0.183 0.085 0.047 0.031 0.022 0.017 0.014 0.012 0.010 0.009 0.008 0.007 0.006 0.005 0.004 0.004 0.003 0.002 0.002 0.001 0.001 0.001 0.000 0.000 0.000 0.000 0.000 0.000 0.000 0.000 0.000 0.000 0.000 0.000 0.001 0.001 0.001 0.001 0.001 0.001 0.001 0.002 0.002 0.003 0.004 0.005 0.007 0.008 0.009 0.009 0.009
10.205 11.546 12.927 14.351 15.761 16.967 17.797 18.137 18.105 17.873 17.555 17.161 16.532 15.619 14.613 13.638 12.556 11.107 9.084 6.576 4.165 2.388 1.241 0.609 0.294 0.141 0.069 0.038 0.025 0.019 0.015 0.012 0.010 0.009 0.007 0.006 0.005 0.005 0.004 0.003 0.003 0.002 0.001 0.001 0.001 0.000 0.000 0.000 0.000 0.000 0.000 0.000 0.000 0.000 0.000 0.000 0.000 0.000 0.000 0.000 0.000 0.000 0.000 0.000 0.000 0.000 0.000 0.001 0.001 0.001 0.002 0.003 0.004 0.004 0.004 0.005 0.005
8.209 9.382 10.634 12.020 13.510 14.820 15.763 16.217 16.256 16.030 15.516 14.771 13.864 12.886 11.868 10.758 9.386 7.483 5.148 3.052 1.625 0.767 0.346 0.168 0.090 0.050 0.031 0.021 0.016 0.013 0.011 0.009 0.007 0.006 0.005 0.004 0.003 0.003 0.002 0.002 0.001 0.001 0.001 0.000 0.000 0.000 0.000 0.000 0.000 0.000 0.000 0.000 0.000 0.000 0.000 0.000 0.000 0.000 0.000 0.000 0.000 0.000 0.000 0.000 0.000 0.000 0.000 0.000 0.000 0.000 0.001 0.001 0.002 0.002 0.002 0.002 0.002
6.296 7.231 8.218 9.286 10.434 11.511 12.353 12.816 12.893 12.672 12.018 10.949 9.683 8.538 7.451 6.280 4.904 3.338 1.912 0.939 0.411 0.177 0.089 0.053 0.034 0.024 0.018 0.014 0.011 0.009 0.008 0.006 0.005 0.004 0.003 0.003 0.002 0.001 0.001 0.001 0.000 0.000 0.000 0.000 0.000 0.000 0.000 0.000 0.000 0.000 0.000 0.000 0.000 0.000 0.000 0.000 0.000 0.000 0.000 0.000 0.000 0.000 0.000 0.000 0.000 0.000 0.000 0.000 0.000 0.000 0.000 0.000 0.000 0.001 0.001 0.001 0.001
4.365 4.872 5.345 5.787 6.247 6.770 7.283 7.602 7.674 7.522 6.962 5.996 4.857 3.920 3.144 2.426 1.674 0.945 0.447 0.191 0.088 0.050 0.033 0.024 0.019 0.015 0.012 0.010 0.008 0.007 0.005 0.004 0.003 0.003 0.002 0.001 0.001 0.001 0.000 0.000 0.000 0.000 0.000 0.000 0.000 0.000 0.000 0.000 0.000 0.000 0.000 0.000 0.000 0.000 0.000 0.000 0.000 0.000 0.000 0.000 0.000 0.000 0.000 0.000 0.000 0.000 0.000 0.000 0.000 0.000 0.000 0.000 0.000 0.000 0.000 0.000 0.000
2.577 2.680 2.736 2.767 2.806 2.895 3.050 3.157 3.178 3.113 2.853 2.350 1.711 1.219 0.879 0.614 0.373 0.190 0.090 0.048 0.031 0.023 0.018 0.015 0.013 0.010 0.009 0.007 0.006 0.005 0.004 0.003 0.002 0.001 0.001 0.000 0.000 0.000 0.000 0.000 0.000 0.000 0.000 0.000 0.000 0.000 0.000 0.000 0.000 0.000 0.000 0.000 0.000 0.000 0.000 0.000 0.000 0.000 0.000 0.000 0.000 0.000 0.000 0.000 0.000 0.000 0.000 0.000 0.000 0.000 0.000 0.000 0.000 0.000 0.000 0.000 0.000
1.195 1.117 1.047 0.986 0.935 0.906 0.913 0.921 0.912 0.883 0.798 0.631 0.420 0.278 0.193 0.132 0.083 0.049 0.031 0.022 0.018 0.015 0.013 0.011 0.009 0.008 0.006 0.005 0.004 0.003 0.002 0.001 0.001 0.000 0.000 0.000 0.000 0.000 0.000 0.000 0.000 0.000 0.000 0.000 0.000 0.000 0.000 0.000 0.000 0.000 0.000 0.000 0.000 0.000 0.000 0.000 0.000 0.000 0.000 0.000 0.000 0.000 0.000 0.000 0.000 0.000 0.000 0.000 0.000 0.000 0.000 0.000 0.000 0.000 0.000 0.000 0.000
0.414 0.363 0.332 0.308 0.283 0.260 0.246 0.237 0.227 0.214 0.192 0.152 0.103 0.071 0.053 0.040 0.030 0.022 0.018 0.014 0.012 0.011 0.009 0.008 0.006 0.005 0.004 0.003 0.002 0.002 0.001 0.001 0.000 0.000 0.000 0.000 0.000 0.000 0.000 0.000 0.000 0.000 0.000 0.000 0.000 0.000 0.000 0.000 0.000 0.000 0.000 0.000 0.000 0.000 0.000 0.000 0.000 0.000 0.000 0.000 0.000 0.000 0.000 0.000 0.000 0.000 0.000 0.000 0.000 0.000 0.000 0.000 0.000 0.000 0.000 0.000 0.000
0.135 0.121 0.113 0.107 0.099 0.087 0.078 0.072 0.067 0.063 0.057 0.048 0.036 0.029 0.024 0.020 0.017 0.014 0.012 0.010 0.009 0.008 0.006 0.005 0.004 0.003 0.003 0.002 0.001 0.001 0.000 0.000 0.000 0.000 0.000 0.000 0.000 0.000 0.000 0.000 0.000 0.000 0.000 0.000 0.000 0.000 0.000 0.000 0.000 0.000 0.000 0.000 0.000 0.000 0.000 0.000 0.000 0.000 0.000 0.000 0.000 0.000 0.000 0.000 0.000 0.000 0.000 0.000 0.000 0.000 0.000 0.000 0.000 0.000 0.000 0.000 0.000
0.052 0.049 0.047 0.045 0.042 0.038 0.033 0.031 0.029 0.027 0.025 0.023 0.020 0.017 0.015 0.013 0.011 0.010 0.009 0.007 0.006 0.005 0.004 0.003 0.003 0.002 0.001 0.001 0.000 0.000 0.000 0.000 0.000 0.000 0.000 0.000 0.000 0.000 0.000 0.000 0.000 0.000 0.000 0.000 0.000 0.000 0.000 0.000 0.000 0.000 0.000 0.000 0.000 0.000 0.000 0.000 0.000 0.000 0.000 0.000 0.000 0.000 0.000 0.000 0.000 0.000 0.000 0.000 0.000 0.000 0.000 0.000 0.000 0.000 0.000 0.000 0.000
0.026 0.025 0.024 0.023 0.022 0.021 0.019 0.018 0.017 0.016 0.015 0.015 0.013 0.012 0.011 0.009 0.008 0.007 0.006 0.005 0.004 0.003 0.003 0.002 0.001 0.001 0.000 0.000 0.000 0.000 0.000 0.000 0.000 0.000 0.000 0.000 0.000 0.000 0.000 0.000 0.000 0.000 0.000 0.000 0.000 0.000 0.000 0.000 0.000 0.000 0.000 0.000 0.000 0.000 0.000 0.000 0.000 0.000 0.000 0.000 0.000 0.000 0.000 0.000 0.000 0.000 0.000 0.000 0.000 0.000 0.000 0.000 0.000 0.000 0.000 0.000 0.000
0.015 0.015 0.014 0.014 0.014 0.013 0.013 0.012 0.011 0.011 0.010 0.010 0.009 0.008 0.007 0.006 0.005 0.005 0.004 0.003 0.002 0.002 0.001 0.001 0.000 0.000 0.000 0.000 0.000 0.000 0.000 0.000 0.000 0.000 0.000 0.000 0.000 0.000 0.000 0.000 0.000 0.000 0.000 0.000 0.000 0.000 0.000 0.000 0.000 0.000 0.000 0.000 0.000 0.000 0.000 0.000 0.000 0.000 0.000 0.000 0.000 0.000 0.000 0.000 0.000 0.000 0.000 0.000 0.000 0.000 0.000 0.000 0.000 0.000 0.000 0.000 0.000
0.010 0.010 0.010 0.009 0.009 0.009 0.009 0.008 0.008 0.008 0.007 0.007 0.006 0.006 0.005 0.004 0.003 0.003 0.002 0.002 0.001 0.001 0.000 0.000 0.000 0.000 0.000 0.000 0.000 0.000 0.000 0.000 0.000 0.000 0.000 0.000 0.000 0.000 0.000 0.000 0.000 0.000 0.000 0.000 0.000 0.000 0.000 0.000 0.000 0.000 0.000 0.000 0.000 0.000 0.000 0.000 0.000 0.000 0.000 0.000 0.000 0.000 0.000 0.000 0.000 0.000 0.000 0.000 0.000 0.000 0.000 0.000 0.000 0.000 0.000 0.000 0.000
0.007 0.007 0.006 0.006 0.006 0.006 0.006 0.006 0.005 0.005 0.005 0.004 0.004 0.003 0.003 0.002 0.002 0.001 0.001 0.001 0.000 0.000 0.000 0.000 0.000 0.000 0.000 0.000 0.000 0.000 0.000 0.000 0.000 0.000 0.000 0.000 0.000 0.000 0.000 0.000 0.000 0.000 0.000 0.000 0.000 0.000 0.000 0.000 0.000 0.000 0.000 0.000 0.000 0.000 0.000 0.000 0.000 0.000 0.000 0.000 0.000 0.000 0.000 0.000 0.000 0.000 0.000 0.000 0.000 0.000 0.000 0.000 0.000 0.000 0.000 0.000 0.000
0.004 0.004 0.004 0.004 0.004 0.004 0.004 0.004 0.003 0.003 0.003 0.003 0.002 0.002 0.001 0.001 0.001 0.000 0.000 0.000 0.000 0.000 0.000 0.000 0.000 0.000 0.000 0.000 0.000 0.000 0.000 0.000 0.000 0.000 0.000 0.000 0.000 0.000 0.000 0.000 0.000 0.000 0.000 0.000 0.000 0.000 0.000 0.000 0.000 0.000 0.000 0.000 0.000 0.000 0.000 0.000 0.000 0.000 0.000 0.000 0.000 0.000 0.000 0.000 0.000 0.000 0.000 0.000 0.000 0.000 0.000 0.000 0.000 0.000 0.000 0.000 0.000
0.003 0.003 0.003 0.003 0.002 0.002 0.002 0.002 0.002 0.002 0.001 0.001 0.001 0.001 0.000 0.000 0.000 0.000 0.000 0.000 0.000 0.000 0.000 0.000 0.000 0.000 0.000 0.000 0.000 0.000 0.000 0.000 0.000 0.000 0.000 0.000 0.000 0.000 0.000 0.000 0.000 0.000 0.000 0.000 0.000 0.000 0.000 0.000 0.000 0.000 0.000 0.000 0.000 0.000 0.000 0.000 0.000 0.000 0.000 0.000 0.000 0.000 0.000 0.000 0.000 0.000 0.000 0.000 0.000 0.000 0.000 0.000 0.000 0.000 0.000 0.000 0.000
0.001 0.001 0.001 0.001 0.001 0.001 0.001 0.001 0.001 0.001 0.000 0.000 0.000 0.000 0.000 0.000 0.000 0.000 0.000 0.000 0.000 0.000 0.000 0.000 0.000 0.000 0.000 0.000 0.000 0.000 0.000 0.000 0.000 0.000 0.000 0.000 0.000 0.000 0.000 0.000 0.000 0.000 0.000 0.000 0.000 0.000 0.000 0.000 0.000 0.000 0.000 0.000 0.000 0.000 0.000 0.000 0.000 0.000 0.000 0.000 0.000 0.000 0.000 0.000 0.000 0.000 0.000 0.000 0.000 0.000 0.000 0.000 0.000 0.000 0.000 0.000 0.000
0.000 0.000 0.000 0.000 0.000 0.000 0.000 0.000 0.000 0.000 0.000 0.000 0.000 0.000 0.000 0.000 0.000 0.000 0.000 0.000 0.000 0.000 0.000 0.000 0.000 0.000 0.000 0.000 0.000 0.000 0.000 0.000 0.000 0.000 0.000 0.000 0.000 0.000 0.000 0.000 0.000 0.000 0.000 0.000 0.000 0.000 0.000 0.000 0.000 0.000 0.000 0.000 0.000 0.000 0.000 0.000 0.000 0.000 0.000 0.000 0.000 0.000 0.000 0.000 0.000 0.000 0.000 0.000 0.000 0.000 0.000 0.000 0.000 0.000 0.000 0.000 0.000
0.000 0.000 0.000 0.000 0.000 0.000 0.000 0.000 0.000 0.000 0.000 0.000 0.000 0.000 0.000 0.000 0.000 0.000 0.000 0.000 0.000 0.000 0.000 0.000 0.000 0.000 0.000 0.000 0.000 0.000 0.000 0.000 0.000 0.000 0.000 0.000 0.000 0.000 0.000 0.000 0.000 0.000 0.000 0.000 0.000 0.000 0.000 0.000 0.000 0.000 0.000 0.000 0.000 0.000 0.000 0.000 0.000 0.000 0.000 0.000 0.000 0.000 0.000 0.000 0.000 0.000 0.000 0.000 0.000 0.000 0.000 0.000 0.000 0.000 0.000 0.000 0.000
0.000 0.000 0.000 0.000 0.000 0.000 0.000 0.000 0.000 0.000 0.000 0.000 0.000 0.000 0.000 0.000 0.000 0.000 0.000 0.000 0.000 0.000 0.000 0.000 0.000 0.000 0.000 0.000 0.000 0.000 0.000 0.000 0.000 0.000 0.000 0.000 0.000 0.000 0.000 0.000 0.000 0.000 0.000 0.000 0.000 0.000 0.000 0.000 0.000 0.000 0.000 0.000 0.000 0.000 0.000 0.000 0.000 0.000 0.000 0.000 0.000 0.000 0.000 0.000 0.000 0.000 0.000 0.000 0.000 0.000 0.000 0.000 0.000 0.000 0.000 0.000 0.000
0.000 0.000 0.000 0.000 0.000 0.000 0.000 0.000 0.000 0.000 0.000 0.000 0.000 0.000 0.000 0.000 0.000 0.000 0.000 0.000 0.000 0.000 0.000 0.000 0.000 0.000 0.000 0.000 0.000 0.000 0.000 0.000 0.000 0.000 0.000 0.000 0.000 0.000 0.000 0.000 0.000 0.000 0.000 0.000 0.000 0.000 0.000 0.000 0.000 0.000 0.000 0.000 0.000 0.000 0.000 0.000 0.000 0.000 0.000 0.000 0.000 0.000 0.000 0.000 0.000 0.000 0.000 0.000 0.000 0.000 0.000 0.000 0.000 0.000 0.000 0.000 0.000
0.000 0.000 0.000 0.000 0.000 0.000 0.000 0.000 0.000 0.000 0.000 0.000 0.000 0.000 0.000 0.000 0.000 0.000 0.000 0.000 0.000 0.000 0.000 0.000 0.000 0.000 0.000 0.000 0.000 0.000 0.000 0.000 0.000 0.000 0.000 0.000 0.000 0.000 0.000 0.000 0.000 0.000 0.000 0.000 0.000 0.000 0.000 0.000 0.000 0.000 0.000 0.000 0.000 0.000 0.000 0.000 0.000 0.000 0.000 0.000 0.000 0.000 0.000 0.000 0.000 0.000 0.000 0.000 0.000 0.000 0.000 0.000 0.000 0.000 0.000 0.000 0.000
0.000 0.000 0.000 0.000 0.000 0.000 0.000 0.000 0.000 0.000 0.000 0.000 0.000 0.000 0.000 0.000 0.000 0.000 0.000 0.000 0.000 0.000 0.000 0.000 0.000 0.000 0.000 0.000 0.000 0.000 0.000 0.000 0.000 0.000 0.000 0.000 0.000 0.000 0.000 0.000 0.000 0.000 0.000 0.000 0.000 0.000 0.000 0.000 0.000 0.000 0.000 0.000 0.000 0.000 0.000 0.000 0.000 0.000 0.000 0.000 0.000 0.000 0.000 0.000 0.000 0.000 0.000 0.000 0.000 0.000 0.000 0.000 0.000 0.000 0.000 0.000 0.000
