RESULTS/r.avaflow_results/41_results/41_ascii/41_hflow30044.asc
ncols 506
nrows 317
xllcenter 498237.50
yllcenter 5580050.00
cellsize 12.50
NODATA_value -9999.000
[rows 170 to 203 of 317, columns 154 to 230 of 506]
8.263 8.081 7.911 7.736 7.536 7.310 7.090 6.896 6.721 6.557 6.404 6.253 6.082 5.833 5.434 4.861 4.146 3.362 2.604 1.920 1.330 0.864 0.540 0.343 0.232 0.173 0.145 0.135 0.135 0.142 0.160 0.184 0.202 0.215 0.226 0.239 0.259 0.273 0.278 0.275 0.266 0.259 0.255 0.251 0.242 0.225 0.197 0.167 0.143 0.121 0.103 0.087 0.075 0.067 0.063 0.061 0.062 0.063 0.065 0.067 0.067 0.066 0.064 0.062 0.061 0.061 0.065 0.075 0.098 0.129 0.148 0.154 0.152 0.141 0.120 0.092 0.065
11.731 11.874 11.908 11.877 11.764 11.553 11.273 10.978 10.690 10.407 10.138 9.880 9.616 9.294 8.815 8.103 7.165 6.065 4.909 3.794 2.773 1.897 1.213 0.748 0.473 0.320 0.240 0.206 0.197 0.204 0.223 0.241 0.250 0.253 0.256 0.260 0.270 0.278 0.279 0.273 0.260 0.248 0.240 0.231 0.217 0.191 0.151 0.111 0.085 0.068 0.058 0.052 0.047 0.045 0.045 0.046 0.048 0.051 0.053 0.053 0.053 0.052 0.049 0.048 0.047 0.048 0.050 0.058 0.076 0.107 0.135 0.149 0.152 0.149 0.139 0.118 0.087
15.233 15.713 15.869 15.849 15.690 15.390 15.010 14.633 14.276 13.927 13.598 13.295 13.000 12.677 12.232 11.543 10.559 9.313 7.905 6.455 5.033 3.699 2.536 1.631 1.015 0.639 0.427 0.319 0.273 0.258 0.258 0.260 0.261 0.260 0.258 0.257 0.261 0.263 0.259 0.245 0.222 0.202 0.186 0.170 0.149 0.119 0.084 0.060 0.047 0.040 0.036 0.033 0.032 0.032 0.032 0.034 0.037 0.040 0.042 0.042 0.042 0.040 0.039 0.037 0.037 0.038 0.040 0.045 0.057 0.080 0.112 0.137 0.147 0.149 0.144 0.129 0.099
17.810 18.601 18.914 18.924 18.783 18.499 18.148 17.806 17.469 17.120 16.761 16.426 16.110 15.781 15.355 14.696 13.740 12.524 11.133 9.621 8.014 6.340 4.667 3.199 2.069 1.284 0.792 0.517 0.374 0.303 0.270 0.258 0.253 0.248 0.240 0.233 0.227 0.221 0.208 0.182 0.148 0.123 0.105 0.091 0.077 0.060 0.044 0.035 0.029 0.025 0.024 0.023 0.023 0.023 0.024 0.026 0.028 0.031 0.032 0.032 0.032 0.031 0.030 0.029 0.029 0.030 0.031 0.035 0.042 0.056 0.079 0.109 0.132 0.140 0.139 0.129 0.102
19.183 20.199 20.752 20.949 20.972 20.865 20.708 20.522 20.301 20.012 19.652 19.273 18.926 18.573 18.144 17.507 16.591 15.416 14.055 12.571 10.977 9.246 7.342 5.352 3.598 2.253 1.332 0.780 0.483 0.333 0.266 0.237 0.222 0.209 0.194 0.178 0.163 0.149 0.131 0.106 0.082 0.066 0.056 0.049 0.041 0.033 0.026 0.022 0.019 0.018 0.017 0.017 0.017 0.017 0.018 0.019 0.021 0.023 0.024 0.024 0.024 0.023 0.023 0.023 0.023 0.023 0.024 0.027 0.031 0.039 0.052 0.074 0.100 0.115 0.119 0.115 0.097
19.468 20.589 21.364 21.854 22.169 22.362 22.470 22.479 22.407 22.218 21.879 21.432 21.039 20.667 20.247 19.664 18.846 17.779 16.470 14.950 13.256 11.396 9.323 6.964 4.718 2.939 1.688 0.937 0.541 0.344 0.249 0.200 0.169 0.144 0.122 0.107 0.096 0.087 0.076 0.061 0.048 0.039 0.033 0.029 0.024 0.021 0.017 0.015 0.014 0.013 0.012 0.012 0.012 0.013 0.013 0.014 0.016 0.017 0.017 0.018 0.018 0.017 0.017 0.017 0.017 0.017 0.018 0.020 0.022 0.027 0.035 0.048 0.066 0.079 0.084 0.084 0.077
19.170 20.367 21.285 21.958 22.509 22.968 23.269 23.408 23.433 23.341 23.034 22.522 22.094 21.746 21.365 20.844 20.133 19.198 17.981 16.452 14.653 12.630 10.369 7.765 5.217 3.211 1.810 0.981 0.552 0.335 0.222 0.157 0.116 0.089 0.071 0.062 0.056 0.051 0.045 0.037 0.030 0.025 0.022 0.019 0.016 0.014 0.012 0.011 0.010 0.009 0.009 0.009 0.009 0.009 0.009 0.010 0.011 0.012 0.012 0.012 0.012 0.012 0.012 0.012 0.012 0.013 0.013 0.014 0.016 0.019 0.024 0.032 0.042 0.049 0.051 0.051 0.049
18.286 19.622 20.761 21.686 22.428 22.989 23.340 23.507 23.558 23.509 23.224 22.685 22.242 21.928 21.582 21.091 20.427 19.566 18.431 16.939 15.097 12.975 10.603 7.890 5.255 3.195 1.776 0.949 0.522 0.301 0.182 0.115 0.076 0.055 0.043 0.037 0.034 0.031 0.028 0.023 0.020 0.017 0.015 0.013 0.011 0.010 0.008 0.007 0.007 0.006 0.006 0.006 0.006 0.006 0.006 0.007 0.007 0.008 0.008 0.008 0.008 0.008 0.008 0.008 0.008 0.008 0.009 0.010 0.011 0.013 0.016 0.021 0.026 0.029 0.030 0.030 0.028
16.991 18.482 19.827 20.984 21.908 22.551 22.906 23.053 23.087 23.025 22.752 22.248 21.794 21.454 21.085 20.584 19.943 19.146 18.090 16.653 14.821 12.660 10.206 7.425 4.849 2.867 1.542 0.797 0.420 0.227 0.125 0.073 0.048 0.035 0.028 0.024 0.022 0.020 0.018 0.016 0.014 0.012 0.010 0.009 0.008 0.007 0.006 0.005 0.004 0.004 0.004 0.004 0.004 0.004 0.004 0.004 0.004 0.005 0.005 0.005 0.005 0.005 0.005 0.005 0.005 0.005 0.005 0.006 0.007 0.008 0.010 0.013 0.015 0.016 0.016 0.016 0.015
15.496 17.086 18.528 19.784 20.788 21.479 21.848 21.962 21.933 21.762 21.488 21.136 20.721 20.237 19.687 19.108 18.472 17.726 16.745 15.367 13.540 11.317 8.769 6.081 3.782 2.095 1.037 0.492 0.239 0.123 0.069 0.043 0.030 0.023 0.019 0.017 0.015 0.014 0.012 0.011 0.010 0.008 0.007 0.006 0.005 0.004 0.004 0.003 0.003 0.002 0.002 0.002 0.002 0.002 0.002 0.002 0.002 0.002 0.002 0.002 0.002 0.002 0.002 0.002 0.003 0.003 0.003 0.003 0.004 0.005 0.006 0.007 0.008 0.008 0.009 0.008 0.008
13.799 15.379 16.814 18.083 19.136 19.909 20.348 20.466 20.374 20.108 19.889 19.712 19.356 18.673 17.860 17.146 16.453 15.668 14.615 13.135 11.165 8.748 6.174 3.863 2.147 1.058 0.477 0.213 0.104 0.058 0.037 0.026 0.020 0.016 0.014 0.012 0.011 0.010 0.009 0.008 0.007 0.006 0.005 0.004 0.003 0.003 0.002 0.002 0.001 0.001 0.001 0.001 0.001 0.001 0.001 0.001 0.001 0.001 0.001 0.001 0.001 0.001 0.001 0.001 0.001 0.001 0.001 0.002 0.002 0.002 0.003 0.003 0.004 0.004 0.004 0.004 0.004
11.833 13.310 14.713 16.042 17.244 18.221 18.862 19.101 19.048 18.812 18.611 18.423 18.001 17.196 16.257 15.419 14.555 13.507 12.095 10.203 7.770 5.247 3.190 1.770 0.896 0.416 0.184 0.086 0.047 0.031 0.022 0.017 0.014 0.011 0.010 0.009 0.008 0.007 0.006 0.005 0.004 0.004 0.003 0.002 0.002 0.001 0.001 0.001 0.000 0.000 0.000 0.000 0.000 0.000 0.000 0.000 0.000 0.000 0.000 0.000 0.000 0.000 0.000 0.000 0.000 0.000 0.000 0.001 0.001 0.001 0.001 0.001 0.002 0.002 0.002 0.002 0.001
9.678 11.024 12.412 13.846 15.270 16.495 17.350 17.723 17.733 17.551 17.286 16.938 16.347 15.468 14.487 13.533 12.469 11.036 9.027 6.534 4.139 2.374 1.235 0.607 0.294 0.142 0.069 0.038 0.025 0.019 0.015 0.012 0.010 0.008 0.007 0.006 0.005 0.005 0.004 0.003 0.003 0.002 0.001 0.001 0.001 0.000 0.000 0.000 0.000 0.000 0.000 0.000 0.000 0.000 0.000 0.000 0.000 0.000 0.000 0.000 0.000 0.000 0.000 0.000 0.000 0.000 0.000 0.000 0.000 0.000 0.000 0.000 0.000 0.000 0.000 0.000 0.000
7.671 8.846 10.106 11.506 13.013 14.344 15.313 15.800 15.880 15.704 15.246 14.550 13.681 12.734 11.739 10.649 9.294 7.408 5.096 3.022 1.611 0.763 0.345 0.169 0.090 0.050 0.030 0.021 0.016 0.013 0.010 0.009 0.007 0.006 0.005 0.004 0.003 0.003 0.002 0.002 0.001 0.001 0.001 0.000 0.000 0.000 0.000 0.000 0.000 0.000 0.000 0.000 0.000 0.000 0.000 0.000 0.000 0.000 0.000 0.000 0.000 0.000 0.000 0.000 0.000 0.000 0.000 0.000 0.000 0.000 0.000 0.000 0.000 0.000 0.000 0.000 0.000
5.752 6.686 7.684 8.772 9.948 11.051 11.921 12.416 12.529 12.356 11.759 10.743 9.517 8.399 7.337 6.188 4.834 3.292 1.889 0.931 0.409 0.178 0.089 0.053 0.034 0.024 0.017 0.013 0.011 0.009 0.007 0.006 0.005 0.004 0.003 0.003 0.002 0.001 0.001 0.001 0.000 0.000 0.000 0.000 0.000 0.000 0.000 0.000 0.000 0.000 0.000 0.000 0.000 0.000 0.000 0.000 0.000 0.000 0.000 0.000 0.000 0.000 0.000 0.000 0.000 0.000 0.000 0.000 0.000 0.000 0.000 0.000 0.000 0.000 0.000 0.000 0.000
3.830 4.342 4.840 5.324 5.830 6.390 6.931 7.277 7.378 7.263 6.752 5.837 4.738 3.832 3.081 2.383 1.648 0.934 0.444 0.191 0.089 0.050 0.033 0.024 0.018 0.014 0.012 0.010 0.008 0.006 0.005 0.004 0.003 0.002 0.002 0.001 0.001 0.001 0.000 0.000 0.000 0.000 0.000 0.000 0.000 0.000 0.000 0.000 0.000 0.000 0.000 0.000 0.000 0.000 0.000 0.000 0.000 0.000 0.000 0.000 0.000 0.000 0.000 0.000 0.000 0.000 0.000 0.000 0.000 0.000 0.000 0.000 0.000 0.000 0.000 0.000 0.000
2.117 2.256 2.370 2.468 2.564 2.691 2.867 2.990 3.026 2.981 2.748 2.280 1.668 1.193 0.864 0.606 0.369 0.189 0.091 0.048 0.031 0.023 0.018 0.015 0.012 0.010 0.008 0.007 0.006 0.004 0.003 0.003 0.002 0.001 0.001 0.000 0.000 0.000 0.000 0.000 0.000 0.000 0.000 0.000 0.000 0.000 0.000 0.000 0.000 0.000 0.000 0.000 0.000 0.000 0.000 0.000 0.000 0.000 0.000 0.000 0.000 0.000 0.000 0.000 0.000 0.000 0.000 0.000 0.000 0.000 0.000 0.000 0.000 0.000 0.000 0.000 0.000
0.928 0.910 0.896 0.879 0.857 0.845 0.862 0.875 0.872 0.849 0.772 0.616 0.412 0.274 0.192 0.132 0.083 0.049 0.031 0.022 0.017 0.014 0.012 0.010 0.009 0.007 0.006 0.005 0.004 0.003 0.002 0.001 0.001 0.000 0.000 0.000 0.000 0.000 0.000 0.000 0.000 0.000 0.000 0.000 0.000 0.000 0.000 0.000 0.000 0.000 0.000 0.000 0.000 0.000 0.000 0.000 0.000 0.000 0.000 0.000 0.000 0.000 0.000 0.000 0.000 0.000 0.000 0.000 0.000 0.000 0.000 0.000 0.000 0.000 0.000 0.000 0.000
0.323 0.299 0.287 0.278 0.262 0.245 0.234 0.227 0.219 0.208 0.187 0.150 0.102 0.071 0.053 0.040 0.029 0.022 0.017 0.014 0.012 0.010 0.009 0.007 0.006 0.005 0.004 0.003 0.002 0.002 0.001 0.001 0.000 0.000 0.000 0.000 0.000 0.000 0.000 0.000 0.000 0.000 0.000 0.000 0.000 0.000 0.000 0.000 0.000 0.000 0.000 0.000 0.000 0.000 0.000 0.000 0.000 0.000 0.000 0.000 0.000 0.000 0.000 0.000 0.000 0.000 0.000 0.000 0.000 0.000 0.000 0.000 0.000 0.000 0.000 0.000 0.000
0.107 0.101 0.099 0.097 0.092 0.082 0.075 0.070 0.065 0.061 0.056 0.047 0.036 0.029 0.024 0.020 0.016 0.014 0.012 0.010 0.009 0.007 0.006 0.005 0.004 0.003 0.002 0.002 0.001 0.001 0.000 0.000 0.000 0.000 0.000 0.000 0.000 0.000 0.000 0.000 0.000 0.000 0.000 0.000 0.000 0.000 0.000 0.000 0.000 0.000 0.000 0.000 0.000 0.000 0.000 0.000 0.000 0.000 0.000 0.000 0.000 0.000 0.000 0.000 0.000 0.000 0.000 0.000 0.000 0.000 0.000 0.000 0.000 0.000 0.000 0.000 0.000
0.042 0.041 0.041 0.041 0.039 0.036 0.032 0.030 0.028 0.026 0.025 0.023 0.020 0.017 0.015 0.013 0.011 0.010 0.008 0.007 0.006 0.005 0.004 0.003 0.003 0.002 0.001 0.001 0.000 0.000 0.000 0.000 0.000 0.000 0.000 0.000 0.000 0.000 0.000 0.000 0.000 0.000 0.000 0.000 0.000 0.000 0.000 0.000 0.000 0.000 0.000 0.000 0.000 0.000 0.000 0.000 0.000 0.000 0.000 0.000 0.000 0.000 0.000 0.000 0.000 0.000 0.000 0.000 0.000 0.000 0.000 0.000 0.000 0.000 0.000 0.000 0.000
0.021 0.021 0.021 0.021 0.021 0.020 0.018 0.017 0.016 0.016 0.015 0.014 0.013 0.012 0.010 0.009 0.008 0.007 0.006 0.005 0.004 0.003 0.003 0.002 0.001 0.001 0.000 0.000 0.000 0.000 0.000 0.000 0.000 0.000 0.000 0.000 0.000 0.000 0.000 0.000 0.000 0.000 0.000 0.000 0.000 0.000 0.000 0.000 0.000 0.000 0.000 0.000 0.000 0.000 0.000 0.000 0.000 0.000 0.000 0.000 0.000 0.000 0.000 0.000 0.000 0.000 0.000 0.000 0.000 0.000 0.000 0.000 0.000 0.000 0.000 0.000 0.000
0.013 0.013 0.013 0.013 0.013 0.013 0.012 0.011 0.011 0.010 0.010 0.010 0.009 0.008 0.007 0.006 0.005 0.004 0.004 0.003 0.002 0.002 0.001 0.001 0.000 0.000 0.000 0.000 0.000 0.000 0.000 0.000 0.000 0.000 0.000 0.000 0.000 0.000 0.000 0.000 0.000 0.000 0.000 0.000 0.000 0.000 0.000 0.000 0.000 0.000 0.000 0.000 0.000 0.000 0.000 0.000 0.000 0.000 0.000 0.000 0.000 0.000 0.000 0.000 0.000 0.000 0.000 0.000 0.000 0.000 0.000 0.000 0.000 0.000 0.000 0.000 0.000
0.008 0.009 0.009 0.009 0.009 0.009 0.008 0.008 0.008 0.007 0.007 0.007 0.006 0.005 0.005 0.004 0.003 0.003 0.002 0.002 0.001 0.001 0.000 0.000 0.000 0.000 0.000 0.000 0.000 0.000 0.000 0.000 0.000 0.000 0.000 0.000 0.000 0.000 0.000 0.000 0.000 0.000 0.000 0.000 0.000 0.000 0.000 0.000 0.000 0.000 0.000 0.000 0.000 0.000 0.000 0.000 0.000 0.000 0.000 0.000 0.000 0.000 0.000 0.000 0.000 0.000 0.000 0.000 0.000 0.000 0.000 0.000 0.000 0.000 0.000 0.000 0.000
0.006 0.006 0.006 0.006 0.006 0.006 0.006 0.005 0.005 0.005 0.005 0.004 0.004 0.003 0.003 0.002 0.002 0.001 0.001 0.001 0.000 0.000 0.000 0.000 0.000 0.000 0.000 0.000 0.000 0.000 0.000 0.000 0.000 0.000 0.000 0.000 0.000 0.000 0.000 0.000 0.000 0.000 0.000 0.000 0.000 0.000 0.000 0.000 0.000 0.000 0.000 0.000 0.000 0.000 0.000 0.000 0.000 0.000 0.000 0.000 0.000 0.000 0.000 0.000 0.000 0.000 0.000 0.000 0.000 0.000 0.000 0.000 0.000 0.000 0.000 0.000 0.000
0.004 0.004 0.004 0.004 0.004 0.004 0.004 0.003 0.003 0.003 0.003 0.002 0.002 0.002 0.001 0.001 0.001 0.000 0.000 0.000 0.000 0.000 0.000 0.000 0.000 0.000 0.000 0.000 0.000 0.000 0.000 0.000 0.000 0.000 0.000 0.000 0.000 0.000 0.000 0.000 0.000 0.000 0.000 0.000 0.000 0.000 0.000 0.000 0.000 0.000 0.000 0.000 0.000 0.000 0.000 0.000 0.000 0.000 0.000 0.000 0.000 0.000 0.000 0.000 0.000 0.000 0.000 0.000 0.000 0.000 0.000 0.000 0.000 0.000 0.000 0.000 0.000
0.002 0.002 0.002 0.002 0.002 0.002 0.002 0.002 0.002 0.002 0.001 0.001 0.001 0.001 0.000 0.000 0.000 0.000 0.000 0.000 0.000 0.000 0.000 0.000 0.000 0.000 0.000 0.000 0.000 0.000 0.000 0.000 0.000 0.000 0.000 0.000 0.000 0.000 0.000 0.000 0.000 0.000 0.000 0.000 0.000 0.000 0.000 0.000 0.000 0.000 0.000 0.000 0.000 0.000 0.000 0.000 0.000 0.000 0.000 0.000 0.000 0.000 0.000 0.000 0.000 0.000 0.000 0.000 0.000 0.000 0.000 0.000 0.000 0.000 0.000 0.000 0.000
0.001 0.001 0.001 0.001 0.001 0.001 0.001 0.001 0.001 0.001 0.000 0.000 0.000 0.000 0.000 0.000 0.000 0.000 0.000 0.000 0.000 0.000 0.000 0.000 0.000 0.000 0.000 0.000 0.000 0.000 0.000 0.000 0.000 0.000 0.000 0.000 0.000 0.000 0.000 0.000 0.000 0.000 0.000 0.000 0.000 0.000 0.000 0.000 0.000 0.000 0.000 0.000 0.000 0.000 0.000 0.000 0.000 0.000 0.000 0.000 0.000 0.000 0.000 0.000 0.000 0.000 0.000 0.000 0.000 0.000 0.000 0.000 0.000 0.000 0.000 0.000 0.000
0.000 0.000 0.000 0.000 0.000 0.000 0.000 0.000 0.000 0.000 0.000 0.000 0.000 0.000 0.000 0.000 0.000 0.000 0.000 0.000 0.000 0.000 0.000 0.000 0.000 0.000 0.000 0.000 0.000 0.000 0.000 0.000 0.000 0.000 0.000 0.000 0.000 0.000 0.000 0.000 0.000 0.000 0.000 0.000 0.000 0.000 0.000 0.000 0.000 0.000 0.000 0.000 0.000 0.000 0.000 0.000 0.000 0.000 0.000 0.000 0.000 0.000 0.000 0.000 0.000 0.000 0.000 0.000 0.000 0.000 0.000 0.000 0.000 0.000 0.000 0.000 0.000
0.000 0.000 0.000 0.000 0.000 0.000 0.000 0.000 0.000 0.000 0.000 0.000 0.000 0.000 0.000 0.000 0.000 0.000 0.000 0.000 0.000 0.000 0.000 0.000 0.000 0.000 0.000 0.000 0.000 0.000 0.000 0.000 0.000 0.000 0.000 0.000 0.000 0.000 0.000 0.000 0.000 0.000 0.000 0.000 0.000 0.000 0.000 0.000 0.000 0.000 0.000 0.000 0.000 0.000 0.000 0.000 0.000 0.000 0.000 0.000 0.000 0.000 0.000 0.000 0.000 0.000 0.000 0.000 0.000 0.000 0.000 0.000 0.000 0.000 0.000 0.000 0.000
0.000 0.000 0.000 0.000 0.000 0.000 0.000 0.000 0.000 0.000 0.000 0.000 0.000 0.000 0.000 0.000 0.000 0.000 0.000 0.000 0.000 0.000 0.000 0.000 0.000 0.000 0.000 0.000 0.000 0.000 0.000 0.000 0.000 0.000 0.000 0.000 0.000 0.000 0.000 0.000 0.000 0.000 0.000 0.000 0.000 0.000 0.000 0.000 0.000 0.000 0.000 0.000 0.000 0.000 0.000 0.000 0.000 0.000 0.000 0.000 0.000 0.000 0.000 0.000 0.000 0.000 0.000 0.000 0.000 0.000 0.000 0.000 0.000 0.000 0.000 0.000 0.000
0.000 0.000 0.000 0.000 0.000 0.000 0.000 0.000 0.000 0.000 0.000 0.000 0.000 0.000 0.000 0.000 0.000 0.000 0.000 0.000 0.000 0.000 0.000 0.000 0.000 0.000 0.000 0.000 0.000 0.000 0.000 0.000 0.000 0.000 0.000 0.000 0.000 0.000 0.000 0.000 0.000 0.000 0.000 0.000 0.000 0.000 0.000 0.000 0.000 0.000 0.000 0.000 0.000 0.000 0.000 0.000 0.000 0.000 0.000 0.000 0.000 0.000 0.000 0.000 0.000 0.000 0.000 0.000 0.000 0.000 0.000 0.000 0.000 0.000 0.000 0.000 0.000
0.000 0.000 0.000 0.000 0.000 0.000 0.000 0.000 0.000 0.000 0.000 0.000 0.000 0.000 0.000 0.000 0.000 0.000 0.000 0.000 0.000 0.000 0.000 0.000 0.000 0.000 0.000 0.000 0.000 0.000 0.000 0.000 0.000 0.000 0.000 0.000 0.000 0.000 0.000 0.000 0.000 0.000 0.000 0.000 0.000 0.000 0.000 0.000 0.000 0.000 0.000 0.000 0.000 0.000 0.000 0.000 0.000 0.000 0.000 0.000 0.000 0.000 0.000 0.000 0.000 0.000 0.000 0.000 0.000 0.000 0.000 0.000 0.000 0.000 0.000 0.000 0.000
0.000 0.000 0.000 0.000 0.000 0.000 0.000 0.000 0.000 0.000 0.000 0.000 0.000 0.000 0.000 0.000 0.000 0.000 0.000 0.000 0.000 0.000 0.000 0.000 0.000 0.000 0.000 0.000 0.000 0.000 0.000 0.000 0.000 0.000 0.000 0.000 0.000 0.000 0.000 0.000 0.000 0.000 0.000 0.000 0.000 0.000 0.000 0.000 0.000 0.000 0.000 0.000 0.000 0.000 0.000 0.000 0.000 0.000 0.000 0.000 0.000 0.000 0.000 0.000 0.000 0.000 0.000 0.000 0.000 0.000 0.000 0.000 0.000 0.000 0.000 0.000 0.000
