RESULTS/r.avaflow_results/41_results/41_ascii/41_hflow_max0059.asc
ncols 506
nrows 317
xllcenter 498237.50
yllcenter 5580050.00
cellsize 12.50
NODATA_value -9999.000
[rows 170 to 203 of 317, columns 154 to 230 of 506]
11.940 11.932 11.894 11.790 11.579 11.303 11.015 10.727 10.430 10.170 9.944 9.763 9.585 9.306 8.765 7.930 6.876 5.714 4.601 3.552 2.587 1.757 1.122 0.720 0.477 0.335 0.275 0.260 0.271 0.307 0.350 0.372 0.386 0.389 0.387 0.393 0.394 0.391 0.380 0.373 0.360 0.342 0.329 0.325 0.315 0.293 0.257 0.212 0.175 0.146 0.120 0.099 0.084 0.075 0.069 0.067 0.067 0.068 0.070 0.071 0.072 0.072 0.071 0.069 0.067 0.066 0.069 0.078 0.105 0.140 0.162 0.170 0.170 0.160 0.139 0.113 0.088
15.793 16.017 16.054 15.927 15.611 15.191 14.745 14.294 13.832 13.398 13.041 12.724 12.446 12.115 11.586 10.773 9.740 8.582 7.316 5.882 4.434 3.163 2.138 1.379 0.895 0.611 0.449 0.395 0.385 0.398 0.414 0.420 0.420 0.416 0.405 0.400 0.398 0.395 0.385 0.371 0.351 0.327 0.309 0.297 0.279 0.246 0.194 0.141 0.103 0.080 0.066 0.057 0.051 0.048 0.047 0.047 0.049 0.053 0.055 0.057 0.057 0.056 0.054 0.052 0.051 0.051 0.053 0.061 0.079 0.112 0.147 0.167 0.176 0.177 0.171 0.156 0.129
19.503 19.922 19.941 19.695 19.218 18.649 18.084 17.523 16.985 16.443 15.997 15.623 15.272 14.890 14.361 13.513 12.410 11.204 9.941 8.571 7.004 5.311 3.793 2.590 1.714 1.132 0.775 0.597 0.514 0.461 0.431 0.426 0.421 0.418 0.406 0.392 0.383 0.372 0.355 0.329 0.298 0.265 0.232 0.208 0.180 0.145 0.104 0.073 0.055 0.045 0.038 0.035 0.033 0.032 0.033 0.035 0.038 0.042 0.044 0.045 0.045 0.044 0.042 0.041 0.040 0.040 0.042 0.048 0.059 0.080 0.115 0.151 0.173 0.182 0.183 0.176 0.159
22.190 22.781 22.850 22.647 22.205 21.663 21.132 20.610 20.076 19.525 18.954 18.466 18.120 17.762 17.224 16.367 15.222 13.910 12.540 11.122 9.617 7.926 6.102 4.406 3.033 2.005 1.335 0.902 0.653 0.531 0.451 0.418 0.401 0.389 0.371 0.346 0.322 0.300 0.276 0.248 0.212 0.170 0.131 0.104 0.088 0.071 0.052 0.039 0.032 0.027 0.024 0.023 0.023 0.023 0.024 0.026 0.029 0.032 0.034 0.035 0.035 0.034 0.033 0.033 0.033 0.033 0.035 0.038 0.046 0.058 0.080 0.117 0.156 0.177 0.183 0.182 0.174
23.330 24.142 24.455 24.480 24.292 24.028 23.730 23.385 22.972 22.466 21.868 21.332 20.912 20.502 19.943 19.093 17.958 16.661 15.219 13.683 12.054 10.324 8.368 6.336 4.523 3.067 2.009 1.307 0.863 0.597 0.454 0.382 0.339 0.310 0.283 0.251 0.216 0.187 0.167 0.145 0.115 0.086 0.064 0.052 0.045 0.037 0.029 0.024 0.020 0.018 0.017 0.017 0.017 0.017 0.018 0.019 0.022 0.025 0.027 0.027 0.027 0.027 0.027 0.027 0.027 0.028 0.029 0.032 0.037 0.044 0.057 0.081 0.121 0.156 0.174 0.179 0.175
23.320 24.248 24.814 25.108 25.294 25.424 25.399 25.258 25.005 24.578 23.928 23.314 22.880 22.482 21.952 21.208 20.254 19.051 17.594 15.916 14.089 12.266 10.343 8.124 5.833 3.902 2.521 1.578 0.989 0.629 0.438 0.327 0.253 0.200 0.163 0.137 0.114 0.101 0.092 0.079 0.060 0.045 0.035 0.030 0.026 0.022 0.018 0.016 0.014 0.013 0.012 0.012 0.012 0.013 0.013 0.014 0.016 0.019 0.020 0.021 0.021 0.021 0.022 0.022 0.023 0.024 0.025 0.027 0.031 0.036 0.045 0.060 0.086 0.121 0.149 0.163 0.166
22.659 23.778 24.560 25.065 25.496 25.813 25.883 25.838 25.718 25.410 24.859 24.088 23.617 23.359 22.900 22.231 21.455 20.481 19.220 17.608 15.749 13.788 11.659 9.143 6.495 4.265 2.718 1.659 1.018 0.629 0.405 0.272 0.182 0.119 0.088 0.071 0.061 0.057 0.052 0.044 0.034 0.026 0.022 0.019 0.017 0.015 0.013 0.011 0.010 0.009 0.009 0.009 0.009 0.009 0.010 0.011 0.012 0.014 0.015 0.016 0.016 0.017 0.017 0.018 0.019 0.020 0.022 0.024 0.026 0.030 0.037 0.048 0.065 0.088 0.114 0.134 0.147
21.582 22.827 23.864 24.665 25.288 25.658 25.835 25.813 25.738 25.569 25.108 24.269 23.730 23.520 23.243 22.671 21.973 21.144 19.951 18.339 16.388 14.269 12.003 9.362 6.569 4.268 2.675 1.604 0.968 0.578 0.347 0.203 0.116 0.069 0.049 0.041 0.036 0.033 0.030 0.025 0.021 0.018 0.015 0.013 0.011 0.010 0.009 0.008 0.007 0.006 0.006 0.006 0.006 0.006 0.007 0.007 0.008 0.010 0.011 0.011 0.012 0.013 0.014 0.014 0.015 0.016 0.018 0.020 0.023 0.026 0.032 0.040 0.052 0.067 0.086 0.103 0.119
20.394 21.711 22.900 23.900 24.694 25.182 25.287 25.218 25.101 24.927 24.498 23.709 23.131 22.870 22.596 22.032 21.320 20.538 19.444 17.913 16.000 13.833 11.509 8.836 6.059 3.854 2.320 1.335 0.761 0.427 0.232 0.120 0.065 0.039 0.030 0.026 0.023 0.021 0.019 0.016 0.014 0.012 0.011 0.009 0.008 0.007 0.006 0.005 0.004 0.004 0.004 0.004 0.004 0.004 0.004 0.005 0.005 0.006 0.007 0.008 0.009 0.009 0.010 0.011 0.012 0.013 0.015 0.016 0.019 0.023 0.028 0.035 0.044 0.055 0.068 0.082 0.095
19.254 20.608 21.838 22.849 23.612 24.030 24.096 24.005 23.732 23.253 22.791 22.302 21.811 21.249 20.660 19.996 19.273 18.518 17.589 16.227 14.391 12.244 9.884 7.311 4.792 2.902 1.574 0.803 0.402 0.200 0.106 0.059 0.035 0.025 0.020 0.018 0.016 0.014 0.013 0.011 0.010 0.009 0.007 0.006 0.005 0.004 0.004 0.003 0.003 0.002 0.002 0.002 0.002 0.002 0.002 0.003 0.003 0.004 0.004 0.005 0.006 0.006 0.007 0.008 0.009 0.010 0.011 0.013 0.015 0.019 0.024 0.030 0.038 0.047 0.058 0.068 0.079
18.018 19.412 20.582 21.521 22.205 22.586 22.691 22.573 22.106 21.337 20.977 20.928 20.602 19.731 18.794 18.031 17.282 16.479 15.445 13.989 12.048 9.688 7.233 4.867 2.965 1.600 0.777 0.342 0.153 0.080 0.047 0.030 0.022 0.017 0.014 0.013 0.011 0.010 0.009 0.008 0.007 0.006 0.005 0.004 0.003 0.003 0.002 0.002 0.001 0.001 0.001 0.001 0.001 0.001 0.001 0.001 0.002 0.002 0.002 0.003 0.004 0.004 0.005 0.005 0.006 0.007 0.008 0.010 0.012 0.015 0.019 0.025 0.032 0.040 0.050 0.060 0.071
16.508 17.857 19.074 20.077 20.829 21.342 21.556 21.500 21.064 20.318 19.983 19.940 19.581 18.510 17.502 16.731 15.896 14.744 13.186 11.225 8.976 6.371 4.049 2.431 1.352 0.686 0.312 0.134 0.064 0.037 0.025 0.019 0.015 0.012 0.010 0.009 0.008 0.007 0.006 0.005 0.004 0.004 0.003 0.002 0.002 0.001 0.001 0.001 0.000 0.000 0.000 0.000 0.000 0.000 0.000 0.000 0.001 0.001 0.001 0.001 0.002 0.002 0.003 0.003 0.004 0.005 0.006 0.007 0.009 0.012 0.015 0.020 0.027 0.034 0.043 0.053 0.063
14.677 15.976 17.309 18.537 19.530 20.310 20.652 20.590 20.233 19.521 19.027 18.583 17.893 16.872 15.977 15.188 14.205 12.694 10.680 8.270 5.499 3.091 1.740 0.930 0.480 0.237 0.111 0.054 0.031 0.021 0.016 0.013 0.011 0.009 0.008 0.006 0.005 0.005 0.004 0.003 0.003 0.002 0.001 0.001 0.001 0.000 0.000 0.000 0.000 0.000 0.000 0.000 0.000 0.000 0.000 0.000 0.000 0.000 0.000 0.000 0.001 0.001 0.001 0.002 0.002 0.003 0.004 0.005 0.007 0.009 0.012 0.016 0.021 0.028 0.036 0.045 0.056
12.753 13.988 15.300 16.562 17.622 18.343 18.739 18.766 18.565 17.895 16.991 16.005 14.949 14.049 13.227 12.324 11.068 9.139 6.580 3.948 2.183 1.119 0.542 0.271 0.144 0.078 0.043 0.026 0.018 0.014 0.011 0.009 0.008 0.006 0.005 0.004 0.004 0.003 0.002 0.002 0.001 0.001 0.001 0.000 0.000 0.000 0.000 0.000 0.000 0.000 0.000 0.000 0.000 0.000 0.000 0.000 0.000 0.000 0.000 0.000 0.000 0.000 0.000 0.001 0.001 0.002 0.002 0.003 0.005 0.006 0.008 0.012 0.016 0.021 0.028 0.037 0.047
10.685 11.669 12.691 13.591 14.249 14.692 15.003 15.122 15.065 14.519 13.443 12.148 10.951 9.958 8.937 7.719 6.106 4.284 2.560 1.343 0.649 0.292 0.140 0.079 0.049 0.031 0.021 0.015 0.012 0.010 0.008 0.007 0.005 0.004 0.003 0.003 0.002 0.001 0.001 0.001 0.000 0.000 0.000 0.000 0.000 0.000 0.000 0.000 0.000 0.000 0.000 0.000 0.000 0.000 0.000 0.000 0.000 0.000 0.000 0.000 0.000 0.000 0.000 0.000 0.000 0.001 0.001 0.002 0.003 0.004 0.006 0.008 0.011 0.016 0.021 0.028 0.037
8.179 8.768 9.095 9.201 9.170 9.082 9.189 9.389 9.508 9.274 8.456 7.335 6.016 4.811 3.887 3.090 2.239 1.340 0.697 0.322 0.146 0.074 0.045 0.031 0.022 0.017 0.013 0.010 0.008 0.007 0.006 0.004 0.003 0.003 0.002 0.001 0.001 0.001 0.000 0.000 0.000 0.000 0.000 0.000 0.000 0.000 0.000 0.000 0.000 0.000 0.000 0.000 0.000 0.000 0.000 0.000 0.000 0.000 0.000 0.000 0.000 0.000 0.000 0.000 0.000 0.000 0.000 0.001 0.002 0.002 0.004 0.005 0.008 0.011 0.015 0.020 0.028
5.574 5.605 5.198 5.050 4.846 4.535 4.143 3.873 3.873 3.875 3.458 2.949 2.226 1.632 1.205 0.874 0.570 0.310 0.151 0.074 0.042 0.029 0.021 0.017 0.013 0.011 0.009 0.007 0.006 0.005 0.004 0.003 0.002 0.001 0.001 0.000 0.000 0.000 0.000 0.000 0.000 0.000 0.000 0.000 0.000 0.000 0.000 0.000 0.000 0.000 0.000 0.000 0.000 0.000 0.000 0.000 0.000 0.000 0.000 0.000 0.000 0.000 0.000 0.000 0.000 0.000 0.000 0.000 0.001 0.001 0.002 0.003 0.005 0.007 0.010 0.014 0.019
3.278 3.460 3.567 3.473 3.165 2.520 1.816 1.406 1.229 1.156 1.059 0.872 0.610 0.413 0.291 0.204 0.129 0.074 0.042 0.027 0.020 0.016 0.013 0.011 0.009 0.008 0.006 0.005 0.004 0.003 0.002 0.001 0.001 0.001 0.000 0.000 0.000 0.000 0.000 0.000 0.000 0.000 0.000 0.000 0.000 0.000 0.000 0.000 0.000 0.000 0.000 0.000 0.000 0.000 0.000 0.000 0.000 0.000 0.000 0.000 0.000 0.000 0.000 0.000 0.000 0.000 0.000 0.000 0.000 0.000 0.001 0.002 0.003 0.004 0.006 0.009 0.012
2.831 3.007 3.111 3.008 2.680 1.900 1.042 0.575 0.388 0.315 0.273 0.222 0.151 0.104 0.076 0.055 0.039 0.027 0.020 0.016 0.013 0.011 0.009 0.008 0.007 0.005 0.004 0.003 0.002 0.002 0.001 0.001 0.000 0.000 0.000 0.000 0.000 0.000 0.000 0.000 0.000 0.000 0.000 0.000 0.000 0.000 0.000 0.000 0.000 0.000 0.000 0.000 0.000 0.000 0.000 0.000 0.000 0.000 0.000 0.000 0.000 0.000 0.000 0.000 0.000 0.000 0.000 0.000 0.000 0.000 0.000 0.001 0.001 0.002 0.004 0.005 0.008
2.677 2.770 2.848 2.841 2.473 1.702 0.841 0.361 0.172 0.107 0.083 0.066 0.049 0.037 0.030 0.024 0.019 0.015 0.013 0.011 0.009 0.008 0.007 0.006 0.004 0.003 0.003 0.002 0.001 0.001 0.000 0.000 0.000 0.000 0.000 0.000 0.000 0.000 0.000 0.000 0.000 0.000 0.000 0.000 0.000 0.000 0.000 0.000 0.000 0.000 0.000 0.000 0.000 0.000 0.000 0.000 0.000 0.000 0.000 0.000 0.000 0.000 0.000 0.000 0.000 0.000 0.000 0.000 0.000 0.000 0.000 0.000 0.001 0.001 0.002 0.003 0.004
2.582 2.604 2.619 2.527 2.204 2.046 0.821 0.310 0.115 0.053 0.036 0.028 0.023 0.019 0.016 0.014 0.012 0.010 0.009 0.008 0.006 0.005 0.004 0.004 0.003 0.002 0.001 0.001 0.000 0.000 0.000 0.000 0.000 0.000 0.000 0.000 0.000 0.000 0.000 0.000 0.000 0.000 0.000 0.000 0.000 0.000 0.000 0.000 0.000 0.000 0.000 0.000 0.000 0.000 0.000 0.000 0.000 0.000 0.000 0.000 0.000 0.000 0.000 0.000 0.000 0.000 0.000 0.000 0.000 0.000 0.000 0.000 0.000 0.000 0.001 0.001 0.002
2.484 2.453 2.386 2.272 2.067 2.022 0.930 0.320 0.096 0.036 0.020 0.016 0.014 0.013 0.011 0.010 0.008 0.007 0.006 0.005 0.004 0.003 0.003 0.002 0.001 0.001 0.000 0.000 0.000 0.000 0.000 0.000 0.000 0.000 0.000 0.000 0.000 0.000 0.000 0.000 0.000 0.000 0.000 0.000 0.000 0.000 0.000 0.000 0.000 0.000 0.000 0.000 0.000 0.000 0.000 0.000 0.000 0.000 0.000 0.000 0.000 0.000 0.000 0.000 0.000 0.000 0.000 0.000 0.000 0.000 0.000 0.000 0.000 0.000 0.000 0.000 0.001
2.322 2.238 2.138 2.050 2.022 2.013 2.013 0.360 0.085 0.026 0.014 0.011 0.010 0.009 0.008 0.007 0.006 0.005 0.004 0.003 0.003 0.002 0.001 0.001 0.001 0.000 0.000 0.000 0.000 0.000 0.000 0.000 0.000 0.000 0.000 0.000 0.000 0.000 0.000 0.000 0.000 0.000 0.000 0.000 0.000 0.000 0.000 0.000 0.000 0.000 0.000 0.000 0.000 0.000 0.000 0.000 0.000 0.000 0.000 0.000 0.000 0.000 0.000 0.000 0.000 0.000 0.000 0.000 0.000 0.000 0.000 0.000 0.000 0.000 0.000 0.000 0.000
2.047 2.009 2.010 2.009 2.009 2.009 2.009 0.324 0.060 0.017 0.009 0.007 0.007 0.006 0.005 0.004 0.003 0.003 0.002 0.002 0.001 0.001 0.000 0.000 0.000 0.000 0.000 0.000 0.000 0.000 0.000 0.000 0.000 0.000 0.000 0.000 0.000 0.000 0.000 0.000 0.000 0.000 0.000 0.000 0.000 0.000 0.000 0.000 0.000 0.000 0.000 0.000 0.000 0.000 0.000 0.000 0.000 0.000 0.000 0.000 0.000 0.000 0.000 0.000 0.000 0.000 0.000 0.000 0.000 0.000 0.000 0.000 0.000 0.000 0.000 0.000 0.000
2.006 2.006 2.006 2.006 0.657 0.438 0.323 0.107 0.023 0.009 0.006 0.005 0.004 0.004 0.003 0.002 0.002 0.001 0.001 0.001 0.000 0.000 0.000 0.000 0.000 0.000 0.000 0.000 0.000 0.000 0.000 0.000 0.000 0.000 0.000 0.000 0.000 0.000 0.000 0.000 0.000 0.000 0.000 0.000 0.000 0.000 0.000 0.000 0.000 0.000 0.000 0.000 0.000 0.000 0.000 0.000 0.000 0.000 0.000 0.000 0.000 0.000 0.000 0.000 0.000 0.000 0.000 0.000 0.000 0.000 0.000 0.000 0.000 0.000 0.000 0.000 0.000
2.004 2.004 0.697 0.312 0.134 0.077 0.047 0.020 0.009 0.005 0.003 0.003 0.002 0.002 0.001 0.001 0.001 0.000 0.000 0.000 0.000 0.000 0.000 0.000 0.000 0.000 0.000 0.000 0.000 0.000 0.000 0.000 0.000 0.000 0.000 0.000 0.000 0.000 0.000 0.000 0.000 0.000 0.000 0.000 0.000 0.000 0.000 0.000 0.000 0.000 0.000 0.000 0.000 0.000 0.000 0.000 0.000 0.000 0.000 0.000 0.000 0.000 0.000 0.000 0.000 0.000 0.000 0.000 0.000 0.000 0.000 0.000 0.000 0.000 0.000 0.000 0.000
0.434 0.321 0.144 0.055 0.027 0.016 0.011 0.006 0.004 0.002 0.002 0.001 0.001 0.001 0.000 0.000 0.000 0.000 0.000 0.000 0.000 0.000 0.000 0.000 0.000 0.000 0.000 0.000 0.000 0.000 0.000 0.000 0.000 0.000 0.000 0.000 0.000 0.000 0.000 0.000 0.000 0.000 0.000 0.000 0.000 0.000 0.000 0.000 0.000 0.000 0.000 0.000 0.000 0.000 0.000 0.000 0.000 0.000 0.000 0.000 0.000 0.000 0.000 0.000 0.000 0.000 0.000 0.000 0.000 0.000 0.000 0.000 0.000 0.000 0.000 0.000 0.000
0.074 0.049 0.026 0.012 0.007 0.005 0.004 0.003 0.002 0.001 0.000 0.000 0.000 0.000 0.000 0.000 0.000 0.000 0.000 0.000 0.000 0.000 0.000 0.000 0.000 0.000 0.000 0.000 0.000 0.000 0.000 0.000 0.000 0.000 0.000 0.000 0.000 0.000 0.000 0.000 0.000 0.000 0.000 0.000 0.000 0.000 0.000 0.000 0.000 0.000 0.000 0.000 0.000 0.000 0.000 0.000 0.000 0.000 0.000 0.000 0.000 0.000 0.000 0.000 0.000 0.000 0.000 0.000 0.000 0.000 0.000 0.000 0.000 0.000 0.000 0.000 0.000
0.015 0.010 0.006 0.004 0.003 0.002 0.002 0.001 0.001 0.000 0.000 0.000 0.000 0.000 0.000 0.000 0.000 0.000 0.000 0.000 0.000 0.000 0.000 0.000 0.000 0.000 0.000 0.000 0.000 0.000 0.000 0.000 0.000 0.000 0.000 0.000 0.000 0.000 0.000 0.000 0.000 0.000 0.000 0.000 0.000 0.000 0.000 0.000 0.000 0.000 0.000 0.000 0.000 0.000 0.000 0.000 0.000 0.000 0.000 0.000 0.000 0.000 0.000 0.000 0.000 0.000 0.000 0.000 0.000 0.000 0.000 0.000 0.000 0.000 0.000 0.000 0.000
0.004 0.003 0.002 0.002 0.001 0.001 0.001 0.000 0.000 0.000 0.000 0.000 0.000 0.000 0.000 0.000 0.000 0.000 0.000 0.000 0.000 0.000 0.000 0.000 0.000 0.000 0.000 0.000 0.000 0.000 0.000 0.000 0.000 0.000 0.000 0.000 0.000 0.000 0.000 0.000 0.000 0.000 0.000 0.000 0.000 0.000 0.000 0.000 0.000 0.000 0.000 0.000 0.000 0.000 0.000 0.000 0.000 0.000 0.000 0.000 0.000 0.000 0.000 0.000 0.000 0.000 0.000 0.000 0.000 0.000 0.000 0.000 0.000 0.000 0.000 0.000 0.000
0.001 0.001 0.001 0.001 0.000 0.000 0.000 0.000 0.000 0.000 0.000 0.000 0.000 0.000 0.000 0.000 0.000 0.000 0.000 0.000 0.000 0.000 0.000 0.000 0.000 0.000 0.000 0.000 0.000 0.000 0.000 0.000 0.000 0.000 0.000 0.000 0.000 0.000 0.000 0.000 0.000 0.000 0.000 0.000 0.000 0.000 0.000 0.000 0.000 0.000 0.000 0.000 0.000 0.000 0.000 0.000 0.000 0.000 0.000 0.000 0.000 0.000 0.000 0.000 0.000 0.000 0.000 0.000 0.000 0.000 0.000 0.000 0.000 0.000 0.000 0.000 0.000
0.000 0.000 0.000 0.000 0.000 0.000 0.000 0.000 0.000 0.000 0.000 0.000 0.000 0.000 0.000 0.000 0.000 0.000 0.000 0.000 0.000 0.000 0.000 0.000 0.000 0.000 0.000 0.000 0.000 0.000 0.000 0.000 0.000 0.000 0.000 0.000 0.000 0.000 0.000 0.000 0.000 0.000 0.000 0.000 0.000 0.000 0.000 0.000 0.000 0.000 0.000 0.000 0.000 0.000 0.000 0.000 0.000 0.000 0.000 0.000 0.000 0.000 0.000 0.000 0.000 0.000 0.000 0.000 0.000 0.000 0.000 0.000 0.000 0.000 0.000 0.000 0.000
0.000 0.000 0.000 0.000 0.000 0.000 0.000 0.000 0.000 0.000 0.000 0.000 0.000 0.000 0.000 0.000 0.000 0.000 0.000 0.000 0.000 0.000 0.000 0.000 0.000 0.000 0.000 0.000 0.000 0.000 0.000 0.000 0.000 0.000 0.000 0.000 0.000 0.000 0.000 0.000 0.000 0.000 0.000 0.000 0.000 0.000 0.000 0.000 0.000 0.000 0.000 0.000 0.000 0.000 0.000 0.000 0.000 0.000 0.000 0.000 0.000 0.000 0.000 0.000 0.000 0.000 0.000 0.000 0.000 0.000 0.000 0.000 0.000 0.000 0.000 0.000 0.000
0.000 0.000 0.000 0.000 0.000 0.000 0.000 0.000 0.000 0.000 0.000 0.000 0.000 0.000 0.000 0.000 0.000 0.000 0.000 0.000 0.000 0.000 0.000 0.000 0.000 0.000 0.000 0.000 0.000 0.000 0.000 0.000 0.000 0.000 0.000 0.000 0.000 0.000 0.000 0.000 0.000 0.000 0.000 0.000 0.000 0.000 0.000 0.000 0.000 0.000 0.000 0.000 0.000 0.000 0.000 0.000 0.000 0.000 0.000 0.000 0.000 0.000 0.000 0.000 0.000 0.000 0.000 0.000 0.000 0.000 0.000 0.000 0.000 0.000 0.000 0.000 0.000
