RESULTS/r.avaflow_results/41_results/41_ascii/41_hflow_fin.asc
ncols 506
nrows 317
xllcenter 498237.50
yllcenter 5580050.00
cellsize 12.50
NODATA_value -9999.000
[rows 170 to 203 of 317, columns 154 to 230 of 506]
8.374 8.194 8.021 7.843 7.639 7.409 7.186 6.986 6.805 6.634 6.473 6.316 6.140 5.885 5.480 4.898 4.175 3.384 2.621 1.930 1.333 0.860 0.531 0.333 0.224 0.167 0.141 0.133 0.133 0.141 0.161 0.187 0.205 0.216 0.226 0.238 0.254 0.265 0.268 0.263 0.252 0.242 0.237 0.232 0.223 0.205 0.177 0.150 0.128 0.108 0.092 0.079 0.069 0.063 0.060 0.059 0.060 0.062 0.066 0.068 0.069 0.068 0.066 0.064 0.063 0.064 0.067 0.076 0.099 0.133 0.157 0.166 0.165 0.153 0.128 0.100 0.079
11.831 11.977 12.014 11.985 11.873 11.663 11.383 11.086 10.790 10.495 10.214 9.945 9.670 9.342 8.860 8.145 7.200 6.093 4.932 3.810 2.779 1.892 1.201 0.733 0.458 0.309 0.232 0.199 0.192 0.201 0.222 0.243 0.253 0.257 0.258 0.260 0.266 0.270 0.270 0.261 0.245 0.232 0.223 0.214 0.200 0.174 0.135 0.100 0.076 0.062 0.053 0.047 0.044 0.043 0.042 0.044 0.047 0.051 0.054 0.055 0.055 0.054 0.052 0.050 0.049 0.050 0.052 0.060 0.076 0.107 0.141 0.161 0.169 0.170 0.163 0.146 0.122
15.357 15.839 15.996 15.973 15.809 15.501 15.114 14.728 14.359 13.995 13.650 13.333 13.025 12.694 12.244 11.551 10.564 9.318 7.911 6.460 5.033 3.689 2.518 1.607 0.991 0.618 0.410 0.306 0.263 0.252 0.255 0.262 0.265 0.264 0.261 0.257 0.257 0.256 0.250 0.234 0.208 0.188 0.173 0.156 0.137 0.108 0.076 0.055 0.043 0.037 0.033 0.031 0.030 0.030 0.031 0.033 0.037 0.041 0.044 0.044 0.044 0.043 0.041 0.040 0.040 0.040 0.042 0.047 0.058 0.079 0.112 0.146 0.167 0.176 0.178 0.173 0.158
17.991 18.782 19.089 19.091 18.938 18.639 18.274 17.917 17.565 17.196 16.815 16.462 16.132 15.790 15.354 14.684 13.717 12.492 11.100 9.592 7.988 6.312 4.635 3.163 2.033 1.251 0.765 0.495 0.359 0.294 0.266 0.258 0.255 0.251 0.243 0.233 0.224 0.215 0.199 0.170 0.137 0.113 0.097 0.084 0.071 0.055 0.041 0.032 0.027 0.024 0.022 0.022 0.022 0.022 0.023 0.025 0.029 0.032 0.034 0.035 0.035 0.034 0.033 0.033 0.033 0.033 0.035 0.038 0.045 0.058 0.079 0.114 0.152 0.173 0.180 0.179 0.172
19.425 20.440 20.986 21.171 21.179 21.058 20.883 20.680 20.440 20.127 19.738 19.335 18.969 18.599 18.156 17.503 16.569 15.379 14.009 12.523 10.932 9.204 7.301 5.310 3.556 2.215 1.301 0.758 0.468 0.324 0.261 0.236 0.222 0.211 0.196 0.178 0.161 0.144 0.124 0.098 0.075 0.061 0.052 0.045 0.038 0.030 0.024 0.020 0.018 0.017 0.016 0.016 0.016 0.016 0.017 0.019 0.022 0.025 0.027 0.027 0.027 0.027 0.027 0.027 0.027 0.028 0.030 0.032 0.037 0.044 0.056 0.079 0.118 0.155 0.172 0.176 0.173
19.755 20.876 21.648 22.129 22.431 22.613 22.705 22.697 22.605 22.386 22.011 21.530 21.114 20.723 20.285 19.684 18.850 17.768 16.447 14.918 13.221 11.363 9.295 6.940 4.691 2.912 1.665 0.918 0.527 0.334 0.243 0.196 0.167 0.144 0.123 0.106 0.094 0.083 0.071 0.056 0.044 0.036 0.031 0.027 0.023 0.019 0.016 0.014 0.013 0.012 0.012 0.012 0.012 0.012 0.013 0.014 0.016 0.019 0.020 0.021 0.021 0.022 0.022 0.022 0.023 0.024 0.025 0.028 0.031 0.036 0.044 0.058 0.083 0.120 0.148 0.161 0.165
19.493 20.689 21.605 22.273 22.818 23.269 23.557 23.674 23.677 23.553 23.202 22.644 22.189 21.822 21.425 20.887 20.162 19.216 17.989 16.449 14.641 12.616 10.360 7.760 5.204 3.193 1.791 0.964 0.539 0.326 0.216 0.154 0.115 0.089 0.071 0.060 0.054 0.049 0.042 0.034 0.028 0.024 0.020 0.018 0.015 0.013 0.011 0.010 0.009 0.009 0.009 0.009 0.009 0.009 0.010 0.010 0.012 0.014 0.015 0.016 0.016 0.017 0.018 0.018 0.019 0.020 0.022 0.024 0.027 0.030 0.036 0.046 0.062 0.087 0.113 0.133 0.146
18.642 19.977 21.117 22.037 22.774 23.327 23.660 23.802 23.827 23.746 23.413 22.819 22.348 22.016 21.653 21.145 20.467 19.598 18.456 16.953 15.100 12.973 10.604 7.894 5.249 3.181 1.760 0.935 0.511 0.294 0.178 0.112 0.075 0.054 0.043 0.037 0.033 0.030 0.026 0.022 0.019 0.016 0.014 0.012 0.011 0.009 0.008 0.007 0.007 0.006 0.006 0.006 0.006 0.006 0.007 0.007 0.008 0.010 0.011 0.012 0.012 0.013 0.014 0.015 0.016 0.017 0.018 0.020 0.023 0.026 0.032 0.039 0.050 0.066 0.085 0.103 0.119
17.386 18.877 20.221 21.374 22.292 22.921 23.251 23.366 23.369 23.268 22.943 22.383 21.897 21.537 21.149 20.630 19.975 19.171 18.109 16.664 14.825 12.661 10.213 7.437 4.850 2.859 1.529 0.784 0.411 0.222 0.122 0.072 0.047 0.034 0.027 0.024 0.021 0.019 0.017 0.015 0.013 0.011 0.010 0.009 0.007 0.006 0.005 0.005 0.004 0.004 0.004 0.004 0.004 0.004 0.004 0.005 0.005 0.006 0.007 0.008 0.009 0.010 0.010 0.011 0.012 0.013 0.015 0.017 0.019 0.023 0.027 0.034 0.042 0.054 0.068 0.082 0.095
15.942 17.526 18.961 20.208 21.197 21.866 22.203 22.285 22.213 21.983 21.656 21.258 20.810 20.290 19.709 19.111 18.468 17.724 16.744 15.364 13.536 11.318 8.782 6.098 3.789 2.092 1.029 0.482 0.233 0.119 0.067 0.042 0.029 0.022 0.019 0.016 0.015 0.013 0.012 0.010 0.009 0.008 0.007 0.006 0.005 0.004 0.003 0.003 0.002 0.002 0.002 0.002 0.002 0.002 0.002 0.003 0.003 0.004 0.005 0.005 0.006 0.007 0.007 0.008 0.009 0.010 0.012 0.014 0.016 0.019 0.024 0.029 0.037 0.046 0.057 0.068 0.079
14.291 15.857 17.276 18.529 19.560 20.306 20.714 20.799 20.664 20.331 20.067 19.848 19.451 18.729 17.891 17.157 16.445 15.657 14.608 13.130 11.166 8.761 6.199 3.884 2.158 1.059 0.472 0.207 0.100 0.056 0.036 0.026 0.019 0.016 0.013 0.012 0.010 0.009 0.008 0.007 0.006 0.005 0.005 0.004 0.003 0.002 0.002 0.002 0.001 0.001 0.001 0.001 0.001 0.001 0.001 0.001 0.002 0.002 0.003 0.003 0.004 0.004 0.005 0.006 0.007 0.008 0.009 0.011 0.013 0.016 0.020 0.025 0.032 0.040 0.049 0.059 0.070
12.354 13.808 15.192 16.504 17.688 18.650 19.270 19.477 19.380 19.075 18.829 18.602 18.142 17.295 16.336 15.489 14.615 13.552 12.130 10.239 7.807 5.279 3.211 1.783 0.901 0.415 0.180 0.083 0.045 0.030 0.022 0.017 0.014 0.011 0.010 0.008 0.007 0.007 0.006 0.005 0.004 0.003 0.003 0.002 0.002 0.001 0.001 0.001 0.000 0.000 0.000 0.000 0.000 0.000 0.000 0.000 0.001 0.001 0.001 0.002 0.002 0.002 0.003 0.004 0.004 0.005 0.006 0.008 0.010 0.012 0.016 0.021 0.027 0.034 0.043 0.053 0.063
10.211 11.537 12.909 14.331 15.745 16.960 17.798 18.141 18.108 17.861 17.541 17.148 16.519 15.607 14.615 13.661 12.597 11.157 9.142 6.626 4.191 2.392 1.237 0.605 0.292 0.139 0.067 0.037 0.024 0.018 0.014 0.012 0.010 0.008 0.007 0.006 0.005 0.004 0.004 0.003 0.002 0.002 0.001 0.001 0.001 0.000 0.000 0.000 0.000 0.000 0.000 0.000 0.000 0.000 0.000 0.000 0.000 0.000 0.000 0.001 0.001 0.001 0.001 0.002 0.003 0.003 0.004 0.006 0.007 0.009 0.012 0.017 0.022 0.029 0.037 0.046 0.056
8.212 9.387 10.635 12.021 13.515 14.834 15.786 16.245 16.286 16.052 15.525 14.770 13.864 12.903 11.906 10.819 9.468 7.574 5.209 3.071 1.623 0.758 0.337 0.164 0.087 0.049 0.030 0.020 0.015 0.012 0.010 0.008 0.007 0.006 0.005 0.004 0.003 0.003 0.002 0.002 0.001 0.001 0.000 0.000 0.000 0.000 0.000 0.000 0.000 0.000 0.000 0.000 0.000 0.000 0.000 0.000 0.000 0.000 0.000 0.000 0.000 0.000 0.001 0.001 0.001 0.002 0.003 0.004 0.005 0.007 0.009 0.013 0.017 0.023 0.031 0.039 0.048
6.300 7.252 8.243 9.309 10.454 11.534 12.386 12.859 12.943 12.719 12.053 10.968 9.708 8.579 7.506 6.344 4.963 3.375 1.918 0.930 0.400 0.170 0.085 0.050 0.033 0.023 0.017 0.013 0.011 0.009 0.007 0.006 0.005 0.004 0.003 0.002 0.002 0.001 0.001 0.001 0.000 0.000 0.000 0.000 0.000 0.000 0.000 0.000 0.000 0.000 0.000 0.000 0.000 0.000 0.000 0.000 0.000 0.000 0.000 0.000 0.000 0.000 0.000 0.000 0.000 0.001 0.001 0.002 0.003 0.005 0.007 0.009 0.013 0.018 0.024 0.031 0.040
4.351 4.885 5.362 5.799 6.252 6.776 7.304 7.640 7.724 7.577 7.012 6.027 4.878 3.936 3.156 2.436 1.679 0.939 0.436 0.182 0.083 0.047 0.031 0.023 0.018 0.014 0.011 0.009 0.008 0.006 0.005 0.004 0.003 0.002 0.002 0.001 0.001 0.000 0.000 0.000 0.000 0.000 0.000 0.000 0.000 0.000 0.000 0.000 0.000 0.000 0.000 0.000 0.000 0.000 0.000 0.000 0.000 0.000 0.000 0.000 0.000 0.000 0.000 0.000 0.000 0.000 0.001 0.001 0.002 0.003 0.004 0.006 0.009 0.013 0.017 0.023 0.032
2.519 2.636 2.697 2.729 2.771 2.864 3.031 3.151 3.181 3.123 2.865 2.356 1.707 1.209 0.867 0.604 0.363 0.182 0.085 0.045 0.029 0.022 0.018 0.014 0.012 0.010 0.008 0.007 0.005 0.004 0.003 0.003 0.002 0.001 0.001 0.000 0.000 0.000 0.000 0.000 0.000 0.000 0.000 0.000 0.000 0.000 0.000 0.000 0.000 0.000 0.000 0.000 0.000 0.000 0.000 0.000 0.000 0.000 0.000 0.000 0.000 0.000 0.000 0.000 0.000 0.000 0.000 0.000 0.001 0.002 0.003 0.004 0.006 0.008 0.012 0.017 0.023
1.130 1.064 1.003 0.948 0.900 0.874 0.887 0.900 0.894 0.869 0.786 0.621 0.409 0.267 0.185 0.126 0.078 0.046 0.029 0.021 0.017 0.014 0.012 0.010 0.009 0.007 0.006 0.005 0.004 0.003 0.002 0.001 0.001 0.000 0.000 0.000 0.000 0.000 0.000 0.000 0.000 0.000 0.000 0.000 0.000 0.000 0.000 0.000 0.000 0.000 0.000 0.000 0.000 0.000 0.000 0.000 0.000 0.000 0.000 0.000 0.000 0.000 0.000 0.000 0.000 0.000 0.000 0.000 0.000 0.001 0.001 0.002 0.004 0.005 0.008 0.011 0.015
0.380 0.335 0.309 0.288 0.265 0.244 0.233 0.225 0.216 0.205 0.184 0.145 0.097 0.067 0.050 0.038 0.028 0.021 0.017 0.014 0.012 0.010 0.009 0.007 0.006 0.005 0.004 0.003 0.002 0.002 0.001 0.001 0.000 0.000 0.000 0.000 0.000 0.000 0.000 0.000 0.000 0.000 0.000 0.000 0.000 0.000 0.000 0.000 0.000 0.000 0.000 0.000 0.000 0.000 0.000 0.000 0.000 0.000 0.000 0.000 0.000 0.000 0.000 0.000 0.000 0.000 0.000 0.000 0.000 0.000 0.001 0.001 0.002 0.003 0.005 0.007 0.010
0.122 0.110 0.104 0.099 0.091 0.081 0.073 0.068 0.064 0.059 0.054 0.045 0.034 0.027 0.023 0.019 0.016 0.014 0.012 0.010 0.008 0.007 0.006 0.005 0.004 0.003 0.002 0.002 0.001 0.001 0.000 0.000 0.000 0.000 0.000 0.000 0.000 0.000 0.000 0.000 0.000 0.000 0.000 0.000 0.000 0.000 0.000 0.000 0.000 0.000 0.000 0.000 0.000 0.000 0.000 0.000 0.000 0.000 0.000 0.000 0.000 0.000 0.000 0.000 0.000 0.000 0.000 0.000 0.000 0.000 0.000 0.000 0.001 0.002 0.003 0.004 0.006
0.048 0.045 0.043 0.042 0.039 0.035 0.031 0.029 0.027 0.026 0.024 0.022 0.019 0.017 0.014 0.013 0.011 0.010 0.008 0.007 0.006 0.005 0.004 0.003 0.003 0.002 0.001 0.001 0.000 0.000 0.000 0.000 0.000 0.000 0.000 0.000 0.000 0.000 0.000 0.000 0.000 0.000 0.000 0.000 0.000 0.000 0.000 0.000 0.000 0.000 0.000 0.000 0.000 0.000 0.000 0.000 0.000 0.000 0.000 0.000 0.000 0.000 0.000 0.000 0.000 0.000 0.000 0.000 0.000 0.000 0.000 0.000 0.000 0.001 0.001 0.002 0.003
0.024 0.023 0.023 0.022 0.021 0.020 0.018 0.017 0.016 0.015 0.015 0.014 0.013 0.011 0.010 0.009 0.008 0.007 0.006 0.005 0.004 0.003 0.002 0.002 0.001 0.001 0.000 0.000 0.000 0.000 0.000 0.000 0.000 0.000 0.000 0.000 0.000 0.000 0.000 0.000 0.000 0.000 0.000 0.000 0.000 0.000 0.000 0.000 0.000 0.000 0.000 0.000 0.000 0.000 0.000 0.000 0.000 0.000 0.000 0.000 0.000 0.000 0.000 0.000 0.000 0.000 0.000 0.000 0.000 0.000 0.000 0.000 0.000 0.000 0.000 0.001 0.001
0.015 0.014 0.014 0.014 0.013 0.013 0.012 0.011 0.011 0.010 0.010 0.009 0.009 0.008 0.007 0.006 0.005 0.004 0.004 0.003 0.002 0.002 0.001 0.001 0.000 0.000 0.000 0.000 0.000 0.000 0.000 0.000 0.000 0.000 0.000 0.000 0.000 0.000 0.000 0.000 0.000 0.000 0.000 0.000 0.000 0.000 0.000 0.000 0.000 0.000 0.000 0.000 0.000 0.000 0.000 0.000 0.000 0.000 0.000 0.000 0.000 0.000 0.000 0.000 0.000 0.000 0.000 0.000 0.000 0.000 0.000 0.000 0.000 0.000 0.000 0.000 0.000
0.009 0.009 0.009 0.009 0.009 0.009 0.008 0.008 0.008 0.007 0.007 0.006 0.006 0.005 0.005 0.004 0.003 0.003 0.002 0.002 0.001 0.001 0.000 0.000 0.000 0.000 0.000 0.000 0.000 0.000 0.000 0.000 0.000 0.000 0.000 0.000 0.000 0.000 0.000 0.000 0.000 0.000 0.000 0.000 0.000 0.000 0.000 0.000 0.000 0.000 0.000 0.000 0.000 0.000 0.000 0.000 0.000 0.000 0.000 0.000 0.000 0.000 0.000 0.000 0.000 0.000 0.000 0.000 0.000 0.000 0.000 0.000 0.000 0.000 0.000 0.000 0.000
0.006 0.006 0.006 0.006 0.006 0.006 0.006 0.005 0.005 0.005 0.005 0.004 0.004 0.003 0.003 0.002 0.002 0.001 0.001 0.001 0.000 0.000 0.000 0.000 0.000 0.000 0.000 0.000 0.000 0.000 0.000 0.000 0.000 0.000 0.000 0.000 0.000 0.000 0.000 0.000 0.000 0.000 0.000 0.000 0.000 0.000 0.000 0.000 0.000 0.000 0.000 0.000 0.000 0.000 0.000 0.000 0.000 0.000 0.000 0.000 0.000 0.000 0.000 0.000 0.000 0.000 0.000 0.000 0.000 0.000 0.000 0.000 0.000 0.000 0.000 0.000 0.000
0.004 0.004 0.004 0.004 0.004 0.004 0.004 0.004 0.003 0.003 0.003 0.002 0.002 0.002 0.001 0.001 0.001 0.000 0.000 0.000 0.000 0.000 0.000 0.000 0.000 0.000 0.000 0.000 0.000 0.000 0.000 0.000 0.000 0.000 0.000 0.000 0.000 0.000 0.000 0.000 0.000 0.000 0.000 0.000 0.000 0.000 0.000 0.000 0.000 0.000 0.000 0.000 0.000 0.000 0.000 0.000 0.000 0.000 0.000 0.000 0.000 0.000 0.000 0.000 0.000 0.000 0.000 0.000 0.000 0.000 0.000 0.000 0.000 0.000 0.000 0.000 0.000
0.003 0.003 0.002 0.002 0.002 0.002 0.002 0.002 0.002 0.002 0.001 0.001 0.001 0.001 0.000 0.000 0.000 0.000 0.000 0.000 0.000 0.000 0.000 0.000 0.000 0.000 0.000 0.000 0.000 0.000 0.000 0.000 0.000 0.000 0.000 0.000 0.000 0.000 0.000 0.000 0.000 0.000 0.000 0.000 0.000 0.000 0.000 0.000 0.000 0.000 0.000 0.000 0.000 0.000 0.000 0.000 0.000 0.000 0.000 0.000 0.000 0.000 0.000 0.000 0.000 0.000 0.000 0.000 0.000 0.000 0.000 0.000 0.000 0.000 0.000 0.000 0.000
0.001 0.001 0.001 0.001 0.001 0.001 0.001 0.001 0.001 0.001 0.000 0.000 0.000 0.000 0.000 0.000 0.000 0.000 0.000 0.000 0.000 0.000 0.000 0.000 0.000 0.000 0.000 0.000 0.000 0.000 0.000 0.000 0.000 0.000 0.000 0.000 0.000 0.000 0.000 0.000 0.000 0.000 0.000 0.000 0.000 0.000 0.000 0.000 0.000 0.000 0.000 0.000 0.000 0.000 0.000 0.000 0.000 0.000 0.000 0.000 0.000 0.000 0.000 0.000 0.000 0.000 0.000 0.000 0.000 0.000 0.000 0.000 0.000 0.000 0.000 0.000 0.000
0.000 0.000 0.000 0.000 0.000 0.000 0.000 0.000 0.000 0.000 0.000 0.000 0.000 0.000 0.000 0.000 0.000 0.000 0.000 0.000 0.000 0.000 0.000 0.000 0.000 0.000 0.000 0.000 0.000 0.000 0.000 0.000 0.000 0.000 0.000 0.000 0.000 0.000 0.000 0.000 0.000 0.000 0.000 0.000 0.000 0.000 0.000 0.000 0.000 0.000 0.000 0.000 0.000 0.000 0.000 0.000 0.000 0.000 0.000 0.000 0.000 0.000 0.000 0.000 0.000 0.000 0.000 0.000 0.000 0.000 0.000 0.000 0.000 0.000 0.000 0.000 0.000
0.000 0.000 0.000 0.000 0.000 0.000 0.000 0.000 0.000 0.000 0.000 0.000 0.000 0.000 0.000 0.000 0.000 0.000 0.000 0.000 0.000 0.000 0.000 0.000 0.000 0.000 0.000 0.000 0.000 0.000 0.000 0.000 0.000 0.000 0.000 0.000 0.000 0.000 0.000 0.000 0.000 0.000 0.000 0.000 0.000 0.000 0.000 0.000 0.000 0.000 0.000 0.000 0.000 0.000 0.000 0.000 0.000 0.000 0.000 0.000 0.000 0.000 0.000 0.000 0.000 0.000 0.000 0.000 0.000 0.000 0.000 0.000 0.000 0.000 0.000 0.000 0.000
0.000 0.000 0.000 0.000 0.000 0.000 0.000 0.000 0.000 0.000 0.000 0.000 0.000 0.000 0.000 0.000 0.000 0.000 0.000 0.000 0.000 0.000 0.000 0.000 0.000 0.000 0.000 0.000 0.000 0.000 0.000 0.000 0.000 0.000 0.000 0.000 0.000 0.000 0.000 0.000 0.000 0.000 0.000 0.000 0.000 0.000 0.000 0.000 0.000 0.000 0.000 0.000 0.000 0.000 0.000 0.000 0.000 0.000 0.000 0.000 0.000 0.000 0.000 0.000 0.000 0.000 0.000 0.000 0.000 0.000 0.000 0.000 0.000 0.000 0.000 0.000 0.000
0.000 0.000 0.000 0.000 0.000 0.000 0.000 0.000 0.000 0.000 0.000 0.000 0.000 0.000 0.000 0.000 0.000 0.000 0.000 0.000 0.000 0.000 0.000 0.000 0.000 0.000 0.000 0.000 0.000 0.000 0.000 0.000 0.000 0.000 0.000 0.000 0.000 0.000 0.000 0.000 0.000 0.000 0.000 0.000 0.000 0.000 0.000 0.000 0.000 0.000 0.000 0.000 0.000 0.000 0.000 0.000 0.000 0.000 0.000 0.000 0.000 0.000 0.000 0.000 0.000 0.000 0.000 0.000 0.000 0.000 0.000 0.000 0.000 0.000 0.000 0.000 0.000
0.000 0.000 0.000 0.000 0.000 0.000 0.000 0.000 0.000 0.000 0.000 0.000 0.000 0.000 0.000 0.000 0.000 0.000 0.000 0.000 0.000 0.000 0.000 0.000 0.000 0.000 0.000 0.000 0.000 0.000 0.000 0.000 0.000 0.000 0.000 0.000 0.000 0.000 0.000 0.000 0.000 0.000 0.000 0.000 0.000 0.000 0.000 0.000 0.000 0.000 0.000 0.000 0.000 0.000 0.000 0.000 0.000 0.000 0.000 0.000 0.000 0.000 0.000 0.000 0.000 0.000 0.000 0.000 0.000 0.000 0.000 0.000 0.000 0.000 0.000 0.000 0.000
0.000 0.000 0.000 0.000 0.000 0.000 0.000 0.000 0.000 0.000 0.000 0.000 0.000 0.000 0.000 0.000 0.000 0.000 0.000 0.000 0.000 0.000 0.000 0.000 0.000 0.000 0.000 0.000 0.000 0.000 0.000 0.000 0.000 0.000 0.000 0.000 0.000 0.000 0.000 0.000 0.000 0.000 0.000 0.000 0.000 0.000 0.000 0.000 0.000 0.000 0.000 0.000 0.000 0.000 0.000 0.000 0.000 0.000 0.000 0.000 0.000 0.000 0.000 0.000 0.000 0.000 0.000 0.000 0.000 0.000 0.000 0.000 0.000 0.000 0.000 0.000 0.000
