RESULTS/r.avaflow_results/41_results/41_ascii/41_hflow30047.asc
ncols 506
nrows 317
xllcenter 498237.50
yllcenter 5580050.00
cellsize 12.50
NODATA_value -9999.000
[rows 170 to 203 of 317, columns 154 to 230 of 506]
8.270 8.091 7.921 7.747 7.547 7.321 7.101 6.904 6.727 6.561 6.406 6.254 6.082 5.831 5.430 4.854 4.138 3.353 2.596 1.912 1.323 0.858 0.534 0.338 0.229 0.171 0.143 0.134 0.134 0.142 0.161 0.185 0.203 0.216 0.227 0.240 0.258 0.270 0.273 0.270 0.259 0.250 0.245 0.240 0.231 0.214 0.186 0.158 0.135 0.115 0.098 0.085 0.074 0.067 0.064 0.063 0.064 0.066 0.069 0.071 0.071 0.070 0.068 0.065 0.064 0.064 0.066 0.075 0.095 0.124 0.144 0.151 0.150 0.140 0.120 0.097 0.075
11.731 11.875 11.911 11.882 11.770 11.561 11.281 10.985 10.696 10.410 10.140 9.880 9.615 9.292 8.812 8.100 7.159 6.058 4.900 3.785 2.763 1.885 1.202 0.739 0.465 0.315 0.237 0.203 0.195 0.202 0.222 0.241 0.251 0.255 0.257 0.261 0.269 0.275 0.275 0.267 0.252 0.239 0.230 0.221 0.207 0.182 0.142 0.105 0.080 0.065 0.056 0.051 0.047 0.045 0.045 0.046 0.049 0.053 0.055 0.056 0.056 0.054 0.052 0.050 0.049 0.049 0.052 0.059 0.074 0.102 0.131 0.148 0.153 0.153 0.148 0.134 0.112
15.228 15.710 15.865 15.845 15.687 15.386 15.005 14.627 14.269 13.918 13.587 13.283 12.988 12.665 12.220 11.532 10.548 9.303 7.894 6.443 5.020 3.684 2.519 1.614 1.000 0.628 0.418 0.312 0.268 0.254 0.255 0.260 0.262 0.262 0.259 0.258 0.260 0.261 0.256 0.240 0.215 0.196 0.179 0.163 0.143 0.113 0.080 0.058 0.045 0.039 0.035 0.033 0.032 0.032 0.032 0.035 0.038 0.041 0.043 0.044 0.043 0.042 0.040 0.039 0.039 0.039 0.041 0.046 0.057 0.077 0.107 0.136 0.152 0.157 0.158 0.152 0.137
17.805 18.597 18.908 18.918 18.775 18.489 18.137 17.792 17.454 17.103 16.742 16.407 16.092 15.763 15.338 14.678 13.723 12.506 11.115 9.604 7.997 6.321 4.646 3.176 2.046 1.264 0.776 0.505 0.366 0.297 0.267 0.257 0.253 0.249 0.242 0.233 0.226 0.219 0.205 0.178 0.144 0.119 0.102 0.088 0.074 0.058 0.043 0.033 0.028 0.025 0.023 0.023 0.023 0.023 0.024 0.026 0.029 0.032 0.033 0.034 0.033 0.032 0.031 0.031 0.030 0.031 0.032 0.036 0.043 0.056 0.077 0.109 0.139 0.154 0.158 0.156 0.146
19.180 20.196 20.748 20.943 20.963 20.855 20.695 20.508 20.285 19.995 19.634 19.254 18.908 18.555 18.127 17.490 16.572 15.396 14.034 12.551 10.958 9.228 7.322 5.328 3.571 2.227 1.310 0.764 0.472 0.326 0.262 0.235 0.221 0.209 0.194 0.178 0.163 0.148 0.129 0.103 0.080 0.065 0.055 0.047 0.040 0.032 0.026 0.021 0.019 0.017 0.017 0.017 0.017 0.017 0.018 0.019 0.022 0.024 0.025 0.025 0.025 0.024 0.024 0.024 0.024 0.025 0.026 0.028 0.033 0.041 0.054 0.078 0.113 0.139 0.150 0.151 0.144
19.466 20.587 21.361 21.850 22.163 22.355 22.462 22.470 22.397 22.206 21.865 21.417 21.025 20.654 20.234 19.650 18.832 17.764 16.454 14.934 13.240 11.381 9.309 6.948 4.696 2.915 1.666 0.920 0.529 0.336 0.245 0.197 0.167 0.143 0.122 0.106 0.096 0.086 0.074 0.059 0.047 0.038 0.033 0.028 0.024 0.020 0.017 0.015 0.013 0.013 0.012 0.012 0.012 0.013 0.013 0.014 0.016 0.017 0.018 0.018 0.018 0.018 0.018 0.018 0.018 0.019 0.020 0.022 0.026 0.031 0.040 0.055 0.082 0.112 0.128 0.133 0.132
19.169 20.366 21.283 21.956 22.507 22.965 23.266 23.404 23.428 23.334 23.024 22.510 22.082 21.736 21.356 20.835 20.124 19.189 17.972 16.443 14.642 12.620 10.359 7.754 5.199 3.189 1.789 0.964 0.540 0.328 0.217 0.154 0.115 0.088 0.071 0.061 0.055 0.050 0.044 0.036 0.029 0.025 0.021 0.018 0.016 0.014 0.012 0.011 0.010 0.009 0.009 0.009 0.009 0.009 0.009 0.010 0.011 0.012 0.013 0.013 0.013 0.013 0.013 0.014 0.014 0.014 0.015 0.017 0.020 0.024 0.030 0.041 0.058 0.080 0.095 0.103 0.106
18.287 19.622 20.762 21.687 22.429 22.990 23.339 23.504 23.553 23.503 23.215 22.673 22.231 21.919 21.574 21.083 20.420 19.560 18.426 16.934 15.090 12.967 10.596 7.881 5.238 3.174 1.756 0.934 0.511 0.294 0.178 0.112 0.075 0.054 0.043 0.037 0.034 0.031 0.027 0.023 0.020 0.017 0.015 0.013 0.011 0.010 0.008 0.007 0.007 0.006 0.006 0.006 0.006 0.006 0.006 0.007 0.007 0.008 0.009 0.009 0.009 0.009 0.009 0.010 0.010 0.010 0.011 0.013 0.015 0.018 0.023 0.030 0.042 0.056 0.065 0.071 0.074
16.995 18.486 19.831 20.988 21.912 22.554 22.906 23.049 23.081 23.017 22.740 22.233 21.780 21.442 21.074 20.574 19.935 19.139 18.083 16.646 14.815 12.653 10.200 7.417 4.834 2.849 1.525 0.783 0.411 0.222 0.123 0.072 0.047 0.034 0.027 0.024 0.022 0.020 0.018 0.015 0.013 0.012 0.010 0.009 0.008 0.007 0.006 0.005 0.004 0.004 0.004 0.004 0.004 0.004 0.004 0.004 0.005 0.005 0.005 0.006 0.006 0.006 0.006 0.006 0.007 0.007 0.008 0.009 0.010 0.013 0.016 0.021 0.029 0.038 0.043 0.046 0.047
15.507 17.096 18.536 19.791 20.793 21.481 21.846 21.957 21.924 21.746 21.469 21.116 20.702 20.217 19.667 19.089 18.456 17.713 16.734 15.357 13.531 11.309 8.763 6.072 3.769 2.080 1.025 0.483 0.234 0.120 0.068 0.043 0.030 0.023 0.019 0.016 0.015 0.013 0.012 0.011 0.009 0.008 0.007 0.006 0.005 0.004 0.004 0.003 0.003 0.002 0.002 0.002 0.002 0.002 0.002 0.002 0.002 0.003 0.003 0.003 0.003 0.003 0.004 0.004 0.004 0.004 0.005 0.006 0.007 0.008 0.011 0.014 0.019 0.024 0.027 0.029 0.029
13.817 15.394 16.825 18.091 19.141 19.910 20.345 20.458 20.363 20.089 19.868 19.691 19.335 18.651 17.838 17.125 16.432 15.652 14.602 13.123 11.156 8.740 6.166 3.853 2.137 1.049 0.470 0.209 0.102 0.057 0.037 0.026 0.020 0.016 0.013 0.012 0.011 0.010 0.008 0.007 0.006 0.006 0.005 0.004 0.003 0.003 0.002 0.002 0.001 0.001 0.001 0.001 0.001 0.001 0.001 0.001 0.001 0.001 0.001 0.002 0.002 0.002 0.002 0.002 0.002 0.002 0.003 0.003 0.004 0.005 0.007 0.009 0.012 0.015 0.016 0.017 0.017
11.854 13.327 14.726 16.051 17.249 18.225 18.862 19.097 19.040 18.797 18.594 18.408 17.986 17.180 16.242 15.407 14.545 13.498 12.087 10.198 7.765 5.242 3.184 1.764 0.891 0.412 0.181 0.084 0.046 0.030 0.022 0.017 0.014 0.011 0.010 0.009 0.008 0.007 0.006 0.005 0.004 0.004 0.003 0.002 0.002 0.001 0.001 0.001 0.000 0.000 0.000 0.000 0.000 0.000 0.000 0.000 0.000 0.000 0.000 0.000 0.001 0.001 0.001 0.001 0.001 0.001 0.001 0.002 0.002 0.003 0.004 0.005 0.007 0.008 0.009 0.009 0.009
9.699 11.041 12.425 13.856 15.278 16.502 17.354 17.724 17.729 17.541 17.273 16.925 16.335 15.456 14.479 13.530 12.471 11.040 9.032 6.538 4.138 2.371 1.231 0.603 0.291 0.140 0.068 0.038 0.025 0.018 0.014 0.012 0.010 0.008 0.007 0.006 0.005 0.004 0.004 0.003 0.003 0.002 0.001 0.001 0.001 0.000 0.000 0.000 0.000 0.000 0.000 0.000 0.000 0.000 0.000 0.000 0.000 0.000 0.000 0.000 0.000 0.000 0.000 0.000 0.000 0.000 0.000 0.001 0.001 0.001 0.002 0.003 0.004 0.004 0.004 0.005 0.005
7.692 8.866 10.122 11.519 13.023 14.352 15.319 15.803 15.879 15.698 15.234 14.536 13.668 12.725 11.736 10.652 9.303 7.420 5.103 3.023 1.609 0.760 0.342 0.167 0.089 0.050 0.030 0.020 0.015 0.012 0.010 0.008 0.007 0.006 0.005 0.004 0.003 0.003 0.002 0.002 0.001 0.001 0.001 0.000 0.000 0.000 0.000 0.000 0.000 0.000 0.000 0.000 0.000 0.000 0.000 0.000 0.000 0.000 0.000 0.000 0.000 0.000 0.000 0.000 0.000 0.000 0.000 0.000 0.000 0.000 0.001 0.001 0.002 0.002 0.002 0.002 0.002
5.771 6.708 7.703 8.787 9.956 11.056 11.924 12.416 12.528 12.351 11.748 10.727 9.502 8.391 7.334 6.190 4.839 3.296 1.888 0.928 0.407 0.176 0.088 0.052 0.034 0.023 0.017 0.013 0.011 0.009 0.007 0.006 0.005 0.004 0.003 0.003 0.002 0.001 0.001 0.001 0.000 0.000 0.000 0.000 0.000 0.000 0.000 0.000 0.000 0.000 0.000 0.000 0.000 0.000 0.000 0.000 0.000 0.000 0.000 0.000 0.000 0.000 0.000 0.000 0.000 0.000 0.000 0.000 0.000 0.000 0.000 0.000 0.000 0.001 0.001 0.001 0.001
3.843 4.358 4.854 5.331 5.828 6.384 6.925 7.272 7.372 7.256 6.741 5.823 4.726 3.823 3.074 2.379 1.646 0.931 0.441 0.189 0.087 0.049 0.032 0.024 0.018 0.014 0.011 0.009 0.008 0.006 0.005 0.004 0.003 0.002 0.002 0.001 0.001 0.000 0.000 0.000 0.000 0.000 0.000 0.000 0.000 0.000 0.000 0.000 0.000 0.000 0.000 0.000 0.000 0.000 0.000 0.000 0.000 0.000 0.000 0.000 0.000 0.000 0.000 0.000 0.000 0.000 0.000 0.000 0.000 0.000 0.000 0.000 0.000 0.000 0.000 0.000 0.000
2.116 2.255 2.366 2.460 2.552 2.677 2.855 2.980 3.017 2.972 2.739 2.270 1.659 1.186 0.858 0.602 0.366 0.187 0.089 0.048 0.030 0.022 0.018 0.015 0.012 0.010 0.008 0.007 0.005 0.004 0.003 0.003 0.002 0.001 0.001 0.000 0.000 0.000 0.000 0.000 0.000 0.000 0.000 0.000 0.000 0.000 0.000 0.000 0.000 0.000 0.000 0.000 0.000 0.000 0.000 0.000 0.000 0.000 0.000 0.000 0.000 0.000 0.000 0.000 0.000 0.000 0.000 0.000 0.000 0.000 0.000 0.000 0.000 0.000 0.000 0.000 0.000
0.920 0.903 0.887 0.869 0.846 0.834 0.852 0.867 0.864 0.842 0.765 0.610 0.408 0.271 0.189 0.130 0.081 0.048 0.030 0.022 0.017 0.014 0.012 0.010 0.009 0.007 0.006 0.005 0.004 0.003 0.002 0.001 0.001 0.000 0.000 0.000 0.000 0.000 0.000 0.000 0.000 0.000 0.000 0.000 0.000 0.000 0.000 0.000 0.000 0.000 0.000 0.000 0.000 0.000 0.000 0.000 0.000 0.000 0.000 0.000 0.000 0.000 0.000 0.000 0.000 0.000 0.000 0.000 0.000 0.000 0.000 0.000 0.000 0.000 0.000 0.000 0.000
0.317 0.293 0.282 0.272 0.257 0.240 0.230 0.223 0.215 0.205 0.184 0.147 0.100 0.070 0.052 0.039 0.029 0.022 0.017 0.014 0.012 0.010 0.009 0.007 0.006 0.005 0.004 0.003 0.002 0.002 0.001 0.001 0.000 0.000 0.000 0.000 0.000 0.000 0.000 0.000 0.000 0.000 0.000 0.000 0.000 0.000 0.000 0.000 0.000 0.000 0.000 0.000 0.000 0.000 0.000 0.000 0.000 0.000 0.000 0.000 0.000 0.000 0.000 0.000 0.000 0.000 0.000 0.000 0.000 0.000 0.000 0.000 0.000 0.000 0.000 0.000 0.000
0.104 0.098 0.096 0.095 0.090 0.081 0.073 0.068 0.064 0.060 0.055 0.046 0.035 0.028 0.023 0.019 0.016 0.014 0.012 0.010 0.009 0.007 0.006 0.005 0.004 0.003 0.002 0.002 0.001 0.001 0.000 0.000 0.000 0.000 0.000 0.000 0.000 0.000 0.000 0.000 0.000 0.000 0.000 0.000 0.000 0.000 0.000 0.000 0.000 0.000 0.000 0.000 0.000 0.000 0.000 0.000 0.000 0.000 0.000 0.000 0.000 0.000 0.000 0.000 0.000 0.000 0.000 0.000 0.000 0.000 0.000 0.000 0.000 0.000 0.000 0.000 0.000
0.041 0.040 0.040 0.040 0.039 0.035 0.032 0.029 0.027 0.026 0.024 0.022 0.019 0.017 0.015 0.013 0.011 0.010 0.008 0.007 0.006 0.005 0.004 0.003 0.003 0.002 0.001 0.001 0.000 0.000 0.000 0.000 0.000 0.000 0.000 0.000 0.000 0.000 0.000 0.000 0.000 0.000 0.000 0.000 0.000 0.000 0.000 0.000 0.000 0.000 0.000 0.000 0.000 0.000 0.000 0.000 0.000 0.000 0.000 0.000 0.000 0.000 0.000 0.000 0.000 0.000 0.000 0.000 0.000 0.000 0.000 0.000 0.000 0.000 0.000 0.000 0.000
0.021 0.021 0.021 0.021 0.021 0.020 0.018 0.017 0.016 0.015 0.015 0.014 0.013 0.012 0.010 0.009 0.008 0.007 0.006 0.005 0.004 0.003 0.003 0.002 0.001 0.001 0.000 0.000 0.000 0.000 0.000 0.000 0.000 0.000 0.000 0.000 0.000 0.000 0.000 0.000 0.000 0.000 0.000 0.000 0.000 0.000 0.000 0.000 0.000 0.000 0.000 0.000 0.000 0.000 0.000 0.000 0.000 0.000 0.000 0.000 0.000 0.000 0.000 0.000 0.000 0.000 0.000 0.000 0.000 0.000 0.000 0.000 0.000 0.000 0.000 0.000 0.000
0.013 0.013 0.013 0.013 0.013 0.013 0.012 0.011 0.011 0.010 0.010 0.009 0.009 0.008 0.007 0.006 0.005 0.004 0.004 0.003 0.002 0.002 0.001 0.001 0.000 0.000 0.000 0.000 0.000 0.000 0.000 0.000 0.000 0.000 0.000 0.000 0.000 0.000 0.000 0.000 0.000 0.000 0.000 0.000 0.000 0.000 0.000 0.000 0.000 0.000 0.000 0.000 0.000 0.000 0.000 0.000 0.000 0.000 0.000 0.000 0.000 0.000 0.000 0.000 0.000 0.000 0.000 0.000 0.000 0.000 0.000 0.000 0.000 0.000 0.000 0.000 0.000
0.008 0.009 0.009 0.009 0.009 0.008 0.008 0.008 0.007 0.007 0.007 0.006 0.006 0.005 0.005 0.004 0.003 0.003 0.002 0.002 0.001 0.001 0.000 0.000 0.000 0.000 0.000 0.000 0.000 0.000 0.000 0.000 0.000 0.000 0.000 0.000 0.000 0.000 0.000 0.000 0.000 0.000 0.000 0.000 0.000 0.000 0.000 0.000 0.000 0.000 0.000 0.000 0.000 0.000 0.000 0.000 0.000 0.000 0.000 0.000 0.000 0.000 0.000 0.000 0.000 0.000 0.000 0.000 0.000 0.000 0.000 0.000 0.000 0.000 0.000 0.000 0.000
0.006 0.006 0.006 0.006 0.006 0.006 0.006 0.005 0.005 0.005 0.005 0.004 0.004 0.003 0.003 0.002 0.002 0.001 0.001 0.001 0.000 0.000 0.000 0.000 0.000 0.000 0.000 0.000 0.000 0.000 0.000 0.000 0.000 0.000 0.000 0.000 0.000 0.000 0.000 0.000 0.000 0.000 0.000 0.000 0.000 0.000 0.000 0.000 0.000 0.000 0.000 0.000 0.000 0.000 0.000 0.000 0.000 0.000 0.000 0.000 0.000 0.000 0.000 0.000 0.000 0.000 0.000 0.000 0.000 0.000 0.000 0.000 0.000 0.000 0.000 0.000 0.000
0.004 0.004 0.004 0.004 0.004 0.004 0.004 0.003 0.003 0.003 0.003 0.002 0.002 0.002 0.001 0.001 0.001 0.000 0.000 0.000 0.000 0.000 0.000 0.000 0.000 0.000 0.000 0.000 0.000 0.000 0.000 0.000 0.000 0.000 0.000 0.000 0.000 0.000 0.000 0.000 0.000 0.000 0.000 0.000 0.000 0.000 0.000 0.000 0.000 0.000 0.000 0.000 0.000 0.000 0.000 0.000 0.000 0.000 0.000 0.000 0.000 0.000 0.000 0.000 0.000 0.000 0.000 0.000 0.000 0.000 0.000 0.000 0.000 0.000 0.000 0.000 0.000
0.002 0.002 0.002 0.002 0.002 0.002 0.002 0.002 0.002 0.002 0.001 0.001 0.001 0.001 0.000 0.000 0.000 0.000 0.000 0.000 0.000 0.000 0.000 0.000 0.000 0.000 0.000 0.000 0.000 0.000 0.000 0.000 0.000 0.000 0.000 0.000 0.000 0.000 0.000 0.000 0.000 0.000 0.000 0.000 0.000 0.000 0.000 0.000 0.000 0.000 0.000 0.000 0.000 0.000 0.000 0.000 0.000 0.000 0.000 0.000 0.000 0.000 0.000 0.000 0.000 0.000 0.000 0.000 0.000 0.000 0.000 0.000 0.000 0.000 0.000 0.000 0.000
0.001 0.001 0.001 0.001 0.001 0.001 0.001 0.001 0.001 0.001 0.000 0.000 0.000 0.000 0.000 0.000 0.000 0.000 0.000 0.000 0.000 0.000 0.000 0.000 0.000 0.000 0.000 0.000 0.000 0.000 0.000 0.000 0.000 0.000 0.000 0.000 0.000 0.000 0.000 0.000 0.000 0.000 0.000 0.000 0.000 0.000 0.000 0.000 0.000 0.000 0.000 0.000 0.000 0.000 0.000 0.000 0.000 0.000 0.000 0.000 0.000 0.000 0.000 0.000 0.000 0.000 0.000 0.000 0.000 0.000 0.000 0.000 0.000 0.000 0.000 0.000 0.000
0.000 0.000 0.000 0.000 0.000 0.000 0.000 0.000 0.000 0.000 0.000 0.000 0.000 0.000 0.000 0.000 0.000 0.000 0.000 0.000 0.000 0.000 0.000 0.000 0.000 0.000 0.000 0.000 0.000 0.000 0.000 0.000 0.000 0.000 0.000 0.000 0.000 0.000 0.000 0.000 0.000 0.000 0.000 0.000 0.000 0.000 0.000 0.000 0.000 0.000 0.000 0.000 0.000 0.000 0.000 0.000 0.000 0.000 0.000 0.000 0.000 0.000 0.000 0.000 0.000 0.000 0.000 0.000 0.000 0.000 0.000 0.000 0.000 0.000 0.000 0.000 0.000
0.000 0.000 0.000 0.000 0.000 0.000 0.000 0.000 0.000 0.000 0.000 0.000 0.000 0.000 0.000 0.000 0.000 0.000 0.000 0.000 0.000 0.000 0.000 0.000 0.000 0.000 0.000 0.000 0.000 0.000 0.000 0.000 0.000 0.000 0.000 0.000 0.000 0.000 0.000 0.000 0.000 0.000 0.000 0.000 0.000 0.000 0.000 0.000 0.000 0.000 0.000 0.000 0.000 0.000 0.000 0.000 0.000 0.000 0.000 0.000 0.000 0.000 0.000 0.000 0.000 0.000 0.000 0.000 0.000 0.000 0.000 0.000 0.000 0.000 0.000 0.000 0.000
0.000 0.000 0.000 0.000 0.000 0.000 0.000 0.000 0.000 0.000 0.000 0.000 0.000 0.000 0.000 0.000 0.000 0.000 0.000 0.000 0.000 0.000 0.000 0.000 0.000 0.000 0.000 0.000 0.000 0.000 0.000 0.000 0.000 0.000 0.000 0.000 0.000 0.000 0.000 0.000 0.000 0.000 0.000 0.000 0.000 0.000 0.000 0.000 0.000 0.000 0.000 0.000 0.000 0.000 0.000 0.000 0.000 0.000 0.000 0.000 0.000 0.000 0.000 0.000 0.000 0.000 0.000 0.000 0.000 0.000 0.000 0.000 0.000 0.000 0.000 0.000 0.000
0.000 0.000 0.000 0.000 0.000 0.000 0.000 0.000 0.000 0.000 0.000 0.000 0.000 0.000 0.000 0.000 0.000 0.000 0.000 0.000 0.000 0.000 0.000 0.000 0.000 0.000 0.000 0.000 0.000 0.000 0.000 0.000 0.000 0.000 0.000 0.000 0.000 0.000 0.000 0.000 0.000 0.000 0.000 0.000 0.000 0.000 0.000 0.000 0.000 0.000 0.000 0.000 0.000 0.000 0.000 0.000 0.000 0.000 0.000 0.000 0.000 0.000 0.000 0.000 0.000 0.000 0.000 0.000 0.000 0.000 0.000 0.000 0.000 0.000 0.000 0.000 0.000
0.000 0.000 0.000 0.000 0.000 0.000 0.000 0.000 0.000 0.000 0.000 0.000 0.000 0.000 0.000 0.000 0.000 0.000 0.000 0.000 0.000 0.000 0.000 0.000 0.000 0.000 0.000 0.000 0.000 0.000 0.000 0.000 0.000 0.000 0.000 0.000 0.000 0.000 0.000 0.000 0.000 0.000 0.000 0.000 0.000 0.000 0.000 0.000 0.000 0.000 0.000 0.000 0.000 0.000 0.000 0.000 0.000 0.000 0.000 0.000 0.000 0.000 0.000 0.000 0.000 0.000 0.000 0.000 0.000 0.000 0.000 0.000 0.000 0.000 0.000 0.000 0.000
0.000 0.000 0.000 0.000 0.000 0.000 0.000 0.000 0.000 0.000 0.000 0.000 0.000 0.000 0.000 0.000 0.000 0.000 0.000 0.000 0.000 0.000 0.000 0.000 0.000 0.000 0.000 0.000 0.000 0.000 0.000 0.000 0.000 0.000 0.000 0.000 0.000 0.000 0.000 0.000 0.000 0.000 0.000 0.000 0.000 0.000 0.000 0.000 0.000 0.000 0.000 0.000 0.000 0.000 0.000 0.000 0.000 0.000 0.000 0.000 0.000 0.000 0.000 0.000 0.000 0.000 0.000 0.000 0.000 0.000 0.000 0.000 0.000 0.000 0.000 0.000 0.000
