RESULTS/r.avaflow_results/41_results/41_ascii/41_hflow_max0039.asc
ncols 506
nrows 317
xllcenter 498237.50
yllcenter 5580050.00
cellsize 12.50
NODATA_value -9999.000
[rows 170 to 203 of 317, columns 154 to 230 of 506]
11.908 11.901 11.865 11.761 11.549 11.274 10.985 10.697 10.399 10.138 9.910 9.729 9.553 9.276 8.738 7.906 6.855 5.697 4.587 3.541 2.579 1.752 1.119 0.718 0.476 0.334 0.274 0.259 0.270 0.306 0.348 0.370 0.385 0.388 0.386 0.391 0.394 0.390 0.380 0.373 0.360 0.342 0.329 0.324 0.315 0.293 0.257 0.212 0.175 0.146 0.120 0.099 0.084 0.075 0.069 0.067 0.067 0.068 0.070 0.071 0.072 0.072 0.071 0.069 0.067 0.063 0.063 0.069 0.082 0.097 0.104 0.104 0.095 0.070 0.042 0.023 0.013
15.753 15.977 16.015 15.887 15.570 15.150 14.704 14.252 13.789 13.353 12.995 12.680 12.405 12.077 11.552 10.744 9.714 8.559 7.297 5.866 4.422 3.154 2.132 1.375 0.892 0.609 0.447 0.394 0.384 0.396 0.412 0.418 0.418 0.414 0.403 0.399 0.398 0.394 0.385 0.371 0.351 0.327 0.309 0.297 0.279 0.246 0.193 0.141 0.103 0.080 0.066 0.057 0.051 0.048 0.047 0.047 0.049 0.051 0.054 0.055 0.055 0.054 0.052 0.050 0.048 0.046 0.047 0.051 0.059 0.070 0.076 0.078 0.076 0.063 0.040 0.022 0.011
19.454 19.873 19.893 19.646 19.170 18.600 18.034 17.472 16.932 16.388 15.941 15.570 15.224 14.848 14.323 13.480 12.380 11.179 9.920 8.552 6.989 5.299 3.784 2.583 1.709 1.128 0.773 0.595 0.512 0.459 0.429 0.424 0.419 0.416 0.405 0.390 0.382 0.372 0.355 0.329 0.298 0.265 0.232 0.208 0.180 0.145 0.104 0.073 0.055 0.045 0.038 0.035 0.033 0.032 0.033 0.034 0.037 0.039 0.041 0.042 0.041 0.041 0.039 0.037 0.035 0.035 0.035 0.037 0.041 0.046 0.049 0.050 0.050 0.045 0.032 0.017 0.009
22.139 22.730 22.800 22.597 22.154 21.612 21.079 20.555 20.019 19.466 18.894 18.409 18.069 17.716 17.182 16.330 15.190 13.882 12.517 11.103 9.600 7.912 6.091 4.398 3.027 2.000 1.332 0.899 0.651 0.529 0.449 0.416 0.399 0.387 0.370 0.345 0.321 0.299 0.276 0.248 0.212 0.170 0.131 0.104 0.088 0.071 0.052 0.039 0.032 0.027 0.024 0.023 0.023 0.023 0.023 0.025 0.028 0.030 0.031 0.032 0.031 0.031 0.029 0.028 0.027 0.026 0.026 0.026 0.028 0.030 0.030 0.030 0.029 0.025 0.018 0.010 0.005
23.286 24.098 24.411 24.436 24.247 23.982 23.681 23.334 22.918 22.408 21.809 21.273 20.858 20.454 19.900 19.056 17.926 16.634 15.196 13.663 12.037 10.311 8.357 6.327 4.516 3.062 2.005 1.304 0.861 0.595 0.452 0.380 0.338 0.308 0.282 0.250 0.215 0.186 0.167 0.145 0.115 0.085 0.064 0.052 0.045 0.037 0.029 0.024 0.020 0.018 0.017 0.016 0.016 0.016 0.017 0.018 0.021 0.022 0.023 0.023 0.023 0.023 0.022 0.021 0.020 0.019 0.019 0.018 0.018 0.018 0.018 0.017 0.016 0.013 0.009 0.005 0.003
23.293 24.221 24.786 25.079 25.263 25.390 25.362 25.217 24.959 24.527 23.871 23.258 22.829 22.436 21.911 21.172 20.222 19.024 17.571 15.896 14.072 12.252 10.331 8.115 5.826 3.897 2.517 1.576 0.987 0.628 0.437 0.326 0.252 0.199 0.162 0.136 0.114 0.101 0.092 0.079 0.060 0.045 0.034 0.030 0.026 0.022 0.018 0.016 0.014 0.013 0.012 0.012 0.012 0.012 0.013 0.014 0.015 0.016 0.017 0.017 0.017 0.016 0.016 0.015 0.014 0.014 0.013 0.012 0.012 0.011 0.011 0.010 0.009 0.007 0.004 0.002 0.001
22.653 23.771 24.552 25.055 25.484 25.797 25.862 25.811 25.682 25.366 24.807 24.036 23.568 23.316 22.861 22.197 21.425 20.455 19.197 17.588 15.732 13.774 11.648 9.134 6.488 4.260 2.714 1.657 1.016 0.628 0.404 0.271 0.181 0.119 0.087 0.071 0.061 0.056 0.051 0.043 0.033 0.026 0.022 0.019 0.017 0.015 0.013 0.011 0.010 0.009 0.009 0.009 0.009 0.009 0.009 0.010 0.011 0.011 0.011 0.012 0.012 0.011 0.011 0.011 0.010 0.009 0.009 0.008 0.007 0.007 0.006 0.005 0.004 0.003 0.002 0.001 0.000
21.582 22.827 23.864 24.664 25.287 25.654 25.827 25.797 25.712 25.532 25.061 24.220 23.685 23.479 23.206 22.638 21.944 21.119 19.929 18.321 16.372 14.256 11.992 9.353 6.562 4.263 2.671 1.601 0.966 0.577 0.346 0.202 0.116 0.068 0.048 0.040 0.036 0.033 0.029 0.025 0.021 0.018 0.015 0.013 0.011 0.010 0.009 0.008 0.007 0.006 0.006 0.006 0.006 0.006 0.006 0.006 0.007 0.007 0.007 0.008 0.008 0.007 0.007 0.007 0.007 0.006 0.005 0.005 0.004 0.004 0.003 0.002 0.002 0.001 0.001 0.000 0.000
20.394 21.711 22.900 23.900 24.694 25.182 25.286 25.211 25.084 24.896 24.455 23.664 23.089 22.832 22.561 22.001 21.293 20.513 19.423 17.895 15.985 13.820 11.498 8.827 6.052 3.849 2.316 1.333 0.760 0.426 0.232 0.120 0.065 0.039 0.030 0.026 0.023 0.021 0.019 0.016 0.014 0.012 0.010 0.009 0.008 0.007 0.006 0.005 0.004 0.004 0.004 0.004 0.004 0.004 0.004 0.004 0.004 0.004 0.004 0.004 0.004 0.004 0.004 0.004 0.004 0.003 0.003 0.003 0.002 0.002 0.001 0.001 0.001 0.000 0.000 0.000 0.000
19.254 20.608 21.838 22.849 23.612 24.030 24.096 24.005 23.723 23.226 22.751 22.259 21.771 21.212 20.626 19.965 19.246 18.494 17.568 16.210 14.376 12.231 9.873 7.302 4.785 2.898 1.571 0.801 0.401 0.199 0.106 0.059 0.034 0.025 0.020 0.017 0.016 0.014 0.013 0.011 0.010 0.008 0.007 0.006 0.005 0.004 0.004 0.003 0.003 0.002 0.002 0.002 0.002 0.002 0.002 0.002 0.002 0.002 0.002 0.002 0.002 0.002 0.002 0.002 0.002 0.002 0.001 0.001 0.001 0.001 0.000 0.000 0.000 0.000 0.000 0.000 0.000
18.018 19.412 20.582 21.521 22.205 22.586 22.691 22.573 22.102 21.313 20.940 20.888 20.564 19.696 18.761 18.002 17.256 16.457 15.426 13.972 12.033 9.676 7.223 4.859 2.959 1.597 0.776 0.341 0.153 0.080 0.047 0.029 0.022 0.017 0.014 0.012 0.011 0.010 0.009 0.008 0.007 0.006 0.005 0.004 0.003 0.003 0.002 0.002 0.001 0.001 0.001 0.001 0.001 0.001 0.001 0.001 0.001 0.001 0.001 0.001 0.001 0.001 0.001 0.001 0.001 0.001 0.000 0.000 0.000 0.000 0.000 0.000 0.000 0.000 0.000 0.000 0.000
16.508 17.857 19.074 20.077 20.829 21.342 21.556 21.500 21.062 20.296 19.947 19.901 19.543 18.475 17.469 16.701 15.871 14.721 13.167 11.208 8.962 6.360 4.041 2.426 1.349 0.685 0.312 0.134 0.064 0.037 0.025 0.019 0.015 0.012 0.010 0.009 0.008 0.007 0.006 0.005 0.004 0.004 0.003 0.002 0.002 0.001 0.001 0.001 0.000 0.000 0.000 0.000 0.000 0.000 0.000 0.000 0.000 0.000 0.000 0.000 0.000 0.000 0.000 0.000 0.000 0.000 0.000 0.000 0.000 0.000 0.000 0.000 0.000 0.000 0.000 0.000 0.000
14.677 15.976 17.309 18.537 19.530 20.310 20.652 20.590 20.232 19.501 18.992 18.545 17.857 16.837 15.946 15.160 14.180 12.672 10.662 8.255 5.488 3.084 1.737 0.929 0.479 0.237 0.111 0.054 0.031 0.021 0.016 0.013 0.011 0.009 0.007 0.006 0.005 0.005 0.004 0.003 0.003 0.002 0.001 0.001 0.001 0.000 0.000 0.000 0.000 0.000 0.000 0.000 0.000 0.000 0.000 0.000 0.000 0.000 0.000 0.000 0.000 0.000 0.000 0.000 0.000 0.000 0.000 0.000 0.000 0.000 0.000 0.000 0.000 0.000 0.000 0.000 0.000
12.753 13.988 15.300 16.562 17.622 18.343 18.739 18.766 18.564 17.875 16.956 15.968 14.914 14.016 13.196 12.296 11.045 9.120 6.565 3.939 2.179 1.117 0.542 0.271 0.144 0.078 0.043 0.026 0.018 0.014 0.011 0.009 0.008 0.006 0.005 0.004 0.003 0.003 0.002 0.002 0.001 0.001 0.001 0.000 0.000 0.000 0.000 0.000 0.000 0.000 0.000 0.000 0.000 0.000 0.000 0.000 0.000 0.000 0.000 0.000 0.000 0.000 0.000 0.000 0.000 0.000 0.000 0.000 0.000 0.000 0.000 0.000 0.000 0.000 0.000 0.000 0.000
10.685 11.669 12.691 13.591 14.249 14.692 15.003 15.122 15.065 14.500 13.409 12.113 10.919 9.927 8.910 7.697 6.089 4.273 2.554 1.341 0.648 0.291 0.140 0.079 0.049 0.031 0.021 0.015 0.012 0.010 0.008 0.006 0.005 0.004 0.003 0.003 0.002 0.001 0.001 0.001 0.000 0.000 0.000 0.000 0.000 0.000 0.000 0.000 0.000 0.000 0.000 0.000 0.000 0.000 0.000 0.000 0.000 0.000 0.000 0.000 0.000 0.000 0.000 0.000 0.000 0.000 0.000 0.000 0.000 0.000 0.000 0.000 0.000 0.000 0.000 0.000 0.000
8.179 8.768 9.095 9.201 9.170 9.082 9.189 9.389 9.508 9.258 8.427 7.306 5.992 4.792 3.873 3.080 2.233 1.337 0.696 0.321 0.146 0.074 0.045 0.031 0.022 0.017 0.013 0.010 0.008 0.007 0.005 0.004 0.003 0.003 0.002 0.001 0.001 0.001 0.000 0.000 0.000 0.000 0.000 0.000 0.000 0.000 0.000 0.000 0.000 0.000 0.000 0.000 0.000 0.000 0.000 0.000 0.000 0.000 0.000 0.000 0.000 0.000 0.000 0.000 0.000 0.000 0.000 0.000 0.000 0.000 0.000 0.000 0.000 0.000 0.000 0.000 0.000
5.574 5.605 5.198 5.050 4.846 4.535 4.143 3.873 3.873 3.873 3.444 2.936 2.218 1.627 1.202 0.872 0.569 0.310 0.150 0.074 0.042 0.029 0.021 0.017 0.013 0.011 0.009 0.007 0.006 0.005 0.004 0.003 0.002 0.001 0.001 0.000 0.000 0.000 0.000 0.000 0.000 0.000 0.000 0.000 0.000 0.000 0.000 0.000 0.000 0.000 0.000 0.000 0.000 0.000 0.000 0.000 0.000 0.000 0.000 0.000 0.000 0.000 0.000 0.000 0.000 0.000 0.000 0.000 0.000 0.000 0.000 0.000 0.000 0.000 0.000 0.000 0.000
3.278 3.460 3.567 3.473 3.165 2.520 1.816 1.406 1.229 1.156 1.057 0.870 0.609 0.413 0.291 0.203 0.129 0.074 0.042 0.027 0.020 0.016 0.013 0.011 0.009 0.008 0.006 0.005 0.004 0.003 0.002 0.001 0.001 0.000 0.000 0.000 0.000 0.000 0.000 0.000 0.000 0.000 0.000 0.000 0.000 0.000 0.000 0.000 0.000 0.000 0.000 0.000 0.000 0.000 0.000 0.000 0.000 0.000 0.000 0.000 0.000 0.000 0.000 0.000 0.000 0.000 0.000 0.000 0.000 0.000 0.000 0.000 0.000 0.000 0.000 0.000 0.000
2.831 3.007 3.111 3.008 2.680 1.900 1.042 0.575 0.388 0.315 0.273 0.222 0.151 0.104 0.076 0.055 0.039 0.027 0.020 0.015 0.013 0.011 0.009 0.008 0.007 0.005 0.004 0.003 0.002 0.002 0.001 0.001 0.000 0.000 0.000 0.000 0.000 0.000 0.000 0.000 0.000 0.000 0.000 0.000 0.000 0.000 0.000 0.000 0.000 0.000 0.000 0.000 0.000 0.000 0.000 0.000 0.000 0.000 0.000 0.000 0.000 0.000 0.000 0.000 0.000 0.000 0.000 0.000 0.000 0.000 0.000 0.000 0.000 0.000 0.000 0.000 0.000
2.677 2.770 2.848 2.841 2.473 1.702 0.841 0.361 0.172 0.107 0.083 0.066 0.049 0.037 0.030 0.024 0.019 0.015 0.013 0.011 0.009 0.008 0.007 0.005 0.004 0.003 0.003 0.002 0.001 0.001 0.000 0.000 0.000 0.000 0.000 0.000 0.000 0.000 0.000 0.000 0.000 0.000 0.000 0.000 0.000 0.000 0.000 0.000 0.000 0.000 0.000 0.000 0.000 0.000 0.000 0.000 0.000 0.000 0.000 0.000 0.000 0.000 0.000 0.000 0.000 0.000 0.000 0.000 0.000 0.000 0.000 0.000 0.000 0.000 0.000 0.000 0.000
2.582 2.604 2.619 2.527 2.204 2.046 0.821 0.310 0.115 0.053 0.036 0.028 0.023 0.019 0.016 0.014 0.012 0.010 0.009 0.008 0.006 0.005 0.004 0.004 0.003 0.002 0.001 0.001 0.000 0.000 0.000 0.000 0.000 0.000 0.000 0.000 0.000 0.000 0.000 0.000 0.000 0.000 0.000 0.000 0.000 0.000 0.000 0.000 0.000 0.000 0.000 0.000 0.000 0.000 0.000 0.000 0.000 0.000 0.000 0.000 0.000 0.000 0.000 0.000 0.000 0.000 0.000 0.000 0.000 0.000 0.000 0.000 0.000 0.000 0.000 0.000 0.000
2.484 2.453 2.386 2.272 2.067 2.022 0.930 0.320 0.096 0.036 0.020 0.016 0.014 0.013 0.011 0.010 0.008 0.007 0.006 0.005 0.004 0.003 0.003 0.002 0.001 0.001 0.000 0.000 0.000 0.000 0.000 0.000 0.000 0.000 0.000 0.000 0.000 0.000 0.000 0.000 0.000 0.000 0.000 0.000 0.000 0.000 0.000 0.000 0.000 0.000 0.000 0.000 0.000 0.000 0.000 0.000 0.000 0.000 0.000 0.000 0.000 0.000 0.000 0.000 0.000 0.000 0.000 0.000 0.000 0.000 0.000 0.000 0.000 0.000 0.000 0.000 0.000
2.322 2.238 2.138 2.050 2.022 2.013 2.013 0.360 0.085 0.026 0.014 0.011 0.010 0.009 0.008 0.007 0.006 0.005 0.004 0.003 0.003 0.002 0.001 0.001 0.001 0.000 0.000 0.000 0.000 0.000 0.000 0.000 0.000 0.000 0.000 0.000 0.000 0.000 0.000 0.000 0.000 0.000 0.000 0.000 0.000 0.000 0.000 0.000 0.000 0.000 0.000 0.000 0.000 0.000 0.000 0.000 0.000 0.000 0.000 0.000 0.000 0.000 0.000 0.000 0.000 0.000 0.000 0.000 0.000 0.000 0.000 0.000 0.000 0.000 0.000 0.000 0.000
2.047 2.009 2.010 2.009 2.009 2.009 2.009 0.324 0.060 0.017 0.009 0.007 0.007 0.006 0.005 0.004 0.003 0.003 0.002 0.002 0.001 0.001 0.000 0.000 0.000 0.000 0.000 0.000 0.000 0.000 0.000 0.000 0.000 0.000 0.000 0.000 0.000 0.000 0.000 0.000 0.000 0.000 0.000 0.000 0.000 0.000 0.000 0.000 0.000 0.000 0.000 0.000 0.000 0.000 0.000 0.000 0.000 0.000 0.000 0.000 0.000 0.000 0.000 0.000 0.000 0.000 0.000 0.000 0.000 0.000 0.000 0.000 0.000 0.000 0.000 0.000 0.000
2.006 2.006 2.006 2.006 0.657 0.438 0.323 0.107 0.023 0.009 0.006 0.005 0.004 0.004 0.003 0.002 0.002 0.001 0.001 0.001 0.000 0.000 0.000 0.000 0.000 0.000 0.000 0.000 0.000 0.000 0.000 0.000 0.000 0.000 0.000 0.000 0.000 0.000 0.000 0.000 0.000 0.000 0.000 0.000 0.000 0.000 0.000 0.000 0.000 0.000 0.000 0.000 0.000 0.000 0.000 0.000 0.000 0.000 0.000 0.000 0.000 0.000 0.000 0.000 0.000 0.000 0.000 0.000 0.000 0.000 0.000 0.000 0.000 0.000 0.000 0.000 0.000
2.004 2.004 0.697 0.312 0.134 0.077 0.047 0.020 0.009 0.005 0.003 0.003 0.002 0.002 0.001 0.001 0.001 0.000 0.000 0.000 0.000 0.000 0.000 0.000 0.000 0.000 0.000 0.000 0.000 0.000 0.000 0.000 0.000 0.000 0.000 0.000 0.000 0.000 0.000 0.000 0.000 0.000 0.000 0.000 0.000 0.000 0.000 0.000 0.000 0.000 0.000 0.000 0.000 0.000 0.000 0.000 0.000 0.000 0.000 0.000 0.000 0.000 0.000 0.000 0.000 0.000 0.000 0.000 0.000 0.000 0.000 0.000 0.000 0.000 0.000 0.000 0.000
0.434 0.321 0.144 0.055 0.027 0.016 0.011 0.006 0.004 0.002 0.002 0.001 0.001 0.001 0.000 0.000 0.000 0.000 0.000 0.000 0.000 0.000 0.000 0.000 0.000 0.000 0.000 0.000 0.000 0.000 0.000 0.000 0.000 0.000 0.000 0.000 0.000 0.000 0.000 0.000 0.000 0.000 0.000 0.000 0.000 0.000 0.000 0.000 0.000 0.000 0.000 0.000 0.000 0.000 0.000 0.000 0.000 0.000 0.000 0.000 0.000 0.000 0.000 0.000 0.000 0.000 0.000 0.000 0.000 0.000 0.000 0.000 0.000 0.000 0.000 0.000 0.000
0.074 0.049 0.026 0.012 0.007 0.005 0.004 0.003 0.002 0.001 0.000 0.000 0.000 0.000 0.000 0.000 0.000 0.000 0.000 0.000 0.000 0.000 0.000 0.000 0.000 0.000 0.000 0.000 0.000 0.000 0.000 0.000 0.000 0.000 0.000 0.000 0.000 0.000 0.000 0.000 0.000 0.000 0.000 0.000 0.000 0.000 0.000 0.000 0.000 0.000 0.000 0.000 0.000 0.000 0.000 0.000 0.000 0.000 0.000 0.000 0.000 0.000 0.000 0.000 0.000 0.000 0.000 0.000 0.000 0.000 0.000 0.000 0.000 0.000 0.000 0.000 0.000
0.015 0.010 0.006 0.004 0.003 0.002 0.002 0.001 0.001 0.000 0.000 0.000 0.000 0.000 0.000 0.000 0.000 0.000 0.000 0.000 0.000 0.000 0.000 0.000 0.000 0.000 0.000 0.000 0.000 0.000 0.000 0.000 0.000 0.000 0.000 0.000 0.000 0.000 0.000 0.000 0.000 0.000 0.000 0.000 0.000 0.000 0.000 0.000 0.000 0.000 0.000 0.000 0.000 0.000 0.000 0.000 0.000 0.000 0.000 0.000 0.000 0.000 0.000 0.000 0.000 0.000 0.000 0.000 0.000 0.000 0.000 0.000 0.000 0.000 0.000 0.000 0.000
0.004 0.003 0.002 0.002 0.001 0.001 0.001 0.000 0.000 0.000 0.000 0.000 0.000 0.000 0.000 0.000 0.000 0.000 0.000 0.000 0.000 0.000 0.000 0.000 0.000 0.000 0.000 0.000 0.000 0.000 0.000 0.000 0.000 0.000 0.000 0.000 0.000 0.000 0.000 0.000 0.000 0.000 0.000 0.000 0.000 0.000 0.000 0.000 0.000 0.000 0.000 0.000 0.000 0.000 0.000 0.000 0.000 0.000 0.000 0.000 0.000 0.000 0.000 0.000 0.000 0.000 0.000 0.000 0.000 0.000 0.000 0.000 0.000 0.000 0.000 0.000 0.000
0.001 0.001 0.001 0.001 0.000 0.000 0.000 0.000 0.000 0.000 0.000 0.000 0.000 0.000 0.000 0.000 0.000 0.000 0.000 0.000 0.000 0.000 0.000 0.000 0.000 0.000 0.000 0.000 0.000 0.000 0.000 0.000 0.000 0.000 0.000 0.000 0.000 0.000 0.000 0.000 0.000 0.000 0.000 0.000 0.000 0.000 0.000 0.000 0.000 0.000 0.000 0.000 0.000 0.000 0.000 0.000 0.000 0.000 0.000 0.000 0.000 0.000 0.000 0.000 0.000 0.000 0.000 0.000 0.000 0.000 0.000 0.000 0.000 0.000 0.000 0.000 0.000
0.000 0.000 0.000 0.000 0.000 0.000 0.000 0.000 0.000 0.000 0.000 0.000 0.000 0.000 0.000 0.000 0.000 0.000 0.000 0.000 0.000 0.000 0.000 0.000 0.000 0.000 0.000 0.000 0.000 0.000 0.000 0.000 0.000 0.000 0.000 0.000 0.000 0.000 0.000 0.000 0.000 0.000 0.000 0.000 0.000 0.000 0.000 0.000 0.000 0.000 0.000 0.000 0.000 0.000 0.000 0.000 0.000 0.000 0.000 0.000 0.000 0.000 0.000 0.000 0.000 0.000 0.000 0.000 0.000 0.000 0.000 0.000 0.000 0.000 0.000 0.000 0.000
0.000 0.000 0.000 0.000 0.000 0.000 0.000 0.000 0.000 0.000 0.000 0.000 0.000 0.000 0.000 0.000 0.000 0.000 0.000 0.000 0.000 0.000 0.000 0.000 0.000 0.000 0.000 0.000 0.000 0.000 0.000 0.000 0.000 0.000 0.000 0.000 0.000 0.000 0.000 0.000 0.000 0.000 0.000 0.000 0.000 0.000 0.000 0.000 0.000 0.000 0.000 0.000 0.000 0.000 0.000 0.000 0.000 0.000 0.000 0.000 0.000 0.000 0.000 0.000 0.000 0.000 0.000 0.000 0.000 0.000 0.000 0.000 0.000 0.000 0.000 0.000 0.000
0.000 0.000 0.000 0.000 0.000 0.000 0.000 0.000 0.000 0.000 0.000 0.000 0.000 0.000 0.000 0.000 0.000 0.000 0.000 0.000 0.000 0.000 0.000 0.000 0.000 0.000 0.000 0.000 0.000 0.000 0.000 0.000 0.000 0.000 0.000 0.000 0.000 0.000 0.000 0.000 0.000 0.000 0.000 0.000 0.000 0.000 0.000 0.000 0.000 0.000 0.000 0.000 0.000 0.000 0.000 0.000 0.000 0.000 0.000 0.000 0.000 0.000 0.000 0.000 0.000 0.000 0.000 0.000 0.000 0.000 0.000 0.000 0.000 0.000 0.000 0.000 0.000
