RESULTS/r.avaflow_results/41_results/41_ascii/41_hflow30052.asc
ncols 506
nrows 317
xllcenter 498237.50
yllcenter 5580050.00
cellsize 12.50
NODATA_value -9999.000
[rows 170 to 203 of 317, columns 154 to 230 of 506]
8.255 8.078 7.910 7.737 7.538 7.312 7.092 6.897 6.721 6.556 6.402 6.251 6.081 5.831 5.430 4.853 4.135 3.350 2.592 1.907 1.317 0.851 0.527 0.333 0.225 0.168 0.141 0.133 0.133 0.139 0.158 0.181 0.199 0.211 0.223 0.237 0.256 0.269 0.273 0.269 0.258 0.249 0.243 0.237 0.228 0.209 0.180 0.153 0.130 0.110 0.094 0.081 0.071 0.064 0.061 0.060 0.061 0.064 0.068 0.070 0.071 0.071 0.069 0.067 0.066 0.066 0.069 0.078 0.099 0.132 0.154 0.162 0.161 0.149 0.125 0.099 0.078
11.702 11.850 11.889 11.862 11.753 11.546 11.270 10.976 10.687 10.401 10.130 9.871 9.607 9.287 8.810 8.099 7.158 6.055 4.898 3.782 2.758 1.878 1.194 0.731 0.459 0.310 0.233 0.200 0.192 0.199 0.218 0.237 0.246 0.251 0.254 0.258 0.267 0.274 0.275 0.267 0.252 0.238 0.229 0.219 0.204 0.178 0.138 0.102 0.077 0.063 0.054 0.048 0.045 0.044 0.043 0.045 0.048 0.052 0.055 0.056 0.056 0.055 0.054 0.052 0.051 0.051 0.053 0.061 0.076 0.105 0.137 0.156 0.163 0.163 0.156 0.141 0.118
15.196 15.679 15.836 15.816 15.656 15.354 14.973 14.594 14.235 13.883 13.552 13.249 12.955 12.637 12.197 11.513 10.532 9.290 7.886 6.438 5.015 3.677 2.511 1.605 0.992 0.621 0.413 0.308 0.264 0.250 0.251 0.256 0.258 0.258 0.256 0.255 0.258 0.259 0.255 0.239 0.214 0.194 0.177 0.160 0.140 0.110 0.077 0.056 0.044 0.037 0.034 0.032 0.031 0.031 0.032 0.034 0.037 0.042 0.044 0.045 0.045 0.044 0.042 0.041 0.040 0.040 0.042 0.047 0.058 0.077 0.109 0.141 0.160 0.167 0.168 0.163 0.148
17.781 18.573 18.882 18.889 18.742 18.452 18.096 17.749 17.410 17.056 16.694 16.361 16.049 15.724 15.303 14.646 13.692 12.477 11.091 9.587 7.985 6.312 4.637 3.168 2.038 1.256 0.769 0.498 0.361 0.293 0.263 0.253 0.249 0.245 0.238 0.231 0.224 0.217 0.204 0.176 0.142 0.117 0.100 0.086 0.072 0.056 0.041 0.032 0.027 0.024 0.023 0.022 0.022 0.022 0.023 0.026 0.029 0.032 0.034 0.035 0.035 0.034 0.033 0.032 0.032 0.033 0.034 0.038 0.045 0.056 0.076 0.109 0.144 0.163 0.169 0.168 0.160
19.165 20.180 20.730 20.921 20.936 20.824 20.660 20.470 20.245 19.952 19.588 19.210 18.868 18.519 18.094 17.459 16.541 15.365 14.006 12.527 10.941 9.217 7.316 5.325 3.568 2.224 1.307 0.761 0.469 0.323 0.258 0.232 0.218 0.206 0.192 0.175 0.160 0.146 0.127 0.102 0.078 0.063 0.054 0.046 0.039 0.031 0.025 0.021 0.018 0.017 0.017 0.016 0.016 0.017 0.018 0.019 0.022 0.025 0.026 0.027 0.027 0.026 0.026 0.026 0.026 0.027 0.028 0.031 0.035 0.042 0.054 0.075 0.112 0.145 0.160 0.164 0.160
19.454 20.575 21.349 21.835 22.145 22.334 22.438 22.445 22.370 22.176 21.831 21.382 20.994 20.627 20.211 19.629 18.812 17.745 16.437 14.919 13.230 11.376 9.311 6.957 4.704 2.921 1.669 0.919 0.527 0.334 0.242 0.194 0.165 0.141 0.120 0.104 0.094 0.084 0.073 0.058 0.046 0.037 0.032 0.027 0.023 0.019 0.017 0.014 0.013 0.013 0.012 0.012 0.012 0.013 0.013 0.014 0.016 0.018 0.020 0.020 0.020 0.020 0.020 0.020 0.021 0.022 0.023 0.025 0.028 0.033 0.042 0.055 0.079 0.113 0.138 0.149 0.152
19.158 20.355 21.273 21.944 22.495 22.953 23.253 23.388 23.411 23.315 23.000 22.481 22.057 21.716 21.341 20.823 20.114 19.183 17.968 16.440 14.641 12.624 10.371 7.772 5.214 3.198 1.794 0.965 0.538 0.326 0.215 0.153 0.114 0.087 0.070 0.060 0.054 0.049 0.043 0.035 0.029 0.024 0.021 0.018 0.015 0.013 0.012 0.010 0.010 0.009 0.009 0.009 0.009 0.009 0.010 0.011 0.012 0.013 0.014 0.015 0.015 0.015 0.015 0.016 0.016 0.017 0.019 0.021 0.023 0.027 0.034 0.043 0.059 0.083 0.107 0.125 0.135
18.276 19.612 20.754 21.678 22.421 22.982 23.329 23.491 23.539 23.487 23.193 22.645 22.207 21.901 21.562 21.075 20.414 19.559 18.428 16.937 15.094 12.975 10.611 7.902 5.254 3.184 1.760 0.934 0.510 0.293 0.177 0.112 0.074 0.054 0.042 0.036 0.033 0.030 0.027 0.023 0.019 0.017 0.014 0.012 0.011 0.009 0.008 0.007 0.007 0.006 0.006 0.006 0.006 0.006 0.007 0.007 0.008 0.009 0.010 0.010 0.011 0.011 0.011 0.012 0.012 0.013 0.015 0.016 0.019 0.022 0.028 0.035 0.046 0.063 0.082 0.099 0.113
16.990 18.482 19.828 20.986 21.910 22.549 22.897 23.035 23.065 22.997 22.715 22.201 21.751 21.420 21.057 20.559 19.924 19.133 18.081 16.647 14.816 12.659 10.213 7.436 4.847 2.856 1.527 0.783 0.410 0.221 0.122 0.071 0.047 0.034 0.027 0.023 0.021 0.019 0.017 0.015 0.013 0.012 0.010 0.009 0.008 0.006 0.006 0.005 0.004 0.004 0.004 0.004 0.004 0.004 0.004 0.005 0.005 0.006 0.006 0.007 0.007 0.007 0.008 0.008 0.009 0.010 0.011 0.012 0.015 0.018 0.022 0.028 0.037 0.049 0.063 0.078 0.091
15.513 17.101 18.541 19.794 20.793 21.476 21.835 21.941 21.901 21.713 21.431 21.076 20.666 20.180 19.629 19.054 18.427 17.692 16.720 15.347 13.524 11.308 8.769 6.083 3.773 2.080 1.021 0.479 0.232 0.119 0.067 0.042 0.029 0.022 0.018 0.016 0.015 0.013 0.012 0.010 0.009 0.008 0.007 0.006 0.005 0.004 0.004 0.003 0.003 0.002 0.002 0.002 0.002 0.002 0.002 0.003 0.003 0.003 0.004 0.004 0.004 0.005 0.005 0.005 0.006 0.007 0.008 0.009 0.011 0.014 0.017 0.022 0.029 0.038 0.049 0.061 0.072
13.834 15.407 16.835 18.096 19.140 19.904 20.334 20.444 20.342 20.056 19.833 19.657 19.301 18.615 17.803 17.091 16.399 15.623 14.580 13.106 11.142 8.732 6.165 3.852 2.133 1.045 0.466 0.206 0.100 0.056 0.036 0.025 0.019 0.015 0.013 0.012 0.010 0.009 0.008 0.007 0.006 0.005 0.005 0.004 0.003 0.002 0.002 0.002 0.001 0.001 0.001 0.001 0.001 0.001 0.001 0.001 0.001 0.002 0.002 0.002 0.002 0.003 0.003 0.003 0.004 0.004 0.005 0.006 0.008 0.010 0.013 0.017 0.022 0.029 0.037 0.046 0.055
11.878 13.342 14.737 16.058 17.254 18.229 18.868 19.099 19.036 18.778 18.575 18.391 17.970 17.160 16.225 15.395 14.537 13.490 12.078 10.189 7.757 5.233 3.175 1.756 0.885 0.407 0.178 0.082 0.045 0.029 0.021 0.017 0.013 0.011 0.010 0.008 0.007 0.007 0.006 0.005 0.004 0.003 0.003 0.002 0.002 0.001 0.001 0.001 0.000 0.000 0.000 0.000 0.000 0.000 0.000 0.000 0.000 0.001 0.001 0.001 0.001 0.001 0.001 0.002 0.002 0.002 0.003 0.004 0.005 0.007 0.009 0.012 0.016 0.021 0.027 0.034 0.040
9.725 11.059 12.439 13.870 15.294 16.521 17.375 17.741 17.741 17.542 17.268 16.919 16.329 15.449 14.478 13.539 12.486 11.057 9.048 6.544 4.132 2.358 1.219 0.595 0.286 0.137 0.067 0.037 0.024 0.018 0.014 0.012 0.010 0.008 0.007 0.006 0.005 0.004 0.004 0.003 0.002 0.002 0.001 0.001 0.001 0.000 0.000 0.000 0.000 0.000 0.000 0.000 0.000 0.000 0.000 0.000 0.000 0.000 0.000 0.000 0.000 0.000 0.000 0.001 0.001 0.001 0.002 0.002 0.003 0.004 0.006 0.008 0.011 0.014 0.018 0.023 0.027
7.722 8.895 10.149 11.545 13.050 14.381 15.348 15.829 15.901 15.710 15.234 14.529 13.660 12.723 11.743 10.669 9.328 7.446 5.114 3.016 1.596 0.748 0.334 0.162 0.087 0.048 0.029 0.020 0.015 0.012 0.010 0.008 0.007 0.006 0.005 0.004 0.003 0.003 0.002 0.002 0.001 0.001 0.000 0.000 0.000 0.000 0.000 0.000 0.000 0.000 0.000 0.000 0.000 0.000 0.000 0.000 0.000 0.000 0.000 0.000 0.000 0.000 0.000 0.000 0.000 0.000 0.001 0.001 0.002 0.002 0.004 0.005 0.007 0.009 0.012 0.015 0.017
5.807 6.749 7.744 8.823 9.986 11.082 11.950 12.442 12.552 12.367 11.751 10.718 9.493 8.388 7.338 6.198 4.845 3.295 1.878 0.915 0.397 0.169 0.085 0.050 0.033 0.023 0.017 0.013 0.011 0.009 0.007 0.006 0.005 0.004 0.003 0.002 0.002 0.001 0.001 0.001 0.000 0.000 0.000 0.000 0.000 0.000 0.000 0.000 0.000 0.000 0.000 0.000 0.000 0.000 0.000 0.000 0.000 0.000 0.000 0.000 0.000 0.000 0.000 0.000 0.000 0.000 0.000 0.000 0.001 0.001 0.002 0.003 0.004 0.005 0.007 0.009 0.010
3.870 4.396 4.888 5.355 5.841 6.389 6.932 7.282 7.383 7.263 6.741 5.811 4.711 3.808 3.061 2.367 1.635 0.919 0.430 0.182 0.084 0.047 0.031 0.023 0.018 0.014 0.011 0.009 0.008 0.006 0.005 0.004 0.003 0.002 0.002 0.001 0.001 0.000 0.000 0.000 0.000 0.000 0.000 0.000 0.000 0.000 0.000 0.000 0.000 0.000 0.000 0.000 0.000 0.000 0.000 0.000 0.000 0.000 0.000 0.000 0.000 0.000 0.000 0.000 0.000 0.000 0.000 0.000 0.000 0.000 0.001 0.001 0.002 0.003 0.004 0.005 0.005
2.118 2.258 2.364 2.451 2.536 2.657 2.837 2.966 3.004 2.960 2.726 2.254 1.642 1.170 0.844 0.591 0.358 0.181 0.085 0.046 0.029 0.022 0.017 0.014 0.012 0.010 0.008 0.007 0.005 0.004 0.003 0.002 0.002 0.001 0.001 0.000 0.000 0.000 0.000 0.000 0.000 0.000 0.000 0.000 0.000 0.000 0.000 0.000 0.000 0.000 0.000 0.000 0.000 0.000 0.000 0.000 0.000 0.000 0.000 0.000 0.000 0.000 0.000 0.000 0.000 0.000 0.000 0.000 0.000 0.000 0.000 0.000 0.001 0.001 0.002 0.002 0.002
0.908 0.890 0.873 0.852 0.828 0.815 0.834 0.851 0.849 0.828 0.752 0.598 0.397 0.262 0.183 0.125 0.078 0.046 0.029 0.021 0.017 0.014 0.012 0.010 0.008 0.007 0.006 0.005 0.004 0.003 0.002 0.001 0.001 0.000 0.000 0.000 0.000 0.000 0.000 0.000 0.000 0.000 0.000 0.000 0.000 0.000 0.000 0.000 0.000 0.000 0.000 0.000 0.000 0.000 0.000 0.000 0.000 0.000 0.000 0.000 0.000 0.000 0.000 0.000 0.000 0.000 0.000 0.000 0.000 0.000 0.000 0.000 0.000 0.000 0.001 0.001 0.001
0.307 0.284 0.272 0.263 0.247 0.230 0.222 0.215 0.208 0.198 0.178 0.142 0.096 0.067 0.050 0.038 0.028 0.021 0.016 0.014 0.012 0.010 0.009 0.007 0.006 0.005 0.004 0.003 0.002 0.002 0.001 0.000 0.000 0.000 0.000 0.000 0.000 0.000 0.000 0.000 0.000 0.000 0.000 0.000 0.000 0.000 0.000 0.000 0.000 0.000 0.000 0.000 0.000 0.000 0.000 0.000 0.000 0.000 0.000 0.000 0.000 0.000 0.000 0.000 0.000 0.000 0.000 0.000 0.000 0.000 0.000 0.000 0.000 0.000 0.000 0.000 0.000
0.100 0.094 0.093 0.091 0.086 0.077 0.070 0.066 0.062 0.058 0.053 0.045 0.034 0.027 0.023 0.019 0.016 0.013 0.011 0.010 0.008 0.007 0.006 0.005 0.004 0.003 0.002 0.002 0.001 0.001 0.000 0.000 0.000 0.000 0.000 0.000 0.000 0.000 0.000 0.000 0.000 0.000 0.000 0.000 0.000 0.000 0.000 0.000 0.000 0.000 0.000 0.000 0.000 0.000 0.000 0.000 0.000 0.000 0.000 0.000 0.000 0.000 0.000 0.000 0.000 0.000 0.000 0.000 0.000 0.000 0.000 0.000 0.000 0.000 0.000 0.000 0.000
0.040 0.039 0.039 0.039 0.037 0.034 0.030 0.028 0.027 0.025 0.024 0.022 0.019 0.016 0.014 0.012 0.011 0.009 0.008 0.007 0.006 0.005 0.004 0.003 0.002 0.002 0.001 0.001 0.000 0.000 0.000 0.000 0.000 0.000 0.000 0.000 0.000 0.000 0.000 0.000 0.000 0.000 0.000 0.000 0.000 0.000 0.000 0.000 0.000 0.000 0.000 0.000 0.000 0.000 0.000 0.000 0.000 0.000 0.000 0.000 0.000 0.000 0.000 0.000 0.000 0.000 0.000 0.000 0.000 0.000 0.000 0.000 0.000 0.000 0.000 0.000 0.000
0.021 0.020 0.020 0.020 0.020 0.019 0.017 0.016 0.016 0.015 0.014 0.014 0.013 0.011 0.010 0.009 0.008 0.007 0.006 0.005 0.004 0.003 0.002 0.002 0.001 0.001 0.000 0.000 0.000 0.000 0.000 0.000 0.000 0.000 0.000 0.000 0.000 0.000 0.000 0.000 0.000 0.000 0.000 0.000 0.000 0.000 0.000 0.000 0.000 0.000 0.000 0.000 0.000 0.000 0.000 0.000 0.000 0.000 0.000 0.000 0.000 0.000 0.000 0.000 0.000 0.000 0.000 0.000 0.000 0.000 0.000 0.000 0.000 0.000 0.000 0.000 0.000
0.013 0.013 0.013 0.013 0.013 0.012 0.012 0.011 0.011 0.010 0.010 0.009 0.009 0.008 0.007 0.006 0.005 0.004 0.004 0.003 0.002 0.002 0.001 0.001 0.000 0.000 0.000 0.000 0.000 0.000 0.000 0.000 0.000 0.000 0.000 0.000 0.000 0.000 0.000 0.000 0.000 0.000 0.000 0.000 0.000 0.000 0.000 0.000 0.000 0.000 0.000 0.000 0.000 0.000 0.000 0.000 0.000 0.000 0.000 0.000 0.000 0.000 0.000 0.000 0.000 0.000 0.000 0.000 0.000 0.000 0.000 0.000 0.000 0.000 0.000 0.000 0.000
0.008 0.008 0.008 0.008 0.008 0.008 0.008 0.008 0.007 0.007 0.007 0.006 0.006 0.005 0.005 0.004 0.003 0.003 0.002 0.002 0.001 0.001 0.000 0.000 0.000 0.000 0.000 0.000 0.000 0.000 0.000 0.000 0.000 0.000 0.000 0.000 0.000 0.000 0.000 0.000 0.000 0.000 0.000 0.000 0.000 0.000 0.000 0.000 0.000 0.000 0.000 0.000 0.000 0.000 0.000 0.000 0.000 0.000 0.000 0.000 0.000 0.000 0.000 0.000 0.000 0.000 0.000 0.000 0.000 0.000 0.000 0.000 0.000 0.000 0.000 0.000 0.000
0.006 0.006 0.006 0.006 0.006 0.006 0.005 0.005 0.005 0.005 0.004 0.004 0.004 0.003 0.003 0.002 0.002 0.001 0.001 0.001 0.000 0.000 0.000 0.000 0.000 0.000 0.000 0.000 0.000 0.000 0.000 0.000 0.000 0.000 0.000 0.000 0.000 0.000 0.000 0.000 0.000 0.000 0.000 0.000 0.000 0.000 0.000 0.000 0.000 0.000 0.000 0.000 0.000 0.000 0.000 0.000 0.000 0.000 0.000 0.000 0.000 0.000 0.000 0.000 0.000 0.000 0.000 0.000 0.000 0.000 0.000 0.000 0.000 0.000 0.000 0.000 0.000
0.004 0.004 0.004 0.004 0.004 0.004 0.004 0.003 0.003 0.003 0.003 0.002 0.002 0.002 0.001 0.001 0.001 0.000 0.000 0.000 0.000 0.000 0.000 0.000 0.000 0.000 0.000 0.000 0.000 0.000 0.000 0.000 0.000 0.000 0.000 0.000 0.000 0.000 0.000 0.000 0.000 0.000 0.000 0.000 0.000 0.000 0.000 0.000 0.000 0.000 0.000 0.000 0.000 0.000 0.000 0.000 0.000 0.000 0.000 0.000 0.000 0.000 0.000 0.000 0.000 0.000 0.000 0.000 0.000 0.000 0.000 0.000 0.000 0.000 0.000 0.000 0.000
0.002 0.002 0.002 0.002 0.002 0.002 0.002 0.002 0.002 0.002 0.001 0.001 0.001 0.001 0.000 0.000 0.000 0.000 0.000 0.000 0.000 0.000 0.000 0.000 0.000 0.000 0.000 0.000 0.000 0.000 0.000 0.000 0.000 0.000 0.000 0.000 0.000 0.000 0.000 0.000 0.000 0.000 0.000 0.000 0.000 0.000 0.000 0.000 0.000 0.000 0.000 0.000 0.000 0.000 0.000 0.000 0.000 0.000 0.000 0.000 0.000 0.000 0.000 0.000 0.000 0.000 0.000 0.000 0.000 0.000 0.000 0.000 0.000 0.000 0.000 0.000 0.000
0.001 0.001 0.001 0.001 0.001 0.001 0.001 0.001 0.001 0.001 0.000 0.000 0.000 0.000 0.000 0.000 0.000 0.000 0.000 0.000 0.000 0.000 0.000 0.000 0.000 0.000 0.000 0.000 0.000 0.000 0.000 0.000 0.000 0.000 0.000 0.000 0.000 0.000 0.000 0.000 0.000 0.000 0.000 0.000 0.000 0.000 0.000 0.000 0.000 0.000 0.000 0.000 0.000 0.000 0.000 0.000 0.000 0.000 0.000 0.000 0.000 0.000 0.000 0.000 0.000 0.000 0.000 0.000 0.000 0.000 0.000 0.000 0.000 0.000 0.000 0.000 0.000
0.000 0.000 0.000 0.000 0.000 0.000 0.000 0.000 0.000 0.000 0.000 0.000 0.000 0.000 0.000 0.000 0.000 0.000 0.000 0.000 0.000 0.000 0.000 0.000 0.000 0.000 0.000 0.000 0.000 0.000 0.000 0.000 0.000 0.000 0.000 0.000 0.000 0.000 0.000 0.000 0.000 0.000 0.000 0.000 0.000 0.000 0.000 0.000 0.000 0.000 0.000 0.000 0.000 0.000 0.000 0.000 0.000 0.000 0.000 0.000 0.000 0.000 0.000 0.000 0.000 0.000 0.000 0.000 0.000 0.000 0.000 0.000 0.000 0.000 0.000 0.000 0.000
0.000 0.000 0.000 0.000 0.000 0.000 0.000 0.000 0.000 0.000 0.000 0.000 0.000 0.000 0.000 0.000 0.000 0.000 0.000 0.000 0.000 0.000 0.000 0.000 0.000 0.000 0.000 0.000 0.000 0.000 0.000 0.000 0.000 0.000 0.000 0.000 0.000 0.000 0.000 0.000 0.000 0.000 0.000 0.000 0.000 0.000 0.000 0.000 0.000 0.000 0.000 0.000 0.000 0.000 0.000 0.000 0.000 0.000 0.000 0.000 0.000 0.000 0.000 0.000 0.000 0.000 0.000 0.000 0.000 0.000 0.000 0.000 0.000 0.000 0.000 0.000 0.000
0.000 0.000 0.000 0.000 0.000 0.000 0.000 0.000 0.000 0.000 0.000 0.000 0.000 0.000 0.000 0.000 0.000 0.000 0.000 0.000 0.000 0.000 0.000 0.000 0.000 0.000 0.000 0.000 0.000 0.000 0.000 0.000 0.000 0.000 0.000 0.000 0.000 0.000 0.000 0.000 0.000 0.000 0.000 0.000 0.000 0.000 0.000 0.000 0.000 0.000 0.000 0.000 0.000 0.000 0.000 0.000 0.000 0.000 0.000 0.000 0.000 0.000 0.000 0.000 0.000 0.000 0.000 0.000 0.000 0.000 0.000 0.000 0.000 0.000 0.000 0.000 0.000
0.000 0.000 0.000 0.000 0.000 0.000 0.000 0.000 0.000 0.000 0.000 0.000 0.000 0.000 0.000 0.000 0.000 0.000 0.000 0.000 0.000 0.000 0.000 0.000 0.000 0.000 0.000 0.000 0.000 0.000 0.000 0.000 0.000 0.000 0.000 0.000 0.000 0.000 0.000 0.000 0.000 0.000 0.000 0.000 0.000 0.000 0.000 0.000 0.000 0.000 0.000 0.000 0.000 0.000 0.000 0.000 0.000 0.000 0.000 0.000 0.000 0.000 0.000 0.000 0.000 0.000 0.000 0.000 0.000 0.000 0.000 0.000 0.000 0.000 0.000 0.000 0.000
0.000 0.000 0.000 0.000 0.000 0.000 0.000 0.000 0.000 0.000 0.000 0.000 0.000 0.000 0.000 0.000 0.000 0.000 0.000 0.000 0.000 0.000 0.000 0.000 0.000 0.000 0.000 0.000 0.000 0.000 0.000 0.000 0.000 0.000 0.000 0.000 0.000 0.000 0.000 0.000 0.000 0.000 0.000 0.000 0.000 0.000 0.000 0.000 0.000 0.000 0.000 0.000 0.000 0.000 0.000 0.000 0.000 0.000 0.000 0.000 0.000 0.000 0.000 0.000 0.000 0.000 0.000 0.000 0.000 0.000 0.000 0.000 0.000 0.000 0.000 0.000 0.000
0.000 0.000 0.000 0.000 0.000 0.000 0.000 0.000 0.000 0.000 0.000 0.000 0.000 0.000 0.000 0.000 0.000 0.000 0.000 0.000 0.000 0.000 0.000 0.000 0.000 0.000 0.000 0.000 0.000 0.000 0.000 0.000 0.000 0.000 0.000 0.000 0.000 0.000 0.000 0.000 0.000 0.000 0.000 0.000 0.000 0.000 0.000 0.000 0.000 0.000 0.000 0.000 0.000 0.000 0.000 0.000 0.000 0.000 0.000 0.000 0.000 0.000 0.000 0.000 0.000 0.000 0.000 0.000 0.000 0.000 0.000 0.000 0.000 0.000 0.000 0.000 0.000
