RESULTS/r.avaflow_results/41_results/41_ascii/41_r3max.asc
ncols 506
nrows 317
xllcenter 498237.50
yllcenter 5580050.00
cellsize 12.50
NODATA_value -9999.000
[rows 168 to 195 of 317, columns 124 to 185 of 506]
0.961 0.962 0.963 0.964 0.977 0.981 1.000 1.000 1.000 1.000 1.000 0.999 0.999 0.999 0.999 1.000 1.000 1.000 1.000 1.000 1.000 1.000 1.000 1.000 1.000 1.000 1.000 1.000 1.000 1.000 0.999 0.999 0.999 0.999 0.999 0.999 0.990 0.990 0.997 1.000 1.000 1.000 1.000 1.000 1.000 1.000 0.996 0.996 1.000 1.000 1.000 1.000 1.000 1.000 1.000 1.000 1.000 1.000 1.000 1.000 1.000 1.000
0.960 0.961 0.962 0.976 0.980 1.000 1.000 1.000 1.000 0.999 0.999 0.999 0.999 1.000 1.000 1.000 1.000 1.000 1.000 1.000 1.000 1.000 1.000 1.000 1.000 1.000 1.000 1.000 1.000 1.000 1.000 1.000 1.000 1.000 1.000 1.000 1.000 1.000 1.000 1.000 1.000 1.000 1.000 1.000 1.000 1.000 1.000 1.000 1.000 1.000 1.000 1.000 1.000 1.000 0.995 1.000 1.000 1.000 1.000 1.000 1.000 1.000
0.958 0.959 0.974 0.978 1.000 1.000 1.000 1.000 1.000 1.000 1.000 0.999 1.000 1.000 1.000 1.000 1.000 1.000 1.000 1.000 1.000 1.000 1.000 1.000 1.000 1.000 1.000 1.000 1.000 1.000 1.000 1.000 1.000 1.000 1.000 1.000 1.000 1.000 1.000 1.000 1.000 1.000 1.000 1.000 1.000 1.000 1.000 1.000 1.000 1.000 1.000 1.000 0.997 0.997 0.997 0.997 1.000 1.000 1.000 1.000 1.000 1.000
0.957 0.958 0.975 0.980 1.000 1.000 1.000 1.000 1.000 1.000 1.000 1.000 1.000 1.000 1.000 1.000 1.000 1.000 1.000 1.000 1.000 1.000 1.000 1.000 1.000 1.000 1.000 1.000 1.000 1.000 1.000 1.000 1.000 1.000 1.000 1.000 1.000 1.000 1.000 1.000 1.000 1.000 1.000 1.000 1.000 1.000 1.000 1.000 1.000 1.000 1.000 1.000 0.998 0.998 0.998 0.998 1.000 1.000 1.000 1.000 1.000 1.000
0.955 0.972 0.976 1.000 1.000 1.000 1.000 1.000 1.000 1.000 1.000 1.000 1.000 1.000 1.000 1.000 1.000 1.000 1.000 1.000 1.000 1.000 1.000 1.000 1.000 1.000 1.000 1.000 1.000 1.000 1.000 1.000 1.000 1.000 1.000 1.000 1.000 1.000 1.000 1.000 1.000 1.000 1.000 1.000 1.000 1.000 1.000 1.000 1.000 1.000 1.000 1.000 0.998 0.998 0.998 0.998 1.000 1.000 1.000 1.000 1.000 1.000
0.951 0.953 0.952 0.953 1.000 1.000 1.000 1.000 1.000 1.000 1.000 1.000 1.000 1.000 1.000 1.000 1.000 1.000 1.000 1.000 1.000 1.000 1.000 1.000 1.000 1.000 1.000 1.000 1.000 1.000 1.000 1.000 1.000 1.000 1.000 1.000 1.000 1.000 1.000 1.000 1.000 1.000 1.000 1.000 1.000 1.000 1.000 1.000 1.000 1.000 0.999 0.999 0.999 0.999 0.998 0.998 0.998 1.000 1.000 1.000 1.000 1.000
0.947 0.945 0.946 0.948 1.000 1.000 0.999 0.999 0.999 0.999 1.000 1.000 1.000 1.000 1.000 1.000 1.000 1.000 1.000 1.000 1.000 1.000 1.000 1.000 1.000 1.000 1.000 1.000 1.000 0.999 0.999 0.999 0.999 1.000 1.000 1.000 1.000 1.000 0.999 0.999 0.999 1.000 1.000 1.000 1.000 1.000 1.000 1.000 1.000 1.000 1.000 1.000 0.999 0.999 0.999 1.000 1.000 1.000 1.000 1.000 1.000 1.000
0.935 0.934 0.934 0.938 0.999 0.999 0.999 0.977 0.998 0.999 0.999 0.999 0.999 0.999 0.999 1.000 1.000 1.000 1.000 1.000 1.000 1.000 1.000 0.999 0.999 0.999 0.999 0.999 0.999 0.999 0.999 0.999 0.999 0.999 0.999 0.999 0.999 0.999 0.999 0.999 0.999 0.999 1.000 1.000 1.000 1.000 1.000 1.000 1.000 1.000 1.000 1.000 1.000 0.999 1.000 1.000 1.000 0.998 0.998 1.000 1.000 1.000
0.919 0.919 0.920 0.925 0.956 0.997 0.997 0.996 0.996 0.998 0.998 0.998 0.999 0.999 0.999 0.998 1.000 0.999 0.999 0.999 0.999 0.999 0.999 0.999 0.999 0.999 0.999 0.999 0.999 0.999 0.999 0.999 0.999 0.999 0.999 0.999 0.999 0.999 0.999 1.000 0.999 1.000 1.000 1.000 1.000 1.000 1.000 1.000 1.000 1.000 1.000 1.000 1.000 1.000 1.000 1.000 1.000 0.998 0.998 1.000 1.000 1.000
0.910 0.910 0.913 0.917 0.944 0.950 0.993 0.993 0.993 0.996 0.997 0.998 0.998 0.998 0.997 0.999 0.999 0.999 0.999 0.999 0.999 0.999 0.998 0.999 0.998 0.998 0.998 0.997 0.998 0.998 0.998 0.998 0.998 0.998 0.998 0.998 0.999 0.999 0.999 0.999 1.000 1.000 1.000 1.000 1.000 1.000 1.000 1.000 1.000 1.000 1.000 1.000 1.000 1.000 1.000 1.000 1.000 0.998 1.000 1.000 1.000 1.000
0.905 0.906 0.908 0.912 0.932 0.939 0.988 0.988 0.989 0.993 0.994 0.996 0.996 0.996 0.996 0.999 0.999 0.999 0.998 0.998 0.998 0.997 0.997 0.997 0.996 0.996 0.995 0.994 0.995 0.995 0.996 0.996 0.996 0.997 0.997 0.997 0.998 0.999 0.999 0.999 1.000 1.000 1.000 1.000 0.999 0.999 1.000 1.000 1.000 1.000 1.000 1.000 1.000 1.000 1.000 1.000 0.998 1.000 1.000 1.000 1.000 1.000
0.903 0.903 0.906 0.909 0.925 0.929 0.978 0.980 0.982 0.986 0.989 0.993 0.993 0.993 0.992 0.998 0.998 0.998 0.995 0.994 0.995 0.990 0.993 0.992 0.992 0.987 0.988 0.987 0.988 0.989 0.991 0.992 0.993 0.993 0.995 0.996 0.997 0.998 0.999 0.999 0.999 1.000 1.000 1.000 0.999 0.999 0.999 1.000 1.000 1.000 1.000 1.000 1.000 1.000 1.000 1.000 1.000 1.000 0.999 1.000 1.000 1.000
0.898 0.898 0.901 0.903 0.920 0.923 0.938 0.968 0.972 0.979 0.985 0.987 0.989 0.986 0.996 0.994 0.993 0.990 0.989 0.984 0.980 0.985 0.983 0.981 0.967 0.969 0.972 0.974 0.975 0.978 0.980 0.982 0.981 0.988 0.990 0.992 0.994 0.996 0.998 0.999 0.999 0.999 1.000 1.000 1.000 1.000 1.000 1.000 0.999 0.999 0.999 0.999 1.000 1.000 1.000 1.000 0.999 0.999 0.999 1.000 1.000 0.988
0.890 0.889 0.889 0.893 0.898 0.915 0.919 0.930 0.955 0.999 0.974 0.981 0.979 1.000 0.991 0.986 0.978 0.970 0.981 0.977 0.971 0.965 0.961 0.934 0.932 0.933 0.934 0.942 0.949 0.951 0.954 0.971 0.972 0.974 0.979 0.984 0.990 0.994 0.996 0.998 0.999 0.999 0.997 1.000 1.000 1.000 1.000 0.998 0.999 0.999 0.999 0.999 0.999 0.999 0.999 0.999 0.999 0.998 0.998 0.998 0.983 0.983
0.874 0.871 0.869 0.870 0.877 0.886 0.904 0.908 0.916 0.997 0.999 1.000 1.000 0.981 0.970 0.959 0.943 0.963 0.950 0.940 0.885 0.868 0.852 0.853 0.857 0.864 0.872 0.878 0.882 0.888 0.936 0.934 0.949 0.952 0.962 0.971 0.982 0.989 0.993 0.996 0.989 0.992 0.993 0.995 0.996 0.997 0.998 0.998 0.998 0.998 0.999 0.999 0.998 0.999 0.998 0.998 0.997 0.996 0.996 0.978 0.978 0.999
0.865 0.864 0.862 0.857 0.853 0.855 0.864 0.879 0.886 0.904 0.994 0.998 0.998 0.942 0.920 0.894 0.869 0.828 0.789 0.756 0.711 0.681 0.688 0.684 0.713 0.721 0.741 0.759 0.795 0.807 0.821 0.853 0.874 0.886 0.924 0.943 0.966 0.983 0.980 0.984 0.987 0.990 0.992 0.993 0.995 0.996 0.996 0.997 0.998 0.997 0.997 0.998 0.997 0.997 0.996 0.995 0.993 0.993 0.975 0.974 0.998 0.998
0.857 0.857 0.855 0.850 0.842 0.832 0.826 0.832 0.840 0.868 0.874 0.893 0.873 0.831 0.774 0.694 0.640 0.595 0.524 0.469 0.413 0.409 0.398 0.406 0.454 0.503 0.547 0.598 0.667 0.671 0.696 0.740 0.744 0.799 0.856 0.901 0.946 0.976 0.973 0.979 0.983 0.985 0.988 0.990 0.991 0.994 0.995 0.995 0.995 0.996 0.996 0.996 0.995 0.992 0.991 0.990 0.990 1.000 1.000 1.000 0.997 0.998
0.849 0.849 0.847 0.842 0.843 0.833 0.820 0.809 0.811 0.819 0.830 0.744 0.693 0.604 0.493 0.415 0.358 0.307 0.262 0.205 0.176 0.160 0.165 0.180 0.195 0.237 0.301 0.385 0.451 0.498 0.607 0.659 0.679 0.678 0.726 0.800 0.885 0.952 0.960 0.969 0.975 0.981 0.983 0.986 0.988 0.990 0.992 0.993 0.994 0.995 0.994 0.991 0.988 0.986 0.986 1.000 1.000 1.000 1.000 0.995 0.997 0.981
0.841 0.839 0.843 0.840 0.833 0.817 0.801 0.760 0.768 0.763 0.743 0.518 0.459 0.362 0.246 0.194 0.162 0.138 0.095 0.071 0.053 0.049 0.046 0.051 0.054 0.070 0.108 0.167 0.314 0.375 0.401 0.444 0.406 0.470 0.471 0.568 0.721 0.937 0.950 0.961 0.970 0.976 0.980 0.984 0.987 0.990 0.992 0.993 0.993 0.991 0.985 0.983 0.999 1.000 1.000 1.000 1.000 1.000 0.999 0.995 0.996 0.980
0.836 0.835 0.833 0.828 0.819 0.803 0.764 0.738 0.711 0.716 0.675 0.675 0.210 0.140 0.091 0.071 0.055 0.044 0.027 0.019 0.013 0.012 0.011 0.012 0.014 0.018 0.029 0.050 0.118 0.121 0.135 0.119 0.138 0.136 0.129 0.171 0.381 0.935 0.948 0.960 0.970 0.977 0.980 0.984 0.988 0.990 0.991 0.989 0.984 0.980 0.997 0.998 0.999 0.999 0.999 1.000 0.999 1.000 0.999 0.975 0.996 0.997
0.827 0.820 0.774 0.757 0.738 0.714 0.750 0.722 0.692 0.687 0.662 0.614 0.067 0.042 0.027 0.019 0.016 0.011 0.007 0.004 0.003 0.003 0.002 0.002 0.003 0.004 0.007 0.012 0.025 0.026 0.033 0.017 0.019 0.038 0.035 0.048 0.103 0.209 0.950 0.962 0.972 0.979 0.982 0.985 0.986 0.986 0.983 0.979 0.991 0.994 0.996 0.998 0.998 0.999 0.999 0.999 1.000 0.959 0.959 0.959 0.960 0.996
0.811 0.798 0.749 0.726 0.702 0.677 0.644 0.731 0.701 0.670 0.641 0.616 0.020 0.011 0.007 0.005 0.004 0.002 0.001 0.001 0.001 0.000 0.001 0.001 0.001 0.001 0.002 0.003 0.006 0.006 0.007 0.004 0.004 0.008 0.009 0.008 0.018 0.037 0.105 0.965 0.975 0.980 0.981 0.980 0.977 0.975 0.982 0.987 0.991 0.993 0.995 0.997 0.998 0.999 0.999 0.959 0.959 0.959 0.959 0.960 0.960 -nan
0.793 0.786 0.706 0.696 0.670 0.641 0.643 0.539 0.694 0.663 0.024 0.012 0.006 0.003 0.002 0.001 0.001 0.001 0.000 0.000 0.000 0.000 0.000 0.000 0.000 0.000 0.001 0.001 0.001 0.002 0.002 0.001 0.002 0.002 0.002 0.002 0.002 0.005 0.019 0.093 0.971 0.972 0.972 0.963 0.971 0.977 0.982 0.987 0.987 0.990 0.995 0.997 0.998 0.960 0.960 0.959 0.959 0.959 0.960 0.960 -nan -nan
0.798 0.791 0.696 0.688 0.670 0.620 0.608 0.534 0.041 0.023 0.013 0.007 0.003 0.002 0.001 0.001 0.000 0.000 0.000 0.000 0.000 0.000 0.000 0.000 0.000 0.000 0.000 0.000 0.000 0.000 0.000 0.000 0.000 0.000 0.000 0.000 0.000 0.001 0.005 0.027 0.118 0.935 0.950 0.961 0.969 0.976 0.982 0.981 0.987 0.990 0.993 0.961 0.961 0.961 0.961 0.960 0.960 0.959 -nan -nan -nan -9999.000
-nan 0.784 0.776 0.670 0.653 0.709 0.693 0.678 0.019 0.009 0.005 0.003 0.002 0.001 0.000 0.000 0.000 0.000 0.000 0.000 0.000 0.000 0.000 0.000 0.000 0.000 0.000 0.000 0.000 0.000 0.000 0.000 0.000 0.000 0.000 0.000 0.000 0.000 0.001 0.006 0.026 0.958 0.954 0.962 0.968 0.972 0.968 0.981 0.985 0.961 0.961 0.961 0.961 0.962 0.961 0.961 -nan -nan -nan -9999.000 -9999.000 -9999.000
-nan -nan 0.745 0.730 0.719 0.702 0.699 0.682 0.667 0.002 0.001 0.001 0.000 0.000 0.000 0.000 0.000 0.000 0.000 0.000 0.000 0.000 0.000 0.000 0.000 0.000 0.000 0.000 0.000 0.000 0.000 0.000 0.000 0.000 0.000 0.000 0.000 0.000 0.000 0.000 0.945 0.950 0.960 0.964 0.966 0.967 0.968 0.961 0.961 0.962 0.962 0.961 0.962 0.962 -nan -nan -nan -9999.000 -9999.000 -9999.000 -9999.000 -9999.000
-9999.000 -nan -nan 0.729 0.711 0.709 0.641 0.685 0.675 0.661 0.000 0.000 0.000 0.000 0.000 0.000 0.000 0.000 0.000 0.000 0.000 0.000 0.000 0.000 0.000 0.000 0.000 0.000 0.000 0.000 0.000 0.000 0.000 0.000 0.000 0.000 0.000 0.000 0.000 0.939 0.945 0.950 0.953 0.956 0.959 0.961 0.961 0.961 0.962 0.962 0.962 0.961 -nan -nan -nan -9999.000 -9999.000 -9999.000 -9999.000 -9999.000 -9999.000 -9999.000
-9999.000 -9999.000 -nan -nan 0.714 0.702 0.696 0.679 0.674 0.671 0.639 0.000 0.000 0.000 0.000 0.000 0.000 0.000 0.000 0.000 0.000 0.000 0.000 0.000 0.000 0.000 0.000 0.000 0.000 0.000 0.000 0.000 0.000 0.000 0.000 0.000 0.000 0.914 0.927 0.938 0.945 0.950 0.960 0.956 0.959 0.962 0.962 0.961 0.962 -nan -nan -nan -nan -9999.000 -9999.000 -9999.000 -9999.000 -9999.000 -9999.000 -9999.000 -9999.000 -9999.000
