RESULTS/r.avaflow_results/14_results/14_ascii/14_hflow30019.asc
ncols 506
nrows 317
xllcenter 498237.50
yllcenter 5580050.00
cellsize 12.50
NODATA_value -9999.000
[rows 170 to 203 of 317, columns 154 to 230 of 506]
1.484 1.936 2.491 3.151 3.938 4.847 5.861 6.975 8.139 9.208 10.076 10.656 10.963 11.059 11.024 10.845 10.481 9.963 9.347 8.685 7.993 7.218 6.338 5.557 4.931 4.475 4.217 4.112 4.080 4.079 4.133 4.201 4.230 4.230 4.213 4.217 4.299 4.375 4.366 4.253 4.003 3.787 3.686 3.606 3.503 3.328 3.049 2.680 2.276 1.872 1.462 1.075 0.786 0.605 0.491 0.415 0.360 0.323 0.300 0.287 0.276 0.263 0.242 0.218 0.206 0.206 0.215 0.240 0.302 0.449 0.790 1.508 2.712 3.702 4.166 4.283 4.113
1.132 1.513 1.999 2.599 3.343 4.259 5.355 6.632 7.998 9.301 10.476 11.430 12.103 12.481 12.606 12.552 12.304 11.818 11.120 10.270 9.334 8.344 7.273 6.268 5.442 4.799 4.366 4.157 4.119 4.173 4.339 4.525 4.598 4.593 4.516 4.432 4.416 4.419 4.384 4.246 3.972 3.731 3.591 3.465 3.298 3.035 2.626 2.051 1.450 0.962 0.634 0.436 0.319 0.254 0.218 0.200 0.190 0.186 0.187 0.187 0.184 0.178 0.164 0.140 0.125 0.121 0.123 0.137 0.176 0.275 0.516 1.038 1.991 3.024 3.608 3.813 3.816
0.865 1.186 1.610 2.148 2.830 3.696 4.784 6.120 7.623 9.151 10.609 11.928 12.999 13.738 14.125 14.214 14.113 13.777 13.156 12.276 11.197 9.994 8.692 7.389 6.259 5.326 4.621 4.210 4.083 4.124 4.316 4.563 4.665 4.660 4.563 4.431 4.375 4.333 4.251 4.057 3.710 3.360 3.095 2.840 2.551 2.140 1.569 0.989 0.582 0.356 0.236 0.169 0.131 0.111 0.104 0.103 0.107 0.115 0.123 0.127 0.127 0.124 0.114 0.096 0.086 0.082 0.083 0.091 0.119 0.193 0.370 0.763 1.509 2.511 3.175 3.454 3.519
0.656 0.926 1.290 1.764 2.381 3.183 4.201 5.489 7.043 8.767 10.531 12.221 13.701 14.831 15.545 15.836 15.853 15.667 15.220 14.479 13.445 12.158 10.674 9.071 7.551 6.227 5.162 4.437 4.076 4.005 4.132 4.382 4.520 4.533 4.454 4.287 4.158 4.050 3.903 3.607 3.104 2.526 2.041 1.632 1.267 0.910 0.570 0.335 0.200 0.129 0.092 0.072 0.061 0.057 0.057 0.060 0.067 0.078 0.087 0.091 0.091 0.089 0.081 0.071 0.065 0.064 0.064 0.071 0.091 0.145 0.277 0.576 1.167 2.081 2.792 3.132 3.244
0.493 0.713 1.020 1.433 1.986 2.726 3.684 4.913 6.444 8.270 10.323 12.370 14.196 15.676 16.715 17.285 17.469 17.412 17.114 16.521 15.619 14.398 12.864 11.047 9.129 7.426 6.005 4.920 4.224 3.896 3.824 3.943 4.105 4.159 4.101 3.886 3.664 3.471 3.231 2.780 2.051 1.366 0.917 0.637 0.444 0.293 0.182 0.113 0.075 0.055 0.044 0.038 0.036 0.036 0.037 0.040 0.048 0.059 0.066 0.069 0.069 0.067 0.062 0.057 0.055 0.055 0.056 0.060 0.074 0.112 0.208 0.434 0.902 1.693 2.422 2.811 2.976
0.363 0.537 0.788 1.141 1.628 2.301 3.197 4.373 5.880 7.757 9.993 12.331 14.412 16.143 17.448 18.301 18.727 18.807 18.658 18.194 17.354 16.136 14.528 12.524 10.271 8.291 6.664 5.389 4.464 3.886 3.610 3.536 3.571 3.559 3.393 3.061 2.754 2.460 2.097 1.566 0.970 0.573 0.347 0.223 0.148 0.098 0.066 0.047 0.036 0.031 0.028 0.026 0.026 0.027 0.028 0.032 0.038 0.047 0.054 0.057 0.057 0.056 0.053 0.051 0.051 0.051 0.052 0.055 0.064 0.090 0.159 0.326 0.689 1.344 2.058 2.485 2.705
0.264 0.399 0.601 0.894 1.312 1.905 2.728 3.838 5.315 7.216 9.555 12.133 14.400 16.255 17.707 18.751 19.386 19.623 19.595 19.245 18.443 17.193 15.496 13.331 10.856 8.710 6.975 5.625 4.619 3.917 3.478 3.214 2.996 2.688 2.216 1.755 1.441 1.196 0.940 0.630 0.371 0.215 0.129 0.083 0.057 0.042 0.032 0.027 0.024 0.022 0.022 0.022 0.022 0.023 0.025 0.028 0.032 0.039 0.046 0.050 0.051 0.051 0.050 0.050 0.050 0.050 0.051 0.053 0.059 0.076 0.123 0.243 0.511 1.022 1.692 2.152 2.423
0.192 0.297 0.456 0.693 1.041 1.546 2.270 3.288 4.685 6.545 8.897 11.612 14.075 16.080 17.650 18.769 19.486 19.818 19.843 19.566 18.809 17.539 15.779 13.530 10.981 8.789 7.033 5.676 4.659 3.900 3.307 2.772 2.180 1.541 1.003 0.694 0.529 0.422 0.318 0.208 0.129 0.082 0.054 0.039 0.030 0.024 0.021 0.020 0.019 0.019 0.019 0.020 0.020 0.021 0.023 0.026 0.029 0.034 0.040 0.045 0.049 0.050 0.050 0.050 0.050 0.050 0.051 0.053 0.057 0.067 0.097 0.177 0.360 0.725 1.298 1.808 2.137
0.141 0.221 0.343 0.530 0.810 1.224 1.831 2.713 3.976 5.714 7.964 10.670 13.276 15.412 17.088 18.271 19.051 19.448 19.525 19.309 18.605 17.345 15.567 13.299 10.784 8.629 6.893 5.541 4.492 3.620 2.801 1.956 1.174 0.634 0.346 0.217 0.162 0.130 0.099 0.071 0.050 0.038 0.030 0.024 0.021 0.019 0.018 0.017 0.017 0.018 0.018 0.019 0.020 0.021 0.022 0.025 0.027 0.031 0.035 0.041 0.047 0.050 0.052 0.052 0.052 0.052 0.052 0.053 0.056 0.062 0.080 0.128 0.241 0.478 0.892 1.412 1.828
0.104 0.164 0.258 0.403 0.622 0.952 1.444 2.162 3.211 4.706 6.739 9.326 11.982 14.142 15.816 17.015 17.827 18.267 18.383 18.233 17.602 16.381 14.621 12.421 10.106 8.093 6.369 4.923 3.729 2.675 1.710 0.934 0.449 0.209 0.109 0.071 0.056 0.047 0.039 0.032 0.027 0.023 0.021 0.019 0.017 0.016 0.016 0.016 0.016 0.017 0.017 0.019 0.020 0.021 0.022 0.024 0.026 0.029 0.032 0.037 0.044 0.051 0.055 0.056 0.056 0.056 0.056 0.056 0.057 0.060 0.070 0.096 0.159 0.296 0.551 0.956 1.420
0.076 0.122 0.193 0.304 0.473 0.732 1.120 1.691 2.521 3.704 5.379 7.676 10.291 12.397 14.013 15.202 16.005 16.439 16.551 16.405 15.781 14.566 12.845 10.845 8.896 7.084 5.278 3.589 2.224 1.253 0.641 0.302 0.139 0.069 0.041 0.031 0.026 0.024 0.022 0.020 0.018 0.017 0.017 0.016 0.015 0.015 0.015 0.015 0.015 0.016 0.017 0.018 0.020 0.021 0.022 0.024 0.025 0.027 0.030 0.034 0.041 0.050 0.057 0.061 0.062 0.062 0.061 0.059 0.059 0.061 0.067 0.081 0.113 0.182 0.320 0.555 0.907
0.056 0.090 0.143 0.226 0.355 0.554 0.854 1.297 1.940 2.858 4.170 6.008 8.336 10.408 12.009 13.191 13.956 14.318 14.371 14.120 13.355 12.011 10.257 8.568 7.005 5.361 3.446 1.828 0.859 0.388 0.177 0.086 0.047 0.029 0.022 0.018 0.017 0.016 0.016 0.015 0.015 0.014 0.014 0.014 0.014 0.014 0.014 0.014 0.014 0.015 0.016 0.018 0.020 0.021 0.023 0.024 0.025 0.027 0.029 0.032 0.038 0.046 0.056 0.063 0.067 0.067 0.066 0.064 0.063 0.063 0.066 0.075 0.092 0.125 0.189 0.306 0.493
0.041 0.066 0.105 0.167 0.262 0.410 0.634 0.966 1.448 2.135 3.111 4.474 6.290 8.257 9.847 10.984 11.662 11.909 11.871 11.419 10.320 8.516 6.631 5.208 3.966 2.660 1.395 0.596 0.229 0.098 0.050 0.031 0.021 0.017 0.014 0.013 0.013 0.012 0.012 0.012 0.012 0.012 0.012 0.012 0.012 0.012 0.012 0.013 0.013 0.014 0.015 0.017 0.020 0.022 0.023 0.024 0.025 0.027 0.029 0.031 0.036 0.042 0.053 0.063 0.069 0.071 0.071 0.069 0.067 0.067 0.069 0.076 0.087 0.105 0.132 0.179 0.261
0.030 0.048 0.076 0.120 0.189 0.294 0.453 0.690 1.035 1.524 2.206 3.149 4.421 5.997 7.367 8.319 8.829 8.962 8.719 7.792 6.126 4.255 2.894 2.025 1.348 0.758 0.335 0.125 0.053 0.030 0.021 0.016 0.013 0.012 0.011 0.010 0.010 0.010 0.010 0.010 0.010 0.010 0.010 0.010 0.010 0.011 0.011 0.011 0.012 0.012 0.014 0.016 0.020 0.022 0.024 0.025 0.026 0.027 0.029 0.031 0.035 0.040 0.048 0.059 0.068 0.074 0.075 0.075 0.074 0.074 0.077 0.083 0.092 0.103 0.116 0.131 0.159
0.022 0.035 0.055 0.085 0.132 0.202 0.310 0.471 0.705 1.034 1.484 2.094 2.909 3.895 4.714 5.215 5.401 5.294 4.729 3.606 2.340 1.395 0.825 0.497 0.278 0.136 0.061 0.030 0.019 0.015 0.012 0.010 0.009 0.008 0.008 0.007 0.007 0.007 0.007 0.007 0.007 0.007 0.008 0.008 0.008 0.009 0.009 0.009 0.010 0.011 0.013 0.016 0.020 0.023 0.025 0.027 0.028 0.029 0.030 0.032 0.035 0.040 0.046 0.056 0.068 0.076 0.081 0.082 0.084 0.087 0.094 0.103 0.110 0.115 0.119 0.123 0.131
0.015 0.024 0.038 0.059 0.090 0.136 0.204 0.306 0.456 0.666 0.950 1.321 1.771 2.221 2.540 2.685 2.656 2.376 1.779 1.055 0.542 0.284 0.160 0.093 0.052 0.030 0.019 0.014 0.011 0.009 0.008 0.007 0.006 0.006 0.005 0.005 0.005 0.005 0.005 0.005 0.005 0.005 0.005 0.005 0.006 0.006 0.006 0.007 0.008 0.011 0.014 0.018 0.022 0.025 0.028 0.029 0.030 0.032 0.033 0.034 0.037 0.041 0.047 0.056 0.069 0.082 0.091 0.097 0.102 0.109 0.122 0.137 0.144 0.144 0.140 0.135 0.135
0.011 0.017 0.026 0.040 0.060 0.089 0.131 0.191 0.278 0.400 0.563 0.767 0.954 1.062 1.099 1.060 0.954 0.722 0.405 0.184 0.090 0.053 0.034 0.023 0.016 0.012 0.010 0.008 0.007 0.006 0.005 0.004 0.004 0.004 0.003 0.003 0.003 0.003 0.003 0.003 0.003 0.003 0.003 0.003 0.004 0.004 0.005 0.006 0.008 0.012 0.017 0.023 0.028 0.031 0.033 0.033 0.034 0.035 0.037 0.039 0.042 0.046 0.053 0.063 0.080 0.101 0.117 0.128 0.138 0.149 0.163 0.174 0.180 0.183 0.183 0.177 0.171
0.007 0.011 0.017 0.027 0.040 0.058 0.082 0.115 0.159 0.218 0.293 0.372 0.411 0.397 0.348 0.282 0.215 0.137 0.065 0.032 0.020 0.015 0.012 0.010 0.008 0.007 0.006 0.005 0.004 0.004 0.003 0.003 0.002 0.002 0.002 0.002 0.002 0.002 0.002 0.002 0.002 0.002 0.002 0.002 0.003 0.003 0.004 0.007 0.011 0.018 0.027 0.035 0.039 0.041 0.041 0.041 0.041 0.042 0.045 0.049 0.055 0.062 0.074 0.092 0.120 0.151 0.174 0.187 0.194 0.197 0.198 0.199 0.201 0.207 0.223 0.245 0.254
0.005 0.007 0.012 0.018 0.026 0.037 0.051 0.067 0.084 0.103 0.124 0.134 0.126 0.105 0.078 0.056 0.040 0.024 0.014 0.009 0.007 0.006 0.006 0.005 0.005 0.004 0.004 0.003 0.003 0.002 0.002 0.002 0.002 0.001 0.001 0.001 0.001 0.001 0.001 0.001 0.001 0.002 0.002 0.002 0.003 0.003 0.006 0.010 0.019 0.031 0.041 0.046 0.047 0.047 0.047 0.047 0.049 0.053 0.061 0.070 0.082 0.098 0.123 0.160 0.199 0.227 0.241 0.244 0.238 0.224 0.213 0.208 0.208 0.215 0.240 0.288 0.328
0.003 0.005 0.007 0.011 0.016 0.023 0.030 0.035 0.038 0.039 0.038 0.035 0.029 0.023 0.016 0.013 0.010 0.007 0.005 0.004 0.004 0.003 0.003 0.003 0.003 0.003 0.002 0.002 0.002 0.001 0.001 0.001 0.001 0.001 0.001 0.001 0.001 0.001 0.001 0.001 0.001 0.002 0.002 0.002 0.003 0.006 0.011 0.020 0.032 0.042 0.047 0.049 0.049 0.049 0.049 0.050 0.054 0.061 0.073 0.089 0.108 0.133 0.170 0.216 0.249 0.266 0.271 0.267 0.251 0.227 0.210 0.203 0.202 0.209 0.237 0.295 0.351
0.002 0.003 0.004 0.006 0.009 0.012 0.014 0.014 0.013 0.011 0.009 0.008 0.007 0.006 0.005 0.004 0.004 0.003 0.003 0.002 0.002 0.002 0.002 0.002 0.002 0.002 0.002 0.002 0.001 0.001 0.001 0.001 0.001 0.001 0.001 0.001 0.001 0.001 0.002 0.002 0.002 0.003 0.003 0.005 0.007 0.011 0.019 0.030 0.040 0.045 0.048 0.049 0.049 0.049 0.048 0.050 0.055 0.064 0.077 0.095 0.116 0.144 0.184 0.226 0.254 0.266 0.267 0.259 0.237 0.205 0.183 0.173 0.171 0.176 0.202 0.262 0.333
0.001 0.002 0.002 0.003 0.004 0.005 0.004 0.004 0.003 0.003 0.002 0.002 0.002 0.002 0.002 0.002 0.002 0.002 0.002 0.002 0.002 0.002 0.002 0.002 0.002 0.002 0.002 0.002 0.002 0.002 0.002 0.002 0.002 0.002 0.002 0.002 0.002 0.002 0.003 0.003 0.004 0.005 0.006 0.008 0.011 0.016 0.024 0.034 0.040 0.044 0.046 0.047 0.047 0.047 0.047 0.049 0.054 0.062 0.074 0.090 0.110 0.136 0.168 0.198 0.217 0.224 0.221 0.208 0.181 0.147 0.124 0.113 0.109 0.111 0.128 0.176 0.250
0.001 0.001 0.001 0.001 0.001 0.001 0.001 0.001 0.001 0.001 0.001 0.001 0.001 0.001 0.002 0.002 0.002 0.002 0.001 0.001 0.001 0.001 0.001 0.002 0.002 0.002 0.002 0.002 0.002 0.003 0.003 0.003 0.003 0.003 0.003 0.004 0.004 0.005 0.005 0.006 0.006 0.007 0.008 0.010 0.013 0.018 0.026 0.033 0.038 0.041 0.042 0.042 0.041 0.041 0.041 0.043 0.047 0.052 0.059 0.068 0.080 0.095 0.111 0.123 0.129 0.131 0.128 0.116 0.096 0.077 0.065 0.059 0.057 0.057 0.064 0.086 0.129
0.001 0.001 0.001 0.001 0.001 0.001 0.001 0.001 0.001 0.001 0.001 0.001 0.001 0.001 0.001 0.001 0.001 0.001 0.001 0.001 0.001 0.001 0.002 0.002 0.002 0.003 0.004 0.004 0.005 0.005 0.005 0.005 0.005 0.005 0.006 0.006 0.006 0.006 0.006 0.007 0.007 0.008 0.009 0.011 0.013 0.018 0.024 0.030 0.033 0.034 0.034 0.033 0.032 0.032 0.031 0.031 0.032 0.033 0.035 0.037 0.041 0.046 0.052 0.056 0.059 0.060 0.059 0.055 0.047 0.039 0.035 0.032 0.031 0.031 0.034 0.042 0.058
0.001 0.001 0.001 0.001 0.001 0.001 0.001 0.001 0.001 0.001 0.001 0.001 0.001 0.001 0.001 0.001 0.001 0.001 0.001 0.001 0.001 0.002 0.002 0.003 0.004 0.005 0.006 0.006 0.006 0.006 0.006 0.006 0.006 0.006 0.006 0.006 0.007 0.007 0.007 0.007 0.007 0.008 0.009 0.010 0.012 0.016 0.020 0.022 0.023 0.023 0.023 0.021 0.020 0.019 0.018 0.018 0.018 0.018 0.019 0.020 0.021 0.024 0.026 0.028 0.029 0.030 0.030 0.028 0.025 0.022 0.020 0.019 0.019 0.019 0.020 0.024 0.030
0.000 0.000 0.000 0.001 0.001 0.001 0.000 0.001 0.001 0.001 0.001 0.001 0.001 0.001 0.001 0.001 0.001 0.001 0.001 0.001 0.001 0.002 0.002 0.003 0.004 0.006 0.006 0.007 0.007 0.007 0.007 0.007 0.007 0.007 0.007 0.007 0.007 0.007 0.007 0.007 0.007 0.007 0.007 0.008 0.009 0.011 0.012 0.012 0.012 0.012 0.011 0.011 0.010 0.010 0.009 0.010 0.010 0.010 0.011 0.012 0.013 0.014 0.015 0.016 0.017 0.017 0.017 0.016 0.015 0.013 0.013 0.012 0.012 0.012 0.013 0.015 0.017
0.000 0.000 0.000 0.000 0.000 0.000 0.000 0.000 0.000 0.000 0.000 0.000 0.000 0.000 0.001 0.001 0.001 0.001 0.001 0.001 0.001 0.002 0.002 0.003 0.004 0.006 0.006 0.007 0.007 0.007 0.007 0.007 0.007 0.007 0.007 0.006 0.006 0.006 0.006 0.006 0.005 0.005 0.005 0.005 0.005 0.006 0.006 0.006 0.005 0.005 0.005 0.005 0.004 0.005 0.005 0.005 0.006 0.006 0.007 0.008 0.008 0.009 0.009 0.010 0.010 0.010 0.010 0.010 0.009 0.008 0.008 0.007 0.007 0.008 0.008 0.009 0.011
0.000 0.000 0.000 0.000 0.000 0.000 0.000 0.000 0.000 0.000 0.000 0.000 0.000 0.000 0.000 0.000 0.000 0.001 0.001 0.001 0.001 0.002 0.002 0.003 0.004 0.005 0.006 0.006 0.006 0.006 0.006 0.006 0.006 0.006 0.006 0.006 0.005 0.005 0.004 0.004 0.004 0.003 0.003 0.003 0.003 0.003 0.002 0.002 0.002 0.002 0.002 0.002 0.002 0.002 0.002 0.003 0.003 0.004 0.004 0.005 0.005 0.006 0.006 0.006 0.006 0.006 0.006 0.005 0.005 0.005 0.004 0.004 0.004 0.004 0.005 0.005 0.006
0.000 0.000 0.000 0.000 0.000 0.000 0.000 0.000 0.000 0.000 0.000 0.000 0.000 0.000 0.000 0.000 0.000 0.000 0.000 0.001 0.001 0.001 0.002 0.003 0.004 0.005 0.005 0.005 0.005 0.005 0.005 0.005 0.005 0.005 0.004 0.004 0.004 0.003 0.003 0.003 0.002 0.002 0.002 0.002 0.001 0.001 0.001 0.001 0.001 0.001 0.001 0.001 0.001 0.001 0.001 0.002 0.002 0.002 0.003 0.003 0.003 0.003 0.003 0.003 0.003 0.003 0.003 0.003 0.002 0.002 0.002 0.002 0.002 0.002 0.002 0.003 0.004
0.000 0.000 0.000 0.000 0.000 0.000 0.000 0.000 0.000 0.000 0.000 0.000 0.000 0.000 0.000 0.000 0.000 0.000 0.000 0.000 0.001 0.001 0.001 0.002 0.003 0.003 0.003 0.004 0.004 0.003 0.003 0.003 0.003 0.003 0.003 0.003 0.002 0.002 0.002 0.002 0.001 0.001 0.001 0.001 0.001 0.001 0.001 0.001 0.001 0.001 0.001 0.001 0.001 0.001 0.001 0.001 0.001 0.001 0.002 0.002 0.002 0.002 0.002 0.002 0.002 0.001 0.001 0.001 0.001 0.001 0.001 0.001 0.001 0.001 0.001 0.001 0.002
0.000 0.000 0.000 0.000 0.000 0.000 0.000 0.000 0.000 0.000 0.000 0.000 0.000 0.000 0.000 0.000 0.000 0.000 0.000 0.000 0.000 0.001 0.001 0.001 0.002 0.002 0.002 0.002 0.002 0.002 0.002 0.002 0.002 0.002 0.002 0.002 0.001 0.001 0.001 0.001 0.001 0.001 0.001 0.001 0.001 0.001 0.000 0.000 0.000 0.000 0.000 0.000 0.001 0.001 0.001 0.001 0.001 0.001 0.001 0.001 0.001 0.001 0.001 0.000 0.000 0.000 0.000 0.000 0.000 0.000 0.000 0.000 0.000 0.000 0.000 0.000 0.001
0.000 0.000 0.000 0.000 0.000 0.000 0.000 0.000 0.000 0.000 0.000 0.000 0.000 0.000 0.000 0.000 0.000 0.000 0.000 0.000 0.000 0.000 0.000 0.001 0.001 0.001 0.001 0.001 0.001 0.001 0.001 0.001 0.001 0.001 0.001 0.001 0.001 0.001 0.001 0.001 0.001 0.000 0.000 0.000 0.000 0.000 0.000 0.000 0.000 0.000 0.000 0.000 0.000 0.000 0.000 0.000 0.000 0.000 0.000 0.000 0.000 0.000 0.000 0.000 0.000 0.000 0.000 0.000 0.000 0.000 0.000 0.000 0.000 0.000 0.000 0.000 0.000
0.000 0.000 0.000 0.000 0.000 0.000 0.000 0.000 0.000 0.000 0.000 0.000 0.000 0.000 0.000 0.000 0.000 0.000 0.000 0.000 0.000 0.000 0.000 0.000 0.001 0.001 0.001 0.001 0.001 0.001 0.001 0.001 0.001 0.001 0.001 0.001 0.001 0.001 0.000 0.000 0.000 0.000 0.000 0.000 0.000 0.000 0.000 0.000 0.000 0.000 0.000 0.000 0.000 0.000 0.000 0.000 0.000 0.000 0.000 0.000 0.000 0.000 0.000 0.000 0.000 0.000 0.000 0.000 0.000 0.000 0.000 0.000 0.000 0.000 0.000 0.000 0.000
0.000 0.000 0.000 0.000 0.000 0.000 0.000 0.000 0.000 0.000 0.000 0.000 0.000 0.000 0.000 0.000 0.000 0.000 0.000 0.000 0.000 0.000 0.000 0.000 0.000 0.000 0.000 0.000 0.000 0.000 0.000 0.000 0.000 0.000 0.000 0.000 0.000 0.000 0.000 0.000 0.000 0.000 0.000 0.000 0.000 0.000 0.000 0.000 0.000 0.000 0.000 0.000 0.000 0.000 0.000 0.000 0.000 0.000 0.000 0.000 0.000 0.000 0.000 0.000 0.000 0.000 0.000 0.000 0.000 0.000 0.000 0.000 0.000 0.000 0.000 0.000 0.000
