RESULTS/r.avaflow_results/14_results/14_ascii/14_hflow0041.asc
ncols 506
nrows 317
xllcenter 498237.50
yllcenter 5580050.00
cellsize 12.50
NODATA_value -9999.000
[rows 204 to 237 of 317, columns 308 to 384 of 506]
0.177 0.203 0.227 0.251 0.284 0.348 0.469 0.626 0.757 0.831 0.853 0.844 0.806 0.735 0.683 0.672 0.702 0.798 0.991 1.239 1.387 1.432 1.427 1.396 1.340 1.288 1.268 1.277 1.334 1.392 1.397 1.339 1.205 1.012 0.798 0.610 0.453 0.330 0.252 0.219 0.213 0.222 0.252 0.303 0.352 0.375 0.371 0.351 0.317 0.284 0.268 0.265 0.266 0.266 0.258 0.240 0.214 0.187 0.166 0.150 0.138 0.128 0.117 0.103 0.088 0.078 0.073 0.071 0.068 0.064 0.060 0.057 0.056 0.057 0.058 0.057 0.055
0.299 0.324 0.333 0.313 0.295 0.306 0.350 0.444 0.582 0.706 0.763 0.770 0.747 0.695 0.669 0.681 0.746 0.875 1.070 1.274 1.397 1.434 1.429 1.397 1.337 1.282 1.260 1.267 1.321 1.383 1.390 1.335 1.201 1.007 0.799 0.633 0.504 0.398 0.319 0.275 0.262 0.265 0.281 0.300 0.303 0.287 0.259 0.225 0.191 0.166 0.154 0.152 0.154 0.154 0.150 0.138 0.126 0.118 0.114 0.112 0.108 0.102 0.093 0.081 0.073 0.069 0.068 0.068 0.068 0.067 0.067 0.068 0.073 0.084 0.092 0.095 0.094
0.480 0.480 0.438 0.351 0.284 0.255 0.250 0.276 0.351 0.473 0.569 0.605 0.608 0.596 0.604 0.649 0.741 0.876 1.042 1.185 1.271 1.310 1.317 1.299 1.250 1.193 1.167 1.169 1.211 1.271 1.284 1.244 1.132 0.963 0.779 0.635 0.531 0.454 0.397 0.360 0.341 0.334 0.331 0.317 0.288 0.245 0.198 0.159 0.129 0.109 0.099 0.096 0.095 0.095 0.092 0.087 0.083 0.083 0.088 0.092 0.093 0.091 0.085 0.076 0.070 0.068 0.067 0.067 0.068 0.069 0.072 0.077 0.088 0.108 0.130 0.142 0.146
0.613 0.578 0.485 0.358 0.266 0.211 0.187 0.184 0.204 0.260 0.329 0.376 0.406 0.435 0.476 0.551 0.658 0.766 0.857 0.918 0.960 1.002 1.039 1.049 1.027 0.984 0.957 0.951 0.970 1.013 1.034 1.022 0.966 0.864 0.736 0.623 0.542 0.490 0.459 0.443 0.436 0.431 0.416 0.372 0.303 0.233 0.177 0.134 0.105 0.086 0.076 0.071 0.068 0.067 0.066 0.065 0.065 0.068 0.076 0.084 0.088 0.087 0.083 0.076 0.071 0.068 0.067 0.067 0.068 0.071 0.076 0.084 0.099 0.122 0.152 0.172 0.181
0.659 0.600 0.485 0.343 0.239 0.174 0.140 0.129 0.129 0.144 0.175 0.206 0.237 0.270 0.316 0.385 0.456 0.496 0.509 0.512 0.524 0.558 0.615 0.658 0.675 0.669 0.655 0.650 0.653 0.667 0.682 0.696 0.708 0.700 0.661 0.600 0.543 0.507 0.491 0.487 0.493 0.501 0.495 0.449 0.350 0.245 0.176 0.130 0.099 0.080 0.068 0.062 0.058 0.057 0.057 0.058 0.059 0.063 0.072 0.082 0.086 0.087 0.084 0.079 0.074 0.071 0.069 0.069 0.070 0.073 0.080 0.090 0.106 0.128 0.157 0.182 0.195
0.637 0.558 0.429 0.294 0.196 0.135 0.102 0.089 0.086 0.088 0.098 0.113 0.134 0.159 0.189 0.218 0.236 0.240 0.238 0.239 0.245 0.265 0.303 0.346 0.384 0.414 0.431 0.438 0.439 0.440 0.444 0.457 0.484 0.525 0.556 0.557 0.535 0.510 0.500 0.501 0.512 0.528 0.530 0.502 0.412 0.286 0.193 0.136 0.102 0.081 0.068 0.061 0.057 0.056 0.056 0.057 0.058 0.062 0.071 0.082 0.087 0.089 0.088 0.085 0.082 0.078 0.075 0.073 0.073 0.076 0.083 0.095 0.110 0.130 0.156 0.181 0.198
0.516 0.415 0.295 0.198 0.132 0.093 0.072 0.063 0.060 0.060 0.062 0.068 0.079 0.095 0.108 0.116 0.117 0.116 0.115 0.115 0.118 0.129 0.150 0.182 0.220 0.262 0.299 0.317 0.323 0.324 0.325 0.331 0.353 0.403 0.471 0.506 0.513 0.503 0.498 0.500 0.512 0.533 0.541 0.528 0.470 0.357 0.242 0.166 0.121 0.093 0.076 0.066 0.061 0.059 0.059 0.060 0.061 0.065 0.073 0.084 0.092 0.095 0.095 0.095 0.093 0.090 0.084 0.079 0.078 0.080 0.087 0.099 0.113 0.129 0.150 0.176 0.195
0.294 0.215 0.151 0.107 0.079 0.061 0.051 0.046 0.044 0.044 0.045 0.047 0.053 0.061 0.066 0.067 0.067 0.066 0.065 0.065 0.068 0.075 0.088 0.110 0.140 0.179 0.223 0.252 0.266 0.271 0.274 0.281 0.297 0.339 0.412 0.463 0.482 0.486 0.486 0.491 0.504 0.527 0.545 0.549 0.526 0.455 0.347 0.246 0.177 0.133 0.105 0.089 0.080 0.076 0.074 0.073 0.073 0.075 0.081 0.092 0.100 0.105 0.108 0.111 0.111 0.109 0.103 0.093 0.088 0.088 0.094 0.104 0.115 0.126 0.141 0.165 0.186
0.136 0.102 0.078 0.062 0.051 0.044 0.039 0.037 0.036 0.035 0.036 0.037 0.039 0.043 0.045 0.046 0.046 0.045 0.045 0.045 0.048 0.053 0.063 0.079 0.103 0.136 0.179 0.216 0.239 0.252 0.260 0.269 0.283 0.315 0.374 0.426 0.452 0.462 0.469 0.477 0.493 0.521 0.555 0.588 0.611 0.595 0.534 0.431 0.324 0.241 0.187 0.154 0.135 0.124 0.116 0.109 0.104 0.101 0.103 0.108 0.115 0.122 0.130 0.139 0.144 0.144 0.138 0.124 0.110 0.105 0.106 0.111 0.117 0.124 0.135 0.153 0.171
0.070 0.057 0.049 0.043 0.038 0.035 0.033 0.031 0.031 0.031 0.031 0.031 0.033 0.034 0.036 0.036 0.036 0.036 0.037 0.038 0.040 0.045 0.054 0.067 0.087 0.114 0.152 0.195 0.227 0.247 0.259 0.270 0.284 0.309 0.350 0.393 0.421 0.438 0.451 0.466 0.489 0.528 0.586 0.680 0.800 0.865 0.867 0.802 0.663 0.501 0.389 0.321 0.279 0.251 0.228 0.205 0.181 0.160 0.148 0.144 0.146 0.153 0.169 0.195 0.213 0.216 0.211 0.192 0.162 0.138 0.126 0.121 0.122 0.125 0.132 0.143 0.153
0.044 0.040 0.037 0.035 0.033 0.031 0.030 0.029 0.028 0.028 0.028 0.029 0.029 0.030 0.031 0.031 0.032 0.033 0.034 0.035 0.038 0.043 0.051 0.063 0.080 0.104 0.138 0.183 0.223 0.249 0.265 0.277 0.289 0.306 0.330 0.358 0.384 0.405 0.427 0.452 0.490 0.551 0.654 0.845 1.128 1.321 1.392 1.373 1.239 0.999 0.798 0.674 0.593 0.532 0.476 0.420 0.356 0.285 0.238 0.216 0.211 0.217 0.245 0.304 0.357 0.372 0.367 0.335 0.274 0.205 0.162 0.140 0.131 0.129 0.131 0.133 0.131
0.034 0.033 0.032 0.032 0.031 0.030 0.028 0.027 0.027 0.027 0.027 0.027 0.028 0.028 0.029 0.030 0.030 0.032 0.033 0.035 0.038 0.043 0.051 0.062 0.079 0.101 0.133 0.178 0.226 0.258 0.278 0.287 0.294 0.300 0.307 0.317 0.331 0.351 0.380 0.422 0.480 0.564 0.711 0.993 1.418 1.724 1.854 1.862 1.766 1.551 1.328 1.174 1.060 0.960 0.864 0.765 0.650 0.507 0.398 0.345 0.331 0.336 0.370 0.453 0.570 0.644 0.649 0.606 0.499 0.344 0.233 0.176 0.150 0.138 0.130 0.121 0.109
0.031 0.031 0.031 0.031 0.031 0.030 0.028 0.027 0.026 0.026 0.027 0.027 0.028 0.028 0.028 0.029 0.030 0.031 0.033 0.035 0.039 0.044 0.052 0.064 0.080 0.102 0.133 0.177 0.231 0.269 0.287 0.293 0.293 0.288 0.279 0.274 0.275 0.284 0.309 0.359 0.435 0.543 0.717 1.044 1.543 1.916 2.086 2.110 2.041 1.871 1.661 1.497 1.363 1.243 1.127 1.010 0.882 0.722 0.579 0.497 0.467 0.464 0.482 0.548 0.689 0.868 0.957 0.954 0.840 0.595 0.360 0.235 0.177 0.148 0.127 0.109 0.093
0.030 0.031 0.031 0.031 0.031 0.030 0.028 0.027 0.026 0.026 0.027 0.027 0.028 0.028 0.029 0.029 0.030 0.031 0.033 0.036 0.041 0.047 0.056 0.068 0.085 0.109 0.140 0.185 0.241 0.279 0.296 0.299 0.295 0.282 0.259 0.245 0.241 0.243 0.255 0.285 0.349 0.464 0.663 1.017 1.544 1.950 2.137 2.167 2.116 1.981 1.793 1.621 1.473 1.343 1.221 1.100 0.977 0.833 0.688 0.591 0.544 0.532 0.539 0.585 0.713 0.948 1.141 1.196 1.136 0.902 0.558 0.326 0.212 0.157 0.124 0.101 0.083
0.030 0.031 0.032 0.032 0.032 0.031 0.030 0.028 0.027 0.027 0.027 0.028 0.029 0.029 0.030 0.030 0.031 0.032 0.035 0.039 0.044 0.052 0.063 0.077 0.099 0.127 0.162 0.209 0.262 0.295 0.307 0.308 0.300 0.281 0.252 0.233 0.225 0.223 0.228 0.245 0.283 0.366 0.544 0.893 1.434 1.868 2.072 2.108 2.071 1.962 1.800 1.628 1.471 1.338 1.219 1.104 0.988 0.865 0.733 0.631 0.573 0.553 0.555 0.591 0.707 0.944 1.209 1.332 1.324 1.156 0.794 0.448 0.258 0.168 0.124 0.098 0.080
0.032 0.034 0.035 0.035 0.035 0.034 0.032 0.030 0.028 0.028 0.028 0.029 0.030 0.031 0.032 0.032 0.033 0.035 0.038 0.042 0.050 0.059 0.073 0.092 0.121 0.159 0.202 0.253 0.301 0.326 0.332 0.327 0.313 0.287 0.255 0.233 0.222 0.218 0.220 0.231 0.257 0.314 0.436 0.704 1.178 1.605 1.818 1.876 1.866 1.804 1.691 1.539 1.372 1.239 1.139 1.049 0.958 0.859 0.741 0.638 0.576 0.553 0.553 0.581 0.682 0.903 1.207 1.392 1.435 1.341 1.035 0.608 0.326 0.190 0.129 0.099 0.080
0.037 0.039 0.040 0.040 0.040 0.039 0.037 0.034 0.032 0.030 0.030 0.030 0.031 0.033 0.035 0.036 0.037 0.038 0.041 0.047 0.056 0.068 0.086 0.111 0.147 0.187 0.228 0.279 0.329 0.354 0.358 0.352 0.333 0.304 0.273 0.248 0.231 0.224 0.224 0.233 0.256 0.299 0.378 0.543 0.850 1.172 1.363 1.450 1.474 1.460 1.399 1.281 1.121 1.005 0.941 0.900 0.861 0.810 0.728 0.632 0.569 0.543 0.541 0.567 0.653 0.846 1.160 1.404 1.497 1.470 1.259 0.826 0.435 0.237 0.149 0.107 0.084
0.047 0.049 0.050 0.050 0.049 0.048 0.045 0.042 0.038 0.035 0.033 0.033 0.034 0.036 0.038 0.039 0.041 0.043 0.046 0.052 0.062 0.078 0.101 0.130 0.162 0.195 0.233 0.283 0.335 0.361 0.367 0.362 0.345 0.317 0.293 0.275 0.261 0.254 0.256 0.265 0.282 0.310 0.358 0.446 0.607 0.792 0.912 0.978 1.000 0.993 0.949 0.850 0.727 0.654 0.633 0.646 0.680 0.699 0.674 0.612 0.558 0.538 0.540 0.566 0.643 0.806 1.095 1.381 1.519 1.536 1.414 1.068 0.613 0.329 0.196 0.132 0.098
0.068 0.070 0.070 0.070 0.068 0.066 0.062 0.058 0.051 0.043 0.040 0.039 0.039 0.041 0.042 0.044 0.045 0.047 0.050 0.057 0.069 0.089 0.116 0.142 0.166 0.193 0.225 0.271 0.322 0.351 0.360 0.358 0.344 0.318 0.298 0.289 0.289 0.302 0.325 0.341 0.348 0.352 0.366 0.399 0.467 0.561 0.627 0.661 0.668 0.653 0.597 0.502 0.423 0.391 0.389 0.409 0.465 0.537 0.576 0.571 0.547 0.536 0.542 0.572 0.642 0.782 1.036 1.342 1.512 1.549 1.485 1.246 0.835 0.487 0.286 0.183 0.128
0.111 0.113 0.113 0.111 0.107 0.102 0.097 0.088 0.074 0.060 0.052 0.049 0.048 0.048 0.048 0.049 0.050 0.052 0.056 0.062 0.076 0.100 0.127 0.146 0.164 0.182 0.204 0.237 0.280 0.309 0.322 0.323 0.317 0.300 0.286 0.284 0.293 0.325 0.371 0.396 0.399 0.390 0.379 0.382 0.401 0.441 0.471 0.483 0.481 0.458 0.400 0.322 0.275 0.260 0.262 0.280 0.325 0.402 0.470 0.506 0.521 0.527 0.540 0.574 0.640 0.762 0.981 1.284 1.475 1.528 1.488 1.314 0.996 0.650 0.409 0.261 0.177
0.208 0.209 0.207 0.201 0.192 0.180 0.167 0.148 0.120 0.094 0.078 0.070 0.065 0.062 0.059 0.057 0.057 0.059 0.063 0.070 0.086 0.110 0.132 0.145 0.155 0.163 0.171 0.185 0.210 0.232 0.244 0.249 0.250 0.245 0.242 0.248 0.272 0.321 0.377 0.407 0.412 0.401 0.381 0.374 0.375 0.386 0.395 0.396 0.387 0.359 0.307 0.251 0.221 0.213 0.214 0.227 0.261 0.325 0.395 0.442 0.475 0.502 0.530 0.571 0.634 0.739 0.921 1.188 1.373 1.439 1.424 1.301 1.057 0.753 0.510 0.344 0.238
0.416 0.414 0.405 0.390 0.368 0.342 0.308 0.261 0.203 0.154 0.124 0.107 0.095 0.085 0.076 0.071 0.069 0.069 0.072 0.079 0.094 0.117 0.133 0.140 0.141 0.138 0.135 0.137 0.145 0.154 0.159 0.160 0.160 0.161 0.165 0.178 0.211 0.271 0.342 0.384 0.396 0.389 0.372 0.363 0.361 0.362 0.361 0.355 0.340 0.314 0.273 0.233 0.212 0.205 0.205 0.216 0.245 0.300 0.361 0.401 0.433 0.465 0.504 0.551 0.613 0.702 0.843 1.033 1.173 1.238 1.245 1.189 1.032 0.795 0.577 0.411 0.294
0.666 0.656 0.635 0.606 0.570 0.523 0.458 0.370 0.277 0.209 0.168 0.144 0.124 0.107 0.093 0.083 0.078 0.077 0.079 0.085 0.100 0.119 0.129 0.130 0.124 0.112 0.105 0.103 0.104 0.106 0.104 0.100 0.098 0.098 0.101 0.108 0.129 0.174 0.243 0.300 0.329 0.340 0.341 0.343 0.346 0.347 0.343 0.333 0.316 0.294 0.266 0.240 0.224 0.217 0.217 0.225 0.251 0.303 0.357 0.386 0.402 0.421 0.451 0.497 0.555 0.629 0.722 0.813 0.878 0.924 0.953 0.962 0.912 0.779 0.609 0.459 0.337
0.776 0.762 0.736 0.702 0.660 0.604 0.523 0.411 0.303 0.231 0.186 0.157 0.136 0.116 0.100 0.088 0.082 0.080 0.081 0.087 0.101 0.115 0.119 0.117 0.105 0.090 0.081 0.078 0.077 0.076 0.073 0.067 0.064 0.063 0.064 0.067 0.076 0.096 0.133 0.176 0.215 0.249 0.281 0.310 0.326 0.331 0.327 0.316 0.298 0.284 0.275 0.272 0.275 0.275 0.275 0.279 0.298 0.337 0.374 0.390 0.386 0.373 0.376 0.399 0.441 0.495 0.543 0.575 0.605 0.634 0.669 0.708 0.725 0.696 0.605 0.484 0.362
0.758 0.747 0.724 0.692 0.652 0.596 0.514 0.399 0.295 0.225 0.182 0.153 0.132 0.113 0.098 0.087 0.082 0.080 0.080 0.086 0.096 0.103 0.103 0.097 0.083 0.069 0.062 0.059 0.057 0.055 0.053 0.049 0.046 0.045 0.045 0.046 0.049 0.058 0.074 0.096 0.123 0.154 0.199 0.252 0.289 0.303 0.305 0.297 0.282 0.276 0.285 0.321 0.379 0.415 0.421 0.419 0.422 0.435 0.440 0.423 0.383 0.340 0.318 0.314 0.326 0.352 0.380 0.402 0.422 0.446 0.480 0.532 0.569 0.580 0.557 0.484 0.373
0.577 0.574 0.563 0.545 0.518 0.476 0.408 0.315 0.234 0.182 0.148 0.123 0.106 0.093 0.084 0.077 0.074 0.073 0.074 0.077 0.081 0.082 0.079 0.071 0.060 0.051 0.046 0.043 0.042 0.040 0.039 0.037 0.035 0.034 0.034 0.034 0.036 0.040 0.047 0.058 0.073 0.093 0.124 0.171 0.219 0.248 0.260 0.262 0.258 0.261 0.281 0.343 0.460 0.571 0.623 0.636 0.632 0.620 0.583 0.507 0.402 0.330 0.289 0.266 0.257 0.261 0.272 0.286 0.305 0.328 0.361 0.410 0.450 0.469 0.471 0.444 0.368
0.263 0.263 0.262 0.260 0.255 0.239 0.206 0.160 0.124 0.100 0.083 0.069 0.060 0.056 0.055 0.054 0.055 0.056 0.057 0.058 0.057 0.056 0.053 0.048 0.042 0.037 0.034 0.032 0.031 0.030 0.029 0.028 0.027 0.027 0.027 0.027 0.028 0.030 0.033 0.039 0.047 0.058 0.075 0.099 0.131 0.159 0.179 0.193 0.205 0.220 0.254 0.335 0.479 0.637 0.736 0.780 0.791 0.783 0.736 0.620 0.453 0.342 0.282 0.244 0.220 0.208 0.205 0.211 0.225 0.248 0.279 0.315 0.341 0.356 0.363 0.359 0.321
0.096 0.095 0.095 0.096 0.096 0.092 0.083 0.068 0.057 0.049 0.042 0.037 0.033 0.032 0.032 0.032 0.033 0.035 0.036 0.036 0.036 0.036 0.035 0.033 0.030 0.027 0.024 0.023 0.023 0.022 0.022 0.021 0.021 0.021 0.021 0.021 0.022 0.023 0.025 0.028 0.032 0.038 0.046 0.057 0.071 0.086 0.100 0.112 0.126 0.148 0.193 0.285 0.442 0.627 0.753 0.823 0.848 0.847 0.804 0.689 0.512 0.375 0.291 0.237 0.198 0.174 0.161 0.159 0.166 0.182 0.207 0.227 0.238 0.242 0.243 0.239 0.221
0.041 0.040 0.040 0.041 0.041 0.040 0.038 0.034 0.030 0.027 0.024 0.022 0.021 0.020 0.020 0.020 0.021 0.022 0.023 0.023 0.024 0.024 0.024 0.023 0.021 0.019 0.018 0.017 0.017 0.016 0.016 0.016 0.016 0.016 0.016 0.016 0.017 0.018 0.019 0.021 0.023 0.026 0.030 0.035 0.040 0.047 0.054 0.061 0.070 0.085 0.115 0.184 0.317 0.502 0.667 0.772 0.820 0.826 0.794 0.695 0.535 0.393 0.298 0.231 0.181 0.145 0.125 0.117 0.117 0.124 0.138 0.147 0.149 0.148 0.146 0.139 0.123
0.022 0.021 0.021 0.022 0.022 0.021 0.021 0.020 0.018 0.017 0.016 0.015 0.014 0.014 0.014 0.014 0.014 0.015 0.015 0.016 0.016 0.016 0.016 0.016 0.015 0.014 0.013 0.013 0.012 0.012 0.012 0.012 0.012 0.012 0.012 0.013 0.013 0.013 0.014 0.015 0.017 0.018 0.020 0.023 0.025 0.028 0.031 0.035 0.040 0.048 0.063 0.094 0.159 0.272 0.425 0.562 0.642 0.669 0.661 0.608 0.502 0.381 0.286 0.213 0.156 0.115 0.090 0.079 0.076 0.077 0.082 0.085 0.084 0.083 0.080 0.074 0.063
0.013 0.013 0.013 0.013 0.013 0.013 0.013 0.013 0.012 0.011 0.011 0.010 0.010 0.010 0.010 0.010 0.010 0.010 0.010 0.011 0.011 0.011 0.011 0.011 0.011 0.010 0.010 0.009 0.009 0.009 0.009 0.009 0.009 0.009 0.009 0.009 0.009 0.010 0.010 0.011 0.012 0.013 0.014 0.015 0.017 0.018 0.020 0.022 0.025 0.028 0.035 0.047 0.071 0.113 0.183 0.268 0.331 0.369 0.387 0.388 0.362 0.304 0.233 0.166 0.115 0.080 0.059 0.049 0.045 0.044 0.045 0.045 0.044 0.043 0.040 0.037 0.030
0.009 0.009 0.009 0.009 0.009 0.009 0.009 0.008 0.008 0.008 0.007 0.007 0.007 0.007 0.007 0.007 0.007 0.007 0.007 0.007 0.008 0.008 0.008 0.008 0.007 0.007 0.007 0.006 0.006 0.006 0.006 0.006 0.006 0.006 0.006 0.006 0.007 0.007 0.007 0.008 0.008 0.009 0.010 0.011 0.011 0.012 0.013 0.015 0.016 0.018 0.022 0.027 0.035 0.050 0.073 0.107 0.136 0.158 0.172 0.180 0.180 0.168 0.138 0.100 0.069 0.049 0.037 0.030 0.026 0.024 0.023 0.022 0.021 0.020 0.019 0.017 0.014
0.005 0.005 0.006 0.006 0.006 0.006 0.005 0.005 0.005 0.005 0.005 0.005 0.005 0.004 0.004 0.004 0.004 0.004 0.005 0.005 0.005 0.005 0.005 0.005 0.005 0.005 0.004 0.004 0.004 0.004 0.004 0.004 0.004 0.004 0.004 0.004 0.004 0.004 0.005 0.005 0.005 0.006 0.006 0.007 0.008 0.008 0.009 0.010 0.011 0.012 0.014 0.017 0.021 0.027 0.035 0.047 0.060 0.070 0.077 0.082 0.083 0.080 0.071 0.055 0.040 0.029 0.022 0.017 0.015 0.013 0.012 0.011 0.010 0.009 0.008 0.007 0.006
0.003 0.003 0.003 0.003 0.003 0.003 0.003 0.003 0.003 0.003 0.003 0.003 0.003 0.003 0.003 0.003 0.003 0.003 0.003 0.003 0.003 0.003 0.003 0.003 0.003 0.003 0.003 0.002 0.002 0.002 0.002 0.002 0.002 0.002 0.002 0.002 0.003 0.003 0.003 0.003 0.003 0.003 0.004 0.004 0.005 0.005 0.006 0.006 0.007 0.008 0.010 0.011 0.014 0.017 0.021 0.026 0.032 0.036 0.040 0.042 0.042 0.041 0.038 0.032 0.024 0.018 0.014 0.010 0.008 0.007 0.006 0.005 0.004 0.004 0.003 0.003 0.002
