RESULTS/r.avaflow_results/14_results/14_ascii/14_hflow30057.asc
ncols 506
nrows 317
xllcenter 498237.50
yllcenter 5580050.00
cellsize 12.50
NODATA_value -9999.000
[rows 136 to 169 of 317, columns 154 to 230 of 506]
0.002 0.002 0.003 0.003 0.003 0.003 0.003 0.003 0.003 0.003 0.003 0.003 0.003 0.003 0.003 0.003 0.003 0.003 0.003 0.003 0.003 0.002 0.002 0.002 0.002 0.002 0.001 0.001 0.001 0.001 0.000 0.000 0.000 0.000 0.000 0.000 0.000 0.000 0.000 0.000 0.000 0.000 0.000 0.000 0.000 0.000 0.000 0.000 0.000 0.000 0.000 0.000 0.000 0.000 0.000 0.000 0.000 0.000 0.000 0.000 0.000 0.000 0.000 0.000 0.000 0.000 0.000 0.000 0.000 0.000 0.000 0.000 0.000 0.000 0.000 0.000 0.000
0.003 0.004 0.005 0.005 0.005 0.005 0.005 0.005 0.005 0.005 0.005 0.005 0.005 0.005 0.005 0.005 0.005 0.005 0.005 0.005 0.004 0.004 0.004 0.003 0.003 0.003 0.002 0.002 0.002 0.001 0.001 0.001 0.001 0.000 0.000 0.000 0.000 0.000 0.000 0.000 0.000 0.000 0.000 0.000 0.000 0.000 0.000 0.000 0.000 0.000 0.000 0.000 0.000 0.000 0.000 0.000 0.000 0.000 0.000 0.000 0.000 0.000 0.000 0.000 0.000 0.000 0.000 0.000 0.000 0.000 0.000 0.000 0.000 0.000 0.000 0.000 0.000
0.005 0.006 0.007 0.007 0.007 0.007 0.007 0.007 0.007 0.007 0.007 0.007 0.007 0.007 0.007 0.007 0.007 0.007 0.007 0.007 0.007 0.006 0.006 0.005 0.005 0.004 0.004 0.004 0.003 0.002 0.002 0.001 0.001 0.001 0.000 0.000 0.000 0.000 0.000 0.000 0.000 0.000 0.000 0.000 0.000 0.000 0.000 0.000 0.000 0.000 0.000 0.000 0.000 0.000 0.000 0.000 0.000 0.000 0.000 0.000 0.000 0.000 0.000 0.000 0.000 0.000 0.000 0.000 0.000 0.000 0.000 0.000 0.000 0.000 0.000 0.000 0.000
0.007 0.008 0.009 0.010 0.010 0.010 0.010 0.010 0.010 0.010 0.010 0.010 0.011 0.011 0.011 0.011 0.011 0.011 0.010 0.010 0.010 0.009 0.008 0.007 0.007 0.006 0.006 0.005 0.005 0.004 0.003 0.002 0.002 0.001 0.001 0.001 0.000 0.000 0.000 0.000 0.000 0.000 0.000 0.000 0.000 0.000 0.000 0.000 0.000 0.000 0.000 0.000 0.000 0.000 0.000 0.000 0.000 0.000 0.000 0.000 0.000 0.000 0.000 0.000 0.000 0.000 0.000 0.000 0.000 0.000 0.000 0.000 0.000 0.000 0.000 0.000 0.000
0.008 0.009 0.010 0.011 0.012 0.012 0.013 0.013 0.013 0.013 0.014 0.015 0.016 0.016 0.016 0.016 0.016 0.015 0.015 0.014 0.014 0.012 0.011 0.010 0.009 0.009 0.008 0.007 0.007 0.006 0.004 0.003 0.003 0.002 0.001 0.001 0.001 0.000 0.000 0.000 0.000 0.000 0.000 0.000 0.000 0.000 0.000 0.000 0.000 0.000 0.000 0.000 0.000 0.000 0.000 0.000 0.000 0.000 0.000 0.000 0.000 0.000 0.000 0.000 0.000 0.000 0.000 0.000 0.000 0.000 0.000 0.000 0.000 0.000 0.000 0.000 0.000
0.009 0.010 0.011 0.012 0.012 0.013 0.014 0.014 0.015 0.016 0.018 0.020 0.023 0.024 0.024 0.024 0.023 0.023 0.022 0.021 0.020 0.017 0.015 0.014 0.013 0.012 0.011 0.010 0.009 0.008 0.006 0.005 0.004 0.003 0.002 0.002 0.001 0.001 0.001 0.000 0.000 0.000 0.000 0.000 0.000 0.000 0.000 0.000 0.000 0.000 0.000 0.000 0.000 0.000 0.000 0.000 0.000 0.000 0.000 0.000 0.000 0.000 0.000 0.000 0.000 0.000 0.000 0.000 0.000 0.000 0.000 0.000 0.000 0.000 0.000 0.000 0.000
0.009 0.010 0.011 0.012 0.013 0.013 0.014 0.015 0.016 0.017 0.020 0.024 0.030 0.034 0.036 0.037 0.037 0.036 0.035 0.033 0.030 0.026 0.022 0.019 0.017 0.016 0.015 0.013 0.011 0.009 0.008 0.006 0.005 0.004 0.003 0.002 0.002 0.001 0.001 0.001 0.000 0.000 0.000 0.000 0.000 0.000 0.000 0.000 0.000 0.000 0.000 0.000 0.000 0.000 0.000 0.000 0.000 0.000 0.000 0.000 0.000 0.000 0.000 0.000 0.000 0.000 0.000 0.000 0.000 0.000 0.000 0.000 0.000 0.000 0.000 0.000 0.000
0.009 0.010 0.011 0.012 0.012 0.013 0.014 0.015 0.016 0.018 0.021 0.026 0.033 0.041 0.046 0.048 0.049 0.048 0.047 0.044 0.040 0.035 0.031 0.026 0.023 0.020 0.017 0.015 0.013 0.011 0.009 0.008 0.006 0.005 0.004 0.003 0.003 0.002 0.002 0.001 0.001 0.001 0.000 0.000 0.000 0.000 0.000 0.000 0.000 0.000 0.000 0.000 0.000 0.000 0.000 0.000 0.000 0.000 0.000 0.000 0.000 0.000 0.000 0.000 0.000 0.000 0.000 0.000 0.000 0.000 0.000 0.000 0.000 0.000 0.000 0.000 0.000
0.009 0.010 0.011 0.011 0.012 0.013 0.014 0.015 0.016 0.018 0.021 0.026 0.033 0.042 0.048 0.052 0.053 0.053 0.051 0.049 0.045 0.041 0.036 0.030 0.026 0.022 0.019 0.016 0.014 0.012 0.010 0.009 0.007 0.006 0.005 0.004 0.004 0.003 0.002 0.002 0.001 0.001 0.001 0.001 0.000 0.000 0.000 0.000 0.000 0.000 0.000 0.000 0.000 0.000 0.000 0.000 0.000 0.000 0.000 0.000 0.000 0.000 0.000 0.000 0.000 0.000 0.000 0.000 0.000 0.000 0.000 0.000 0.000 0.000 0.000 0.000 0.000
0.009 0.009 0.010 0.010 0.011 0.012 0.012 0.013 0.015 0.017 0.020 0.024 0.030 0.039 0.047 0.051 0.052 0.052 0.051 0.048 0.045 0.042 0.037 0.032 0.027 0.023 0.020 0.017 0.015 0.013 0.011 0.010 0.009 0.007 0.006 0.005 0.005 0.004 0.003 0.003 0.002 0.002 0.001 0.001 0.001 0.001 0.000 0.000 0.000 0.000 0.000 0.000 0.000 0.000 0.000 0.000 0.000 0.000 0.000 0.000 0.000 0.000 0.000 0.000 0.000 0.000 0.000 0.000 0.000 0.000 0.000 0.000 0.000 0.000 0.000 0.000 0.000
0.008 0.009 0.009 0.010 0.010 0.010 0.011 0.012 0.013 0.015 0.017 0.020 0.024 0.031 0.039 0.044 0.045 0.045 0.045 0.044 0.042 0.040 0.037 0.032 0.027 0.023 0.020 0.017 0.015 0.014 0.012 0.011 0.010 0.009 0.008 0.007 0.006 0.005 0.004 0.004 0.003 0.003 0.002 0.002 0.001 0.001 0.001 0.001 0.001 0.000 0.000 0.000 0.000 0.000 0.000 0.000 0.000 0.000 0.000 0.000 0.000 0.000 0.000 0.000 0.000 0.000 0.000 0.000 0.000 0.000 0.000 0.000 0.000 0.000 0.000 0.000 0.000
0.008 0.008 0.009 0.009 0.009 0.010 0.010 0.010 0.011 0.012 0.014 0.015 0.018 0.022 0.027 0.031 0.032 0.033 0.033 0.034 0.035 0.035 0.034 0.031 0.026 0.023 0.020 0.018 0.016 0.014 0.013 0.012 0.011 0.010 0.009 0.008 0.007 0.006 0.005 0.005 0.004 0.003 0.003 0.003 0.002 0.002 0.002 0.001 0.001 0.001 0.001 0.001 0.001 0.000 0.000 0.000 0.000 0.000 0.000 0.000 0.000 0.000 0.000 0.000 0.000 0.000 0.000 0.000 0.000 0.000 0.000 0.000 0.000 0.000 0.000 0.000 0.000
0.008 0.008 0.009 0.009 0.009 0.009 0.009 0.010 0.010 0.011 0.012 0.013 0.015 0.017 0.020 0.022 0.023 0.024 0.024 0.025 0.027 0.027 0.028 0.027 0.025 0.022 0.020 0.018 0.017 0.015 0.014 0.013 0.012 0.011 0.010 0.009 0.008 0.008 0.007 0.006 0.005 0.005 0.004 0.004 0.003 0.003 0.003 0.002 0.002 0.002 0.002 0.001 0.001 0.001 0.001 0.001 0.001 0.000 0.000 0.000 0.000 0.000 0.000 0.000 0.000 0.000 0.000 0.000 0.000 0.000 0.000 0.000 0.000 0.000 0.000 0.000 0.000
0.008 0.008 0.008 0.009 0.009 0.009 0.009 0.010 0.010 0.010 0.011 0.012 0.013 0.014 0.016 0.017 0.018 0.019 0.020 0.021 0.022 0.022 0.023 0.023 0.023 0.021 0.020 0.019 0.017 0.016 0.015 0.014 0.013 0.012 0.012 0.011 0.010 0.009 0.008 0.007 0.007 0.006 0.005 0.005 0.004 0.004 0.004 0.003 0.003 0.003 0.003 0.002 0.002 0.002 0.002 0.001 0.001 0.001 0.001 0.001 0.001 0.001 0.000 0.000 0.000 0.000 0.000 0.000 0.000 0.000 0.000 0.000 0.000 0.000 0.000 0.000 0.000
0.009 0.009 0.009 0.009 0.009 0.009 0.009 0.010 0.010 0.010 0.011 0.011 0.012 0.013 0.014 0.015 0.016 0.016 0.017 0.018 0.019 0.019 0.020 0.021 0.021 0.021 0.020 0.019 0.018 0.017 0.016 0.015 0.015 0.014 0.013 0.013 0.012 0.011 0.010 0.009 0.008 0.008 0.007 0.006 0.006 0.006 0.005 0.005 0.005 0.004 0.004 0.004 0.004 0.003 0.003 0.002 0.002 0.002 0.002 0.002 0.001 0.001 0.001 0.001 0.001 0.001 0.001 0.001 0.001 0.001 0.001 0.001 0.001 0.000 0.000 0.000 0.000
0.015 0.012 0.011 0.010 0.010 0.010 0.010 0.010 0.010 0.010 0.011 0.011 0.012 0.013 0.013 0.014 0.014 0.015 0.016 0.016 0.017 0.018 0.018 0.019 0.019 0.020 0.020 0.019 0.018 0.018 0.017 0.017 0.016 0.016 0.015 0.015 0.014 0.013 0.012 0.011 0.010 0.009 0.009 0.008 0.008 0.007 0.007 0.007 0.007 0.006 0.006 0.006 0.005 0.005 0.004 0.004 0.003 0.003 0.003 0.003 0.002 0.002 0.002 0.002 0.002 0.002 0.002 0.002 0.002 0.002 0.002 0.002 0.001 0.001 0.001 0.001 0.000
0.041 0.027 0.019 0.015 0.013 0.011 0.011 0.010 0.010 0.010 0.011 0.011 0.012 0.013 0.013 0.013 0.014 0.015 0.015 0.016 0.016 0.017 0.018 0.018 0.019 0.019 0.020 0.019 0.019 0.019 0.019 0.018 0.018 0.018 0.017 0.017 0.016 0.015 0.014 0.013 0.012 0.011 0.011 0.010 0.010 0.009 0.009 0.009 0.009 0.009 0.008 0.008 0.007 0.007 0.006 0.006 0.005 0.005 0.004 0.004 0.004 0.004 0.004 0.004 0.004 0.004 0.004 0.004 0.004 0.004 0.003 0.003 0.002 0.002 0.002 0.001 0.001
0.164 0.100 0.061 0.039 0.026 0.019 0.015 0.013 0.012 0.012 0.012 0.012 0.012 0.013 0.013 0.014 0.014 0.014 0.015 0.015 0.016 0.017 0.017 0.018 0.019 0.019 0.020 0.020 0.020 0.020 0.020 0.020 0.020 0.020 0.019 0.019 0.018 0.017 0.017 0.016 0.015 0.014 0.013 0.012 0.012 0.012 0.012 0.012 0.012 0.012 0.011 0.011 0.010 0.009 0.009 0.008 0.007 0.007 0.006 0.006 0.006 0.006 0.006 0.006 0.006 0.006 0.006 0.006 0.006 0.006 0.005 0.005 0.004 0.003 0.002 0.002 0.002
0.581 0.398 0.247 0.144 0.084 0.051 0.033 0.023 0.018 0.016 0.014 0.014 0.014 0.014 0.014 0.014 0.015 0.015 0.015 0.016 0.016 0.017 0.017 0.018 0.019 0.019 0.020 0.021 0.021 0.021 0.022 0.022 0.022 0.022 0.021 0.020 0.020 0.020 0.019 0.019 0.018 0.017 0.016 0.016 0.016 0.016 0.016 0.016 0.016 0.016 0.016 0.015 0.014 0.013 0.012 0.011 0.010 0.009 0.009 0.008 0.008 0.008 0.008 0.008 0.008 0.009 0.009 0.009 0.009 0.008 0.008 0.007 0.005 0.005 0.004 0.003 0.002
1.443 1.140 0.809 0.516 0.307 0.177 0.103 0.063 0.042 0.030 0.024 0.021 0.019 0.018 0.017 0.017 0.017 0.016 0.016 0.016 0.017 0.017 0.018 0.019 0.020 0.020 0.021 0.022 0.023 0.024 0.024 0.024 0.024 0.024 0.023 0.022 0.022 0.022 0.022 0.022 0.021 0.021 0.020 0.020 0.020 0.021 0.021 0.022 0.022 0.022 0.022 0.021 0.019 0.018 0.016 0.015 0.014 0.013 0.012 0.011 0.011 0.011 0.011 0.011 0.011 0.012 0.013 0.013 0.013 0.012 0.011 0.009 0.008 0.006 0.005 0.004 0.004
2.431 2.208 1.824 1.342 0.885 0.554 0.335 0.204 0.129 0.086 0.062 0.047 0.037 0.031 0.028 0.025 0.022 0.021 0.020 0.019 0.019 0.020 0.020 0.021 0.022 0.023 0.023 0.024 0.026 0.026 0.027 0.027 0.027 0.026 0.025 0.024 0.024 0.025 0.026 0.026 0.026 0.025 0.025 0.026 0.027 0.028 0.030 0.031 0.031 0.031 0.031 0.029 0.027 0.025 0.023 0.021 0.019 0.018 0.017 0.016 0.015 0.015 0.015 0.015 0.016 0.019 0.021 0.022 0.021 0.019 0.015 0.012 0.010 0.008 0.007 0.006 0.005
3.099 3.011 2.806 2.438 1.894 1.324 0.891 0.601 0.409 0.283 0.199 0.142 0.103 0.078 0.060 0.048 0.040 0.034 0.030 0.028 0.027 0.027 0.027 0.028 0.027 0.028 0.028 0.029 0.031 0.031 0.032 0.031 0.030 0.029 0.028 0.028 0.028 0.029 0.030 0.031 0.031 0.032 0.032 0.033 0.035 0.037 0.040 0.043 0.045 0.045 0.043 0.041 0.039 0.037 0.034 0.032 0.029 0.027 0.026 0.024 0.023 0.022 0.022 0.022 0.024 0.031 0.038 0.040 0.039 0.033 0.023 0.017 0.013 0.011 0.009 0.008 0.007
3.573 3.553 3.459 3.264 2.925 2.411 1.852 1.394 1.055 0.802 0.606 0.447 0.321 0.228 0.164 0.121 0.092 0.072 0.060 0.052 0.048 0.046 0.045 0.043 0.040 0.039 0.039 0.039 0.040 0.040 0.040 0.039 0.037 0.035 0.033 0.033 0.034 0.035 0.036 0.037 0.039 0.040 0.042 0.043 0.045 0.048 0.054 0.060 0.062 0.062 0.061 0.059 0.057 0.055 0.053 0.050 0.046 0.044 0.041 0.039 0.036 0.034 0.034 0.034 0.040 0.059 0.081 0.088 0.085 0.068 0.039 0.024 0.017 0.013 0.011 0.009 0.008
3.886 3.934 3.911 3.813 3.624 3.334 2.951 2.524 2.105 1.739 1.413 1.114 0.844 0.621 0.449 0.322 0.235 0.177 0.142 0.121 0.108 0.098 0.090 0.081 0.073 0.067 0.063 0.061 0.059 0.058 0.056 0.052 0.048 0.046 0.044 0.044 0.044 0.044 0.046 0.048 0.050 0.052 0.054 0.056 0.058 0.062 0.070 0.078 0.082 0.083 0.084 0.084 0.085 0.085 0.084 0.082 0.079 0.075 0.070 0.066 0.061 0.059 0.058 0.061 0.078 0.131 0.195 0.217 0.209 0.161 0.081 0.040 0.024 0.017 0.014 0.012 0.010
4.016 4.148 4.201 4.179 4.096 3.945 3.724 3.441 3.121 2.795 2.463 2.103 1.710 1.343 1.026 0.771 0.580 0.445 0.358 0.305 0.267 0.235 0.206 0.180 0.157 0.139 0.123 0.110 0.100 0.091 0.084 0.075 0.069 0.065 0.063 0.062 0.061 0.061 0.062 0.066 0.069 0.071 0.073 0.074 0.076 0.081 0.089 0.099 0.105 0.110 0.116 0.123 0.131 0.137 0.140 0.141 0.139 0.134 0.126 0.119 0.113 0.110 0.111 0.123 0.175 0.322 0.491 0.553 0.536 0.413 0.201 0.082 0.039 0.024 0.017 0.014 0.012
4.019 4.207 4.333 4.396 4.405 4.352 4.234 4.051 3.813 3.532 3.235 2.946 2.651 2.319 1.927 1.534 1.230 1.003 0.839 0.724 0.632 0.547 0.473 0.413 0.359 0.309 0.262 0.220 0.183 0.154 0.132 0.115 0.104 0.097 0.094 0.092 0.091 0.091 0.094 0.099 0.102 0.103 0.103 0.103 0.105 0.109 0.115 0.125 0.137 0.151 0.170 0.194 0.216 0.234 0.247 0.254 0.254 0.248 0.234 0.225 0.221 0.221 0.232 0.275 0.423 0.777 1.149 1.284 1.247 0.991 0.523 0.202 0.077 0.037 0.023 0.017 0.015
3.927 4.169 4.346 4.484 4.574 4.605 4.574 4.477 4.312 4.072 3.807 3.595 3.412 3.221 2.956 2.589 2.220 1.909 1.660 1.455 1.270 1.098 0.954 0.839 0.736 0.633 0.530 0.430 0.338 0.266 0.214 0.180 0.159 0.147 0.141 0.139 0.141 0.147 0.153 0.157 0.158 0.156 0.152 0.150 0.151 0.152 0.157 0.168 0.188 0.221 0.270 0.328 0.376 0.414 0.442 0.455 0.458 0.446 0.431 0.423 0.423 0.433 0.467 0.565 0.828 1.367 1.905 2.124 2.110 1.818 1.141 0.481 0.172 0.066 0.033 0.022 0.018
3.693 4.029 4.284 4.480 4.622 4.726 4.787 4.775 4.696 4.530 4.318 4.173 4.076 3.975 3.836 3.635 3.374 3.078 2.770 2.472 2.184 1.910 1.670 1.473 1.296 1.121 0.943 0.758 0.582 0.440 0.341 0.279 0.243 0.226 0.220 0.220 0.228 0.243 0.252 0.254 0.252 0.244 0.233 0.225 0.221 0.220 0.223 0.238 0.272 0.338 0.445 0.562 0.653 0.716 0.747 0.745 0.714 0.682 0.665 0.659 0.658 0.667 0.702 0.807 1.085 1.645 2.226 2.498 2.530 2.325 1.730 0.896 0.355 0.128 0.054 0.031 0.022
3.323 3.770 4.118 4.383 4.583 4.749 4.905 5.005 5.025 4.958 4.827 4.731 4.691 4.658 4.608 4.511 4.353 4.139 3.889 3.612 3.307 2.975 2.633 2.307 2.021 1.752 1.485 1.202 0.917 0.684 0.520 0.422 0.375 0.360 0.360 0.370 0.384 0.401 0.408 0.408 0.401 0.385 0.360 0.338 0.326 0.323 0.328 0.353 0.414 0.537 0.733 0.895 0.983 1.015 0.999 0.936 0.858 0.813 0.796 0.792 0.789 0.792 0.816 0.903 1.150 1.665 2.234 2.529 2.590 2.476 2.038 1.260 0.582 0.227 0.089 0.044 0.029
2.772 3.339 3.785 4.137 4.430 4.688 4.940 5.178 5.334 5.390 5.365 5.321 5.315 5.326 5.324 5.279 5.178 5.032 4.864 4.674 4.451 4.169 3.794 3.342 2.911 2.519 2.142 1.749 1.345 1.012 0.776 0.643 0.594 0.591 0.609 0.636 0.651 0.657 0.658 0.653 0.637 0.604 0.552 0.506 0.484 0.481 0.494 0.544 0.648 0.810 1.001 1.117 1.158 1.150 1.090 0.979 0.885 0.837 0.823 0.821 0.818 0.819 0.837 0.909 1.111 1.524 2.045 2.377 2.494 2.442 2.128 1.501 0.790 0.347 0.141 0.064 0.039
2.119 2.687 3.231 3.705 4.127 4.518 4.888 5.256 5.580 5.804 5.928 5.981 6.006 6.016 6.005 5.952 5.873 5.798 5.714 5.601 5.430 5.162 4.773 4.300 3.841 3.393 2.927 2.420 1.893 1.465 1.170 1.012 0.968 0.973 1.002 1.038 1.061 1.066 1.061 1.045 1.004 0.929 0.838 0.766 0.731 0.728 0.763 0.840 0.923 1.010 1.109 1.171 1.185 1.160 1.074 0.939 0.839 0.787 0.771 0.771 0.771 0.775 0.794 0.847 0.973 1.222 1.616 2.009 2.211 2.232 2.058 1.612 0.975 0.476 0.209 0.095 0.054
1.591 2.037 2.557 3.108 3.662 4.199 4.709 5.206 5.688 6.105 6.396 6.572 6.658 6.674 6.649 6.567 6.488 6.455 6.425 6.360 6.204 5.910 5.475 4.974 4.538 4.126 3.696 3.200 2.621 2.117 1.776 1.599 1.545 1.539 1.551 1.580 1.637 1.671 1.670 1.629 1.528 1.389 1.264 1.173 1.118 1.096 1.089 1.083 1.071 1.074 1.107 1.135 1.128 1.071 0.948 0.798 0.693 0.635 0.613 0.610 0.614 0.629 0.654 0.688 0.738 0.837 1.053 1.428 1.756 1.876 1.843 1.611 1.139 0.618 0.293 0.138 0.076
1.212 1.570 2.006 2.510 3.087 3.716 4.355 5.004 5.660 6.290 6.783 7.096 7.255 7.300 7.280 7.198 7.108 7.070 7.035 6.961 6.781 6.447 5.960 5.409 4.961 4.594 4.239 3.848 3.392 2.951 2.622 2.428 2.336 2.285 2.258 2.273 2.341 2.376 2.343 2.222 2.025 1.852 1.728 1.625 1.527 1.417 1.287 1.170 1.090 1.045 1.014 0.978 0.919 0.815 0.667 0.535 0.448 0.401 0.385 0.385 0.395 0.411 0.433 0.457 0.485 0.533 0.645 0.889 1.255 1.509 1.580 1.513 1.243 0.783 0.400 0.200 0.111
0.928 1.221 1.588 2.032 2.565 3.193 3.908 4.696 5.537 6.418 7.163 7.651 7.903 8.005 8.018 7.977 7.884 7.782 7.664 7.520 7.285 6.896 6.352 5.744 5.234 4.843 4.529 4.235 3.924 3.626 3.390 3.226 3.110 3.011 2.928 2.890 2.891 2.873 2.786 2.589 2.326 2.142 2.013 1.888 1.744 1.561 1.338 1.150 1.009 0.884 0.759 0.639 0.530 0.432 0.349 0.290 0.255 0.241 0.239 0.246 0.255 0.263 0.273 0.286 0.303 0.332 0.395 0.541 0.845 1.190 1.355 1.376 1.270 0.959 0.555 0.294 0.167
