RESULTS/r.avaflow_results/14_results/14_ascii/14_hflow10044.asc
ncols 506
nrows 317
xllcenter 498237.50
yllcenter 5580050.00
cellsize 12.50
NODATA_value -9999.000
[rows 204 to 237 of 317, columns 77 to 153 of 506]
0.280 0.209 0.160 0.136 0.134 0.188 0.523 1.796 4.543 8.567 13.136 17.217 20.539 22.894 24.621 25.953 27.184 28.349 29.374 30.253 31.120 31.789 32.661 33.356 33.569 33.660 33.714 33.488 33.392 33.212 32.653 32.145 31.586 30.812 30.182 29.809 29.500 29.405 29.461 29.349 29.387 29.604 29.665 29.649 29.510 29.067 28.695 28.223 27.515 26.637 25.390 23.766 21.885 19.552 17.239 15.246 13.442 11.823 10.360 9.027 7.862 6.845 6.002 5.295 4.670 4.078 3.470 2.811 2.160 1.609 1.196 0.949 0.864 0.881 1.051 1.489 2.146
0.261 0.197 0.152 0.130 0.126 0.164 0.429 1.536 4.139 8.131 12.845 17.140 20.659 23.135 24.769 25.970 27.008 28.082 28.900 29.582 30.264 30.748 31.466 32.170 32.453 32.609 32.752 32.530 32.390 32.154 31.590 31.102 30.538 29.694 28.915 28.412 27.985 27.732 27.702 27.614 27.677 27.903 28.088 28.190 28.236 27.902 27.375 26.716 25.749 24.713 23.347 21.450 19.221 16.644 14.262 12.210 10.398 8.810 7.440 6.278 5.383 4.724 4.277 3.926 3.592 3.228 2.801 2.283 1.755 1.329 1.034 0.894 0.881 0.999 1.351 1.931 2.522
0.252 0.191 0.150 0.128 0.124 0.143 0.312 1.150 3.401 7.124 11.787 16.422 20.292 23.007 24.634 25.801 26.583 27.432 28.020 28.507 29.078 29.404 29.765 30.305 30.630 30.863 31.119 30.920 30.749 30.623 30.191 29.779 29.302 28.512 27.720 27.071 26.483 26.087 25.969 25.843 25.904 26.215 26.535 26.708 26.828 26.546 25.971 25.124 23.934 22.561 20.883 18.742 16.295 13.719 11.454 9.465 7.726 6.272 5.113 4.241 3.651 3.293 3.108 2.971 2.809 2.583 2.266 1.853 1.451 1.147 0.964 0.908 0.968 1.207 1.644 2.187 2.631
0.257 0.193 0.154 0.133 0.128 0.135 0.209 0.675 2.319 5.523 9.931 14.907 19.312 22.403 24.110 25.240 25.800 26.340 26.681 27.056 27.427 27.512 27.582 27.853 28.237 28.605 28.820 28.684 28.625 28.574 28.278 28.019 27.667 27.042 26.360 25.544 24.803 24.302 24.053 23.897 23.976 24.281 24.644 24.954 25.097 24.850 24.307 23.302 21.834 20.137 18.150 15.784 13.369 11.070 9.002 7.195 5.690 4.501 3.623 3.026 2.672 2.493 2.411 2.342 2.242 2.077 1.824 1.500 1.217 1.025 0.935 0.939 1.059 1.340 1.764 2.222 2.591
0.302 0.222 0.176 0.152 0.143 0.143 0.169 0.356 1.263 3.604 7.524 12.665 17.683 21.212 23.200 24.415 24.855 25.164 25.298 25.490 25.650 25.433 25.273 25.407 25.755 26.210 26.402 26.287 26.233 26.262 26.126 26.005 25.813 25.338 24.750 23.987 23.135 22.438 22.073 21.912 21.920 22.109 22.506 23.012 23.229 22.985 22.394 21.267 19.590 17.577 15.300 12.994 10.828 8.818 7.041 5.543 4.344 3.450 2.842 2.447 2.209 2.066 1.977 1.906 1.819 1.672 1.452 1.209 1.031 0.931 0.905 0.944 1.088 1.366 1.757 2.131 2.438
0.423 0.305 0.237 0.197 0.172 0.162 0.167 0.229 0.616 2.030 5.119 9.953 15.439 19.459 21.847 23.221 23.678 23.893 23.811 23.683 23.462 22.908 22.593 22.656 22.935 23.397 23.616 23.480 23.378 23.384 23.301 23.273 23.294 23.096 22.691 22.026 21.130 20.376 19.919 19.608 19.521 19.698 20.016 20.551 20.851 20.655 20.087 18.936 17.161 15.034 12.760 10.651 8.747 7.053 5.607 4.440 3.550 2.908 2.462 2.152 1.931 1.776 1.675 1.596 1.502 1.352 1.141 0.966 0.866 0.832 0.845 0.913 1.063 1.306 1.619 1.903 2.160
0.654 0.472 0.357 0.282 0.230 0.197 0.187 0.205 0.332 0.987 3.014 7.036 12.555 17.106 20.043 21.723 22.308 22.436 22.235 21.935 21.487 20.757 20.224 20.112 20.273 20.569 20.880 20.929 20.910 20.869 20.740 20.661 20.601 20.430 20.238 19.826 19.082 18.343 17.773 17.224 16.857 16.889 17.196 17.845 18.237 18.062 17.487 16.357 14.684 12.698 10.617 8.762 7.144 5.762 4.631 3.745 3.069 2.560 2.181 1.904 1.697 1.549 1.449 1.363 1.260 1.103 0.899 0.759 0.701 0.698 0.726 0.795 0.908 1.067 1.263 1.463 1.666
1.016 0.751 0.564 0.434 0.337 0.269 0.233 0.229 0.266 0.482 1.448 4.095 8.835 14.026 17.692 19.891 20.816 20.942 20.704 20.332 19.937 19.348 18.612 18.253 18.197 18.318 18.644 18.891 19.046 19.078 18.971 18.799 18.576 18.355 18.183 17.919 17.419 16.814 16.192 15.474 14.780 14.411 14.468 14.872 15.207 15.093 14.629 13.696 12.347 10.712 8.918 7.334 5.987 4.871 3.970 3.249 2.680 2.243 1.916 1.673 1.490 1.357 1.262 1.175 1.069 0.918 0.727 0.588 0.519 0.500 0.505 0.526 0.558 0.602 0.674 0.786 0.922
1.524 1.169 0.893 0.689 0.525 0.400 0.322 0.291 0.295 0.359 0.676 1.943 5.012 9.941 14.692 17.673 18.966 19.210 19.246 19.178 19.005 18.646 17.907 17.381 17.071 17.039 17.260 17.626 18.008 18.161 18.115 17.854 17.431 17.077 16.896 16.699 16.324 15.841 15.209 14.464 13.630 12.735 12.038 11.825 11.914 11.839 11.579 10.984 10.075 8.888 7.477 6.166 5.074 4.169 3.419 2.809 2.324 1.946 1.661 1.451 1.295 1.181 1.096 1.014 0.915 0.779 0.607 0.459 0.360 0.299 0.258 0.231 0.217 0.217 0.236 0.288 0.361
2.182 1.741 1.370 1.078 0.828 0.623 0.483 0.410 0.387 0.405 0.512 0.969 2.577 6.077 11.008 14.865 16.701 17.513 18.082 18.454 18.735 18.841 18.374 17.853 17.350 17.203 17.323 17.659 18.205 18.416 18.393 18.099 17.535 17.021 16.821 16.616 16.273 15.874 15.280 14.548 13.671 12.446 10.464 8.708 8.079 8.041 8.188 8.178 7.775 7.056 6.077 5.048 4.195 3.488 2.895 2.401 1.995 1.668 1.417 1.232 1.100 1.010 0.940 0.872 0.787 0.669 0.515 0.363 0.250 0.168 0.113 0.079 0.063 0.058 0.059 0.074 0.103
2.967 2.476 2.009 1.621 1.272 0.971 0.751 0.624 0.569 0.559 0.600 0.800 1.557 3.705 7.626 11.855 14.526 16.267 17.650 18.638 19.588 20.815 21.142 20.700 19.944 19.612 19.664 19.929 20.654 20.929 20.895 20.491 19.717 18.917 18.576 18.325 18.007 17.691 17.206 16.527 15.492 13.630 9.890 6.194 4.575 4.231 4.444 4.988 5.290 5.104 4.613 3.937 3.318 2.811 2.383 2.012 1.689 1.410 1.184 1.015 0.902 0.834 0.785 0.737 0.672 0.572 0.434 0.285 0.170 0.093 0.048 0.026 0.017 0.014 0.013 0.016 0.024
3.858 3.359 2.802 2.312 1.864 1.468 1.161 0.969 0.876 0.843 0.847 0.950 1.398 2.760 5.571 9.607 13.367 16.081 18.281 20.594 21.941 22.571 22.419 21.717 20.893 20.543 20.604 20.864 21.544 21.804 21.764 21.320 20.493 19.623 19.226 18.927 18.594 18.312 17.877 17.249 16.210 14.244 9.779 4.723 2.349 1.663 1.685 2.154 2.771 3.032 3.006 2.771 2.436 2.134 1.871 1.628 1.396 1.169 0.962 0.799 0.691 0.634 0.607 0.585 0.549 0.474 0.351 0.208 0.106 0.048 0.020 0.009 0.004 0.003 0.003 0.003 0.005
4.840 4.351 3.726 3.118 2.576 2.102 1.722 1.469 1.336 1.281 1.269 1.319 1.631 2.669 4.936 8.654 13.436 17.547 20.199 21.978 22.615 22.348 21.408 20.446 19.730 19.401 19.425 19.719 20.248 20.545 20.508 20.077 19.345 18.422 17.889 17.420 16.924 16.450 15.921 15.289 14.362 12.795 9.188 3.868 1.226 0.498 0.408 0.551 0.947 1.280 1.446 1.503 1.466 1.396 1.314 1.213 1.079 0.914 0.725 0.556 0.437 0.375 0.359 0.360 0.356 0.319 0.230 0.121 0.053 0.021 0.008 0.003 0.001 0.001 0.001 0.001 0.001
5.780 5.270 4.608 3.945 3.357 2.840 2.418 2.124 1.961 1.900 1.896 1.973 2.300 3.300 5.565 9.479 14.935 18.909 20.649 21.190 21.007 20.228 18.902 17.710 17.055 16.780 16.843 17.049 17.396 17.717 17.751 17.428 16.849 15.962 15.255 14.483 13.565 12.551 11.664 10.833 9.961 8.950 6.783 2.622 0.530 0.116 0.072 0.080 0.162 0.312 0.449 0.560 0.633 0.669 0.677 0.668 0.630 0.546 0.414 0.285 0.200 0.157 0.144 0.144 0.146 0.136 0.098 0.047 0.019 0.007 0.002 0.001 0.001 0.001 0.001 0.001 0.001
6.603 6.048 5.357 4.712 4.150 3.657 3.246 2.942 2.783 2.750 2.834 3.183 4.029 5.720 8.760 12.551 16.117 18.043 18.613 18.300 17.560 16.417 15.036 13.888 13.220 12.899 12.855 12.862 13.048 13.360 13.519 13.420 13.119 12.472 11.631 10.578 9.333 7.916 6.685 5.649 4.791 4.002 2.783 0.888 0.117 0.016 0.009 0.010 0.016 0.038 0.077 0.124 0.175 0.215 0.238 0.244 0.237 0.210 0.159 0.102 0.065 0.045 0.040 0.040 0.040 0.038 0.028 0.013 0.005 0.002 0.001 0.001 0.001 0.001 0.001 0.001 0.001
7.317 6.708 6.007 5.422 4.944 4.537 4.210 3.992 3.900 4.093 4.716 5.886 7.780 9.753 11.780 13.840 15.056 15.333 14.845 13.897 12.754 11.582 10.399 9.405 8.610 8.080 7.840 7.775 7.890 8.177 8.507 8.642 8.569 8.309 7.831 7.040 5.843 4.321 3.094 2.231 1.652 1.182 0.641 0.142 0.009 0.002 0.001 0.001 0.002 0.003 0.008 0.017 0.029 0.044 0.054 0.058 0.058 0.053 0.042 0.025 0.015 0.010 0.009 0.009 0.009 0.009 0.006 0.003 0.001 0.001 0.001 0.001 0.001 0.001 0.001 0.001 0.001
7.919 7.265 6.602 6.094 5.743 5.509 5.366 5.481 5.939 6.945 8.671 10.134 11.078 11.652 12.181 12.665 12.426 11.667 10.467 9.099 7.849 6.808 5.890 5.051 4.304 3.782 3.526 3.454 3.486 3.667 4.041 4.407 4.601 4.646 4.502 4.025 3.065 1.874 1.074 0.639 0.412 0.248 0.093 0.012 0.001 0.001 0.001 0.001 0.001 0.001 0.001 0.002 0.003 0.007 0.010 0.011 0.011 0.011 0.009 0.005 0.003 0.002 0.002 0.002 0.002 0.002 0.001 0.001 0.001 0.001 0.001 0.001 0.001 0.001 0.001 0.001 0.001
8.394 7.748 7.174 6.752 6.547 6.634 7.226 8.388 10.055 11.421 12.274 12.516 12.195 11.751 11.275 10.565 9.587 8.383 6.945 5.474 4.269 3.353 2.639 2.023 1.513 1.184 1.037 0.998 1.006 1.082 1.282 1.569 1.792 1.901 1.908 1.717 1.189 0.592 0.279 0.146 0.082 0.040 0.011 0.001 0.001 0.001 0.001 0.001 0.001 0.001 0.001 0.001 0.001 0.001 0.002 0.002 0.002 0.002 0.002 0.001 0.001 0.001 0.001 0.001 0.001 0.001 0.001 0.001 0.001 0.001 0.001 0.001 0.001 0.001 0.001 0.001 0.001
8.773 8.187 7.738 7.438 7.357 8.103 10.789 12.901 13.865 14.138 13.822 13.259 12.460 11.417 10.227 8.949 7.596 6.138 4.644 3.305 2.269 1.554 1.058 0.679 0.411 0.268 0.212 0.199 0.200 0.212 0.257 0.350 0.444 0.497 0.515 0.479 0.315 0.137 0.059 0.028 0.014 0.005 0.001 0.001 0.001 0.001 0.001 0.001 0.001 0.001 0.001 0.001 0.001 0.001 0.001 0.001 0.001 0.001 0.001 0.001 0.001 0.001 0.001 0.001 0.001 0.001 0.001 0.001 0.001 0.001 0.001 0.001 0.001 0.001 0.001 0.001 0.001
9.114 8.606 8.299 8.161 8.433 10.438 14.229 15.762 15.662 15.298 14.590 13.671 12.491 11.100 9.537 7.980 6.452 4.938 3.552 2.415 1.575 1.002 0.608 0.333 0.166 0.085 0.053 0.042 0.039 0.039 0.045 0.061 0.082 0.095 0.101 0.098 0.066 0.027 0.011 0.005 0.002 0.001 0.001 0.001 0.001 0.001 0.001 0.001 0.001 0.001 0.001 0.001 0.001 0.001 0.001 0.001 0.001 0.001 0.001 0.001 0.001 0.001 0.001 0.001 0.001 0.001 0.001 0.001 0.001 0.001 0.001 0.001 0.001 0.001 0.001 0.001 0.001
9.455 9.006 8.800 8.997 10.635 14.112 16.659 17.022 16.694 16.093 15.098 13.945 12.477 10.843 9.077 7.428 5.897 4.484 3.240 2.220 1.439 0.875 0.486 0.241 0.110 0.051 0.027 0.017 0.013 0.011 0.010 0.011 0.014 0.016 0.017 0.017 0.012 0.005 0.002 0.001 0.001 0.001 0.001 0.001 0.001 0.001 0.001 0.001 0.001 0.001 0.001 0.001 0.001 0.001 0.001 0.001 0.001 0.001 0.001 0.001 0.001 0.001 0.001 0.001 0.001 0.001 0.001 0.001 0.001 0.001 0.001 0.001 0.001 0.001 0.001 0.001 0.001
9.802 9.414 9.274 10.222 13.964 17.163 17.834 17.639 17.181 16.417 15.320 14.051 12.463 10.706 8.894 7.250 5.770 4.427 3.242 2.246 1.447 0.844 0.436 0.201 0.089 0.041 0.022 0.013 0.009 0.006 0.004 0.003 0.003 0.002 0.003 0.003 0.002 0.001 0.001 0.001 0.001 0.001 0.001 0.001 0.001 0.001 0.001 0.001 0.001 0.001 0.001 0.001 0.001 0.001 0.001 0.001 0.001 0.001 0.001 0.001 0.001 0.001 0.001 0.001 0.001 0.001 0.001 0.001 0.001 0.001 0.001 0.001 0.001 0.001 0.001 0.001 0.001
10.202 9.929 10.077 12.196 16.579 18.383 18.361 18.052 17.428 16.548 15.406 14.095 12.479 10.678 8.924 7.326 5.891 4.587 3.417 2.383 1.501 0.830 0.400 0.174 0.075 0.036 0.020 0.012 0.008 0.005 0.003 0.002 0.001 0.001 0.001 0.001 0.001 0.001 0.000 0.001 0.001 0.001 0.001 0.001 0.001 0.001 0.001 0.001 0.001 0.001 0.001 0.001 0.001 0.001 0.001 0.001 0.001 0.001 0.001 0.001 0.001 0.001 0.001 0.001 0.001 0.001 0.001 0.001 0.001 0.001 0.001 0.001 0.001 0.001 0.001 0.001 0.001
10.676 10.706 11.966 15.396 18.273 18.813 18.625 18.225 17.531 16.604 15.405 14.077 12.463 10.736 9.112 7.601 6.179 4.844 3.607 2.490 1.528 0.808 0.365 0.150 0.065 0.033 0.019 0.012 0.008 0.005 0.003 0.001 0.001 0.001 0.000 0.000 0.000 0.000 0.000 0.000 0.001 0.001 0.001 0.001 0.001 0.001 0.001 0.001 0.001 0.001 0.001 0.001 0.001 0.001 0.001 0.001 0.001 0.001 0.001 0.001 0.001 0.001 0.001 0.001 0.001 0.001 0.001 0.001 0.001 0.001 0.001 0.001 0.001 0.001 0.001 0.001 0.001
11.264 12.361 15.450 18.154 18.795 18.820 18.594 18.165 17.435 16.500 15.351 14.036 12.488 10.852 9.293 7.798 6.328 4.932 3.646 2.495 1.500 0.760 0.323 0.128 0.057 0.031 0.019 0.012 0.008 0.005 0.002 0.001 0.001 0.000 0.000 0.000 0.000 0.000 0.000 0.000 0.000 0.000 0.000 0.000 0.001 0.001 0.001 0.001 0.001 0.001 0.001 0.001 0.001 0.001 0.001 0.001 0.001 0.001 0.001 0.001 0.001 0.001 0.001 0.001 0.001 0.001 0.001 0.001 0.001 0.001 0.001 0.001 0.001 0.001 0.001 0.001 0.001
12.120 15.204 18.290 19.039 18.954 18.918 18.594 18.076 17.303 16.324 15.253 13.984 12.501 10.928 9.395 7.883 6.372 4.917 3.584 2.386 1.370 0.652 0.262 0.105 0.052 0.031 0.020 0.013 0.008 0.004 0.002 0.001 0.001 0.000 0.000 0.000 0.000 0.000 0.000 0.001 0.001 0.001 0.001 0.001 0.001 0.001 0.001 0.001 0.001 0.001 0.001 0.001 0.001 0.001 0.001 0.001 0.001 0.001 0.001 0.001 0.001 0.001 0.001 0.001 0.001 0.001 0.001 0.001 0.001 0.001 0.001 0.001 0.001 0.001 0.001 0.001 0.001
13.768 17.604 19.338 19.372 19.196 18.910 18.470 17.905 17.095 16.105 15.072 13.863 12.483 11.002 9.471 7.919 6.349 4.789 3.354 2.085 1.093 0.480 0.194 0.090 0.050 0.032 0.020 0.013 0.007 0.004 0.002 0.001 0.000 0.000 0.000 0.000 0.000 0.000 0.000 0.000 0.000 0.000 0.000 0.000 0.001 0.001 0.001 0.001 0.001 0.001 0.001 0.001 0.001 0.001 0.001 0.001 0.001 0.001 0.001 0.001 0.001 0.001 0.001 0.001 0.001 0.001 0.001 0.001 0.001 0.001 0.001 0.001 0.001 0.001 0.001 0.001 0.001
16.802 19.236 19.693 19.558 19.349 18.914 18.403 17.838 17.005 16.008 14.926 13.689 12.375 10.988 9.474 7.901 6.251 4.544 2.987 1.708 0.836 0.366 0.164 0.085 0.050 0.032 0.020 0.012 0.006 0.003 0.001 0.001 0.000 0.000 0.000 0.000 0.000 0.000 0.000 0.000 0.001 0.001 0.001 0.001 0.001 0.001 0.001 0.001 0.001 0.001 0.001 0.001 0.001 0.001 0.001 0.001 0.001 0.001 0.001 0.001 0.001 0.001 0.001 0.001 0.001 0.001 0.001 0.001 0.001 0.001 0.000 0.001 0.001 0.001 0.001 0.001 0.001
19.358 19.899 19.903 19.753 19.550 19.091 18.523 17.916 17.088 16.065 14.896 13.607 12.295 10.955 9.474 7.868 6.097 4.288 2.699 1.484 0.717 0.325 0.156 0.084 0.050 0.031 0.019 0.010 0.005 0.002 0.001 0.000 0.000 0.000 0.000 0.000 0.000 0.000 0.000 0.001 0.001 0.001 0.001 0.001 0.001 0.001 0.001 0.001 0.001 0.001 0.001 0.001 0.001 0.001 0.001 0.001 0.001 0.001 0.001 0.001 0.001 0.001 0.001 0.001 0.001 0.001 0.001 0.001 0.001 0.001 0.001 0.000 0.001 0.001 0.001 0.001 0.001
20.133 20.114 20.050 19.887 19.702 19.290 18.699 18.032 17.160 16.112 14.912 13.610 12.282 10.931 9.427 7.758 5.876 4.033 2.477 1.348 0.659 0.310 0.154 0.083 0.048 0.028 0.015 0.007 0.003 0.001 0.001 0.000 0.000 0.000 0.000 0.001 0.000 0.000 0.000 0.001 0.001 0.001 0.001 0.001 0.001 0.001 0.001 0.001 0.001 0.001 0.001 0.001 0.001 0.001 0.001 0.001 0.001 0.001 0.001 0.001 0.001 0.000 0.001 0.001 0.001 0.001 0.001 0.001 0.001 0.001 0.001 0.000 0.000 0.001 0.001 0.001 0.001
20.233 20.204 20.067 19.932 19.773 19.403 18.883 18.172 17.246 16.179 14.962 13.650 12.296 10.906 9.347 7.579 5.606 3.772 2.282 1.238 0.614 0.297 0.150 0.079 0.043 0.022 0.010 0.004 0.001 0.001 0.000 0.000 0.000 0.000 0.000 0.000 0.000 0.000 0.000 0.001 0.001 0.001 0.001 0.001 0.001 0.001 0.001 0.001 0.001 0.001 0.001 0.001 0.001 0.001 0.001 0.001 0.001 0.001 0.001 0.001 0.001 0.000 0.000 0.001 0.001 0.001 0.001 0.001 0.001 0.001 0.001 0.001 0.000 0.000 0.001 0.001 0.001
20.164 20.167 20.016 19.855 19.733 19.426 18.956 18.293 17.372 16.230 14.971 13.627 12.238 10.813 9.192 7.320 5.298 3.509 2.098 1.130 0.561 0.274 0.136 0.068 0.033 0.014 0.006 0.002 0.001 0.001 0.000 0.000 0.000 0.000 0.000 0.000 0.000 0.000 0.000 0.001 0.001 0.001 0.001 0.001 0.001 0.001 0.001 0.001 0.001 0.001 0.001 0.001 0.001 0.001 0.001 0.001 0.001 0.001 0.001 0.001 0.001 0.001 0.000 0.000 0.000 0.001 0.001 0.001 0.001 0.001 0.001 0.001 0.001 0.000 0.000 0.001 0.001
20.107 19.998 19.875 19.732 19.679 19.426 18.971 18.305 17.385 16.224 14.913 13.514 12.091 10.608 8.909 6.967 4.954 3.236 1.901 0.999 0.481 0.227 0.106 0.048 0.020 0.008 0.003 0.001 0.001 0.001 0.000 0.000 0.000 0.000 0.000 0.000 0.000 0.000 0.000 0.001 0.001 0.001 0.001 0.001 0.001 0.001 0.001 0.001 0.001 0.001 0.001 0.001 0.001 0.001 0.001 0.001 0.001 0.001 0.001 0.001 0.001 0.001 0.001 0.000 0.000 0.000 0.001 0.001 0.001 0.001 0.001 0.001 0.001 0.001 0.000 0.001 0.001
19.899 19.636 19.478 19.348 19.313 19.122 18.816 18.232 17.301 16.106 14.753 13.240 11.724 10.175 8.429 6.474 4.532 2.888 1.628 0.803 0.352 0.146 0.059 0.023 0.009 0.003 0.001 0.001 0.001 0.001 0.000 0.000 0.000 0.000 0.000 0.000 0.000 0.000 0.000 0.000 0.000 0.000 0.000 0.000 0.001 0.001 0.001 0.001 0.001 0.001 0.001 0.001 0.001 0.001 0.001 0.001 0.001 0.001 0.001 0.001 0.001 0.001 0.001 0.001 0.000 0.000 0.000 0.001 0.001 0.001 0.001 0.001 0.001 0.001 0.000 0.001 0.001
