RESULTS/r.avaflow_results/14_results/14_ascii/14_hflow30048.asc
ncols 506
nrows 317
xllcenter 498237.50
yllcenter 5580050.00
cellsize 12.50
NODATA_value -9999.000
[rows 204 to 237 of 317, columns 308 to 384 of 506]
0.138 0.159 0.180 0.205 0.242 0.313 0.434 0.570 0.668 0.716 0.722 0.700 0.642 0.578 0.553 0.563 0.624 0.765 0.991 1.188 1.277 1.286 1.256 1.191 1.118 1.075 1.062 1.072 1.114 1.137 1.120 1.032 0.871 0.667 0.495 0.364 0.268 0.208 0.180 0.175 0.185 0.227 0.310 0.421 0.511 0.555 0.563 0.547 0.505 0.451 0.414 0.396 0.389 0.388 0.389 0.393 0.399 0.401 0.391 0.379 0.378 0.391 0.442 0.564 0.770 1.018 1.266 1.435 1.515 1.531 1.481 1.327 1.074 0.813 0.616 0.455 0.318
0.229 0.248 0.256 0.247 0.243 0.262 0.313 0.406 0.521 0.609 0.641 0.636 0.596 0.552 0.543 0.573 0.667 0.834 1.047 1.206 1.279 1.287 1.260 1.198 1.123 1.077 1.063 1.072 1.114 1.140 1.125 1.041 0.880 0.677 0.517 0.401 0.317 0.260 0.227 0.217 0.222 0.250 0.306 0.357 0.381 0.385 0.371 0.340 0.296 0.256 0.234 0.229 0.230 0.233 0.234 0.234 0.237 0.246 0.259 0.270 0.277 0.283 0.300 0.344 0.429 0.560 0.745 0.923 1.039 1.098 1.116 1.075 0.956 0.785 0.628 0.499 0.381
0.368 0.368 0.334 0.271 0.227 0.210 0.215 0.245 0.316 0.412 0.477 0.498 0.490 0.478 0.491 0.549 0.663 0.829 0.999 1.112 1.169 1.185 1.174 1.134 1.069 1.020 1.001 1.006 1.040 1.066 1.058 0.990 0.850 0.667 0.521 0.422 0.357 0.315 0.291 0.280 0.279 0.292 0.320 0.332 0.321 0.294 0.257 0.218 0.181 0.155 0.142 0.138 0.138 0.140 0.142 0.143 0.146 0.155 0.177 0.199 0.210 0.215 0.221 0.234 0.264 0.319 0.409 0.519 0.599 0.650 0.680 0.696 0.700 0.664 0.592 0.505 0.410
0.477 0.447 0.371 0.274 0.208 0.171 0.158 0.160 0.181 0.230 0.280 0.311 0.331 0.353 0.391 0.468 0.584 0.707 0.799 0.856 0.897 0.933 0.956 0.950 0.915 0.869 0.845 0.843 0.859 0.877 0.875 0.840 0.755 0.628 0.513 0.433 0.384 0.359 0.348 0.347 0.353 0.358 0.357 0.341 0.307 0.257 0.206 0.164 0.132 0.111 0.099 0.094 0.093 0.094 0.095 0.098 0.101 0.110 0.131 0.155 0.168 0.174 0.176 0.179 0.187 0.205 0.239 0.290 0.339 0.375 0.400 0.421 0.445 0.469 0.484 0.462 0.408
0.518 0.467 0.371 0.262 0.185 0.140 0.118 0.111 0.114 0.129 0.152 0.174 0.196 0.221 0.260 0.323 0.394 0.437 0.458 0.474 0.501 0.550 0.608 0.639 0.645 0.626 0.605 0.596 0.594 0.597 0.598 0.598 0.586 0.547 0.488 0.434 0.398 0.382 0.380 0.385 0.403 0.415 0.410 0.378 0.320 0.251 0.194 0.151 0.119 0.098 0.085 0.078 0.075 0.075 0.076 0.078 0.082 0.090 0.108 0.131 0.145 0.151 0.152 0.153 0.154 0.157 0.164 0.178 0.199 0.220 0.241 0.261 0.282 0.307 0.338 0.363 0.360
0.504 0.438 0.331 0.226 0.153 0.109 0.087 0.078 0.076 0.079 0.087 0.098 0.113 0.132 0.155 0.181 0.200 0.208 0.214 0.222 0.239 0.271 0.318 0.360 0.390 0.406 0.409 0.407 0.402 0.396 0.395 0.399 0.413 0.434 0.441 0.424 0.402 0.390 0.389 0.398 0.423 0.449 0.451 0.427 0.361 0.274 0.205 0.156 0.122 0.098 0.083 0.075 0.071 0.070 0.071 0.073 0.077 0.084 0.098 0.120 0.134 0.140 0.142 0.143 0.142 0.140 0.136 0.133 0.135 0.144 0.157 0.171 0.185 0.200 0.220 0.248 0.273
0.414 0.331 0.233 0.157 0.107 0.077 0.062 0.056 0.054 0.054 0.056 0.061 0.069 0.080 0.091 0.098 0.101 0.102 0.104 0.107 0.116 0.134 0.163 0.200 0.238 0.271 0.290 0.296 0.294 0.288 0.284 0.287 0.303 0.344 0.387 0.402 0.397 0.390 0.389 0.398 0.425 0.465 0.486 0.477 0.429 0.346 0.261 0.196 0.149 0.115 0.093 0.080 0.074 0.072 0.072 0.074 0.077 0.083 0.096 0.116 0.130 0.137 0.141 0.141 0.141 0.138 0.132 0.121 0.115 0.114 0.118 0.123 0.129 0.135 0.145 0.163 0.191
0.244 0.177 0.124 0.089 0.067 0.053 0.046 0.042 0.041 0.040 0.041 0.043 0.047 0.053 0.057 0.059 0.059 0.059 0.059 0.061 0.066 0.077 0.095 0.121 0.155 0.193 0.221 0.234 0.237 0.235 0.232 0.234 0.247 0.286 0.344 0.375 0.383 0.382 0.384 0.393 0.422 0.475 0.527 0.548 0.535 0.488 0.409 0.319 0.237 0.175 0.132 0.107 0.094 0.087 0.083 0.082 0.084 0.088 0.099 0.117 0.130 0.138 0.143 0.147 0.148 0.146 0.139 0.125 0.113 0.107 0.103 0.099 0.097 0.098 0.101 0.111 0.130
0.117 0.088 0.068 0.054 0.045 0.039 0.036 0.034 0.033 0.033 0.033 0.034 0.036 0.039 0.040 0.041 0.041 0.041 0.041 0.042 0.046 0.053 0.066 0.085 0.111 0.147 0.180 0.201 0.210 0.212 0.212 0.215 0.225 0.255 0.306 0.344 0.361 0.369 0.375 0.389 0.425 0.493 0.597 0.696 0.746 0.752 0.709 0.605 0.463 0.330 0.240 0.185 0.154 0.135 0.121 0.112 0.107 0.107 0.113 0.124 0.135 0.145 0.157 0.172 0.180 0.180 0.173 0.153 0.129 0.113 0.101 0.090 0.082 0.078 0.078 0.082 0.092
0.062 0.051 0.044 0.039 0.035 0.032 0.030 0.029 0.028 0.028 0.028 0.029 0.030 0.031 0.032 0.033 0.033 0.033 0.034 0.035 0.038 0.044 0.053 0.068 0.089 0.119 0.154 0.181 0.197 0.204 0.208 0.211 0.218 0.238 0.272 0.307 0.332 0.349 0.365 0.390 0.443 0.550 0.739 0.986 1.156 1.227 1.221 1.122 0.913 0.660 0.483 0.374 0.308 0.262 0.225 0.194 0.170 0.156 0.150 0.151 0.157 0.169 0.197 0.240 0.266 0.272 0.264 0.235 0.185 0.139 0.109 0.089 0.077 0.070 0.068 0.067 0.070
0.040 0.037 0.034 0.032 0.031 0.029 0.027 0.026 0.026 0.026 0.026 0.026 0.027 0.027 0.028 0.028 0.029 0.030 0.031 0.032 0.035 0.041 0.049 0.061 0.079 0.103 0.136 0.169 0.192 0.204 0.209 0.211 0.215 0.223 0.239 0.263 0.289 0.315 0.345 0.390 0.476 0.646 0.942 1.348 1.638 1.772 1.789 1.710 1.497 1.175 0.915 0.748 0.633 0.543 0.462 0.386 0.315 0.260 0.227 0.215 0.215 0.231 0.283 0.379 0.457 0.478 0.470 0.420 0.323 0.210 0.138 0.099 0.079 0.069 0.063 0.059 0.058
0.032 0.031 0.030 0.030 0.029 0.028 0.026 0.025 0.025 0.025 0.025 0.025 0.026 0.026 0.026 0.027 0.027 0.028 0.030 0.032 0.035 0.040 0.048 0.060 0.075 0.097 0.127 0.163 0.190 0.205 0.210 0.211 0.208 0.206 0.210 0.218 0.233 0.260 0.303 0.372 0.486 0.697 1.061 1.561 1.921 2.096 2.132 2.075 1.886 1.584 1.330 1.159 1.029 0.913 0.800 0.685 0.557 0.439 0.363 0.330 0.325 0.340 0.400 0.530 0.706 0.809 0.817 0.755 0.594 0.369 0.209 0.127 0.090 0.072 0.062 0.056 0.051
0.029 0.029 0.029 0.029 0.029 0.028 0.026 0.025 0.024 0.024 0.025 0.025 0.025 0.026 0.026 0.026 0.027 0.028 0.029 0.032 0.035 0.041 0.049 0.060 0.075 0.096 0.124 0.161 0.189 0.205 0.210 0.209 0.203 0.192 0.186 0.185 0.190 0.206 0.245 0.324 0.461 0.696 1.086 1.618 2.007 2.208 2.259 2.222 2.061 1.788 1.551 1.386 1.252 1.128 1.004 0.875 0.732 0.589 0.487 0.435 0.423 0.429 0.474 0.596 0.826 1.053 1.143 1.125 0.965 0.646 0.346 0.186 0.113 0.080 0.064 0.055 0.049
0.029 0.029 0.029 0.029 0.029 0.028 0.026 0.025 0.024 0.024 0.025 0.025 0.025 0.026 0.026 0.026 0.027 0.028 0.030 0.032 0.037 0.042 0.051 0.062 0.078 0.099 0.127 0.162 0.190 0.205 0.210 0.209 0.201 0.184 0.171 0.166 0.166 0.174 0.200 0.261 0.391 0.630 1.027 1.563 1.969 2.190 2.256 2.226 2.084 1.838 1.613 1.451 1.317 1.192 1.067 0.938 0.798 0.658 0.550 0.488 0.467 0.468 0.499 0.607 0.834 1.141 1.326 1.361 1.267 0.972 0.561 0.285 0.153 0.096 0.069 0.056 0.048
0.029 0.030 0.030 0.030 0.030 0.029 0.028 0.026 0.025 0.025 0.025 0.025 0.026 0.026 0.026 0.027 0.027 0.029 0.031 0.034 0.039 0.046 0.055 0.068 0.086 0.109 0.138 0.172 0.198 0.211 0.215 0.212 0.202 0.182 0.166 0.159 0.158 0.161 0.177 0.217 0.306 0.496 0.847 1.355 1.780 2.025 2.109 2.091 1.984 1.787 1.582 1.422 1.287 1.166 1.049 0.929 0.802 0.671 0.567 0.503 0.477 0.474 0.499 0.594 0.806 1.132 1.385 1.482 1.452 1.242 0.829 0.434 0.219 0.122 0.080 0.060 0.050
0.031 0.032 0.033 0.033 0.033 0.032 0.030 0.028 0.026 0.026 0.026 0.026 0.027 0.028 0.028 0.028 0.029 0.030 0.032 0.036 0.043 0.051 0.061 0.077 0.100 0.129 0.161 0.195 0.219 0.230 0.230 0.224 0.209 0.186 0.169 0.160 0.157 0.159 0.171 0.200 0.261 0.382 0.615 1.009 1.408 1.648 1.741 1.743 1.690 1.570 1.412 1.260 1.127 1.020 0.931 0.846 0.755 0.653 0.560 0.498 0.470 0.465 0.481 0.556 0.742 1.065 1.372 1.527 1.549 1.435 1.110 0.652 0.328 0.172 0.103 0.072 0.056
0.036 0.037 0.038 0.038 0.038 0.037 0.035 0.032 0.029 0.028 0.027 0.027 0.028 0.029 0.030 0.031 0.031 0.032 0.035 0.039 0.046 0.056 0.070 0.088 0.114 0.143 0.176 0.213 0.242 0.254 0.254 0.246 0.227 0.202 0.185 0.173 0.168 0.167 0.176 0.202 0.250 0.329 0.465 0.697 0.949 1.106 1.180 1.202 1.197 1.150 1.052 0.917 0.800 0.723 0.683 0.659 0.630 0.585 0.522 0.471 0.443 0.435 0.446 0.510 0.671 0.962 1.309 1.522 1.592 1.556 1.350 0.933 0.508 0.267 0.152 0.098 0.071
0.046 0.048 0.048 0.048 0.048 0.046 0.043 0.040 0.035 0.032 0.030 0.030 0.030 0.031 0.032 0.033 0.034 0.035 0.037 0.042 0.050 0.062 0.077 0.097 0.120 0.146 0.178 0.217 0.248 0.263 0.265 0.259 0.242 0.221 0.209 0.201 0.197 0.198 0.209 0.233 0.268 0.319 0.391 0.504 0.626 0.698 0.730 0.740 0.736 0.700 0.621 0.517 0.443 0.407 0.400 0.414 0.441 0.455 0.442 0.418 0.404 0.404 0.424 0.489 0.629 0.877 1.224 1.485 1.598 1.603 1.487 1.186 0.761 0.438 0.252 0.154 0.105
0.066 0.068 0.068 0.068 0.066 0.064 0.060 0.055 0.047 0.040 0.036 0.034 0.034 0.035 0.035 0.036 0.037 0.038 0.040 0.044 0.053 0.067 0.084 0.102 0.121 0.143 0.171 0.208 0.242 0.260 0.263 0.259 0.245 0.227 0.219 0.218 0.226 0.249 0.280 0.305 0.322 0.339 0.363 0.402 0.443 0.464 0.472 0.469 0.456 0.418 0.348 0.278 0.239 0.228 0.232 0.254 0.299 0.342 0.362 0.370 0.377 0.388 0.416 0.482 0.608 0.821 1.140 1.424 1.570 1.597 1.527 1.311 0.964 0.637 0.406 0.253 0.164
0.107 0.109 0.109 0.108 0.104 0.100 0.094 0.084 0.069 0.055 0.047 0.043 0.041 0.040 0.039 0.039 0.039 0.041 0.043 0.047 0.057 0.071 0.088 0.103 0.117 0.133 0.153 0.183 0.217 0.237 0.244 0.243 0.235 0.221 0.216 0.218 0.234 0.277 0.330 0.359 0.366 0.363 0.357 0.357 0.358 0.356 0.350 0.339 0.317 0.277 0.219 0.176 0.156 0.153 0.158 0.180 0.223 0.280 0.319 0.342 0.360 0.378 0.412 0.478 0.595 0.781 1.059 1.327 1.480 1.523 1.487 1.326 1.048 0.755 0.526 0.359 0.245
0.198 0.200 0.199 0.195 0.188 0.177 0.163 0.142 0.112 0.085 0.068 0.058 0.053 0.049 0.045 0.044 0.043 0.044 0.047 0.051 0.061 0.076 0.090 0.099 0.108 0.116 0.126 0.143 0.169 0.189 0.198 0.201 0.199 0.194 0.193 0.200 0.225 0.277 0.338 0.370 0.376 0.369 0.352 0.337 0.326 0.315 0.304 0.287 0.261 0.221 0.174 0.146 0.135 0.133 0.139 0.158 0.197 0.257 0.301 0.328 0.349 0.371 0.407 0.474 0.582 0.743 0.968 1.172 1.292 1.335 1.325 1.237 1.040 0.790 0.588 0.435 0.325
0.394 0.394 0.390 0.380 0.362 0.337 0.302 0.251 0.188 0.138 0.106 0.087 0.074 0.063 0.056 0.052 0.050 0.050 0.052 0.056 0.065 0.078 0.088 0.093 0.094 0.095 0.097 0.105 0.118 0.130 0.136 0.138 0.139 0.141 0.145 0.157 0.187 0.244 0.311 0.350 0.361 0.356 0.340 0.324 0.313 0.303 0.290 0.271 0.243 0.205 0.168 0.146 0.137 0.137 0.143 0.161 0.198 0.255 0.299 0.325 0.343 0.362 0.397 0.462 0.563 0.703 0.852 0.954 1.006 1.027 1.030 1.009 0.926 0.771 0.609 0.489 0.401
0.630 0.625 0.612 0.592 0.562 0.518 0.452 0.358 0.259 0.187 0.142 0.114 0.094 0.078 0.066 0.059 0.055 0.054 0.055 0.059 0.068 0.078 0.084 0.084 0.080 0.077 0.076 0.079 0.085 0.090 0.091 0.090 0.089 0.089 0.092 0.101 0.122 0.166 0.229 0.278 0.303 0.311 0.311 0.307 0.304 0.299 0.288 0.267 0.239 0.207 0.181 0.169 0.167 0.172 0.179 0.196 0.229 0.278 0.314 0.332 0.342 0.351 0.373 0.428 0.524 0.635 0.704 0.729 0.735 0.730 0.729 0.733 0.727 0.686 0.607 0.530 0.468
0.734 0.727 0.711 0.686 0.651 0.598 0.516 0.399 0.285 0.206 0.157 0.125 0.102 0.084 0.071 0.062 0.057 0.056 0.057 0.060 0.069 0.075 0.077 0.074 0.067 0.061 0.060 0.060 0.063 0.064 0.064 0.061 0.059 0.059 0.060 0.064 0.073 0.093 0.128 0.167 0.202 0.233 0.261 0.282 0.292 0.292 0.285 0.265 0.240 0.224 0.221 0.234 0.262 0.283 0.295 0.307 0.327 0.353 0.367 0.363 0.351 0.344 0.349 0.379 0.450 0.526 0.560 0.566 0.559 0.550 0.551 0.571 0.601 0.611 0.596 0.564 0.523
0.718 0.713 0.700 0.677 0.643 0.591 0.508 0.388 0.277 0.202 0.154 0.122 0.100 0.083 0.070 0.062 0.057 0.056 0.057 0.060 0.066 0.068 0.067 0.062 0.054 0.049 0.047 0.046 0.047 0.047 0.047 0.045 0.043 0.042 0.042 0.044 0.048 0.056 0.071 0.092 0.117 0.147 0.190 0.238 0.266 0.275 0.273 0.260 0.242 0.239 0.259 0.326 0.437 0.513 0.537 0.538 0.534 0.522 0.492 0.435 0.375 0.346 0.340 0.348 0.381 0.429 0.456 0.464 0.466 0.471 0.485 0.517 0.565 0.593 0.600 0.592 0.571
0.550 0.550 0.545 0.533 0.511 0.472 0.404 0.307 0.220 0.163 0.126 0.100 0.082 0.070 0.062 0.057 0.054 0.053 0.053 0.055 0.057 0.057 0.054 0.048 0.041 0.037 0.036 0.035 0.035 0.035 0.035 0.034 0.033 0.032 0.032 0.033 0.035 0.039 0.046 0.056 0.070 0.090 0.121 0.167 0.209 0.232 0.240 0.238 0.233 0.237 0.269 0.372 0.561 0.730 0.804 0.819 0.813 0.782 0.705 0.565 0.426 0.359 0.340 0.341 0.351 0.372 0.393 0.411 0.432 0.457 0.486 0.526 0.574 0.605 0.619 0.622 0.614
0.252 0.253 0.254 0.255 0.252 0.237 0.205 0.157 0.117 0.091 0.073 0.059 0.050 0.046 0.044 0.043 0.043 0.043 0.043 0.044 0.043 0.041 0.039 0.035 0.031 0.028 0.027 0.026 0.026 0.026 0.026 0.026 0.025 0.025 0.025 0.026 0.027 0.029 0.033 0.038 0.046 0.057 0.074 0.099 0.130 0.155 0.173 0.185 0.195 0.211 0.257 0.375 0.592 0.812 0.935 0.980 0.985 0.963 0.884 0.714 0.512 0.397 0.355 0.346 0.347 0.353 0.365 0.386 0.425 0.483 0.544 0.593 0.632 0.656 0.668 0.670 0.661
0.093 0.092 0.093 0.095 0.095 0.092 0.082 0.067 0.054 0.045 0.038 0.032 0.029 0.027 0.027 0.027 0.028 0.029 0.029 0.029 0.029 0.028 0.027 0.025 0.023 0.021 0.020 0.020 0.019 0.019 0.019 0.019 0.019 0.020 0.020 0.020 0.021 0.022 0.024 0.028 0.032 0.038 0.046 0.057 0.071 0.085 0.098 0.111 0.128 0.154 0.210 0.333 0.550 0.792 0.945 1.016 1.035 1.025 0.956 0.796 0.585 0.450 0.387 0.362 0.353 0.351 0.357 0.380 0.440 0.556 0.674 0.735 0.757 0.763 0.763 0.751 0.717
0.039 0.039 0.039 0.040 0.040 0.039 0.037 0.033 0.028 0.025 0.022 0.020 0.018 0.018 0.018 0.018 0.018 0.019 0.019 0.019 0.019 0.019 0.019 0.018 0.017 0.016 0.015 0.015 0.015 0.014 0.015 0.015 0.015 0.015 0.015 0.016 0.016 0.017 0.018 0.020 0.023 0.026 0.030 0.035 0.040 0.047 0.053 0.061 0.071 0.090 0.131 0.225 0.400 0.630 0.822 0.938 0.987 0.988 0.937 0.803 0.610 0.472 0.400 0.366 0.353 0.349 0.352 0.377 0.455 0.609 0.767 0.846 0.865 0.863 0.852 0.822 0.756
0.021 0.021 0.021 0.021 0.021 0.021 0.020 0.019 0.017 0.016 0.014 0.013 0.013 0.012 0.012 0.012 0.012 0.013 0.013 0.013 0.014 0.014 0.013 0.013 0.012 0.012 0.011 0.011 0.011 0.011 0.011 0.011 0.011 0.011 0.011 0.012 0.012 0.013 0.014 0.015 0.017 0.019 0.021 0.023 0.026 0.028 0.032 0.035 0.041 0.050 0.069 0.111 0.193 0.333 0.510 0.663 0.752 0.783 0.768 0.701 0.574 0.455 0.385 0.347 0.330 0.325 0.329 0.358 0.442 0.606 0.777 0.866 0.891 0.892 0.881 0.845 0.765
0.013 0.013 0.013 0.013 0.013 0.013 0.013 0.012 0.011 0.011 0.010 0.009 0.009 0.009 0.009 0.009 0.009 0.009 0.009 0.009 0.009 0.009 0.009 0.009 0.009 0.009 0.008 0.008 0.008 0.008 0.008 0.008 0.008 0.008 0.008 0.009 0.009 0.009 0.010 0.011 0.012 0.013 0.015 0.016 0.017 0.019 0.021 0.023 0.026 0.030 0.038 0.053 0.081 0.131 0.211 0.305 0.372 0.416 0.439 0.443 0.416 0.360 0.307 0.274 0.257 0.254 0.259 0.288 0.368 0.519 0.695 0.803 0.850 0.862 0.855 0.819 0.732
0.008 0.008 0.008 0.009 0.009 0.008 0.008 0.008 0.008 0.007 0.007 0.006 0.006 0.006 0.006 0.006 0.006 0.006 0.006 0.006 0.006 0.006 0.006 0.006 0.006 0.006 0.006 0.006 0.005 0.005 0.005 0.005 0.006 0.006 0.006 0.006 0.006 0.007 0.007 0.008 0.008 0.009 0.010 0.011 0.012 0.013 0.014 0.016 0.017 0.020 0.023 0.029 0.039 0.055 0.082 0.118 0.149 0.174 0.192 0.203 0.205 0.195 0.173 0.154 0.145 0.143 0.148 0.168 0.221 0.325 0.476 0.608 0.686 0.716 0.717 0.685 0.600
0.005 0.005 0.005 0.005 0.005 0.005 0.005 0.005 0.005 0.005 0.004 0.004 0.004 0.004 0.004 0.004 0.004 0.004 0.004 0.004 0.004 0.004 0.004 0.004 0.004 0.004 0.004 0.004 0.004 0.004 0.004 0.004 0.004 0.004 0.004 0.004 0.004 0.004 0.005 0.005 0.005 0.006 0.007 0.007 0.008 0.009 0.010 0.011 0.012 0.014 0.016 0.019 0.023 0.029 0.038 0.051 0.065 0.076 0.086 0.092 0.093 0.092 0.084 0.077 0.073 0.072 0.074 0.082 0.103 0.148 0.225 0.321 0.393 0.432 0.439 0.419 0.359
0.003 0.003 0.003 0.003 0.003 0.003 0.003 0.003 0.003 0.003 0.003 0.002 0.002 0.002 0.002 0.002 0.002 0.002 0.002 0.002 0.002 0.002 0.002 0.002 0.002 0.002 0.002 0.002 0.002 0.002 0.002 0.002 0.002 0.002 0.002 0.002 0.002 0.003 0.003 0.003 0.003 0.004 0.004 0.005 0.005 0.006 0.007 0.007 0.008 0.010 0.011 0.013 0.015 0.018 0.022 0.028 0.034 0.040 0.044 0.047 0.047 0.047 0.045 0.041 0.040 0.039 0.040 0.043 0.050 0.066 0.095 0.138 0.172 0.190 0.194 0.187 0.163
