RESULTS/r.avaflow_results/14_results/14_ascii/14_hflow30039.asc
ncols 506
nrows 317
xllcenter 498237.50
yllcenter 5580050.00
cellsize 12.50
NODATA_value -9999.000
[rows 204 to 237 of 317, columns 308 to 384 of 506]
0.178 0.210 0.239 0.265 0.297 0.353 0.465 0.631 0.790 0.887 0.923 0.921 0.890 0.818 0.740 0.707 0.713 0.765 0.895 1.105 1.260 1.319 1.324 1.310 1.274 1.219 1.186 1.183 1.216 1.267 1.278 1.236 1.123 0.953 0.746 0.552 0.395 0.280 0.214 0.187 0.183 0.191 0.219 0.267 0.319 0.348 0.354 0.339 0.307 0.269 0.235 0.205 0.175 0.148 0.124 0.105 0.091 0.081 0.076 0.073 0.072 0.070 0.068 0.066 0.064 0.064 0.065 0.066 0.066 0.063 0.057 0.048 0.042 0.036 0.032 0.027 0.022
0.314 0.348 0.361 0.340 0.317 0.320 0.357 0.446 0.599 0.750 0.827 0.844 0.828 0.772 0.728 0.728 0.772 0.867 1.012 1.190 1.310 1.362 1.367 1.354 1.317 1.253 1.213 1.207 1.235 1.286 1.298 1.256 1.142 0.970 0.777 0.612 0.475 0.362 0.281 0.239 0.227 0.229 0.244 0.266 0.277 0.270 0.251 0.218 0.182 0.152 0.130 0.114 0.101 0.090 0.079 0.070 0.066 0.065 0.067 0.070 0.071 0.071 0.069 0.069 0.069 0.070 0.072 0.075 0.076 0.074 0.071 0.066 0.062 0.058 0.054 0.049 0.042
0.513 0.518 0.477 0.387 0.311 0.273 0.261 0.283 0.357 0.495 0.615 0.667 0.676 0.663 0.666 0.703 0.779 0.886 1.019 1.154 1.249 1.303 1.323 1.319 1.289 1.228 1.182 1.172 1.190 1.235 1.248 1.214 1.113 0.956 0.781 0.642 0.532 0.443 0.371 0.324 0.301 0.293 0.291 0.284 0.266 0.235 0.193 0.153 0.122 0.099 0.085 0.075 0.069 0.064 0.059 0.056 0.056 0.058 0.063 0.070 0.073 0.074 0.074 0.074 0.074 0.076 0.079 0.082 0.083 0.084 0.085 0.085 0.086 0.088 0.087 0.083 0.075
0.654 0.623 0.531 0.397 0.293 0.228 0.198 0.192 0.210 0.269 0.352 0.412 0.453 0.489 0.536 0.612 0.712 0.810 0.900 0.974 1.037 1.100 1.153 1.173 1.161 1.118 1.073 1.055 1.061 1.084 1.095 1.078 1.015 0.905 0.769 0.655 0.569 0.504 0.458 0.428 0.410 0.397 0.377 0.338 0.282 0.225 0.172 0.129 0.099 0.080 0.068 0.060 0.056 0.053 0.052 0.052 0.052 0.056 0.063 0.072 0.078 0.081 0.082 0.082 0.083 0.084 0.086 0.088 0.090 0.092 0.096 0.102 0.112 0.124 0.130 0.130 0.124
0.702 0.647 0.532 0.380 0.264 0.189 0.149 0.134 0.134 0.149 0.184 0.224 0.263 0.305 0.361 0.446 0.527 0.578 0.605 0.625 0.655 0.719 0.809 0.875 0.901 0.896 0.871 0.845 0.829 0.823 0.826 0.832 0.829 0.797 0.733 0.656 0.587 0.538 0.508 0.494 0.489 0.486 0.474 0.426 0.333 0.237 0.171 0.125 0.095 0.075 0.063 0.056 0.052 0.050 0.050 0.051 0.052 0.056 0.064 0.076 0.086 0.091 0.093 0.094 0.095 0.095 0.095 0.095 0.096 0.099 0.105 0.116 0.132 0.150 0.162 0.168 0.168
0.677 0.600 0.470 0.323 0.215 0.145 0.108 0.092 0.088 0.090 0.101 0.120 0.146 0.178 0.217 0.259 0.286 0.295 0.297 0.301 0.316 0.354 0.423 0.497 0.559 0.600 0.616 0.609 0.594 0.578 0.572 0.577 0.599 0.633 0.654 0.633 0.590 0.548 0.526 0.520 0.522 0.527 0.524 0.492 0.404 0.280 0.188 0.132 0.098 0.077 0.063 0.056 0.052 0.051 0.051 0.051 0.053 0.057 0.066 0.081 0.094 0.102 0.106 0.108 0.108 0.108 0.106 0.103 0.102 0.106 0.114 0.129 0.147 0.165 0.180 0.190 0.194
0.545 0.443 0.319 0.213 0.141 0.098 0.075 0.064 0.061 0.060 0.063 0.071 0.084 0.103 0.123 0.136 0.141 0.141 0.140 0.142 0.150 0.170 0.209 0.263 0.326 0.389 0.432 0.446 0.444 0.432 0.424 0.424 0.439 0.488 0.555 0.583 0.576 0.548 0.528 0.524 0.528 0.538 0.541 0.526 0.467 0.356 0.239 0.161 0.114 0.086 0.070 0.060 0.056 0.054 0.054 0.055 0.057 0.061 0.071 0.086 0.103 0.114 0.120 0.124 0.124 0.124 0.120 0.113 0.111 0.114 0.124 0.142 0.159 0.175 0.190 0.203 0.209
0.305 0.225 0.159 0.113 0.082 0.063 0.052 0.047 0.045 0.044 0.045 0.048 0.054 0.064 0.072 0.076 0.076 0.076 0.075 0.076 0.081 0.093 0.116 0.151 0.198 0.259 0.314 0.344 0.352 0.350 0.346 0.347 0.359 0.402 0.480 0.530 0.543 0.536 0.524 0.521 0.525 0.538 0.550 0.549 0.524 0.453 0.339 0.231 0.160 0.117 0.091 0.076 0.069 0.066 0.066 0.066 0.067 0.071 0.080 0.094 0.111 0.124 0.135 0.142 0.145 0.145 0.141 0.131 0.126 0.127 0.137 0.155 0.171 0.184 0.199 0.210 0.216
0.139 0.105 0.081 0.064 0.052 0.044 0.040 0.037 0.036 0.035 0.036 0.037 0.040 0.044 0.048 0.049 0.049 0.049 0.049 0.050 0.054 0.062 0.076 0.099 0.133 0.181 0.237 0.279 0.300 0.308 0.313 0.318 0.331 0.365 0.430 0.485 0.509 0.515 0.513 0.514 0.522 0.539 0.563 0.584 0.595 0.573 0.503 0.387 0.272 0.195 0.148 0.121 0.107 0.100 0.096 0.093 0.092 0.094 0.099 0.109 0.122 0.136 0.152 0.169 0.179 0.182 0.179 0.168 0.156 0.153 0.158 0.170 0.182 0.194 0.207 0.216 0.219
0.070 0.057 0.049 0.043 0.039 0.035 0.033 0.031 0.031 0.030 0.031 0.031 0.032 0.034 0.036 0.037 0.038 0.038 0.038 0.040 0.043 0.049 0.060 0.077 0.102 0.138 0.187 0.237 0.271 0.292 0.304 0.313 0.326 0.351 0.396 0.445 0.475 0.490 0.499 0.508 0.523 0.551 0.594 0.661 0.746 0.789 0.776 0.694 0.539 0.386 0.291 0.237 0.207 0.189 0.176 0.163 0.152 0.142 0.137 0.139 0.146 0.158 0.180 0.216 0.247 0.258 0.258 0.247 0.223 0.202 0.193 0.193 0.197 0.205 0.216 0.220 0.220
0.043 0.039 0.037 0.035 0.033 0.031 0.029 0.028 0.028 0.028 0.028 0.028 0.029 0.030 0.031 0.032 0.033 0.033 0.035 0.036 0.040 0.045 0.054 0.068 0.089 0.117 0.158 0.211 0.258 0.289 0.305 0.316 0.326 0.342 0.369 0.403 0.433 0.455 0.475 0.498 0.529 0.577 0.656 0.801 1.028 1.193 1.252 1.221 1.061 0.807 0.621 0.517 0.455 0.411 0.372 0.335 0.294 0.247 0.216 0.202 0.201 0.210 0.240 0.304 0.385 0.423 0.426 0.409 0.364 0.301 0.255 0.232 0.223 0.223 0.225 0.223 0.216
0.033 0.032 0.032 0.031 0.031 0.029 0.028 0.027 0.027 0.027 0.027 0.027 0.028 0.028 0.029 0.029 0.030 0.032 0.033 0.036 0.039 0.045 0.054 0.066 0.084 0.110 0.145 0.197 0.254 0.292 0.312 0.321 0.325 0.330 0.338 0.350 0.369 0.393 0.425 0.468 0.521 0.590 0.705 0.932 1.309 1.617 1.754 1.767 1.661 1.414 1.168 1.010 0.906 0.823 0.746 0.667 0.575 0.457 0.366 0.323 0.313 0.319 0.353 0.435 0.567 0.684 0.728 0.710 0.633 0.495 0.367 0.298 0.266 0.249 0.235 0.219 0.201
0.030 0.030 0.031 0.031 0.030 0.029 0.028 0.027 0.026 0.026 0.027 0.027 0.028 0.028 0.028 0.029 0.030 0.031 0.033 0.036 0.040 0.045 0.054 0.067 0.085 0.109 0.143 0.193 0.254 0.296 0.316 0.322 0.321 0.314 0.305 0.300 0.303 0.314 0.344 0.397 0.473 0.568 0.709 0.979 1.441 1.848 2.044 2.080 2.016 1.835 1.610 1.443 1.316 1.206 1.102 0.997 0.882 0.737 0.594 0.508 0.475 0.471 0.486 0.541 0.665 0.854 1.006 1.051 0.999 0.815 0.562 0.399 0.319 0.273 0.238 0.206 0.173
0.029 0.030 0.031 0.031 0.031 0.030 0.028 0.027 0.026 0.026 0.027 0.027 0.028 0.028 0.029 0.029 0.030 0.032 0.034 0.037 0.042 0.048 0.058 0.071 0.089 0.114 0.148 0.197 0.258 0.301 0.319 0.323 0.320 0.307 0.284 0.269 0.264 0.266 0.280 0.311 0.374 0.481 0.652 0.953 1.452 1.914 2.144 2.191 2.150 2.021 1.834 1.660 1.514 1.388 1.272 1.160 1.045 0.913 0.764 0.649 0.586 0.564 0.565 0.594 0.692 0.896 1.140 1.259 1.258 1.119 0.815 0.531 0.373 0.286 0.229 0.183 0.144
0.029 0.031 0.031 0.032 0.032 0.031 0.029 0.027 0.027 0.026 0.027 0.028 0.029 0.029 0.030 0.030 0.031 0.033 0.035 0.039 0.045 0.053 0.064 0.079 0.101 0.131 0.169 0.219 0.277 0.315 0.330 0.331 0.325 0.307 0.278 0.256 0.246 0.244 0.249 0.264 0.300 0.373 0.526 0.829 1.351 1.859 2.114 2.172 2.145 2.046 1.893 1.721 1.559 1.424 1.309 1.200 1.093 0.981 0.848 0.719 0.636 0.599 0.593 0.610 0.690 0.884 1.169 1.349 1.390 1.304 1.033 0.670 0.427 0.295 0.218 0.166 0.127
0.031 0.033 0.034 0.034 0.034 0.033 0.032 0.030 0.028 0.028 0.028 0.029 0.030 0.031 0.032 0.033 0.034 0.036 0.039 0.043 0.051 0.061 0.075 0.095 0.125 0.165 0.211 0.265 0.320 0.350 0.357 0.354 0.340 0.315 0.282 0.257 0.244 0.239 0.239 0.248 0.271 0.319 0.420 0.648 1.098 1.610 1.896 1.992 1.994 1.942 1.835 1.686 1.513 1.375 1.271 1.178 1.085 0.988 0.873 0.741 0.647 0.603 0.595 0.609 0.676 0.845 1.135 1.362 1.438 1.401 1.193 0.812 0.487 0.309 0.217 0.162 0.122
0.036 0.038 0.039 0.039 0.039 0.038 0.036 0.034 0.032 0.030 0.030 0.030 0.032 0.034 0.035 0.037 0.038 0.040 0.043 0.049 0.058 0.071 0.089 0.117 0.156 0.199 0.244 0.296 0.352 0.381 0.386 0.381 0.363 0.336 0.302 0.274 0.253 0.244 0.243 0.249 0.268 0.303 0.369 0.504 0.781 1.171 1.454 1.599 1.646 1.640 1.591 1.485 1.324 1.197 1.122 1.071 1.020 0.956 0.866 0.742 0.642 0.595 0.586 0.597 0.650 0.785 1.050 1.324 1.442 1.440 1.300 0.959 0.570 0.343 0.229 0.166 0.124
0.046 0.048 0.049 0.049 0.049 0.047 0.045 0.043 0.039 0.035 0.034 0.034 0.035 0.037 0.039 0.041 0.043 0.045 0.049 0.055 0.066 0.083 0.108 0.140 0.176 0.212 0.250 0.301 0.357 0.387 0.394 0.390 0.374 0.347 0.320 0.300 0.284 0.274 0.274 0.281 0.293 0.315 0.353 0.425 0.566 0.787 0.982 1.102 1.156 1.166 1.145 1.068 0.946 0.864 0.837 0.847 0.866 0.857 0.816 0.727 0.629 0.581 0.572 0.580 0.618 0.717 0.932 1.235 1.408 1.437 1.350 1.090 0.702 0.422 0.273 0.192 0.139
0.066 0.068 0.068 0.068 0.067 0.065 0.063 0.059 0.053 0.045 0.041 0.040 0.041 0.042 0.044 0.046 0.048 0.051 0.054 0.061 0.074 0.097 0.129 0.158 0.184 0.211 0.243 0.288 0.341 0.372 0.382 0.381 0.369 0.344 0.321 0.309 0.307 0.318 0.339 0.353 0.356 0.356 0.364 0.388 0.446 0.553 0.671 0.744 0.772 0.769 0.730 0.647 0.563 0.526 0.525 0.556 0.627 0.689 0.707 0.675 0.606 0.563 0.553 0.558 0.581 0.649 0.810 1.100 1.327 1.393 1.345 1.157 0.841 0.549 0.364 0.249 0.173
0.107 0.109 0.109 0.107 0.105 0.102 0.099 0.092 0.080 0.064 0.055 0.052 0.051 0.052 0.052 0.053 0.055 0.057 0.061 0.068 0.084 0.112 0.145 0.167 0.185 0.203 0.224 0.255 0.296 0.324 0.335 0.337 0.332 0.316 0.302 0.297 0.306 0.335 0.378 0.402 0.405 0.394 0.378 0.374 0.389 0.430 0.490 0.525 0.535 0.525 0.482 0.407 0.353 0.335 0.338 0.362 0.422 0.507 0.559 0.575 0.554 0.527 0.520 0.523 0.536 0.578 0.693 0.933 1.189 1.294 1.285 1.159 0.914 0.641 0.437 0.298 0.202
0.199 0.200 0.199 0.194 0.189 0.182 0.173 0.159 0.133 0.103 0.085 0.076 0.072 0.068 0.065 0.064 0.064 0.066 0.070 0.079 0.096 0.126 0.153 0.169 0.179 0.187 0.194 0.204 0.223 0.239 0.246 0.249 0.250 0.246 0.244 0.251 0.275 0.324 0.381 0.411 0.416 0.404 0.379 0.367 0.365 0.376 0.398 0.409 0.407 0.392 0.351 0.295 0.262 0.252 0.253 0.268 0.309 0.381 0.435 0.459 0.467 0.465 0.464 0.468 0.476 0.499 0.570 0.735 0.971 1.114 1.142 1.087 0.921 0.682 0.474 0.322 0.215
0.399 0.397 0.390 0.380 0.366 0.349 0.325 0.287 0.229 0.173 0.140 0.122 0.109 0.097 0.088 0.082 0.079 0.080 0.083 0.090 0.107 0.135 0.156 0.165 0.167 0.164 0.158 0.155 0.157 0.160 0.158 0.155 0.155 0.155 0.158 0.171 0.202 0.263 0.338 0.383 0.397 0.391 0.371 0.356 0.352 0.353 0.357 0.354 0.344 0.326 0.295 0.259 0.237 0.229 0.228 0.237 0.266 0.320 0.360 0.377 0.381 0.380 0.381 0.384 0.390 0.401 0.434 0.517 0.674 0.827 0.902 0.910 0.843 0.682 0.487 0.331 0.219
0.644 0.634 0.617 0.597 0.574 0.541 0.490 0.412 0.314 0.238 0.193 0.166 0.145 0.126 0.109 0.098 0.092 0.090 0.091 0.098 0.114 0.138 0.152 0.156 0.151 0.137 0.124 0.118 0.115 0.111 0.105 0.098 0.095 0.094 0.096 0.103 0.121 0.162 0.231 0.293 0.327 0.338 0.339 0.338 0.339 0.340 0.337 0.327 0.312 0.296 0.277 0.256 0.240 0.232 0.231 0.237 0.262 0.305 0.330 0.337 0.330 0.308 0.289 0.283 0.285 0.292 0.309 0.347 0.420 0.519 0.601 0.649 0.660 0.606 0.478 0.333 0.218
0.752 0.738 0.717 0.694 0.667 0.627 0.562 0.460 0.343 0.263 0.214 0.183 0.159 0.137 0.118 0.104 0.096 0.094 0.094 0.100 0.116 0.134 0.142 0.141 0.129 0.109 0.096 0.089 0.085 0.081 0.074 0.067 0.063 0.062 0.062 0.065 0.072 0.090 0.125 0.169 0.209 0.245 0.278 0.305 0.321 0.324 0.321 0.310 0.292 0.280 0.274 0.271 0.272 0.270 0.268 0.270 0.286 0.316 0.331 0.329 0.308 0.265 0.229 0.211 0.205 0.207 0.213 0.227 0.258 0.310 0.370 0.415 0.439 0.444 0.407 0.316 0.208
0.734 0.723 0.705 0.684 0.658 0.619 0.552 0.446 0.332 0.256 0.209 0.177 0.154 0.133 0.116 0.102 0.095 0.093 0.093 0.099 0.111 0.121 0.122 0.117 0.101 0.082 0.072 0.066 0.062 0.059 0.054 0.049 0.046 0.044 0.044 0.045 0.048 0.056 0.070 0.093 0.120 0.152 0.197 0.250 0.286 0.299 0.300 0.292 0.276 0.269 0.275 0.303 0.347 0.372 0.374 0.371 0.370 0.375 0.370 0.348 0.303 0.247 0.202 0.172 0.155 0.149 0.147 0.150 0.162 0.187 0.223 0.255 0.272 0.277 0.275 0.245 0.170
0.556 0.554 0.547 0.537 0.521 0.491 0.436 0.348 0.261 0.204 0.167 0.140 0.121 0.107 0.096 0.089 0.085 0.084 0.084 0.088 0.093 0.095 0.091 0.083 0.070 0.059 0.052 0.048 0.045 0.043 0.041 0.038 0.036 0.034 0.034 0.034 0.036 0.039 0.046 0.056 0.071 0.092 0.123 0.171 0.219 0.246 0.256 0.257 0.251 0.252 0.267 0.315 0.407 0.496 0.536 0.543 0.535 0.519 0.483 0.414 0.320 0.246 0.195 0.158 0.131 0.114 0.105 0.102 0.106 0.116 0.134 0.151 0.160 0.161 0.157 0.140 0.099
0.252 0.251 0.252 0.254 0.252 0.242 0.215 0.172 0.133 0.108 0.090 0.076 0.066 0.061 0.059 0.060 0.060 0.061 0.062 0.064 0.063 0.062 0.059 0.054 0.048 0.041 0.037 0.034 0.033 0.032 0.030 0.029 0.028 0.027 0.027 0.027 0.028 0.030 0.033 0.038 0.046 0.058 0.074 0.100 0.133 0.160 0.178 0.190 0.199 0.210 0.237 0.302 0.416 0.547 0.632 0.672 0.683 0.676 0.634 0.529 0.376 0.266 0.202 0.157 0.123 0.097 0.081 0.073 0.070 0.073 0.079 0.085 0.088 0.087 0.082 0.070 0.047
0.091 0.090 0.091 0.093 0.094 0.092 0.084 0.071 0.059 0.051 0.044 0.038 0.035 0.033 0.033 0.034 0.035 0.036 0.038 0.039 0.039 0.039 0.038 0.036 0.033 0.029 0.026 0.025 0.024 0.023 0.023 0.022 0.022 0.022 0.022 0.022 0.022 0.023 0.025 0.028 0.032 0.038 0.046 0.057 0.072 0.087 0.099 0.110 0.122 0.140 0.176 0.249 0.377 0.531 0.644 0.709 0.737 0.740 0.707 0.609 0.449 0.313 0.225 0.164 0.121 0.089 0.067 0.054 0.047 0.045 0.045 0.045 0.045 0.043 0.039 0.032 0.020
0.039 0.038 0.038 0.039 0.039 0.039 0.037 0.034 0.030 0.027 0.024 0.022 0.021 0.021 0.021 0.021 0.021 0.022 0.023 0.024 0.025 0.025 0.025 0.024 0.023 0.021 0.019 0.018 0.018 0.017 0.017 0.017 0.017 0.017 0.017 0.017 0.017 0.018 0.019 0.021 0.023 0.026 0.030 0.034 0.040 0.047 0.053 0.060 0.068 0.080 0.104 0.157 0.262 0.415 0.564 0.664 0.713 0.723 0.701 0.620 0.479 0.339 0.240 0.170 0.119 0.083 0.057 0.041 0.032 0.027 0.025 0.023 0.021 0.020 0.017 0.013 0.008
0.021 0.020 0.020 0.021 0.021 0.021 0.020 0.019 0.018 0.017 0.016 0.015 0.014 0.014 0.014 0.014 0.014 0.015 0.015 0.016 0.017 0.017 0.017 0.017 0.016 0.015 0.014 0.013 0.013 0.013 0.013 0.013 0.013 0.013 0.013 0.013 0.013 0.014 0.014 0.015 0.017 0.018 0.020 0.022 0.025 0.027 0.031 0.034 0.039 0.046 0.058 0.082 0.132 0.221 0.353 0.480 0.558 0.589 0.587 0.547 0.453 0.333 0.236 0.165 0.112 0.073 0.047 0.031 0.021 0.016 0.013 0.011 0.010 0.008 0.007 0.005 0.003
0.013 0.013 0.013 0.013 0.013 0.013 0.013 0.012 0.012 0.011 0.011 0.010 0.010 0.010 0.010 0.010 0.010 0.010 0.010 0.011 0.011 0.012 0.012 0.012 0.011 0.011 0.010 0.010 0.009 0.009 0.009 0.009 0.009 0.009 0.009 0.010 0.010 0.010 0.010 0.011 0.012 0.013 0.014 0.015 0.016 0.018 0.019 0.021 0.024 0.027 0.033 0.043 0.061 0.094 0.151 0.228 0.288 0.328 0.349 0.354 0.331 0.274 0.201 0.138 0.091 0.057 0.035 0.021 0.014 0.009 0.007 0.005 0.004 0.003 0.003 0.002 0.001
0.008 0.008 0.008 0.008 0.008 0.008 0.008 0.008 0.008 0.008 0.007 0.007 0.007 0.007 0.007 0.007 0.007 0.007 0.007 0.007 0.008 0.008 0.008 0.008 0.008 0.008 0.007 0.007 0.007 0.007 0.007 0.007 0.007 0.007 0.007 0.007 0.007 0.007 0.007 0.008 0.008 0.009 0.009 0.010 0.011 0.012 0.013 0.014 0.016 0.018 0.021 0.025 0.032 0.044 0.063 0.092 0.120 0.141 0.157 0.165 0.166 0.156 0.128 0.089 0.057 0.036 0.022 0.014 0.009 0.006 0.004 0.003 0.002 0.001 0.001 0.000 0.000
0.005 0.005 0.005 0.005 0.005 0.005 0.005 0.005 0.005 0.005 0.005 0.005 0.004 0.004 0.004 0.004 0.004 0.004 0.005 0.005 0.005 0.005 0.005 0.005 0.005 0.005 0.005 0.004 0.004 0.004 0.004 0.004 0.004 0.004 0.004 0.004 0.005 0.005 0.005 0.005 0.005 0.006 0.006 0.007 0.007 0.008 0.008 0.009 0.010 0.012 0.014 0.016 0.020 0.025 0.032 0.042 0.054 0.064 0.072 0.076 0.077 0.075 0.066 0.049 0.033 0.021 0.014 0.009 0.005 0.003 0.002 0.001 0.001 0.000 0.000 0.000 0.000
0.003 0.003 0.003 0.003 0.003 0.003 0.003 0.003 0.003 0.003 0.003 0.003 0.003 0.003 0.003 0.003 0.003 0.003 0.003 0.003 0.003 0.003 0.003 0.003 0.003 0.003 0.003 0.003 0.003 0.003 0.003 0.003 0.003 0.003 0.003 0.003 0.003 0.003 0.003 0.003 0.003 0.003 0.004 0.004 0.004 0.005 0.005 0.006 0.007 0.008 0.009 0.011 0.013 0.016 0.019 0.024 0.029 0.034 0.037 0.039 0.039 0.039 0.035 0.028 0.019 0.013 0.008 0.005 0.003 0.002 0.001 0.000 0.000 0.000 0.000 0.000 0.000
