RESULTS/r.avaflow_results/14_results/14_ascii/14_hflow0014.asc
ncols 506
nrows 317
xllcenter 498237.50
yllcenter 5580050.00
cellsize 12.50
NODATA_value -9999.000
[rows 170 to 203 of 317, columns 77 to 153 of 506]
0.001 0.001 0.004 0.009 0.020 0.041 0.076 0.127 0.201 0.306 0.468 0.725 1.125 1.695 2.427 3.289 4.252 5.300 6.365 7.394 8.376 9.312 10.189 11.047 11.866 12.604 13.278 13.889 14.501 15.177 15.940 16.801 17.820 18.997 20.333 21.827 23.507 25.385 27.245 28.881 30.309 31.785 33.323 35.091 36.791 38.070 38.755 39.718 40.601 41.360 42.504 43.578 44.537 45.611 46.187 46.151 46.345 46.407 47.023 48.616 49.259 49.504 49.631 49.239 48.714 47.928 46.562 45.194 43.723 41.783 39.865 37.980 35.930 34.048 32.308 30.552 28.903
0.002 0.006 0.013 0.027 0.052 0.095 0.161 0.255 0.386 0.579 0.872 1.305 1.910 2.689 3.627 4.716 5.961 7.300 8.562 9.725 10.811 11.820 12.747 13.616 14.430 15.154 15.791 16.381 16.976 17.596 18.304 19.081 20.059 21.202 22.609 24.203 25.925 27.876 29.809 31.605 33.063 34.635 36.255 37.962 39.584 40.843 41.480 42.472 43.455 44.118 45.087 45.932 46.590 47.422 47.904 47.791 47.910 47.958 48.049 49.101 49.793 50.264 50.492 50.021 49.462 48.550 47.071 45.636 44.059 42.121 40.185 38.392 36.615 35.033 33.595 31.957 30.634
0.007 0.015 0.030 0.057 0.101 0.170 0.271 0.412 0.614 0.906 1.325 1.908 2.686 3.677 4.881 6.294 7.911 9.583 11.072 12.387 13.551 14.619 15.568 16.406 17.130 17.770 18.345 18.829 19.332 19.932 20.539 21.241 22.190 23.295 24.609 26.234 28.115 30.195 32.107 33.880 35.403 36.983 38.517 40.247 41.899 43.113 43.662 44.655 45.683 46.271 47.150 47.789 48.050 48.569 48.638 48.527 48.906 49.045 48.899 49.185 49.110 49.352 50.040 50.007 49.509 48.638 47.162 45.742 44.382 42.697 40.946 39.312 37.580 35.922 34.589 33.169 32.116
0.012 0.025 0.046 0.082 0.140 0.227 0.356 0.543 0.809 1.184 1.704 2.407 3.332 4.510 5.949 7.633 9.581 11.581 13.351 14.896 16.209 17.329 18.252 19.011 19.625 20.128 20.674 21.145 21.559 22.098 22.629 23.261 24.127 25.147 26.452 28.091 29.933 32.000 34.032 35.948 37.716 39.425 40.945 42.470 44.034 45.199 45.802 46.902 47.784 48.296 49.214 49.641 49.566 49.916 49.569 49.363 49.664 49.508 49.467 49.676 49.394 49.331 49.536 49.546 49.261 48.618 47.263 46.017 44.779 43.139 41.510 39.881 38.190 36.671 35.438 34.183 33.253
0.015 0.030 0.055 0.097 0.163 0.264 0.416 0.638 0.956 1.398 1.999 2.800 3.846 5.172 6.782 8.665 10.850 13.126 15.185 16.974 18.466 19.649 20.562 21.318 21.921 22.371 22.855 23.249 23.602 24.080 24.514 25.067 25.936 26.906 28.094 29.683 31.550 33.590 35.714 37.714 39.577 41.494 43.179 44.577 46.100 47.284 47.962 48.962 49.716 50.040 50.784 51.187 50.837 50.773 50.352 49.847 49.937 49.746 49.655 49.832 49.465 49.225 48.886 48.798 48.782 48.453 47.273 46.332 45.181 43.523 41.845 40.149 38.539 37.063 35.970 34.848 33.849
0.016 0.032 0.060 0.104 0.176 0.287 0.454 0.701 1.054 1.545 2.210 3.087 4.225 5.657 7.390 9.410 11.746 14.247 16.556 18.588 20.279 21.620 22.602 23.383 23.956 24.339 24.779 25.147 25.461 25.873 26.227 26.752 27.494 28.320 29.466 31.085 32.823 34.668 36.856 38.987 40.890 42.949 44.776 46.039 47.507 48.720 49.294 50.199 50.907 51.118 51.685 51.868 51.458 51.216 50.540 49.755 49.736 49.714 49.427 49.682 49.235 48.968 48.490 47.909 47.307 46.994 46.671 46.420 45.427 43.682 41.904 40.145 38.582 37.216 36.175 35.092 34.015
0.017 0.033 0.061 0.108 0.183 0.299 0.475 0.735 1.110 1.633 2.343 3.276 4.473 5.972 7.787 9.888 12.293 14.937 17.454 19.696 21.617 23.178 24.303 25.180 25.739 26.102 26.502 26.769 27.058 27.492 27.834 28.173 28.765 29.527 30.569 32.088 33.803 35.630 37.769 39.919 41.926 44.103 46.037 47.304 48.748 49.903 50.416 51.309 51.815 51.973 52.530 52.460 52.019 51.791 50.928 50.002 49.839 49.925 49.667 49.902 49.390 49.147 48.678 47.728 47.004 46.285 45.840 45.689 45.146 43.560 41.730 39.995 38.364 37.051 36.049 35.033 34.012
0.016 0.032 0.061 0.109 0.185 0.303 0.483 0.750 1.136 1.678 2.412 3.377 4.610 6.147 7.994 10.147 12.586 15.278 17.936 20.351 22.462 24.258 25.586 26.649 27.359 27.688 28.076 28.332 28.540 28.906 29.267 29.507 29.933 30.607 31.592 33.022 34.670 36.504 38.629 40.793 42.971 45.262 47.261 48.667 50.104 51.043 51.396 52.086 52.463 52.441 52.823 52.749 52.239 51.928 51.285 50.275 49.815 49.928 49.710 49.934 49.481 49.166 48.657 47.652 46.843 45.909 44.893 44.149 43.903 42.828 41.136 39.349 37.706 36.320 35.289 34.366 33.568
0.014 0.029 0.058 0.108 0.185 0.304 0.484 0.753 1.144 1.692 2.436 3.415 4.667 6.217 8.078 10.243 12.687 15.390 18.135 20.688 22.930 24.967 26.482 27.769 28.665 29.069 29.368 29.572 29.808 30.114 30.348 30.536 30.901 31.422 32.265 33.580 35.105 36.887 39.003 41.184 43.449 45.901 48.048 49.426 50.791 51.636 51.860 52.475 52.691 52.528 52.887 52.733 52.176 51.928 51.329 50.381 49.862 49.842 49.493 49.758 49.277 48.824 48.243 47.191 46.263 45.344 43.884 42.352 41.509 40.791 39.877 38.171 36.540 35.161 34.315 33.492 32.797
0.009 0.022 0.050 0.101 0.181 0.301 0.482 0.752 1.143 1.694 2.440 3.422 4.679 6.229 8.089 10.251 12.699 15.386 18.161 20.716 23.045 25.232 27.013 28.566 29.635 30.272 30.688 30.900 31.026 31.286 31.379 31.456 31.807 32.208 32.867 34.044 35.464 37.128 39.201 41.441 43.782 46.365 48.644 49.909 51.162 51.978 52.137 52.772 53.029 52.938 53.320 53.081 52.563 52.426 51.671 50.764 50.310 50.109 49.704 49.928 49.273 48.672 47.920 46.733 45.674 44.634 42.926 41.187 39.726 38.539 38.090 36.776 35.346 34.055 33.233 32.436 31.852
0.005 0.013 0.036 0.084 0.167 0.290 0.472 0.742 1.134 1.682 2.427 3.406 4.654 6.201 8.045 10.193 12.638 15.286 18.098 20.683 23.124 25.363 27.310 29.062 30.362 31.149 31.757 32.124 32.183 32.410 32.455 32.428 32.668 32.982 33.518 34.537 35.838 37.431 39.495 41.695 44.195 46.876 49.122 50.508 51.789 52.355 52.548 53.144 53.210 53.092 53.411 53.215 52.786 52.578 51.935 51.001 50.423 50.275 49.806 49.811 49.092 48.211 47.227 46.021 44.828 43.579 42.008 40.159 38.490 36.989 36.245 35.316 34.162 33.035 32.127 31.299 30.665
0.002 0.007 0.020 0.058 0.135 0.260 0.446 0.719 1.109 1.652 2.384 3.345 4.569 6.083 7.901 10.018 12.402 15.027 17.810 20.449 22.956 25.282 27.355 29.251 30.714 31.665 32.474 33.006 33.149 33.343 33.357 33.274 33.359 33.521 33.921 34.754 35.887 37.408 39.465 41.553 44.187 46.859 48.958 50.553 51.983 52.449 52.546 52.906 52.780 52.801 53.190 52.968 52.787 52.702 52.060 51.056 50.341 50.074 49.503 49.428 48.643 47.520 46.440 45.078 43.750 42.431 40.910 39.142 37.477 35.656 34.372 33.767 32.973 32.055 31.149 30.223 29.532
0.002 0.004 0.010 0.031 0.087 0.202 0.391 0.671 1.064 1.594 2.297 3.213 4.380 5.831 7.594 9.653 11.954 14.511 17.229 19.979 22.604 25.068 27.310 29.295 30.969 32.176 33.117 33.775 34.031 34.229 34.206 34.109 34.105 34.134 34.402 35.153 36.124 37.446 39.469 41.597 44.125 46.859 48.872 50.479 52.092 52.558 52.541 52.905 52.848 52.972 53.352 53.140 53.085 53.045 52.264 51.488 50.735 50.094 49.519 49.419 48.403 47.337 46.113 44.505 42.985 41.686 40.082 38.452 36.805 34.890 33.283 32.467 31.806 31.132 30.213 29.113 28.267
0.002 0.003 0.007 0.017 0.049 0.132 0.304 0.587 0.987 1.503 2.159 3.002 4.083 5.435 7.100 9.054 11.259 13.705 16.345 19.158 22.017 24.687 27.190 29.324 31.178 32.586 33.730 34.573 34.882 35.114 35.119 34.964 34.936 34.909 35.088 35.726 36.568 37.745 39.621 41.800 44.220 46.990 49.006 50.549 52.014 52.544 52.690 53.044 52.733 52.713 53.079 52.851 52.809 52.916 52.236 51.587 50.878 49.979 49.274 49.026 48.003 46.963 45.705 44.181 42.697 41.253 39.670 38.026 36.325 34.496 32.666 31.558 30.761 30.094 29.178 27.994 27.046
0.003 0.004 0.006 0.012 0.029 0.085 0.225 0.487 0.881 1.391 2.022 2.817 3.827 5.094 6.639 8.468 10.559 12.884 15.419 18.167 21.132 24.180 26.890 29.197 31.104 32.626 33.987 34.994 35.474 35.819 35.840 35.695 35.775 35.710 35.767 36.269 36.983 38.006 39.572 41.586 43.906 46.627 48.618 50.099 51.343 51.898 52.242 52.667 52.306 52.196 52.365 52.045 52.042 52.220 51.622 51.113 50.614 49.632 48.843 48.355 47.325 46.320 45.247 43.742 42.330 40.928 39.250 37.549 35.857 34.082 32.175 30.749 29.689 28.920 28.221 27.063 25.982
0.005 0.006 0.007 0.011 0.022 0.058 0.166 0.397 0.774 1.289 1.929 2.718 3.699 4.912 6.375 8.110 10.105 12.340 14.780 17.455 20.330 23.519 26.433 28.998 31.065 32.651 34.141 35.350 36.092 36.618 36.788 36.720 36.847 36.852 36.883 37.376 37.914 38.767 40.198 41.942 43.898 46.505 48.364 49.723 51.008 51.573 51.917 52.506 52.291 52.086 51.917 51.425 51.272 51.428 50.988 50.770 50.514 49.637 48.963 48.248 47.053 46.107 45.119 43.668 42.375 41.000 39.134 37.362 35.671 33.780 31.908 30.215 28.816 27.751 27.091 26.078 24.924
0.007 0.008 0.009 0.012 0.019 0.044 0.123 0.321 0.677 1.199 1.870 2.685 3.667 4.852 6.279 7.967 9.902 12.058 14.463 17.072 19.819 22.813 25.828 28.544 30.872 32.656 34.273 35.686 36.669 37.468 37.895 37.871 38.073 38.231 38.315 38.833 39.189 39.998 41.257 42.602 44.305 46.547 48.157 49.451 50.707 51.238 51.609 52.062 51.655 51.355 50.966 50.213 49.754 49.884 49.675 49.735 49.849 49.295 48.807 48.156 46.961 45.888 44.890 43.534 42.272 40.893 39.079 37.169 35.369 33.477 31.663 29.734 28.035 26.749 26.001 24.967 23.747
0.010 0.011 0.011 0.013 0.018 0.035 0.093 0.260 0.598 1.132 1.841 2.688 3.678 4.857 6.269 7.925 9.831 11.976 14.343 16.868 19.525 22.272 25.127 27.818 30.344 32.377 34.084 35.613 36.851 38.001 38.704 38.856 39.217 39.474 39.636 40.207 40.562 41.368 42.342 43.297 44.676 46.329 47.583 48.796 49.874 50.286 50.523 50.819 50.522 50.230 49.799 48.862 48.256 48.340 48.259 48.333 48.778 48.453 48.119 47.663 46.555 45.489 44.577 43.254 41.980 40.595 38.839 36.923 35.090 33.160 31.223 29.267 27.400 25.836 24.704 23.557 22.367
0.013 0.013 0.014 0.015 0.019 0.030 0.073 0.216 0.548 1.103 1.851 2.735 3.753 4.940 6.338 7.977 9.848 11.976 14.334 16.840 19.373 21.890 24.450 27.066 29.716 31.969 33.926 35.655 36.995 38.340 39.343 39.793 40.283 40.550 40.732 41.409 41.792 42.487 43.448 44.227 45.165 46.443 47.367 48.330 49.368 49.537 49.628 49.955 49.786 49.544 49.187 48.211 47.619 47.429 47.400 47.267 47.764 47.523 47.362 47.082 46.109 45.230 44.493 43.162 41.849 40.347 38.507 36.588 34.873 32.897 30.750 28.774 26.712 24.942 23.392 21.930 20.535
0.016 0.016 0.016 0.017 0.020 0.028 0.061 0.186 0.522 1.118 1.933 2.890 3.964 5.179 6.578 8.181 10.009 12.101 14.427 16.927 19.381 21.717 24.013 26.407 28.995 31.421 33.676 35.637 37.150 38.654 39.903 40.650 41.294 41.624 41.819 42.498 42.894 43.564 44.462 45.085 45.779 46.675 47.383 48.107 49.039 48.960 49.067 49.272 49.058 48.893 48.678 47.790 47.235 46.628 46.516 46.266 46.532 46.302 46.067 45.827 44.969 44.130 43.424 42.193 40.964 39.364 37.674 35.978 34.374 32.335 30.143 28.054 25.879 23.838 21.933 20.150 18.475
0.019 0.019 0.020 0.020 0.022 0.028 0.055 0.167 0.515 1.197 2.160 3.252 4.395 5.629 7.017 8.597 10.390 12.428 14.685 17.113 19.503 21.688 23.790 25.908 28.290 30.675 33.071 35.126 36.837 38.516 39.937 40.898 41.778 42.282 42.412 42.962 43.379 43.898 44.756 45.335 45.790 46.487 47.035 47.542 48.379 48.236 48.319 48.524 48.319 48.164 48.096 47.308 46.733 46.010 45.671 45.223 45.211 44.903 44.411 44.130 43.292 42.487 41.643 40.450 39.363 37.919 36.265 34.785 33.139 31.242 29.194 26.957 24.696 22.512 20.381 18.379 16.486
0.022 0.023 0.024 0.025 0.026 0.030 0.053 0.159 0.536 1.370 2.617 3.894 5.107 6.365 7.746 9.295 11.041 13.013 15.191 17.521 19.777 21.820 23.826 25.760 27.962 30.140 32.498 34.545 36.428 38.327 39.984 41.048 42.084 42.675 42.716 43.197 43.640 44.025 44.843 45.470 45.726 46.397 46.869 47.191 48.018 48.038 48.202 48.442 48.151 48.011 48.000 47.340 46.830 46.078 45.402 44.663 44.244 43.611 42.779 42.312 41.416 40.674 39.777 38.546 37.488 36.275 34.677 33.389 31.688 29.754 27.767 25.510 23.159 20.876 18.650 16.513 14.504
0.027 0.029 0.030 0.031 0.031 0.035 0.056 0.159 0.583 1.659 3.344 4.858 6.121 7.387 8.742 10.262 11.974 13.881 15.966 18.149 20.212 22.058 23.920 25.777 27.897 29.874 32.090 34.101 36.051 38.035 39.937 41.221 42.386 42.988 43.009 43.437 43.850 44.254 44.978 45.455 45.616 46.143 46.530 46.822 47.658 47.749 47.839 48.083 47.879 47.787 47.785 47.162 46.569 45.758 44.995 44.086 43.345 42.542 41.555 40.785 39.723 38.774 37.829 36.559 35.422 34.150 32.657 31.188 29.450 27.662 25.680 23.444 21.117 18.831 16.615 14.453 12.386
0.035 0.036 0.038 0.039 0.040 0.043 0.064 0.169 0.635 1.911 4.003 5.845 7.217 8.536 9.926 11.455 13.139 14.998 17.022 19.056 20.935 22.675 24.338 26.006 27.862 29.748 31.815 33.721 35.591 37.493 39.340 40.783 42.030 42.662 42.728 43.157 43.566 43.943 44.482 44.790 44.930 45.366 45.595 45.952 46.703 46.932 47.109 47.445 47.314 47.235 47.199 46.536 45.869 45.047 44.090 43.170 42.450 41.434 40.361 39.401 38.098 36.992 35.856 34.510 33.302 31.828 30.258 28.673 26.842 24.961 22.901 20.686 18.474 16.317 14.138 12.035 9.961
0.046 0.047 0.048 0.051 0.053 0.059 0.082 0.196 0.685 2.042 4.326 6.468 8.047 9.517 11.036 12.661 14.424 16.350 18.365 20.265 21.983 23.586 25.098 26.632 28.236 29.947 31.890 33.710 35.355 37.147 38.839 40.283 41.611 42.327 42.455 43.032 43.421 43.675 44.105 44.268 44.209 44.676 44.791 45.137 45.969 46.424 46.628 47.008 46.881 46.771 46.634 45.866 45.147 44.253 43.122 42.273 41.523 40.352 39.230 38.114 36.611 35.380 33.935 32.525 31.147 29.467 27.703 25.844 23.789 21.726 19.587 17.384 15.276 13.255 11.189 9.169 7.174
0.063 0.063 0.064 0.067 0.072 0.081 0.112 0.234 0.730 2.098 4.431 6.797 8.626 10.304 12.003 13.811 15.745 17.823 19.870 21.742 23.406 24.859 26.203 27.600 29.007 30.519 32.280 33.966 35.494 37.151 38.653 39.923 41.184 41.887 41.996 42.656 42.942 43.204 43.546 43.696 43.492 43.845 43.985 44.234 44.971 45.328 45.418 45.804 45.668 45.555 45.368 44.581 43.759 42.707 41.464 40.500 39.611 38.363 37.241 35.936 34.578 33.196 31.668 30.197 28.685 26.891 24.847 22.686 20.333 17.952 15.666 13.509 11.571 9.763 7.975 6.233 4.589
0.088 0.085 0.085 0.088 0.095 0.107 0.139 0.260 0.760 2.136 4.496 7.045 9.114 11.019 12.905 14.871 16.990 19.325 21.458 23.413 25.006 26.452 27.709 28.970 30.143 31.360 32.842 34.259 35.574 36.996 38.228 39.234 40.369 41.065 41.159 41.754 42.021 42.295 42.529 42.605 42.426 42.651 42.758 42.905 43.447 43.792 43.774 44.127 43.945 43.845 43.635 42.795 41.931 40.757 39.296 38.112 37.102 35.684 34.723 33.278 31.968 30.531 29.017 27.509 25.843 23.813 21.489 18.984 16.357 13.903 11.767 9.877 8.205 6.668 5.201 3.845 2.681
0.123 0.113 0.111 0.113 0.120 0.131 0.160 0.278 0.790 2.198 4.607 7.296 9.548 11.659 13.761 15.924 18.191 20.730 23.164 25.339 26.997 28.417 29.546 30.735 31.764 32.600 33.731 34.822 35.839 37.004 38.008 38.766 39.747 40.467 40.573 41.038 41.254 41.319 41.625 41.685 41.510 41.703 41.600 41.633 41.995 42.100 42.085 42.325 42.078 41.890 41.599 40.685 39.729 38.469 36.862 35.468 34.244 32.798 31.715 30.248 28.914 27.551 26.022 24.333 22.434 20.222 17.614 14.940 12.459 10.328 8.504 6.901 5.485 4.225 3.121 2.218 1.551
0.172 0.149 0.142 0.142 0.147 0.155 0.179 0.295 0.835 2.313 4.817 7.627 10.029 12.321 14.614 16.984 19.460 22.142 24.778 27.072 28.961 30.457 31.526 32.562 33.441 33.971 34.739 35.524 36.254 37.176 38.005 38.668 39.472 40.013 40.072 40.408 40.452 40.431 40.637 40.639 40.532 40.639 40.369 40.254 40.310 40.123 40.079 39.979 39.560 39.168 38.651 37.703 36.700 35.376 33.763 32.328 30.842 29.505 28.227 26.877 25.469 23.996 22.398 20.583 18.472 16.049 13.478 11.174 9.144 7.394 5.889 4.587 3.466 2.531 1.811 1.319 1.033
0.240 0.199 0.181 0.176 0.176 0.179 0.197 0.318 0.905 2.503 5.191 8.160 10.680 13.133 15.566 18.139 20.762 23.554 26.307 28.677 30.640 32.054 33.073 34.033 34.664 35.024 35.530 35.990 36.454 37.123 37.688 38.217 38.837 39.120 39.142 39.467 39.284 39.305 39.378 39.287 39.262 39.242 38.901 38.626 38.408 38.077 37.902 37.579 36.900 36.306 35.596 34.457 33.372 32.007 30.388 28.898 27.330 26.022 24.629 23.229 21.760 20.143 18.415 16.457 14.270 12.032 9.930 8.089 6.477 5.093 3.911 2.918 2.116 1.516 1.120 0.906 0.824
0.338 0.269 0.232 0.212 0.199 0.196 0.214 0.355 1.026 2.811 5.774 8.978 11.651 14.186 16.666 19.315 22.046 24.840 27.458 29.747 31.842 33.440 34.384 35.312 35.794 35.953 36.284 36.549 36.704 37.183 37.614 37.867 38.242 38.289 38.180 38.433 38.221 38.164 38.264 38.106 38.059 38.060 37.651 37.184 36.702 36.185 35.845 35.379 34.543 33.754 32.913 31.622 30.278 28.716 27.071 25.439 23.917 22.446 20.984 19.492 17.933 16.268 14.474 12.555 10.590 8.744 7.085 5.648 4.418 3.378 2.510 1.813 1.292 0.947 0.755 0.680 0.685
0.450 0.356 0.291 0.244 0.214 0.204 0.223 0.400 1.233 3.344 6.727 10.163 12.946 15.558 18.074 20.698 23.357 25.979 28.371 30.491 32.523 34.297 35.375 36.274 36.756 36.780 36.994 37.132 37.061 37.361 37.692 37.676 37.797 37.595 37.226 37.161 36.985 36.763 36.893 36.724 36.673 36.647 36.161 35.590 34.954 34.308 33.805 33.185 32.225 31.357 30.187 28.825 27.189 25.401 23.668 21.924 20.335 18.776 17.294 15.810 14.276 12.676 10.984 9.250 7.617 6.158 4.898 3.821 2.917 2.174 1.577 1.120 0.799 0.605 0.517 0.508 0.584
0.524 0.420 0.330 0.262 0.222 0.208 0.225 0.412 1.388 3.971 8.060 11.859 14.702 17.296 19.729 22.221 24.565 26.948 29.096 30.997 32.941 34.626 35.734 36.641 37.101 37.069 37.242 37.248 37.100 37.243 37.316 37.114 36.976 36.506 35.901 35.562 35.373 35.067 35.089 34.906 34.876 34.825 34.370 33.824 33.179 32.410 31.756 31.065 29.976 29.019 27.506 25.908 24.081 22.114 20.209 18.393 16.729 15.177 13.703 12.302 10.900 9.463 7.994 6.558 5.274 4.186 3.273 2.509 1.880 1.370 0.973 0.682 0.490 0.387 0.357 0.396 0.551
0.545 0.443 0.344 0.271 0.227 0.212 0.228 0.406 1.398 4.234 8.959 13.389 16.515 19.047 21.171 23.289 25.184 27.313 29.295 30.926 32.721 34.492 35.746 36.723 37.188 37.134 37.324 37.261 37.063 37.124 36.896 36.425 36.032 35.409 34.597 34.114 33.746 33.397 33.385 33.042 32.899 32.906 32.578 32.081 31.518 30.653 29.881 29.074 27.875 26.598 24.912 22.977 20.878 18.674 16.618 14.786 13.166 11.702 10.326 9.045 7.814 6.615 5.450 4.385 3.481 2.734 2.116 1.602 1.179 0.841 0.584 0.406 0.299 0.257 0.265 0.356 0.586
