RESULTS/r.avaflow_results/14_results/14_ascii/14_hflow0045.asc
ncols 506
nrows 317
xllcenter 498237.50
yllcenter 5580050.00
cellsize 12.50
NODATA_value -9999.000
[rows 204 to 237 of 317, columns 231 to 307 of 506]
0.000 0.001 0.001 0.002 0.003 0.004 0.005 0.006 0.008 0.009 0.011 0.014 0.016 0.018 0.019 0.020 0.020 0.019 0.018 0.017 0.017 0.017 0.017 0.018 0.019 0.019 0.019 0.019 0.020 0.020 0.020 0.020 0.020 0.021 0.021 0.022 0.022 0.023 0.023 0.023 0.023 0.024 0.025 0.026 0.027 0.028 0.029 0.029 0.030 0.030 0.032 0.034 0.037 0.040 0.044 0.050 0.058 0.069 0.075 0.077 0.074 0.067 0.057 0.049 0.044 0.041 0.040 0.040 0.041 0.043 0.048 0.055 0.064 0.075 0.090 0.109 0.133
0.000 0.000 0.001 0.001 0.001 0.002 0.003 0.004 0.005 0.007 0.008 0.010 0.012 0.013 0.013 0.014 0.014 0.014 0.014 0.013 0.013 0.013 0.014 0.015 0.015 0.016 0.017 0.017 0.018 0.018 0.018 0.019 0.019 0.019 0.020 0.020 0.021 0.021 0.021 0.021 0.021 0.022 0.023 0.025 0.026 0.026 0.027 0.028 0.029 0.030 0.031 0.034 0.037 0.041 0.045 0.049 0.056 0.066 0.071 0.072 0.070 0.063 0.054 0.048 0.043 0.041 0.040 0.040 0.042 0.045 0.051 0.061 0.077 0.102 0.138 0.182 0.225
0.000 0.000 0.000 0.000 0.001 0.001 0.002 0.002 0.003 0.004 0.006 0.007 0.008 0.009 0.010 0.010 0.010 0.010 0.011 0.011 0.011 0.011 0.012 0.012 0.013 0.014 0.014 0.015 0.016 0.017 0.017 0.017 0.018 0.018 0.019 0.019 0.020 0.020 0.020 0.021 0.021 0.022 0.023 0.024 0.025 0.026 0.027 0.028 0.029 0.030 0.033 0.036 0.040 0.044 0.047 0.051 0.057 0.065 0.070 0.071 0.069 0.062 0.054 0.047 0.043 0.041 0.041 0.042 0.045 0.050 0.059 0.076 0.110 0.170 0.251 0.329 0.386
0.000 0.000 0.000 0.000 0.000 0.000 0.001 0.001 0.002 0.003 0.004 0.005 0.006 0.006 0.007 0.007 0.008 0.008 0.008 0.008 0.009 0.009 0.010 0.010 0.011 0.012 0.012 0.013 0.014 0.015 0.016 0.016 0.017 0.017 0.018 0.018 0.019 0.019 0.020 0.020 0.021 0.022 0.023 0.024 0.025 0.026 0.028 0.029 0.031 0.034 0.038 0.043 0.047 0.051 0.053 0.055 0.059 0.066 0.071 0.072 0.069 0.062 0.054 0.048 0.045 0.043 0.044 0.045 0.049 0.058 0.075 0.109 0.180 0.298 0.418 0.495 0.532
0.000 0.000 0.000 0.000 0.000 0.000 0.000 0.000 0.001 0.001 0.002 0.003 0.004 0.004 0.005 0.005 0.005 0.006 0.006 0.006 0.007 0.007 0.008 0.008 0.009 0.010 0.011 0.012 0.013 0.014 0.015 0.015 0.016 0.017 0.017 0.018 0.019 0.019 0.020 0.020 0.021 0.022 0.023 0.024 0.025 0.027 0.029 0.032 0.035 0.041 0.048 0.056 0.060 0.063 0.063 0.063 0.064 0.069 0.073 0.074 0.071 0.064 0.055 0.050 0.047 0.047 0.048 0.051 0.058 0.073 0.103 0.164 0.271 0.412 0.521 0.577 0.593
0.000 0.000 0.000 0.000 0.000 0.000 0.000 0.000 0.000 0.001 0.001 0.001 0.002 0.002 0.003 0.003 0.004 0.004 0.004 0.005 0.005 0.006 0.006 0.007 0.008 0.009 0.009 0.010 0.012 0.013 0.014 0.015 0.016 0.016 0.017 0.018 0.018 0.019 0.020 0.020 0.021 0.022 0.023 0.024 0.026 0.028 0.032 0.037 0.045 0.056 0.069 0.077 0.080 0.078 0.072 0.069 0.069 0.072 0.076 0.076 0.073 0.066 0.058 0.054 0.052 0.053 0.055 0.061 0.074 0.098 0.141 0.215 0.329 0.456 0.544 0.585 0.590
0.000 0.000 0.000 0.000 0.000 0.000 0.000 0.000 0.000 0.000 0.000 0.001 0.001 0.001 0.002 0.002 0.002 0.003 0.003 0.003 0.004 0.004 0.005 0.006 0.006 0.007 0.008 0.009 0.010 0.012 0.013 0.014 0.015 0.016 0.017 0.018 0.018 0.019 0.019 0.020 0.021 0.022 0.023 0.025 0.027 0.030 0.036 0.047 0.064 0.083 0.095 0.099 0.096 0.086 0.076 0.071 0.071 0.073 0.076 0.077 0.074 0.069 0.063 0.061 0.061 0.063 0.068 0.078 0.096 0.124 0.169 0.241 0.347 0.451 0.512 0.530 0.515
0.000 0.000 0.000 0.000 0.000 0.000 0.000 0.000 0.000 0.000 0.000 0.000 0.000 0.000 0.001 0.001 0.001 0.001 0.002 0.002 0.003 0.003 0.004 0.004 0.005 0.006 0.007 0.008 0.009 0.011 0.012 0.014 0.015 0.016 0.017 0.018 0.018 0.019 0.019 0.020 0.020 0.021 0.023 0.025 0.028 0.033 0.044 0.064 0.091 0.108 0.114 0.112 0.103 0.088 0.076 0.071 0.070 0.072 0.076 0.076 0.074 0.070 0.068 0.069 0.071 0.077 0.084 0.095 0.112 0.137 0.179 0.245 0.331 0.391 0.409 0.390 0.342
0.000 0.000 0.000 0.000 0.000 0.000 0.000 0.000 0.000 0.000 0.000 0.000 0.000 0.000 0.000 0.000 0.000 0.001 0.001 0.001 0.002 0.002 0.003 0.003 0.004 0.005 0.006 0.007 0.008 0.010 0.012 0.013 0.015 0.017 0.018 0.018 0.019 0.019 0.019 0.020 0.020 0.021 0.023 0.025 0.029 0.037 0.054 0.083 0.110 0.121 0.122 0.116 0.103 0.086 0.074 0.069 0.068 0.069 0.072 0.073 0.072 0.070 0.070 0.072 0.078 0.085 0.093 0.103 0.117 0.139 0.176 0.225 0.261 0.269 0.251 0.216 0.171
0.000 0.000 0.000 0.000 0.000 0.000 0.000 0.000 0.000 0.000 0.000 0.000 0.000 0.000 0.000 0.000 0.000 0.000 0.000 0.001 0.001 0.001 0.002 0.002 0.003 0.004 0.005 0.006 0.007 0.009 0.011 0.013 0.015 0.017 0.018 0.019 0.019 0.019 0.019 0.019 0.020 0.021 0.023 0.026 0.031 0.042 0.064 0.095 0.117 0.125 0.123 0.116 0.100 0.082 0.069 0.064 0.062 0.063 0.066 0.067 0.068 0.068 0.070 0.073 0.079 0.087 0.094 0.103 0.114 0.130 0.150 0.163 0.160 0.150 0.133 0.109 0.085
0.000 0.000 0.000 0.000 0.000 0.000 0.000 0.000 0.000 0.000 0.000 0.000 0.000 0.000 0.000 0.000 0.000 0.000 0.000 0.000 0.000 0.001 0.001 0.001 0.002 0.003 0.004 0.005 0.006 0.008 0.010 0.012 0.015 0.017 0.019 0.020 0.020 0.020 0.020 0.020 0.020 0.021 0.023 0.027 0.034 0.047 0.071 0.100 0.117 0.122 0.120 0.110 0.094 0.075 0.063 0.056 0.054 0.054 0.055 0.057 0.059 0.061 0.065 0.069 0.076 0.082 0.088 0.094 0.099 0.102 0.100 0.096 0.090 0.083 0.072 0.060 0.050
0.000 0.000 0.000 0.000 0.000 0.000 0.000 0.000 0.000 0.000 0.000 0.000 0.000 0.000 0.000 0.000 0.000 0.000 0.000 0.000 0.000 0.000 0.000 0.001 0.001 0.002 0.003 0.004 0.005 0.007 0.009 0.011 0.014 0.016 0.018 0.020 0.020 0.021 0.020 0.020 0.021 0.022 0.024 0.028 0.037 0.051 0.074 0.097 0.109 0.110 0.107 0.097 0.082 0.066 0.054 0.047 0.044 0.043 0.043 0.044 0.046 0.049 0.054 0.059 0.065 0.069 0.072 0.072 0.070 0.066 0.063 0.059 0.056 0.052 0.046 0.040 0.036
0.000 0.000 0.000 0.000 0.000 0.000 0.000 0.000 0.000 0.000 0.000 0.000 0.000 0.000 0.000 0.000 0.000 0.000 0.000 0.000 0.000 0.000 0.000 0.000 0.001 0.001 0.002 0.003 0.004 0.006 0.008 0.010 0.013 0.015 0.017 0.019 0.021 0.021 0.022 0.022 0.022 0.023 0.026 0.031 0.039 0.053 0.073 0.086 0.090 0.088 0.083 0.074 0.063 0.051 0.043 0.037 0.034 0.034 0.034 0.034 0.035 0.038 0.041 0.045 0.048 0.049 0.049 0.048 0.047 0.045 0.043 0.042 0.041 0.038 0.035 0.032 0.031
0.000 0.000 0.000 0.000 0.000 0.000 0.000 0.000 0.000 0.000 0.000 0.000 0.000 0.000 0.000 0.000 0.000 0.000 0.000 0.000 0.000 0.000 0.000 0.000 0.000 0.001 0.001 0.002 0.003 0.005 0.006 0.008 0.011 0.013 0.016 0.018 0.020 0.021 0.022 0.023 0.024 0.025 0.028 0.032 0.039 0.052 0.063 0.067 0.065 0.061 0.056 0.050 0.044 0.037 0.032 0.029 0.028 0.028 0.028 0.028 0.029 0.031 0.033 0.034 0.035 0.035 0.035 0.035 0.034 0.034 0.034 0.034 0.033 0.032 0.031 0.030 0.029
0.000 0.000 0.000 0.000 0.000 0.000 0.000 0.000 0.000 0.000 0.000 0.000 0.000 0.000 0.000 0.000 0.000 0.000 0.000 0.000 0.000 0.000 0.000 0.000 0.000 0.000 0.001 0.001 0.002 0.003 0.005 0.007 0.009 0.011 0.014 0.017 0.019 0.021 0.023 0.024 0.025 0.026 0.028 0.032 0.038 0.046 0.048 0.048 0.046 0.042 0.038 0.035 0.032 0.028 0.026 0.025 0.024 0.024 0.024 0.025 0.026 0.027 0.028 0.028 0.028 0.028 0.028 0.028 0.028 0.028 0.029 0.029 0.030 0.030 0.030 0.029 0.029
0.000 0.000 0.000 0.000 0.000 0.000 0.000 0.000 0.000 0.000 0.000 0.000 0.000 0.000 0.000 0.000 0.000 0.000 0.000 0.000 0.000 0.000 0.000 0.000 0.000 0.000 0.000 0.001 0.001 0.002 0.004 0.005 0.007 0.009 0.012 0.015 0.018 0.021 0.022 0.024 0.025 0.026 0.028 0.031 0.035 0.037 0.036 0.035 0.034 0.031 0.029 0.027 0.025 0.023 0.022 0.022 0.022 0.022 0.022 0.023 0.024 0.024 0.024 0.024 0.024 0.024 0.024 0.024 0.024 0.025 0.026 0.027 0.029 0.029 0.030 0.030 0.031
0.000 0.000 0.000 0.000 0.000 0.000 0.000 0.000 0.000 0.000 0.000 0.000 0.000 0.000 0.000 0.000 0.000 0.000 0.000 0.000 0.000 0.000 0.000 0.000 0.000 0.000 0.000 0.000 0.001 0.001 0.002 0.004 0.005 0.007 0.010 0.013 0.016 0.020 0.022 0.024 0.025 0.026 0.027 0.029 0.029 0.029 0.029 0.028 0.026 0.025 0.023 0.022 0.021 0.020 0.020 0.020 0.020 0.021 0.022 0.022 0.023 0.023 0.023 0.022 0.022 0.022 0.022 0.022 0.022 0.023 0.025 0.027 0.028 0.030 0.031 0.033 0.035
0.000 0.000 0.000 0.000 0.000 0.000 0.000 0.000 0.000 0.000 0.000 0.000 0.000 0.000 0.000 0.000 0.000 0.000 0.000 0.000 0.000 0.000 0.000 0.000 0.000 0.000 0.000 0.000 0.000 0.001 0.001 0.003 0.004 0.006 0.008 0.011 0.014 0.018 0.021 0.023 0.024 0.024 0.025 0.024 0.024 0.023 0.023 0.022 0.022 0.021 0.019 0.019 0.018 0.018 0.018 0.019 0.020 0.021 0.022 0.022 0.022 0.022 0.022 0.022 0.021 0.021 0.021 0.021 0.021 0.022 0.024 0.027 0.029 0.032 0.036 0.040 0.044
0.000 0.000 0.000 0.000 0.000 0.000 0.000 0.000 0.000 0.000 0.000 0.000 0.000 0.000 0.000 0.000 0.000 0.000 0.000 0.000 0.000 0.000 0.000 0.000 0.000 0.000 0.000 0.000 0.000 0.000 0.001 0.002 0.003 0.004 0.006 0.009 0.012 0.016 0.019 0.020 0.021 0.021 0.020 0.020 0.019 0.019 0.019 0.019 0.018 0.018 0.017 0.016 0.016 0.017 0.017 0.018 0.019 0.021 0.022 0.022 0.022 0.022 0.022 0.021 0.021 0.021 0.021 0.021 0.021 0.022 0.024 0.028 0.032 0.038 0.047 0.056 0.063
0.000 0.000 0.000 0.000 0.000 0.000 0.000 0.000 0.000 0.000 0.000 0.000 0.000 0.000 0.000 0.000 0.000 0.000 0.000 0.000 0.000 0.000 0.000 0.000 0.000 0.000 0.000 0.000 0.000 0.000 0.000 0.001 0.002 0.003 0.004 0.007 0.009 0.013 0.015 0.016 0.017 0.016 0.016 0.015 0.015 0.015 0.015 0.015 0.015 0.015 0.015 0.015 0.015 0.015 0.016 0.017 0.019 0.021 0.022 0.022 0.022 0.022 0.022 0.021 0.021 0.021 0.021 0.021 0.021 0.023 0.026 0.031 0.039 0.052 0.073 0.093 0.105
0.000 0.000 0.000 0.000 0.000 0.000 0.000 0.000 0.000 0.000 0.000 0.000 0.000 0.000 0.000 0.000 0.000 0.000 0.000 0.000 0.000 0.000 0.000 0.000 0.000 0.000 0.000 0.000 0.000 0.000 0.000 0.000 0.001 0.002 0.003 0.005 0.007 0.009 0.011 0.011 0.012 0.012 0.012 0.012 0.012 0.012 0.012 0.012 0.012 0.012 0.013 0.013 0.013 0.014 0.015 0.016 0.018 0.020 0.022 0.022 0.022 0.022 0.022 0.022 0.021 0.021 0.021 0.021 0.022 0.025 0.030 0.040 0.058 0.090 0.140 0.178 0.198
0.000 0.000 0.000 0.000 0.000 0.000 0.000 0.000 0.000 0.000 0.000 0.000 0.000 0.000 0.000 0.000 0.000 0.000 0.000 0.000 0.000 0.000 0.000 0.000 0.000 0.000 0.000 0.000 0.000 0.000 0.000 0.000 0.000 0.001 0.002 0.003 0.005 0.006 0.007 0.008 0.008 0.008 0.008 0.008 0.009 0.009 0.009 0.009 0.010 0.010 0.011 0.011 0.012 0.013 0.014 0.016 0.018 0.020 0.021 0.022 0.022 0.022 0.022 0.022 0.021 0.021 0.021 0.022 0.025 0.030 0.040 0.061 0.102 0.179 0.289 0.366 0.402
0.000 0.000 0.000 0.000 0.000 0.000 0.000 0.000 0.000 0.000 0.000 0.000 0.000 0.000 0.000 0.000 0.000 0.000 0.000 0.000 0.000 0.000 0.000 0.000 0.000 0.000 0.000 0.000 0.000 0.000 0.000 0.000 0.000 0.000 0.001 0.002 0.003 0.004 0.005 0.005 0.005 0.005 0.006 0.006 0.006 0.006 0.006 0.007 0.007 0.008 0.009 0.010 0.010 0.012 0.013 0.015 0.017 0.019 0.021 0.022 0.022 0.022 0.022 0.021 0.021 0.021 0.022 0.024 0.027 0.035 0.052 0.085 0.151 0.277 0.461 0.593 0.648
0.000 0.000 0.000 0.000 0.000 0.000 0.000 0.000 0.000 0.000 0.000 0.000 0.000 0.000 0.000 0.000 0.000 0.000 0.000 0.000 0.000 0.000 0.000 0.000 0.000 0.000 0.000 0.000 0.000 0.000 0.000 0.000 0.000 0.000 0.000 0.001 0.001 0.002 0.003 0.003 0.003 0.003 0.003 0.003 0.004 0.004 0.004 0.005 0.005 0.006 0.007 0.008 0.009 0.010 0.012 0.013 0.015 0.017 0.019 0.020 0.021 0.021 0.021 0.021 0.021 0.021 0.022 0.024 0.029 0.038 0.056 0.094 0.170 0.315 0.533 0.693 0.756
0.000 0.000 0.000 0.000 0.000 0.000 0.000 0.000 0.000 0.000 0.000 0.000 0.000 0.000 0.000 0.000 0.000 0.000 0.000 0.000 0.000 0.000 0.000 0.000 0.000 0.000 0.000 0.000 0.000 0.000 0.000 0.000 0.000 0.000 0.000 0.000 0.001 0.001 0.001 0.001 0.001 0.002 0.002 0.002 0.002 0.002 0.003 0.003 0.004 0.004 0.005 0.006 0.007 0.008 0.010 0.011 0.013 0.015 0.016 0.018 0.018 0.019 0.019 0.019 0.019 0.020 0.021 0.024 0.028 0.037 0.056 0.093 0.166 0.306 0.521 0.676 0.738
0.000 0.000 0.000 0.000 0.000 0.000 0.000 0.000 0.000 0.000 0.000 0.000 0.000 0.000 0.000 0.000 0.000 0.000 0.000 0.000 0.000 0.000 0.000 0.000 0.000 0.000 0.000 0.000 0.000 0.000 0.000 0.000 0.000 0.000 0.000 0.000 0.000 0.000 0.000 0.000 0.000 0.000 0.001 0.001 0.001 0.001 0.001 0.002 0.002 0.003 0.003 0.004 0.005 0.006 0.007 0.009 0.010 0.012 0.013 0.014 0.015 0.015 0.016 0.016 0.017 0.018 0.020 0.022 0.026 0.033 0.048 0.076 0.131 0.239 0.403 0.517 0.562
0.000 0.000 0.000 0.000 0.000 0.000 0.000 0.000 0.000 0.000 0.000 0.000 0.000 0.000 0.000 0.000 0.000 0.000 0.000 0.000 0.000 0.000 0.000 0.000 0.000 0.000 0.000 0.000 0.000 0.000 0.000 0.000 0.000 0.000 0.000 0.000 0.000 0.000 0.000 0.000 0.000 0.000 0.000 0.000 0.000 0.000 0.000 0.001 0.001 0.002 0.002 0.003 0.003 0.004 0.005 0.006 0.008 0.009 0.009 0.010 0.011 0.011 0.012 0.013 0.014 0.015 0.016 0.018 0.020 0.024 0.031 0.044 0.070 0.120 0.197 0.245 0.260
0.000 0.000 0.000 0.000 0.000 0.000 0.000 0.000 0.000 0.000 0.000 0.000 0.000 0.000 0.000 0.000 0.000 0.000 0.000 0.000 0.000 0.000 0.000 0.000 0.000 0.000 0.000 0.000 0.000 0.000 0.000 0.000 0.000 0.000 0.000 0.000 0.000 0.000 0.000 0.000 0.000 0.000 0.000 0.000 0.000 0.000 0.000 0.000 0.000 0.001 0.001 0.001 0.002 0.003 0.003 0.004 0.005 0.006 0.007 0.007 0.008 0.008 0.009 0.009 0.010 0.011 0.012 0.013 0.014 0.016 0.019 0.025 0.035 0.054 0.081 0.095 0.098
0.000 0.000 0.000 0.000 0.000 0.000 0.000 0.000 0.000 0.000 0.000 0.000 0.000 0.000 0.000 0.000 0.000 0.000 0.000 0.000 0.000 0.000 0.000 0.000 0.000 0.000 0.000 0.000 0.000 0.000 0.000 0.000 0.000 0.000 0.000 0.000 0.000 0.000 0.000 0.000 0.000 0.000 0.000 0.000 0.000 0.000 0.000 0.000 0.000 0.000 0.000 0.001 0.001 0.001 0.002 0.003 0.003 0.004 0.005 0.005 0.006 0.006 0.006 0.007 0.007 0.008 0.008 0.009 0.010 0.011 0.013 0.016 0.021 0.029 0.038 0.042 0.042
0.000 0.000 0.000 0.000 0.000 0.000 0.000 0.000 0.000 0.000 0.000 0.000 0.000 0.000 0.000 0.000 0.000 0.000 0.000 0.000 0.000 0.000 0.000 0.000 0.000 0.000 0.000 0.000 0.000 0.000 0.000 0.000 0.000 0.000 0.000 0.000 0.000 0.000 0.000 0.000 0.000 0.000 0.000 0.000 0.000 0.000 0.000 0.000 0.000 0.000 0.000 0.000 0.000 0.001 0.001 0.001 0.002 0.002 0.003 0.003 0.004 0.004 0.004 0.005 0.005 0.006 0.006 0.007 0.007 0.008 0.009 0.011 0.013 0.017 0.021 0.022 0.022
0.000 0.000 0.000 0.000 0.000 0.000 0.000 0.000 0.000 0.000 0.000 0.000 0.000 0.000 0.000 0.000 0.000 0.000 0.000 0.000 0.000 0.000 0.000 0.000 0.000 0.000 0.000 0.000 0.000 0.000 0.000 0.000 0.000 0.000 0.000 0.000 0.000 0.000 0.000 0.000 0.000 0.000 0.000 0.000 0.000 0.000 0.000 0.000 0.000 0.000 0.000 0.000 0.000 0.000 0.000 0.000 0.001 0.001 0.002 0.002 0.002 0.003 0.003 0.003 0.003 0.004 0.004 0.004 0.005 0.006 0.006 0.008 0.009 0.011 0.013 0.014 0.014
0.000 0.000 0.000 0.000 0.000 0.000 0.000 0.000 0.000 0.000 0.000 0.000 0.000 0.000 0.000 0.000 0.000 0.000 0.000 0.000 0.000 0.000 0.000 0.000 0.000 0.000 0.000 0.000 0.000 0.000 0.000 0.000 0.000 0.000 0.000 0.000 0.000 0.000 0.000 0.000 0.000 0.000 0.000 0.000 0.000 0.000 0.000 0.000 0.000 0.000 0.000 0.000 0.000 0.000 0.000 0.000 0.000 0.000 0.001 0.001 0.001 0.001 0.002 0.002 0.002 0.002 0.002 0.003 0.003 0.004 0.004 0.005 0.006 0.007 0.008 0.009 0.009
0.000 0.000 0.000 0.000 0.000 0.000 0.000 0.000 0.000 0.000 0.000 0.000 0.000 0.000 0.000 0.000 0.000 0.000 0.000 0.000 0.000 0.000 0.000 0.000 0.000 0.000 0.000 0.000 0.000 0.000 0.000 0.000 0.000 0.000 0.000 0.000 0.000 0.000 0.000 0.000 0.000 0.000 0.000 0.000 0.000 0.000 0.000 0.000 0.000 0.000 0.000 0.000 0.000 0.000 0.000 0.000 0.000 0.000 0.000 0.000 0.001 0.001 0.001 0.001 0.001 0.001 0.001 0.002 0.002 0.002 0.003 0.003 0.004 0.005 0.005 0.005 0.005
0.000 0.000 0.000 0.000 0.000 0.000 0.000 0.000 0.000 0.000 0.000 0.000 0.000 0.000 0.000 0.000 0.000 0.000 0.000 0.000 0.000 0.000 0.000 0.000 0.000 0.000 0.000 0.000 0.000 0.000 0.000 0.000 0.000 0.000 0.000 0.000 0.000 0.000 0.000 0.000 0.000 0.000 0.000 0.000 0.000 0.000 0.000 0.000 0.000 0.000 0.000 0.000 0.000 0.000 0.000 0.000 0.000 0.000 0.000 0.000 0.000 0.000 0.000 0.000 0.000 0.000 0.001 0.001 0.001 0.001 0.001 0.002 0.002 0.003 0.003 0.003 0.003
