RESULTS/r.avaflow_results/14_results/14_ascii/14_hflow0052.asc
ncols 506
nrows 317
xllcenter 498237.50
yllcenter 5580050.00
cellsize 12.50
NODATA_value -9999.000
[rows 136 to 169 of 317, columns 152 to 227 of 506]
0.001 0.002 0.003 0.003 0.003 0.003 0.003 0.003 0.003 0.003 0.003 0.003 0.003 0.003 0.003 0.003 0.003 0.003 0.003 0.003 0.003 0.003 0.003 0.003 0.003 0.002 0.002 0.002 0.002 0.001 0.001 0.001 0.001 0.000 0.000 0.000 0.000 0.000 0.000 0.000 0.000 0.000 0.000 0.000 0.000 0.000 0.000 0.000 0.000 0.000 0.000 0.000 0.000 0.000 0.000 0.000 0.000 0.000 0.000 0.000 0.000 0.000 0.000 0.000 0.000 0.000 0.000 0.000 0.000 0.000 0.000 0.000 0.000 0.000 0.000 0.000
0.002 0.003 0.004 0.005 0.006 0.006 0.006 0.006 0.006 0.006 0.006 0.005 0.005 0.005 0.006 0.006 0.006 0.006 0.006 0.006 0.006 0.005 0.005 0.005 0.004 0.004 0.004 0.003 0.003 0.003 0.002 0.002 0.001 0.001 0.001 0.000 0.000 0.000 0.000 0.000 0.000 0.000 0.000 0.000 0.000 0.000 0.000 0.000 0.000 0.000 0.000 0.000 0.000 0.000 0.000 0.000 0.000 0.000 0.000 0.000 0.000 0.000 0.000 0.000 0.000 0.000 0.000 0.000 0.000 0.000 0.000 0.000 0.000 0.000 0.000 0.000
0.004 0.005 0.007 0.008 0.009 0.009 0.009 0.009 0.009 0.009 0.008 0.008 0.008 0.008 0.009 0.009 0.009 0.009 0.009 0.009 0.008 0.008 0.008 0.007 0.007 0.006 0.006 0.005 0.005 0.004 0.004 0.003 0.002 0.002 0.001 0.001 0.001 0.000 0.000 0.000 0.000 0.000 0.000 0.000 0.000 0.000 0.000 0.000 0.000 0.000 0.000 0.000 0.000 0.000 0.000 0.000 0.000 0.000 0.000 0.000 0.000 0.000 0.000 0.000 0.000 0.000 0.000 0.000 0.000 0.000 0.000 0.000 0.000 0.000 0.000 0.000
0.005 0.007 0.009 0.011 0.012 0.013 0.013 0.013 0.013 0.012 0.012 0.012 0.012 0.012 0.013 0.013 0.013 0.013 0.013 0.013 0.012 0.012 0.011 0.010 0.009 0.009 0.008 0.007 0.007 0.006 0.005 0.005 0.004 0.003 0.002 0.001 0.001 0.001 0.000 0.000 0.000 0.000 0.000 0.000 0.000 0.000 0.000 0.000 0.000 0.000 0.000 0.000 0.000 0.000 0.000 0.000 0.000 0.000 0.000 0.000 0.000 0.000 0.000 0.000 0.000 0.000 0.000 0.000 0.000 0.000 0.000 0.000 0.000 0.000 0.000 0.000
0.007 0.009 0.011 0.013 0.014 0.015 0.016 0.016 0.016 0.016 0.016 0.016 0.016 0.017 0.019 0.019 0.019 0.019 0.019 0.018 0.018 0.017 0.016 0.014 0.013 0.012 0.011 0.010 0.009 0.009 0.008 0.007 0.005 0.004 0.003 0.002 0.002 0.001 0.001 0.001 0.000 0.000 0.000 0.000 0.000 0.000 0.000 0.000 0.000 0.000 0.000 0.000 0.000 0.000 0.000 0.000 0.000 0.000 0.000 0.000 0.000 0.000 0.000 0.000 0.000 0.000 0.000 0.000 0.000 0.000 0.000 0.000 0.000 0.000 0.000 0.000
0.009 0.011 0.012 0.014 0.015 0.016 0.017 0.017 0.018 0.018 0.019 0.020 0.022 0.025 0.028 0.030 0.030 0.029 0.029 0.028 0.027 0.026 0.023 0.020 0.018 0.016 0.015 0.014 0.013 0.012 0.010 0.009 0.007 0.006 0.004 0.003 0.003 0.002 0.001 0.001 0.001 0.000 0.000 0.000 0.000 0.000 0.000 0.000 0.000 0.000 0.000 0.000 0.000 0.000 0.000 0.000 0.000 0.000 0.000 0.000 0.000 0.000 0.000 0.000 0.000 0.000 0.000 0.000 0.000 0.000 0.000 0.000 0.000 0.000 0.000 0.000
0.010 0.012 0.013 0.014 0.015 0.016 0.017 0.018 0.019 0.019 0.020 0.022 0.025 0.030 0.038 0.044 0.046 0.047 0.047 0.046 0.044 0.041 0.036 0.031 0.026 0.023 0.020 0.019 0.017 0.015 0.013 0.011 0.009 0.007 0.006 0.005 0.004 0.003 0.002 0.002 0.001 0.001 0.001 0.000 0.000 0.000 0.000 0.000 0.000 0.000 0.000 0.000 0.000 0.000 0.000 0.000 0.000 0.000 0.000 0.000 0.000 0.000 0.000 0.000 0.000 0.000 0.000 0.000 0.000 0.000 0.000 0.000 0.000 0.000 0.000 0.000
0.011 0.012 0.014 0.015 0.016 0.016 0.017 0.018 0.019 0.019 0.020 0.022 0.026 0.032 0.042 0.052 0.060 0.063 0.064 0.064 0.062 0.057 0.051 0.044 0.038 0.032 0.027 0.024 0.021 0.018 0.015 0.013 0.011 0.009 0.007 0.006 0.005 0.004 0.003 0.002 0.002 0.001 0.001 0.001 0.000 0.000 0.000 0.000 0.000 0.000 0.000 0.000 0.000 0.000 0.000 0.000 0.000 0.000 0.000 0.000 0.000 0.000 0.000 0.000 0.000 0.000 0.000 0.000 0.000 0.000 0.000 0.000 0.000 0.000 0.000 0.000
0.011 0.013 0.014 0.014 0.015 0.016 0.016 0.017 0.018 0.019 0.020 0.022 0.026 0.032 0.042 0.054 0.064 0.069 0.071 0.070 0.068 0.064 0.059 0.052 0.045 0.038 0.031 0.026 0.023 0.019 0.017 0.014 0.012 0.010 0.009 0.007 0.006 0.005 0.004 0.003 0.003 0.002 0.002 0.001 0.001 0.001 0.000 0.000 0.000 0.000 0.000 0.000 0.000 0.000 0.000 0.000 0.000 0.000 0.000 0.000 0.000 0.000 0.000 0.000 0.000 0.000 0.000 0.000 0.000 0.000 0.000 0.000 0.000 0.000 0.000 0.000
0.012 0.013 0.013 0.014 0.014 0.015 0.015 0.016 0.016 0.017 0.019 0.021 0.024 0.030 0.038 0.050 0.061 0.068 0.070 0.069 0.067 0.064 0.059 0.054 0.048 0.040 0.033 0.028 0.023 0.020 0.017 0.015 0.013 0.011 0.010 0.009 0.007 0.006 0.005 0.005 0.004 0.003 0.002 0.002 0.002 0.001 0.001 0.001 0.000 0.000 0.000 0.000 0.000 0.000 0.000 0.000 0.000 0.000 0.000 0.000 0.000 0.000 0.000 0.000 0.000 0.000 0.000 0.000 0.000 0.000 0.000 0.000 0.000 0.000 0.000 0.000
0.012 0.013 0.013 0.013 0.013 0.013 0.014 0.014 0.014 0.015 0.017 0.018 0.021 0.024 0.030 0.039 0.050 0.057 0.060 0.060 0.059 0.058 0.056 0.052 0.047 0.041 0.033 0.028 0.024 0.021 0.018 0.016 0.014 0.013 0.011 0.010 0.009 0.008 0.007 0.006 0.005 0.004 0.003 0.003 0.002 0.002 0.002 0.001 0.001 0.001 0.001 0.000 0.000 0.000 0.000 0.000 0.000 0.000 0.000 0.000 0.000 0.000 0.000 0.000 0.000 0.000 0.000 0.000 0.000 0.000 0.000 0.000 0.000 0.000 0.000 0.000
0.013 0.013 0.013 0.013 0.013 0.013 0.013 0.013 0.013 0.014 0.015 0.016 0.017 0.019 0.022 0.027 0.034 0.039 0.041 0.042 0.043 0.044 0.045 0.045 0.043 0.039 0.033 0.028 0.024 0.021 0.019 0.017 0.015 0.014 0.012 0.011 0.010 0.009 0.008 0.007 0.006 0.005 0.005 0.004 0.003 0.003 0.003 0.002 0.002 0.002 0.001 0.001 0.001 0.001 0.001 0.000 0.000 0.000 0.000 0.000 0.000 0.000 0.000 0.000 0.000 0.000 0.000 0.000 0.000 0.000 0.000 0.000 0.000 0.000 0.000 0.000
0.014 0.014 0.013 0.013 0.013 0.013 0.013 0.013 0.013 0.013 0.013 0.014 0.015 0.016 0.018 0.021 0.024 0.027 0.029 0.030 0.031 0.032 0.034 0.035 0.035 0.034 0.031 0.027 0.024 0.022 0.020 0.018 0.016 0.015 0.014 0.013 0.012 0.011 0.010 0.009 0.008 0.007 0.006 0.005 0.005 0.004 0.004 0.003 0.003 0.003 0.002 0.002 0.002 0.002 0.001 0.001 0.001 0.001 0.001 0.001 0.000 0.000 0.000 0.000 0.000 0.000 0.000 0.000 0.000 0.000 0.000 0.000 0.000 0.000 0.000 0.000
0.016 0.015 0.014 0.013 0.013 0.013 0.013 0.013 0.013 0.013 0.013 0.014 0.014 0.015 0.016 0.018 0.019 0.021 0.022 0.023 0.024 0.025 0.027 0.028 0.028 0.028 0.028 0.026 0.024 0.022 0.020 0.019 0.017 0.016 0.015 0.014 0.013 0.012 0.012 0.011 0.010 0.009 0.008 0.007 0.006 0.006 0.005 0.005 0.004 0.004 0.004 0.003 0.003 0.003 0.003 0.002 0.002 0.002 0.001 0.001 0.001 0.001 0.001 0.001 0.001 0.000 0.000 0.000 0.000 0.000 0.000 0.000 0.000 0.000 0.000 0.000
0.026 0.020 0.017 0.015 0.014 0.013 0.013 0.013 0.013 0.013 0.013 0.013 0.014 0.014 0.015 0.016 0.017 0.018 0.019 0.020 0.021 0.022 0.023 0.024 0.024 0.025 0.025 0.025 0.024 0.022 0.021 0.020 0.019 0.018 0.017 0.016 0.015 0.015 0.014 0.013 0.011 0.010 0.009 0.009 0.008 0.007 0.007 0.006 0.006 0.006 0.005 0.005 0.005 0.004 0.004 0.004 0.003 0.003 0.003 0.002 0.002 0.002 0.002 0.001 0.001 0.001 0.001 0.001 0.001 0.001 0.001 0.001 0.001 0.001 0.001 0.001
0.067 0.043 0.029 0.022 0.018 0.016 0.015 0.014 0.014 0.013 0.013 0.013 0.014 0.014 0.015 0.016 0.016 0.017 0.017 0.018 0.019 0.020 0.020 0.021 0.022 0.023 0.023 0.023 0.023 0.023 0.022 0.021 0.020 0.020 0.019 0.018 0.018 0.017 0.016 0.015 0.014 0.013 0.011 0.011 0.010 0.009 0.009 0.008 0.008 0.008 0.007 0.007 0.007 0.006 0.006 0.005 0.005 0.004 0.004 0.004 0.003 0.003 0.003 0.003 0.003 0.002 0.002 0.002 0.002 0.002 0.002 0.002 0.002 0.002 0.002 0.001
0.243 0.146 0.086 0.053 0.036 0.026 0.021 0.018 0.016 0.015 0.014 0.014 0.014 0.015 0.015 0.016 0.016 0.017 0.017 0.018 0.018 0.019 0.019 0.020 0.021 0.021 0.022 0.023 0.023 0.023 0.023 0.022 0.022 0.022 0.021 0.021 0.021 0.020 0.019 0.017 0.016 0.015 0.014 0.013 0.012 0.011 0.011 0.010 0.010 0.010 0.010 0.010 0.009 0.009 0.008 0.008 0.007 0.006 0.006 0.005 0.005 0.005 0.004 0.004 0.004 0.004 0.004 0.004 0.004 0.004 0.004 0.004 0.004 0.003 0.003 0.002
0.920 0.575 0.341 0.195 0.114 0.069 0.045 0.032 0.024 0.020 0.018 0.017 0.016 0.016 0.016 0.016 0.017 0.017 0.017 0.018 0.018 0.019 0.019 0.020 0.020 0.021 0.022 0.023 0.023 0.023 0.023 0.023 0.024 0.024 0.024 0.023 0.023 0.022 0.021 0.020 0.019 0.018 0.017 0.016 0.015 0.014 0.014 0.013 0.013 0.013 0.013 0.013 0.013 0.012 0.011 0.011 0.010 0.009 0.008 0.008 0.007 0.007 0.006 0.006 0.006 0.006 0.006 0.006 0.007 0.007 0.006 0.006 0.006 0.005 0.004 0.004
2.615 1.864 1.258 0.787 0.456 0.255 0.144 0.086 0.055 0.038 0.029 0.024 0.021 0.020 0.019 0.019 0.019 0.018 0.018 0.018 0.019 0.019 0.019 0.020 0.021 0.021 0.022 0.023 0.024 0.024 0.025 0.025 0.026 0.026 0.026 0.025 0.025 0.024 0.023 0.023 0.022 0.021 0.020 0.019 0.018 0.018 0.017 0.017 0.018 0.018 0.018 0.018 0.017 0.017 0.016 0.014 0.013 0.012 0.011 0.010 0.010 0.009 0.009 0.009 0.009 0.009 0.009 0.009 0.010 0.010 0.010 0.009 0.009 0.007 0.006 0.005
5.366 4.267 3.256 2.335 1.535 0.928 0.529 0.294 0.168 0.102 0.067 0.048 0.038 0.032 0.028 0.025 0.024 0.023 0.022 0.021 0.020 0.020 0.020 0.021 0.022 0.022 0.023 0.024 0.025 0.026 0.027 0.028 0.028 0.028 0.028 0.027 0.026 0.026 0.026 0.025 0.025 0.025 0.024 0.023 0.023 0.022 0.023 0.023 0.024 0.024 0.025 0.025 0.024 0.023 0.022 0.020 0.018 0.017 0.015 0.014 0.013 0.013 0.012 0.012 0.012 0.012 0.012 0.013 0.014 0.015 0.014 0.014 0.012 0.010 0.008 0.007
8.402 7.222 6.053 4.850 3.612 2.483 1.578 0.949 0.553 0.327 0.203 0.134 0.095 0.071 0.056 0.046 0.039 0.034 0.030 0.027 0.025 0.024 0.024 0.024 0.025 0.025 0.026 0.027 0.028 0.029 0.030 0.031 0.031 0.031 0.031 0.030 0.028 0.028 0.028 0.029 0.029 0.029 0.029 0.029 0.029 0.029 0.030 0.031 0.033 0.034 0.035 0.035 0.034 0.033 0.031 0.028 0.026 0.024 0.022 0.020 0.019 0.018 0.017 0.017 0.017 0.017 0.017 0.020 0.023 0.024 0.023 0.021 0.017 0.014 0.011 0.009
11.359 10.097 8.777 7.472 6.172 4.830 3.492 2.339 1.527 0.994 0.654 0.440 0.304 0.213 0.152 0.112 0.084 0.066 0.053 0.044 0.038 0.034 0.033 0.032 0.032 0.032 0.032 0.032 0.033 0.034 0.035 0.036 0.036 0.036 0.035 0.033 0.032 0.031 0.032 0.033 0.034 0.035 0.035 0.036 0.036 0.037 0.039 0.041 0.045 0.048 0.050 0.049 0.048 0.046 0.044 0.042 0.039 0.036 0.033 0.031 0.029 0.027 0.025 0.024 0.024 0.024 0.026 0.033 0.041 0.044 0.043 0.037 0.026 0.019 0.015 0.012
14.306 12.932 11.396 9.925 8.556 7.218 5.868 4.490 3.282 2.391 1.753 1.292 0.948 0.681 0.474 0.326 0.227 0.162 0.119 0.091 0.074 0.063 0.057 0.054 0.051 0.048 0.045 0.044 0.043 0.044 0.045 0.045 0.045 0.044 0.041 0.039 0.038 0.037 0.038 0.039 0.041 0.042 0.043 0.045 0.046 0.048 0.050 0.053 0.060 0.066 0.069 0.069 0.068 0.066 0.064 0.063 0.060 0.057 0.053 0.050 0.047 0.044 0.041 0.039 0.038 0.038 0.044 0.063 0.088 0.097 0.094 0.077 0.045 0.027 0.019 0.015
17.311 15.763 13.986 12.301 10.792 9.381 8.057 6.793 5.588 4.524 3.624 2.892 2.283 1.751 1.287 0.912 0.631 0.435 0.305 0.222 0.171 0.141 0.122 0.109 0.098 0.087 0.078 0.071 0.067 0.065 0.064 0.062 0.060 0.057 0.053 0.050 0.049 0.048 0.048 0.049 0.050 0.053 0.055 0.058 0.060 0.062 0.064 0.069 0.077 0.086 0.091 0.093 0.093 0.094 0.095 0.097 0.097 0.095 0.091 0.087 0.082 0.077 0.071 0.067 0.066 0.068 0.084 0.138 0.210 0.238 0.232 0.183 0.095 0.046 0.027 0.020
20.430 18.643 16.575 14.659 12.967 11.443 10.093 8.875 7.762 6.735 5.801 4.966 4.189 3.426 2.684 2.032 1.494 1.078 0.775 0.568 0.435 0.353 0.298 0.253 0.216 0.184 0.159 0.139 0.124 0.111 0.102 0.094 0.086 0.079 0.073 0.069 0.068 0.067 0.066 0.066 0.067 0.071 0.075 0.078 0.080 0.082 0.085 0.090 0.099 0.109 0.117 0.123 0.129 0.138 0.148 0.156 0.162 0.163 0.162 0.157 0.149 0.140 0.132 0.128 0.128 0.138 0.188 0.338 0.528 0.605 0.591 0.467 0.236 0.096 0.045 0.027
23.711 21.588 19.182 17.020 15.130 13.482 12.064 10.813 9.698 8.671 7.719 6.811 5.950 5.147 4.374 3.616 2.872 2.207 1.698 1.322 1.053 0.865 0.721 0.599 0.499 0.423 0.360 0.304 0.255 0.213 0.179 0.152 0.131 0.116 0.106 0.100 0.098 0.096 0.096 0.097 0.100 0.106 0.110 0.112 0.113 0.114 0.116 0.121 0.129 0.140 0.153 0.169 0.190 0.218 0.245 0.267 0.285 0.294 0.296 0.290 0.277 0.265 0.260 0.259 0.267 0.308 0.452 0.818 1.240 1.408 1.380 1.120 0.615 0.241 0.091 0.043
26.822 24.323 21.710 19.359 17.296 15.527 14.015 12.693 11.528 10.453 9.434 8.429 7.480 6.661 5.931 5.245 4.532 3.784 3.115 2.571 2.140 1.795 1.502 1.247 1.044 0.890 0.761 0.640 0.525 0.419 0.328 0.258 0.209 0.178 0.159 0.149 0.144 0.143 0.146 0.154 0.162 0.168 0.170 0.169 0.167 0.166 0.167 0.170 0.176 0.188 0.210 0.246 0.300 0.367 0.425 0.472 0.507 0.526 0.531 0.521 0.505 0.495 0.494 0.503 0.534 0.626 0.883 1.440 2.061 2.340 2.348 2.055 1.330 0.575 0.208 0.079
29.287 26.604 24.033 21.613 19.458 17.579 15.950 14.543 13.295 12.150 11.055 9.979 8.962 8.115 7.391 6.725 6.083 5.444 4.808 4.196 3.624 3.108 2.644 2.229 1.885 1.615 1.387 1.173 0.965 0.762 0.578 0.433 0.336 0.276 0.243 0.228 0.223 0.224 0.235 0.254 0.267 0.271 0.271 0.266 0.258 0.250 0.247 0.246 0.251 0.267 0.305 0.378 0.494 0.629 0.736 0.811 0.850 0.852 0.819 0.784 0.764 0.754 0.753 0.760 0.792 0.888 1.157 1.733 2.409 2.759 2.821 2.625 1.999 1.067 0.429 0.154
31.212 28.513 26.048 23.681 21.543 19.590 17.861 16.352 15.020 13.809 12.650 11.532 10.477 9.570 8.823 8.154 7.538 6.946 6.353 5.758 5.172 4.601 4.049 3.518 3.022 2.586 2.218 1.886 1.566 1.244 0.938 0.692 0.524 0.425 0.378 0.364 0.366 0.378 0.399 0.424 0.437 0.439 0.436 0.425 0.402 0.379 0.366 0.363 0.369 0.398 0.466 0.600 0.815 0.999 1.102 1.140 1.127 1.062 0.976 0.925 0.904 0.897 0.892 0.893 0.914 0.992 1.228 1.755 2.419 2.795 2.893 2.793 2.342 1.492 0.700 0.275
32.907 30.091 27.684 25.473 23.411 21.449 19.691 18.115 16.716 15.467 14.282 13.139 12.076 11.101 10.294 9.600 8.967 8.357 7.746 7.151 6.580 6.037 5.514 4.979 4.397 3.789 3.244 2.762 2.310 1.854 1.411 1.052 0.803 0.663 0.613 0.609 0.628 0.663 0.690 0.708 0.715 0.714 0.703 0.674 0.621 0.571 0.547 0.543 0.558 0.615 0.731 0.907 1.116 1.246 1.293 1.286 1.224 1.107 1.003 0.948 0.930 0.925 0.921 0.919 0.933 0.998 1.190 1.612 2.206 2.625 2.789 2.752 2.434 1.765 0.949 0.421
34.324 31.445 29.020 26.931 25.018 23.148 21.431 19.827 18.395 17.121 15.958 14.847 13.818 12.811 11.918 11.124 10.400 9.693 9.028 8.427 7.872 7.353 6.831 6.262 5.622 4.950 4.343 3.773 3.203 2.610 2.026 1.559 1.239 1.070 1.022 1.028 1.060 1.107 1.150 1.169 1.170 1.159 1.122 1.047 0.948 0.866 0.827 0.824 0.864 0.951 1.042 1.134 1.238 1.306 1.322 1.296 1.205 1.059 0.947 0.887 0.867 0.864 0.863 0.866 0.882 0.930 1.049 1.301 1.733 2.207 2.472 2.514 2.347 1.882 1.167 0.577
35.658 32.939 30.442 28.324 26.489 24.722 23.081 21.523 20.081 18.788 17.654 16.593 15.597 14.586 13.618 12.702 11.837 10.994 10.242 9.613 9.051 8.519 7.956 7.311 6.574 5.840 5.219 4.658 4.102 3.499 2.842 2.288 1.916 1.723 1.666 1.664 1.680 1.721 1.801 1.849 1.851 1.811 1.710 1.563 1.425 1.323 1.262 1.237 1.232 1.225 1.209 1.208 1.238 1.267 1.258 1.196 1.063 0.897 0.778 0.709 0.682 0.677 0.681 0.696 0.720 0.754 0.801 0.896 1.121 1.549 1.955 2.113 2.093 1.858 1.348 0.745
37.037 34.636 32.185 29.997 28.167 26.412 24.753 23.188 21.720 20.480 19.375 18.373 17.418 16.390 15.339 14.311 13.314 12.358 11.490 10.778 10.145 9.540 8.895 8.154 7.318 6.491 5.820 5.278 4.784 4.282 3.741 3.241 2.872 2.657 2.559 2.509 2.480 2.500 2.585 2.628 2.595 2.467 2.258 2.070 1.934 1.822 1.714 1.595 1.456 1.324 1.233 1.178 1.140 1.097 1.028 0.910 0.747 0.597 0.497 0.442 0.423 0.423 0.432 0.449 0.472 0.498 0.526 0.573 0.688 0.956 1.382 1.691 1.786 1.728 1.447 0.931
38.506 36.443 34.265 32.258 30.425 28.578 26.838 25.159 23.600 22.318 21.225 20.325 19.396 18.353 17.247 16.104 15.008 13.969 12.979 12.089 11.281 10.529 9.765 8.911 7.969 7.040 6.268 5.670 5.202 4.798 4.408 4.052 3.773 3.578 3.441 3.328 3.237 3.195 3.198 3.178 3.085 2.872 2.587 2.384 2.245 2.109 1.954 1.757 1.515 1.305 1.146 1.004 0.861 0.722 0.596 0.484 0.389 0.322 0.281 0.263 0.261 0.267 0.276 0.286 0.296 0.310 0.328 0.358 0.424 0.583 0.922 1.326 1.529 1.562 1.454 1.120
