RESULTS/r.avaflow_results/14_results/14_ascii/14_hflow30045.asc
ncols 506
nrows 317
xllcenter 498237.50
yllcenter 5580050.00
cellsize 12.50
NODATA_value -9999.000
[rows 204 to 237 of 317, columns 231 to 307 of 506]
0.000 0.001 0.001 0.002 0.003 0.004 0.005 0.006 0.007 0.009 0.010 0.013 0.016 0.017 0.018 0.019 0.019 0.018 0.017 0.016 0.016 0.016 0.016 0.017 0.018 0.018 0.018 0.019 0.019 0.019 0.019 0.019 0.020 0.020 0.020 0.021 0.021 0.022 0.022 0.022 0.022 0.023 0.024 0.025 0.026 0.027 0.028 0.028 0.029 0.029 0.031 0.033 0.036 0.039 0.043 0.048 0.057 0.067 0.073 0.074 0.072 0.065 0.055 0.048 0.042 0.039 0.038 0.038 0.039 0.042 0.046 0.053 0.062 0.073 0.087 0.106 0.129
0.000 0.000 0.000 0.001 0.001 0.002 0.003 0.004 0.005 0.006 0.008 0.009 0.011 0.012 0.013 0.013 0.013 0.013 0.013 0.013 0.013 0.013 0.013 0.014 0.015 0.015 0.016 0.016 0.017 0.017 0.017 0.018 0.018 0.018 0.019 0.019 0.020 0.020 0.020 0.020 0.021 0.021 0.022 0.024 0.025 0.026 0.026 0.027 0.028 0.029 0.030 0.033 0.036 0.040 0.043 0.048 0.055 0.064 0.069 0.071 0.068 0.062 0.053 0.046 0.042 0.039 0.039 0.039 0.041 0.044 0.050 0.059 0.074 0.099 0.135 0.177 0.220
0.000 0.000 0.000 0.000 0.001 0.001 0.002 0.002 0.003 0.004 0.005 0.007 0.008 0.008 0.009 0.009 0.010 0.010 0.010 0.010 0.010 0.010 0.011 0.011 0.012 0.013 0.014 0.014 0.015 0.016 0.016 0.017 0.017 0.017 0.018 0.018 0.019 0.019 0.019 0.020 0.020 0.021 0.022 0.023 0.024 0.025 0.026 0.027 0.028 0.029 0.032 0.035 0.039 0.043 0.046 0.050 0.055 0.063 0.069 0.070 0.067 0.061 0.052 0.046 0.042 0.040 0.040 0.041 0.043 0.048 0.057 0.074 0.107 0.165 0.245 0.321 0.379
0.000 0.000 0.000 0.000 0.000 0.000 0.001 0.001 0.002 0.003 0.003 0.004 0.005 0.006 0.006 0.007 0.007 0.007 0.008 0.008 0.008 0.008 0.009 0.010 0.010 0.011 0.012 0.013 0.013 0.014 0.015 0.016 0.016 0.016 0.017 0.017 0.018 0.018 0.019 0.019 0.020 0.021 0.022 0.023 0.024 0.025 0.027 0.028 0.030 0.033 0.036 0.041 0.046 0.049 0.052 0.054 0.057 0.064 0.069 0.070 0.068 0.061 0.052 0.046 0.043 0.042 0.042 0.044 0.048 0.056 0.073 0.106 0.175 0.291 0.409 0.486 0.523
0.000 0.000 0.000 0.000 0.000 0.000 0.000 0.000 0.001 0.001 0.002 0.003 0.003 0.004 0.004 0.005 0.005 0.005 0.006 0.006 0.006 0.007 0.007 0.008 0.009 0.009 0.010 0.011 0.012 0.013 0.014 0.015 0.015 0.016 0.017 0.017 0.018 0.018 0.019 0.019 0.020 0.021 0.022 0.023 0.025 0.026 0.028 0.031 0.034 0.040 0.047 0.054 0.059 0.061 0.062 0.062 0.063 0.067 0.071 0.072 0.069 0.062 0.053 0.048 0.046 0.046 0.046 0.049 0.056 0.071 0.100 0.160 0.264 0.404 0.511 0.568 0.583
0.000 0.000 0.000 0.000 0.000 0.000 0.000 0.000 0.000 0.000 0.001 0.001 0.002 0.002 0.003 0.003 0.003 0.004 0.004 0.004 0.005 0.005 0.006 0.007 0.007 0.008 0.009 0.010 0.011 0.012 0.013 0.014 0.015 0.016 0.016 0.017 0.018 0.018 0.019 0.019 0.020 0.021 0.022 0.023 0.025 0.027 0.031 0.036 0.044 0.055 0.067 0.075 0.078 0.076 0.071 0.068 0.068 0.070 0.074 0.074 0.072 0.065 0.057 0.052 0.051 0.051 0.054 0.060 0.072 0.095 0.137 0.209 0.321 0.447 0.534 0.575 0.581
0.000 0.000 0.000 0.000 0.000 0.000 0.000 0.000 0.000 0.000 0.000 0.001 0.001 0.001 0.001 0.002 0.002 0.002 0.003 0.003 0.004 0.004 0.005 0.005 0.006 0.007 0.008 0.009 0.010 0.011 0.012 0.013 0.015 0.016 0.016 0.017 0.018 0.018 0.019 0.019 0.020 0.021 0.022 0.024 0.026 0.029 0.035 0.046 0.063 0.081 0.093 0.097 0.095 0.085 0.075 0.070 0.069 0.071 0.075 0.075 0.073 0.067 0.062 0.060 0.060 0.061 0.067 0.077 0.094 0.121 0.165 0.235 0.339 0.442 0.502 0.520 0.505
0.000 0.000 0.000 0.000 0.000 0.000 0.000 0.000 0.000 0.000 0.000 0.000 0.000 0.000 0.001 0.001 0.001 0.001 0.002 0.002 0.002 0.003 0.003 0.004 0.005 0.006 0.007 0.008 0.009 0.010 0.012 0.013 0.015 0.016 0.017 0.017 0.018 0.018 0.018 0.019 0.020 0.020 0.022 0.024 0.027 0.032 0.043 0.063 0.089 0.106 0.112 0.110 0.102 0.086 0.075 0.070 0.069 0.071 0.074 0.075 0.073 0.069 0.067 0.067 0.070 0.075 0.083 0.094 0.110 0.135 0.175 0.240 0.323 0.383 0.401 0.382 0.334
0.000 0.000 0.000 0.000 0.000 0.000 0.000 0.000 0.000 0.000 0.000 0.000 0.000 0.000 0.000 0.000 0.000 0.001 0.001 0.001 0.002 0.002 0.002 0.003 0.004 0.005 0.006 0.007 0.008 0.009 0.011 0.013 0.015 0.016 0.017 0.018 0.018 0.018 0.018 0.019 0.019 0.020 0.022 0.024 0.028 0.036 0.052 0.082 0.108 0.119 0.120 0.115 0.102 0.085 0.073 0.067 0.067 0.068 0.071 0.072 0.071 0.069 0.069 0.071 0.076 0.083 0.092 0.101 0.115 0.136 0.173 0.220 0.255 0.263 0.246 0.210 0.166
0.000 0.000 0.000 0.000 0.000 0.000 0.000 0.000 0.000 0.000 0.000 0.000 0.000 0.000 0.000 0.000 0.000 0.000 0.000 0.001 0.001 0.001 0.002 0.002 0.003 0.004 0.005 0.006 0.007 0.009 0.010 0.012 0.015 0.016 0.018 0.018 0.018 0.018 0.018 0.019 0.019 0.020 0.022 0.025 0.030 0.041 0.062 0.094 0.115 0.123 0.121 0.114 0.099 0.080 0.068 0.062 0.061 0.062 0.064 0.066 0.066 0.067 0.068 0.072 0.078 0.085 0.093 0.101 0.112 0.127 0.147 0.160 0.156 0.146 0.129 0.106 0.083
0.000 0.000 0.000 0.000 0.000 0.000 0.000 0.000 0.000 0.000 0.000 0.000 0.000 0.000 0.000 0.000 0.000 0.000 0.000 0.000 0.000 0.001 0.001 0.001 0.002 0.003 0.004 0.005 0.006 0.008 0.010 0.012 0.014 0.016 0.018 0.019 0.019 0.019 0.019 0.019 0.019 0.020 0.022 0.026 0.033 0.046 0.069 0.098 0.115 0.120 0.118 0.108 0.092 0.074 0.062 0.055 0.053 0.053 0.054 0.056 0.058 0.060 0.063 0.068 0.074 0.081 0.087 0.092 0.097 0.100 0.098 0.094 0.088 0.081 0.070 0.058 0.048
0.000 0.000 0.000 0.000 0.000 0.000 0.000 0.000 0.000 0.000 0.000 0.000 0.000 0.000 0.000 0.000 0.000 0.000 0.000 0.000 0.000 0.000 0.000 0.001 0.001 0.002 0.003 0.004 0.005 0.007 0.009 0.011 0.013 0.016 0.018 0.019 0.020 0.020 0.020 0.020 0.020 0.021 0.023 0.028 0.036 0.050 0.073 0.095 0.107 0.108 0.105 0.095 0.080 0.064 0.053 0.046 0.042 0.042 0.042 0.043 0.045 0.048 0.053 0.058 0.064 0.068 0.070 0.070 0.068 0.065 0.061 0.058 0.055 0.050 0.045 0.039 0.035
0.000 0.000 0.000 0.000 0.000 0.000 0.000 0.000 0.000 0.000 0.000 0.000 0.000 0.000 0.000 0.000 0.000 0.000 0.000 0.000 0.000 0.000 0.000 0.000 0.001 0.001 0.002 0.003 0.004 0.006 0.007 0.010 0.012 0.015 0.017 0.019 0.020 0.021 0.021 0.021 0.021 0.022 0.025 0.030 0.038 0.052 0.071 0.085 0.088 0.086 0.081 0.073 0.061 0.050 0.041 0.036 0.033 0.033 0.033 0.033 0.034 0.037 0.040 0.044 0.047 0.048 0.048 0.047 0.046 0.044 0.042 0.041 0.039 0.037 0.034 0.031 0.030
0.000 0.000 0.000 0.000 0.000 0.000 0.000 0.000 0.000 0.000 0.000 0.000 0.000 0.000 0.000 0.000 0.000 0.000 0.000 0.000 0.000 0.000 0.000 0.000 0.000 0.001 0.001 0.002 0.003 0.004 0.006 0.008 0.010 0.013 0.016 0.018 0.020 0.021 0.022 0.022 0.023 0.024 0.027 0.031 0.038 0.051 0.062 0.065 0.064 0.059 0.054 0.049 0.042 0.036 0.031 0.028 0.027 0.027 0.027 0.027 0.028 0.030 0.032 0.033 0.034 0.034 0.034 0.034 0.033 0.033 0.033 0.033 0.032 0.031 0.030 0.029 0.028
0.000 0.000 0.000 0.000 0.000 0.000 0.000 0.000 0.000 0.000 0.000 0.000 0.000 0.000 0.000 0.000 0.000 0.000 0.000 0.000 0.000 0.000 0.000 0.000 0.000 0.000 0.001 0.001 0.002 0.003 0.005 0.006 0.009 0.011 0.014 0.017 0.019 0.021 0.022 0.023 0.024 0.026 0.028 0.031 0.038 0.045 0.047 0.047 0.044 0.041 0.037 0.034 0.031 0.027 0.025 0.024 0.023 0.023 0.023 0.024 0.025 0.026 0.027 0.027 0.027 0.027 0.027 0.027 0.027 0.027 0.028 0.028 0.029 0.029 0.029 0.028 0.028
0.000 0.000 0.000 0.000 0.000 0.000 0.000 0.000 0.000 0.000 0.000 0.000 0.000 0.000 0.000 0.000 0.000 0.000 0.000 0.000 0.000 0.000 0.000 0.000 0.000 0.000 0.000 0.001 0.001 0.002 0.003 0.005 0.007 0.009 0.012 0.015 0.018 0.020 0.022 0.023 0.025 0.026 0.028 0.031 0.034 0.036 0.036 0.035 0.033 0.030 0.028 0.026 0.024 0.022 0.021 0.021 0.021 0.021 0.021 0.022 0.023 0.023 0.023 0.023 0.023 0.023 0.023 0.023 0.023 0.024 0.025 0.026 0.028 0.028 0.029 0.029 0.030
0.000 0.000 0.000 0.000 0.000 0.000 0.000 0.000 0.000 0.000 0.000 0.000 0.000 0.000 0.000 0.000 0.000 0.000 0.000 0.000 0.000 0.000 0.000 0.000 0.000 0.000 0.000 0.000 0.001 0.001 0.002 0.004 0.005 0.007 0.010 0.013 0.016 0.019 0.022 0.023 0.024 0.025 0.027 0.028 0.029 0.028 0.028 0.027 0.026 0.024 0.022 0.021 0.020 0.019 0.019 0.019 0.019 0.020 0.021 0.021 0.022 0.022 0.022 0.022 0.021 0.021 0.021 0.021 0.021 0.022 0.024 0.026 0.027 0.029 0.030 0.032 0.034
0.000 0.000 0.000 0.000 0.000 0.000 0.000 0.000 0.000 0.000 0.000 0.000 0.000 0.000 0.000 0.000 0.000 0.000 0.000 0.000 0.000 0.000 0.000 0.000 0.000 0.000 0.000 0.000 0.000 0.001 0.001 0.002 0.004 0.006 0.008 0.011 0.014 0.018 0.021 0.023 0.023 0.024 0.024 0.024 0.023 0.023 0.022 0.022 0.021 0.020 0.019 0.018 0.018 0.017 0.018 0.018 0.019 0.020 0.021 0.021 0.021 0.021 0.021 0.021 0.021 0.020 0.020 0.020 0.021 0.022 0.023 0.026 0.028 0.031 0.035 0.039 0.043
0.000 0.000 0.000 0.000 0.000 0.000 0.000 0.000 0.000 0.000 0.000 0.000 0.000 0.000 0.000 0.000 0.000 0.000 0.000 0.000 0.000 0.000 0.000 0.000 0.000 0.000 0.000 0.000 0.000 0.000 0.001 0.002 0.003 0.004 0.006 0.009 0.012 0.016 0.019 0.020 0.021 0.021 0.020 0.019 0.019 0.018 0.018 0.018 0.018 0.017 0.016 0.016 0.016 0.016 0.016 0.017 0.018 0.020 0.021 0.021 0.021 0.021 0.021 0.021 0.020 0.020 0.020 0.020 0.020 0.021 0.024 0.027 0.031 0.037 0.046 0.055 0.062
0.000 0.000 0.000 0.000 0.000 0.000 0.000 0.000 0.000 0.000 0.000 0.000 0.000 0.000 0.000 0.000 0.000 0.000 0.000 0.000 0.000 0.000 0.000 0.000 0.000 0.000 0.000 0.000 0.000 0.000 0.000 0.001 0.002 0.003 0.004 0.006 0.009 0.013 0.015 0.016 0.016 0.016 0.016 0.015 0.015 0.015 0.015 0.015 0.015 0.014 0.014 0.014 0.014 0.015 0.015 0.016 0.018 0.020 0.021 0.021 0.021 0.021 0.021 0.021 0.020 0.020 0.020 0.020 0.021 0.022 0.025 0.030 0.038 0.051 0.072 0.092 0.103
0.000 0.000 0.000 0.000 0.000 0.000 0.000 0.000 0.000 0.000 0.000 0.000 0.000 0.000 0.000 0.000 0.000 0.000 0.000 0.000 0.000 0.000 0.000 0.000 0.000 0.000 0.000 0.000 0.000 0.000 0.000 0.000 0.001 0.002 0.003 0.005 0.007 0.009 0.010 0.011 0.012 0.012 0.012 0.011 0.011 0.012 0.012 0.012 0.012 0.012 0.012 0.013 0.013 0.014 0.015 0.016 0.017 0.020 0.021 0.022 0.022 0.022 0.021 0.021 0.020 0.020 0.020 0.020 0.022 0.024 0.029 0.039 0.057 0.089 0.139 0.176 0.196
0.000 0.000 0.000 0.000 0.000 0.000 0.000 0.000 0.000 0.000 0.000 0.000 0.000 0.000 0.000 0.000 0.000 0.000 0.000 0.000 0.000 0.000 0.000 0.000 0.000 0.000 0.000 0.000 0.000 0.000 0.000 0.000 0.000 0.001 0.002 0.003 0.005 0.006 0.007 0.008 0.008 0.008 0.008 0.008 0.008 0.009 0.009 0.009 0.009 0.010 0.010 0.011 0.012 0.012 0.014 0.015 0.017 0.019 0.021 0.022 0.022 0.022 0.021 0.021 0.020 0.020 0.021 0.022 0.024 0.029 0.039 0.060 0.101 0.177 0.288 0.365 0.400
0.000 0.000 0.000 0.000 0.000 0.000 0.000 0.000 0.000 0.000 0.000 0.000 0.000 0.000 0.000 0.000 0.000 0.000 0.000 0.000 0.000 0.000 0.000 0.000 0.000 0.000 0.000 0.000 0.000 0.000 0.000 0.000 0.000 0.000 0.001 0.002 0.003 0.004 0.004 0.005 0.005 0.005 0.005 0.006 0.006 0.006 0.006 0.007 0.007 0.008 0.008 0.009 0.010 0.011 0.013 0.014 0.016 0.018 0.020 0.021 0.021 0.021 0.021 0.021 0.020 0.020 0.021 0.023 0.027 0.035 0.051 0.084 0.150 0.275 0.460 0.591 0.646
0.000 0.000 0.000 0.000 0.000 0.000 0.000 0.000 0.000 0.000 0.000 0.000 0.000 0.000 0.000 0.000 0.000 0.000 0.000 0.000 0.000 0.000 0.000 0.000 0.000 0.000 0.000 0.000 0.000 0.000 0.000 0.000 0.000 0.000 0.000 0.001 0.001 0.002 0.003 0.003 0.003 0.003 0.003 0.003 0.004 0.004 0.004 0.005 0.005 0.006 0.007 0.008 0.009 0.010 0.011 0.013 0.015 0.017 0.019 0.020 0.020 0.021 0.020 0.020 0.020 0.020 0.021 0.023 0.028 0.037 0.056 0.093 0.169 0.313 0.532 0.691 0.754
0.000 0.000 0.000 0.000 0.000 0.000 0.000 0.000 0.000 0.000 0.000 0.000 0.000 0.000 0.000 0.000 0.000 0.000 0.000 0.000 0.000 0.000 0.000 0.000 0.000 0.000 0.000 0.000 0.000 0.000 0.000 0.000 0.000 0.000 0.000 0.000 0.001 0.001 0.001 0.001 0.001 0.002 0.002 0.002 0.002 0.002 0.002 0.003 0.003 0.004 0.005 0.006 0.007 0.008 0.009 0.011 0.013 0.015 0.016 0.017 0.018 0.018 0.019 0.019 0.019 0.019 0.021 0.023 0.028 0.037 0.055 0.092 0.165 0.305 0.519 0.674 0.736
0.000 0.000 0.000 0.000 0.000 0.000 0.000 0.000 0.000 0.000 0.000 0.000 0.000 0.000 0.000 0.000 0.000 0.000 0.000 0.000 0.000 0.000 0.000 0.000 0.000 0.000 0.000 0.000 0.000 0.000 0.000 0.000 0.000 0.000 0.000 0.000 0.000 0.000 0.000 0.000 0.000 0.000 0.001 0.001 0.001 0.001 0.001 0.002 0.002 0.003 0.003 0.004 0.005 0.006 0.007 0.009 0.010 0.012 0.013 0.014 0.014 0.015 0.015 0.016 0.017 0.018 0.019 0.021 0.025 0.033 0.047 0.075 0.130 0.238 0.402 0.515 0.560
0.000 0.000 0.000 0.000 0.000 0.000 0.000 0.000 0.000 0.000 0.000 0.000 0.000 0.000 0.000 0.000 0.000 0.000 0.000 0.000 0.000 0.000 0.000 0.000 0.000 0.000 0.000 0.000 0.000 0.000 0.000 0.000 0.000 0.000 0.000 0.000 0.000 0.000 0.000 0.000 0.000 0.000 0.000 0.000 0.000 0.000 0.000 0.001 0.001 0.001 0.002 0.003 0.003 0.004 0.005 0.006 0.007 0.008 0.009 0.010 0.011 0.011 0.012 0.012 0.013 0.014 0.016 0.017 0.020 0.024 0.031 0.044 0.069 0.119 0.196 0.243 0.259
0.000 0.000 0.000 0.000 0.000 0.000 0.000 0.000 0.000 0.000 0.000 0.000 0.000 0.000 0.000 0.000 0.000 0.000 0.000 0.000 0.000 0.000 0.000 0.000 0.000 0.000 0.000 0.000 0.000 0.000 0.000 0.000 0.000 0.000 0.000 0.000 0.000 0.000 0.000 0.000 0.000 0.000 0.000 0.000 0.000 0.000 0.000 0.000 0.000 0.001 0.001 0.001 0.002 0.003 0.003 0.004 0.005 0.006 0.007 0.007 0.008 0.008 0.009 0.009 0.010 0.010 0.011 0.012 0.014 0.016 0.019 0.024 0.034 0.054 0.081 0.095 0.097
0.000 0.000 0.000 0.000 0.000 0.000 0.000 0.000 0.000 0.000 0.000 0.000 0.000 0.000 0.000 0.000 0.000 0.000 0.000 0.000 0.000 0.000 0.000 0.000 0.000 0.000 0.000 0.000 0.000 0.000 0.000 0.000 0.000 0.000 0.000 0.000 0.000 0.000 0.000 0.000 0.000 0.000 0.000 0.000 0.000 0.000 0.000 0.000 0.000 0.000 0.000 0.001 0.001 0.001 0.002 0.003 0.003 0.004 0.004 0.005 0.005 0.006 0.006 0.007 0.007 0.008 0.008 0.009 0.010 0.011 0.013 0.015 0.020 0.028 0.037 0.041 0.042
0.000 0.000 0.000 0.000 0.000 0.000 0.000 0.000 0.000 0.000 0.000 0.000 0.000 0.000 0.000 0.000 0.000 0.000 0.000 0.000 0.000 0.000 0.000 0.000 0.000 0.000 0.000 0.000 0.000 0.000 0.000 0.000 0.000 0.000 0.000 0.000 0.000 0.000 0.000 0.000 0.000 0.000 0.000 0.000 0.000 0.000 0.000 0.000 0.000 0.000 0.000 0.000 0.000 0.001 0.001 0.001 0.002 0.002 0.003 0.003 0.004 0.004 0.004 0.005 0.005 0.005 0.006 0.006 0.007 0.008 0.009 0.011 0.013 0.017 0.020 0.022 0.022
0.000 0.000 0.000 0.000 0.000 0.000 0.000 0.000 0.000 0.000 0.000 0.000 0.000 0.000 0.000 0.000 0.000 0.000 0.000 0.000 0.000 0.000 0.000 0.000 0.000 0.000 0.000 0.000 0.000 0.000 0.000 0.000 0.000 0.000 0.000 0.000 0.000 0.000 0.000 0.000 0.000 0.000 0.000 0.000 0.000 0.000 0.000 0.000 0.000 0.000 0.000 0.000 0.000 0.000 0.000 0.000 0.001 0.001 0.002 0.002 0.002 0.002 0.003 0.003 0.003 0.004 0.004 0.004 0.005 0.005 0.006 0.007 0.009 0.011 0.013 0.013 0.013
0.000 0.000 0.000 0.000 0.000 0.000 0.000 0.000 0.000 0.000 0.000 0.000 0.000 0.000 0.000 0.000 0.000 0.000 0.000 0.000 0.000 0.000 0.000 0.000 0.000 0.000 0.000 0.000 0.000 0.000 0.000 0.000 0.000 0.000 0.000 0.000 0.000 0.000 0.000 0.000 0.000 0.000 0.000 0.000 0.000 0.000 0.000 0.000 0.000 0.000 0.000 0.000 0.000 0.000 0.000 0.000 0.000 0.000 0.001 0.001 0.001 0.001 0.002 0.002 0.002 0.002 0.002 0.003 0.003 0.004 0.004 0.005 0.006 0.007 0.008 0.008 0.008
0.000 0.000 0.000 0.000 0.000 0.000 0.000 0.000 0.000 0.000 0.000 0.000 0.000 0.000 0.000 0.000 0.000 0.000 0.000 0.000 0.000 0.000 0.000 0.000 0.000 0.000 0.000 0.000 0.000 0.000 0.000 0.000 0.000 0.000 0.000 0.000 0.000 0.000 0.000 0.000 0.000 0.000 0.000 0.000 0.000 0.000 0.000 0.000 0.000 0.000 0.000 0.000 0.000 0.000 0.000 0.000 0.000 0.000 0.000 0.000 0.001 0.001 0.001 0.001 0.001 0.001 0.001 0.001 0.002 0.002 0.002 0.003 0.004 0.004 0.005 0.005 0.005
0.000 0.000 0.000 0.000 0.000 0.000 0.000 0.000 0.000 0.000 0.000 0.000 0.000 0.000 0.000 0.000 0.000 0.000 0.000 0.000 0.000 0.000 0.000 0.000 0.000 0.000 0.000 0.000 0.000 0.000 0.000 0.000 0.000 0.000 0.000 0.000 0.000 0.000 0.000 0.000 0.000 0.000 0.000 0.000 0.000 0.000 0.000 0.000 0.000 0.000 0.000 0.000 0.000 0.000 0.000 0.000 0.000 0.000 0.000 0.000 0.000 0.000 0.000 0.000 0.000 0.000 0.001 0.001 0.001 0.001 0.001 0.002 0.002 0.002 0.003 0.003 0.003
