RESULTS/r.avaflow_results/14_results/14_ascii/14_hflow10043.asc
ncols 506
nrows 317
xllcenter 498237.50
yllcenter 5580050.00
cellsize 12.50
NODATA_value -9999.000
[rows 170 to 203 of 317, columns 231 to 307 of 506]
0.015 0.010 0.007 0.005 0.004 0.004 0.004 0.004 0.006 0.010 0.013 0.015 0.015 0.014 0.012 0.008 0.004 0.002 0.002 0.001 0.001 0.001 0.001 0.001 0.001 0.001 0.000 0.000 0.000 0.000 0.000 0.000 0.000 0.000 0.000 0.000 0.000 0.000 0.000 0.000 0.000 0.000 0.000 0.000 0.000 0.000 0.000 0.000 0.000 0.000 0.000 0.000 0.000 0.000 0.000 0.000 0.000 0.000 0.000 0.000 0.000 0.000 0.000 0.000 0.000 0.000 0.000 0.000 0.000 0.000 0.000 0.000 0.000 0.000 0.000 0.000 0.000
0.025 0.016 0.010 0.007 0.006 0.006 0.006 0.007 0.011 0.021 0.029 0.033 0.033 0.031 0.025 0.016 0.008 0.004 0.002 0.001 0.001 0.001 0.001 0.001 0.001 0.001 0.001 0.000 0.000 0.000 0.000 0.000 0.000 0.000 0.000 0.000 0.000 0.000 0.000 0.000 0.000 0.000 0.000 0.000 0.000 0.000 0.000 0.000 0.000 0.000 0.000 0.000 0.000 0.000 0.000 0.000 0.000 0.000 0.000 0.000 0.000 0.000 0.000 0.000 0.000 0.000 0.000 0.000 0.000 0.000 0.000 0.000 0.000 0.000 0.000 0.000 0.000
0.041 0.025 0.015 0.010 0.008 0.008 0.008 0.011 0.020 0.039 0.053 0.057 0.057 0.053 0.044 0.029 0.015 0.007 0.003 0.002 0.001 0.001 0.001 0.001 0.001 0.001 0.001 0.001 0.000 0.000 0.000 0.000 0.000 0.000 0.000 0.000 0.000 0.000 0.000 0.000 0.000 0.000 0.000 0.000 0.000 0.000 0.000 0.000 0.000 0.000 0.000 0.000 0.000 0.000 0.000 0.000 0.000 0.000 0.000 0.000 0.000 0.000 0.000 0.000 0.000 0.000 0.000 0.000 0.000 0.000 0.000 0.000 0.000 0.000 0.000 0.000 0.000
0.061 0.040 0.024 0.015 0.011 0.010 0.011 0.016 0.030 0.057 0.073 0.076 0.075 0.069 0.059 0.042 0.023 0.011 0.005 0.003 0.002 0.001 0.001 0.001 0.001 0.001 0.001 0.001 0.001 0.001 0.000 0.000 0.000 0.000 0.000 0.000 0.000 0.000 0.000 0.000 0.000 0.000 0.000 0.000 0.000 0.000 0.000 0.000 0.000 0.000 0.000 0.000 0.000 0.000 0.000 0.000 0.000 0.000 0.000 0.000 0.000 0.000 0.000 0.000 0.000 0.000 0.000 0.000 0.000 0.000 0.000 0.000 0.000 0.000 0.000 0.000 0.000
0.073 0.057 0.038 0.023 0.016 0.014 0.015 0.022 0.041 0.069 0.086 0.089 0.086 0.079 0.067 0.050 0.031 0.016 0.008 0.004 0.002 0.001 0.001 0.001 0.001 0.001 0.001 0.001 0.001 0.001 0.001 0.000 0.000 0.000 0.000 0.000 0.000 0.000 0.000 0.000 0.000 0.000 0.000 0.000 0.000 0.000 0.000 0.000 0.000 0.000 0.000 0.000 0.000 0.000 0.000 0.000 0.000 0.000 0.000 0.000 0.000 0.000 0.000 0.000 0.000 0.000 0.000 0.000 0.000 0.000 0.000 0.000 0.000 0.000 0.000 0.000 0.000
0.076 0.067 0.053 0.035 0.023 0.020 0.021 0.029 0.052 0.079 0.092 0.095 0.092 0.083 0.070 0.055 0.038 0.023 0.012 0.006 0.003 0.002 0.001 0.001 0.001 0.001 0.001 0.001 0.001 0.001 0.001 0.001 0.000 0.000 0.000 0.000 0.000 0.000 0.000 0.000 0.000 0.000 0.000 0.000 0.000 0.000 0.000 0.000 0.000 0.000 0.000 0.000 0.000 0.000 0.000 0.000 0.000 0.000 0.000 0.000 0.000 0.000 0.000 0.000 0.000 0.000 0.000 0.000 0.000 0.000 0.000 0.000 0.000 0.000 0.000 0.000 0.000
0.075 0.070 0.060 0.044 0.031 0.027 0.029 0.041 0.068 0.090 0.098 0.098 0.093 0.084 0.072 0.058 0.045 0.031 0.019 0.010 0.005 0.003 0.002 0.001 0.001 0.001 0.001 0.001 0.001 0.001 0.001 0.001 0.001 0.000 0.000 0.000 0.000 0.000 0.000 0.000 0.000 0.000 0.000 0.000 0.000 0.000 0.000 0.000 0.000 0.000 0.000 0.000 0.000 0.000 0.000 0.000 0.000 0.000 0.000 0.000 0.000 0.000 0.000 0.000 0.000 0.000 0.000 0.000 0.000 0.000 0.000 0.000 0.000 0.000 0.000 0.000 0.000
0.070 0.068 0.061 0.049 0.040 0.037 0.043 0.064 0.091 0.103 0.104 0.100 0.092 0.083 0.073 0.062 0.051 0.040 0.028 0.017 0.009 0.005 0.003 0.002 0.002 0.001 0.001 0.001 0.001 0.001 0.001 0.001 0.001 0.001 0.000 0.000 0.000 0.000 0.000 0.000 0.000 0.000 0.000 0.000 0.000 0.000 0.000 0.000 0.000 0.000 0.000 0.000 0.000 0.000 0.000 0.000 0.000 0.000 0.000 0.000 0.000 0.000 0.000 0.000 0.000 0.000 0.000 0.000 0.000 0.000 0.000 0.000 0.000 0.000 0.000 0.000 0.001
0.060 0.061 0.059 0.052 0.049 0.052 0.070 0.102 0.122 0.124 0.116 0.103 0.091 0.082 0.074 0.066 0.058 0.049 0.039 0.028 0.017 0.010 0.005 0.003 0.002 0.002 0.001 0.001 0.001 0.001 0.001 0.001 0.001 0.001 0.001 0.000 0.000 0.000 0.000 0.000 0.000 0.000 0.000 0.000 0.000 0.000 0.000 0.000 0.000 0.000 0.000 0.000 0.000 0.000 0.000 0.000 0.000 0.000 0.000 0.000 0.000 0.000 0.000 0.000 0.000 0.000 0.000 0.000 0.000 0.000 0.000 0.000 0.000 0.000 0.001 0.001 0.001
0.047 0.051 0.054 0.055 0.061 0.079 0.118 0.154 0.164 0.157 0.135 0.111 0.095 0.085 0.077 0.071 0.065 0.058 0.051 0.042 0.030 0.019 0.011 0.006 0.004 0.003 0.002 0.001 0.001 0.001 0.001 0.001 0.001 0.001 0.001 0.001 0.000 0.000 0.000 0.000 0.000 0.000 0.000 0.000 0.000 0.000 0.000 0.000 0.000 0.000 0.000 0.000 0.000 0.000 0.000 0.000 0.000 0.000 0.000 0.000 0.000 0.000 0.000 0.000 0.000 0.000 0.000 0.000 0.000 0.000 0.000 0.000 0.000 0.001 0.001 0.001 0.002
0.038 0.045 0.051 0.060 0.080 0.122 0.173 0.199 0.202 0.188 0.157 0.126 0.106 0.093 0.085 0.078 0.073 0.068 0.063 0.057 0.048 0.036 0.023 0.013 0.007 0.004 0.003 0.002 0.002 0.001 0.001 0.001 0.001 0.001 0.001 0.001 0.001 0.000 0.000 0.000 0.000 0.000 0.000 0.000 0.000 0.000 0.000 0.000 0.000 0.000 0.000 0.000 0.000 0.000 0.000 0.000 0.000 0.000 0.000 0.000 0.000 0.000 0.000 0.000 0.000 0.000 0.000 0.000 0.000 0.000 0.000 0.001 0.001 0.001 0.001 0.002 0.004
0.036 0.043 0.054 0.073 0.113 0.170 0.213 0.228 0.226 0.208 0.176 0.143 0.120 0.105 0.095 0.089 0.084 0.080 0.077 0.073 0.068 0.058 0.043 0.027 0.016 0.009 0.005 0.003 0.002 0.002 0.001 0.001 0.001 0.001 0.001 0.001 0.001 0.001 0.000 0.000 0.000 0.000 0.000 0.000 0.000 0.000 0.000 0.000 0.000 0.000 0.000 0.000 0.000 0.000 0.000 0.000 0.000 0.000 0.000 0.000 0.000 0.000 0.000 0.000 0.000 0.000 0.000 0.000 0.000 0.000 0.001 0.001 0.001 0.001 0.003 0.005 0.009
0.036 0.047 0.066 0.102 0.159 0.211 0.237 0.243 0.238 0.220 0.190 0.160 0.137 0.121 0.110 0.103 0.098 0.095 0.093 0.090 0.086 0.081 0.070 0.052 0.034 0.020 0.012 0.007 0.004 0.003 0.002 0.001 0.001 0.001 0.001 0.001 0.001 0.001 0.001 0.001 0.000 0.000 0.000 0.000 0.000 0.000 0.000 0.000 0.000 0.000 0.000 0.000 0.000 0.000 0.000 0.000 0.000 0.000 0.000 0.000 0.000 0.000 0.000 0.000 0.000 0.000 0.000 0.001 0.001 0.001 0.001 0.001 0.002 0.003 0.007 0.013 0.022
0.044 0.064 0.100 0.154 0.206 0.236 0.248 0.249 0.242 0.226 0.202 0.176 0.155 0.138 0.127 0.120 0.115 0.111 0.108 0.105 0.102 0.099 0.093 0.083 0.065 0.045 0.028 0.016 0.009 0.005 0.003 0.002 0.001 0.001 0.001 0.001 0.001 0.001 0.001 0.001 0.001 0.000 0.000 0.000 0.000 0.000 0.000 0.000 0.000 0.000 0.000 0.000 0.000 0.000 0.000 0.000 0.000 0.000 0.000 0.000 0.001 0.001 0.001 0.001 0.001 0.001 0.001 0.001 0.001 0.001 0.001 0.002 0.003 0.007 0.015 0.030 0.045
0.068 0.104 0.157 0.207 0.236 0.250 0.253 0.251 0.243 0.230 0.212 0.191 0.172 0.157 0.145 0.136 0.130 0.125 0.121 0.118 0.115 0.112 0.109 0.105 0.096 0.081 0.061 0.039 0.021 0.011 0.005 0.003 0.002 0.001 0.001 0.001 0.001 0.001 0.001 0.001 0.001 0.001 0.001 0.000 0.000 0.000 0.000 0.000 0.000 0.000 0.000 0.000 0.000 0.000 0.000 0.000 0.000 0.001 0.001 0.001 0.001 0.001 0.001 0.001 0.001 0.001 0.001 0.001 0.001 0.002 0.003 0.004 0.007 0.013 0.027 0.049 0.067
0.105 0.148 0.197 0.231 0.249 0.255 0.255 0.252 0.244 0.233 0.219 0.203 0.186 0.172 0.160 0.150 0.142 0.136 0.132 0.128 0.125 0.122 0.120 0.117 0.113 0.105 0.091 0.069 0.042 0.021 0.010 0.005 0.003 0.002 0.001 0.001 0.001 0.001 0.001 0.001 0.001 0.001 0.001 0.001 0.001 0.000 0.000 0.000 0.000 0.000 0.000 0.000 0.000 0.001 0.001 0.001 0.001 0.001 0.001 0.001 0.001 0.001 0.001 0.001 0.001 0.001 0.002 0.002 0.003 0.004 0.006 0.009 0.013 0.022 0.036 0.057 0.076
0.128 0.169 0.210 0.237 0.252 0.256 0.255 0.252 0.245 0.236 0.224 0.211 0.197 0.184 0.172 0.161 0.152 0.145 0.140 0.137 0.133 0.130 0.127 0.124 0.121 0.116 0.105 0.088 0.060 0.033 0.017 0.008 0.004 0.003 0.002 0.001 0.001 0.001 0.001 0.001 0.001 0.001 0.001 0.001 0.001 0.001 0.001 0.001 0.001 0.001 0.001 0.001 0.001 0.001 0.001 0.001 0.001 0.001 0.001 0.002 0.002 0.002 0.002 0.002 0.002 0.003 0.003 0.004 0.006 0.009 0.012 0.016 0.022 0.028 0.039 0.057 0.077
0.137 0.175 0.210 0.234 0.246 0.250 0.251 0.249 0.244 0.236 0.227 0.216 0.203 0.191 0.180 0.169 0.160 0.153 0.148 0.144 0.140 0.137 0.134 0.131 0.128 0.122 0.111 0.095 0.070 0.042 0.023 0.012 0.007 0.004 0.003 0.002 0.001 0.001 0.001 0.001 0.001 0.001 0.001 0.001 0.001 0.001 0.001 0.001 0.001 0.001 0.001 0.001 0.001 0.001 0.001 0.001 0.002 0.002 0.002 0.003 0.003 0.004 0.004 0.004 0.005 0.006 0.008 0.011 0.015 0.019 0.023 0.027 0.029 0.031 0.038 0.052 0.069
0.138 0.173 0.203 0.222 0.233 0.239 0.241 0.242 0.240 0.235 0.227 0.218 0.207 0.195 0.184 0.175 0.166 0.159 0.154 0.150 0.146 0.144 0.141 0.138 0.134 0.126 0.114 0.096 0.074 0.049 0.030 0.017 0.010 0.006 0.004 0.003 0.002 0.002 0.002 0.002 0.002 0.001 0.001 0.001 0.001 0.001 0.001 0.001 0.001 0.001 0.001 0.001 0.001 0.001 0.002 0.003 0.003 0.004 0.006 0.007 0.008 0.009 0.009 0.010 0.012 0.015 0.019 0.025 0.031 0.034 0.036 0.035 0.032 0.031 0.033 0.039 0.049
0.134 0.164 0.187 0.204 0.216 0.224 0.230 0.233 0.234 0.232 0.226 0.218 0.208 0.197 0.187 0.178 0.170 0.164 0.159 0.155 0.152 0.150 0.148 0.145 0.139 0.129 0.115 0.097 0.075 0.053 0.036 0.023 0.014 0.009 0.006 0.004 0.003 0.003 0.003 0.003 0.003 0.003 0.002 0.002 0.001 0.001 0.001 0.001 0.001 0.001 0.001 0.001 0.002 0.003 0.004 0.006 0.008 0.010 0.014 0.016 0.018 0.020 0.022 0.025 0.028 0.034 0.040 0.046 0.048 0.047 0.044 0.039 0.034 0.029 0.026 0.024 0.025
0.123 0.147 0.167 0.183 0.196 0.208 0.217 0.223 0.225 0.225 0.222 0.216 0.207 0.197 0.187 0.179 0.173 0.167 0.163 0.160 0.158 0.156 0.154 0.150 0.143 0.131 0.115 0.096 0.074 0.055 0.040 0.028 0.019 0.013 0.009 0.007 0.006 0.006 0.007 0.007 0.007 0.006 0.005 0.003 0.002 0.002 0.001 0.001 0.001 0.002 0.002 0.003 0.004 0.007 0.010 0.013 0.017 0.024 0.030 0.034 0.037 0.039 0.042 0.045 0.051 0.057 0.060 0.061 0.059 0.055 0.049 0.041 0.033 0.026 0.020 0.015 0.013
0.102 0.123 0.141 0.159 0.176 0.192 0.204 0.211 0.215 0.216 0.215 0.211 0.205 0.196 0.187 0.180 0.174 0.170 0.166 0.164 0.163 0.162 0.159 0.154 0.146 0.132 0.115 0.093 0.072 0.055 0.042 0.033 0.025 0.019 0.015 0.013 0.013 0.014 0.018 0.019 0.019 0.017 0.012 0.007 0.005 0.003 0.002 0.002 0.002 0.002 0.003 0.006 0.010 0.016 0.021 0.027 0.033 0.041 0.046 0.049 0.051 0.052 0.054 0.058 0.064 0.068 0.069 0.068 0.064 0.058 0.051 0.042 0.032 0.022 0.015 0.011 0.008
0.066 0.088 0.110 0.132 0.154 0.174 0.189 0.198 0.203 0.205 0.205 0.204 0.201 0.195 0.186 0.179 0.174 0.171 0.169 0.167 0.166 0.165 0.162 0.157 0.147 0.133 0.113 0.090 0.069 0.054 0.043 0.035 0.029 0.025 0.023 0.022 0.024 0.029 0.037 0.041 0.040 0.036 0.028 0.017 0.010 0.007 0.005 0.004 0.004 0.005 0.007 0.013 0.024 0.033 0.040 0.044 0.049 0.052 0.055 0.056 0.056 0.056 0.058 0.061 0.067 0.071 0.072 0.070 0.065 0.059 0.051 0.041 0.029 0.019 0.013 0.008 0.006
0.030 0.046 0.067 0.094 0.124 0.150 0.170 0.183 0.190 0.193 0.194 0.195 0.194 0.190 0.184 0.178 0.174 0.172 0.170 0.169 0.168 0.166 0.163 0.158 0.147 0.132 0.111 0.086 0.066 0.053 0.043 0.035 0.030 0.028 0.027 0.028 0.033 0.043 0.053 0.056 0.056 0.051 0.042 0.029 0.020 0.013 0.009 0.008 0.008 0.009 0.015 0.028 0.044 0.054 0.058 0.059 0.058 0.058 0.057 0.057 0.057 0.057 0.057 0.060 0.065 0.069 0.070 0.069 0.065 0.059 0.050 0.039 0.026 0.016 0.010 0.007 0.005
0.011 0.018 0.030 0.050 0.079 0.113 0.143 0.164 0.175 0.181 0.184 0.185 0.185 0.184 0.180 0.176 0.173 0.171 0.170 0.169 0.168 0.166 0.163 0.156 0.146 0.129 0.105 0.079 0.061 0.048 0.040 0.034 0.030 0.028 0.028 0.030 0.036 0.048 0.058 0.062 0.061 0.057 0.048 0.036 0.026 0.020 0.016 0.015 0.015 0.018 0.026 0.043 0.059 0.067 0.068 0.067 0.064 0.060 0.057 0.056 0.054 0.053 0.053 0.054 0.057 0.061 0.063 0.063 0.061 0.055 0.046 0.034 0.022 0.013 0.008 0.006 0.004
0.004 0.006 0.011 0.020 0.036 0.063 0.099 0.133 0.155 0.167 0.172 0.175 0.175 0.175 0.174 0.171 0.170 0.170 0.169 0.168 0.165 0.160 0.153 0.144 0.132 0.113 0.088 0.064 0.048 0.037 0.031 0.028 0.026 0.026 0.027 0.030 0.037 0.049 0.058 0.061 0.061 0.057 0.049 0.037 0.029 0.024 0.021 0.020 0.021 0.024 0.033 0.050 0.064 0.071 0.072 0.071 0.066 0.061 0.055 0.050 0.046 0.043 0.041 0.040 0.041 0.043 0.046 0.047 0.047 0.044 0.037 0.026 0.016 0.010 0.006 0.005 0.004
0.002 0.002 0.004 0.007 0.013 0.025 0.046 0.080 0.115 0.141 0.156 0.163 0.165 0.165 0.165 0.165 0.165 0.166 0.165 0.159 0.149 0.135 0.121 0.107 0.091 0.072 0.052 0.035 0.025 0.020 0.017 0.017 0.017 0.018 0.021 0.025 0.033 0.044 0.052 0.055 0.055 0.052 0.046 0.037 0.029 0.025 0.023 0.023 0.024 0.027 0.035 0.050 0.063 0.070 0.071 0.070 0.066 0.059 0.050 0.041 0.033 0.027 0.023 0.022 0.022 0.023 0.025 0.026 0.026 0.025 0.022 0.016 0.011 0.007 0.005 0.004 0.003
0.001 0.001 0.002 0.002 0.004 0.008 0.016 0.031 0.057 0.090 0.121 0.139 0.147 0.151 0.153 0.155 0.155 0.153 0.146 0.129 0.106 0.082 0.063 0.049 0.038 0.028 0.019 0.013 0.009 0.008 0.007 0.007 0.008 0.009 0.012 0.016 0.023 0.032 0.037 0.040 0.041 0.040 0.036 0.031 0.026 0.024 0.023 0.023 0.024 0.027 0.033 0.043 0.054 0.060 0.063 0.063 0.060 0.052 0.040 0.028 0.020 0.015 0.013 0.011 0.011 0.011 0.012 0.012 0.012 0.012 0.011 0.009 0.007 0.005 0.004 0.003 0.003
0.001 0.001 0.001 0.001 0.002 0.003 0.005 0.009 0.018 0.036 0.063 0.092 0.112 0.123 0.130 0.132 0.130 0.120 0.099 0.071 0.047 0.032 0.022 0.017 0.012 0.009 0.006 0.004 0.003 0.003 0.003 0.003 0.003 0.004 0.005 0.008 0.011 0.016 0.019 0.020 0.021 0.021 0.020 0.020 0.019 0.020 0.020 0.021 0.022 0.023 0.024 0.027 0.032 0.038 0.042 0.044 0.043 0.037 0.027 0.018 0.012 0.009 0.007 0.007 0.006 0.006 0.006 0.006 0.006 0.006 0.006 0.005 0.005 0.004 0.003 0.003 0.003
0.001 0.001 0.001 0.001 0.001 0.001 0.002 0.003 0.005 0.011 0.022 0.039 0.058 0.073 0.081 0.083 0.078 0.065 0.044 0.026 0.016 0.011 0.008 0.006 0.004 0.003 0.003 0.002 0.002 0.002 0.002 0.002 0.002 0.002 0.003 0.003 0.005 0.007 0.008 0.009 0.009 0.009 0.009 0.009 0.010 0.012 0.013 0.014 0.014 0.013 0.012 0.012 0.013 0.016 0.019 0.021 0.021 0.019 0.015 0.011 0.008 0.006 0.005 0.004 0.004 0.004 0.004 0.004 0.004 0.004 0.004 0.004 0.004 0.003 0.003 0.003 0.002
0.000 0.000 0.001 0.001 0.001 0.001 0.001 0.001 0.002 0.003 0.006 0.013 0.022 0.029 0.033 0.034 0.032 0.025 0.016 0.009 0.006 0.004 0.003 0.003 0.002 0.002 0.002 0.001 0.001 0.001 0.001 0.001 0.001 0.001 0.001 0.002 0.002 0.003 0.003 0.004 0.004 0.004 0.004 0.004 0.005 0.005 0.006 0.007 0.006 0.006 0.005 0.005 0.005 0.006 0.007 0.009 0.009 0.009 0.008 0.007 0.005 0.004 0.004 0.003 0.003 0.003 0.003 0.003 0.003 0.003 0.003 0.003 0.003 0.003 0.003 0.002 0.002
0.000 0.000 0.000 0.000 0.001 0.001 0.001 0.001 0.001 0.001 0.002 0.004 0.007 0.010 0.011 0.011 0.011 0.009 0.006 0.004 0.003 0.002 0.002 0.002 0.002 0.001 0.001 0.001 0.001 0.001 0.001 0.001 0.001 0.001 0.001 0.001 0.001 0.002 0.002 0.002 0.002 0.002 0.002 0.002 0.002 0.003 0.003 0.003 0.003 0.003 0.002 0.002 0.002 0.003 0.003 0.004 0.005 0.005 0.005 0.005 0.004 0.003 0.003 0.002 0.002 0.002 0.002 0.002 0.002 0.002 0.002 0.002 0.002 0.002 0.002 0.002 0.002
0.000 0.000 0.000 0.000 0.000 0.000 0.001 0.001 0.001 0.001 0.001 0.002 0.003 0.004 0.004 0.004 0.004 0.003 0.002 0.002 0.002 0.001 0.001 0.001 0.001 0.001 0.001 0.001 0.001 0.001 0.001 0.001 0.001 0.001 0.001 0.001 0.001 0.001 0.001 0.001 0.001 0.001 0.001 0.001 0.001 0.001 0.001 0.001 0.001 0.001 0.001 0.001 0.001 0.001 0.002 0.002 0.003 0.003 0.003 0.003 0.003 0.003 0.002 0.002 0.002 0.002 0.002 0.002 0.002 0.002 0.002 0.002 0.002 0.002 0.002 0.002 0.002
0.000 0.000 0.000 0.000 0.000 0.000 0.000 0.000 0.001 0.001 0.001 0.001 0.001 0.002 0.002 0.002 0.002 0.002 0.001 0.001 0.001 0.001 0.001 0.001 0.001 0.001 0.001 0.001 0.001 0.001 0.001 0.001 0.001 0.001 0.001 0.001 0.001 0.001 0.001 0.001 0.001 0.001 0.001 0.001 0.001 0.001 0.001 0.001 0.001 0.001 0.001 0.001 0.001 0.001 0.001 0.001 0.002 0.002 0.002 0.002 0.002 0.002 0.002 0.002 0.002 0.002 0.002 0.002 0.002 0.002 0.002 0.002 0.002 0.002 0.002 0.003 0.003
