RESULTS/r.avaflow_results/14_results/14_ascii/14_hflow0056.asc
ncols 506
nrows 317
xllcenter 498237.50
yllcenter 5580050.00
cellsize 12.50
NODATA_value -9999.000
[rows 170 to 203 of 317, columns 152 to 227 of 506]
40.874 39.209 37.382 35.620 33.890 32.154 30.270 28.498 26.675 25.178 23.958 22.973 22.052 21.123 19.968 18.743 17.494 16.296 15.161 14.056 12.987 11.972 10.993 9.983 8.911 7.849 6.944 6.202 5.639 5.219 4.900 4.651 4.445 4.274 4.118 3.955 3.781 3.646 3.542 3.429 3.259 2.986 2.670 2.449 2.286 2.125 1.936 1.688 1.373 1.073 0.814 0.591 0.423 0.319 0.257 0.217 0.190 0.174 0.167 0.170 0.179 0.189 0.194 0.195 0.196 0.199 0.206 0.223 0.262 0.360 0.582 0.955 1.242 1.346 1.332 1.185
42.942 41.698 40.251 38.776 37.082 35.464 33.500 31.688 29.589 27.772 26.383 25.247 24.301 23.428 22.424 21.273 19.980 18.659 17.383 16.138 14.889 13.620 12.355 11.099 9.810 8.527 7.435 6.530 5.821 5.319 5.001 4.818 4.690 4.572 4.443 4.268 4.034 3.822 3.650 3.480 3.275 2.982 2.644 2.397 2.198 1.995 1.755 1.436 1.028 0.660 0.403 0.255 0.178 0.137 0.116 0.106 0.101 0.102 0.108 0.121 0.135 0.142 0.144 0.142 0.137 0.134 0.134 0.140 0.162 0.219 0.355 0.633 0.984 1.195 1.259 1.235
44.803 43.879 42.801 41.527 40.190 38.632 36.507 34.576 32.468 30.540 28.979 27.652 26.629 25.743 24.866 23.843 22.649 21.285 19.876 18.517 17.146 15.729 14.241 12.718 11.153 9.573 8.182 7.019 6.087 5.424 5.033 4.840 4.734 4.644 4.536 4.359 4.100 3.843 3.638 3.432 3.181 2.830 2.411 2.078 1.793 1.514 1.201 0.834 0.490 0.273 0.160 0.105 0.078 0.065 0.059 0.058 0.059 0.065 0.076 0.093 0.105 0.110 0.110 0.106 0.099 0.094 0.092 0.094 0.105 0.137 0.215 0.381 0.684 1.004 1.172 1.219
46.364 45.636 45.002 43.819 42.423 40.822 38.828 36.913 34.944 33.029 31.407 29.918 28.744 27.844 27.052 26.152 25.044 23.748 22.326 20.898 19.509 18.071 16.504 14.801 12.980 11.089 9.306 7.797 6.576 5.675 5.101 4.800 4.663 4.576 4.478 4.319 4.074 3.784 3.517 3.249 2.922 2.451 1.881 1.408 1.036 0.749 0.513 0.313 0.178 0.104 0.067 0.048 0.040 0.036 0.035 0.036 0.038 0.044 0.056 0.072 0.083 0.086 0.085 0.082 0.075 0.070 0.068 0.069 0.074 0.092 0.134 0.225 0.404 0.717 1.028 1.176
47.315 46.612 46.125 45.058 43.738 42.313 40.481 38.606 36.841 35.052 33.430 31.804 30.414 29.439 28.697 27.913 26.941 25.769 24.424 22.973 21.599 20.183 18.660 16.962 15.037 12.917 10.721 8.831 7.300 6.124 5.289 4.758 4.462 4.313 4.220 4.107 3.889 3.555 3.199 2.842 2.407 1.778 1.131 0.692 0.434 0.280 0.179 0.110 0.068 0.045 0.033 0.028 0.025 0.024 0.024 0.025 0.027 0.033 0.043 0.057 0.065 0.068 0.067 0.064 0.060 0.056 0.055 0.056 0.059 0.069 0.091 0.137 0.233 0.427 0.765 1.060
47.622 46.892 46.334 45.260 44.126 42.856 41.229 39.655 38.091 36.365 34.820 33.201 31.663 30.637 29.949 29.158 28.236 27.170 25.966 24.588 23.204 21.800 20.288 18.584 16.585 14.286 11.777 9.608 7.880 6.540 5.529 4.799 4.310 4.025 3.856 3.690 3.398 2.978 2.548 2.099 1.556 0.966 0.536 0.293 0.168 0.104 0.068 0.046 0.032 0.025 0.021 0.019 0.018 0.018 0.018 0.019 0.021 0.026 0.034 0.045 0.052 0.055 0.055 0.054 0.051 0.049 0.049 0.050 0.053 0.058 0.070 0.094 0.144 0.252 0.481 0.824
47.520 46.832 46.171 45.157 44.191 43.081 41.546 40.177 38.777 37.131 35.558 33.968 32.431 31.321 30.627 29.835 28.958 27.964 26.840 25.558 24.191 22.805 21.285 19.538 17.467 15.031 12.321 9.984 8.157 6.750 5.672 4.847 4.240 3.808 3.447 3.029 2.480 1.941 1.498 1.105 0.721 0.409 0.218 0.118 0.069 0.045 0.032 0.024 0.020 0.017 0.015 0.014 0.014 0.014 0.014 0.015 0.017 0.021 0.027 0.036 0.042 0.046 0.048 0.048 0.048 0.048 0.048 0.049 0.051 0.055 0.061 0.074 0.102 0.162 0.291 0.543
46.450 45.764 45.157 44.341 43.423 42.590 41.221 39.900 38.617 37.042 35.402 33.879 32.396 31.320 30.766 30.066 29.222 28.266 27.158 25.919 24.550 23.166 21.641 19.858 17.738 15.235 12.447 10.064 8.215 6.804 5.717 4.852 4.136 3.491 2.796 2.021 1.331 0.885 0.610 0.414 0.257 0.147 0.084 0.051 0.033 0.025 0.019 0.016 0.014 0.012 0.011 0.011 0.011 0.011 0.011 0.012 0.014 0.017 0.023 0.030 0.036 0.041 0.045 0.047 0.049 0.051 0.051 0.052 0.053 0.055 0.059 0.067 0.084 0.119 0.192 0.334
45.024 44.485 44.030 43.434 42.535 41.916 40.848 39.530 38.225 36.603 34.940 33.444 31.943 30.791 30.304 29.722 28.925 28.053 26.985 25.772 24.398 23.025 21.511 19.720 17.590 15.078 12.303 9.955 8.127 6.729 5.634 4.689 3.783 2.806 1.800 0.997 0.531 0.303 0.192 0.128 0.083 0.054 0.036 0.026 0.020 0.016 0.014 0.012 0.010 0.009 0.009 0.008 0.008 0.008 0.009 0.010 0.012 0.015 0.020 0.027 0.033 0.040 0.046 0.051 0.055 0.057 0.057 0.057 0.057 0.057 0.060 0.067 0.079 0.104 0.150 0.234
43.633 43.260 42.885 42.293 41.479 40.901 39.900 38.733 37.450 35.851 34.232 32.625 31.065 29.933 29.423 28.819 28.065 27.195 26.131 24.899 23.525 22.156 20.674 18.920 16.827 14.385 11.771 9.557 7.753 6.288 5.064 3.931 2.789 1.673 0.837 0.375 0.170 0.093 0.061 0.044 0.033 0.025 0.020 0.016 0.014 0.012 0.010 0.009 0.008 0.007 0.007 0.006 0.006 0.007 0.008 0.009 0.011 0.015 0.019 0.026 0.034 0.043 0.052 0.059 0.064 0.067 0.068 0.066 0.064 0.063 0.064 0.069 0.081 0.102 0.140 0.203
42.156 41.640 41.250 40.611 39.916 39.288 38.313 37.269 36.095 34.650 33.070 31.405 29.800 28.720 28.169 27.529 26.728 25.762 24.671 23.419 22.009 20.599 19.102 17.379 15.362 13.094 10.806 8.775 6.888 5.133 3.610 2.325 1.322 0.649 0.281 0.116 0.055 0.035 0.026 0.022 0.018 0.015 0.013 0.012 0.010 0.009 0.008 0.007 0.006 0.005 0.005 0.005 0.005 0.006 0.007 0.010 0.013 0.017 0.022 0.029 0.039 0.052 0.064 0.073 0.080 0.083 0.083 0.080 0.076 0.073 0.073 0.077 0.088 0.109 0.147 0.206
40.866 40.013 39.535 38.816 38.108 37.591 36.747 35.729 34.707 33.419 31.951 30.309 28.639 27.425 26.668 25.970 25.151 24.151 22.967 21.591 20.062 18.537 16.943 15.153 13.152 11.132 9.232 7.341 5.170 3.115 1.679 0.853 0.402 0.177 0.079 0.039 0.024 0.019 0.016 0.014 0.012 0.011 0.010 0.009 0.008 0.007 0.006 0.005 0.004 0.004 0.004 0.004 0.005 0.007 0.010 0.014 0.018 0.023 0.029 0.037 0.049 0.067 0.083 0.095 0.102 0.106 0.104 0.098 0.092 0.089 0.089 0.094 0.108 0.136 0.181 0.246
39.417 38.458 37.729 36.952 36.238 35.746 34.997 34.076 33.261 32.100 30.701 29.157 27.522 26.145 25.018 24.152 23.234 22.156 20.857 19.338 17.677 15.991 14.128 11.947 9.720 7.846 6.184 4.432 2.548 1.184 0.498 0.213 0.097 0.049 0.028 0.019 0.015 0.013 0.011 0.010 0.009 0.008 0.007 0.006 0.006 0.005 0.004 0.004 0.003 0.003 0.004 0.005 0.008 0.013 0.020 0.028 0.035 0.041 0.047 0.056 0.071 0.093 0.114 0.127 0.136 0.138 0.133 0.124 0.117 0.115 0.118 0.130 0.156 0.203 0.274 0.367
37.975 36.901 36.040 35.154 34.319 33.709 32.996 32.232 31.416 30.350 29.138 27.780 26.212 24.761 23.426 22.326 21.139 19.776 18.243 16.546 14.636 12.433 9.931 7.333 5.218 3.706 2.505 1.474 0.683 0.261 0.103 0.050 0.029 0.020 0.015 0.012 0.010 0.009 0.008 0.008 0.007 0.006 0.005 0.005 0.004 0.004 0.003 0.003 0.003 0.004 0.006 0.011 0.020 0.035 0.053 0.068 0.078 0.084 0.091 0.100 0.115 0.139 0.161 0.175 0.184 0.183 0.171 0.158 0.153 0.157 0.171 0.201 0.255 0.340 0.458 0.600
36.808 35.637 34.718 33.593 32.582 31.753 30.846 30.095 29.229 28.343 27.315 26.095 24.693 23.207 21.756 20.439 19.052 17.385 15.448 13.226 10.512 7.523 4.866 2.906 1.710 1.018 0.568 0.272 0.112 0.048 0.027 0.019 0.014 0.012 0.010 0.009 0.008 0.007 0.006 0.006 0.005 0.005 0.004 0.004 0.003 0.003 0.003 0.004 0.006 0.009 0.018 0.037 0.070 0.112 0.150 0.175 0.185 0.187 0.185 0.189 0.199 0.218 0.237 0.249 0.253 0.243 0.220 0.206 0.206 0.221 0.254 0.313 0.411 0.552 0.731 0.935
35.691 34.531 33.391 31.996 30.797 29.602 28.448 27.573 26.610 25.747 24.889 23.839 22.607 21.151 19.618 18.025 16.197 14.101 11.606 8.498 5.259 2.771 1.326 0.655 0.346 0.188 0.096 0.047 0.026 0.017 0.013 0.011 0.009 0.008 0.007 0.006 0.006 0.005 0.005 0.004 0.004 0.004 0.004 0.004 0.004 0.004 0.006 0.009 0.016 0.033 0.070 0.139 0.238 0.326 0.384 0.408 0.404 0.377 0.354 0.345 0.346 0.356 0.367 0.371 0.357 0.320 0.284 0.269 0.276 0.305 0.357 0.441 0.571 0.755 0.992 1.278
34.382 33.157 31.726 30.161 28.701 27.205 25.884 24.775 23.755 22.833 21.986 21.010 19.889 18.404 16.499 14.099 11.319 8.573 5.842 3.283 1.499 0.578 0.230 0.114 0.065 0.038 0.023 0.016 0.012 0.010 0.009 0.008 0.007 0.006 0.005 0.005 0.005 0.004 0.004 0.004 0.004 0.004 0.005 0.006 0.007 0.011 0.017 0.031 0.062 0.131 0.262 0.451 0.634 0.760 0.813 0.795 0.729 0.654 0.603 0.579 0.570 0.568 0.561 0.530 0.469 0.400 0.354 0.336 0.344 0.376 0.435 0.528 0.669 0.870 1.147 1.509
32.954 31.559 29.833 28.028 26.404 24.707 23.167 21.798 20.527 19.306 18.191 16.933 15.508 13.645 11.133 8.073 5.256 3.189 1.720 0.774 0.282 0.098 0.044 0.027 0.019 0.014 0.011 0.010 0.008 0.007 0.007 0.006 0.005 0.005 0.005 0.005 0.005 0.005 0.006 0.007 0.008 0.009 0.012 0.017 0.025 0.039 0.065 0.121 0.245 0.471 0.783 1.083 1.278 1.342 1.265 1.120 0.983 0.892 0.838 0.807 0.785 0.760 0.715 0.640 0.544 0.462 0.410 0.387 0.391 0.420 0.478 0.571 0.712 0.916 1.214 1.635
30.928 29.306 27.398 25.453 23.797 22.090 20.420 18.734 17.063 15.340 13.529 11.547 9.476 7.317 5.107 3.107 1.679 0.816 0.363 0.148 0.056 0.025 0.016 0.012 0.010 0.009 0.008 0.007 0.007 0.006 0.006 0.006 0.006 0.007 0.007 0.009 0.010 0.012 0.015 0.019 0.025 0.033 0.045 0.065 0.098 0.153 0.253 0.451 0.808 1.276 1.686 1.884 1.881 1.727 1.490 1.276 1.127 1.036 0.983 0.945 0.908 0.858 0.784 0.688 0.585 0.504 0.450 0.421 0.419 0.443 0.495 0.583 0.720 0.923 1.224 1.673
28.233 26.430 24.604 22.789 21.187 19.506 17.785 15.843 13.622 11.150 8.710 6.474 4.563 2.973 1.725 0.887 0.417 0.189 0.088 0.044 0.025 0.016 0.012 0.009 0.008 0.007 0.007 0.007 0.007 0.008 0.010 0.011 0.014 0.017 0.021 0.027 0.035 0.044 0.056 0.075 0.100 0.133 0.181 0.259 0.380 0.560 0.838 1.307 1.908 2.358 2.517 2.442 2.199 1.868 1.572 1.354 1.205 1.110 1.048 0.996 0.943 0.879 0.799 0.705 0.609 0.531 0.474 0.441 0.432 0.450 0.497 0.579 0.704 0.893 1.182 1.632
25.367 23.411 21.577 19.855 18.316 16.634 14.729 12.396 9.567 6.700 4.420 2.785 1.652 0.924 0.492 0.254 0.134 0.078 0.050 0.034 0.023 0.016 0.012 0.010 0.009 0.009 0.010 0.012 0.016 0.021 0.028 0.036 0.047 0.061 0.081 0.106 0.136 0.174 0.228 0.300 0.389 0.497 0.650 0.870 1.166 1.533 1.985 2.496 2.904 3.054 2.969 2.697 2.301 1.911 1.615 1.399 1.247 1.143 1.066 1.001 0.941 0.878 0.803 0.716 0.622 0.544 0.486 0.449 0.435 0.445 0.480 0.538 0.627 0.766 0.994 1.381
21.921 20.018 18.263 16.533 14.749 12.587 10.032 7.226 4.638 2.750 1.542 0.837 0.468 0.286 0.192 0.136 0.097 0.072 0.054 0.041 0.030 0.023 0.018 0.016 0.016 0.018 0.024 0.036 0.054 0.077 0.105 0.139 0.182 0.241 0.318 0.407 0.508 0.632 0.795 0.982 1.179 1.412 1.712 2.060 2.396 2.688 2.968 3.216 3.344 3.311 3.111 2.768 2.333 1.935 1.634 1.416 1.264 1.155 1.070 0.999 0.937 0.874 0.801 0.714 0.618 0.539 0.480 0.440 0.416 0.407 0.410 0.422 0.447 0.497 0.604 0.832
17.985 16.065 14.142 11.949 9.450 6.849 4.490 2.660 1.437 0.739 0.397 0.251 0.192 0.167 0.151 0.132 0.112 0.097 0.082 0.066 0.052 0.042 0.037 0.036 0.040 0.055 0.086 0.135 0.203 0.289 0.390 0.507 0.651 0.832 1.034 1.238 1.449 1.703 2.004 2.283 2.522 2.731 2.913 3.063 3.175 3.265 3.358 3.424 3.426 3.339 3.127 2.794 2.356 1.946 1.639 1.419 1.266 1.156 1.064 0.979 0.891 0.805 0.717 0.622 0.531 0.461 0.411 0.372 0.334 0.298 0.266 0.242 0.229 0.230 0.254 0.330
13.156 10.999 8.745 6.450 4.313 2.591 1.386 0.694 0.367 0.233 0.184 0.169 0.166 0.168 0.171 0.172 0.169 0.161 0.145 0.121 0.101 0.089 0.086 0.094 0.126 0.196 0.316 0.488 0.707 0.955 1.214 1.487 1.788 2.125 2.458 2.750 3.017 3.276 3.483 3.585 3.604 3.581 3.529 3.464 3.415 3.398 3.411 3.423 3.408 3.321 3.127 2.806 2.366 1.946 1.632 1.404 1.238 1.110 0.987 0.849 0.696 0.558 0.440 0.351 0.292 0.258 0.237 0.214 0.184 0.153 0.127 0.110 0.100 0.096 0.099 0.116
9.032 6.769 4.687 2.940 1.651 0.855 0.452 0.278 0.210 0.187 0.180 0.187 0.202 0.225 0.251 0.270 0.278 0.274 0.259 0.232 0.208 0.199 0.210 0.270 0.417 0.670 1.022 1.455 1.934 2.405 2.845 3.240 3.601 3.915 4.145 4.301 4.399 4.448 4.425 4.322 4.144 3.923 3.709 3.535 3.431 3.392 3.386 3.385 3.365 3.276 3.082 2.761 2.319 1.890 1.558 1.304 1.101 0.919 0.731 0.530 0.349 0.225 0.151 0.111 0.093 0.087 0.086 0.084 0.075 0.065 0.056 0.050 0.046 0.044 0.045 0.049
5.934 3.994 2.445 1.381 0.758 0.452 0.316 0.252 0.227 0.226 0.241 0.269 0.307 0.354 0.399 0.432 0.455 0.465 0.461 0.446 0.433 0.445 0.533 0.774 1.211 1.812 2.505 3.242 3.922 4.431 4.752 4.945 5.072 5.162 5.214 5.222 5.174 5.071 4.901 4.666 4.368 4.032 3.741 3.523 3.389 3.324 3.286 3.238 3.152 2.992 2.741 2.397 1.979 1.590 1.272 1.006 0.768 0.548 0.356 0.207 0.113 0.063 0.039 0.030 0.027 0.028 0.030 0.032 0.032 0.030 0.028 0.027 0.026 0.025 0.026 0.027
3.632 2.291 1.371 0.838 0.560 0.417 0.343 0.318 0.322 0.342 0.377 0.426 0.486 0.554 0.615 0.671 0.732 0.787 0.821 0.842 0.870 0.985 1.296 1.884 2.752 3.678 4.480 5.122 5.590 5.850 5.931 5.915 5.858 5.789 5.720 5.636 5.516 5.350 5.125 4.833 4.468 4.071 3.736 3.472 3.265 3.096 2.932 2.737 2.492 2.196 1.863 1.524 1.211 0.950 0.728 0.532 0.363 0.227 0.126 0.064 0.032 0.018 0.012 0.010 0.010 0.011 0.013 0.015 0.016 0.017 0.017 0.017 0.017 0.017 0.017 0.018
2.187 1.427 0.979 0.728 0.576 0.496 0.473 0.479 0.502 0.541 0.594 0.662 0.743 0.831 0.920 1.020 1.154 1.293 1.399 1.494 1.650 2.006 2.660 3.586 4.535 5.298 5.881 6.278 6.488 6.545 6.508 6.410 6.264 6.092 5.941 5.807 5.666 5.494 5.254 4.922 4.503 4.072 3.687 3.323 2.949 2.556 2.158 1.762 1.399 1.103 0.867 0.676 0.527 0.408 0.306 0.217 0.140 0.082 0.044 0.022 0.012 0.007 0.005 0.005 0.005 0.006 0.007 0.008 0.010 0.011 0.011 0.011 0.012 0.012 0.012 0.013
1.497 1.132 0.920 0.786 0.718 0.698 0.708 0.733 0.772 0.825 0.895 0.983 1.085 1.201 1.335 1.509 1.743 1.986 2.194 2.415 2.772 3.331 4.092 4.920 5.614 6.169 6.581 6.816 6.883 6.874 6.828 6.721 6.527 6.262 6.045 5.886 5.743 5.574 5.315 4.948 4.494 3.987 3.449 2.879 2.268 1.674 1.198 0.857 0.622 0.468 0.366 0.290 0.228 0.175 0.130 0.092 0.060 0.036 0.021 0.013 0.008 0.006 0.004 0.004 0.004 0.004 0.004 0.005 0.006 0.007 0.007 0.007 0.008 0.008 0.009 0.009
1.280 1.102 1.005 0.969 0.984 1.011 1.046 1.087 1.137 1.202 1.286 1.392 1.520 1.676 1.863 2.092 2.354 2.627 2.898 3.215 3.660 4.247 4.937 5.561 6.083 6.524 6.850 7.036 7.099 7.103 7.064 6.938 6.690 6.339 6.063 5.889 5.743 5.563 5.282 4.865 4.316 3.636 2.854 2.070 1.389 0.905 0.597 0.410 0.299 0.232 0.189 0.155 0.125 0.098 0.075 0.055 0.038 0.025 0.017 0.011 0.008 0.005 0.004 0.003 0.003 0.003 0.003 0.003 0.003 0.004 0.004 0.005 0.005 0.005 0.006 0.006
1.225 1.166 1.187 1.272 1.375 1.447 1.500 1.551 1.606 1.678 1.771 1.889 2.028 2.191 2.372 2.577 2.809 3.073 3.367 3.729 4.186 4.746 5.330 5.831 6.270 6.655 6.962 7.164 7.258 7.274 7.231 7.068 6.756 6.350 6.000 5.722 5.468 5.181 4.813 4.310 3.652 2.819 1.927 1.220 0.758 0.480 0.328 0.244 0.194 0.160 0.135 0.113 0.093 0.075 0.059 0.044 0.033 0.023 0.016 0.011 0.008 0.006 0.004 0.003 0.002 0.002 0.001 0.001 0.002 0.002 0.002 0.002 0.003 0.003 0.004 0.004
1.206 1.282 1.473 1.733 1.928 2.031 2.085 2.128 2.170 2.222 2.290 2.377 2.483 2.611 2.757 2.922 3.120 3.363 3.652 4.029 4.490 5.034 5.548 5.984 6.363 6.702 6.995 7.216 7.329 7.349 7.294 7.109 6.761 6.283 5.768 5.236 4.677 4.140 3.610 3.021 2.355 1.641 1.050 0.659 0.422 0.293 0.225 0.185 0.158 0.136 0.115 0.097 0.081 0.066 0.052 0.040 0.030 0.022 0.016 0.011 0.008 0.006 0.004 0.003 0.002 0.001 0.001 0.000 0.001 0.001 0.001 0.001 0.001 0.002 0.002 0.002
1.259 1.519 1.963 2.392 2.646 2.724 2.718 2.693 2.687 2.698 2.728 2.776 2.841 2.921 3.022 3.144 3.309 3.528 3.813 4.198 4.684 5.222 5.689 6.074 6.402 6.696 6.944 7.122 7.198 7.190 7.108 6.896 6.528 5.977 5.269 4.378 3.383 2.552 1.946 1.485 1.093 0.761 0.515 0.357 0.263 0.209 0.177 0.155 0.137 0.119 0.103 0.087 0.072 0.059 0.047 0.037 0.028 0.021 0.016 0.011 0.008 0.006 0.004 0.002 0.001 0.000 0.000 0.000 0.000 0.000 0.000 0.000 0.000 0.001 0.001 0.001
1.468 1.994 2.614 3.042 3.236 3.263 3.208 3.135 3.099 3.083 3.078 3.085 3.104 3.135 3.190 3.271 3.404 3.600 3.880 4.268 4.785 5.322 5.752 6.092 6.354 6.526 6.612 6.585 6.467 6.329 6.169 5.931 5.591 5.063 4.256 3.071 1.961 1.259 0.845 0.594 0.436 0.330 0.258 0.210 0.180 0.160 0.144 0.131 0.118 0.104 0.091 0.077 0.064 0.053 0.043 0.034 0.026 0.020 0.015 0.011 0.008 0.005 0.003 0.002 0.001 0.000 0.000 0.000 0.000 0.000 0.000 0.000 0.000 0.000 0.000 0.000
