RESULTS/r.avaflow_results/14_results/14_ascii/14_hflow3_fin.asc
ncols 506
nrows 317
xllcenter 498237.50
yllcenter 5580050.00
cellsize 12.50
NODATA_value -9999.000
[rows 170 to 203 of 317, columns 231 to 307 of 506]
0.161 0.110 0.082 0.070 0.068 0.070 0.085 0.141 0.300 0.605 0.847 0.940 0.948 0.888 0.710 0.415 0.192 0.086 0.042 0.024 0.017 0.013 0.010 0.008 0.007 0.006 0.005 0.004 0.003 0.002 0.002 0.001 0.001 0.001 0.000 0.000 0.000 0.000 0.000 0.000 0.000 0.000 0.000 0.000 0.000 0.000 0.000 0.000 0.000 0.000 0.000 0.000 0.000 0.000 0.000 0.000 0.000 0.000 0.000 0.000 0.000 0.000 0.000 0.000 0.000 0.000 0.000 0.000 0.000 0.000 0.000 0.000 0.000 0.000 0.000 0.000 0.000
0.274 0.173 0.120 0.099 0.095 0.102 0.140 0.277 0.658 1.356 1.870 2.042 2.032 1.875 1.495 0.905 0.427 0.179 0.073 0.035 0.021 0.015 0.012 0.010 0.008 0.007 0.006 0.005 0.004 0.003 0.002 0.002 0.001 0.001 0.001 0.000 0.000 0.000 0.000 0.000 0.000 0.000 0.000 0.000 0.000 0.000 0.000 0.000 0.000 0.000 0.000 0.000 0.000 0.000 0.000 0.000 0.000 0.000 0.000 0.000 0.000 0.000 0.000 0.000 0.000 0.000 0.000 0.000 0.000 0.000 0.000 0.000 0.000 0.000 0.000 0.000 0.000
0.490 0.288 0.184 0.144 0.138 0.150 0.222 0.474 1.131 2.217 2.925 3.130 3.079 2.824 2.325 1.559 0.804 0.343 0.129 0.053 0.028 0.019 0.014 0.011 0.009 0.008 0.007 0.006 0.005 0.004 0.003 0.002 0.002 0.001 0.001 0.001 0.000 0.000 0.000 0.000 0.000 0.000 0.000 0.000 0.000 0.000 0.000 0.000 0.000 0.000 0.000 0.000 0.000 0.000 0.000 0.000 0.000 0.000 0.000 0.000 0.000 0.000 0.000 0.000 0.000 0.000 0.000 0.000 0.000 0.000 0.000 0.000 0.000 0.000 0.000 0.000 0.000
0.748 0.484 0.292 0.215 0.202 0.220 0.331 0.687 1.515 2.734 3.483 3.691 3.617 3.319 2.803 2.057 1.187 0.556 0.214 0.080 0.037 0.023 0.017 0.013 0.011 0.009 0.008 0.007 0.006 0.005 0.004 0.003 0.003 0.002 0.002 0.001 0.001 0.001 0.000 0.000 0.000 0.000 0.000 0.000 0.000 0.000 0.000 0.000 0.000 0.000 0.000 0.000 0.000 0.000 0.000 0.000 0.000 0.000 0.000 0.000 0.000 0.000 0.000 0.000 0.000 0.000 0.000 0.000 0.000 0.000 0.000 0.000 0.000 0.000 0.000 0.000 0.001
0.903 0.700 0.459 0.326 0.298 0.323 0.476 0.924 1.841 2.974 3.644 3.830 3.755 3.459 2.972 2.314 1.488 0.772 0.325 0.121 0.051 0.028 0.019 0.015 0.013 0.011 0.009 0.008 0.007 0.006 0.005 0.004 0.003 0.003 0.002 0.002 0.001 0.001 0.001 0.000 0.000 0.000 0.000 0.000 0.000 0.000 0.000 0.000 0.000 0.000 0.000 0.000 0.000 0.000 0.000 0.000 0.000 0.000 0.000 0.000 0.000 0.000 0.000 0.000 0.000 0.000 0.000 0.000 0.000 0.000 0.000 0.000 0.000 0.000 0.000 0.001 0.002
0.942 0.821 0.620 0.474 0.438 0.484 0.708 1.255 2.191 3.093 3.608 3.762 3.694 3.415 2.964 2.398 1.725 1.019 0.483 0.189 0.074 0.037 0.024 0.018 0.014 0.012 0.010 0.009 0.008 0.007 0.006 0.005 0.004 0.004 0.003 0.002 0.002 0.001 0.001 0.001 0.000 0.000 0.000 0.000 0.000 0.000 0.000 0.000 0.000 0.000 0.000 0.000 0.000 0.000 0.000 0.000 0.000 0.000 0.000 0.000 0.000 0.000 0.000 0.000 0.000 0.000 0.000 0.000 0.000 0.000 0.000 0.000 0.000 0.001 0.002 0.003 0.005
0.910 0.851 0.728 0.644 0.649 0.783 1.144 1.807 2.590 3.139 3.408 3.471 3.393 3.168 2.816 2.368 1.867 1.300 0.713 0.309 0.119 0.053 0.030 0.021 0.017 0.014 0.012 0.010 0.009 0.008 0.007 0.006 0.005 0.004 0.004 0.003 0.003 0.002 0.002 0.001 0.001 0.001 0.000 0.000 0.000 0.000 0.000 0.000 0.000 0.000 0.000 0.000 0.000 0.000 0.000 0.000 0.000 0.000 0.000 0.000 0.000 0.000 0.000 0.000 0.000 0.000 0.000 0.000 0.000 0.000 0.000 0.001 0.001 0.002 0.004 0.006 0.008
0.807 0.821 0.811 0.857 1.015 1.363 1.923 2.522 2.928 3.085 3.075 2.977 2.849 2.689 2.481 2.218 1.894 1.497 0.972 0.487 0.204 0.086 0.044 0.028 0.020 0.016 0.014 0.012 0.011 0.009 0.008 0.007 0.006 0.005 0.005 0.004 0.003 0.003 0.002 0.002 0.001 0.001 0.001 0.000 0.000 0.000 0.000 0.000 0.000 0.000 0.000 0.000 0.000 0.000 0.000 0.000 0.000 0.000 0.000 0.000 0.000 0.000 0.000 0.000 0.000 0.000 0.000 0.000 0.000 0.001 0.001 0.002 0.003 0.005 0.008 0.010 0.014
0.690 0.788 0.924 1.175 1.614 2.176 2.694 3.011 3.117 3.054 2.863 2.631 2.449 2.293 2.142 1.985 1.804 1.552 1.164 0.692 0.340 0.153 0.072 0.040 0.027 0.020 0.016 0.014 0.012 0.011 0.010 0.008 0.007 0.006 0.006 0.005 0.004 0.004 0.003 0.003 0.002 0.002 0.001 0.001 0.000 0.000 0.000 0.000 0.000 0.000 0.000 0.000 0.000 0.000 0.000 0.000 0.000 0.000 0.000 0.000 0.000 0.000 0.000 0.000 0.000 0.000 0.000 0.000 0.001 0.002 0.003 0.005 0.007 0.009 0.013 0.017 0.022
0.653 0.826 1.120 1.609 2.228 2.755 3.080 3.206 3.189 3.042 2.761 2.476 2.271 2.108 1.967 1.833 1.698 1.535 1.283 0.911 0.534 0.275 0.132 0.067 0.040 0.027 0.021 0.017 0.015 0.013 0.011 0.010 0.009 0.008 0.007 0.006 0.005 0.005 0.004 0.003 0.003 0.002 0.002 0.001 0.001 0.001 0.000 0.000 0.000 0.000 0.000 0.000 0.000 0.000 0.000 0.000 0.000 0.000 0.000 0.000 0.001 0.001 0.001 0.001 0.001 0.001 0.001 0.002 0.003 0.004 0.006 0.008 0.011 0.015 0.021 0.030 0.042
0.696 0.966 1.414 2.021 2.594 2.989 3.187 3.234 3.196 3.023 2.715 2.415 2.200 2.032 1.895 1.775 1.663 1.541 1.381 1.138 0.800 0.474 0.251 0.127 0.068 0.041 0.029 0.022 0.018 0.015 0.013 0.011 0.010 0.009 0.008 0.007 0.006 0.006 0.005 0.004 0.004 0.003 0.003 0.002 0.002 0.001 0.001 0.001 0.001 0.000 0.000 0.000 0.000 0.000 0.000 0.000 0.000 0.000 0.001 0.001 0.002 0.002 0.002 0.002 0.003 0.003 0.003 0.004 0.006 0.007 0.010 0.013 0.018 0.026 0.039 0.061 0.095
0.865 1.235 1.763 2.330 2.763 3.042 3.175 3.206 3.170 3.003 2.700 2.395 2.173 2.003 1.870 1.764 1.675 1.594 1.507 1.368 1.115 0.767 0.457 0.251 0.134 0.075 0.046 0.032 0.024 0.019 0.016 0.013 0.012 0.010 0.009 0.008 0.008 0.007 0.006 0.006 0.005 0.004 0.004 0.003 0.003 0.002 0.002 0.002 0.001 0.001 0.001 0.001 0.001 0.001 0.001 0.001 0.001 0.002 0.003 0.003 0.004 0.004 0.005 0.005 0.005 0.006 0.007 0.008 0.009 0.012 0.015 0.020 0.030 0.048 0.087 0.155 0.248
1.180 1.614 2.135 2.575 2.876 3.056 3.135 3.151 3.120 2.977 2.698 2.393 2.171 1.999 1.869 1.785 1.740 1.714 1.685 1.618 1.448 1.142 0.776 0.482 0.282 0.160 0.092 0.057 0.039 0.027 0.021 0.016 0.014 0.012 0.011 0.010 0.009 0.008 0.008 0.007 0.006 0.006 0.005 0.005 0.004 0.004 0.003 0.003 0.003 0.003 0.002 0.002 0.002 0.002 0.003 0.003 0.003 0.004 0.005 0.006 0.007 0.007 0.008 0.008 0.009 0.010 0.011 0.012 0.014 0.018 0.023 0.034 0.057 0.112 0.235 0.440 0.652
1.608 2.086 2.530 2.828 2.999 3.090 3.130 3.136 3.096 2.964 2.713 2.425 2.207 2.038 1.919 1.866 1.865 1.890 1.904 1.878 1.773 1.552 1.221 0.872 0.584 0.368 0.219 0.128 0.076 0.047 0.030 0.022 0.017 0.015 0.013 0.012 0.011 0.010 0.009 0.009 0.008 0.007 0.007 0.006 0.006 0.005 0.005 0.005 0.005 0.004 0.004 0.004 0.005 0.005 0.005 0.006 0.006 0.007 0.009 0.010 0.011 0.012 0.012 0.013 0.014 0.015 0.016 0.018 0.021 0.027 0.038 0.063 0.126 0.283 0.619 1.122 1.526
2.137 2.629 2.979 3.148 3.203 3.215 3.200 3.170 3.112 2.995 2.799 2.565 2.375 2.223 2.113 2.061 2.062 2.096 2.117 2.106 2.053 1.941 1.743 1.443 1.109 0.800 0.530 0.316 0.174 0.093 0.052 0.032 0.023 0.018 0.016 0.015 0.013 0.012 0.012 0.011 0.010 0.009 0.009 0.008 0.008 0.007 0.007 0.007 0.007 0.007 0.007 0.007 0.007 0.008 0.009 0.009 0.011 0.012 0.014 0.016 0.017 0.018 0.019 0.019 0.020 0.021 0.024 0.027 0.033 0.045 0.071 0.133 0.283 0.633 1.319 2.192 2.788
2.664 3.097 3.399 3.536 3.549 3.506 3.419 3.336 3.261 3.171 3.051 2.905 2.775 2.660 2.547 2.424 2.341 2.316 2.318 2.315 2.306 2.278 2.207 2.063 1.821 1.494 1.117 0.716 0.391 0.194 0.097 0.053 0.034 0.025 0.021 0.018 0.017 0.016 0.015 0.014 0.013 0.012 0.011 0.010 0.010 0.010 0.010 0.009 0.009 0.010 0.010 0.010 0.011 0.012 0.013 0.015 0.016 0.018 0.021 0.024 0.026 0.027 0.028 0.029 0.031 0.033 0.038 0.046 0.061 0.090 0.150 0.282 0.564 1.105 1.959 2.907 3.554
3.088 3.436 3.685 3.816 3.851 3.830 3.759 3.690 3.642 3.593 3.544 3.490 3.442 3.375 3.232 2.963 2.693 2.555 2.521 2.528 2.552 2.578 2.596 2.575 2.501 2.317 1.952 1.380 0.764 0.374 0.178 0.092 0.054 0.037 0.028 0.024 0.021 0.020 0.019 0.018 0.017 0.015 0.014 0.014 0.013 0.013 0.013 0.013 0.013 0.013 0.014 0.015 0.016 0.018 0.020 0.022 0.026 0.029 0.033 0.039 0.043 0.046 0.048 0.050 0.053 0.060 0.072 0.094 0.133 0.202 0.324 0.547 0.924 1.474 2.232 3.116 3.748
3.394 3.651 3.832 3.934 3.982 4.010 4.070 4.195 4.267 4.283 4.287 4.270 4.205 4.077 3.847 3.459 3.054 2.816 2.739 2.745 2.789 2.867 2.977 3.057 3.080 3.012 2.736 2.143 1.290 0.648 0.314 0.161 0.091 0.058 0.042 0.034 0.029 0.027 0.026 0.024 0.023 0.021 0.019 0.018 0.017 0.016 0.016 0.016 0.017 0.017 0.019 0.021 0.023 0.027 0.032 0.037 0.044 0.051 0.060 0.072 0.083 0.091 0.096 0.103 0.112 0.132 0.167 0.229 0.324 0.457 0.644 0.909 1.234 1.631 2.238 3.024 3.580
3.557 3.744 3.872 3.958 4.030 4.128 4.353 4.731 4.948 4.990 4.959 4.859 4.702 4.491 4.193 3.782 3.371 3.099 2.984 2.972 3.023 3.169 3.402 3.565 3.622 3.585 3.326 2.725 1.802 1.000 0.519 0.274 0.154 0.095 0.066 0.051 0.044 0.041 0.039 0.038 0.036 0.032 0.027 0.024 0.022 0.021 0.021 0.021 0.022 0.024 0.027 0.031 0.038 0.048 0.059 0.072 0.087 0.107 0.134 0.164 0.189 0.210 0.229 0.250 0.284 0.340 0.435 0.578 0.748 0.920 1.083 1.233 1.383 1.627 2.065 2.570 2.876
3.587 3.748 3.858 3.950 4.059 4.258 4.671 5.169 5.410 5.437 5.339 5.140 4.912 4.659 4.335 3.968 3.635 3.383 3.251 3.225 3.291 3.555 3.929 4.129 4.173 4.085 3.754 3.104 2.176 1.360 0.797 0.454 0.263 0.162 0.110 0.085 0.074 0.071 0.071 0.071 0.067 0.059 0.046 0.037 0.032 0.030 0.029 0.029 0.031 0.034 0.042 0.057 0.078 0.103 0.131 0.161 0.200 0.260 0.345 0.422 0.478 0.528 0.578 0.641 0.736 0.874 1.058 1.261 1.418 1.490 1.465 1.408 1.403 1.480 1.622 1.710 1.672
3.451 3.629 3.763 3.895 4.078 4.422 4.986 5.449 5.632 5.623 5.469 5.213 4.959 4.694 4.366 4.063 3.834 3.655 3.550 3.541 3.694 4.144 4.617 4.784 4.747 4.518 4.039 3.283 2.394 1.675 1.134 0.732 0.455 0.289 0.199 0.158 0.145 0.145 0.158 0.165 0.161 0.139 0.100 0.070 0.054 0.047 0.044 0.044 0.047 0.057 0.082 0.129 0.194 0.257 0.320 0.388 0.479 0.634 0.839 0.998 1.107 1.188 1.268 1.383 1.564 1.774 1.926 1.991 1.969 1.865 1.677 1.464 1.296 1.151 1.017 0.895 0.773
2.916 3.203 3.457 3.711 4.021 4.506 5.132 5.543 5.677 5.642 5.472 5.214 4.963 4.696 4.367 4.117 3.975 3.907 3.895 3.987 4.308 4.860 5.231 5.312 5.204 4.845 4.202 3.317 2.500 1.890 1.421 1.047 0.747 0.525 0.387 0.323 0.310 0.333 0.406 0.442 0.436 0.378 0.262 0.162 0.111 0.086 0.077 0.076 0.083 0.113 0.191 0.341 0.511 0.641 0.750 0.860 1.018 1.297 1.587 1.746 1.816 1.858 1.906 2.010 2.201 2.373 2.430 2.384 2.241 2.018 1.738 1.414 1.071 0.783 0.582 0.447 0.352
1.856 2.306 2.758 3.214 3.727 4.391 5.076 5.493 5.610 5.565 5.409 5.189 4.959 4.690 4.364 4.154 4.080 4.093 4.197 4.420 4.821 5.299 5.537 5.573 5.441 5.020 4.263 3.294 2.533 1.986 1.565 1.230 0.971 0.787 0.675 0.627 0.635 0.750 0.957 1.056 1.049 0.927 0.665 0.402 0.254 0.182 0.154 0.150 0.169 0.257 0.479 0.849 1.179 1.388 1.520 1.625 1.752 1.941 2.103 2.164 2.157 2.142 2.155 2.231 2.401 2.538 2.561 2.486 2.300 2.033 1.698 1.266 0.830 0.525 0.343 0.240 0.181
0.808 1.159 1.628 2.237 2.956 3.818 4.642 5.161 5.354 5.354 5.270 5.126 4.940 4.679 4.358 4.181 4.150 4.210 4.385 4.662 5.042 5.405 5.582 5.603 5.473 5.037 4.209 3.200 2.477 1.973 1.582 1.277 1.056 0.919 0.861 0.861 0.945 1.196 1.519 1.666 1.667 1.530 1.215 0.824 0.551 0.395 0.328 0.318 0.371 0.599 1.104 1.741 2.186 2.390 2.439 2.411 2.336 2.304 2.302 2.269 2.209 2.158 2.147 2.190 2.317 2.435 2.460 2.402 2.224 1.934 1.531 1.024 0.604 0.348 0.212 0.144 0.110
0.275 0.439 0.693 1.094 1.724 2.632 3.625 4.386 4.823 5.003 5.048 5.002 4.884 4.650 4.343 4.192 4.182 4.267 4.448 4.707 4.996 5.213 5.310 5.308 5.157 4.692 3.821 2.830 2.164 1.741 1.437 1.203 1.034 0.936 0.909 0.941 1.083 1.398 1.748 1.910 1.920 1.799 1.512 1.127 0.847 0.684 0.616 0.614 0.745 1.184 1.938 2.583 2.923 3.033 3.016 2.899 2.675 2.460 2.322 2.207 2.076 1.963 1.897 1.879 1.922 1.991 2.025 2.006 1.882 1.616 1.192 0.714 0.396 0.224 0.137 0.096 0.077
0.091 0.144 0.236 0.407 0.720 1.257 2.084 3.051 3.879 4.394 4.663 4.748 4.708 4.540 4.284 4.170 4.177 4.267 4.393 4.503 4.521 4.455 4.368 4.252 4.024 3.537 2.732 1.926 1.424 1.153 1.003 0.909 0.850 0.830 0.852 0.920 1.089 1.415 1.749 1.909 1.927 1.824 1.571 1.224 0.978 0.849 0.813 0.850 1.071 1.626 2.426 2.965 3.203 3.254 3.221 3.081 2.815 2.493 2.205 1.939 1.681 1.464 1.313 1.232 1.205 1.214 1.238 1.246 1.197 1.028 0.722 0.418 0.239 0.143 0.094 0.071 0.061
0.038 0.054 0.080 0.131 0.236 0.452 0.853 1.495 2.363 3.247 3.867 4.167 4.249 4.199 4.079 4.026 4.044 4.086 4.028 3.798 3.383 2.968 2.639 2.366 2.077 1.706 1.230 0.833 0.606 0.502 0.465 0.460 0.484 0.539 0.625 0.748 0.944 1.255 1.535 1.674 1.697 1.632 1.453 1.184 0.985 0.892 0.880 0.950 1.214 1.780 2.517 2.980 3.163 3.193 3.164 3.043 2.786 2.382 1.895 1.452 1.091 0.842 0.693 0.617 0.592 0.589 0.593 0.592 0.572 0.501 0.364 0.224 0.141 0.094 0.069 0.057 0.052
0.021 0.027 0.035 0.050 0.078 0.138 0.267 0.524 0.972 1.669 2.444 3.026 3.335 3.472 3.533 3.554 3.548 3.433 3.070 2.420 1.774 1.349 1.087 0.904 0.744 0.578 0.401 0.275 0.207 0.182 0.179 0.186 0.208 0.250 0.316 0.425 0.600 0.836 1.014 1.105 1.131 1.118 1.057 0.944 0.863 0.836 0.858 0.955 1.219 1.719 2.280 2.602 2.718 2.743 2.733 2.667 2.450 2.009 1.399 0.934 0.645 0.466 0.361 0.308 0.287 0.281 0.278 0.272 0.259 0.230 0.177 0.122 0.087 0.067 0.056 0.050 0.048
0.014 0.017 0.020 0.026 0.034 0.050 0.082 0.149 0.293 0.583 1.045 1.549 1.967 2.284 2.477 2.538 2.470 2.171 1.630 1.044 0.675 0.472 0.361 0.290 0.233 0.177 0.128 0.094 0.078 0.074 0.075 0.079 0.090 0.109 0.140 0.192 0.278 0.392 0.468 0.505 0.521 0.525 0.524 0.524 0.555 0.614 0.700 0.831 1.046 1.327 1.554 1.659 1.700 1.734 1.774 1.777 1.664 1.333 0.872 0.568 0.388 0.276 0.208 0.172 0.155 0.147 0.141 0.135 0.126 0.112 0.093 0.074 0.062 0.054 0.049 0.047 0.047
0.010 0.012 0.014 0.016 0.020 0.025 0.034 0.051 0.085 0.165 0.331 0.587 0.865 1.096 1.234 1.262 1.194 0.971 0.628 0.361 0.221 0.156 0.123 0.102 0.085 0.068 0.054 0.045 0.041 0.040 0.041 0.043 0.047 0.055 0.067 0.087 0.121 0.164 0.190 0.203 0.208 0.212 0.219 0.233 0.261 0.313 0.400 0.514 0.611 0.667 0.688 0.697 0.708 0.736 0.792 0.828 0.813 0.698 0.497 0.343 0.243 0.177 0.134 0.109 0.096 0.088 0.082 0.076 0.070 0.064 0.058 0.054 0.050 0.048 0.047 0.046 0.046
0.007 0.008 0.010 0.012 0.014 0.016 0.019 0.025 0.034 0.054 0.099 0.182 0.305 0.414 0.472 0.482 0.449 0.354 0.213 0.124 0.082 0.063 0.054 0.048 0.044 0.039 0.034 0.030 0.029 0.028 0.029 0.030 0.032 0.035 0.040 0.047 0.060 0.074 0.083 0.087 0.089 0.092 0.096 0.103 0.117 0.140 0.179 0.222 0.246 0.253 0.254 0.256 0.261 0.275 0.306 0.342 0.354 0.336 0.280 0.215 0.162 0.122 0.094 0.077 0.067 0.061 0.055 0.051 0.048 0.046 0.045 0.046 0.047 0.047 0.047 0.046 0.046
0.005 0.006 0.007 0.008 0.010 0.011 0.013 0.016 0.020 0.026 0.038 0.063 0.104 0.140 0.158 0.161 0.153 0.125 0.079 0.052 0.040 0.035 0.032 0.031 0.030 0.028 0.026 0.024 0.024 0.023 0.023 0.024 0.025 0.026 0.028 0.031 0.036 0.041 0.044 0.046 0.047 0.048 0.050 0.053 0.059 0.067 0.079 0.091 0.096 0.099 0.100 0.102 0.105 0.111 0.124 0.147 0.164 0.169 0.163 0.143 0.116 0.091 0.072 0.059 0.051 0.046 0.043 0.040 0.038 0.039 0.041 0.044 0.046 0.047 0.047 0.047 0.048
0.003 0.004 0.004 0.006 0.007 0.008 0.010 0.011 0.013 0.016 0.021 0.029 0.042 0.054 0.059 0.060 0.058 0.051 0.038 0.029 0.026 0.024 0.024 0.023 0.023 0.023 0.022 0.021 0.021 0.020 0.020 0.021 0.021 0.022 0.023 0.024 0.026 0.028 0.029 0.030 0.030 0.031 0.032 0.034 0.036 0.039 0.043 0.046 0.047 0.048 0.050 0.051 0.054 0.057 0.063 0.074 0.089 0.099 0.103 0.099 0.088 0.071 0.058 0.049 0.043 0.039 0.036 0.035 0.035 0.036 0.039 0.043 0.046 0.047 0.049 0.050 0.053
0.001 0.002 0.003 0.004 0.005 0.006 0.007 0.008 0.010 0.012 0.014 0.018 0.023 0.026 0.028 0.029 0.029 0.027 0.023 0.020 0.019 0.018 0.019 0.019 0.019 0.019 0.019 0.018 0.018 0.018 0.018 0.018 0.019 0.019 0.019 0.020 0.021 0.022 0.022 0.023 0.023 0.024 0.025 0.026 0.027 0.028 0.030 0.031 0.031 0.032 0.033 0.035 0.038 0.040 0.044 0.050 0.059 0.069 0.073 0.073 0.068 0.058 0.049 0.042 0.038 0.035 0.033 0.033 0.034 0.036 0.039 0.043 0.047 0.050 0.053 0.058 0.064
