RESULTS/r.avaflow_results/14_results/14_ascii/14_hflow30056.asc
ncols 506
nrows 317
xllcenter 498237.50
yllcenter 5580050.00
cellsize 12.50
NODATA_value -9999.000
[rows 170 to 203 of 317, columns 154 to 230 of 506]
0.736 0.984 1.301 1.701 2.194 2.810 3.553 4.435 5.436 6.526 7.525 8.303 8.760 8.975 9.043 9.043 8.967 8.796 8.543 8.230 7.855 7.368 6.737 6.047 5.455 4.972 4.612 4.345 4.138 3.976 3.843 3.734 3.635 3.520 3.385 3.279 3.201 3.115 2.976 2.742 2.455 2.254 2.106 1.960 1.787 1.561 1.272 0.993 0.753 0.546 0.391 0.294 0.237 0.200 0.175 0.159 0.153 0.155 0.163 0.172 0.177 0.178 0.179 0.182 0.189 0.204 0.241 0.330 0.536 0.884 1.154 1.252 1.240 1.105 0.800 0.471 0.273
0.572 0.777 1.046 1.396 1.838 2.410 3.132 4.045 5.142 6.377 7.613 8.695 9.510 10.016 10.239 10.288 10.246 10.087 9.783 9.337 8.776 8.121 7.341 6.487 5.755 5.148 4.677 4.356 4.169 4.081 4.030 3.982 3.919 3.803 3.617 3.442 3.302 3.163 2.993 2.738 2.431 2.205 2.022 1.837 1.618 1.324 0.949 0.608 0.372 0.235 0.164 0.127 0.107 0.097 0.093 0.093 0.098 0.109 0.121 0.128 0.129 0.127 0.123 0.121 0.122 0.128 0.148 0.201 0.326 0.584 0.912 1.111 1.172 1.150 1.025 0.765 0.481
0.448 0.622 0.855 1.164 1.560 2.080 2.751 3.618 4.714 6.023 7.460 8.844 10.035 10.919 11.454 11.664 11.677 11.573 11.303 10.830 10.157 9.325 8.350 7.264 6.287 5.468 4.817 4.375 4.145 4.065 4.046 4.031 3.992 3.879 3.674 3.459 3.289 3.118 2.905 2.596 2.212 1.905 1.644 1.387 1.100 0.764 0.449 0.250 0.147 0.096 0.072 0.060 0.054 0.053 0.054 0.058 0.067 0.081 0.092 0.097 0.096 0.093 0.087 0.083 0.082 0.084 0.094 0.124 0.197 0.351 0.633 0.932 1.090 1.135 1.115 1.012 0.785
0.355 0.503 0.705 0.978 1.339 1.818 2.444 3.251 4.286 5.573 7.122 8.816 10.384 11.640 12.508 12.982 13.141 13.123 12.966 12.586 11.938 11.019 9.863 8.529 7.211 6.088 5.183 4.536 4.158 3.999 3.963 3.957 3.930 3.836 3.646 3.401 3.172 2.942 2.657 2.237 1.715 1.280 0.940 0.680 0.466 0.285 0.163 0.095 0.061 0.045 0.037 0.033 0.032 0.032 0.034 0.039 0.048 0.061 0.070 0.073 0.072 0.069 0.064 0.060 0.059 0.060 0.065 0.082 0.122 0.206 0.372 0.665 0.956 1.095 1.125 1.098 0.991
0.281 0.406 0.582 0.826 1.155 1.600 2.192 2.965 3.967 5.231 6.806 8.685 10.575 12.141 13.308 14.056 14.419 14.498 14.447 14.198 13.685 12.850 11.663 10.155 8.470 7.000 5.811 4.910 4.293 3.930 3.758 3.699 3.677 3.626 3.464 3.179 2.866 2.554 2.170 1.603 1.017 0.622 0.391 0.253 0.162 0.100 0.062 0.042 0.031 0.025 0.023 0.022 0.021 0.022 0.023 0.027 0.035 0.046 0.052 0.054 0.054 0.052 0.048 0.046 0.046 0.047 0.051 0.060 0.081 0.125 0.214 0.395 0.711 0.986 1.091 1.098 1.052
0.221 0.325 0.475 0.691 0.991 1.407 1.971 2.718 3.705 4.973 6.578 8.562 10.659 12.407 13.773 14.741 15.321 15.554 15.582 15.428 14.998 14.215 13.014 11.376 9.415 7.692 6.324 5.273 4.492 3.945 3.598 3.416 3.323 3.223 2.995 2.631 2.252 1.856 1.375 0.854 0.476 0.261 0.151 0.094 0.062 0.042 0.030 0.023 0.019 0.017 0.016 0.016 0.016 0.016 0.017 0.020 0.025 0.034 0.039 0.041 0.041 0.041 0.039 0.039 0.039 0.041 0.044 0.050 0.061 0.083 0.131 0.232 0.445 0.766 0.982 1.046 1.039
0.174 0.259 0.386 0.573 0.841 1.226 1.762 2.486 3.457 4.731 6.375 8.421 10.629 12.469 13.925 15.013 15.743 16.129 16.230 16.144 15.764 14.995 13.763 12.026 9.892 8.021 6.563 5.451 4.608 3.971 3.514 3.198 2.930 2.601 2.136 1.667 1.286 0.951 0.625 0.357 0.192 0.105 0.062 0.041 0.029 0.022 0.018 0.015 0.013 0.012 0.012 0.012 0.012 0.012 0.013 0.015 0.018 0.024 0.029 0.032 0.033 0.034 0.035 0.036 0.037 0.039 0.042 0.046 0.052 0.065 0.091 0.147 0.267 0.503 0.771 0.917 0.964
0.139 0.209 0.314 0.472 0.703 1.044 1.539 2.227 3.167 4.434 6.083 8.147 10.430 12.348 13.857 14.993 15.783 16.240 16.381 16.331 15.984 15.220 13.965 12.184 9.989 8.082 6.609 5.492 4.639 3.965 3.406 2.894 2.328 1.681 1.102 0.737 0.514 0.353 0.221 0.128 0.074 0.045 0.030 0.022 0.017 0.014 0.012 0.011 0.010 0.009 0.009 0.009 0.009 0.009 0.009 0.010 0.013 0.017 0.021 0.024 0.028 0.031 0.033 0.035 0.037 0.039 0.042 0.045 0.049 0.057 0.074 0.107 0.175 0.308 0.515 0.697 0.809
0.113 0.171 0.258 0.388 0.582 0.869 1.300 1.923 2.803 4.015 5.611 7.615 9.900 11.864 13.414 14.594 15.429 15.934 16.117 16.103 15.797 15.048 13.796 12.016 9.841 7.973 6.522 5.418 4.554 3.804 3.076 2.277 1.451 0.801 0.432 0.250 0.162 0.109 0.072 0.047 0.032 0.023 0.018 0.015 0.012 0.010 0.009 0.008 0.007 0.007 0.006 0.006 0.006 0.006 0.007 0.007 0.009 0.012 0.015 0.019 0.024 0.029 0.032 0.035 0.038 0.040 0.042 0.045 0.049 0.056 0.068 0.091 0.134 0.213 0.339 0.488 0.611
0.093 0.141 0.212 0.319 0.478 0.715 1.070 1.594 2.361 3.443 4.905 6.786 8.986 10.894 12.414 13.586 14.438 14.964 15.183 15.199 14.944 14.242 13.031 11.325 9.312 7.584 6.166 5.006 4.033 3.127 2.207 1.310 0.653 0.297 0.137 0.077 0.052 0.038 0.029 0.022 0.018 0.015 0.012 0.010 0.009 0.008 0.006 0.006 0.005 0.005 0.004 0.004 0.004 0.004 0.004 0.005 0.006 0.008 0.011 0.016 0.021 0.028 0.033 0.036 0.039 0.042 0.045 0.047 0.051 0.057 0.068 0.088 0.124 0.183 0.270 0.383 0.503
0.076 0.115 0.173 0.260 0.390 0.583 0.870 1.289 1.897 2.770 4.011 5.696 7.723 9.510 10.936 12.049 12.872 13.386 13.605 13.619 13.374 12.707 11.569 10.036 8.358 6.830 5.367 3.982 2.779 1.774 1.006 0.497 0.217 0.092 0.045 0.029 0.023 0.019 0.016 0.014 0.012 0.010 0.009 0.007 0.006 0.005 0.005 0.004 0.003 0.003 0.003 0.003 0.003 0.003 0.003 0.004 0.005 0.007 0.009 0.014 0.020 0.028 0.034 0.038 0.042 0.046 0.049 0.052 0.055 0.060 0.072 0.092 0.128 0.183 0.262 0.364 0.484
0.062 0.093 0.141 0.212 0.317 0.473 0.702 1.033 1.505 2.174 3.122 4.468 6.189 7.842 9.175 10.220 10.965 11.405 11.564 11.534 11.231 10.520 9.404 8.117 6.835 5.499 3.863 2.295 1.232 0.633 0.302 0.135 0.061 0.031 0.020 0.016 0.014 0.012 0.011 0.009 0.008 0.007 0.006 0.005 0.004 0.004 0.003 0.003 0.002 0.002 0.002 0.002 0.002 0.002 0.003 0.003 0.004 0.006 0.009 0.013 0.019 0.028 0.035 0.041 0.047 0.052 0.056 0.059 0.064 0.071 0.085 0.111 0.154 0.214 0.297 0.402 0.537
0.050 0.076 0.114 0.170 0.254 0.376 0.555 0.809 1.167 1.667 2.361 3.325 4.583 5.975 7.163 8.084 8.703 9.027 9.108 9.011 8.543 7.552 6.285 5.182 4.184 3.067 1.776 0.832 0.359 0.158 0.073 0.038 0.022 0.015 0.012 0.010 0.009 0.008 0.008 0.007 0.006 0.005 0.004 0.004 0.003 0.002 0.002 0.002 0.002 0.001 0.001 0.002 0.002 0.002 0.003 0.003 0.004 0.006 0.009 0.013 0.020 0.028 0.038 0.046 0.053 0.060 0.067 0.073 0.081 0.094 0.120 0.163 0.228 0.313 0.417 0.546 0.720
0.040 0.061 0.091 0.135 0.199 0.291 0.424 0.613 0.877 1.239 1.725 2.384 3.242 4.226 5.051 5.665 6.054 6.225 6.196 5.857 5.053 3.900 2.883 2.158 1.544 0.962 0.463 0.183 0.075 0.038 0.023 0.016 0.012 0.010 0.008 0.007 0.007 0.006 0.005 0.005 0.004 0.003 0.003 0.002 0.002 0.002 0.001 0.001 0.001 0.001 0.001 0.002 0.002 0.002 0.003 0.004 0.005 0.007 0.009 0.014 0.021 0.030 0.041 0.052 0.063 0.073 0.085 0.097 0.115 0.144 0.195 0.273 0.382 0.513 0.659 0.829 1.059
0.032 0.048 0.072 0.105 0.152 0.220 0.316 0.452 0.642 0.897 1.233 1.669 2.213 2.799 3.263 3.560 3.684 3.645 3.384 2.806 2.066 1.377 0.899 0.583 0.349 0.177 0.077 0.035 0.021 0.015 0.011 0.009 0.008 0.007 0.006 0.005 0.004 0.004 0.003 0.003 0.003 0.002 0.002 0.002 0.001 0.001 0.001 0.001 0.001 0.001 0.002 0.002 0.003 0.004 0.005 0.006 0.007 0.009 0.012 0.017 0.025 0.035 0.048 0.062 0.076 0.092 0.112 0.138 0.173 0.232 0.327 0.462 0.634 0.828 1.030 1.253 1.542
0.025 0.038 0.056 0.081 0.115 0.164 0.232 0.327 0.459 0.635 0.862 1.140 1.438 1.700 1.881 1.965 1.943 1.776 1.413 0.935 0.538 0.309 0.184 0.110 0.061 0.032 0.019 0.013 0.010 0.008 0.007 0.006 0.005 0.004 0.004 0.003 0.003 0.003 0.002 0.002 0.002 0.002 0.001 0.001 0.001 0.001 0.001 0.001 0.001 0.002 0.003 0.005 0.006 0.008 0.009 0.010 0.012 0.014 0.018 0.024 0.033 0.045 0.059 0.076 0.096 0.121 0.153 0.198 0.258 0.344 0.473 0.654 0.887 1.165 1.466 1.775 2.118
0.020 0.029 0.042 0.061 0.086 0.121 0.168 0.233 0.319 0.432 0.576 0.732 0.855 0.920 0.938 0.907 0.820 0.642 0.391 0.190 0.094 0.056 0.036 0.024 0.016 0.011 0.009 0.007 0.006 0.005 0.004 0.004 0.003 0.003 0.002 0.002 0.002 0.002 0.001 0.001 0.001 0.001 0.001 0.001 0.001 0.001 0.001 0.002 0.003 0.005 0.008 0.010 0.013 0.014 0.016 0.017 0.019 0.022 0.027 0.035 0.047 0.062 0.079 0.099 0.124 0.156 0.199 0.253 0.324 0.423 0.565 0.765 1.039 1.394 1.821 2.242 2.622
0.015 0.022 0.032 0.046 0.065 0.089 0.121 0.162 0.214 0.277 0.350 0.413 0.441 0.431 0.389 0.320 0.239 0.150 0.071 0.032 0.019 0.014 0.011 0.009 0.008 0.006 0.005 0.004 0.004 0.003 0.003 0.002 0.002 0.002 0.002 0.001 0.001 0.001 0.001 0.001 0.001 0.001 0.001 0.001 0.001 0.001 0.002 0.004 0.007 0.011 0.015 0.018 0.020 0.021 0.023 0.024 0.027 0.032 0.040 0.051 0.064 0.080 0.099 0.121 0.149 0.184 0.230 0.287 0.361 0.462 0.606 0.810 1.106 1.520 2.069 2.603 3.003
0.011 0.016 0.023 0.034 0.048 0.065 0.087 0.111 0.138 0.166 0.188 0.198 0.189 0.162 0.120 0.079 0.048 0.026 0.013 0.008 0.006 0.006 0.005 0.005 0.004 0.004 0.003 0.003 0.002 0.002 0.002 0.001 0.001 0.001 0.001 0.001 0.001 0.001 0.001 0.001 0.001 0.001 0.001 0.001 0.002 0.003 0.006 0.010 0.015 0.019 0.022 0.023 0.024 0.025 0.026 0.029 0.033 0.039 0.048 0.060 0.074 0.091 0.111 0.135 0.165 0.201 0.246 0.302 0.375 0.473 0.613 0.817 1.116 1.557 2.183 2.801 3.217
0.008 0.011 0.017 0.024 0.033 0.045 0.058 0.071 0.081 0.086 0.085 0.077 0.062 0.044 0.027 0.016 0.009 0.006 0.004 0.003 0.003 0.003 0.003 0.003 0.003 0.002 0.002 0.002 0.001 0.001 0.001 0.001 0.001 0.001 0.001 0.001 0.001 0.001 0.001 0.001 0.001 0.002 0.002 0.003 0.005 0.008 0.014 0.019 0.023 0.024 0.025 0.026 0.026 0.027 0.028 0.031 0.035 0.042 0.052 0.063 0.078 0.095 0.116 0.142 0.172 0.208 0.251 0.305 0.375 0.469 0.599 0.788 1.075 1.518 2.161 2.824 3.260
0.005 0.008 0.011 0.015 0.021 0.028 0.034 0.037 0.037 0.035 0.029 0.023 0.016 0.010 0.006 0.004 0.003 0.002 0.002 0.002 0.002 0.002 0.002 0.002 0.002 0.001 0.001 0.001 0.001 0.001 0.001 0.001 0.001 0.001 0.001 0.001 0.001 0.002 0.002 0.002 0.003 0.004 0.006 0.008 0.011 0.016 0.022 0.025 0.026 0.027 0.027 0.027 0.027 0.027 0.029 0.031 0.036 0.042 0.052 0.064 0.078 0.096 0.117 0.143 0.174 0.209 0.250 0.299 0.358 0.432 0.528 0.669 0.896 1.277 1.874 2.580 3.084
0.004 0.005 0.007 0.009 0.011 0.013 0.014 0.014 0.012 0.010 0.007 0.006 0.004 0.003 0.002 0.002 0.001 0.001 0.001 0.001 0.001 0.001 0.001 0.001 0.001 0.001 0.001 0.001 0.001 0.001 0.001 0.002 0.002 0.002 0.002 0.003 0.003 0.004 0.005 0.006 0.007 0.009 0.011 0.014 0.017 0.022 0.026 0.027 0.027 0.027 0.027 0.027 0.027 0.028 0.029 0.031 0.035 0.042 0.050 0.062 0.076 0.093 0.113 0.137 0.166 0.199 0.232 0.264 0.296 0.329 0.366 0.423 0.531 0.756 1.187 1.845 2.450
0.002 0.003 0.003 0.004 0.005 0.005 0.004 0.004 0.003 0.002 0.002 0.002 0.002 0.001 0.001 0.001 0.001 0.001 0.001 0.001 0.001 0.001 0.001 0.001 0.001 0.001 0.002 0.002 0.002 0.002 0.003 0.003 0.004 0.004 0.005 0.006 0.007 0.007 0.008 0.010 0.011 0.012 0.014 0.017 0.020 0.024 0.026 0.027 0.027 0.027 0.027 0.027 0.027 0.027 0.028 0.030 0.034 0.038 0.045 0.053 0.063 0.075 0.089 0.107 0.132 0.157 0.172 0.178 0.179 0.178 0.182 0.191 0.219 0.294 0.483 0.844 1.333
0.001 0.001 0.002 0.002 0.001 0.001 0.001 0.001 0.001 0.001 0.001 0.001 0.001 0.001 0.001 0.001 0.001 0.001 0.001 0.001 0.001 0.001 0.001 0.001 0.002 0.002 0.003 0.003 0.004 0.005 0.006 0.007 0.007 0.008 0.008 0.009 0.010 0.010 0.011 0.012 0.013 0.014 0.016 0.018 0.021 0.024 0.026 0.027 0.027 0.027 0.027 0.026 0.025 0.025 0.025 0.026 0.028 0.029 0.029 0.031 0.033 0.036 0.041 0.051 0.067 0.080 0.085 0.085 0.082 0.080 0.079 0.080 0.085 0.103 0.158 0.287 0.503
0.001 0.001 0.001 0.001 0.001 0.001 0.001 0.001 0.001 0.001 0.001 0.001 0.001 0.001 0.001 0.001 0.001 0.001 0.001 0.001 0.001 0.001 0.001 0.002 0.003 0.004 0.005 0.007 0.007 0.008 0.009 0.009 0.010 0.010 0.011 0.011 0.011 0.011 0.012 0.012 0.013 0.014 0.016 0.018 0.020 0.023 0.025 0.025 0.026 0.025 0.025 0.024 0.022 0.021 0.020 0.018 0.017 0.014 0.012 0.011 0.011 0.011 0.013 0.017 0.025 0.031 0.035 0.036 0.036 0.036 0.037 0.037 0.039 0.043 0.057 0.092 0.160
0.001 0.001 0.001 0.001 0.001 0.001 0.001 0.001 0.001 0.001 0.001 0.001 0.001 0.001 0.001 0.001 0.001 0.001 0.001 0.001 0.001 0.001 0.002 0.003 0.005 0.007 0.008 0.009 0.010 0.010 0.010 0.011 0.011 0.011 0.012 0.012 0.012 0.012 0.012 0.012 0.013 0.014 0.015 0.017 0.019 0.020 0.021 0.021 0.021 0.020 0.019 0.017 0.015 0.013 0.011 0.009 0.007 0.005 0.004 0.003 0.003 0.004 0.004 0.006 0.009 0.013 0.016 0.017 0.019 0.020 0.021 0.021 0.022 0.024 0.028 0.038 0.058
0.001 0.001 0.001 0.001 0.001 0.001 0.001 0.001 0.001 0.001 0.001 0.001 0.001 0.001 0.001 0.001 0.001 0.001 0.001 0.001 0.001 0.002 0.003 0.005 0.007 0.008 0.009 0.010 0.010 0.011 0.011 0.011 0.011 0.012 0.012 0.012 0.012 0.012 0.012 0.012 0.013 0.013 0.013 0.014 0.015 0.015 0.014 0.013 0.012 0.011 0.010 0.009 0.008 0.006 0.005 0.004 0.003 0.002 0.001 0.001 0.001 0.002 0.002 0.003 0.005 0.007 0.009 0.010 0.012 0.013 0.013 0.014 0.015 0.016 0.018 0.022 0.028
0.001 0.001 0.001 0.001 0.001 0.001 0.001 0.001 0.001 0.001 0.001 0.001 0.001 0.001 0.001 0.001 0.001 0.001 0.001 0.001 0.002 0.003 0.004 0.006 0.008 0.009 0.010 0.010 0.011 0.011 0.011 0.011 0.011 0.011 0.012 0.012 0.012 0.011 0.011 0.011 0.011 0.011 0.011 0.010 0.009 0.008 0.007 0.006 0.005 0.005 0.004 0.004 0.003 0.003 0.002 0.001 0.001 0.001 0.001 0.001 0.001 0.001 0.001 0.002 0.003 0.004 0.005 0.007 0.008 0.009 0.009 0.010 0.011 0.012 0.013 0.015 0.017
0.000 0.000 0.000 0.000 0.000 0.000 0.001 0.001 0.001 0.001 0.001 0.001 0.001 0.001 0.001 0.001 0.001 0.001 0.001 0.002 0.002 0.003 0.005 0.006 0.008 0.009 0.010 0.010 0.010 0.011 0.011 0.011 0.011 0.011 0.011 0.011 0.011 0.011 0.010 0.010 0.009 0.008 0.007 0.005 0.004 0.003 0.003 0.002 0.002 0.002 0.002 0.002 0.001 0.001 0.001 0.001 0.001 0.001 0.001 0.001 0.001 0.001 0.001 0.001 0.002 0.003 0.003 0.004 0.005 0.006 0.006 0.007 0.008 0.008 0.009 0.011 0.012
0.000 0.000 0.000 0.000 0.000 0.000 0.000 0.000 0.000 0.001 0.001 0.001 0.001 0.001 0.001 0.001 0.001 0.001 0.001 0.002 0.003 0.004 0.005 0.006 0.008 0.009 0.010 0.010 0.010 0.010 0.010 0.010 0.010 0.010 0.010 0.010 0.010 0.009 0.008 0.007 0.006 0.005 0.003 0.003 0.002 0.002 0.001 0.001 0.001 0.001 0.001 0.001 0.001 0.001 0.001 0.001 0.001 0.001 0.001 0.001 0.001 0.001 0.001 0.001 0.001 0.001 0.002 0.002 0.003 0.004 0.004 0.005 0.005 0.006 0.007 0.007 0.009
0.000 0.000 0.000 0.000 0.000 0.000 0.000 0.000 0.000 0.000 0.000 0.001 0.001 0.001 0.001 0.001 0.001 0.001 0.002 0.002 0.003 0.004 0.005 0.006 0.007 0.008 0.009 0.009 0.009 0.009 0.009 0.009 0.009 0.008 0.008 0.008 0.007 0.007 0.006 0.004 0.003 0.002 0.002 0.001 0.001 0.001 0.001 0.001 0.001 0.001 0.001 0.001 0.001 0.001 0.001 0.001 0.001 0.001 0.001 0.001 0.001 0.001 0.000 0.001 0.001 0.001 0.001 0.001 0.002 0.002 0.002 0.003 0.003 0.004 0.004 0.005 0.006
0.000 0.000 0.000 0.000 0.000 0.000 0.000 0.000 0.000 0.000 0.000 0.000 0.001 0.001 0.001 0.001 0.001 0.001 0.002 0.002 0.003 0.003 0.005 0.006 0.007 0.007 0.008 0.008 0.008 0.008 0.008 0.007 0.007 0.006 0.005 0.005 0.004 0.004 0.003 0.002 0.002 0.001 0.001 0.001 0.001 0.001 0.001 0.001 0.001 0.001 0.001 0.001 0.001 0.001 0.001 0.001 0.001 0.000 0.000 0.000 0.000 0.000 0.000 0.000 0.000 0.000 0.000 0.000 0.001 0.001 0.001 0.001 0.002 0.002 0.002 0.003 0.004
0.000 0.000 0.000 0.000 0.000 0.000 0.000 0.000 0.000 0.000 0.000 0.000 0.000 0.001 0.001 0.001 0.001 0.001 0.001 0.002 0.003 0.003 0.004 0.005 0.005 0.006 0.006 0.006 0.006 0.006 0.006 0.005 0.005 0.004 0.003 0.003 0.002 0.002 0.001 0.001 0.001 0.001 0.001 0.001 0.001 0.001 0.001 0.001 0.001 0.001 0.001 0.001 0.001 0.001 0.000 0.000 0.000 0.000 0.000 0.000 0.000 0.000 0.000 0.000 0.000 0.000 0.000 0.000 0.000 0.000 0.000 0.000 0.001 0.001 0.001 0.002 0.002
0.000 0.000 0.000 0.000 0.000 0.000 0.000 0.000 0.000 0.000 0.000 0.000 0.000 0.000 0.001 0.001 0.001 0.001 0.001 0.002 0.002 0.003 0.003 0.004 0.004 0.004 0.004 0.004 0.004 0.003 0.003 0.003 0.003 0.002 0.002 0.001 0.001 0.001 0.001 0.001 0.001 0.001 0.001 0.001 0.001 0.001 0.001 0.001 0.001 0.001 0.000 0.000 0.000 0.000 0.000 0.000 0.000 0.000 0.000 0.000 0.000 0.000 0.000 0.000 0.000 0.000 0.000 0.000 0.000 0.000 0.000 0.000 0.000 0.000 0.000 0.001 0.001
