RESULTS/r.avaflow_results/14_results/14_ascii/14_hflow10042.asc
ncols 506
nrows 317
xllcenter 498237.50
yllcenter 5580050.00
cellsize 12.50
NODATA_value -9999.000
[rows 170 to 203 of 317, columns 77 to 153 of 506]
0.016 0.026 0.045 0.083 0.156 0.276 0.450 0.667 0.911 1.195 1.546 1.995 2.557 3.230 3.980 4.774 5.588 6.436 7.313 8.239 9.202 10.233 11.290 12.396 13.543 14.572 15.474 16.297 17.104 17.899 18.767 19.685 20.696 21.803 22.992 24.293 25.746 27.231 28.459 29.633 30.574 31.706 32.794 34.014 35.510 36.722 37.429 38.509 39.638 40.724 42.316 43.957 45.915 48.575 49.926 51.034 51.760 52.296 53.208 53.458 54.027 54.693 54.804 54.841 54.800 53.906 52.982 52.010 50.540 49.001 47.415 45.546 43.569 41.701 39.578 37.402 35.270
0.053 0.083 0.135 0.223 0.365 0.565 0.808 1.076 1.376 1.739 2.188 2.746 3.420 4.207 5.090 6.063 7.107 8.185 9.233 10.270 11.339 12.441 13.539 14.643 15.659 16.576 17.392 18.137 18.895 19.690 20.509 21.352 22.316 23.342 24.530 25.903 27.361 28.884 30.267 31.432 32.391 33.607 34.739 36.083 37.574 38.659 39.351 40.415 41.662 42.806 44.251 45.605 47.012 48.865 50.008 51.173 52.773 53.560 54.658 55.178 55.401 55.948 55.788 55.600 55.255 54.209 53.136 51.992 50.440 48.885 47.604 46.102 44.494 43.126 41.480 39.669 37.906
0.128 0.193 0.291 0.432 0.616 0.841 1.104 1.408 1.768 2.202 2.728 3.367 4.135 5.036 6.066 7.218 8.468 9.800 11.084 12.287 13.456 14.599 15.686 16.699 17.612 18.442 19.181 19.862 20.521 21.243 21.985 22.796 23.729 24.729 25.903 27.258 28.729 30.255 31.823 33.157 34.195 35.478 36.747 38.103 39.487 40.471 41.117 42.335 43.665 44.703 46.054 47.105 47.988 49.108 49.730 50.662 52.755 53.994 55.063 55.942 56.038 56.467 56.207 55.807 55.355 54.387 53.126 52.028 50.804 49.487 48.465 47.282 45.977 44.687 43.082 41.426 40.075
0.221 0.313 0.437 0.598 0.798 1.044 1.341 1.696 2.114 2.610 3.201 3.908 4.755 5.761 6.921 8.216 9.645 11.199 12.706 14.078 15.339 16.537 17.608 18.537 19.370 20.117 20.813 21.446 22.045 22.730 23.391 24.091 24.984 25.965 27.077 28.327 29.733 31.260 32.942 34.470 35.756 37.208 38.505 39.694 41.012 42.078 42.861 44.033 45.220 46.311 47.634 48.470 48.837 49.495 49.686 50.210 51.978 53.697 55.064 56.432 56.477 56.668 56.473 55.848 55.476 54.538 53.327 52.511 51.604 50.688 49.991 48.814 47.404 45.973 44.398 42.978 42.025
0.283 0.394 0.537 0.718 0.942 1.215 1.549 1.945 2.412 2.962 3.607 4.370 5.289 6.386 7.651 9.067 10.639 12.357 14.071 15.625 16.992 18.224 19.241 20.175 20.938 21.665 22.307 22.895 23.439 23.971 24.546 25.197 25.968 26.889 27.967 29.258 30.653 32.093 33.882 35.549 37.054 38.634 39.872 40.964 42.361 43.359 44.117 45.375 46.437 47.230 48.509 49.381 49.303 49.540 49.467 49.631 50.639 51.593 52.744 55.010 55.497 55.705 55.784 55.257 55.140 54.550 53.747 53.323 52.586 51.636 50.854 49.535 48.002 46.664 45.282 43.926 43.092
0.322 0.451 0.615 0.820 1.069 1.370 1.730 2.156 2.658 3.253 3.951 4.772 5.757 6.927 8.272 9.785 11.446 13.253 15.132 16.865 18.362 19.661 20.703 21.641 22.329 23.005 23.578 24.141 24.662 25.212 25.696 26.227 26.926 27.709 28.668 29.974 31.396 32.898 34.705 36.419 38.084 39.777 41.191 42.204 43.477 44.471 45.141 46.321 47.338 48.013 49.065 49.722 49.586 49.686 49.500 49.407 50.286 51.164 51.965 53.571 54.163 54.671 55.269 54.847 54.844 54.677 54.081 53.727 52.945 51.925 51.042 49.712 48.159 46.883 45.590 44.294 43.436
0.343 0.489 0.677 0.907 1.183 1.508 1.887 2.332 2.862 3.493 4.240 5.123 6.163 7.389 8.798 10.375 12.077 13.913 15.888 17.769 19.390 20.851 22.041 23.002 23.705 24.264 24.813 25.352 25.776 26.346 26.813 27.190 27.745 28.395 29.298 30.528 31.839 33.318 35.074 36.804 38.545 40.467 42.094 43.150 44.470 45.551 46.279 47.330 48.152 48.848 49.693 49.998 49.834 50.021 49.840 49.450 49.954 50.730 51.515 52.408 52.649 52.819 54.117 54.265 54.470 54.611 54.030 53.675 52.855 51.721 50.822 49.439 47.920 46.695 45.520 44.276 43.281
0.351 0.508 0.719 0.979 1.283 1.629 2.022 2.482 3.035 3.696 4.483 5.417 6.511 7.782 9.224 10.821 12.530 14.360 16.347 18.376 20.166 21.783 23.077 24.082 24.829 25.362 25.909 26.367 26.748 27.274 27.670 27.906 28.326 28.862 29.692 30.895 32.168 33.562 35.306 37.076 38.795 40.947 42.784 43.986 45.395 46.312 46.840 47.808 48.483 48.995 49.647 49.749 49.498 49.741 49.626 49.211 49.459 50.046 50.787 51.622 51.746 51.415 52.219 52.738 53.536 53.681 53.110 52.611 51.890 50.667 49.710 48.345 46.767 45.597 44.536 43.331 42.360
0.344 0.507 0.735 1.029 1.362 1.728 2.137 2.612 3.180 3.864 4.684 5.659 6.799 8.106 9.563 11.137 12.829 14.644 16.591 18.661 20.588 22.373 23.842 25.010 25.869 26.457 26.947 27.329 27.694 28.142 28.452 28.633 29.013 29.429 30.052 31.089 32.312 33.733 35.489 37.266 39.133 41.459 43.484 44.784 46.065 46.746 47.199 48.148 48.868 49.140 49.732 49.788 49.543 49.752 49.620 49.419 49.764 49.963 50.555 51.455 51.365 51.261 51.479 51.205 52.012 52.467 52.007 51.387 50.647 49.393 48.166 46.944 45.287 44.246 43.232 42.078 41.261
0.305 0.478 0.725 1.052 1.420 1.809 2.238 2.731 3.314 4.014 4.855 5.856 7.027 8.344 9.786 11.339 13.006 14.792 16.705 18.759 20.832 22.776 24.390 25.745 26.728 27.421 27.939 28.296 28.603 29.005 29.252 29.411 29.726 30.002 30.455 31.260 32.251 33.577 35.290 37.139 39.165 41.523 43.607 45.051 46.403 47.058 47.733 48.645 49.201 49.437 50.028 49.842 49.829 50.052 49.701 49.575 49.906 49.890 50.330 50.978 50.706 50.490 50.410 49.802 49.978 50.653 50.555 50.070 49.375 48.082 46.679 45.443 43.925 42.993 41.909 40.822 40.015
0.230 0.416 0.693 1.055 1.456 1.873 2.326 2.839 3.437 4.147 4.999 6.007 7.180 8.493 9.913 11.446 13.080 14.836 16.726 18.764 20.896 22.914 24.681 26.145 27.252 28.051 28.696 29.121 29.369 29.709 29.894 29.972 30.157 30.261 30.595 31.356 32.361 33.616 35.262 37.117 39.176 41.661 43.724 45.293 46.556 47.082 47.628 48.405 48.926 49.193 49.639 49.452 49.562 49.862 49.502 49.340 49.574 49.493 49.772 50.219 49.777 49.362 49.129 48.338 47.769 47.964 48.123 48.315 47.708 46.431 45.267 44.011 42.658 41.718 40.621 39.498 38.575
0.149 0.337 0.641 1.039 1.475 1.926 2.410 2.950 3.563 4.274 5.113 6.100 7.243 8.537 9.953 11.481 13.093 14.827 16.684 18.673 20.828 22.943 24.858 26.450 27.770 28.675 29.427 29.942 30.210 30.495 30.581 30.528 30.615 30.671 30.942 31.569 32.419 33.633 35.325 37.134 39.236 41.575 43.610 45.284 46.762 47.325 47.537 48.284 48.755 48.977 49.520 49.502 49.499 49.901 49.592 49.213 49.252 49.226 49.534 49.855 49.256 48.816 48.299 47.274 46.517 46.423 46.084 46.676 46.382 45.300 44.360 43.054 41.708 40.713 39.504 38.264 37.274
0.087 0.257 0.571 1.004 1.484 1.977 2.497 3.061 3.691 4.403 5.217 6.157 7.250 8.516 9.919 11.449 13.051 14.747 16.568 18.506 20.646 22.862 24.935 26.662 28.220 29.274 30.135 30.719 31.023 31.275 31.284 31.117 31.096 31.106 31.268 31.757 32.459 33.427 35.034 36.830 38.995 41.532 43.697 45.286 46.765 47.427 47.731 48.271 48.416 48.774 49.374 49.408 49.568 49.942 49.597 49.396 49.222 48.765 48.843 49.213 48.688 48.121 47.502 46.438 45.422 45.042 44.597 44.960 44.963 44.083 43.380 42.201 41.041 39.780 38.385 36.982 35.874
0.045 0.176 0.480 0.944 1.482 2.030 2.593 3.190 3.839 4.543 5.328 6.214 7.229 8.412 9.756 11.259 12.859 14.523 16.294 18.197 20.335 22.664 24.910 26.796 28.404 29.615 30.587 31.210 31.555 31.786 31.742 31.635 31.663 31.550 31.594 32.024 32.604 33.501 35.068 36.835 38.845 41.367 43.367 44.850 46.143 46.836 47.270 47.832 47.858 48.082 48.549 48.589 48.821 49.218 48.986 48.829 48.699 48.154 47.933 48.195 47.750 47.167 46.556 45.519 44.526 43.798 42.961 42.761 43.276 42.716 42.180 41.184 40.128 38.706 37.210 35.690 34.498
0.023 0.107 0.368 0.849 1.459 2.082 2.709 3.351 4.015 4.709 5.452 6.272 7.207 8.296 9.541 10.957 12.511 14.168 15.897 17.785 19.911 22.368 24.807 26.922 28.606 29.910 31.044 31.804 32.180 32.463 32.413 32.321 32.378 32.255 32.231 32.604 33.022 33.783 35.022 36.647 38.636 41.168 42.977 44.420 45.745 46.433 46.937 47.679 47.696 47.609 47.982 47.936 48.040 48.603 48.516 48.303 48.390 47.926 47.564 47.512 47.046 46.586 46.170 45.205 44.292 43.432 42.241 41.564 41.854 41.352 40.932 40.207 39.153 37.837 36.179 34.613 33.360
0.013 0.057 0.251 0.710 1.391 2.114 2.803 3.490 4.173 4.866 5.581 6.347 7.214 8.240 9.412 10.758 12.252 13.885 15.642 17.524 19.599 22.031 24.606 26.917 28.745 30.135 31.401 32.363 32.853 33.232 33.310 33.201 33.245 33.178 33.059 33.313 33.620 34.253 35.221 36.665 38.526 40.889 42.565 43.996 45.338 46.094 46.657 47.256 47.161 47.147 47.315 47.026 47.049 47.480 47.456 47.663 47.905 47.424 47.028 46.939 46.694 46.090 45.735 45.124 44.167 43.211 41.855 40.644 40.274 40.039 39.903 39.247 38.035 36.765 35.134 33.671 32.281
0.009 0.027 0.139 0.516 1.217 2.069 2.843 3.569 4.276 4.975 5.682 6.437 7.269 8.244 9.381 10.690 12.174 13.785 15.539 17.410 19.393 21.680 24.196 26.596 28.550 30.119 31.469 32.560 33.345 33.964 34.171 34.075 34.171 34.156 34.054 34.339 34.607 35.051 36.014 37.137 38.513 40.473 41.951 43.286 44.520 45.269 45.752 46.178 46.025 46.075 46.041 45.615 45.488 45.801 45.824 46.307 46.789 46.708 46.370 46.333 46.099 45.473 45.133 44.636 43.724 42.857 41.342 39.930 39.022 38.713 38.610 37.965 36.693 35.390 33.880 32.531 30.983
0.009 0.015 0.059 0.284 0.871 1.780 2.728 3.546 4.292 5.022 5.760 6.535 7.368 8.303 9.409 10.703 12.181 13.804 15.574 17.425 19.343 21.453 23.712 26.163 28.327 30.057 31.551 32.776 33.742 34.652 35.070 35.053 35.226 35.275 35.319 35.657 36.025 36.437 37.191 37.936 38.884 40.461 41.659 42.802 44.023 44.618 44.849 45.314 45.191 45.053 45.048 44.628 44.255 44.567 44.736 45.154 45.833 46.102 45.929 46.037 45.737 45.306 45.191 44.452 43.546 42.858 41.140 39.673 38.393 37.602 37.272 36.652 35.342 34.035 32.516 31.143 29.487
0.010 0.011 0.024 0.109 0.429 1.145 2.184 3.242 4.171 5.003 5.817 6.659 7.544 8.516 9.624 10.893 12.342 13.956 15.716 17.535 19.442 21.409 23.423 25.716 27.946 29.897 31.589 33.003 34.122 35.167 35.850 35.997 36.287 36.447 36.551 36.915 37.283 37.691 38.416 38.905 39.585 40.701 41.569 42.530 43.589 43.998 44.132 44.564 44.532 44.517 44.514 43.957 43.651 43.860 43.962 44.343 44.928 45.041 44.987 45.177 45.008 44.632 44.626 44.052 42.985 42.060 40.580 39.162 37.825 36.448 35.500 34.988 33.759 32.413 30.711 29.134 27.398
0.010 0.011 0.015 0.040 0.162 0.548 1.349 2.522 3.797 4.904 5.890 6.864 7.870 8.937 10.095 11.365 12.784 14.342 16.047 17.820 19.630 21.378 23.148 25.168 27.295 29.440 31.300 32.829 34.133 35.271 36.092 36.469 36.956 37.237 37.329 37.702 38.044 38.385 39.064 39.457 40.006 40.685 41.200 42.002 42.886 43.236 43.350 43.666 43.654 43.737 43.765 43.254 42.992 43.061 42.977 43.270 43.728 43.696 43.700 43.937 43.774 43.392 43.397 42.859 41.841 40.777 39.544 38.259 37.030 35.301 33.843 32.940 31.725 30.249 28.385 26.534 24.684
0.011 0.011 0.013 0.026 0.075 0.267 0.809 1.851 3.340 4.815 6.043 7.212 8.374 9.596 10.867 12.183 13.599 15.117 16.760 18.425 20.083 21.667 23.207 24.976 26.895 28.961 30.940 32.605 34.018 35.354 36.271 36.830 37.534 37.874 37.944 38.358 38.559 38.816 39.477 39.818 40.202 40.835 41.194 41.759 42.599 42.892 42.958 43.333 43.274 43.228 43.421 43.103 42.741 42.754 42.545 42.509 42.838 42.734 42.708 42.821 42.449 42.140 41.915 41.151 40.377 39.407 38.150 36.991 35.740 33.780 32.163 30.607 29.145 27.549 25.625 23.671 21.774
0.012 0.012 0.014 0.024 0.059 0.183 0.586 1.534 3.099 4.891 6.374 7.764 9.141 10.539 11.945 13.361 14.791 16.254 17.791 19.281 20.733 22.099 23.374 24.926 26.657 28.655 30.527 32.194 33.723 35.310 36.396 37.177 37.953 38.330 38.498 38.815 38.839 39.187 39.818 40.084 40.421 40.959 41.166 41.694 42.514 42.810 42.918 43.285 43.224 43.225 43.350 43.068 42.875 42.750 42.369 42.147 42.044 41.621 41.325 41.194 40.745 40.406 39.953 39.132 38.341 37.438 36.228 34.941 33.595 31.702 29.938 27.971 26.030 24.262 22.264 20.291 18.458
0.014 0.014 0.016 0.025 0.058 0.169 0.526 1.441 3.039 5.103 6.932 8.565 10.166 11.771 13.343 14.864 16.332 17.722 19.109 20.366 21.572 22.653 23.717 25.012 26.482 28.353 30.088 31.688 33.231 34.902 36.132 37.001 37.855 38.255 38.408 38.661 38.658 39.031 39.589 39.836 40.141 40.520 40.582 41.171 41.954 42.324 42.511 42.855 42.842 42.899 42.947 42.642 42.456 42.229 41.750 41.434 41.095 40.528 40.067 39.662 38.994 38.451 37.929 37.074 36.125 35.101 33.910 32.476 31.026 29.184 27.176 24.911 22.587 20.454 18.345 16.411 14.570
0.017 0.018 0.020 0.029 0.062 0.172 0.524 1.449 3.121 5.444 7.672 9.574 11.391 13.173 14.898 16.538 18.062 19.426 20.709 21.744 22.789 23.644 24.445 25.456 26.694 28.226 29.860 31.402 32.896 34.582 35.958 36.743 37.788 38.208 38.305 38.615 38.625 38.910 39.482 39.683 39.791 40.100 40.059 40.667 41.608 42.048 42.268 42.745 42.750 42.683 42.792 42.413 42.016 41.768 41.195 40.746 40.527 39.823 39.089 38.537 37.660 36.875 36.196 35.153 34.071 32.899 31.511 29.873 28.162 26.214 23.941 21.527 18.943 16.455 14.132 11.857 9.665
0.023 0.023 0.026 0.036 0.072 0.190 0.567 1.558 3.340 5.802 8.275 10.398 12.400 14.318 16.162 17.948 19.642 21.093 22.397 23.350 24.278 24.958 25.503 26.239 27.211 28.442 29.976 31.487 32.882 34.360 35.657 36.366 37.471 37.932 38.106 38.477 38.506 38.812 39.294 39.335 39.339 39.594 39.537 40.124 41.053 41.525 41.851 42.369 42.348 42.302 42.374 41.931 41.498 41.073 40.384 39.883 39.573 38.771 37.904 37.121 36.075 35.084 34.129 32.892 31.517 30.158 28.645 26.845 24.789 22.594 20.090 17.563 15.114 12.748 10.490 8.149 5.907
0.032 0.032 0.034 0.047 0.091 0.236 0.683 1.777 3.635 6.105 8.675 10.986 13.180 15.275 17.238 19.094 20.921 22.502 23.933 24.958 25.866 26.432 26.836 27.403 28.064 28.968 30.233 31.532 32.761 34.081 35.134 35.757 36.717 37.197 37.463 37.852 37.932 38.279 38.639 38.561 38.560 38.750 38.693 39.178 39.946 40.462 40.898 41.327 41.303 41.350 41.347 40.890 40.444 39.787 39.007 38.460 37.897 37.002 36.125 35.186 34.078 32.974 31.757 30.494 29.047 27.414 25.593 23.428 21.013 18.477 15.982 13.635 11.509 9.421 7.342 5.261 3.406
0.044 0.043 0.045 0.059 0.106 0.266 0.762 1.927 3.845 6.340 9.001 11.494 13.844 16.055 18.137 20.132 22.085 23.826 25.462 26.611 27.603 28.206 28.524 28.998 29.443 29.999 30.934 31.963 32.939 34.115 34.913 35.359 36.192 36.633 36.811 37.243 37.405 37.658 38.057 37.988 37.917 38.127 38.058 38.305 38.917 39.363 39.731 40.197 40.184 40.159 40.225 39.807 39.276 38.539 37.540 36.733 36.122 35.164 34.236 33.119 31.876 30.653 29.228 27.847 26.188 24.348 22.189 19.636 17.044 14.592 12.327 10.244 8.330 6.474 4.686 3.099 1.875
0.061 0.057 0.058 0.070 0.115 0.274 0.781 1.983 3.972 6.541 9.290 11.886 14.356 16.735 18.978 21.102 23.136 25.034 26.836 28.128 29.166 29.847 30.177 30.604 30.933 31.221 31.819 32.567 33.291 34.208 34.897 35.280 36.004 36.350 36.556 36.900 36.971 37.156 37.489 37.413 37.399 37.542 37.418 37.534 37.950 38.140 38.347 38.753 38.688 38.594 38.634 38.180 37.597 36.846 35.744 34.699 33.841 32.677 31.647 30.414 29.094 27.851 26.358 24.818 22.954 20.871 18.355 15.809 13.430 11.273 9.258 7.406 5.686 4.127 2.790 1.771 1.116
0.085 0.075 0.073 0.082 0.124 0.278 0.784 2.011 4.072 6.744 9.614 12.313 14.864 17.293 19.661 21.930 24.083 26.083 27.870 29.265 30.450 31.094 31.387 31.747 31.984 32.103 32.500 32.965 33.470 34.112 34.637 34.926 35.546 35.789 36.018 36.253 36.229 36.371 36.599 36.510 36.570 36.629 36.433 36.431 36.634 36.612 36.711 36.895 36.733 36.605 36.447 35.986 35.536 34.748 33.518 32.385 31.288 29.984 28.838 27.505 26.096 24.714 23.059 21.319 19.257 17.040 14.665 12.449 10.398 8.508 6.753 5.163 3.747 2.578 1.712 1.163 0.870
0.118 0.097 0.092 0.098 0.136 0.282 0.782 2.037 4.183 6.992 10.032 12.844 15.516 18.039 20.556 22.891 25.039 27.049 28.802 30.212 31.438 32.085 32.416 32.787 32.932 32.915 33.166 33.362 33.619 34.162 34.573 34.688 35.213 35.358 35.448 35.714 35.660 35.683 35.902 35.793 35.760 35.858 35.614 35.422 35.463 35.285 35.217 35.268 34.979 34.682 34.380 33.782 33.138 32.377 31.181 29.837 28.495 27.128 25.816 24.346 22.860 21.282 19.526 17.715 15.681 13.575 11.541 9.643 7.900 6.295 4.827 3.547 2.499 1.732 1.245 0.981 0.850
0.165 0.129 0.117 0.120 0.150 0.281 0.773 2.065 4.321 7.294 10.557 13.596 16.437 19.024 21.517 23.861 25.914 27.834 29.435 30.816 32.088 32.839 33.279 33.689 33.764 33.746 33.831 33.802 33.881 34.310 34.581 34.583 34.876 34.840 34.823 35.012 34.918 34.968 35.196 35.088 35.069 35.158 34.878 34.613 34.409 34.111 33.952 33.811 33.386 33.012 32.631 31.826 30.887 29.889 28.540 27.167 25.648 24.074 22.617 21.126 19.641 17.994 16.260 14.453 12.562 10.714 8.986 7.388 5.935 4.618 3.453 2.489 1.772 1.309 1.054 0.937 0.903
0.227 0.170 0.144 0.139 0.157 0.272 0.749 2.101 4.550 7.811 11.366 14.674 17.642 20.266 22.623 24.745 26.575 28.282 29.729 31.017 32.227 33.054 33.605 34.006 34.051 34.071 34.101 33.965 33.959 34.214 34.273 34.253 34.238 33.956 33.819 33.849 33.731 33.868 34.096 34.013 34.051 34.113 33.820 33.554 33.180 32.778 32.567 32.309 31.801 31.327 30.728 29.743 28.602 27.315 25.805 24.219 22.620 21.043 19.508 18.034 16.521 14.947 13.312 11.614 9.960 8.403 6.964 5.650 4.459 3.408 2.521 1.828 1.342 1.057 0.934 0.914 0.989
0.273 0.203 0.161 0.147 0.156 0.250 0.695 2.069 4.704 8.368 12.369 15.997 19.081 21.545 23.675 25.480 27.032 28.614 29.898 31.017 32.221 33.077 33.679 34.165 34.221 34.184 34.282 34.117 34.049 34.228 34.071 33.864 33.650 33.130 32.718 32.672 32.546 32.630 32.868 32.811 32.821 32.977 32.747 32.440 32.130 31.671 31.310 31.098 30.570 29.867 29.019 27.785 26.389 24.784 22.999 21.199 19.575 17.932 16.372 14.936 13.490 12.051 10.569 9.123 7.781 6.562 5.422 4.366 3.407 2.572 1.889 1.382 1.053 0.893 0.865 0.940 1.170
0.289 0.215 0.167 0.146 0.149 0.220 0.614 1.974 4.714 8.644 13.033 16.917 20.159 22.584 24.521 26.061 27.399 28.840 29.986 30.959 32.087 32.918 33.640 34.246 34.336 34.308 34.409 34.212 34.090 34.109 33.735 33.302 32.915 32.240 31.671 31.463 31.252 31.251 31.420 31.339 31.353 31.578 31.462 31.243 31.010 30.551 30.124 29.845 29.233 28.399 27.319 25.817 24.096 22.111 20.069 18.122 16.384 14.736 13.249 11.867 10.567 9.306 8.093 6.980 6.000 5.116 4.267 3.437 2.655 1.979 1.446 1.076 0.878 0.824 0.869 1.084 1.551
