RESULTS/r.avaflow_results/14_results/14_ascii/14_hflow30021.asc
ncols 506
nrows 317
xllcenter 498237.50
yllcenter 5580050.00
cellsize 12.50
NODATA_value -9999.000
[rows 170 to 203 of 317, columns 231 to 307 of 506]
3.269 2.840 2.256 1.619 1.087 0.715 0.466 0.305 0.204 0.143 0.106 0.084 0.070 0.061 0.052 0.045 0.039 0.033 0.029 0.025 0.023 0.021 0.020 0.019 0.018 0.016 0.014 0.013 0.011 0.009 0.008 0.006 0.005 0.004 0.003 0.002 0.001 0.000 0.000 0.000 0.000 0.000 0.000 0.000 0.000 0.000 0.000 0.000 0.000 0.000 0.000 0.000 0.000 0.000 0.000 0.000 0.000 0.000 0.000 0.000 0.000 0.000 0.000 0.000 0.000 0.000 0.000 0.000 0.000 0.000 0.000 0.000 0.000 0.000 0.000 0.000 0.000
3.340 3.102 2.696 2.136 1.566 1.105 0.756 0.508 0.345 0.243 0.179 0.137 0.109 0.089 0.072 0.059 0.049 0.040 0.033 0.028 0.025 0.024 0.022 0.021 0.020 0.019 0.017 0.015 0.013 0.012 0.010 0.009 0.007 0.005 0.004 0.003 0.002 0.001 0.000 0.000 0.000 0.000 0.000 0.000 0.000 0.000 0.000 0.000 0.000 0.000 0.000 0.000 0.000 0.000 0.000 0.000 0.000 0.000 0.000 0.000 0.000 0.000 0.000 0.000 0.000 0.000 0.000 0.000 0.000 0.000 0.000 0.000 0.000 0.000 0.000 0.000 0.000
3.273 3.165 2.888 2.450 1.925 1.465 1.091 0.791 0.564 0.409 0.307 0.234 0.180 0.138 0.107 0.082 0.064 0.050 0.039 0.032 0.028 0.026 0.024 0.023 0.022 0.021 0.020 0.018 0.016 0.014 0.013 0.011 0.009 0.007 0.006 0.004 0.003 0.002 0.001 0.000 0.000 0.000 0.000 0.000 0.000 0.000 0.000 0.000 0.000 0.000 0.000 0.000 0.000 0.000 0.000 0.000 0.000 0.000 0.000 0.000 0.000 0.000 0.000 0.000 0.000 0.000 0.000 0.000 0.000 0.000 0.000 0.000 0.000 0.000 0.000 0.000 0.000
3.125 3.107 2.941 2.618 2.175 1.723 1.350 1.048 0.810 0.633 0.503 0.398 0.308 0.232 0.170 0.123 0.089 0.064 0.047 0.036 0.031 0.028 0.026 0.025 0.024 0.023 0.022 0.021 0.019 0.017 0.015 0.014 0.012 0.009 0.007 0.006 0.004 0.003 0.002 0.001 0.000 0.000 0.000 0.000 0.000 0.000 0.000 0.000 0.000 0.000 0.000 0.000 0.000 0.000 0.000 0.000 0.000 0.000 0.000 0.000 0.000 0.000 0.000 0.000 0.000 0.000 0.000 0.000 0.000 0.000 0.000 0.000 0.000 0.000 0.000 0.000 0.000
2.917 2.974 2.906 2.693 2.343 1.906 1.524 1.221 0.981 0.817 0.714 0.625 0.522 0.405 0.287 0.197 0.132 0.088 0.060 0.044 0.035 0.031 0.028 0.027 0.026 0.025 0.024 0.023 0.022 0.020 0.019 0.017 0.014 0.012 0.009 0.007 0.006 0.004 0.003 0.002 0.001 0.000 0.000 0.000 0.000 0.000 0.000 0.000 0.000 0.000 0.000 0.000 0.000 0.000 0.000 0.000 0.000 0.000 0.000 0.000 0.000 0.000 0.000 0.000 0.000 0.000 0.000 0.000 0.000 0.000 0.000 0.000 0.000 0.000 0.000 0.000 0.000
2.645 2.801 2.812 2.698 2.432 2.041 1.644 1.333 1.095 0.942 0.861 0.810 0.752 0.650 0.490 0.325 0.211 0.136 0.088 0.059 0.043 0.035 0.031 0.029 0.028 0.027 0.026 0.025 0.025 0.024 0.023 0.021 0.018 0.014 0.012 0.009 0.007 0.006 0.004 0.003 0.002 0.001 0.000 0.000 0.000 0.000 0.000 0.000 0.000 0.000 0.000 0.000 0.000 0.000 0.000 0.000 0.000 0.000 0.000 0.000 0.000 0.000 0.000 0.000 0.000 0.000 0.000 0.000 0.000 0.000 0.000 0.000 0.000 0.000 0.000 0.000 0.000
2.314 2.590 2.675 2.638 2.460 2.139 1.747 1.427 1.193 1.039 0.957 0.914 0.879 0.823 0.705 0.519 0.348 0.228 0.145 0.090 0.060 0.044 0.036 0.033 0.031 0.029 0.028 0.028 0.028 0.028 0.027 0.024 0.020 0.017 0.014 0.011 0.009 0.007 0.005 0.004 0.003 0.002 0.001 0.000 0.000 0.000 0.000 0.000 0.000 0.000 0.000 0.000 0.000 0.000 0.000 0.000 0.000 0.000 0.000 0.000 0.000 0.000 0.000 0.000 0.000 0.000 0.000 0.000 0.000 0.000 0.000 0.000 0.000 0.000 0.000 0.000 0.000
1.973 2.324 2.493 2.517 2.427 2.197 1.852 1.524 1.289 1.129 1.031 0.974 0.934 0.893 0.820 0.687 0.526 0.379 0.251 0.155 0.095 0.062 0.046 0.038 0.034 0.032 0.030 0.030 0.030 0.031 0.030 0.027 0.023 0.019 0.016 0.013 0.011 0.009 0.007 0.005 0.004 0.003 0.001 0.001 0.000 0.000 0.000 0.000 0.000 0.000 0.000 0.000 0.000 0.000 0.000 0.000 0.000 0.000 0.000 0.000 0.000 0.000 0.000 0.000 0.000 0.000 0.000 0.000 0.000 0.000 0.000 0.000 0.000 0.000 0.000 0.000 0.000
1.632 2.007 2.254 2.356 2.350 2.225 1.961 1.639 1.394 1.222 1.101 1.022 0.967 0.919 0.861 0.772 0.663 0.551 0.417 0.273 0.165 0.100 0.066 0.049 0.040 0.036 0.033 0.033 0.033 0.033 0.032 0.029 0.024 0.021 0.018 0.015 0.013 0.011 0.009 0.007 0.005 0.004 0.002 0.001 0.001 0.000 0.000 0.000 0.000 0.000 0.000 0.000 0.000 0.000 0.000 0.000 0.000 0.000 0.000 0.000 0.000 0.000 0.000 0.000 0.000 0.000 0.000 0.000 0.000 0.000 0.000 0.000 0.000 0.000 0.000 0.000 0.000
1.333 1.698 1.990 2.173 2.239 2.202 2.045 1.780 1.519 1.325 1.177 1.072 0.999 0.939 0.879 0.811 0.742 0.674 0.587 0.450 0.293 0.175 0.106 0.070 0.052 0.043 0.038 0.036 0.035 0.035 0.033 0.030 0.025 0.022 0.019 0.017 0.015 0.013 0.011 0.009 0.007 0.005 0.004 0.002 0.001 0.001 0.000 0.000 0.000 0.000 0.000 0.000 0.000 0.000 0.000 0.000 0.000 0.000 0.000 0.000 0.000 0.000 0.000 0.000 0.000 0.000 0.000 0.000 0.000 0.000 0.000 0.000 0.000 0.000 0.000 0.000 0.000
1.115 1.458 1.756 1.982 2.112 2.142 2.078 1.905 1.666 1.443 1.265 1.132 1.038 0.963 0.897 0.840 0.793 0.754 0.709 0.631 0.487 0.313 0.184 0.112 0.074 0.055 0.045 0.041 0.039 0.036 0.034 0.030 0.026 0.023 0.021 0.019 0.017 0.015 0.012 0.010 0.008 0.007 0.005 0.003 0.002 0.001 0.000 0.000 0.000 0.000 0.000 0.000 0.000 0.000 0.000 0.000 0.000 0.000 0.000 0.000 0.000 0.000 0.000 0.000 0.000 0.000 0.000 0.000 0.000 0.000 0.000 0.000 0.000 0.000 0.000 0.000 0.000
0.967 1.271 1.547 1.788 1.967 2.051 2.048 1.961 1.793 1.581 1.372 1.207 1.086 0.993 0.922 0.871 0.839 0.818 0.802 0.774 0.696 0.528 0.328 0.193 0.118 0.078 0.057 0.048 0.043 0.039 0.035 0.030 0.027 0.025 0.022 0.020 0.019 0.017 0.014 0.012 0.010 0.008 0.006 0.005 0.003 0.002 0.001 0.000 0.000 0.000 0.000 0.000 0.000 0.000 0.000 0.000 0.000 0.000 0.000 0.000 0.000 0.000 0.000 0.000 0.000 0.000 0.000 0.000 0.000 0.000 0.000 0.000 0.000 0.000 0.000 0.000 0.000
0.857 1.113 1.354 1.591 1.802 1.936 1.981 1.956 1.862 1.708 1.503 1.298 1.145 1.035 0.955 0.906 0.885 0.879 0.884 0.891 0.867 0.765 0.557 0.339 0.201 0.122 0.081 0.061 0.050 0.043 0.036 0.031 0.028 0.026 0.024 0.022 0.021 0.019 0.017 0.014 0.012 0.010 0.008 0.006 0.004 0.003 0.002 0.001 0.000 0.000 0.000 0.000 0.000 0.000 0.000 0.000 0.000 0.000 0.000 0.000 0.000 0.000 0.000 0.000 0.000 0.000 0.000 0.000 0.000 0.000 0.000 0.000 0.000 0.000 0.000 0.000 0.000
0.773 0.988 1.195 1.403 1.611 1.784 1.885 1.912 1.875 1.776 1.612 1.397 1.215 1.087 0.995 0.943 0.927 0.930 0.951 0.988 1.003 0.964 0.825 0.584 0.355 0.210 0.128 0.086 0.064 0.051 0.041 0.034 0.029 0.027 0.026 0.024 0.023 0.021 0.019 0.017 0.014 0.012 0.010 0.008 0.006 0.004 0.003 0.002 0.001 0.000 0.000 0.000 0.000 0.000 0.000 0.000 0.000 0.000 0.000 0.000 0.000 0.000 0.000 0.000 0.000 0.000 0.000 0.000 0.000 0.000 0.000 0.000 0.000 0.000 0.000 0.000 0.000
0.723 0.906 1.085 1.257 1.428 1.599 1.744 1.824 1.834 1.784 1.667 1.486 1.292 1.146 1.042 0.983 0.968 0.974 1.000 1.050 1.105 1.124 1.079 0.915 0.637 0.381 0.226 0.140 0.093 0.066 0.049 0.039 0.033 0.030 0.028 0.027 0.025 0.024 0.022 0.019 0.017 0.014 0.012 0.010 0.007 0.005 0.004 0.003 0.001 0.001 0.000 0.000 0.000 0.000 0.000 0.000 0.000 0.000 0.000 0.000 0.000 0.000 0.000 0.000 0.000 0.000 0.000 0.000 0.000 0.000 0.000 0.000 0.000 0.000 0.000 0.000 0.000
0.708 0.865 1.022 1.173 1.317 1.461 1.597 1.694 1.738 1.736 1.677 1.549 1.374 1.217 1.102 1.035 1.015 1.018 1.039 1.086 1.173 1.258 1.281 1.228 1.028 0.703 0.420 0.249 0.150 0.095 0.064 0.047 0.038 0.034 0.032 0.030 0.028 0.027 0.024 0.022 0.019 0.016 0.014 0.012 0.009 0.007 0.005 0.004 0.002 0.002 0.001 0.000 0.000 0.000 0.000 0.000 0.000 0.000 0.000 0.000 0.000 0.000 0.000 0.000 0.000 0.000 0.000 0.000 0.000 0.000 0.000 0.000 0.000 0.000 0.000 0.000 0.000
0.717 0.855 0.998 1.138 1.270 1.396 1.516 1.611 1.664 1.678 1.658 1.584 1.454 1.306 1.185 1.106 1.072 1.068 1.079 1.119 1.216 1.360 1.434 1.441 1.370 1.138 0.781 0.460 0.259 0.147 0.089 0.061 0.048 0.041 0.037 0.034 0.032 0.030 0.028 0.025 0.022 0.019 0.016 0.014 0.011 0.009 0.007 0.005 0.004 0.003 0.002 0.001 0.001 0.000 0.000 0.000 0.000 0.000 0.000 0.000 0.000 0.000 0.000 0.000 0.000 0.000 0.000 0.000 0.000 0.000 0.000 0.000 0.000 0.000 0.000 0.000 0.000
0.766 0.878 1.002 1.133 1.257 1.367 1.473 1.572 1.637 1.660 1.654 1.612 1.527 1.413 1.296 1.201 1.145 1.125 1.126 1.156 1.248 1.417 1.545 1.600 1.603 1.522 1.266 0.849 0.466 0.245 0.134 0.084 0.062 0.051 0.045 0.040 0.037 0.034 0.031 0.028 0.025 0.022 0.019 0.016 0.014 0.011 0.009 0.007 0.005 0.004 0.003 0.002 0.002 0.001 0.001 0.001 0.001 0.001 0.001 0.001 0.001 0.001 0.000 0.000 0.000 0.000 0.000 0.000 0.000 0.000 0.000 0.000 0.000 0.000 0.000 0.000 0.000
0.894 0.981 1.068 1.166 1.268 1.360 1.447 1.550 1.634 1.665 1.667 1.648 1.598 1.519 1.420 1.316 1.237 1.198 1.190 1.208 1.284 1.439 1.618 1.731 1.781 1.782 1.685 1.362 0.839 0.427 0.217 0.123 0.082 0.064 0.054 0.047 0.043 0.039 0.035 0.032 0.028 0.024 0.021 0.019 0.016 0.014 0.011 0.009 0.007 0.006 0.005 0.004 0.003 0.003 0.003 0.003 0.003 0.004 0.003 0.003 0.003 0.003 0.002 0.001 0.001 0.001 0.001 0.000 0.000 0.000 0.000 0.000 0.000 0.000 0.000 0.000 0.000
1.043 1.177 1.250 1.298 1.343 1.390 1.447 1.539 1.653 1.706 1.716 1.710 1.680 1.625 1.547 1.454 1.368 1.309 1.289 1.293 1.337 1.455 1.657 1.836 1.931 1.971 1.962 1.814 1.360 0.741 0.365 0.190 0.114 0.081 0.065 0.056 0.050 0.045 0.041 0.037 0.032 0.027 0.024 0.022 0.019 0.016 0.014 0.012 0.010 0.009 0.008 0.007 0.007 0.007 0.008 0.009 0.010 0.010 0.010 0.010 0.010 0.009 0.007 0.005 0.004 0.003 0.003 0.002 0.001 0.001 0.000 0.000 0.000 0.000 0.000 0.000 0.000
1.088 1.298 1.422 1.482 1.501 1.500 1.513 1.578 1.729 1.822 1.841 1.837 1.815 1.777 1.726 1.667 1.601 1.516 1.455 1.432 1.437 1.497 1.682 1.935 2.073 2.139 2.161 2.113 1.829 1.180 0.596 0.300 0.165 0.106 0.079 0.067 0.060 0.054 0.049 0.044 0.038 0.032 0.028 0.025 0.022 0.020 0.017 0.015 0.014 0.013 0.012 0.013 0.014 0.016 0.018 0.022 0.025 0.028 0.029 0.029 0.028 0.024 0.019 0.015 0.012 0.010 0.008 0.006 0.005 0.003 0.002 0.001 0.000 0.000 0.000 0.000 0.000
0.965 1.288 1.473 1.565 1.620 1.660 1.695 1.781 2.008 2.160 2.195 2.190 2.175 2.158 2.135 2.082 1.963 1.796 1.662 1.589 1.567 1.587 1.732 2.034 2.224 2.310 2.345 2.326 2.139 1.615 0.907 0.465 0.244 0.143 0.100 0.081 0.072 0.067 0.062 0.057 0.050 0.041 0.035 0.031 0.027 0.024 0.022 0.020 0.019 0.019 0.020 0.023 0.029 0.036 0.045 0.053 0.061 0.069 0.072 0.073 0.070 0.061 0.046 0.037 0.031 0.027 0.023 0.019 0.015 0.010 0.006 0.003 0.001 0.001 0.000 0.000 0.000
0.573 0.983 1.341 1.536 1.641 1.738 1.868 2.113 2.481 2.694 2.762 2.771 2.760 2.714 2.608 2.415 2.171 1.956 1.800 1.707 1.673 1.684 1.799 2.116 2.390 2.504 2.541 2.528 2.387 1.978 1.270 0.688 0.363 0.202 0.130 0.101 0.090 0.086 0.083 0.080 0.072 0.060 0.048 0.040 0.035 0.032 0.029 0.028 0.029 0.031 0.038 0.049 0.066 0.087 0.107 0.124 0.141 0.155 0.163 0.164 0.156 0.131 0.101 0.082 0.071 0.063 0.056 0.048 0.040 0.030 0.018 0.009 0.004 0.002 0.001 0.000 0.000
0.229 0.449 0.795 1.158 1.447 1.669 1.897 2.269 2.708 2.953 3.053 3.079 3.069 3.001 2.834 2.550 2.260 2.051 1.907 1.817 1.779 1.783 1.880 2.200 2.585 2.750 2.789 2.770 2.643 2.300 1.659 0.970 0.534 0.296 0.182 0.133 0.117 0.115 0.117 0.117 0.111 0.096 0.075 0.060 0.051 0.047 0.044 0.044 0.047 0.057 0.078 0.109 0.153 0.202 0.241 0.272 0.297 0.316 0.326 0.327 0.303 0.245 0.189 0.157 0.139 0.127 0.117 0.106 0.093 0.074 0.047 0.025 0.012 0.005 0.002 0.001 0.000
0.082 0.159 0.296 0.509 0.809 1.191 1.636 2.197 2.710 2.997 3.128 3.170 3.162 3.094 2.910 2.604 2.335 2.156 2.054 2.003 1.989 2.005 2.108 2.460 2.993 3.242 3.292 3.256 3.084 2.725 2.120 1.355 0.790 0.451 0.272 0.192 0.166 0.163 0.170 0.178 0.176 0.161 0.130 0.102 0.086 0.079 0.076 0.078 0.089 0.119 0.172 0.246 0.330 0.417 0.485 0.525 0.545 0.556 0.552 0.527 0.466 0.370 0.295 0.252 0.229 0.216 0.206 0.196 0.180 0.152 0.105 0.057 0.028 0.013 0.006 0.003 0.001
0.032 0.054 0.097 0.173 0.297 0.499 0.862 1.469 2.142 2.595 2.849 2.988 3.042 3.007 2.861 2.599 2.442 2.391 2.427 2.513 2.609 2.707 2.883 3.344 4.044 4.386 4.446 4.370 4.095 3.612 2.926 2.043 1.266 0.745 0.452 0.311 0.259 0.251 0.262 0.282 0.287 0.275 0.235 0.187 0.160 0.148 0.146 0.155 0.187 0.259 0.375 0.503 0.610 0.678 0.709 0.719 0.718 0.707 0.681 0.637 0.568 0.473 0.397 0.349 0.325 0.314 0.307 0.300 0.286 0.254 0.191 0.112 0.059 0.029 0.014 0.006 0.003
0.015 0.021 0.033 0.055 0.095 0.165 0.294 0.532 0.893 1.263 1.593 1.862 2.071 2.223 2.330 2.373 2.469 2.678 2.996 3.343 3.678 3.987 4.312 4.809 5.414 5.685 5.704 5.553 5.170 4.556 3.752 2.867 2.039 1.335 0.844 0.573 0.459 0.430 0.438 0.467 0.480 0.470 0.415 0.342 0.303 0.289 0.292 0.323 0.404 0.550 0.714 0.818 0.849 0.827 0.799 0.783 0.772 0.753 0.716 0.671 0.623 0.564 0.501 0.452 0.426 0.417 0.413 0.409 0.398 0.364 0.291 0.183 0.104 0.057 0.029 0.014 0.007
0.009 0.011 0.015 0.021 0.031 0.051 0.088 0.156 0.267 0.407 0.548 0.684 0.822 0.982 1.210 1.575 2.079 2.621 3.105 3.577 4.044 4.492 4.927 5.412 5.891 6.124 6.144 5.984 5.574 4.933 4.099 3.284 2.603 2.006 1.481 1.088 0.870 0.786 0.771 0.786 0.792 0.767 0.681 0.590 0.549 0.542 0.569 0.665 0.818 0.960 1.026 1.022 0.972 0.886 0.823 0.793 0.775 0.754 0.711 0.669 0.642 0.619 0.589 0.556 0.534 0.525 0.522 0.517 0.502 0.463 0.382 0.262 0.162 0.097 0.055 0.030 0.015
0.005 0.006 0.008 0.010 0.013 0.019 0.028 0.044 0.072 0.113 0.163 0.218 0.282 0.371 0.520 0.789 1.242 1.851 2.474 3.076 3.678 4.253 4.766 5.256 5.684 5.919 5.957 5.835 5.476 4.896 4.133 3.389 2.807 2.347 1.976 1.687 1.482 1.362 1.303 1.267 1.229 1.154 1.026 0.943 0.923 0.945 1.022 1.133 1.210 1.224 1.184 1.110 1.009 0.895 0.822 0.784 0.759 0.731 0.683 0.648 0.636 0.634 0.633 0.621 0.610 0.605 0.602 0.596 0.574 0.524 0.444 0.337 0.233 0.155 0.098 0.059 0.033
0.003 0.004 0.005 0.006 0.007 0.009 0.012 0.016 0.023 0.034 0.049 0.068 0.094 0.136 0.218 0.377 0.646 1.020 1.467 2.003 2.660 3.398 4.063 4.574 4.941 5.135 5.170 5.081 4.820 4.418 3.897 3.310 2.802 2.431 2.188 2.022 1.896 1.810 1.745 1.684 1.619 1.514 1.376 1.305 1.294 1.312 1.352 1.380 1.359 1.306 1.222 1.119 1.002 0.883 0.798 0.746 0.707 0.668 0.627 0.608 0.610 0.627 0.641 0.644 0.643 0.642 0.641 0.633 0.601 0.541 0.467 0.391 0.311 0.236 0.168 0.110 0.065
0.001 0.002 0.003 0.003 0.004 0.005 0.007 0.009 0.011 0.014 0.019 0.026 0.035 0.052 0.088 0.165 0.310 0.539 0.838 1.214 1.703 2.350 3.067 3.641 4.017 4.171 4.166 4.022 3.760 3.523 3.281 2.969 2.638 2.383 2.217 2.120 2.053 1.999 1.948 1.900 1.840 1.732 1.602 1.530 1.501 1.484 1.466 1.433 1.376 1.297 1.194 1.076 0.951 0.823 0.720 0.648 0.596 0.559 0.542 0.544 0.563 0.602 0.633 0.643 0.647 0.649 0.649 0.638 0.599 0.530 0.467 0.419 0.376 0.330 0.272 0.198 0.122
0.001 0.001 0.001 0.002 0.002 0.003 0.004 0.005 0.006 0.008 0.010 0.013 0.017 0.024 0.037 0.068 0.134 0.259 0.452 0.721 1.092 1.614 2.309 2.949 3.345 3.483 3.458 3.282 2.981 2.769 2.621 2.488 2.347 2.236 2.162 2.113 2.073 2.035 1.998 1.962 1.908 1.808 1.687 1.611 1.561 1.516 1.467 1.404 1.317 1.203 1.065 0.935 0.816 0.696 0.595 0.528 0.491 0.476 0.476 0.486 0.513 0.563 0.607 0.627 0.636 0.640 0.640 0.623 0.572 0.500 0.457 0.435 0.420 0.403 0.373 0.311 0.216
0.000 0.000 0.000 0.001 0.001 0.001 0.002 0.003 0.004 0.005 0.006 0.008 0.010 0.013 0.018 0.031 0.059 0.119 0.229 0.405 0.675 1.090 1.712 2.401 2.821 2.960 2.941 2.781 2.501 2.318 2.224 2.170 2.117 2.064 2.042 2.041 2.035 2.015 1.988 1.955 1.898 1.803 1.689 1.604 1.535 1.463 1.378 1.271 1.145 0.996 0.850 0.745 0.666 0.595 0.529 0.477 0.449 0.443 0.446 0.458 0.480 0.518 0.563 0.590 0.602 0.604 0.599 0.574 0.516 0.466 0.451 0.448 0.448 0.444 0.429 0.389 0.314
0.000 0.000 0.000 0.000 0.000 0.000 0.001 0.001 0.002 0.002 0.003 0.004 0.005 0.007 0.010 0.015 0.027 0.053 0.107 0.207 0.382 0.684 1.190 1.875 2.339 2.502 2.502 2.393 2.182 2.040 1.980 1.963 1.952 1.931 1.921 1.932 1.964 1.974 1.961 1.920 1.847 1.747 1.635 1.527 1.419 1.312 1.206 1.099 0.987 0.860 0.746 0.665 0.608 0.562 0.515 0.468 0.438 0.432 0.436 0.448 0.464 0.482 0.508 0.529 0.539 0.537 0.524 0.500 0.467 0.449 0.448 0.455 0.461 0.461 0.452 0.428 0.381
