RESULTS/r.avaflow_results/14_results/14_ascii/14_hflow_max0009.asc
ncols 506
nrows 317
xllcenter 498237.50
yllcenter 5580050.00
cellsize 12.50
NODATA_value -9999.000
[rows 136 to 169 of 317, columns 152 to 227 of 506]
0.000 0.001 0.002 0.004 0.007 0.011 0.012 0.013 0.013 0.012 0.011 0.010 0.010 0.009 0.009 0.009 0.009 0.009 0.009 0.008 0.006 0.005 0.003 0.002 0.001 0.001 0.000 0.000 0.000 0.000 0.000 0.000 0.000 0.000 0.000 0.000 0.000 0.000 0.000 0.000 0.000 0.000 0.000 0.000 0.000 0.000 0.000 0.000 0.000 0.000 0.000 0.000 0.000 0.000 0.000 0.000 0.000 0.000 0.000 0.000 0.000 0.000 0.000 0.000 0.000 0.000 0.000 0.000 0.000 0.000 0.000 0.000 0.000 0.000 0.000 0.000
0.001 0.003 0.005 0.010 0.017 0.026 0.030 0.031 0.030 0.028 0.025 0.022 0.021 0.021 0.021 0.022 0.023 0.022 0.022 0.020 0.018 0.015 0.011 0.008 0.005 0.003 0.001 0.001 0.000 0.000 0.000 0.000 0.000 0.000 0.000 0.000 0.000 0.000 0.000 0.000 0.000 0.000 0.000 0.000 0.000 0.000 0.000 0.000 0.000 0.000 0.000 0.000 0.000 0.000 0.000 0.000 0.000 0.000 0.000 0.000 0.000 0.000 0.000 0.000 0.000 0.000 0.000 0.000 0.000 0.000 0.000 0.000 0.000 0.000 0.000 0.000
0.003 0.007 0.012 0.022 0.039 0.060 0.071 0.073 0.071 0.065 0.056 0.049 0.047 0.047 0.050 0.054 0.055 0.055 0.054 0.052 0.048 0.042 0.035 0.026 0.017 0.010 0.006 0.003 0.001 0.000 0.000 0.000 0.000 0.000 0.000 0.000 0.000 0.000 0.000 0.000 0.000 0.000 0.000 0.000 0.000 0.000 0.000 0.000 0.000 0.000 0.000 0.000 0.000 0.000 0.000 0.000 0.000 0.000 0.000 0.000 0.000 0.000 0.000 0.000 0.000 0.000 0.000 0.000 0.000 0.000 0.000 0.000 0.000 0.000 0.000 0.000
0.008 0.013 0.024 0.044 0.081 0.122 0.146 0.153 0.152 0.143 0.126 0.111 0.106 0.109 0.122 0.136 0.140 0.140 0.139 0.136 0.129 0.118 0.102 0.080 0.055 0.034 0.020 0.010 0.005 0.002 0.001 0.000 0.000 0.000 0.000 0.000 0.000 0.000 0.000 0.000 0.000 0.000 0.000 0.000 0.000 0.000 0.000 0.000 0.000 0.000 0.000 0.000 0.000 0.000 0.000 0.000 0.000 0.000 0.000 0.000 0.000 0.000 0.000 0.000 0.000 0.000 0.000 0.000 0.000 0.000 0.000 0.000 0.000 0.000 0.000 0.000
0.014 0.025 0.045 0.079 0.127 0.171 0.200 0.214 0.220 0.221 0.213 0.207 0.209 0.225 0.263 0.298 0.317 0.326 0.330 0.330 0.322 0.304 0.273 0.226 0.165 0.108 0.065 0.035 0.017 0.008 0.003 0.001 0.000 0.000 0.000 0.000 0.000 0.000 0.000 0.000 0.000 0.000 0.000 0.000 0.000 0.000 0.000 0.000 0.000 0.000 0.000 0.000 0.000 0.000 0.000 0.000 0.000 0.000 0.000 0.000 0.000 0.000 0.000 0.000 0.000 0.000 0.000 0.000 0.000 0.000 0.000 0.000 0.000 0.000 0.000 0.000
0.025 0.043 0.070 0.106 0.146 0.182 0.209 0.232 0.249 0.261 0.269 0.281 0.306 0.354 0.410 0.458 0.499 0.536 0.569 0.597 0.608 0.599 0.566 0.501 0.405 0.289 0.182 0.105 0.055 0.026 0.011 0.004 0.002 0.001 0.000 0.000 0.000 0.000 0.000 0.000 0.000 0.000 0.000 0.000 0.000 0.000 0.000 0.000 0.000 0.000 0.000 0.000 0.000 0.000 0.000 0.000 0.000 0.000 0.000 0.000 0.000 0.000 0.000 0.000 0.000 0.000 0.000 0.000 0.000 0.000 0.000 0.000 0.000 0.000 0.000 0.000
0.040 0.062 0.089 0.117 0.150 0.195 0.235 0.268 0.291 0.308 0.324 0.349 0.389 0.439 0.492 0.538 0.582 0.631 0.680 0.724 0.750 0.753 0.739 0.703 0.638 0.539 0.406 0.263 0.146 0.073 0.032 0.013 0.005 0.002 0.001 0.001 0.000 0.000 0.000 0.000 0.000 0.000 0.000 0.000 0.000 0.000 0.000 0.000 0.000 0.000 0.000 0.000 0.000 0.000 0.000 0.000 0.000 0.000 0.000 0.000 0.000 0.000 0.000 0.000 0.000 0.000 0.000 0.000 0.000 0.000 0.000 0.000 0.000 0.000 0.000 0.000
0.053 0.076 0.103 0.152 0.208 0.257 0.302 0.339 0.366 0.384 0.403 0.432 0.466 0.501 0.534 0.569 0.606 0.644 0.682 0.721 0.751 0.769 0.768 0.754 0.719 0.661 0.573 0.454 0.310 0.173 0.084 0.037 0.015 0.007 0.004 0.002 0.001 0.001 0.000 0.000 0.000 0.000 0.000 0.000 0.000 0.000 0.000 0.000 0.000 0.000 0.000 0.000 0.000 0.000 0.000 0.000 0.000 0.000 0.000 0.000 0.000 0.000 0.000 0.000 0.000 0.000 0.000 0.000 0.000 0.000 0.000 0.000 0.000 0.000 0.000 0.000
0.065 0.104 0.163 0.241 0.312 0.368 0.415 0.455 0.483 0.501 0.519 0.541 0.562 0.578 0.592 0.608 0.629 0.653 0.670 0.684 0.706 0.721 0.729 0.726 0.709 0.677 0.627 0.555 0.458 0.323 0.184 0.088 0.039 0.018 0.009 0.006 0.004 0.003 0.002 0.002 0.001 0.001 0.001 0.000 0.000 0.000 0.000 0.000 0.000 0.000 0.000 0.000 0.000 0.000 0.000 0.000 0.000 0.000 0.000 0.000 0.000 0.000 0.000 0.000 0.000 0.000 0.000 0.000 0.000 0.000 0.000 0.000 0.000 0.000 0.000 0.000
0.116 0.188 0.287 0.397 0.489 0.553 0.600 0.634 0.656 0.670 0.681 0.692 0.696 0.694 0.688 0.680 0.678 0.682 0.684 0.683 0.674 0.664 0.651 0.636 0.625 0.620 0.600 0.557 0.499 0.424 0.310 0.181 0.089 0.042 0.023 0.014 0.010 0.007 0.006 0.005 0.004 0.003 0.003 0.002 0.002 0.001 0.001 0.000 0.000 0.000 0.000 0.000 0.000 0.000 0.000 0.000 0.000 0.000 0.000 0.000 0.000 0.000 0.000 0.000 0.000 0.000 0.000 0.000 0.000 0.000 0.000 0.000 0.000 0.000 0.000 0.000
0.243 0.380 0.530 0.670 0.782 0.857 0.899 0.920 0.925 0.921 0.913 0.903 0.884 0.856 0.823 0.789 0.766 0.754 0.745 0.733 0.714 0.690 0.666 0.643 0.623 0.603 0.577 0.543 0.498 0.449 0.395 0.298 0.177 0.091 0.050 0.031 0.021 0.016 0.013 0.011 0.010 0.009 0.008 0.007 0.006 0.005 0.004 0.002 0.001 0.001 0.000 0.000 0.000 0.000 0.000 0.000 0.000 0.000 0.000 0.000 0.000 0.000 0.000 0.000 0.000 0.000 0.000 0.000 0.000 0.000 0.000 0.000 0.000 0.000 0.000 0.000
0.535 0.760 0.968 1.137 1.261 1.342 1.376 1.377 1.354 1.315 1.267 1.214 1.149 1.075 1.009 0.966 0.936 0.915 0.897 0.873 0.839 0.798 0.759 0.722 0.690 0.658 0.621 0.576 0.527 0.479 0.431 0.380 0.292 0.177 0.101 0.064 0.044 0.033 0.027 0.024 0.021 0.019 0.018 0.016 0.015 0.014 0.012 0.009 0.006 0.003 0.001 0.000 0.000 0.000 0.000 0.000 0.000 0.000 0.000 0.000 0.000 0.000 0.000 0.000 0.000 0.000 0.000 0.000 0.000 0.000 0.000 0.000 0.000 0.000 0.000 0.000
1.124 1.448 1.705 1.889 2.014 2.088 2.112 2.085 2.018 1.920 1.805 1.670 1.533 1.440 1.363 1.297 1.242 1.196 1.151 1.100 1.045 0.987 0.931 0.875 0.826 0.779 0.727 0.669 0.609 0.552 0.494 0.437 0.383 0.294 0.190 0.124 0.087 0.068 0.058 0.051 0.047 0.044 0.041 0.039 0.038 0.035 0.032 0.028 0.022 0.014 0.007 0.002 0.001 0.000 0.000 0.000 0.000 0.000 0.000 0.000 0.000 0.000 0.000 0.000 0.000 0.000 0.000 0.000 0.000 0.000 0.000 0.000 0.000 0.000 0.000 0.000
2.174 2.578 2.849 3.023 3.127 3.176 3.172 3.112 2.987 2.803 2.575 2.336 2.172 2.039 1.923 1.819 1.726 1.641 1.555 1.468 1.385 1.302 1.218 1.141 1.069 1.001 0.930 0.856 0.779 0.699 0.620 0.543 0.472 0.406 0.321 0.227 0.181 0.157 0.140 0.129 0.121 0.115 0.112 0.108 0.104 0.097 0.089 0.080 0.069 0.053 0.033 0.014 0.004 0.001 0.000 0.000 0.000 0.000 0.000 0.000 0.000 0.000 0.000 0.000 0.000 0.000 0.000 0.000 0.000 0.000 0.000 0.000 0.000 0.000 0.000 0.000
3.795 4.214 4.445 4.570 4.637 4.645 4.594 4.473 4.271 3.972 3.598 3.301 3.081 2.893 2.728 2.583 2.444 2.297 2.149 2.015 1.899 1.791 1.684 1.585 1.491 1.397 1.304 1.214 1.116 1.008 0.899 0.793 0.693 0.597 0.523 0.463 0.417 0.382 0.358 0.339 0.325 0.317 0.309 0.301 0.288 0.272 0.251 0.224 0.195 0.164 0.121 0.065 0.023 0.006 0.001 0.000 0.000 0.000 0.000 0.000 0.000 0.000 0.000 0.000 0.000 0.000 0.000 0.000 0.000 0.000 0.000 0.000 0.000 0.000 0.000 0.000
5.907 6.254 6.426 6.502 6.523 6.485 6.358 6.131 5.801 5.367 4.878 4.546 4.266 4.013 3.790 3.591 3.399 3.190 2.989 2.814 2.670 2.542 2.422 2.306 2.185 2.059 1.933 1.809 1.682 1.548 1.408 1.303 1.211 1.128 1.055 0.993 0.945 0.909 0.877 0.849 0.828 0.810 0.789 0.764 0.733 0.695 0.645 0.583 0.514 0.443 0.365 0.245 0.106 0.034 0.007 0.001 0.000 0.000 0.000 0.000 0.000 0.000 0.000 0.000 0.000 0.000 0.000 0.000 0.000 0.000 0.000 0.000 0.000 0.000 0.000 0.000
8.004 8.315 8.524 8.646 8.671 8.580 8.353 7.985 7.516 6.937 6.336 5.939 5.609 5.307 5.021 4.764 4.535 4.319 4.121 3.959 3.815 3.687 3.567 3.433 3.269 3.072 2.863 2.693 2.565 2.454 2.352 2.251 2.161 2.086 2.029 1.989 1.956 1.923 1.888 1.855 1.822 1.781 1.728 1.671 1.610 1.535 1.438 1.320 1.191 1.059 0.926 0.713 0.381 0.150 0.039 0.005 0.000 0.000 0.000 0.000 0.000 0.000 0.000 0.000 0.000 0.000 0.000 0.000 0.000 0.000 0.000 0.000 0.000 0.000 0.000 0.000
9.997 10.305 10.568 10.730 10.728 10.566 10.241 9.783 9.196 8.438 7.680 7.215 6.853 6.538 6.265 6.021 5.836 5.726 5.657 5.579 5.476 5.357 5.218 5.036 4.782 4.513 4.292 4.111 3.978 3.885 3.799 3.716 3.640 3.578 3.531 3.492 3.452 3.408 3.364 3.311 3.246 3.170 3.092 3.014 2.929 2.825 2.703 2.568 2.416 2.250 2.053 1.691 1.070 0.503 0.158 0.028 0.002 0.000 0.000 0.000 0.000 0.000 0.000 0.000 0.000 0.000 0.000 0.000 0.000 0.000 0.000 0.000 0.000 0.000 0.000 0.000
12.065 12.360 12.655 12.789 12.673 12.392 11.962 11.392 10.657 9.739 8.918 8.397 8.021 7.725 7.514 7.391 7.413 7.524 7.615 7.641 7.594 7.463 7.253 6.974 6.630 6.339 6.129 5.980 5.853 5.732 5.613 5.499 5.387 5.291 5.207 5.115 5.016 4.914 4.800 4.666 4.533 4.417 4.323 4.228 4.118 4.002 3.896 3.802 3.702 3.560 3.349 2.993 2.251 1.335 0.471 0.100 0.009 0.000 0.000 0.000 0.000 0.000 0.000 0.000 0.000 0.000 0.000 0.000 0.000 0.000 0.000 0.000 0.000 0.000 0.000 0.000
14.329 14.607 14.872 14.844 14.552 14.110 13.519 12.738 11.820 10.866 10.124 9.588 9.218 9.003 8.928 8.976 9.092 9.220 9.332 9.415 9.438 9.326 9.065 8.730 8.403 8.129 7.946 7.801 7.642 7.457 7.285 7.142 7.010 6.879 6.754 6.626 6.470 6.271 6.048 5.833 5.656 5.517 5.390 5.250 5.096 4.955 4.834 4.685 4.491 4.268 4.015 3.699 3.292 2.437 1.029 0.251 0.029 0.001 0.000 0.000 0.000 0.000 0.000 0.000 0.000 0.000 0.000 0.000 0.000 0.000 0.000 0.000 0.000 0.000 0.000 0.000
16.959 17.266 17.275 16.950 16.397 15.734 14.927 13.922 12.866 11.970 11.363 10.926 10.660 10.554 10.545 10.557 10.568 10.624 10.721 10.837 10.886 10.794 10.540 10.223 9.987 9.814 9.624 9.397 9.149 8.913 8.708 8.550 8.412 8.267 8.129 7.978 7.755 7.465 7.178 6.936 6.733 6.544 6.341 6.126 5.915 5.689 5.409 5.114 4.866 4.622 4.366 4.093 3.749 3.032 1.430 0.376 0.049 0.002 0.000 0.000 0.000 0.000 0.000 0.000 0.000 0.000 0.000 0.000 0.000 0.000 0.000 0.000 0.000 0.000 0.000 0.000
20.150 20.209 19.827 19.062 18.164 17.252 16.246 15.130 14.058 13.253 12.728 12.412 12.230 12.106 12.001 11.905 11.822 11.792 11.840 11.894 11.896 11.814 11.613 11.373 11.231 11.160 10.998 10.736 10.428 10.126 9.892 9.713 9.569 9.439 9.296 9.098 8.821 8.514 8.228 7.975 7.719 7.440 7.152 6.848 6.485 6.114 5.777 5.422 5.090 4.783 4.490 4.193 3.839 3.155 1.530 0.410 0.054 0.002 0.000 0.000 0.000 0.000 0.000 0.000 0.000 0.000 0.000 0.000 0.000 0.000 0.000 0.000 0.000 0.000 0.000 0.000
23.933 23.206 22.318 21.066 19.798 18.631 17.514 16.443 15.518 14.802 14.242 13.869 13.660 13.493 13.279 13.080 12.928 12.815 12.717 12.614 12.524 12.437 12.293 12.160 12.112 12.075 11.956 11.743 11.472 11.185 10.909 10.682 10.506 10.353 10.173 9.942 9.690 9.437 9.158 8.853 8.521 8.156 7.730 7.308 6.905 6.447 5.959 5.504 5.112 4.766 4.443 4.123 3.747 3.014 1.434 0.383 0.049 0.002 0.000 0.000 0.000 0.000 0.000 0.000 0.000 0.000 0.000 0.000 0.000 0.000 0.000 0.000 0.000 0.000 0.000 0.000
27.767 26.509 24.652 22.932 21.371 19.969 18.747 17.755 16.930 16.244 15.658 15.186 14.840 14.558 14.319 14.138 13.993 13.830 13.603 13.306 13.035 12.884 12.789 12.744 12.753 12.710 12.612 12.481 12.296 12.060 11.793 11.530 11.281 11.023 10.758 10.519 10.323 10.109 9.816 9.438 9.025 8.597 8.168 7.656 7.104 6.530 5.973 5.452 4.973 4.531 4.113 3.704 3.221 2.352 1.027 0.259 0.030 0.001 0.000 0.000 0.000 0.000 0.000 0.000 0.000 0.000 0.000 0.000 0.000 0.000 0.000 0.000 0.000 0.000 0.000 0.000
30.941 29.061 27.016 24.703 22.859 21.274 19.963 18.926 18.069 17.347 16.705 16.098 15.543 15.133 14.991 15.024 14.966 14.823 14.592 14.199 13.733 13.462 13.375 13.341 13.293 13.226 13.141 13.047 12.912 12.723 12.464 12.154 11.835 11.513 11.167 10.865 10.637 10.412 10.160 9.816 9.399 8.922 8.377 7.766 7.125 6.456 5.779 5.110 4.475 3.881 3.306 2.722 2.067 1.251 0.478 0.105 0.009 0.000 0.000 0.000 0.000 0.000 0.000 0.000 0.000 0.000 0.000 0.000 0.000 0.000 0.000 0.000 0.000 0.000 0.000 0.000
34.039 31.430 28.971 26.570 24.186 22.463 21.075 19.924 18.937 18.095 17.371 16.686 16.006 15.455 15.320 15.640 15.756 15.690 15.559 15.296 14.848 14.427 14.190 13.994 13.786 13.671 13.602 13.489 13.338 13.161 12.906 12.565 12.200 11.848 11.494 11.124 10.807 10.551 10.290 9.969 9.559 9.019 8.410 7.719 6.918 5.993 5.064 4.191 3.393 2.683 2.064 1.513 0.994 0.502 0.164 0.028 0.002 0.000 0.000 0.000 0.000 0.000 0.000 0.000 0.000 0.000 0.000 0.000 0.000 0.000 0.000 0.000 0.000 0.000 0.000 0.000
37.317 33.910 30.819 28.143 25.801 23.742 22.086 20.783 19.646 18.665 17.813 16.983 16.160 15.476 15.342 15.855 16.198 16.331 16.312 16.182 15.900 15.509 15.120 14.722 14.305 14.052 13.907 13.748 13.565 13.379 13.166 12.870 12.490 12.081 11.671 11.252 10.813 10.446 10.171 9.886 9.473 8.876 8.114 7.162 5.992 4.722 3.572 2.640 1.946 1.435 1.033 0.687 0.384 0.158 0.040 0.005 0.000 0.000 0.000 0.000 0.000 0.000 0.000 0.000 0.000 0.000 0.000 0.000 0.000 0.000 0.000 0.000 0.000 0.000 0.000 0.000
40.672 36.364 32.663 29.707 27.310 25.223 23.303 21.547 20.194 19.084 18.102 17.149 16.198 15.412 15.249 15.727 16.294 16.624 16.724 16.672 16.509 16.258 15.937 15.504 14.978 14.467 14.097 13.885 13.683 13.492 13.297 13.006 12.601 12.140 11.660 11.183 10.691 10.179 9.704 9.226 8.644 7.831 6.772 5.503 4.124 2.914 1.994 1.353 0.928 0.638 0.419 0.243 0.112 0.035 0.006 0.001 0.000 0.000 0.000 0.000 0.000 0.000 0.000 0.000 0.000 0.000 0.000 0.000 0.000 0.000 0.000 0.000 0.000 0.000 0.000 0.000
43.730 38.562 34.390 31.180 28.567 26.361 24.396 22.603 20.953 19.607 18.514 17.474 16.468 15.686 15.486 15.732 16.116 16.592 16.815 16.852 16.778 16.674 16.521 16.233 15.708 15.003 14.389 13.954 13.667 13.459 13.257 12.959 12.526 12.000 11.449 10.880 10.216 9.491 8.639 7.698 6.759 5.792 4.793 3.751 2.660 1.720 1.046 0.624 0.378 0.230 0.131 0.063 0.022 0.005 0.001 0.000 0.000 0.000 0.000 0.000 0.000 0.000 0.000 0.000 0.000 0.000 0.000 0.000 0.000 0.000 0.000 0.000 0.000 0.000 0.000 0.000
46.181 40.588 36.151 32.711 29.950 27.770 25.910 24.230 22.616 21.108 19.742 18.646 17.799 17.183 16.725 16.341 16.118 16.380 16.684 16.858 16.930 16.962 16.928 16.765 16.322 15.638 14.784 14.041 13.621 13.346 13.103 12.790 12.331 11.736 10.996 10.088 9.185 8.273 7.251 6.206 5.282 4.449 3.648 2.833 1.909 1.106 0.573 0.279 0.135 0.066 0.030 0.011 0.003 0.000 0.000 0.000 0.000 0.000 0.000 0.000 0.000 0.000 0.000 0.000 0.000 0.000 0.000 0.000 0.000 0.000 0.000 0.000 0.000 0.000 0.000 0.000
48.565 42.847 38.614 35.302 32.582 30.409 28.547 26.842 25.207 23.630 22.197 21.027 20.159 19.487 18.894 18.271 17.527 16.647 16.431 16.781 17.062 17.243 17.263 17.110 16.740 16.165 15.296 14.339 13.685 13.278 12.944 12.599 12.101 11.274 10.106 8.958 7.946 6.981 6.067 5.224 4.470 3.787 3.120 2.408 1.546 0.813 0.362 0.138 0.047 0.015 0.005 0.001 0.000 0.000 0.000 0.000 0.000 0.000 0.000 0.000 0.000 0.000 0.000 0.000 0.000 0.000 0.000 0.000 0.000 0.000 0.000 0.000 0.000 0.000 0.000 0.000
51.519 46.371 42.586 39.381 36.648 34.439 32.442 30.486 28.624 26.917 25.399 24.111 23.097 22.240 21.423 20.551 19.567 18.391 17.159 16.581 17.097 17.409 17.430 17.257 16.986 16.465 15.695 14.768 13.937 13.334 12.823 12.269 11.513 10.425 9.163 8.041 6.997 6.063 5.302 4.657 4.053 3.464 2.858 2.171 1.327 0.658 0.265 0.084 0.020 0.004 0.001 0.000 0.000 0.000 0.000 0.000 0.000 0.000 0.000 0.000 0.000 0.000 0.000 0.000 0.000 0.000 0.000 0.000 0.000 0.000 0.000 0.000 0.000 0.000 0.000 0.000
55.441 51.323 47.864 45.002 42.421 40.148 37.941 35.698 33.546 31.648 29.956 28.462 27.177 26.015 24.880 23.722 22.493 21.134 19.618 18.043 16.940 17.276 17.355 17.261 16.989 16.486 15.777 14.921 14.032 13.261 12.498 11.643 10.625 9.459 8.333 7.305 6.339 5.515 4.877 4.331 3.794 3.243 2.661 1.951 1.136 0.541 0.207 0.060 0.012 0.002 0.000 0.000 0.000 0.000 0.000 0.000 0.000 0.000 0.000 0.000 0.000 0.000 0.000 0.000 0.000 0.000 0.000 0.000 0.000 0.000 0.000 0.000 0.000 0.000 0.000 0.000
60.160 57.647 55.362 52.939 50.443 47.837 45.091 42.576 40.177 37.965 35.928 34.033 32.270 30.625 29.087 27.611 26.147 24.596 22.862 20.915 18.827 17.043 17.050 16.919 16.622 16.126 15.396 14.481 13.578 12.713 11.802 10.773 9.621 8.504 7.521 6.652 5.850 5.148 4.571 4.055 3.546 3.020 2.422 1.673 0.929 0.424 0.154 0.042 0.008 0.001 0.000 0.000 0.000 0.000 0.000 0.000 0.000 0.000 0.000 0.000 0.000 0.000 0.000 0.000 0.000 0.000 0.000 0.000 0.000 0.000 0.000 0.000 0.000 0.000 0.000 0.000
