RESULTS/r.avaflow_results/14_results/14_ascii/14_hflow0037.asc
ncols 506
nrows 317
xllcenter 498237.50
yllcenter 5580050.00
cellsize 12.50
NODATA_value -9999.000
[rows 170 to 203 of 317, columns 77 to 153 of 506]
0.012 0.020 0.035 0.067 0.129 0.236 0.394 0.594 0.826 1.099 1.442 1.884 2.448 3.126 3.882 4.675 5.493 6.334 7.221 8.148 9.124 10.150 11.184 12.284 13.415 14.451 15.325 16.118 16.922 17.756 18.625 19.580 20.615 21.790 23.024 24.382 25.918 27.317 28.595 29.756 30.737 31.911 33.030 34.315 35.750 36.882 37.613 38.687 39.706 40.737 42.254 43.648 45.431 48.021 49.499 50.769 52.066 52.606 53.334 53.342 53.537 54.278 54.486 54.591 54.470 53.380 52.308 51.242 49.685 48.140 46.430 44.395 42.422 40.542 38.527 36.486 34.686
0.041 0.066 0.109 0.185 0.311 0.492 0.718 0.971 1.260 1.612 2.054 2.609 3.284 4.077 4.963 5.936 6.993 8.077 9.144 10.206 11.285 12.400 13.505 14.587 15.610 16.533 17.328 18.054 18.773 19.542 20.376 21.279 22.267 23.425 24.673 26.053 27.700 29.176 30.524 31.698 32.689 33.930 35.078 36.417 37.929 38.940 39.430 40.485 41.708 42.723 44.030 45.054 46.107 47.951 49.466 51.205 53.020 53.788 54.634 54.924 55.099 55.744 55.566 55.235 54.809 53.668 52.471 51.119 49.453 47.982 46.621 44.980 43.273 41.804 40.189 38.523 37.097
0.101 0.157 0.241 0.366 0.533 0.740 0.986 1.274 1.618 2.039 2.557 3.192 3.958 4.861 5.897 7.056 8.331 9.689 11.004 12.264 13.464 14.640 15.729 16.742 17.643 18.447 19.172 19.827 20.477 21.177 21.906 22.778 23.692 24.810 26.087 27.491 29.070 30.631 32.193 33.543 34.582 35.871 37.149 38.502 39.860 40.769 41.400 42.636 43.830 44.903 46.113 46.717 47.297 48.507 49.319 50.441 52.476 53.912 54.857 55.720 55.833 56.252 55.921 55.372 54.933 53.859 52.529 51.249 49.875 48.452 47.380 46.084 44.670 43.314 41.712 40.212 39.097
0.179 0.259 0.367 0.511 0.693 0.919 1.196 1.531 1.931 2.411 2.994 3.693 4.540 5.534 6.703 8.019 9.484 11.081 12.644 14.087 15.386 16.620 17.705 18.673 19.479 20.203 20.908 21.515 22.066 22.732 23.389 24.169 24.998 26.017 27.201 28.674 30.275 31.887 33.477 34.919 36.138 37.599 38.892 40.138 41.438 42.404 43.222 44.538 45.690 46.623 47.716 48.279 48.577 49.318 49.595 50.039 51.598 53.301 54.826 56.285 56.351 56.514 56.291 55.467 54.916 54.043 52.813 51.878 50.783 49.691 48.876 47.556 46.050 44.604 43.008 41.682 40.898
0.231 0.327 0.452 0.614 0.817 1.069 1.379 1.751 2.198 2.731 3.365 4.121 5.031 6.117 7.390 8.837 10.449 12.225 14.000 15.623 17.060 18.326 19.364 20.355 21.119 21.743 22.448 23.103 23.580 24.139 24.650 25.302 26.131 27.092 28.168 29.615 31.106 32.691 34.495 36.104 37.510 39.139 40.446 41.617 42.908 43.855 44.627 45.823 46.844 47.603 48.597 49.083 49.062 49.418 49.341 49.548 50.725 51.858 52.729 54.482 55.110 55.488 55.579 54.862 54.322 54.015 53.124 52.613 51.740 50.546 49.588 48.056 46.447 45.213 43.878 42.584 41.838
0.262 0.373 0.518 0.700 0.926 1.203 1.536 1.935 2.416 2.990 3.672 4.485 5.453 6.622 7.984 9.527 11.235 13.107 15.064 16.873 18.460 19.833 20.913 21.860 22.580 23.196 23.853 24.419 24.881 25.483 25.942 26.448 27.152 27.944 28.961 30.372 31.848 33.437 35.295 37.011 38.591 40.255 41.654 42.776 44.141 45.158 45.820 47.049 47.913 48.424 49.202 49.542 49.372 49.675 49.431 49.524 50.585 51.466 51.860 52.908 53.233 54.193 54.875 54.515 54.117 54.188 53.510 52.840 52.174 50.839 49.789 48.290 46.573 45.396 44.164 42.879 42.021
0.278 0.403 0.568 0.774 1.024 1.322 1.671 2.089 2.593 3.198 3.925 4.793 5.825 7.054 8.482 10.089 11.847 13.750 15.810 17.754 19.497 20.959 22.138 23.164 23.940 24.499 25.113 25.668 26.162 26.722 27.134 27.516 28.073 28.730 29.617 30.828 32.248 33.800 35.585 37.331 39.063 40.895 42.467 43.526 44.994 46.122 46.814 47.814 48.607 49.132 49.889 49.927 49.818 50.214 49.715 49.679 50.236 50.636 51.302 52.192 52.182 52.551 53.655 54.057 54.008 54.179 53.613 52.933 52.216 50.792 49.691 48.174 46.411 45.246 44.118 42.873 41.877
0.283 0.417 0.601 0.834 1.109 1.425 1.787 2.217 2.739 3.373 4.138 5.054 6.139 7.415 8.880 10.514 12.281 14.175 16.259 18.329 20.221 21.894 23.206 24.263 25.061 25.648 26.319 26.845 27.187 27.660 28.020 28.256 28.695 29.268 30.113 31.332 32.649 34.082 35.920 37.695 39.509 41.597 43.301 44.389 45.885 46.724 47.186 48.049 48.702 48.948 49.653 49.532 49.470 49.903 49.471 49.268 49.563 49.712 50.532 51.473 51.586 51.267 51.653 51.968 52.525 53.226 52.730 52.075 51.357 49.851 48.696 47.037 45.323 44.126 43.033 41.842 40.987
0.274 0.413 0.612 0.873 1.175 1.507 1.883 2.325 2.861 3.516 4.313 5.273 6.409 7.721 9.194 10.811 12.561 14.439 16.492 18.635 20.679 22.501 23.935 25.177 26.114 26.719 27.279 27.749 28.126 28.562 28.834 29.016 29.430 29.865 30.561 31.691 32.927 34.365 36.232 37.987 40.014 42.207 43.928 45.281 46.607 47.149 47.550 48.450 48.884 49.095 49.838 49.745 49.548 49.902 49.704 49.595 49.855 49.780 50.573 51.438 51.353 51.200 51.226 50.731 50.659 51.689 51.608 50.985 50.391 48.880 47.564 45.740 43.978 42.770 41.646 40.526 39.934
0.236 0.381 0.598 0.888 1.219 1.571 1.964 2.422 2.972 3.645 4.465 5.453 6.616 7.941 9.409 10.999 12.719 14.564 16.572 18.724 20.892 22.830 24.481 25.873 26.900 27.604 28.232 28.646 28.980 29.410 29.651 29.768 30.111 30.392 30.845 31.723 32.822 34.219 36.052 37.872 39.972 42.199 44.012 45.534 46.910 47.553 48.197 49.063 49.279 49.632 50.269 50.058 50.005 50.298 49.827 49.593 49.845 49.776 50.265 50.936 50.603 50.342 50.269 49.562 49.205 50.040 50.135 49.675 49.208 47.687 46.150 44.441 42.803 41.582 40.413 39.357 38.769
0.169 0.321 0.561 0.881 1.240 1.618 2.032 2.510 3.076 3.760 4.593 5.594 6.761 8.079 9.515 11.086 12.784 14.596 16.586 18.713 20.921 22.978 24.789 26.353 27.573 28.308 28.898 29.268 29.519 29.962 30.214 30.258 30.467 30.547 30.893 31.764 32.812 34.161 36.036 37.942 40.003 42.381 44.173 45.669 46.913 47.381 47.843 48.597 48.919 49.283 49.797 49.593 49.667 49.999 49.555 49.278 49.413 49.289 49.548 50.008 49.506 49.064 48.941 48.153 47.550 47.655 47.818 47.766 47.388 46.098 44.683 43.059 41.498 40.335 39.168 38.022 37.351
0.106 0.254 0.509 0.857 1.248 1.653 2.096 2.598 3.181 3.870 4.695 5.679 6.821 8.119 9.557 11.108 12.781 14.574 16.525 18.614 20.825 23.008 24.956 26.644 27.955 28.883 29.653 30.119 30.372 30.716 30.802 30.767 30.927 30.997 31.281 31.994 32.908 34.133 35.991 37.918 40.179 42.588 44.232 45.721 47.147 47.642 47.788 48.504 48.831 49.035 49.661 49.623 49.574 50.024 49.684 49.361 49.432 49.278 49.485 49.804 49.168 48.682 48.252 47.203 46.518 46.030 45.789 45.806 45.796 44.888 43.799 42.197 40.582 39.405 38.109 36.825 36.053
0.061 0.190 0.447 0.818 1.244 1.687 2.161 2.688 3.288 3.977 4.779 5.716 6.818 8.082 9.520 11.072 12.736 14.474 16.372 18.382 20.631 22.965 25.020 26.862 28.373 29.459 30.369 30.910 31.213 31.473 31.428 31.274 31.350 31.345 31.518 32.081 32.766 33.839 35.651 37.492 39.783 42.154 43.922 45.596 47.215 47.841 48.038 48.566 48.637 48.938 49.579 49.585 49.731 50.185 49.834 49.631 49.504 49.009 48.933 49.202 48.620 47.987 47.432 46.325 45.350 44.655 44.158 43.822 44.136 43.523 42.746 41.440 39.905 38.585 37.024 35.664 34.654
0.032 0.129 0.371 0.761 1.230 1.720 2.234 2.793 3.413 4.099 4.870 5.754 6.780 7.966 9.346 10.865 12.522 14.221 16.038 18.003 20.248 22.715 24.960 26.881 28.550 29.792 30.806 31.381 31.738 32.001 31.896 31.713 31.783 31.760 31.866 32.403 33.035 33.923 35.513 37.365 39.561 42.093 43.879 45.252 46.601 47.243 47.588 48.139 48.103 48.291 48.787 48.784 48.999 49.440 49.145 49.037 48.999 48.338 47.992 48.184 47.621 46.986 46.434 45.335 44.343 43.640 42.680 42.000 42.442 42.175 41.499 40.467 38.999 37.536 35.860 34.444 33.283
0.016 0.077 0.280 0.676 1.198 1.754 2.330 2.935 3.574 4.251 4.987 5.810 6.757 7.854 9.130 10.563 12.159 13.848 15.628 17.614 19.797 22.337 24.865 26.940 28.731 30.049 31.244 32.012 32.410 32.730 32.647 32.526 32.566 32.414 32.401 32.846 33.371 34.246 35.628 37.359 39.427 41.953 43.647 44.984 46.330 46.897 47.332 48.087 48.021 47.915 48.332 48.263 48.358 48.945 48.775 48.521 48.641 48.159 47.787 47.785 47.147 46.700 46.213 45.103 44.208 43.418 42.086 41.088 41.082 40.862 40.596 39.722 38.198 36.671 34.938 33.394 32.194
0.010 0.040 0.186 0.554 1.124 1.768 2.414 3.073 3.740 4.419 5.126 5.885 6.767 7.797 9.005 10.367 11.902 13.577 15.373 17.325 19.431 21.982 24.673 26.948 28.834 30.235 31.590 32.600 33.093 33.515 33.581 33.400 33.399 33.331 33.256 33.519 33.829 34.669 35.802 37.244 39.032 41.397 43.230 44.701 46.052 46.664 47.158 47.795 47.610 47.531 47.736 47.458 47.496 47.999 47.943 48.028 48.305 47.806 47.500 47.504 46.825 46.290 45.903 44.929 44.038 43.133 41.831 40.492 40.009 39.688 39.495 38.646 37.172 35.627 34.001 32.503 31.213
0.008 0.019 0.097 0.387 0.961 1.705 2.443 3.148 3.847 4.537 5.239 5.980 6.824 7.795 8.956 10.282 11.791 13.461 15.303 17.244 19.283 21.650 24.235 26.666 28.646 30.237 31.632 32.746 33.545 34.262 34.459 34.335 34.480 34.431 34.336 34.696 34.895 35.570 36.631 37.809 39.217 41.162 42.673 43.904 45.200 45.852 46.271 46.715 46.449 46.430 46.379 45.994 45.931 46.350 46.427 46.720 47.235 46.998 46.847 46.890 46.245 45.595 45.272 44.397 43.522 42.677 41.363 39.771 38.782 38.171 38.018 37.252 35.818 34.248 32.790 31.396 29.970
0.008 0.011 0.040 0.198 0.656 1.424 2.305 3.117 3.862 4.584 5.319 6.089 6.922 7.859 8.986 10.307 11.818 13.482 15.327 17.230 19.234 21.469 23.808 26.267 28.491 30.218 31.748 32.976 33.979 34.959 35.350 35.354 35.621 35.632 35.648 36.102 36.225 36.851 37.784 38.638 39.784 41.356 42.515 43.491 44.753 45.280 45.448 45.864 45.610 45.364 45.320 44.994 44.724 45.187 45.447 45.748 46.434 46.378 46.362 46.542 46.019 45.455 45.299 44.381 43.466 42.749 41.086 39.500 38.423 37.278 36.754 35.888 34.371 32.905 31.444 30.083 28.531
0.009 0.009 0.017 0.070 0.296 0.862 1.772 2.788 3.729 4.568 5.378 6.218 7.108 8.085 9.200 10.502 11.999 13.650 15.467 17.371 19.302 21.353 23.459 25.738 28.177 30.123 31.850 33.266 34.353 35.428 36.104 36.319 36.622 36.726 36.845 37.317 37.439 37.967 38.762 39.421 40.190 41.289 42.286 43.379 44.462 44.758 44.728 45.046 45.012 44.744 44.739 44.426 44.063 44.337 44.524 44.896 45.571 45.586 45.386 45.555 45.332 44.894 44.841 44.168 43.061 42.082 40.545 39.213 37.964 36.325 35.125 34.275 32.843 31.394 29.732 28.173 26.460
0.010 0.010 0.012 0.027 0.105 0.386 1.038 2.088 3.337 4.470 5.459 6.434 7.445 8.524 9.692 10.992 12.440 14.053 15.834 17.688 19.551 21.327 23.157 25.136 27.471 29.673 31.581 33.102 34.314 35.522 36.365 36.802 37.288 37.463 37.510 38.062 38.410 38.845 39.669 40.161 40.642 41.416 41.934 42.684 43.597 43.944 43.842 44.120 44.150 43.913 44.006 43.725 43.336 43.416 43.449 43.645 44.151 44.187 43.978 44.189 44.020 43.634 43.667 43.022 41.859 40.746 39.404 38.196 36.941 35.208 33.393 32.046 30.744 29.318 27.541 25.641 23.805
0.010 0.010 0.012 0.019 0.050 0.182 0.605 1.514 2.907 4.390 5.631 6.798 7.965 9.183 10.462 11.814 13.271 14.846 16.561 18.309 20.042 21.626 23.174 24.865 26.932 29.181 31.233 32.880 34.228 35.598 36.618 37.229 37.916 38.210 38.110 38.544 38.959 39.453 40.274 40.661 41.059 41.598 41.848 42.269 43.139 43.564 43.462 43.811 43.812 43.574 43.739 43.548 43.148 43.120 43.056 42.883 43.143 43.064 42.822 42.941 42.628 42.246 42.216 41.309 40.407 39.416 37.983 36.690 35.509 33.730 31.641 29.792 28.280 26.744 24.908 22.877 20.977
0.012 0.012 0.013 0.018 0.041 0.127 0.437 1.254 2.706 4.480 5.978 7.367 8.746 10.156 11.584 13.019 14.487 16.016 17.647 19.234 20.725 22.117 23.438 24.960 26.831 28.869 30.786 32.441 33.958 35.539 36.827 37.663 38.423 38.721 38.680 38.971 39.097 39.397 40.144 40.551 40.800 41.325 41.774 42.262 43.059 43.443 43.398 43.744 43.766 43.599 43.755 43.533 43.197 43.177 42.914 42.516 42.593 42.174 41.576 41.285 40.960 40.399 40.036 39.077 38.314 37.453 36.223 34.831 33.419 31.578 29.502 27.335 25.351 23.564 21.676 19.627 17.716
0.014 0.014 0.015 0.020 0.041 0.119 0.394 1.181 2.669 4.699 6.554 8.185 9.798 11.429 13.033 14.571 16.047 17.548 19.014 20.403 21.668 22.767 23.804 25.052 26.613 28.491 30.325 31.919 33.473 35.118 36.517 37.462 38.297 38.630 38.549 38.835 39.130 39.442 40.131 40.561 40.720 41.160 41.324 41.678 42.443 42.822 42.845 43.215 43.258 43.129 43.280 43.020 42.633 42.489 42.131 41.617 41.476 40.852 40.255 39.618 39.225 38.376 37.848 36.866 36.118 35.138 33.908 32.419 30.889 28.909 26.728 24.441 22.134 19.899 17.818 15.785 13.864
0.017 0.018 0.019 0.025 0.045 0.122 0.394 1.192 2.765 5.063 7.322 9.227 11.064 12.887 14.670 16.336 17.858 19.350 20.666 21.831 22.940 23.814 24.597 25.633 26.920 28.452 30.146 31.705 33.198 34.864 36.327 37.251 38.209 38.564 38.571 38.998 39.289 39.537 40.112 40.400 40.409 40.707 40.801 41.151 42.030 42.509 42.571 43.019 43.116 42.911 43.010 42.770 42.275 41.970 41.483 40.844 40.671 40.031 39.396 38.663 37.927 36.883 36.093 34.961 33.984 32.687 31.277 29.620 27.912 25.868 23.607 21.163 18.584 16.138 13.828 11.534 9.294
0.023 0.024 0.025 0.032 0.055 0.140 0.435 1.304 2.999 5.441 7.950 10.119 12.163 14.119 16.001 17.821 19.499 21.075 22.405 23.487 24.467 25.191 25.757 26.563 27.498 28.753 30.303 31.837 33.245 34.777 36.122 36.943 38.027 38.436 38.509 38.748 38.859 39.174 39.651 39.680 39.701 40.091 40.247 40.693 41.608 42.048 42.183 42.619 42.710 42.504 42.589 42.267 41.672 41.256 40.599 39.935 39.805 39.085 38.186 37.364 36.372 35.237 34.149 32.930 31.675 30.192 28.462 26.563 24.488 22.177 19.737 17.291 14.863 12.571 10.305 8.020 5.787
0.032 0.032 0.034 0.043 0.074 0.183 0.544 1.526 3.311 5.768 8.380 10.766 13.002 15.106 17.101 19.041 20.839 22.535 23.954 25.129 26.019 26.660 27.178 27.844 28.421 29.375 30.625 31.937 33.166 34.545 35.602 36.342 37.353 37.760 37.946 38.455 38.567 38.905 39.349 39.219 39.167 39.353 39.359 39.810 40.580 40.904 41.182 41.556 41.560 41.442 41.573 41.114 40.455 39.885 39.178 38.393 38.024 37.243 36.397 35.431 34.453 33.117 31.905 30.572 29.101 27.486 25.447 23.151 20.697 18.158 15.725 13.480 11.336 9.279 7.213 5.171 3.342
0.045 0.044 0.045 0.055 0.092 0.217 0.629 1.693 3.549 6.032 8.736 11.265 13.679 15.952 18.077 20.140 22.089 23.973 25.543 26.819 27.864 28.510 28.940 29.556 29.955 30.518 31.476 32.465 33.456 34.687 35.542 36.220 37.091 37.419 37.585 38.022 38.108 38.437 38.845 38.724 38.687 38.855 38.757 38.986 39.632 39.824 40.008 40.489 40.376 40.354 40.360 39.930 39.257 38.448 37.767 36.895 36.187 35.400 34.375 33.200 32.201 30.781 29.448 27.900 26.251 24.331 21.985 19.345 16.788 14.371 12.142 10.107 8.170 6.340 4.573 3.006 1.802
0.064 0.059 0.059 0.068 0.104 0.233 0.664 1.774 3.706 6.268 9.072 11.744 14.316 16.722 18.996 21.165 23.187 25.281 27.094 28.463 29.597 30.307 30.683 31.190 31.507 31.779 32.459 33.115 33.889 34.809 35.488 36.008 36.808 36.967 37.039 37.302 37.364 37.590 37.916 37.832 37.873 38.180 38.168 38.143 38.550 38.698 38.597 39.147 38.938 38.892 38.600 38.390 37.674 36.692 35.912 34.868 33.770 32.914 31.680 30.399 29.294 27.869 26.425 24.745 22.928 20.672 18.153 15.607 13.261 11.118 9.121 7.275 5.550 4.000 2.679 1.678 1.044
0.089 0.078 0.076 0.082 0.117 0.246 0.685 1.831 3.844 6.511 9.418 12.187 14.836 17.330 19.762 22.089 24.223 26.336 28.169 29.696 30.933 31.624 31.970 32.368 32.597 32.705 33.138 33.517 34.052 34.688 35.161 35.584 36.247 36.400 36.636 36.933 36.900 36.938 37.233 37.167 37.111 37.253 37.060 36.949 37.164 37.222 37.023 37.369 37.088 36.885 36.509 36.211 35.592 34.697 33.723 32.404 31.147 30.067 28.667 27.278 26.041 24.599 23.053 21.215 19.179 16.881 14.488 12.294 10.244 8.365 6.624 5.035 3.623 2.463 1.612 1.080 0.803
0.125 0.102 0.096 0.100 0.132 0.257 0.700 1.885 3.991 6.809 9.887 12.799 15.560 18.156 20.735 23.205 25.345 27.461 29.276 30.717 32.006 32.675 33.038 33.465 33.586 33.542 33.829 34.010 34.212 34.771 35.087 35.365 35.920 36.003 36.164 36.436 36.373 36.387 36.632 36.511 36.472 36.593 36.241 35.944 36.029 35.888 35.702 35.841 35.502 35.058 34.677 33.989 33.311 32.145 31.025 29.698 28.273 27.003 25.546 24.153 22.715 21.131 19.448 17.569 15.513 13.419 11.380 9.513 7.766 6.166 4.708 3.433 2.391 1.632 1.156 0.902 0.782
0.177 0.136 0.122 0.124 0.148 0.262 0.709 1.947 4.172 7.167 10.473 13.634 16.586 19.310 21.932 24.378 26.423 28.390 30.043 31.473 32.770 33.487 33.930 34.364 34.393 34.353 34.513 34.503 34.501 34.931 35.070 35.322 35.639 35.346 35.284 35.484 35.385 35.456 35.638 35.489 35.474 35.585 35.372 35.057 34.883 34.603 34.447 34.365 33.852 33.384 32.858 31.871 31.006 29.717 28.363 26.870 25.208 23.762 22.318 20.863 19.363 17.777 16.107 14.266 12.368 10.539 8.826 7.247 5.803 4.502 3.348 2.393 1.681 1.218 0.963 0.851 0.823
0.245 0.182 0.151 0.144 0.158 0.258 0.699 2.017 4.455 7.740 11.381 14.799 17.872 20.617 23.176 25.365 27.210 28.946 30.355 31.698 32.986 33.796 34.277 34.655 34.648 34.654 34.736 34.604 34.520 34.769 34.778 34.864 34.938 34.624 34.384 34.479 34.358 34.412 34.658 34.546 34.504 34.633 34.324 33.952 33.599 33.192 32.965 32.726 32.053 31.651 30.808 29.735 28.601 27.095 25.467 23.845 22.129 20.587 19.155 17.678 16.209 14.648 13.055 11.371 9.743 8.208 6.806 5.516 4.341 3.305 2.429 1.742 1.255 0.964 0.834 0.812 0.884
0.294 0.216 0.170 0.153 0.159 0.243 0.663 2.017 4.663 8.343 12.450 16.186 19.373 21.981 24.274 26.145 27.751 29.367 30.620 31.736 33.068 33.947 34.383 34.860 34.838 34.779 34.910 34.721 34.607 34.802 34.669 34.549 34.462 33.915 33.426 33.336 33.147 33.192 33.413 33.285 33.271 33.501 33.267 32.894 32.559 32.048 31.626 31.373 30.659 30.063 28.945 27.731 26.345 24.535 22.583 20.803 19.050 17.449 15.953 14.513 13.106 11.710 10.274 8.852 7.551 6.355 5.253 4.224 3.291 2.472 1.796 1.289 0.958 0.790 0.752 0.815 1.031
0.311 0.230 0.176 0.152 0.152 0.218 0.599 1.952 4.714 8.686 13.179 17.158 20.422 22.985 25.128 26.776 28.145 29.601 30.821 31.766 32.978 33.955 34.427 35.012 34.963 34.893 35.003 34.781 34.637 34.711 34.380 33.935 33.524 32.813 32.189 31.876 31.609 31.617 31.817 31.718 31.696 31.921 31.841 31.670 31.400 30.850 30.337 29.981 29.247 28.407 27.107 25.560 23.790 21.689 19.543 17.663 15.876 14.273 12.779 11.448 10.163 8.958 7.770 6.691 5.757 4.910 4.099 3.298 2.539 1.878 1.349 0.977 0.775 0.710 0.739 0.927 1.363
