RESULTS/r.avaflow_results/14_results/14_ascii/14_hflow0043.asc
ncols 506
nrows 317
xllcenter 498237.50
yllcenter 5580050.00
cellsize 12.50
NODATA_value -9999.000
[rows 170 to 203 of 317, columns 77 to 153 of 506]
0.017 0.027 0.047 0.086 0.161 0.285 0.463 0.683 0.930 1.216 1.570 2.019 2.582 3.254 4.002 4.794 5.611 6.450 7.329 8.258 9.223 10.242 11.302 12.412 13.559 14.595 15.472 16.279 17.082 17.896 18.754 19.719 20.684 21.808 22.968 24.324 25.689 27.043 28.387 29.557 30.459 31.606 32.744 33.990 35.472 36.619 37.398 38.546 39.729 40.883 42.408 43.895 45.868 48.468 50.037 51.069 51.813 52.221 53.053 53.365 53.768 54.604 54.807 54.938 54.901 53.973 53.105 52.162 50.714 49.205 47.643 45.871 44.045 42.316 40.322 38.222 36.264
0.055 0.086 0.139 0.231 0.376 0.580 0.827 1.097 1.400 1.765 2.216 2.773 3.447 4.235 5.118 6.087 7.124 8.185 9.238 10.281 11.327 12.420 13.531 14.632 15.663 16.585 17.372 18.118 18.876 19.647 20.418 21.346 22.251 23.365 24.522 25.844 27.257 28.738 30.108 31.333 32.285 33.515 34.654 35.950 37.469 38.640 39.348 40.500 41.779 42.873 44.243 45.552 46.921 48.910 50.527 51.663 52.917 53.468 54.487 55.253 55.355 56.027 55.892 55.685 55.339 54.320 53.278 52.135 50.586 49.041 47.790 46.383 44.833 43.512 42.017 40.331 38.785
0.132 0.200 0.300 0.444 0.632 0.861 1.128 1.435 1.798 2.234 2.763 3.401 4.168 5.068 6.101 7.251 8.499 9.817 11.096 12.283 13.433 14.588 15.685 16.695 17.598 18.431 19.157 19.830 20.500 21.201 21.928 22.808 23.696 24.735 25.900 27.162 28.646 30.201 31.634 33.042 34.079 35.314 36.496 37.817 39.327 40.469 41.172 42.373 43.571 44.677 46.138 47.281 48.078 48.998 49.635 50.660 52.846 54.153 55.160 56.093 56.115 56.553 56.199 55.829 55.344 54.554 53.259 52.169 50.915 49.633 48.658 47.591 46.313 45.018 43.592 42.079 40.919
0.229 0.324 0.451 0.615 0.819 1.069 1.370 1.728 2.150 2.649 3.242 3.950 4.795 5.797 6.959 8.254 9.680 11.233 12.734 14.079 15.331 16.500 17.570 18.498 19.331 20.062 20.716 21.376 22.007 22.670 23.357 24.142 24.983 25.946 27.060 28.258 29.660 31.255 32.869 34.370 35.679 37.089 38.289 39.423 40.797 41.930 42.711 43.915 45.060 46.109 47.507 48.465 48.807 49.451 49.710 50.310 51.999 53.758 55.263 56.569 56.596 56.731 56.384 55.807 55.359 54.768 53.469 52.612 51.739 50.829 50.185 49.064 47.682 46.324 44.900 43.579 42.711
0.294 0.408 0.554 0.738 0.967 1.245 1.583 1.983 2.454 3.009 3.656 4.421 5.340 6.435 7.696 9.112 10.673 12.384 14.073 15.600 16.988 18.207 19.280 20.148 20.947 21.615 22.192 22.796 23.352 23.959 24.570 25.182 26.001 26.908 27.926 29.199 30.530 32.032 33.782 35.415 36.876 38.389 39.687 40.882 42.234 43.164 43.885 45.092 46.194 47.093 48.431 49.308 49.279 49.562 49.544 49.847 51.085 52.290 53.217 55.179 55.796 55.863 55.789 55.263 54.960 54.750 53.959 53.322 52.839 51.816 51.107 49.827 48.339 47.072 45.752 44.420 43.581
0.334 0.467 0.635 0.844 1.098 1.403 1.769 2.199 2.706 3.306 4.008 4.833 5.821 6.989 8.333 9.838 11.493 13.288 15.153 16.871 18.392 19.680 20.770 21.638 22.426 22.999 23.549 24.150 24.644 25.231 25.803 26.259 26.924 27.646 28.583 29.890 31.279 32.835 34.582 36.254 37.879 39.635 41.081 42.144 43.404 44.375 45.019 46.157 47.217 47.996 49.026 49.654 49.555 49.701 49.541 49.363 50.022 51.036 52.060 53.675 54.380 54.794 55.328 54.910 54.709 54.806 54.305 53.643 53.272 52.113 51.313 50.010 48.491 47.251 46.053 44.744 43.819
0.357 0.507 0.699 0.935 1.216 1.546 1.930 2.381 2.916 3.551 4.303 5.191 6.235 7.458 8.868 10.428 12.128 13.946 15.898 17.767 19.437 20.876 22.053 22.942 23.697 24.238 24.794 25.323 25.798 26.348 26.796 27.132 27.677 28.303 29.197 30.404 31.711 33.173 34.900 36.636 38.369 40.402 42.162 43.354 44.612 45.582 46.262 47.312 48.164 48.910 49.711 49.955 49.784 49.945 49.765 49.448 50.063 50.839 51.626 52.522 52.759 52.907 54.146 54.321 54.497 54.666 54.192 53.629 53.192 51.955 51.104 49.725 48.222 47.010 45.865 44.560 43.625
0.365 0.527 0.743 1.009 1.319 1.671 2.069 2.534 3.093 3.759 4.553 5.492 6.589 7.859 9.298 10.880 12.586 14.400 16.367 18.369 20.181 21.775 23.042 24.040 24.839 25.359 25.879 26.349 26.798 27.285 27.646 27.842 28.227 28.768 29.574 30.746 31.990 33.355 35.091 36.880 38.727 40.987 42.780 43.863 45.215 46.240 46.830 47.802 48.500 49.033 49.660 49.718 49.451 49.649 49.500 49.038 49.366 49.985 50.925 51.765 52.031 51.609 52.084 52.699 53.525 53.688 53.187 52.653 52.152 50.959 49.989 48.614 47.048 45.882 44.845 43.591 42.720
0.359 0.527 0.761 1.061 1.402 1.774 2.189 2.670 3.243 3.932 4.754 5.730 6.871 8.178 9.625 11.199 12.894 14.693 16.626 18.697 20.655 22.405 23.806 24.958 25.811 26.386 26.893 27.336 27.715 28.137 28.398 28.547 28.918 29.349 29.986 31.040 32.172 33.548 35.295 37.033 39.071 41.420 43.251 44.387 45.783 46.739 47.207 48.151 48.887 49.163 49.741 49.771 49.505 49.671 49.509 49.231 49.601 50.017 50.755 51.563 51.551 51.274 51.201 51.078 51.778 52.433 52.016 51.467 50.879 49.655 48.485 47.144 45.537 44.428 43.477 42.375 41.633
0.320 0.498 0.753 1.087 1.462 1.858 2.294 2.793 3.381 4.084 4.927 5.931 7.100 8.421 9.853 11.396 13.067 14.844 16.743 18.815 20.890 22.708 24.252 25.576 26.547 27.287 27.798 28.302 28.610 29.003 29.195 29.330 29.635 29.910 30.405 31.351 32.372 33.608 35.166 36.913 39.124 41.575 43.587 45.056 46.393 47.079 47.734 48.652 49.220 49.442 50.017 49.820 49.784 49.965 49.584 49.428 49.689 49.977 50.406 51.090 50.812 50.512 50.244 49.818 49.864 50.655 50.508 50.061 49.406 48.136 46.948 45.640 44.167 43.148 42.165 41.071 40.332
0.243 0.437 0.722 1.093 1.501 1.926 2.386 2.906 3.508 4.221 5.073 6.082 7.255 8.570 9.984 11.511 13.153 14.901 16.764 18.815 20.959 22.909 24.612 26.064 27.159 28.036 28.627 29.068 29.317 29.696 29.846 29.906 30.089 30.225 30.612 31.432 32.310 33.562 35.229 37.038 39.139 41.506 43.521 45.187 46.538 47.138 47.660 48.426 48.950 49.201 49.632 49.436 49.527 49.788 49.387 49.165 49.397 49.512 49.783 50.278 49.784 49.416 49.021 48.493 47.789 47.989 48.146 48.185 47.643 46.636 45.428 44.315 42.873 41.905 40.895 39.751 38.907
0.158 0.356 0.670 1.078 1.523 1.982 2.475 3.021 3.639 4.355 5.195 6.182 7.326 8.626 10.028 11.550 13.168 14.893 16.730 18.727 20.866 22.959 24.832 26.453 27.782 28.715 29.397 29.883 30.144 30.435 30.520 30.469 30.547 30.598 30.872 31.618 32.409 33.590 35.213 37.040 39.103 41.569 43.536 45.140 46.727 47.370 47.564 48.295 48.766 48.987 49.515 49.474 49.454 49.840 49.514 49.117 49.206 49.212 49.519 49.851 49.242 48.854 48.268 47.363 46.536 46.412 46.336 46.448 46.196 45.576 44.353 43.358 41.917 40.901 39.776 38.496 37.553
0.093 0.272 0.599 1.044 1.535 2.038 2.566 3.137 3.772 4.488 5.306 6.250 7.338 8.593 9.991 11.514 13.126 14.811 16.609 18.565 20.690 22.899 24.940 26.666 28.117 29.194 30.089 30.699 30.960 31.220 31.202 31.091 31.081 31.100 31.307 31.880 32.466 33.526 35.052 36.819 38.980 41.535 43.558 45.185 46.721 47.436 47.744 48.263 48.407 48.776 49.368 49.364 49.504 49.874 49.522 49.325 49.173 48.757 48.839 49.209 48.683 48.114 47.477 46.468 45.514 44.944 44.742 44.863 44.950 44.346 43.393 42.459 41.229 40.010 38.672 37.228 36.134
0.049 0.187 0.504 0.984 1.535 2.095 2.667 3.271 3.925 4.632 5.413 6.300 7.316 8.495 9.851 11.345 12.932 14.569 16.319 18.230 20.353 22.711 24.940 26.832 28.433 29.680 30.610 31.249 31.517 31.734 31.671 31.596 31.586 31.512 31.587 32.050 32.634 33.525 35.045 36.685 38.673 41.094 43.170 44.712 46.068 46.818 47.263 47.814 47.836 48.084 48.543 48.555 48.779 49.175 48.940 48.796 48.677 48.158 47.942 48.204 47.759 47.151 46.515 45.492 44.584 43.782 43.100 42.896 43.448 42.968 42.289 41.363 40.300 38.931 37.481 35.949 34.760
0.024 0.114 0.388 0.888 1.516 2.150 2.786 3.434 4.101 4.798 5.538 6.359 7.291 8.367 9.610 11.037 12.585 14.233 15.946 17.817 19.898 22.375 24.841 26.927 28.561 29.864 31.012 31.774 32.115 32.404 32.369 32.262 32.316 32.246 32.223 32.611 33.123 33.828 35.190 36.694 38.612 41.037 42.938 44.354 45.688 46.392 46.904 47.641 47.652 47.579 47.947 47.918 48.027 48.584 48.502 48.296 48.385 47.938 47.583 47.518 47.039 46.563 46.125 45.138 44.297 43.382 42.358 41.711 42.119 41.742 41.216 40.407 39.297 38.005 36.453 34.872 33.626
0.013 0.061 0.266 0.746 1.450 2.185 2.881 3.572 4.260 4.956 5.671 6.436 7.302 8.322 9.495 10.833 12.310 13.938 15.696 17.564 19.574 21.990 24.615 26.918 28.703 30.090 31.350 32.293 32.782 33.167 33.247 33.131 33.167 33.103 32.989 33.252 33.616 34.314 35.449 36.893 38.616 40.817 42.542 43.946 45.310 46.047 46.609 47.186 47.080 47.079 47.289 47.022 47.046 47.477 47.441 47.641 47.887 47.420 47.031 46.935 46.694 46.100 45.746 44.963 44.118 43.237 41.984 40.803 40.727 40.473 39.999 39.259 38.053 36.917 35.349 33.886 32.510
0.010 0.029 0.149 0.545 1.274 2.143 2.924 3.652 4.361 5.061 5.769 6.522 7.352 8.324 9.452 10.746 12.228 13.830 15.573 17.400 19.433 21.696 24.193 26.562 28.493 30.052 31.417 32.503 33.270 33.882 34.085 33.988 34.082 34.085 34.018 34.308 34.558 35.142 36.102 37.195 38.544 40.323 41.904 43.151 44.491 45.208 45.702 46.102 45.938 45.997 45.981 45.590 45.491 45.807 45.823 46.290 46.766 46.684 46.364 46.339 46.109 45.494 45.162 44.552 43.680 42.872 41.577 40.032 39.372 39.031 38.753 37.940 36.643 35.445 34.030 32.713 31.221
0.009 0.016 0.064 0.304 0.917 1.853 2.813 3.632 4.378 5.107 5.846 6.627 7.453 8.389 9.492 10.778 12.254 13.847 15.592 17.423 19.396 21.445 23.708 26.105 28.248 29.972 31.498 32.708 33.678 34.573 34.981 34.958 35.142 35.186 35.190 35.593 35.963 36.449 37.330 38.036 38.894 40.198 41.533 42.646 43.949 44.573 44.739 45.221 45.052 44.940 44.877 44.567 44.235 44.565 44.707 45.094 45.799 46.108 45.940 46.049 45.743 45.306 45.155 44.405 43.509 42.803 41.308 39.646 38.499 37.568 37.192 36.602 35.379 34.057 32.628 31.294 29.732
0.010 0.011 0.025 0.117 0.458 1.205 2.268 3.336 4.260 5.087 5.897 6.741 7.630 8.604 9.704 10.971 12.412 14.008 15.746 17.568 19.457 21.387 23.460 25.628 27.875 29.787 31.535 32.916 34.059 35.079 35.758 35.911 36.187 36.313 36.411 36.828 37.244 37.697 38.421 38.983 39.503 40.447 41.417 42.356 43.415 43.957 43.875 44.433 44.368 44.372 44.278 43.912 43.588 43.759 43.922 44.213 44.859 45.095 45.017 45.160 44.988 44.603 44.553 43.967 42.960 42.065 40.622 39.125 37.945 36.603 35.524 35.025 33.847 32.496 30.833 29.231 27.575
0.011 0.011 0.015 0.043 0.174 0.582 1.413 2.611 3.890 4.988 5.973 6.944 7.952 9.027 10.180 11.446 12.836 14.400 16.099 17.876 19.638 21.361 23.221 25.097 27.240 29.317 31.235 32.741 34.057 35.180 36.001 36.386 36.858 37.096 37.174 37.583 38.031 38.384 39.066 39.542 39.865 40.437 41.029 41.857 42.809 43.215 43.125 43.554 43.520 43.579 43.586 43.229 42.969 42.935 42.959 43.102 43.628 43.699 43.672 43.889 43.731 43.345 43.319 42.788 41.832 40.828 39.493 38.043 36.728 35.232 33.923 33.055 31.817 30.364 28.506 26.611 24.812
0.011 0.011 0.014 0.027 0.080 0.285 0.851 1.918 3.422 4.893 6.124 7.288 8.450 9.657 10.911 12.234 13.643 15.171 16.791 18.445 20.078 21.612 23.254 24.885 26.792 28.843 30.860 32.522 33.930 35.259 36.177 36.738 37.436 37.753 37.813 38.207 38.489 38.722 39.444 39.761 40.070 40.602 41.022 41.705 42.619 42.846 42.864 43.235 43.171 43.073 43.263 43.037 42.732 42.665 42.492 42.366 42.729 42.713 42.668 42.767 42.398 42.056 41.841 41.120 40.404 39.462 38.117 36.839 35.496 33.703 32.121 30.652 29.296 27.727 25.775 23.763 21.875
0.012 0.012 0.015 0.025 0.062 0.193 0.616 1.587 3.171 4.967 6.451 7.832 9.216 10.604 12.004 13.409 14.832 16.287 17.789 19.291 20.719 22.040 23.432 24.896 26.604 28.552 30.440 32.110 33.631 35.203 36.293 37.077 37.845 38.206 38.368 38.684 38.730 39.067 39.724 39.975 40.298 40.812 41.059 41.650 42.473 42.733 42.878 43.219 43.118 43.110 43.234 42.983 42.837 42.683 42.261 42.014 41.956 41.588 41.304 41.114 40.669 40.291 39.930 39.150 38.362 37.475 36.186 35.020 33.573 31.776 29.986 28.002 26.108 24.390 22.411 20.402 18.546
0.014 0.014 0.017 0.026 0.061 0.178 0.552 1.491 3.108 5.172 6.994 8.627 10.243 11.837 13.413 14.928 16.370 17.753 19.109 20.406 21.562 22.692 23.778 25.000 26.449 28.279 30.010 31.609 33.138 34.794 36.028 36.900 37.746 38.138 38.282 38.530 38.527 38.919 39.463 39.737 40.042 40.426 40.513 41.125 41.891 42.268 42.474 42.802 42.736 42.803 42.862 42.533 42.345 42.126 41.647 41.313 40.992 40.439 40.016 39.646 38.915 38.386 37.897 37.048 36.105 35.187 33.890 32.706 31.044 29.262 27.348 25.061 22.682 20.581 18.521 16.584 14.695
0.017 0.018 0.020 0.030 0.065 0.180 0.548 1.497 3.188 5.518 7.739 9.634 11.439 13.198 14.919 16.561 18.073 19.453 20.720 21.831 22.810 23.703 24.476 25.437 26.654 28.177 29.791 31.321 32.795 34.471 35.846 36.636 37.674 38.088 38.180 38.481 38.485 38.772 39.344 39.562 39.690 40.014 39.994 40.605 41.544 41.996 42.211 42.667 42.651 42.585 42.690 42.300 41.889 41.636 41.071 40.618 40.422 39.661 39.001 38.584 37.639 36.953 36.115 35.158 34.170 32.931 31.485 30.107 28.245 26.275 24.097 21.572 18.991 16.583 14.247 12.033 9.806
0.023 0.023 0.026 0.037 0.075 0.199 0.591 1.603 3.403 5.875 8.335 10.448 12.436 14.338 16.193 17.968 19.601 21.079 22.392 23.389 24.255 24.965 25.503 26.222 27.166 28.388 29.909 31.405 32.781 34.250 35.544 36.253 37.350 37.806 37.979 38.342 38.366 38.677 39.165 39.224 39.243 39.510 39.466 40.058 40.988 41.460 41.778 42.281 42.255 42.202 42.254 41.791 41.328 40.881 40.196 39.779 39.421 38.598 37.814 37.138 36.060 35.162 34.037 32.869 31.707 30.277 28.722 27.017 24.938 22.687 20.246 17.669 15.163 12.853 10.527 8.223 5.969
0.032 0.031 0.034 0.048 0.094 0.244 0.705 1.818 3.689 6.159 8.723 11.043 13.240 15.287 17.224 19.074 20.861 22.494 23.880 24.961 25.828 26.403 26.780 27.342 28.003 28.906 30.162 31.450 32.662 33.972 35.021 35.642 36.595 37.073 37.339 37.723 37.799 38.156 38.524 38.462 38.469 38.661 38.611 39.104 39.874 40.386 40.817 41.237 41.205 41.245 41.216 40.754 40.313 39.623 38.730 38.451 37.703 37.042 36.140 35.220 34.075 33.041 31.788 30.494 29.239 27.530 25.614 23.523 21.119 18.567 16.093 13.735 11.547 9.491 7.380 5.303 3.443
0.044 0.043 0.045 0.059 0.109 0.273 0.783 1.964 3.891 6.379 9.031 11.495 13.831 16.018 18.091 20.088 21.980 23.817 25.372 26.545 27.497 28.113 28.438 28.917 29.361 29.920 30.848 31.869 32.834 34.000 34.796 35.239 36.065 36.505 36.684 37.112 37.274 37.538 37.939 37.877 37.810 38.019 37.954 38.209 38.824 39.271 39.640 40.101 40.084 40.056 40.095 39.647 39.077 38.302 37.230 36.800 35.877 35.209 34.194 33.092 31.853 30.735 29.337 27.852 26.326 24.402 22.191 19.712 17.124 14.662 12.405 10.314 8.373 6.523 4.726 3.134 1.902
0.061 0.057 0.058 0.070 0.117 0.280 0.799 2.015 4.011 6.573 9.324 11.936 14.419 16.742 18.921 21.052 22.988 24.964 26.742 28.029 29.077 29.765 30.092 30.520 30.849 31.133 31.721 32.459 33.177 34.091 34.783 35.161 35.875 36.221 36.426 36.766 36.835 37.025 37.355 37.283 37.272 37.413 37.294 37.418 37.836 38.031 38.247 38.653 38.590 38.498 38.537 38.051 37.412 36.626 35.573 34.737 33.758 32.820 31.774 30.594 29.271 27.972 26.415 24.803 23.011 20.821 18.335 15.851 13.507 11.332 9.315 7.456 5.728 4.165 2.823 1.799 1.137
0.084 0.074 0.073 0.082 0.125 0.283 0.799 2.037 4.104 6.769 9.635 12.345 14.890 17.315 19.633 21.883 23.928 25.939 27.765 29.170 30.322 30.984 31.307 31.671 31.897 32.009 32.398 32.865 33.347 33.973 34.499 34.805 35.419 35.685 35.855 36.120 36.092 36.236 36.459 36.372 36.433 36.491 36.300 36.306 36.512 36.499 36.606 36.795 36.645 36.538 36.431 36.003 35.494 34.582 33.366 32.421 31.375 30.156 28.902 27.589 26.222 24.796 23.110 21.295 19.277 17.023 14.707 12.486 10.450 8.555 6.801 5.199 3.780 2.607 1.738 1.185 0.889
0.117 0.096 0.092 0.098 0.137 0.286 0.794 2.058 4.208 7.009 10.055 12.890 15.552 18.074 20.508 22.812 24.942 26.909 28.685 30.070 31.280 31.960 32.313 32.695 32.825 32.795 33.053 33.290 33.506 33.993 34.415 34.573 35.124 35.272 35.257 35.576 35.519 35.541 35.755 35.647 35.616 35.712 35.475 35.291 35.337 35.168 35.107 35.163 34.896 34.640 34.410 33.833 33.312 32.494 31.214 30.048 28.560 27.157 25.835 24.448 22.976 21.405 19.619 17.707 15.680 13.580 11.573 9.683 7.943 6.329 4.865 3.577 2.527 1.756 1.267 1.001 0.868
0.163 0.127 0.116 0.119 0.150 0.284 0.781 2.079 4.338 7.305 10.583 13.614 16.439 19.019 21.513 23.748 25.890 27.728 29.368 30.709 31.936 32.697 33.160 33.567 33.618 33.589 33.715 33.733 33.757 34.097 34.454 34.475 34.788 34.707 34.652 34.874 34.778 34.829 35.052 34.945 34.928 35.016 34.742 34.486 34.287 34.001 33.853 33.719 33.290 32.933 32.602 31.804 31.003 29.966 28.595 27.225 25.705 24.190 22.778 21.245 19.734 18.095 16.368 14.502 12.599 10.757 9.023 7.429 5.970 4.647 3.483 2.519 1.799 1.333 1.075 0.956 0.921
0.224 0.168 0.143 0.138 0.157 0.273 0.754 2.109 4.559 7.814 11.384 14.641 17.587 20.155 22.557 24.595 26.525 28.174 29.623 30.864 32.070 32.915 33.478 33.872 33.914 33.931 33.980 33.873 33.856 34.043 34.184 34.119 34.131 33.826 33.693 33.718 33.601 33.737 33.962 33.880 33.920 33.981 33.694 33.435 33.068 32.678 32.481 32.231 31.703 31.217 30.723 29.857 28.764 27.413 25.867 24.290 22.722 21.075 19.604 18.109 16.625 15.015 13.379 11.662 9.990 8.439 6.998 5.683 4.488 3.436 2.549 1.856 1.369 1.080 0.953 0.933 1.009
0.270 0.200 0.160 0.146 0.155 0.250 0.697 2.074 4.704 8.352 12.353 15.975 19.014 21.471 23.570 25.337 26.914 28.470 29.743 30.850 32.061 32.935 33.547 34.032 34.090 34.054 34.157 33.995 33.928 34.086 33.971 33.733 33.528 33.005 32.597 32.547 32.422 32.508 32.742 32.687 32.700 32.855 32.628 32.328 32.023 31.580 31.236 31.024 30.490 29.811 29.003 27.834 26.488 24.908 23.102 21.306 19.652 18.007 16.484 15.011 13.574 12.117 10.624 9.172 7.829 6.600 5.454 4.393 3.433 2.597 1.910 1.401 1.076 0.916 0.884 0.960 1.195
0.286 0.213 0.165 0.145 0.147 0.219 0.615 1.975 4.704 8.618 12.958 16.853 20.041 22.461 24.380 25.931 27.263 28.686 29.806 30.771 31.912 32.768 33.501 34.118 34.224 34.201 34.296 34.092 33.968 33.981 33.606 33.182 32.793 32.120 31.555 31.345 31.137 31.137 31.305 31.226 31.243 31.469 31.358 31.145 30.918 30.473 30.065 29.775 29.157 28.328 27.277 25.853 24.200 22.276 20.181 18.235 16.489 14.839 13.345 11.946 10.632 9.376 8.145 7.027 6.044 5.154 4.302 3.467 2.682 2.002 1.465 1.095 0.901 0.846 0.890 1.109 1.583
