RESULTS/r.avaflow_results/14_results/14_ascii/14_hflow_max0010.asc
ncols 506
nrows 317
xllcenter 498237.50
yllcenter 5580050.00
cellsize 12.50
NODATA_value -9999.000
[rows 136 to 169 of 317, columns 152 to 227 of 506]
0.001 0.003 0.005 0.009 0.013 0.015 0.015 0.015 0.015 0.013 0.012 0.011 0.011 0.011 0.010 0.011 0.011 0.011 0.011 0.011 0.011 0.011 0.010 0.009 0.008 0.007 0.006 0.004 0.003 0.002 0.001 0.000 0.000 0.000 0.000 0.000 0.000 0.000 0.000 0.000 0.000 0.000 0.000 0.000 0.000 0.000 0.000 0.000 0.000 0.000 0.000 0.000 0.000 0.000 0.000 0.000 0.000 0.000 0.000 0.000 0.000 0.000 0.000 0.000 0.000 0.000 0.000 0.000 0.000 0.000 0.000 0.000 0.000 0.000 0.000 0.000
0.003 0.006 0.011 0.018 0.026 0.030 0.032 0.032 0.031 0.029 0.025 0.022 0.021 0.021 0.022 0.023 0.023 0.024 0.024 0.023 0.023 0.022 0.020 0.018 0.016 0.014 0.012 0.010 0.008 0.006 0.003 0.002 0.001 0.000 0.000 0.000 0.000 0.000 0.000 0.000 0.000 0.000 0.000 0.000 0.000 0.000 0.000 0.000 0.000 0.000 0.000 0.000 0.000 0.000 0.000 0.000 0.000 0.000 0.000 0.000 0.000 0.000 0.000 0.000 0.000 0.000 0.000 0.000 0.000 0.000 0.000 0.000 0.000 0.000 0.000 0.000
0.007 0.012 0.021 0.037 0.056 0.067 0.073 0.073 0.071 0.065 0.056 0.049 0.047 0.047 0.050 0.054 0.055 0.055 0.055 0.054 0.052 0.049 0.045 0.040 0.035 0.029 0.025 0.021 0.018 0.014 0.009 0.006 0.003 0.001 0.001 0.000 0.000 0.000 0.000 0.000 0.000 0.000 0.000 0.000 0.000 0.000 0.000 0.000 0.000 0.000 0.000 0.000 0.000 0.000 0.000 0.000 0.000 0.000 0.000 0.000 0.000 0.000 0.000 0.000 0.000 0.000 0.000 0.000 0.000 0.000 0.000 0.000 0.000 0.000 0.000 0.000
0.013 0.023 0.041 0.074 0.111 0.135 0.149 0.154 0.152 0.143 0.126 0.111 0.106 0.109 0.122 0.136 0.140 0.140 0.139 0.136 0.133 0.127 0.119 0.105 0.089 0.072 0.059 0.047 0.040 0.033 0.024 0.015 0.008 0.004 0.002 0.001 0.000 0.000 0.000 0.000 0.000 0.000 0.000 0.000 0.000 0.000 0.000 0.000 0.000 0.000 0.000 0.000 0.000 0.000 0.000 0.000 0.000 0.000 0.000 0.000 0.000 0.000 0.000 0.000 0.000 0.000 0.000 0.000 0.000 0.000 0.000 0.000 0.000 0.000 0.000 0.000
0.023 0.041 0.069 0.112 0.155 0.183 0.202 0.214 0.220 0.221 0.213 0.207 0.209 0.225 0.263 0.298 0.317 0.326 0.331 0.333 0.330 0.323 0.306 0.277 0.239 0.195 0.153 0.120 0.096 0.079 0.062 0.039 0.020 0.010 0.005 0.002 0.001 0.000 0.000 0.000 0.000 0.000 0.000 0.000 0.000 0.000 0.000 0.000 0.000 0.000 0.000 0.000 0.000 0.000 0.000 0.000 0.000 0.000 0.000 0.000 0.000 0.000 0.000 0.000 0.000 0.000 0.000 0.000 0.000 0.000 0.000 0.000 0.000 0.000 0.000 0.000
0.037 0.060 0.090 0.128 0.167 0.194 0.212 0.232 0.249 0.261 0.269 0.281 0.306 0.354 0.410 0.458 0.499 0.536 0.569 0.598 0.615 0.618 0.607 0.580 0.531 0.463 0.381 0.305 0.241 0.194 0.154 0.100 0.052 0.025 0.011 0.005 0.002 0.001 0.000 0.000 0.000 0.000 0.000 0.000 0.000 0.000 0.000 0.000 0.000 0.000 0.000 0.000 0.000 0.000 0.000 0.000 0.000 0.000 0.000 0.000 0.000 0.000 0.000 0.000 0.000 0.000 0.000 0.000 0.000 0.000 0.000 0.000 0.000 0.000 0.000 0.000
0.050 0.071 0.096 0.126 0.157 0.195 0.235 0.268 0.291 0.308 0.324 0.349 0.389 0.439 0.492 0.538 0.582 0.631 0.681 0.725 0.755 0.767 0.768 0.761 0.740 0.696 0.627 0.545 0.464 0.393 0.324 0.228 0.123 0.058 0.026 0.012 0.005 0.003 0.001 0.001 0.000 0.000 0.000 0.000 0.000 0.000 0.000 0.000 0.000 0.000 0.000 0.000 0.000 0.000 0.000 0.000 0.000 0.000 0.000 0.000 0.000 0.000 0.000 0.000 0.000 0.000 0.000 0.000 0.000 0.000 0.000 0.000 0.000 0.000 0.000 0.000
0.057 0.078 0.103 0.152 0.208 0.257 0.302 0.339 0.366 0.384 0.403 0.432 0.466 0.501 0.534 0.569 0.606 0.644 0.683 0.722 0.752 0.775 0.786 0.792 0.789 0.768 0.724 0.656 0.579 0.507 0.435 0.352 0.240 0.127 0.059 0.026 0.012 0.006 0.003 0.002 0.001 0.001 0.001 0.000 0.000 0.000 0.000 0.000 0.000 0.000 0.000 0.000 0.000 0.000 0.000 0.000 0.000 0.000 0.000 0.000 0.000 0.000 0.000 0.000 0.000 0.000 0.000 0.000 0.000 0.000 0.000 0.000 0.000 0.000 0.000 0.000
0.065 0.104 0.163 0.241 0.312 0.368 0.415 0.455 0.483 0.501 0.519 0.541 0.562 0.578 0.592 0.608 0.629 0.653 0.670 0.685 0.707 0.723 0.734 0.754 0.774 0.775 0.754 0.703 0.634 0.561 0.491 0.418 0.328 0.214 0.114 0.053 0.024 0.012 0.007 0.005 0.003 0.003 0.002 0.002 0.002 0.001 0.001 0.001 0.001 0.000 0.000 0.000 0.000 0.000 0.000 0.000 0.000 0.000 0.000 0.000 0.000 0.000 0.000 0.000 0.000 0.000 0.000 0.000 0.000 0.000 0.000 0.000 0.000 0.000 0.000 0.000
0.116 0.188 0.287 0.397 0.489 0.553 0.600 0.634 0.656 0.670 0.681 0.692 0.696 0.694 0.688 0.680 0.678 0.682 0.684 0.683 0.675 0.666 0.654 0.642 0.692 0.712 0.704 0.671 0.615 0.551 0.488 0.424 0.354 0.272 0.177 0.094 0.045 0.022 0.013 0.009 0.007 0.006 0.005 0.005 0.004 0.004 0.003 0.003 0.002 0.002 0.002 0.001 0.001 0.001 0.000 0.000 0.000 0.000 0.000 0.000 0.000 0.000 0.000 0.000 0.000 0.000 0.000 0.000 0.000 0.000 0.000 0.000 0.000 0.000 0.000 0.000
0.243 0.380 0.530 0.670 0.782 0.857 0.899 0.920 0.925 0.921 0.913 0.903 0.884 0.856 0.823 0.789 0.766 0.754 0.745 0.733 0.714 0.690 0.666 0.643 0.626 0.607 0.582 0.548 0.502 0.455 0.426 0.393 0.347 0.292 0.226 0.144 0.076 0.039 0.023 0.016 0.013 0.011 0.010 0.009 0.008 0.007 0.007 0.006 0.006 0.005 0.005 0.004 0.003 0.002 0.002 0.001 0.001 0.000 0.000 0.000 0.000 0.000 0.000 0.000 0.000 0.000 0.000 0.000 0.000 0.000 0.000 0.000 0.000 0.000 0.000 0.000
0.535 0.760 0.968 1.137 1.261 1.342 1.376 1.377 1.354 1.315 1.267 1.214 1.149 1.075 1.009 0.966 0.936 0.915 0.897 0.873 0.839 0.798 0.759 0.722 0.690 0.658 0.621 0.576 0.527 0.480 0.432 0.382 0.331 0.286 0.247 0.189 0.117 0.065 0.039 0.027 0.021 0.020 0.018 0.017 0.016 0.015 0.013 0.012 0.011 0.010 0.009 0.008 0.007 0.005 0.004 0.003 0.002 0.002 0.001 0.000 0.000 0.000 0.000 0.000 0.000 0.000 0.000 0.000 0.000 0.000 0.000 0.000 0.000 0.000 0.000 0.000
1.124 1.448 1.705 1.889 2.014 2.088 2.112 2.085 2.018 1.920 1.805 1.670 1.533 1.440 1.363 1.297 1.242 1.196 1.151 1.100 1.045 0.987 0.931 0.875 0.826 0.779 0.727 0.669 0.609 0.552 0.494 0.437 0.384 0.329 0.272 0.218 0.163 0.102 0.064 0.051 0.047 0.044 0.041 0.040 0.038 0.035 0.033 0.029 0.026 0.022 0.019 0.016 0.013 0.011 0.009 0.008 0.006 0.005 0.003 0.002 0.001 0.000 0.000 0.000 0.000 0.000 0.000 0.000 0.000 0.000 0.000 0.000 0.000 0.000 0.000 0.000
2.174 2.578 2.849 3.023 3.127 3.176 3.172 3.112 2.987 2.803 2.575 2.336 2.172 2.039 1.923 1.819 1.726 1.641 1.555 1.468 1.385 1.302 1.218 1.141 1.069 1.001 0.930 0.856 0.779 0.699 0.620 0.543 0.472 0.406 0.345 0.283 0.221 0.161 0.140 0.129 0.121 0.115 0.112 0.108 0.104 0.098 0.089 0.080 0.069 0.059 0.048 0.039 0.031 0.025 0.020 0.016 0.014 0.011 0.009 0.006 0.004 0.002 0.001 0.000 0.000 0.000 0.000 0.000 0.000 0.000 0.000 0.000 0.000 0.000 0.000 0.000
3.795 4.214 4.445 4.570 4.637 4.645 4.594 4.473 4.271 3.972 3.598 3.301 3.081 2.893 2.728 2.583 2.444 2.297 2.149 2.015 1.899 1.791 1.684 1.585 1.491 1.397 1.304 1.214 1.116 1.008 0.899 0.793 0.693 0.597 0.523 0.463 0.417 0.382 0.358 0.339 0.325 0.317 0.309 0.301 0.288 0.272 0.251 0.225 0.195 0.165 0.136 0.109 0.087 0.068 0.053 0.042 0.033 0.026 0.021 0.017 0.012 0.007 0.004 0.002 0.001 0.000 0.000 0.000 0.000 0.000 0.000 0.000 0.000 0.000 0.000 0.000
5.907 6.254 6.426 6.502 6.523 6.485 6.358 6.131 5.801 5.367 4.878 4.546 4.266 4.013 3.790 3.591 3.399 3.190 2.989 2.814 2.670 2.542 2.422 2.306 2.185 2.059 1.933 1.809 1.682 1.548 1.408 1.303 1.211 1.128 1.055 0.993 0.945 0.909 0.877 0.849 0.828 0.810 0.789 0.764 0.733 0.695 0.646 0.584 0.516 0.445 0.375 0.310 0.252 0.202 0.159 0.125 0.097 0.075 0.056 0.043 0.032 0.022 0.013 0.007 0.003 0.001 0.000 0.000 0.000 0.000 0.000 0.000 0.000 0.000 0.000 0.000
8.004 8.315 8.524 8.646 8.671 8.580 8.353 7.985 7.516 6.937 6.336 5.939 5.609 5.307 5.021 4.764 4.535 4.319 4.121 3.959 3.815 3.687 3.567 3.433 3.269 3.072 2.863 2.693 2.565 2.454 2.352 2.251 2.161 2.086 2.029 1.989 1.956 1.923 1.888 1.855 1.822 1.781 1.728 1.671 1.610 1.535 1.439 1.323 1.195 1.064 0.936 0.811 0.689 0.572 0.468 0.375 0.294 0.226 0.169 0.122 0.088 0.062 0.041 0.025 0.013 0.005 0.002 0.000 0.000 0.000 0.000 0.000 0.000 0.000 0.000 0.000
9.997 10.305 10.568 10.730 10.728 10.566 10.241 9.783 9.196 8.438 7.680 7.215 6.853 6.538 6.265 6.021 5.836 5.726 5.657 5.579 5.476 5.357 5.218 5.036 4.782 4.513 4.292 4.111 3.978 3.885 3.799 3.716 3.640 3.578 3.531 3.492 3.452 3.408 3.364 3.311 3.246 3.170 3.092 3.014 2.930 2.827 2.708 2.576 2.427 2.263 2.082 1.884 1.666 1.447 1.236 1.027 0.832 0.660 0.507 0.371 0.260 0.184 0.126 0.083 0.048 0.023 0.008 0.002 0.000 0.000 0.000 0.000 0.000 0.000 0.000 0.000
12.065 12.360 12.655 12.789 12.673 12.392 11.962 11.392 10.657 9.739 8.918 8.397 8.021 7.725 7.514 7.391 7.413 7.524 7.615 7.641 7.594 7.463 7.253 6.974 6.630 6.339 6.129 5.980 5.853 5.732 5.613 5.499 5.387 5.291 5.207 5.115 5.016 4.914 4.800 4.666 4.533 4.417 4.323 4.231 4.124 4.010 3.908 3.817 3.722 3.614 3.491 3.356 3.203 2.994 2.736 2.433 2.090 1.724 1.381 1.057 0.775 0.557 0.387 0.262 0.165 0.089 0.037 0.011 0.003 0.000 0.000 0.000 0.000 0.000 0.000 0.000
14.329 14.607 14.872 14.844 14.552 14.110 13.519 12.738 11.820 10.866 10.124 9.588 9.218 9.003 8.928 8.976 9.092 9.220 9.332 9.415 9.438 9.326 9.065 8.730 8.403 8.129 7.946 7.801 7.642 7.457 7.285 7.142 7.010 6.879 6.754 6.626 6.470 6.271 6.048 5.833 5.656 5.520 5.395 5.258 5.109 4.972 4.855 4.755 4.661 4.572 4.489 4.411 4.334 4.242 4.128 3.972 3.762 3.472 3.086 2.609 2.073 1.552 1.127 0.790 0.526 0.308 0.145 0.051 0.014 0.002 0.000 0.000 0.000 0.000 0.000 0.000
16.959 17.266 17.275 16.950 16.397 15.734 14.927 13.922 12.866 11.970 11.363 10.926 10.660 10.554 10.545 10.557 10.568 10.624 10.721 10.837 10.886 10.794 10.540 10.223 9.987 9.814 9.624 9.397 9.149 8.913 8.708 8.550 8.412 8.267 8.129 7.978 7.755 7.465 7.178 6.938 6.738 6.551 6.352 6.144 5.937 5.750 5.578 5.422 5.291 5.190 5.121 5.074 5.029 4.980 4.930 4.858 4.773 4.664 4.506 4.269 3.924 3.428 2.811 2.152 1.513 0.945 0.489 0.197 0.062 0.011 0.001 0.000 0.000 0.000 0.000 0.000
20.150 20.209 19.827 19.062 18.164 17.252 16.246 15.130 14.058 13.253 12.728 12.412 12.230 12.106 12.001 11.905 11.822 11.792 11.840 11.894 11.896 11.814 11.613 11.373 11.231 11.160 10.998 10.736 10.428 10.126 9.892 9.713 9.569 9.439 9.296 9.098 8.822 8.519 8.235 7.984 7.731 7.457 7.174 6.892 6.633 6.381 6.138 5.906 5.717 5.586 5.508 5.451 5.396 5.339 5.294 5.257 5.231 5.199 5.135 5.041 4.932 4.747 4.468 4.029 3.337 2.416 1.394 0.632 0.221 0.046 0.005 0.000 0.000 0.000 0.000 0.000
23.933 23.206 22.318 21.066 19.798 18.631 17.514 16.443 15.518 14.802 14.242 13.869 13.660 13.493 13.279 13.080 12.928 12.815 12.717 12.614 12.524 12.437 12.293 12.160 12.112 12.075 11.956 11.743 11.472 11.185 10.909 10.682 10.506 10.353 10.175 9.948 9.699 9.450 9.175 8.874 8.546 8.185 7.815 7.482 7.177 6.878 6.587 6.296 6.046 5.865 5.729 5.625 5.526 5.449 5.380 5.338 5.329 5.330 5.308 5.285 5.246 5.163 5.044 4.838 4.471 3.844 2.859 1.650 0.619 0.145 0.016 0.001 0.000 0.000 0.000 0.000
27.767 26.509 24.652 22.932 21.371 19.969 18.747 17.755 16.930 16.244 15.658 15.186 14.840 14.558 14.319 14.138 13.993 13.830 13.603 13.306 13.035 12.884 12.789 12.744 12.753 12.710 12.612 12.481 12.296 12.060 11.793 11.530 11.285 11.028 10.766 10.532 10.343 10.136 9.848 9.474 9.065 8.662 8.268 7.915 7.577 7.256 6.942 6.621 6.341 6.094 5.897 5.743 5.606 5.490 5.392 5.325 5.302 5.304 5.305 5.298 5.290 5.253 5.185 5.079 4.887 4.545 3.929 2.703 1.118 0.285 0.036 0.002 0.000 0.000 0.000 0.000
30.941 29.061 27.016 24.703 22.859 21.274 19.963 18.926 18.069 17.347 16.705 16.098 15.543 15.133 14.991 15.024 14.966 14.823 14.592 14.199 13.733 13.462 13.375 13.341 13.293 13.226 13.141 13.047 12.913 12.727 12.468 12.159 11.844 11.527 11.186 10.891 10.669 10.450 10.205 9.868 9.458 9.036 8.647 8.278 7.924 7.582 7.248 6.926 6.620 6.342 6.090 5.859 5.649 5.475 5.339 5.223 5.145 5.113 5.115 5.140 5.166 5.163 5.141 5.082 4.935 4.670 4.191 3.106 1.337 0.349 0.044 0.002 0.000 0.000 0.000 0.000
34.078 31.430 28.971 26.570 24.186 22.463 21.075 19.924 18.937 18.095 17.371 16.686 16.006 15.455 15.320 15.640 15.756 15.690 15.559 15.296 14.848 14.427 14.190 13.994 13.786 13.671 13.603 13.493 13.343 13.171 12.921 12.585 12.225 11.877 11.528 11.165 10.854 10.606 10.353 10.041 9.673 9.300 8.950 8.600 8.237 7.867 7.513 7.190 6.881 6.581 6.298 6.026 5.769 5.540 5.339 5.145 4.977 4.869 4.803 4.763 4.752 4.765 4.795 4.804 4.734 4.540 4.125 3.097 1.336 0.345 0.043 0.002 0.000 0.000 0.000 0.000
37.576 34.008 30.828 28.143 25.801 23.742 22.086 20.783 19.646 18.665 17.813 16.983 16.160 15.476 15.342 15.855 16.198 16.331 16.312 16.182 15.900 15.509 15.120 14.722 14.307 14.056 13.912 13.760 13.587 13.409 13.205 12.913 12.536 12.132 11.727 11.316 10.884 10.523 10.254 10.005 9.721 9.429 9.134 8.819 8.476 8.126 7.783 7.447 7.103 6.780 6.483 6.217 5.966 5.718 5.474 5.212 4.939 4.691 4.475 4.290 4.152 4.070 4.041 4.046 4.027 3.908 3.565 2.616 1.092 0.266 0.029 0.001 0.000 0.000 0.000 0.000
41.036 36.613 32.778 29.738 27.319 25.223 23.303 21.547 20.194 19.084 18.102 17.149 16.198 15.412 15.249 15.727 16.294 16.624 16.724 16.672 16.509 16.258 15.938 15.510 14.987 14.483 14.125 13.925 13.734 13.551 13.364 13.079 12.677 12.220 11.745 11.274 10.790 10.321 9.987 9.780 9.608 9.402 9.161 8.883 8.602 8.322 8.041 7.738 7.410 7.077 6.762 6.452 6.184 5.905 5.598 5.273 4.917 4.525 4.142 3.785 3.460 3.171 2.946 2.791 2.663 2.500 2.185 1.468 0.549 0.114 0.009 0.000 0.000 0.000 0.000 0.000
44.041 38.885 34.648 31.312 28.603 26.361 24.399 22.603 20.953 19.607 18.514 17.474 16.468 15.686 15.486 15.732 16.116 16.592 16.815 16.852 16.778 16.678 16.531 16.259 15.753 15.063 14.459 14.032 13.754 13.555 13.361 13.069 12.637 12.112 11.562 11.034 10.564 10.120 9.733 9.485 9.333 9.200 9.034 8.841 8.625 8.391 8.154 7.881 7.581 7.290 6.974 6.598 6.277 5.952 5.600 5.203 4.735 4.205 3.675 3.155 2.651 2.210 1.861 1.590 1.369 1.161 0.918 0.536 0.174 0.029 0.001 0.000 0.000 0.000 0.000 0.000
46.367 40.920 36.518 33.053 30.217 27.902 25.995 24.288 22.654 21.116 19.742 18.646 17.799 17.183 16.725 16.341 16.118 16.380 16.684 16.858 16.934 16.983 16.972 16.837 16.424 15.761 14.915 14.176 13.760 13.489 13.251 12.938 12.476 11.875 11.265 10.715 10.296 9.974 9.632 9.316 9.087 8.930 8.809 8.705 8.579 8.398 8.184 7.937 7.656 7.399 7.050 6.632 6.245 5.837 5.358 4.799 4.168 3.507 2.865 2.255 1.730 1.321 1.009 0.774 0.595 0.442 0.293 0.136 0.035 0.004 0.000 0.000 0.000 0.000 0.000 0.000
48.565 43.163 39.041 35.814 33.121 30.883 28.890 27.064 25.386 23.763 22.276 21.078 20.169 19.487 18.894 18.271 17.527 16.647 16.431 16.788 17.091 17.307 17.362 17.246 16.909 16.354 15.492 14.534 13.876 13.465 13.127 12.777 12.307 11.698 11.048 10.489 10.113 9.842 9.587 9.309 9.057 8.886 8.748 8.640 8.540 8.404 8.201 7.959 7.700 7.439 7.043 6.534 5.961 5.310 4.585 3.805 3.023 2.315 1.726 1.258 0.899 0.630 0.435 0.297 0.200 0.124 0.063 0.022 0.003 0.000 0.000 0.000 0.000 0.000 0.000 0.000
51.519 46.641 43.025 39.973 37.368 35.189 33.138 31.049 29.039 27.251 25.698 24.385 23.284 22.355 21.488 20.583 19.571 18.397 17.175 16.620 17.170 17.526 17.595 17.463 17.217 16.709 15.941 15.011 14.188 13.589 13.123 12.686 12.214 11.650 11.032 10.494 10.087 9.781 9.563 9.497 9.421 9.307 9.153 8.961 8.734 8.502 8.274 7.994 7.727 7.381 6.822 6.048 5.099 4.074 3.101 2.280 1.641 1.167 0.814 0.552 0.361 0.228 0.140 0.083 0.047 0.022 0.008 0.002 0.000 0.000 0.000 0.000 0.000 0.000 0.000 0.000
55.441 51.401 48.284 45.563 43.149 40.995 38.855 36.583 34.366 32.386 30.603 29.026 27.639 26.377 25.133 23.856 22.555 21.180 19.678 18.135 17.073 17.454 17.578 17.520 17.264 16.764 16.054 15.234 14.464 13.821 13.275 12.766 12.274 11.772 11.249 10.767 10.338 10.035 9.919 9.922 9.931 9.880 9.739 9.499 9.137 8.823 8.455 8.079 7.635 6.958 5.964 4.714 3.408 2.340 1.586 1.067 0.711 0.467 0.300 0.184 0.108 0.060 0.031 0.015 0.007 0.002 0.001 0.000 0.000 0.000 0.000 0.000 0.000 0.000 0.000 0.000
60.160 57.647 55.362 52.939 50.558 48.318 46.024 43.630 41.252 38.990 36.875 34.895 33.032 31.281 29.622 28.023 26.452 24.822 23.050 21.099 19.043 17.293 17.330 17.222 16.932 16.451 15.819 15.124 14.493 13.951 13.481 13.026 12.553 12.099 11.707 11.335 10.957 10.666 10.542 10.518 10.499 10.411 10.173 9.884 9.509 9.040 8.542 7.950 6.996 5.575 4.036 2.697 1.719 1.067 0.654 0.399 0.241 0.143 0.082 0.044 0.022 0.010 0.005 0.002 0.001 0.000 0.000 0.000 0.000 0.000 0.000 0.000 0.000 0.000 0.000 0.000
