RESULTS/r.avaflow_results/14_results/14_ascii/14_hflow30036.asc
ncols 506
nrows 317
xllcenter 498237.50
yllcenter 5580050.00
cellsize 12.50
NODATA_value -9999.000
[rows 136 to 169 of 317, columns 154 to 230 of 506]
0.004 0.004 0.004 0.005 0.005 0.004 0.004 0.004 0.004 0.004 0.004 0.004 0.004 0.004 0.004 0.004 0.004 0.004 0.004 0.003 0.003 0.003 0.003 0.002 0.002 0.002 0.002 0.002 0.001 0.001 0.001 0.000 0.000 0.000 0.000 0.000 0.000 0.000 0.000 0.000 0.000 0.000 0.000 0.000 0.000 0.000 0.000 0.000 0.000 0.000 0.000 0.000 0.000 0.000 0.000 0.000 0.000 0.000 0.000 0.000 0.000 0.000 0.000 0.000 0.000 0.000 0.000 0.000 0.000 0.000 0.000 0.000 0.000 0.000 0.000 0.000 0.000
0.006 0.007 0.008 0.008 0.008 0.008 0.007 0.007 0.006 0.006 0.006 0.006 0.006 0.006 0.006 0.006 0.006 0.006 0.006 0.006 0.005 0.005 0.005 0.004 0.004 0.003 0.003 0.003 0.002 0.002 0.001 0.001 0.001 0.000 0.000 0.000 0.000 0.000 0.000 0.000 0.000 0.000 0.000 0.000 0.000 0.000 0.000 0.000 0.000 0.000 0.000 0.000 0.000 0.000 0.000 0.000 0.000 0.000 0.000 0.000 0.000 0.000 0.000 0.000 0.000 0.000 0.000 0.000 0.000 0.000 0.000 0.000 0.000 0.000 0.000 0.000 0.000
0.010 0.011 0.012 0.013 0.013 0.012 0.011 0.010 0.010 0.009 0.009 0.009 0.009 0.010 0.010 0.010 0.010 0.010 0.009 0.009 0.008 0.008 0.007 0.006 0.006 0.005 0.005 0.004 0.004 0.003 0.002 0.002 0.001 0.001 0.001 0.000 0.000 0.000 0.000 0.000 0.000 0.000 0.000 0.000 0.000 0.000 0.000 0.000 0.000 0.000 0.000 0.000 0.000 0.000 0.000 0.000 0.000 0.000 0.000 0.000 0.000 0.000 0.000 0.000 0.000 0.000 0.000 0.000 0.000 0.000 0.000 0.000 0.000 0.000 0.000 0.000 0.000
0.015 0.018 0.019 0.020 0.020 0.019 0.018 0.015 0.014 0.013 0.013 0.013 0.014 0.015 0.015 0.015 0.015 0.014 0.014 0.013 0.012 0.011 0.010 0.009 0.008 0.008 0.007 0.007 0.006 0.005 0.004 0.003 0.002 0.002 0.001 0.001 0.001 0.000 0.000 0.000 0.000 0.000 0.000 0.000 0.000 0.000 0.000 0.000 0.000 0.000 0.000 0.000 0.000 0.000 0.000 0.000 0.000 0.000 0.000 0.000 0.000 0.000 0.000 0.000 0.000 0.000 0.000 0.000 0.000 0.000 0.000 0.000 0.000 0.000 0.000 0.000 0.000
0.020 0.023 0.025 0.026 0.026 0.026 0.024 0.022 0.020 0.019 0.019 0.020 0.021 0.023 0.023 0.023 0.023 0.022 0.021 0.020 0.018 0.016 0.014 0.013 0.012 0.011 0.010 0.009 0.008 0.007 0.006 0.004 0.003 0.003 0.002 0.001 0.001 0.001 0.000 0.000 0.000 0.000 0.000 0.000 0.000 0.000 0.000 0.000 0.000 0.000 0.000 0.000 0.000 0.000 0.000 0.000 0.000 0.000 0.000 0.000 0.000 0.000 0.000 0.000 0.000 0.000 0.000 0.000 0.000 0.000 0.000 0.000 0.000 0.000 0.000 0.000 0.000
0.023 0.026 0.028 0.029 0.029 0.029 0.028 0.026 0.025 0.025 0.026 0.029 0.035 0.038 0.039 0.039 0.038 0.038 0.036 0.033 0.029 0.024 0.020 0.018 0.016 0.015 0.014 0.013 0.011 0.010 0.008 0.006 0.005 0.004 0.003 0.002 0.002 0.001 0.001 0.000 0.000 0.000 0.000 0.000 0.000 0.000 0.000 0.000 0.000 0.000 0.000 0.000 0.000 0.000 0.000 0.000 0.000 0.000 0.000 0.000 0.000 0.000 0.000 0.000 0.000 0.000 0.000 0.000 0.000 0.000 0.000 0.000 0.000 0.000 0.000 0.000 0.000
0.024 0.026 0.028 0.029 0.029 0.029 0.029 0.028 0.028 0.029 0.032 0.039 0.052 0.065 0.071 0.073 0.073 0.072 0.068 0.061 0.050 0.040 0.032 0.027 0.023 0.021 0.019 0.018 0.016 0.013 0.010 0.008 0.006 0.005 0.004 0.003 0.003 0.002 0.001 0.001 0.001 0.000 0.000 0.000 0.000 0.000 0.000 0.000 0.000 0.000 0.000 0.000 0.000 0.000 0.000 0.000 0.000 0.000 0.000 0.000 0.000 0.000 0.000 0.000 0.000 0.000 0.000 0.000 0.000 0.000 0.000 0.000 0.000 0.000 0.000 0.000 0.000
0.023 0.025 0.027 0.028 0.028 0.028 0.028 0.028 0.028 0.030 0.034 0.044 0.060 0.083 0.103 0.114 0.117 0.116 0.111 0.101 0.086 0.069 0.054 0.043 0.035 0.030 0.026 0.023 0.019 0.015 0.013 0.010 0.008 0.007 0.005 0.004 0.004 0.003 0.002 0.002 0.001 0.001 0.000 0.000 0.000 0.000 0.000 0.000 0.000 0.000 0.000 0.000 0.000 0.000 0.000 0.000 0.000 0.000 0.000 0.000 0.000 0.000 0.000 0.000 0.000 0.000 0.000 0.000 0.000 0.000 0.000 0.000 0.000 0.000 0.000 0.000 0.000
0.021 0.023 0.023 0.024 0.024 0.025 0.025 0.026 0.026 0.029 0.034 0.044 0.060 0.086 0.113 0.129 0.135 0.135 0.130 0.121 0.107 0.092 0.075 0.059 0.046 0.037 0.031 0.026 0.021 0.017 0.014 0.012 0.010 0.008 0.007 0.006 0.005 0.004 0.003 0.002 0.002 0.001 0.001 0.001 0.000 0.000 0.000 0.000 0.000 0.000 0.000 0.000 0.000 0.000 0.000 0.000 0.000 0.000 0.000 0.000 0.000 0.000 0.000 0.000 0.000 0.000 0.000 0.000 0.000 0.000 0.000 0.000 0.000 0.000 0.000 0.000 0.000
0.018 0.018 0.018 0.018 0.019 0.019 0.020 0.021 0.023 0.026 0.030 0.039 0.053 0.078 0.107 0.126 0.132 0.133 0.129 0.122 0.111 0.098 0.084 0.067 0.051 0.040 0.033 0.027 0.023 0.019 0.016 0.014 0.012 0.010 0.009 0.007 0.006 0.005 0.004 0.003 0.003 0.002 0.002 0.001 0.001 0.001 0.001 0.000 0.000 0.000 0.000 0.000 0.000 0.000 0.000 0.000 0.000 0.000 0.000 0.000 0.000 0.000 0.000 0.000 0.000 0.000 0.000 0.000 0.000 0.000 0.000 0.000 0.000 0.000 0.000 0.000 0.000
0.015 0.015 0.015 0.015 0.015 0.015 0.016 0.017 0.018 0.020 0.024 0.029 0.038 0.055 0.080 0.099 0.107 0.109 0.109 0.107 0.102 0.095 0.083 0.068 0.052 0.041 0.034 0.028 0.024 0.020 0.017 0.015 0.013 0.012 0.010 0.009 0.008 0.007 0.006 0.005 0.004 0.003 0.003 0.002 0.002 0.001 0.001 0.001 0.001 0.001 0.001 0.000 0.000 0.000 0.000 0.000 0.000 0.000 0.000 0.000 0.000 0.000 0.000 0.000 0.000 0.000 0.000 0.000 0.000 0.000 0.000 0.000 0.000 0.000 0.000 0.000 0.000
0.013 0.013 0.013 0.013 0.013 0.013 0.013 0.014 0.015 0.016 0.018 0.021 0.025 0.033 0.046 0.058 0.064 0.067 0.069 0.073 0.077 0.078 0.074 0.065 0.052 0.041 0.034 0.029 0.025 0.022 0.019 0.017 0.015 0.013 0.012 0.011 0.009 0.008 0.007 0.006 0.005 0.004 0.004 0.003 0.003 0.002 0.002 0.002 0.002 0.001 0.001 0.001 0.001 0.001 0.001 0.000 0.000 0.000 0.000 0.000 0.000 0.000 0.000 0.000 0.000 0.000 0.000 0.000 0.000 0.000 0.000 0.000 0.000 0.000 0.000 0.000 0.000
0.012 0.012 0.012 0.012 0.012 0.012 0.012 0.013 0.013 0.014 0.015 0.017 0.019 0.023 0.028 0.034 0.038 0.040 0.042 0.045 0.050 0.054 0.056 0.055 0.049 0.041 0.035 0.030 0.027 0.023 0.021 0.018 0.017 0.015 0.014 0.013 0.011 0.010 0.009 0.008 0.007 0.006 0.005 0.005 0.004 0.004 0.003 0.003 0.003 0.002 0.002 0.002 0.002 0.002 0.001 0.001 0.001 0.001 0.001 0.001 0.001 0.000 0.000 0.000 0.000 0.000 0.000 0.000 0.000 0.000 0.000 0.000 0.000 0.000 0.000 0.000 0.000
0.011 0.012 0.012 0.012 0.012 0.012 0.012 0.012 0.012 0.013 0.014 0.015 0.016 0.018 0.021 0.024 0.026 0.028 0.030 0.032 0.036 0.039 0.042 0.044 0.043 0.039 0.035 0.032 0.028 0.025 0.023 0.020 0.019 0.017 0.016 0.015 0.014 0.013 0.011 0.010 0.009 0.008 0.007 0.006 0.005 0.005 0.005 0.004 0.004 0.004 0.004 0.003 0.003 0.003 0.002 0.002 0.002 0.002 0.002 0.001 0.001 0.001 0.001 0.001 0.001 0.001 0.001 0.001 0.001 0.001 0.000 0.000 0.000 0.000 0.000 0.000 0.000
0.012 0.012 0.012 0.012 0.012 0.012 0.012 0.012 0.012 0.012 0.013 0.014 0.015 0.016 0.017 0.019 0.021 0.022 0.024 0.026 0.028 0.031 0.034 0.036 0.037 0.037 0.035 0.032 0.029 0.027 0.025 0.023 0.021 0.020 0.019 0.018 0.017 0.015 0.014 0.012 0.011 0.009 0.008 0.008 0.007 0.007 0.006 0.006 0.006 0.005 0.005 0.005 0.005 0.004 0.004 0.003 0.003 0.003 0.003 0.002 0.002 0.002 0.002 0.002 0.002 0.002 0.002 0.001 0.001 0.001 0.001 0.001 0.001 0.001 0.001 0.000 0.000
0.014 0.013 0.012 0.012 0.012 0.012 0.012 0.012 0.012 0.012 0.013 0.013 0.014 0.015 0.016 0.017 0.018 0.020 0.021 0.023 0.024 0.026 0.028 0.031 0.033 0.034 0.034 0.032 0.030 0.029 0.027 0.026 0.025 0.024 0.023 0.022 0.021 0.019 0.017 0.015 0.013 0.012 0.010 0.010 0.009 0.009 0.008 0.008 0.008 0.007 0.007 0.007 0.006 0.006 0.005 0.005 0.005 0.004 0.004 0.004 0.004 0.003 0.003 0.003 0.003 0.003 0.003 0.003 0.003 0.003 0.002 0.002 0.002 0.002 0.001 0.001 0.001
0.025 0.019 0.016 0.014 0.013 0.013 0.012 0.012 0.012 0.012 0.013 0.013 0.014 0.015 0.016 0.017 0.017 0.018 0.019 0.021 0.022 0.024 0.025 0.027 0.029 0.031 0.032 0.032 0.031 0.030 0.029 0.029 0.029 0.028 0.027 0.026 0.024 0.022 0.020 0.018 0.016 0.014 0.013 0.012 0.011 0.011 0.011 0.010 0.010 0.010 0.010 0.009 0.009 0.008 0.008 0.007 0.007 0.006 0.006 0.005 0.005 0.005 0.005 0.005 0.005 0.005 0.005 0.004 0.004 0.004 0.004 0.004 0.003 0.003 0.002 0.002 0.002
0.077 0.050 0.033 0.024 0.019 0.016 0.014 0.013 0.013 0.013 0.013 0.014 0.014 0.015 0.016 0.016 0.017 0.018 0.019 0.020 0.021 0.022 0.024 0.025 0.027 0.030 0.031 0.032 0.032 0.031 0.031 0.032 0.031 0.031 0.030 0.028 0.026 0.025 0.023 0.021 0.019 0.017 0.016 0.015 0.014 0.014 0.013 0.013 0.013 0.013 0.013 0.012 0.012 0.011 0.010 0.009 0.009 0.008 0.008 0.007 0.007 0.007 0.007 0.007 0.007 0.007 0.007 0.007 0.007 0.006 0.006 0.006 0.005 0.004 0.004 0.003 0.003
0.304 0.191 0.114 0.067 0.042 0.028 0.021 0.018 0.016 0.015 0.015 0.015 0.015 0.016 0.016 0.017 0.017 0.018 0.019 0.019 0.020 0.022 0.023 0.025 0.027 0.029 0.031 0.032 0.032 0.033 0.033 0.033 0.033 0.032 0.031 0.029 0.028 0.027 0.026 0.025 0.023 0.021 0.019 0.018 0.018 0.018 0.018 0.018 0.018 0.018 0.017 0.017 0.016 0.015 0.014 0.013 0.012 0.011 0.011 0.010 0.010 0.009 0.009 0.009 0.009 0.009 0.010 0.010 0.010 0.009 0.009 0.008 0.007 0.006 0.005 0.005 0.004
0.997 0.706 0.440 0.251 0.138 0.079 0.048 0.033 0.025 0.022 0.019 0.018 0.018 0.017 0.018 0.018 0.018 0.019 0.019 0.020 0.020 0.021 0.023 0.025 0.027 0.029 0.031 0.032 0.034 0.035 0.035 0.035 0.035 0.033 0.031 0.030 0.030 0.029 0.029 0.028 0.027 0.025 0.024 0.023 0.023 0.023 0.024 0.024 0.024 0.024 0.024 0.023 0.021 0.020 0.019 0.017 0.016 0.015 0.014 0.014 0.013 0.013 0.012 0.012 0.013 0.013 0.014 0.014 0.014 0.014 0.012 0.011 0.009 0.008 0.007 0.007 0.006
2.320 1.864 1.329 0.837 0.484 0.267 0.151 0.092 0.061 0.045 0.036 0.030 0.026 0.023 0.022 0.021 0.021 0.020 0.020 0.021 0.021 0.022 0.024 0.026 0.028 0.030 0.031 0.033 0.035 0.036 0.037 0.037 0.036 0.034 0.032 0.031 0.031 0.032 0.032 0.032 0.031 0.030 0.029 0.029 0.030 0.031 0.032 0.034 0.034 0.034 0.033 0.032 0.030 0.029 0.027 0.025 0.023 0.022 0.021 0.020 0.019 0.018 0.017 0.017 0.017 0.019 0.021 0.022 0.022 0.021 0.018 0.014 0.012 0.010 0.009 0.008 0.008
3.733 3.403 2.828 2.070 1.338 0.817 0.487 0.299 0.194 0.134 0.097 0.072 0.054 0.042 0.034 0.030 0.027 0.025 0.024 0.024 0.024 0.024 0.026 0.028 0.029 0.031 0.033 0.035 0.038 0.039 0.039 0.039 0.038 0.036 0.034 0.033 0.033 0.034 0.035 0.036 0.036 0.036 0.036 0.037 0.038 0.040 0.044 0.047 0.049 0.049 0.048 0.046 0.044 0.043 0.041 0.039 0.036 0.034 0.033 0.031 0.029 0.027 0.025 0.025 0.026 0.029 0.037 0.041 0.041 0.037 0.028 0.020 0.016 0.013 0.011 0.010 0.010
4.643 4.487 4.152 3.590 2.778 1.931 1.301 0.889 0.617 0.438 0.314 0.224 0.155 0.107 0.076 0.057 0.045 0.038 0.034 0.032 0.031 0.031 0.032 0.033 0.034 0.035 0.036 0.039 0.041 0.042 0.042 0.042 0.041 0.038 0.037 0.036 0.037 0.038 0.039 0.040 0.041 0.043 0.044 0.046 0.048 0.051 0.058 0.065 0.068 0.068 0.068 0.066 0.066 0.067 0.067 0.065 0.061 0.059 0.057 0.054 0.050 0.045 0.042 0.042 0.043 0.052 0.074 0.089 0.090 0.080 0.053 0.031 0.021 0.016 0.014 0.012 0.012
5.192 5.134 4.961 4.629 4.115 3.415 2.684 2.048 1.559 1.195 0.908 0.672 0.472 0.317 0.210 0.143 0.103 0.078 0.064 0.056 0.051 0.048 0.046 0.045 0.044 0.044 0.044 0.046 0.048 0.048 0.049 0.048 0.046 0.044 0.043 0.042 0.042 0.043 0.044 0.046 0.049 0.052 0.055 0.058 0.061 0.066 0.075 0.085 0.091 0.093 0.095 0.097 0.101 0.108 0.112 0.112 0.110 0.108 0.105 0.101 0.094 0.085 0.079 0.078 0.082 0.108 0.173 0.221 0.227 0.197 0.120 0.057 0.031 0.022 0.017 0.015 0.014
5.476 5.488 5.420 5.240 4.940 4.532 4.030 3.485 2.946 2.445 1.982 1.545 1.159 0.841 0.585 0.400 0.278 0.201 0.154 0.126 0.107 0.093 0.083 0.075 0.070 0.067 0.064 0.062 0.061 0.060 0.059 0.057 0.055 0.054 0.053 0.052 0.052 0.052 0.054 0.058 0.063 0.067 0.071 0.075 0.079 0.086 0.096 0.108 0.118 0.125 0.134 0.145 0.162 0.181 0.196 0.204 0.206 0.205 0.200 0.193 0.184 0.173 0.166 0.165 0.180 0.254 0.436 0.570 0.592 0.516 0.313 0.131 0.057 0.031 0.022 0.018 0.016
5.549 5.623 5.634 5.573 5.428 5.191 4.863 4.464 4.012 3.535 3.074 2.629 2.183 1.747 1.333 0.989 0.734 0.550 0.422 0.332 0.266 0.214 0.178 0.154 0.137 0.123 0.111 0.099 0.089 0.082 0.076 0.073 0.070 0.069 0.068 0.068 0.069 0.070 0.075 0.081 0.088 0.093 0.098 0.104 0.110 0.117 0.128 0.141 0.156 0.174 0.199 0.232 0.274 0.316 0.351 0.374 0.384 0.385 0.381 0.374 0.367 0.361 0.360 0.370 0.424 0.624 1.055 1.382 1.435 1.270 0.817 0.348 0.130 0.055 0.031 0.022 0.019
5.504 5.626 5.695 5.721 5.684 5.565 5.357 5.069 4.696 4.248 3.823 3.478 3.169 2.841 2.428 1.979 1.589 1.279 1.031 0.831 0.659 0.517 0.414 0.346 0.297 0.254 0.215 0.179 0.147 0.123 0.109 0.100 0.095 0.093 0.092 0.093 0.098 0.107 0.118 0.128 0.136 0.142 0.148 0.155 0.163 0.170 0.180 0.194 0.219 0.257 0.314 0.392 0.480 0.561 0.626 0.668 0.686 0.686 0.679 0.672 0.671 0.675 0.689 0.728 0.837 1.143 1.777 2.351 2.531 2.385 1.755 0.852 0.318 0.114 0.050 0.030 0.023
5.328 5.548 5.684 5.756 5.779 5.745 5.641 5.463 5.192 4.826 4.451 4.182 3.976 3.769 3.517 3.185 2.798 2.396 2.021 1.694 1.394 1.123 0.904 0.744 0.625 0.522 0.427 0.337 0.260 0.203 0.167 0.148 0.138 0.134 0.134 0.140 0.154 0.178 0.200 0.214 0.224 0.231 0.238 0.245 0.250 0.256 0.264 0.284 0.326 0.401 0.522 0.687 0.843 0.962 1.031 1.050 1.021 0.987 0.964 0.948 0.940 0.941 0.954 0.994 1.107 1.411 2.064 2.768 3.073 3.040 2.566 1.563 0.669 0.241 0.090 0.044 0.030
5.008 5.352 5.576 5.711 5.779 5.809 5.806 5.746 5.600 5.362 5.068 4.850 4.711 4.586 4.441 4.239 3.966 3.626 3.245 2.854 2.470 2.092 1.728 1.420 1.179 0.979 0.795 0.621 0.464 0.347 0.273 0.234 0.217 0.214 0.220 0.239 0.272 0.314 0.346 0.367 0.380 0.388 0.392 0.389 0.388 0.390 0.401 0.437 0.513 0.652 0.881 1.113 1.255 1.315 1.318 1.267 1.180 1.121 1.094 1.078 1.063 1.057 1.060 1.087 1.179 1.449 2.049 2.785 3.156 3.202 2.919 2.129 1.092 0.442 0.164 0.070 0.041
4.491 4.973 5.297 5.520 5.682 5.803 5.911 5.985 5.977 5.885 5.714 5.550 5.453 5.386 5.302 5.153 4.935 4.670 4.382 4.078 3.745 3.361 2.896 2.411 2.002 1.662 1.356 1.065 0.800 0.596 0.464 0.397 0.375 0.378 0.403 0.450 0.511 0.567 0.609 0.635 0.649 0.651 0.636 0.610 0.599 0.600 0.624 0.696 0.829 1.015 1.237 1.391 1.452 1.452 1.403 1.302 1.193 1.128 1.101 1.089 1.074 1.064 1.063 1.082 1.153 1.359 1.831 2.542 3.014 3.127 2.964 2.407 1.472 0.680 0.272 0.112 0.058
3.717 4.327 4.784 5.140 5.440 5.706 5.949 6.162 6.320 6.392 6.390 6.331 6.271 6.215 6.123 5.959 5.761 5.568 5.370 5.146 4.869 4.496 4.005 3.484 3.023 2.583 2.144 1.711 1.320 1.014 0.815 0.717 0.694 0.707 0.754 0.829 0.931 1.014 1.061 1.082 1.083 1.057 1.001 0.945 0.922 0.928 0.987 1.101 1.203 1.290 1.388 1.457 1.475 1.452 1.370 1.233 1.106 1.029 0.996 0.984 0.975 0.971 0.975 0.990 1.029 1.134 1.406 1.980 2.589 2.831 2.799 2.466 1.758 0.925 0.407 0.173 0.086
2.831 3.455 4.046 4.578 5.043 5.469 5.860 6.222 6.551 6.805 6.970 7.040 7.043 7.009 6.899 6.701 6.499 6.350 6.207 6.029 5.759 5.345 4.791 4.251 3.819 3.428 3.028 2.571 2.078 1.674 1.414 1.288 1.262 1.276 1.323 1.415 1.577 1.705 1.757 1.763 1.722 1.628 1.527 1.453 1.416 1.407 1.424 1.433 1.403 1.381 1.396 1.415 1.399 1.331 1.195 1.021 0.877 0.780 0.733 0.720 0.719 0.729 0.750 0.771 0.784 0.806 0.912 1.257 1.877 2.323 2.448 2.333 1.901 1.171 0.566 0.256 0.127
2.140 2.683 3.262 3.880 4.498 5.067 5.610 6.159 6.696 7.150 7.490 7.684 7.757 7.752 7.660 7.467 7.248 7.089 6.935 6.738 6.434 5.967 5.348 4.752 4.301 3.964 3.661 3.335 2.957 2.589 2.313 2.165 2.119 2.118 2.143 2.231 2.417 2.542 2.556 2.489 2.336 2.180 2.073 1.988 1.907 1.812 1.690 1.552 1.436 1.358 1.298 1.231 1.138 0.994 0.812 0.645 0.527 0.456 0.426 0.421 0.427 0.440 0.461 0.481 0.496 0.515 0.572 0.758 1.210 1.764 2.034 2.070 1.892 1.390 0.753 0.363 0.186
1.633 2.098 2.630 3.231 3.894 4.582 5.291 6.050 6.858 7.556 8.062 8.376 8.540 8.585 8.550 8.419 8.196 7.951 7.692 7.403 7.028 6.495 5.811 5.148 4.625 4.254 4.002 3.796 3.587 3.378 3.210 3.103 3.045 3.007 2.981 3.001 3.087 3.134 3.096 2.945 2.698 2.514 2.399 2.289 2.161 1.990 1.764 1.533 1.347 1.176 0.996 0.813 0.647 0.510 0.407 0.334 0.286 0.260 0.252 0.254 0.260 0.267 0.275 0.287 0.300 0.317 0.358 0.472 0.771 1.305 1.695 1.820 1.784 1.513 0.972 0.511 0.273
