RESULTS/r.avaflow_results/14_results/14_ascii/14_hflow0022.asc
ncols 506
nrows 317
xllcenter 498237.50
yllcenter 5580050.00
cellsize 12.50
NODATA_value -9999.000
[rows 170 to 203 of 317, columns 77 to 153 of 506]
0.003 0.007 0.013 0.028 0.062 0.126 0.229 0.373 0.553 0.776 1.070 1.473 2.016 2.697 3.467 4.275 5.116 5.994 6.905 7.837 8.807 9.783 10.747 11.712 12.719 13.655 14.467 15.207 15.936 16.668 17.475 18.373 19.411 20.564 21.890 23.292 24.871 26.602 28.269 29.683 31.000 32.084 33.426 35.171 36.677 37.754 38.894 39.685 40.373 41.440 42.363 43.394 44.994 46.380 47.386 48.777 49.633 50.671 51.682 51.877 52.143 52.677 52.476 52.279 51.835 50.678 49.248 47.721 46.254 44.272 42.319 40.385 38.222 36.270 34.363 32.521 30.754
0.013 0.024 0.045 0.085 0.159 0.280 0.446 0.647 0.890 1.203 1.618 2.159 2.840 3.655 4.586 5.618 6.745 7.883 8.961 10.015 11.073 12.157 13.194 14.211 15.182 16.042 16.792 17.497 18.215 18.914 19.670 20.517 21.526 22.588 23.917 25.439 27.057 28.973 30.709 32.088 33.395 34.455 35.735 37.445 39.063 40.040 40.995 41.734 42.414 43.551 44.424 45.331 46.785 47.861 48.430 49.422 49.955 51.136 52.459 52.806 53.080 53.576 53.186 52.815 52.278 51.084 49.538 47.713 46.186 44.290 42.475 40.846 39.107 37.475 35.802 34.082 32.589
0.036 0.062 0.105 0.177 0.284 0.431 0.618 0.849 1.144 1.526 2.022 2.657 3.446 4.403 5.513 6.780 8.190 9.667 11.029 12.281 13.469 14.631 15.684 16.674 17.544 18.316 18.999 19.632 20.272 20.930 21.663 22.452 23.405 24.430 25.665 27.238 28.851 30.740 32.448 34.030 35.595 36.870 38.089 39.636 41.060 41.940 42.946 43.641 44.523 45.778 46.490 47.169 47.881 48.445 48.640 49.210 49.731 50.396 52.169 53.201 53.706 53.962 53.696 53.202 52.429 51.325 49.769 47.998 46.665 44.903 43.299 41.870 40.211 38.554 37.001 35.459 34.183
0.067 0.106 0.165 0.251 0.369 0.528 0.736 1.003 1.346 1.785 2.342 3.051 3.930 5.001 6.267 7.729 9.374 11.156 12.811 14.289 15.634 16.883 17.952 18.913 19.700 20.373 20.993 21.608 22.189 22.773 23.416 24.095 24.927 25.985 27.366 28.805 30.419 32.413 34.250 35.879 37.521 38.848 40.060 41.774 43.209 44.077 45.178 45.861 46.526 47.750 48.097 48.482 48.795 49.399 49.228 49.379 50.254 50.535 51.606 52.289 53.338 53.981 54.021 53.389 52.541 51.619 50.047 48.510 47.312 45.778 44.302 42.761 41.014 39.336 37.889 36.500 35.342
0.087 0.135 0.202 0.297 0.426 0.599 0.827 1.122 1.502 1.984 2.589 3.355 4.306 5.472 6.864 8.477 10.303 12.322 14.256 15.985 17.507 18.817 19.919 20.862 21.571 22.274 22.782 23.379 23.915 24.451 25.015 25.613 26.386 27.256 28.569 30.025 31.695 33.542 35.399 37.126 39.091 40.833 42.045 43.386 44.368 45.167 46.352 47.208 47.699 48.947 49.316 49.899 50.109 50.401 49.904 49.919 50.599 50.588 51.212 51.856 52.351 53.062 53.503 52.914 52.168 51.564 50.317 49.101 47.968 46.305 44.854 43.281 41.491 39.823 38.445 37.115 36.062
0.098 0.152 0.229 0.333 0.474 0.658 0.899 1.211 1.615 2.126 2.774 3.582 4.590 5.837 7.326 9.046 10.988 13.166 15.341 17.311 19.027 20.464 21.713 22.620 23.299 23.979 24.459 25.033 25.511 25.982 26.458 27.071 27.739 28.573 29.808 31.131 32.646 34.452 36.390 38.228 40.242 42.028 43.430 44.998 45.952 46.654 47.719 48.372 48.751 49.766 50.239 50.522 50.403 50.356 49.786 49.576 50.010 49.966 50.394 50.959 50.938 51.485 51.963 52.002 52.038 51.644 50.554 49.366 48.161 46.459 45.063 43.211 41.394 39.864 38.535 37.306 36.330
0.102 0.162 0.248 0.363 0.515 0.709 0.957 1.278 1.693 2.225 2.904 3.751 4.804 6.103 7.662 9.454 11.456 13.683 16.064 18.302 20.210 21.787 23.094 24.015 24.761 25.453 25.978 26.442 26.967 27.397 27.732 28.254 28.711 29.428 30.611 31.994 33.516 35.298 37.190 39.162 41.315 43.242 44.741 46.260 47.230 48.000 49.003 49.579 49.888 50.606 50.955 50.676 50.444 50.589 50.158 49.592 49.709 49.887 50.245 50.580 50.351 50.548 50.536 50.619 51.468 51.470 50.628 49.659 48.253 46.496 44.963 43.074 41.359 39.793 38.466 37.226 36.177
0.103 0.165 0.259 0.387 0.549 0.752 1.004 1.328 1.751 2.297 2.996 3.875 4.964 6.295 7.885 9.714 11.753 14.005 16.460 18.866 20.944 22.760 24.200 25.234 26.071 26.790 27.323 27.698 28.167 28.523 28.886 29.395 29.706 30.285 31.395 32.633 33.974 35.731 37.565 39.429 41.642 43.802 45.374 46.853 47.949 48.638 49.231 49.955 50.088 50.447 51.082 51.222 51.044 50.982 50.544 49.979 49.719 50.100 50.301 50.383 50.261 50.133 49.545 49.288 49.414 49.633 49.707 48.880 47.558 46.128 44.478 42.520 40.773 39.312 38.066 36.886 35.820
0.096 0.159 0.259 0.400 0.576 0.785 1.042 1.368 1.794 2.350 3.064 3.967 5.086 6.439 8.028 9.855 11.898 14.154 16.612 19.106 21.351 23.394 25.049 26.204 27.151 27.894 28.379 28.754 29.253 29.560 29.869 30.355 30.670 31.150 32.075 33.157 34.425 36.144 37.880 39.716 41.959 44.283 46.003 47.260 48.515 49.345 49.610 50.482 50.707 50.790 51.186 51.113 50.599 50.421 50.266 49.782 49.286 49.745 49.890 49.742 49.882 49.611 48.846 48.607 48.056 47.771 48.287 47.964 46.729 45.103 43.450 41.569 39.849 38.578 37.339 36.181 35.330
0.075 0.138 0.245 0.401 0.591 0.808 1.070 1.402 1.832 2.393 3.117 4.035 5.171 6.535 8.108 9.916 11.945 14.190 16.636 19.184 21.564 23.674 25.499 26.961 27.991 28.836 29.356 29.727 30.265 30.619 30.740 31.037 31.262 31.650 32.449 33.453 34.772 36.442 38.119 40.035 42.300 44.670 46.655 48.011 49.300 49.948 50.329 51.098 51.298 51.230 51.480 51.738 51.115 50.646 50.324 49.978 49.349 49.705 49.875 49.620 49.803 49.354 48.507 48.126 47.156 46.056 45.927 45.789 45.350 43.969 42.342 40.367 38.673 37.516 36.270 35.132 34.339
0.048 0.107 0.220 0.389 0.594 0.821 1.092 1.430 1.865 2.430 3.161 4.086 5.225 6.581 8.140 9.935 11.947 14.169 16.619 19.142 21.578 23.815 25.820 27.515 28.766 29.720 30.314 30.653 31.044 31.324 31.464 31.841 31.943 32.110 32.819 33.561 34.756 36.190 37.873 39.761 42.019 44.507 46.621 48.070 49.234 49.797 50.124 50.458 51.108 51.127 51.005 51.444 51.202 51.077 50.819 50.269 49.738 49.992 49.946 49.537 49.305 48.504 47.559 47.148 46.077 44.680 44.168 43.795 43.529 42.544 41.122 39.354 37.725 36.490 35.250 34.116 33.355
0.029 0.081 0.192 0.368 0.586 0.827 1.109 1.456 1.897 2.465 3.193 4.108 5.236 6.597 8.150 9.924 11.900 14.064 16.485 18.953 21.441 23.797 25.944 27.729 29.068 30.151 30.941 31.493 31.966 32.248 32.322 32.603 32.634 32.684 33.291 33.881 34.973 36.130 37.967 39.814 42.010 44.598 46.817 48.224 49.188 50.080 50.189 50.185 50.947 51.002 50.915 51.272 50.897 50.701 50.685 49.953 49.499 49.474 49.379 48.879 48.683 48.014 46.945 46.337 45.220 43.562 42.592 41.669 41.413 40.898 39.761 38.421 36.932 35.478 34.269 32.987 32.097
0.017 0.060 0.164 0.341 0.571 0.829 1.126 1.486 1.936 2.502 3.216 4.107 5.205 6.538 8.078 9.834 11.759 13.835 16.129 18.555 21.138 23.659 25.914 27.963 29.503 30.762 31.595 32.269 32.831 33.182 33.050 33.100 33.032 33.114 33.587 34.172 35.183 36.219 37.930 39.851 42.105 44.683 46.941 48.405 49.493 50.466 50.410 50.413 50.889 50.799 50.895 51.504 51.140 50.642 50.736 50.120 49.528 49.302 49.191 48.746 48.559 47.626 46.567 45.899 44.705 43.061 41.890 40.291 39.613 39.368 38.592 37.514 36.040 34.444 33.076 31.740 30.714
0.010 0.040 0.133 0.309 0.552 0.829 1.147 1.527 1.990 2.554 3.248 4.099 5.140 6.397 7.880 9.577 11.447 13.447 15.629 18.040 20.699 23.401 25.752 27.844 29.526 31.104 32.219 32.945 33.665 34.024 33.900 34.073 33.980 33.904 34.108 34.481 35.198 36.113 37.636 39.568 41.669 44.198 46.481 47.933 48.962 49.870 49.856 50.026 50.724 50.645 50.616 50.765 50.554 50.676 50.856 50.374 49.765 49.494 49.072 48.449 48.129 47.167 45.869 44.901 43.648 42.273 41.255 39.643 38.454 38.051 37.494 36.616 35.346 33.686 32.120 30.764 29.563
0.006 0.024 0.097 0.266 0.524 0.831 1.182 1.592 2.072 2.637 3.310 4.116 5.090 6.254 7.632 9.210 10.996 12.955 15.063 17.385 20.013 22.910 25.600 27.847 29.684 31.330 32.549 33.354 34.137 34.471 34.374 34.568 34.636 34.596 34.790 35.134 35.796 36.521 37.900 39.573 41.560 44.128 46.338 47.755 48.576 49.626 49.780 49.857 50.221 49.932 49.823 50.206 50.150 49.790 49.924 49.676 49.100 48.942 48.444 47.713 47.322 46.547 45.596 44.846 43.482 41.884 40.592 38.973 37.434 36.661 36.206 35.573 34.411 32.775 31.251 29.822 28.451
0.005 0.014 0.060 0.205 0.470 0.816 1.211 1.666 2.186 2.768 3.422 4.180 5.096 6.196 7.496 9.010 10.726 12.635 14.720 17.002 19.539 22.386 25.256 27.745 29.736 31.429 32.807 33.832 34.701 35.194 35.316 35.406 35.587 35.566 35.619 35.934 36.474 37.135 38.445 39.911 41.774 44.170 46.104 47.503 48.361 49.409 49.587 49.756 50.038 49.790 49.406 49.526 49.293 49.049 49.379 49.250 48.737 48.714 48.375 47.661 47.262 46.345 45.241 44.502 43.290 41.933 40.607 38.734 36.865 35.668 34.605 34.176 33.084 31.596 30.242 28.684 27.255
0.006 0.009 0.030 0.125 0.363 0.737 1.189 1.690 2.250 2.869 3.538 4.279 5.141 6.186 7.439 8.915 10.596 12.497 14.561 16.784 19.227 21.886 24.777 27.305 29.454 31.288 32.970 34.146 35.200 35.985 36.372 36.478 36.690 36.698 36.591 36.993 37.493 37.974 38.976 40.100 41.708 43.579 45.404 46.668 47.539 48.451 48.723 49.050 49.335 49.066 48.542 48.515 48.393 48.172 48.503 48.622 48.326 48.621 48.237 47.561 47.083 46.239 45.076 44.112 42.874 41.463 40.135 38.470 36.586 35.006 33.553 32.871 31.774 30.419 29.194 27.636 26.115
0.007 0.008 0.014 0.053 0.198 0.523 1.011 1.593 2.225 2.902 3.624 4.393 5.244 6.241 7.456 8.911 10.590 12.458 14.522 16.728 19.048 21.488 24.213 26.792 29.199 31.029 32.759 34.081 35.390 36.431 37.018 37.374 37.812 37.904 37.879 38.389 38.851 39.192 40.166 40.967 42.168 43.401 45.131 46.230 46.983 47.924 48.005 47.936 48.212 47.789 47.348 47.140 46.814 46.580 47.138 47.282 47.167 47.596 47.182 46.802 46.451 45.667 44.648 43.858 42.706 41.228 39.858 38.061 36.090 34.299 32.660 31.388 30.335 29.080 27.827 26.310 24.782
0.009 0.009 0.010 0.020 0.071 0.238 0.623 1.243 2.013 2.848 3.682 4.532 5.431 6.438 7.627 9.027 10.664 12.518 14.586 16.770 19.020 21.315 23.754 26.184 28.724 30.801 32.713 34.240 35.502 36.745 37.650 38.008 38.488 38.799 39.038 39.622 40.120 40.502 41.412 41.997 42.820 43.758 45.022 45.890 46.561 47.292 47.175 47.163 47.587 47.168 46.809 46.611 46.070 45.826 46.296 46.138 46.181 46.768 46.471 46.244 46.133 45.341 44.613 43.932 42.414 40.774 39.461 37.578 35.715 33.788 31.754 29.950 28.624 27.405 26.157 24.630 23.031
0.010 0.010 0.010 0.013 0.027 0.090 0.307 0.818 1.659 2.727 3.758 4.733 5.732 6.800 8.001 9.375 10.959 12.749 14.779 16.941 19.116 21.282 23.469 25.685 28.121 30.411 32.596 34.321 35.650 37.046 38.143 38.764 39.382 39.612 39.711 40.264 40.786 41.140 41.928 42.525 43.040 43.805 44.420 45.117 45.613 46.360 46.433 46.478 46.883 46.615 46.318 46.151 45.577 45.195 45.430 45.409 45.536 45.751 45.444 45.291 45.169 44.353 43.602 42.767 41.292 39.697 38.391 36.758 35.237 33.058 30.707 28.721 27.063 25.597 24.133 22.507 20.828
0.012 0.012 0.012 0.013 0.020 0.048 0.172 0.579 1.438 2.697 3.948 5.074 6.198 7.350 8.593 9.965 11.517 13.256 15.199 17.263 19.371 21.390 23.356 25.385 27.640 29.861 32.107 33.971 35.406 36.890 38.119 38.956 39.858 40.283 40.316 40.878 41.287 41.545 42.319 42.839 43.197 43.880 44.423 44.916 45.213 45.899 45.784 45.700 46.056 45.780 45.610 45.602 44.986 44.516 44.584 44.301 44.191 44.228 43.840 43.592 43.541 42.731 41.954 41.326 40.028 38.502 37.119 35.285 33.705 31.574 29.317 27.127 25.097 23.280 21.657 20.001 18.299
0.014 0.014 0.014 0.015 0.020 0.040 0.129 0.476 1.356 2.805 4.338 5.622 6.860 8.111 9.438 10.856 12.394 14.091 15.960 17.900 19.848 21.702 23.543 25.377 27.480 29.584 31.730 33.602 35.177 36.874 38.256 39.217 40.251 40.814 40.955 41.406 41.667 41.951 42.765 43.090 43.463 43.834 44.481 44.813 45.146 45.718 45.641 45.612 45.995 45.669 45.562 45.679 45.085 44.684 44.613 43.952 43.446 43.205 42.615 42.177 41.990 41.081 40.201 39.539 38.229 37.014 35.477 33.702 32.017 29.902 27.620 25.298 22.986 20.907 19.043 17.211 15.493
0.017 0.018 0.018 0.019 0.022 0.040 0.119 0.439 1.362 3.058 4.983 6.452 7.787 9.128 10.518 12.006 13.589 15.276 17.061 18.831 20.595 22.177 23.803 25.513 27.472 29.516 31.599 33.393 35.022 36.827 38.306 39.398 40.408 40.824 40.951 41.248 41.405 41.745 42.464 42.691 43.035 43.315 43.787 44.024 44.734 45.266 45.244 45.307 45.696 45.496 45.375 45.411 44.806 44.388 44.209 43.456 42.788 42.214 41.407 40.802 40.267 39.256 38.305 37.454 36.189 34.962 33.175 31.464 29.721 27.684 25.439 23.125 20.626 18.295 16.175 14.068 12.061
0.022 0.023 0.023 0.024 0.028 0.045 0.121 0.435 1.438 3.397 5.772 7.528 8.961 10.359 11.830 13.405 15.058 16.783 18.519 20.097 21.684 23.051 24.469 25.875 27.424 29.407 31.269 32.911 34.682 36.282 37.721 39.061 40.373 40.813 40.897 41.310 41.407 41.712 42.319 42.477 42.593 42.982 43.195 43.467 44.333 44.543 44.847 45.054 44.943 44.869 44.909 44.625 43.975 43.624 43.135 42.373 41.910 41.024 40.126 39.495 38.426 37.185 36.327 35.125 33.854 32.584 30.840 28.951 27.080 24.959 22.714 20.383 17.945 15.535 13.270 10.980 8.739
0.030 0.030 0.031 0.033 0.037 0.055 0.136 0.480 1.582 3.670 6.297 8.363 10.056 11.677 13.304 14.984 16.749 18.548 20.274 21.757 23.169 24.321 25.504 26.701 27.962 29.727 31.436 33.033 34.652 36.121 37.504 38.777 40.111 40.622 40.817 41.322 41.449 41.719 42.240 42.088 42.118 42.446 42.660 42.942 43.891 44.026 44.216 44.672 44.662 44.608 44.621 44.037 43.454 42.961 42.202 41.421 41.071 40.025 38.995 38.130 36.747 35.338 34.264 32.866 31.527 30.006 28.127 26.060 23.953 21.705 19.430 17.146 14.860 12.567 10.325 8.075 5.930
0.042 0.041 0.042 0.044 0.051 0.076 0.179 0.584 1.770 3.901 6.623 8.929 10.900 12.768 14.636 16.558 18.546 20.500 22.220 23.589 24.838 25.878 26.863 27.907 29.007 30.412 31.865 33.317 34.711 36.188 37.374 38.546 39.660 40.026 40.182 40.703 40.937 41.068 41.516 41.247 41.274 41.491 41.640 41.796 42.558 42.872 43.100 43.560 43.296 43.332 43.545 42.963 42.361 41.651 40.701 39.862 39.325 38.251 37.143 36.060 34.558 33.102 31.796 30.239 28.721 27.079 25.038 22.757 20.384 17.973 15.690 13.515 11.425 9.379 7.363 5.366 3.586
0.060 0.057 0.057 0.060 0.069 0.101 0.222 0.678 1.933 4.120 6.907 9.414 11.667 13.821 15.913 17.979 20.115 22.272 24.255 25.740 26.996 27.980 28.809 29.725 30.474 31.346 32.492 33.664 34.785 36.091 37.061 38.005 39.091 39.587 39.662 40.240 40.513 40.473 40.942 40.798 40.602 40.818 40.805 40.786 41.369 41.737 41.742 42.233 42.011 41.842 41.885 41.318 40.701 39.894 38.662 37.666 36.949 35.853 34.742 33.530 31.911 30.425 29.064 27.459 25.726 23.762 21.450 18.939 16.526 14.230 12.125 10.156 8.286 6.470 4.727 3.172 1.964
0.086 0.078 0.076 0.078 0.088 0.122 0.251 0.748 2.082 4.352 7.204 9.887 12.373 14.744 17.097 19.428 21.753 24.045 26.170 27.752 29.155 30.088 30.850 31.774 32.403 32.909 33.682 34.420 35.154 36.188 36.984 37.750 38.860 39.296 39.454 39.873 39.921 39.881 40.260 40.146 40.006 40.093 39.966 39.863 40.242 40.445 40.288 40.646 40.370 40.135 40.127 39.514 38.793 37.857 36.468 35.208 34.217 32.855 31.458 30.238 28.841 27.407 25.821 24.050 22.113 19.934 17.517 15.127 12.986 10.965 9.086 7.330 5.655 4.126 2.804 1.785 1.123
0.123 0.104 0.098 0.099 0.108 0.144 0.280 0.818 2.239 4.618 7.572 10.431 13.172 15.759 18.313 20.798 23.236 25.641 27.883 29.605 31.124 32.128 32.733 33.329 33.802 34.101 34.759 35.385 35.837 36.546 37.167 37.737 38.484 38.635 38.799 39.092 39.012 38.950 39.146 38.949 38.948 38.948 38.653 38.528 38.718 38.699 38.406 38.641 38.379 38.058 37.747 37.012 36.166 35.031 33.608 32.226 31.006 29.582 28.130 26.914 25.383 23.824 22.158 20.251 18.182 15.964 13.804 11.792 9.948 8.207 6.581 5.075 3.704 2.551 1.689 1.136 0.845
0.177 0.141 0.127 0.126 0.134 0.170 0.316 0.904 2.430 4.966 8.115 11.151 14.066 16.804 19.560 22.277 24.800 27.125 29.191 31.026 32.626 33.542 34.022 34.624 34.985 35.168 35.546 35.710 35.950 36.508 36.849 37.238 37.991 38.227 38.225 38.458 38.473 38.248 38.289 38.016 37.918 37.998 37.625 37.342 37.359 37.151 36.913 36.901 36.272 35.757 35.278 34.257 33.246 31.980 30.444 28.951 27.591 26.152 24.686 23.347 21.802 20.142 18.405 16.493 14.473 12.507 10.690 9.007 7.458 6.004 4.654 3.441 2.424 1.662 1.173 0.911 0.796
0.257 0.192 0.164 0.157 0.161 0.195 0.361 1.034 2.718 5.454 8.840 12.187 15.380 18.321 21.187 23.860 26.187 28.391 30.366 32.112 33.693 34.746 35.251 35.804 36.053 36.150 36.429 36.392 36.408 36.833 37.017 37.205 37.590 37.705 37.617 37.578 37.596 37.527 37.406 37.224 37.087 37.061 36.623 36.161 35.898 35.499 35.195 34.934 34.324 33.675 32.934 31.697 30.414 28.837 27.303 25.696 24.191 22.669 21.195 19.765 18.243 16.651 14.916 13.109 11.312 9.662 8.145 6.756 5.485 4.317 3.260 2.352 1.653 1.183 0.914 0.795 0.772
0.351 0.259 0.205 0.181 0.177 0.204 0.396 1.212 3.187 6.271 9.987 13.677 17.092 20.098 22.897 25.398 27.526 29.505 31.263 32.730 34.160 35.318 36.074 36.590 36.614 36.445 36.690 36.770 36.702 36.795 36.800 36.882 36.929 36.922 36.536 36.274 36.128 36.268 36.055 36.005 35.965 35.700 35.280 34.779 34.240 33.725 33.292 32.826 31.978 31.197 30.340 28.945 27.416 25.545 23.931 22.278 20.742 19.252 17.820 16.393 14.920 13.422 11.790 10.190 8.698 7.345 6.121 5.015 4.005 3.092 2.299 1.650 1.171 0.867 0.716 0.678 0.736
0.415 0.307 0.232 0.192 0.181 0.204 0.399 1.318 3.628 7.247 11.517 15.496 19.019 21.938 24.514 26.597 28.379 30.129 31.612 32.889 34.411 35.523 36.088 36.615 36.727 36.671 36.835 36.787 36.645 36.684 36.943 36.856 36.376 36.154 35.532 35.059 34.794 34.867 34.633 34.611 34.652 34.380 34.043 33.489 32.813 32.214 31.611 31.037 30.116 29.051 27.925 26.300 24.497 22.409 20.579 18.901 17.345 15.893 14.489 13.128 11.783 10.423 9.021 7.700 6.519 5.496 4.574 3.722 2.938 2.235 1.634 1.159 0.827 0.638 0.573 0.606 0.768
0.435 0.324 0.240 0.193 0.180 0.199 0.389 1.327 3.803 7.808 12.595 16.915 20.578 23.343 25.720 27.523 28.942 30.470 31.808 32.915 34.168 35.256 36.000 36.737 36.999 37.028 36.958 36.986 36.888 36.596 36.591 36.228 35.684 35.302 34.528 33.832 33.570 33.402 33.060 33.026 32.943 32.792 32.589 32.174 31.428 30.749 30.011 29.179 28.213 26.867 25.419 23.537 21.433 19.177 17.240 15.562 14.026 12.628 11.275 10.004 8.794 7.633 6.526 5.552 4.739 4.046 3.407 2.784 2.172 1.619 1.158 0.809 0.592 0.502 0.505 0.616 0.913
