RESULTS/r.avaflow_results/14_results/14_ascii/14_hflow10020.asc
ncols 506
nrows 317
xllcenter 498237.50
yllcenter 5580050.00
cellsize 12.50
NODATA_value -9999.000
[rows 170 to 203 of 317, columns 154 to 230 of 506]
27.157 25.149 23.153 21.106 18.972 16.881 14.833 12.955 11.300 9.795 8.482 7.299 6.273 5.353 4.540 3.836 3.214 2.678 2.219 1.826 1.489 1.204 0.960 0.759 0.601 0.486 0.412 0.371 0.352 0.343 0.337 0.334 0.331 0.326 0.320 0.315 0.314 0.312 0.304 0.287 0.261 0.243 0.233 0.225 0.215 0.201 0.180 0.154 0.128 0.103 0.078 0.057 0.042 0.032 0.026 0.022 0.018 0.017 0.016 0.016 0.015 0.015 0.016 0.016 0.017 0.019 0.021 0.023 0.028 0.036 0.051 0.078 0.123 0.160 0.177 0.180 0.172
29.616 27.848 26.033 24.127 22.004 19.820 17.524 15.391 13.446 11.695 10.145 8.775 7.556 6.474 5.504 4.651 3.902 3.249 2.688 2.205 1.787 1.436 1.135 0.886 0.689 0.541 0.442 0.385 0.361 0.357 0.357 0.358 0.357 0.353 0.343 0.331 0.323 0.316 0.305 0.286 0.259 0.240 0.228 0.216 0.203 0.183 0.154 0.116 0.080 0.052 0.034 0.023 0.017 0.014 0.012 0.011 0.010 0.010 0.010 0.010 0.010 0.010 0.009 0.009 0.009 0.009 0.010 0.011 0.014 0.019 0.029 0.048 0.082 0.124 0.153 0.164 0.164
31.729 30.269 28.436 26.707 24.651 22.524 20.208 17.930 15.794 13.800 12.013 10.425 8.969 7.717 6.575 5.571 4.680 3.903 3.225 2.644 2.143 1.715 1.349 1.046 0.801 0.613 0.480 0.399 0.364 0.357 0.359 0.362 0.363 0.360 0.349 0.334 0.323 0.312 0.298 0.275 0.243 0.218 0.199 0.180 0.159 0.131 0.093 0.056 0.032 0.020 0.013 0.009 0.007 0.006 0.006 0.005 0.006 0.006 0.007 0.007 0.007 0.007 0.006 0.005 0.005 0.005 0.005 0.006 0.007 0.010 0.017 0.030 0.054 0.094 0.129 0.147 0.152
33.121 31.839 30.214 28.606 26.615 24.581 22.382 20.066 17.841 15.657 13.667 11.873 10.227 8.803 7.508 6.379 5.369 4.488 3.717 3.061 2.491 2.002 1.584 1.233 0.942 0.709 0.538 0.426 0.370 0.352 0.352 0.356 0.358 0.355 0.346 0.330 0.314 0.298 0.278 0.249 0.207 0.168 0.136 0.108 0.082 0.057 0.035 0.020 0.011 0.007 0.005 0.004 0.003 0.003 0.003 0.003 0.003 0.004 0.004 0.005 0.005 0.004 0.004 0.004 0.003 0.003 0.003 0.004 0.004 0.006 0.010 0.019 0.037 0.070 0.108 0.129 0.138
33.979 32.812 31.426 29.802 27.999 26.018 23.932 21.704 19.513 17.173 15.008 13.038 11.245 9.656 8.258 7.023 5.931 4.974 4.129 3.404 2.774 2.237 1.778 1.394 1.075 0.817 0.616 0.472 0.386 0.347 0.335 0.335 0.338 0.338 0.330 0.312 0.290 0.268 0.242 0.201 0.145 0.096 0.064 0.043 0.029 0.019 0.011 0.007 0.004 0.003 0.002 0.002 0.002 0.002 0.002 0.002 0.002 0.003 0.003 0.003 0.003 0.003 0.003 0.003 0.002 0.002 0.002 0.003 0.003 0.004 0.007 0.013 0.027 0.052 0.088 0.112 0.124
34.350 33.173 31.912 30.355 28.817 26.953 25.035 22.899 20.733 18.366 16.056 13.945 12.023 10.331 8.847 7.535 6.375 5.353 4.450 3.671 2.994 2.418 1.923 1.513 1.173 0.899 0.686 0.526 0.416 0.354 0.325 0.314 0.309 0.304 0.291 0.267 0.239 0.211 0.176 0.125 0.074 0.043 0.025 0.015 0.010 0.006 0.004 0.003 0.002 0.002 0.001 0.001 0.001 0.001 0.001 0.001 0.002 0.002 0.002 0.003 0.003 0.002 0.002 0.002 0.002 0.002 0.002 0.002 0.002 0.003 0.005 0.010 0.020 0.040 0.070 0.094 0.109
34.379 33.275 32.044 30.565 29.087 27.404 25.589 23.624 21.521 19.231 16.826 14.625 12.620 10.851 9.281 7.916 6.696 5.626 4.679 3.859 3.144 2.537 2.019 1.589 1.234 0.950 0.731 0.565 0.447 0.370 0.323 0.296 0.275 0.250 0.215 0.178 0.147 0.119 0.088 0.054 0.030 0.017 0.009 0.006 0.004 0.002 0.002 0.001 0.001 0.001 0.001 0.001 0.001 0.001 0.001 0.001 0.001 0.002 0.002 0.002 0.002 0.002 0.002 0.002 0.002 0.002 0.002 0.002 0.002 0.003 0.004 0.008 0.016 0.032 0.056 0.078 0.095
34.067 33.032 31.892 30.632 29.169 27.655 25.861 24.003 21.953 19.763 17.377 15.108 13.054 11.227 9.618 8.177 6.916 5.807 4.822 3.969 3.230 2.602 2.069 1.625 1.263 0.974 0.751 0.585 0.466 0.381 0.320 0.270 0.219 0.163 0.111 0.078 0.059 0.045 0.031 0.019 0.011 0.006 0.004 0.002 0.002 0.001 0.001 0.001 0.001 0.001 0.001 0.001 0.001 0.001 0.001 0.001 0.001 0.001 0.002 0.002 0.002 0.002 0.002 0.002 0.002 0.002 0.002 0.002 0.002 0.003 0.004 0.007 0.014 0.026 0.045 0.066 0.082
33.650 32.660 31.572 30.443 29.010 27.642 25.889 24.108 22.138 20.062 17.798 15.520 13.435 11.557 9.910 8.392 7.071 5.911 4.894 4.012 3.258 2.620 2.082 1.636 1.271 0.980 0.755 0.589 0.468 0.375 0.294 0.212 0.133 0.074 0.041 0.026 0.018 0.014 0.009 0.006 0.004 0.003 0.002 0.002 0.001 0.001 0.001 0.001 0.001 0.001 0.001 0.001 0.001 0.001 0.001 0.001 0.001 0.001 0.001 0.002 0.002 0.002 0.002 0.002 0.002 0.002 0.002 0.002 0.002 0.003 0.004 0.006 0.012 0.021 0.037 0.055 0.070
32.952 31.950 30.988 29.960 28.691 27.455 25.840 24.109 22.218 20.230 18.100 15.888 13.797 11.879 10.149 8.587 7.216 6.005 4.944 4.028 3.261 2.617 2.081 1.637 1.271 0.978 0.749 0.573 0.436 0.321 0.213 0.120 0.057 0.026 0.013 0.008 0.006 0.004 0.003 0.002 0.002 0.002 0.001 0.001 0.001 0.001 0.001 0.001 0.001 0.001 0.001 0.001 0.001 0.001 0.001 0.001 0.001 0.001 0.001 0.001 0.002 0.002 0.002 0.002 0.002 0.002 0.002 0.002 0.002 0.003 0.004 0.006 0.010 0.018 0.030 0.046 0.059
31.748 30.906 30.119 29.173 28.153 27.039 25.572 23.968 22.214 20.320 18.311 16.223 14.168 12.205 10.409 8.804 7.361 6.081 4.973 4.031 3.247 2.599 2.067 1.629 1.264 0.963 0.712 0.499 0.325 0.190 0.097 0.044 0.019 0.009 0.005 0.003 0.002 0.002 0.002 0.002 0.001 0.001 0.001 0.001 0.001 0.001 0.001 0.001 0.001 0.001 0.001 0.001 0.001 0.001 0.001 0.001 0.001 0.001 0.001 0.001 0.001 0.002 0.002 0.002 0.002 0.002 0.002 0.002 0.002 0.002 0.003 0.005 0.008 0.015 0.025 0.038 0.051
30.527 29.734 28.989 28.182 27.246 26.217 25.053 23.673 22.128 20.331 18.452 16.512 14.510 12.547 10.725 9.048 7.525 6.176 4.998 4.012 3.200 2.540 2.013 1.582 1.219 0.893 0.592 0.334 0.159 0.068 0.029 0.013 0.006 0.003 0.002 0.002 0.002 0.001 0.001 0.001 0.001 0.001 0.001 0.001 0.001 0.001 0.001 0.001 0.001 0.001 0.002 0.002 0.002 0.002 0.002 0.002 0.001 0.001 0.001 0.001 0.001 0.002 0.002 0.002 0.002 0.002 0.002 0.002 0.002 0.002 0.003 0.005 0.007 0.013 0.021 0.032 0.044
29.229 28.393 27.615 26.920 26.139 25.303 24.308 23.128 21.845 20.262 18.498 16.656 14.721 12.766 10.947 9.222 7.641 6.230 4.998 3.958 3.081 2.360 1.791 1.344 0.971 0.625 0.325 0.132 0.047 0.018 0.008 0.004 0.003 0.002 0.002 0.001 0.001 0.001 0.001 0.001 0.001 0.001 0.001 0.001 0.001 0.001 0.001 0.001 0.002 0.002 0.002 0.003 0.003 0.003 0.003 0.002 0.002 0.002 0.001 0.001 0.002 0.002 0.002 0.002 0.002 0.002 0.002 0.002 0.002 0.003 0.003 0.004 0.007 0.011 0.018 0.027 0.038
27.865 26.967 26.148 25.566 24.826 24.120 23.332 22.428 21.340 20.018 18.439 16.687 14.787 12.860 11.034 9.291 7.679 6.204 4.841 3.627 2.593 1.753 1.137 0.720 0.425 0.216 0.089 0.030 0.011 0.005 0.003 0.002 0.002 0.002 0.002 0.001 0.001 0.001 0.001 0.001 0.001 0.001 0.001 0.001 0.001 0.001 0.002 0.002 0.003 0.003 0.004 0.004 0.004 0.004 0.004 0.003 0.003 0.002 0.002 0.002 0.002 0.002 0.002 0.002 0.002 0.002 0.002 0.002 0.003 0.003 0.003 0.004 0.006 0.010 0.015 0.023 0.032
26.621 25.601 24.696 24.009 23.296 22.665 22.038 21.360 20.540 19.426 18.020 16.388 14.556 12.735 10.912 9.121 7.365 5.601 3.927 2.468 1.389 0.724 0.370 0.192 0.095 0.041 0.016 0.006 0.003 0.002 0.002 0.002 0.002 0.002 0.002 0.002 0.002 0.001 0.001 0.001 0.001 0.001 0.002 0.002 0.002 0.002 0.002 0.003 0.004 0.006 0.008 0.008 0.008 0.008 0.007 0.005 0.004 0.003 0.003 0.002 0.002 0.002 0.002 0.002 0.002 0.003 0.003 0.003 0.003 0.003 0.004 0.005 0.006 0.009 0.013 0.019 0.026
25.367 24.171 23.132 22.284 21.525 20.854 20.312 19.706 19.103 18.174 16.953 15.411 13.601 11.682 9.700 7.732 5.685 3.597 1.909 0.867 0.369 0.160 0.075 0.037 0.018 0.008 0.004 0.003 0.002 0.002 0.002 0.002 0.002 0.002 0.002 0.002 0.002 0.002 0.002 0.002 0.002 0.002 0.002 0.002 0.003 0.003 0.004 0.006 0.009 0.014 0.016 0.017 0.017 0.015 0.012 0.009 0.006 0.005 0.004 0.003 0.003 0.003 0.003 0.003 0.003 0.003 0.003 0.004 0.004 0.004 0.005 0.005 0.006 0.008 0.011 0.015 0.022
24.106 22.776 21.586 20.496 19.536 18.698 18.019 17.329 16.678 15.823 14.685 13.137 11.132 8.590 6.208 4.204 2.498 1.217 0.491 0.177 0.069 0.033 0.017 0.010 0.006 0.004 0.003 0.003 0.002 0.002 0.002 0.002 0.002 0.002 0.002 0.002 0.002 0.002 0.002 0.002 0.002 0.003 0.003 0.004 0.005 0.006 0.009 0.014 0.024 0.033 0.038 0.039 0.037 0.031 0.022 0.015 0.011 0.008 0.006 0.005 0.004 0.004 0.004 0.004 0.004 0.005 0.005 0.005 0.006 0.006 0.006 0.006 0.007 0.008 0.009 0.013 0.018
22.569 21.074 19.748 18.520 17.360 16.246 15.147 14.016 12.867 11.634 10.191 8.437 6.254 3.938 2.283 1.251 0.619 0.267 0.106 0.046 0.024 0.014 0.009 0.006 0.005 0.004 0.003 0.003 0.003 0.003 0.003 0.003 0.003 0.003 0.003 0.003 0.003 0.003 0.004 0.004 0.005 0.006 0.007 0.009 0.012 0.016 0.024 0.042 0.067 0.085 0.092 0.091 0.077 0.056 0.037 0.025 0.018 0.014 0.011 0.009 0.008 0.007 0.007 0.007 0.007 0.008 0.008 0.008 0.007 0.007 0.006 0.006 0.007 0.007 0.008 0.011 0.015
20.756 19.213 17.826 16.501 15.123 13.632 11.982 10.074 8.145 6.424 4.902 3.492 2.172 1.181 0.604 0.315 0.171 0.097 0.056 0.033 0.020 0.013 0.009 0.007 0.005 0.005 0.004 0.004 0.004 0.004 0.005 0.005 0.005 0.006 0.006 0.007 0.008 0.009 0.010 0.013 0.015 0.019 0.024 0.030 0.038 0.052 0.082 0.134 0.177 0.198 0.194 0.161 0.116 0.078 0.054 0.039 0.030 0.024 0.020 0.017 0.014 0.013 0.013 0.013 0.012 0.012 0.011 0.009 0.008 0.007 0.007 0.006 0.006 0.007 0.008 0.010 0.013
18.649 17.130 15.759 14.407 12.885 11.024 8.739 6.321 4.293 2.809 1.788 1.086 0.626 0.362 0.226 0.156 0.117 0.086 0.060 0.040 0.026 0.017 0.012 0.009 0.008 0.007 0.007 0.008 0.009 0.011 0.012 0.014 0.017 0.019 0.021 0.023 0.026 0.031 0.038 0.047 0.058 0.071 0.089 0.110 0.137 0.183 0.265 0.349 0.388 0.360 0.282 0.198 0.134 0.091 0.064 0.048 0.039 0.033 0.028 0.024 0.021 0.019 0.018 0.017 0.015 0.013 0.011 0.009 0.008 0.007 0.006 0.006 0.006 0.006 0.007 0.009 0.011
16.315 14.875 13.504 11.952 10.054 7.650 5.098 3.062 1.734 0.962 0.569 0.381 0.290 0.236 0.191 0.157 0.134 0.116 0.093 0.066 0.043 0.029 0.021 0.017 0.016 0.017 0.019 0.024 0.030 0.037 0.045 0.053 0.061 0.069 0.076 0.085 0.098 0.119 0.148 0.180 0.218 0.265 0.317 0.369 0.429 0.516 0.612 0.650 0.588 0.451 0.310 0.210 0.142 0.097 0.070 0.054 0.044 0.037 0.032 0.027 0.023 0.021 0.019 0.017 0.016 0.013 0.011 0.009 0.007 0.006 0.005 0.005 0.005 0.005 0.006 0.007 0.009
13.519 11.905 10.144 8.031 5.725 3.570 2.006 1.039 0.546 0.342 0.274 0.257 0.259 0.253 0.237 0.225 0.217 0.203 0.171 0.122 0.083 0.059 0.048 0.043 0.044 0.051 0.067 0.090 0.116 0.141 0.169 0.199 0.225 0.250 0.275 0.308 0.361 0.437 0.518 0.599 0.686 0.775 0.843 0.884 0.903 0.913 0.896 0.821 0.658 0.461 0.314 0.214 0.146 0.102 0.074 0.057 0.046 0.038 0.032 0.027 0.023 0.020 0.018 0.016 0.014 0.012 0.009 0.007 0.006 0.005 0.004 0.003 0.003 0.003 0.004 0.005 0.006
9.987 7.880 5.778 3.814 2.211 1.140 0.575 0.337 0.257 0.240 0.249 0.272 0.318 0.367 0.393 0.402 0.399 0.371 0.309 0.228 0.170 0.136 0.123 0.122 0.138 0.181 0.250 0.334 0.417 0.501 0.591 0.678 0.748 0.808 0.868 0.948 1.072 1.218 1.338 1.416 1.442 1.417 1.354 1.277 1.190 1.103 1.001 0.854 0.652 0.457 0.314 0.216 0.149 0.104 0.076 0.058 0.045 0.036 0.029 0.023 0.019 0.016 0.013 0.011 0.009 0.007 0.006 0.004 0.003 0.002 0.002 0.002 0.002 0.002 0.002 0.002 0.003
6.679 4.568 2.794 1.508 0.741 0.396 0.277 0.245 0.243 0.265 0.313 0.392 0.507 0.624 0.695 0.718 0.711 0.664 0.561 0.441 0.370 0.336 0.331 0.367 0.467 0.637 0.861 1.087 1.294 1.488 1.671 1.821 1.933 2.017 2.089 2.171 2.264 2.293 2.221 2.088 1.911 1.720 1.545 1.396 1.263 1.137 1.004 0.836 0.631 0.450 0.314 0.216 0.149 0.104 0.075 0.056 0.041 0.030 0.021 0.015 0.011 0.008 0.006 0.005 0.004 0.003 0.003 0.002 0.002 0.001 0.001 0.001 0.001 0.001 0.001 0.001 0.002
4.155 2.499 1.349 0.697 0.406 0.302 0.272 0.279 0.318 0.395 0.509 0.664 0.864 1.048 1.165 1.210 1.209 1.159 1.035 0.894 0.833 0.831 0.910 1.108 1.434 1.873 2.342 2.746 3.086 3.356 3.542 3.650 3.655 3.589 3.478 3.341 3.166 2.930 2.639 2.331 2.030 1.765 1.555 1.391 1.250 1.112 0.966 0.792 0.596 0.429 0.300 0.206 0.141 0.097 0.068 0.047 0.031 0.020 0.012 0.008 0.005 0.004 0.003 0.002 0.002 0.002 0.001 0.001 0.001 0.001 0.001 0.001 0.001 0.001 0.001 0.001 0.001
2.359 1.347 0.765 0.495 0.383 0.344 0.359 0.419 0.524 0.671 0.860 1.097 1.381 1.638 1.818 1.915 1.948 1.927 1.842 1.748 1.751 1.884 2.206 2.728 3.392 4.101 4.718 5.127 5.319 5.366 5.266 5.078 4.830 4.563 4.264 3.929 3.541 3.121 2.714 2.344 2.012 1.728 1.502 1.325 1.166 1.005 0.837 0.657 0.483 0.341 0.234 0.159 0.107 0.072 0.047 0.030 0.018 0.011 0.007 0.004 0.003 0.002 0.002 0.001 0.001 0.001 0.001 0.001 0.001 0.001 0.000 0.000 0.000 0.000 0.000 0.001 0.001
1.309 0.831 0.601 0.496 0.461 0.489 0.570 0.702 0.880 1.102 1.368 1.685 2.053 2.397 2.665 2.850 2.964 3.023 3.047 3.073 3.223 3.611 4.250 5.004 5.678 6.223 6.609 6.778 6.729 6.496 6.131 5.707 5.301 4.908 4.501 4.066 3.594 3.113 2.680 2.286 1.936 1.635 1.381 1.162 0.955 0.753 0.564 0.400 0.271 0.180 0.120 0.081 0.055 0.037 0.025 0.016 0.010 0.006 0.004 0.003 0.002 0.001 0.001 0.001 0.001 0.001 0.000 0.000 0.000 0.000 0.000 0.000 0.000 0.000 0.000 0.000 0.000
0.881 0.704 0.622 0.602 0.650 0.758 0.919 1.129 1.384 1.683 2.029 2.426 2.866 3.268 3.592 3.838 4.020 4.167 4.300 4.452 4.744 5.287 5.984 6.620 7.099 7.415 7.554 7.514 7.282 6.873 6.364 5.841 5.373 4.932 4.492 4.039 3.554 3.046 2.585 2.170 1.804 1.475 1.168 0.886 0.644 0.451 0.303 0.199 0.130 0.087 0.059 0.041 0.029 0.020 0.014 0.009 0.006 0.004 0.003 0.002 0.001 0.001 0.001 0.001 0.000 0.000 0.000 0.000 0.000 0.000 0.000 0.000 0.000 0.000 0.000 0.000 0.000
0.798 0.744 0.751 0.820 0.956 1.152 1.400 1.693 2.030 2.399 2.785 3.192 3.616 4.012 4.343 4.609 4.814 5.009 5.192 5.408 5.740 6.294 6.905 7.373 7.680 7.825 7.811 7.660 7.351 6.924 6.391 5.841 5.347 4.886 4.426 3.963 3.468 2.935 2.442 1.997 1.592 1.218 0.890 0.625 0.426 0.282 0.186 0.125 0.087 0.061 0.043 0.030 0.021 0.015 0.010 0.007 0.005 0.003 0.002 0.001 0.001 0.001 0.000 0.000 0.000 0.000 0.000 0.000 0.000 0.000 0.000 0.000 0.000 0.000 0.000 0.000 0.000
0.831 0.862 0.965 1.139 1.376 1.668 2.000 2.354 2.712 3.070 3.432 3.808 4.196 4.570 4.888 5.154 5.362 5.571 5.765 5.998 6.283 6.711 7.183 7.526 7.736 7.806 7.770 7.616 7.316 6.899 6.378 5.805 5.260 4.773 4.312 3.845 3.342 2.792 2.256 1.765 1.333 0.975 0.693 0.482 0.331 0.228 0.159 0.112 0.081 0.058 0.042 0.029 0.021 0.014 0.010 0.007 0.004 0.003 0.002 0.001 0.001 0.000 0.000 0.000 0.000 0.000 0.000 0.000 0.000 0.000 0.000 0.000 0.000 0.000 0.000 0.000 0.000
0.878 1.022 1.254 1.557 1.896 2.244 2.588 2.930 3.260 3.587 3.915 4.261 4.612 4.945 5.239 5.498 5.705 5.905 6.097 6.321 6.566 6.863 7.208 7.468 7.603 7.627 7.591 7.452 7.183 6.790 6.284 5.694 5.089 4.546 4.054 3.571 3.067 2.524 1.988 1.518 1.134 0.830 0.596 0.425 0.304 0.218 0.157 0.113 0.082 0.059 0.042 0.030 0.021 0.015 0.010 0.007 0.004 0.003 0.002 0.001 0.001 0.000 0.000 0.000 0.000 0.000 0.000 0.000 0.000 0.000 0.000 0.000 0.000 0.000 0.000 0.000 0.000
0.938 1.240 1.640 2.031 2.384 2.720 3.044 3.360 3.662 3.955 4.249 4.555 4.865 5.156 5.434 5.675 5.883 6.080 6.266 6.463 6.676 6.904 7.142 7.301 7.360 7.357 7.304 7.172 6.920 6.553 6.066 5.478 4.826 4.192 3.617 3.093 2.606 2.130 1.690 1.308 0.990 0.736 0.540 0.395 0.289 0.213 0.156 0.114 0.083 0.060 0.043 0.030 0.021 0.015 0.010 0.006 0.004 0.002 0.001 0.001 0.000 0.000 0.000 0.000 0.000 0.000 0.000 0.000 0.000 0.000 0.000 0.000 0.000 0.000 0.000 0.000 0.000
1.077 1.568 2.057 2.430 2.752 3.065 3.366 3.657 3.930 4.195 4.456 4.718 4.984 5.247 5.510 5.747 5.955 6.147 6.326 6.504 6.695 6.866 6.998 7.044 7.041 7.003 6.911 6.763 6.517 6.169 5.707 5.132 4.466 3.759 3.130 2.601 2.157 1.770 1.425 1.117 0.854 0.645 0.483 0.362 0.271 0.203 0.151 0.111 0.081 0.059 0.042 0.030 0.021 0.014 0.010 0.006 0.004 0.002 0.001 0.000 0.000 0.000 0.000 0.000 0.000 0.000 0.000 0.000 0.000 0.000 0.000 0.000 0.000 0.000 0.000 0.000 0.000
1.339 1.909 2.349 2.687 2.994 3.292 3.575 3.846 4.093 4.329 4.555 4.785 5.023 5.266 5.516 5.762 5.975 6.160 6.332 6.492 6.640 6.732 6.767 6.747 6.691 6.596 6.454 6.259 5.994 5.649 5.210 4.679 4.043 3.320 2.687 2.174 1.763 1.434 1.160 0.920 0.713 0.545 0.416 0.318 0.242 0.184 0.138 0.103 0.076 0.055 0.039 0.028 0.019 0.013 0.009 0.005 0.003 0.002 0.001 0.000 0.000 0.000 0.000 0.000 0.000 0.000 0.000 0.000 0.000 0.000 0.000 0.000 0.000 0.000 0.000 0.000 0.000
