RESULTS/r.avaflow_results/14_results/14_ascii/14_hflow10026.asc
ncols 506
nrows 317
xllcenter 498237.50
yllcenter 5580050.00
cellsize 12.50
NODATA_value -9999.000
[rows 170 to 203 of 317, columns 154 to 230 of 506]
28.194 26.144 24.194 22.086 19.965 17.821 15.756 13.854 12.161 10.625 9.252 8.043 6.944 5.969 5.102 4.328 3.650 3.060 2.548 2.104 1.718 1.385 1.105 0.873 0.689 0.554 0.467 0.418 0.392 0.376 0.364 0.354 0.345 0.334 0.322 0.312 0.304 0.296 0.282 0.258 0.230 0.213 0.202 0.192 0.180 0.163 0.140 0.113 0.089 0.066 0.046 0.031 0.023 0.019 0.016 0.014 0.013 0.012 0.012 0.012 0.013 0.013 0.013 0.013 0.013 0.013 0.014 0.015 0.018 0.027 0.048 0.087 0.117 0.127 0.125 0.113 0.086
30.843 29.064 27.284 25.243 23.096 20.749 18.404 16.181 14.210 12.414 10.824 9.435 8.167 7.033 6.031 5.121 4.319 3.613 2.997 2.469 2.009 1.616 1.284 1.007 0.786 0.619 0.505 0.437 0.406 0.394 0.387 0.381 0.374 0.363 0.345 0.327 0.313 0.299 0.282 0.257 0.228 0.209 0.196 0.183 0.167 0.145 0.113 0.077 0.048 0.029 0.018 0.013 0.010 0.008 0.008 0.007 0.007 0.008 0.008 0.009 0.009 0.009 0.008 0.008 0.008 0.008 0.008 0.009 0.012 0.017 0.030 0.058 0.092 0.112 0.117 0.113 0.101
33.334 31.717 30.026 27.998 25.864 23.545 21.095 18.671 16.490 14.437 12.605 10.999 9.539 8.218 7.061 6.005 5.071 4.245 3.522 2.901 2.359 1.895 1.502 1.173 0.907 0.702 0.552 0.458 0.411 0.395 0.390 0.387 0.382 0.371 0.352 0.330 0.313 0.296 0.275 0.246 0.212 0.187 0.167 0.147 0.124 0.093 0.059 0.033 0.018 0.011 0.007 0.005 0.004 0.004 0.004 0.004 0.005 0.005 0.006 0.006 0.006 0.006 0.006 0.005 0.005 0.005 0.005 0.006 0.007 0.011 0.019 0.036 0.067 0.097 0.109 0.111 0.106
35.259 33.815 32.190 30.165 28.001 25.677 23.304 20.883 18.557 16.297 14.233 12.404 10.760 9.279 7.991 6.812 5.769 4.843 4.031 3.328 2.715 2.189 1.743 1.368 1.058 0.810 0.621 0.493 0.421 0.392 0.384 0.382 0.378 0.369 0.351 0.328 0.306 0.285 0.259 0.222 0.176 0.137 0.105 0.079 0.056 0.036 0.020 0.011 0.007 0.004 0.003 0.003 0.002 0.002 0.002 0.003 0.003 0.004 0.005 0.005 0.005 0.004 0.004 0.004 0.004 0.004 0.004 0.004 0.005 0.007 0.012 0.022 0.045 0.078 0.101 0.107 0.106
36.376 35.082 33.545 31.640 29.605 27.304 25.155 22.772 20.303 17.876 15.599 13.589 11.788 10.169 8.769 7.494 6.369 5.357 4.471 3.692 3.018 2.437 1.945 1.532 1.194 0.923 0.708 0.550 0.447 0.392 0.369 0.362 0.360 0.355 0.340 0.315 0.287 0.260 0.226 0.178 0.119 0.073 0.046 0.029 0.019 0.011 0.007 0.004 0.003 0.002 0.002 0.002 0.002 0.002 0.002 0.002 0.003 0.003 0.004 0.004 0.004 0.003 0.003 0.003 0.003 0.003 0.003 0.003 0.004 0.005 0.007 0.014 0.028 0.057 0.087 0.101 0.103
36.893 35.743 34.231 32.324 30.476 28.437 26.412 24.168 21.640 19.095 16.690 14.547 12.626 10.906 9.404 8.052 6.854 5.782 4.829 3.989 3.259 2.632 2.100 1.657 1.295 1.006 0.780 0.608 0.485 0.404 0.362 0.344 0.335 0.326 0.307 0.277 0.245 0.211 0.166 0.109 0.060 0.032 0.017 0.010 0.006 0.004 0.003 0.002 0.002 0.001 0.001 0.001 0.001 0.001 0.002 0.002 0.002 0.003 0.003 0.003 0.003 0.003 0.002 0.002 0.002 0.002 0.002 0.003 0.003 0.003 0.005 0.009 0.018 0.037 0.067 0.089 0.097
36.572 35.473 34.152 32.504 30.848 29.085 27.076 24.992 22.471 19.927 17.465 15.245 13.256 11.493 9.896 8.481 7.221 6.095 5.087 4.203 3.429 2.767 2.204 1.736 1.357 1.057 0.824 0.648 0.518 0.425 0.367 0.333 0.307 0.277 0.237 0.196 0.159 0.123 0.084 0.047 0.024 0.012 0.007 0.004 0.003 0.002 0.001 0.001 0.001 0.001 0.001 0.001 0.001 0.001 0.002 0.002 0.002 0.002 0.002 0.002 0.002 0.002 0.002 0.002 0.002 0.002 0.002 0.002 0.002 0.003 0.004 0.006 0.012 0.024 0.045 0.070 0.087
36.073 35.030 33.972 32.571 31.096 29.375 27.445 25.403 22.944 20.474 18.063 15.799 13.732 11.949 10.294 8.824 7.496 6.321 5.263 4.337 3.529 2.840 2.258 1.776 1.387 1.079 0.844 0.668 0.537 0.440 0.369 0.312 0.255 0.190 0.129 0.088 0.064 0.045 0.028 0.016 0.009 0.005 0.003 0.002 0.001 0.001 0.001 0.001 0.001 0.001 0.001 0.001 0.001 0.001 0.002 0.002 0.002 0.002 0.002 0.002 0.002 0.002 0.002 0.002 0.002 0.002 0.002 0.002 0.002 0.002 0.003 0.005 0.008 0.015 0.028 0.049 0.070
35.309 34.449 33.614 32.272 30.940 29.220 27.388 25.392 23.179 20.867 18.502 16.250 14.184 12.353 10.626 9.089 7.707 6.466 5.364 4.401 3.569 2.863 2.274 1.789 1.396 1.085 0.847 0.671 0.541 0.438 0.346 0.254 0.162 0.089 0.047 0.028 0.019 0.013 0.008 0.005 0.003 0.002 0.002 0.001 0.001 0.001 0.001 0.001 0.001 0.001 0.001 0.001 0.001 0.002 0.002 0.002 0.002 0.002 0.002 0.002 0.002 0.002 0.002 0.002 0.002 0.002 0.002 0.002 0.002 0.002 0.003 0.004 0.006 0.010 0.018 0.031 0.050
34.283 33.539 32.834 31.752 30.680 28.997 27.268 25.360 23.252 21.094 18.878 16.705 14.637 12.725 10.960 9.338 7.888 6.591 5.441 4.432 3.577 2.865 2.276 1.791 1.396 1.084 0.840 0.654 0.507 0.379 0.258 0.146 0.069 0.030 0.014 0.008 0.006 0.004 0.003 0.002 0.002 0.001 0.001 0.001 0.001 0.001 0.001 0.001 0.001 0.001 0.001 0.002 0.002 0.002 0.002 0.002 0.002 0.002 0.002 0.002 0.002 0.002 0.002 0.002 0.002 0.002 0.002 0.002 0.002 0.002 0.003 0.003 0.004 0.007 0.012 0.020 0.033
33.278 32.529 31.886 30.971 29.980 28.501 26.957 25.200 23.264 21.239 19.132 17.065 15.041 13.084 11.283 9.616 8.093 6.716 5.502 4.451 3.572 2.854 2.269 1.790 1.394 1.071 0.801 0.570 0.377 0.225 0.116 0.052 0.021 0.009 0.005 0.003 0.002 0.002 0.002 0.001 0.001 0.001 0.001 0.001 0.001 0.001 0.001 0.001 0.001 0.001 0.002 0.002 0.002 0.003 0.003 0.003 0.003 0.003 0.002 0.002 0.002 0.002 0.002 0.002 0.002 0.002 0.002 0.002 0.002 0.002 0.002 0.003 0.004 0.006 0.009 0.014 0.022
32.084 31.318 30.641 29.835 28.876 27.695 26.401 24.884 23.146 21.282 19.360 17.418 15.456 13.509 11.673 9.935 8.331 6.873 5.574 4.462 3.546 2.813 2.228 1.755 1.359 1.003 0.666 0.375 0.177 0.076 0.032 0.014 0.006 0.003 0.002 0.002 0.001 0.001 0.001 0.001 0.001 0.001 0.001 0.001 0.001 0.001 0.001 0.001 0.001 0.002 0.002 0.003 0.004 0.004 0.004 0.004 0.004 0.003 0.003 0.003 0.003 0.003 0.002 0.002 0.002 0.002 0.002 0.002 0.002 0.002 0.002 0.003 0.004 0.005 0.007 0.010 0.016
30.669 29.844 29.148 28.475 27.707 26.796 25.709 24.472 22.983 21.284 19.465 17.598 15.705 13.791 11.954 10.195 8.523 6.982 5.612 4.440 3.448 2.636 1.995 1.498 1.084 0.695 0.353 0.138 0.048 0.018 0.008 0.004 0.003 0.002 0.002 0.001 0.001 0.001 0.001 0.001 0.001 0.001 0.001 0.001 0.001 0.001 0.001 0.001 0.002 0.002 0.003 0.005 0.006 0.006 0.006 0.006 0.005 0.004 0.004 0.003 0.003 0.003 0.003 0.003 0.003 0.003 0.002 0.002 0.002 0.002 0.003 0.003 0.004 0.005 0.006 0.009 0.012
29.421 28.418 27.683 26.975 26.303 25.616 24.755 23.745 22.552 21.098 19.431 17.639 15.769 13.911 12.112 10.313 8.594 6.984 5.479 4.107 2.911 1.937 1.234 0.770 0.447 0.221 0.086 0.027 0.009 0.005 0.003 0.002 0.002 0.002 0.001 0.001 0.001 0.001 0.001 0.001 0.001 0.001 0.001 0.001 0.001 0.001 0.001 0.002 0.003 0.004 0.006 0.008 0.010 0.010 0.010 0.010 0.008 0.006 0.005 0.004 0.004 0.003 0.003 0.003 0.003 0.003 0.003 0.003 0.003 0.003 0.003 0.003 0.004 0.005 0.006 0.008 0.010
28.346 27.165 26.248 25.376 24.652 24.039 23.361 22.626 21.758 20.539 19.032 17.317 15.515 13.742 11.996 10.141 8.285 6.336 4.423 2.731 1.487 0.743 0.366 0.185 0.088 0.036 0.013 0.005 0.003 0.002 0.002 0.002 0.002 0.001 0.001 0.001 0.001 0.001 0.001 0.001 0.001 0.001 0.001 0.001 0.001 0.002 0.002 0.003 0.005 0.008 0.013 0.017 0.019 0.020 0.020 0.017 0.013 0.010 0.008 0.006 0.005 0.005 0.004 0.004 0.004 0.004 0.004 0.003 0.003 0.004 0.004 0.004 0.005 0.005 0.006 0.008 0.009
27.164 25.834 24.679 23.665 22.794 22.115 21.467 20.856 20.203 19.225 17.947 16.319 14.536 12.627 10.679 8.599 6.372 3.999 2.050 0.875 0.347 0.143 0.065 0.031 0.015 0.007 0.004 0.003 0.002 0.002 0.002 0.002 0.002 0.002 0.002 0.001 0.001 0.001 0.001 0.001 0.001 0.001 0.002 0.002 0.002 0.003 0.004 0.006 0.012 0.022 0.034 0.042 0.045 0.045 0.039 0.030 0.022 0.017 0.013 0.010 0.008 0.007 0.006 0.006 0.005 0.005 0.005 0.005 0.005 0.005 0.005 0.006 0.006 0.007 0.007 0.008 0.009
25.928 24.420 23.068 21.800 20.692 19.815 19.054 18.349 17.708 16.834 15.717 14.101 12.053 9.395 6.824 4.605 2.701 1.260 0.468 0.152 0.055 0.025 0.013 0.008 0.005 0.003 0.003 0.002 0.002 0.002 0.002 0.002 0.002 0.002 0.002 0.002 0.002 0.002 0.002 0.002 0.002 0.002 0.003 0.003 0.004 0.006 0.010 0.020 0.040 0.069 0.094 0.106 0.108 0.098 0.075 0.053 0.038 0.029 0.022 0.017 0.014 0.012 0.010 0.009 0.009 0.009 0.009 0.009 0.008 0.008 0.007 0.007 0.007 0.007 0.008 0.009 0.010
24.397 22.670 21.206 19.765 18.437 17.227 16.086 14.965 13.899 12.674 11.257 9.366 6.990 4.390 2.477 1.305 0.609 0.239 0.084 0.034 0.017 0.010 0.007 0.005 0.004 0.003 0.003 0.002 0.002 0.002 0.002 0.002 0.002 0.002 0.002 0.003 0.003 0.003 0.003 0.004 0.005 0.006 0.007 0.010 0.014 0.021 0.038 0.076 0.137 0.194 0.228 0.237 0.213 0.166 0.120 0.087 0.066 0.051 0.041 0.033 0.027 0.023 0.020 0.018 0.017 0.017 0.015 0.013 0.011 0.009 0.008 0.008 0.007 0.008 0.008 0.010 0.012
22.385 20.579 19.087 17.557 16.068 14.489 12.814 11.016 9.112 7.281 5.616 3.985 2.449 1.285 0.614 0.290 0.142 0.074 0.041 0.024 0.014 0.009 0.007 0.005 0.004 0.003 0.003 0.003 0.003 0.003 0.004 0.004 0.005 0.005 0.006 0.006 0.007 0.008 0.010 0.013 0.016 0.021 0.028 0.038 0.053 0.083 0.150 0.264 0.370 0.429 0.434 0.373 0.283 0.204 0.150 0.116 0.095 0.080 0.068 0.056 0.046 0.040 0.035 0.031 0.027 0.023 0.019 0.015 0.012 0.009 0.008 0.008 0.007 0.008 0.009 0.011 0.014
20.084 18.398 16.946 15.406 13.793 11.850 9.583 7.162 4.990 3.312 2.092 1.226 0.659 0.344 0.193 0.123 0.088 0.064 0.044 0.029 0.018 0.012 0.008 0.006 0.006 0.005 0.005 0.006 0.007 0.009 0.010 0.012 0.014 0.017 0.020 0.022 0.026 0.032 0.041 0.052 0.066 0.086 0.115 0.154 0.209 0.310 0.491 0.666 0.744 0.703 0.575 0.427 0.307 0.223 0.167 0.134 0.113 0.099 0.085 0.071 0.059 0.051 0.044 0.038 0.032 0.025 0.019 0.015 0.012 0.009 0.008 0.007 0.007 0.007 0.008 0.011 0.014
17.461 15.928 14.545 12.910 10.977 8.486 5.805 3.550 2.040 1.117 0.624 0.381 0.260 0.193 0.148 0.119 0.101 0.086 0.070 0.049 0.032 0.021 0.015 0.012 0.011 0.012 0.014 0.019 0.025 0.032 0.039 0.047 0.057 0.067 0.077 0.090 0.108 0.135 0.171 0.212 0.265 0.339 0.430 0.529 0.655 0.842 1.035 1.108 1.030 0.834 0.612 0.440 0.318 0.234 0.178 0.143 0.121 0.105 0.090 0.076 0.064 0.054 0.046 0.039 0.032 0.025 0.019 0.015 0.011 0.009 0.007 0.006 0.006 0.006 0.007 0.009 0.013
14.506 12.846 11.043 8.831 6.391 4.027 2.264 1.166 0.588 0.342 0.256 0.230 0.220 0.202 0.183 0.172 0.166 0.156 0.133 0.094 0.062 0.043 0.033 0.030 0.031 0.038 0.054 0.076 0.101 0.126 0.154 0.189 0.226 0.263 0.300 0.347 0.418 0.510 0.607 0.711 0.839 0.987 1.120 1.215 1.290 1.362 1.390 1.318 1.123 0.849 0.616 0.445 0.325 0.241 0.185 0.148 0.123 0.105 0.090 0.076 0.063 0.053 0.044 0.036 0.029 0.022 0.017 0.012 0.009 0.007 0.005 0.004 0.004 0.004 0.004 0.006 0.009
10.533 8.406 6.150 4.026 2.328 1.189 0.579 0.315 0.227 0.209 0.219 0.240 0.271 0.295 0.307 0.312 0.310 0.291 0.245 0.178 0.127 0.098 0.087 0.087 0.104 0.147 0.216 0.299 0.385 0.474 0.575 0.685 0.788 0.880 0.970 1.080 1.230 1.395 1.539 1.652 1.733 1.756 1.730 1.678 1.624 1.571 1.494 1.350 1.122 0.844 0.616 0.448 0.328 0.244 0.188 0.150 0.122 0.100 0.081 0.066 0.052 0.041 0.032 0.025 0.020 0.015 0.011 0.008 0.005 0.004 0.003 0.002 0.002 0.002 0.002 0.003 0.004
6.417 4.326 2.588 1.352 0.639 0.328 0.222 0.197 0.202 0.226 0.275 0.352 0.443 0.512 0.551 0.562 0.557 0.522 0.443 0.340 0.272 0.241 0.236 0.272 0.375 0.551 0.780 1.014 1.234 1.450 1.668 1.867 2.035 2.176 2.295 2.410 2.532 2.581 2.536 2.431 2.285 2.110 1.945 1.810 1.699 1.600 1.490 1.333 1.111 0.841 0.618 0.449 0.327 0.243 0.185 0.144 0.111 0.082 0.059 0.041 0.029 0.021 0.015 0.012 0.009 0.007 0.005 0.003 0.002 0.002 0.002 0.001 0.001 0.001 0.001 0.001 0.002
3.630 2.054 1.036 0.507 0.293 0.223 0.207 0.219 0.261 0.339 0.454 0.606 0.760 0.871 0.931 0.950 0.944 0.900 0.795 0.660 0.590 0.583 0.660 0.866 1.211 1.669 2.155 2.591 2.968 3.278 3.524 3.685 3.765 3.774 3.739 3.655 3.521 3.325 3.062 2.756 2.448 2.172 1.962 1.811 1.691 1.580 1.456 1.294 1.075 0.816 0.595 0.428 0.307 0.222 0.162 0.116 0.079 0.049 0.029 0.018 0.012 0.009 0.007 0.005 0.004 0.003 0.002 0.002 0.001 0.001 0.001 0.001 0.001 0.001 0.001 0.001 0.001
1.900 1.000 0.535 0.345 0.274 0.253 0.272 0.331 0.433 0.579 0.770 1.002 1.216 1.371 1.465 1.505 1.507 1.473 1.372 1.251 1.224 1.339 1.668 2.221 2.934 3.695 4.351 4.798 5.037 5.132 5.119 5.027 4.909 4.762 4.571 4.323 4.016 3.663 3.264 2.842 2.466 2.160 1.929 1.762 1.618 1.469 1.304 1.112 0.884 0.652 0.465 0.326 0.226 0.155 0.103 0.065 0.038 0.021 0.012 0.008 0.006 0.004 0.003 0.003 0.002 0.002 0.001 0.001 0.001 0.001 0.001 0.001 0.001 0.001 0.001 0.001 0.001
0.989 0.600 0.428 0.357 0.339 0.369 0.442 0.562 0.730 0.947 1.216 1.527 1.808 2.024 2.173 2.256 2.290 2.291 2.244 2.199 2.303 2.694 3.416 4.291 5.069 5.676 6.104 6.301 6.302 6.150 5.902 5.635 5.392 5.155 4.892 4.589 4.235 3.826 3.362 2.882 2.465 2.121 1.839 1.598 1.370 1.135 0.899 0.679 0.480 0.327 0.222 0.152 0.104 0.070 0.044 0.027 0.016 0.009 0.006 0.004 0.003 0.003 0.002 0.002 0.001 0.001 0.001 0.001 0.001 0.001 0.001 0.001 0.001 0.001 0.001 0.001 0.001
0.665 0.525 0.465 0.458 0.501 0.591 0.726 0.909 1.145 1.437 1.788 2.175 2.523 2.805 3.023 3.171 3.270 3.336 3.394 3.481 3.797 4.408 5.197 5.913 6.459 6.819 6.979 6.967 6.819 6.544 6.184 5.827 5.533 5.267 5.004 4.718 4.371 3.939 3.429 2.904 2.439 2.017 1.618 1.241 0.907 0.635 0.430 0.286 0.189 0.126 0.086 0.060 0.042 0.029 0.019 0.012 0.008 0.005 0.004 0.003 0.002 0.002 0.001 0.001 0.001 0.001 0.001 0.000 0.000 0.000 0.000 0.000 0.000 0.000 0.000 0.000 0.000
0.623 0.581 0.597 0.659 0.767 0.920 1.118 1.366 1.674 2.041 2.442 2.833 3.186 3.491 3.747 3.945 4.101 4.238 4.390 4.594 5.005 5.607 6.233 6.721 7.067 7.228 7.233 7.147 6.970 6.702 6.328 5.914 5.583 5.320 5.077 4.812 4.464 4.005 3.454 2.852 2.263 1.706 1.196 0.786 0.503 0.319 0.203 0.134 0.092 0.065 0.046 0.033 0.024 0.017 0.012 0.008 0.005 0.004 0.003 0.002 0.002 0.001 0.001 0.001 0.001 0.000 0.000 0.000 0.000 0.000 0.000 0.000 0.000 0.000 0.000 0.000 0.000
0.681 0.716 0.813 0.957 1.138 1.356 1.618 1.926 2.273 2.643 3.016 3.371 3.703 4.009 4.279 4.506 4.699 4.879 5.078 5.329 5.713 6.197 6.635 6.965 7.176 7.252 7.245 7.181 7.042 6.800 6.426 5.962 5.591 5.322 5.084 4.811 4.447 3.956 3.333 2.585 1.848 1.232 0.780 0.491 0.315 0.209 0.144 0.102 0.074 0.054 0.040 0.029 0.021 0.015 0.010 0.007 0.005 0.004 0.003 0.002 0.001 0.001 0.001 0.000 0.000 0.000 0.000 0.000 0.000 0.000 0.000 0.000 0.000 0.000 0.000 0.000 0.000
0.776 0.913 1.121 1.360 1.617 1.892 2.180 2.482 2.802 3.132 3.458 3.777 4.078 4.364 4.632 4.876 5.095 5.303 5.519 5.768 6.072 6.434 6.748 6.993 7.152 7.218 7.227 7.198 7.091 6.857 6.472 5.981 5.541 5.175 4.841 4.481 4.054 3.511 2.824 2.025 1.334 0.857 0.555 0.372 0.261 0.188 0.138 0.101 0.074 0.054 0.040 0.029 0.021 0.015 0.011 0.007 0.005 0.004 0.002 0.002 0.001 0.001 0.000 0.000 0.000 0.000 0.000 0.000 0.000 0.000 0.000 0.000 0.000 0.000 0.000 0.000 0.000
0.907 1.212 1.559 1.871 2.146 2.403 2.660 2.928 3.213 3.500 3.778 4.051 4.316 4.569 4.833 5.089 5.328 5.552 5.772 6.006 6.260 6.534 6.772 6.963 7.092 7.168 7.204 7.199 7.110 6.877 6.477 5.950 5.367 4.768 4.176 3.617 3.082 2.529 1.926 1.350 0.930 0.647 0.459 0.335 0.248 0.186 0.139 0.104 0.077 0.057 0.042 0.031 0.022 0.016 0.011 0.008 0.005 0.004 0.002 0.001 0.001 0.000 0.000 0.000 0.000 0.000 0.000 0.000 0.000 0.000 0.000 0.000 0.000 0.000 0.000 0.000 0.000
1.162 1.668 2.088 2.364 2.582 2.799 3.025 3.265 3.512 3.755 3.986 4.212 4.433 4.663 4.920 5.192 5.449 5.681 5.897 6.109 6.334 6.557 6.745 6.887 6.972 7.027 7.057 7.043 6.948 6.716 6.316 5.754 5.030 4.146 3.243 2.519 1.972 1.536 1.176 0.889 0.673 0.517 0.400 0.310 0.239 0.184 0.139 0.105 0.078 0.058 0.042 0.031 0.023 0.016 0.011 0.008 0.005 0.003 0.002 0.001 0.001 0.000 0.000 0.000 0.000 0.000 0.000 0.000 0.000 0.000 0.000 0.000 0.000 0.000 0.000 0.000 0.000
1.595 2.151 2.499 2.711 2.890 3.081 3.292 3.505 3.714 3.912 4.098 4.286 4.477 4.691 4.939 5.223 5.497 5.737 5.947 6.138 6.330 6.511 6.633 6.699 6.724 6.705 6.641 6.522 6.363 6.121 5.750 5.208 4.428 3.404 2.439 1.743 1.257 0.931 0.721 0.585 0.486 0.409 0.342 0.282 0.227 0.178 0.137 0.104 0.078 0.058 0.043 0.031 0.023 0.016 0.011 0.008 0.005 0.003 0.002 0.001 0.000 0.000 0.000 0.000 0.000 0.000 0.000 0.000 0.000 0.000 0.000 0.000 0.000 0.000 0.000 0.000 0.000
