RESULTS/r.avaflow_results/14_results/14_ascii/14_hflow10023.asc
ncols 506
nrows 317
xllcenter 498237.50
yllcenter 5580050.00
cellsize 12.50
NODATA_value -9999.000
[rows 136 to 169 of 317, columns 154 to 230 of 506]
0.001 0.001 0.001 0.001 0.001 0.001 0.001 0.001 0.000 0.000 0.000 0.000 0.000 0.000 0.000 0.000 0.000 0.000 0.000 0.000 0.000 0.000 0.000 0.000 0.000 0.000 0.000 0.000 0.000 0.000 0.000 0.000 0.000 0.000 0.000 0.000 0.000 0.000 0.000 0.000 0.000 0.000 0.000 0.000 0.000 0.000 0.000 0.000 0.000 0.000 0.000 0.000 0.000 0.000 0.000 0.000 0.000 0.000 0.000 0.000 0.000 0.000 0.000 0.000 0.000 0.000 0.000 0.000 0.000 0.000 0.000 0.000 0.000 0.000 0.000 0.000 0.000
0.001 0.001 0.001 0.001 0.001 0.001 0.001 0.001 0.001 0.001 0.001 0.001 0.001 0.001 0.001 0.001 0.001 0.001 0.001 0.000 0.000 0.000 0.000 0.000 0.000 0.000 0.000 0.000 0.000 0.000 0.000 0.000 0.000 0.000 0.000 0.000 0.000 0.000 0.000 0.000 0.000 0.000 0.000 0.000 0.000 0.000 0.000 0.000 0.000 0.000 0.000 0.000 0.000 0.000 0.000 0.000 0.000 0.000 0.000 0.000 0.000 0.000 0.000 0.000 0.000 0.000 0.000 0.000 0.000 0.000 0.000 0.000 0.000 0.000 0.000 0.000 0.000
0.002 0.002 0.002 0.002 0.002 0.002 0.002 0.001 0.001 0.001 0.001 0.001 0.001 0.001 0.001 0.001 0.001 0.001 0.001 0.001 0.001 0.001 0.001 0.001 0.000 0.000 0.000 0.000 0.000 0.000 0.000 0.000 0.000 0.000 0.000 0.000 0.000 0.000 0.000 0.000 0.000 0.000 0.000 0.000 0.000 0.000 0.000 0.000 0.000 0.000 0.000 0.000 0.000 0.000 0.000 0.000 0.000 0.000 0.000 0.000 0.000 0.000 0.000 0.000 0.000 0.000 0.000 0.000 0.000 0.000 0.000 0.000 0.000 0.000 0.000 0.000 0.000
0.003 0.003 0.004 0.004 0.004 0.004 0.003 0.002 0.002 0.002 0.001 0.001 0.001 0.001 0.001 0.001 0.001 0.001 0.001 0.001 0.001 0.001 0.001 0.001 0.001 0.001 0.001 0.001 0.000 0.000 0.000 0.000 0.000 0.000 0.000 0.000 0.000 0.000 0.000 0.000 0.000 0.000 0.000 0.000 0.000 0.000 0.000 0.000 0.000 0.000 0.000 0.000 0.000 0.000 0.000 0.000 0.000 0.000 0.000 0.000 0.000 0.000 0.000 0.000 0.000 0.000 0.000 0.000 0.000 0.000 0.000 0.000 0.000 0.000 0.000 0.000 0.000
0.004 0.005 0.006 0.006 0.006 0.005 0.005 0.004 0.003 0.003 0.002 0.002 0.002 0.002 0.002 0.002 0.002 0.002 0.002 0.002 0.001 0.001 0.001 0.001 0.001 0.001 0.001 0.001 0.001 0.001 0.000 0.000 0.000 0.000 0.000 0.000 0.000 0.000 0.000 0.000 0.000 0.000 0.000 0.000 0.000 0.000 0.000 0.000 0.000 0.000 0.000 0.000 0.000 0.000 0.000 0.000 0.000 0.000 0.000 0.000 0.000 0.000 0.000 0.000 0.000 0.000 0.000 0.000 0.000 0.000 0.000 0.000 0.000 0.000 0.000 0.000 0.000
0.005 0.006 0.006 0.006 0.006 0.006 0.006 0.005 0.004 0.004 0.004 0.004 0.005 0.005 0.005 0.005 0.004 0.004 0.004 0.003 0.003 0.002 0.002 0.001 0.001 0.001 0.001 0.001 0.001 0.001 0.001 0.001 0.000 0.000 0.000 0.000 0.000 0.000 0.000 0.000 0.000 0.000 0.000 0.000 0.000 0.000 0.000 0.000 0.000 0.000 0.000 0.000 0.000 0.000 0.000 0.000 0.000 0.000 0.000 0.000 0.000 0.000 0.000 0.000 0.000 0.000 0.000 0.000 0.000 0.000 0.000 0.000 0.000 0.000 0.000 0.000 0.000
0.006 0.006 0.006 0.006 0.006 0.006 0.006 0.005 0.005 0.005 0.005 0.006 0.007 0.009 0.010 0.010 0.009 0.009 0.008 0.007 0.005 0.004 0.003 0.002 0.002 0.002 0.002 0.001 0.001 0.001 0.001 0.001 0.001 0.000 0.000 0.000 0.000 0.000 0.000 0.000 0.000 0.000 0.000 0.000 0.000 0.000 0.000 0.000 0.000 0.000 0.000 0.000 0.000 0.000 0.000 0.000 0.000 0.000 0.000 0.000 0.000 0.000 0.000 0.000 0.000 0.000 0.000 0.000 0.000 0.000 0.000 0.000 0.000 0.000 0.000 0.000 0.000
0.006 0.006 0.006 0.006 0.006 0.006 0.006 0.005 0.005 0.005 0.005 0.006 0.009 0.012 0.014 0.015 0.015 0.015 0.014 0.012 0.010 0.007 0.005 0.004 0.003 0.002 0.002 0.002 0.001 0.001 0.001 0.001 0.001 0.001 0.000 0.000 0.000 0.000 0.000 0.000 0.000 0.000 0.000 0.000 0.000 0.000 0.000 0.000 0.000 0.000 0.000 0.000 0.000 0.000 0.000 0.000 0.000 0.000 0.000 0.000 0.000 0.000 0.000 0.000 0.000 0.000 0.000 0.000 0.000 0.000 0.000 0.000 0.000 0.000 0.000 0.000 0.000
0.005 0.005 0.005 0.005 0.005 0.005 0.005 0.005 0.004 0.005 0.005 0.006 0.009 0.012 0.015 0.017 0.017 0.017 0.016 0.014 0.012 0.009 0.007 0.005 0.004 0.003 0.002 0.002 0.001 0.001 0.001 0.001 0.001 0.001 0.001 0.000 0.000 0.000 0.000 0.000 0.000 0.000 0.000 0.000 0.000 0.000 0.000 0.000 0.000 0.000 0.000 0.000 0.000 0.000 0.000 0.000 0.000 0.000 0.000 0.000 0.000 0.000 0.000 0.000 0.000 0.000 0.000 0.000 0.000 0.000 0.000 0.000 0.000 0.000 0.000 0.000 0.000
0.004 0.004 0.004 0.004 0.004 0.004 0.004 0.004 0.004 0.004 0.005 0.006 0.008 0.011 0.015 0.016 0.017 0.016 0.015 0.014 0.012 0.010 0.008 0.006 0.004 0.003 0.002 0.002 0.001 0.001 0.001 0.001 0.001 0.001 0.001 0.001 0.000 0.000 0.000 0.000 0.000 0.000 0.000 0.000 0.000 0.000 0.000 0.000 0.000 0.000 0.000 0.000 0.000 0.000 0.000 0.000 0.000 0.000 0.000 0.000 0.000 0.000 0.000 0.000 0.000 0.000 0.000 0.000 0.000 0.000 0.000 0.000 0.000 0.000 0.000 0.000 0.000
0.004 0.004 0.003 0.003 0.003 0.003 0.003 0.003 0.003 0.003 0.003 0.004 0.005 0.008 0.011 0.013 0.014 0.014 0.013 0.013 0.011 0.010 0.008 0.006 0.004 0.003 0.002 0.002 0.001 0.001 0.001 0.001 0.001 0.001 0.001 0.001 0.001 0.000 0.000 0.000 0.000 0.000 0.000 0.000 0.000 0.000 0.000 0.000 0.000 0.000 0.000 0.000 0.000 0.000 0.000 0.000 0.000 0.000 0.000 0.000 0.000 0.000 0.000 0.000 0.000 0.000 0.000 0.000 0.000 0.000 0.000 0.000 0.000 0.000 0.000 0.000 0.000
0.004 0.003 0.003 0.003 0.003 0.002 0.002 0.002 0.002 0.002 0.002 0.003 0.003 0.004 0.006 0.007 0.008 0.009 0.009 0.009 0.009 0.008 0.007 0.005 0.004 0.003 0.002 0.002 0.001 0.001 0.001 0.001 0.001 0.001 0.001 0.001 0.001 0.001 0.000 0.000 0.000 0.000 0.000 0.000 0.000 0.000 0.000 0.000 0.000 0.000 0.000 0.000 0.000 0.000 0.000 0.000 0.000 0.000 0.000 0.000 0.000 0.000 0.000 0.000 0.000 0.000 0.000 0.000 0.000 0.000 0.000 0.000 0.000 0.000 0.000 0.000 0.000
0.004 0.003 0.003 0.003 0.002 0.002 0.002 0.002 0.002 0.002 0.002 0.002 0.002 0.003 0.003 0.004 0.004 0.005 0.005 0.005 0.005 0.006 0.005 0.005 0.004 0.003 0.002 0.002 0.001 0.001 0.001 0.001 0.001 0.001 0.001 0.001 0.001 0.001 0.001 0.000 0.000 0.000 0.000 0.000 0.000 0.000 0.000 0.000 0.000 0.000 0.000 0.000 0.000 0.000 0.000 0.000 0.000 0.000 0.000 0.000 0.000 0.000 0.000 0.000 0.000 0.000 0.000 0.000 0.000 0.000 0.000 0.000 0.000 0.000 0.000 0.000 0.000
0.004 0.003 0.003 0.003 0.002 0.002 0.002 0.002 0.002 0.002 0.002 0.002 0.002 0.002 0.002 0.003 0.003 0.003 0.003 0.003 0.003 0.004 0.004 0.003 0.003 0.002 0.002 0.002 0.001 0.001 0.001 0.001 0.001 0.001 0.001 0.001 0.001 0.001 0.001 0.001 0.001 0.001 0.000 0.000 0.000 0.000 0.000 0.000 0.000 0.000 0.000 0.000 0.000 0.000 0.000 0.000 0.000 0.000 0.000 0.000 0.000 0.000 0.000 0.000 0.000 0.000 0.000 0.000 0.000 0.000 0.000 0.000 0.000 0.000 0.000 0.000 0.000
0.004 0.003 0.003 0.003 0.002 0.002 0.002 0.002 0.002 0.002 0.002 0.002 0.002 0.002 0.002 0.002 0.002 0.002 0.002 0.002 0.002 0.003 0.003 0.003 0.003 0.002 0.002 0.002 0.002 0.001 0.001 0.001 0.001 0.001 0.001 0.001 0.001 0.001 0.001 0.001 0.001 0.001 0.001 0.001 0.001 0.001 0.001 0.001 0.001 0.001 0.001 0.001 0.001 0.001 0.001 0.001 0.001 0.000 0.000 0.000 0.000 0.000 0.000 0.000 0.000 0.000 0.000 0.000 0.000 0.000 0.000 0.000 0.000 0.000 0.000 0.000 0.000
0.005 0.004 0.003 0.003 0.003 0.002 0.002 0.002 0.002 0.002 0.002 0.002 0.002 0.002 0.002 0.002 0.002 0.002 0.002 0.002 0.002 0.002 0.002 0.002 0.002 0.002 0.002 0.002 0.002 0.001 0.001 0.001 0.001 0.001 0.001 0.001 0.001 0.001 0.001 0.001 0.001 0.001 0.001 0.001 0.001 0.001 0.001 0.001 0.001 0.001 0.001 0.001 0.001 0.001 0.001 0.001 0.001 0.001 0.001 0.001 0.001 0.001 0.000 0.000 0.000 0.000 0.000 0.000 0.000 0.000 0.000 0.000 0.000 0.000 0.000 0.000 0.000
0.011 0.007 0.005 0.004 0.003 0.003 0.002 0.002 0.002 0.002 0.002 0.002 0.002 0.002 0.002 0.002 0.002 0.002 0.002 0.002 0.002 0.002 0.002 0.002 0.002 0.002 0.002 0.002 0.002 0.002 0.001 0.001 0.001 0.001 0.001 0.001 0.001 0.001 0.001 0.001 0.001 0.001 0.001 0.001 0.001 0.001 0.001 0.001 0.001 0.001 0.001 0.001 0.001 0.001 0.001 0.001 0.001 0.001 0.001 0.001 0.001 0.001 0.001 0.001 0.001 0.001 0.001 0.000 0.000 0.000 0.000 0.000 0.000 0.000 0.000 0.000 0.000
0.037 0.020 0.012 0.008 0.005 0.004 0.003 0.003 0.002 0.002 0.002 0.002 0.002 0.002 0.002 0.002 0.002 0.002 0.002 0.002 0.002 0.002 0.002 0.002 0.002 0.002 0.002 0.002 0.002 0.002 0.002 0.002 0.002 0.001 0.001 0.001 0.001 0.001 0.001 0.001 0.001 0.001 0.001 0.001 0.001 0.001 0.001 0.001 0.001 0.001 0.001 0.001 0.001 0.001 0.001 0.001 0.001 0.001 0.001 0.001 0.001 0.001 0.001 0.001 0.001 0.001 0.001 0.001 0.001 0.001 0.001 0.001 0.001 0.001 0.001 0.001 0.001
0.150 0.078 0.041 0.022 0.012 0.008 0.005 0.004 0.003 0.003 0.003 0.003 0.002 0.002 0.002 0.002 0.002 0.002 0.002 0.002 0.002 0.002 0.002 0.002 0.002 0.002 0.002 0.002 0.002 0.002 0.002 0.002 0.002 0.002 0.002 0.001 0.001 0.001 0.001 0.001 0.001 0.001 0.001 0.001 0.001 0.001 0.001 0.001 0.001 0.001 0.001 0.001 0.001 0.001 0.001 0.001 0.001 0.001 0.001 0.001 0.001 0.001 0.001 0.001 0.001 0.001 0.001 0.001 0.001 0.001 0.001 0.001 0.001 0.001 0.001 0.001 0.001
0.548 0.310 0.163 0.082 0.041 0.022 0.013 0.008 0.006 0.005 0.004 0.004 0.003 0.003 0.003 0.002 0.002 0.002 0.002 0.002 0.002 0.002 0.002 0.002 0.002 0.002 0.002 0.002 0.002 0.002 0.002 0.002 0.002 0.002 0.002 0.002 0.001 0.001 0.001 0.001 0.001 0.001 0.001 0.001 0.001 0.001 0.001 0.002 0.002 0.002 0.002 0.002 0.002 0.002 0.001 0.001 0.001 0.001 0.001 0.001 0.001 0.001 0.001 0.001 0.001 0.001 0.001 0.001 0.001 0.001 0.001 0.001 0.001 0.001 0.001 0.001 0.001
1.405 0.910 0.544 0.297 0.151 0.075 0.039 0.022 0.015 0.011 0.008 0.007 0.005 0.005 0.004 0.003 0.003 0.003 0.002 0.002 0.002 0.002 0.002 0.002 0.002 0.002 0.002 0.002 0.002 0.002 0.002 0.002 0.002 0.002 0.002 0.002 0.002 0.002 0.002 0.002 0.002 0.002 0.002 0.002 0.002 0.002 0.002 0.003 0.003 0.003 0.003 0.003 0.003 0.002 0.002 0.002 0.002 0.002 0.001 0.001 0.001 0.001 0.001 0.001 0.001 0.001 0.001 0.001 0.001 0.001 0.001 0.001 0.001 0.001 0.001 0.001 0.001
2.676 1.909 1.289 0.811 0.470 0.252 0.132 0.073 0.045 0.030 0.022 0.016 0.012 0.009 0.007 0.005 0.004 0.004 0.003 0.003 0.003 0.003 0.003 0.002 0.002 0.002 0.002 0.003 0.003 0.003 0.003 0.003 0.003 0.002 0.002 0.002 0.002 0.002 0.002 0.002 0.002 0.002 0.002 0.002 0.002 0.003 0.003 0.004 0.005 0.005 0.005 0.005 0.005 0.004 0.004 0.004 0.003 0.003 0.003 0.002 0.002 0.002 0.002 0.001 0.001 0.001 0.001 0.002 0.002 0.002 0.002 0.002 0.001 0.001 0.001 0.001 0.001
4.224 3.214 2.353 1.644 1.085 0.676 0.407 0.246 0.153 0.102 0.070 0.049 0.033 0.022 0.015 0.011 0.008 0.006 0.005 0.004 0.004 0.004 0.003 0.003 0.003 0.003 0.003 0.003 0.003 0.003 0.003 0.003 0.003 0.003 0.002 0.002 0.002 0.002 0.002 0.003 0.003 0.003 0.003 0.003 0.003 0.004 0.005 0.006 0.007 0.007 0.008 0.008 0.008 0.008 0.007 0.007 0.006 0.006 0.005 0.005 0.005 0.004 0.003 0.003 0.003 0.003 0.003 0.003 0.004 0.004 0.004 0.004 0.003 0.002 0.001 0.001 0.001
5.909 4.693 3.629 2.721 1.972 1.386 0.957 0.658 0.457 0.324 0.232 0.162 0.106 0.066 0.040 0.026 0.017 0.012 0.009 0.008 0.006 0.006 0.005 0.005 0.004 0.004 0.004 0.004 0.004 0.004 0.004 0.004 0.004 0.003 0.003 0.003 0.003 0.003 0.003 0.003 0.004 0.004 0.004 0.005 0.005 0.006 0.007 0.008 0.010 0.011 0.011 0.012 0.013 0.014 0.014 0.014 0.013 0.013 0.012 0.011 0.010 0.009 0.008 0.007 0.006 0.006 0.006 0.007 0.008 0.009 0.010 0.009 0.007 0.004 0.002 0.001 0.001
7.669 6.241 4.996 3.934 3.045 2.329 1.766 1.336 1.014 0.775 0.590 0.435 0.304 0.198 0.122 0.074 0.046 0.030 0.021 0.016 0.013 0.010 0.009 0.008 0.007 0.006 0.006 0.005 0.005 0.005 0.005 0.005 0.005 0.004 0.004 0.004 0.004 0.004 0.004 0.005 0.005 0.006 0.006 0.007 0.007 0.008 0.009 0.011 0.013 0.015 0.017 0.019 0.022 0.025 0.027 0.027 0.027 0.027 0.025 0.024 0.023 0.021 0.019 0.017 0.016 0.015 0.016 0.018 0.022 0.025 0.026 0.024 0.017 0.009 0.004 0.002 0.002
9.535 7.870 6.434 5.220 4.214 3.397 2.734 2.199 1.768 1.418 1.124 0.871 0.654 0.470 0.319 0.208 0.134 0.087 0.059 0.041 0.030 0.023 0.018 0.015 0.013 0.011 0.010 0.009 0.008 0.007 0.007 0.006 0.006 0.006 0.006 0.006 0.006 0.006 0.007 0.008 0.008 0.009 0.010 0.010 0.011 0.012 0.013 0.015 0.018 0.021 0.025 0.030 0.037 0.043 0.047 0.050 0.051 0.051 0.050 0.049 0.048 0.046 0.044 0.041 0.040 0.040 0.041 0.047 0.058 0.066 0.067 0.061 0.045 0.023 0.011 0.005 0.003
11.472 9.587 7.969 6.601 5.465 4.525 3.755 3.117 2.580 2.122 1.730 1.398 1.115 0.863 0.641 0.461 0.326 0.229 0.160 0.112 0.078 0.055 0.041 0.032 0.027 0.022 0.019 0.016 0.013 0.011 0.010 0.009 0.009 0.008 0.008 0.008 0.009 0.010 0.012 0.013 0.014 0.015 0.016 0.017 0.018 0.019 0.020 0.022 0.025 0.030 0.038 0.049 0.062 0.073 0.081 0.085 0.086 0.086 0.085 0.084 0.083 0.083 0.082 0.082 0.082 0.083 0.087 0.095 0.109 0.128 0.136 0.129 0.101 0.057 0.026 0.012 0.006
13.463 11.377 9.599 8.089 6.812 5.726 4.824 4.053 3.393 2.827 2.348 1.951 1.615 1.310 1.037 0.804 0.614 0.462 0.343 0.251 0.180 0.128 0.093 0.071 0.057 0.046 0.037 0.029 0.023 0.018 0.015 0.014 0.013 0.012 0.012 0.013 0.015 0.018 0.021 0.023 0.025 0.026 0.027 0.028 0.028 0.029 0.030 0.032 0.037 0.046 0.060 0.081 0.100 0.111 0.116 0.117 0.114 0.111 0.110 0.109 0.108 0.108 0.108 0.109 0.111 0.114 0.118 0.123 0.135 0.157 0.178 0.182 0.166 0.117 0.058 0.026 0.012
15.446 13.234 11.319 9.664 8.234 6.992 5.937 5.025 4.235 3.561 2.997 2.523 2.121 1.764 1.448 1.174 0.941 0.745 0.581 0.446 0.337 0.252 0.189 0.144 0.113 0.089 0.070 0.054 0.040 0.031 0.025 0.022 0.020 0.020 0.021 0.023 0.028 0.033 0.038 0.041 0.043 0.044 0.044 0.044 0.044 0.044 0.045 0.049 0.057 0.071 0.094 0.116 0.129 0.134 0.135 0.131 0.124 0.120 0.119 0.119 0.118 0.117 0.117 0.118 0.119 0.122 0.125 0.129 0.139 0.159 0.187 0.200 0.198 0.169 0.105 0.050 0.023
17.367 15.080 13.073 11.279 9.705 8.318 7.106 6.050 5.134 4.353 3.697 3.135 2.653 2.239 1.870 1.550 1.273 1.034 0.834 0.664 0.524 0.411 0.321 0.252 0.199 0.158 0.124 0.095 0.071 0.053 0.042 0.037 0.035 0.036 0.039 0.045 0.054 0.061 0.067 0.070 0.072 0.072 0.070 0.067 0.065 0.065 0.067 0.075 0.088 0.102 0.119 0.133 0.139 0.140 0.138 0.131 0.123 0.119 0.118 0.118 0.118 0.117 0.116 0.117 0.118 0.119 0.122 0.125 0.133 0.151 0.181 0.201 0.204 0.192 0.150 0.086 0.042
19.279 16.966 14.863 12.956 11.246 9.724 8.367 7.165 6.131 5.245 4.483 3.822 3.249 2.759 2.322 1.948 1.621 1.337 1.096 0.891 0.720 0.579 0.465 0.378 0.309 0.252 0.201 0.156 0.120 0.093 0.076 0.068 0.066 0.068 0.074 0.084 0.098 0.107 0.113 0.116 0.116 0.112 0.105 0.099 0.095 0.096 0.101 0.110 0.116 0.122 0.129 0.136 0.139 0.138 0.132 0.122 0.111 0.106 0.104 0.104 0.104 0.105 0.106 0.107 0.108 0.109 0.110 0.112 0.118 0.132 0.160 0.190 0.200 0.197 0.175 0.124 0.070
21.201 18.865 16.702 14.742 12.897 11.241 9.754 8.416 7.269 6.258 5.381 4.611 3.936 3.347 2.826 2.379 1.994 1.663 1.378 1.133 0.924 0.747 0.603 0.490 0.406 0.342 0.287 0.236 0.190 0.155 0.133 0.123 0.121 0.124 0.130 0.142 0.161 0.174 0.178 0.178 0.171 0.160 0.149 0.141 0.136 0.134 0.134 0.134 0.131 0.128 0.129 0.131 0.130 0.124 0.114 0.098 0.085 0.077 0.073 0.073 0.074 0.076 0.080 0.084 0.087 0.088 0.088 0.089 0.092 0.101 0.124 0.162 0.187 0.191 0.181 0.149 0.100
23.195 20.912 18.718 16.684 14.743 12.933 11.283 9.812 8.540 7.389 6.386 5.501 4.708 4.005 3.390 2.857 2.402 2.015 1.681 1.391 1.137 0.920 0.741 0.595 0.485 0.409 0.354 0.310 0.272 0.240 0.217 0.206 0.202 0.203 0.206 0.216 0.232 0.239 0.239 0.230 0.212 0.196 0.187 0.179 0.173 0.165 0.154 0.143 0.133 0.126 0.121 0.115 0.106 0.093 0.076 0.060 0.049 0.042 0.040 0.040 0.041 0.043 0.046 0.052 0.056 0.058 0.060 0.061 0.064 0.071 0.085 0.120 0.161 0.176 0.174 0.158 0.126
25.320 23.120 21.008 18.919 16.872 14.918 13.089 11.452 10.001 8.689 7.528 6.506 5.585 4.764 4.042 3.415 2.875 2.413 2.012 1.666 1.362 1.101 0.882 0.700 0.560 0.462 0.401 0.362 0.335 0.314 0.299 0.289 0.283 0.278 0.275 0.276 0.281 0.282 0.277 0.260 0.235 0.219 0.209 0.202 0.192 0.179 0.161 0.142 0.126 0.112 0.096 0.079 0.062 0.048 0.038 0.030 0.025 0.023 0.022 0.022 0.023 0.024 0.026 0.028 0.032 0.034 0.037 0.039 0.043 0.049 0.059 0.082 0.123 0.153 0.161 0.156 0.140
