RESULTS/r.avaflow_results/14_results/14_ascii/14_hflow30058.asc
ncols 506
nrows 317
xllcenter 498237.50
yllcenter 5580050.00
cellsize 12.50
NODATA_value -9999.000
[rows 170 to 203 of 317, columns 231 to 307 of 506]
0.166 0.112 0.083 0.070 0.067 0.069 0.082 0.131 0.272 0.551 0.779 0.867 0.873 0.818 0.652 0.378 0.176 0.080 0.040 0.024 0.016 0.013 0.010 0.008 0.007 0.006 0.005 0.004 0.003 0.002 0.002 0.001 0.001 0.001 0.000 0.000 0.000 0.000 0.000 0.000 0.000 0.000 0.000 0.000 0.000 0.000 0.000 0.000 0.000 0.000 0.000 0.000 0.000 0.000 0.000 0.000 0.000 0.000 0.000 0.000 0.000 0.000 0.000 0.000 0.000 0.000 0.000 0.000 0.000 0.000 0.000 0.000 0.000 0.000 0.000 0.000 0.000
0.282 0.177 0.122 0.099 0.094 0.099 0.132 0.253 0.595 1.239 1.733 1.902 1.894 1.747 1.385 0.828 0.390 0.164 0.069 0.034 0.021 0.015 0.012 0.010 0.008 0.007 0.006 0.005 0.004 0.003 0.002 0.002 0.001 0.001 0.001 0.000 0.000 0.000 0.000 0.000 0.000 0.000 0.000 0.000 0.000 0.000 0.000 0.000 0.000 0.000 0.000 0.000 0.000 0.000 0.000 0.000 0.000 0.000 0.000 0.000 0.000 0.000 0.000 0.000 0.000 0.000 0.000 0.000 0.000 0.000 0.000 0.000 0.000 0.000 0.000 0.000 0.000
0.500 0.294 0.186 0.143 0.135 0.145 0.208 0.433 1.036 2.061 2.758 2.968 2.923 2.682 2.195 1.450 0.738 0.314 0.120 0.050 0.027 0.018 0.014 0.011 0.009 0.008 0.007 0.006 0.005 0.004 0.003 0.003 0.002 0.001 0.001 0.001 0.000 0.000 0.000 0.000 0.000 0.000 0.000 0.000 0.000 0.000 0.000 0.000 0.000 0.000 0.000 0.000 0.000 0.000 0.000 0.000 0.000 0.000 0.000 0.000 0.000 0.000 0.000 0.000 0.000 0.000 0.000 0.000 0.000 0.000 0.000 0.000 0.000 0.000 0.000 0.000 0.000
0.762 0.495 0.297 0.214 0.197 0.211 0.307 0.629 1.399 2.575 3.319 3.531 3.464 3.178 2.673 1.935 1.103 0.512 0.198 0.076 0.036 0.022 0.016 0.013 0.011 0.009 0.008 0.007 0.006 0.005 0.004 0.003 0.003 0.002 0.002 0.001 0.001 0.001 0.000 0.000 0.000 0.000 0.000 0.000 0.000 0.000 0.000 0.000 0.000 0.000 0.000 0.000 0.000 0.000 0.000 0.000 0.000 0.000 0.000 0.000 0.000 0.000 0.000 0.000 0.000 0.000 0.000 0.000 0.000 0.000 0.000 0.000 0.000 0.000 0.000 0.000 0.001
0.918 0.716 0.470 0.324 0.288 0.307 0.440 0.847 1.708 2.819 3.487 3.678 3.608 3.323 2.846 2.194 1.391 0.717 0.302 0.114 0.049 0.028 0.019 0.015 0.012 0.011 0.009 0.008 0.007 0.006 0.005 0.004 0.003 0.003 0.002 0.002 0.001 0.001 0.001 0.000 0.000 0.000 0.000 0.000 0.000 0.000 0.000 0.000 0.000 0.000 0.000 0.000 0.000 0.000 0.000 0.000 0.000 0.000 0.000 0.000 0.000 0.000 0.000 0.000 0.000 0.000 0.000 0.000 0.000 0.000 0.000 0.000 0.000 0.000 0.000 0.001 0.002
0.958 0.838 0.633 0.469 0.422 0.453 0.648 1.152 2.045 2.942 3.457 3.616 3.552 3.284 2.842 2.284 1.622 0.948 0.449 0.178 0.071 0.036 0.023 0.018 0.014 0.012 0.010 0.009 0.008 0.007 0.006 0.005 0.004 0.004 0.003 0.002 0.002 0.001 0.001 0.001 0.000 0.000 0.000 0.000 0.000 0.000 0.000 0.000 0.000 0.000 0.000 0.000 0.000 0.000 0.000 0.000 0.000 0.000 0.000 0.000 0.000 0.000 0.000 0.000 0.000 0.000 0.000 0.000 0.000 0.000 0.000 0.000 0.000 0.001 0.002 0.003 0.005
0.929 0.865 0.733 0.628 0.614 0.720 1.046 1.674 2.445 3.004 3.277 3.341 3.266 3.047 2.702 2.261 1.767 1.215 0.663 0.290 0.114 0.052 0.030 0.021 0.017 0.014 0.012 0.011 0.009 0.008 0.007 0.006 0.005 0.005 0.004 0.003 0.003 0.002 0.002 0.001 0.001 0.001 0.000 0.000 0.000 0.000 0.000 0.000 0.000 0.000 0.000 0.000 0.000 0.000 0.000 0.000 0.000 0.000 0.000 0.000 0.000 0.000 0.000 0.000 0.000 0.000 0.000 0.000 0.000 0.000 0.000 0.001 0.001 0.002 0.004 0.006 0.008
0.825 0.826 0.800 0.817 0.936 1.243 1.784 2.392 2.817 2.979 2.973 2.875 2.746 2.587 2.382 2.122 1.803 1.412 0.909 0.457 0.195 0.084 0.043 0.028 0.020 0.016 0.014 0.012 0.011 0.010 0.008 0.007 0.006 0.006 0.005 0.004 0.003 0.003 0.002 0.002 0.001 0.001 0.001 0.000 0.000 0.000 0.000 0.000 0.000 0.000 0.000 0.000 0.000 0.000 0.000 0.000 0.000 0.000 0.000 0.000 0.000 0.000 0.000 0.000 0.000 0.000 0.000 0.000 0.000 0.001 0.001 0.002 0.004 0.005 0.008 0.010 0.014
0.691 0.774 0.884 1.089 1.477 2.038 2.582 2.923 3.040 2.980 2.788 2.553 2.370 2.213 2.062 1.904 1.723 1.474 1.099 0.653 0.325 0.148 0.071 0.040 0.027 0.020 0.017 0.014 0.013 0.011 0.010 0.009 0.007 0.007 0.006 0.005 0.004 0.004 0.003 0.003 0.002 0.002 0.001 0.001 0.000 0.000 0.000 0.000 0.000 0.000 0.000 0.000 0.000 0.000 0.000 0.000 0.000 0.000 0.000 0.000 0.000 0.000 0.000 0.000 0.000 0.000 0.000 0.000 0.001 0.002 0.003 0.005 0.007 0.009 0.013 0.017 0.023
0.637 0.790 1.041 1.476 2.089 2.655 3.011 3.154 3.141 2.992 2.706 2.417 2.210 2.046 1.903 1.769 1.633 1.469 1.222 0.866 0.512 0.267 0.130 0.067 0.040 0.027 0.021 0.017 0.015 0.013 0.011 0.010 0.009 0.008 0.007 0.006 0.005 0.005 0.004 0.003 0.003 0.002 0.002 0.001 0.001 0.001 0.000 0.000 0.000 0.000 0.000 0.000 0.000 0.000 0.000 0.000 0.000 0.000 0.000 0.000 0.001 0.001 0.001 0.001 0.001 0.001 0.001 0.002 0.003 0.004 0.006 0.008 0.011 0.015 0.021 0.030 0.043
0.657 0.894 1.297 1.880 2.494 2.928 3.148 3.202 3.162 2.986 2.674 2.370 2.151 1.981 1.843 1.722 1.606 1.483 1.327 1.093 0.771 0.462 0.248 0.127 0.069 0.042 0.029 0.022 0.018 0.015 0.013 0.011 0.010 0.009 0.008 0.007 0.007 0.006 0.005 0.005 0.004 0.003 0.003 0.002 0.002 0.001 0.001 0.001 0.001 0.000 0.000 0.000 0.000 0.000 0.000 0.000 0.000 0.000 0.001 0.001 0.002 0.002 0.002 0.002 0.003 0.003 0.003 0.004 0.006 0.007 0.010 0.013 0.018 0.026 0.039 0.062 0.097
0.792 1.132 1.642 2.227 2.702 3.007 3.153 3.187 3.149 2.977 2.668 2.358 2.133 1.960 1.825 1.716 1.625 1.545 1.460 1.325 1.082 0.749 0.452 0.252 0.136 0.076 0.047 0.033 0.025 0.020 0.016 0.013 0.012 0.010 0.009 0.009 0.008 0.007 0.006 0.006 0.005 0.004 0.004 0.003 0.003 0.002 0.002 0.002 0.001 0.001 0.001 0.001 0.001 0.001 0.001 0.001 0.001 0.002 0.003 0.003 0.004 0.004 0.005 0.005 0.005 0.006 0.007 0.008 0.009 0.012 0.015 0.021 0.030 0.049 0.088 0.158 0.252
1.083 1.503 2.039 2.514 2.844 3.041 3.128 3.145 3.111 2.961 2.671 2.360 2.135 1.961 1.829 1.743 1.699 1.673 1.645 1.579 1.415 1.120 0.768 0.482 0.285 0.163 0.095 0.059 0.039 0.028 0.021 0.017 0.014 0.012 0.011 0.010 0.009 0.009 0.008 0.007 0.006 0.006 0.005 0.005 0.004 0.004 0.003 0.003 0.003 0.003 0.002 0.002 0.002 0.002 0.003 0.003 0.003 0.004 0.005 0.006 0.007 0.007 0.008 0.008 0.009 0.010 0.011 0.012 0.014 0.018 0.023 0.034 0.057 0.114 0.239 0.446 0.660
1.511 1.998 2.477 2.803 2.992 3.089 3.129 3.135 3.091 2.951 2.692 2.398 2.178 2.007 1.888 1.835 1.834 1.858 1.871 1.847 1.747 1.532 1.211 0.871 0.588 0.374 0.224 0.131 0.078 0.048 0.031 0.022 0.017 0.015 0.013 0.012 0.011 0.010 0.010 0.009 0.008 0.007 0.007 0.006 0.006 0.005 0.005 0.005 0.005 0.004 0.004 0.004 0.004 0.005 0.005 0.006 0.006 0.008 0.009 0.010 0.011 0.012 0.012 0.013 0.014 0.015 0.016 0.018 0.021 0.027 0.038 0.064 0.127 0.286 0.623 1.128 1.535
2.062 2.580 2.963 3.150 3.211 3.223 3.205 3.171 3.109 2.986 2.785 2.547 2.355 2.203 2.093 2.040 2.040 2.073 2.094 2.084 2.034 1.926 1.733 1.440 1.112 0.807 0.538 0.322 0.178 0.096 0.053 0.033 0.023 0.019 0.016 0.015 0.014 0.013 0.012 0.011 0.010 0.009 0.009 0.008 0.008 0.007 0.007 0.007 0.007 0.007 0.007 0.007 0.007 0.008 0.009 0.009 0.011 0.012 0.014 0.016 0.017 0.018 0.019 0.019 0.020 0.022 0.024 0.027 0.034 0.046 0.072 0.135 0.285 0.636 1.321 2.190 2.784
2.616 3.070 3.392 3.543 3.561 3.518 3.430 3.341 3.261 3.167 3.043 2.894 2.764 2.649 2.535 2.412 2.328 2.303 2.305 2.303 2.294 2.269 2.201 2.059 1.822 1.500 1.125 0.726 0.398 0.199 0.099 0.054 0.034 0.025 0.021 0.018 0.017 0.016 0.015 0.014 0.013 0.012 0.011 0.011 0.010 0.010 0.010 0.010 0.009 0.010 0.010 0.010 0.011 0.012 0.013 0.015 0.016 0.018 0.021 0.024 0.026 0.028 0.029 0.030 0.031 0.033 0.038 0.046 0.061 0.090 0.151 0.283 0.564 1.103 1.952 2.896 3.540
3.056 3.417 3.679 3.819 3.858 3.840 3.769 3.697 3.645 3.592 3.541 3.486 3.437 3.368 3.225 2.957 2.689 2.550 2.517 2.524 2.548 2.575 2.595 2.574 2.502 2.320 1.959 1.391 0.775 0.382 0.183 0.095 0.056 0.038 0.029 0.024 0.022 0.020 0.019 0.018 0.017 0.016 0.014 0.014 0.013 0.013 0.013 0.013 0.013 0.013 0.014 0.015 0.016 0.018 0.020 0.023 0.026 0.029 0.034 0.039 0.044 0.047 0.049 0.051 0.054 0.060 0.073 0.095 0.134 0.203 0.324 0.545 0.920 1.466 2.221 3.101 3.730
3.367 3.634 3.823 3.932 3.986 4.017 4.078 4.201 4.271 4.283 4.287 4.269 4.201 4.072 3.841 3.455 3.055 2.819 2.742 2.748 2.792 2.870 2.982 3.061 3.083 3.015 2.742 2.154 1.303 0.659 0.321 0.165 0.093 0.060 0.043 0.034 0.030 0.027 0.026 0.025 0.023 0.021 0.019 0.018 0.017 0.016 0.016 0.016 0.017 0.017 0.019 0.021 0.023 0.027 0.032 0.038 0.044 0.052 0.061 0.073 0.084 0.092 0.098 0.104 0.114 0.134 0.170 0.231 0.325 0.456 0.641 0.903 1.225 1.621 2.226 3.009 3.562
3.530 3.726 3.860 3.953 4.030 4.133 4.360 4.734 4.947 4.988 4.957 4.858 4.700 4.488 4.190 3.781 3.374 3.106 2.992 2.981 3.032 3.179 3.411 3.572 3.628 3.591 3.333 2.736 1.816 1.013 0.528 0.280 0.158 0.098 0.067 0.052 0.045 0.041 0.040 0.039 0.036 0.032 0.028 0.024 0.022 0.022 0.021 0.021 0.022 0.024 0.027 0.031 0.038 0.048 0.059 0.073 0.088 0.108 0.136 0.166 0.191 0.212 0.232 0.254 0.287 0.344 0.438 0.579 0.746 0.915 1.075 1.223 1.373 1.616 2.053 2.557 2.863
3.559 3.727 3.845 3.942 4.057 4.260 4.675 5.167 5.405 5.433 5.338 5.142 4.913 4.659 4.335 3.969 3.641 3.393 3.264 3.238 3.305 3.569 3.941 4.139 4.183 4.094 3.763 3.114 2.189 1.373 0.809 0.462 0.268 0.166 0.113 0.087 0.076 0.072 0.073 0.073 0.069 0.061 0.047 0.038 0.033 0.030 0.029 0.029 0.031 0.034 0.042 0.057 0.078 0.104 0.132 0.163 0.202 0.263 0.349 0.425 0.482 0.532 0.582 0.646 0.740 0.877 1.059 1.258 1.410 1.480 1.454 1.397 1.392 1.470 1.612 1.702 1.667
3.420 3.605 3.746 3.884 4.072 4.419 4.983 5.443 5.626 5.619 5.469 5.217 4.962 4.696 4.369 4.069 3.843 3.667 3.566 3.559 3.712 4.160 4.627 4.792 4.756 4.526 4.048 3.293 2.405 1.686 1.146 0.742 0.463 0.295 0.204 0.162 0.149 0.149 0.163 0.170 0.166 0.144 0.103 0.072 0.055 0.047 0.045 0.044 0.047 0.057 0.081 0.128 0.194 0.258 0.322 0.390 0.483 0.638 0.842 0.999 1.108 1.189 1.269 1.383 1.562 1.768 1.916 1.980 1.957 1.852 1.665 1.452 1.286 1.143 1.011 0.892 0.773
2.886 3.177 3.437 3.696 4.012 4.500 5.125 5.536 5.671 5.639 5.473 5.219 4.967 4.699 4.372 4.125 3.986 3.920 3.911 4.005 4.325 4.870 5.235 5.315 5.208 4.850 4.210 3.327 2.509 1.899 1.429 1.055 0.755 0.533 0.395 0.332 0.319 0.343 0.417 0.454 0.447 0.388 0.270 0.167 0.113 0.088 0.078 0.077 0.084 0.112 0.189 0.337 0.508 0.639 0.749 0.861 1.021 1.299 1.585 1.741 1.811 1.852 1.900 2.003 2.190 2.358 2.413 2.368 2.227 2.005 1.725 1.402 1.063 0.778 0.580 0.446 0.353
1.834 2.285 2.738 3.198 3.715 4.384 5.069 5.486 5.606 5.563 5.411 5.194 4.963 4.694 4.371 4.165 4.092 4.106 4.209 4.432 4.831 5.303 5.538 5.572 5.440 5.021 4.269 3.303 2.540 1.992 1.571 1.236 0.978 0.795 0.685 0.638 0.649 0.767 0.975 1.073 1.066 0.944 0.681 0.413 0.260 0.185 0.156 0.152 0.170 0.255 0.471 0.836 1.168 1.379 1.514 1.622 1.753 1.941 2.098 2.157 2.149 2.134 2.146 2.221 2.387 2.520 2.542 2.468 2.285 2.020 1.685 1.255 0.824 0.522 0.343 0.241 0.182
0.800 1.149 1.616 2.225 2.947 3.812 4.636 5.155 5.351 5.354 5.273 5.130 4.945 4.684 4.367 4.192 4.162 4.221 4.394 4.671 5.049 5.407 5.581 5.601 5.470 5.035 4.214 3.208 2.484 1.978 1.587 1.282 1.061 0.926 0.870 0.872 0.960 1.215 1.538 1.683 1.683 1.546 1.232 0.838 0.560 0.401 0.332 0.321 0.370 0.589 1.081 1.715 2.165 2.373 2.425 2.403 2.334 2.302 2.296 2.261 2.200 2.149 2.138 2.180 2.305 2.419 2.443 2.385 2.209 1.921 1.520 1.016 0.601 0.347 0.212 0.145 0.110
0.274 0.438 0.692 1.092 1.722 2.631 3.622 4.383 4.821 5.003 5.050 5.005 4.887 4.655 4.352 4.203 4.192 4.276 4.456 4.714 5.002 5.216 5.310 5.307 5.154 4.690 3.826 2.838 2.172 1.748 1.442 1.207 1.040 0.944 0.918 0.952 1.097 1.417 1.765 1.924 1.934 1.813 1.527 1.139 0.855 0.689 0.619 0.615 0.738 1.157 1.894 2.546 2.895 3.010 2.997 2.886 2.670 2.456 2.316 2.200 2.069 1.958 1.892 1.875 1.917 1.983 2.015 1.995 1.871 1.606 1.184 0.710 0.395 0.224 0.138 0.097 0.077
0.092 0.145 0.238 0.409 0.723 1.261 2.087 3.052 3.877 4.392 4.662 4.748 4.709 4.544 4.292 4.179 4.186 4.275 4.400 4.510 4.528 4.463 4.375 4.258 4.029 3.544 2.743 1.939 1.436 1.163 1.011 0.916 0.857 0.838 0.860 0.930 1.103 1.434 1.766 1.923 1.941 1.838 1.585 1.236 0.985 0.852 0.814 0.846 1.053 1.584 2.373 2.923 3.172 3.229 3.199 3.065 2.805 2.487 2.200 1.935 1.679 1.465 1.315 1.234 1.208 1.215 1.237 1.244 1.194 1.024 0.719 0.417 0.239 0.143 0.094 0.071 0.061
0.039 0.054 0.082 0.133 0.239 0.456 0.859 1.501 2.366 3.247 3.865 4.166 4.250 4.202 4.085 4.033 4.050 4.091 4.034 3.807 3.397 2.985 2.657 2.384 2.094 1.721 1.244 0.846 0.617 0.511 0.473 0.467 0.491 0.546 0.633 0.758 0.959 1.273 1.552 1.690 1.712 1.647 1.467 1.196 0.992 0.895 0.881 0.944 1.191 1.732 2.465 2.938 3.132 3.168 3.142 3.026 2.774 2.375 1.892 1.452 1.093 0.846 0.697 0.621 0.595 0.592 0.595 0.594 0.573 0.502 0.363 0.224 0.141 0.094 0.070 0.058 0.053
0.022 0.027 0.036 0.051 0.080 0.141 0.272 0.531 0.980 1.676 2.449 3.029 3.339 3.476 3.537 3.559 3.552 3.438 3.079 2.436 1.792 1.367 1.104 0.919 0.757 0.589 0.410 0.281 0.212 0.187 0.183 0.190 0.212 0.254 0.322 0.433 0.613 0.853 1.031 1.122 1.148 1.134 1.072 0.956 0.871 0.840 0.859 0.948 1.195 1.674 2.235 2.568 2.693 2.722 2.715 2.650 2.437 2.001 1.398 0.935 0.647 0.469 0.364 0.311 0.290 0.284 0.280 0.274 0.261 0.231 0.177 0.122 0.088 0.067 0.056 0.051 0.048
0.014 0.017 0.021 0.026 0.035 0.051 0.084 0.152 0.299 0.591 1.054 1.558 1.975 2.291 2.482 2.542 2.475 2.180 1.644 1.059 0.688 0.482 0.369 0.298 0.239 0.182 0.132 0.097 0.080 0.076 0.077 0.081 0.092 0.111 0.144 0.197 0.286 0.403 0.479 0.517 0.533 0.536 0.535 0.534 0.563 0.619 0.701 0.825 1.026 1.299 1.530 1.642 1.689 1.725 1.764 1.766 1.654 1.326 0.870 0.569 0.389 0.278 0.210 0.174 0.157 0.149 0.143 0.136 0.127 0.113 0.093 0.074 0.062 0.054 0.049 0.047 0.047
0.010 0.012 0.014 0.017 0.020 0.025 0.035 0.052 0.087 0.169 0.337 0.595 0.874 1.104 1.241 1.269 1.202 0.981 0.639 0.369 0.227 0.161 0.127 0.105 0.087 0.070 0.056 0.046 0.042 0.041 0.042 0.044 0.048 0.056 0.069 0.089 0.125 0.169 0.196 0.208 0.214 0.218 0.225 0.238 0.266 0.318 0.403 0.512 0.603 0.659 0.682 0.694 0.707 0.736 0.790 0.825 0.809 0.695 0.496 0.343 0.244 0.178 0.135 0.110 0.097 0.089 0.083 0.077 0.071 0.065 0.059 0.054 0.051 0.048 0.047 0.046 0.046
0.007 0.008 0.010 0.012 0.014 0.016 0.020 0.025 0.035 0.056 0.101 0.186 0.311 0.420 0.478 0.488 0.455 0.360 0.218 0.127 0.084 0.065 0.055 0.049 0.044 0.039 0.034 0.031 0.029 0.029 0.029 0.030 0.032 0.035 0.040 0.048 0.061 0.076 0.085 0.089 0.092 0.094 0.098 0.106 0.120 0.143 0.181 0.223 0.245 0.252 0.254 0.257 0.262 0.276 0.307 0.341 0.353 0.336 0.280 0.215 0.163 0.123 0.095 0.077 0.068 0.061 0.056 0.051 0.048 0.046 0.046 0.046 0.047 0.047 0.047 0.047 0.047
0.005 0.006 0.007 0.008 0.010 0.011 0.013 0.016 0.020 0.026 0.039 0.064 0.106 0.143 0.161 0.164 0.156 0.127 0.081 0.054 0.041 0.035 0.033 0.031 0.030 0.029 0.026 0.025 0.024 0.024 0.024 0.024 0.025 0.026 0.029 0.032 0.037 0.042 0.045 0.047 0.048 0.049 0.051 0.055 0.060 0.068 0.081 0.092 0.097 0.099 0.101 0.103 0.106 0.112 0.125 0.148 0.164 0.170 0.163 0.143 0.117 0.091 0.072 0.060 0.052 0.047 0.043 0.040 0.039 0.039 0.041 0.044 0.046 0.047 0.047 0.048 0.049
0.003 0.004 0.005 0.006 0.007 0.008 0.010 0.011 0.013 0.016 0.021 0.029 0.043 0.055 0.060 0.061 0.059 0.052 0.038 0.030 0.026 0.024 0.024 0.024 0.024 0.023 0.022 0.021 0.021 0.021 0.021 0.021 0.021 0.022 0.023 0.024 0.027 0.028 0.029 0.030 0.031 0.032 0.033 0.034 0.037 0.040 0.044 0.046 0.048 0.049 0.050 0.052 0.055 0.058 0.064 0.075 0.090 0.100 0.103 0.100 0.088 0.072 0.059 0.049 0.043 0.039 0.037 0.035 0.035 0.036 0.040 0.043 0.046 0.048 0.049 0.051 0.054
0.001 0.002 0.003 0.004 0.005 0.006 0.007 0.008 0.010 0.012 0.014 0.018 0.023 0.027 0.029 0.029 0.029 0.027 0.023 0.020 0.019 0.019 0.019 0.019 0.019 0.019 0.019 0.019 0.018 0.018 0.018 0.019 0.019 0.019 0.020 0.020 0.022 0.022 0.023 0.023 0.023 0.024 0.025 0.026 0.027 0.029 0.030 0.031 0.032 0.032 0.034 0.036 0.038 0.041 0.044 0.050 0.060 0.070 0.074 0.074 0.069 0.059 0.050 0.043 0.038 0.035 0.034 0.034 0.034 0.036 0.040 0.044 0.047 0.051 0.054 0.059 0.066
