RESULTS/r.avaflow_results/14_results/14_ascii/14_hflow0033.asc
ncols 506
nrows 317
xllcenter 498237.50
yllcenter 5580050.00
cellsize 12.50
NODATA_value -9999.000
[rows 170 to 203 of 317, columns 154 to 230 of 506]
31.704 29.871 28.300 26.633 25.073 23.594 22.275 21.230 20.486 19.827 19.143 18.345 17.446 16.515 15.585 14.661 13.700 12.697 11.676 10.676 9.690 8.657 7.550 6.534 5.707 5.077 4.672 4.449 4.329 4.254 4.202 4.157 4.109 4.038 3.938 3.869 3.842 3.799 3.692 3.468 3.150 2.925 2.775 2.634 2.461 2.223 1.896 1.517 1.171 0.855 0.594 0.419 0.316 0.255 0.218 0.194 0.180 0.175 0.179 0.185 0.189 0.191 0.193 0.196 0.201 0.210 0.235 0.306 0.497 0.929 1.491 1.788 1.854 1.770 1.442 0.913 0.506
34.291 32.576 31.033 29.322 27.699 26.052 24.546 23.380 22.496 21.866 21.307 20.650 19.873 18.993 18.000 17.009 15.976 14.866 13.659 12.389 11.096 9.801 8.465 7.219 6.198 5.391 4.826 4.512 4.399 4.392 4.445 4.484 4.471 4.398 4.240 4.081 3.967 3.858 3.711 3.459 3.114 2.857 2.664 2.471 2.238 1.911 1.453 0.967 0.595 0.365 0.241 0.173 0.137 0.119 0.110 0.108 0.110 0.117 0.126 0.132 0.134 0.133 0.130 0.128 0.129 0.132 0.148 0.196 0.322 0.613 1.123 1.533 1.695 1.707 1.593 1.261 0.801
36.410 35.111 33.681 32.037 30.408 28.637 26.995 25.730 24.677 23.932 23.425 22.901 22.294 21.588 20.655 19.600 18.497 17.339 16.032 14.604 13.081 11.505 9.884 8.317 6.985 5.900 5.082 4.584 4.392 4.374 4.453 4.542 4.548 4.479 4.303 4.098 3.946 3.794 3.595 3.277 2.844 2.479 2.177 1.883 1.551 1.135 0.702 0.394 0.226 0.142 0.099 0.077 0.067 0.062 0.062 0.065 0.072 0.084 0.094 0.098 0.099 0.096 0.092 0.089 0.088 0.089 0.098 0.128 0.208 0.393 0.762 1.236 1.541 1.647 1.647 1.521 1.187
38.124 37.047 35.593 34.095 32.475 30.696 29.026 27.698 26.520 25.697 25.242 24.824 24.388 23.852 23.057 22.066 20.948 19.797 18.525 17.106 15.512 13.760 11.889 9.975 8.235 6.773 5.620 4.831 4.412 4.282 4.323 4.422 4.449 4.400 4.244 4.005 3.782 3.563 3.285 2.841 2.232 1.689 1.262 0.934 0.664 0.421 0.244 0.141 0.087 0.061 0.047 0.041 0.038 0.038 0.040 0.044 0.052 0.063 0.071 0.074 0.074 0.072 0.067 0.065 0.064 0.065 0.070 0.089 0.136 0.245 0.470 0.880 1.338 1.578 1.638 1.610 1.453
38.817 38.151 36.833 35.481 33.881 32.174 30.580 29.259 27.972 27.039 26.623 26.355 26.046 25.614 25.009 24.159 23.089 21.953 20.741 19.391 17.857 16.105 14.136 11.963 9.794 7.943 6.448 5.326 4.584 4.187 4.044 4.065 4.111 4.104 3.975 3.695 3.381 3.072 2.683 2.063 1.339 0.825 0.523 0.344 0.225 0.141 0.087 0.056 0.041 0.032 0.028 0.027 0.026 0.027 0.028 0.032 0.039 0.049 0.055 0.057 0.057 0.055 0.052 0.050 0.050 0.051 0.055 0.066 0.093 0.154 0.284 0.549 1.025 1.440 1.597 1.609 1.544
39.210 38.643 37.377 36.184 34.724 33.175 31.696 30.403 29.068 28.065 27.656 27.441 27.172 26.837 26.341 25.645 24.718 23.635 22.499 21.204 19.682 17.900 15.836 13.456 10.933 8.795 7.092 5.789 4.835 4.196 3.838 3.695 3.651 3.583 3.366 2.994 2.607 2.205 1.700 1.100 0.619 0.341 0.198 0.124 0.081 0.055 0.039 0.029 0.024 0.022 0.021 0.020 0.021 0.021 0.023 0.026 0.031 0.038 0.044 0.046 0.046 0.045 0.043 0.043 0.043 0.044 0.047 0.054 0.070 0.104 0.180 0.345 0.692 1.189 1.483 1.560 1.542
38.973 38.161 37.123 35.973 34.807 33.458 32.088 30.874 29.610 28.636 28.267 28.154 27.907 27.567 27.082 26.470 25.670 24.662 23.579 22.331 20.811 18.978 16.819 14.273 11.520 9.210 7.399 6.023 4.992 4.239 3.732 3.410 3.140 2.792 2.306 1.823 1.441 1.106 0.762 0.446 0.243 0.133 0.078 0.051 0.036 0.028 0.022 0.019 0.018 0.017 0.017 0.017 0.017 0.018 0.019 0.021 0.025 0.030 0.035 0.038 0.039 0.039 0.039 0.039 0.040 0.041 0.043 0.048 0.058 0.079 0.126 0.229 0.450 0.874 1.269 1.440 1.479
38.426 37.668 36.816 35.683 34.613 33.300 31.993 30.826 29.662 28.792 28.463 28.348 28.148 27.904 27.461 26.830 26.035 25.043 23.957 22.724 21.212 19.344 17.121 14.489 11.656 9.297 7.464 6.081 5.041 4.238 3.595 3.018 2.382 1.701 1.126 0.771 0.557 0.400 0.261 0.155 0.091 0.055 0.037 0.027 0.021 0.018 0.016 0.015 0.014 0.014 0.014 0.014 0.014 0.015 0.016 0.018 0.021 0.024 0.028 0.032 0.034 0.035 0.036 0.037 0.038 0.040 0.042 0.046 0.052 0.067 0.097 0.164 0.305 0.585 0.971 1.237 1.354
37.677 37.076 36.169 35.241 34.264 32.965 31.712 30.470 29.270 28.401 28.088 28.028 27.889 27.681 27.235 26.596 25.813 24.827 23.732 22.526 21.048 19.183 16.941 14.290 11.483 9.155 7.345 5.975 4.918 4.021 3.164 2.260 1.389 0.760 0.414 0.251 0.172 0.122 0.084 0.056 0.038 0.028 0.022 0.018 0.015 0.014 0.012 0.012 0.012 0.012 0.012 0.012 0.012 0.013 0.014 0.015 0.017 0.020 0.023 0.027 0.030 0.033 0.034 0.036 0.037 0.039 0.041 0.044 0.050 0.060 0.081 0.126 0.217 0.393 0.679 0.973 1.166
36.621 35.976 35.190 34.324 33.394 32.175 30.979 29.729 28.542 27.592 27.213 27.184 27.094 26.851 26.300 25.627 24.814 23.807 22.694 21.509 20.084 18.268 16.058 13.479 10.859 8.667 6.876 5.429 4.236 3.154 2.113 1.196 0.580 0.263 0.129 0.079 0.057 0.043 0.033 0.026 0.021 0.017 0.015 0.013 0.012 0.011 0.010 0.009 0.009 0.009 0.009 0.010 0.010 0.011 0.012 0.014 0.015 0.017 0.020 0.023 0.026 0.030 0.033 0.035 0.037 0.039 0.041 0.044 0.048 0.056 0.072 0.103 0.164 0.279 0.467 0.713 0.926
35.461 34.710 34.115 33.242 32.358 31.295 30.191 28.935 27.711 26.592 25.990 25.878 25.793 25.469 24.840 24.111 23.189 22.127 20.953 19.739 18.312 16.529 14.381 12.009 9.746 7.739 5.853 4.136 2.716 1.630 0.873 0.416 0.183 0.083 0.045 0.032 0.025 0.022 0.019 0.016 0.014 0.013 0.011 0.010 0.009 0.008 0.008 0.007 0.007 0.007 0.008 0.008 0.009 0.011 0.012 0.013 0.014 0.016 0.018 0.020 0.024 0.028 0.031 0.034 0.037 0.039 0.042 0.044 0.048 0.054 0.067 0.090 0.133 0.210 0.337 0.516 0.708
34.081 33.294 32.717 31.934 31.109 30.140 29.178 28.037 26.798 25.637 24.741 24.335 24.175 23.809 23.164 22.384 21.346 20.136 18.814 17.467 15.912 14.045 11.892 9.833 7.969 6.102 4.027 2.248 1.121 0.535 0.247 0.114 0.056 0.031 0.022 0.018 0.016 0.014 0.013 0.012 0.010 0.009 0.008 0.008 0.007 0.006 0.006 0.006 0.006 0.006 0.007 0.008 0.010 0.011 0.013 0.014 0.015 0.017 0.018 0.020 0.023 0.026 0.030 0.034 0.037 0.040 0.042 0.045 0.048 0.054 0.065 0.085 0.119 0.176 0.264 0.392 0.548
32.664 31.744 31.065 30.349 29.654 28.840 28.038 27.023 25.908 24.805 23.687 22.859 22.346 21.851 21.168 20.298 19.124 17.744 16.284 14.745 12.845 10.495 8.191 6.412 4.874 3.285 1.756 0.772 0.309 0.132 0.064 0.036 0.023 0.017 0.014 0.012 0.011 0.010 0.009 0.009 0.008 0.007 0.006 0.006 0.005 0.005 0.005 0.005 0.005 0.005 0.007 0.009 0.013 0.015 0.017 0.018 0.019 0.019 0.020 0.021 0.023 0.026 0.030 0.035 0.038 0.041 0.044 0.047 0.050 0.055 0.066 0.085 0.116 0.164 0.231 0.324 0.441
31.299 30.288 29.573 28.805 28.146 27.416 26.768 25.874 24.879 23.846 22.673 21.544 20.651 19.846 18.873 17.738 16.340 14.779 13.008 10.897 8.385 5.865 3.983 2.731 1.776 0.984 0.435 0.163 0.068 0.036 0.023 0.017 0.014 0.012 0.010 0.009 0.008 0.008 0.007 0.006 0.006 0.005 0.005 0.004 0.004 0.004 0.004 0.004 0.005 0.007 0.010 0.016 0.021 0.024 0.026 0.027 0.026 0.025 0.024 0.025 0.026 0.028 0.032 0.036 0.040 0.044 0.047 0.051 0.054 0.060 0.071 0.089 0.119 0.164 0.221 0.292 0.380
30.213 29.032 28.053 27.151 26.428 25.743 25.087 24.364 23.542 22.611 21.450 20.158 18.992 17.867 16.558 15.028 13.215 11.085 8.615 5.972 3.665 2.080 1.176 0.681 0.370 0.175 0.075 0.036 0.022 0.016 0.013 0.011 0.009 0.008 0.008 0.007 0.006 0.006 0.005 0.005 0.004 0.004 0.004 0.003 0.003 0.003 0.004 0.005 0.008 0.014 0.024 0.035 0.043 0.048 0.049 0.047 0.042 0.037 0.033 0.032 0.032 0.033 0.036 0.040 0.045 0.051 0.056 0.061 0.066 0.073 0.085 0.104 0.133 0.172 0.223 0.284 0.355
28.909 27.594 26.398 25.297 24.385 23.602 22.891 22.327 21.627 20.815 19.753 18.407 16.957 15.332 13.495 11.471 9.148 6.392 3.779 1.899 0.882 0.428 0.227 0.125 0.067 0.036 0.022 0.015 0.012 0.010 0.009 0.008 0.007 0.006 0.006 0.005 0.005 0.004 0.004 0.004 0.004 0.003 0.003 0.003 0.004 0.005 0.007 0.011 0.022 0.042 0.070 0.093 0.106 0.110 0.104 0.089 0.072 0.060 0.052 0.047 0.045 0.045 0.047 0.051 0.058 0.067 0.076 0.084 0.091 0.101 0.114 0.133 0.159 0.191 0.233 0.287 0.353
27.501 26.008 24.629 23.320 22.226 21.214 20.306 19.634 18.916 18.142 17.132 15.681 13.760 11.171 8.497 6.098 3.939 2.103 0.914 0.345 0.146 0.078 0.047 0.030 0.020 0.015 0.012 0.010 0.008 0.007 0.006 0.006 0.005 0.005 0.004 0.004 0.004 0.004 0.004 0.004 0.004 0.004 0.005 0.006 0.008 0.011 0.019 0.038 0.076 0.137 0.196 0.234 0.247 0.236 0.201 0.158 0.126 0.105 0.091 0.082 0.077 0.074 0.075 0.080 0.091 0.106 0.119 0.128 0.137 0.145 0.155 0.169 0.189 0.216 0.254 0.307 0.377
25.755 24.081 22.549 21.057 19.706 18.431 17.269 16.204 15.079 13.899 12.526 10.674 8.232 5.470 3.286 1.866 0.957 0.420 0.158 0.064 0.035 0.023 0.018 0.014 0.011 0.010 0.008 0.007 0.006 0.006 0.005 0.005 0.005 0.004 0.005 0.005 0.005 0.005 0.006 0.007 0.008 0.010 0.012 0.017 0.024 0.039 0.072 0.144 0.257 0.371 0.450 0.480 0.445 0.369 0.296 0.241 0.203 0.178 0.161 0.148 0.138 0.133 0.134 0.143 0.158 0.173 0.182 0.184 0.183 0.182 0.184 0.189 0.204 0.234 0.287 0.365 0.468
23.644 21.876 20.257 18.688 17.165 15.576 13.948 12.230 10.308 8.382 6.606 4.854 3.120 1.736 0.872 0.421 0.204 0.099 0.050 0.029 0.019 0.014 0.012 0.010 0.008 0.007 0.007 0.006 0.006 0.006 0.006 0.006 0.007 0.007 0.008 0.010 0.011 0.013 0.016 0.021 0.026 0.034 0.045 0.064 0.093 0.153 0.275 0.466 0.654 0.763 0.777 0.690 0.556 0.435 0.351 0.297 0.265 0.244 0.228 0.214 0.202 0.198 0.204 0.216 0.224 0.226 0.223 0.216 0.206 0.196 0.193 0.194 0.207 0.240 0.316 0.452 0.641
21.262 19.607 18.001 16.397 14.725 12.828 10.639 8.210 5.924 4.074 2.667 1.618 0.889 0.458 0.240 0.140 0.091 0.062 0.041 0.027 0.018 0.013 0.010 0.009 0.008 0.007 0.007 0.008 0.009 0.011 0.013 0.015 0.018 0.022 0.027 0.033 0.040 0.050 0.063 0.080 0.101 0.132 0.180 0.248 0.349 0.526 0.808 1.072 1.186 1.137 0.973 0.767 0.591 0.465 0.379 0.326 0.295 0.275 0.260 0.246 0.234 0.232 0.242 0.252 0.252 0.245 0.235 0.224 0.210 0.195 0.188 0.188 0.198 0.232 0.317 0.481 0.732
18.573 16.956 15.452 13.811 11.832 9.411 6.713 4.297 2.591 1.483 0.836 0.488 0.304 0.205 0.148 0.113 0.090 0.072 0.055 0.038 0.026 0.018 0.014 0.012 0.012 0.013 0.016 0.021 0.028 0.035 0.044 0.055 0.069 0.086 0.105 0.127 0.159 0.201 0.250 0.305 0.379 0.483 0.618 0.781 0.989 1.265 1.524 1.620 1.539 1.312 1.023 0.782 0.606 0.481 0.396 0.340 0.304 0.281 0.265 0.252 0.242 0.240 0.250 0.256 0.253 0.243 0.231 0.217 0.198 0.176 0.163 0.160 0.166 0.195 0.279 0.450 0.719
15.545 13.829 11.987 9.736 7.198 4.731 2.787 1.517 0.787 0.437 0.294 0.240 0.215 0.189 0.161 0.144 0.133 0.119 0.096 0.067 0.046 0.034 0.028 0.027 0.029 0.038 0.054 0.077 0.104 0.134 0.168 0.214 0.270 0.330 0.395 0.474 0.580 0.697 0.813 0.937 1.101 1.295 1.478 1.625 1.751 1.869 1.927 1.861 1.654 1.341 1.026 0.788 0.613 0.489 0.404 0.346 0.306 0.281 0.262 0.248 0.237 0.233 0.235 0.234 0.226 0.213 0.199 0.181 0.155 0.128 0.112 0.106 0.107 0.124 0.186 0.334 0.589
11.464 9.259 6.891 4.616 2.775 1.492 0.754 0.398 0.257 0.216 0.213 0.224 0.239 0.246 0.246 0.245 0.238 0.216 0.175 0.126 0.094 0.077 0.071 0.075 0.096 0.141 0.209 0.294 0.387 0.489 0.608 0.752 0.902 1.042 1.183 1.350 1.552 1.739 1.892 2.017 2.118 2.163 2.165 2.144 2.123 2.096 2.036 1.895 1.658 1.339 1.027 0.790 0.615 0.491 0.406 0.347 0.303 0.268 0.239 0.215 0.195 0.181 0.172 0.162 0.152 0.140 0.128 0.110 0.089 0.071 0.062 0.058 0.058 0.063 0.090 0.168 0.334
6.814 4.699 2.898 1.571 0.770 0.390 0.245 0.202 0.195 0.210 0.242 0.294 0.358 0.405 0.429 0.434 0.424 0.386 0.315 0.244 0.203 0.187 0.193 0.238 0.343 0.513 0.736 0.977 1.212 1.449 1.700 1.962 2.207 2.419 2.604 2.784 2.928 2.982 2.942 2.845 2.713 2.556 2.407 2.292 2.202 2.124 2.031 1.881 1.652 1.340 1.029 0.789 0.611 0.485 0.396 0.330 0.273 0.219 0.170 0.132 0.106 0.089 0.081 0.077 0.073 0.068 0.063 0.055 0.046 0.039 0.035 0.034 0.033 0.035 0.044 0.072 0.137
3.701 2.132 1.097 0.541 0.307 0.225 0.202 0.206 0.231 0.285 0.370 0.485 0.602 0.684 0.725 0.734 0.722 0.671 0.572 0.481 0.444 0.454 0.549 0.763 1.101 1.540 2.020 2.468 2.864 3.202 3.492 3.732 3.893 3.982 4.022 4.004 3.915 3.752 3.510 3.216 2.911 2.639 2.435 2.298 2.197 2.105 1.999 1.842 1.612 1.305 0.997 0.755 0.573 0.441 0.342 0.262 0.190 0.126 0.081 0.054 0.040 0.034 0.033 0.034 0.035 0.034 0.032 0.030 0.027 0.024 0.023 0.022 0.022 0.023 0.026 0.036 0.057
1.925 1.018 0.543 0.342 0.265 0.239 0.247 0.286 0.359 0.469 0.615 0.798 0.967 1.086 1.152 1.174 1.166 1.116 1.013 0.939 0.943 1.086 1.439 1.994 2.685 3.424 4.086 4.557 4.831 4.963 5.018 5.029 5.012 4.957 4.852 4.683 4.447 4.142 3.775 3.354 2.961 2.642 2.412 2.255 2.125 1.988 1.826 1.621 1.363 1.067 0.800 0.593 0.435 0.314 0.219 0.144 0.087 0.050 0.030 0.020 0.016 0.016 0.016 0.018 0.019 0.019 0.019 0.018 0.017 0.016 0.016 0.016 0.016 0.016 0.018 0.022 0.030
1.024 0.615 0.426 0.344 0.317 0.332 0.382 0.469 0.595 0.761 0.972 1.224 1.451 1.619 1.728 1.781 1.795 1.773 1.716 1.710 1.864 2.303 3.061 3.954 4.742 5.358 5.794 6.014 6.058 5.977 5.844 5.702 5.569 5.424 5.244 5.016 4.723 4.358 3.916 3.419 2.980 2.618 2.326 2.081 1.845 1.597 1.328 1.054 0.798 0.578 0.415 0.297 0.211 0.145 0.094 0.057 0.032 0.019 0.012 0.010 0.009 0.009 0.010 0.011 0.012 0.012 0.012 0.012 0.012 0.012 0.012 0.012 0.012 0.012 0.013 0.015 0.019
0.694 0.535 0.456 0.433 0.458 0.521 0.619 0.755 0.933 1.159 1.436 1.759 2.051 2.285 2.459 2.571 2.635 2.680 2.721 2.858 3.258 3.955 4.816 5.575 6.146 6.520 6.697 6.718 6.642 6.485 6.273 6.043 5.838 5.647 5.446 5.210 4.900 4.490 3.986 3.445 2.960 2.511 2.077 1.659 1.270 0.928 0.657 0.460 0.320 0.224 0.159 0.114 0.081 0.056 0.036 0.022 0.013 0.009 0.007 0.006 0.006 0.006 0.007 0.008 0.008 0.008 0.008 0.008 0.008 0.008 0.008 0.008 0.008 0.009 0.010 0.011 0.013
0.644 0.588 0.582 0.620 0.697 0.808 0.954 1.139 1.371 1.660 2.000 2.358 2.674 2.947 3.168 3.339 3.470 3.602 3.749 4.015 4.498 5.163 5.854 6.406 6.810 7.021 7.058 7.026 6.946 6.801 6.564 6.255 5.984 5.768 5.564 5.327 4.993 4.543 3.996 3.385 2.759 2.149 1.559 1.051 0.683 0.441 0.287 0.194 0.137 0.099 0.072 0.053 0.038 0.027 0.018 0.012 0.008 0.006 0.005 0.004 0.004 0.004 0.005 0.005 0.005 0.005 0.005 0.005 0.005 0.005 0.005 0.006 0.006 0.006 0.007 0.008 0.009
0.703 0.727 0.797 0.905 1.037 1.196 1.388 1.622 1.900 2.216 2.555 2.881 3.183 3.463 3.703 3.912 4.092 4.278 4.482 4.787 5.226 5.762 6.273 6.693 7.004 7.174 7.226 7.224 7.174 7.035 6.766 6.381 6.035 5.793 5.581 5.332 4.972 4.477 3.838 3.063 2.246 1.521 0.961 0.595 0.372 0.242 0.166 0.119 0.089 0.067 0.051 0.038 0.028 0.021 0.015 0.011 0.008 0.006 0.004 0.004 0.003 0.003 0.003 0.003 0.003 0.003 0.003 0.003 0.003 0.003 0.003 0.003 0.004 0.004 0.004 0.005 0.006
0.817 0.939 1.115 1.298 1.485 1.688 1.912 2.157 2.419 2.704 3.002 3.290 3.566 3.830 4.073 4.305 4.521 4.740 4.970 5.248 5.603 6.016 6.411 6.759 7.044 7.242 7.346 7.370 7.336 7.185 6.873 6.426 6.000 5.653 5.328 4.972 4.527 3.951 3.218 2.339 1.527 0.947 0.586 0.375 0.257 0.186 0.139 0.106 0.081 0.063 0.048 0.036 0.027 0.020 0.015 0.010 0.008 0.006 0.004 0.003 0.002 0.002 0.002 0.002 0.002 0.002 0.002 0.002 0.002 0.002 0.002 0.002 0.002 0.002 0.003 0.003 0.004
0.989 1.277 1.572 1.810 2.018 2.213 2.406 2.614 2.844 3.092 3.339 3.582 3.821 4.061 4.298 4.552 4.796 5.039 5.277 5.529 5.817 6.138 6.458 6.763 7.041 7.262 7.397 7.436 7.405 7.245 6.903 6.403 5.824 5.219 4.591 3.987 3.390 2.756 2.067 1.398 0.908 0.595 0.405 0.292 0.221 0.171 0.134 0.104 0.081 0.063 0.048 0.036 0.027 0.020 0.015 0.011 0.008 0.005 0.004 0.003 0.002 0.001 0.001 0.001 0.001 0.000 0.000 0.000 0.000 0.000 0.001 0.001 0.001 0.001 0.001 0.002 0.003
1.315 1.793 2.153 2.359 2.502 2.644 2.800 2.975 3.174 3.381 3.576 3.766 3.964 4.179 4.412 4.685 4.963 5.220 5.452 5.685 5.927 6.189 6.462 6.726 6.960 7.151 7.258 7.289 7.240 7.069 6.718 6.167 5.418 4.470 3.424 2.559 1.925 1.444 1.054 0.753 0.541 0.403 0.313 0.250 0.201 0.162 0.130 0.103 0.081 0.063 0.048 0.037 0.028 0.020 0.015 0.011 0.008 0.005 0.004 0.002 0.001 0.001 0.000 0.000 0.000 0.000 0.000 0.000 0.000 0.000 0.000 0.000 0.000 0.000 0.000 0.001 0.001
1.824 2.336 2.631 2.774 2.868 2.974 3.105 3.258 3.419 3.579 3.722 3.867 4.031 4.222 4.453 4.735 5.050 5.323 5.552 5.760 5.966 6.187 6.399 6.560 6.661 6.691 6.626 6.538 6.419 6.231 5.920 5.401 4.586 3.385 2.225 1.462 0.989 0.698 0.523 0.414 0.341 0.289 0.249 0.215 0.183 0.153 0.126 0.101 0.080 0.062 0.048 0.036 0.027 0.020 0.015 0.011 0.008 0.005 0.003 0.002 0.001 0.000 0.000 0.000 0.000 0.000 0.000 0.000 0.000 0.000 0.000 0.000 0.000 0.000 0.000 0.000 0.000
