RESULTS/r.avaflow_results/14_results/14_ascii/14_hflow0024.asc
ncols 506
nrows 317
xllcenter 498237.50
yllcenter 5580050.00
cellsize 12.50
NODATA_value -9999.000
[rows 136 to 169 of 317, columns 154 to 230 of 506]
0.005 0.006 0.007 0.007 0.007 0.007 0.006 0.006 0.005 0.005 0.005 0.004 0.004 0.004 0.004 0.004 0.004 0.004 0.004 0.004 0.004 0.003 0.003 0.003 0.003 0.002 0.002 0.002 0.002 0.001 0.001 0.001 0.000 0.000 0.000 0.000 0.000 0.000 0.000 0.000 0.000 0.000 0.000 0.000 0.000 0.000 0.000 0.000 0.000 0.000 0.000 0.000 0.000 0.000 0.000 0.000 0.000 0.000 0.000 0.000 0.000 0.000 0.000 0.000 0.000 0.000 0.000 0.000 0.000 0.000 0.000 0.000 0.000 0.000 0.000 0.000 0.000
0.009 0.011 0.012 0.012 0.012 0.012 0.011 0.009 0.008 0.008 0.008 0.008 0.008 0.008 0.008 0.008 0.008 0.008 0.007 0.007 0.006 0.006 0.005 0.005 0.005 0.004 0.004 0.003 0.003 0.003 0.002 0.001 0.001 0.001 0.000 0.000 0.000 0.000 0.000 0.000 0.000 0.000 0.000 0.000 0.000 0.000 0.000 0.000 0.000 0.000 0.000 0.000 0.000 0.000 0.000 0.000 0.000 0.000 0.000 0.000 0.000 0.000 0.000 0.000 0.000 0.000 0.000 0.000 0.000 0.000 0.000 0.000 0.000 0.000 0.000 0.000 0.000
0.015 0.018 0.020 0.021 0.021 0.020 0.017 0.014 0.013 0.012 0.012 0.012 0.012 0.012 0.012 0.012 0.012 0.012 0.011 0.011 0.010 0.009 0.008 0.007 0.007 0.007 0.006 0.006 0.005 0.004 0.003 0.003 0.002 0.001 0.001 0.001 0.000 0.000 0.000 0.000 0.000 0.000 0.000 0.000 0.000 0.000 0.000 0.000 0.000 0.000 0.000 0.000 0.000 0.000 0.000 0.000 0.000 0.000 0.000 0.000 0.000 0.000 0.000 0.000 0.000 0.000 0.000 0.000 0.000 0.000 0.000 0.000 0.000 0.000 0.000 0.000 0.000
0.023 0.031 0.035 0.037 0.037 0.034 0.029 0.023 0.019 0.018 0.017 0.017 0.018 0.018 0.018 0.018 0.018 0.018 0.017 0.016 0.015 0.013 0.012 0.011 0.010 0.009 0.009 0.008 0.007 0.006 0.005 0.004 0.003 0.002 0.002 0.001 0.001 0.000 0.000 0.000 0.000 0.000 0.000 0.000 0.000 0.000 0.000 0.000 0.000 0.000 0.000 0.000 0.000 0.000 0.000 0.000 0.000 0.000 0.000 0.000 0.000 0.000 0.000 0.000 0.000 0.000 0.000 0.000 0.000 0.000 0.000 0.000 0.000 0.000 0.000 0.000 0.000
0.037 0.048 0.055 0.057 0.057 0.054 0.047 0.037 0.030 0.027 0.026 0.026 0.028 0.030 0.030 0.030 0.029 0.028 0.027 0.025 0.022 0.019 0.016 0.015 0.014 0.013 0.012 0.011 0.010 0.009 0.008 0.006 0.005 0.004 0.003 0.002 0.001 0.001 0.001 0.000 0.000 0.000 0.000 0.000 0.000 0.000 0.000 0.000 0.000 0.000 0.000 0.000 0.000 0.000 0.000 0.000 0.000 0.000 0.000 0.000 0.000 0.000 0.000 0.000 0.000 0.000 0.000 0.000 0.000 0.000 0.000 0.000 0.000 0.000 0.000 0.000 0.000
0.048 0.058 0.065 0.067 0.067 0.064 0.058 0.048 0.042 0.039 0.039 0.041 0.048 0.055 0.056 0.056 0.055 0.053 0.050 0.044 0.037 0.030 0.025 0.022 0.019 0.018 0.017 0.016 0.014 0.013 0.010 0.008 0.007 0.005 0.004 0.003 0.002 0.002 0.001 0.001 0.000 0.000 0.000 0.000 0.000 0.000 0.000 0.000 0.000 0.000 0.000 0.000 0.000 0.000 0.000 0.000 0.000 0.000 0.000 0.000 0.000 0.000 0.000 0.000 0.000 0.000 0.000 0.000 0.000 0.000 0.000 0.000 0.000 0.000 0.000 0.000 0.000
0.051 0.060 0.066 0.068 0.068 0.066 0.060 0.053 0.048 0.048 0.051 0.060 0.079 0.102 0.115 0.119 0.118 0.115 0.107 0.092 0.072 0.055 0.042 0.034 0.029 0.026 0.024 0.022 0.020 0.017 0.013 0.011 0.009 0.007 0.006 0.005 0.004 0.003 0.002 0.001 0.001 0.000 0.000 0.000 0.000 0.000 0.000 0.000 0.000 0.000 0.000 0.000 0.000 0.000 0.000 0.000 0.000 0.000 0.000 0.000 0.000 0.000 0.000 0.000 0.000 0.000 0.000 0.000 0.000 0.000 0.000 0.000 0.000 0.000 0.000 0.000 0.000
0.050 0.057 0.060 0.062 0.062 0.061 0.057 0.052 0.049 0.050 0.055 0.069 0.096 0.138 0.179 0.202 0.209 0.207 0.196 0.173 0.141 0.107 0.079 0.059 0.047 0.039 0.034 0.030 0.025 0.021 0.017 0.014 0.011 0.009 0.008 0.006 0.005 0.004 0.003 0.002 0.002 0.001 0.001 0.000 0.000 0.000 0.000 0.000 0.000 0.000 0.000 0.000 0.000 0.000 0.000 0.000 0.000 0.000 0.000 0.000 0.000 0.000 0.000 0.000 0.000 0.000 0.000 0.000 0.000 0.000 0.000 0.000 0.000 0.000 0.000 0.000 0.000
0.043 0.046 0.046 0.047 0.047 0.047 0.047 0.046 0.045 0.048 0.054 0.069 0.097 0.144 0.201 0.237 0.250 0.249 0.239 0.218 0.189 0.155 0.122 0.092 0.068 0.053 0.043 0.036 0.029 0.024 0.020 0.016 0.014 0.011 0.010 0.008 0.007 0.006 0.004 0.003 0.003 0.002 0.001 0.001 0.001 0.000 0.000 0.000 0.000 0.000 0.000 0.000 0.000 0.000 0.000 0.000 0.000 0.000 0.000 0.000 0.000 0.000 0.000 0.000 0.000 0.000 0.000 0.000 0.000 0.000 0.000 0.000 0.000 0.000 0.000 0.000 0.000
0.032 0.033 0.032 0.031 0.031 0.031 0.032 0.034 0.036 0.040 0.047 0.060 0.084 0.128 0.188 0.229 0.245 0.246 0.238 0.222 0.198 0.171 0.142 0.109 0.080 0.060 0.048 0.039 0.032 0.026 0.022 0.019 0.016 0.014 0.012 0.010 0.009 0.007 0.006 0.005 0.004 0.003 0.002 0.002 0.001 0.001 0.001 0.001 0.001 0.000 0.000 0.000 0.000 0.000 0.000 0.000 0.000 0.000 0.000 0.000 0.000 0.000 0.000 0.000 0.000 0.000 0.000 0.000 0.000 0.000 0.000 0.000 0.000 0.000 0.000 0.000 0.000
0.025 0.025 0.024 0.024 0.023 0.023 0.023 0.024 0.026 0.029 0.033 0.041 0.055 0.084 0.133 0.174 0.193 0.197 0.197 0.191 0.181 0.165 0.142 0.113 0.084 0.063 0.050 0.041 0.034 0.028 0.024 0.021 0.018 0.016 0.014 0.012 0.011 0.009 0.008 0.007 0.006 0.005 0.004 0.003 0.003 0.002 0.002 0.002 0.001 0.001 0.001 0.001 0.001 0.001 0.001 0.001 0.001 0.001 0.000 0.000 0.000 0.000 0.000 0.000 0.000 0.000 0.000 0.000 0.000 0.000 0.000 0.000 0.000 0.000 0.000 0.000 0.000
0.021 0.021 0.020 0.020 0.019 0.019 0.019 0.019 0.020 0.022 0.024 0.027 0.033 0.045 0.068 0.092 0.104 0.110 0.115 0.122 0.129 0.132 0.125 0.107 0.083 0.063 0.051 0.042 0.036 0.031 0.026 0.023 0.020 0.018 0.016 0.015 0.013 0.012 0.010 0.009 0.007 0.006 0.005 0.005 0.004 0.004 0.003 0.003 0.003 0.003 0.002 0.002 0.002 0.002 0.002 0.002 0.002 0.002 0.001 0.001 0.001 0.001 0.001 0.001 0.000 0.000 0.000 0.000 0.000 0.000 0.000 0.000 0.000 0.000 0.000 0.000 0.000
0.019 0.019 0.018 0.018 0.017 0.017 0.017 0.017 0.018 0.018 0.020 0.021 0.024 0.029 0.038 0.048 0.054 0.058 0.062 0.068 0.076 0.086 0.090 0.088 0.077 0.062 0.052 0.045 0.039 0.033 0.029 0.026 0.023 0.021 0.019 0.017 0.016 0.014 0.013 0.011 0.009 0.008 0.007 0.006 0.006 0.005 0.005 0.005 0.004 0.004 0.004 0.004 0.004 0.004 0.004 0.003 0.003 0.003 0.003 0.002 0.002 0.002 0.002 0.001 0.001 0.001 0.001 0.001 0.001 0.000 0.000 0.000 0.000 0.000 0.000 0.000 0.000
0.018 0.018 0.017 0.017 0.017 0.016 0.016 0.016 0.016 0.017 0.017 0.019 0.020 0.022 0.026 0.031 0.034 0.037 0.041 0.044 0.049 0.057 0.064 0.067 0.065 0.060 0.053 0.047 0.041 0.036 0.032 0.029 0.026 0.024 0.022 0.020 0.019 0.017 0.016 0.014 0.012 0.010 0.009 0.008 0.008 0.007 0.007 0.007 0.006 0.006 0.006 0.006 0.006 0.006 0.005 0.005 0.005 0.004 0.004 0.004 0.003 0.003 0.003 0.003 0.002 0.002 0.002 0.002 0.001 0.001 0.001 0.001 0.001 0.001 0.001 0.001 0.001
0.018 0.017 0.017 0.017 0.016 0.016 0.016 0.016 0.016 0.016 0.017 0.017 0.018 0.020 0.022 0.024 0.026 0.028 0.031 0.034 0.037 0.042 0.048 0.053 0.055 0.056 0.053 0.049 0.044 0.040 0.036 0.032 0.030 0.028 0.026 0.025 0.023 0.021 0.019 0.017 0.015 0.013 0.012 0.011 0.010 0.009 0.009 0.009 0.009 0.008 0.008 0.008 0.008 0.008 0.007 0.007 0.007 0.006 0.006 0.006 0.005 0.005 0.004 0.004 0.004 0.003 0.003 0.003 0.003 0.003 0.002 0.002 0.002 0.002 0.002 0.002 0.002
0.020 0.019 0.018 0.017 0.017 0.016 0.016 0.016 0.016 0.016 0.016 0.017 0.018 0.019 0.020 0.021 0.022 0.024 0.027 0.029 0.031 0.034 0.038 0.043 0.048 0.051 0.051 0.049 0.046 0.042 0.040 0.037 0.035 0.033 0.032 0.031 0.029 0.026 0.024 0.021 0.019 0.016 0.014 0.013 0.012 0.012 0.012 0.011 0.011 0.011 0.011 0.011 0.011 0.010 0.010 0.009 0.009 0.008 0.008 0.007 0.007 0.007 0.006 0.006 0.006 0.005 0.005 0.005 0.004 0.004 0.004 0.004 0.004 0.004 0.004 0.003 0.003
0.033 0.026 0.021 0.019 0.018 0.017 0.016 0.016 0.016 0.016 0.016 0.017 0.018 0.019 0.019 0.020 0.021 0.023 0.024 0.026 0.028 0.030 0.033 0.037 0.041 0.046 0.048 0.048 0.047 0.045 0.043 0.043 0.042 0.041 0.039 0.037 0.035 0.032 0.030 0.027 0.023 0.020 0.018 0.016 0.015 0.015 0.015 0.014 0.014 0.014 0.014 0.014 0.014 0.013 0.012 0.011 0.011 0.010 0.010 0.009 0.009 0.009 0.008 0.008 0.007 0.007 0.007 0.007 0.007 0.006 0.006 0.006 0.006 0.006 0.005 0.005 0.005
0.094 0.058 0.039 0.028 0.023 0.020 0.018 0.017 0.017 0.017 0.017 0.017 0.018 0.019 0.019 0.020 0.021 0.022 0.023 0.025 0.026 0.028 0.030 0.033 0.037 0.041 0.045 0.047 0.047 0.047 0.047 0.047 0.047 0.046 0.044 0.042 0.040 0.038 0.035 0.033 0.029 0.025 0.022 0.020 0.019 0.019 0.019 0.019 0.019 0.019 0.018 0.018 0.017 0.017 0.015 0.014 0.013 0.013 0.012 0.012 0.011 0.011 0.010 0.010 0.010 0.009 0.009 0.009 0.009 0.009 0.009 0.008 0.008 0.008 0.007 0.007 0.007
0.372 0.211 0.119 0.069 0.044 0.031 0.024 0.021 0.020 0.019 0.019 0.019 0.019 0.019 0.020 0.021 0.022 0.022 0.023 0.024 0.025 0.027 0.029 0.032 0.035 0.039 0.043 0.046 0.048 0.049 0.050 0.050 0.050 0.049 0.046 0.044 0.043 0.041 0.040 0.039 0.036 0.031 0.028 0.025 0.024 0.024 0.024 0.024 0.025 0.025 0.025 0.024 0.023 0.021 0.020 0.018 0.017 0.016 0.015 0.015 0.014 0.013 0.013 0.013 0.012 0.012 0.012 0.012 0.012 0.012 0.012 0.011 0.011 0.010 0.010 0.009 0.009
1.385 0.848 0.471 0.248 0.131 0.074 0.046 0.034 0.027 0.024 0.023 0.022 0.021 0.021 0.022 0.022 0.022 0.023 0.023 0.024 0.025 0.027 0.029 0.031 0.035 0.039 0.043 0.046 0.050 0.051 0.052 0.053 0.052 0.050 0.047 0.045 0.045 0.044 0.044 0.044 0.042 0.038 0.035 0.033 0.032 0.032 0.033 0.034 0.034 0.035 0.034 0.033 0.032 0.029 0.027 0.024 0.023 0.021 0.020 0.019 0.018 0.017 0.016 0.016 0.016 0.016 0.016 0.016 0.016 0.016 0.016 0.015 0.015 0.014 0.013 0.012 0.011
3.653 2.578 1.619 0.915 0.477 0.244 0.132 0.080 0.055 0.042 0.035 0.031 0.028 0.026 0.025 0.025 0.025 0.025 0.025 0.025 0.026 0.027 0.029 0.032 0.035 0.039 0.043 0.047 0.051 0.054 0.054 0.054 0.054 0.051 0.048 0.046 0.046 0.047 0.048 0.049 0.048 0.046 0.043 0.042 0.043 0.043 0.045 0.048 0.050 0.051 0.050 0.049 0.046 0.043 0.040 0.036 0.033 0.031 0.029 0.028 0.026 0.024 0.022 0.022 0.021 0.022 0.022 0.023 0.024 0.024 0.023 0.022 0.020 0.017 0.016 0.015 0.014
6.883 5.492 3.973 2.573 1.516 0.827 0.444 0.253 0.158 0.109 0.080 0.062 0.049 0.040 0.034 0.031 0.029 0.028 0.028 0.028 0.028 0.029 0.031 0.034 0.037 0.039 0.043 0.048 0.053 0.056 0.057 0.057 0.056 0.053 0.049 0.048 0.048 0.050 0.052 0.053 0.053 0.053 0.053 0.054 0.055 0.057 0.062 0.070 0.075 0.076 0.075 0.073 0.071 0.069 0.065 0.061 0.056 0.052 0.050 0.047 0.044 0.039 0.035 0.033 0.032 0.033 0.034 0.036 0.039 0.040 0.039 0.036 0.029 0.023 0.020 0.018 0.017
9.834 8.475 6.969 5.279 3.596 2.253 1.378 0.846 0.536 0.359 0.251 0.177 0.122 0.085 0.063 0.049 0.042 0.037 0.035 0.033 0.033 0.033 0.035 0.037 0.039 0.042 0.045 0.050 0.056 0.059 0.060 0.060 0.059 0.056 0.052 0.051 0.052 0.053 0.055 0.057 0.059 0.062 0.064 0.066 0.069 0.074 0.083 0.098 0.109 0.113 0.113 0.113 0.113 0.116 0.116 0.112 0.105 0.099 0.095 0.091 0.085 0.076 0.066 0.060 0.058 0.058 0.060 0.066 0.076 0.081 0.080 0.071 0.051 0.034 0.026 0.022 0.021
12.294 10.921 9.493 7.961 6.309 4.677 3.301 2.302 1.614 1.148 0.824 0.578 0.384 0.245 0.157 0.107 0.079 0.063 0.054 0.049 0.046 0.044 0.044 0.045 0.046 0.047 0.049 0.053 0.059 0.064 0.066 0.066 0.065 0.062 0.059 0.058 0.058 0.058 0.060 0.063 0.067 0.072 0.077 0.082 0.087 0.095 0.109 0.130 0.148 0.158 0.165 0.173 0.185 0.202 0.213 0.216 0.212 0.205 0.198 0.189 0.177 0.161 0.143 0.127 0.120 0.119 0.123 0.140 0.177 0.197 0.198 0.173 0.112 0.062 0.038 0.029 0.026
14.398 12.926 11.509 10.088 8.663 7.263 5.913 4.684 3.630 2.782 2.105 1.553 1.100 0.737 0.471 0.300 0.201 0.145 0.113 0.094 0.081 0.072 0.066 0.063 0.061 0.061 0.061 0.063 0.067 0.071 0.074 0.074 0.073 0.072 0.070 0.069 0.068 0.068 0.069 0.075 0.082 0.090 0.097 0.105 0.114 0.125 0.142 0.166 0.191 0.213 0.236 0.265 0.304 0.350 0.387 0.410 0.417 0.415 0.407 0.395 0.378 0.358 0.330 0.301 0.285 0.282 0.294 0.348 0.461 0.524 0.529 0.460 0.288 0.139 0.071 0.043 0.034
16.365 14.721 13.225 11.852 10.557 9.331 8.143 7.003 5.911 4.879 3.946 3.107 2.382 1.770 1.252 0.856 0.588 0.415 0.305 0.234 0.184 0.149 0.126 0.112 0.103 0.096 0.091 0.087 0.085 0.085 0.086 0.086 0.086 0.086 0.086 0.085 0.085 0.086 0.091 0.101 0.113 0.124 0.135 0.147 0.160 0.175 0.193 0.218 0.251 0.292 0.344 0.415 0.506 0.603 0.683 0.741 0.769 0.777 0.775 0.768 0.760 0.751 0.734 0.707 0.692 0.699 0.746 0.888 1.168 1.361 1.357 1.174 0.753 0.352 0.158 0.079 0.050
18.275 16.450 14.837 13.444 12.178 10.998 9.876 8.785 7.696 6.591 5.589 4.756 4.014 3.295 2.583 1.954 1.470 1.110 0.843 0.641 0.483 0.365 0.286 0.240 0.209 0.183 0.161 0.141 0.125 0.114 0.110 0.108 0.108 0.107 0.107 0.109 0.114 0.126 0.142 0.159 0.176 0.192 0.208 0.226 0.243 0.260 0.278 0.305 0.349 0.421 0.528 0.677 0.861 1.037 1.182 1.276 1.313 1.314 1.308 1.302 1.304 1.312 1.324 1.339 1.363 1.411 1.500 1.675 2.037 2.508 2.690 2.482 1.779 0.876 0.374 0.166 0.087
20.052 18.153 16.458 14.981 13.658 12.454 11.328 10.245 9.173 8.065 7.033 6.223 5.554 4.917 4.243 3.539 2.883 2.326 1.873 1.496 1.170 0.894 0.686 0.547 0.452 0.379 0.316 0.258 0.209 0.175 0.156 0.147 0.144 0.143 0.144 0.153 0.173 0.207 0.244 0.274 0.300 0.323 0.345 0.365 0.382 0.397 0.416 0.451 0.521 0.647 0.851 1.148 1.445 1.664 1.783 1.814 1.778 1.730 1.705 1.693 1.685 1.686 1.699 1.726 1.771 1.839 1.930 2.075 2.389 2.999 3.466 3.515 3.054 1.900 0.835 0.356 0.167
21.662 19.793 18.054 16.500 15.085 13.809 12.650 11.578 10.542 9.496 8.482 7.653 6.992 6.396 5.814 5.205 4.559 3.915 3.322 2.797 2.322 1.882 1.487 1.175 0.947 0.772 0.625 0.492 0.378 0.296 0.247 0.224 0.216 0.216 0.226 0.256 0.307 0.375 0.438 0.485 0.524 0.554 0.575 0.588 0.598 0.608 0.632 0.693 0.814 1.033 1.383 1.751 1.985 2.093 2.111 2.058 1.954 1.880 1.855 1.849 1.838 1.826 1.824 1.836 1.868 1.925 2.003 2.127 2.405 3.004 3.641 3.872 3.743 2.956 1.629 0.707 0.323
22.946 21.161 19.465 17.892 16.449 15.120 13.939 12.892 11.888 10.935 10.002 9.161 8.463 7.865 7.287 6.680 6.063 5.468 4.907 4.376 3.858 3.331 2.759 2.217 1.791 1.459 1.175 0.919 0.696 0.531 0.431 0.384 0.372 0.380 0.421 0.496 0.599 0.707 0.794 0.858 0.902 0.925 0.929 0.918 0.913 0.921 0.966 1.088 1.292 1.546 1.848 2.087 2.197 2.214 2.176 2.072 1.935 1.853 1.828 1.828 1.822 1.805 1.798 1.803 1.821 1.854 1.906 1.999 2.222 2.739 3.475 3.871 3.902 3.528 2.471 1.246 0.585
23.891 22.232 20.636 19.114 17.703 16.402 15.243 14.213 13.265 12.396 11.551 10.767 10.043 9.379 8.714 8.025 7.392 6.841 6.336 5.855 5.361 4.806 4.153 3.519 2.981 2.493 2.040 1.616 1.250 0.974 0.804 0.727 0.714 0.741 0.821 0.949 1.127 1.291 1.397 1.461 1.486 1.479 1.438 1.389 1.371 1.387 1.487 1.661 1.802 1.906 2.034 2.154 2.199 2.184 2.098 1.932 1.754 1.644 1.602 1.598 1.598 1.594 1.600 1.616 1.625 1.630 1.643 1.683 1.813 2.181 2.926 3.600 3.803 3.677 3.060 1.903 0.977
24.692 23.083 21.587 20.212 18.894 17.649 16.523 15.517 14.632 13.840 13.069 12.326 11.593 10.870 10.116 9.319 8.629 8.078 7.587 7.106 6.573 5.930 5.176 4.498 3.979 3.538 3.098 2.616 2.123 1.732 1.489 1.382 1.368 1.407 1.503 1.668 1.944 2.185 2.303 2.340 2.310 2.222 2.130 2.062 2.032 2.034 2.077 2.110 2.067 2.028 2.045 2.083 2.067 1.981 1.804 1.560 1.336 1.181 1.108 1.091 1.095 1.116 1.158 1.213 1.236 1.233 1.220 1.218 1.267 1.467 2.051 2.965 3.490 3.550 3.270 2.483 1.489
25.789 24.207 22.694 21.329 20.056 18.844 17.748 16.830 16.023 15.307 14.605 13.878 13.117 12.345 11.545 10.681 9.902 9.276 8.716 8.163 7.539 6.789 5.925 5.155 4.592 4.206 3.889 3.563 3.190 2.824 2.556 2.423 2.400 2.430 2.509 2.679 2.992 3.220 3.277 3.224 3.063 2.893 2.795 2.727 2.658 2.566 2.437 2.273 2.114 2.002 1.917 1.816 1.673 1.460 1.194 0.941 0.760 0.649 0.599 0.590 0.598 0.621 0.661 0.718 0.755 0.773 0.784 0.800 0.845 0.968 1.310 2.113 2.946 3.237 3.174 2.759 2.008
27.278 25.741 24.195 22.808 21.479 20.226 19.161 18.305 17.623 17.014 16.338 15.608 14.822 14.000 13.187 12.329 11.457 10.645 9.895 9.177 8.423 7.550 6.572 5.694 5.021 4.578 4.322 4.142 3.967 3.789 3.654 3.580 3.554 3.550 3.566 3.635 3.814 3.928 3.919 3.778 3.503 3.297 3.193 3.103 2.986 2.807 2.549 2.254 2.001 1.763 1.500 1.215 0.944 0.729 0.574 0.465 0.390 0.347 0.332 0.332 0.340 0.352 0.371 0.400 0.430 0.454 0.477 0.504 0.550 0.646 0.860 1.372 2.230 2.794 2.918 2.781 2.379
