RESULTS/r.avaflow_results/14_results/14_ascii/14_hflow_max0015.asc
ncols 506
nrows 317
xllcenter 498237.50
yllcenter 5580050.00
cellsize 12.50
NODATA_value -9999.000
[rows 136 to 169 of 317, columns 152 to 227 of 506]
0.004 0.007 0.010 0.012 0.014 0.015 0.015 0.015 0.015 0.013 0.012 0.011 0.011 0.011 0.010 0.011 0.011 0.011 0.011 0.011 0.011 0.011 0.010 0.009 0.009 0.008 0.007 0.006 0.005 0.005 0.004 0.003 0.003 0.002 0.001 0.000 0.000 0.000 0.000 0.000 0.000 0.000 0.000 0.000 0.000 0.000 0.000 0.000 0.000 0.000 0.000 0.000 0.000 0.000 0.000 0.000 0.000 0.000 0.000 0.000 0.000 0.000 0.000 0.000 0.000 0.000 0.000 0.000 0.000 0.000 0.000 0.000 0.000 0.000 0.000 0.000
0.008 0.012 0.017 0.022 0.027 0.030 0.032 0.032 0.031 0.029 0.025 0.022 0.021 0.021 0.022 0.023 0.023 0.024 0.024 0.023 0.023 0.022 0.020 0.018 0.016 0.014 0.012 0.011 0.010 0.008 0.007 0.006 0.005 0.004 0.002 0.001 0.001 0.000 0.000 0.000 0.000 0.000 0.000 0.000 0.000 0.000 0.000 0.000 0.000 0.000 0.000 0.000 0.000 0.000 0.000 0.000 0.000 0.000 0.000 0.000 0.000 0.000 0.000 0.000 0.000 0.000 0.000 0.000 0.000 0.000 0.000 0.000 0.000 0.000 0.000 0.000
0.014 0.020 0.029 0.042 0.056 0.067 0.073 0.073 0.071 0.065 0.056 0.049 0.047 0.047 0.050 0.054 0.055 0.055 0.055 0.054 0.052 0.049 0.045 0.040 0.035 0.029 0.025 0.021 0.018 0.016 0.014 0.011 0.009 0.007 0.005 0.003 0.002 0.001 0.001 0.000 0.000 0.000 0.000 0.000 0.000 0.000 0.000 0.000 0.000 0.000 0.000 0.000 0.000 0.000 0.000 0.000 0.000 0.000 0.000 0.000 0.000 0.000 0.000 0.000 0.000 0.000 0.000 0.000 0.000 0.000 0.000 0.000 0.000 0.000 0.000 0.000
0.022 0.034 0.054 0.082 0.111 0.135 0.149 0.154 0.152 0.143 0.126 0.111 0.106 0.109 0.122 0.136 0.140 0.140 0.139 0.136 0.133 0.127 0.119 0.105 0.089 0.072 0.059 0.047 0.040 0.033 0.028 0.023 0.017 0.012 0.008 0.005 0.004 0.002 0.002 0.001 0.000 0.000 0.000 0.000 0.000 0.000 0.000 0.000 0.000 0.000 0.000 0.000 0.000 0.000 0.000 0.000 0.000 0.000 0.000 0.000 0.000 0.000 0.000 0.000 0.000 0.000 0.000 0.000 0.000 0.000 0.000 0.000 0.000 0.000 0.000 0.000
0.036 0.055 0.086 0.124 0.156 0.183 0.202 0.214 0.220 0.221 0.213 0.207 0.209 0.225 0.263 0.298 0.317 0.326 0.331 0.333 0.330 0.323 0.306 0.277 0.239 0.195 0.153 0.120 0.096 0.079 0.065 0.052 0.036 0.022 0.013 0.009 0.006 0.004 0.003 0.002 0.001 0.000 0.000 0.000 0.000 0.000 0.000 0.000 0.000 0.000 0.000 0.000 0.000 0.000 0.000 0.000 0.000 0.000 0.000 0.000 0.000 0.000 0.000 0.000 0.000 0.000 0.000 0.000 0.000 0.000 0.000 0.000 0.000 0.000 0.000 0.000
0.046 0.069 0.103 0.140 0.171 0.194 0.212 0.232 0.249 0.261 0.269 0.281 0.306 0.354 0.410 0.458 0.499 0.536 0.569 0.598 0.615 0.618 0.607 0.580 0.531 0.463 0.381 0.305 0.241 0.194 0.156 0.121 0.081 0.046 0.025 0.015 0.010 0.007 0.005 0.003 0.002 0.001 0.001 0.000 0.000 0.000 0.000 0.000 0.000 0.000 0.000 0.000 0.000 0.000 0.000 0.000 0.000 0.000 0.000 0.000 0.000 0.000 0.000 0.000 0.000 0.000 0.000 0.000 0.000 0.000 0.000 0.000 0.000 0.000 0.000 0.000
0.051 0.074 0.104 0.136 0.163 0.195 0.235 0.268 0.291 0.308 0.324 0.349 0.389 0.439 0.492 0.538 0.582 0.631 0.681 0.725 0.755 0.767 0.768 0.761 0.740 0.696 0.627 0.545 0.464 0.393 0.328 0.259 0.178 0.100 0.051 0.028 0.016 0.010 0.007 0.005 0.004 0.002 0.002 0.001 0.000 0.000 0.000 0.000 0.000 0.000 0.000 0.000 0.000 0.000 0.000 0.000 0.000 0.000 0.000 0.000 0.000 0.000 0.000 0.000 0.000 0.000 0.000 0.000 0.000 0.000 0.000 0.000 0.000 0.000 0.000 0.000
0.057 0.078 0.103 0.152 0.208 0.257 0.302 0.339 0.366 0.384 0.403 0.432 0.466 0.501 0.534 0.569 0.606 0.644 0.683 0.722 0.752 0.775 0.786 0.792 0.789 0.768 0.724 0.656 0.579 0.508 0.442 0.376 0.298 0.199 0.106 0.054 0.029 0.017 0.011 0.008 0.006 0.004 0.003 0.002 0.001 0.001 0.000 0.000 0.000 0.000 0.000 0.000 0.000 0.000 0.000 0.000 0.000 0.000 0.000 0.000 0.000 0.000 0.000 0.000 0.000 0.000 0.000 0.000 0.000 0.000 0.000 0.000 0.000 0.000 0.000 0.000
0.065 0.104 0.163 0.241 0.312 0.368 0.415 0.455 0.483 0.501 0.519 0.541 0.562 0.578 0.592 0.608 0.629 0.653 0.670 0.685 0.707 0.723 0.734 0.754 0.774 0.775 0.754 0.703 0.634 0.562 0.496 0.433 0.371 0.295 0.196 0.105 0.054 0.029 0.018 0.012 0.008 0.006 0.005 0.003 0.003 0.002 0.001 0.001 0.001 0.001 0.001 0.000 0.000 0.000 0.000 0.000 0.000 0.000 0.000 0.000 0.000 0.000 0.000 0.000 0.000 0.000 0.000 0.000 0.000 0.000 0.000 0.000 0.000 0.000 0.000 0.000
0.116 0.188 0.287 0.397 0.489 0.553 0.600 0.634 0.656 0.670 0.681 0.692 0.696 0.694 0.688 0.680 0.678 0.682 0.684 0.684 0.676 0.667 0.655 0.669 0.710 0.723 0.714 0.678 0.621 0.558 0.499 0.445 0.393 0.340 0.273 0.180 0.096 0.050 0.028 0.018 0.012 0.009 0.007 0.005 0.004 0.004 0.004 0.003 0.003 0.002 0.002 0.002 0.001 0.001 0.001 0.001 0.000 0.000 0.000 0.000 0.000 0.000 0.000 0.000 0.000 0.000 0.000 0.000 0.000 0.000 0.000 0.000 0.000 0.000 0.000 0.000
0.243 0.380 0.530 0.670 0.782 0.857 0.899 0.920 0.925 0.921 0.913 0.903 0.884 0.856 0.823 0.789 0.766 0.754 0.745 0.733 0.715 0.693 0.671 0.652 0.642 0.657 0.647 0.613 0.562 0.513 0.471 0.430 0.390 0.350 0.307 0.243 0.155 0.083 0.046 0.028 0.019 0.013 0.010 0.009 0.008 0.007 0.007 0.006 0.006 0.005 0.005 0.004 0.004 0.003 0.003 0.002 0.002 0.001 0.001 0.001 0.000 0.000 0.000 0.000 0.000 0.000 0.000 0.000 0.000 0.000 0.000 0.000 0.000 0.000 0.000 0.000
0.535 0.760 0.968 1.137 1.261 1.342 1.376 1.377 1.354 1.315 1.267 1.214 1.149 1.075 1.009 0.966 0.936 0.915 0.897 0.873 0.839 0.798 0.762 0.729 0.699 0.669 0.631 0.584 0.533 0.485 0.435 0.399 0.372 0.345 0.315 0.275 0.210 0.129 0.072 0.043 0.028 0.020 0.018 0.017 0.016 0.015 0.014 0.012 0.011 0.010 0.009 0.008 0.007 0.006 0.005 0.004 0.004 0.003 0.003 0.002 0.002 0.001 0.001 0.001 0.000 0.000 0.000 0.000 0.000 0.000 0.000 0.000 0.000 0.000 0.000 0.000
1.124 1.448 1.705 1.889 2.014 2.088 2.112 2.085 2.018 1.920 1.805 1.670 1.533 1.440 1.363 1.297 1.242 1.196 1.151 1.100 1.045 0.987 0.931 0.875 0.830 0.784 0.733 0.675 0.614 0.556 0.497 0.440 0.386 0.331 0.312 0.287 0.246 0.177 0.107 0.065 0.047 0.044 0.042 0.040 0.038 0.035 0.033 0.029 0.026 0.023 0.019 0.016 0.013 0.011 0.010 0.008 0.007 0.006 0.005 0.005 0.004 0.003 0.003 0.002 0.001 0.001 0.001 0.000 0.000 0.000 0.000 0.000 0.000 0.000 0.000 0.000
2.174 2.578 2.849 3.023 3.127 3.176 3.172 3.112 2.987 2.803 2.575 2.336 2.172 2.039 1.923 1.819 1.726 1.641 1.555 1.468 1.385 1.302 1.218 1.141 1.069 1.001 0.930 0.858 0.780 0.701 0.621 0.545 0.473 0.408 0.347 0.291 0.267 0.224 0.157 0.129 0.121 0.115 0.112 0.108 0.104 0.098 0.089 0.080 0.069 0.059 0.048 0.039 0.031 0.025 0.020 0.017 0.014 0.012 0.010 0.009 0.007 0.006 0.005 0.004 0.003 0.003 0.002 0.002 0.001 0.001 0.001 0.000 0.000 0.000 0.000 0.000
3.795 4.214 4.445 4.570 4.637 4.645 4.594 4.473 4.271 3.972 3.598 3.301 3.081 2.893 2.728 2.583 2.444 2.297 2.149 2.015 1.899 1.791 1.684 1.585 1.491 1.397 1.304 1.214 1.116 1.008 0.899 0.793 0.693 0.597 0.524 0.464 0.417 0.382 0.358 0.339 0.325 0.317 0.309 0.301 0.288 0.272 0.251 0.225 0.195 0.165 0.136 0.109 0.087 0.068 0.053 0.042 0.033 0.026 0.022 0.018 0.014 0.012 0.010 0.008 0.007 0.006 0.005 0.004 0.004 0.003 0.003 0.002 0.002 0.002 0.001 0.001
5.907 6.254 6.426 6.502 6.523 6.485 6.358 6.131 5.801 5.367 4.878 4.546 4.266 4.013 3.790 3.591 3.399 3.190 2.989 2.814 2.670 2.542 2.422 2.306 2.185 2.059 1.933 1.809 1.682 1.548 1.408 1.303 1.211 1.128 1.055 0.993 0.945 0.909 0.877 0.849 0.828 0.810 0.789 0.764 0.733 0.695 0.646 0.584 0.516 0.445 0.375 0.310 0.252 0.202 0.159 0.125 0.097 0.075 0.057 0.044 0.033 0.025 0.020 0.018 0.016 0.014 0.012 0.010 0.009 0.008 0.007 0.006 0.006 0.005 0.005 0.004
8.004 8.315 8.524 8.646 8.671 8.580 8.353 7.985 7.516 6.937 6.336 5.939 5.609 5.307 5.021 4.764 4.535 4.319 4.121 3.959 3.815 3.687 3.567 3.433 3.269 3.072 2.863 2.693 2.565 2.454 2.352 2.251 2.161 2.086 2.029 1.989 1.956 1.923 1.888 1.855 1.822 1.781 1.728 1.671 1.610 1.535 1.439 1.323 1.195 1.064 0.936 0.811 0.689 0.572 0.468 0.375 0.294 0.227 0.171 0.123 0.090 0.064 0.054 0.050 0.045 0.038 0.031 0.025 0.022 0.019 0.017 0.016 0.015 0.014 0.013 0.012
9.997 10.305 10.568 10.730 10.728 10.566 10.241 9.783 9.196 8.438 7.680 7.215 6.853 6.538 6.265 6.021 5.836 5.726 5.657 5.579 5.476 5.357 5.218 5.036 4.782 4.513 4.292 4.111 3.978 3.885 3.799 3.716 3.640 3.578 3.531 3.492 3.452 3.408 3.364 3.311 3.246 3.170 3.092 3.014 2.930 2.827 2.708 2.576 2.427 2.263 2.082 1.884 1.666 1.447 1.236 1.027 0.832 0.662 0.510 0.375 0.265 0.189 0.170 0.160 0.143 0.119 0.093 0.075 0.063 0.055 0.049 0.046 0.043 0.041 0.040 0.037
12.065 12.360 12.655 12.789 12.673 12.392 11.962 11.392 10.657 9.739 8.918 8.397 8.021 7.725 7.514 7.391 7.413 7.524 7.615 7.641 7.594 7.463 7.253 6.974 6.630 6.339 6.129 5.980 5.853 5.732 5.613 5.499 5.387 5.291 5.207 5.115 5.016 4.914 4.800 4.666 4.533 4.417 4.323 4.231 4.124 4.010 3.908 3.817 3.722 3.614 3.491 3.356 3.203 2.994 2.736 2.433 2.090 1.729 1.390 1.069 0.788 0.571 0.499 0.478 0.431 0.357 0.286 0.238 0.203 0.179 0.162 0.151 0.143 0.138 0.132 0.123
14.329 14.607 14.872 14.844 14.552 14.110 13.519 12.738 11.820 10.866 10.124 9.588 9.218 9.003 8.928 8.976 9.092 9.220 9.332 9.415 9.438 9.326 9.065 8.730 8.403 8.129 7.946 7.801 7.642 7.457 7.285 7.142 7.010 6.879 6.754 6.626 6.470 6.271 6.048 5.833 5.656 5.520 5.395 5.258 5.109 4.972 4.855 4.755 4.661 4.572 4.489 4.411 4.334 4.242 4.128 3.972 3.765 3.483 3.104 2.635 2.105 1.587 1.271 1.228 1.113 0.928 0.775 0.677 0.610 0.560 0.524 0.495 0.474 0.456 0.434 0.396
16.959 17.266 17.275 16.950 16.397 15.734 14.927 13.922 12.866 11.970 11.363 10.926 10.660 10.554 10.545 10.557 10.568 10.624 10.721 10.837 10.886 10.794 10.540 10.223 9.987 9.814 9.624 9.397 9.149 8.913 8.708 8.550 8.412 8.267 8.129 7.978 7.755 7.465 7.178 6.938 6.738 6.551 6.352 6.144 5.937 5.750 5.578 5.422 5.291 5.190 5.121 5.074 5.029 4.980 4.931 4.870 4.797 4.696 4.549 4.324 3.991 3.501 2.887 2.517 2.344 2.056 1.795 1.625 1.509 1.430 1.377 1.332 1.288 1.238 1.171 1.062
20.150 20.209 19.827 19.062 18.164 17.252 16.246 15.130 14.058 13.253 12.728 12.412 12.230 12.106 12.001 11.905 11.822 11.792 11.840 11.894 11.896 11.814 11.613 11.373 11.231 11.160 10.998 10.736 10.428 10.126 9.892 9.713 9.569 9.439 9.296 9.098 8.822 8.519 8.235 7.984 7.731 7.457 7.174 6.892 6.633 6.381 6.138 5.906 5.717 5.586 5.508 5.451 5.397 5.352 5.321 5.299 5.284 5.262 5.207 5.125 5.028 4.874 4.606 4.189 3.598 3.095 2.958 2.875 2.822 2.801 2.819 2.845 2.812 2.737 2.596 2.356
23.933 23.206 22.318 21.066 19.798 18.631 17.514 16.443 15.518 14.802 14.242 13.869 13.660 13.493 13.279 13.080 12.928 12.815 12.717 12.614 12.524 12.437 12.293 12.160 12.112 12.075 11.956 11.743 11.472 11.185 10.909 10.682 10.506 10.353 10.175 9.948 9.699 9.450 9.175 8.874 8.546 8.185 7.815 7.482 7.177 6.878 6.587 6.296 6.046 5.865 5.730 5.635 5.555 5.495 5.439 5.410 5.411 5.419 5.404 5.388 5.374 5.361 5.292 5.181 4.970 4.608 4.071 3.424 3.476 3.580 3.772 4.032 4.174 4.201 4.132 3.942
27.767 26.509 24.652 22.932 21.371 19.969 18.747 17.755 16.930 16.244 15.658 15.186 14.840 14.558 14.319 14.138 13.993 13.830 13.603 13.306 13.035 12.884 12.789 12.744 12.753 12.710 12.612 12.481 12.296 12.060 11.793 11.530 11.285 11.028 10.766 10.532 10.343 10.136 9.848 9.474 9.065 8.662 8.268 7.915 7.577 7.256 6.942 6.621 6.341 6.096 5.921 5.791 5.673 5.570 5.483 5.425 5.408 5.415 5.419 5.412 5.406 5.414 5.425 5.424 5.393 5.286 5.103 4.819 4.418 3.896 3.978 4.346 4.633 4.773 4.805 4.741
30.941 29.061 27.016 24.703 22.859 21.274 19.963 18.926 18.069 17.347 16.705 16.098 15.543 15.133 14.991 15.024 14.966 14.823 14.592 14.199 13.733 13.462 13.375 13.341 13.293 13.226 13.141 13.047 12.913 12.727 12.468 12.159 11.844 11.527 11.186 10.891 10.669 10.450 10.205 9.868 9.458 9.036 8.647 8.278 7.924 7.582 7.248 6.927 6.638 6.380 6.150 5.943 5.750 5.587 5.459 5.349 5.273 5.243 5.242 5.265 5.296 5.334 5.382 5.422 5.438 5.421 5.385 5.308 5.182 5.003 4.740 4.347 4.637 4.832 4.908 4.907
34.078 31.430 28.971 26.570 24.186 22.463 21.075 19.924 18.937 18.095 17.371 16.686 16.006 15.455 15.320 15.640 15.756 15.690 15.559 15.296 14.848 14.427 14.190 13.994 13.786 13.671 13.603 13.493 13.343 13.171 12.921 12.585 12.225 11.877 11.528 11.165 10.854 10.606 10.353 10.041 9.673 9.300 8.950 8.600 8.237 7.867 7.533 7.226 6.932 6.650 6.391 6.141 5.899 5.679 5.483 5.292 5.125 5.013 4.955 4.933 4.951 5.001 5.101 5.235 5.351 5.408 5.418 5.429 5.434 5.422 5.389 5.317 5.145 4.798 4.844 4.900
37.743 34.008 30.828 28.143 25.801 23.742 22.086 20.783 19.646 18.665 17.813 16.983 16.160 15.476 15.342 15.855 16.198 16.331 16.312 16.182 15.900 15.509 15.120 14.722 14.307 14.056 13.912 13.760 13.587 13.409 13.205 12.913 12.536 12.132 11.727 11.316 10.884 10.523 10.254 10.005 9.721 9.429 9.134 8.819 8.498 8.168 7.839 7.515 7.183 6.877 6.605 6.357 6.117 5.875 5.634 5.394 5.170 4.982 4.819 4.689 4.608 4.579 4.628 4.753 4.953 5.169 5.323 5.411 5.504 5.571 5.644 5.706 5.720 5.669 5.493 5.130
41.416 36.682 32.786 29.738 27.319 25.223 23.303 21.547 20.194 19.084 18.102 17.149 16.198 15.412 15.249 15.727 16.294 16.624 16.724 16.672 16.509 16.258 15.938 15.510 14.987 14.483 14.125 13.925 13.734 13.551 13.364 13.079 12.677 12.220 11.745 11.274 10.790 10.321 9.987 9.780 9.608 9.402 9.186 8.934 8.672 8.403 8.128 7.834 7.521 7.205 6.912 6.680 6.460 6.221 5.977 5.735 5.490 5.227 4.963 4.752 4.584 4.449 4.365 4.317 4.377 4.593 4.889 5.185 5.401 5.544 5.687 5.814 5.932 6.012 6.039 5.959
44.575 39.211 34.805 31.322 28.603 26.361 24.399 22.603 20.953 19.607 18.514 17.474 16.468 15.686 15.486 15.732 16.116 16.592 16.815 16.852 16.778 16.678 16.531 16.259 15.753 15.063 14.459 14.032 13.754 13.555 13.361 13.069 12.637 12.112 11.562 11.034 10.564 10.120 9.733 9.485 9.361 9.264 9.124 8.947 8.739 8.508 8.275 8.011 7.725 7.447 7.177 6.926 6.694 6.480 6.273 6.058 5.837 5.612 5.384 5.170 4.982 4.824 4.671 4.513 4.388 4.326 4.327 4.538 4.925 5.258 5.505 5.708 5.900 6.069 6.189 6.233
47.001 41.502 37.017 33.446 30.525 28.166 26.185 24.441 22.826 21.298 19.933 18.785 17.856 17.183 16.725 16.341 16.118 16.380 16.684 16.858 16.934 16.983 16.972 16.837 16.424 15.761 14.915 14.176 13.760 13.489 13.251 12.938 12.476 11.875 11.265 10.715 10.296 9.974 9.656 9.390 9.198 9.067 8.961 8.861 8.736 8.553 8.341 8.102 7.831 7.580 7.337 7.087 6.863 6.661 6.463 6.267 6.066 5.848 5.627 5.428 5.245 5.098 4.955 4.805 4.668 4.540 4.429 4.353 4.367 4.468 4.868 5.262 5.598 5.876 6.092 6.237
49.178 43.959 39.868 36.594 33.826 31.494 29.438 27.532 25.755 24.105 22.634 21.398 20.399 19.575 18.894 18.271 17.527 16.647 16.431 16.788 17.091 17.307 17.362 17.246 16.909 16.354 15.492 14.534 13.876 13.465 13.127 12.777 12.307 11.698 11.048 10.490 10.120 9.908 9.708 9.468 9.238 9.079 8.944 8.834 8.732 8.596 8.394 8.154 7.896 7.656 7.414 7.173 6.944 6.745 6.580 6.415 6.222 6.012 5.790 5.581 5.385 5.220 5.076 4.929 4.798 4.669 4.547 4.430 4.317 4.262 4.270 4.361 4.728 5.196 5.633 5.993
52.095 47.658 44.164 41.119 38.464 36.174 33.990 31.789 29.703 27.842 26.191 24.769 23.557 22.520 21.550 20.583 19.571 18.397 17.175 16.620 17.170 17.526 17.595 17.463 17.217 16.709 15.941 15.011 14.188 13.589 13.123 12.687 12.216 11.652 11.051 10.556 10.193 9.933 9.755 9.713 9.652 9.540 9.381 9.178 8.944 8.708 8.479 8.197 7.927 7.676 7.426 7.324 7.212 7.042 6.823 6.522 6.298 6.081 5.859 5.636 5.431 5.247 5.085 4.969 4.870 4.776 4.672 4.555 4.412 4.274 4.160 4.072 4.087 4.167 4.533 5.132
56.035 52.535 49.604 47.015 44.649 42.430 40.137 37.737 35.349 33.215 31.284 29.537 27.984 26.603 25.299 24.002 22.684 21.262 19.687 18.135 17.073 17.454 17.578 17.520 17.264 16.764 16.054 15.234 14.466 13.825 13.283 12.778 12.309 11.853 11.369 10.922 10.527 10.255 10.162 10.178 10.187 10.115 9.953 9.718 9.448 9.156 8.829 8.458 8.217 8.099 7.977 7.867 7.687 7.463 7.206 7.016 6.852 6.606 6.329 6.040 5.781 5.588 5.423 5.253 5.090 4.948 4.810 4.681 4.540 4.381 4.251 4.144 4.057 4.009 3.987 4.038
60.882 58.480 56.349 54.334 52.322 50.102 47.700 45.166 42.549 40.029 37.686 35.497 33.473 31.611 29.884 28.260 26.696 25.066 23.255 21.220 19.043 17.293 17.330 17.222 16.932 16.451 15.820 15.128 14.500 13.965 13.502 13.061 12.656 12.254 11.899 11.558 11.204 10.931 10.803 10.765 10.730 10.633 10.443 10.181 9.908 9.622 9.329 9.015 8.904 8.786 8.637 8.462 8.189 8.030 7.860 7.597 7.278 6.967 6.653 6.336 6.043 5.808 5.622 5.437 5.242 5.069 4.915 4.764 4.608 4.433 4.295 4.193 4.107 4.043 4.002 3.984
