RESULTS/r.avaflow_results/14_results/14_ascii/14_hflow_max0018.asc
ncols 506
nrows 317
xllcenter 498237.50
yllcenter 5580050.00
cellsize 12.50
NODATA_value -9999.000
[rows 170 to 203 of 317, columns 152 to 227 of 506]
66.613 65.305 64.084 62.631 60.818 58.614 55.954 53.040 50.001 47.037 44.209 41.584 39.121 36.810 34.654 32.672 30.787 28.843 26.738 24.465 22.094 19.680 17.350 16.940 16.407 15.794 15.170 14.596 14.183 13.867 13.557 13.262 13.000 12.735 12.475 12.190 11.868 11.585 11.382 11.263 11.163 11.011 10.801 10.537 10.285 10.068 9.859 9.649 9.637 9.501 9.266 9.051 8.811 8.481 8.193 7.862 7.502 7.145 6.791 6.458 6.169 5.935 5.727 5.516 5.308 5.113 4.933 4.769 4.600 4.424 4.281 4.176 4.094 4.033 3.992 3.990
71.508 71.160 70.768 70.034 68.768 66.299 63.168 59.875 56.400 52.909 49.588 46.535 43.659 40.996 38.552 36.322 34.222 32.053 29.708 27.214 24.703 22.222 19.758 17.345 16.428 15.422 14.447 13.750 13.410 13.314 13.253 13.168 13.100 12.971 12.860 12.705 12.419 12.073 11.790 11.584 11.407 11.226 11.034 10.784 10.538 10.400 10.307 10.225 10.180 10.008 9.742 9.411 9.071 8.679 8.269 7.833 7.414 7.051 6.721 6.414 6.150 5.933 5.727 5.517 5.319 5.121 4.913 4.715 4.518 4.337 4.193 4.082 4.001 3.947 3.908 3.891
75.133 75.444 75.682 75.898 75.231 73.069 69.607 65.152 61.203 57.603 54.122 50.775 47.644 44.725 42.063 39.716 37.486 35.183 32.643 29.943 27.243 24.657 22.116 19.579 17.080 15.731 14.439 13.445 12.749 12.448 12.505 12.664 12.865 12.962 12.973 12.928 12.751 12.450 12.093 11.805 11.578 11.362 11.123 10.873 10.658 10.507 10.454 10.493 10.418 10.251 9.955 9.492 8.961 8.449 7.947 7.441 6.987 6.630 6.355 6.120 5.914 5.737 5.573 5.402 5.231 5.048 4.843 4.620 4.385 4.187 4.035 3.918 3.835 3.776 3.730 3.714
77.374 78.042 78.316 78.735 78.243 76.636 74.102 70.231 65.687 61.286 57.658 54.219 50.972 47.928 45.178 42.735 40.454 38.100 35.551 32.844 30.068 27.268 24.446 21.740 19.019 16.787 15.109 13.758 12.703 12.014 11.734 11.847 12.220 12.626 12.879 12.964 12.884 12.670 12.320 11.960 11.660 11.386 11.100 10.817 10.585 10.447 10.414 10.475 10.441 10.202 9.734 9.080 8.322 7.636 7.023 6.458 5.981 5.644 5.440 5.310 5.213 5.140 5.069 4.981 4.877 4.746 4.593 4.417 4.206 4.000 3.840 3.717 3.613 3.528 3.459 3.425
77.986 78.662 78.755 79.018 79.145 78.213 76.208 73.160 69.303 64.991 60.701 57.175 53.621 50.388 47.609 45.164 42.892 40.586 38.120 35.481 32.683 29.858 26.955 23.956 20.869 18.325 16.354 14.603 13.152 12.061 11.389 11.194 11.379 11.838 12.360 12.727 12.808 12.661 12.360 12.029 11.761 11.666 11.455 11.078 10.629 10.297 10.190 10.130 9.937 9.507 8.824 7.942 6.981 6.140 5.415 4.789 4.311 4.006 3.867 3.852 3.890 3.968 4.050 4.096 4.092 4.055 3.996 3.910 3.800 3.663 3.531 3.416 3.304 3.191 3.098 3.046
76.711 77.404 77.623 77.528 77.843 77.270 75.947 73.806 71.006 67.554 63.669 59.480 55.700 52.319 49.317 46.709 44.418 42.218 39.914 37.451 34.802 31.918 28.811 25.505 22.256 19.937 17.489 15.417 13.730 12.407 11.466 10.954 10.803 10.953 11.500 12.153 12.369 12.316 12.126 11.912 11.837 11.817 11.694 11.328 10.738 10.139 9.657 9.186 8.631 7.903 6.969 5.945 4.995 4.220 3.626 3.162 2.806 2.558 2.434 2.401 2.423 2.489 2.610 2.753 2.870 2.953 3.009 3.043 3.055 3.041 2.998 2.935 2.861 2.772 2.681 2.615
73.824 74.255 74.261 73.893 74.248 74.016 73.467 72.544 71.023 68.692 65.542 61.733 57.309 53.376 50.178 47.509 45.209 43.031 40.760 38.379 35.834 32.919 29.619 26.055 23.362 20.894 18.174 15.885 14.101 12.729 11.700 11.005 10.615 10.660 10.952 11.421 11.605 11.517 11.435 11.468 11.692 11.754 11.601 11.175 10.457 9.539 8.543 7.467 6.403 5.399 4.478 3.731 3.154 2.699 2.350 2.082 1.868 1.707 1.612 1.560 1.536 1.537 1.563 1.627 1.720 1.836 1.960 2.071 2.166 2.238 2.282 2.291 2.284 2.262 2.225 2.193
68.794 68.997 68.994 68.910 69.342 70.257 70.809 70.861 70.111 68.486 65.755 62.204 57.837 53.379 50.011 47.302 45.013 42.811 40.540 38.127 35.587 32.665 29.276 25.838 23.718 21.175 18.351 15.978 14.166 12.827 11.829 11.125 10.959 11.073 10.984 10.925 10.790 10.454 10.341 10.582 10.797 10.749 10.477 9.965 9.170 8.079 6.719 5.266 4.097 3.261 2.676 2.267 1.961 1.718 1.527 1.379 1.262 1.176 1.115 1.073 1.045 1.028 1.019 1.021 1.037 1.089 1.182 1.315 1.457 1.579 1.668 1.725 1.764 1.792 1.805 1.811
62.419 62.853 63.298 63.944 65.175 66.745 67.950 68.535 68.379 66.951 64.507 61.094 56.925 52.409 48.743 46.041 43.635 41.314 38.960 36.503 33.837 30.883 27.434 25.307 23.240 20.709 17.939 15.633 13.870 12.607 11.727 11.150 11.042 11.088 10.929 10.507 9.695 8.701 8.109 7.887 7.751 7.544 7.230 6.814 6.258 5.472 4.445 3.387 2.571 1.994 1.631 1.405 1.249 1.129 1.031 0.950 0.886 0.838 0.803 0.777 0.758 0.744 0.735 0.730 0.729 0.730 0.736 0.776 0.900 1.045 1.171 1.271 1.349 1.409 1.451 1.482
56.625 57.478 58.587 59.745 60.794 62.674 64.027 64.892 65.077 64.155 61.950 58.716 54.738 50.370 46.693 43.872 41.177 38.594 36.070 33.520 30.785 27.713 24.788 23.429 21.513 19.136 16.684 14.660 13.037 11.831 11.115 10.840 10.730 10.489 9.886 8.716 7.006 5.447 4.429 3.901 3.638 3.444 3.277 3.127 2.978 2.768 2.446 2.013 1.579 1.243 1.029 0.902 0.825 0.773 0.732 0.696 0.664 0.637 0.615 0.600 0.588 0.578 0.574 0.578 0.584 0.589 0.590 0.588 0.585 0.623 0.756 0.880 0.989 1.075 1.143 1.197
51.862 52.874 54.242 55.481 56.561 57.872 59.289 60.348 60.755 60.380 58.647 55.658 51.939 47.877 44.351 41.368 38.316 35.414 32.668 29.932 27.139 23.590 21.761 20.412 18.623 16.579 14.743 13.192 11.766 10.461 9.635 9.157 8.675 7.989 6.880 5.198 3.480 2.386 1.773 1.465 1.318 1.241 1.196 1.179 1.188 1.200 1.172 1.083 0.931 0.774 0.661 0.595 0.559 0.540 0.529 0.522 0.513 0.502 0.491 0.482 0.475 0.470 0.470 0.479 0.491 0.503 0.513 0.519 0.521 0.519 0.511 0.549 0.667 0.778 0.871 0.944
47.242 48.289 49.477 50.685 51.704 52.655 54.007 55.427 56.188 56.007 54.731 52.353 49.089 45.197 41.826 38.645 35.349 32.205 29.183 26.009 22.400 19.512 18.277 16.770 15.069 13.680 12.647 11.574 9.987 7.964 6.471 5.468 4.650 3.850 2.989 2.024 1.270 0.825 0.589 0.476 0.426 0.407 0.404 0.412 0.437 0.479 0.512 0.527 0.513 0.474 0.431 0.402 0.388 0.386 0.391 0.397 0.401 0.403 0.401 0.398 0.394 0.391 0.393 0.403 0.418 0.435 0.451 0.463 0.471 0.473 0.468 0.461 0.458 0.514 0.626 0.719
42.983 43.734 44.574 45.507 46.571 47.586 48.468 49.656 50.767 51.045 50.087 48.009 45.177 41.395 38.132 34.734 31.334 28.065 24.794 21.112 17.753 16.536 14.955 12.940 11.207 10.106 9.295 8.161 6.215 3.992 2.684 2.029 1.600 1.238 0.897 0.589 0.376 0.251 0.185 0.152 0.139 0.137 0.140 0.147 0.162 0.190 0.225 0.255 0.274 0.283 0.282 0.279 0.280 0.286 0.298 0.312 0.325 0.332 0.334 0.334 0.333 0.332 0.335 0.342 0.356 0.374 0.393 0.409 0.421 0.426 0.425 0.420 0.420 0.424 0.430 0.514
38.786 39.159 39.635 40.262 41.024 41.861 42.748 43.396 43.864 44.374 43.820 42.064 39.219 35.932 32.638 29.120 25.745 22.421 18.898 15.558 14.161 12.340 9.954 7.448 5.757 4.835 4.102 3.252 2.099 1.197 0.764 0.560 0.435 0.335 0.247 0.177 0.126 0.092 0.071 0.059 0.054 0.055 0.057 0.061 0.069 0.083 0.105 0.131 0.157 0.177 0.191 0.200 0.209 0.219 0.233 0.250 0.267 0.279 0.284 0.287 0.288 0.288 0.289 0.293 0.302 0.316 0.334 0.353 0.369 0.378 0.381 0.381 0.384 0.392 0.403 0.412
34.798 34.835 34.888 34.941 35.098 35.336 35.725 36.181 36.414 36.437 35.864 34.383 32.052 28.997 25.631 22.205 19.062 16.115 12.930 11.065 8.978 6.548 4.278 2.716 2.093 1.672 1.304 0.945 0.580 0.357 0.259 0.203 0.163 0.130 0.103 0.081 0.064 0.051 0.041 0.034 0.030 0.028 0.030 0.032 0.037 0.044 0.056 0.074 0.096 0.117 0.135 0.150 0.162 0.172 0.185 0.204 0.222 0.238 0.247 0.253 0.256 0.256 0.255 0.254 0.257 0.264 0.278 0.298 0.317 0.329 0.336 0.343 0.353 0.367 0.383 0.395
31.339 30.880 30.343 29.763 29.193 28.600 28.261 28.206 28.275 28.152 27.632 26.600 24.748 22.056 18.970 15.935 13.105 10.372 8.202 5.981 3.851 2.288 1.564 1.153 0.922 0.736 0.567 0.416 0.303 0.230 0.182 0.148 0.121 0.097 0.078 0.063 0.052 0.042 0.034 0.028 0.022 0.021 0.021 0.022 0.025 0.030 0.038 0.049 0.065 0.083 0.103 0.122 0.137 0.148 0.159 0.171 0.188 0.204 0.217 0.226 0.230 0.230 0.228 0.224 0.222 0.223 0.230 0.247 0.268 0.284 0.294 0.305 0.322 0.343 0.364 0.380
28.706 27.847 26.746 25.503 24.144 23.127 22.258 21.630 21.188 20.713 20.108 19.181 17.727 15.568 12.777 9.637 6.939 5.022 3.342 2.060 1.621 1.246 1.010 0.845 0.715 0.593 0.479 0.383 0.312 0.256 0.210 0.171 0.139 0.112 0.089 0.070 0.056 0.044 0.035 0.027 0.024 0.025 0.026 0.027 0.028 0.031 0.036 0.044 0.055 0.075 0.101 0.123 0.138 0.147 0.150 0.154 0.164 0.176 0.188 0.198 0.204 0.205 0.204 0.201 0.197 0.193 0.194 0.205 0.225 0.243 0.255 0.269 0.288 0.314 0.340 0.361
25.981 24.640 23.089 21.631 20.295 19.023 17.850 16.802 15.803 14.743 13.603 12.272 10.702 8.718 6.299 3.995 2.457 1.730 1.581 1.444 1.286 1.154 1.030 0.900 0.770 0.660 0.564 0.482 0.409 0.341 0.282 0.231 0.188 0.151 0.120 0.093 0.072 0.055 0.043 0.044 0.047 0.050 0.052 0.054 0.055 0.057 0.060 0.065 0.076 0.112 0.144 0.164 0.172 0.166 0.155 0.149 0.149 0.156 0.165 0.174 0.180 0.184 0.184 0.182 0.178 0.174 0.172 0.181 0.194 0.209 0.222 0.237 0.254 0.278 0.307 0.333
23.803 22.258 20.568 18.975 17.552 16.240 14.873 13.442 11.817 9.940 8.034 6.316 4.799 3.382 2.094 1.829 1.780 1.683 1.558 1.464 1.382 1.294 1.188 1.071 0.946 0.835 0.744 0.662 0.578 0.490 0.409 0.338 0.276 0.223 0.177 0.138 0.106 0.104 0.106 0.111 0.116 0.121 0.125 0.129 0.133 0.134 0.132 0.129 0.174 0.223 0.252 0.249 0.217 0.187 0.164 0.147 0.140 0.140 0.148 0.157 0.165 0.170 0.172 0.171 0.179 0.203 0.221 0.230 0.232 0.227 0.217 0.209 0.223 0.240 0.264 0.295
21.481 19.922 18.303 16.773 15.361 13.998 12.468 10.658 8.382 6.029 4.086 2.673 2.037 2.018 2.036 2.030 1.989 1.902 1.783 1.686 1.605 1.525 1.426 1.314 1.202 1.099 1.014 0.930 0.833 0.723 0.615 0.517 0.426 0.347 0.276 0.255 0.253 0.253 0.256 0.263 0.270 0.279 0.298 0.313 0.317 0.300 0.274 0.324 0.391 0.420 0.383 0.313 0.258 0.205 0.166 0.142 0.129 0.126 0.131 0.142 0.153 0.159 0.166 0.184 0.211 0.232 0.243 0.245 0.242 0.237 0.226 0.213 0.205 0.207 0.222 0.250
19.460 17.436 15.886 14.437 13.034 11.503 9.603 7.238 4.766 2.851 2.370 2.215 2.184 2.213 2.318 2.345 2.301 2.196 2.083 2.008 1.941 1.869 1.782 1.682 1.581 1.491 1.406 1.310 1.195 1.065 0.926 0.789 0.661 0.573 0.565 0.554 0.545 0.540 0.541 0.556 0.595 0.631 0.646 0.628 0.581 0.577 0.611 0.641 0.631 0.564 0.476 0.369 0.271 0.205 0.160 0.133 0.118 0.113 0.117 0.131 0.146 0.158 0.172 0.187 0.209 0.226 0.239 0.243 0.241 0.233 0.216 0.196 0.184 0.179 0.181 0.199
17.592 15.598 13.626 11.823 10.131 8.385 6.282 3.902 2.811 2.593 2.430 2.403 2.412 2.471 2.632 2.716 2.700 2.622 2.525 2.472 2.427 2.362 2.285 2.207 2.129 2.054 1.964 1.842 1.702 1.544 1.366 1.179 1.109 1.104 1.091 1.066 1.067 1.091 1.122 1.144 1.134 1.095 1.038 1.055 1.026 0.969 0.903 0.831 0.740 0.657 0.515 0.369 0.267 0.197 0.150 0.121 0.104 0.098 0.100 0.111 0.128 0.144 0.158 0.171 0.185 0.202 0.211 0.212 0.208 0.194 0.171 0.147 0.131 0.124 0.123 0.129
15.307 13.290 11.237 9.236 7.356 5.316 3.259 3.060 2.923 2.796 2.752 2.765 2.810 2.889 3.056 3.226 3.263 3.230 3.186 3.147 3.101 3.052 3.001 2.924 2.835 2.726 2.586 2.432 2.260 2.070 1.909 1.907 1.944 2.006 2.041 2.038 1.998 1.935 1.857 1.755 1.750 1.674 1.555 1.413 1.270 1.133 1.028 0.925 0.812 0.669 0.502 0.361 0.259 0.188 0.141 0.109 0.090 0.081 0.079 0.083 0.094 0.109 0.120 0.126 0.129 0.132 0.135 0.134 0.129 0.117 0.097 0.080 0.071 0.066 0.064 0.066
12.425 10.269 8.301 6.358 4.481 3.473 3.468 3.391 3.302 3.265 3.288 3.357 3.449 3.562 3.735 3.949 4.089 4.120 4.111 4.059 3.950 3.837 3.736 3.605 3.441 3.264 3.094 3.040 3.110 3.150 3.185 3.220 3.249 3.242 3.180 3.057 2.872 2.754 2.651 2.483 2.252 1.995 1.783 1.579 1.391 1.228 1.082 0.945 0.805 0.643 0.479 0.347 0.249 0.179 0.130 0.098 0.078 0.065 0.058 0.053 0.054 0.059 0.062 0.062 0.063 0.063 0.063 0.063 0.061 0.056 0.047 0.040 0.036 0.034 0.034 0.034
9.227 7.297 5.478 3.827 3.863 3.979 4.007 3.972 3.948 3.985 4.079 4.212 4.359 4.577 4.799 4.986 5.125 5.114 5.010 4.889 4.711 4.503 4.305 4.103 3.902 4.130 4.347 4.511 4.606 4.653 4.669 4.639 4.549 4.389 4.208 4.003 3.758 3.467 3.122 2.813 2.511 2.195 1.888 1.616 1.396 1.219 1.065 0.916 0.764 0.599 0.447 0.325 0.230 0.162 0.114 0.082 0.061 0.047 0.038 0.032 0.029 0.029 0.029 0.029 0.030 0.031 0.031 0.031 0.030 0.028 0.025 0.022 0.020 0.019 0.019 0.019
6.237 4.622 4.229 4.301 4.453 4.671 4.793 4.869 4.973 5.123 5.288 5.485 5.733 5.977 6.123 6.115 6.047 5.940 5.767 5.557 5.326 5.054 4.778 4.862 5.099 5.387 5.690 5.900 6.021 6.157 6.125 5.943 5.644 5.301 4.941 4.563 4.190 3.829 3.462 3.089 2.657 2.206 1.870 1.581 1.345 1.156 0.987 0.823 0.661 0.506 0.371 0.264 0.184 0.127 0.088 0.062 0.043 0.031 0.023 0.018 0.016 0.016 0.016 0.016 0.016 0.017 0.017 0.017 0.016 0.015 0.013 0.012 0.011 0.011 0.011 0.011
4.745 4.729 4.820 5.027 5.287 5.593 5.854 6.085 6.332 6.661 7.000 7.243 7.378 7.382 7.241 6.993 6.761 6.561 6.332 6.066 5.791 5.510 5.731 5.976 6.222 6.488 6.811 7.055 7.208 7.176 6.939 6.539 6.134 5.711 5.433 5.205 4.949 4.604 4.133 3.630 3.112 2.544 1.979 1.494 1.237 1.018 0.819 0.634 0.472 0.338 0.235 0.160 0.109 0.075 0.052 0.037 0.026 0.018 0.014 0.011 0.010 0.010 0.010 0.010 0.010 0.010 0.010 0.010 0.009 0.008 0.007 0.006 0.006 0.006 0.006 0.006
5.440 5.549 5.816 6.209 6.626 7.035 7.402 7.746 8.101 8.540 8.839 8.900 8.747 8.460 8.021 7.555 7.246 6.973 6.696 6.414 6.365 6.885 7.462 8.000 8.454 8.830 9.073 9.145 9.036 8.774 8.312 7.718 7.125 6.572 6.099 5.689 5.358 5.012 4.554 3.966 3.283 2.588 1.960 1.410 1.067 0.811 0.597 0.426 0.294 0.200 0.137 0.095 0.066 0.046 0.032 0.022 0.016 0.011 0.009 0.007 0.006 0.006 0.006 0.006 0.006 0.005 0.005 0.005 0.005 0.004 0.004 0.003 0.003 0.003 0.003 0.003
6.403 6.703 7.271 7.963 8.639 9.191 9.561 9.825 10.082 10.303 10.343 10.140 9.722 9.132 8.575 7.979 7.539 7.250 7.034 7.804 8.557 9.183 9.670 10.014 10.262 10.428 10.507 10.456 10.224 9.827 9.232 8.515 7.831 7.134 6.498 5.980 5.534 5.115 4.615 3.974 3.225 2.452 1.768 1.201 0.868 0.634 0.459 0.330 0.236 0.169 0.120 0.085 0.060 0.041 0.028 0.019 0.012 0.009 0.006 0.005 0.004 0.004 0.003 0.003 0.003 0.003 0.003 0.002 0.002 0.002 0.002 0.001 0.001 0.001 0.001 0.001
7.982 8.595 9.378 10.133 10.723 11.192 11.422 11.513 11.616 11.575 11.336 10.874 10.333 9.696 8.937 8.196 7.707 8.003 8.884 9.640 10.289 10.742 11.039 11.175 11.218 11.213 11.148 10.988 10.704 10.351 9.817 9.083 8.253 7.363 6.579 5.960 5.435 4.938 4.385 3.697 2.879 2.043 1.368 0.979 0.734 0.545 0.400 0.291 0.210 0.151 0.108 0.077 0.054 0.038 0.025 0.017 0.011 0.007 0.005 0.004 0.003 0.002 0.002 0.001 0.001 0.001 0.001 0.001 0.001 0.001 0.000 0.000 0.000 0.000 0.000 0.000
10.006 10.722 11.290 11.812 12.190 12.489 12.575 12.548 12.427 12.174 11.819 11.335 10.679 9.919 9.061 8.253 8.122 9.141 9.997 10.658 11.137 11.428 11.585 11.599 11.516 11.406 11.319 11.164 10.904 10.538 9.972 9.203 8.297 7.329 6.449 5.662 4.965 4.324 3.672 2.946 2.133 1.492 1.120 0.855 0.640 0.475 0.350 0.256 0.186 0.134 0.097 0.069 0.049 0.034 0.023 0.016 0.010 0.007 0.004 0.003 0.002 0.001 0.001 0.000 0.000 0.000 0.000 0.000 0.000 0.000 0.000 0.000 0.000 0.000 0.000 0.000
11.698 12.122 12.388 12.666 12.940 13.041 13.024 12.850 12.670 12.413 12.025 11.421 10.642 9.822 8.930 8.146 8.572 9.562 10.385 10.953 11.317 11.546 11.625 11.647 11.585 11.456 11.303 11.090 10.796 10.379 9.796 9.016 8.062 7.002 5.948 4.934 4.028 3.322 2.657 2.044 1.597 1.260 0.974 0.741 0.555 0.413 0.305 0.226 0.166 0.121 0.088 0.063 0.045 0.031 0.022 0.014 0.009 0.006 0.004 0.002 0.001 0.000 0.000 0.000 0.000 0.000 0.000 0.000 0.000 0.000 0.000 0.000 0.000 0.000 0.000 0.000
12.724 12.796 12.794 12.870 13.131 13.189 13.137 13.005 12.683 12.248 11.727 11.037 10.272 9.540 8.717 7.998 8.576 9.535 10.315 10.847 11.151 11.395 11.523 11.529 11.418 11.213 10.929 10.559 10.138 9.620 8.989 8.199 7.241 6.175 5.001 3.893 3.186 2.592 2.111 1.733 1.392 1.088 0.832 0.627 0.470 0.352 0.264 0.197 0.147 0.108 0.079 0.057 0.040 0.028 0.019 0.013 0.008 0.005 0.003 0.001 0.001 0.000 0.000 0.000 0.000 0.000 0.000 0.000 0.000 0.000 0.000 0.000 0.000 0.000 0.000 0.000
13.113 12.960 12.890 12.823 12.979 13.149 13.039 12.674 12.071 11.353 10.741 10.170 9.642 9.070 8.360 7.757 8.295 9.144 9.840 10.424 10.804 11.002 11.060 11.009 10.826 10.484 9.996 9.362 8.681 7.996 7.302 6.545 5.696 4.731 3.870 3.223 2.661 2.194 1.803 1.468 1.171 0.908 0.687 0.512 0.381 0.284 0.214 0.160 0.120 0.089 0.065 0.046 0.033 0.023 0.015 0.010 0.006 0.004 0.002 0.001 0.000 0.000 0.000 0.000 0.000 0.000 0.000 0.000 0.000 0.000 0.000 0.000 0.000 0.000 0.000 0.000
