RESULTS/r.avaflow_results/14_results/14_ascii/14_hflow30053.asc
ncols 506
nrows 317
xllcenter 498237.50
yllcenter 5580050.00
cellsize 12.50
NODATA_value -9999.000
[rows 204 to 237 of 317, columns 231 to 307 of 506]
0.000 0.001 0.001 0.002 0.003 0.004 0.005 0.006 0.007 0.009 0.010 0.013 0.015 0.017 0.018 0.018 0.018 0.018 0.017 0.016 0.015 0.015 0.015 0.016 0.016 0.017 0.017 0.017 0.017 0.017 0.017 0.017 0.018 0.018 0.018 0.019 0.020 0.020 0.020 0.020 0.021 0.021 0.022 0.023 0.024 0.025 0.026 0.027 0.027 0.028 0.030 0.032 0.035 0.037 0.040 0.044 0.051 0.059 0.063 0.064 0.061 0.054 0.047 0.041 0.037 0.035 0.034 0.035 0.036 0.038 0.042 0.047 0.053 0.062 0.072 0.086 0.103
0.000 0.000 0.001 0.001 0.002 0.002 0.003 0.004 0.005 0.006 0.008 0.009 0.011 0.012 0.012 0.013 0.013 0.013 0.013 0.012 0.012 0.012 0.013 0.013 0.014 0.014 0.014 0.015 0.015 0.015 0.016 0.016 0.016 0.016 0.017 0.017 0.018 0.018 0.018 0.019 0.019 0.019 0.020 0.022 0.023 0.024 0.025 0.025 0.026 0.027 0.029 0.031 0.034 0.037 0.040 0.043 0.048 0.054 0.057 0.058 0.056 0.050 0.044 0.040 0.037 0.035 0.035 0.035 0.037 0.040 0.044 0.052 0.064 0.084 0.110 0.141 0.172
0.000 0.000 0.000 0.000 0.001 0.001 0.002 0.002 0.003 0.004 0.005 0.006 0.008 0.008 0.009 0.009 0.009 0.010 0.010 0.010 0.010 0.010 0.010 0.011 0.011 0.012 0.012 0.013 0.013 0.014 0.014 0.015 0.015 0.015 0.016 0.016 0.017 0.017 0.017 0.018 0.018 0.019 0.020 0.021 0.022 0.023 0.024 0.025 0.026 0.028 0.030 0.032 0.036 0.038 0.040 0.043 0.047 0.052 0.055 0.056 0.054 0.048 0.043 0.039 0.037 0.035 0.035 0.036 0.039 0.043 0.051 0.064 0.091 0.137 0.197 0.253 0.294
0.000 0.000 0.000 0.000 0.000 0.000 0.001 0.001 0.002 0.003 0.003 0.004 0.005 0.006 0.006 0.007 0.007 0.007 0.007 0.008 0.008 0.008 0.008 0.009 0.009 0.010 0.011 0.011 0.012 0.013 0.013 0.014 0.014 0.015 0.015 0.015 0.016 0.016 0.017 0.017 0.018 0.019 0.020 0.021 0.022 0.023 0.025 0.026 0.028 0.030 0.033 0.036 0.039 0.041 0.043 0.044 0.047 0.052 0.055 0.055 0.053 0.048 0.043 0.039 0.037 0.037 0.037 0.038 0.042 0.049 0.063 0.091 0.146 0.238 0.326 0.382 0.407
0.000 0.000 0.000 0.000 0.000 0.000 0.000 0.000 0.001 0.001 0.002 0.003 0.003 0.004 0.004 0.005 0.005 0.005 0.006 0.006 0.006 0.006 0.007 0.007 0.008 0.009 0.009 0.010 0.011 0.012 0.012 0.013 0.013 0.014 0.014 0.015 0.016 0.016 0.017 0.017 0.018 0.019 0.020 0.021 0.022 0.024 0.026 0.028 0.031 0.035 0.039 0.044 0.047 0.048 0.048 0.048 0.049 0.052 0.055 0.055 0.053 0.048 0.043 0.040 0.039 0.039 0.040 0.042 0.049 0.061 0.086 0.134 0.217 0.325 0.405 0.446 0.456
0.000 0.000 0.000 0.000 0.000 0.000 0.000 0.000 0.000 0.000 0.001 0.001 0.002 0.002 0.003 0.003 0.003 0.004 0.004 0.004 0.005 0.005 0.006 0.006 0.007 0.007 0.008 0.009 0.010 0.011 0.011 0.012 0.013 0.014 0.014 0.015 0.015 0.016 0.017 0.017 0.018 0.019 0.020 0.021 0.023 0.025 0.028 0.032 0.038 0.045 0.052 0.057 0.058 0.056 0.053 0.052 0.052 0.054 0.056 0.056 0.054 0.049 0.044 0.042 0.042 0.042 0.044 0.050 0.060 0.080 0.114 0.172 0.261 0.358 0.423 0.452 0.454
0.000 0.000 0.000 0.000 0.000 0.000 0.000 0.000 0.000 0.000 0.000 0.001 0.001 0.001 0.001 0.002 0.002 0.002 0.003 0.003 0.003 0.004 0.004 0.005 0.005 0.006 0.007 0.008 0.009 0.010 0.011 0.012 0.013 0.014 0.014 0.015 0.015 0.016 0.016 0.017 0.018 0.019 0.020 0.021 0.023 0.026 0.031 0.039 0.051 0.061 0.068 0.070 0.068 0.061 0.055 0.053 0.053 0.054 0.056 0.057 0.055 0.051 0.047 0.046 0.047 0.049 0.053 0.062 0.076 0.098 0.134 0.191 0.275 0.353 0.398 0.410 0.397
0.000 0.000 0.000 0.000 0.000 0.000 0.000 0.000 0.000 0.000 0.000 0.000 0.000 0.000 0.001 0.001 0.001 0.001 0.002 0.002 0.002 0.003 0.003 0.004 0.004 0.005 0.006 0.007 0.008 0.009 0.010 0.011 0.013 0.014 0.014 0.015 0.015 0.016 0.016 0.017 0.017 0.018 0.020 0.021 0.024 0.028 0.036 0.051 0.067 0.077 0.080 0.078 0.071 0.062 0.055 0.053 0.052 0.054 0.056 0.056 0.055 0.052 0.051 0.052 0.054 0.058 0.064 0.073 0.087 0.108 0.142 0.195 0.261 0.307 0.319 0.304 0.265
0.000 0.000 0.000 0.000 0.000 0.000 0.000 0.000 0.000 0.000 0.000 0.000 0.000 0.000 0.000 0.000 0.000 0.001 0.001 0.001 0.001 0.002 0.002 0.003 0.003 0.004 0.005 0.006 0.007 0.008 0.010 0.011 0.013 0.014 0.015 0.015 0.015 0.016 0.016 0.016 0.017 0.018 0.019 0.022 0.025 0.031 0.044 0.064 0.080 0.086 0.086 0.081 0.071 0.061 0.054 0.051 0.051 0.052 0.054 0.055 0.054 0.053 0.053 0.055 0.059 0.064 0.071 0.079 0.090 0.109 0.139 0.178 0.206 0.212 0.199 0.171 0.136
0.000 0.000 0.000 0.000 0.000 0.000 0.000 0.000 0.000 0.000 0.000 0.000 0.000 0.000 0.000 0.000 0.000 0.000 0.000 0.000 0.001 0.001 0.001 0.002 0.003 0.003 0.004 0.005 0.006 0.007 0.009 0.011 0.012 0.014 0.015 0.015 0.016 0.016 0.016 0.016 0.017 0.018 0.020 0.022 0.027 0.035 0.051 0.072 0.085 0.088 0.087 0.080 0.069 0.058 0.051 0.048 0.048 0.049 0.051 0.052 0.052 0.052 0.053 0.056 0.060 0.066 0.072 0.078 0.088 0.102 0.119 0.130 0.128 0.121 0.109 0.090 0.071
0.000 0.000 0.000 0.000 0.000 0.000 0.000 0.000 0.000 0.000 0.000 0.000 0.000 0.000 0.000 0.000 0.000 0.000 0.000 0.000 0.000 0.000 0.001 0.001 0.002 0.002 0.003 0.004 0.005 0.007 0.008 0.010 0.012 0.014 0.015 0.016 0.016 0.016 0.016 0.017 0.017 0.018 0.020 0.023 0.029 0.039 0.057 0.075 0.085 0.087 0.085 0.077 0.066 0.055 0.047 0.044 0.043 0.043 0.044 0.046 0.047 0.048 0.050 0.054 0.058 0.063 0.068 0.072 0.077 0.080 0.081 0.079 0.075 0.070 0.062 0.052 0.044
0.000 0.000 0.000 0.000 0.000 0.000 0.000 0.000 0.000 0.000 0.000 0.000 0.000 0.000 0.000 0.000 0.000 0.000 0.000 0.000 0.000 0.000 0.000 0.001 0.001 0.002 0.002 0.003 0.004 0.006 0.007 0.009 0.011 0.013 0.015 0.016 0.017 0.017 0.017 0.017 0.018 0.019 0.021 0.024 0.031 0.042 0.059 0.073 0.080 0.080 0.078 0.070 0.060 0.049 0.042 0.038 0.036 0.036 0.036 0.037 0.039 0.041 0.044 0.047 0.051 0.054 0.057 0.057 0.056 0.054 0.052 0.050 0.049 0.046 0.041 0.036 0.033
0.000 0.000 0.000 0.000 0.000 0.000 0.000 0.000 0.000 0.000 0.000 0.000 0.000 0.000 0.000 0.000 0.000 0.000 0.000 0.000 0.000 0.000 0.000 0.000 0.001 0.001 0.002 0.002 0.004 0.005 0.006 0.008 0.010 0.012 0.014 0.016 0.017 0.017 0.018 0.018 0.019 0.020 0.022 0.026 0.033 0.044 0.058 0.067 0.069 0.067 0.063 0.057 0.049 0.041 0.035 0.031 0.029 0.029 0.029 0.029 0.030 0.032 0.035 0.038 0.040 0.040 0.041 0.040 0.039 0.038 0.038 0.037 0.036 0.035 0.032 0.030 0.029
0.000 0.000 0.000 0.000 0.000 0.000 0.000 0.000 0.000 0.000 0.000 0.000 0.000 0.000 0.000 0.000 0.000 0.000 0.000 0.000 0.000 0.000 0.000 0.000 0.000 0.001 0.001 0.002 0.003 0.004 0.005 0.007 0.009 0.011 0.013 0.015 0.016 0.017 0.018 0.019 0.020 0.021 0.023 0.027 0.033 0.043 0.051 0.054 0.053 0.049 0.045 0.041 0.036 0.031 0.028 0.025 0.024 0.024 0.024 0.024 0.025 0.026 0.028 0.029 0.030 0.030 0.030 0.030 0.029 0.029 0.030 0.030 0.030 0.030 0.029 0.028 0.027
0.000 0.000 0.000 0.000 0.000 0.000 0.000 0.000 0.000 0.000 0.000 0.000 0.000 0.000 0.000 0.000 0.000 0.000 0.000 0.000 0.000 0.000 0.000 0.000 0.000 0.000 0.001 0.001 0.002 0.003 0.004 0.006 0.008 0.010 0.012 0.014 0.016 0.017 0.018 0.019 0.020 0.022 0.024 0.027 0.033 0.038 0.040 0.040 0.038 0.035 0.032 0.030 0.027 0.024 0.022 0.021 0.021 0.021 0.021 0.021 0.022 0.023 0.023 0.024 0.024 0.024 0.024 0.024 0.024 0.025 0.025 0.027 0.027 0.028 0.027 0.027 0.028
0.000 0.000 0.000 0.000 0.000 0.000 0.000 0.000 0.000 0.000 0.000 0.000 0.000 0.000 0.000 0.000 0.000 0.000 0.000 0.000 0.000 0.000 0.000 0.000 0.000 0.000 0.000 0.001 0.001 0.002 0.003 0.004 0.006 0.008 0.010 0.013 0.015 0.017 0.018 0.019 0.021 0.022 0.024 0.027 0.030 0.031 0.031 0.030 0.029 0.027 0.025 0.023 0.022 0.020 0.019 0.019 0.019 0.019 0.019 0.019 0.020 0.020 0.021 0.021 0.021 0.021 0.021 0.021 0.021 0.022 0.023 0.025 0.026 0.027 0.028 0.028 0.029
0.000 0.000 0.000 0.000 0.000 0.000 0.000 0.000 0.000 0.000 0.000 0.000 0.000 0.000 0.000 0.000 0.000 0.000 0.000 0.000 0.000 0.000 0.000 0.000 0.000 0.000 0.000 0.000 0.001 0.001 0.002 0.003 0.005 0.006 0.008 0.011 0.014 0.016 0.018 0.019 0.021 0.022 0.023 0.025 0.025 0.025 0.025 0.024 0.023 0.022 0.020 0.019 0.018 0.018 0.017 0.017 0.018 0.018 0.018 0.019 0.019 0.019 0.019 0.019 0.019 0.019 0.019 0.019 0.020 0.021 0.022 0.024 0.026 0.028 0.029 0.031 0.033
0.000 0.000 0.000 0.000 0.000 0.000 0.000 0.000 0.000 0.000 0.000 0.000 0.000 0.000 0.000 0.000 0.000 0.000 0.000 0.000 0.000 0.000 0.000 0.000 0.000 0.000 0.000 0.000 0.000 0.001 0.001 0.002 0.003 0.005 0.007 0.009 0.012 0.015 0.017 0.019 0.020 0.020 0.021 0.021 0.021 0.020 0.020 0.020 0.019 0.018 0.017 0.016 0.016 0.016 0.016 0.016 0.017 0.017 0.018 0.018 0.018 0.018 0.018 0.018 0.018 0.018 0.018 0.018 0.019 0.020 0.022 0.024 0.027 0.030 0.033 0.038 0.041
0.000 0.000 0.000 0.000 0.000 0.000 0.000 0.000 0.000 0.000 0.000 0.000 0.000 0.000 0.000 0.000 0.000 0.000 0.000 0.000 0.000 0.000 0.000 0.000 0.000 0.000 0.000 0.000 0.000 0.000 0.001 0.001 0.002 0.004 0.005 0.007 0.010 0.013 0.016 0.017 0.018 0.018 0.018 0.017 0.017 0.017 0.016 0.016 0.016 0.015 0.015 0.014 0.014 0.015 0.015 0.015 0.016 0.017 0.018 0.018 0.018 0.018 0.018 0.018 0.018 0.018 0.018 0.018 0.019 0.020 0.022 0.025 0.029 0.035 0.043 0.052 0.059
0.000 0.000 0.000 0.000 0.000 0.000 0.000 0.000 0.000 0.000 0.000 0.000 0.000 0.000 0.000 0.000 0.000 0.000 0.000 0.000 0.000 0.000 0.000 0.000 0.000 0.000 0.000 0.000 0.000 0.000 0.000 0.001 0.001 0.002 0.004 0.006 0.008 0.011 0.013 0.014 0.014 0.014 0.014 0.013 0.013 0.013 0.013 0.013 0.013 0.013 0.013 0.013 0.013 0.013 0.014 0.015 0.016 0.017 0.018 0.018 0.018 0.018 0.018 0.018 0.018 0.018 0.018 0.018 0.019 0.020 0.024 0.029 0.036 0.048 0.067 0.085 0.096
0.000 0.000 0.000 0.000 0.000 0.000 0.000 0.000 0.000 0.000 0.000 0.000 0.000 0.000 0.000 0.000 0.000 0.000 0.000 0.000 0.000 0.000 0.000 0.000 0.000 0.000 0.000 0.000 0.000 0.000 0.000 0.000 0.001 0.002 0.003 0.004 0.006 0.008 0.009 0.010 0.010 0.010 0.010 0.010 0.010 0.010 0.010 0.011 0.011 0.011 0.011 0.011 0.012 0.012 0.013 0.014 0.015 0.017 0.018 0.018 0.018 0.018 0.018 0.018 0.018 0.018 0.018 0.018 0.020 0.022 0.027 0.037 0.053 0.082 0.127 0.162 0.180
0.000 0.000 0.000 0.000 0.000 0.000 0.000 0.000 0.000 0.000 0.000 0.000 0.000 0.000 0.000 0.000 0.000 0.000 0.000 0.000 0.000 0.000 0.000 0.000 0.000 0.000 0.000 0.000 0.000 0.000 0.000 0.000 0.000 0.001 0.002 0.003 0.004 0.005 0.006 0.007 0.007 0.007 0.007 0.007 0.008 0.008 0.008 0.008 0.008 0.009 0.009 0.010 0.010 0.011 0.012 0.013 0.014 0.016 0.017 0.018 0.018 0.018 0.018 0.018 0.018 0.018 0.018 0.019 0.022 0.027 0.036 0.055 0.093 0.162 0.262 0.333 0.366
0.000 0.000 0.000 0.000 0.000 0.000 0.000 0.000 0.000 0.000 0.000 0.000 0.000 0.000 0.000 0.000 0.000 0.000 0.000 0.000 0.000 0.000 0.000 0.000 0.000 0.000 0.000 0.000 0.000 0.000 0.000 0.000 0.000 0.000 0.001 0.001 0.002 0.003 0.004 0.004 0.005 0.005 0.005 0.005 0.005 0.005 0.006 0.006 0.006 0.007 0.008 0.008 0.009 0.010 0.011 0.012 0.014 0.015 0.017 0.017 0.018 0.018 0.018 0.018 0.018 0.018 0.019 0.021 0.024 0.032 0.047 0.077 0.137 0.251 0.419 0.543 0.595
0.000 0.000 0.000 0.000 0.000 0.000 0.000 0.000 0.000 0.000 0.000 0.000 0.000 0.000 0.000 0.000 0.000 0.000 0.000 0.000 0.000 0.000 0.000 0.000 0.000 0.000 0.000 0.000 0.000 0.000 0.000 0.000 0.000 0.000 0.000 0.001 0.001 0.002 0.002 0.002 0.003 0.003 0.003 0.003 0.003 0.003 0.004 0.004 0.005 0.005 0.006 0.007 0.007 0.008 0.010 0.011 0.013 0.014 0.015 0.016 0.017 0.017 0.017 0.017 0.017 0.018 0.019 0.021 0.025 0.034 0.051 0.086 0.155 0.286 0.486 0.636 0.696
0.000 0.000 0.000 0.000 0.000 0.000 0.000 0.000 0.000 0.000 0.000 0.000 0.000 0.000 0.000 0.000 0.000 0.000 0.000 0.000 0.000 0.000 0.000 0.000 0.000 0.000 0.000 0.000 0.000 0.000 0.000 0.000 0.000 0.000 0.000 0.000 0.000 0.001 0.001 0.001 0.001 0.001 0.001 0.002 0.002 0.002 0.002 0.003 0.003 0.004 0.004 0.005 0.006 0.007 0.008 0.009 0.011 0.012 0.013 0.014 0.015 0.016 0.016 0.016 0.016 0.017 0.018 0.021 0.025 0.034 0.051 0.085 0.151 0.278 0.475 0.621 0.679
0.000 0.000 0.000 0.000 0.000 0.000 0.000 0.000 0.000 0.000 0.000 0.000 0.000 0.000 0.000 0.000 0.000 0.000 0.000 0.000 0.000 0.000 0.000 0.000 0.000 0.000 0.000 0.000 0.000 0.000 0.000 0.000 0.000 0.000 0.000 0.000 0.000 0.000 0.000 0.000 0.000 0.000 0.000 0.000 0.001 0.001 0.001 0.001 0.002 0.002 0.003 0.003 0.004 0.005 0.006 0.007 0.009 0.010 0.011 0.012 0.012 0.013 0.014 0.014 0.015 0.016 0.017 0.019 0.023 0.030 0.044 0.070 0.120 0.218 0.367 0.472 0.515
0.000 0.000 0.000 0.000 0.000 0.000 0.000 0.000 0.000 0.000 0.000 0.000 0.000 0.000 0.000 0.000 0.000 0.000 0.000 0.000 0.000 0.000 0.000 0.000 0.000 0.000 0.000 0.000 0.000 0.000 0.000 0.000 0.000 0.000 0.000 0.000 0.000 0.000 0.000 0.000 0.000 0.000 0.000 0.000 0.000 0.000 0.000 0.001 0.001 0.001 0.002 0.002 0.003 0.003 0.004 0.005 0.006 0.007 0.008 0.009 0.009 0.010 0.011 0.011 0.012 0.013 0.014 0.016 0.019 0.022 0.029 0.041 0.064 0.110 0.179 0.223 0.237
0.000 0.000 0.000 0.000 0.000 0.000 0.000 0.000 0.000 0.000 0.000 0.000 0.000 0.000 0.000 0.000 0.000 0.000 0.000 0.000 0.000 0.000 0.000 0.000 0.000 0.000 0.000 0.000 0.000 0.000 0.000 0.000 0.000 0.000 0.000 0.000 0.000 0.000 0.000 0.000 0.000 0.000 0.000 0.000 0.000 0.000 0.000 0.000 0.000 0.001 0.001 0.001 0.002 0.002 0.003 0.004 0.004 0.005 0.006 0.006 0.007 0.007 0.008 0.008 0.009 0.010 0.011 0.012 0.013 0.015 0.018 0.023 0.033 0.050 0.075 0.088 0.090
0.000 0.000 0.000 0.000 0.000 0.000 0.000 0.000 0.000 0.000 0.000 0.000 0.000 0.000 0.000 0.000 0.000 0.000 0.000 0.000 0.000 0.000 0.000 0.000 0.000 0.000 0.000 0.000 0.000 0.000 0.000 0.000 0.000 0.000 0.000 0.000 0.000 0.000 0.000 0.000 0.000 0.000 0.000 0.000 0.000 0.000 0.000 0.000 0.000 0.000 0.000 0.001 0.001 0.001 0.002 0.002 0.003 0.003 0.004 0.004 0.005 0.005 0.006 0.006 0.007 0.007 0.008 0.009 0.009 0.011 0.012 0.015 0.019 0.027 0.035 0.039 0.039
0.000 0.000 0.000 0.000 0.000 0.000 0.000 0.000 0.000 0.000 0.000 0.000 0.000 0.000 0.000 0.000 0.000 0.000 0.000 0.000 0.000 0.000 0.000 0.000 0.000 0.000 0.000 0.000 0.000 0.000 0.000 0.000 0.000 0.000 0.000 0.000 0.000 0.000 0.000 0.000 0.000 0.000 0.000 0.000 0.000 0.000 0.000 0.000 0.000 0.000 0.000 0.000 0.000 0.001 0.001 0.001 0.001 0.002 0.002 0.003 0.003 0.004 0.004 0.004 0.005 0.005 0.006 0.006 0.007 0.008 0.009 0.010 0.013 0.016 0.020 0.021 0.021
0.000 0.000 0.000 0.000 0.000 0.000 0.000 0.000 0.000 0.000 0.000 0.000 0.000 0.000 0.000 0.000 0.000 0.000 0.000 0.000 0.000 0.000 0.000 0.000 0.000 0.000 0.000 0.000 0.000 0.000 0.000 0.000 0.000 0.000 0.000 0.000 0.000 0.000 0.000 0.000 0.000 0.000 0.000 0.000 0.000 0.000 0.000 0.000 0.000 0.000 0.000 0.000 0.000 0.000 0.000 0.000 0.001 0.001 0.001 0.002 0.002 0.002 0.003 0.003 0.003 0.003 0.004 0.004 0.005 0.005 0.006 0.007 0.009 0.011 0.012 0.013 0.013
0.000 0.000 0.000 0.000 0.000 0.000 0.000 0.000 0.000 0.000 0.000 0.000 0.000 0.000 0.000 0.000 0.000 0.000 0.000 0.000 0.000 0.000 0.000 0.000 0.000 0.000 0.000 0.000 0.000 0.000 0.000 0.000 0.000 0.000 0.000 0.000 0.000 0.000 0.000 0.000 0.000 0.000 0.000 0.000 0.000 0.000 0.000 0.000 0.000 0.000 0.000 0.000 0.000 0.000 0.000 0.000 0.000 0.000 0.001 0.001 0.001 0.001 0.001 0.002 0.002 0.002 0.002 0.003 0.003 0.003 0.004 0.005 0.006 0.007 0.008 0.008 0.008
0.000 0.000 0.000 0.000 0.000 0.000 0.000 0.000 0.000 0.000 0.000 0.000 0.000 0.000 0.000 0.000 0.000 0.000 0.000 0.000 0.000 0.000 0.000 0.000 0.000 0.000 0.000 0.000 0.000 0.000 0.000 0.000 0.000 0.000 0.000 0.000 0.000 0.000 0.000 0.000 0.000 0.000 0.000 0.000 0.000 0.000 0.000 0.000 0.000 0.000 0.000 0.000 0.000 0.000 0.000 0.000 0.000 0.000 0.000 0.000 0.000 0.001 0.001 0.001 0.001 0.001 0.001 0.001 0.002 0.002 0.002 0.003 0.004 0.004 0.005 0.005 0.005
0.000 0.000 0.000 0.000 0.000 0.000 0.000 0.000 0.000 0.000 0.000 0.000 0.000 0.000 0.000 0.000 0.000 0.000 0.000 0.000 0.000 0.000 0.000 0.000 0.000 0.000 0.000 0.000 0.000 0.000 0.000 0.000 0.000 0.000 0.000 0.000 0.000 0.000 0.000 0.000 0.000 0.000 0.000 0.000 0.000 0.000 0.000 0.000 0.000 0.000 0.000 0.000 0.000 0.000 0.000 0.000 0.000 0.000 0.000 0.000 0.000 0.000 0.000 0.000 0.000 0.000 0.000 0.001 0.001 0.001 0.001 0.001 0.002 0.002 0.003 0.003 0.003
