RESULTS/r.avaflow_results/14_results/14_ascii/14_hflow0030.asc
ncols 506
nrows 317
xllcenter 498237.50
yllcenter 5580050.00
cellsize 12.50
NODATA_value -9999.000
[rows 204 to 237 of 317, columns 77 to 153 of 506]
0.343 0.255 0.191 0.158 0.151 0.192 0.480 1.689 4.479 8.689 13.591 17.990 21.544 24.183 26.297 27.775 28.918 30.201 31.367 32.204 33.146 34.086 34.657 35.264 35.471 35.341 35.418 35.200 35.194 35.050 34.610 34.134 33.519 32.595 31.894 31.490 31.009 30.854 30.671 30.450 30.564 30.462 30.568 30.259 30.023 29.461 28.804 28.021 27.104 25.916 24.324 22.458 20.081 17.589 15.417 13.474 11.821 10.334 8.976 7.750 6.660 5.754 5.008 4.411 3.898 3.422 2.930 2.391 1.814 1.309 0.919 0.669 0.562 0.554 0.651 0.969 1.539
0.307 0.234 0.180 0.152 0.145 0.178 0.421 1.510 4.199 8.401 13.399 17.999 21.708 24.403 26.238 27.703 28.731 29.894 30.767 31.445 32.189 32.892 33.446 33.990 34.324 34.360 34.642 34.455 34.293 34.073 33.541 33.137 32.465 31.529 30.734 30.228 29.582 29.251 28.980 28.720 28.769 28.666 28.870 28.744 28.532 28.021 27.295 26.306 25.118 23.729 21.933 19.850 17.187 14.612 12.443 10.502 8.820 7.338 6.058 4.997 4.190 3.641 3.289 3.049 2.826 2.574 2.262 1.868 1.407 1.015 0.735 0.585 0.548 0.602 0.839 1.309 1.887
0.289 0.221 0.175 0.151 0.146 0.165 0.335 1.193 3.569 7.539 12.498 17.406 21.415 24.343 26.167 27.650 28.451 29.310 30.069 30.612 31.154 31.574 31.895 32.340 32.597 32.563 32.809 32.750 32.607 32.535 32.090 31.747 31.264 30.243 29.424 28.576 27.867 27.403 27.123 26.787 26.784 26.765 26.894 27.016 26.858 26.447 25.704 24.565 23.113 21.476 19.370 16.956 14.252 11.783 9.663 7.784 6.149 4.791 3.738 2.978 2.500 2.254 2.169 2.132 2.069 1.944 1.737 1.442 1.092 0.811 0.631 0.562 0.577 0.723 1.052 1.535 2.003
0.293 0.222 0.180 0.159 0.155 0.164 0.241 0.747 2.555 6.041 10.761 16.009 20.590 23.844 25.757 27.055 27.766 28.330 28.977 29.280 29.641 29.839 29.832 30.106 30.392 30.461 30.743 30.565 30.417 30.359 30.000 29.765 29.360 28.638 28.048 27.011 26.226 25.479 25.086 24.744 24.802 24.825 24.903 25.079 24.896 24.582 23.800 22.542 20.850 18.884 16.419 13.866 11.427 9.184 7.208 5.491 4.089 3.022 2.280 1.823 1.598 1.530 1.539 1.557 1.542 1.467 1.317 1.092 0.845 0.666 0.572 0.555 0.616 0.810 1.146 1.582 1.971
0.341 0.253 0.207 0.186 0.179 0.181 0.210 0.417 1.454 4.119 8.435 13.903 19.108 22.802 24.955 26.146 26.750 27.097 27.432 27.562 27.746 27.626 27.419 27.583 27.782 27.880 28.155 27.967 27.946 27.963 27.761 27.661 27.363 26.944 26.315 25.303 24.398 23.498 22.975 22.577 22.581 22.550 22.663 22.941 22.864 22.562 21.774 20.395 18.486 16.136 13.480 11.042 8.868 6.889 5.191 3.798 2.742 2.010 1.557 1.312 1.207 1.179 1.175 1.179 1.167 1.105 0.982 0.807 0.651 0.557 0.523 0.537 0.626 0.827 1.140 1.509 1.830
0.477 0.347 0.278 0.243 0.224 0.217 0.226 0.300 0.757 2.443 6.016 11.343 17.013 21.177 23.668 24.988 25.536 25.810 25.860 25.785 25.598 25.094 24.661 24.638 24.793 25.070 25.349 25.202 25.169 25.013 24.865 24.847 24.643 24.458 23.966 23.117 22.212 21.280 20.572 20.071 19.937 19.896 20.128 20.535 20.517 20.239 19.436 17.936 15.906 13.460 10.875 8.649 6.734 5.099 3.761 2.733 2.007 1.534 1.249 1.090 1.005 0.959 0.932 0.917 0.893 0.831 0.719 0.584 0.494 0.458 0.457 0.491 0.591 0.769 1.021 1.303 1.570
0.739 0.538 0.421 0.353 0.309 0.281 0.273 0.300 0.456 1.272 3.757 8.437 14.336 18.949 21.891 23.563 24.191 24.442 24.186 23.903 23.461 22.724 22.129 21.894 21.944 22.223 22.377 22.428 22.441 22.277 22.197 22.107 21.914 21.754 21.420 20.797 20.006 19.173 18.379 17.640 17.163 17.005 17.202 17.700 17.762 17.544 16.801 15.364 13.435 11.131 8.792 6.821 5.179 3.872 2.873 2.145 1.636 1.294 1.075 0.937 0.850 0.792 0.754 0.726 0.690 0.626 0.523 0.417 0.359 0.346 0.356 0.391 0.462 0.572 0.724 0.910 1.117
1.153 0.859 0.668 0.550 0.463 0.398 0.361 0.356 0.405 0.687 1.942 5.255 10.714 16.015 19.606 21.830 22.696 22.899 22.621 22.283 21.869 21.142 20.508 19.978 19.823 20.027 20.112 20.411 20.596 20.525 20.436 20.232 19.883 19.609 19.203 18.738 18.157 17.462 16.690 15.826 14.991 14.445 14.360 14.669 14.732 14.553 13.924 12.729 11.113 9.155 7.159 5.495 4.157 3.129 2.369 1.808 1.398 1.111 0.922 0.797 0.715 0.657 0.615 0.580 0.537 0.475 0.385 0.295 0.242 0.219 0.214 0.222 0.238 0.268 0.327 0.423 0.545
1.731 1.337 1.061 0.876 0.725 0.600 0.515 0.477 0.480 0.566 1.005 2.718 6.592 11.993 16.682 19.628 20.910 21.223 21.200 21.085 20.972 20.480 19.883 19.100 18.745 18.711 18.770 19.146 19.534 19.642 19.573 19.280 18.685 18.322 17.880 17.529 17.029 16.413 15.636 14.796 13.833 12.767 11.897 11.533 11.373 11.201 10.820 10.049 8.902 7.466 5.864 4.509 3.442 2.623 2.003 1.533 1.189 0.942 0.775 0.664 0.590 0.538 0.498 0.463 0.421 0.365 0.288 0.210 0.156 0.123 0.102 0.090 0.084 0.086 0.100 0.136 0.190
2.479 1.989 1.628 1.368 1.134 0.922 0.768 0.686 0.661 0.682 0.831 1.517 3.707 7.868 13.046 16.841 18.570 19.382 19.999 20.420 20.747 20.788 20.397 19.675 19.108 18.875 18.921 19.267 19.788 19.978 19.899 19.584 18.800 18.265 17.811 17.453 16.980 16.449 15.716 14.885 13.891 12.555 10.415 8.381 7.448 7.258 7.265 7.153 6.650 5.780 4.652 3.609 2.785 2.151 1.661 1.282 0.996 0.786 0.637 0.536 0.470 0.427 0.394 0.364 0.328 0.281 0.218 0.149 0.099 0.064 0.042 0.029 0.023 0.022 0.023 0.032 0.048
3.388 2.816 2.379 2.047 1.724 1.404 1.161 1.023 0.969 0.962 1.018 1.311 2.424 5.117 9.505 13.776 16.403 18.213 19.596 20.664 21.664 23.142 23.461 22.877 22.006 21.542 21.588 21.934 22.525 22.731 22.626 22.221 21.219 20.302 19.746 19.339 18.889 18.441 17.843 17.039 15.878 13.943 9.989 5.988 4.087 3.557 3.620 3.977 4.205 3.996 3.434 2.731 2.141 1.689 1.333 1.047 0.820 0.642 0.510 0.415 0.353 0.316 0.294 0.273 0.248 0.212 0.161 0.103 0.060 0.032 0.016 0.009 0.006 0.005 0.005 0.006 0.010
4.426 3.804 3.291 2.890 2.491 2.071 1.730 1.522 1.432 1.405 1.413 1.553 2.183 3.923 7.165 11.414 15.247 18.100 20.351 22.904 24.250 25.099 24.819 24.012 23.041 22.486 22.612 22.940 23.462 23.735 23.575 23.128 22.103 21.049 20.486 20.046 19.575 19.174 18.598 17.850 16.674 14.692 10.026 4.691 2.118 1.285 1.216 1.520 1.981 2.166 2.090 1.820 1.494 1.228 1.010 0.819 0.652 0.506 0.388 0.299 0.238 0.204 0.189 0.180 0.168 0.146 0.108 0.064 0.033 0.015 0.006 0.003 0.001 0.001 0.001 0.001 0.002
5.576 4.930 4.334 3.852 3.375 2.879 2.461 2.189 2.061 2.015 2.005 2.066 2.462 3.765 6.393 10.401 15.395 19.770 22.581 24.429 25.028 24.783 23.710 22.696 21.812 21.353 21.466 21.751 22.145 22.410 22.292 21.834 20.863 19.764 19.103 18.503 17.841 17.254 16.560 15.850 14.777 13.250 9.554 3.969 1.173 0.388 0.264 0.328 0.582 0.803 0.893 0.893 0.819 0.729 0.648 0.564 0.469 0.361 0.259 0.183 0.133 0.106 0.095 0.092 0.089 0.079 0.058 0.032 0.015 0.006 0.002 0.001 0.001 0.001 0.001 0.001 0.001
6.670 6.008 5.355 4.809 4.283 3.763 3.311 3.001 2.852 2.810 2.814 2.900 3.273 4.465 7.054 11.278 17.080 21.265 23.178 23.591 23.424 22.585 21.157 19.976 19.116 18.777 18.802 18.992 19.260 19.513 19.497 19.129 18.383 17.291 16.359 15.460 14.376 13.250 12.211 11.307 10.326 9.350 7.166 2.775 0.540 0.093 0.043 0.043 0.084 0.167 0.236 0.287 0.311 0.310 0.298 0.276 0.240 0.185 0.127 0.084 0.056 0.040 0.034 0.033 0.033 0.031 0.023 0.011 0.005 0.002 0.001 0.001 0.001 0.001 0.001 0.001 0.001
7.645 6.950 6.258 5.698 5.184 4.697 4.272 3.968 3.838 3.834 3.958 4.372 5.330 7.245 10.659 14.663 18.428 20.377 21.026 20.609 19.917 18.713 17.266 16.152 15.349 14.972 14.828 14.862 14.956 15.158 15.208 14.980 14.518 13.706 12.676 11.492 10.068 8.505 7.127 5.977 5.035 4.211 2.955 0.940 0.116 0.011 0.005 0.005 0.007 0.018 0.036 0.055 0.072 0.084 0.089 0.089 0.081 0.064 0.042 0.026 0.016 0.010 0.009 0.008 0.008 0.008 0.006 0.003 0.001 0.001 0.001 0.001 0.001 0.001 0.001 0.001 0.001
8.497 7.767 7.069 6.533 6.083 5.683 5.367 5.177 5.130 5.406 6.166 7.480 9.628 11.802 14.012 16.091 17.370 17.605 17.114 16.155 15.104 13.995 12.863 11.869 10.963 10.283 9.854 9.682 9.691 9.870 10.073 10.090 9.901 9.467 8.782 7.847 6.486 4.777 3.387 2.398 1.746 1.236 0.668 0.142 0.007 0.001 0.001 0.001 0.001 0.001 0.003 0.007 0.012 0.016 0.018 0.018 0.018 0.015 0.009 0.006 0.003 0.002 0.002 0.002 0.002 0.002 0.001 0.001 0.001 0.001 0.001 0.001 0.001 0.001 0.001 0.001 0.001
9.218 8.475 7.799 7.316 7.000 6.797 6.690 6.884 7.459 8.635 10.627 12.223 13.244 13.889 14.441 14.900 14.693 13.924 12.719 11.386 10.190 9.184 8.235 7.250 6.211 5.365 4.881 4.687 4.679 4.812 5.125 5.409 5.534 5.495 5.260 4.663 3.536 2.152 1.206 0.687 0.426 0.251 0.092 0.010 0.000 0.001 0.001 0.001 0.001 0.001 0.001 0.001 0.002 0.002 0.003 0.003 0.003 0.003 0.002 0.001 0.001 0.001 0.001 0.001 0.001 0.001 0.001 0.001 0.001 0.001 0.001 0.001 0.001 0.001 0.001 0.001 0.001
9.835 9.121 8.511 8.102 7.928 8.121 8.840 10.128 12.056 13.554 14.498 14.774 14.463 14.048 13.569 12.858 11.854 10.624 9.138 7.592 6.308 5.291 4.392 3.488 2.595 1.942 1.620 1.518 1.512 1.583 1.795 2.086 2.282 2.362 2.343 2.084 1.429 0.699 0.314 0.153 0.082 0.038 0.010 0.001 0.000 0.001 0.001 0.001 0.001 0.001 0.001 0.001 0.001 0.001 0.001 0.001 0.001 0.001 0.001 0.001 0.001 0.001 0.001 0.001 0.001 0.001 0.001 0.001 0.001 0.001 0.001 0.001 0.001 0.001 0.001 0.001 0.001
10.356 9.705 9.192 8.904 8.866 9.789 12.784 14.977 16.058 16.380 16.100 15.532 14.762 13.717 12.538 11.249 9.841 8.295 6.631 5.058 3.774 2.805 2.031 1.342 0.791 0.475 0.350 0.316 0.312 0.327 0.386 0.499 0.592 0.644 0.659 0.602 0.383 0.160 0.066 0.028 0.013 0.005 0.001 0.001 0.001 0.001 0.001 0.001 0.001 0.001 0.001 0.001 0.001 0.001 0.001 0.001 0.001 0.001 0.001 0.001 0.001 0.001 0.001 0.001 0.001 0.001 0.001 0.001 0.001 0.001 0.001 0.001 0.001 0.001 0.001 0.001 0.001
10.829 10.240 9.879 9.751 10.090 12.251 16.252 17.871 17.866 17.625 16.991 16.019 14.865 13.430 11.855 10.256 8.635 6.952 5.263 3.783 2.612 1.753 1.118 0.636 0.318 0.162 0.099 0.076 0.068 0.066 0.072 0.090 0.109 0.119 0.123 0.119 0.078 0.030 0.011 0.004 0.002 0.001 0.001 0.001 0.001 0.001 0.001 0.001 0.001 0.001 0.001 0.001 0.001 0.001 0.001 0.001 0.001 0.001 0.001 0.001 0.001 0.001 0.001 0.001 0.001 0.001 0.001 0.001 0.001 0.001 0.001 0.001 0.001 0.001 0.001 0.001 0.001
11.269 10.753 10.526 10.767 12.559 16.244 18.848 19.257 18.964 18.389 17.463 16.279 14.871 13.160 11.360 9.642 7.991 6.342 4.753 3.381 2.285 1.456 0.854 0.447 0.214 0.105 0.058 0.038 0.028 0.023 0.019 0.018 0.019 0.019 0.019 0.019 0.013 0.005 0.002 0.001 0.001 0.001 0.001 0.001 0.001 0.001 0.001 0.001 0.001 0.001 0.001 0.001 0.001 0.001 0.001 0.001 0.001 0.001 0.001 0.001 0.001 0.001 0.001 0.001 0.001 0.001 0.001 0.001 0.001 0.001 0.001 0.001 0.001 0.001 0.001 0.001 0.001
11.746 11.300 11.151 12.207 16.227 19.536 20.148 19.993 19.579 18.819 17.750 16.395 14.850 12.998 11.136 9.407 7.779 6.189 4.688 3.354 2.246 1.377 0.756 0.374 0.177 0.089 0.050 0.032 0.023 0.016 0.011 0.007 0.005 0.003 0.003 0.003 0.002 0.001 0.001 0.001 0.001 0.001 0.001 0.001 0.001 0.001 0.001 0.001 0.001 0.001 0.001 0.001 0.001 0.001 0.001 0.001 0.001 0.001 0.001 0.001 0.001 0.001 0.001 0.001 0.001 0.001 0.001 0.001 0.001 0.001 0.001 0.001 0.001 0.001 0.001 0.001 0.001
12.265 11.960 12.109 14.337 18.958 20.821 20.844 20.530 19.892 18.965 17.767 16.380 14.795 12.923 11.150 9.467 7.857 6.287 4.821 3.467 2.288 1.343 0.696 0.328 0.154 0.080 0.048 0.031 0.021 0.014 0.009 0.005 0.002 0.001 0.001 0.001 0.001 0.000 0.000 0.001 0.001 0.001 0.001 0.001 0.001 0.001 0.001 0.001 0.001 0.001 0.001 0.001 0.001 0.001 0.001 0.001 0.001 0.001 0.001 0.001 0.001 0.001 0.001 0.001 0.001 0.001 0.001 0.001 0.001 0.001 0.001 0.001 0.001 0.001 0.001 0.001 0.001
12.880 12.912 14.257 17.829 20.760 21.279 21.243 20.731 20.004 19.044 17.816 16.358 14.722 12.930 11.312 9.726 8.127 6.514 4.983 3.562 2.311 1.306 0.641 0.290 0.138 0.076 0.047 0.031 0.021 0.013 0.007 0.004 0.002 0.001 0.001 0.000 0.000 0.000 0.000 0.000 0.001 0.001 0.001 0.001 0.001 0.001 0.001 0.001 0.001 0.001 0.001 0.001 0.001 0.001 0.001 0.001 0.001 0.001 0.001 0.001 0.001 0.001 0.001 0.001 0.001 0.001 0.001 0.001 0.001 0.001 0.001 0.001 0.001 0.001 0.001 0.001 0.001
13.607 14.835 18.020 20.748 21.466 21.359 21.224 20.722 19.926 18.933 17.689 16.264 14.685 12.959 11.404 9.859 8.244 6.576 4.996 3.549 2.266 1.236 0.579 0.256 0.126 0.074 0.048 0.032 0.021 0.012 0.006 0.003 0.001 0.001 0.000 0.000 0.000 0.000 0.000 0.000 0.000 0.000 0.000 0.000 0.001 0.001 0.001 0.001 0.001 0.001 0.001 0.001 0.001 0.001 0.001 0.001 0.001 0.001 0.001 0.001 0.001 0.001 0.001 0.001 0.001 0.001 0.001 0.001 0.001 0.001 0.001 0.001 0.001 0.001 0.001 0.001 0.001
14.597 17.916 20.989 21.672 21.650 21.541 21.213 20.590 19.742 18.759 17.613 16.285 14.718 12.997 11.432 9.875 8.252 6.557 4.913 3.412 2.100 1.093 0.492 0.219 0.118 0.075 0.050 0.033 0.020 0.011 0.005 0.002 0.001 0.001 0.000 0.000 0.000 0.000 0.000 0.001 0.001 0.001 0.001 0.001 0.001 0.001 0.001 0.001 0.001 0.001 0.001 0.001 0.001 0.001 0.001 0.001 0.001 0.001 0.001 0.001 0.001 0.001 0.001 0.001 0.001 0.001 0.001 0.001 0.001 0.001 0.001 0.001 0.001 0.001 0.001 0.001 0.001
16.334 20.388 22.135 22.174 21.896 21.582 21.169 20.480 19.612 18.589 17.444 16.166 14.693 13.061 11.448 9.865 8.197 6.419 4.638 3.046 1.739 0.845 0.380 0.190 0.115 0.077 0.052 0.033 0.019 0.010 0.004 0.002 0.001 0.000 0.000 0.000 0.000 0.000 0.000 0.000 0.000 0.000 0.000 0.000 0.001 0.001 0.001 0.001 0.001 0.001 0.001 0.001 0.001 0.001 0.001 0.001 0.001 0.001 0.001 0.001 0.001 0.001 0.001 0.001 0.001 0.001 0.001 0.001 0.001 0.001 0.001 0.001 0.001 0.001 0.001 0.001 0.001
19.721 22.141 22.513 22.448 22.089 21.579 21.060 20.297 19.460 18.487 17.241 15.932 14.492 13.055 11.431 9.817 8.036 6.106 4.178 2.548 1.359 0.656 0.322 0.181 0.117 0.079 0.052 0.032 0.017 0.008 0.003 0.001 0.001 0.000 0.000 0.000 0.000 0.000 0.000 0.000 0.001 0.001 0.001 0.001 0.001 0.001 0.001 0.001 0.001 0.001 0.001 0.001 0.001 0.001 0.001 0.001 0.001 0.001 0.001 0.001 0.001 0.001 0.001 0.001 0.001 0.001 0.001 0.001 0.001 0.001 0.000 0.001 0.001 0.001 0.001 0.001 0.001
22.385 22.907 22.800 22.652 22.381 21.735 21.167 20.417 19.519 18.481 17.185 15.874 14.431 13.033 11.407 9.734 7.821 5.734 3.793 2.236 1.179 0.591 0.311 0.183 0.119 0.079 0.050 0.028 0.014 0.006 0.002 0.001 0.000 0.000 0.000 0.000 0.000 0.000 0.000 0.001 0.001 0.001 0.001 0.001 0.001 0.001 0.001 0.001 0.001 0.001 0.001 0.001 0.001 0.001 0.001 0.001 0.001 0.001 0.001 0.001 0.001 0.001 0.001 0.001 0.001 0.001 0.001 0.001 0.001 0.001 0.001 0.000 0.001 0.001 0.001 0.001 0.001
23.221 23.264 23.107 22.828 22.578 22.019 21.417 20.541 19.569 18.460 17.189 15.832 14.389 12.944 11.315 9.563 7.555 5.397 3.505 2.056 1.109 0.580 0.316 0.187 0.118 0.074 0.043 0.021 0.009 0.003 0.001 0.001 0.000 0.000 0.000 0.001 0.000 0.000 0.000 0.001 0.001 0.001 0.001 0.001 0.001 0.001 0.001 0.001 0.001 0.001 0.001 0.001 0.001 0.001 0.001 0.001 0.001 0.001 0.001 0.001 0.001 0.000 0.001 0.001 0.001 0.001 0.001 0.001 0.001 0.001 0.001 0.000 0.000 0.001 0.001 0.001 0.001
23.405 23.344 23.157 22.939 22.661 22.156 21.611 20.733 19.697 18.513 17.182 15.792 14.354 12.899 11.242 9.384 7.230 5.079 3.270 1.930 1.067 0.577 0.320 0.185 0.110 0.062 0.031 0.013 0.005 0.002 0.001 0.001 0.000 0.000 0.000 0.000 0.000 0.000 0.000 0.001 0.001 0.001 0.001 0.001 0.001 0.001 0.001 0.001 0.001 0.001 0.001 0.001 0.001 0.001 0.001 0.001 0.001 0.001 0.001 0.001 0.001 0.000 0.000 0.001 0.001 0.001 0.001 0.001 0.001 0.001 0.001 0.001 0.000 0.000 0.001 0.001 0.001
23.337 23.330 23.125 22.878 22.659 22.183 21.628 20.829 19.838 18.631 17.229 15.821 14.354 12.811 11.056 9.075 6.850 4.767 3.054 1.811 1.016 0.560 0.311 0.173 0.092 0.045 0.019 0.007 0.003 0.001 0.001 0.000 0.000 0.000 0.000 0.000 0.000 0.000 0.000 0.001 0.001 0.001 0.001 0.001 0.001 0.001 0.001 0.001 0.001 0.001 0.001 0.001 0.001 0.001 0.001 0.001 0.001 0.001 0.001 0.001 0.001 0.001 0.000 0.000 0.000 0.001 0.001 0.001 0.001 0.001 0.001 0.001 0.001 0.000 0.000 0.001 0.001
23.300 23.198 22.962 22.708 22.564 22.197 21.684 20.903 19.887 18.635 17.183 15.631 14.115 12.521 10.719 8.651 6.417 4.430 2.822 1.661 0.923 0.504 0.273 0.141 0.066 0.028 0.010 0.004 0.001 0.001 0.000 0.000 0.000 0.000 0.000 0.000 0.000 0.000 0.000 0.001 0.001 0.001 0.001 0.001 0.001 0.001 0.001 0.001 0.001 0.001 0.001 0.001 0.001 0.001 0.001 0.001 0.001 0.001 0.001 0.001 0.001 0.001 0.001 0.000 0.000 0.000 0.001 0.001 0.001 0.001 0.001 0.001 0.001 0.001 0.000 0.001 0.001
23.152 22.886 22.560 22.290 22.206 21.922 21.499 20.812 19.816 18.513 16.984 15.325 13.709 12.041 10.153 8.031 5.885 4.018 2.508 1.425 0.753 0.384 0.190 0.087 0.036 0.014 0.005 0.002 0.001 0.001 0.000 0.000 0.000 0.000 0.000 0.000 0.000 0.000 0.000 0.000 0.000 0.000 0.000 0.000 0.001 0.001 0.001 0.001 0.001 0.001 0.001 0.001 0.001 0.001 0.001 0.001 0.001 0.001 0.001 0.001 0.001 0.001 0.001 0.001 0.000 0.000 0.000 0.001 0.001 0.001 0.001 0.001 0.001 0.001 0.000 0.001 0.001
