RESULTS/r.avaflow_results/14_results/14_ascii/14_hflow0018.asc
ncols 506
nrows 317
xllcenter 498237.50
yllcenter 5580050.00
cellsize 12.50
NODATA_value -9999.000
[rows 136 to 169 of 317, columns 154 to 230 of 506]
0.006 0.008 0.008 0.008 0.008 0.008 0.008 0.007 0.006 0.005 0.005 0.005 0.005 0.005 0.005 0.005 0.005 0.005 0.005 0.005 0.004 0.004 0.004 0.003 0.003 0.003 0.003 0.002 0.002 0.002 0.001 0.001 0.000 0.000 0.000 0.000 0.000 0.000 0.000 0.000 0.000 0.000 0.000 0.000 0.000 0.000 0.000 0.000 0.000 0.000 0.000 0.000 0.000 0.000 0.000 0.000 0.000 0.000 0.000 0.000 0.000 0.000 0.000 0.000 0.000 0.000 0.000 0.000 0.000 0.000 0.000 0.000 0.000 0.000 0.000 0.000 0.000
0.011 0.013 0.015 0.015 0.015 0.015 0.013 0.011 0.010 0.009 0.009 0.009 0.009 0.009 0.009 0.009 0.009 0.009 0.008 0.008 0.007 0.007 0.006 0.006 0.005 0.005 0.005 0.004 0.004 0.003 0.003 0.002 0.001 0.001 0.000 0.000 0.000 0.000 0.000 0.000 0.000 0.000 0.000 0.000 0.000 0.000 0.000 0.000 0.000 0.000 0.000 0.000 0.000 0.000 0.000 0.000 0.000 0.000 0.000 0.000 0.000 0.000 0.000 0.000 0.000 0.000 0.000 0.000 0.000 0.000 0.000 0.000 0.000 0.000 0.000 0.000 0.000
0.018 0.023 0.026 0.028 0.028 0.026 0.022 0.018 0.015 0.014 0.014 0.014 0.014 0.014 0.014 0.014 0.013 0.013 0.013 0.012 0.011 0.010 0.009 0.009 0.008 0.008 0.007 0.007 0.006 0.005 0.004 0.003 0.002 0.002 0.001 0.001 0.000 0.000 0.000 0.000 0.000 0.000 0.000 0.000 0.000 0.000 0.000 0.000 0.000 0.000 0.000 0.000 0.000 0.000 0.000 0.000 0.000 0.000 0.000 0.000 0.000 0.000 0.000 0.000 0.000 0.000 0.000 0.000 0.000 0.000 0.000 0.000 0.000 0.000 0.000 0.000 0.000
0.030 0.041 0.048 0.051 0.051 0.047 0.039 0.030 0.024 0.021 0.021 0.021 0.021 0.021 0.022 0.021 0.021 0.021 0.020 0.019 0.017 0.015 0.013 0.012 0.011 0.011 0.010 0.010 0.009 0.008 0.007 0.005 0.004 0.003 0.002 0.002 0.001 0.001 0.000 0.000 0.000 0.000 0.000 0.000 0.000 0.000 0.000 0.000 0.000 0.000 0.000 0.000 0.000 0.000 0.000 0.000 0.000 0.000 0.000 0.000 0.000 0.000 0.000 0.000 0.000 0.000 0.000 0.000 0.000 0.000 0.000 0.000 0.000 0.000 0.000 0.000 0.000
0.049 0.067 0.077 0.081 0.081 0.077 0.066 0.050 0.039 0.033 0.032 0.032 0.034 0.036 0.036 0.036 0.035 0.034 0.033 0.030 0.026 0.022 0.019 0.017 0.016 0.015 0.014 0.013 0.012 0.011 0.009 0.008 0.006 0.005 0.004 0.003 0.002 0.001 0.001 0.000 0.000 0.000 0.000 0.000 0.000 0.000 0.000 0.000 0.000 0.000 0.000 0.000 0.000 0.000 0.000 0.000 0.000 0.000 0.000 0.000 0.000 0.000 0.000 0.000 0.000 0.000 0.000 0.000 0.000 0.000 0.000 0.000 0.000 0.000 0.000 0.000 0.000
0.065 0.082 0.093 0.097 0.096 0.093 0.083 0.067 0.056 0.051 0.050 0.053 0.060 0.068 0.070 0.070 0.068 0.066 0.062 0.055 0.045 0.036 0.030 0.025 0.023 0.021 0.020 0.018 0.017 0.015 0.013 0.010 0.008 0.007 0.006 0.004 0.003 0.002 0.002 0.001 0.000 0.000 0.000 0.000 0.000 0.000 0.000 0.000 0.000 0.000 0.000 0.000 0.000 0.000 0.000 0.000 0.000 0.000 0.000 0.000 0.000 0.000 0.000 0.000 0.000 0.000 0.000 0.000 0.000 0.000 0.000 0.000 0.000 0.000 0.000 0.000 0.000
0.070 0.085 0.095 0.098 0.098 0.095 0.087 0.073 0.065 0.063 0.066 0.077 0.098 0.126 0.143 0.148 0.147 0.143 0.133 0.116 0.092 0.069 0.053 0.041 0.034 0.030 0.028 0.025 0.023 0.020 0.016 0.013 0.011 0.009 0.008 0.006 0.005 0.004 0.003 0.002 0.001 0.001 0.000 0.000 0.000 0.000 0.000 0.000 0.000 0.000 0.000 0.000 0.000 0.000 0.000 0.000 0.000 0.000 0.000 0.000 0.000 0.000 0.000 0.000 0.000 0.000 0.000 0.000 0.000 0.000 0.000 0.000 0.000 0.000 0.000 0.000 0.000
0.068 0.080 0.087 0.089 0.090 0.088 0.082 0.072 0.066 0.066 0.072 0.087 0.118 0.168 0.215 0.242 0.250 0.248 0.236 0.212 0.176 0.136 0.101 0.074 0.057 0.047 0.041 0.036 0.031 0.025 0.021 0.017 0.014 0.012 0.010 0.008 0.007 0.005 0.004 0.003 0.002 0.001 0.001 0.000 0.000 0.000 0.000 0.000 0.000 0.000 0.000 0.000 0.000 0.000 0.000 0.000 0.000 0.000 0.000 0.000 0.000 0.000 0.000 0.000 0.000 0.000 0.000 0.000 0.000 0.000 0.000 0.000 0.000 0.000 0.000 0.000 0.000
0.058 0.063 0.065 0.066 0.066 0.066 0.065 0.062 0.061 0.063 0.070 0.087 0.120 0.174 0.239 0.280 0.295 0.295 0.285 0.264 0.233 0.197 0.158 0.119 0.089 0.068 0.055 0.045 0.037 0.031 0.025 0.021 0.018 0.015 0.013 0.011 0.009 0.007 0.006 0.005 0.004 0.003 0.002 0.001 0.001 0.001 0.000 0.000 0.000 0.000 0.000 0.000 0.000 0.000 0.000 0.000 0.000 0.000 0.000 0.000 0.000 0.000 0.000 0.000 0.000 0.000 0.000 0.000 0.000 0.000 0.000 0.000 0.000 0.000 0.000 0.000 0.000
0.042 0.043 0.042 0.042 0.041 0.042 0.043 0.044 0.047 0.051 0.060 0.076 0.105 0.156 0.225 0.272 0.291 0.292 0.285 0.269 0.246 0.217 0.184 0.145 0.108 0.081 0.064 0.052 0.042 0.035 0.029 0.025 0.021 0.018 0.015 0.013 0.011 0.010 0.008 0.007 0.005 0.004 0.003 0.002 0.002 0.001 0.001 0.001 0.001 0.001 0.001 0.001 0.001 0.001 0.001 0.001 0.001 0.000 0.000 0.000 0.000 0.000 0.000 0.000 0.000 0.000 0.000 0.000 0.000 0.000 0.000 0.000 0.000 0.000 0.000 0.000 0.000
0.031 0.031 0.031 0.030 0.029 0.029 0.029 0.030 0.032 0.036 0.041 0.051 0.070 0.106 0.164 0.212 0.235 0.241 0.241 0.237 0.227 0.210 0.185 0.152 0.115 0.087 0.069 0.056 0.047 0.039 0.033 0.029 0.025 0.021 0.019 0.016 0.014 0.012 0.011 0.009 0.007 0.006 0.005 0.004 0.003 0.003 0.003 0.002 0.002 0.002 0.002 0.002 0.002 0.002 0.002 0.002 0.002 0.001 0.001 0.001 0.001 0.001 0.001 0.000 0.000 0.000 0.000 0.000 0.000 0.000 0.000 0.000 0.000 0.000 0.000 0.000 0.000
0.025 0.025 0.025 0.024 0.023 0.023 0.023 0.023 0.024 0.026 0.029 0.033 0.041 0.056 0.085 0.114 0.131 0.141 0.149 0.158 0.168 0.173 0.165 0.144 0.114 0.089 0.072 0.061 0.051 0.044 0.038 0.033 0.028 0.025 0.022 0.020 0.017 0.015 0.013 0.011 0.010 0.008 0.007 0.006 0.005 0.005 0.004 0.004 0.004 0.004 0.005 0.005 0.005 0.005 0.004 0.004 0.004 0.003 0.003 0.002 0.002 0.002 0.002 0.001 0.001 0.001 0.001 0.001 0.000 0.000 0.000 0.000 0.000 0.000 0.000 0.000 0.000
0.023 0.022 0.022 0.021 0.020 0.020 0.020 0.020 0.020 0.021 0.023 0.025 0.028 0.034 0.045 0.059 0.068 0.074 0.080 0.088 0.100 0.114 0.122 0.120 0.107 0.089 0.075 0.065 0.056 0.049 0.042 0.037 0.032 0.029 0.026 0.023 0.021 0.019 0.017 0.014 0.012 0.010 0.009 0.008 0.007 0.007 0.007 0.007 0.007 0.007 0.008 0.008 0.008 0.008 0.008 0.007 0.007 0.006 0.005 0.005 0.004 0.004 0.004 0.003 0.003 0.002 0.002 0.002 0.001 0.001 0.001 0.001 0.001 0.001 0.001 0.001 0.001
0.021 0.021 0.020 0.020 0.019 0.019 0.019 0.019 0.019 0.019 0.020 0.021 0.023 0.026 0.030 0.036 0.041 0.045 0.050 0.055 0.063 0.074 0.085 0.091 0.091 0.085 0.076 0.069 0.061 0.054 0.047 0.042 0.037 0.033 0.030 0.028 0.026 0.024 0.021 0.018 0.016 0.013 0.012 0.010 0.010 0.009 0.009 0.010 0.010 0.011 0.012 0.012 0.012 0.012 0.012 0.011 0.010 0.009 0.009 0.008 0.007 0.007 0.006 0.006 0.005 0.004 0.004 0.003 0.003 0.003 0.003 0.002 0.002 0.002 0.002 0.002 0.002
0.022 0.021 0.020 0.019 0.019 0.019 0.018 0.018 0.018 0.018 0.019 0.020 0.021 0.022 0.025 0.027 0.030 0.033 0.037 0.041 0.046 0.052 0.062 0.071 0.077 0.078 0.076 0.070 0.065 0.059 0.053 0.048 0.043 0.040 0.037 0.035 0.032 0.029 0.026 0.023 0.020 0.017 0.015 0.014 0.013 0.013 0.013 0.013 0.014 0.016 0.018 0.019 0.019 0.019 0.018 0.016 0.015 0.014 0.013 0.012 0.011 0.010 0.009 0.009 0.008 0.007 0.007 0.006 0.006 0.005 0.005 0.005 0.005 0.005 0.005 0.004 0.004
0.025 0.023 0.021 0.020 0.019 0.019 0.018 0.018 0.018 0.018 0.019 0.019 0.020 0.021 0.023 0.024 0.026 0.028 0.031 0.034 0.037 0.042 0.048 0.056 0.065 0.071 0.073 0.071 0.067 0.063 0.059 0.055 0.052 0.049 0.046 0.044 0.041 0.037 0.033 0.029 0.025 0.021 0.019 0.018 0.017 0.017 0.017 0.018 0.020 0.025 0.028 0.030 0.030 0.029 0.027 0.023 0.021 0.019 0.018 0.016 0.015 0.014 0.013 0.012 0.012 0.011 0.010 0.009 0.009 0.008 0.008 0.008 0.008 0.008 0.008 0.007 0.007
0.041 0.031 0.026 0.023 0.021 0.020 0.019 0.018 0.018 0.018 0.019 0.019 0.020 0.021 0.022 0.023 0.024 0.026 0.028 0.030 0.033 0.036 0.041 0.046 0.054 0.063 0.068 0.069 0.068 0.067 0.066 0.064 0.063 0.061 0.059 0.056 0.051 0.047 0.042 0.037 0.032 0.027 0.025 0.023 0.022 0.022 0.023 0.026 0.031 0.041 0.051 0.055 0.055 0.053 0.046 0.036 0.029 0.026 0.024 0.022 0.020 0.019 0.018 0.017 0.016 0.015 0.014 0.013 0.013 0.012 0.012 0.012 0.012 0.012 0.011 0.011 0.011
0.111 0.069 0.046 0.034 0.027 0.023 0.021 0.020 0.019 0.019 0.019 0.020 0.020 0.021 0.022 0.023 0.024 0.025 0.027 0.028 0.030 0.033 0.037 0.041 0.047 0.056 0.063 0.067 0.069 0.070 0.071 0.072 0.072 0.071 0.069 0.065 0.061 0.057 0.052 0.047 0.040 0.035 0.032 0.031 0.030 0.031 0.034 0.040 0.053 0.080 0.114 0.125 0.126 0.119 0.099 0.068 0.049 0.039 0.033 0.030 0.027 0.026 0.024 0.023 0.021 0.020 0.019 0.018 0.017 0.017 0.017 0.016 0.016 0.016 0.016 0.016 0.015
0.393 0.227 0.131 0.077 0.049 0.034 0.027 0.023 0.022 0.021 0.021 0.021 0.021 0.022 0.022 0.023 0.024 0.025 0.026 0.028 0.029 0.032 0.035 0.039 0.044 0.051 0.059 0.065 0.070 0.074 0.076 0.078 0.078 0.077 0.074 0.070 0.067 0.064 0.061 0.057 0.051 0.046 0.043 0.042 0.043 0.047 0.055 0.072 0.107 0.183 0.302 0.348 0.347 0.322 0.262 0.173 0.110 0.076 0.057 0.047 0.041 0.036 0.033 0.031 0.029 0.027 0.026 0.024 0.023 0.023 0.023 0.023 0.023 0.023 0.022 0.021 0.021
1.366 0.827 0.460 0.246 0.133 0.076 0.048 0.035 0.028 0.026 0.024 0.023 0.023 0.023 0.024 0.024 0.025 0.026 0.027 0.028 0.029 0.031 0.034 0.038 0.043 0.050 0.057 0.064 0.071 0.077 0.080 0.082 0.082 0.080 0.077 0.073 0.072 0.071 0.070 0.068 0.064 0.061 0.060 0.061 0.067 0.080 0.102 0.145 0.232 0.418 0.733 0.953 0.978 0.903 0.746 0.526 0.327 0.204 0.136 0.099 0.077 0.063 0.053 0.047 0.043 0.040 0.038 0.036 0.034 0.033 0.033 0.033 0.033 0.032 0.031 0.029 0.028
3.587 2.472 1.511 0.838 0.435 0.224 0.121 0.073 0.051 0.040 0.034 0.030 0.028 0.027 0.027 0.027 0.027 0.027 0.028 0.028 0.029 0.031 0.035 0.039 0.044 0.049 0.056 0.064 0.073 0.080 0.084 0.085 0.085 0.083 0.079 0.076 0.076 0.076 0.077 0.079 0.079 0.080 0.084 0.093 0.109 0.137 0.183 0.267 0.431 0.716 1.144 1.614 1.922 2.002 1.844 1.490 1.041 0.648 0.413 0.280 0.201 0.149 0.112 0.089 0.077 0.070 0.065 0.060 0.057 0.054 0.053 0.052 0.051 0.048 0.044 0.040 0.038
6.903 5.391 3.780 2.346 1.333 0.705 0.370 0.206 0.127 0.087 0.065 0.051 0.042 0.037 0.033 0.032 0.031 0.030 0.030 0.030 0.031 0.033 0.036 0.040 0.045 0.050 0.056 0.064 0.074 0.083 0.087 0.089 0.089 0.087 0.082 0.080 0.080 0.082 0.086 0.091 0.097 0.106 0.120 0.142 0.174 0.222 0.297 0.426 0.634 0.933 1.328 1.831 2.353 2.709 2.832 2.731 2.394 1.840 1.292 0.893 0.629 0.446 0.316 0.230 0.180 0.154 0.137 0.124 0.114 0.107 0.102 0.098 0.092 0.081 0.066 0.057 0.053
9.993 8.555 6.875 4.990 3.224 1.932 1.116 0.644 0.388 0.250 0.172 0.122 0.088 0.066 0.052 0.044 0.040 0.037 0.036 0.035 0.035 0.036 0.039 0.043 0.047 0.051 0.057 0.065 0.077 0.087 0.092 0.094 0.094 0.092 0.088 0.086 0.087 0.090 0.096 0.107 0.122 0.145 0.176 0.218 0.271 0.342 0.443 0.589 0.788 1.041 1.369 1.807 2.363 2.873 3.190 3.305 3.252 3.059 2.741 2.335 1.865 1.392 0.986 0.696 0.513 0.408 0.344 0.302 0.273 0.252 0.234 0.216 0.194 0.157 0.115 0.090 0.079
12.481 11.085 9.555 7.845 5.947 4.155 2.762 1.803 1.173 0.778 0.529 0.360 0.240 0.160 0.111 0.081 0.064 0.055 0.049 0.046 0.045 0.045 0.046 0.049 0.052 0.056 0.061 0.069 0.081 0.093 0.100 0.103 0.102 0.101 0.099 0.099 0.100 0.105 0.115 0.135 0.165 0.209 0.266 0.333 0.410 0.500 0.612 0.749 0.909 1.096 1.323 1.630 2.079 2.649 3.141 3.403 3.507 3.543 3.527 3.466 3.316 3.017 2.549 1.987 1.475 1.125 0.918 0.794 0.710 0.645 0.588 0.532 0.462 0.355 0.232 0.160 0.127
14.499 13.050 11.599 10.068 8.468 6.847 5.301 3.921 2.813 2.002 1.429 1.008 0.690 0.456 0.295 0.196 0.139 0.106 0.087 0.076 0.068 0.065 0.064 0.064 0.066 0.070 0.075 0.082 0.092 0.105 0.113 0.117 0.118 0.118 0.119 0.122 0.126 0.135 0.155 0.193 0.250 0.323 0.410 0.505 0.601 0.699 0.804 0.915 1.031 1.155 1.308 1.512 1.789 2.176 2.668 3.141 3.457 3.626 3.751 3.876 3.964 3.965 3.846 3.582 3.165 2.689 2.297 2.015 1.802 1.634 1.476 1.317 1.128 0.849 0.526 0.326 0.229
16.348 14.719 13.224 11.795 10.411 9.036 7.682 6.355 5.081 3.904 2.925 2.173 1.608 1.158 0.798 0.539 0.372 0.268 0.203 0.161 0.134 0.116 0.107 0.104 0.104 0.106 0.109 0.114 0.120 0.129 0.136 0.140 0.144 0.147 0.152 0.160 0.174 0.200 0.245 0.315 0.408 0.515 0.629 0.742 0.843 0.932 1.013 1.091 1.168 1.253 1.362 1.522 1.742 2.012 2.331 2.697 3.076 3.424 3.698 3.931 4.142 4.299 4.369 4.343 4.234 4.070 3.925 3.815 3.722 3.605 3.373 3.020 2.572 1.963 1.210 0.709 0.451
18.145 16.341 14.718 13.274 11.968 10.703 9.467 8.244 7.011 5.758 4.633 3.710 2.958 2.321 1.757 1.299 0.959 0.714 0.538 0.411 0.318 0.255 0.219 0.204 0.198 0.194 0.190 0.187 0.182 0.179 0.181 0.184 0.189 0.195 0.204 0.223 0.262 0.326 0.419 0.536 0.665 0.797 0.925 1.034 1.117 1.176 1.225 1.274 1.333 1.409 1.512 1.655 1.839 2.062 2.315 2.555 2.779 3.020 3.307 3.642 3.985 4.283 4.478 4.579 4.628 4.661 4.711 4.772 4.892 5.150 5.341 5.224 4.812 3.959 2.621 1.501 0.910
19.828 17.915 16.214 14.688 13.349 12.087 10.881 9.711 8.536 7.324 6.187 5.281 4.523 3.811 3.127 2.510 1.997 1.586 1.258 0.990 0.772 0.607 0.499 0.442 0.411 0.387 0.364 0.338 0.307 0.281 0.267 0.264 0.266 0.273 0.293 0.338 0.421 0.548 0.706 0.867 1.019 1.156 1.271 1.351 1.392 1.415 1.436 1.468 1.526 1.627 1.780 1.975 2.167 2.343 2.493 2.603 2.689 2.772 2.885 3.068 3.355 3.737 4.120 4.415 4.617 4.767 4.894 5.023 5.220 5.638 6.199 6.434 6.350 5.831 4.523 2.828 1.718
21.266 19.392 17.671 16.090 14.667 13.351 12.144 11.021 9.919 8.812 7.733 6.834 6.094 5.406 4.727 4.051 3.418 2.866 2.391 1.978 1.616 1.313 1.084 0.932 0.835 0.763 0.694 0.620 0.535 0.466 0.424 0.407 0.405 0.417 0.464 0.560 0.709 0.907 1.117 1.300 1.453 1.573 1.648 1.677 1.669 1.658 1.662 1.692 1.770 1.920 2.165 2.416 2.581 2.671 2.700 2.680 2.640 2.607 2.605 2.636 2.705 2.841 3.094 3.444 3.832 4.190 4.489 4.757 5.056 5.557 6.318 6.800 6.924 6.724 5.810 4.114 2.715
22.377 20.649 18.943 17.373 15.913 14.584 13.387 12.308 11.295 10.302 9.346 8.475 7.716 7.044 6.388 5.705 5.036 4.420 3.856 3.342 2.870 2.427 2.048 1.760 1.551 1.390 1.240 1.084 0.918 0.783 0.697 0.661 0.657 0.687 0.781 0.948 1.180 1.439 1.663 1.839 1.969 2.047 2.068 2.031 1.965 1.935 1.937 1.987 2.106 2.275 2.493 2.680 2.766 2.777 2.741 2.664 2.548 2.425 2.332 2.260 2.200 2.153 2.144 2.201 2.346 2.601 2.936 3.344 3.882 4.646 5.754 6.649 6.967 6.920 6.345 4.944 3.506
23.144 21.562 19.974 18.484 17.072 15.798 14.653 13.633 12.714 11.825 10.999 10.209 9.462 8.750 8.024 7.266 6.583 5.996 5.457 4.943 4.426 3.871 3.343 2.930 2.605 2.321 2.051 1.781 1.513 1.300 1.165 1.109 1.106 1.156 1.295 1.528 1.858 2.170 2.381 2.516 2.591 2.612 2.570 2.452 2.332 2.296 2.317 2.402 2.496 2.574 2.665 2.753 2.782 2.759 2.673 2.524 2.331 2.135 1.969 1.817 1.666 1.533 1.443 1.386 1.354 1.375 1.455 1.634 1.980 2.682 4.002 5.632 6.542 6.717 6.384 5.314 4.003
23.871 22.282 20.816 19.474 18.171 16.988 15.914 14.976 14.156 13.377 12.636 11.898 11.184 10.451 9.656 8.807 8.063 7.460 6.916 6.394 5.836 5.185 4.528 4.030 3.668 3.374 3.079 2.750 2.392 2.094 1.908 1.828 1.823 1.880 2.031 2.302 2.740 3.110 3.287 3.347 3.337 3.267 3.155 3.000 2.856 2.790 2.777 2.785 2.757 2.715 2.704 2.714 2.687 2.595 2.417 2.169 1.888 1.620 1.392 1.205 1.057 0.952 0.883 0.824 0.766 0.731 0.729 0.775 0.921 1.286 2.124 3.788 5.398 6.023 5.992 5.320 4.209
24.955 23.287 21.813 20.498 19.287 18.166 17.163 16.331 15.651 15.010 14.350 13.637 12.912 12.165 11.341 10.440 9.604 8.915 8.291 7.685 7.030 6.267 5.474 4.848 4.409 4.123 3.904 3.681 3.421 3.156 2.956 2.856 2.839 2.884 3.009 3.260 3.685 3.998 4.096 4.077 3.958 3.787 3.648 3.518 3.383 3.247 3.112 2.973 2.835 2.716 2.619 2.514 2.370 2.153 1.847 1.503 1.191 0.957 0.797 0.688 0.606 0.546 0.504 0.467 0.421 0.386 0.377 0.388 0.451 0.644 1.144 2.259 3.881 4.866 5.128 4.915 4.217
26.357 24.738 23.291 21.912 20.660 19.561 18.590 17.847 17.334 16.853 16.296 15.603 14.841 14.063 13.247 12.354 11.426 10.552 9.740 8.971 8.179 7.288 6.348 5.569 4.982 4.605 4.400 4.269 4.147 4.024 3.941 3.907 3.906 3.929 3.988 4.116 4.384 4.585 4.620 4.544 4.329 4.096 3.951 3.821 3.674 3.488 3.246 2.988 2.755 2.528 2.286 2.003 1.674 1.333 1.029 0.797 0.635 0.524 0.451 0.402 0.362 0.328 0.300 0.273 0.242 0.217 0.211 0.216 0.249 0.360 0.665 1.376 2.650 3.708 4.117 4.163 3.944
