RESULTS/r.avaflow_results/14_results/14_ascii/14_hflow0034.asc
ncols 506
nrows 317
xllcenter 498237.50
yllcenter 5580050.00
cellsize 12.50
NODATA_value -9999.000
[rows 204 to 237 of 317, columns 231 to 307 of 506]
0.000 0.001 0.001 0.002 0.002 0.003 0.004 0.006 0.007 0.009 0.011 0.013 0.016 0.018 0.019 0.020 0.020 0.019 0.019 0.018 0.018 0.018 0.019 0.021 0.023 0.025 0.026 0.027 0.028 0.028 0.029 0.029 0.029 0.029 0.029 0.029 0.029 0.030 0.030 0.029 0.030 0.031 0.033 0.035 0.036 0.036 0.036 0.037 0.037 0.037 0.039 0.042 0.047 0.051 0.057 0.064 0.077 0.102 0.126 0.134 0.134 0.128 0.117 0.102 0.086 0.074 0.068 0.065 0.066 0.068 0.072 0.078 0.085 0.095 0.112 0.144 0.197
0.000 0.000 0.000 0.001 0.001 0.002 0.003 0.004 0.005 0.006 0.008 0.009 0.011 0.012 0.013 0.014 0.014 0.014 0.014 0.014 0.014 0.015 0.016 0.017 0.019 0.021 0.023 0.024 0.026 0.026 0.026 0.026 0.027 0.027 0.027 0.027 0.028 0.028 0.028 0.028 0.029 0.030 0.032 0.034 0.034 0.035 0.035 0.035 0.036 0.036 0.039 0.043 0.048 0.054 0.060 0.067 0.079 0.102 0.123 0.131 0.131 0.124 0.112 0.098 0.084 0.075 0.070 0.070 0.071 0.074 0.080 0.087 0.100 0.124 0.168 0.242 0.356
0.000 0.000 0.000 0.000 0.000 0.001 0.002 0.002 0.003 0.004 0.005 0.007 0.008 0.009 0.010 0.010 0.011 0.011 0.011 0.012 0.012 0.012 0.013 0.015 0.016 0.018 0.019 0.021 0.023 0.024 0.024 0.024 0.025 0.025 0.025 0.026 0.027 0.027 0.027 0.028 0.028 0.030 0.032 0.033 0.034 0.035 0.035 0.035 0.036 0.038 0.041 0.047 0.055 0.063 0.069 0.076 0.086 0.105 0.124 0.132 0.131 0.124 0.111 0.096 0.084 0.077 0.075 0.075 0.078 0.083 0.091 0.105 0.132 0.189 0.290 0.445 0.608
0.000 0.000 0.000 0.000 0.000 0.000 0.001 0.001 0.002 0.003 0.003 0.004 0.005 0.006 0.007 0.007 0.008 0.008 0.009 0.009 0.010 0.010 0.011 0.012 0.013 0.015 0.016 0.018 0.020 0.021 0.022 0.023 0.023 0.024 0.024 0.025 0.026 0.027 0.027 0.028 0.029 0.030 0.032 0.034 0.035 0.035 0.036 0.037 0.039 0.043 0.050 0.061 0.072 0.081 0.087 0.092 0.098 0.113 0.129 0.136 0.135 0.127 0.112 0.096 0.087 0.082 0.081 0.082 0.086 0.094 0.109 0.137 0.194 0.311 0.494 0.677 0.794
0.000 0.000 0.000 0.000 0.000 0.000 0.000 0.000 0.001 0.001 0.002 0.003 0.003 0.004 0.005 0.005 0.006 0.006 0.007 0.007 0.008 0.009 0.009 0.010 0.011 0.013 0.014 0.016 0.017 0.019 0.020 0.021 0.022 0.023 0.024 0.025 0.026 0.026 0.027 0.028 0.029 0.031 0.033 0.034 0.035 0.037 0.039 0.042 0.047 0.057 0.072 0.091 0.105 0.113 0.116 0.115 0.117 0.125 0.139 0.144 0.142 0.132 0.115 0.100 0.092 0.089 0.089 0.092 0.099 0.113 0.140 0.192 0.294 0.457 0.646 0.781 0.849
0.000 0.000 0.000 0.000 0.000 0.000 0.000 0.000 0.000 0.000 0.001 0.001 0.002 0.002 0.003 0.003 0.004 0.004 0.005 0.005 0.006 0.007 0.008 0.009 0.010 0.011 0.012 0.014 0.015 0.017 0.018 0.020 0.021 0.022 0.023 0.025 0.025 0.026 0.027 0.028 0.029 0.031 0.033 0.034 0.036 0.039 0.043 0.051 0.065 0.088 0.118 0.143 0.153 0.153 0.142 0.131 0.128 0.133 0.143 0.147 0.145 0.136 0.121 0.108 0.101 0.100 0.102 0.108 0.122 0.147 0.192 0.268 0.383 0.536 0.683 0.777 0.813
0.000 0.000 0.000 0.000 0.000 0.000 0.000 0.000 0.000 0.000 0.000 0.001 0.001 0.001 0.002 0.002 0.002 0.003 0.003 0.004 0.005 0.005 0.006 0.007 0.008 0.009 0.011 0.012 0.014 0.015 0.017 0.019 0.021 0.022 0.024 0.025 0.026 0.026 0.027 0.028 0.029 0.031 0.032 0.034 0.037 0.041 0.050 0.068 0.101 0.145 0.181 0.195 0.194 0.178 0.151 0.135 0.131 0.134 0.144 0.147 0.145 0.137 0.126 0.119 0.117 0.118 0.125 0.139 0.162 0.199 0.251 0.324 0.424 0.544 0.638 0.677 0.660
0.000 0.000 0.000 0.000 0.000 0.000 0.000 0.000 0.000 0.000 0.000 0.000 0.000 0.000 0.001 0.001 0.001 0.002 0.002 0.003 0.003 0.004 0.005 0.006 0.007 0.008 0.009 0.011 0.012 0.014 0.016 0.018 0.021 0.023 0.024 0.025 0.026 0.026 0.027 0.027 0.028 0.029 0.031 0.033 0.037 0.045 0.061 0.097 0.156 0.203 0.224 0.225 0.212 0.183 0.151 0.134 0.129 0.132 0.140 0.143 0.141 0.135 0.129 0.128 0.133 0.142 0.156 0.175 0.200 0.234 0.281 0.344 0.422 0.485 0.503 0.462 0.383
0.000 0.000 0.000 0.000 0.000 0.000 0.000 0.000 0.000 0.000 0.000 0.000 0.000 0.000 0.000 0.000 0.000 0.001 0.001 0.001 0.002 0.003 0.003 0.004 0.005 0.006 0.008 0.009 0.011 0.013 0.015 0.018 0.021 0.024 0.025 0.026 0.027 0.027 0.027 0.027 0.027 0.028 0.030 0.033 0.038 0.050 0.076 0.132 0.198 0.233 0.240 0.233 0.213 0.178 0.144 0.126 0.121 0.122 0.128 0.132 0.131 0.129 0.128 0.131 0.141 0.155 0.173 0.192 0.214 0.242 0.283 0.328 0.360 0.350 0.305 0.237 0.177
0.000 0.000 0.000 0.000 0.000 0.000 0.000 0.000 0.000 0.000 0.000 0.000 0.000 0.000 0.000 0.000 0.000 0.000 0.000 0.001 0.001 0.002 0.002 0.003 0.004 0.005 0.006 0.008 0.010 0.012 0.014 0.017 0.021 0.024 0.027 0.028 0.028 0.027 0.027 0.027 0.027 0.028 0.030 0.033 0.040 0.056 0.091 0.156 0.214 0.239 0.241 0.230 0.205 0.165 0.130 0.111 0.104 0.103 0.106 0.110 0.113 0.116 0.121 0.129 0.141 0.157 0.174 0.192 0.209 0.229 0.249 0.256 0.235 0.197 0.153 0.115 0.087
0.000 0.000 0.000 0.000 0.000 0.000 0.000 0.000 0.000 0.000 0.000 0.000 0.000 0.000 0.000 0.000 0.000 0.000 0.000 0.000 0.000 0.001 0.001 0.002 0.003 0.004 0.005 0.006 0.008 0.010 0.013 0.016 0.020 0.024 0.027 0.029 0.029 0.029 0.027 0.027 0.027 0.028 0.030 0.034 0.043 0.063 0.102 0.164 0.212 0.230 0.228 0.213 0.185 0.144 0.110 0.089 0.080 0.077 0.078 0.081 0.085 0.092 0.101 0.113 0.129 0.145 0.160 0.171 0.178 0.179 0.169 0.151 0.129 0.103 0.080 0.063 0.052
0.000 0.000 0.000 0.000 0.000 0.000 0.000 0.000 0.000 0.000 0.000 0.000 0.000 0.000 0.000 0.000 0.000 0.000 0.000 0.000 0.000 0.000 0.001 0.001 0.002 0.002 0.004 0.005 0.007 0.009 0.011 0.014 0.018 0.023 0.027 0.029 0.030 0.030 0.029 0.028 0.028 0.029 0.031 0.036 0.047 0.068 0.107 0.158 0.189 0.197 0.192 0.176 0.149 0.113 0.085 0.067 0.059 0.057 0.057 0.058 0.061 0.066 0.073 0.085 0.100 0.113 0.119 0.121 0.116 0.108 0.098 0.086 0.075 0.061 0.050 0.043 0.038
0.000 0.000 0.000 0.000 0.000 0.000 0.000 0.000 0.000 0.000 0.000 0.000 0.000 0.000 0.000 0.000 0.000 0.000 0.000 0.000 0.000 0.000 0.000 0.000 0.001 0.001 0.002 0.004 0.005 0.007 0.010 0.012 0.016 0.020 0.025 0.028 0.031 0.031 0.031 0.030 0.030 0.031 0.033 0.039 0.050 0.071 0.105 0.133 0.143 0.140 0.131 0.118 0.098 0.076 0.059 0.049 0.044 0.043 0.043 0.044 0.046 0.050 0.055 0.061 0.068 0.073 0.074 0.073 0.070 0.066 0.062 0.057 0.051 0.044 0.038 0.035 0.033
0.000 0.000 0.000 0.000 0.000 0.000 0.000 0.000 0.000 0.000 0.000 0.000 0.000 0.000 0.000 0.000 0.000 0.000 0.000 0.000 0.000 0.000 0.000 0.000 0.000 0.001 0.001 0.002 0.004 0.005 0.007 0.010 0.013 0.017 0.021 0.026 0.030 0.032 0.032 0.033 0.033 0.034 0.036 0.041 0.051 0.069 0.088 0.094 0.092 0.085 0.078 0.070 0.060 0.050 0.042 0.037 0.035 0.034 0.035 0.036 0.039 0.041 0.044 0.047 0.049 0.049 0.049 0.048 0.047 0.046 0.045 0.043 0.041 0.037 0.034 0.032 0.032
0.000 0.000 0.000 0.000 0.000 0.000 0.000 0.000 0.000 0.000 0.000 0.000 0.000 0.000 0.000 0.000 0.000 0.000 0.000 0.000 0.000 0.000 0.000 0.000 0.000 0.000 0.001 0.001 0.003 0.004 0.006 0.008 0.010 0.013 0.017 0.023 0.028 0.031 0.033 0.034 0.035 0.036 0.038 0.042 0.050 0.059 0.063 0.062 0.059 0.053 0.049 0.045 0.040 0.035 0.032 0.030 0.029 0.030 0.031 0.033 0.035 0.037 0.038 0.039 0.039 0.038 0.037 0.037 0.037 0.037 0.036 0.036 0.035 0.034 0.032 0.032 0.032
0.000 0.000 0.000 0.000 0.000 0.000 0.000 0.000 0.000 0.000 0.000 0.000 0.000 0.000 0.000 0.000 0.000 0.000 0.000 0.000 0.000 0.000 0.000 0.000 0.000 0.000 0.000 0.001 0.002 0.003 0.004 0.006 0.008 0.011 0.014 0.019 0.024 0.029 0.033 0.034 0.035 0.036 0.038 0.041 0.044 0.046 0.045 0.043 0.040 0.037 0.034 0.032 0.030 0.028 0.027 0.026 0.026 0.027 0.029 0.032 0.033 0.034 0.035 0.034 0.034 0.033 0.032 0.031 0.032 0.032 0.032 0.033 0.033 0.033 0.032 0.032 0.032
0.000 0.000 0.000 0.000 0.000 0.000 0.000 0.000 0.000 0.000 0.000 0.000 0.000 0.000 0.000 0.000 0.000 0.000 0.000 0.000 0.000 0.000 0.000 0.000 0.000 0.000 0.000 0.000 0.001 0.002 0.003 0.004 0.006 0.008 0.011 0.015 0.020 0.027 0.031 0.034 0.035 0.035 0.036 0.037 0.036 0.035 0.034 0.033 0.031 0.028 0.026 0.025 0.024 0.024 0.024 0.024 0.025 0.027 0.029 0.032 0.033 0.033 0.033 0.033 0.032 0.030 0.029 0.029 0.029 0.029 0.030 0.032 0.032 0.033 0.033 0.034 0.035
0.000 0.000 0.000 0.000 0.000 0.000 0.000 0.000 0.000 0.000 0.000 0.000 0.000 0.000 0.000 0.000 0.000 0.000 0.000 0.000 0.000 0.000 0.000 0.000 0.000 0.000 0.000 0.000 0.000 0.001 0.002 0.003 0.004 0.006 0.009 0.012 0.016 0.023 0.029 0.031 0.032 0.032 0.031 0.030 0.028 0.027 0.027 0.026 0.025 0.023 0.022 0.021 0.021 0.021 0.022 0.023 0.025 0.027 0.030 0.032 0.033 0.033 0.033 0.032 0.031 0.030 0.028 0.028 0.028 0.028 0.030 0.031 0.032 0.034 0.036 0.038 0.042
0.000 0.000 0.000 0.000 0.000 0.000 0.000 0.000 0.000 0.000 0.000 0.000 0.000 0.000 0.000 0.000 0.000 0.000 0.000 0.000 0.000 0.000 0.000 0.000 0.000 0.000 0.000 0.000 0.000 0.000 0.001 0.002 0.003 0.004 0.006 0.009 0.013 0.018 0.023 0.026 0.026 0.026 0.024 0.023 0.022 0.022 0.021 0.021 0.021 0.020 0.019 0.019 0.019 0.020 0.021 0.022 0.024 0.028 0.032 0.033 0.033 0.033 0.033 0.032 0.031 0.030 0.028 0.027 0.027 0.028 0.029 0.032 0.034 0.037 0.041 0.048 0.057
0.000 0.000 0.000 0.000 0.000 0.000 0.000 0.000 0.000 0.000 0.000 0.000 0.000 0.000 0.000 0.000 0.000 0.000 0.000 0.000 0.000 0.000 0.000 0.000 0.000 0.000 0.000 0.000 0.000 0.000 0.000 0.001 0.002 0.003 0.004 0.006 0.009 0.013 0.016 0.018 0.019 0.018 0.018 0.017 0.017 0.017 0.017 0.017 0.017 0.017 0.017 0.017 0.017 0.018 0.020 0.021 0.024 0.029 0.033 0.035 0.035 0.035 0.034 0.034 0.032 0.030 0.028 0.027 0.027 0.028 0.030 0.034 0.038 0.045 0.056 0.071 0.088
0.000 0.000 0.000 0.000 0.000 0.000 0.000 0.000 0.000 0.000 0.000 0.000 0.000 0.000 0.000 0.000 0.000 0.000 0.000 0.000 0.000 0.000 0.000 0.000 0.000 0.000 0.000 0.000 0.000 0.000 0.000 0.000 0.001 0.002 0.003 0.004 0.006 0.009 0.011 0.012 0.013 0.013 0.013 0.013 0.013 0.013 0.013 0.014 0.014 0.015 0.015 0.015 0.016 0.017 0.019 0.021 0.024 0.029 0.034 0.037 0.037 0.037 0.036 0.035 0.032 0.030 0.029 0.028 0.029 0.030 0.033 0.039 0.050 0.067 0.092 0.127 0.159
0.000 0.000 0.000 0.000 0.000 0.000 0.000 0.000 0.000 0.000 0.000 0.000 0.000 0.000 0.000 0.000 0.000 0.000 0.000 0.000 0.000 0.000 0.000 0.000 0.000 0.000 0.000 0.000 0.000 0.000 0.000 0.000 0.000 0.001 0.002 0.003 0.004 0.006 0.007 0.008 0.008 0.009 0.009 0.009 0.009 0.010 0.010 0.011 0.011 0.012 0.013 0.014 0.015 0.016 0.018 0.020 0.024 0.029 0.034 0.037 0.038 0.038 0.037 0.035 0.032 0.031 0.030 0.030 0.031 0.034 0.041 0.053 0.077 0.117 0.179 0.255 0.313
0.000 0.000 0.000 0.000 0.000 0.000 0.000 0.000 0.000 0.000 0.000 0.000 0.000 0.000 0.000 0.000 0.000 0.000 0.000 0.000 0.000 0.000 0.000 0.000 0.000 0.000 0.000 0.000 0.000 0.000 0.000 0.000 0.000 0.000 0.001 0.001 0.002 0.003 0.004 0.005 0.005 0.005 0.006 0.006 0.006 0.007 0.007 0.008 0.009 0.009 0.011 0.012 0.013 0.015 0.017 0.019 0.023 0.027 0.032 0.036 0.037 0.037 0.037 0.035 0.032 0.031 0.031 0.032 0.034 0.039 0.050 0.070 0.109 0.178 0.286 0.416 0.506
0.000 0.000 0.000 0.000 0.000 0.000 0.000 0.000 0.000 0.000 0.000 0.000 0.000 0.000 0.000 0.000 0.000 0.000 0.000 0.000 0.000 0.000 0.000 0.000 0.000 0.000 0.000 0.000 0.000 0.000 0.000 0.000 0.000 0.000 0.000 0.000 0.001 0.002 0.002 0.003 0.003 0.003 0.003 0.004 0.004 0.004 0.005 0.005 0.006 0.007 0.008 0.010 0.011 0.013 0.015 0.018 0.021 0.024 0.029 0.032 0.033 0.034 0.034 0.033 0.031 0.030 0.030 0.032 0.035 0.041 0.053 0.077 0.122 0.202 0.332 0.487 0.591
0.000 0.000 0.000 0.000 0.000 0.000 0.000 0.000 0.000 0.000 0.000 0.000 0.000 0.000 0.000 0.000 0.000 0.000 0.000 0.000 0.000 0.000 0.000 0.000 0.000 0.000 0.000 0.000 0.000 0.000 0.000 0.000 0.000 0.000 0.000 0.000 0.000 0.001 0.001 0.001 0.001 0.002 0.002 0.002 0.002 0.002 0.003 0.003 0.004 0.005 0.006 0.007 0.009 0.011 0.013 0.015 0.017 0.020 0.023 0.025 0.027 0.028 0.028 0.028 0.028 0.028 0.029 0.031 0.034 0.040 0.052 0.075 0.119 0.197 0.325 0.474 0.575
0.000 0.000 0.000 0.000 0.000 0.000 0.000 0.000 0.000 0.000 0.000 0.000 0.000 0.000 0.000 0.000 0.000 0.000 0.000 0.000 0.000 0.000 0.000 0.000 0.000 0.000 0.000 0.000 0.000 0.000 0.000 0.000 0.000 0.000 0.000 0.000 0.000 0.000 0.000 0.000 0.000 0.000 0.001 0.001 0.001 0.001 0.001 0.002 0.003 0.003 0.004 0.005 0.006 0.008 0.009 0.011 0.013 0.015 0.016 0.018 0.019 0.020 0.020 0.021 0.022 0.023 0.025 0.027 0.030 0.035 0.045 0.063 0.095 0.155 0.251 0.358 0.432
0.000 0.000 0.000 0.000 0.000 0.000 0.000 0.000 0.000 0.000 0.000 0.000 0.000 0.000 0.000 0.000 0.000 0.000 0.000 0.000 0.000 0.000 0.000 0.000 0.000 0.000 0.000 0.000 0.000 0.000 0.000 0.000 0.000 0.000 0.000 0.000 0.000 0.000 0.000 0.000 0.000 0.000 0.000 0.000 0.000 0.000 0.000 0.001 0.001 0.002 0.002 0.003 0.004 0.005 0.007 0.008 0.009 0.011 0.012 0.013 0.014 0.014 0.015 0.015 0.016 0.017 0.018 0.020 0.022 0.025 0.030 0.038 0.053 0.081 0.126 0.170 0.199
0.000 0.000 0.000 0.000 0.000 0.000 0.000 0.000 0.000 0.000 0.000 0.000 0.000 0.000 0.000 0.000 0.000 0.000 0.000 0.000 0.000 0.000 0.000 0.000 0.000 0.000 0.000 0.000 0.000 0.000 0.000 0.000 0.000 0.000 0.000 0.000 0.000 0.000 0.000 0.000 0.000 0.000 0.000 0.000 0.000 0.000 0.000 0.000 0.000 0.001 0.001 0.002 0.003 0.003 0.004 0.005 0.006 0.007 0.008 0.009 0.010 0.010 0.011 0.011 0.012 0.012 0.013 0.014 0.015 0.016 0.019 0.022 0.029 0.040 0.057 0.071 0.078
0.000 0.000 0.000 0.000 0.000 0.000 0.000 0.000 0.000 0.000 0.000 0.000 0.000 0.000 0.000 0.000 0.000 0.000 0.000 0.000 0.000 0.000 0.000 0.000 0.000 0.000 0.000 0.000 0.000 0.000 0.000 0.000 0.000 0.000 0.000 0.000 0.000 0.000 0.000 0.000 0.000 0.000 0.000 0.000 0.000 0.000 0.000 0.000 0.000 0.000 0.000 0.001 0.001 0.002 0.002 0.003 0.004 0.005 0.006 0.006 0.007 0.007 0.008 0.008 0.008 0.009 0.009 0.010 0.011 0.011 0.013 0.015 0.018 0.023 0.030 0.034 0.036
0.000 0.000 0.000 0.000 0.000 0.000 0.000 0.000 0.000 0.000 0.000 0.000 0.000 0.000 0.000 0.000 0.000 0.000 0.000 0.000 0.000 0.000 0.000 0.000 0.000 0.000 0.000 0.000 0.000 0.000 0.000 0.000 0.000 0.000 0.000 0.000 0.000 0.000 0.000 0.000 0.000 0.000 0.000 0.000 0.000 0.000 0.000 0.000 0.000 0.000 0.000 0.000 0.000 0.001 0.001 0.002 0.002 0.003 0.004 0.004 0.005 0.005 0.005 0.006 0.006 0.006 0.007 0.007 0.007 0.008 0.009 0.010 0.012 0.015 0.018 0.019 0.020
0.000 0.000 0.000 0.000 0.000 0.000 0.000 0.000 0.000 0.000 0.000 0.000 0.000 0.000 0.000 0.000 0.000 0.000 0.000 0.000 0.000 0.000 0.000 0.000 0.000 0.000 0.000 0.000 0.000 0.000 0.000 0.000 0.000 0.000 0.000 0.000 0.000 0.000 0.000 0.000 0.000 0.000 0.000 0.000 0.000 0.000 0.000 0.000 0.000 0.000 0.000 0.000 0.000 0.000 0.000 0.001 0.001 0.001 0.002 0.002 0.003 0.003 0.003 0.004 0.004 0.004 0.004 0.005 0.005 0.006 0.006 0.007 0.008 0.010 0.011 0.012 0.012
0.000 0.000 0.000 0.000 0.000 0.000 0.000 0.000 0.000 0.000 0.000 0.000 0.000 0.000 0.000 0.000 0.000 0.000 0.000 0.000 0.000 0.000 0.000 0.000 0.000 0.000 0.000 0.000 0.000 0.000 0.000 0.000 0.000 0.000 0.000 0.000 0.000 0.000 0.000 0.000 0.000 0.000 0.000 0.000 0.000 0.000 0.000 0.000 0.000 0.000 0.000 0.000 0.000 0.000 0.000 0.000 0.000 0.000 0.001 0.001 0.001 0.002 0.002 0.002 0.002 0.002 0.003 0.003 0.003 0.004 0.004 0.005 0.005 0.006 0.007 0.008 0.008
0.000 0.000 0.000 0.000 0.000 0.000 0.000 0.000 0.000 0.000 0.000 0.000 0.000 0.000 0.000 0.000 0.000 0.000 0.000 0.000 0.000 0.000 0.000 0.000 0.000 0.000 0.000 0.000 0.000 0.000 0.000 0.000 0.000 0.000 0.000 0.000 0.000 0.000 0.000 0.000 0.000 0.000 0.000 0.000 0.000 0.000 0.000 0.000 0.000 0.000 0.000 0.000 0.000 0.000 0.000 0.000 0.000 0.000 0.000 0.000 0.001 0.001 0.001 0.001 0.001 0.001 0.001 0.002 0.002 0.002 0.002 0.003 0.003 0.004 0.004 0.005 0.005
0.000 0.000 0.000 0.000 0.000 0.000 0.000 0.000 0.000 0.000 0.000 0.000 0.000 0.000 0.000 0.000 0.000 0.000 0.000 0.000 0.000 0.000 0.000 0.000 0.000 0.000 0.000 0.000 0.000 0.000 0.000 0.000 0.000 0.000 0.000 0.000 0.000 0.000 0.000 0.000 0.000 0.000 0.000 0.000 0.000 0.000 0.000 0.000 0.000 0.000 0.000 0.000 0.000 0.000 0.000 0.000 0.000 0.000 0.000 0.000 0.000 0.000 0.000 0.000 0.000 0.000 0.001 0.001 0.001 0.001 0.001 0.001 0.002 0.002 0.002 0.003 0.003
