RESULTS/r.avaflow_results/14_results/14_ascii/14_hflow0050.asc
ncols 506
nrows 317
xllcenter 498237.50
yllcenter 5580050.00
cellsize 12.50
NODATA_value -9999.000
[rows 170 to 203 of 317, columns 304 to 379 of 506]
0.000 0.000 0.000 0.000 0.000 0.000 0.000 0.000 0.000 0.000 0.000 0.000 0.000 0.000 0.000 0.000 0.000 0.000 0.000 0.000 0.000 0.000 0.000 0.000 0.000 0.000 0.000 0.000 0.000 0.000 0.000 0.000 0.000 0.000 0.000 0.000 0.000 0.000 0.000 0.000 0.000 0.000 0.000 0.000 0.000 0.000 0.000 0.000 0.000 0.000 0.000 0.000 0.000 0.000 0.000 0.000 0.000 0.000 0.000 0.000 0.000 0.000 0.000 0.000 0.000 0.000 0.000 0.000 0.000 0.000 0.000 0.000 0.000 0.000 0.000 0.000
0.000 0.000 0.000 0.000 0.000 0.000 0.000 0.000 0.000 0.000 0.000 0.000 0.000 0.000 0.000 0.000 0.000 0.000 0.000 0.000 0.000 0.000 0.000 0.000 0.000 0.000 0.000 0.000 0.000 0.000 0.000 0.000 0.000 0.000 0.000 0.000 0.000 0.000 0.000 0.000 0.000 0.000 0.000 0.000 0.000 0.000 0.000 0.000 0.000 0.000 0.000 0.000 0.000 0.000 0.000 0.000 0.000 0.000 0.000 0.000 0.000 0.000 0.000 0.000 0.000 0.000 0.000 0.000 0.000 0.000 0.000 0.000 0.000 0.000 0.000 0.000
0.000 0.000 0.000 0.000 0.000 0.001 0.001 0.001 0.001 0.001 0.001 0.001 0.001 0.001 0.001 0.001 0.001 0.001 0.001 0.001 0.001 0.000 0.000 0.000 0.000 0.000 0.000 0.000 0.000 0.000 0.000 0.000 0.000 0.000 0.000 0.000 0.000 0.000 0.000 0.000 0.000 0.000 0.000 0.000 0.000 0.000 0.000 0.000 0.000 0.000 0.000 0.000 0.000 0.000 0.000 0.000 0.000 0.000 0.000 0.000 0.000 0.000 0.000 0.000 0.000 0.000 0.000 0.000 0.000 0.000 0.000 0.000 0.000 0.000 0.000 0.000
0.000 0.000 0.000 0.001 0.001 0.002 0.003 0.004 0.004 0.004 0.004 0.004 0.004 0.004 0.004 0.004 0.003 0.003 0.002 0.002 0.002 0.001 0.001 0.001 0.000 0.000 0.000 0.000 0.000 0.000 0.000 0.000 0.000 0.000 0.000 0.000 0.000 0.000 0.000 0.000 0.000 0.000 0.000 0.000 0.000 0.000 0.000 0.000 0.000 0.000 0.000 0.000 0.000 0.000 0.000 0.000 0.000 0.000 0.000 0.000 0.000 0.000 0.000 0.000 0.000 0.000 0.000 0.000 0.000 0.000 0.000 0.000 0.000 0.000 0.000 0.000
0.000 0.001 0.001 0.002 0.004 0.005 0.007 0.008 0.009 0.009 0.009 0.009 0.009 0.008 0.008 0.008 0.007 0.006 0.005 0.004 0.004 0.003 0.002 0.002 0.001 0.001 0.000 0.000 0.000 0.000 0.000 0.000 0.000 0.000 0.000 0.000 0.000 0.000 0.000 0.000 0.000 0.000 0.000 0.000 0.000 0.000 0.000 0.000 0.000 0.000 0.000 0.000 0.000 0.000 0.000 0.000 0.000 0.000 0.000 0.000 0.000 0.000 0.000 0.000 0.000 0.000 0.000 0.000 0.000 0.000 0.000 0.000 0.000 0.000 0.000 0.000
0.001 0.002 0.003 0.005 0.007 0.010 0.013 0.015 0.016 0.016 0.016 0.016 0.015 0.015 0.014 0.013 0.012 0.010 0.009 0.007 0.006 0.005 0.004 0.003 0.003 0.002 0.001 0.001 0.001 0.000 0.000 0.000 0.000 0.000 0.000 0.000 0.000 0.000 0.000 0.000 0.000 0.000 0.000 0.000 0.000 0.000 0.000 0.000 0.000 0.000 0.000 0.000 0.000 0.000 0.000 0.000 0.000 0.000 0.000 0.000 0.000 0.000 0.000 0.000 0.000 0.000 0.000 0.000 0.000 0.000 0.000 0.000 0.000 0.000 0.000 0.000
0.003 0.004 0.006 0.009 0.012 0.015 0.021 0.026 0.028 0.028 0.028 0.027 0.026 0.025 0.023 0.021 0.019 0.016 0.013 0.011 0.009 0.008 0.006 0.005 0.004 0.003 0.003 0.002 0.002 0.001 0.001 0.001 0.000 0.000 0.000 0.000 0.000 0.000 0.000 0.000 0.000 0.000 0.000 0.000 0.000 0.000 0.000 0.000 0.000 0.000 0.000 0.000 0.000 0.000 0.000 0.000 0.000 0.000 0.000 0.000 0.000 0.000 0.000 0.000 0.000 0.000 0.000 0.000 0.000 0.000 0.000 0.000 0.000 0.000 0.000 0.000
0.006 0.008 0.011 0.014 0.019 0.025 0.035 0.047 0.054 0.055 0.055 0.053 0.050 0.046 0.041 0.035 0.030 0.025 0.020 0.016 0.014 0.011 0.010 0.008 0.007 0.006 0.005 0.004 0.003 0.003 0.002 0.002 0.001 0.001 0.001 0.001 0.000 0.000 0.000 0.000 0.000 0.000 0.000 0.000 0.000 0.000 0.000 0.000 0.000 0.000 0.000 0.000 0.000 0.000 0.000 0.000 0.000 0.000 0.000 0.000 0.000 0.000 0.000 0.000 0.000 0.000 0.000 0.000 0.000 0.000 0.000 0.000 0.000 0.000 0.000 0.000
0.010 0.013 0.018 0.024 0.032 0.045 0.067 0.101 0.124 0.131 0.132 0.128 0.120 0.107 0.089 0.069 0.053 0.041 0.032 0.025 0.020 0.017 0.014 0.011 0.010 0.008 0.007 0.006 0.005 0.005 0.004 0.003 0.003 0.002 0.002 0.002 0.001 0.001 0.001 0.001 0.000 0.000 0.000 0.000 0.000 0.000 0.000 0.000 0.000 0.000 0.000 0.000 0.000 0.000 0.000 0.000 0.000 0.000 0.000 0.000 0.000 0.000 0.000 0.000 0.000 0.000 0.000 0.000 0.000 0.000 0.000 0.000 0.000 0.000 0.000 0.000
0.016 0.022 0.032 0.046 0.066 0.096 0.151 0.244 0.326 0.362 0.367 0.361 0.339 0.297 0.232 0.163 0.113 0.079 0.056 0.042 0.032 0.025 0.020 0.017 0.014 0.012 0.010 0.009 0.008 0.007 0.007 0.006 0.005 0.005 0.004 0.004 0.003 0.003 0.002 0.002 0.001 0.001 0.001 0.001 0.001 0.001 0.001 0.001 0.000 0.000 0.000 0.000 0.000 0.000 0.000 0.000 0.000 0.000 0.000 0.000 0.000 0.000 0.000 0.000 0.000 0.000 0.000 0.000 0.000 0.000 0.000 0.000 0.000 0.000 0.000 0.000
0.027 0.041 0.066 0.104 0.156 0.228 0.360 0.581 0.809 0.946 0.996 0.996 0.956 0.844 0.660 0.440 0.279 0.177 0.116 0.080 0.057 0.042 0.032 0.025 0.020 0.016 0.014 0.013 0.012 0.011 0.010 0.009 0.009 0.008 0.007 0.006 0.005 0.005 0.004 0.004 0.003 0.003 0.003 0.002 0.002 0.002 0.002 0.002 0.001 0.001 0.001 0.000 0.000 0.000 0.000 0.000 0.000 0.000 0.000 0.000 0.000 0.000 0.000 0.000 0.000 0.000 0.000 0.000 0.000 0.000 0.000 0.000 0.000 0.000 0.000 0.000
0.051 0.092 0.167 0.270 0.387 0.539 0.796 1.202 1.637 1.943 2.102 2.147 2.111 1.943 1.601 1.119 0.693 0.420 0.259 0.168 0.114 0.079 0.055 0.039 0.029 0.023 0.019 0.017 0.016 0.015 0.015 0.014 0.013 0.012 0.011 0.010 0.008 0.008 0.007 0.006 0.006 0.005 0.005 0.005 0.005 0.004 0.004 0.004 0.003 0.002 0.002 0.001 0.001 0.000 0.000 0.000 0.000 0.000 0.000 0.000 0.000 0.000 0.000 0.000 0.000 0.000 0.000 0.000 0.000 0.000 0.000 0.000 0.000 0.000 0.000 0.000
0.116 0.246 0.466 0.700 0.918 1.168 1.541 2.061 2.507 2.790 2.968 3.043 3.038 2.917 2.586 2.028 1.378 0.879 0.551 0.351 0.231 0.153 0.102 0.069 0.047 0.035 0.028 0.025 0.023 0.022 0.022 0.021 0.020 0.018 0.016 0.014 0.013 0.011 0.010 0.010 0.009 0.009 0.009 0.008 0.008 0.008 0.007 0.006 0.005 0.004 0.004 0.003 0.002 0.002 0.001 0.001 0.000 0.000 0.000 0.000 0.000 0.000 0.000 0.000 0.000 0.000 0.000 0.000 0.000 0.000 0.000 0.000 0.000 0.000 0.000 0.000
0.285 0.631 1.164 1.608 1.940 2.236 2.557 2.859 3.047 3.172 3.283 3.357 3.368 3.292 3.031 2.534 1.871 1.333 0.938 0.646 0.437 0.292 0.193 0.127 0.084 0.059 0.045 0.039 0.037 0.036 0.035 0.034 0.032 0.029 0.024 0.020 0.018 0.016 0.015 0.014 0.014 0.013 0.013 0.013 0.013 0.012 0.011 0.010 0.009 0.007 0.006 0.005 0.004 0.003 0.002 0.002 0.001 0.001 0.001 0.000 0.000 0.000 0.000 0.000 0.000 0.000 0.000 0.000 0.000 0.000 0.000 0.000 0.000 0.000 0.000 0.000
0.622 1.315 2.225 2.860 3.204 3.363 3.428 3.385 3.285 3.247 3.285 3.341 3.353 3.295 3.084 2.660 2.080 1.592 1.226 0.943 0.714 0.520 0.362 0.244 0.162 0.111 0.085 0.073 0.070 0.069 0.068 0.067 0.062 0.050 0.038 0.031 0.027 0.024 0.022 0.021 0.020 0.020 0.020 0.020 0.019 0.019 0.017 0.015 0.013 0.011 0.009 0.008 0.007 0.005 0.004 0.004 0.003 0.002 0.002 0.001 0.001 0.001 0.001 0.001 0.000 0.000 0.000 0.000 0.000 0.000 0.000 0.000 0.000 0.000 0.000 0.000
1.065 1.920 2.914 3.602 3.937 4.002 3.907 3.631 3.322 3.159 3.094 3.078 3.060 3.007 2.861 2.561 2.115 1.701 1.391 1.144 0.944 0.773 0.611 0.452 0.319 0.228 0.180 0.162 0.159 0.167 0.171 0.168 0.150 0.111 0.075 0.056 0.045 0.039 0.035 0.032 0.031 0.031 0.031 0.031 0.031 0.030 0.027 0.022 0.018 0.016 0.013 0.011 0.010 0.008 0.007 0.006 0.005 0.004 0.004 0.003 0.003 0.002 0.002 0.002 0.001 0.001 0.001 0.000 0.000 0.000 0.000 0.000 0.000 0.000 0.000 0.000
1.415 2.172 3.101 3.779 4.111 4.159 4.012 3.648 3.190 2.839 2.611 2.475 2.395 2.341 2.283 2.188 1.994 1.715 1.462 1.258 1.080 0.932 0.806 0.691 0.572 0.465 0.401 0.385 0.409 0.461 0.481 0.471 0.412 0.297 0.191 0.129 0.096 0.077 0.065 0.058 0.054 0.054 0.054 0.055 0.055 0.054 0.047 0.035 0.027 0.022 0.019 0.016 0.014 0.012 0.010 0.009 0.008 0.007 0.006 0.006 0.005 0.005 0.005 0.004 0.003 0.003 0.002 0.001 0.001 0.000 0.000 0.000 0.000 0.000 0.000 0.000
1.568 2.168 2.996 3.595 3.873 3.904 3.744 3.356 2.780 2.221 1.820 1.571 1.447 1.408 1.433 1.540 1.647 1.598 1.464 1.301 1.142 1.008 0.909 0.839 0.786 0.749 0.740 0.781 0.894 1.044 1.112 1.102 0.994 0.768 0.518 0.352 0.251 0.191 0.154 0.131 0.118 0.113 0.113 0.116 0.117 0.112 0.091 0.061 0.043 0.033 0.027 0.023 0.019 0.017 0.015 0.013 0.012 0.011 0.010 0.009 0.009 0.008 0.008 0.007 0.006 0.005 0.004 0.003 0.002 0.001 0.001 0.000 0.000 0.000 0.000 0.000
1.569 1.986 2.521 2.865 2.991 2.975 2.841 2.527 1.984 1.392 1.016 0.823 0.746 0.736 0.771 0.894 1.125 1.307 1.352 1.282 1.155 1.031 0.950 0.909 0.895 0.904 0.951 1.064 1.266 1.490 1.613 1.637 1.575 1.393 1.110 0.837 0.635 0.490 0.391 0.328 0.292 0.276 0.273 0.277 0.277 0.256 0.196 0.121 0.077 0.055 0.042 0.034 0.028 0.024 0.021 0.018 0.016 0.015 0.014 0.014 0.013 0.013 0.012 0.011 0.010 0.008 0.006 0.005 0.004 0.003 0.002 0.001 0.001 0.000 0.000 0.000
1.427 1.545 1.644 1.633 1.579 1.523 1.452 1.317 1.048 0.717 0.507 0.405 0.371 0.371 0.398 0.485 0.668 0.922 1.101 1.156 1.113 1.024 0.954 0.923 0.920 0.943 1.016 1.157 1.381 1.619 1.766 1.822 1.812 1.720 1.530 1.275 1.056 0.900 0.788 0.706 0.655 0.634 0.634 0.642 0.635 0.573 0.430 0.259 0.154 0.100 0.072 0.055 0.044 0.036 0.030 0.026 0.023 0.021 0.020 0.020 0.019 0.019 0.018 0.017 0.015 0.012 0.010 0.008 0.006 0.005 0.004 0.003 0.002 0.001 0.001 0.000
1.116 0.971 0.856 0.749 0.672 0.625 0.591 0.550 0.466 0.339 0.254 0.214 0.201 0.202 0.218 0.271 0.392 0.595 0.800 0.929 0.975 0.952 0.908 0.882 0.880 0.904 0.985 1.129 1.339 1.564 1.722 1.808 1.828 1.788 1.657 1.433 1.225 1.104 1.037 0.997 0.979 0.986 1.026 1.061 1.056 0.981 0.795 0.530 0.321 0.200 0.135 0.097 0.074 0.058 0.047 0.039 0.034 0.031 0.029 0.029 0.028 0.028 0.027 0.025 0.022 0.018 0.014 0.012 0.009 0.008 0.006 0.005 0.004 0.003 0.002 0.001
0.780 0.572 0.436 0.346 0.292 0.262 0.244 0.228 0.207 0.170 0.142 0.129 0.125 0.127 0.138 0.173 0.255 0.396 0.557 0.678 0.754 0.783 0.775 0.753 0.742 0.758 0.830 0.959 1.130 1.320 1.492 1.622 1.689 1.690 1.608 1.417 1.226 1.132 1.100 1.089 1.094 1.126 1.208 1.262 1.263 1.198 1.047 0.827 0.591 0.397 0.263 0.182 0.133 0.101 0.080 0.064 0.054 0.048 0.045 0.043 0.043 0.042 0.041 0.038 0.032 0.025 0.020 0.016 0.013 0.011 0.009 0.008 0.007 0.005 0.004 0.003
0.543 0.351 0.244 0.184 0.151 0.133 0.123 0.116 0.109 0.101 0.093 0.091 0.091 0.094 0.105 0.133 0.191 0.288 0.399 0.481 0.535 0.560 0.563 0.543 0.521 0.522 0.560 0.644 0.758 0.892 1.043 1.202 1.323 1.373 1.352 1.246 1.109 1.051 1.043 1.052 1.073 1.128 1.233 1.296 1.300 1.249 1.136 0.982 0.810 0.637 0.466 0.328 0.240 0.182 0.141 0.112 0.092 0.080 0.074 0.071 0.069 0.068 0.065 0.060 0.049 0.037 0.028 0.023 0.019 0.016 0.014 0.012 0.010 0.009 0.008 0.006
0.372 0.226 0.152 0.115 0.096 0.086 0.080 0.077 0.075 0.073 0.072 0.073 0.075 0.081 0.093 0.118 0.161 0.225 0.294 0.344 0.374 0.385 0.384 0.366 0.338 0.329 0.338 0.372 0.430 0.502 0.585 0.691 0.798 0.869 0.896 0.881 0.833 0.816 0.826 0.855 0.909 1.004 1.140 1.224 1.243 1.215 1.135 1.025 0.911 0.793 0.662 0.526 0.409 0.320 0.252 0.201 0.166 0.144 0.133 0.126 0.122 0.118 0.112 0.102 0.084 0.059 0.042 0.032 0.027 0.023 0.020 0.017 0.015 0.014 0.012 0.011
0.247 0.151 0.105 0.084 0.073 0.068 0.065 0.063 0.063 0.063 0.064 0.066 0.070 0.078 0.092 0.114 0.144 0.183 0.221 0.249 0.266 0.270 0.268 0.254 0.230 0.215 0.214 0.223 0.246 0.281 0.321 0.370 0.429 0.473 0.495 0.497 0.488 0.483 0.490 0.523 0.593 0.713 0.878 1.001 1.060 1.077 1.054 1.001 0.934 0.873 0.812 0.737 0.646 0.546 0.449 0.368 0.307 0.265 0.241 0.227 0.218 0.211 0.201 0.184 0.155 0.110 0.071 0.050 0.039 0.033 0.029 0.026 0.023 0.021 0.019 0.017
0.161 0.106 0.079 0.067 0.062 0.060 0.059 0.059 0.060 0.061 0.062 0.065 0.070 0.079 0.094 0.115 0.136 0.155 0.173 0.187 0.197 0.200 0.199 0.190 0.173 0.158 0.153 0.154 0.162 0.176 0.194 0.215 0.240 0.260 0.269 0.271 0.269 0.268 0.272 0.289 0.329 0.403 0.519 0.644 0.742 0.810 0.855 0.884 0.897 0.917 0.934 0.930 0.903 0.846 0.758 0.653 0.549 0.464 0.410 0.381 0.367 0.362 0.354 0.336 0.293 0.220 0.139 0.090 0.065 0.052 0.045 0.040 0.036 0.033 0.030 0.028
0.107 0.079 0.065 0.059 0.057 0.056 0.057 0.059 0.060 0.061 0.064 0.068 0.075 0.087 0.103 0.120 0.133 0.142 0.148 0.153 0.159 0.162 0.162 0.158 0.148 0.136 0.129 0.128 0.130 0.136 0.144 0.154 0.164 0.170 0.172 0.171 0.168 0.166 0.168 0.176 0.194 0.230 0.291 0.370 0.446 0.517 0.589 0.677 0.803 0.944 1.041 1.088 1.098 1.082 1.037 0.954 0.833 0.698 0.601 0.547 0.525 0.523 0.542 0.566 0.533 0.440 0.301 0.186 0.125 0.094 0.078 0.068 0.061 0.056 0.052 0.048
0.077 0.064 0.057 0.054 0.054 0.055 0.057 0.061 0.064 0.068 0.074 0.084 0.096 0.109 0.123 0.133 0.138 0.140 0.141 0.141 0.143 0.146 0.147 0.146 0.141 0.132 0.125 0.123 0.124 0.127 0.132 0.137 0.142 0.145 0.145 0.144 0.139 0.132 0.128 0.128 0.134 0.149 0.179 0.222 0.275 0.336 0.415 0.538 0.743 0.975 1.128 1.208 1.236 1.236 1.211 1.145 1.024 0.861 0.738 0.666 0.636 0.632 0.660 0.744 0.815 0.780 0.621 0.405 0.266 0.195 0.158 0.136 0.121 0.110 0.100 0.092
0.062 0.056 0.054 0.053 0.053 0.055 0.059 0.066 0.075 0.089 0.110 0.130 0.146 0.159 0.165 0.165 0.158 0.149 0.143 0.141 0.141 0.142 0.144 0.145 0.144 0.137 0.131 0.129 0.129 0.131 0.134 0.138 0.143 0.146 0.146 0.144 0.138 0.127 0.117 0.113 0.112 0.117 0.130 0.153 0.189 0.244 0.335 0.489 0.738 1.011 1.191 1.285 1.321 1.325 1.306 1.243 1.120 0.949 0.818 0.739 0.704 0.697 0.718 0.807 0.964 1.050 1.005 0.814 0.589 0.444 0.364 0.311 0.274 0.245 0.219 0.194
0.055 0.053 0.053 0.052 0.053 0.056 0.063 0.076 0.099 0.140 0.195 0.234 0.253 0.258 0.253 0.237 0.210 0.181 0.162 0.152 0.148 0.147 0.149 0.157 0.166 0.167 0.164 0.162 0.161 0.161 0.162 0.164 0.170 0.174 0.174 0.170 0.158 0.138 0.121 0.111 0.107 0.107 0.111 0.125 0.153 0.209 0.313 0.490 0.769 1.049 1.225 1.318 1.354 1.358 1.337 1.269 1.143 0.978 0.852 0.774 0.735 0.725 0.737 0.809 0.979 1.154 1.231 1.208 1.097 0.960 0.842 0.738 0.649 0.576 0.505 0.429
0.053 0.053 0.053 0.053 0.054 0.059 0.069 0.092 0.138 0.227 0.343 0.415 0.439 0.436 0.415 0.374 0.315 0.256 0.214 0.189 0.178 0.175 0.180 0.204 0.238 0.258 0.264 0.264 0.260 0.254 0.252 0.254 0.262 0.268 0.267 0.254 0.225 0.182 0.143 0.120 0.109 0.106 0.107 0.116 0.142 0.202 0.319 0.526 0.820 1.071 1.230 1.317 1.350 1.351 1.322 1.243 1.116 0.967 0.853 0.780 0.740 0.725 0.730 0.777 0.917 1.126 1.289 1.384 1.435 1.441 1.421 1.376 1.300 1.201 1.082 0.915
0.053 0.054 0.054 0.055 0.058 0.065 0.081 0.112 0.176 0.298 0.465 0.574 0.616 0.618 0.596 0.547 0.474 0.386 0.315 0.270 0.250 0.248 0.271 0.339 0.422 0.474 0.494 0.496 0.485 0.469 0.462 0.464 0.475 0.482 0.475 0.440 0.373 0.281 0.200 0.149 0.121 0.111 0.110 0.116 0.142 0.207 0.340 0.558 0.839 1.058 1.192 1.257 1.275 1.264 1.213 1.116 0.998 0.891 0.811 0.755 0.718 0.694 0.685 0.703 0.785 0.963 1.195 1.396 1.534 1.638 1.712 1.749 1.747 1.715 1.630 1.458
0.054 0.056 0.058 0.062 0.068 0.079 0.099 0.135 0.204 0.328 0.507 0.637 0.698 0.710 0.696 0.655 0.588 0.508 0.445 0.401 0.382 0.398 0.486 0.652 0.786 0.849 0.865 0.852 0.815 0.783 0.771 0.774 0.792 0.800 0.783 0.715 0.595 0.437 0.299 0.203 0.148 0.125 0.119 0.123 0.148 0.216 0.349 0.561 0.807 0.975 1.061 1.087 1.076 1.036 0.962 0.865 0.780 0.725 0.690 0.663 0.639 0.614 0.591 0.582 0.601 0.693 0.914 1.216 1.465 1.641 1.771 1.862 1.909 1.913 1.862 1.722
0.058 0.063 0.069 0.077 0.090 0.105 0.128 0.163 0.223 0.331 0.494 0.633 0.707 0.729 0.724 0.694 0.632 0.566 0.526 0.512 0.533 0.620 0.808 1.026 1.139 1.164 1.144 1.091 1.022 0.979 0.965 0.970 0.996 1.008 0.986 0.899 0.745 0.553 0.390 0.269 0.191 0.151 0.139 0.140 0.163 0.228 0.351 0.533 0.702 0.792 0.818 0.804 0.755 0.677 0.601 0.543 0.507 0.492 0.490 0.491 0.488 0.474 0.446 0.427 0.427 0.463 0.579 0.823 1.139 1.423 1.649 1.810 1.898 1.921 1.889 1.774
