RESULTS/r.avaflow_results/14_results/14_ascii/14_hflow_max0005.asc
ncols 506
nrows 317
xllcenter 498237.50
yllcenter 5580050.00
cellsize 12.50
NODATA_value -9999.000
[rows 204 to 237 of 317, columns 77 to 153 of 506]
3.143 3.279 3.477 3.748 4.123 4.663 5.337 6.059 6.846 7.896 10.492 17.384 25.301 29.162 31.201 32.589 33.622 34.972 36.042 36.589 37.110 37.737 39.410 41.023 41.530 42.011 41.688 40.890 40.419 39.396 38.047 36.851 36.373 36.159 35.483 34.344 32.933 31.595 30.063 28.574 27.738 27.519 27.568 27.594 27.351 26.866 25.976 24.723 23.523 22.095 20.162 18.108 16.075 13.603 11.307 10.001 9.398 9.040 8.730 8.298 8.037 7.983 8.073 8.395 9.142 10.360 11.900 13.150 13.915 14.300 14.416 14.417 14.257 13.942 13.611 13.274 13.036
3.450 3.674 3.998 4.426 4.977 5.597 6.220 6.854 7.509 8.324 9.987 15.346 23.846 28.459 30.148 31.330 32.393 33.139 33.334 33.605 33.460 33.371 33.646 34.174 34.318 34.955 35.767 35.999 36.278 36.178 36.189 36.498 36.681 36.395 35.882 34.904 33.712 32.186 30.509 29.172 28.400 28.047 27.987 28.005 27.846 27.352 26.254 24.597 22.935 21.084 18.943 16.883 14.600 12.159 10.495 9.651 9.231 8.993 8.932 8.853 8.765 8.748 8.913 9.564 10.692 11.901 13.109 14.260 15.028 15.222 15.151 14.893 14.590 14.194 13.697 13.173 12.475
3.892 4.192 4.642 5.218 5.885 6.497 7.034 7.573 8.146 8.817 9.997 14.024 22.034 27.353 29.384 30.882 31.793 32.502 32.955 32.976 32.936 32.464 31.965 31.615 31.660 32.054 32.661 33.489 34.287 35.451 36.209 36.791 37.018 36.776 36.251 35.330 34.304 32.952 31.242 29.954 29.185 28.790 28.623 28.459 28.264 27.776 26.449 24.423 22.261 19.746 17.325 15.148 12.910 11.085 10.084 9.596 9.501 9.568 9.770 9.951 10.006 10.048 10.329 11.184 12.289 13.178 13.925 14.779 15.486 15.642 15.455 15.179 14.727 14.065 12.981 11.341 9.260
4.529 4.878 5.417 6.116 6.786 7.358 7.848 8.297 8.765 9.333 10.320 13.370 20.442 26.545 29.144 30.843 31.880 32.663 33.067 33.000 32.955 32.491 31.752 31.331 31.521 32.075 32.754 33.445 34.348 35.654 36.712 37.148 37.544 37.597 37.565 37.058 36.122 34.818 33.472 32.071 30.721 29.778 29.367 29.146 28.713 28.085 26.612 24.263 21.407 18.374 15.774 13.495 11.686 10.536 9.964 9.956 10.124 10.506 11.020 11.388 11.548 11.606 11.869 12.632 13.385 13.926 14.406 14.976 15.441 15.642 15.599 15.085 13.948 11.914 9.110 6.308 4.418
5.420 5.790 6.343 7.054 7.672 8.191 8.647 9.031 9.425 9.963 10.865 13.100 18.704 25.652 29.132 30.942 32.080 32.927 33.409 33.419 33.265 32.724 31.701 31.193 31.793 32.425 33.157 33.748 34.623 35.962 37.004 37.718 38.206 38.552 38.778 38.877 38.594 37.629 36.320 34.650 32.807 31.270 30.378 29.915 29.341 28.322 26.392 23.623 20.106 16.871 14.233 12.239 11.018 10.349 10.278 10.468 10.909 11.643 12.431 12.884 13.006 13.036 13.157 13.519 13.902 14.206 14.534 14.808 15.124 15.241 14.777 13.154 10.168 6.944 4.753 3.729 3.274
6.599 6.952 7.452 8.096 8.632 9.057 9.439 9.808 10.200 10.766 11.648 13.290 17.225 24.007 28.955 31.073 32.330 33.296 33.955 34.030 34.081 33.141 32.310 32.524 33.324 33.973 34.856 35.576 36.215 37.119 37.977 38.593 39.560 40.363 40.786 41.067 40.998 40.597 39.430 37.483 35.034 32.921 31.654 30.879 29.988 28.348 25.602 21.968 18.265 15.219 12.867 11.459 10.735 10.490 10.647 11.199 12.082 12.946 13.747 14.179 14.229 14.074 13.983 13.983 14.018 14.136 14.339 14.545 14.403 13.674 11.675 8.747 6.058 4.472 3.626 3.214 3.014
8.070 8.397 8.859 9.445 9.865 10.162 10.433 10.726 11.101 11.686 12.547 13.800 16.465 21.959 28.275 31.564 33.248 34.708 35.694 36.308 36.518 35.975 35.225 35.447 36.325 37.131 38.247 39.218 39.855 40.509 40.984 41.097 42.016 43.014 43.648 44.137 44.114 44.047 43.072 40.953 38.291 35.814 34.166 32.796 30.940 28.183 23.999 19.739 16.375 13.859 12.162 11.182 10.745 10.800 11.244 12.262 13.433 14.214 14.788 15.016 14.939 14.623 14.340 14.141 14.055 14.017 13.936 13.642 12.604 10.433 7.965 5.950 4.525 3.641 3.235 3.047 2.933
9.831 10.175 10.701 11.283 11.582 11.677 11.769 11.935 12.194 12.665 13.430 14.389 16.276 20.373 27.017 31.629 34.017 36.081 37.937 39.553 40.494 40.455 40.151 40.375 41.149 41.987 43.223 44.532 45.439 46.227 46.409 46.154 46.594 47.223 47.716 48.529 48.701 48.901 47.956 46.145 43.863 41.666 39.347 35.509 32.215 26.938 21.497 17.519 14.991 13.193 11.888 11.226 11.162 11.403 12.251 13.501 14.492 15.189 15.539 15.618 15.368 14.978 14.562 14.263 13.980 13.587 12.903 11.580 9.542 7.452 5.943 4.813 3.896 3.324 3.084 2.994 2.921
11.870 12.299 12.993 13.610 13.786 13.668 13.449 13.437 13.555 13.836 14.429 15.240 16.617 19.782 25.699 31.147 34.500 37.625 40.763 43.842 47.031 48.666 49.330 49.534 49.747 49.994 51.578 53.158 54.662 55.945 56.214 55.353 55.296 55.403 55.430 56.200 56.414 56.793 56.218 54.837 52.993 50.248 44.600 39.247 31.462 24.229 18.821 15.781 14.049 12.765 11.798 11.369 11.471 12.029 13.152 14.434 15.324 15.857 16.054 15.968 15.708 15.134 14.474 13.965 13.261 12.199 10.829 9.163 7.459 6.142 5.103 4.260 3.627 3.214 3.035 2.979 2.938
14.056 14.570 15.457 16.172 16.281 15.988 15.444 15.180 15.134 15.263 15.696 16.496 17.688 20.191 25.209 31.021 35.573 40.277 45.207 50.383 55.703 58.564 58.887 59.421 59.148 59.375 61.105 62.875 64.667 66.030 66.397 65.676 65.656 65.548 65.677 66.530 66.760 67.023 66.738 65.200 62.074 57.499 51.036 40.161 28.792 21.041 16.544 14.351 13.152 12.295 11.709 11.425 11.673 12.561 14.020 15.163 15.844 16.138 16.131 16.100 15.757 14.931 13.732 12.535 11.286 10.031 8.919 7.742 6.520 5.536 4.677 4.001 3.521 3.198 3.025 2.977 2.935
16.054 16.610 17.669 18.449 18.576 18.272 17.589 17.110 16.949 16.969 17.258 18.048 19.349 21.607 25.760 31.683 38.249 45.149 51.933 56.875 59.675 61.707 61.602 62.198 61.797 61.974 63.480 65.291 67.217 68.954 68.839 68.587 69.066 68.836 69.160 70.345 70.950 71.221 71.434 69.820 66.608 62.392 54.021 38.584 25.725 18.522 14.768 13.014 12.180 11.842 11.606 11.621 12.110 13.216 14.681 15.642 16.051 16.129 16.144 15.900 15.207 13.925 12.086 10.328 9.218 8.571 7.919 6.940 5.953 5.200 4.492 3.899 3.488 3.227 3.088 2.998 2.901
17.860 18.480 19.532 20.247 20.369 20.108 19.521 19.131 19.036 19.078 19.363 20.188 21.737 24.322 28.499 35.192 44.620 51.483 56.239 59.353 59.714 60.481 61.662 61.573 61.073 61.770 61.895 63.824 66.297 67.748 68.387 69.068 68.218 68.378 69.019 69.524 69.868 71.033 71.090 70.448 68.096 62.932 54.255 38.138 24.419 17.111 13.810 12.228 11.536 11.403 11.439 11.728 12.465 13.640 14.838 15.627 15.941 16.085 15.935 15.327 14.038 12.012 9.962 8.634 8.063 7.656 7.187 6.376 5.628 5.028 4.404 3.890 3.531 3.292 3.131 2.995 2.823
19.531 20.273 21.129 21.660 21.762 21.609 21.287 21.180 21.401 21.786 22.417 23.567 25.693 29.376 35.022 42.275 49.944 54.183 55.632 58.028 58.762 57.872 57.024 56.550 56.532 56.776 57.360 59.399 62.065 63.676 64.237 64.673 63.839 63.849 64.139 63.793 63.899 63.236 62.372 61.077 58.816 55.368 50.715 38.598 23.956 16.746 13.649 11.914 11.026 10.795 10.885 11.529 12.587 13.765 14.640 15.165 15.596 15.612 15.149 14.220 12.599 10.139 8.415 7.609 7.202 6.887 6.501 5.903 5.421 4.977 4.399 3.922 3.628 3.400 3.177 2.956 2.699
21.031 21.810 22.548 22.957 23.105 23.130 23.129 23.345 24.068 25.257 27.022 29.513 33.294 38.967 43.797 47.193 50.000 52.133 54.001 54.145 52.905 50.901 50.781 50.094 51.532 51.131 50.564 51.432 53.735 55.586 56.418 56.702 56.138 55.406 55.352 53.875 51.923 50.872 50.635 50.057 50.888 50.000 50.000 38.437 24.557 17.110 13.875 11.963 10.892 10.540 10.740 11.435 12.594 13.664 14.174 14.608 14.689 14.423 13.830 12.833 11.106 8.883 7.550 6.913 6.570 6.290 5.950 5.565 5.268 4.946 4.428 3.942 3.662 3.446 3.205 2.910 2.561
22.291 23.009 23.712 24.202 24.525 24.811 25.195 26.031 27.719 30.730 34.651 39.561 43.181 45.719 50.000 50.000 50.000 50.307 50.118 50.442 50.928 50.765 50.941 50.694 50.247 51.207 51.598 50.774 51.442 52.014 50.729 51.181 51.385 51.300 51.200 50.610 51.780 50.981 50.417 50.210 50.206 50.000 50.000 36.765 27.266 19.042 15.049 12.761 11.306 10.835 10.951 11.497 12.426 13.316 13.793 13.923 13.754 13.374 12.746 11.716 10.060 8.142 6.998 6.435 6.163 5.908 5.593 5.369 5.165 4.879 4.435 3.965 3.664 3.427 3.173 2.820 2.412
23.299 23.999 24.644 25.287 25.986 26.797 28.158 30.555 34.470 40.113 44.306 46.382 50.000 50.000 50.000 50.298 50.501 50.275 50.903 50.559 50.971 50.667 50.000 51.063 50.540 51.256 50.297 50.798 52.032 50.443 50.634 52.351 53.362 52.257 52.138 51.322 51.253 50.066 51.033 50.203 50.169 50.000 50.000 50.000 32.233 22.903 17.373 14.366 12.403 11.499 11.433 11.838 12.394 12.865 13.250 13.349 13.164 12.663 11.916 10.787 9.203 7.570 6.524 6.029 5.833 5.644 5.402 5.240 5.071 4.796 4.397 3.963 3.643 3.362 3.051 2.672 2.249
24.144 24.866 25.518 26.263 27.574 29.872 33.480 39.060 44.001 47.148 50.000 50.000 50.000 50.324 50.332 50.870 50.041 50.542 50.858 50.000 51.219 50.000 50.821 50.130 51.281 50.456 50.990 50.445 51.682 50.789 50.337 52.217 52.471 52.072 53.711 52.199 52.376 50.644 50.851 50.000 50.173 50.000 50.000 50.000 36.751 28.385 20.415 16.287 13.853 12.598 12.227 12.334 12.503 12.653 12.814 12.796 12.553 12.004 11.188 10.066 8.593 7.074 6.082 5.665 5.558 5.452 5.312 5.194 5.030 4.792 4.429 3.974 3.593 3.264 2.914 2.526 2.118
24.901 25.727 26.499 27.351 29.483 35.405 41.607 46.275 50.000 50.000 50.000 51.083 51.469 50.631 50.026 50.533 50.673 50.856 50.092 51.252 50.527 51.284 50.849 51.139 51.300 50.000 50.000 50.000 50.682 50.000 50.118 51.597 52.210 52.180 53.005 51.548 51.963 50.741 50.059 51.692 50.553 51.302 50.000 50.000 50.000 34.304 24.506 18.668 15.679 14.138 13.180 12.689 12.510 12.539 12.591 12.457 12.048 11.491 10.675 9.504 8.034 6.588 5.677 5.389 5.350 5.335 5.307 5.222 5.063 4.816 4.463 3.999 3.548 3.161 2.794 2.402 1.977
25.714 26.676 27.680 29.030 32.755 41.001 50.000 50.000 50.000 50.308 50.215 50.000 52.443 50.337 51.349 51.791 51.436 52.268 50.090 51.552 51.123 50.825 50.038 50.113 51.389 50.000 50.872 51.255 51.196 50.541 51.235 51.461 52.084 50.803 52.564 51.819 52.501 51.669 50.096 51.515 51.821 50.000 51.515 50.000 50.000 39.079 30.003 21.761 17.860 15.757 14.255 13.152 12.589 12.413 12.389 12.237 11.896 11.275 10.326 9.032 7.447 6.076 5.325 5.186 5.285 5.400 5.421 5.343 5.186 4.862 4.417 3.953 3.487 3.064 2.663 2.274 1.827
26.689 27.728 29.292 32.386 39.274 46.795 50.000 50.453 51.738 51.641 51.326 50.249 52.058 50.010 51.572 50.822 50.173 50.521 50.000 50.836 50.000 50.788 50.443 50.791 51.510 50.000 50.757 50.714 51.398 50.853 50.002 50.756 51.250 50.923 52.027 52.063 51.083 51.147 50.516 51.910 50.155 50.890 50.084 50.008 50.000 50.000 35.549 25.449 20.368 17.699 15.325 13.538 12.690 12.565 12.446 12.220 11.882 11.237 10.131 8.574 6.870 5.582 5.065 5.033 5.335 5.528 5.562 5.465 5.286 4.870 4.315 3.853 3.420 2.988 2.576 2.151 1.599
27.760 28.876 31.400 38.078 45.876 50.000 51.065 51.277 51.471 51.646 51.385 50.613 50.852 50.474 51.090 50.000 50.477 50.660 50.000 50.800 50.369 50.763 50.616 50.000 50.464 50.702 51.066 51.226 50.000 50.881 50.393 51.643 51.437 51.174 51.995 51.351 51.160 50.901 50.000 50.759 50.867 50.210 50.165 50.919 50.000 50.000 39.652 29.601 23.249 19.339 15.947 13.705 13.021 13.093 13.011 12.786 12.229 11.414 9.992 8.125 6.393 5.303 4.933 5.036 5.510 5.770 5.785 5.615 5.339 4.781 4.174 3.736 3.323 2.896 2.459 1.962 1.260
28.882 30.362 34.406 43.183 50.000 51.256 52.337 52.628 52.583 52.672 52.165 51.459 50.665 50.552 51.519 50.717 51.333 50.365 50.676 51.013 50.152 50.470 50.000 50.490 50.433 50.146 50.572 50.551 50.194 51.595 50.855 51.822 51.838 50.652 52.063 50.688 51.834 50.967 51.068 50.051 51.038 50.186 50.108 50.852 50.000 50.000 42.703 34.129 25.489 20.237 16.224 13.836 13.574 13.854 13.837 13.510 12.858 11.646 9.822 7.808 6.164 5.221 4.971 5.305 5.958 6.187 6.126 5.845 5.363 4.618 3.987 3.552 3.153 2.729 2.264 1.652 0.873
30.244 33.213 40.143 48.140 51.300 51.906 52.684 53.012 52.857 52.895 52.439 51.927 51.051 51.346 52.351 50.445 51.465 50.602 50.445 51.365 50.000 50.718 50.137 50.261 50.176 50.594 50.251 50.208 50.325 52.289 50.409 51.635 50.377 50.761 51.374 50.510 50.903 51.177 50.428 50.347 51.195 50.291 50.089 50.041 50.000 50.000 50.000 37.926 27.133 20.599 16.322 14.163 14.337 14.617 14.565 14.088 13.206 11.594 9.535 7.605 6.126 5.287 5.222 5.817 6.477 6.553 6.360 6.059 5.355 4.502 3.853 3.332 2.895 2.476 1.963 1.207 0.528
32.575 39.001 46.638 50.670 51.958 52.662 53.359 53.677 53.678 53.601 53.243 52.871 51.845 51.218 50.695 51.609 51.356 51.187 52.269 50.717 51.258 52.129 50.300 51.758 50.800 50.582 50.197 51.150 50.000 50.841 50.386 51.625 50.104 52.451 51.787 51.276 51.427 52.055 50.880 51.688 51.279 51.257 50.118 50.202 50.673 50.000 50.000 40.087 29.118 20.889 16.450 14.999 15.191 15.379 15.064 14.543 13.258 11.270 9.219 7.531 6.253 5.567 5.606 6.332 6.841 6.803 6.587 6.104 5.274 4.410 3.738 3.143 2.613 2.104 1.491 0.750 0.286
37.179 45.271 50.000 51.260 52.589 53.296 54.111 54.364 54.079 54.471 54.268 53.482 52.963 52.578 52.011 51.887 51.364 51.559 51.189 51.904 50.376 51.826 50.908 51.064 51.055 50.324 50.053 50.190 50.000 50.598 51.442 51.707 50.835 52.255 51.885 50.652 51.881 51.511 51.803 51.396 50.228 51.671 51.508 50.457 50.293 50.158 50.000 50.000 32.097 21.573 17.174 16.158 16.101 15.985 15.547 14.712 12.913 10.728 9.004 7.641 6.587 6.082 6.167 6.857 7.117 6.975 6.692 5.995 5.137 4.351 3.587 2.889 2.252 1.603 0.938 0.404 0.137
42.294 50.000 50.473 51.727 52.768 53.292 53.982 54.328 54.293 54.694 54.693 54.330 53.985 53.955 53.347 52.966 51.727 51.163 51.158 50.845 50.699 50.918 50.000 50.285 51.122 50.000 50.565 51.316 51.461 50.609 50.514 51.081 50.847 51.261 52.243 51.112 51.414 52.867 50.223 52.001 51.611 50.582 50.431 50.272 50.000 50.464 50.000 50.000 34.424 23.576 18.897 17.760 17.176 16.470 15.842 14.335 12.161 10.238 8.931 7.922 7.133 6.793 6.865 7.304 7.320 7.135 6.649 5.854 5.029 4.240 3.403 2.578 1.807 1.091 0.521 0.195 0.058
46.792 50.067 50.814 52.385 53.408 53.899 54.666 55.017 54.997 55.500 55.550 55.356 55.378 55.161 54.594 53.970 52.687 51.953 52.093 51.042 51.223 52.139 50.112 51.042 51.077 50.641 51.430 51.364 50.000 50.066 51.017 51.018 50.883 53.125 51.381 51.411 51.923 51.282 50.115 50.932 51.983 50.460 50.440 50.051 50.000 50.000 50.000 50.000 36.922 27.795 22.066 20.182 18.550 17.227 15.634 13.362 11.254 9.917 9.039 8.441 8.035 7.748 7.668 7.678 7.483 7.185 6.526 5.707 4.864 3.980 3.082 2.176 1.323 0.653 0.259 0.082 0.022
50.000 51.087 51.836 53.173 54.161 54.567 55.584 56.043 55.936 56.429 56.503 56.247 56.760 56.653 55.786 55.261 53.918 52.674 51.398 52.246 51.002 51.054 50.834 51.190 51.830 50.629 51.185 50.850 50.894 51.338 50.787 50.787 51.306 51.769 51.750 51.634 51.536 50.796 50.643 52.032 51.118 50.938 50.442 50.000 50.426 50.070 50.000 50.000 50.000 34.253 26.234 22.736 20.404 17.781 14.925 12.285 10.557 9.753 9.432 9.288 9.118 8.889 8.577 8.111 7.674 7.075 6.326 5.471 4.486 3.491 2.547 1.615 0.828 0.338 0.112 0.030 0.008
50.000 51.421 52.215 53.546 54.661 54.991 56.117 56.671 56.431 56.769 56.904 56.868 57.544 57.649 57.114 56.315 55.055 53.538 51.581 50.213 50.751 50.651 50.000 50.406 50.769 50.204 51.219 51.329 51.132 52.012 51.602 50.461 52.505 50.388 50.220 50.894 51.063 50.980 51.123 52.005 51.608 50.738 50.761 50.000 52.235 50.479 50.000 50.000 50.000 39.141 31.664 25.679 21.615 17.633 14.039 11.523 10.275 9.887 10.026 10.182 10.131 9.862 9.338 8.705 7.968 7.097 6.145 5.055 3.901 2.826 1.846 1.003 0.435 0.150 0.042 0.010 0.008
50.706 51.541 52.729 54.386 55.792 56.117 56.972 57.359 57.358 57.848 58.106 58.124 59.032 59.311 58.566 57.642 56.093 54.720 52.515 51.194 50.950 51.568 51.023 51.238 51.877 51.094 52.314 52.795 51.049 51.172 51.212 50.416 50.945 51.175 51.078 50.912 50.239 50.372 50.698 51.079 50.840 50.938 51.192 50.794 51.127 50.000 50.952 50.000 50.000 50.000 36.414 28.251 22.170 17.124 13.322 11.224 10.398 10.416 10.721 10.959 10.947 10.525 9.950 9.204 8.311 7.270 6.003 4.558 3.214 2.061 1.150 0.535 0.199 0.058 0.014 0.008 0.008
50.362 51.668 53.017 54.871 56.437 56.913 57.738 58.069 57.732 58.618 59.019 59.403 60.517 60.644 59.644 59.111 57.313 55.610 53.587 51.029 50.708 50.926 50.542 50.948 51.340 50.836 51.906 51.253 51.761 52.017 50.593 50.007 50.553 50.856 50.064 50.754 50.644 50.949 51.605 50.788 50.504 51.892 51.461 51.331 51.166 50.602 50.873 50.001 50.000 50.000 39.453 31.167 22.657 16.686 13.024 11.316 11.178 11.333 11.560 11.627 11.365 11.017 10.314 9.458 8.456 7.232 5.685 3.952 2.460 1.332 0.626 0.249 0.079 0.020 0.009 0.009 0.008
50.285 51.408 52.688 54.789 56.513 57.234 58.267 58.816 58.880 59.365 59.841 60.147 61.141 61.071 60.929 60.005 58.062 56.601 54.468 52.394 51.046 50.951 50.770 51.679 51.175 51.076 52.229 51.706 51.060 52.034 51.087 50.400 51.301 50.630 50.000 50.429 50.252 50.917 50.179 51.076 51.565 51.602 52.224 51.350 50.514 50.447 50.000 50.000 50.000 50.000 50.000 34.110 23.239 16.729 13.337 12.371 12.355 12.468 12.407 12.028 11.668 11.101 10.373 9.508 8.432 6.928 5.015 3.124 1.668 0.757 0.301 0.102 0.028 0.010 0.010 0.009 0.009
51.197 51.725 53.100 55.291 57.154 58.284 59.782 60.521 60.309 61.136 61.556 61.678 62.724 62.504 61.774 60.573 58.626 57.507 55.508 53.212 52.064 52.058 52.181 51.879 51.775 51.299 51.371 50.952 50.646 51.229 51.883 51.049 50.036 50.926 50.293 51.530 51.129 51.317 51.061 50.696 51.733 50.834 52.353 52.401 53.185 51.501 51.228 50.741 50.023 50.000 50.000 35.169 24.033 17.741 14.910 14.198 14.001 13.729 13.072 12.477 11.704 10.925 10.174 9.300 8.033 6.192 3.942 2.101 0.958 0.384 0.134 0.040 0.011 0.010 0.010 0.010 0.009
50.667 51.542 52.689 54.787 56.860 58.517 60.316 61.393 61.211 61.883 62.021 61.681 62.465 62.184 61.810 60.603 58.612 57.352 55.663 54.259 53.405 53.405 53.358 53.256 52.623 52.488 51.635 50.264 50.901 50.567 51.202 50.340 50.018 50.386 50.584 50.406 50.973 50.648 50.014 50.926 50.996 51.423 51.830 51.489 52.402 51.763 50.944 50.862 50.041 50.000 50.000 35.599 26.366 19.678 17.357 16.517 15.767 14.767 13.840 12.720 11.644 10.634 9.646 8.575 7.025 4.796 2.591 1.216 0.512 0.189 0.060 0.017 0.011 0.011 0.010 0.010 0.008
