RESULTS/r.avaflow_results/14_results/14_ascii/14_hflow30013.asc
ncols 506
nrows 317
xllcenter 498237.50
yllcenter 5580050.00
cellsize 12.50
NODATA_value -9999.000
[rows 136 to 169 of 317, columns 154 to 230 of 506]
0.005 0.007 0.008 0.009 0.009 0.009 0.008 0.007 0.006 0.006 0.006 0.005 0.005 0.005 0.005 0.005 0.005 0.005 0.005 0.005 0.005 0.005 0.004 0.004 0.004 0.004 0.004 0.003 0.003 0.002 0.002 0.001 0.001 0.000 0.000 0.000 0.000 0.000 0.000 0.000 0.000 0.000 0.000 0.000 0.000 0.000 0.000 0.000 0.000 0.000 0.000 0.000 0.000 0.000 0.000 0.000 0.000 0.000 0.000 0.000 0.000 0.000 0.000 0.000 0.000 0.000 0.000 0.000 0.000 0.000 0.000 0.000 0.000 0.000 0.000 0.000 0.000
0.010 0.013 0.015 0.016 0.016 0.016 0.014 0.012 0.011 0.010 0.009 0.009 0.009 0.009 0.009 0.009 0.009 0.009 0.009 0.008 0.008 0.008 0.007 0.007 0.007 0.006 0.006 0.006 0.005 0.005 0.004 0.003 0.002 0.001 0.001 0.000 0.000 0.000 0.000 0.000 0.000 0.000 0.000 0.000 0.000 0.000 0.000 0.000 0.000 0.000 0.000 0.000 0.000 0.000 0.000 0.000 0.000 0.000 0.000 0.000 0.000 0.000 0.000 0.000 0.000 0.000 0.000 0.000 0.000 0.000 0.000 0.000 0.000 0.000 0.000 0.000 0.000
0.016 0.023 0.028 0.030 0.030 0.029 0.025 0.020 0.016 0.015 0.014 0.014 0.014 0.014 0.014 0.014 0.013 0.013 0.013 0.013 0.012 0.011 0.010 0.010 0.010 0.010 0.009 0.009 0.008 0.008 0.007 0.005 0.004 0.003 0.002 0.001 0.000 0.000 0.000 0.000 0.000 0.000 0.000 0.000 0.000 0.000 0.000 0.000 0.000 0.000 0.000 0.000 0.000 0.000 0.000 0.000 0.000 0.000 0.000 0.000 0.000 0.000 0.000 0.000 0.000 0.000 0.000 0.000 0.000 0.000 0.000 0.000 0.000 0.000 0.000 0.000 0.000
0.028 0.043 0.055 0.060 0.060 0.056 0.047 0.034 0.026 0.023 0.021 0.021 0.021 0.021 0.021 0.021 0.020 0.020 0.019 0.018 0.017 0.016 0.014 0.014 0.014 0.013 0.013 0.013 0.012 0.012 0.010 0.009 0.006 0.005 0.003 0.002 0.001 0.001 0.000 0.000 0.000 0.000 0.000 0.000 0.000 0.000 0.000 0.000 0.000 0.000 0.000 0.000 0.000 0.000 0.000 0.000 0.000 0.000 0.000 0.000 0.000 0.000 0.000 0.000 0.000 0.000 0.000 0.000 0.000 0.000 0.000 0.000 0.000 0.000 0.000 0.000 0.000
0.050 0.078 0.100 0.109 0.110 0.104 0.088 0.064 0.046 0.037 0.034 0.033 0.034 0.035 0.035 0.034 0.034 0.032 0.031 0.029 0.026 0.022 0.020 0.019 0.018 0.018 0.018 0.018 0.018 0.017 0.015 0.013 0.010 0.007 0.005 0.004 0.003 0.002 0.001 0.000 0.000 0.000 0.000 0.000 0.000 0.000 0.000 0.000 0.000 0.000 0.000 0.000 0.000 0.000 0.000 0.000 0.000 0.000 0.000 0.000 0.000 0.000 0.000 0.000 0.000 0.000 0.000 0.000 0.000 0.000 0.000 0.000 0.000 0.000 0.000 0.000 0.000
0.070 0.102 0.126 0.137 0.139 0.135 0.121 0.096 0.073 0.062 0.058 0.058 0.061 0.066 0.068 0.067 0.066 0.063 0.059 0.053 0.044 0.036 0.031 0.027 0.025 0.025 0.025 0.025 0.025 0.024 0.021 0.018 0.014 0.011 0.008 0.006 0.004 0.003 0.002 0.001 0.000 0.000 0.000 0.000 0.000 0.000 0.000 0.000 0.000 0.000 0.000 0.000 0.000 0.000 0.000 0.000 0.000 0.000 0.000 0.000 0.000 0.000 0.000 0.000 0.000 0.000 0.000 0.000 0.000 0.000 0.000 0.000 0.000 0.000 0.000 0.000 0.000
0.077 0.108 0.130 0.141 0.143 0.140 0.129 0.107 0.089 0.082 0.082 0.088 0.104 0.126 0.143 0.149 0.148 0.144 0.134 0.118 0.094 0.072 0.056 0.045 0.038 0.035 0.035 0.034 0.034 0.033 0.030 0.025 0.019 0.015 0.011 0.009 0.007 0.005 0.003 0.002 0.001 0.001 0.000 0.000 0.000 0.000 0.000 0.000 0.000 0.000 0.000 0.000 0.000 0.000 0.000 0.000 0.000 0.000 0.000 0.000 0.000 0.000 0.000 0.000 0.000 0.000 0.000 0.000 0.000 0.000 0.000 0.000 0.000 0.000 0.000 0.000 0.000
0.076 0.100 0.117 0.125 0.128 0.127 0.120 0.104 0.091 0.087 0.090 0.103 0.128 0.170 0.223 0.262 0.279 0.280 0.269 0.243 0.203 0.158 0.119 0.088 0.067 0.056 0.051 0.049 0.047 0.045 0.040 0.034 0.026 0.020 0.016 0.013 0.010 0.007 0.005 0.004 0.002 0.002 0.001 0.000 0.000 0.000 0.000 0.000 0.000 0.000 0.000 0.000 0.000 0.000 0.000 0.000 0.000 0.000 0.000 0.000 0.000 0.000 0.000 0.000 0.000 0.000 0.000 0.000 0.000 0.000 0.000 0.000 0.000 0.000 0.000 0.000 0.000
0.065 0.075 0.082 0.085 0.087 0.089 0.090 0.085 0.081 0.082 0.088 0.102 0.130 0.178 0.249 0.311 0.342 0.349 0.345 0.330 0.305 0.273 0.233 0.182 0.129 0.094 0.078 0.070 0.065 0.059 0.053 0.045 0.036 0.028 0.022 0.017 0.014 0.010 0.008 0.006 0.004 0.003 0.002 0.001 0.001 0.001 0.000 0.000 0.000 0.000 0.000 0.000 0.000 0.000 0.000 0.000 0.000 0.000 0.000 0.000 0.000 0.000 0.000 0.000 0.000 0.000 0.000 0.000 0.000 0.000 0.000 0.000 0.000 0.000 0.000 0.000 0.000
0.046 0.048 0.049 0.049 0.049 0.050 0.053 0.055 0.058 0.063 0.072 0.087 0.112 0.158 0.232 0.302 0.340 0.351 0.351 0.345 0.336 0.327 0.309 0.274 0.215 0.155 0.118 0.098 0.086 0.076 0.067 0.058 0.048 0.038 0.030 0.024 0.019 0.015 0.011 0.009 0.006 0.005 0.004 0.003 0.002 0.002 0.002 0.001 0.001 0.001 0.001 0.001 0.000 0.000 0.000 0.000 0.000 0.000 0.000 0.000 0.000 0.000 0.000 0.000 0.000 0.000 0.000 0.000 0.000 0.000 0.000 0.000 0.000 0.000 0.000 0.000 0.000
0.033 0.033 0.033 0.033 0.032 0.032 0.033 0.035 0.037 0.041 0.046 0.056 0.072 0.103 0.161 0.230 0.273 0.292 0.302 0.310 0.321 0.329 0.325 0.306 0.263 0.202 0.156 0.128 0.109 0.095 0.084 0.073 0.062 0.050 0.040 0.032 0.026 0.020 0.016 0.012 0.009 0.007 0.006 0.005 0.004 0.004 0.003 0.003 0.002 0.002 0.002 0.002 0.001 0.001 0.001 0.001 0.000 0.000 0.000 0.000 0.000 0.000 0.000 0.000 0.000 0.000 0.000 0.000 0.000 0.000 0.000 0.000 0.000 0.000 0.000 0.000 0.000
0.026 0.027 0.026 0.026 0.025 0.025 0.025 0.025 0.027 0.029 0.031 0.035 0.041 0.054 0.079 0.117 0.147 0.170 0.190 0.214 0.250 0.290 0.306 0.301 0.274 0.225 0.183 0.155 0.134 0.117 0.103 0.091 0.078 0.065 0.053 0.043 0.035 0.028 0.022 0.017 0.013 0.010 0.008 0.007 0.006 0.006 0.005 0.005 0.004 0.004 0.004 0.003 0.003 0.002 0.002 0.002 0.001 0.001 0.001 0.001 0.000 0.000 0.000 0.000 0.000 0.000 0.000 0.000 0.000 0.000 0.000 0.000 0.000 0.000 0.000 0.000 0.000
0.023 0.023 0.023 0.023 0.022 0.022 0.022 0.022 0.023 0.024 0.025 0.027 0.029 0.034 0.043 0.057 0.071 0.084 0.098 0.116 0.148 0.202 0.252 0.271 0.262 0.233 0.201 0.178 0.158 0.140 0.125 0.111 0.097 0.082 0.068 0.057 0.047 0.038 0.030 0.023 0.018 0.014 0.012 0.010 0.009 0.008 0.008 0.007 0.007 0.006 0.006 0.005 0.005 0.005 0.004 0.004 0.003 0.003 0.002 0.002 0.002 0.001 0.001 0.001 0.000 0.000 0.000 0.000 0.000 0.000 0.000 0.000 0.000 0.000 0.000 0.000 0.000
0.022 0.022 0.022 0.021 0.021 0.021 0.021 0.021 0.021 0.022 0.022 0.023 0.025 0.027 0.030 0.035 0.042 0.049 0.058 0.069 0.088 0.122 0.175 0.218 0.234 0.228 0.210 0.193 0.179 0.165 0.150 0.135 0.119 0.103 0.088 0.075 0.063 0.052 0.042 0.033 0.025 0.020 0.016 0.014 0.012 0.011 0.010 0.010 0.009 0.009 0.008 0.008 0.008 0.007 0.006 0.006 0.005 0.005 0.004 0.004 0.003 0.003 0.002 0.002 0.001 0.001 0.001 0.000 0.000 0.000 0.000 0.000 0.000 0.000 0.000 0.000 0.000
0.022 0.022 0.021 0.021 0.021 0.021 0.021 0.021 0.021 0.021 0.022 0.023 0.024 0.025 0.026 0.028 0.031 0.036 0.042 0.049 0.061 0.080 0.114 0.160 0.197 0.213 0.211 0.201 0.192 0.185 0.176 0.164 0.149 0.131 0.115 0.101 0.087 0.073 0.059 0.047 0.036 0.028 0.022 0.018 0.016 0.014 0.014 0.013 0.012 0.012 0.011 0.011 0.010 0.010 0.009 0.008 0.008 0.007 0.007 0.006 0.006 0.005 0.004 0.004 0.003 0.002 0.002 0.002 0.001 0.001 0.001 0.000 0.000 0.000 0.000 0.000 0.000
0.024 0.022 0.022 0.021 0.021 0.021 0.021 0.021 0.021 0.021 0.022 0.022 0.023 0.024 0.025 0.026 0.028 0.030 0.035 0.040 0.048 0.060 0.080 0.113 0.157 0.191 0.203 0.203 0.199 0.198 0.197 0.194 0.185 0.171 0.155 0.139 0.122 0.103 0.085 0.068 0.052 0.039 0.030 0.024 0.021 0.019 0.017 0.017 0.016 0.015 0.015 0.014 0.014 0.013 0.012 0.011 0.011 0.010 0.010 0.009 0.008 0.008 0.007 0.006 0.005 0.005 0.004 0.003 0.003 0.002 0.002 0.001 0.001 0.001 0.000 0.000 0.000
0.034 0.028 0.025 0.023 0.022 0.021 0.021 0.021 0.021 0.021 0.022 0.023 0.024 0.025 0.025 0.026 0.027 0.029 0.032 0.036 0.041 0.050 0.063 0.084 0.118 0.160 0.188 0.198 0.201 0.204 0.210 0.220 0.225 0.223 0.214 0.198 0.176 0.151 0.127 0.102 0.078 0.058 0.043 0.033 0.027 0.024 0.023 0.022 0.021 0.020 0.019 0.018 0.018 0.017 0.015 0.014 0.014 0.013 0.013 0.012 0.011 0.011 0.010 0.009 0.008 0.007 0.007 0.006 0.005 0.005 0.004 0.003 0.003 0.002 0.001 0.001 0.001
0.080 0.052 0.037 0.029 0.025 0.023 0.022 0.022 0.022 0.022 0.023 0.024 0.024 0.025 0.026 0.026 0.027 0.029 0.030 0.033 0.038 0.044 0.053 0.066 0.089 0.125 0.163 0.186 0.197 0.204 0.216 0.236 0.254 0.262 0.262 0.255 0.240 0.218 0.190 0.158 0.122 0.088 0.063 0.047 0.038 0.033 0.030 0.029 0.028 0.026 0.025 0.024 0.023 0.021 0.020 0.018 0.017 0.016 0.016 0.015 0.014 0.014 0.013 0.012 0.012 0.011 0.010 0.009 0.008 0.008 0.007 0.006 0.005 0.004 0.003 0.003 0.002
0.279 0.161 0.092 0.056 0.038 0.029 0.025 0.024 0.023 0.023 0.024 0.025 0.026 0.026 0.027 0.028 0.028 0.029 0.030 0.033 0.035 0.040 0.047 0.057 0.073 0.098 0.134 0.166 0.186 0.201 0.217 0.244 0.268 0.280 0.283 0.283 0.280 0.270 0.253 0.228 0.191 0.142 0.098 0.072 0.056 0.048 0.043 0.041 0.039 0.036 0.034 0.032 0.029 0.027 0.025 0.023 0.021 0.020 0.020 0.019 0.018 0.017 0.017 0.016 0.015 0.015 0.014 0.013 0.012 0.011 0.010 0.009 0.009 0.007 0.006 0.005 0.004
1.013 0.599 0.318 0.163 0.086 0.051 0.035 0.029 0.026 0.025 0.026 0.026 0.027 0.028 0.029 0.029 0.030 0.030 0.031 0.033 0.035 0.038 0.044 0.052 0.064 0.082 0.108 0.139 0.167 0.191 0.215 0.245 0.272 0.284 0.288 0.290 0.294 0.294 0.290 0.280 0.258 0.215 0.157 0.114 0.089 0.074 0.066 0.061 0.057 0.053 0.047 0.043 0.040 0.036 0.033 0.030 0.028 0.026 0.025 0.024 0.023 0.022 0.021 0.021 0.020 0.020 0.019 0.019 0.018 0.016 0.015 0.014 0.013 0.012 0.011 0.009 0.008
2.785 1.880 1.086 0.555 0.265 0.129 0.069 0.044 0.034 0.030 0.029 0.029 0.029 0.030 0.031 0.032 0.032 0.033 0.033 0.033 0.035 0.038 0.043 0.050 0.060 0.072 0.089 0.112 0.141 0.172 0.205 0.242 0.270 0.282 0.287 0.289 0.295 0.302 0.305 0.303 0.294 0.268 0.224 0.177 0.143 0.121 0.107 0.098 0.091 0.082 0.071 0.062 0.055 0.050 0.044 0.040 0.037 0.035 0.033 0.032 0.030 0.029 0.027 0.026 0.026 0.026 0.026 0.026 0.025 0.023 0.022 0.020 0.019 0.018 0.016 0.014 0.013
5.398 4.234 2.842 1.633 0.836 0.394 0.188 0.099 0.060 0.044 0.037 0.034 0.033 0.034 0.034 0.035 0.035 0.035 0.035 0.035 0.036 0.039 0.043 0.050 0.057 0.065 0.076 0.092 0.114 0.145 0.183 0.227 0.257 0.272 0.277 0.281 0.290 0.303 0.308 0.309 0.304 0.290 0.261 0.223 0.195 0.178 0.168 0.161 0.152 0.138 0.113 0.093 0.080 0.071 0.063 0.056 0.051 0.048 0.046 0.044 0.041 0.038 0.036 0.035 0.035 0.035 0.036 0.036 0.035 0.033 0.030 0.028 0.027 0.025 0.023 0.021 0.019
7.407 6.620 5.303 3.643 2.141 1.144 0.569 0.282 0.151 0.090 0.062 0.048 0.043 0.040 0.039 0.039 0.039 0.039 0.039 0.039 0.039 0.040 0.044 0.050 0.056 0.061 0.069 0.079 0.095 0.118 0.151 0.194 0.227 0.245 0.254 0.263 0.276 0.294 0.304 0.306 0.304 0.294 0.274 0.244 0.222 0.212 0.210 0.211 0.210 0.200 0.170 0.137 0.115 0.101 0.090 0.080 0.072 0.068 0.065 0.063 0.059 0.055 0.051 0.048 0.048 0.049 0.050 0.050 0.050 0.047 0.043 0.040 0.038 0.036 0.033 0.031 0.029
8.457 8.045 7.211 5.911 4.238 2.658 1.541 0.841 0.446 0.244 0.145 0.095 0.070 0.057 0.050 0.046 0.044 0.043 0.043 0.043 0.043 0.044 0.047 0.051 0.055 0.060 0.066 0.074 0.085 0.101 0.124 0.154 0.185 0.208 0.225 0.237 0.248 0.263 0.277 0.286 0.290 0.286 0.273 0.249 0.231 0.225 0.226 0.231 0.234 0.229 0.206 0.175 0.154 0.139 0.126 0.114 0.105 0.099 0.096 0.093 0.090 0.085 0.078 0.073 0.071 0.071 0.073 0.074 0.073 0.070 0.066 0.061 0.058 0.055 0.052 0.048 0.045
8.788 8.635 8.198 7.385 6.212 4.760 3.301 2.093 1.249 0.718 0.413 0.246 0.157 0.109 0.081 0.065 0.056 0.052 0.050 0.050 0.050 0.050 0.051 0.054 0.057 0.061 0.066 0.073 0.081 0.092 0.108 0.128 0.153 0.178 0.197 0.208 0.212 0.216 0.223 0.236 0.250 0.258 0.257 0.245 0.231 0.227 0.228 0.234 0.239 0.238 0.227 0.208 0.194 0.184 0.177 0.171 0.165 0.161 0.158 0.157 0.156 0.153 0.146 0.136 0.128 0.125 0.125 0.127 0.128 0.127 0.122 0.116 0.110 0.104 0.097 0.089 0.081
8.789 8.728 8.512 8.080 7.401 6.466 5.311 4.014 2.733 1.736 1.078 0.663 0.416 0.270 0.180 0.125 0.094 0.077 0.070 0.067 0.065 0.063 0.062 0.063 0.065 0.067 0.071 0.076 0.082 0.090 0.101 0.115 0.133 0.153 0.168 0.178 0.184 0.187 0.191 0.197 0.207 0.214 0.220 0.224 0.222 0.222 0.225 0.232 0.241 0.247 0.249 0.247 0.249 0.256 0.270 0.285 0.296 0.303 0.311 0.319 0.331 0.340 0.339 0.331 0.317 0.309 0.307 0.310 0.316 0.320 0.314 0.299 0.278 0.257 0.233 0.205 0.176
8.568 8.607 8.515 8.306 7.950 7.387 6.603 5.620 4.444 3.189 2.151 1.459 1.010 0.702 0.478 0.321 0.223 0.167 0.137 0.120 0.110 0.100 0.094 0.090 0.089 0.088 0.089 0.089 0.091 0.094 0.101 0.111 0.124 0.136 0.146 0.156 0.165 0.171 0.175 0.179 0.182 0.186 0.191 0.198 0.205 0.213 0.222 0.233 0.250 0.271 0.296 0.328 0.373 0.436 0.513 0.578 0.627 0.665 0.700 0.736 0.778 0.812 0.831 0.835 0.827 0.824 0.831 0.842 0.859 0.881 0.892 0.873 0.822 0.744 0.651 0.549 0.448
8.062 8.286 8.363 8.308 8.125 7.782 7.247 6.541 5.644 4.524 3.405 2.564 1.970 1.514 1.137 0.831 0.603 0.449 0.352 0.293 0.252 0.218 0.191 0.172 0.158 0.148 0.138 0.128 0.118 0.112 0.110 0.114 0.122 0.130 0.138 0.146 0.156 0.163 0.168 0.170 0.172 0.175 0.181 0.190 0.202 0.216 0.233 0.260 0.302 0.367 0.458 0.582 0.749 0.964 1.168 1.324 1.437 1.527 1.610 1.697 1.784 1.853 1.890 1.907 1.924 1.949 1.975 1.993 2.008 2.042 2.089 2.107 2.074 1.964 1.746 1.450 1.154
7.239 7.739 8.023 8.136 8.094 7.909 7.582 7.121 6.492 5.642 4.659 3.833 3.204 2.673 2.182 1.735 1.366 1.088 0.891 0.754 0.650 0.562 0.479 0.405 0.348 0.305 0.268 0.232 0.194 0.162 0.141 0.131 0.129 0.132 0.138 0.145 0.154 0.161 0.166 0.169 0.172 0.178 0.188 0.203 0.226 0.261 0.314 0.399 0.529 0.716 0.973 1.319 1.769 2.235 2.614 2.884 3.031 3.113 3.183 3.271 3.334 3.348 3.319 3.294 3.282 3.277 3.259 3.220 3.193 3.197 3.226 3.260 3.291 3.298 3.200 2.945 2.540
6.072 6.872 7.401 7.717 7.868 7.887 7.788 7.595 7.237 6.692 5.975 5.238 4.634 4.095 3.550 2.992 2.506 2.122 1.837 1.625 1.453 1.295 1.129 0.958 0.813 0.693 0.590 0.491 0.389 0.296 0.227 0.183 0.160 0.152 0.152 0.157 0.163 0.168 0.175 0.183 0.196 0.217 0.247 0.294 0.365 0.476 0.647 0.898 1.243 1.692 2.266 3.029 3.809 4.351 4.571 4.568 4.450 4.327 4.245 4.213 4.184 4.134 4.075 4.035 3.996 3.950 3.885 3.799 3.739 3.709 3.700 3.716 3.766 3.857 3.918 3.863 3.689
4.610 5.611 6.421 7.012 7.434 7.719 7.899 7.978 7.891 7.661 7.283 6.783 6.259 5.718 5.121 4.462 3.909 3.493 3.174 2.919 2.693 2.460 2.189 1.909 1.667 1.455 1.257 1.059 0.847 0.630 0.453 0.330 0.258 0.222 0.210 0.209 0.212 0.222 0.241 0.273 0.321 0.391 0.494 0.645 0.867 1.191 1.641 2.231 2.969 3.791 4.631 5.348 5.729 5.807 5.631 5.341 5.056 4.825 4.659 4.551 4.470 4.401 4.354 4.323 4.290 4.234 4.148 4.044 3.961 3.897 3.857 3.847 3.865 3.949 4.095 4.160 4.132
3.316 4.194 5.131 6.033 6.767 7.346 7.811 8.176 8.402 8.478 8.383 8.163 7.826 7.369 6.757 6.005 5.404 5.006 4.709 4.434 4.136 3.777 3.359 2.997 2.729 2.505 2.271 2.007 1.694 1.333 0.984 0.713 0.536 0.439 0.401 0.396 0.407 0.442 0.507 0.609 0.757 0.964 1.255 1.671 2.249 2.996 3.902 4.851 5.652 6.201 6.517 6.651 6.555 6.315 5.932 5.536 5.219 4.949 4.743 4.601 4.503 4.437 4.398 4.378 4.357 4.304 4.216 4.108 4.017 3.941 3.890 3.873 3.876 3.929 4.065 4.176 4.219
2.385 3.096 3.939 4.907 5.874 6.725 7.483 8.189 8.787 9.198 9.393 9.406 9.266 8.949 8.420 7.684 7.018 6.550 6.168 5.782 5.346 4.813 4.240 3.787 3.489 3.311 3.163 2.989 2.743 2.378 1.911 1.481 1.182 1.005 0.934 0.929 0.971 1.083 1.277 1.555 1.928 2.419 3.087 4.030 5.131 6.109 6.786 7.173 7.361 7.371 7.228 7.001 6.696 6.331 5.897 5.499 5.176 4.898 4.678 4.532 4.440 4.379 4.343 4.329 4.314 4.271 4.194 4.093 4.009 3.940 3.889 3.869 3.868 3.890 3.961 4.072 4.177
1.710 2.289 3.012 3.886 4.897 5.954 7.010 8.077 9.103 9.950 10.501 10.743 10.771 10.622 10.267 9.678 8.968 8.298 7.696 7.115 6.497 5.768 5.020 4.432 4.036 3.831 3.741 3.668 3.553 3.349 3.007 2.585 2.269 2.103 2.060 2.116 2.275 2.577 3.041 3.647 4.360 5.170 6.097 7.059 7.800 8.184 8.272 8.155 7.940 7.642 7.291 6.904 6.475 6.018 5.577 5.197 4.881 4.621 4.423 4.306 4.246 4.197 4.159 4.149 4.148 4.131 4.086 4.019 3.962 3.920 3.884 3.864 3.861 3.865 3.889 3.953 4.065
