RESULTS/r.avaflow_results/14_results/14_ascii/14_hflow30030.asc
ncols 506
nrows 317
xllcenter 498237.50
yllcenter 5580050.00
cellsize 12.50
NODATA_value -9999.000
[rows 170 to 203 of 317, columns 154 to 230 of 506]
1.403 1.819 2.322 2.913 3.604 4.385 5.250 6.216 7.270 8.255 9.006 9.513 9.803 9.937 9.962 9.881 9.652 9.283 8.815 8.287 7.708 7.027 6.216 5.450 4.828 4.364 4.084 3.950 3.887 3.854 3.844 3.835 3.814 3.770 3.694 3.642 3.638 3.615 3.532 3.338 3.046 2.836 2.703 2.579 2.425 2.205 1.897 1.530 1.189 0.874 0.607 0.424 0.316 0.254 0.215 0.191 0.176 0.170 0.173 0.177 0.181 0.183 0.185 0.188 0.192 0.199 0.216 0.266 0.406 0.752 1.348 1.760 1.880 1.842 1.590 1.071 0.596
1.081 1.437 1.886 2.436 3.104 3.912 4.875 5.994 7.214 8.462 9.566 10.424 11.018 11.349 11.457 11.439 11.277 10.911 10.353 9.638 8.821 7.935 6.948 5.996 5.214 4.602 4.187 3.980 3.933 3.964 4.064 4.144 4.158 4.114 3.985 3.849 3.758 3.673 3.552 3.332 3.013 2.773 2.598 2.424 2.211 1.906 1.468 0.989 0.611 0.374 0.244 0.173 0.135 0.116 0.107 0.104 0.105 0.111 0.120 0.126 0.127 0.127 0.124 0.122 0.122 0.125 0.135 0.170 0.267 0.501 0.976 1.473 1.702 1.745 1.662 1.370 0.899
0.840 1.147 1.544 2.043 2.670 3.457 4.439 5.633 6.993 8.439 9.859 11.094 12.073 12.737 13.070 13.144 13.056 12.764 12.222 11.443 10.470 9.369 8.157 6.933 5.883 5.026 4.386 4.017 3.906 3.934 4.061 4.193 4.227 4.188 4.044 3.864 3.737 3.612 3.444 3.161 2.760 2.413 2.130 1.855 1.541 1.141 0.715 0.402 0.230 0.143 0.099 0.076 0.064 0.060 0.059 0.062 0.068 0.078 0.088 0.092 0.093 0.091 0.087 0.084 0.083 0.083 0.090 0.113 0.176 0.328 0.655 1.152 1.522 1.663 1.674 1.569 1.259
0.654 0.917 1.267 1.722 2.306 3.051 4.001 5.192 6.635 8.263 9.991 11.574 12.911 13.915 14.541 14.796 14.802 14.632 14.218 13.529 12.557 11.346 9.938 8.415 7.000 5.800 4.853 4.217 3.900 3.831 3.918 4.065 4.126 4.105 3.981 3.773 3.579 3.392 3.151 2.750 2.179 1.653 1.239 0.921 0.659 0.421 0.245 0.141 0.087 0.060 0.046 0.040 0.037 0.036 0.037 0.041 0.048 0.058 0.066 0.069 0.069 0.067 0.063 0.061 0.060 0.060 0.065 0.079 0.118 0.210 0.412 0.803 1.291 1.577 1.655 1.637 1.490
0.505 0.727 1.031 1.441 1.985 2.694 3.609 4.777 6.237 7.986 9.969 11.864 13.501 14.803 15.708 16.199 16.347 16.293 16.022 15.474 14.627 13.474 12.017 10.272 8.457 6.885 5.609 4.655 4.037 3.724 3.633 3.700 3.789 3.810 3.715 3.472 3.193 2.923 2.578 2.007 1.312 0.807 0.511 0.337 0.221 0.139 0.086 0.055 0.040 0.032 0.027 0.026 0.025 0.025 0.027 0.030 0.036 0.045 0.051 0.053 0.053 0.051 0.048 0.047 0.047 0.048 0.051 0.060 0.083 0.136 0.255 0.506 0.978 1.430 1.609 1.628 1.568
0.386 0.568 0.827 1.189 1.687 2.360 3.244 4.393 5.870 7.705 9.863 11.967 13.783 15.287 16.410 17.137 17.494 17.571 17.439 17.020 16.246 15.113 13.595 11.673 9.522 7.674 6.200 5.071 4.249 3.711 3.426 3.333 3.335 3.304 3.126 2.797 2.451 2.093 1.637 1.071 0.603 0.331 0.191 0.120 0.079 0.053 0.037 0.028 0.024 0.021 0.020 0.020 0.020 0.020 0.021 0.024 0.028 0.035 0.040 0.042 0.042 0.042 0.040 0.040 0.040 0.041 0.044 0.050 0.064 0.095 0.166 0.325 0.667 1.181 1.494 1.577 1.561
0.292 0.439 0.655 0.966 1.409 2.031 2.875 4.000 5.482 7.363 9.640 11.895 13.803 15.387 16.632 17.525 18.064 18.285 18.261 17.955 17.230 16.085 14.495 12.428 10.060 8.049 6.472 5.272 4.378 3.734 3.313 3.054 2.841 2.550 2.115 1.676 1.334 1.038 0.728 0.429 0.233 0.128 0.075 0.049 0.035 0.027 0.022 0.019 0.017 0.017 0.016 0.016 0.016 0.017 0.018 0.019 0.023 0.028 0.032 0.035 0.036 0.036 0.036 0.036 0.037 0.038 0.041 0.045 0.054 0.074 0.119 0.222 0.446 0.883 1.290 1.462 1.500
0.223 0.339 0.515 0.775 1.157 1.711 2.495 3.571 5.014 6.873 9.169 11.519 13.541 15.221 16.543 17.507 18.121 18.426 18.457 18.220 17.534 16.386 14.748 12.607 10.169 8.115 6.518 5.313 4.412 3.723 3.174 2.680 2.125 1.521 1.008 0.696 0.509 0.372 0.245 0.146 0.086 0.052 0.035 0.026 0.021 0.017 0.016 0.015 0.014 0.014 0.014 0.014 0.014 0.014 0.015 0.016 0.018 0.022 0.026 0.029 0.032 0.033 0.034 0.035 0.036 0.037 0.039 0.043 0.049 0.063 0.094 0.163 0.311 0.608 1.011 1.274 1.384
0.171 0.263 0.403 0.612 0.924 1.387 2.070 3.042 4.383 6.153 8.360 10.737 12.821 14.563 15.956 16.986 17.661 18.021 18.103 17.942 17.319 16.191 14.544 12.386 9.981 7.966 6.393 5.202 4.285 3.507 2.763 1.970 1.207 0.661 0.362 0.222 0.155 0.112 0.078 0.052 0.036 0.026 0.021 0.017 0.015 0.013 0.012 0.012 0.012 0.012 0.012 0.012 0.012 0.012 0.012 0.013 0.015 0.018 0.021 0.025 0.028 0.031 0.033 0.034 0.036 0.037 0.039 0.042 0.047 0.057 0.079 0.127 0.227 0.420 0.732 1.031 1.214
0.132 0.204 0.313 0.479 0.726 1.098 1.647 2.452 3.604 5.167 7.161 9.478 11.582 13.308 14.677 15.712 16.423 16.825 16.955 16.859 16.330 15.253 13.640 11.554 9.342 7.472 5.924 4.665 3.628 2.690 1.792 1.009 0.490 0.224 0.111 0.069 0.051 0.040 0.031 0.024 0.020 0.017 0.014 0.013 0.011 0.010 0.010 0.009 0.009 0.009 0.009 0.009 0.009 0.010 0.010 0.011 0.013 0.015 0.017 0.021 0.025 0.029 0.032 0.034 0.036 0.037 0.039 0.042 0.046 0.054 0.070 0.104 0.173 0.303 0.518 0.783 0.995
0.102 0.158 0.243 0.372 0.565 0.856 1.286 1.911 2.801 4.033 5.695 7.809 9.892 11.548 12.847 13.856 14.565 14.967 15.101 15.021 14.528 13.488 11.942 10.054 8.212 6.542 4.929 3.445 2.232 1.327 0.710 0.340 0.151 0.070 0.039 0.028 0.023 0.020 0.017 0.015 0.013 0.012 0.011 0.010 0.009 0.008 0.008 0.007 0.007 0.007 0.007 0.007 0.007 0.008 0.008 0.010 0.011 0.013 0.015 0.018 0.022 0.026 0.030 0.033 0.036 0.038 0.040 0.042 0.045 0.052 0.065 0.090 0.140 0.229 0.377 0.583 0.785
0.078 0.121 0.186 0.286 0.435 0.658 0.987 1.462 2.133 3.056 4.319 6.000 7.907 9.514 10.773 11.761 12.427 12.776 12.855 12.704 12.118 11.002 9.452 7.884 6.447 4.954 3.230 1.768 0.875 0.420 0.196 0.092 0.046 0.027 0.019 0.016 0.014 0.013 0.012 0.011 0.010 0.009 0.008 0.007 0.007 0.006 0.006 0.005 0.005 0.005 0.005 0.005 0.006 0.006 0.007 0.009 0.010 0.012 0.014 0.016 0.020 0.024 0.029 0.033 0.036 0.038 0.040 0.042 0.045 0.051 0.062 0.084 0.122 0.188 0.293 0.445 0.621
0.060 0.093 0.142 0.218 0.330 0.497 0.741 1.093 1.587 2.261 3.177 4.374 5.845 7.297 8.515 9.449 10.027 10.278 10.284 9.989 9.137 7.626 5.973 4.716 3.622 2.457 1.312 0.580 0.234 0.103 0.051 0.030 0.020 0.015 0.012 0.011 0.010 0.009 0.008 0.008 0.007 0.006 0.006 0.005 0.005 0.004 0.004 0.004 0.004 0.004 0.004 0.004 0.005 0.006 0.007 0.008 0.010 0.011 0.013 0.015 0.018 0.022 0.027 0.032 0.036 0.039 0.041 0.044 0.046 0.052 0.063 0.083 0.117 0.170 0.249 0.360 0.499
0.045 0.070 0.108 0.163 0.245 0.365 0.540 0.791 1.142 1.613 2.241 3.055 4.071 5.153 6.076 6.771 7.173 7.306 7.146 6.478 5.206 3.694 2.559 1.817 1.228 0.701 0.315 0.120 0.052 0.029 0.019 0.015 0.012 0.010 0.009 0.008 0.007 0.006 0.006 0.005 0.005 0.004 0.004 0.004 0.003 0.003 0.003 0.003 0.003 0.003 0.003 0.004 0.004 0.005 0.007 0.008 0.010 0.011 0.013 0.015 0.018 0.021 0.026 0.031 0.036 0.040 0.044 0.047 0.050 0.056 0.066 0.086 0.119 0.167 0.232 0.315 0.417
0.034 0.053 0.080 0.120 0.177 0.261 0.381 0.553 0.792 1.112 1.527 2.049 2.685 3.332 3.846 4.169 4.286 4.188 3.763 2.927 1.962 1.195 0.720 0.441 0.250 0.123 0.055 0.028 0.018 0.013 0.011 0.009 0.008 0.007 0.006 0.005 0.005 0.004 0.004 0.004 0.003 0.003 0.003 0.002 0.002 0.002 0.002 0.002 0.002 0.002 0.003 0.004 0.005 0.006 0.008 0.009 0.010 0.012 0.013 0.015 0.018 0.022 0.026 0.031 0.038 0.044 0.049 0.054 0.059 0.066 0.078 0.098 0.129 0.173 0.230 0.297 0.375
0.026 0.039 0.059 0.087 0.126 0.183 0.262 0.375 0.531 0.741 1.007 1.327 1.653 1.921 2.101 2.177 2.130 1.891 1.418 0.855 0.449 0.240 0.138 0.081 0.046 0.026 0.016 0.012 0.010 0.008 0.007 0.006 0.005 0.004 0.004 0.004 0.003 0.003 0.003 0.002 0.002 0.002 0.002 0.002 0.002 0.001 0.002 0.002 0.002 0.003 0.004 0.006 0.008 0.009 0.010 0.011 0.012 0.013 0.015 0.017 0.020 0.024 0.029 0.035 0.044 0.055 0.064 0.073 0.081 0.090 0.104 0.124 0.152 0.189 0.236 0.295 0.364
0.019 0.028 0.042 0.062 0.089 0.127 0.178 0.248 0.343 0.469 0.626 0.792 0.909 0.957 0.949 0.895 0.788 0.586 0.326 0.147 0.072 0.044 0.029 0.020 0.014 0.011 0.009 0.007 0.006 0.005 0.004 0.004 0.003 0.003 0.002 0.002 0.002 0.002 0.002 0.002 0.001 0.001 0.001 0.001 0.001 0.001 0.001 0.002 0.003 0.005 0.008 0.012 0.014 0.016 0.016 0.016 0.017 0.017 0.019 0.022 0.026 0.032 0.040 0.050 0.064 0.083 0.099 0.112 0.122 0.132 0.144 0.158 0.178 0.207 0.248 0.301 0.368
0.013 0.020 0.030 0.044 0.063 0.088 0.120 0.161 0.212 0.275 0.345 0.399 0.417 0.391 0.328 0.254 0.183 0.110 0.050 0.024 0.016 0.012 0.010 0.009 0.007 0.006 0.005 0.004 0.004 0.003 0.003 0.002 0.002 0.002 0.002 0.001 0.001 0.001 0.001 0.001 0.001 0.001 0.001 0.001 0.001 0.001 0.002 0.003 0.006 0.011 0.017 0.022 0.024 0.025 0.025 0.024 0.024 0.026 0.029 0.035 0.043 0.054 0.068 0.087 0.114 0.142 0.160 0.170 0.174 0.173 0.174 0.179 0.191 0.216 0.259 0.322 0.398
0.009 0.014 0.021 0.031 0.044 0.061 0.081 0.102 0.123 0.145 0.159 0.160 0.146 0.115 0.078 0.051 0.032 0.018 0.010 0.007 0.006 0.005 0.005 0.005 0.004 0.004 0.003 0.003 0.002 0.002 0.002 0.001 0.001 0.001 0.001 0.001 0.001 0.001 0.001 0.001 0.001 0.001 0.001 0.001 0.001 0.002 0.004 0.008 0.015 0.022 0.028 0.030 0.030 0.030 0.030 0.031 0.033 0.038 0.046 0.057 0.071 0.089 0.115 0.149 0.180 0.199 0.208 0.209 0.203 0.190 0.184 0.184 0.192 0.216 0.265 0.348 0.460
0.006 0.009 0.014 0.021 0.030 0.040 0.051 0.058 0.063 0.062 0.057 0.048 0.037 0.025 0.016 0.010 0.007 0.005 0.004 0.003 0.003 0.003 0.003 0.003 0.003 0.002 0.002 0.002 0.001 0.001 0.001 0.001 0.001 0.001 0.001 0.001 0.001 0.001 0.001 0.001 0.001 0.001 0.001 0.002 0.003 0.005 0.010 0.018 0.026 0.030 0.032 0.033 0.033 0.033 0.033 0.035 0.038 0.045 0.056 0.071 0.089 0.113 0.147 0.185 0.211 0.222 0.225 0.221 0.209 0.189 0.178 0.176 0.181 0.204 0.256 0.349 0.488
0.004 0.006 0.009 0.013 0.017 0.023 0.026 0.027 0.024 0.020 0.015 0.011 0.008 0.006 0.004 0.003 0.003 0.002 0.002 0.002 0.002 0.002 0.002 0.002 0.002 0.001 0.001 0.001 0.001 0.001 0.001 0.001 0.001 0.001 0.001 0.001 0.001 0.001 0.001 0.002 0.002 0.002 0.003 0.005 0.008 0.013 0.021 0.028 0.032 0.033 0.034 0.034 0.034 0.034 0.034 0.036 0.040 0.047 0.059 0.074 0.094 0.120 0.155 0.191 0.212 0.220 0.220 0.213 0.196 0.169 0.151 0.145 0.146 0.162 0.210 0.307 0.461
0.003 0.004 0.005 0.007 0.008 0.009 0.009 0.008 0.007 0.005 0.004 0.003 0.002 0.002 0.002 0.002 0.002 0.001 0.001 0.001 0.001 0.001 0.001 0.001 0.001 0.001 0.001 0.001 0.001 0.001 0.001 0.001 0.001 0.001 0.002 0.002 0.002 0.002 0.003 0.003 0.004 0.006 0.007 0.010 0.014 0.020 0.027 0.032 0.033 0.034 0.034 0.034 0.034 0.034 0.034 0.036 0.040 0.047 0.057 0.072 0.090 0.114 0.143 0.169 0.183 0.186 0.184 0.173 0.150 0.119 0.099 0.090 0.089 0.096 0.127 0.205 0.349
0.002 0.002 0.002 0.003 0.003 0.003 0.002 0.002 0.001 0.001 0.001 0.001 0.001 0.001 0.001 0.001 0.001 0.001 0.001 0.001 0.001 0.001 0.001 0.001 0.001 0.001 0.002 0.002 0.002 0.002 0.002 0.002 0.003 0.003 0.003 0.004 0.004 0.005 0.006 0.006 0.007 0.009 0.011 0.014 0.018 0.023 0.029 0.032 0.033 0.033 0.033 0.033 0.033 0.033 0.033 0.035 0.037 0.042 0.048 0.057 0.068 0.081 0.097 0.108 0.113 0.113 0.110 0.100 0.082 0.064 0.054 0.049 0.049 0.051 0.064 0.102 0.185
0.001 0.001 0.001 0.001 0.001 0.001 0.001 0.001 0.001 0.001 0.001 0.001 0.001 0.001 0.001 0.001 0.001 0.001 0.001 0.001 0.001 0.001 0.001 0.001 0.002 0.002 0.003 0.003 0.004 0.004 0.004 0.005 0.005 0.006 0.006 0.006 0.007 0.007 0.008 0.008 0.009 0.010 0.012 0.014 0.018 0.024 0.029 0.031 0.032 0.032 0.032 0.032 0.031 0.030 0.029 0.029 0.030 0.029 0.029 0.030 0.033 0.037 0.044 0.049 0.053 0.054 0.053 0.049 0.042 0.035 0.031 0.029 0.029 0.030 0.034 0.049 0.083
0.001 0.001 0.001 0.001 0.001 0.001 0.001 0.001 0.001 0.001 0.001 0.001 0.001 0.001 0.001 0.001 0.001 0.001 0.001 0.001 0.001 0.001 0.001 0.002 0.003 0.004 0.005 0.006 0.006 0.006 0.007 0.007 0.007 0.007 0.008 0.008 0.008 0.008 0.008 0.009 0.009 0.010 0.012 0.014 0.018 0.023 0.027 0.029 0.029 0.029 0.029 0.027 0.025 0.023 0.021 0.019 0.017 0.015 0.013 0.013 0.014 0.016 0.020 0.024 0.026 0.027 0.028 0.027 0.025 0.022 0.020 0.020 0.020 0.020 0.022 0.027 0.039
0.001 0.001 0.001 0.001 0.001 0.001 0.001 0.001 0.001 0.001 0.001 0.001 0.001 0.001 0.001 0.001 0.001 0.001 0.001 0.001 0.001 0.001 0.002 0.003 0.004 0.005 0.006 0.007 0.007 0.007 0.008 0.008 0.008 0.008 0.008 0.008 0.008 0.008 0.008 0.009 0.009 0.010 0.011 0.013 0.016 0.019 0.021 0.022 0.021 0.021 0.019 0.017 0.015 0.012 0.010 0.009 0.007 0.006 0.006 0.006 0.007 0.009 0.011 0.014 0.016 0.016 0.017 0.017 0.016 0.015 0.015 0.014 0.014 0.014 0.015 0.018 0.022
0.000 0.000 0.000 0.001 0.001 0.001 0.001 0.001 0.001 0.001 0.001 0.001 0.001 0.001 0.001 0.001 0.001 0.001 0.001 0.001 0.001 0.002 0.002 0.004 0.005 0.006 0.007 0.007 0.008 0.008 0.008 0.008 0.008 0.008 0.008 0.008 0.008 0.008 0.008 0.008 0.009 0.009 0.010 0.010 0.011 0.012 0.011 0.011 0.010 0.009 0.008 0.007 0.006 0.005 0.004 0.004 0.003 0.003 0.003 0.004 0.005 0.006 0.008 0.009 0.010 0.011 0.011 0.011 0.011 0.011 0.011 0.010 0.010 0.011 0.011 0.013 0.015
0.000 0.000 0.000 0.000 0.000 0.000 0.000 0.000 0.000 0.000 0.000 0.000 0.000 0.001 0.001 0.001 0.001 0.001 0.001 0.001 0.001 0.002 0.003 0.004 0.005 0.006 0.007 0.008 0.008 0.008 0.008 0.008 0.008 0.008 0.008 0.008 0.008 0.008 0.008 0.008 0.008 0.007 0.007 0.006 0.006 0.005 0.005 0.004 0.004 0.003 0.003 0.003 0.002 0.002 0.002 0.002 0.002 0.002 0.002 0.003 0.003 0.004 0.005 0.006 0.007 0.007 0.008 0.008 0.008 0.008 0.008 0.008 0.008 0.008 0.008 0.009 0.011
0.000 0.000 0.000 0.000 0.000 0.000 0.000 0.000 0.000 0.000 0.000 0.000 0.000 0.000 0.000 0.001 0.001 0.001 0.001 0.001 0.001 0.002 0.003 0.004 0.005 0.006 0.007 0.007 0.007 0.007 0.007 0.007 0.007 0.007 0.007 0.007 0.007 0.007 0.007 0.006 0.006 0.005 0.004 0.003 0.003 0.002 0.002 0.002 0.001 0.001 0.001 0.001 0.001 0.001 0.001 0.001 0.001 0.001 0.002 0.002 0.002 0.003 0.004 0.004 0.005 0.005 0.005 0.005 0.005 0.005 0.005 0.005 0.005 0.005 0.006 0.007 0.008
0.000 0.000 0.000 0.000 0.000 0.000 0.000 0.000 0.000 0.000 0.000 0.000 0.000 0.000 0.000 0.000 0.001 0.001 0.001 0.001 0.001 0.002 0.003 0.004 0.005 0.006 0.006 0.007 0.007 0.007 0.007 0.007 0.006 0.006 0.006 0.006 0.006 0.006 0.005 0.004 0.003 0.003 0.002 0.002 0.001 0.001 0.001 0.001 0.001 0.001 0.001 0.001 0.001 0.001 0.001 0.001 0.001 0.001 0.001 0.001 0.002 0.002 0.002 0.002 0.003 0.003 0.003 0.003 0.003 0.003 0.003 0.003 0.003 0.003 0.004 0.004 0.005
0.000 0.000 0.000 0.000 0.000 0.000 0.000 0.000 0.000 0.000 0.000 0.000 0.000 0.000 0.000 0.000 0.001 0.001 0.001 0.001 0.001 0.002 0.003 0.004 0.005 0.005 0.005 0.006 0.006 0.006 0.005 0.005 0.005 0.005 0.004 0.004 0.004 0.004 0.003 0.002 0.002 0.001 0.001 0.001 0.001 0.001 0.001 0.001 0.001 0.001 0.001 0.001 0.001 0.001 0.001 0.001 0.001 0.001 0.001 0.001 0.001 0.001 0.001 0.001 0.001 0.001 0.001 0.001 0.001 0.001 0.001 0.002 0.002 0.002 0.002 0.003 0.004
0.000 0.000 0.000 0.000 0.000 0.000 0.000 0.000 0.000 0.000 0.000 0.000 0.000 0.000 0.000 0.000 0.000 0.001 0.001 0.001 0.001 0.002 0.002 0.003 0.004 0.004 0.004 0.004 0.004 0.004 0.004 0.004 0.003 0.003 0.003 0.002 0.002 0.002 0.002 0.001 0.001 0.001 0.001 0.001 0.001 0.001 0.001 0.001 0.001 0.001 0.001 0.001 0.001 0.001 0.001 0.001 0.001 0.001 0.001 0.001 0.001 0.000 0.000 0.000 0.000 0.000 0.000 0.000 0.000 0.000 0.000 0.000 0.001 0.001 0.001 0.002 0.002
0.000 0.000 0.000 0.000 0.000 0.000 0.000 0.000 0.000 0.000 0.000 0.000 0.000 0.000 0.000 0.000 0.000 0.000 0.001 0.001 0.001 0.001 0.002 0.002 0.003 0.003 0.003 0.003 0.003 0.003 0.003 0.002 0.002 0.002 0.002 0.001 0.001 0.001 0.001 0.001 0.001 0.001 0.001 0.001 0.001 0.000 0.000 0.000 0.000 0.000 0.000 0.000 0.000 0.000 0.000 0.000 0.000 0.000 0.000 0.000 0.000 0.000 0.000 0.000 0.000 0.000 0.000 0.000 0.000 0.000 0.000 0.000 0.000 0.000 0.000 0.001 0.001
0.000 0.000 0.000 0.000 0.000 0.000 0.000 0.000 0.000 0.000 0.000 0.000 0.000 0.000 0.000 0.000 0.000 0.000 0.000 0.001 0.001 0.001 0.001 0.002 0.002 0.002 0.002 0.002 0.002 0.002 0.002 0.002 0.001 0.001 0.001 0.001 0.001 0.001 0.001 0.001 0.001 0.001 0.000 0.000 0.000 0.000 0.000 0.000 0.000 0.000 0.000 0.000 0.000 0.000 0.000 0.000 0.000 0.000 0.000 0.000 0.000 0.000 0.000 0.000 0.000 0.000 0.000 0.000 0.000 0.000 0.000 0.000 0.000 0.000 0.000 0.000 0.000
