RESULTS/r.avaflow_results/14_results/14_ascii/14_hflow30051.asc
ncols 506
nrows 317
xllcenter 498237.50
yllcenter 5580050.00
cellsize 12.50
NODATA_value -9999.000
[rows 136 to 169 of 317, columns 154 to 230 of 506]
0.002 0.003 0.003 0.003 0.003 0.003 0.003 0.003 0.003 0.003 0.003 0.003 0.003 0.003 0.003 0.003 0.003 0.003 0.003 0.003 0.003 0.003 0.002 0.002 0.002 0.002 0.002 0.001 0.001 0.001 0.001 0.000 0.000 0.000 0.000 0.000 0.000 0.000 0.000 0.000 0.000 0.000 0.000 0.000 0.000 0.000 0.000 0.000 0.000 0.000 0.000 0.000 0.000 0.000 0.000 0.000 0.000 0.000 0.000 0.000 0.000 0.000 0.000 0.000 0.000 0.000 0.000 0.000 0.000 0.000 0.000 0.000 0.000 0.000 0.000 0.000 0.000
0.004 0.005 0.005 0.005 0.005 0.005 0.005 0.005 0.005 0.005 0.005 0.005 0.005 0.005 0.005 0.005 0.005 0.005 0.005 0.005 0.005 0.004 0.004 0.004 0.003 0.003 0.003 0.002 0.002 0.002 0.001 0.001 0.001 0.000 0.000 0.000 0.000 0.000 0.000 0.000 0.000 0.000 0.000 0.000 0.000 0.000 0.000 0.000 0.000 0.000 0.000 0.000 0.000 0.000 0.000 0.000 0.000 0.000 0.000 0.000 0.000 0.000 0.000 0.000 0.000 0.000 0.000 0.000 0.000 0.000 0.000 0.000 0.000 0.000 0.000 0.000 0.000
0.006 0.007 0.008 0.008 0.009 0.008 0.008 0.008 0.008 0.008 0.008 0.008 0.008 0.008 0.008 0.008 0.008 0.008 0.008 0.008 0.007 0.007 0.006 0.006 0.005 0.005 0.004 0.004 0.003 0.003 0.002 0.002 0.001 0.001 0.001 0.000 0.000 0.000 0.000 0.000 0.000 0.000 0.000 0.000 0.000 0.000 0.000 0.000 0.000 0.000 0.000 0.000 0.000 0.000 0.000 0.000 0.000 0.000 0.000 0.000 0.000 0.000 0.000 0.000 0.000 0.000 0.000 0.000 0.000 0.000 0.000 0.000 0.000 0.000 0.000 0.000 0.000
0.009 0.010 0.011 0.012 0.012 0.012 0.012 0.011 0.011 0.011 0.011 0.011 0.012 0.012 0.012 0.012 0.012 0.012 0.011 0.011 0.010 0.009 0.009 0.008 0.007 0.007 0.006 0.006 0.005 0.004 0.003 0.002 0.002 0.001 0.001 0.001 0.000 0.000 0.000 0.000 0.000 0.000 0.000 0.000 0.000 0.000 0.000 0.000 0.000 0.000 0.000 0.000 0.000 0.000 0.000 0.000 0.000 0.000 0.000 0.000 0.000 0.000 0.000 0.000 0.000 0.000 0.000 0.000 0.000 0.000 0.000 0.000 0.000 0.000 0.000 0.000 0.000
0.010 0.012 0.013 0.013 0.014 0.014 0.015 0.015 0.015 0.015 0.015 0.016 0.017 0.018 0.018 0.018 0.017 0.017 0.017 0.016 0.015 0.013 0.012 0.011 0.010 0.009 0.009 0.008 0.007 0.006 0.005 0.004 0.003 0.002 0.002 0.001 0.001 0.001 0.000 0.000 0.000 0.000 0.000 0.000 0.000 0.000 0.000 0.000 0.000 0.000 0.000 0.000 0.000 0.000 0.000 0.000 0.000 0.000 0.000 0.000 0.000 0.000 0.000 0.000 0.000 0.000 0.000 0.000 0.000 0.000 0.000 0.000 0.000 0.000 0.000 0.000 0.000
0.011 0.012 0.013 0.014 0.015 0.016 0.016 0.017 0.017 0.018 0.020 0.022 0.026 0.027 0.027 0.027 0.027 0.026 0.025 0.024 0.022 0.019 0.017 0.015 0.014 0.013 0.012 0.011 0.010 0.008 0.007 0.005 0.004 0.003 0.002 0.002 0.001 0.001 0.001 0.000 0.000 0.000 0.000 0.000 0.000 0.000 0.000 0.000 0.000 0.000 0.000 0.000 0.000 0.000 0.000 0.000 0.000 0.000 0.000 0.000 0.000 0.000 0.000 0.000 0.000 0.000 0.000 0.000 0.000 0.000 0.000 0.000 0.000 0.000 0.000 0.000 0.000
0.011 0.013 0.014 0.014 0.015 0.016 0.017 0.017 0.018 0.020 0.023 0.028 0.035 0.041 0.043 0.044 0.044 0.043 0.042 0.039 0.034 0.029 0.025 0.021 0.019 0.017 0.016 0.014 0.012 0.010 0.008 0.007 0.005 0.004 0.003 0.003 0.002 0.002 0.001 0.001 0.000 0.000 0.000 0.000 0.000 0.000 0.000 0.000 0.000 0.000 0.000 0.000 0.000 0.000 0.000 0.000 0.000 0.000 0.000 0.000 0.000 0.000 0.000 0.000 0.000 0.000 0.000 0.000 0.000 0.000 0.000 0.000 0.000 0.000 0.000 0.000 0.000
0.011 0.012 0.013 0.014 0.015 0.016 0.016 0.017 0.018 0.020 0.024 0.030 0.039 0.049 0.057 0.060 0.061 0.061 0.059 0.055 0.049 0.042 0.036 0.030 0.026 0.022 0.020 0.017 0.014 0.012 0.010 0.008 0.007 0.006 0.004 0.004 0.003 0.002 0.002 0.001 0.001 0.001 0.000 0.000 0.000 0.000 0.000 0.000 0.000 0.000 0.000 0.000 0.000 0.000 0.000 0.000 0.000 0.000 0.000 0.000 0.000 0.000 0.000 0.000 0.000 0.000 0.000 0.000 0.000 0.000 0.000 0.000 0.000 0.000 0.000 0.000 0.000
0.011 0.012 0.013 0.013 0.014 0.015 0.016 0.017 0.018 0.020 0.024 0.030 0.039 0.051 0.061 0.066 0.068 0.068 0.066 0.062 0.057 0.050 0.044 0.037 0.030 0.025 0.022 0.019 0.016 0.013 0.011 0.010 0.008 0.007 0.006 0.005 0.004 0.003 0.003 0.002 0.002 0.001 0.001 0.001 0.000 0.000 0.000 0.000 0.000 0.000 0.000 0.000 0.000 0.000 0.000 0.000 0.000 0.000 0.000 0.000 0.000 0.000 0.000 0.000 0.000 0.000 0.000 0.000 0.000 0.000 0.000 0.000 0.000 0.000 0.000 0.000 0.000
0.011 0.011 0.012 0.012 0.013 0.013 0.014 0.015 0.017 0.019 0.022 0.027 0.035 0.047 0.058 0.065 0.067 0.067 0.065 0.062 0.058 0.052 0.047 0.039 0.032 0.027 0.023 0.019 0.017 0.014 0.012 0.011 0.009 0.008 0.007 0.006 0.005 0.004 0.003 0.003 0.002 0.002 0.001 0.001 0.001 0.001 0.000 0.000 0.000 0.000 0.000 0.000 0.000 0.000 0.000 0.000 0.000 0.000 0.000 0.000 0.000 0.000 0.000 0.000 0.000 0.000 0.000 0.000 0.000 0.000 0.000 0.000 0.000 0.000 0.000 0.000 0.000
0.010 0.010 0.010 0.011 0.011 0.011 0.012 0.013 0.014 0.016 0.018 0.022 0.027 0.036 0.047 0.054 0.057 0.057 0.057 0.056 0.054 0.051 0.046 0.040 0.032 0.027 0.023 0.020 0.017 0.015 0.013 0.012 0.011 0.009 0.008 0.007 0.006 0.005 0.005 0.004 0.003 0.003 0.002 0.002 0.001 0.001 0.001 0.001 0.001 0.001 0.000 0.000 0.000 0.000 0.000 0.000 0.000 0.000 0.000 0.000 0.000 0.000 0.000 0.000 0.000 0.000 0.000 0.000 0.000 0.000 0.000 0.000 0.000 0.000 0.000 0.000 0.000
0.009 0.010 0.010 0.010 0.010 0.010 0.011 0.011 0.012 0.013 0.015 0.017 0.020 0.025 0.031 0.036 0.039 0.040 0.041 0.042 0.043 0.043 0.042 0.038 0.032 0.027 0.023 0.020 0.018 0.016 0.015 0.013 0.012 0.011 0.010 0.009 0.008 0.007 0.006 0.005 0.004 0.004 0.003 0.003 0.002 0.002 0.002 0.002 0.001 0.001 0.001 0.001 0.001 0.000 0.000 0.000 0.000 0.000 0.000 0.000 0.000 0.000 0.000 0.000 0.000 0.000 0.000 0.000 0.000 0.000 0.000 0.000 0.000 0.000 0.000 0.000 0.000
0.009 0.009 0.009 0.010 0.010 0.010 0.010 0.011 0.011 0.012 0.013 0.014 0.016 0.018 0.022 0.025 0.026 0.027 0.029 0.030 0.032 0.033 0.034 0.033 0.030 0.026 0.023 0.021 0.019 0.017 0.016 0.014 0.013 0.012 0.011 0.010 0.009 0.008 0.007 0.006 0.006 0.005 0.004 0.004 0.003 0.003 0.003 0.002 0.002 0.002 0.002 0.002 0.001 0.001 0.001 0.001 0.001 0.000 0.000 0.000 0.000 0.000 0.000 0.000 0.000 0.000 0.000 0.000 0.000 0.000 0.000 0.000 0.000 0.000 0.000 0.000 0.000
0.009 0.009 0.009 0.010 0.010 0.010 0.010 0.010 0.011 0.011 0.012 0.013 0.014 0.015 0.017 0.019 0.020 0.021 0.022 0.024 0.025 0.026 0.027 0.027 0.027 0.025 0.023 0.021 0.020 0.018 0.017 0.016 0.015 0.014 0.013 0.012 0.011 0.010 0.009 0.008 0.007 0.006 0.006 0.005 0.005 0.004 0.004 0.004 0.003 0.003 0.003 0.003 0.002 0.002 0.002 0.002 0.001 0.001 0.001 0.001 0.001 0.001 0.000 0.000 0.000 0.000 0.000 0.000 0.000 0.000 0.000 0.000 0.000 0.000 0.000 0.000 0.000
0.010 0.010 0.010 0.010 0.010 0.010 0.010 0.010 0.010 0.011 0.011 0.012 0.013 0.014 0.015 0.016 0.017 0.018 0.019 0.020 0.021 0.022 0.023 0.024 0.024 0.024 0.023 0.022 0.020 0.019 0.018 0.017 0.016 0.015 0.015 0.014 0.013 0.012 0.011 0.010 0.009 0.008 0.007 0.007 0.006 0.006 0.005 0.005 0.005 0.005 0.004 0.004 0.004 0.003 0.003 0.003 0.002 0.002 0.002 0.002 0.002 0.001 0.001 0.001 0.001 0.001 0.001 0.001 0.001 0.001 0.001 0.001 0.001 0.000 0.000 0.000 0.000
0.014 0.012 0.011 0.011 0.010 0.010 0.010 0.010 0.010 0.011 0.011 0.012 0.013 0.013 0.014 0.015 0.015 0.016 0.017 0.018 0.019 0.020 0.021 0.021 0.022 0.023 0.022 0.022 0.021 0.020 0.020 0.019 0.018 0.018 0.017 0.017 0.016 0.014 0.013 0.012 0.011 0.010 0.009 0.008 0.008 0.008 0.007 0.007 0.007 0.006 0.006 0.006 0.005 0.005 0.005 0.004 0.004 0.003 0.003 0.003 0.003 0.003 0.002 0.002 0.002 0.002 0.002 0.002 0.002 0.002 0.002 0.002 0.001 0.001 0.001 0.001 0.000
0.036 0.025 0.018 0.015 0.013 0.012 0.011 0.011 0.011 0.011 0.011 0.012 0.013 0.013 0.014 0.014 0.015 0.016 0.016 0.017 0.018 0.019 0.019 0.020 0.021 0.022 0.022 0.022 0.022 0.021 0.021 0.021 0.021 0.020 0.020 0.019 0.018 0.017 0.015 0.014 0.013 0.012 0.011 0.010 0.010 0.010 0.009 0.009 0.009 0.009 0.008 0.008 0.008 0.007 0.006 0.006 0.005 0.005 0.005 0.004 0.004 0.004 0.004 0.004 0.004 0.004 0.004 0.004 0.004 0.004 0.003 0.003 0.003 0.002 0.002 0.001 0.001
0.136 0.084 0.053 0.034 0.024 0.018 0.015 0.013 0.012 0.012 0.012 0.012 0.013 0.013 0.014 0.014 0.015 0.016 0.016 0.017 0.017 0.018 0.019 0.020 0.021 0.022 0.022 0.022 0.022 0.022 0.022 0.023 0.023 0.022 0.022 0.021 0.020 0.019 0.018 0.017 0.016 0.014 0.014 0.013 0.013 0.012 0.012 0.012 0.012 0.012 0.012 0.011 0.010 0.010 0.009 0.008 0.008 0.007 0.007 0.006 0.006 0.006 0.006 0.006 0.006 0.006 0.006 0.006 0.006 0.006 0.005 0.005 0.004 0.003 0.003 0.002 0.002
0.506 0.338 0.207 0.121 0.071 0.044 0.029 0.021 0.017 0.015 0.015 0.014 0.014 0.014 0.015 0.015 0.015 0.016 0.016 0.017 0.017 0.018 0.019 0.020 0.021 0.022 0.022 0.023 0.023 0.024 0.024 0.024 0.024 0.024 0.023 0.022 0.022 0.021 0.020 0.020 0.019 0.018 0.017 0.016 0.016 0.016 0.016 0.016 0.016 0.016 0.016 0.015 0.014 0.013 0.012 0.011 0.010 0.010 0.009 0.009 0.008 0.008 0.008 0.008 0.008 0.009 0.009 0.009 0.009 0.009 0.008 0.007 0.006 0.005 0.004 0.003 0.003
1.347 1.036 0.712 0.441 0.255 0.145 0.085 0.053 0.036 0.027 0.023 0.020 0.019 0.018 0.017 0.017 0.017 0.017 0.017 0.017 0.018 0.018 0.019 0.020 0.021 0.022 0.023 0.024 0.025 0.026 0.026 0.026 0.026 0.025 0.024 0.024 0.024 0.024 0.023 0.023 0.022 0.021 0.021 0.020 0.021 0.021 0.022 0.022 0.022 0.022 0.022 0.021 0.020 0.018 0.017 0.015 0.014 0.013 0.013 0.012 0.012 0.011 0.011 0.011 0.012 0.013 0.013 0.014 0.013 0.013 0.011 0.009 0.008 0.007 0.006 0.005 0.004
2.476 2.185 1.729 1.222 0.782 0.471 0.276 0.166 0.106 0.072 0.053 0.041 0.033 0.028 0.025 0.023 0.021 0.020 0.020 0.019 0.019 0.020 0.021 0.022 0.023 0.024 0.025 0.026 0.027 0.028 0.029 0.029 0.028 0.027 0.026 0.026 0.026 0.026 0.027 0.027 0.026 0.026 0.026 0.026 0.027 0.028 0.030 0.031 0.032 0.031 0.031 0.030 0.028 0.026 0.024 0.022 0.020 0.019 0.018 0.017 0.016 0.016 0.016 0.016 0.016 0.019 0.021 0.022 0.022 0.020 0.016 0.013 0.010 0.009 0.007 0.006 0.005
3.285 3.153 2.876 2.409 1.789 1.194 0.781 0.511 0.340 0.233 0.164 0.117 0.086 0.065 0.051 0.041 0.035 0.030 0.027 0.026 0.025 0.025 0.026 0.027 0.027 0.027 0.028 0.030 0.031 0.032 0.032 0.032 0.031 0.030 0.029 0.028 0.029 0.030 0.031 0.031 0.032 0.032 0.033 0.033 0.035 0.037 0.040 0.044 0.045 0.045 0.044 0.042 0.040 0.038 0.036 0.033 0.031 0.029 0.027 0.026 0.024 0.023 0.023 0.023 0.024 0.031 0.038 0.041 0.040 0.034 0.024 0.017 0.014 0.011 0.009 0.008 0.007
3.833 3.787 3.651 3.390 2.961 2.344 1.724 1.263 0.934 0.695 0.515 0.374 0.263 0.184 0.131 0.096 0.074 0.059 0.049 0.044 0.041 0.040 0.039 0.038 0.037 0.036 0.036 0.037 0.038 0.039 0.039 0.038 0.036 0.034 0.033 0.033 0.033 0.035 0.036 0.037 0.038 0.040 0.041 0.043 0.045 0.048 0.054 0.060 0.062 0.062 0.061 0.060 0.059 0.058 0.056 0.053 0.050 0.047 0.045 0.042 0.039 0.036 0.036 0.036 0.041 0.058 0.080 0.088 0.086 0.070 0.042 0.025 0.018 0.014 0.012 0.010 0.009
4.201 4.220 4.168 4.025 3.777 3.410 2.928 2.433 1.980 1.597 1.271 0.981 0.727 0.520 0.366 0.258 0.186 0.139 0.112 0.095 0.085 0.078 0.072 0.065 0.060 0.056 0.054 0.053 0.052 0.052 0.050 0.048 0.045 0.043 0.042 0.042 0.042 0.042 0.044 0.046 0.049 0.051 0.053 0.055 0.057 0.062 0.069 0.078 0.083 0.084 0.085 0.085 0.087 0.089 0.090 0.088 0.085 0.081 0.077 0.073 0.067 0.063 0.062 0.064 0.078 0.126 0.191 0.217 0.212 0.168 0.087 0.043 0.026 0.018 0.014 0.012 0.011
4.377 4.476 4.495 4.441 4.310 4.105 3.821 3.477 3.105 2.735 2.358 1.956 1.547 1.185 0.886 0.651 0.479 0.360 0.284 0.237 0.205 0.179 0.156 0.136 0.120 0.107 0.096 0.088 0.081 0.076 0.071 0.065 0.061 0.058 0.058 0.057 0.056 0.056 0.058 0.062 0.066 0.068 0.071 0.073 0.076 0.080 0.089 0.099 0.106 0.112 0.118 0.126 0.136 0.145 0.151 0.153 0.151 0.147 0.140 0.132 0.125 0.121 0.120 0.129 0.173 0.306 0.480 0.552 0.541 0.429 0.218 0.089 0.042 0.025 0.018 0.015 0.013
4.400 4.561 4.657 4.689 4.652 4.556 4.388 4.159 3.874 3.543 3.201 2.870 2.523 2.150 1.748 1.369 1.077 0.860 0.703 0.592 0.505 0.428 0.364 0.313 0.271 0.232 0.197 0.166 0.141 0.121 0.106 0.095 0.088 0.084 0.082 0.081 0.081 0.082 0.085 0.091 0.095 0.097 0.099 0.101 0.104 0.109 0.116 0.127 0.139 0.154 0.174 0.200 0.227 0.249 0.266 0.275 0.277 0.273 0.261 0.251 0.245 0.244 0.252 0.287 0.415 0.743 1.133 1.292 1.268 1.030 0.567 0.223 0.085 0.040 0.024 0.018 0.015
4.317 4.537 4.693 4.800 4.848 4.835 4.763 4.624 4.409 4.113 3.804 3.556 3.335 3.106 2.801 2.409 2.031 1.719 1.467 1.261 1.078 0.912 0.776 0.672 0.582 0.495 0.409 0.328 0.258 0.205 0.168 0.145 0.131 0.124 0.121 0.120 0.123 0.130 0.138 0.144 0.147 0.148 0.148 0.148 0.150 0.154 0.159 0.171 0.192 0.225 0.275 0.338 0.394 0.439 0.474 0.493 0.498 0.490 0.476 0.467 0.467 0.474 0.501 0.583 0.813 1.315 1.895 2.165 2.178 1.909 1.238 0.535 0.194 0.074 0.036 0.024 0.019
4.117 4.429 4.653 4.810 4.921 4.983 4.999 4.948 4.815 4.592 4.337 4.158 4.027 3.897 3.728 3.498 3.206 2.881 2.550 2.239 1.948 1.673 1.436 1.247 1.083 0.925 0.766 0.608 0.462 0.348 0.272 0.226 0.200 0.189 0.186 0.188 0.198 0.216 0.229 0.234 0.235 0.233 0.229 0.225 0.223 0.224 0.229 0.244 0.280 0.347 0.454 0.581 0.683 0.757 0.794 0.798 0.769 0.737 0.718 0.710 0.708 0.715 0.742 0.828 1.067 1.586 2.221 2.563 2.629 2.455 1.876 1.003 0.402 0.145 0.059 0.033 0.024
3.760 4.188 4.506 4.733 4.900 5.034 5.145 5.197 5.158 5.042 4.866 4.737 4.669 4.613 4.539 4.418 4.234 3.989 3.705 3.394 3.061 2.713 2.365 2.045 1.771 1.519 1.270 1.013 0.765 0.565 0.430 0.351 0.315 0.304 0.306 0.318 0.339 0.363 0.377 0.381 0.380 0.375 0.360 0.343 0.334 0.332 0.338 0.366 0.429 0.553 0.752 0.928 1.027 1.064 1.053 0.995 0.916 0.868 0.849 0.842 0.837 0.838 0.856 0.924 1.134 1.607 2.231 2.598 2.700 2.617 2.205 1.412 0.663 0.260 0.100 0.048 0.031
3.223 3.777 4.195 4.511 4.770 4.998 5.216 5.402 5.489 5.493 5.423 5.347 5.319 5.314 5.299 5.232 5.102 4.924 4.720 4.495 4.238 3.925 3.526 3.068 2.648 2.271 1.910 1.539 1.173 0.875 0.669 0.555 0.515 0.513 0.530 0.563 0.592 0.612 0.622 0.624 0.620 0.601 0.562 0.522 0.503 0.500 0.515 0.570 0.678 0.842 1.037 1.160 1.205 1.200 1.144 1.037 0.940 0.890 0.873 0.868 0.864 0.862 0.874 0.930 1.100 1.479 2.033 2.440 2.604 2.578 2.293 1.674 0.903 0.400 0.162 0.072 0.042
2.517 3.132 3.668 4.111 4.502 4.858 5.196 5.520 5.785 5.947 6.022 6.040 6.044 6.048 6.031 5.953 5.842 5.731 5.610 5.460 5.253 4.953 4.534 4.048 3.595 3.154 2.698 2.206 1.713 1.319 1.050 0.908 0.869 0.875 0.905 0.952 0.998 1.021 1.027 1.023 1.000 0.945 0.865 0.796 0.764 0.764 0.803 0.886 0.972 1.058 1.155 1.217 1.232 1.209 1.125 0.992 0.887 0.831 0.812 0.810 0.809 0.811 0.825 0.867 0.972 1.198 1.595 2.047 2.310 2.357 2.210 1.785 1.115 0.551 0.242 0.108 0.060
1.891 2.408 2.970 3.535 4.076 4.578 5.060 5.520 5.957 6.315 6.556 6.695 6.752 6.760 6.725 6.616 6.500 6.430 6.363 6.260 6.066 5.734 5.263 4.747 4.311 3.904 3.482 2.995 2.438 1.962 1.644 1.480 1.434 1.436 1.454 1.499 1.583 1.637 1.647 1.626 1.551 1.429 1.311 1.224 1.173 1.153 1.152 1.147 1.131 1.128 1.156 1.182 1.173 1.116 0.993 0.839 0.728 0.663 0.638 0.633 0.637 0.650 0.673 0.703 0.744 0.829 1.032 1.431 1.825 1.983 1.971 1.759 1.285 0.714 0.340 0.159 0.085
1.436 1.851 2.341 2.898 3.510 4.132 4.755 5.383 6.016 6.595 7.024 7.288 7.412 7.434 7.404 7.295 7.166 7.087 7.013 6.899 6.679 6.303 5.775 5.207 4.754 4.389 4.040 3.660 3.222 2.802 2.488 2.308 2.231 2.199 2.186 2.218 2.313 2.368 2.352 2.254 2.077 1.911 1.791 1.692 1.597 1.491 1.364 1.241 1.154 1.102 1.065 1.024 0.959 0.849 0.697 0.557 0.464 0.413 0.395 0.394 0.403 0.418 0.439 0.463 0.488 0.531 0.635 0.882 1.286 1.586 1.682 1.634 1.376 0.891 0.460 0.228 0.124
1.104 1.446 1.865 2.368 2.953 3.622 4.355 5.144 5.994 6.847 7.510 7.918 8.120 8.192 8.191 8.130 7.997 7.848 7.685 7.495 7.216 6.781 6.192 5.564 5.046 4.652 4.344 4.063 3.772 3.496 3.278 3.132 3.035 2.956 2.893 2.871 2.892 2.891 2.823 2.646 2.393 2.209 2.083 1.961 1.821 1.642 1.419 1.223 1.074 0.941 0.807 0.676 0.556 0.450 0.362 0.299 0.262 0.245 0.242 0.247 0.256 0.265 0.274 0.287 0.304 0.331 0.391 0.538 0.854 1.241 1.439 1.474 1.376 1.066 0.631 0.333 0.187
