RESULTS/r.avaflow_results/14_results/14_ascii/14_hflow0007.asc
ncols 506
nrows 317
xllcenter 498237.50
yllcenter 5580050.00
cellsize 12.50
NODATA_value -9999.000
[rows 170 to 203 of 317, columns 76 to 151 of 506]
0.000 0.000 0.000 0.000 0.000 0.000 0.000 0.000 0.001 0.003 0.010 0.034 0.113 0.311 0.681 1.237 1.959 2.809 3.727 4.673 5.661 6.733 7.928 9.263 10.774 12.353 13.550 14.126 14.198 14.075 14.069 14.383 15.113 16.012 17.032 18.107 19.253 20.437 21.931 23.326 24.638 25.902 27.019 28.590 30.754 32.872 34.551 35.437 35.781 36.568 37.309 38.071 39.207 40.342 41.143 42.051 41.895 41.765 42.200 42.349 42.771 42.876 43.052 42.848 42.814 42.311 41.720 41.855 41.726 41.294 40.240 38.670 36.437 34.358 32.499 30.778
0.000 0.000 0.000 0.000 0.000 0.000 0.000 0.001 0.003 0.008 0.026 0.087 0.274 0.690 1.377 2.321 3.503 4.838 6.138 7.379 8.617 9.887 11.244 12.591 13.855 14.971 15.796 16.196 16.237 16.100 16.114 16.463 17.234 18.060 19.015 20.072 21.212 22.548 24.138 25.616 26.859 28.118 29.257 30.849 33.033 35.075 36.774 37.676 38.143 39.133 39.957 40.409 41.413 42.348 42.637 43.281 43.056 43.034 43.550 43.618 43.925 44.349 44.154 43.944 43.740 43.005 42.128 41.232 40.279 39.725 39.242 38.161 36.385 34.785 33.180 31.564
0.000 0.000 0.000 0.000 0.000 0.000 0.000 0.002 0.007 0.020 0.058 0.178 0.532 1.270 2.409 3.900 5.706 7.569 9.232 10.715 12.114 13.497 14.884 16.122 17.078 17.698 18.079 18.260 18.238 18.039 18.061 18.407 19.131 19.870 20.790 21.813 22.975 24.463 26.159 27.707 29.046 30.398 31.603 33.260 35.419 37.329 38.995 39.862 40.437 41.579 42.503 42.958 43.762 44.249 44.220 44.448 44.296 44.106 44.532 44.390 44.855 45.429 45.025 45.068 44.490 43.496 42.334 40.891 39.588 38.529 37.923 37.356 36.400 35.129 33.486 31.971
0.000 0.000 0.000 0.000 0.000 0.000 0.001 0.004 0.012 0.035 0.090 0.240 0.675 1.672 3.300 5.393 7.738 9.953 11.959 13.740 15.357 16.828 18.178 19.335 20.122 20.435 20.496 20.493 20.320 19.896 19.780 19.968 20.539 21.246 22.195 23.278 24.547 26.116 27.967 29.659 31.180 32.831 34.249 35.984 37.917 39.507 41.104 42.084 42.730 43.855 44.688 45.230 45.913 45.874 45.212 44.924 45.055 44.937 45.320 44.923 45.295 45.670 44.912 44.847 44.174 43.425 42.592 41.135 39.870 38.614 37.331 36.148 35.686 34.827 33.565 32.143
0.000 0.000 0.000 0.000 0.000 0.000 0.001 0.004 0.014 0.040 0.104 0.257 0.683 1.756 3.714 6.350 9.132 11.634 13.969 16.170 18.139 19.772 21.116 22.153 22.779 22.980 22.952 22.818 22.486 21.807 21.315 21.234 21.596 22.306 23.208 24.344 25.731 27.452 29.456 31.366 33.123 35.020 36.715 38.591 40.188 41.534 43.084 44.153 44.866 45.942 46.450 47.118 47.524 47.322 46.469 45.730 45.322 45.046 45.315 45.160 45.348 45.668 45.056 45.031 44.254 43.275 42.679 41.594 40.477 39.113 37.547 35.804 34.543 33.358 32.826 31.873
0.000 0.000 0.000 0.000 0.000 0.000 0.001 0.004 0.013 0.039 0.102 0.247 0.602 1.574 3.621 6.644 9.909 12.704 15.300 17.906 20.408 22.450 23.909 24.825 25.270 25.356 25.261 24.959 24.453 23.675 22.862 22.455 22.539 23.107 23.860 24.900 26.246 28.246 30.514 32.669 34.737 36.720 38.720 40.765 42.222 43.489 44.982 45.876 46.702 47.669 47.918 48.597 48.573 48.258 47.342 46.254 45.117 45.002 45.255 45.239 45.417 45.683 45.138 44.911 44.298 43.318 42.723 41.703 40.574 39.206 37.514 35.635 33.783 31.946 31.122 30.691
0.000 0.000 0.000 0.000 0.000 0.000 0.001 0.003 0.012 0.036 0.096 0.235 0.534 1.216 2.908 6.050 9.942 13.189 16.044 18.904 21.859 24.472 26.304 27.237 27.560 27.596 27.418 26.951 26.273 25.443 24.556 23.819 23.429 23.613 24.176 25.044 26.263 28.407 31.002 33.524 35.746 38.004 40.354 42.552 44.133 45.358 46.828 47.336 48.197 48.835 49.066 49.598 49.333 48.690 47.980 46.711 45.243 44.993 45.057 45.076 45.548 45.432 45.280 44.982 44.283 43.326 42.734 41.878 40.555 39.132 37.332 35.153 32.890 30.856 29.437 28.612
0.000 0.000 0.000 0.000 0.000 0.000 0.001 0.003 0.012 0.036 0.096 0.236 0.530 1.090 2.199 4.529 8.483 12.753 16.204 19.293 22.605 25.871 28.237 29.473 29.838 29.812 29.527 28.900 28.084 27.118 26.135 25.161 24.254 23.970 24.260 24.971 26.028 28.115 30.867 33.821 36.247 38.933 41.657 44.018 45.820 47.078 48.555 48.661 49.408 49.754 49.869 50.317 49.948 49.021 48.478 47.227 45.671 44.897 44.934 44.980 45.789 45.601 45.454 45.049 44.264 43.356 42.632 41.597 40.376 38.638 36.500 34.173 31.840 29.834 28.186 26.887
0.000 0.000 0.000 0.000 0.000 0.000 0.001 0.004 0.014 0.039 0.102 0.250 0.558 1.120 2.027 3.464 6.020 10.276 15.074 19.129 22.741 26.447 29.493 31.295 31.961 32.024 31.723 30.950 29.901 28.747 27.561 26.356 25.096 24.332 24.229 24.667 25.524 27.210 29.847 33.305 36.404 39.479 42.414 45.251 47.156 48.578 49.921 49.884 50.510 50.670 50.549 50.984 50.522 49.488 48.996 47.733 46.146 45.335 45.293 45.121 45.761 45.598 45.284 44.705 43.930 42.844 42.100 40.758 39.450 37.625 35.581 32.988 30.556 28.554 26.950 25.628
0.000 0.000 0.000 0.000 0.000 0.001 0.002 0.007 0.018 0.048 0.122 0.288 0.625 1.218 2.099 3.203 4.603 6.972 11.337 16.900 22.104 26.489 30.191 32.644 33.743 33.954 33.732 32.949 31.680 30.347 29.034 27.615 26.059 24.741 24.032 24.019 24.595 25.689 27.780 31.306 35.625 39.539 42.630 46.184 48.156 49.657 50.787 50.833 51.493 51.552 51.284 51.620 51.111 50.077 49.618 48.486 47.250 46.117 45.739 45.281 45.506 45.338 44.670 43.891 43.205 42.079 41.222 39.741 38.449 36.542 34.385 31.654 29.333 27.421 25.875 24.505
0.000 0.000 0.000 0.000 0.001 0.002 0.005 0.011 0.027 0.064 0.153 0.348 0.723 1.349 2.241 3.274 4.227 5.312 7.315 11.697 18.434 25.188 30.179 33.275 34.803 35.300 35.239 34.681 33.464 31.966 30.532 28.966 27.085 25.225 24.011 23.546 23.644 24.278 25.746 28.295 32.936 38.331 42.506 46.355 48.705 50.343 51.377 51.383 52.002 52.153 51.887 52.106 51.498 50.708 50.306 49.132 48.181 46.739 46.064 45.404 45.042 44.799 43.922 42.971 42.233 41.096 40.090 38.608 37.067 35.025 32.816 30.265 28.148 26.400 24.868 23.422
0.000 0.000 0.000 0.001 0.002 0.004 0.009 0.019 0.039 0.086 0.194 0.421 0.840 1.505 2.430 3.436 4.245 4.906 5.640 7.260 11.395 18.945 27.080 32.444 34.933 35.915 36.201 35.977 35.141 33.754 32.189 30.470 28.341 26.105 24.484 23.603 23.370 23.652 24.650 26.198 29.402 34.870 41.189 45.648 48.679 50.536 51.774 51.695 52.023 52.312 52.216 52.249 51.834 51.287 50.926 49.700 48.690 47.055 46.003 45.513 44.773 44.287 43.127 41.796 40.826 39.681 38.449 37.114 35.407 33.542 31.492 29.219 27.212 25.477 23.870 22.315
0.000 0.000 0.001 0.002 0.004 0.009 0.017 0.031 0.059 0.118 0.247 0.509 0.978 1.693 2.647 3.620 4.360 4.902 5.367 5.899 7.188 11.059 19.072 28.075 33.447 35.792 36.651 36.761 36.356 35.388 33.942 32.145 29.924 27.546 25.766 24.566 23.851 23.751 24.416 25.738 27.761 31.378 37.734 43.528 47.654 50.049 51.758 51.923 51.851 52.218 52.328 51.978 52.037 51.454 51.204 50.160 49.292 47.509 46.041 45.376 44.708 43.716 42.383 40.715 39.601 38.307 36.852 35.649 34.072 32.448 30.560 28.440 26.456 24.657 22.933 21.228
0.000 0.001 0.002 0.004 0.009 0.017 0.031 0.053 0.091 0.163 0.312 0.614 1.150 1.943 2.927 3.837 4.553 5.070 5.470 5.871 6.435 7.950 12.724 21.669 29.717 34.388 36.541 37.105 37.045 36.544 35.442 33.817 31.849 29.623 27.793 26.483 25.570 25.160 25.295 26.238 27.758 30.254 34.832 40.581 45.293 48.387 50.687 51.679 51.615 51.926 51.982 51.570 51.830 51.291 50.972 50.013 48.820 47.190 46.110 44.973 44.546 43.228 42.092 40.483 39.308 37.976 36.406 35.014 33.175 31.374 29.492 27.519 25.736 23.914 22.029 20.161
0.001 0.002 0.005 0.009 0.017 0.031 0.054 0.088 0.136 0.217 0.381 0.724 1.355 2.286 3.304 4.149 4.851 5.418 5.856 6.252 6.740 7.690 10.409 17.084 25.825 31.799 35.632 37.025 37.474 37.334 36.746 35.568 33.738 31.619 29.870 28.635 27.804 27.289 27.208 27.813 29.065 30.803 33.877 38.236 42.208 45.402 48.164 50.242 50.910 51.376 51.255 50.821 50.988 50.667 50.113 49.774 48.551 47.369 46.273 44.610 43.958 42.637 41.507 40.265 38.875 37.458 35.889 34.390 32.554 30.782 28.914 26.800 24.785 22.910 21.022 19.073
0.002 0.005 0.009 0.017 0.031 0.054 0.090 0.138 0.193 0.271 0.436 0.828 1.594 2.719 3.800 4.657 5.407 6.093 6.690 7.226 7.782 8.562 10.396 14.874 22.445 29.102 33.878 36.408 37.718 37.940 37.730 36.890 35.345 33.588 32.064 30.903 30.260 29.891 29.675 30.004 31.315 32.599 34.231 36.977 39.828 42.347 44.862 47.444 48.980 49.997 49.972 49.455 49.475 49.183 48.570 48.766 47.596 47.079 46.128 44.625 43.768 42.427 41.221 40.270 38.744 37.127 35.700 33.968 32.075 30.020 28.086 26.016 23.783 21.758 19.798 17.770
0.006 0.010 0.018 0.030 0.052 0.090 0.143 0.198 0.251 0.317 0.476 0.922 1.867 3.238 4.445 5.405 6.268 7.115 7.972 8.788 9.551 10.359 11.589 14.288 19.545 26.287 31.587 35.143 37.419 38.359 38.680 38.356 37.110 35.434 34.071 33.096 32.440 32.119 32.091 32.273 33.196 34.398 35.682 37.132 38.709 40.359 42.105 43.960 45.527 46.912 47.443 47.021 46.937 46.421 46.023 46.581 46.238 46.368 45.674 44.509 43.650 42.151 40.612 39.541 38.028 36.330 35.016 33.132 31.213 28.992 26.933 24.800 22.426 20.214 18.041 15.622
0.012 0.020 0.033 0.052 0.086 0.140 0.204 0.255 0.300 0.357 0.510 1.011 2.167 3.861 5.299 6.417 7.415 8.418 9.525 10.658 11.596 12.435 13.373 14.901 17.924 23.328 29.148 33.365 36.513 38.454 39.410 39.548 38.750 37.360 36.089 35.238 34.699 34.407 34.318 34.445 35.109 35.888 36.637 37.289 38.524 39.343 40.335 41.401 42.416 43.170 43.728 43.445 43.258 42.331 42.270 43.067 43.947 44.671 44.508 43.709 43.069 41.591 39.993 38.937 37.400 35.641 34.011 31.978 29.927 27.703 25.568 23.246 20.690 18.122 14.879 10.886
0.024 0.038 0.058 0.088 0.136 0.203 0.266 0.309 0.347 0.396 0.543 1.098 2.510 4.648 6.463 7.809 8.951 10.094 11.380 12.745 13.761 14.426 15.071 15.974 17.525 20.850 26.292 31.322 35.099 38.079 39.723 40.282 39.840 38.931 37.833 37.070 36.654 36.448 36.316 36.395 36.797 37.332 37.812 37.873 38.569 38.814 39.339 39.824 40.356 40.979 41.368 41.113 40.665 39.415 38.643 38.827 39.853 41.486 42.456 42.136 41.953 40.464 38.787 37.905 36.248 34.458 32.396 30.073 27.822 25.481 23.236 20.773 17.692 13.580 8.824 5.061
0.043 0.066 0.098 0.144 0.208 0.279 0.330 0.365 0.397 0.442 0.584 1.203 2.958 5.707 8.053 9.756 11.089 12.328 13.654 14.979 15.974 16.470 16.696 17.086 17.869 19.708 23.580 28.703 33.095 36.899 39.448 40.679 40.904 40.546 39.680 38.896 38.189 37.766 37.628 37.880 38.401 38.652 38.514 38.403 38.621 38.706 39.028 39.408 39.563 40.117 40.240 39.976 39.553 38.438 36.935 36.273 36.203 36.979 38.146 38.928 39.359 38.498 37.020 35.965 34.037 31.888 29.311 26.812 24.549 22.304 19.697 15.772 11.000 6.594 3.821 2.590
0.073 0.111 0.160 0.226 0.303 0.366 0.405 0.433 0.461 0.507 0.653 1.350 3.515 6.997 10.076 12.364 13.987 15.222 16.293 17.243 17.986 18.351 18.344 18.306 18.717 19.938 22.496 26.260 30.297 34.373 38.252 40.405 41.550 41.656 41.176 40.276 39.612 39.337 38.846 38.534 38.744 38.958 38.698 38.436 38.411 38.471 38.839 39.219 39.401 39.783 39.771 39.605 39.418 38.474 36.716 35.428 34.532 34.016 33.815 34.020 34.396 34.385 33.633 32.536 30.472 28.041 24.949 21.796 18.476 14.949 11.110 7.158 4.305 2.833 2.311 2.175
0.121 0.177 0.250 0.340 0.420 0.470 0.501 0.527 0.558 0.610 0.766 1.486 3.901 7.937 11.631 14.475 16.498 17.865 18.754 19.430 19.947 20.142 20.019 19.708 19.896 20.782 22.530 25.062 28.046 31.365 35.532 39.208 41.748 42.469 42.625 42.058 41.056 40.223 39.780 39.659 39.569 39.344 38.820 38.211 38.331 38.215 38.674 39.197 39.584 39.624 39.719 39.616 39.443 38.763 37.149 35.458 33.988 32.668 31.577 30.539 29.701 29.103 28.387 27.013 24.175 20.157 15.629 11.457 8.007 5.563 3.843 2.823 2.353 2.184 2.128 2.078
0.195 0.273 0.372 0.482 0.562 0.610 0.642 0.671 0.710 0.776 0.930 1.579 4.053 8.478 12.569 15.796 18.179 19.807 20.864 21.547 21.957 22.048 21.827 21.310 21.360 22.069 23.297 25.104 27.423 30.110 33.260 37.045 40.798 42.643 43.073 42.599 41.522 40.897 40.485 40.027 39.592 39.045 38.368 37.730 37.919 38.126 38.720 39.276 39.639 39.542 39.788 39.554 39.414 38.582 37.399 35.552 33.940 32.354 30.653 28.830 26.715 24.428 21.460 17.314 12.337 8.159 5.457 3.825 2.941 2.522 2.315 2.206 2.145 2.112 2.086 2.032
0.308 0.404 0.516 0.637 0.729 0.786 0.824 0.858 0.897 0.951 1.063 1.600 3.990 8.700 13.112 16.584 19.287 21.263 22.675 23.609 24.147 24.315 24.097 23.410 23.231 23.684 24.575 25.742 27.699 29.846 32.334 35.036 38.674 41.740 42.957 42.802 41.995 41.143 40.624 40.191 39.620 38.578 37.458 37.163 37.468 37.960 38.661 39.281 39.572 39.565 39.709 39.318 39.142 38.235 37.064 35.289 33.553 31.813 29.768 27.387 23.969 19.125 12.941 7.661 4.653 3.273 2.677 2.394 2.262 2.212 2.181 2.138 2.100 2.090 2.072 1.998
0.468 0.569 0.674 0.782 0.873 0.937 0.976 1.004 1.033 1.064 1.120 1.486 3.562 8.388 13.293 16.991 19.933 22.200 24.097 25.584 26.496 26.842 26.792 26.265 25.832 25.956 26.559 27.133 28.660 30.306 32.402 34.427 37.175 39.978 42.002 42.302 41.972 41.247 40.858 40.449 39.719 38.300 36.941 36.544 36.685 37.451 38.216 38.974 39.314 39.199 39.265 38.686 38.253 37.505 36.041 34.242 32.192 30.228 27.494 23.694 17.879 11.088 5.994 3.669 2.864 2.552 2.349 2.214 2.149 2.129 2.129 2.121 2.095 2.086 2.069 1.977
0.667 0.756 0.835 0.911 0.989 1.055 1.095 1.113 1.120 1.117 1.129 1.297 2.779 7.284 12.850 16.963 20.326 22.994 25.323 27.322 28.824 29.640 29.859 29.707 29.300 29.117 29.334 29.606 30.490 31.639 33.314 34.864 36.482 38.269 40.252 41.047 41.389 41.109 40.846 40.332 39.407 38.025 36.588 35.886 35.712 36.315 37.027 37.757 38.098 37.901 37.747 37.144 36.296 35.126 33.168 30.903 27.647 24.052 19.324 13.514 7.954 4.607 3.153 2.650 2.487 2.377 2.237 2.132 2.091 2.092 2.126 2.142 2.132 2.111 2.067 1.965
0.885 0.936 0.978 1.021 1.084 1.152 1.181 1.182 1.156 1.126 1.128 1.250 2.341 6.257 12.032 16.546 20.405 23.577 26.422 28.894 30.929 32.454 33.260 33.433 33.208 32.797 32.528 32.537 32.871 33.515 34.449 35.683 36.637 37.733 39.081 39.633 40.222 40.527 40.460 40.070 39.231 37.989 36.425 35.319 34.718 34.634 35.031 35.498 35.472 34.852 33.789 32.623 30.949 28.771 25.911 22.581 18.143 13.854 9.593 5.898 3.721 2.829 2.510 2.385 2.306 2.224 2.120 2.053 2.040 2.076 2.163 2.200 2.201 2.178 2.109 1.979
1.083 1.098 1.108 1.123 1.173 1.233 1.246 1.219 1.157 1.120 1.118 1.246 2.234 5.929 11.747 16.459 20.650 24.199 27.371 30.302 32.821 34.650 35.565 35.734 35.591 35.308 34.962 34.820 34.885 35.195 35.531 36.189 36.680 37.374 38.446 38.897 39.330 39.611 39.677 39.473 38.909 38.005 36.538 34.974 33.876 33.172 32.664 32.117 31.017 28.709 26.253 24.030 21.926 19.791 17.428 14.899 11.918 8.729 5.685 3.604 2.703 2.427 2.337 2.270 2.189 2.075 1.979 1.946 1.958 2.052 2.231 2.317 2.326 2.298 2.222 2.087
1.256 1.252 1.233 1.229 1.267 1.306 1.297 1.233 1.143 1.106 1.110 1.251 2.242 5.996 11.934 16.774 21.255 25.190 28.599 31.637 34.257 36.235 37.197 37.471 37.501 37.244 36.575 36.087 36.170 36.391 36.445 36.792 37.312 37.517 37.994 38.349 38.561 38.600 38.562 38.455 38.203 37.747 36.609 34.847 33.053 31.646 30.285 28.067 25.300 22.591 20.559 18.939 17.415 15.748 13.859 11.633 9.044 6.095 3.805 2.738 2.405 2.309 2.263 2.220 2.153 2.030 1.941 1.913 1.934 2.062 2.308 2.462 2.506 2.489 2.419 2.315
1.412 1.403 1.367 1.350 1.369 1.376 1.328 1.223 1.135 1.101 1.110 1.281 2.408 6.585 12.854 17.813 22.377 26.396 29.795 32.740 35.367 37.364 38.425 38.718 38.704 38.609 38.181 37.543 37.154 37.013 37.117 37.175 37.302 37.444 37.541 37.524 37.550 37.478 37.239 37.099 36.954 36.661 35.868 34.312 32.088 29.691 27.182 24.249 21.794 20.043 18.591 17.196 15.667 13.930 11.983 9.610 6.779 4.221 2.829 2.377 2.279 2.251 2.236 2.221 2.153 2.014 1.937 1.918 1.952 2.115 2.417 2.633 2.727 2.757 2.738 2.700
1.552 1.546 1.511 1.476 1.457 1.419 1.332 1.214 1.139 1.114 1.136 1.367 2.801 7.855 14.484 19.244 23.729 27.600 30.877 33.443 35.683 37.659 39.014 39.672 39.974 39.896 39.418 38.556 37.932 37.573 37.286 37.271 37.303 37.149 36.887 36.333 36.000 35.760 35.448 35.143 34.749 34.265 33.438 32.044 29.755 26.592 23.639 21.269 19.664 18.444 17.343 16.080 14.550 12.585 10.402 7.703 4.841 3.032 2.359 2.216 2.206 2.222 2.237 2.235 2.159 2.016 1.953 1.949 2.005 2.199 2.556 2.864 3.026 3.121 3.205 3.288
1.661 1.661 1.630 1.576 1.511 1.424 1.315 1.217 1.171 1.172 1.246 1.578 3.216 8.780 15.730 20.409 24.846 28.458 31.695 34.147 36.235 37.986 39.363 40.297 40.580 40.454 40.172 39.540 38.717 38.089 37.733 37.582 37.432 36.944 36.077 34.903 33.807 33.057 32.442 31.716 30.671 29.748 28.768 27.450 25.620 23.240 21.232 19.781 18.599 17.538 16.452 15.081 13.382 11.181 8.597 5.588 3.342 2.401 2.154 2.126 2.155 2.210 2.233 2.205 2.099 1.997 1.973 1.998 2.101 2.340 2.743 3.172 3.458 3.629 3.781 3.940
1.722 1.726 1.700 1.631 1.525 1.402 1.297 1.246 1.243 1.310 1.521 2.025 3.621 8.995 16.223 21.026 25.443 29.025 32.158 34.474 36.455 38.146 39.620 40.582 40.949 40.897 40.454 39.761 38.964 38.164 37.569 37.184 36.731 36.048 34.947 33.687 32.264 30.959 29.641 28.045 26.341 25.181 24.425 23.613 22.553 21.248 19.910 18.790 17.815 16.755 15.505 13.987 12.021 9.600 6.431 3.721 2.463 2.104 2.047 2.066 2.138 2.214 2.238 2.193 2.061 1.997 2.005 2.083 2.267 2.588 3.042 3.485 3.832 4.063 4.194 4.312
1.737 1.743 1.718 1.641 1.506 1.382 1.315 1.305 1.365 1.546 1.889 2.420 3.772 8.675 16.332 21.514 25.870 29.357 32.240 34.480 36.297 37.889 39.295 40.350 40.737 40.691 40.395 39.817 38.913 38.099 37.326 36.592 35.821 34.983 34.017 32.814 31.347 29.737 28.028 26.168 24.317 23.088 22.411 21.780 20.983 20.106 19.173 18.152 17.114 16.001 14.529 12.722 10.377 7.307 4.239 2.600 2.066 1.960 1.965 2.042 2.169 2.254 2.282 2.215 2.063 2.017 2.044 2.192 2.473 2.867 3.301 3.659 3.968 4.221 4.345 4.406
