RESULTS/r.avaflow_results/14_results/14_ascii/14_hflow0048.asc
ncols 506
nrows 317
xllcenter 498237.50
yllcenter 5580050.00
cellsize 12.50
NODATA_value -9999.000
[rows 170 to 203 of 317, columns 304 to 379 of 506]
0.000 0.000 0.000 0.000 0.000 0.000 0.000 0.000 0.000 0.000 0.000 0.000 0.000 0.000 0.000 0.000 0.000 0.000 0.000 0.000 0.000 0.000 0.000 0.000 0.000 0.000 0.000 0.000 0.000 0.000 0.000 0.000 0.000 0.000 0.000 0.000 0.000 0.000 0.000 0.000 0.000 0.000 0.000 0.000 0.000 0.000 0.000 0.000 0.000 0.000 0.000 0.000 0.000 0.000 0.000 0.000 0.000 0.000 0.000 0.000 0.000 0.000 0.000 0.000 0.000 0.000 0.000 0.000 0.000 0.000 0.000 0.000 0.000 0.000 0.000 0.000
0.000 0.000 0.000 0.000 0.000 0.000 0.000 0.000 0.000 0.000 0.000 0.000 0.000 0.000 0.000 0.000 0.000 0.000 0.000 0.000 0.000 0.000 0.000 0.000 0.000 0.000 0.000 0.000 0.000 0.000 0.000 0.000 0.000 0.000 0.000 0.000 0.000 0.000 0.000 0.000 0.000 0.000 0.000 0.000 0.000 0.000 0.000 0.000 0.000 0.000 0.000 0.000 0.000 0.000 0.000 0.000 0.000 0.000 0.000 0.000 0.000 0.000 0.000 0.000 0.000 0.000 0.000 0.000 0.000 0.000 0.000 0.000 0.000 0.000 0.000 0.000
0.000 0.000 0.000 0.000 0.000 0.001 0.001 0.001 0.001 0.001 0.001 0.001 0.001 0.001 0.001 0.001 0.001 0.001 0.001 0.001 0.001 0.000 0.000 0.000 0.000 0.000 0.000 0.000 0.000 0.000 0.000 0.000 0.000 0.000 0.000 0.000 0.000 0.000 0.000 0.000 0.000 0.000 0.000 0.000 0.000 0.000 0.000 0.000 0.000 0.000 0.000 0.000 0.000 0.000 0.000 0.000 0.000 0.000 0.000 0.000 0.000 0.000 0.000 0.000 0.000 0.000 0.000 0.000 0.000 0.000 0.000 0.000 0.000 0.000 0.000 0.000
0.000 0.000 0.000 0.001 0.001 0.002 0.003 0.004 0.004 0.004 0.004 0.004 0.004 0.004 0.004 0.004 0.003 0.003 0.002 0.002 0.002 0.001 0.001 0.001 0.000 0.000 0.000 0.000 0.000 0.000 0.000 0.000 0.000 0.000 0.000 0.000 0.000 0.000 0.000 0.000 0.000 0.000 0.000 0.000 0.000 0.000 0.000 0.000 0.000 0.000 0.000 0.000 0.000 0.000 0.000 0.000 0.000 0.000 0.000 0.000 0.000 0.000 0.000 0.000 0.000 0.000 0.000 0.000 0.000 0.000 0.000 0.000 0.000 0.000 0.000 0.000
0.000 0.001 0.001 0.002 0.004 0.005 0.007 0.008 0.009 0.009 0.009 0.009 0.009 0.008 0.008 0.008 0.007 0.006 0.005 0.004 0.004 0.003 0.002 0.002 0.001 0.001 0.000 0.000 0.000 0.000 0.000 0.000 0.000 0.000 0.000 0.000 0.000 0.000 0.000 0.000 0.000 0.000 0.000 0.000 0.000 0.000 0.000 0.000 0.000 0.000 0.000 0.000 0.000 0.000 0.000 0.000 0.000 0.000 0.000 0.000 0.000 0.000 0.000 0.000 0.000 0.000 0.000 0.000 0.000 0.000 0.000 0.000 0.000 0.000 0.000 0.000
0.001 0.002 0.003 0.005 0.007 0.009 0.012 0.015 0.016 0.016 0.016 0.015 0.015 0.015 0.014 0.013 0.012 0.010 0.009 0.007 0.006 0.005 0.004 0.003 0.003 0.002 0.001 0.001 0.001 0.000 0.000 0.000 0.000 0.000 0.000 0.000 0.000 0.000 0.000 0.000 0.000 0.000 0.000 0.000 0.000 0.000 0.000 0.000 0.000 0.000 0.000 0.000 0.000 0.000 0.000 0.000 0.000 0.000 0.000 0.000 0.000 0.000 0.000 0.000 0.000 0.000 0.000 0.000 0.000 0.000 0.000 0.000 0.000 0.000 0.000 0.000
0.003 0.004 0.006 0.009 0.012 0.015 0.020 0.025 0.027 0.027 0.027 0.027 0.026 0.025 0.023 0.021 0.019 0.016 0.013 0.011 0.009 0.008 0.006 0.005 0.004 0.003 0.003 0.002 0.002 0.001 0.001 0.001 0.000 0.000 0.000 0.000 0.000 0.000 0.000 0.000 0.000 0.000 0.000 0.000 0.000 0.000 0.000 0.000 0.000 0.000 0.000 0.000 0.000 0.000 0.000 0.000 0.000 0.000 0.000 0.000 0.000 0.000 0.000 0.000 0.000 0.000 0.000 0.000 0.000 0.000 0.000 0.000 0.000 0.000 0.000 0.000
0.005 0.008 0.011 0.014 0.018 0.024 0.034 0.046 0.052 0.054 0.054 0.052 0.050 0.046 0.041 0.036 0.030 0.025 0.020 0.016 0.014 0.011 0.009 0.008 0.007 0.006 0.005 0.004 0.003 0.003 0.002 0.002 0.001 0.001 0.001 0.001 0.000 0.000 0.000 0.000 0.000 0.000 0.000 0.000 0.000 0.000 0.000 0.000 0.000 0.000 0.000 0.000 0.000 0.000 0.000 0.000 0.000 0.000 0.000 0.000 0.000 0.000 0.000 0.000 0.000 0.000 0.000 0.000 0.000 0.000 0.000 0.000 0.000 0.000 0.000 0.000
0.010 0.013 0.017 0.023 0.031 0.043 0.064 0.097 0.120 0.128 0.128 0.125 0.119 0.107 0.089 0.070 0.054 0.041 0.032 0.025 0.020 0.017 0.014 0.011 0.010 0.008 0.007 0.006 0.005 0.005 0.004 0.003 0.003 0.002 0.002 0.002 0.001 0.001 0.001 0.001 0.000 0.000 0.000 0.000 0.000 0.000 0.000 0.000 0.000 0.000 0.000 0.000 0.000 0.000 0.000 0.000 0.000 0.000 0.000 0.000 0.000 0.000 0.000 0.000 0.000 0.000 0.000 0.000 0.000 0.000 0.000 0.000 0.000 0.000 0.000 0.000
0.016 0.021 0.030 0.043 0.062 0.091 0.141 0.229 0.311 0.350 0.357 0.352 0.333 0.294 0.234 0.165 0.115 0.080 0.057 0.042 0.032 0.025 0.020 0.016 0.014 0.011 0.010 0.009 0.008 0.007 0.007 0.006 0.005 0.005 0.004 0.004 0.003 0.003 0.002 0.002 0.001 0.001 0.001 0.001 0.001 0.001 0.001 0.001 0.000 0.000 0.000 0.000 0.000 0.000 0.000 0.000 0.000 0.000 0.000 0.000 0.000 0.000 0.000 0.000 0.000 0.000 0.000 0.000 0.000 0.000 0.000 0.000 0.000 0.000 0.000 0.000
0.026 0.039 0.062 0.098 0.147 0.216 0.338 0.545 0.772 0.913 0.969 0.973 0.938 0.836 0.662 0.446 0.283 0.179 0.117 0.080 0.058 0.043 0.032 0.025 0.019 0.016 0.014 0.012 0.012 0.011 0.010 0.009 0.009 0.008 0.007 0.006 0.006 0.005 0.004 0.004 0.003 0.003 0.003 0.002 0.002 0.002 0.002 0.002 0.001 0.001 0.001 0.000 0.000 0.000 0.000 0.000 0.000 0.000 0.000 0.000 0.000 0.000 0.000 0.000 0.000 0.000 0.000 0.000 0.000 0.000 0.000 0.000 0.000 0.000 0.000 0.000
0.047 0.084 0.153 0.252 0.367 0.513 0.756 1.137 1.572 1.890 2.062 2.115 2.088 1.934 1.606 1.131 0.700 0.424 0.261 0.169 0.114 0.079 0.055 0.039 0.029 0.023 0.019 0.017 0.016 0.015 0.015 0.014 0.013 0.012 0.011 0.010 0.009 0.008 0.007 0.006 0.006 0.005 0.005 0.005 0.005 0.004 0.004 0.004 0.003 0.002 0.002 0.001 0.001 0.001 0.000 0.000 0.000 0.000 0.000 0.000 0.000 0.000 0.000 0.000 0.000 0.000 0.000 0.000 0.000 0.000 0.000 0.000 0.000 0.000 0.000 0.000
0.104 0.220 0.426 0.662 0.882 1.129 1.487 2.000 2.461 2.761 2.952 3.036 3.037 2.927 2.607 2.058 1.398 0.889 0.555 0.354 0.233 0.154 0.102 0.068 0.047 0.034 0.028 0.025 0.023 0.022 0.022 0.021 0.020 0.019 0.016 0.014 0.013 0.011 0.011 0.010 0.009 0.009 0.009 0.008 0.008 0.008 0.007 0.007 0.006 0.005 0.004 0.003 0.002 0.002 0.001 0.001 0.000 0.000 0.000 0.000 0.000 0.000 0.000 0.000 0.000 0.000 0.000 0.000 0.000 0.000 0.000 0.000 0.000 0.000 0.000 0.000
0.249 0.559 1.072 1.539 1.888 2.195 2.520 2.835 3.036 3.171 3.289 3.368 3.383 3.317 3.068 2.578 1.910 1.356 0.950 0.653 0.441 0.294 0.194 0.127 0.084 0.058 0.045 0.039 0.036 0.035 0.034 0.034 0.032 0.029 0.024 0.021 0.018 0.017 0.015 0.015 0.014 0.014 0.013 0.013 0.013 0.012 0.011 0.010 0.009 0.008 0.006 0.005 0.004 0.003 0.002 0.002 0.001 0.001 0.001 0.000 0.000 0.000 0.000 0.000 0.000 0.000 0.000 0.000 0.000 0.000 0.000 0.000 0.000 0.000 0.000 0.000
0.542 1.176 2.102 2.790 3.167 3.345 3.421 3.394 3.303 3.266 3.304 3.363 3.378 3.329 3.128 2.712 2.130 1.629 1.251 0.959 0.723 0.524 0.362 0.242 0.160 0.109 0.083 0.072 0.068 0.067 0.066 0.065 0.060 0.050 0.038 0.031 0.027 0.024 0.022 0.021 0.020 0.020 0.020 0.020 0.020 0.019 0.018 0.015 0.013 0.011 0.010 0.008 0.007 0.006 0.005 0.004 0.003 0.002 0.002 0.001 0.001 0.001 0.001 0.001 0.000 0.000 0.000 0.000 0.000 0.000 0.000 0.000 0.000 0.000 0.000 0.000
0.957 1.765 2.797 3.543 3.917 4.000 3.919 3.664 3.359 3.195 3.133 3.122 3.107 3.057 2.915 2.618 2.171 1.748 1.426 1.168 0.959 0.780 0.611 0.448 0.314 0.223 0.175 0.156 0.153 0.159 0.162 0.159 0.142 0.107 0.074 0.056 0.045 0.039 0.035 0.032 0.031 0.031 0.031 0.031 0.031 0.031 0.028 0.023 0.019 0.016 0.014 0.012 0.010 0.009 0.007 0.006 0.005 0.004 0.004 0.003 0.003 0.003 0.002 0.002 0.001 0.001 0.001 0.000 0.000 0.000 0.000 0.000 0.000 0.000 0.000 0.000
1.315 2.034 2.984 3.723 4.096 4.161 4.033 3.693 3.250 2.906 2.683 2.550 2.471 2.415 2.356 2.255 2.055 1.767 1.504 1.288 1.098 0.939 0.805 0.682 0.560 0.452 0.387 0.368 0.387 0.434 0.451 0.442 0.387 0.284 0.186 0.128 0.096 0.078 0.066 0.059 0.055 0.054 0.054 0.056 0.057 0.055 0.049 0.037 0.029 0.024 0.020 0.017 0.014 0.012 0.011 0.009 0.008 0.007 0.007 0.006 0.006 0.005 0.005 0.004 0.003 0.002 0.002 0.001 0.001 0.000 0.000 0.000 0.000 0.000 0.000 0.000
1.490 2.050 2.880 3.542 3.863 3.913 3.777 3.421 2.877 2.330 1.929 1.672 1.541 1.497 1.518 1.616 1.715 1.652 1.508 1.335 1.162 1.015 0.905 0.827 0.768 0.725 0.710 0.739 0.835 0.980 1.048 1.039 0.940 0.734 0.506 0.350 0.251 0.192 0.155 0.132 0.119 0.115 0.115 0.118 0.120 0.116 0.098 0.067 0.047 0.036 0.029 0.024 0.020 0.017 0.015 0.013 0.012 0.011 0.010 0.010 0.009 0.009 0.008 0.007 0.006 0.005 0.004 0.002 0.002 0.001 0.001 0.000 0.000 0.000 0.000 0.000
1.514 1.886 2.431 2.827 2.988 2.999 2.897 2.623 2.117 1.513 1.109 0.898 0.812 0.799 0.831 0.954 1.186 1.360 1.396 1.317 1.176 1.038 0.944 0.893 0.874 0.875 0.907 0.996 1.169 1.395 1.532 1.565 1.512 1.353 1.100 0.842 0.642 0.496 0.397 0.333 0.296 0.280 0.277 0.282 0.284 0.268 0.214 0.135 0.085 0.060 0.046 0.036 0.030 0.025 0.021 0.019 0.017 0.016 0.015 0.014 0.014 0.013 0.013 0.012 0.010 0.008 0.006 0.005 0.003 0.002 0.002 0.001 0.000 0.000 0.000 0.000
1.393 1.484 1.594 1.611 1.578 1.545 1.500 1.392 1.147 0.801 0.568 0.452 0.411 0.409 0.435 0.523 0.711 0.967 1.140 1.187 1.134 1.030 0.946 0.906 0.898 0.912 0.966 1.079 1.270 1.513 1.682 1.756 1.758 1.688 1.531 1.306 1.091 0.933 0.815 0.728 0.673 0.650 0.648 0.659 0.656 0.604 0.472 0.292 0.175 0.113 0.080 0.060 0.047 0.038 0.031 0.027 0.024 0.022 0.021 0.020 0.020 0.019 0.019 0.018 0.015 0.012 0.010 0.007 0.006 0.004 0.003 0.002 0.001 0.001 0.000 0.000
1.113 0.956 0.837 0.740 0.674 0.639 0.617 0.590 0.518 0.386 0.288 0.239 0.224 0.223 0.239 0.293 0.419 0.629 0.828 0.948 0.987 0.955 0.899 0.864 0.857 0.873 0.934 1.050 1.228 1.456 1.640 1.749 1.785 1.763 1.665 1.480 1.280 1.158 1.089 1.045 1.024 1.027 1.066 1.107 1.109 1.048 0.875 0.605 0.373 0.234 0.156 0.110 0.081 0.062 0.049 0.040 0.035 0.032 0.030 0.029 0.029 0.029 0.028 0.026 0.023 0.018 0.014 0.011 0.009 0.007 0.005 0.004 0.003 0.002 0.001 0.001
0.804 0.580 0.438 0.348 0.296 0.270 0.257 0.246 0.229 0.193 0.159 0.143 0.137 0.138 0.148 0.185 0.271 0.419 0.575 0.685 0.753 0.777 0.762 0.731 0.716 0.726 0.782 0.886 1.031 1.215 1.409 1.571 1.663 1.679 1.623 1.470 1.289 1.195 1.163 1.152 1.154 1.183 1.265 1.330 1.338 1.287 1.150 0.937 0.691 0.474 0.314 0.212 0.149 0.109 0.083 0.065 0.055 0.049 0.046 0.044 0.044 0.044 0.043 0.040 0.033 0.026 0.020 0.016 0.013 0.010 0.008 0.007 0.005 0.004 0.003 0.002
0.576 0.369 0.252 0.188 0.155 0.138 0.129 0.124 0.119 0.111 0.102 0.098 0.097 0.099 0.110 0.139 0.200 0.303 0.409 0.483 0.528 0.547 0.546 0.521 0.494 0.493 0.522 0.589 0.684 0.807 0.969 1.160 1.317 1.387 1.382 1.305 1.177 1.120 1.113 1.120 1.139 1.190 1.296 1.372 1.384 1.346 1.248 1.104 0.933 0.752 0.560 0.387 0.270 0.196 0.146 0.112 0.091 0.079 0.074 0.072 0.071 0.070 0.068 0.063 0.053 0.039 0.029 0.023 0.019 0.015 0.013 0.010 0.008 0.007 0.005 0.004
0.405 0.243 0.161 0.121 0.100 0.090 0.084 0.081 0.079 0.078 0.076 0.077 0.078 0.084 0.096 0.121 0.166 0.233 0.298 0.342 0.367 0.374 0.370 0.349 0.319 0.309 0.314 0.339 0.387 0.453 0.539 0.660 0.801 0.901 0.943 0.944 0.905 0.889 0.899 0.928 0.980 1.070 1.208 1.306 1.335 1.316 1.249 1.149 1.037 0.914 0.771 0.608 0.456 0.341 0.257 0.198 0.159 0.138 0.127 0.123 0.120 0.118 0.114 0.106 0.089 0.064 0.045 0.033 0.027 0.022 0.019 0.016 0.013 0.011 0.009 0.007
0.273 0.165 0.113 0.088 0.077 0.071 0.067 0.066 0.065 0.066 0.066 0.068 0.072 0.080 0.094 0.116 0.147 0.187 0.222 0.246 0.259 0.262 0.258 0.243 0.217 0.202 0.199 0.205 0.224 0.255 0.295 0.351 0.429 0.495 0.532 0.544 0.541 0.539 0.550 0.587 0.658 0.777 0.946 1.084 1.157 1.182 1.169 1.125 1.057 0.985 0.909 0.819 0.703 0.572 0.448 0.352 0.286 0.245 0.223 0.214 0.209 0.206 0.201 0.189 0.163 0.119 0.077 0.053 0.041 0.033 0.028 0.024 0.020 0.017 0.014 0.012
0.179 0.115 0.085 0.071 0.065 0.062 0.061 0.061 0.062 0.062 0.064 0.066 0.071 0.081 0.096 0.116 0.137 0.157 0.172 0.184 0.192 0.194 0.192 0.182 0.164 0.150 0.145 0.145 0.151 0.163 0.181 0.205 0.238 0.272 0.291 0.298 0.299 0.301 0.307 0.328 0.371 0.448 0.571 0.712 0.827 0.911 0.967 1.001 1.012 1.011 1.009 0.990 0.948 0.871 0.754 0.627 0.511 0.430 0.383 0.361 0.354 0.354 0.354 0.342 0.306 0.236 0.150 0.097 0.068 0.053 0.044 0.038 0.032 0.027 0.023 0.019
0.118 0.085 0.069 0.062 0.059 0.059 0.060 0.061 0.062 0.063 0.065 0.070 0.077 0.088 0.104 0.121 0.134 0.142 0.147 0.151 0.155 0.158 0.157 0.152 0.142 0.130 0.124 0.122 0.124 0.129 0.137 0.148 0.163 0.176 0.183 0.184 0.184 0.184 0.188 0.198 0.218 0.256 0.321 0.409 0.498 0.583 0.669 0.766 0.884 1.004 1.086 1.124 1.128 1.105 1.048 0.954 0.826 0.693 0.603 0.557 0.540 0.542 0.565 0.591 0.559 0.467 0.323 0.200 0.133 0.097 0.078 0.065 0.056 0.048 0.040 0.033
0.083 0.068 0.060 0.057 0.056 0.057 0.060 0.063 0.066 0.070 0.076 0.086 0.097 0.111 0.125 0.134 0.139 0.140 0.140 0.139 0.141 0.142 0.143 0.142 0.137 0.127 0.120 0.118 0.119 0.122 0.127 0.133 0.142 0.149 0.151 0.151 0.148 0.143 0.140 0.142 0.149 0.165 0.197 0.245 0.303 0.371 0.454 0.574 0.765 0.992 1.146 1.228 1.257 1.257 1.232 1.170 1.060 0.905 0.781 0.710 0.681 0.678 0.710 0.802 0.877 0.838 0.670 0.439 0.285 0.203 0.158 0.130 0.110 0.093 0.077 0.062
0.066 0.059 0.056 0.055 0.055 0.057 0.061 0.068 0.078 0.092 0.113 0.133 0.150 0.162 0.168 0.168 0.160 0.149 0.142 0.139 0.139 0.139 0.141 0.142 0.140 0.133 0.127 0.125 0.125 0.127 0.131 0.136 0.143 0.149 0.151 0.150 0.146 0.137 0.128 0.123 0.123 0.128 0.142 0.167 0.204 0.260 0.347 0.490 0.723 1.000 1.191 1.299 1.344 1.352 1.339 1.289 1.186 1.028 0.890 0.808 0.771 0.765 0.788 0.887 1.061 1.154 1.101 0.890 0.635 0.463 0.362 0.295 0.246 0.205 0.166 0.127
0.058 0.056 0.055 0.055 0.055 0.058 0.065 0.079 0.103 0.145 0.202 0.242 0.262 0.267 0.261 0.243 0.214 0.183 0.162 0.151 0.146 0.145 0.147 0.154 0.163 0.164 0.161 0.159 0.158 0.158 0.160 0.163 0.171 0.178 0.179 0.176 0.167 0.149 0.131 0.121 0.117 0.116 0.121 0.134 0.161 0.213 0.310 0.473 0.726 1.017 1.219 1.334 1.386 1.396 1.384 1.334 1.231 1.078 0.945 0.862 0.820 0.810 0.823 0.901 1.093 1.289 1.366 1.324 1.181 1.003 0.840 0.700 0.581 0.481 0.384 0.282
0.056 0.055 0.055 0.055 0.057 0.061 0.072 0.095 0.143 0.234 0.356 0.430 0.456 0.454 0.432 0.387 0.325 0.261 0.216 0.189 0.177 0.174 0.178 0.200 0.235 0.255 0.262 0.262 0.258 0.254 0.252 0.256 0.267 0.275 0.275 0.265 0.239 0.197 0.156 0.131 0.119 0.115 0.116 0.124 0.147 0.201 0.307 0.487 0.758 1.036 1.226 1.339 1.390 1.400 1.386 1.329 1.225 1.082 0.960 0.881 0.837 0.820 0.826 0.880 1.042 1.279 1.448 1.525 1.538 1.491 1.414 1.315 1.184 1.029 0.851 0.628
0.055 0.056 0.057 0.058 0.061 0.068 0.084 0.116 0.183 0.309 0.483 0.597 0.641 0.643 0.620 0.568 0.490 0.396 0.321 0.272 0.251 0.248 0.269 0.335 0.418 0.471 0.492 0.494 0.485 0.472 0.468 0.471 0.488 0.499 0.493 0.462 0.400 0.309 0.222 0.165 0.133 0.120 0.118 0.124 0.145 0.201 0.316 0.507 0.776 1.029 1.198 1.294 1.335 1.339 1.313 1.243 1.141 1.030 0.937 0.873 0.830 0.803 0.795 0.817 0.915 1.125 1.373 1.552 1.648 1.690 1.694 1.669 1.613 1.516 1.351 1.085
0.056 0.058 0.061 0.064 0.071 0.083 0.103 0.141 0.212 0.342 0.527 0.663 0.726 0.738 0.724 0.680 0.608 0.522 0.453 0.406 0.385 0.398 0.482 0.648 0.784 0.850 0.868 0.857 0.826 0.801 0.794 0.799 0.823 0.836 0.822 0.759 0.644 0.488 0.337 0.229 0.166 0.137 0.128 0.131 0.150 0.207 0.321 0.507 0.756 0.960 1.081 1.136 1.149 1.133 1.090 1.018 0.939 0.876 0.832 0.798 0.769 0.737 0.709 0.700 0.727 0.838 1.086 1.392 1.598 1.703 1.752 1.769 1.760 1.710 1.578 1.334
0.060 0.065 0.072 0.081 0.094 0.111 0.134 0.171 0.234 0.346 0.515 0.659 0.736 0.758 0.753 0.720 0.654 0.581 0.537 0.520 0.537 0.619 0.805 1.028 1.147 1.175 1.158 1.110 1.049 1.012 1.002 1.010 1.045 1.062 1.044 0.961 0.812 0.619 0.443 0.308 0.216 0.167 0.149 0.148 0.164 0.217 0.321 0.485 0.671 0.794 0.846 0.852 0.827 0.777 0.722 0.673 0.640 0.625 0.621 0.622 0.618 0.602 0.565 0.534 0.528 0.564 0.698 0.975 1.280 1.504 1.645 1.719 1.741 1.717 1.611 1.392
