RESULTS/r.avaflow_results/14_results/14_ascii/14_hflow10048.asc
ncols 506
nrows 317
xllcenter 498237.50
yllcenter 5580050.00
cellsize 12.50
NODATA_value -9999.000
[rows 136 to 169 of 317, columns 154 to 230 of 506]
0.000 0.000 0.000 0.000 0.000 0.000 0.000 0.000 0.000 0.000 0.000 0.000 0.000 0.000 0.000 0.000 0.000 0.000 0.000 0.000 0.000 0.000 0.000 0.000 0.000 0.000 0.000 0.000 0.000 0.000 0.000 0.000 0.000 0.000 0.000 0.000 0.000 0.000 0.000 0.000 0.000 0.000 0.000 0.000 0.000 0.000 0.000 0.000 0.000 0.000 0.000 0.000 0.000 0.000 0.000 0.000 0.000 0.000 0.000 0.000 0.000 0.000 0.000 0.000 0.000 0.000 0.000 0.000 0.000 0.000 0.000 0.000 0.000 0.000 0.000 0.000 0.000
0.001 0.001 0.001 0.001 0.001 0.001 0.001 0.001 0.001 0.001 0.001 0.001 0.001 0.001 0.001 0.001 0.001 0.000 0.000 0.000 0.000 0.000 0.000 0.000 0.000 0.000 0.000 0.000 0.000 0.000 0.000 0.000 0.000 0.000 0.000 0.000 0.000 0.000 0.000 0.000 0.000 0.000 0.000 0.000 0.000 0.000 0.000 0.000 0.000 0.000 0.000 0.000 0.000 0.000 0.000 0.000 0.000 0.000 0.000 0.000 0.000 0.000 0.000 0.000 0.000 0.000 0.000 0.000 0.000 0.000 0.000 0.000 0.000 0.000 0.000 0.000 0.000
0.001 0.001 0.001 0.001 0.001 0.001 0.001 0.001 0.001 0.001 0.001 0.001 0.001 0.001 0.001 0.001 0.001 0.001 0.001 0.001 0.001 0.001 0.001 0.001 0.000 0.000 0.000 0.000 0.000 0.000 0.000 0.000 0.000 0.000 0.000 0.000 0.000 0.000 0.000 0.000 0.000 0.000 0.000 0.000 0.000 0.000 0.000 0.000 0.000 0.000 0.000 0.000 0.000 0.000 0.000 0.000 0.000 0.000 0.000 0.000 0.000 0.000 0.000 0.000 0.000 0.000 0.000 0.000 0.000 0.000 0.000 0.000 0.000 0.000 0.000 0.000 0.000
0.001 0.001 0.002 0.002 0.002 0.002 0.002 0.001 0.001 0.001 0.001 0.001 0.001 0.001 0.001 0.001 0.001 0.001 0.001 0.001 0.001 0.001 0.001 0.001 0.001 0.001 0.001 0.001 0.001 0.000 0.000 0.000 0.000 0.000 0.000 0.000 0.000 0.000 0.000 0.000 0.000 0.000 0.000 0.000 0.000 0.000 0.000 0.000 0.000 0.000 0.000 0.000 0.000 0.000 0.000 0.000 0.000 0.000 0.000 0.000 0.000 0.000 0.000 0.000 0.000 0.000 0.000 0.000 0.000 0.000 0.000 0.000 0.000 0.000 0.000 0.000 0.000
0.002 0.002 0.002 0.002 0.002 0.002 0.002 0.002 0.002 0.002 0.002 0.002 0.002 0.002 0.002 0.002 0.002 0.002 0.002 0.001 0.001 0.001 0.001 0.001 0.001 0.001 0.001 0.001 0.001 0.001 0.001 0.000 0.000 0.000 0.000 0.000 0.000 0.000 0.000 0.000 0.000 0.000 0.000 0.000 0.000 0.000 0.000 0.000 0.000 0.000 0.000 0.000 0.000 0.000 0.000 0.000 0.000 0.000 0.000 0.000 0.000 0.000 0.000 0.000 0.000 0.000 0.000 0.000 0.000 0.000 0.000 0.000 0.000 0.000 0.000 0.000 0.000
0.002 0.002 0.002 0.002 0.002 0.002 0.002 0.002 0.002 0.002 0.002 0.003 0.003 0.003 0.003 0.003 0.003 0.003 0.002 0.002 0.002 0.002 0.001 0.001 0.001 0.001 0.001 0.001 0.001 0.001 0.001 0.001 0.000 0.000 0.000 0.000 0.000 0.000 0.000 0.000 0.000 0.000 0.000 0.000 0.000 0.000 0.000 0.000 0.000 0.000 0.000 0.000 0.000 0.000 0.000 0.000 0.000 0.000 0.000 0.000 0.000 0.000 0.000 0.000 0.000 0.000 0.000 0.000 0.000 0.000 0.000 0.000 0.000 0.000 0.000 0.000 0.000
0.002 0.002 0.003 0.003 0.003 0.003 0.003 0.003 0.003 0.003 0.003 0.003 0.004 0.004 0.005 0.005 0.005 0.004 0.004 0.004 0.003 0.003 0.002 0.002 0.002 0.002 0.001 0.001 0.001 0.001 0.001 0.001 0.000 0.000 0.000 0.000 0.000 0.000 0.000 0.000 0.000 0.000 0.000 0.000 0.000 0.000 0.000 0.000 0.000 0.000 0.000 0.000 0.000 0.000 0.000 0.000 0.000 0.000 0.000 0.000 0.000 0.000 0.000 0.000 0.000 0.000 0.000 0.000 0.000 0.000 0.000 0.000 0.000 0.000 0.000 0.000 0.000
0.003 0.003 0.003 0.003 0.003 0.003 0.003 0.003 0.003 0.003 0.003 0.004 0.004 0.005 0.006 0.006 0.006 0.006 0.005 0.005 0.004 0.004 0.003 0.002 0.002 0.002 0.002 0.001 0.001 0.001 0.001 0.001 0.001 0.000 0.000 0.000 0.000 0.000 0.000 0.000 0.000 0.000 0.000 0.000 0.000 0.000 0.000 0.000 0.000 0.000 0.000 0.000 0.000 0.000 0.000 0.000 0.000 0.000 0.000 0.000 0.000 0.000 0.000 0.000 0.000 0.000 0.000 0.000 0.000 0.000 0.000 0.000 0.000 0.000 0.000 0.000 0.000
0.003 0.003 0.003 0.003 0.003 0.003 0.003 0.003 0.003 0.003 0.003 0.004 0.005 0.005 0.006 0.006 0.006 0.006 0.006 0.005 0.005 0.004 0.003 0.003 0.002 0.002 0.002 0.001 0.001 0.001 0.001 0.001 0.001 0.001 0.000 0.000 0.000 0.000 0.000 0.000 0.000 0.000 0.000 0.000 0.000 0.000 0.000 0.000 0.000 0.000 0.000 0.000 0.000 0.000 0.000 0.000 0.000 0.000 0.000 0.000 0.000 0.000 0.000 0.000 0.000 0.000 0.000 0.000 0.000 0.000 0.000 0.000 0.000 0.000 0.000 0.000 0.000
0.003 0.003 0.003 0.003 0.003 0.003 0.003 0.003 0.003 0.003 0.003 0.003 0.004 0.005 0.006 0.006 0.006 0.006 0.006 0.005 0.005 0.004 0.003 0.003 0.002 0.002 0.002 0.001 0.001 0.001 0.001 0.001 0.001 0.001 0.001 0.000 0.000 0.000 0.000 0.000 0.000 0.000 0.000 0.000 0.000 0.000 0.000 0.000 0.000 0.000 0.000 0.000 0.000 0.000 0.000 0.000 0.000 0.000 0.000 0.000 0.000 0.000 0.000 0.000 0.000 0.000 0.000 0.000 0.000 0.000 0.000 0.000 0.000 0.000 0.000 0.000 0.000
0.004 0.003 0.003 0.003 0.003 0.003 0.003 0.003 0.003 0.003 0.003 0.003 0.003 0.004 0.005 0.005 0.005 0.005 0.005 0.005 0.005 0.004 0.003 0.003 0.002 0.002 0.002 0.001 0.001 0.001 0.001 0.001 0.001 0.001 0.001 0.001 0.000 0.000 0.000 0.000 0.000 0.000 0.000 0.000 0.000 0.000 0.000 0.000 0.000 0.000 0.000 0.000 0.000 0.000 0.000 0.000 0.000 0.000 0.000 0.000 0.000 0.000 0.000 0.000 0.000 0.000 0.000 0.000 0.000 0.000 0.000 0.000 0.000 0.000 0.000 0.000 0.000
0.004 0.004 0.003 0.003 0.003 0.003 0.003 0.002 0.002 0.002 0.002 0.003 0.003 0.003 0.004 0.004 0.004 0.004 0.004 0.004 0.004 0.004 0.003 0.003 0.002 0.002 0.001 0.001 0.001 0.001 0.001 0.001 0.001 0.001 0.001 0.001 0.001 0.001 0.000 0.000 0.000 0.000 0.000 0.000 0.000 0.000 0.000 0.000 0.000 0.000 0.000 0.000 0.000 0.000 0.000 0.000 0.000 0.000 0.000 0.000 0.000 0.000 0.000 0.000 0.000 0.000 0.000 0.000 0.000 0.000 0.000 0.000 0.000 0.000 0.000 0.000 0.000
0.004 0.004 0.003 0.003 0.003 0.003 0.003 0.002 0.002 0.002 0.002 0.002 0.002 0.003 0.003 0.003 0.003 0.003 0.003 0.003 0.003 0.003 0.003 0.002 0.002 0.002 0.001 0.001 0.001 0.001 0.001 0.001 0.001 0.001 0.001 0.001 0.001 0.001 0.001 0.000 0.000 0.000 0.000 0.000 0.000 0.000 0.000 0.000 0.000 0.000 0.000 0.000 0.000 0.000 0.000 0.000 0.000 0.000 0.000 0.000 0.000 0.000 0.000 0.000 0.000 0.000 0.000 0.000 0.000 0.000 0.000 0.000 0.000 0.000 0.000 0.000 0.000
0.005 0.004 0.004 0.003 0.003 0.003 0.003 0.003 0.002 0.002 0.002 0.002 0.002 0.002 0.002 0.002 0.002 0.002 0.002 0.002 0.002 0.002 0.002 0.002 0.002 0.001 0.001 0.001 0.001 0.001 0.001 0.001 0.001 0.001 0.001 0.001 0.001 0.001 0.001 0.001 0.001 0.001 0.000 0.000 0.000 0.000 0.000 0.000 0.000 0.000 0.000 0.000 0.000 0.000 0.000 0.000 0.000 0.000 0.000 0.000 0.000 0.000 0.000 0.000 0.000 0.000 0.000 0.000 0.000 0.000 0.000 0.000 0.000 0.000 0.000 0.000 0.000
0.007 0.005 0.004 0.004 0.003 0.003 0.003 0.003 0.003 0.002 0.002 0.002 0.002 0.002 0.002 0.002 0.002 0.002 0.002 0.002 0.002 0.002 0.002 0.002 0.002 0.001 0.001 0.001 0.001 0.001 0.001 0.001 0.001 0.001 0.001 0.001 0.001 0.001 0.001 0.001 0.001 0.001 0.001 0.001 0.001 0.001 0.001 0.000 0.000 0.000 0.000 0.000 0.000 0.000 0.000 0.000 0.000 0.000 0.000 0.000 0.000 0.000 0.000 0.000 0.000 0.000 0.000 0.000 0.000 0.000 0.000 0.000 0.000 0.000 0.000 0.000 0.000
0.013 0.009 0.007 0.005 0.004 0.004 0.003 0.003 0.003 0.003 0.003 0.002 0.002 0.002 0.002 0.002 0.002 0.002 0.002 0.002 0.002 0.002 0.002 0.002 0.002 0.001 0.001 0.001 0.001 0.001 0.001 0.001 0.001 0.001 0.001 0.001 0.001 0.001 0.001 0.001 0.001 0.001 0.001 0.001 0.001 0.001 0.001 0.001 0.001 0.001 0.001 0.001 0.001 0.000 0.000 0.000 0.000 0.000 0.000 0.000 0.000 0.000 0.000 0.000 0.000 0.000 0.000 0.000 0.000 0.000 0.000 0.000 0.000 0.000 0.000 0.000 0.000
0.041 0.024 0.015 0.010 0.007 0.006 0.005 0.004 0.003 0.003 0.003 0.003 0.003 0.002 0.002 0.002 0.002 0.002 0.002 0.002 0.002 0.002 0.002 0.002 0.002 0.002 0.001 0.001 0.001 0.001 0.001 0.001 0.001 0.001 0.001 0.001 0.001 0.001 0.001 0.001 0.001 0.001 0.001 0.001 0.001 0.001 0.001 0.001 0.001 0.001 0.001 0.001 0.001 0.001 0.001 0.001 0.000 0.000 0.000 0.000 0.000 0.000 0.000 0.000 0.000 0.000 0.000 0.000 0.000 0.000 0.000 0.000 0.000 0.000 0.000 0.000 0.000
0.161 0.088 0.049 0.029 0.018 0.012 0.008 0.006 0.005 0.004 0.004 0.004 0.003 0.003 0.003 0.002 0.002 0.002 0.002 0.002 0.002 0.002 0.002 0.002 0.002 0.002 0.002 0.002 0.002 0.002 0.002 0.002 0.002 0.002 0.001 0.001 0.001 0.001 0.001 0.001 0.001 0.001 0.001 0.001 0.001 0.001 0.001 0.001 0.001 0.001 0.001 0.001 0.001 0.001 0.001 0.001 0.001 0.001 0.001 0.001 0.001 0.000 0.000 0.000 0.000 0.000 0.001 0.001 0.001 0.000 0.000 0.000 0.000 0.000 0.000 0.000 0.000
0.612 0.357 0.196 0.106 0.058 0.034 0.021 0.013 0.010 0.008 0.006 0.005 0.005 0.004 0.004 0.003 0.003 0.003 0.002 0.002 0.002 0.002 0.002 0.002 0.002 0.002 0.002 0.002 0.002 0.002 0.002 0.002 0.002 0.002 0.002 0.002 0.002 0.002 0.002 0.002 0.002 0.002 0.001 0.001 0.001 0.001 0.001 0.002 0.002 0.002 0.001 0.001 0.001 0.001 0.001 0.001 0.001 0.001 0.001 0.001 0.001 0.001 0.001 0.001 0.001 0.001 0.001 0.001 0.001 0.001 0.001 0.001 0.001 0.000 0.000 0.000 0.000
1.630 1.087 0.672 0.387 0.212 0.115 0.065 0.039 0.025 0.017 0.013 0.010 0.008 0.007 0.006 0.005 0.004 0.004 0.003 0.003 0.003 0.003 0.002 0.002 0.002 0.002 0.002 0.002 0.002 0.002 0.002 0.002 0.002 0.002 0.002 0.002 0.002 0.002 0.002 0.002 0.002 0.002 0.002 0.002 0.002 0.002 0.002 0.002 0.002 0.002 0.002 0.002 0.002 0.002 0.001 0.001 0.001 0.001 0.001 0.001 0.001 0.001 0.001 0.001 0.001 0.001 0.001 0.001 0.001 0.001 0.001 0.001 0.001 0.001 0.001 0.000 0.000
3.192 2.339 1.615 1.053 0.648 0.378 0.215 0.124 0.076 0.050 0.035 0.025 0.019 0.015 0.012 0.009 0.007 0.006 0.005 0.004 0.004 0.004 0.003 0.003 0.003 0.003 0.003 0.003 0.003 0.003 0.003 0.003 0.003 0.003 0.002 0.002 0.002 0.002 0.003 0.003 0.003 0.003 0.003 0.003 0.003 0.003 0.003 0.003 0.003 0.003 0.003 0.003 0.003 0.002 0.002 0.002 0.002 0.001 0.001 0.001 0.001 0.001 0.001 0.001 0.001 0.001 0.002 0.002 0.002 0.002 0.001 0.001 0.001 0.001 0.001 0.001 0.001
5.052 3.938 2.958 2.128 1.459 0.956 0.607 0.384 0.247 0.163 0.111 0.077 0.054 0.038 0.027 0.020 0.015 0.011 0.009 0.007 0.006 0.006 0.005 0.005 0.004 0.004 0.004 0.004 0.004 0.004 0.004 0.004 0.003 0.003 0.003 0.003 0.003 0.003 0.003 0.003 0.003 0.003 0.003 0.003 0.004 0.004 0.004 0.004 0.005 0.005 0.004 0.004 0.004 0.004 0.003 0.003 0.003 0.002 0.002 0.002 0.002 0.002 0.002 0.002 0.002 0.003 0.003 0.004 0.004 0.003 0.002 0.001 0.001 0.001 0.001 0.001 0.001
7.055 5.699 4.512 3.478 2.597 1.876 1.333 0.947 0.676 0.486 0.349 0.245 0.167 0.111 0.074 0.051 0.035 0.025 0.019 0.015 0.012 0.011 0.009 0.008 0.007 0.007 0.006 0.006 0.006 0.006 0.005 0.005 0.004 0.004 0.004 0.004 0.004 0.004 0.004 0.004 0.004 0.005 0.005 0.005 0.005 0.005 0.006 0.006 0.006 0.006 0.006 0.006 0.006 0.006 0.005 0.005 0.004 0.004 0.004 0.003 0.003 0.003 0.003 0.003 0.003 0.005 0.008 0.008 0.008 0.007 0.004 0.002 0.002 0.001 0.001 0.001 0.001
9.199 7.574 6.173 4.963 3.934 3.069 2.373 1.834 1.422 1.106 0.854 0.641 0.460 0.315 0.208 0.137 0.091 0.062 0.045 0.034 0.027 0.023 0.019 0.016 0.013 0.011 0.010 0.010 0.009 0.008 0.008 0.007 0.006 0.006 0.006 0.006 0.005 0.006 0.006 0.006 0.006 0.006 0.006 0.006 0.006 0.007 0.007 0.008 0.008 0.008 0.008 0.008 0.008 0.008 0.008 0.008 0.007 0.007 0.006 0.006 0.005 0.005 0.005 0.005 0.007 0.012 0.018 0.021 0.021 0.017 0.009 0.004 0.002 0.002 0.001 0.001 0.001
11.528 9.593 7.948 6.556 5.384 4.414 3.614 2.960 2.425 1.987 1.613 1.276 0.971 0.710 0.500 0.343 0.233 0.159 0.113 0.085 0.066 0.052 0.041 0.033 0.027 0.022 0.019 0.017 0.015 0.013 0.012 0.010 0.009 0.008 0.008 0.008 0.008 0.008 0.008 0.008 0.009 0.009 0.009 0.008 0.008 0.009 0.009 0.010 0.011 0.011 0.012 0.012 0.013 0.013 0.013 0.013 0.013 0.013 0.012 0.011 0.010 0.010 0.010 0.011 0.015 0.028 0.045 0.052 0.051 0.042 0.023 0.009 0.004 0.002 0.002 0.001 0.001
14.045 11.782 9.871 8.270 6.939 5.845 4.933 4.178 3.537 2.986 2.496 2.047 1.643 1.279 0.963 0.706 0.512 0.372 0.274 0.207 0.159 0.122 0.094 0.074 0.059 0.048 0.039 0.031 0.026 0.021 0.018 0.015 0.014 0.013 0.012 0.012 0.012 0.012 0.012 0.012 0.013 0.013 0.012 0.012 0.012 0.012 0.012 0.013 0.014 0.015 0.017 0.019 0.021 0.022 0.023 0.023 0.023 0.023 0.022 0.020 0.020 0.020 0.021 0.024 0.036 0.067 0.102 0.116 0.115 0.097 0.058 0.023 0.009 0.004 0.002 0.002 0.001
16.565 14.067 11.922 10.124 8.621 7.379 6.331 5.442 4.669 3.993 3.386 2.842 2.363 1.930 1.539 1.203 0.931 0.718 0.553 0.428 0.329 0.252 0.195 0.155 0.124 0.099 0.078 0.060 0.046 0.035 0.028 0.023 0.020 0.019 0.018 0.018 0.018 0.019 0.019 0.020 0.020 0.019 0.018 0.017 0.016 0.016 0.017 0.017 0.019 0.022 0.026 0.031 0.035 0.038 0.040 0.041 0.041 0.040 0.038 0.037 0.037 0.038 0.040 0.048 0.067 0.111 0.158 0.179 0.180 0.162 0.114 0.054 0.020 0.007 0.003 0.002 0.002
19.001 16.376 14.056 12.089 10.419 9.002 7.800 6.753 5.830 5.013 4.292 3.657 3.097 2.592 2.141 1.751 1.423 1.148 0.919 0.728 0.569 0.442 0.346 0.277 0.223 0.178 0.140 0.107 0.079 0.058 0.044 0.036 0.031 0.029 0.028 0.028 0.029 0.031 0.031 0.031 0.031 0.029 0.027 0.025 0.023 0.023 0.023 0.024 0.027 0.032 0.042 0.051 0.058 0.063 0.065 0.064 0.061 0.058 0.056 0.055 0.055 0.055 0.058 0.065 0.085 0.130 0.180 0.204 0.207 0.194 0.154 0.089 0.039 0.014 0.006 0.003 0.002
21.306 18.611 16.198 14.093 12.280 10.687 9.311 8.097 7.019 6.067 5.230 4.498 3.848 3.274 2.758 2.309 1.921 1.585 1.297 1.051 0.843 0.671 0.535 0.430 0.348 0.280 0.222 0.170 0.125 0.091 0.068 0.054 0.047 0.045 0.045 0.046 0.048 0.050 0.050 0.050 0.049 0.046 0.041 0.036 0.034 0.033 0.033 0.034 0.039 0.050 0.065 0.077 0.083 0.085 0.083 0.078 0.071 0.067 0.065 0.064 0.064 0.064 0.065 0.071 0.089 0.130 0.180 0.205 0.210 0.202 0.171 0.115 0.058 0.024 0.009 0.004 0.003
23.488 20.778 18.319 16.108 14.165 12.419 10.864 9.492 8.261 7.177 6.221 5.384 4.634 3.985 3.399 2.880 2.425 2.024 1.675 1.376 1.121 0.910 0.738 0.599 0.488 0.396 0.316 0.245 0.183 0.135 0.102 0.083 0.075 0.074 0.076 0.079 0.081 0.081 0.081 0.080 0.077 0.070 0.061 0.053 0.048 0.047 0.047 0.051 0.059 0.071 0.084 0.092 0.095 0.094 0.089 0.080 0.072 0.068 0.066 0.066 0.065 0.065 0.066 0.071 0.085 0.118 0.164 0.193 0.202 0.198 0.175 0.129 0.073 0.034 0.014 0.006 0.004
25.506 22.843 20.395 18.157 16.091 14.210 12.502 10.965 9.593 8.388 7.305 6.351 5.495 4.738 4.070 3.472 2.943 2.475 2.063 1.711 1.409 1.156 0.947 0.777 0.638 0.521 0.420 0.331 0.254 0.194 0.153 0.131 0.124 0.124 0.126 0.129 0.131 0.131 0.130 0.127 0.119 0.104 0.088 0.076 0.069 0.068 0.070 0.074 0.079 0.085 0.091 0.096 0.096 0.094 0.087 0.077 0.068 0.064 0.062 0.061 0.061 0.061 0.063 0.066 0.075 0.094 0.129 0.164 0.180 0.181 0.168 0.135 0.086 0.044 0.020 0.009 0.005
27.593 24.956 22.551 20.281 18.115 16.118 14.264 12.571 11.055 9.712 8.502 7.414 6.441 5.564 4.781 4.085 3.475 2.942 2.471 2.062 1.709 1.411 1.163 0.960 0.793 0.654 0.534 0.430 0.343 0.276 0.231 0.206 0.197 0.195 0.194 0.196 0.198 0.198 0.193 0.181 0.162 0.141 0.123 0.110 0.101 0.096 0.093 0.091 0.089 0.089 0.091 0.093 0.092 0.087 0.078 0.065 0.056 0.051 0.049 0.048 0.049 0.050 0.051 0.054 0.057 0.064 0.083 0.116 0.143 0.152 0.149 0.131 0.096 0.055 0.027 0.013 0.007
29.735 27.199 24.890 22.574 20.317 18.180 16.168 14.327 12.660 11.145 9.804 8.574 7.463 6.450 5.543 4.737 4.036 3.426 2.894 2.426 2.020 1.674 1.383 1.141 0.941 0.780 0.651 0.543 0.455 0.386 0.338 0.309 0.292 0.279 0.268 0.262 0.258 0.252 0.239 0.217 0.190 0.170 0.155 0.142 0.131 0.118 0.106 0.097 0.090 0.086 0.083 0.080 0.076 0.067 0.055 0.044 0.036 0.032 0.031 0.031 0.031 0.032 0.034 0.036 0.038 0.041 0.051 0.072 0.103 0.122 0.127 0.121 0.101 0.066 0.036 0.018 0.010
32.075 29.681 27.425 25.117 22.861 20.555 18.374 16.317 14.476 12.773 11.256 9.857 8.586 7.425 6.399 5.469 4.655 3.949 3.337 2.802 2.341 1.943 1.604 1.321 1.086 0.899 0.756 0.648 0.565 0.499 0.447 0.406 0.373 0.346 0.325 0.310 0.298 0.284 0.264 0.235 0.206 0.187 0.174 0.161 0.146 0.129 0.110 0.095 0.084 0.074 0.064 0.054 0.045 0.037 0.030 0.024 0.021 0.020 0.019 0.020 0.020 0.021 0.022 0.023 0.024 0.026 0.031 0.044 0.070 0.096 0.108 0.109 0.101 0.078 0.047 0.026 0.015
