RESULTS/r.avaflow_results/14_results/14_ascii/14_hflow0029.asc
ncols 506
nrows 317
xllcenter 498237.50
yllcenter 5580050.00
cellsize 12.50
NODATA_value -9999.000
[rows 204 to 237 of 317, columns 231 to 307 of 506]
0.000 0.000 0.001 0.001 0.002 0.003 0.004 0.006 0.007 0.009 0.011 0.013 0.016 0.018 0.019 0.020 0.020 0.020 0.020 0.019 0.020 0.020 0.022 0.025 0.029 0.034 0.038 0.041 0.044 0.045 0.046 0.046 0.045 0.044 0.043 0.043 0.042 0.042 0.041 0.041 0.041 0.043 0.048 0.051 0.053 0.053 0.053 0.051 0.049 0.049 0.049 0.052 0.057 0.063 0.071 0.082 0.099 0.135 0.188 0.218 0.227 0.226 0.220 0.206 0.178 0.138 0.111 0.096 0.089 0.088 0.088 0.090 0.094 0.101 0.114 0.137 0.187
0.000 0.000 0.000 0.001 0.001 0.002 0.003 0.004 0.005 0.006 0.008 0.010 0.011 0.013 0.014 0.015 0.015 0.015 0.016 0.016 0.016 0.017 0.019 0.021 0.024 0.028 0.032 0.036 0.040 0.041 0.041 0.041 0.040 0.040 0.039 0.039 0.040 0.040 0.040 0.040 0.041 0.043 0.048 0.051 0.052 0.052 0.051 0.049 0.048 0.047 0.048 0.052 0.058 0.067 0.076 0.087 0.103 0.135 0.184 0.213 0.222 0.221 0.216 0.204 0.180 0.146 0.123 0.112 0.107 0.105 0.104 0.104 0.107 0.117 0.140 0.190 0.296
0.000 0.000 0.000 0.000 0.000 0.001 0.001 0.002 0.003 0.004 0.005 0.007 0.008 0.009 0.010 0.011 0.012 0.012 0.013 0.013 0.014 0.015 0.016 0.018 0.020 0.023 0.026 0.030 0.033 0.035 0.035 0.036 0.036 0.036 0.036 0.037 0.038 0.039 0.040 0.040 0.041 0.044 0.049 0.052 0.054 0.054 0.052 0.050 0.049 0.050 0.052 0.059 0.071 0.084 0.096 0.108 0.121 0.147 0.191 0.221 0.229 0.228 0.223 0.212 0.191 0.164 0.147 0.139 0.135 0.132 0.131 0.133 0.141 0.164 0.214 0.319 0.545
0.000 0.000 0.000 0.000 0.000 0.000 0.001 0.001 0.002 0.003 0.004 0.005 0.006 0.007 0.008 0.008 0.009 0.010 0.010 0.011 0.012 0.013 0.014 0.015 0.017 0.019 0.021 0.024 0.027 0.029 0.030 0.031 0.032 0.032 0.033 0.035 0.036 0.038 0.039 0.041 0.043 0.047 0.052 0.055 0.057 0.057 0.056 0.055 0.055 0.058 0.066 0.082 0.105 0.125 0.139 0.149 0.159 0.177 0.216 0.246 0.255 0.254 0.248 0.235 0.215 0.194 0.181 0.175 0.172 0.172 0.176 0.187 0.212 0.264 0.368 0.582 0.943
0.000 0.000 0.000 0.000 0.000 0.000 0.000 0.000 0.001 0.001 0.002 0.003 0.004 0.005 0.005 0.006 0.007 0.007 0.008 0.009 0.010 0.010 0.012 0.013 0.014 0.016 0.018 0.020 0.023 0.025 0.027 0.028 0.029 0.030 0.032 0.034 0.036 0.038 0.040 0.042 0.044 0.048 0.053 0.056 0.059 0.061 0.062 0.064 0.069 0.079 0.102 0.138 0.174 0.198 0.209 0.211 0.211 0.221 0.251 0.278 0.286 0.285 0.277 0.262 0.244 0.229 0.221 0.218 0.222 0.231 0.249 0.281 0.338 0.445 0.634 0.920 1.220
0.000 0.000 0.000 0.000 0.000 0.000 0.000 0.000 0.000 0.000 0.001 0.001 0.002 0.003 0.003 0.004 0.005 0.005 0.006 0.007 0.007 0.008 0.009 0.011 0.012 0.013 0.015 0.017 0.020 0.022 0.024 0.025 0.027 0.029 0.031 0.034 0.036 0.038 0.040 0.042 0.045 0.048 0.053 0.056 0.059 0.063 0.069 0.078 0.094 0.125 0.180 0.237 0.271 0.281 0.272 0.252 0.242 0.245 0.269 0.293 0.298 0.297 0.289 0.276 0.266 0.261 0.264 0.273 0.290 0.318 0.361 0.426 0.525 0.669 0.863 1.090 1.264
0.000 0.000 0.000 0.000 0.000 0.000 0.000 0.000 0.000 0.000 0.000 0.001 0.001 0.001 0.002 0.002 0.003 0.003 0.004 0.005 0.006 0.006 0.007 0.009 0.010 0.011 0.013 0.015 0.017 0.019 0.021 0.024 0.026 0.029 0.032 0.034 0.036 0.038 0.040 0.041 0.044 0.047 0.050 0.054 0.057 0.063 0.075 0.098 0.141 0.213 0.285 0.326 0.337 0.327 0.297 0.263 0.249 0.251 0.272 0.294 0.299 0.297 0.290 0.283 0.282 0.288 0.303 0.329 0.365 0.412 0.474 0.555 0.663 0.798 0.949 1.091 1.164
0.000 0.000 0.000 0.000 0.000 0.000 0.000 0.000 0.000 0.000 0.000 0.000 0.000 0.001 0.001 0.001 0.002 0.002 0.002 0.003 0.004 0.005 0.006 0.007 0.008 0.009 0.011 0.013 0.015 0.017 0.020 0.023 0.026 0.030 0.033 0.035 0.037 0.038 0.039 0.040 0.041 0.043 0.046 0.049 0.054 0.063 0.084 0.129 0.213 0.301 0.349 0.364 0.359 0.337 0.297 0.260 0.244 0.245 0.263 0.283 0.289 0.288 0.284 0.283 0.290 0.307 0.333 0.368 0.412 0.465 0.531 0.612 0.710 0.823 0.923 0.965 0.898
0.000 0.000 0.000 0.000 0.000 0.000 0.000 0.000 0.000 0.000 0.000 0.000 0.000 0.000 0.000 0.000 0.001 0.001 0.001 0.002 0.002 0.003 0.004 0.005 0.006 0.008 0.009 0.011 0.013 0.015 0.018 0.022 0.026 0.032 0.036 0.038 0.038 0.038 0.038 0.038 0.038 0.039 0.041 0.045 0.052 0.065 0.096 0.166 0.271 0.343 0.368 0.369 0.357 0.329 0.282 0.242 0.225 0.224 0.234 0.251 0.259 0.262 0.265 0.273 0.289 0.314 0.345 0.383 0.426 0.475 0.536 0.609 0.688 0.748 0.760 0.683 0.514
0.000 0.000 0.000 0.000 0.000 0.000 0.000 0.000 0.000 0.000 0.000 0.000 0.000 0.000 0.000 0.000 0.000 0.000 0.000 0.001 0.001 0.002 0.003 0.003 0.005 0.006 0.007 0.009 0.011 0.014 0.017 0.021 0.026 0.033 0.038 0.041 0.041 0.039 0.038 0.037 0.037 0.038 0.040 0.043 0.051 0.068 0.109 0.192 0.294 0.349 0.362 0.357 0.337 0.301 0.249 0.207 0.186 0.180 0.182 0.191 0.200 0.209 0.222 0.242 0.268 0.301 0.335 0.371 0.407 0.443 0.485 0.524 0.546 0.521 0.454 0.351 0.239
0.000 0.000 0.000 0.000 0.000 0.000 0.000 0.000 0.000 0.000 0.000 0.000 0.000 0.000 0.000 0.000 0.000 0.000 0.000 0.000 0.000 0.001 0.001 0.002 0.003 0.004 0.005 0.007 0.009 0.012 0.015 0.019 0.025 0.032 0.039 0.042 0.043 0.042 0.039 0.037 0.037 0.038 0.039 0.043 0.053 0.074 0.120 0.203 0.288 0.327 0.330 0.318 0.293 0.252 0.198 0.155 0.132 0.124 0.123 0.126 0.132 0.141 0.156 0.179 0.209 0.246 0.280 0.306 0.324 0.334 0.336 0.324 0.301 0.266 0.219 0.162 0.117
0.000 0.000 0.000 0.000 0.000 0.000 0.000 0.000 0.000 0.000 0.000 0.000 0.000 0.000 0.000 0.000 0.000 0.000 0.000 0.000 0.000 0.000 0.001 0.001 0.002 0.003 0.004 0.005 0.007 0.009 0.013 0.017 0.022 0.029 0.037 0.042 0.044 0.044 0.042 0.039 0.038 0.038 0.040 0.045 0.056 0.080 0.126 0.196 0.248 0.265 0.260 0.244 0.217 0.179 0.136 0.106 0.090 0.085 0.084 0.085 0.089 0.096 0.106 0.120 0.137 0.161 0.180 0.188 0.189 0.184 0.176 0.164 0.152 0.136 0.112 0.086 0.070
0.000 0.000 0.000 0.000 0.000 0.000 0.000 0.000 0.000 0.000 0.000 0.000 0.000 0.000 0.000 0.000 0.000 0.000 0.000 0.000 0.000 0.000 0.000 0.000 0.001 0.002 0.002 0.004 0.005 0.007 0.010 0.013 0.018 0.025 0.033 0.040 0.044 0.045 0.045 0.043 0.041 0.041 0.043 0.049 0.060 0.083 0.123 0.162 0.174 0.170 0.160 0.147 0.131 0.110 0.087 0.071 0.063 0.060 0.060 0.062 0.066 0.072 0.079 0.086 0.093 0.101 0.105 0.106 0.105 0.102 0.100 0.096 0.091 0.083 0.070 0.059 0.053
0.000 0.000 0.000 0.000 0.000 0.000 0.000 0.000 0.000 0.000 0.000 0.000 0.000 0.000 0.000 0.000 0.000 0.000 0.000 0.000 0.000 0.000 0.000 0.000 0.000 0.001 0.001 0.002 0.004 0.005 0.007 0.010 0.014 0.019 0.026 0.035 0.041 0.045 0.045 0.045 0.044 0.045 0.046 0.051 0.062 0.081 0.103 0.111 0.106 0.098 0.090 0.084 0.077 0.067 0.057 0.050 0.046 0.046 0.046 0.049 0.055 0.061 0.065 0.068 0.070 0.070 0.070 0.070 0.069 0.068 0.068 0.067 0.066 0.062 0.054 0.049 0.047
0.000 0.000 0.000 0.000 0.000 0.000 0.000 0.000 0.000 0.000 0.000 0.000 0.000 0.000 0.000 0.000 0.000 0.000 0.000 0.000 0.000 0.000 0.000 0.000 0.000 0.000 0.001 0.001 0.002 0.003 0.005 0.007 0.010 0.014 0.019 0.027 0.036 0.042 0.045 0.045 0.046 0.046 0.048 0.051 0.060 0.070 0.074 0.072 0.066 0.059 0.055 0.052 0.049 0.045 0.041 0.038 0.037 0.038 0.040 0.044 0.051 0.055 0.057 0.058 0.058 0.056 0.055 0.054 0.054 0.054 0.055 0.055 0.055 0.053 0.049 0.046 0.046
0.000 0.000 0.000 0.000 0.000 0.000 0.000 0.000 0.000 0.000 0.000 0.000 0.000 0.000 0.000 0.000 0.000 0.000 0.000 0.000 0.000 0.000 0.000 0.000 0.000 0.000 0.000 0.001 0.001 0.002 0.003 0.005 0.007 0.010 0.014 0.020 0.028 0.037 0.043 0.045 0.046 0.046 0.047 0.050 0.053 0.054 0.052 0.049 0.045 0.041 0.038 0.037 0.035 0.034 0.033 0.032 0.033 0.034 0.038 0.044 0.049 0.052 0.053 0.053 0.052 0.050 0.048 0.047 0.047 0.048 0.049 0.050 0.050 0.049 0.047 0.046 0.046
0.000 0.000 0.000 0.000 0.000 0.000 0.000 0.000 0.000 0.000 0.000 0.000 0.000 0.000 0.000 0.000 0.000 0.000 0.000 0.000 0.000 0.000 0.000 0.000 0.000 0.000 0.000 0.000 0.000 0.001 0.002 0.003 0.005 0.007 0.010 0.014 0.021 0.030 0.038 0.042 0.043 0.043 0.043 0.043 0.041 0.039 0.038 0.036 0.034 0.031 0.030 0.029 0.028 0.028 0.028 0.029 0.031 0.033 0.038 0.044 0.048 0.050 0.051 0.051 0.050 0.048 0.045 0.044 0.044 0.045 0.046 0.048 0.048 0.048 0.048 0.047 0.048
0.000 0.000 0.000 0.000 0.000 0.000 0.000 0.000 0.000 0.000 0.000 0.000 0.000 0.000 0.000 0.000 0.000 0.000 0.000 0.000 0.000 0.000 0.000 0.000 0.000 0.000 0.000 0.000 0.000 0.000 0.001 0.002 0.003 0.005 0.007 0.010 0.015 0.022 0.030 0.035 0.036 0.036 0.035 0.032 0.030 0.029 0.029 0.028 0.027 0.026 0.025 0.025 0.024 0.025 0.026 0.027 0.030 0.034 0.040 0.045 0.049 0.050 0.051 0.051 0.050 0.048 0.045 0.043 0.042 0.043 0.045 0.047 0.048 0.048 0.049 0.050 0.052
0.000 0.000 0.000 0.000 0.000 0.000 0.000 0.000 0.000 0.000 0.000 0.000 0.000 0.000 0.000 0.000 0.000 0.000 0.000 0.000 0.000 0.000 0.000 0.000 0.000 0.000 0.000 0.000 0.000 0.000 0.000 0.001 0.002 0.003 0.004 0.007 0.010 0.014 0.020 0.024 0.025 0.025 0.024 0.023 0.022 0.022 0.022 0.023 0.023 0.022 0.022 0.022 0.022 0.023 0.024 0.026 0.030 0.035 0.043 0.048 0.051 0.052 0.052 0.052 0.051 0.049 0.045 0.042 0.042 0.042 0.045 0.047 0.049 0.050 0.052 0.056 0.061
0.000 0.000 0.000 0.000 0.000 0.000 0.000 0.000 0.000 0.000 0.000 0.000 0.000 0.000 0.000 0.000 0.000 0.000 0.000 0.000 0.000 0.000 0.000 0.000 0.000 0.000 0.000 0.000 0.000 0.000 0.000 0.000 0.001 0.002 0.003 0.004 0.006 0.009 0.013 0.015 0.016 0.016 0.016 0.016 0.016 0.017 0.017 0.018 0.019 0.019 0.019 0.020 0.020 0.022 0.023 0.026 0.030 0.036 0.046 0.053 0.056 0.056 0.057 0.056 0.054 0.050 0.046 0.043 0.042 0.043 0.045 0.049 0.052 0.056 0.061 0.068 0.078
0.000 0.000 0.000 0.000 0.000 0.000 0.000 0.000 0.000 0.000 0.000 0.000 0.000 0.000 0.000 0.000 0.000 0.000 0.000 0.000 0.000 0.000 0.000 0.000 0.000 0.000 0.000 0.000 0.000 0.000 0.000 0.000 0.000 0.001 0.001 0.002 0.004 0.005 0.007 0.009 0.010 0.010 0.011 0.011 0.012 0.012 0.013 0.014 0.015 0.016 0.017 0.018 0.019 0.021 0.022 0.025 0.029 0.036 0.047 0.055 0.059 0.061 0.060 0.059 0.056 0.051 0.048 0.046 0.045 0.046 0.049 0.055 0.062 0.070 0.081 0.096 0.114
0.000 0.000 0.000 0.000 0.000 0.000 0.000 0.000 0.000 0.000 0.000 0.000 0.000 0.000 0.000 0.000 0.000 0.000 0.000 0.000 0.000 0.000 0.000 0.000 0.000 0.000 0.000 0.000 0.000 0.000 0.000 0.000 0.000 0.000 0.000 0.001 0.002 0.003 0.004 0.005 0.006 0.006 0.007 0.007 0.008 0.009 0.010 0.011 0.012 0.013 0.015 0.016 0.017 0.019 0.021 0.024 0.029 0.036 0.046 0.055 0.060 0.062 0.061 0.059 0.055 0.051 0.049 0.049 0.050 0.053 0.059 0.069 0.083 0.103 0.129 0.162 0.201
0.000 0.000 0.000 0.000 0.000 0.000 0.000 0.000 0.000 0.000 0.000 0.000 0.000 0.000 0.000 0.000 0.000 0.000 0.000 0.000 0.000 0.000 0.000 0.000 0.000 0.000 0.000 0.000 0.000 0.000 0.000 0.000 0.000 0.000 0.000 0.000 0.001 0.001 0.002 0.003 0.003 0.004 0.004 0.005 0.005 0.006 0.007 0.008 0.009 0.011 0.012 0.014 0.016 0.018 0.020 0.023 0.027 0.033 0.043 0.052 0.057 0.059 0.059 0.058 0.054 0.050 0.049 0.050 0.053 0.059 0.069 0.084 0.107 0.141 0.191 0.262 0.334
0.000 0.000 0.000 0.000 0.000 0.000 0.000 0.000 0.000 0.000 0.000 0.000 0.000 0.000 0.000 0.000 0.000 0.000 0.000 0.000 0.000 0.000 0.000 0.000 0.000 0.000 0.000 0.000 0.000 0.000 0.000 0.000 0.000 0.000 0.000 0.000 0.000 0.000 0.001 0.001 0.001 0.002 0.002 0.002 0.003 0.004 0.004 0.005 0.007 0.008 0.009 0.011 0.013 0.015 0.018 0.021 0.024 0.029 0.035 0.043 0.048 0.051 0.052 0.051 0.049 0.047 0.048 0.050 0.054 0.061 0.073 0.091 0.117 0.156 0.220 0.312 0.400
0.000 0.000 0.000 0.000 0.000 0.000 0.000 0.000 0.000 0.000 0.000 0.000 0.000 0.000 0.000 0.000 0.000 0.000 0.000 0.000 0.000 0.000 0.000 0.000 0.000 0.000 0.000 0.000 0.000 0.000 0.000 0.000 0.000 0.000 0.000 0.000 0.000 0.000 0.000 0.000 0.000 0.001 0.001 0.001 0.001 0.002 0.003 0.003 0.004 0.005 0.007 0.008 0.010 0.012 0.014 0.017 0.019 0.022 0.025 0.030 0.034 0.037 0.038 0.039 0.039 0.040 0.042 0.046 0.051 0.059 0.070 0.088 0.113 0.152 0.217 0.310 0.397
0.000 0.000 0.000 0.000 0.000 0.000 0.000 0.000 0.000 0.000 0.000 0.000 0.000 0.000 0.000 0.000 0.000 0.000 0.000 0.000 0.000 0.000 0.000 0.000 0.000 0.000 0.000 0.000 0.000 0.000 0.000 0.000 0.000 0.000 0.000 0.000 0.000 0.000 0.000 0.000 0.000 0.000 0.000 0.000 0.001 0.001 0.001 0.002 0.003 0.003 0.004 0.006 0.007 0.009 0.010 0.012 0.014 0.016 0.018 0.021 0.023 0.024 0.025 0.026 0.027 0.029 0.032 0.036 0.041 0.048 0.057 0.072 0.092 0.123 0.176 0.249 0.314
0.000 0.000 0.000 0.000 0.000 0.000 0.000 0.000 0.000 0.000 0.000 0.000 0.000 0.000 0.000 0.000 0.000 0.000 0.000 0.000 0.000 0.000 0.000 0.000 0.000 0.000 0.000 0.000 0.000 0.000 0.000 0.000 0.000 0.000 0.000 0.000 0.000 0.000 0.000 0.000 0.000 0.000 0.000 0.000 0.000 0.000 0.000 0.001 0.001 0.002 0.003 0.004 0.005 0.006 0.007 0.008 0.010 0.011 0.013 0.015 0.016 0.017 0.017 0.018 0.019 0.020 0.022 0.024 0.026 0.030 0.035 0.043 0.053 0.070 0.098 0.132 0.157
0.000 0.000 0.000 0.000 0.000 0.000 0.000 0.000 0.000 0.000 0.000 0.000 0.000 0.000 0.000 0.000 0.000 0.000 0.000 0.000 0.000 0.000 0.000 0.000 0.000 0.000 0.000 0.000 0.000 0.000 0.000 0.000 0.000 0.000 0.000 0.000 0.000 0.000 0.000 0.000 0.000 0.000 0.000 0.000 0.000 0.000 0.000 0.000 0.000 0.001 0.001 0.002 0.003 0.004 0.005 0.006 0.007 0.008 0.009 0.010 0.011 0.012 0.012 0.013 0.014 0.014 0.015 0.016 0.017 0.019 0.021 0.025 0.030 0.037 0.049 0.060 0.067
0.000 0.000 0.000 0.000 0.000 0.000 0.000 0.000 0.000 0.000 0.000 0.000 0.000 0.000 0.000 0.000 0.000 0.000 0.000 0.000 0.000 0.000 0.000 0.000 0.000 0.000 0.000 0.000 0.000 0.000 0.000 0.000 0.000 0.000 0.000 0.000 0.000 0.000 0.000 0.000 0.000 0.000 0.000 0.000 0.000 0.000 0.000 0.000 0.000 0.000 0.000 0.001 0.001 0.002 0.003 0.003 0.004 0.005 0.006 0.007 0.008 0.008 0.009 0.009 0.010 0.010 0.011 0.011 0.012 0.013 0.014 0.016 0.018 0.022 0.028 0.032 0.033
0.000 0.000 0.000 0.000 0.000 0.000 0.000 0.000 0.000 0.000 0.000 0.000 0.000 0.000 0.000 0.000 0.000 0.000 0.000 0.000 0.000 0.000 0.000 0.000 0.000 0.000 0.000 0.000 0.000 0.000 0.000 0.000 0.000 0.000 0.000 0.000 0.000 0.000 0.000 0.000 0.000 0.000 0.000 0.000 0.000 0.000 0.000 0.000 0.000 0.000 0.000 0.000 0.000 0.001 0.001 0.002 0.002 0.003 0.004 0.005 0.005 0.006 0.006 0.007 0.007 0.007 0.008 0.008 0.009 0.009 0.010 0.011 0.012 0.015 0.017 0.019 0.019
0.000 0.000 0.000 0.000 0.000 0.000 0.000 0.000 0.000 0.000 0.000 0.000 0.000 0.000 0.000 0.000 0.000 0.000 0.000 0.000 0.000 0.000 0.000 0.000 0.000 0.000 0.000 0.000 0.000 0.000 0.000 0.000 0.000 0.000 0.000 0.000 0.000 0.000 0.000 0.000 0.000 0.000 0.000 0.000 0.000 0.000 0.000 0.000 0.000 0.000 0.000 0.000 0.000 0.000 0.000 0.001 0.001 0.001 0.002 0.003 0.003 0.004 0.004 0.004 0.005 0.005 0.005 0.006 0.006 0.006 0.007 0.008 0.009 0.010 0.011 0.012 0.012
0.000 0.000 0.000 0.000 0.000 0.000 0.000 0.000 0.000 0.000 0.000 0.000 0.000 0.000 0.000 0.000 0.000 0.000 0.000 0.000 0.000 0.000 0.000 0.000 0.000 0.000 0.000 0.000 0.000 0.000 0.000 0.000 0.000 0.000 0.000 0.000 0.000 0.000 0.000 0.000 0.000 0.000 0.000 0.000 0.000 0.000 0.000 0.000 0.000 0.000 0.000 0.000 0.000 0.000 0.000 0.000 0.000 0.001 0.001 0.001 0.002 0.002 0.002 0.003 0.003 0.003 0.003 0.003 0.004 0.004 0.005 0.005 0.006 0.007 0.007 0.008 0.008
0.000 0.000 0.000 0.000 0.000 0.000 0.000 0.000 0.000 0.000 0.000 0.000 0.000 0.000 0.000 0.000 0.000 0.000 0.000 0.000 0.000 0.000 0.000 0.000 0.000 0.000 0.000 0.000 0.000 0.000 0.000 0.000 0.000 0.000 0.000 0.000 0.000 0.000 0.000 0.000 0.000 0.000 0.000 0.000 0.000 0.000 0.000 0.000 0.000 0.000 0.000 0.000 0.000 0.000 0.000 0.000 0.000 0.000 0.000 0.000 0.001 0.001 0.001 0.001 0.001 0.002 0.002 0.002 0.002 0.002 0.003 0.003 0.004 0.004 0.005 0.005 0.005
0.000 0.000 0.000 0.000 0.000 0.000 0.000 0.000 0.000 0.000 0.000 0.000 0.000 0.000 0.000 0.000 0.000 0.000 0.000 0.000 0.000 0.000 0.000 0.000 0.000 0.000 0.000 0.000 0.000 0.000 0.000 0.000 0.000 0.000 0.000 0.000 0.000 0.000 0.000 0.000 0.000 0.000 0.000 0.000 0.000 0.000 0.000 0.000 0.000 0.000 0.000 0.000 0.000 0.000 0.000 0.000 0.000 0.000 0.000 0.000 0.000 0.000 0.000 0.000 0.000 0.001 0.001 0.001 0.001 0.001 0.001 0.002 0.002 0.002 0.003 0.003 0.003
