RESULTS/r.avaflow_results/14_results/14_ascii/14_hflow10041.asc
ncols 506
nrows 317
xllcenter 498237.50
yllcenter 5580050.00
cellsize 12.50
NODATA_value -9999.000
[rows 170 to 203 of 317, columns 154 to 230 of 506]
32.736 30.502 28.418 26.126 23.819 21.506 19.150 16.980 15.009 13.228 11.599 10.158 8.830 7.626 6.565 5.599 4.754 4.010 3.361 2.804 2.325 1.911 1.561 1.269 1.030 0.841 0.704 0.612 0.551 0.506 0.467 0.432 0.398 0.366 0.341 0.322 0.307 0.290 0.269 0.240 0.212 0.194 0.181 0.168 0.153 0.134 0.110 0.088 0.068 0.050 0.036 0.026 0.020 0.017 0.015 0.013 0.012 0.012 0.013 0.013 0.013 0.014 0.013 0.014 0.014 0.015 0.018 0.024 0.041 0.070 0.093 0.102 0.102 0.093 0.070 0.043 0.025
35.649 33.688 31.794 29.566 27.230 24.761 22.085 19.553 17.334 15.265 13.385 11.725 10.201 8.829 7.598 6.484 5.498 4.633 3.878 3.228 2.668 2.188 1.782 1.441 1.163 0.941 0.775 0.661 0.589 0.543 0.506 0.469 0.432 0.394 0.360 0.335 0.314 0.293 0.269 0.238 0.210 0.190 0.175 0.160 0.142 0.118 0.087 0.058 0.036 0.022 0.015 0.011 0.009 0.008 0.008 0.008 0.008 0.009 0.010 0.010 0.010 0.010 0.010 0.009 0.009 0.010 0.011 0.015 0.026 0.047 0.073 0.089 0.094 0.093 0.084 0.064 0.041
38.209 36.603 34.880 32.742 30.402 27.914 25.172 22.438 19.922 17.573 15.411 13.471 11.730 10.174 8.751 7.473 6.343 5.343 4.470 3.720 3.069 2.512 2.042 1.646 1.321 1.057 0.855 0.710 0.616 0.560 0.519 0.482 0.445 0.404 0.366 0.337 0.313 0.290 0.263 0.228 0.194 0.170 0.149 0.128 0.105 0.075 0.046 0.025 0.014 0.009 0.006 0.005 0.005 0.004 0.005 0.005 0.006 0.007 0.008 0.008 0.008 0.008 0.007 0.007 0.007 0.007 0.007 0.010 0.016 0.029 0.051 0.075 0.087 0.091 0.089 0.081 0.063
40.253 38.900 37.278 35.213 32.941 30.520 27.835 25.125 22.419 19.758 17.301 15.121 13.164 11.411 9.831 8.410 7.158 6.036 5.060 4.212 3.475 2.848 2.316 1.867 1.498 1.195 0.953 0.771 0.646 0.569 0.520 0.482 0.445 0.405 0.366 0.334 0.307 0.279 0.247 0.205 0.161 0.125 0.095 0.070 0.048 0.030 0.017 0.009 0.006 0.004 0.003 0.003 0.003 0.003 0.003 0.004 0.005 0.007 0.007 0.007 0.007 0.007 0.006 0.005 0.005 0.005 0.006 0.007 0.010 0.018 0.031 0.055 0.077 0.087 0.089 0.087 0.078
41.364 40.078 38.625 36.731 34.611 32.372 29.848 27.219 24.467 21.595 18.916 16.487 14.351 12.433 10.721 9.204 7.845 6.631 5.569 4.638 3.829 3.136 2.545 2.051 1.644 1.313 1.048 0.841 0.687 0.582 0.515 0.470 0.434 0.398 0.359 0.322 0.289 0.256 0.216 0.163 0.108 0.067 0.042 0.027 0.017 0.010 0.006 0.004 0.003 0.002 0.002 0.002 0.002 0.002 0.003 0.004 0.005 0.006 0.007 0.007 0.006 0.006 0.005 0.005 0.005 0.005 0.005 0.005 0.007 0.011 0.019 0.034 0.059 0.080 0.087 0.087 0.083
41.709 40.472 39.140 37.449 35.641 33.605 31.231 28.732 26.014 23.023 20.200 17.611 15.309 13.282 11.454 9.854 8.408 7.118 5.987 4.986 4.111 3.363 2.724 2.188 1.750 1.396 1.116 0.896 0.728 0.602 0.513 0.457 0.416 0.377 0.332 0.288 0.249 0.208 0.158 0.100 0.055 0.030 0.017 0.010 0.006 0.004 0.003 0.002 0.002 0.002 0.002 0.002 0.002 0.002 0.003 0.004 0.005 0.006 0.006 0.006 0.006 0.006 0.005 0.005 0.004 0.004 0.004 0.005 0.005 0.007 0.012 0.021 0.040 0.066 0.080 0.084 0.083
41.624 40.513 39.290 37.729 36.135 34.327 32.097 29.743 26.988 23.969 21.028 18.389 16.002 13.902 12.021 10.346 8.840 7.493 6.305 5.247 4.322 3.524 2.845 2.278 1.816 1.446 1.156 0.930 0.756 0.621 0.520 0.449 0.391 0.332 0.270 0.215 0.168 0.124 0.080 0.045 0.023 0.012 0.007 0.004 0.003 0.002 0.002 0.001 0.001 0.001 0.002 0.002 0.002 0.002 0.003 0.004 0.005 0.006 0.006 0.006 0.006 0.005 0.005 0.005 0.004 0.004 0.004 0.004 0.005 0.006 0.008 0.014 0.026 0.047 0.067 0.076 0.078
40.888 39.919 38.844 37.464 36.013 34.389 32.284 30.071 27.384 24.477 21.541 18.900 16.521 14.367 12.440 10.708 9.153 7.755 6.515 5.415 4.450 3.617 2.912 2.324 1.846 1.467 1.172 0.945 0.770 0.632 0.522 0.430 0.339 0.246 0.164 0.107 0.072 0.048 0.029 0.016 0.009 0.005 0.003 0.002 0.002 0.001 0.001 0.001 0.001 0.001 0.002 0.002 0.002 0.003 0.003 0.004 0.006 0.006 0.006 0.006 0.006 0.006 0.005 0.005 0.005 0.004 0.004 0.004 0.005 0.005 0.007 0.010 0.017 0.031 0.049 0.063 0.070
40.018 39.165 38.313 37.112 35.783 34.281 32.257 30.053 27.459 24.601 21.836 19.260 16.895 14.754 12.780 11.007 9.402 7.950 6.656 5.508 4.510 3.653 2.933 2.339 1.854 1.471 1.173 0.947 0.773 0.628 0.498 0.367 0.236 0.131 0.067 0.037 0.023 0.015 0.009 0.006 0.004 0.002 0.002 0.001 0.001 0.001 0.001 0.001 0.001 0.001 0.002 0.002 0.002 0.003 0.004 0.005 0.006 0.006 0.007 0.007 0.006 0.006 0.006 0.005 0.005 0.005 0.005 0.005 0.005 0.005 0.006 0.008 0.012 0.020 0.033 0.047 0.057
38.913 38.244 37.475 36.365 35.197 33.800 31.947 29.825 27.351 24.615 21.995 19.503 17.214 15.077 13.094 11.275 9.619 8.109 6.759 5.559 4.532 3.664 2.940 2.341 1.853 1.466 1.162 0.924 0.731 0.559 0.392 0.235 0.115 0.050 0.022 0.011 0.007 0.005 0.003 0.003 0.002 0.002 0.001 0.001 0.001 0.001 0.001 0.001 0.001 0.001 0.002 0.002 0.003 0.004 0.005 0.006 0.007 0.007 0.007 0.007 0.007 0.007 0.007 0.007 0.006 0.005 0.005 0.005 0.005 0.005 0.006 0.007 0.010 0.015 0.023 0.033 0.042
37.505 36.885 36.141 35.121 34.086 32.839 31.208 29.337 27.113 24.547 22.007 19.662 17.475 15.372 13.419 11.567 9.855 8.276 6.856 5.600 4.538 3.660 2.937 2.339 1.848 1.447 1.110 0.818 0.569 0.361 0.198 0.092 0.039 0.016 0.007 0.004 0.003 0.002 0.002 0.002 0.001 0.001 0.001 0.001 0.001 0.001 0.001 0.001 0.001 0.002 0.002 0.003 0.004 0.006 0.007 0.008 0.009 0.009 0.009 0.009 0.009 0.009 0.009 0.009 0.008 0.007 0.006 0.005 0.005 0.005 0.006 0.007 0.009 0.012 0.018 0.025 0.032
36.044 35.286 34.613 33.727 32.763 31.732 30.345 28.710 26.759 24.441 22.024 19.801 17.668 15.646 13.736 11.866 10.107 8.453 6.944 5.627 4.522 3.623 2.892 2.297 1.801 1.357 0.935 0.562 0.291 0.136 0.060 0.026 0.011 0.005 0.003 0.002 0.002 0.002 0.001 0.001 0.001 0.001 0.001 0.001 0.001 0.001 0.001 0.001 0.001 0.002 0.003 0.004 0.007 0.009 0.011 0.012 0.012 0.012 0.012 0.012 0.013 0.013 0.012 0.012 0.010 0.008 0.007 0.007 0.006 0.006 0.006 0.007 0.009 0.012 0.016 0.021 0.027
34.525 33.644 32.923 32.150 31.346 30.498 29.288 27.888 26.225 24.217 21.978 19.841 17.760 15.793 13.913 12.069 10.289 8.577 7.003 5.611 4.405 3.406 2.611 1.988 1.466 0.973 0.527 0.228 0.087 0.034 0.015 0.007 0.004 0.003 0.002 0.002 0.002 0.002 0.001 0.001 0.001 0.001 0.001 0.001 0.001 0.001 0.001 0.001 0.002 0.003 0.005 0.008 0.012 0.016 0.018 0.019 0.019 0.018 0.018 0.018 0.018 0.018 0.017 0.016 0.014 0.011 0.010 0.008 0.008 0.008 0.008 0.008 0.010 0.012 0.016 0.021 0.026
33.075 32.051 31.217 30.429 29.698 28.954 27.908 26.792 25.402 23.685 21.719 19.707 17.730 15.834 13.995 12.145 10.336 8.573 6.857 5.224 3.774 2.576 1.697 1.094 0.660 0.342 0.144 0.050 0.018 0.008 0.005 0.003 0.002 0.002 0.002 0.002 0.002 0.001 0.001 0.001 0.001 0.001 0.001 0.001 0.001 0.001 0.002 0.002 0.004 0.006 0.011 0.019 0.028 0.033 0.036 0.036 0.035 0.031 0.029 0.028 0.027 0.027 0.025 0.023 0.020 0.016 0.013 0.012 0.011 0.011 0.011 0.012 0.013 0.015 0.018 0.022 0.028
31.825 30.635 29.689 28.727 27.848 27.090 26.175 25.275 24.168 22.738 21.033 19.160 17.329 15.559 13.802 11.909 9.950 7.843 5.654 3.611 2.051 1.077 0.555 0.292 0.146 0.063 0.024 0.009 0.005 0.003 0.003 0.002 0.002 0.002 0.002 0.002 0.002 0.002 0.001 0.001 0.001 0.001 0.001 0.001 0.002 0.002 0.003 0.005 0.010 0.019 0.035 0.055 0.071 0.079 0.081 0.077 0.068 0.059 0.053 0.049 0.046 0.043 0.039 0.034 0.029 0.024 0.020 0.018 0.017 0.016 0.017 0.017 0.019 0.020 0.023 0.028 0.036
30.599 29.227 28.020 26.818 25.753 24.905 24.021 23.185 22.284 21.132 19.729 18.033 16.230 14.358 12.388 10.234 7.876 5.210 2.827 1.284 0.538 0.232 0.109 0.053 0.025 0.011 0.006 0.003 0.003 0.002 0.002 0.002 0.002 0.002 0.002 0.002 0.002 0.002 0.002 0.002 0.002 0.002 0.002 0.002 0.003 0.005 0.008 0.016 0.034 0.068 0.117 0.158 0.183 0.190 0.183 0.159 0.133 0.114 0.101 0.091 0.084 0.076 0.065 0.054 0.046 0.038 0.032 0.028 0.025 0.024 0.024 0.025 0.026 0.029 0.034 0.042 0.055
29.131 27.562 26.089 24.643 23.361 22.327 21.360 20.509 19.710 18.717 17.499 15.855 13.771 11.192 8.486 5.979 3.713 1.845 0.736 0.250 0.091 0.041 0.021 0.011 0.006 0.004 0.003 0.003 0.003 0.002 0.002 0.002 0.002 0.002 0.002 0.002 0.002 0.002 0.002 0.003 0.003 0.004 0.005 0.007 0.010 0.016 0.031 0.064 0.130 0.230 0.328 0.390 0.413 0.399 0.349 0.289 0.241 0.210 0.189 0.173 0.157 0.136 0.111 0.090 0.072 0.058 0.047 0.038 0.032 0.030 0.029 0.029 0.031 0.036 0.045 0.058 0.078
27.430 25.603 23.984 22.369 20.880 19.571 18.354 17.167 16.038 14.774 13.304 11.340 8.783 5.904 3.545 1.980 0.973 0.395 0.134 0.046 0.020 0.011 0.007 0.005 0.004 0.003 0.003 0.003 0.003 0.003 0.003 0.003 0.003 0.003 0.003 0.004 0.004 0.005 0.006 0.007 0.009 0.012 0.016 0.024 0.037 0.063 0.123 0.242 0.421 0.595 0.713 0.757 0.703 0.596 0.493 0.418 0.368 0.332 0.303 0.274 0.240 0.198 0.157 0.123 0.095 0.073 0.055 0.043 0.035 0.032 0.030 0.031 0.033 0.039 0.050 0.067 0.089
25.212 23.260 21.598 19.921 18.290 16.637 14.982 13.242 11.369 9.409 7.476 5.536 3.617 2.033 1.016 0.470 0.207 0.088 0.038 0.019 0.011 0.008 0.006 0.005 0.004 0.004 0.004 0.004 0.004 0.004 0.005 0.005 0.006 0.007 0.009 0.011 0.013 0.016 0.020 0.026 0.034 0.046 0.065 0.094 0.145 0.247 0.445 0.729 0.998 1.146 1.154 1.034 0.853 0.689 0.573 0.498 0.449 0.411 0.374 0.332 0.282 0.227 0.180 0.140 0.106 0.079 0.059 0.045 0.036 0.032 0.031 0.031 0.033 0.040 0.052 0.069 0.092
22.674 20.862 19.228 17.542 15.798 13.842 11.628 9.206 6.859 4.858 3.257 2.013 1.110 0.552 0.268 0.138 0.078 0.048 0.029 0.018 0.012 0.008 0.006 0.005 0.005 0.005 0.006 0.007 0.009 0.011 0.013 0.016 0.020 0.025 0.032 0.039 0.049 0.063 0.082 0.105 0.136 0.182 0.253 0.356 0.515 0.790 1.189 1.533 1.667 1.601 1.397 1.131 0.899 0.730 0.614 0.538 0.485 0.441 0.397 0.348 0.291 0.236 0.187 0.145 0.109 0.081 0.060 0.045 0.036 0.032 0.030 0.030 0.033 0.039 0.051 0.068 0.090
19.802 18.114 16.557 14.820 12.845 10.444 7.690 5.117 3.207 1.904 1.082 0.608 0.349 0.210 0.136 0.096 0.071 0.051 0.035 0.024 0.016 0.012 0.010 0.009 0.009 0.012 0.016 0.022 0.029 0.037 0.047 0.061 0.079 0.101 0.125 0.155 0.197 0.253 0.318 0.394 0.495 0.637 0.822 1.054 1.351 1.716 2.034 2.149 2.064 1.809 1.458 1.149 0.919 0.753 0.637 0.555 0.495 0.444 0.397 0.347 0.293 0.238 0.190 0.147 0.111 0.082 0.060 0.045 0.036 0.030 0.028 0.027 0.029 0.035 0.046 0.063 0.084
16.614 14.874 13.031 10.766 8.197 5.580 3.420 1.944 1.040 0.563 0.345 0.251 0.204 0.169 0.136 0.112 0.095 0.078 0.058 0.041 0.030 0.023 0.021 0.022 0.026 0.038 0.056 0.081 0.110 0.143 0.183 0.238 0.306 0.381 0.464 0.564 0.694 0.842 0.992 1.154 1.365 1.611 1.846 2.039 2.214 2.377 2.458 2.401 2.187 1.847 1.464 1.157 0.928 0.764 0.647 0.562 0.496 0.442 0.394 0.345 0.292 0.238 0.188 0.145 0.109 0.081 0.059 0.043 0.032 0.025 0.021 0.020 0.020 0.023 0.032 0.048 0.068
12.484 10.250 7.807 5.394 3.371 1.897 0.988 0.511 0.300 0.225 0.205 0.205 0.205 0.198 0.187 0.177 0.164 0.140 0.105 0.078 0.062 0.055 0.055 0.065 0.093 0.142 0.214 0.302 0.403 0.515 0.650 0.816 0.993 1.165 1.339 1.541 1.784 2.013 2.199 2.351 2.472 2.548 2.577 2.586 2.598 2.601 2.561 2.433 2.193 1.851 1.467 1.159 0.930 0.765 0.649 0.564 0.494 0.430 0.371 0.315 0.260 0.207 0.161 0.123 0.093 0.069 0.049 0.034 0.024 0.017 0.012 0.010 0.010 0.011 0.015 0.024 0.039
7.364 5.211 3.318 1.884 0.964 0.486 0.282 0.209 0.190 0.194 0.210 0.241 0.277 0.302 0.311 0.308 0.291 0.251 0.195 0.158 0.140 0.138 0.157 0.218 0.336 0.513 0.739 0.988 1.240 1.499 1.779 2.080 2.369 2.618 2.840 3.057 3.221 3.292 3.272 3.197 3.084 2.949 2.821 2.729 2.667 2.616 2.549 2.414 2.186 1.855 1.470 1.159 0.926 0.758 0.636 0.542 0.455 0.367 0.285 0.215 0.159 0.118 0.090 0.070 0.054 0.040 0.028 0.019 0.012 0.008 0.006 0.005 0.005 0.005 0.006 0.009 0.016
3.829 2.263 1.204 0.612 0.343 0.237 0.201 0.194 0.206 0.239 0.295 0.373 0.451 0.503 0.524 0.524 0.501 0.445 0.371 0.328 0.317 0.352 0.476 0.717 1.072 1.517 2.001 2.465 2.887 3.258 3.587 3.862 4.056 4.175 4.242 4.254 4.191 4.053 3.833 3.560 3.277 3.025 2.843 2.730 2.655 2.588 2.506 2.366 2.138 1.812 1.431 1.116 0.877 0.698 0.560 0.443 0.330 0.224 0.140 0.087 0.056 0.040 0.032 0.026 0.022 0.017 0.013 0.009 0.006 0.005 0.003 0.003 0.003 0.002 0.003 0.003 0.006
1.947 1.048 0.569 0.357 0.271 0.237 0.231 0.253 0.300 0.375 0.476 0.606 0.727 0.808 0.846 0.851 0.833 0.776 0.701 0.670 0.713 0.907 1.310 1.900 2.605 3.350 4.024 4.517 4.819 4.986 5.085 5.137 5.155 5.129 5.052 4.912 4.703 4.425 4.081 3.683 3.314 3.020 2.812 2.678 2.572 2.459 2.314 2.116 1.850 1.517 1.179 0.904 0.690 0.518 0.375 0.253 0.156 0.087 0.047 0.027 0.017 0.013 0.011 0.010 0.009 0.008 0.006 0.005 0.004 0.003 0.002 0.002 0.002 0.002 0.002 0.002 0.002
1.061 0.641 0.442 0.350 0.314 0.315 0.342 0.400 0.487 0.603 0.751 0.932 1.101 1.225 1.303 1.337 1.340 1.307 1.264 1.305 1.533 2.051 2.878 3.805 4.611 5.245 5.700 5.948 6.018 5.978 5.897 5.800 5.699 5.582 5.428 5.224 4.958 4.618 4.203 3.733 3.320 2.983 2.710 2.484 2.265 2.027 1.754 1.457 1.159 0.881 0.659 0.490 0.358 0.252 0.167 0.101 0.055 0.028 0.015 0.009 0.007 0.006 0.005 0.005 0.005 0.004 0.004 0.003 0.002 0.002 0.001 0.001 0.001 0.001 0.001 0.001 0.001
0.747 0.567 0.470 0.436 0.446 0.484 0.548 0.640 0.764 0.922 1.116 1.347 1.575 1.769 1.922 2.019 2.065 2.085 2.130 2.357 2.887 3.716 4.641 5.415 6.003 6.397 6.597 6.642 6.594 6.481 6.322 6.136 5.955 5.787 5.608 5.395 5.110 4.727 4.252 3.746 3.286 2.856 2.432 2.015 1.614 1.239 0.922 0.677 0.494 0.360 0.265 0.196 0.142 0.098 0.063 0.037 0.020 0.011 0.006 0.004 0.004 0.003 0.003 0.003 0.003 0.003 0.002 0.002 0.001 0.001 0.001 0.001 0.001 0.001 0.001 0.001 0.001
0.707 0.628 0.604 0.625 0.674 0.747 0.845 0.970 1.130 1.330 1.570 1.853 2.141 2.402 2.617 2.777 2.895 3.008 3.186 3.578 4.209 4.990 5.695 6.258 6.679 6.913 6.974 6.958 6.904 6.795 6.603 6.337 6.090 5.894 5.709 5.493 5.185 4.766 4.251 3.676 3.070 2.458 1.847 1.297 0.880 0.594 0.403 0.282 0.205 0.153 0.115 0.085 0.062 0.044 0.029 0.018 0.011 0.007 0.005 0.003 0.003 0.002 0.002 0.002 0.002 0.002 0.001 0.001 0.001 0.001 0.001 0.001 0.001 0.001 0.001 0.001 0.001
0.782 0.789 0.838 0.914 1.003 1.108 1.235 1.392 1.586 1.822 2.094 2.385 2.668 2.933 3.165 3.363 3.541 3.726 3.989 4.421 4.994 5.608 6.131 6.573 6.908 7.098 7.165 7.171 7.137 7.022 6.791 6.446 6.128 5.909 5.721 5.491 5.157 4.694 4.085 3.341 2.519 1.754 1.135 0.716 0.456 0.301 0.209 0.153 0.117 0.091 0.070 0.054 0.040 0.029 0.020 0.014 0.009 0.006 0.004 0.003 0.002 0.002 0.002 0.001 0.001 0.001 0.001 0.001 0.001 0.000 0.000 0.000 0.000 0.000 0.000 0.000 0.000
0.930 1.043 1.186 1.317 1.442 1.573 1.721 1.897 2.098 2.323 2.568 2.828 3.082 3.324 3.553 3.772 3.986 4.220 4.515 4.909 5.383 5.858 6.284 6.668 6.983 7.200 7.310 7.335 7.305 7.166 6.881 6.477 6.084 5.760 5.461 5.125 4.705 4.156 3.446 2.567 1.703 1.060 0.652 0.412 0.279 0.203 0.155 0.120 0.095 0.076 0.060 0.046 0.035 0.026 0.019 0.014 0.010 0.007 0.005 0.003 0.002 0.001 0.001 0.001 0.001 0.000 0.000 0.000 0.000 0.000 0.000 0.000 0.000 0.000 0.000 0.000 0.000
1.155 1.438 1.682 1.854 1.991 2.119 2.246 2.390 2.556 2.744 2.948 3.164 3.377 3.588 3.802 4.026 4.269 4.545 4.849 5.204 5.602 5.993 6.353 6.692 6.999 7.240 7.376 7.409 7.375 7.220 6.898 6.428 5.881 5.304 4.701 4.121 3.544 2.916 2.220 1.508 0.964 0.613 0.403 0.284 0.216 0.171 0.138 0.111 0.089 0.071 0.057 0.044 0.034 0.026 0.019 0.014 0.010 0.007 0.005 0.003 0.002 0.001 0.001 0.000 0.000 0.000 0.000 0.000 0.000 0.000 0.000 0.000 0.000 0.000 0.000 0.000 0.000
1.558 2.020 2.326 2.468 2.538 2.605 2.688 2.795 2.928 3.079 3.233 3.397 3.563 3.736 3.936 4.168 4.442 4.747 5.058 5.391 5.734 6.063 6.375 6.675 6.941 7.146 7.247 7.264 7.210 7.032 6.681 6.139 5.418 4.496 3.460 2.595 1.957 1.472 1.068 0.745 0.516 0.371 0.281 0.224 0.184 0.153 0.127 0.105 0.085 0.068 0.055 0.043 0.033 0.025 0.019 0.014 0.010 0.007 0.005 0.003 0.002 0.001 0.000 0.000 0.000 0.000 0.000 0.000 0.000 0.000 0.000 0.000 0.000 0.000 0.000 0.000 0.000
2.130 2.610 2.859 2.938 2.956 2.986 3.040 3.121 3.222 3.328 3.431 3.542 3.661 3.802 3.990 4.236 4.541 4.870 5.177 5.483 5.787 6.074 6.325 6.514 6.625 6.643 6.561 6.459 6.334 6.132 5.807 5.283 4.472 3.267 2.108 1.360 0.910 0.636 0.468 0.361 0.290 0.241 0.208 0.182 0.159 0.138 0.117 0.098 0.080 0.065 0.052 0.041 0.032 0.025 0.019 0.014 0.010 0.007 0.005 0.003 0.001 0.001 0.000 0.000 0.000 0.000 0.000 0.000 0.000 0.000 0.000 0.000 0.000 0.000 0.000 0.000 0.000
