RESULTS/r.avaflow_results/14_results/14_ascii/14_hflow30018.asc
ncols 506
nrows 317
xllcenter 498237.50
yllcenter 5580050.00
cellsize 12.50
NODATA_value -9999.000
[rows 136 to 169 of 317, columns 154 to 230 of 506]
0.006 0.007 0.007 0.008 0.008 0.008 0.007 0.006 0.005 0.005 0.005 0.005 0.005 0.005 0.005 0.005 0.005 0.005 0.005 0.004 0.004 0.004 0.003 0.003 0.003 0.003 0.003 0.002 0.002 0.002 0.001 0.001 0.000 0.000 0.000 0.000 0.000 0.000 0.000 0.000 0.000 0.000 0.000 0.000 0.000 0.000 0.000 0.000 0.000 0.000 0.000 0.000 0.000 0.000 0.000 0.000 0.000 0.000 0.000 0.000 0.000 0.000 0.000 0.000 0.000 0.000 0.000 0.000 0.000 0.000 0.000 0.000 0.000 0.000 0.000 0.000 0.000
0.010 0.012 0.013 0.014 0.014 0.013 0.012 0.010 0.009 0.008 0.008 0.008 0.008 0.008 0.008 0.008 0.008 0.008 0.008 0.007 0.007 0.006 0.006 0.005 0.005 0.005 0.004 0.004 0.004 0.003 0.002 0.002 0.001 0.001 0.000 0.000 0.000 0.000 0.000 0.000 0.000 0.000 0.000 0.000 0.000 0.000 0.000 0.000 0.000 0.000 0.000 0.000 0.000 0.000 0.000 0.000 0.000 0.000 0.000 0.000 0.000 0.000 0.000 0.000 0.000 0.000 0.000 0.000 0.000 0.000 0.000 0.000 0.000 0.000 0.000 0.000 0.000
0.016 0.021 0.024 0.025 0.025 0.023 0.020 0.016 0.014 0.013 0.013 0.012 0.013 0.013 0.013 0.013 0.013 0.012 0.012 0.012 0.011 0.009 0.009 0.008 0.008 0.007 0.007 0.006 0.006 0.005 0.004 0.003 0.002 0.002 0.001 0.001 0.000 0.000 0.000 0.000 0.000 0.000 0.000 0.000 0.000 0.000 0.000 0.000 0.000 0.000 0.000 0.000 0.000 0.000 0.000 0.000 0.000 0.000 0.000 0.000 0.000 0.000 0.000 0.000 0.000 0.000 0.000 0.000 0.000 0.000 0.000 0.000 0.000 0.000 0.000 0.000 0.000
0.027 0.037 0.043 0.046 0.046 0.042 0.035 0.027 0.022 0.020 0.019 0.019 0.019 0.020 0.020 0.020 0.020 0.019 0.019 0.017 0.016 0.014 0.012 0.012 0.011 0.010 0.010 0.009 0.008 0.007 0.006 0.005 0.004 0.003 0.002 0.002 0.001 0.001 0.000 0.000 0.000 0.000 0.000 0.000 0.000 0.000 0.000 0.000 0.000 0.000 0.000 0.000 0.000 0.000 0.000 0.000 0.000 0.000 0.000 0.000 0.000 0.000 0.000 0.000 0.000 0.000 0.000 0.000 0.000 0.000 0.000 0.000 0.000 0.000 0.000 0.000 0.000
0.044 0.060 0.070 0.074 0.074 0.070 0.060 0.045 0.035 0.030 0.029 0.029 0.031 0.033 0.034 0.033 0.033 0.032 0.031 0.028 0.024 0.021 0.018 0.016 0.015 0.014 0.013 0.013 0.012 0.010 0.009 0.007 0.006 0.005 0.004 0.003 0.002 0.001 0.001 0.000 0.000 0.000 0.000 0.000 0.000 0.000 0.000 0.000 0.000 0.000 0.000 0.000 0.000 0.000 0.000 0.000 0.000 0.000 0.000 0.000 0.000 0.000 0.000 0.000 0.000 0.000 0.000 0.000 0.000 0.000 0.000 0.000 0.000 0.000 0.000 0.000 0.000
0.058 0.075 0.085 0.088 0.088 0.085 0.076 0.061 0.051 0.047 0.046 0.048 0.055 0.062 0.064 0.064 0.063 0.061 0.058 0.051 0.042 0.034 0.028 0.024 0.021 0.020 0.019 0.017 0.016 0.014 0.012 0.010 0.008 0.007 0.005 0.004 0.003 0.002 0.001 0.001 0.000 0.000 0.000 0.000 0.000 0.000 0.000 0.000 0.000 0.000 0.000 0.000 0.000 0.000 0.000 0.000 0.000 0.000 0.000 0.000 0.000 0.000 0.000 0.000 0.000 0.000 0.000 0.000 0.000 0.000 0.000 0.000 0.000 0.000 0.000 0.000 0.000
0.063 0.077 0.086 0.090 0.090 0.087 0.079 0.067 0.060 0.058 0.060 0.070 0.090 0.116 0.132 0.137 0.136 0.133 0.124 0.108 0.086 0.065 0.049 0.039 0.032 0.029 0.026 0.024 0.022 0.019 0.016 0.013 0.011 0.009 0.007 0.006 0.005 0.004 0.003 0.002 0.001 0.001 0.000 0.000 0.000 0.000 0.000 0.000 0.000 0.000 0.000 0.000 0.000 0.000 0.000 0.000 0.000 0.000 0.000 0.000 0.000 0.000 0.000 0.000 0.000 0.000 0.000 0.000 0.000 0.000 0.000 0.000 0.000 0.000 0.000 0.000 0.000
0.061 0.072 0.079 0.081 0.082 0.080 0.075 0.066 0.061 0.060 0.065 0.080 0.108 0.154 0.200 0.225 0.234 0.232 0.221 0.199 0.166 0.128 0.095 0.070 0.054 0.044 0.039 0.034 0.029 0.024 0.020 0.016 0.014 0.011 0.010 0.008 0.007 0.005 0.004 0.003 0.002 0.001 0.001 0.000 0.000 0.000 0.000 0.000 0.000 0.000 0.000 0.000 0.000 0.000 0.000 0.000 0.000 0.000 0.000 0.000 0.000 0.000 0.000 0.000 0.000 0.000 0.000 0.000 0.000 0.000 0.000 0.000 0.000 0.000 0.000 0.000 0.000
0.052 0.057 0.058 0.059 0.059 0.060 0.059 0.056 0.055 0.057 0.064 0.080 0.110 0.161 0.222 0.261 0.277 0.277 0.268 0.248 0.220 0.186 0.149 0.113 0.084 0.065 0.052 0.043 0.036 0.029 0.024 0.020 0.017 0.014 0.012 0.010 0.009 0.007 0.006 0.005 0.003 0.002 0.002 0.001 0.001 0.001 0.000 0.000 0.000 0.000 0.000 0.000 0.000 0.000 0.000 0.000 0.000 0.000 0.000 0.000 0.000 0.000 0.000 0.000 0.000 0.000 0.000 0.000 0.000 0.000 0.000 0.000 0.000 0.000 0.000 0.000 0.000
0.037 0.038 0.038 0.037 0.037 0.037 0.038 0.040 0.042 0.046 0.054 0.069 0.096 0.144 0.209 0.254 0.272 0.274 0.268 0.254 0.232 0.205 0.175 0.139 0.103 0.078 0.061 0.050 0.041 0.034 0.028 0.024 0.020 0.017 0.015 0.013 0.011 0.009 0.008 0.006 0.005 0.004 0.003 0.002 0.002 0.001 0.001 0.001 0.001 0.001 0.001 0.001 0.001 0.001 0.001 0.001 0.001 0.000 0.000 0.000 0.000 0.000 0.000 0.000 0.000 0.000 0.000 0.000 0.000 0.000 0.000 0.000 0.000 0.000 0.000 0.000 0.000
0.027 0.027 0.027 0.026 0.026 0.026 0.026 0.027 0.029 0.032 0.037 0.047 0.064 0.097 0.151 0.197 0.219 0.225 0.226 0.223 0.214 0.199 0.176 0.145 0.110 0.084 0.066 0.054 0.045 0.038 0.032 0.028 0.024 0.021 0.018 0.016 0.014 0.012 0.010 0.008 0.007 0.006 0.005 0.004 0.003 0.003 0.002 0.002 0.002 0.002 0.002 0.002 0.002 0.002 0.002 0.002 0.002 0.001 0.001 0.001 0.001 0.001 0.000 0.000 0.000 0.000 0.000 0.000 0.000 0.000 0.000 0.000 0.000 0.000 0.000 0.000 0.000
0.021 0.021 0.021 0.021 0.020 0.020 0.020 0.021 0.022 0.023 0.026 0.030 0.037 0.052 0.078 0.106 0.122 0.131 0.139 0.148 0.158 0.163 0.156 0.138 0.110 0.085 0.069 0.058 0.050 0.042 0.036 0.032 0.027 0.024 0.021 0.019 0.017 0.015 0.013 0.011 0.009 0.008 0.006 0.005 0.005 0.004 0.004 0.004 0.004 0.004 0.004 0.004 0.004 0.004 0.004 0.004 0.004 0.003 0.003 0.002 0.002 0.002 0.002 0.001 0.001 0.001 0.001 0.000 0.000 0.000 0.000 0.000 0.000 0.000 0.000 0.000 0.000
0.019 0.019 0.019 0.018 0.018 0.018 0.018 0.018 0.018 0.019 0.021 0.023 0.026 0.031 0.042 0.054 0.062 0.069 0.075 0.082 0.094 0.107 0.115 0.114 0.102 0.085 0.072 0.063 0.055 0.047 0.041 0.036 0.031 0.028 0.025 0.023 0.020 0.018 0.016 0.014 0.012 0.010 0.009 0.008 0.007 0.006 0.006 0.006 0.006 0.007 0.007 0.008 0.008 0.008 0.007 0.007 0.006 0.006 0.005 0.005 0.004 0.004 0.003 0.003 0.002 0.002 0.002 0.002 0.001 0.001 0.001 0.001 0.001 0.001 0.001 0.001 0.001
0.018 0.017 0.017 0.017 0.017 0.017 0.017 0.017 0.017 0.017 0.018 0.019 0.021 0.024 0.028 0.033 0.038 0.042 0.047 0.052 0.059 0.069 0.080 0.086 0.087 0.082 0.074 0.066 0.059 0.053 0.046 0.040 0.036 0.032 0.030 0.027 0.025 0.023 0.020 0.018 0.015 0.013 0.011 0.010 0.009 0.009 0.009 0.009 0.010 0.011 0.011 0.012 0.012 0.012 0.011 0.011 0.010 0.009 0.008 0.008 0.007 0.006 0.006 0.005 0.005 0.004 0.004 0.003 0.003 0.003 0.002 0.002 0.002 0.002 0.002 0.002 0.002
0.018 0.017 0.017 0.017 0.017 0.016 0.016 0.016 0.016 0.017 0.017 0.018 0.019 0.021 0.023 0.025 0.028 0.031 0.034 0.038 0.043 0.049 0.059 0.067 0.073 0.075 0.073 0.068 0.063 0.057 0.052 0.046 0.042 0.039 0.036 0.034 0.031 0.029 0.026 0.022 0.019 0.016 0.014 0.013 0.012 0.012 0.012 0.013 0.014 0.016 0.017 0.018 0.018 0.018 0.017 0.016 0.014 0.013 0.012 0.011 0.011 0.010 0.009 0.008 0.008 0.007 0.006 0.006 0.005 0.005 0.005 0.005 0.005 0.004 0.004 0.004 0.004
0.019 0.018 0.017 0.017 0.017 0.016 0.016 0.016 0.016 0.016 0.017 0.018 0.018 0.020 0.021 0.022 0.024 0.026 0.029 0.032 0.035 0.040 0.046 0.053 0.062 0.068 0.070 0.068 0.065 0.061 0.058 0.054 0.050 0.048 0.045 0.043 0.040 0.036 0.032 0.028 0.024 0.021 0.018 0.017 0.016 0.016 0.016 0.017 0.020 0.024 0.027 0.029 0.029 0.028 0.026 0.022 0.020 0.018 0.017 0.016 0.015 0.014 0.013 0.012 0.011 0.010 0.009 0.009 0.008 0.008 0.008 0.008 0.008 0.007 0.007 0.007 0.007
0.029 0.023 0.020 0.019 0.017 0.017 0.017 0.016 0.016 0.017 0.017 0.018 0.018 0.019 0.020 0.021 0.023 0.024 0.026 0.028 0.031 0.034 0.039 0.044 0.052 0.060 0.065 0.067 0.066 0.065 0.064 0.062 0.061 0.060 0.057 0.054 0.050 0.046 0.041 0.036 0.031 0.027 0.024 0.022 0.021 0.021 0.022 0.025 0.030 0.040 0.049 0.053 0.053 0.051 0.045 0.035 0.029 0.025 0.023 0.021 0.020 0.019 0.017 0.016 0.015 0.014 0.013 0.012 0.012 0.012 0.011 0.011 0.011 0.011 0.011 0.011 0.010
0.072 0.048 0.034 0.026 0.021 0.019 0.018 0.017 0.017 0.017 0.017 0.018 0.019 0.019 0.020 0.021 0.022 0.024 0.025 0.027 0.029 0.031 0.035 0.039 0.045 0.053 0.060 0.065 0.066 0.068 0.069 0.070 0.070 0.069 0.067 0.063 0.059 0.055 0.051 0.046 0.039 0.034 0.031 0.030 0.029 0.030 0.032 0.038 0.051 0.077 0.110 0.121 0.121 0.115 0.095 0.066 0.047 0.038 0.032 0.029 0.027 0.025 0.023 0.022 0.021 0.019 0.018 0.017 0.016 0.016 0.016 0.016 0.016 0.016 0.015 0.015 0.014
0.252 0.152 0.091 0.055 0.036 0.027 0.022 0.019 0.018 0.018 0.018 0.019 0.019 0.020 0.021 0.022 0.023 0.024 0.025 0.026 0.028 0.030 0.033 0.037 0.042 0.049 0.057 0.063 0.067 0.071 0.074 0.075 0.076 0.075 0.072 0.068 0.066 0.063 0.060 0.056 0.050 0.045 0.042 0.041 0.042 0.045 0.053 0.069 0.103 0.176 0.290 0.334 0.333 0.310 0.252 0.167 0.106 0.073 0.056 0.046 0.040 0.035 0.032 0.030 0.028 0.027 0.025 0.024 0.023 0.022 0.022 0.022 0.022 0.022 0.021 0.020 0.020
0.886 0.556 0.317 0.173 0.095 0.056 0.036 0.027 0.023 0.021 0.021 0.020 0.020 0.021 0.021 0.022 0.023 0.024 0.025 0.026 0.027 0.029 0.032 0.036 0.041 0.048 0.054 0.061 0.069 0.074 0.078 0.079 0.079 0.078 0.074 0.071 0.070 0.069 0.068 0.066 0.063 0.059 0.058 0.059 0.065 0.077 0.098 0.139 0.223 0.400 0.703 0.915 0.940 0.868 0.717 0.505 0.314 0.196 0.131 0.096 0.075 0.061 0.051 0.045 0.042 0.039 0.037 0.035 0.033 0.032 0.032 0.032 0.032 0.031 0.030 0.028 0.027
2.373 1.697 1.056 0.591 0.310 0.161 0.089 0.055 0.039 0.031 0.027 0.025 0.024 0.023 0.023 0.024 0.024 0.025 0.026 0.027 0.028 0.030 0.033 0.037 0.041 0.047 0.053 0.061 0.070 0.077 0.081 0.082 0.082 0.080 0.077 0.074 0.073 0.074 0.075 0.077 0.077 0.078 0.081 0.089 0.105 0.131 0.175 0.255 0.412 0.685 1.094 1.544 1.842 1.920 1.769 1.430 0.999 0.622 0.397 0.269 0.193 0.143 0.108 0.086 0.074 0.068 0.063 0.059 0.055 0.053 0.052 0.051 0.050 0.047 0.042 0.039 0.037
4.574 3.756 2.700 1.682 0.959 0.509 0.268 0.151 0.094 0.065 0.049 0.039 0.034 0.030 0.028 0.027 0.027 0.027 0.028 0.028 0.029 0.030 0.034 0.038 0.042 0.047 0.053 0.061 0.071 0.080 0.084 0.085 0.085 0.083 0.079 0.077 0.077 0.079 0.083 0.088 0.094 0.102 0.116 0.136 0.167 0.212 0.284 0.407 0.605 0.890 1.267 1.747 2.249 2.593 2.712 2.617 2.295 1.765 1.240 0.856 0.604 0.428 0.304 0.221 0.174 0.148 0.132 0.119 0.110 0.103 0.099 0.095 0.089 0.078 0.064 0.056 0.052
6.250 5.754 4.872 3.627 2.352 1.407 0.814 0.471 0.284 0.183 0.126 0.090 0.066 0.051 0.042 0.036 0.034 0.032 0.032 0.032 0.032 0.033 0.036 0.040 0.044 0.048 0.054 0.062 0.073 0.083 0.088 0.090 0.090 0.088 0.084 0.083 0.084 0.087 0.093 0.102 0.117 0.139 0.168 0.208 0.258 0.325 0.422 0.561 0.750 0.991 1.303 1.721 2.255 2.746 3.050 3.162 3.113 2.930 2.626 2.239 1.789 1.335 0.946 0.667 0.493 0.392 0.330 0.290 0.262 0.242 0.225 0.208 0.187 0.152 0.111 0.087 0.077
7.121 6.897 6.387 5.535 4.325 3.054 2.035 1.329 0.862 0.569 0.386 0.262 0.177 0.120 0.084 0.064 0.052 0.046 0.042 0.040 0.040 0.040 0.042 0.045 0.048 0.052 0.057 0.065 0.077 0.089 0.096 0.098 0.098 0.097 0.095 0.095 0.096 0.100 0.110 0.128 0.157 0.199 0.252 0.316 0.390 0.475 0.581 0.711 0.863 1.040 1.255 1.548 1.977 2.525 2.999 3.251 3.352 3.388 3.374 3.318 3.176 2.891 2.444 1.906 1.414 1.079 0.881 0.762 0.681 0.619 0.565 0.511 0.444 0.341 0.224 0.154 0.123
7.434 7.368 7.128 6.637 5.890 4.943 3.913 2.917 2.088 1.475 1.046 0.736 0.506 0.337 0.221 0.150 0.110 0.086 0.072 0.064 0.059 0.057 0.056 0.058 0.060 0.064 0.069 0.076 0.086 0.099 0.107 0.111 0.112 0.112 0.114 0.116 0.119 0.128 0.147 0.182 0.235 0.305 0.387 0.477 0.569 0.663 0.761 0.867 0.976 1.093 1.239 1.432 1.696 2.064 2.537 2.994 3.300 3.463 3.584 3.706 3.792 3.795 3.683 3.431 3.035 2.579 2.203 1.932 1.728 1.567 1.416 1.263 1.083 0.816 0.506 0.314 0.220
7.477 7.472 7.382 7.143 6.741 6.167 5.452 4.630 3.750 2.882 2.148 1.592 1.183 0.860 0.599 0.411 0.289 0.213 0.165 0.134 0.113 0.100 0.093 0.091 0.092 0.095 0.099 0.104 0.111 0.120 0.127 0.132 0.135 0.139 0.144 0.151 0.164 0.188 0.230 0.296 0.383 0.484 0.592 0.700 0.796 0.881 0.958 1.032 1.105 1.184 1.288 1.439 1.648 1.905 2.209 2.561 2.926 3.263 3.529 3.754 3.959 4.111 4.180 4.157 4.055 3.900 3.762 3.657 3.569 3.459 3.236 2.898 2.470 1.887 1.164 0.682 0.434
7.383 7.435 7.413 7.322 7.133 6.794 6.313 5.704 4.978 4.144 3.362 2.714 2.184 1.734 1.331 0.998 0.750 0.570 0.438 0.341 0.268 0.218 0.189 0.178 0.174 0.171 0.170 0.168 0.166 0.165 0.167 0.171 0.176 0.182 0.191 0.209 0.245 0.305 0.392 0.501 0.623 0.748 0.870 0.974 1.053 1.110 1.156 1.203 1.258 1.329 1.427 1.562 1.737 1.950 2.193 2.423 2.638 2.871 3.149 3.472 3.805 4.094 4.283 4.381 4.430 4.463 4.514 4.575 4.693 4.943 5.129 5.018 4.624 3.807 2.522 1.445 0.876
7.100 7.276 7.345 7.336 7.266 7.078 6.764 6.336 5.786 5.099 4.389 3.820 3.335 2.862 2.389 1.949 1.579 1.278 1.033 0.827 0.655 0.520 0.432 0.385 0.361 0.342 0.324 0.304 0.277 0.255 0.245 0.243 0.246 0.253 0.271 0.314 0.391 0.510 0.658 0.809 0.954 1.085 1.194 1.271 1.311 1.332 1.353 1.384 1.438 1.533 1.677 1.862 2.045 2.215 2.360 2.467 2.552 2.634 2.743 2.919 3.196 3.566 3.936 4.221 4.417 4.564 4.689 4.815 5.007 5.411 5.955 6.185 6.107 5.611 4.356 2.724 1.655
6.585 6.946 7.150 7.239 7.251 7.171 7.011 6.772 6.422 5.940 5.371 4.876 4.467 4.067 3.640 3.183 2.733 2.335 1.984 1.671 1.385 1.137 0.946 0.818 0.737 0.677 0.620 0.558 0.484 0.423 0.387 0.373 0.371 0.383 0.427 0.517 0.656 0.841 1.040 1.213 1.359 1.474 1.546 1.575 1.569 1.560 1.564 1.593 1.667 1.809 2.041 2.282 2.441 2.529 2.559 2.542 2.506 2.477 2.477 2.508 2.576 2.707 2.950 3.287 3.662 4.009 4.299 4.560 4.850 5.332 6.069 6.539 6.662 6.473 5.598 3.967 2.618
5.790 6.352 6.720 6.953 7.092 7.153 7.163 7.121 6.981 6.717 6.358 5.970 5.616 5.288 4.933 4.511 4.066 3.641 3.238 2.856 2.489 2.127 1.807 1.560 1.380 1.242 1.114 0.979 0.831 0.711 0.636 0.604 0.602 0.630 0.718 0.874 1.091 1.334 1.548 1.715 1.841 1.917 1.938 1.905 1.847 1.819 1.822 1.870 1.984 2.146 2.354 2.535 2.620 2.632 2.599 2.528 2.419 2.304 2.217 2.151 2.095 2.052 2.044 2.100 2.240 2.486 2.810 3.204 3.721 4.457 5.526 6.394 6.706 6.664 6.116 4.770 3.383
4.667 5.413 5.983 6.415 6.751 7.016 7.230 7.390 7.465 7.415 7.283 7.074 6.820 6.528 6.165 5.719 5.307 4.953 4.611 4.262 3.879 3.429 2.980 2.624 2.340 2.091 1.855 1.617 1.377 1.185 1.065 1.016 1.014 1.061 1.191 1.409 1.719 2.015 2.218 2.348 2.421 2.443 2.407 2.300 2.191 2.159 2.180 2.263 2.355 2.432 2.520 2.606 2.635 2.615 2.535 2.396 2.215 2.030 1.873 1.730 1.587 1.462 1.376 1.323 1.293 1.314 1.393 1.564 1.898 2.572 3.842 5.415 6.299 6.471 6.154 5.127 3.864
3.492 4.233 4.962 5.634 6.205 6.698 7.128 7.507 7.812 7.995 8.066 8.024 7.904 7.685 7.333 6.865 6.448 6.124 5.819 5.500 5.110 4.594 4.041 3.621 3.316 3.065 2.808 2.514 2.190 1.919 1.751 1.680 1.676 1.731 1.873 2.127 2.540 2.893 3.066 3.125 3.121 3.061 2.959 2.816 2.686 2.627 2.617 2.630 2.606 2.568 2.559 2.570 2.547 2.461 2.294 2.061 1.796 1.542 1.325 1.148 1.007 0.908 0.842 0.787 0.732 0.700 0.698 0.742 0.883 1.233 2.038 3.640 5.199 5.806 5.779 5.133 4.064
2.602 3.233 3.934 4.698 5.465 6.167 6.817 7.445 8.037 8.501 8.785 8.896 8.885 8.761 8.477 8.041 7.600 7.249 6.915 6.555 6.109 5.517 4.860 4.341 3.982 3.754 3.575 3.382 3.150 2.908 2.726 2.636 2.622 2.665 2.785 3.024 3.428 3.730 3.826 3.812 3.707 3.552 3.426 3.308 3.185 3.062 2.938 2.810 2.682 2.570 2.480 2.382 2.247 2.043 1.755 1.430 1.134 0.911 0.759 0.655 0.578 0.521 0.481 0.446 0.403 0.370 0.362 0.372 0.432 0.618 1.098 2.171 3.740 4.694 4.948 4.744 4.072
1.947 2.486 3.121 3.847 4.661 5.517 6.391 7.291 8.212 9.010 9.558 9.840 9.928 9.897 9.732 9.400 8.955 8.497 8.040 7.573 7.038 6.362 5.598 4.960 4.483 4.184 4.028 3.927 3.825 3.718 3.645 3.618 3.621 3.645 3.705 3.830 4.086 4.282 4.318 4.253 4.059 3.846 3.714 3.596 3.462 3.290 3.066 2.825 2.607 2.394 2.166 1.899 1.589 1.266 0.978 0.758 0.604 0.499 0.430 0.383 0.345 0.313 0.287 0.262 0.232 0.209 0.202 0.207 0.239 0.346 0.639 1.324 2.554 3.579 3.976 4.020 3.809
