RESULTS/r.avaflow_results/14_results/14_ascii/14_hflow30016.asc
ncols 506
nrows 317
xllcenter 498237.50
yllcenter 5580050.00
cellsize 12.50
NODATA_value -9999.000
[rows 170 to 203 of 317, columns 154 to 230 of 506]
1.397 1.854 2.431 3.137 3.986 4.977 6.091 7.304 8.558 9.715 10.668 11.318 11.652 11.749 11.680 11.426 10.948 10.305 9.594 8.856 8.099 7.265 6.347 5.558 4.952 4.554 4.376 4.352 4.403 4.526 4.740 4.966 5.092 5.142 5.155 5.171 5.259 5.344 5.344 5.243 5.004 4.677 4.377 4.089 3.782 3.410 2.912 2.256 1.598 1.075 0.718 0.489 0.343 0.251 0.193 0.158 0.136 0.126 0.124 0.127 0.128 0.128 0.127 0.126 0.123 0.122 0.122 0.124 0.131 0.143 0.161 0.181 0.201 0.223 0.248 0.278 0.316
1.042 1.419 1.911 2.537 3.328 4.313 5.513 6.902 8.391 9.788 11.049 12.087 12.798 13.177 13.290 13.208 12.909 12.346 11.566 10.649 9.663 8.631 7.526 6.508 5.680 5.056 4.656 4.482 4.467 4.577 4.855 5.168 5.313 5.329 5.272 5.210 5.212 5.226 5.186 5.036 4.736 4.325 3.909 3.508 3.072 2.517 1.833 1.173 0.726 0.464 0.309 0.215 0.157 0.123 0.104 0.095 0.092 0.094 0.102 0.109 0.111 0.112 0.111 0.108 0.105 0.103 0.104 0.107 0.115 0.128 0.143 0.161 0.179 0.200 0.224 0.253 0.284
0.776 1.087 1.506 2.053 2.763 3.674 4.844 6.291 7.935 9.593 11.126 12.504 13.622 14.376 14.764 14.851 14.730 14.379 13.747 12.835 11.724 10.497 9.173 7.852 6.700 5.750 5.035 4.613 4.471 4.519 4.774 5.127 5.286 5.298 5.222 5.096 4.996 4.899 4.764 4.511 4.072 3.477 2.856 2.271 1.719 1.196 0.760 0.465 0.288 0.188 0.131 0.098 0.078 0.068 0.064 0.065 0.069 0.078 0.090 0.098 0.100 0.100 0.099 0.095 0.092 0.091 0.092 0.096 0.105 0.116 0.128 0.140 0.154 0.173 0.197 0.224 0.249
0.576 0.829 1.178 1.647 2.273 3.097 4.170 5.555 7.239 9.117 10.967 12.684 14.201 15.378 16.124 16.440 16.458 16.285 15.854 15.135 14.119 12.840 11.356 9.741 8.186 6.818 5.700 4.925 4.524 4.418 4.539 4.843 5.036 5.064 4.989 4.796 4.558 4.314 4.028 3.578 2.867 2.074 1.444 1.002 0.681 0.442 0.277 0.174 0.113 0.080 0.062 0.052 0.047 0.045 0.046 0.049 0.057 0.069 0.083 0.090 0.091 0.091 0.089 0.086 0.085 0.085 0.087 0.091 0.098 0.106 0.114 0.122 0.132 0.147 0.166 0.189 0.209
0.421 0.622 0.908 1.305 1.850 2.587 3.568 4.859 6.486 8.453 10.612 12.694 14.568 16.128 17.238 17.867 18.074 18.044 17.780 17.215 16.332 15.127 13.604 11.789 9.848 8.109 6.640 5.495 4.734 4.347 4.239 4.346 4.522 4.580 4.500 4.220 3.829 3.416 2.928 2.258 1.531 0.974 0.611 0.389 0.251 0.161 0.105 0.071 0.052 0.042 0.037 0.035 0.034 0.035 0.037 0.042 0.050 0.064 0.077 0.083 0.084 0.084 0.082 0.081 0.081 0.082 0.085 0.089 0.094 0.098 0.103 0.108 0.117 0.129 0.145 0.162 0.178
0.302 0.457 0.685 1.012 1.477 2.123 3.015 4.216 5.774 7.746 10.112 12.560 14.701 16.518 17.923 18.857 19.329 19.449 19.338 18.912 18.097 16.889 15.286 13.289 11.026 9.015 7.343 6.016 5.040 4.407 4.076 3.955 3.939 3.879 3.644 3.176 2.644 2.126 1.617 1.113 0.698 0.417 0.247 0.152 0.098 0.067 0.048 0.038 0.032 0.029 0.028 0.028 0.029 0.031 0.034 0.039 0.047 0.059 0.072 0.078 0.080 0.080 0.079 0.079 0.080 0.081 0.084 0.088 0.092 0.095 0.098 0.102 0.109 0.120 0.133 0.145 0.156
0.214 0.331 0.508 0.770 1.153 1.705 2.493 3.589 5.068 7.010 9.452 12.191 14.601 16.593 18.152 19.289 19.991 20.273 20.271 19.959 19.191 17.951 16.260 14.106 11.632 9.464 7.689 6.293 5.241 4.486 3.980 3.633 3.318 2.893 2.281 1.677 1.258 0.960 0.694 0.460 0.285 0.170 0.103 0.067 0.047 0.036 0.030 0.026 0.025 0.024 0.025 0.026 0.028 0.030 0.034 0.038 0.046 0.056 0.067 0.075 0.078 0.079 0.079 0.079 0.080 0.082 0.085 0.089 0.092 0.094 0.097 0.101 0.107 0.117 0.126 0.135 0.143
0.151 0.238 0.373 0.578 0.885 1.341 2.006 2.966 4.327 6.184 8.596 11.473 14.166 16.380 18.077 19.300 20.099 20.470 20.520 20.275 19.554 18.300 16.547 14.311 11.768 9.560 7.766 6.365 5.302 4.488 3.816 3.175 2.436 1.649 1.004 0.639 0.456 0.347 0.253 0.171 0.112 0.073 0.050 0.037 0.030 0.025 0.023 0.022 0.022 0.023 0.024 0.026 0.028 0.030 0.034 0.038 0.045 0.053 0.063 0.072 0.078 0.082 0.083 0.084 0.084 0.086 0.089 0.092 0.094 0.096 0.098 0.102 0.108 0.116 0.125 0.131 0.137
0.107 0.171 0.272 0.429 0.668 1.030 1.568 2.364 3.534 5.216 7.487 10.329 13.247 15.653 17.495 18.811 19.684 20.123 20.219 20.028 19.354 18.115 16.346 14.097 11.597 9.433 7.664 6.268 5.166 4.219 3.297 2.307 1.353 0.693 0.356 0.212 0.153 0.120 0.091 0.067 0.049 0.038 0.031 0.027 0.024 0.022 0.021 0.021 0.021 0.023 0.024 0.026 0.028 0.031 0.034 0.038 0.044 0.050 0.058 0.068 0.077 0.086 0.091 0.094 0.094 0.095 0.096 0.098 0.099 0.101 0.103 0.106 0.111 0.118 0.125 0.131 0.136
0.076 0.123 0.198 0.316 0.498 0.779 1.203 1.839 2.780 4.164 6.147 8.800 11.802 14.291 16.192 17.559 18.478 18.967 19.102 18.970 18.365 17.167 15.422 13.247 10.959 8.950 7.196 5.697 4.421 3.250 2.130 1.166 0.545 0.244 0.122 0.076 0.058 0.048 0.040 0.033 0.029 0.026 0.024 0.022 0.021 0.021 0.020 0.020 0.021 0.023 0.025 0.027 0.030 0.032 0.035 0.039 0.043 0.049 0.055 0.063 0.074 0.085 0.096 0.104 0.108 0.109 0.109 0.109 0.109 0.109 0.111 0.113 0.117 0.123 0.128 0.133 0.137
0.054 0.089 0.144 0.231 0.369 0.582 0.910 1.405 2.141 3.226 4.814 7.083 9.940 12.449 14.351 15.733 16.654 17.148 17.287 17.154 16.550 15.363 13.665 11.700 9.787 7.994 6.157 4.354 2.826 1.646 0.855 0.401 0.179 0.085 0.048 0.035 0.030 0.027 0.024 0.022 0.021 0.020 0.020 0.020 0.020 0.020 0.020 0.020 0.021 0.023 0.026 0.029 0.032 0.035 0.037 0.040 0.043 0.047 0.052 0.059 0.069 0.082 0.096 0.108 0.118 0.123 0.124 0.123 0.121 0.120 0.121 0.123 0.127 0.131 0.136 0.140 0.143
0.038 0.063 0.103 0.168 0.270 0.431 0.679 1.056 1.618 2.448 3.675 5.452 7.858 10.339 12.271 13.684 14.581 15.009 15.086 14.857 14.121 12.807 11.090 9.444 7.920 6.301 4.270 2.378 1.168 0.547 0.250 0.118 0.061 0.036 0.026 0.022 0.020 0.019 0.019 0.018 0.018 0.018 0.018 0.018 0.019 0.019 0.020 0.021 0.022 0.024 0.027 0.030 0.035 0.038 0.040 0.042 0.044 0.047 0.051 0.056 0.064 0.077 0.093 0.109 0.121 0.129 0.133 0.133 0.131 0.130 0.131 0.135 0.140 0.146 0.151 0.155 0.159
0.027 0.045 0.074 0.121 0.195 0.313 0.495 0.773 1.189 1.803 2.706 4.014 5.828 8.057 10.009 11.396 12.221 12.545 12.537 12.126 11.067 9.312 7.460 6.035 4.769 3.373 1.863 0.831 0.335 0.144 0.071 0.040 0.027 0.020 0.018 0.016 0.016 0.016 0.015 0.015 0.016 0.016 0.016 0.017 0.018 0.019 0.020 0.021 0.022 0.024 0.027 0.031 0.036 0.041 0.043 0.044 0.045 0.047 0.051 0.055 0.061 0.071 0.085 0.104 0.120 0.130 0.136 0.138 0.139 0.140 0.143 0.149 0.159 0.170 0.177 0.183 0.188
0.019 0.032 0.052 0.085 0.137 0.220 0.349 0.546 0.841 1.272 1.898 2.799 4.067 5.760 7.440 8.641 9.296 9.494 9.302 8.433 6.788 4.870 3.434 2.496 1.736 1.035 0.483 0.188 0.079 0.041 0.026 0.019 0.016 0.014 0.013 0.013 0.013 0.013 0.013 0.013 0.014 0.014 0.015 0.016 0.017 0.018 0.019 0.021 0.022 0.025 0.028 0.032 0.037 0.043 0.046 0.048 0.049 0.050 0.052 0.055 0.061 0.068 0.078 0.093 0.111 0.126 0.136 0.141 0.146 0.152 0.160 0.172 0.193 0.212 0.222 0.228 0.233
0.014 0.022 0.037 0.059 0.094 0.150 0.236 0.368 0.567 0.855 1.266 1.844 2.654 3.732 4.760 5.430 5.706 5.652 5.131 4.019 2.706 1.690 1.058 0.672 0.398 0.203 0.092 0.043 0.025 0.018 0.014 0.012 0.011 0.010 0.010 0.010 0.010 0.010 0.010 0.011 0.011 0.012 0.013 0.014 0.015 0.017 0.018 0.020 0.022 0.024 0.028 0.032 0.039 0.045 0.050 0.052 0.054 0.054 0.055 0.057 0.061 0.067 0.074 0.085 0.100 0.117 0.133 0.144 0.155 0.167 0.183 0.205 0.237 0.266 0.279 0.283 0.284
0.009 0.015 0.025 0.040 0.063 0.098 0.153 0.237 0.362 0.544 0.798 1.145 1.599 2.130 2.560 2.784 2.797 2.562 1.990 1.244 0.679 0.379 0.224 0.135 0.077 0.042 0.025 0.017 0.013 0.011 0.009 0.008 0.008 0.007 0.007 0.007 0.007 0.007 0.008 0.008 0.009 0.010 0.011 0.012 0.013 0.014 0.016 0.018 0.020 0.024 0.028 0.034 0.040 0.048 0.054 0.058 0.060 0.061 0.061 0.062 0.064 0.068 0.074 0.083 0.096 0.113 0.131 0.149 0.165 0.181 0.199 0.224 0.260 0.295 0.314 0.319 0.319
0.006 0.010 0.017 0.026 0.041 0.063 0.096 0.145 0.217 0.321 0.463 0.651 0.855 1.017 1.098 1.093 1.017 0.808 0.490 0.241 0.124 0.074 0.048 0.031 0.021 0.015 0.011 0.009 0.008 0.007 0.006 0.005 0.005 0.005 0.005 0.005 0.005 0.005 0.005 0.005 0.006 0.006 0.007 0.008 0.009 0.010 0.012 0.015 0.019 0.024 0.030 0.037 0.045 0.053 0.059 0.064 0.067 0.068 0.069 0.070 0.071 0.073 0.078 0.086 0.097 0.113 0.134 0.155 0.173 0.190 0.209 0.232 0.266 0.304 0.327 0.337 0.339
0.004 0.007 0.011 0.017 0.026 0.039 0.058 0.084 0.121 0.170 0.236 0.312 0.365 0.376 0.346 0.298 0.244 0.172 0.089 0.046 0.029 0.020 0.015 0.011 0.009 0.007 0.006 0.005 0.005 0.004 0.004 0.003 0.003 0.003 0.003 0.003 0.003 0.003 0.003 0.003 0.003 0.004 0.004 0.005 0.006 0.007 0.010 0.013 0.019 0.026 0.036 0.046 0.054 0.061 0.066 0.070 0.075 0.079 0.083 0.085 0.087 0.089 0.093 0.099 0.108 0.122 0.142 0.162 0.178 0.195 0.212 0.234 0.265 0.302 0.329 0.344 0.348
0.003 0.004 0.007 0.011 0.017 0.024 0.035 0.047 0.061 0.079 0.098 0.112 0.111 0.100 0.081 0.064 0.050 0.036 0.021 0.014 0.010 0.008 0.007 0.006 0.005 0.004 0.004 0.003 0.003 0.003 0.002 0.002 0.002 0.002 0.002 0.002 0.002 0.002 0.002 0.002 0.002 0.003 0.003 0.004 0.005 0.007 0.010 0.015 0.023 0.035 0.048 0.056 0.061 0.065 0.069 0.073 0.080 0.091 0.103 0.110 0.115 0.119 0.124 0.130 0.136 0.144 0.154 0.166 0.179 0.194 0.209 0.227 0.251 0.285 0.320 0.341 0.349
0.002 0.003 0.004 0.007 0.010 0.014 0.019 0.023 0.027 0.029 0.030 0.029 0.027 0.023 0.018 0.016 0.014 0.011 0.009 0.007 0.005 0.005 0.004 0.004 0.003 0.003 0.003 0.002 0.002 0.002 0.002 0.002 0.002 0.002 0.002 0.002 0.002 0.002 0.002 0.002 0.002 0.003 0.003 0.004 0.005 0.007 0.012 0.020 0.032 0.044 0.053 0.059 0.063 0.066 0.069 0.074 0.082 0.096 0.115 0.128 0.137 0.144 0.151 0.156 0.158 0.158 0.159 0.164 0.171 0.179 0.187 0.196 0.209 0.233 0.272 0.309 0.328
0.001 0.002 0.003 0.004 0.005 0.007 0.009 0.009 0.009 0.008 0.008 0.007 0.007 0.006 0.006 0.006 0.006 0.005 0.005 0.004 0.003 0.003 0.003 0.003 0.003 0.003 0.002 0.002 0.002 0.002 0.002 0.002 0.002 0.002 0.002 0.002 0.002 0.002 0.002 0.002 0.003 0.003 0.004 0.005 0.007 0.010 0.016 0.025 0.036 0.046 0.053 0.058 0.061 0.063 0.066 0.072 0.081 0.096 0.117 0.134 0.145 0.153 0.159 0.162 0.162 0.158 0.150 0.142 0.136 0.130 0.126 0.125 0.126 0.137 0.166 0.209 0.244
0.001 0.001 0.001 0.002 0.002 0.003 0.003 0.003 0.002 0.002 0.002 0.002 0.002 0.003 0.003 0.003 0.003 0.003 0.003 0.003 0.002 0.002 0.002 0.002 0.003 0.003 0.003 0.002 0.002 0.002 0.002 0.002 0.002 0.002 0.002 0.002 0.002 0.003 0.003 0.004 0.004 0.005 0.006 0.007 0.009 0.012 0.018 0.027 0.036 0.043 0.048 0.051 0.053 0.054 0.057 0.062 0.071 0.086 0.107 0.126 0.138 0.145 0.148 0.148 0.144 0.131 0.110 0.089 0.074 0.065 0.060 0.059 0.059 0.063 0.075 0.097 0.122
0.001 0.001 0.001 0.001 0.001 0.001 0.001 0.001 0.001 0.001 0.001 0.001 0.001 0.001 0.002 0.002 0.002 0.002 0.002 0.002 0.002 0.002 0.002 0.002 0.003 0.003 0.003 0.003 0.003 0.003 0.003 0.003 0.003 0.004 0.004 0.004 0.004 0.005 0.005 0.005 0.006 0.006 0.006 0.007 0.009 0.012 0.018 0.025 0.031 0.034 0.036 0.037 0.037 0.037 0.039 0.042 0.048 0.059 0.074 0.089 0.098 0.102 0.101 0.097 0.088 0.072 0.053 0.040 0.032 0.028 0.026 0.025 0.025 0.027 0.031 0.040 0.053
0.001 0.001 0.001 0.001 0.001 0.001 0.001 0.001 0.001 0.001 0.001 0.001 0.001 0.001 0.001 0.001 0.001 0.002 0.002 0.002 0.002 0.002 0.002 0.003 0.003 0.004 0.004 0.005 0.005 0.005 0.005 0.005 0.005 0.006 0.006 0.006 0.006 0.006 0.006 0.006 0.006 0.006 0.006 0.007 0.009 0.011 0.015 0.019 0.021 0.021 0.021 0.021 0.021 0.021 0.021 0.023 0.026 0.030 0.037 0.044 0.047 0.047 0.046 0.044 0.039 0.030 0.022 0.016 0.013 0.011 0.010 0.010 0.010 0.011 0.013 0.016 0.021
0.000 0.001 0.001 0.001 0.001 0.001 0.001 0.001 0.001 0.001 0.001 0.001 0.001 0.001 0.001 0.001 0.001 0.001 0.001 0.001 0.001 0.002 0.002 0.003 0.003 0.004 0.005 0.006 0.006 0.006 0.006 0.006 0.006 0.006 0.006 0.006 0.006 0.006 0.006 0.006 0.005 0.005 0.006 0.006 0.007 0.008 0.010 0.011 0.012 0.012 0.012 0.011 0.011 0.011 0.011 0.012 0.013 0.015 0.017 0.019 0.020 0.020 0.020 0.018 0.016 0.012 0.008 0.006 0.005 0.004 0.004 0.004 0.004 0.004 0.005 0.007 0.009
0.000 0.000 0.000 0.000 0.000 0.000 0.000 0.000 0.000 0.000 0.000 0.000 0.000 0.001 0.001 0.001 0.001 0.001 0.001 0.001 0.001 0.001 0.002 0.002 0.003 0.004 0.005 0.006 0.006 0.006 0.006 0.006 0.006 0.006 0.006 0.006 0.006 0.005 0.005 0.005 0.004 0.004 0.004 0.004 0.004 0.005 0.005 0.006 0.006 0.006 0.006 0.006 0.005 0.005 0.005 0.006 0.006 0.007 0.008 0.009 0.009 0.009 0.008 0.008 0.006 0.004 0.003 0.002 0.002 0.001 0.001 0.001 0.001 0.001 0.002 0.003 0.004
0.000 0.000 0.000 0.000 0.000 0.000 0.000 0.000 0.000 0.000 0.000 0.000 0.000 0.000 0.000 0.000 0.000 0.001 0.001 0.001 0.001 0.001 0.001 0.002 0.003 0.004 0.005 0.005 0.005 0.006 0.006 0.006 0.005 0.005 0.005 0.005 0.005 0.004 0.004 0.003 0.003 0.002 0.002 0.002 0.002 0.002 0.003 0.003 0.003 0.003 0.003 0.003 0.003 0.003 0.003 0.003 0.003 0.003 0.004 0.004 0.004 0.004 0.003 0.003 0.002 0.001 0.001 0.001 0.000 0.000 0.000 0.000 0.000 0.000 0.001 0.001 0.001
0.000 0.000 0.000 0.000 0.000 0.000 0.000 0.000 0.000 0.000 0.000 0.000 0.000 0.000 0.000 0.000 0.000 0.000 0.000 0.000 0.000 0.001 0.001 0.001 0.002 0.003 0.004 0.004 0.004 0.004 0.004 0.004 0.004 0.004 0.004 0.004 0.003 0.003 0.002 0.002 0.002 0.001 0.001 0.001 0.001 0.001 0.001 0.001 0.001 0.001 0.001 0.001 0.001 0.001 0.001 0.001 0.001 0.001 0.002 0.002 0.002 0.001 0.001 0.001 0.001 0.000 0.000 0.000 0.000 0.000 0.000 0.000 0.000 0.000 0.000 0.000 0.000
0.000 0.000 0.000 0.000 0.000 0.000 0.000 0.000 0.000 0.000 0.000 0.000 0.000 0.000 0.000 0.000 0.000 0.000 0.000 0.000 0.000 0.000 0.001 0.001 0.001 0.002 0.002 0.002 0.002 0.002 0.002 0.002 0.002 0.002 0.002 0.002 0.002 0.002 0.001 0.001 0.001 0.001 0.001 0.001 0.001 0.001 0.001 0.001 0.001 0.001 0.001 0.001 0.001 0.001 0.001 0.001 0.001 0.001 0.001 0.001 0.000 0.000 0.000 0.000 0.000 0.000 0.000 0.000 0.000 0.000 0.000 0.000 0.000 0.000 0.000 0.000 0.000
0.000 0.000 0.000 0.000 0.000 0.000 0.000 0.000 0.000 0.000 0.000 0.000 0.000 0.000 0.000 0.000 0.000 0.000 0.000 0.000 0.000 0.000 0.000 0.000 0.001 0.001 0.001 0.001 0.001 0.001 0.001 0.001 0.001 0.001 0.001 0.001 0.001 0.001 0.001 0.001 0.000 0.000 0.000 0.000 0.000 0.000 0.000 0.000 0.000 0.000 0.000 0.000 0.000 0.000 0.000 0.000 0.000 0.000 0.000 0.000 0.000 0.000 0.000 0.000 0.000 0.000 0.000 0.000 0.000 0.000 0.000 0.000 0.000 0.000 0.000 0.000 0.000
0.000 0.000 0.000 0.000 0.000 0.000 0.000 0.000 0.000 0.000 0.000 0.000 0.000 0.000 0.000 0.000 0.000 0.000 0.000 0.000 0.000 0.000 0.000 0.000 0.000 0.000 0.001 0.001 0.001 0.001 0.001 0.001 0.001 0.001 0.001 0.001 0.001 0.001 0.000 0.000 0.000 0.000 0.000 0.000 0.000 0.000 0.000 0.000 0.000 0.000 0.000 0.000 0.000 0.000 0.000 0.000 0.000 0.000 0.000 0.000 0.000 0.000 0.000 0.000 0.000 0.000 0.000 0.000 0.000 0.000 0.000 0.000 0.000 0.000 0.000 0.000 0.000
0.000 0.000 0.000 0.000 0.000 0.000 0.000 0.000 0.000 0.000 0.000 0.000 0.000 0.000 0.000 0.000 0.000 0.000 0.000 0.000 0.000 0.000 0.000 0.000 0.000 0.000 0.000 0.000 0.000 0.000 0.000 0.000 0.000 0.000 0.000 0.000 0.000 0.000 0.000 0.000 0.000 0.000 0.000 0.000 0.000 0.000 0.000 0.000 0.000 0.000 0.000 0.000 0.000 0.000 0.000 0.000 0.000 0.000 0.000 0.000 0.000 0.000 0.000 0.000 0.000 0.000 0.000 0.000 0.000 0.000 0.000 0.000 0.000 0.000 0.000 0.000 0.000
0.000 0.000 0.000 0.000 0.000 0.000 0.000 0.000 0.000 0.000 0.000 0.000 0.000 0.000 0.000 0.000 0.000 0.000 0.000 0.000 0.000 0.000 0.000 0.000 0.000 0.000 0.000 0.000 0.000 0.000 0.000 0.000 0.000 0.000 0.000 0.000 0.000 0.000 0.000 0.000 0.000 0.000 0.000 0.000 0.000 0.000 0.000 0.000 0.000 0.000 0.000 0.000 0.000 0.000 0.000 0.000 0.000 0.000 0.000 0.000 0.000 0.000 0.000 0.000 0.000 0.000 0.000 0.000 0.000 0.000 0.000 0.000 0.000 0.000 0.000 0.000 0.000
0.000 0.000 0.000 0.000 0.000 0.000 0.000 0.000 0.000 0.000 0.000 0.000 0.000 0.000 0.000 0.000 0.000 0.000 0.000 0.000 0.000 0.000 0.000 0.000 0.000 0.000 0.000 0.000 0.000 0.000 0.000 0.000 0.000 0.000 0.000 0.000 0.000 0.000 0.000 0.000 0.000 0.000 0.000 0.000 0.000 0.000 0.000 0.000 0.000 0.000 0.000 0.000 0.000 0.000 0.000 0.000 0.000 0.000 0.000 0.000 0.000 0.000 0.000 0.000 0.000 0.000 0.000 0.000 0.000 0.000 0.000 0.000 0.000 0.000 0.000 0.000 0.000
