RESULTS/r.avaflow_results/14_results/14_ascii/14_hflow10014.asc
ncols 506
nrows 317
xllcenter 498237.50
yllcenter 5580050.00
cellsize 12.50
NODATA_value -9999.000
[rows 170 to 203 of 317, columns 154 to 230 of 506]
25.986 24.021 22.048 19.962 17.859 15.763 13.701 11.841 10.145 8.655 7.341 6.203 5.226 4.389 3.682 3.097 2.604 2.181 1.814 1.488 1.201 0.951 0.744 0.585 0.477 0.416 0.392 0.390 0.397 0.412 0.438 0.463 0.473 0.475 0.470 0.461 0.454 0.446 0.436 0.420 0.395 0.371 0.354 0.339 0.322 0.299 0.264 0.217 0.163 0.113 0.076 0.052 0.038 0.029 0.024 0.021 0.020 0.020 0.020 0.021 0.022 0.023 0.025 0.027 0.029 0.031 0.034 0.036 0.039 0.042 0.044 0.047 0.050 0.053 0.055 0.058 0.061
28.324 26.664 24.973 23.055 21.039 18.893 16.636 14.469 12.448 10.674 9.094 7.728 6.552 5.534 4.663 3.920 3.279 2.727 2.249 1.830 1.466 1.153 0.894 0.691 0.547 0.459 0.416 0.402 0.404 0.419 0.452 0.482 0.492 0.491 0.482 0.470 0.460 0.451 0.439 0.420 0.394 0.366 0.343 0.319 0.290 0.251 0.194 0.131 0.080 0.050 0.033 0.023 0.018 0.014 0.013 0.012 0.012 0.012 0.013 0.014 0.015 0.016 0.018 0.019 0.021 0.023 0.025 0.027 0.029 0.032 0.035 0.038 0.041 0.045 0.048 0.051 0.055
30.267 28.861 27.396 25.669 23.816 21.841 19.655 17.400 15.167 13.079 11.204 9.580 8.161 6.921 5.849 4.913 4.106 3.402 2.794 2.261 1.805 1.417 1.094 0.839 0.651 0.527 0.453 0.418 0.408 0.415 0.443 0.476 0.488 0.488 0.479 0.466 0.455 0.445 0.430 0.409 0.379 0.342 0.302 0.259 0.208 0.150 0.095 0.055 0.033 0.020 0.014 0.011 0.009 0.008 0.008 0.008 0.008 0.008 0.009 0.010 0.011 0.012 0.013 0.014 0.015 0.017 0.018 0.019 0.021 0.024 0.026 0.029 0.032 0.035 0.038 0.042 0.046
31.689 30.479 29.162 27.611 25.931 24.142 22.104 19.963 17.750 15.479 13.345 11.419 9.758 8.293 7.024 5.914 4.956 4.114 3.394 2.762 2.216 1.746 1.355 1.041 0.803 0.635 0.524 0.457 0.425 0.418 0.428 0.452 0.468 0.470 0.462 0.447 0.434 0.419 0.401 0.374 0.334 0.281 0.216 0.154 0.103 0.064 0.037 0.021 0.013 0.009 0.007 0.006 0.005 0.005 0.005 0.006 0.006 0.007 0.007 0.008 0.009 0.010 0.011 0.011 0.012 0.013 0.014 0.015 0.016 0.018 0.020 0.022 0.024 0.026 0.029 0.033 0.036
32.515 31.385 30.245 28.914 27.452 25.779 23.924 21.942 19.797 17.488 15.107 12.932 11.048 9.382 7.955 6.712 5.628 4.684 3.872 3.168 2.566 2.053 1.623 1.274 0.999 0.790 0.639 0.535 0.470 0.436 0.426 0.431 0.438 0.439 0.429 0.406 0.386 0.366 0.344 0.309 0.254 0.182 0.117 0.072 0.043 0.025 0.014 0.009 0.006 0.005 0.004 0.004 0.004 0.004 0.004 0.005 0.005 0.006 0.007 0.007 0.008 0.009 0.009 0.009 0.010 0.011 0.011 0.012 0.013 0.014 0.016 0.017 0.019 0.021 0.024 0.026 0.029
32.889 31.780 30.692 29.582 28.312 26.820 25.142 23.296 21.258 18.972 16.441 14.064 11.993 10.191 8.636 7.286 6.111 5.096 4.220 3.463 2.819 2.276 1.824 1.454 1.161 0.932 0.759 0.630 0.539 0.477 0.441 0.423 0.411 0.396 0.368 0.330 0.300 0.274 0.245 0.204 0.148 0.092 0.054 0.030 0.017 0.010 0.006 0.004 0.004 0.003 0.003 0.003 0.003 0.004 0.004 0.004 0.005 0.005 0.006 0.007 0.008 0.008 0.008 0.009 0.009 0.010 0.010 0.011 0.012 0.013 0.014 0.015 0.017 0.019 0.020 0.022 0.024
32.899 31.805 30.764 29.775 28.634 27.310 25.822 24.098 22.170 19.898 17.367 14.830 12.625 10.727 9.088 7.661 6.428 5.360 4.435 3.645 2.978 2.417 1.954 1.571 1.264 1.019 0.829 0.687 0.584 0.509 0.456 0.417 0.379 0.330 0.263 0.205 0.169 0.145 0.124 0.098 0.066 0.039 0.022 0.012 0.007 0.005 0.003 0.003 0.003 0.003 0.003 0.003 0.003 0.003 0.004 0.004 0.005 0.005 0.006 0.007 0.007 0.008 0.008 0.009 0.009 0.010 0.010 0.011 0.012 0.012 0.013 0.014 0.016 0.017 0.019 0.020 0.021
32.572 31.690 30.759 29.839 28.778 27.539 26.101 24.418 22.586 20.403 17.948 15.346 13.037 11.048 9.328 7.852 6.569 5.478 4.538 3.734 3.055 2.490 2.020 1.630 1.313 1.057 0.858 0.708 0.599 0.517 0.452 0.391 0.318 0.223 0.136 0.088 0.067 0.057 0.048 0.037 0.024 0.014 0.008 0.005 0.004 0.003 0.002 0.002 0.002 0.002 0.002 0.003 0.003 0.003 0.004 0.004 0.005 0.005 0.006 0.006 0.007 0.008 0.008 0.009 0.009 0.010 0.010 0.011 0.012 0.013 0.013 0.014 0.015 0.016 0.017 0.018 0.019
31.948 31.260 30.415 29.602 28.621 27.467 26.119 24.547 22.706 20.615 18.214 15.594 13.233 11.193 9.421 7.928 6.623 5.513 4.561 3.754 3.072 2.509 2.037 1.646 1.324 1.063 0.860 0.708 0.595 0.502 0.413 0.316 0.204 0.106 0.053 0.031 0.022 0.018 0.015 0.012 0.008 0.005 0.004 0.003 0.002 0.002 0.002 0.002 0.002 0.002 0.002 0.003 0.003 0.003 0.004 0.004 0.005 0.005 0.006 0.006 0.007 0.007 0.008 0.009 0.010 0.010 0.011 0.012 0.013 0.013 0.014 0.014 0.015 0.016 0.016 0.016 0.016
31.232 30.647 29.906 29.172 28.313 27.262 25.996 24.495 22.693 20.652 18.308 15.727 13.348 11.263 9.465 7.946 6.624 5.506 4.551 3.744 3.063 2.499 2.031 1.640 1.318 1.054 0.843 0.677 0.544 0.422 0.297 0.177 0.086 0.038 0.017 0.010 0.007 0.006 0.005 0.004 0.003 0.003 0.002 0.002 0.002 0.002 0.002 0.002 0.002 0.002 0.002 0.003 0.003 0.003 0.004 0.004 0.005 0.005 0.005 0.006 0.007 0.007 0.008 0.009 0.010 0.011 0.012 0.013 0.013 0.014 0.014 0.014 0.014 0.014 0.014 0.014 0.014
30.070 29.620 29.029 28.381 27.638 26.665 25.565 24.235 22.529 20.564 18.306 15.800 13.427 11.310 9.492 7.945 6.618 5.487 4.516 3.694 3.010 2.450 1.988 1.602 1.282 1.010 0.777 0.570 0.391 0.241 0.130 0.062 0.027 0.012 0.006 0.004 0.003 0.003 0.002 0.002 0.002 0.002 0.002 0.002 0.002 0.002 0.002 0.002 0.002 0.002 0.002 0.003 0.003 0.004 0.004 0.004 0.004 0.005 0.005 0.006 0.006 0.007 0.008 0.009 0.011 0.012 0.013 0.013 0.014 0.014 0.014 0.013 0.013 0.013 0.012 0.012 0.012
28.841 28.326 27.797 27.220 26.602 25.782 24.862 23.676 22.156 20.348 18.218 15.790 13.440 11.339 9.523 7.956 6.604 5.440 4.439 3.596 2.898 2.334 1.882 1.511 1.193 0.898 0.613 0.358 0.178 0.082 0.037 0.017 0.008 0.004 0.003 0.002 0.002 0.002 0.002 0.002 0.002 0.002 0.002 0.002 0.002 0.002 0.002 0.002 0.002 0.002 0.003 0.003 0.003 0.004 0.004 0.004 0.005 0.005 0.005 0.006 0.006 0.007 0.008 0.010 0.011 0.012 0.013 0.013 0.013 0.013 0.012 0.012 0.011 0.011 0.011 0.011 0.011
27.500 26.901 26.432 25.884 25.364 24.681 23.901 22.875 21.560 19.927 17.996 15.725 13.421 11.343 9.535 7.959 6.576 5.366 4.317 3.429 2.693 2.098 1.628 1.250 0.919 0.600 0.317 0.134 0.052 0.021 0.010 0.005 0.003 0.003 0.002 0.002 0.002 0.002 0.002 0.002 0.002 0.002 0.002 0.002 0.002 0.002 0.002 0.002 0.002 0.002 0.003 0.003 0.003 0.004 0.004 0.004 0.005 0.005 0.005 0.006 0.006 0.007 0.008 0.010 0.011 0.012 0.012 0.012 0.012 0.011 0.010 0.009 0.009 0.009 0.009 0.009 0.009
26.126 25.392 24.883 24.335 23.829 23.253 22.590 21.740 20.648 19.236 17.510 15.464 13.295 11.310 9.528 7.934 6.510 5.224 4.057 3.043 2.198 1.515 1.011 0.660 0.398 0.207 0.087 0.031 0.012 0.006 0.004 0.003 0.003 0.002 0.002 0.002 0.002 0.002 0.002 0.002 0.002 0.002 0.002 0.002 0.002 0.002 0.003 0.003 0.003 0.003 0.003 0.003 0.004 0.004 0.004 0.005 0.005 0.005 0.006 0.006 0.007 0.007 0.008 0.009 0.010 0.010 0.010 0.009 0.008 0.008 0.007 0.007 0.007 0.007 0.008 0.008 0.008
24.861 23.938 23.213 22.578 22.031 21.512 20.922 20.247 19.374 18.204 16.690 14.890 12.914 11.081 9.355 7.720 6.149 4.616 3.197 2.003 1.145 0.622 0.338 0.185 0.094 0.042 0.017 0.008 0.005 0.004 0.003 0.003 0.003 0.002 0.002 0.002 0.002 0.002 0.002 0.002 0.002 0.002 0.002 0.002 0.003 0.003 0.003 0.004 0.004 0.004 0.004 0.004 0.004 0.004 0.005 0.005 0.006 0.006 0.007 0.007 0.007 0.007 0.008 0.008 0.008 0.007 0.006 0.006 0.005 0.005 0.005 0.005 0.005 0.005 0.006 0.006 0.007
23.620 22.472 21.514 20.670 19.952 19.379 18.847 18.295 17.611 16.691 15.365 13.731 11.835 9.916 8.112 6.374 4.583 2.840 1.500 0.701 0.323 0.158 0.084 0.046 0.025 0.013 0.008 0.005 0.004 0.004 0.003 0.003 0.003 0.003 0.003 0.003 0.003 0.003 0.003 0.003 0.003 0.003 0.003 0.003 0.004 0.004 0.005 0.005 0.006 0.006 0.006 0.006 0.006 0.005 0.006 0.006 0.007 0.007 0.007 0.007 0.007 0.007 0.007 0.006 0.005 0.004 0.003 0.003 0.003 0.003 0.003 0.003 0.003 0.003 0.004 0.005 0.005
22.271 20.921 19.692 18.597 17.684 16.953 16.344 15.769 15.103 14.248 12.999 11.357 9.246 6.841 4.801 3.195 1.878 0.926 0.399 0.174 0.092 0.059 0.040 0.027 0.017 0.011 0.008 0.006 0.005 0.004 0.004 0.004 0.003 0.003 0.003 0.003 0.003 0.003 0.003 0.003 0.004 0.004 0.004 0.005 0.006 0.007 0.009 0.010 0.011 0.011 0.011 0.010 0.009 0.008 0.008 0.008 0.008 0.007 0.007 0.007 0.007 0.006 0.004 0.003 0.002 0.002 0.002 0.001 0.001 0.001 0.001 0.001 0.002 0.002 0.002 0.003 0.003
20.785 19.202 17.768 16.490 15.344 14.311 13.331 12.346 11.229 9.982 8.496 6.722 4.670 2.793 1.585 0.879 0.466 0.239 0.134 0.091 0.069 0.053 0.040 0.029 0.021 0.015 0.011 0.008 0.007 0.006 0.005 0.005 0.005 0.005 0.005 0.005 0.005 0.005 0.005 0.005 0.006 0.007 0.008 0.009 0.011 0.014 0.019 0.022 0.024 0.025 0.023 0.019 0.016 0.013 0.011 0.009 0.008 0.007 0.007 0.006 0.005 0.004 0.002 0.001 0.001 0.001 0.001 0.001 0.000 0.000 0.001 0.001 0.001 0.001 0.001 0.002 0.002
18.942 17.269 15.808 14.501 13.197 11.840 10.310 8.512 6.710 5.122 3.737 2.512 1.471 0.768 0.405 0.242 0.171 0.138 0.116 0.098 0.085 0.073 0.060 0.047 0.036 0.027 0.020 0.015 0.012 0.010 0.009 0.009 0.008 0.009 0.009 0.009 0.009 0.010 0.011 0.012 0.014 0.016 0.019 0.023 0.028 0.036 0.047 0.056 0.060 0.058 0.048 0.035 0.025 0.018 0.013 0.010 0.008 0.007 0.005 0.004 0.003 0.002 0.001 0.001 0.000 0.000 0.000 0.000 0.000 0.000 0.000 0.000 0.000 0.000 0.001 0.001 0.001
16.915 15.320 13.885 12.561 11.150 9.491 7.358 5.098 3.300 2.049 1.235 0.717 0.406 0.247 0.177 0.152 0.146 0.148 0.152 0.151 0.147 0.136 0.115 0.094 0.076 0.059 0.044 0.033 0.026 0.023 0.022 0.021 0.022 0.023 0.024 0.025 0.027 0.030 0.034 0.039 0.045 0.053 0.064 0.076 0.090 0.109 0.131 0.144 0.135 0.103 0.070 0.046 0.030 0.020 0.014 0.010 0.007 0.005 0.003 0.002 0.001 0.001 0.000 0.000 0.000 0.000 0.000 0.000 0.000 0.000 0.000 0.000 0.000 0.000 0.000 0.000 0.000
14.772 13.193 11.722 10.229 8.491 6.363 4.103 2.326 1.231 0.658 0.390 0.265 0.206 0.179 0.166 0.166 0.186 0.229 0.267 0.281 0.279 0.260 0.228 0.198 0.170 0.142 0.112 0.089 0.076 0.071 0.069 0.070 0.074 0.080 0.084 0.089 0.096 0.108 0.123 0.142 0.164 0.194 0.228 0.257 0.281 0.299 0.296 0.260 0.191 0.124 0.078 0.049 0.031 0.020 0.013 0.008 0.005 0.003 0.002 0.001 0.000 0.000 0.000 0.000 0.000 0.000 0.000 0.000 0.000 0.000 0.000 0.000 0.000 0.000 0.000 0.000 0.000
12.608 10.786 8.921 6.990 4.979 3.069 1.627 0.776 0.400 0.266 0.219 0.203 0.198 0.202 0.219 0.255 0.321 0.417 0.487 0.514 0.512 0.494 0.468 0.439 0.406 0.361 0.307 0.266 0.244 0.236 0.236 0.246 0.265 0.283 0.299 0.316 0.345 0.387 0.435 0.485 0.541 0.595 0.633 0.626 0.577 0.501 0.410 0.305 0.201 0.125 0.077 0.047 0.029 0.018 0.011 0.006 0.004 0.002 0.001 0.000 0.000 0.000 0.000 0.000 0.000 0.000 0.000 0.000 0.000 0.000 0.000 0.000 0.000 0.000 0.000 0.000 0.000
10.331 8.258 6.131 4.124 2.428 1.224 0.571 0.317 0.241 0.221 0.219 0.231 0.260 0.307 0.373 0.461 0.581 0.726 0.831 0.890 0.923 0.948 0.967 0.974 0.956 0.913 0.845 0.791 0.765 0.760 0.777 0.820 0.869 0.906 0.938 0.977 1.038 1.112 1.172 1.199 1.188 1.122 1.014 0.872 0.719 0.570 0.430 0.298 0.190 0.116 0.071 0.044 0.027 0.017 0.010 0.006 0.003 0.001 0.001 0.000 0.000 0.000 0.000 0.000 0.000 0.000 0.000 0.000 0.000 0.000 0.000 0.000 0.000 0.000 0.000 0.000 0.000
7.852 5.765 3.832 2.260 1.170 0.580 0.348 0.273 0.252 0.263 0.297 0.354 0.434 0.535 0.656 0.802 0.978 1.173 1.336 1.471 1.596 1.715 1.823 1.918 1.984 2.014 2.003 1.986 1.985 2.001 2.053 2.136 2.197 2.221 2.207 2.172 2.127 2.047 1.929 1.775 1.584 1.361 1.135 0.923 0.729 0.554 0.394 0.259 0.163 0.102 0.065 0.042 0.027 0.017 0.010 0.006 0.003 0.001 0.000 0.000 0.000 0.000 0.000 0.000 0.000 0.000 0.000 0.000 0.000 0.000 0.000 0.000 0.000 0.000 0.000 0.000 0.000
5.254 3.542 2.170 1.221 0.684 0.444 0.352 0.329 0.353 0.411 0.499 0.611 0.745 0.900 1.080 1.291 1.530 1.793 2.046 2.291 2.541 2.793 3.043 3.278 3.484 3.644 3.742 3.802 3.844 3.873 3.873 3.831 3.733 3.575 3.360 3.105 2.833 2.551 2.260 1.968 1.671 1.375 1.109 0.871 0.656 0.469 0.320 0.213 0.141 0.094 0.062 0.041 0.027 0.017 0.010 0.006 0.003 0.001 0.000 0.000 0.000 0.000 0.000 0.000 0.000 0.000 0.000 0.000 0.000 0.000 0.000 0.000 0.000 0.000 0.000 0.000 0.000
3.140 2.002 1.227 0.786 0.575 0.484 0.464 0.506 0.591 0.709 0.852 1.019 1.206 1.418 1.664 1.951 2.274 2.631 3.000 3.366 3.729 4.073 4.380 4.640 4.868 5.077 5.218 5.283 5.296 5.236 5.094 4.880 4.604 4.274 3.903 3.504 3.080 2.671 2.298 1.948 1.601 1.271 0.980 0.737 0.539 0.386 0.271 0.188 0.130 0.089 0.060 0.040 0.027 0.017 0.010 0.006 0.003 0.001 0.000 0.000 0.000 0.000 0.000 0.000 0.000 0.000 0.000 0.000 0.000 0.000 0.000 0.000 0.000 0.000 0.000 0.000 0.000
1.783 1.189 0.862 0.704 0.640 0.653 0.722 0.842 0.997 1.176 1.373 1.591 1.834 2.112 2.437 2.817 3.256 3.742 4.216 4.648 5.018 5.306 5.528 5.704 5.852 6.003 6.103 6.134 6.069 5.893 5.616 5.262 4.860 4.437 3.999 3.545 3.062 2.608 2.190 1.795 1.426 1.106 0.843 0.634 0.469 0.341 0.245 0.174 0.122 0.085 0.058 0.039 0.026 0.017 0.010 0.006 0.003 0.001 0.000 0.000 0.000 0.000 0.000 0.000 0.000 0.000 0.000 0.000 0.000 0.000 0.000 0.000 0.000 0.000 0.000 0.000 0.000
1.127 0.907 0.813 0.788 0.845 0.972 1.149 1.357 1.583 1.822 2.076 2.350 2.654 3.008 3.428 3.919 4.458 4.978 5.413 5.777 6.073 6.291 6.437 6.541 6.601 6.647 6.631 6.562 6.393 6.121 5.743 5.301 4.836 4.373 3.898 3.410 2.902 2.426 1.990 1.603 1.268 0.987 0.757 0.571 0.426 0.313 0.227 0.162 0.115 0.080 0.056 0.038 0.025 0.016 0.010 0.006 0.003 0.001 0.000 0.000 0.000 0.000 0.000 0.000 0.000 0.000 0.000 0.000 0.000 0.000 0.000 0.000 0.000 0.000 0.000 0.000 0.000
0.901 0.861 0.898 1.005 1.200 1.465 1.762 2.059 2.358 2.662 2.977 3.304 3.653 4.047 4.489 4.987 5.492 5.949 6.327 6.624 6.842 6.992 7.075 7.118 7.133 7.116 7.034 6.866 6.602 6.247 5.794 5.283 4.750 4.230 3.710 3.197 2.700 2.240 1.827 1.466 1.157 0.900 0.691 0.523 0.391 0.288 0.209 0.151 0.107 0.075 0.052 0.035 0.023 0.015 0.009 0.005 0.002 0.001 0.000 0.000 0.000 0.000 0.000 0.000 0.000 0.000 0.000 0.000 0.000 0.000 0.000 0.000 0.000 0.000 0.000 0.000 0.000
0.825 0.903 1.073 1.348 1.725 2.151 2.560 2.924 3.263 3.581 3.899 4.218 4.543 4.910 5.314 5.771 6.218 6.612 6.941 7.179 7.337 7.425 7.461 7.464 7.456 7.393 7.262 7.034 6.710 6.298 5.807 5.252 4.652 4.082 3.541 3.025 2.539 2.094 1.697 1.352 1.063 0.824 0.630 0.477 0.356 0.263 0.192 0.138 0.098 0.069 0.047 0.032 0.021 0.013 0.008 0.004 0.002 0.001 0.000 0.000 0.000 0.000 0.000 0.000 0.000 0.000 0.000 0.000 0.000 0.000 0.000 0.000 0.000 0.000 0.000 0.000 0.000
0.779 0.992 1.335 1.821 2.387 2.903 3.335 3.699 4.018 4.310 4.604 4.899 5.195 5.520 5.867 6.271 6.668 7.006 7.279 7.473 7.584 7.635 7.647 7.635 7.605 7.513 7.344 7.081 6.734 6.295 5.776 5.184 4.539 3.933 3.378 2.863 2.387 1.956 1.575 1.248 0.974 0.750 0.570 0.429 0.320 0.235 0.170 0.122 0.085 0.059 0.040 0.026 0.017 0.010 0.006 0.003 0.002 0.000 0.000 0.000 0.000 0.000 0.000 0.000 0.000 0.000 0.000 0.000 0.000 0.000 0.000 0.000 0.000 0.000 0.000 0.000 0.000
0.790 1.150 1.673 2.317 2.941 3.466 3.899 4.259 4.557 4.824 5.084 5.344 5.605 5.883 6.182 6.533 6.885 7.189 7.418 7.579 7.661 7.700 7.702 7.685 7.640 7.528 7.344 7.066 6.695 6.230 5.677 5.046 4.376 3.755 3.194 2.685 2.224 1.811 1.449 1.139 0.881 0.672 0.505 0.376 0.276 0.200 0.143 0.100 0.069 0.046 0.031 0.020 0.012 0.008 0.004 0.002 0.001 0.000 0.000 0.000 0.000 0.000 0.000 0.000 0.000 0.000 0.000 0.000 0.000 0.000 0.000 0.000 0.000 0.000 0.000 0.000 0.000
0.863 1.350 1.974 2.673 3.307 3.837 4.265 4.617 4.895 5.137 5.363 5.585 5.808 6.049 6.315 6.631 6.954 7.228 7.445 7.583 7.657 7.692 7.689 7.668 7.602 7.465 7.252 6.947 6.542 6.043 5.462 4.805 4.130 3.511 2.954 2.461 2.026 1.643 1.305 1.014 0.772 0.579 0.427 0.311 0.222 0.157 0.109 0.075 0.051 0.034 0.022 0.014 0.009 0.005 0.003 0.001 0.000 0.000 0.000 0.000 0.000 0.000 0.000 0.000 0.000 0.000 0.000 0.000 0.000 0.000 0.000 0.000 0.000 0.000 0.000 0.000 0.000
0.981 1.525 2.162 2.867 3.512 4.041 4.466 4.804 5.067 5.289 5.486 5.676 5.873 6.089 6.339 6.641 6.955 7.200 7.392 7.511 7.568 7.590 7.578 7.536 7.438 7.262 6.998 6.649 6.209 5.677 5.079 4.421 3.763 3.162 2.629 2.166 1.766 1.420 1.117 0.854 0.636 0.462 0.331 0.234 0.165 0.115 0.079 0.054 0.036 0.024 0.016 0.010 0.006 0.003 0.002 0.001 0.000 0.000 0.000 0.000 0.000 0.000 0.000 0.000 0.000 0.000 0.000 0.000 0.000 0.000 0.000 0.000 0.000 0.000 0.000 0.000 0.000
