RESULTS/r.avaflow_results/14_results/14_ascii/14_hflow30034.asc
ncols 506
nrows 317
xllcenter 498237.50
yllcenter 5580050.00
cellsize 12.50
NODATA_value -9999.000
[rows 204 to 237 of 317, columns 231 to 307 of 506]
0.000 0.000 0.001 0.002 0.002 0.003 0.004 0.005 0.007 0.008 0.010 0.012 0.015 0.017 0.018 0.019 0.019 0.019 0.018 0.017 0.017 0.017 0.018 0.020 0.022 0.024 0.025 0.026 0.027 0.027 0.028 0.028 0.028 0.028 0.028 0.028 0.028 0.029 0.029 0.029 0.029 0.030 0.032 0.034 0.035 0.035 0.035 0.036 0.036 0.036 0.038 0.041 0.046 0.050 0.055 0.062 0.075 0.100 0.123 0.131 0.131 0.125 0.114 0.100 0.084 0.073 0.066 0.064 0.064 0.066 0.070 0.076 0.083 0.092 0.110 0.141 0.193
0.000 0.000 0.000 0.001 0.001 0.002 0.003 0.004 0.005 0.006 0.007 0.009 0.011 0.012 0.013 0.013 0.013 0.014 0.014 0.013 0.014 0.014 0.015 0.016 0.018 0.020 0.022 0.024 0.025 0.025 0.025 0.026 0.026 0.026 0.026 0.026 0.027 0.027 0.027 0.027 0.028 0.029 0.031 0.033 0.033 0.034 0.034 0.034 0.035 0.035 0.038 0.042 0.047 0.053 0.059 0.066 0.078 0.100 0.121 0.129 0.128 0.121 0.110 0.095 0.082 0.073 0.068 0.068 0.070 0.073 0.078 0.085 0.098 0.121 0.164 0.237 0.348
0.000 0.000 0.000 0.000 0.000 0.001 0.001 0.002 0.003 0.004 0.005 0.006 0.007 0.008 0.009 0.010 0.010 0.010 0.011 0.011 0.011 0.012 0.013 0.014 0.015 0.017 0.019 0.020 0.022 0.023 0.023 0.023 0.024 0.024 0.024 0.025 0.026 0.026 0.026 0.027 0.027 0.029 0.031 0.032 0.033 0.034 0.034 0.035 0.035 0.037 0.040 0.046 0.054 0.061 0.068 0.074 0.084 0.103 0.122 0.129 0.128 0.121 0.109 0.094 0.082 0.075 0.073 0.074 0.076 0.081 0.089 0.102 0.129 0.185 0.284 0.436 0.597
0.000 0.000 0.000 0.000 0.000 0.000 0.001 0.001 0.002 0.002 0.003 0.004 0.005 0.006 0.007 0.007 0.008 0.008 0.008 0.009 0.009 0.010 0.011 0.012 0.013 0.014 0.016 0.017 0.019 0.020 0.021 0.022 0.022 0.023 0.023 0.024 0.025 0.026 0.026 0.027 0.028 0.029 0.031 0.033 0.034 0.034 0.035 0.036 0.038 0.042 0.049 0.059 0.071 0.080 0.086 0.090 0.097 0.110 0.127 0.133 0.132 0.124 0.109 0.094 0.085 0.080 0.079 0.080 0.084 0.092 0.106 0.134 0.190 0.304 0.484 0.665 0.780
0.000 0.000 0.000 0.000 0.000 0.000 0.000 0.000 0.001 0.001 0.002 0.003 0.003 0.004 0.004 0.005 0.005 0.006 0.006 0.007 0.007 0.008 0.009 0.010 0.011 0.012 0.013 0.015 0.017 0.018 0.019 0.020 0.021 0.022 0.023 0.024 0.025 0.025 0.026 0.027 0.028 0.030 0.032 0.033 0.034 0.036 0.038 0.041 0.046 0.056 0.071 0.089 0.103 0.111 0.114 0.113 0.115 0.123 0.136 0.141 0.139 0.130 0.113 0.098 0.090 0.087 0.087 0.090 0.097 0.111 0.137 0.189 0.288 0.448 0.634 0.767 0.834
0.000 0.000 0.000 0.000 0.000 0.000 0.000 0.000 0.000 0.000 0.001 0.001 0.002 0.002 0.003 0.003 0.004 0.004 0.005 0.005 0.006 0.007 0.007 0.008 0.009 0.010 0.012 0.013 0.015 0.016 0.017 0.019 0.020 0.021 0.023 0.024 0.025 0.025 0.026 0.027 0.028 0.030 0.032 0.033 0.035 0.038 0.042 0.050 0.063 0.086 0.116 0.140 0.151 0.151 0.139 0.128 0.126 0.130 0.141 0.144 0.142 0.134 0.118 0.105 0.100 0.098 0.100 0.106 0.119 0.144 0.188 0.263 0.376 0.526 0.670 0.764 0.799
0.000 0.000 0.000 0.000 0.000 0.000 0.000 0.000 0.000 0.000 0.000 0.001 0.001 0.001 0.002 0.002 0.002 0.003 0.003 0.004 0.004 0.005 0.006 0.007 0.008 0.009 0.010 0.011 0.013 0.015 0.016 0.018 0.020 0.021 0.023 0.024 0.025 0.025 0.026 0.027 0.028 0.030 0.031 0.033 0.036 0.040 0.049 0.067 0.099 0.143 0.178 0.192 0.191 0.175 0.149 0.133 0.129 0.132 0.141 0.144 0.142 0.134 0.124 0.117 0.115 0.116 0.123 0.136 0.160 0.195 0.247 0.319 0.416 0.534 0.627 0.665 0.649
0.000 0.000 0.000 0.000 0.000 0.000 0.000 0.000 0.000 0.000 0.000 0.000 0.000 0.000 0.001 0.001 0.001 0.002 0.002 0.002 0.003 0.004 0.004 0.005 0.006 0.007 0.009 0.010 0.012 0.013 0.015 0.017 0.020 0.022 0.023 0.024 0.025 0.025 0.026 0.026 0.027 0.028 0.030 0.032 0.036 0.044 0.060 0.095 0.153 0.200 0.220 0.221 0.209 0.180 0.149 0.132 0.127 0.130 0.138 0.141 0.139 0.133 0.127 0.126 0.130 0.139 0.153 0.172 0.197 0.230 0.276 0.338 0.414 0.476 0.494 0.453 0.376
0.000 0.000 0.000 0.000 0.000 0.000 0.000 0.000 0.000 0.000 0.000 0.000 0.000 0.000 0.000 0.000 0.000 0.001 0.001 0.001 0.002 0.002 0.003 0.004 0.005 0.006 0.007 0.009 0.010 0.012 0.014 0.017 0.020 0.023 0.025 0.025 0.026 0.026 0.026 0.026 0.026 0.027 0.029 0.032 0.037 0.048 0.075 0.130 0.195 0.229 0.237 0.230 0.210 0.175 0.142 0.124 0.119 0.120 0.126 0.129 0.129 0.127 0.126 0.129 0.138 0.153 0.170 0.189 0.210 0.238 0.278 0.323 0.354 0.344 0.299 0.233 0.173
0.000 0.000 0.000 0.000 0.000 0.000 0.000 0.000 0.000 0.000 0.000 0.000 0.000 0.000 0.000 0.000 0.000 0.000 0.000 0.001 0.001 0.001 0.002 0.003 0.004 0.005 0.006 0.007 0.009 0.011 0.013 0.016 0.020 0.024 0.026 0.027 0.027 0.026 0.026 0.026 0.026 0.027 0.029 0.032 0.039 0.055 0.090 0.153 0.211 0.235 0.237 0.227 0.201 0.162 0.128 0.109 0.102 0.101 0.104 0.108 0.111 0.114 0.119 0.126 0.139 0.155 0.172 0.189 0.206 0.226 0.245 0.252 0.231 0.193 0.151 0.112 0.086
0.000 0.000 0.000 0.000 0.000 0.000 0.000 0.000 0.000 0.000 0.000 0.000 0.000 0.000 0.000 0.000 0.000 0.000 0.000 0.000 0.000 0.001 0.001 0.002 0.003 0.003 0.005 0.006 0.008 0.010 0.012 0.015 0.019 0.024 0.027 0.028 0.028 0.028 0.027 0.026 0.026 0.027 0.029 0.033 0.042 0.062 0.100 0.162 0.209 0.226 0.224 0.210 0.181 0.141 0.108 0.088 0.078 0.076 0.076 0.079 0.084 0.090 0.099 0.111 0.127 0.143 0.157 0.168 0.175 0.176 0.166 0.149 0.127 0.101 0.078 0.062 0.051
0.000 0.000 0.000 0.000 0.000 0.000 0.000 0.000 0.000 0.000 0.000 0.000 0.000 0.000 0.000 0.000 0.000 0.000 0.000 0.000 0.000 0.000 0.001 0.001 0.002 0.002 0.003 0.005 0.006 0.008 0.011 0.014 0.018 0.022 0.026 0.029 0.030 0.030 0.028 0.027 0.027 0.028 0.030 0.035 0.046 0.067 0.105 0.156 0.186 0.194 0.189 0.173 0.146 0.110 0.083 0.066 0.058 0.056 0.056 0.057 0.059 0.065 0.072 0.083 0.098 0.111 0.118 0.119 0.115 0.106 0.096 0.085 0.073 0.060 0.049 0.042 0.037
0.000 0.000 0.000 0.000 0.000 0.000 0.000 0.000 0.000 0.000 0.000 0.000 0.000 0.000 0.000 0.000 0.000 0.000 0.000 0.000 0.000 0.000 0.000 0.000 0.001 0.001 0.002 0.003 0.005 0.007 0.009 0.012 0.016 0.020 0.024 0.028 0.030 0.031 0.030 0.030 0.029 0.030 0.032 0.038 0.049 0.069 0.103 0.131 0.140 0.137 0.129 0.115 0.096 0.074 0.058 0.048 0.043 0.042 0.042 0.043 0.045 0.049 0.054 0.060 0.067 0.071 0.072 0.072 0.069 0.065 0.060 0.056 0.050 0.043 0.037 0.034 0.032
0.000 0.000 0.000 0.000 0.000 0.000 0.000 0.000 0.000 0.000 0.000 0.000 0.000 0.000 0.000 0.000 0.000 0.000 0.000 0.000 0.000 0.000 0.000 0.000 0.000 0.001 0.001 0.002 0.004 0.005 0.007 0.010 0.013 0.016 0.021 0.026 0.029 0.031 0.032 0.032 0.032 0.033 0.036 0.040 0.050 0.068 0.086 0.093 0.090 0.084 0.076 0.068 0.059 0.048 0.040 0.036 0.034 0.033 0.034 0.035 0.038 0.040 0.043 0.046 0.048 0.048 0.048 0.047 0.046 0.045 0.044 0.042 0.040 0.036 0.033 0.031 0.031
0.000 0.000 0.000 0.000 0.000 0.000 0.000 0.000 0.000 0.000 0.000 0.000 0.000 0.000 0.000 0.000 0.000 0.000 0.000 0.000 0.000 0.000 0.000 0.000 0.000 0.000 0.001 0.001 0.002 0.004 0.005 0.008 0.010 0.013 0.017 0.022 0.027 0.031 0.032 0.033 0.034 0.035 0.037 0.041 0.049 0.058 0.062 0.061 0.058 0.052 0.048 0.043 0.039 0.034 0.031 0.029 0.028 0.029 0.030 0.032 0.034 0.036 0.037 0.038 0.038 0.037 0.036 0.036 0.036 0.036 0.035 0.035 0.034 0.033 0.031 0.031 0.031
0.000 0.000 0.000 0.000 0.000 0.000 0.000 0.000 0.000 0.000 0.000 0.000 0.000 0.000 0.000 0.000 0.000 0.000 0.000 0.000 0.000 0.000 0.000 0.000 0.000 0.000 0.000 0.001 0.001 0.003 0.004 0.006 0.008 0.010 0.014 0.018 0.024 0.029 0.032 0.034 0.035 0.036 0.037 0.040 0.043 0.045 0.044 0.043 0.040 0.036 0.033 0.031 0.029 0.027 0.026 0.025 0.026 0.026 0.028 0.031 0.033 0.033 0.034 0.033 0.033 0.032 0.031 0.030 0.031 0.031 0.032 0.032 0.032 0.032 0.031 0.031 0.032
0.000 0.000 0.000 0.000 0.000 0.000 0.000 0.000 0.000 0.000 0.000 0.000 0.000 0.000 0.000 0.000 0.000 0.000 0.000 0.000 0.000 0.000 0.000 0.000 0.000 0.000 0.000 0.000 0.001 0.002 0.003 0.004 0.006 0.008 0.011 0.015 0.020 0.027 0.031 0.033 0.034 0.035 0.035 0.036 0.036 0.034 0.033 0.032 0.030 0.028 0.026 0.024 0.023 0.023 0.023 0.023 0.024 0.026 0.028 0.031 0.032 0.032 0.032 0.032 0.031 0.029 0.028 0.028 0.028 0.028 0.029 0.031 0.031 0.032 0.032 0.033 0.034
0.000 0.000 0.000 0.000 0.000 0.000 0.000 0.000 0.000 0.000 0.000 0.000 0.000 0.000 0.000 0.000 0.000 0.000 0.000 0.000 0.000 0.000 0.000 0.000 0.000 0.000 0.000 0.000 0.000 0.001 0.002 0.003 0.004 0.006 0.008 0.012 0.016 0.023 0.028 0.031 0.032 0.032 0.031 0.029 0.028 0.027 0.026 0.025 0.024 0.023 0.021 0.021 0.020 0.020 0.021 0.022 0.024 0.026 0.029 0.031 0.032 0.032 0.032 0.031 0.030 0.029 0.027 0.027 0.027 0.027 0.029 0.030 0.032 0.033 0.035 0.037 0.041
0.000 0.000 0.000 0.000 0.000 0.000 0.000 0.000 0.000 0.000 0.000 0.000 0.000 0.000 0.000 0.000 0.000 0.000 0.000 0.000 0.000 0.000 0.000 0.000 0.000 0.000 0.000 0.000 0.000 0.000 0.001 0.002 0.003 0.004 0.006 0.009 0.013 0.018 0.023 0.026 0.026 0.026 0.024 0.022 0.022 0.021 0.021 0.021 0.020 0.020 0.019 0.018 0.018 0.019 0.020 0.021 0.024 0.028 0.031 0.032 0.032 0.032 0.032 0.031 0.030 0.029 0.027 0.026 0.026 0.027 0.028 0.031 0.033 0.036 0.040 0.047 0.056
0.000 0.000 0.000 0.000 0.000 0.000 0.000 0.000 0.000 0.000 0.000 0.000 0.000 0.000 0.000 0.000 0.000 0.000 0.000 0.000 0.000 0.000 0.000 0.000 0.000 0.000 0.000 0.000 0.000 0.000 0.000 0.001 0.002 0.003 0.004 0.006 0.009 0.013 0.016 0.018 0.018 0.018 0.018 0.017 0.017 0.017 0.017 0.017 0.017 0.017 0.017 0.017 0.017 0.018 0.019 0.021 0.024 0.028 0.033 0.034 0.034 0.034 0.034 0.033 0.031 0.029 0.027 0.027 0.027 0.027 0.029 0.033 0.037 0.044 0.055 0.070 0.087
0.000 0.000 0.000 0.000 0.000 0.000 0.000 0.000 0.000 0.000 0.000 0.000 0.000 0.000 0.000 0.000 0.000 0.000 0.000 0.000 0.000 0.000 0.000 0.000 0.000 0.000 0.000 0.000 0.000 0.000 0.000 0.000 0.001 0.002 0.003 0.004 0.006 0.009 0.011 0.012 0.012 0.013 0.013 0.013 0.013 0.013 0.013 0.014 0.014 0.014 0.015 0.015 0.016 0.017 0.018 0.020 0.023 0.028 0.033 0.036 0.036 0.036 0.036 0.034 0.032 0.029 0.028 0.028 0.028 0.029 0.032 0.039 0.049 0.066 0.091 0.126 0.157
0.000 0.000 0.000 0.000 0.000 0.000 0.000 0.000 0.000 0.000 0.000 0.000 0.000 0.000 0.000 0.000 0.000 0.000 0.000 0.000 0.000 0.000 0.000 0.000 0.000 0.000 0.000 0.000 0.000 0.000 0.000 0.000 0.000 0.001 0.001 0.003 0.004 0.005 0.007 0.008 0.008 0.009 0.009 0.009 0.009 0.010 0.010 0.010 0.011 0.012 0.012 0.013 0.014 0.016 0.017 0.020 0.023 0.028 0.033 0.036 0.037 0.037 0.036 0.034 0.032 0.030 0.029 0.029 0.030 0.033 0.040 0.052 0.076 0.116 0.177 0.253 0.311
0.000 0.000 0.000 0.000 0.000 0.000 0.000 0.000 0.000 0.000 0.000 0.000 0.000 0.000 0.000 0.000 0.000 0.000 0.000 0.000 0.000 0.000 0.000 0.000 0.000 0.000 0.000 0.000 0.000 0.000 0.000 0.000 0.000 0.000 0.001 0.001 0.002 0.003 0.004 0.005 0.005 0.005 0.006 0.006 0.006 0.007 0.007 0.008 0.008 0.009 0.010 0.012 0.013 0.014 0.016 0.019 0.022 0.027 0.032 0.035 0.036 0.036 0.036 0.034 0.031 0.030 0.030 0.031 0.033 0.038 0.049 0.069 0.108 0.177 0.285 0.414 0.504
0.000 0.000 0.000 0.000 0.000 0.000 0.000 0.000 0.000 0.000 0.000 0.000 0.000 0.000 0.000 0.000 0.000 0.000 0.000 0.000 0.000 0.000 0.000 0.000 0.000 0.000 0.000 0.000 0.000 0.000 0.000 0.000 0.000 0.000 0.000 0.000 0.001 0.002 0.002 0.003 0.003 0.003 0.003 0.004 0.004 0.004 0.005 0.005 0.006 0.007 0.008 0.009 0.011 0.013 0.015 0.017 0.020 0.024 0.028 0.031 0.033 0.033 0.033 0.032 0.030 0.030 0.030 0.031 0.034 0.040 0.053 0.076 0.121 0.201 0.331 0.485 0.589
0.000 0.000 0.000 0.000 0.000 0.000 0.000 0.000 0.000 0.000 0.000 0.000 0.000 0.000 0.000 0.000 0.000 0.000 0.000 0.000 0.000 0.000 0.000 0.000 0.000 0.000 0.000 0.000 0.000 0.000 0.000 0.000 0.000 0.000 0.000 0.000 0.000 0.001 0.001 0.001 0.001 0.002 0.002 0.002 0.002 0.002 0.003 0.003 0.004 0.005 0.006 0.007 0.009 0.010 0.012 0.014 0.017 0.019 0.022 0.025 0.026 0.027 0.028 0.027 0.027 0.027 0.028 0.030 0.033 0.040 0.052 0.075 0.118 0.196 0.323 0.472 0.573
0.000 0.000 0.000 0.000 0.000 0.000 0.000 0.000 0.000 0.000 0.000 0.000 0.000 0.000 0.000 0.000 0.000 0.000 0.000 0.000 0.000 0.000 0.000 0.000 0.000 0.000 0.000 0.000 0.000 0.000 0.000 0.000 0.000 0.000 0.000 0.000 0.000 0.000 0.000 0.000 0.000 0.000 0.001 0.001 0.001 0.001 0.001 0.002 0.002 0.003 0.004 0.005 0.006 0.008 0.009 0.011 0.013 0.014 0.016 0.018 0.019 0.019 0.020 0.021 0.022 0.023 0.024 0.026 0.029 0.035 0.044 0.062 0.094 0.154 0.250 0.356 0.430
0.000 0.000 0.000 0.000 0.000 0.000 0.000 0.000 0.000 0.000 0.000 0.000 0.000 0.000 0.000 0.000 0.000 0.000 0.000 0.000 0.000 0.000 0.000 0.000 0.000 0.000 0.000 0.000 0.000 0.000 0.000 0.000 0.000 0.000 0.000 0.000 0.000 0.000 0.000 0.000 0.000 0.000 0.000 0.000 0.000 0.000 0.000 0.001 0.001 0.002 0.002 0.003 0.004 0.005 0.006 0.008 0.009 0.010 0.012 0.013 0.013 0.014 0.014 0.015 0.016 0.017 0.018 0.020 0.021 0.024 0.029 0.038 0.053 0.080 0.125 0.169 0.198
0.000 0.000 0.000 0.000 0.000 0.000 0.000 0.000 0.000 0.000 0.000 0.000 0.000 0.000 0.000 0.000 0.000 0.000 0.000 0.000 0.000 0.000 0.000 0.000 0.000 0.000 0.000 0.000 0.000 0.000 0.000 0.000 0.000 0.000 0.000 0.000 0.000 0.000 0.000 0.000 0.000 0.000 0.000 0.000 0.000 0.000 0.000 0.000 0.000 0.001 0.001 0.002 0.002 0.003 0.004 0.005 0.006 0.007 0.008 0.009 0.009 0.010 0.010 0.011 0.011 0.012 0.013 0.014 0.015 0.016 0.018 0.022 0.028 0.039 0.057 0.070 0.077
0.000 0.000 0.000 0.000 0.000 0.000 0.000 0.000 0.000 0.000 0.000 0.000 0.000 0.000 0.000 0.000 0.000 0.000 0.000 0.000 0.000 0.000 0.000 0.000 0.000 0.000 0.000 0.000 0.000 0.000 0.000 0.000 0.000 0.000 0.000 0.000 0.000 0.000 0.000 0.000 0.000 0.000 0.000 0.000 0.000 0.000 0.000 0.000 0.000 0.000 0.000 0.001 0.001 0.002 0.002 0.003 0.004 0.005 0.006 0.006 0.007 0.007 0.007 0.008 0.008 0.009 0.009 0.010 0.010 0.011 0.012 0.014 0.017 0.022 0.029 0.034 0.035
0.000 0.000 0.000 0.000 0.000 0.000 0.000 0.000 0.000 0.000 0.000 0.000 0.000 0.000 0.000 0.000 0.000 0.000 0.000 0.000 0.000 0.000 0.000 0.000 0.000 0.000 0.000 0.000 0.000 0.000 0.000 0.000 0.000 0.000 0.000 0.000 0.000 0.000 0.000 0.000 0.000 0.000 0.000 0.000 0.000 0.000 0.000 0.000 0.000 0.000 0.000 0.000 0.000 0.001 0.001 0.002 0.002 0.003 0.003 0.004 0.004 0.005 0.005 0.005 0.006 0.006 0.006 0.007 0.007 0.008 0.009 0.010 0.012 0.014 0.017 0.019 0.019
0.000 0.000 0.000 0.000 0.000 0.000 0.000 0.000 0.000 0.000 0.000 0.000 0.000 0.000 0.000 0.000 0.000 0.000 0.000 0.000 0.000 0.000 0.000 0.000 0.000 0.000 0.000 0.000 0.000 0.000 0.000 0.000 0.000 0.000 0.000 0.000 0.000 0.000 0.000 0.000 0.000 0.000 0.000 0.000 0.000 0.000 0.000 0.000 0.000 0.000 0.000 0.000 0.000 0.000 0.000 0.001 0.001 0.001 0.002 0.002 0.003 0.003 0.003 0.004 0.004 0.004 0.004 0.005 0.005 0.005 0.006 0.007 0.008 0.009 0.011 0.012 0.012
0.000 0.000 0.000 0.000 0.000 0.000 0.000 0.000 0.000 0.000 0.000 0.000 0.000 0.000 0.000 0.000 0.000 0.000 0.000 0.000 0.000 0.000 0.000 0.000 0.000 0.000 0.000 0.000 0.000 0.000 0.000 0.000 0.000 0.000 0.000 0.000 0.000 0.000 0.000 0.000 0.000 0.000 0.000 0.000 0.000 0.000 0.000 0.000 0.000 0.000 0.000 0.000 0.000 0.000 0.000 0.000 0.000 0.000 0.001 0.001 0.001 0.002 0.002 0.002 0.002 0.002 0.003 0.003 0.003 0.004 0.004 0.005 0.005 0.006 0.007 0.007 0.008
0.000 0.000 0.000 0.000 0.000 0.000 0.000 0.000 0.000 0.000 0.000 0.000 0.000 0.000 0.000 0.000 0.000 0.000 0.000 0.000 0.000 0.000 0.000 0.000 0.000 0.000 0.000 0.000 0.000 0.000 0.000 0.000 0.000 0.000 0.000 0.000 0.000 0.000 0.000 0.000 0.000 0.000 0.000 0.000 0.000 0.000 0.000 0.000 0.000 0.000 0.000 0.000 0.000 0.000 0.000 0.000 0.000 0.000 0.000 0.000 0.001 0.001 0.001 0.001 0.001 0.001 0.001 0.002 0.002 0.002 0.002 0.003 0.003 0.004 0.004 0.005 0.005
0.000 0.000 0.000 0.000 0.000 0.000 0.000 0.000 0.000 0.000 0.000 0.000 0.000 0.000 0.000 0.000 0.000 0.000 0.000 0.000 0.000 0.000 0.000 0.000 0.000 0.000 0.000 0.000 0.000 0.000 0.000 0.000 0.000 0.000 0.000 0.000 0.000 0.000 0.000 0.000 0.000 0.000 0.000 0.000 0.000 0.000 0.000 0.000 0.000 0.000 0.000 0.000 0.000 0.000 0.000 0.000 0.000 0.000 0.000 0.000 0.000 0.000 0.000 0.000 0.000 0.000 0.001 0.001 0.001 0.001 0.001 0.001 0.002 0.002 0.002 0.003 0.003
