RESULTS/r.avaflow_results/14_results/14_ascii/14_hflow0016.asc
ncols 506
nrows 317
xllcenter 498237.50
yllcenter 5580050.00
cellsize 12.50
NODATA_value -9999.000
[rows 170 to 203 of 317, columns 77 to 153 of 506]
0.001 0.003 0.007 0.016 0.034 0.068 0.122 0.199 0.303 0.446 0.654 0.963 1.414 2.019 2.759 3.600 4.528 5.524 6.534 7.527 8.497 9.435 10.335 11.215 12.065 12.843 13.538 14.211 14.874 15.572 16.345 17.225 18.236 19.435 20.786 22.316 23.971 25.733 27.475 29.026 30.390 31.988 33.645 35.422 37.097 38.184 38.882 39.848 40.624 41.415 42.630 43.645 44.665 45.837 46.453 46.500 47.123 47.605 48.816 50.177 50.268 50.283 50.314 49.922 49.414 48.654 47.310 45.880 44.475 42.600 40.551 38.567 36.449 34.418 32.719 31.009 29.386
0.005 0.011 0.023 0.045 0.085 0.151 0.248 0.377 0.550 0.792 1.137 1.619 2.261 3.061 3.998 5.061 6.246 7.500 8.697 9.822 10.892 11.895 12.847 13.763 14.628 15.394 16.065 16.695 17.328 18.021 18.758 19.576 20.567 21.687 23.036 24.657 26.393 28.234 30.137 31.813 33.109 34.692 36.330 38.051 39.655 40.790 41.430 42.386 43.302 44.014 44.970 45.882 46.814 47.689 48.032 47.927 48.216 48.367 49.109 50.802 51.230 51.359 51.468 50.982 50.312 49.300 47.731 46.260 44.809 42.940 41.011 39.159 37.239 35.573 34.168 32.637 31.206
0.014 0.027 0.051 0.091 0.154 0.247 0.377 0.552 0.793 1.124 1.579 2.187 2.977 3.961 5.143 6.510 8.055 9.664 11.108 12.391 13.559 14.639 15.599 16.458 17.221 17.895 18.543 19.136 19.708 20.302 20.964 21.729 22.613 23.692 25.056 26.739 28.561 30.459 32.339 34.027 35.465 37.136 38.693 40.282 41.850 42.938 43.469 44.413 45.353 46.035 46.935 47.558 48.020 48.595 48.670 48.681 49.194 49.235 49.171 50.210 50.765 51.107 51.598 51.070 50.254 49.185 47.636 46.179 44.887 43.311 41.660 40.007 38.292 36.690 35.259 33.860 32.597
0.025 0.044 0.076 0.127 0.203 0.313 0.469 0.686 0.984 1.387 1.929 2.640 3.554 4.700 6.083 7.690 9.541 11.493 13.224 14.734 16.042 17.183 18.142 18.965 19.660 20.288 20.859 21.361 21.838 22.374 22.978 23.652 24.500 25.579 26.875 28.478 30.217 32.146 34.197 36.031 37.684 39.424 40.935 42.379 43.883 44.956 45.601 46.680 47.470 48.068 49.051 49.483 49.494 49.876 49.617 49.231 49.540 49.624 49.560 50.141 50.384 50.495 51.324 50.883 50.180 49.174 47.768 46.496 45.381 43.866 42.247 40.566 38.907 37.424 36.104 34.918 33.762
0.031 0.054 0.091 0.148 0.233 0.358 0.535 0.784 1.126 1.585 2.193 2.985 4.001 5.273 6.808 8.595 10.655 12.889 14.910 16.683 18.170 19.378 20.364 21.182 21.838 22.354 22.898 23.382 23.791 24.260 24.776 25.392 26.183 27.151 28.356 29.994 31.783 33.730 35.830 37.777 39.570 41.386 42.926 44.260 45.723 46.801 47.522 48.537 49.288 49.753 50.560 50.971 50.690 50.689 50.357 50.015 50.302 50.301 50.166 50.429 50.292 50.007 50.408 50.240 50.009 49.303 48.204 47.129 45.918 44.351 42.792 41.054 39.348 37.871 36.599 35.457 34.356
0.034 0.060 0.100 0.162 0.254 0.388 0.580 0.849 1.219 1.718 2.378 3.231 4.323 5.685 7.329 9.247 11.435 13.861 16.172 18.192 19.872 21.237 22.301 23.132 23.790 24.265 24.756 25.210 25.555 26.030 26.471 26.973 27.670 28.570 29.705 31.259 32.908 34.709 36.876 38.923 40.748 42.732 44.402 45.571 46.968 48.110 48.831 49.695 50.299 50.651 51.258 51.429 51.061 50.927 50.329 49.669 49.815 49.874 49.657 49.961 49.824 49.438 49.224 48.872 48.769 48.782 48.193 47.273 46.040 44.384 42.696 40.962 39.328 37.881 36.765 35.599 34.534
0.035 0.062 0.106 0.171 0.268 0.408 0.607 0.888 1.275 1.799 2.492 3.390 4.530 5.950 7.668 9.660 11.924 14.440 16.979 19.207 21.122 22.716 23.906 24.825 25.448 25.965 26.415 26.862 27.101 27.525 27.941 28.357 28.951 29.659 30.607 32.109 33.821 35.579 37.705 39.798 41.735 43.908 45.725 46.881 48.282 49.419 50.110 50.972 51.370 51.622 52.159 52.017 51.596 51.497 50.728 49.908 49.890 49.941 49.885 50.304 49.796 49.496 49.173 48.429 47.884 47.850 47.622 46.998 45.925 44.302 42.478 40.748 39.159 37.744 36.683 35.560 34.572
0.035 0.063 0.108 0.177 0.277 0.420 0.623 0.907 1.304 1.841 2.554 3.476 4.646 6.099 7.853 9.883 12.190 14.729 17.393 19.788 21.947 23.771 25.148 26.219 26.936 27.478 27.858 28.294 28.582 28.939 29.295 29.623 30.132 30.797 31.714 33.078 34.636 36.375 38.461 40.524 42.632 44.946 46.830 48.167 49.574 50.488 50.979 51.701 52.050 52.122 52.500 52.327 51.819 51.663 51.098 50.195 49.887 49.955 49.862 50.242 49.728 49.499 49.142 48.229 47.426 46.710 46.299 45.842 45.253 43.754 41.991 40.244 38.605 37.237 36.201 35.135 34.143
0.032 0.060 0.107 0.179 0.282 0.427 0.630 0.916 1.314 1.856 2.577 3.512 4.697 6.164 7.927 9.968 12.284 14.837 17.545 20.049 22.359 24.409 26.064 27.275 28.144 28.763 29.156 29.588 29.835 30.076 30.362 30.613 31.024 31.532 32.325 33.597 35.029 36.708 38.753 40.805 42.969 45.381 47.374 48.701 50.018 50.808 51.179 51.828 52.003 51.935 52.326 52.169 51.687 51.603 51.030 50.144 49.784 49.745 49.496 49.825 49.349 48.999 48.633 47.585 46.654 45.596 44.493 43.456 43.462 42.446 40.923 39.188 37.592 36.241 35.248 34.401 33.519
0.025 0.052 0.100 0.177 0.284 0.429 0.632 0.918 1.317 1.860 2.582 3.520 4.710 6.179 7.936 9.981 12.296 14.847 17.550 20.105 22.489 24.732 26.585 28.070 29.143 29.836 30.264 30.630 30.945 31.270 31.406 31.521 31.896 32.296 32.921 34.068 35.406 36.966 39.002 41.053 43.310 45.909 47.995 49.280 50.469 51.225 51.432 52.042 52.268 52.302 52.736 52.533 52.097 52.126 51.345 50.565 50.259 49.973 49.708 49.955 49.342 48.774 48.247 47.098 46.103 44.954 43.398 41.925 41.753 40.841 39.652 38.074 36.511 35.165 34.242 33.405 32.563
0.016 0.040 0.088 0.168 0.280 0.428 0.631 0.916 1.312 1.853 2.574 3.512 4.701 6.166 7.912 9.948 12.253 14.783 17.458 20.055 22.496 24.796 26.784 28.514 29.743 30.622 31.297 31.659 31.944 32.347 32.452 32.417 32.683 32.992 33.502 34.522 35.710 37.253 39.263 41.297 43.739 46.444 48.487 49.978 51.130 51.660 51.885 52.477 52.515 52.433 52.814 52.665 52.259 52.326 51.493 50.773 50.390 50.006 49.838 49.842 49.140 48.311 47.537 46.370 45.254 44.081 42.439 40.657 39.753 38.863 38.070 36.778 35.430 34.135 33.130 32.192 31.415
0.010 0.029 0.074 0.154 0.269 0.420 0.624 0.908 1.300 1.833 2.546 3.474 4.650 6.096 7.826 9.829 12.083 14.572 17.206 19.844 22.360 24.735 26.851 28.756 30.263 31.282 32.131 32.671 32.876 33.150 33.211 33.131 33.270 33.401 33.773 34.646 35.659 37.173 39.111 41.152 43.623 46.303 48.300 49.844 51.115 51.549 51.679 52.063 52.009 52.028 52.453 52.249 51.994 52.101 51.334 50.633 50.158 49.648 49.486 49.407 48.603 47.640 46.675 45.338 44.094 42.931 41.263 39.481 37.999 36.828 36.231 35.496 34.348 33.148 31.953 30.988 30.236
0.006 0.019 0.057 0.133 0.250 0.405 0.610 0.890 1.274 1.794 2.486 3.384 4.525 5.930 7.618 9.568 11.746 14.156 16.732 19.411 22.058 24.577 26.823 28.808 30.433 31.643 32.647 33.291 33.655 33.980 33.982 33.905 33.980 33.999 34.248 35.028 35.943 37.197 39.128 41.229 43.550 46.304 48.260 49.755 51.278 51.711 51.697 52.051 51.992 52.117 52.571 52.362 52.248 52.339 51.673 51.041 50.458 49.736 49.484 49.425 48.540 47.533 46.350 44.760 43.383 42.177 40.503 38.851 37.154 35.590 34.735 34.302 33.443 32.390 31.008 29.872 28.973
0.004 0.012 0.040 0.108 0.222 0.381 0.589 0.870 1.253 1.762 2.424 3.271 4.340 5.664 7.263 9.134 11.225 13.523 16.002 18.682 21.481 24.168 26.630 28.807 30.579 31.986 33.149 33.989 34.458 34.808 34.831 34.691 34.745 34.728 34.898 35.553 36.375 37.457 39.254 41.324 43.571 46.357 48.304 49.861 51.302 51.802 51.927 52.253 51.938 51.889 52.273 52.088 52.033 52.226 51.675 51.089 50.585 49.773 49.226 49.044 48.183 47.128 45.940 44.382 42.929 41.661 40.005 38.351 36.595 34.848 33.683 33.092 32.453 31.425 30.045 28.799 27.760
0.003 0.007 0.024 0.077 0.185 0.348 0.567 0.859 1.247 1.755 2.402 3.210 4.216 5.451 6.939 8.694 10.678 12.879 15.265 17.874 20.721 23.650 26.378 28.728 30.696 32.273 33.574 34.455 34.946 35.405 35.445 35.299 35.450 35.394 35.451 35.985 36.684 37.647 39.195 41.043 43.235 45.928 47.800 49.308 50.553 51.118 51.396 51.743 51.409 51.299 51.528 51.264 51.278 51.550 51.032 50.545 50.217 49.382 48.695 48.352 47.395 46.380 45.381 43.902 42.462 41.195 39.502 37.773 36.111 34.295 32.752 31.803 31.041 30.327 29.166 27.838 26.613
0.004 0.006 0.014 0.046 0.133 0.296 0.534 0.847 1.251 1.764 2.404 3.195 4.165 5.348 6.763 8.429 10.333 12.466 14.774 17.292 20.067 23.069 25.930 28.431 30.478 32.163 33.624 34.805 35.564 36.181 36.368 36.298 36.504 36.469 36.481 36.969 37.545 38.325 39.744 41.396 43.287 45.770 47.563 48.868 50.203 50.719 50.967 51.503 51.350 51.161 51.145 50.694 50.542 50.840 50.560 50.207 50.125 49.406 48.852 48.317 47.142 46.197 45.350 43.929 42.582 41.251 39.427 37.609 35.964 34.012 32.160 30.883 29.795 29.169 28.129 26.913 25.587
0.006 0.007 0.010 0.024 0.076 0.210 0.453 0.799 1.239 1.775 2.422 3.207 4.164 5.320 6.700 8.315 10.168 12.263 14.529 16.986 19.617 22.456 25.336 28.038 30.300 32.143 33.766 35.162 36.156 37.015 37.443 37.447 37.708 37.780 37.890 38.399 38.848 39.523 40.722 42.115 43.632 45.710 47.421 48.603 49.975 50.347 50.624 51.050 50.818 50.444 50.186 49.560 49.203 49.431 49.548 49.289 49.522 49.075 48.688 48.225 47.122 46.066 45.199 43.875 42.552 41.205 39.378 37.455 35.685 33.737 31.749 30.164 28.808 27.927 26.922 25.776 24.397
0.009 0.009 0.010 0.015 0.036 0.111 0.304 0.654 1.143 1.740 2.438 3.247 4.201 5.341 6.704 8.300 10.130 12.187 14.436 16.844 19.342 21.986 24.732 27.507 29.960 31.956 33.628 35.093 36.363 37.537 38.181 38.324 38.724 38.912 39.133 39.717 40.139 40.809 41.753 42.737 43.818 45.390 46.825 47.921 49.137 49.418 49.566 49.866 49.791 49.338 48.964 48.234 47.738 47.968 48.131 47.994 48.439 48.192 47.897 47.620 46.662 45.549 44.768 43.497 42.180 40.839 39.035 37.080 35.270 33.277 31.164 29.420 27.731 26.483 25.573 24.483 23.058
0.011 0.011 0.011 0.013 0.021 0.054 0.169 0.453 0.950 1.633 2.440 3.327 4.315 5.456 6.797 8.361 10.166 12.201 14.450 16.847 19.267 21.695 24.161 26.730 29.235 31.446 33.490 35.180 36.548 37.906 38.808 39.203 39.729 40.016 40.261 40.910 41.394 41.956 42.891 43.685 44.389 45.570 46.594 47.503 48.545 48.818 48.722 49.034 49.048 48.662 48.384 47.657 47.058 47.134 47.095 47.051 47.533 47.283 47.109 47.014 46.219 45.204 44.619 43.352 42.009 40.510 38.706 36.807 35.055 32.941 30.691 28.806 26.839 25.249 23.985 22.716 21.332
0.014 0.013 0.013 0.014 0.018 0.034 0.102 0.326 0.813 1.570 2.495 3.489 4.549 5.716 7.047 8.576 10.335 12.334 14.559 16.941 19.299 21.565 23.789 26.102 28.610 31.007 33.287 35.197 36.711 38.193 39.344 40.044 40.712 41.067 41.319 41.941 42.423 42.938 43.845 44.535 45.040 45.909 46.559 47.238 48.068 48.337 48.140 48.281 48.298 48.027 47.874 47.324 46.622 46.330 46.170 45.993 46.307 46.019 45.904 45.765 45.154 44.212 43.608 42.425 41.142 39.559 37.873 36.115 34.394 32.346 30.087 28.017 25.839 23.941 22.279 20.673 19.161
0.016 0.016 0.016 0.016 0.019 0.030 0.076 0.259 0.749 1.595 2.680 3.814 4.959 6.166 7.500 9.003 10.716 12.646 14.800 17.136 19.423 21.580 23.639 25.697 27.933 30.337 32.733 34.737 36.428 38.074 39.390 40.314 41.188 41.657 41.799 42.319 42.759 43.217 44.026 44.648 45.038 45.689 46.115 46.645 47.383 47.590 47.398 47.611 47.575 47.286 47.299 46.800 46.063 45.742 45.336 44.891 44.928 44.479 44.262 44.079 43.411 42.581 41.826 40.649 39.487 38.117 36.439 34.785 33.156 31.215 29.074 26.834 24.538 22.402 20.438 18.536 16.821
0.019 0.019 0.020 0.020 0.022 0.030 0.068 0.227 0.727 1.717 3.081 4.369 5.585 6.830 8.169 9.658 11.342 13.228 15.320 17.566 19.678 21.711 23.658 25.569 27.649 29.804 32.130 34.180 36.073 37.964 39.456 40.516 41.530 42.068 42.128 42.615 42.980 43.375 44.194 44.757 45.010 45.621 45.977 46.353 47.058 47.323 47.330 47.666 47.528 47.247 47.308 46.738 46.095 45.815 45.025 44.368 44.043 43.347 42.809 42.399 41.592 40.833 39.972 38.738 37.609 36.426 34.796 33.176 31.606 29.732 27.650 25.383 22.966 20.648 18.505 16.380 14.442
0.023 0.024 0.025 0.025 0.026 0.033 0.067 0.217 0.753 1.977 3.763 5.245 6.489 7.742 9.078 10.561 12.212 14.050 16.091 18.209 20.187 22.059 23.854 25.672 27.674 29.643 31.807 33.740 35.664 37.702 39.441 40.686 41.802 42.291 42.404 42.861 43.181 43.568 44.354 44.745 44.911 45.418 45.777 46.082 46.838 47.096 47.049 47.361 47.325 47.118 47.126 46.515 45.903 45.485 44.599 43.829 43.286 42.454 41.683 40.940 39.918 38.930 37.989 36.746 35.490 34.240 32.694 31.062 29.452 27.596 25.519 23.318 20.914 18.522 16.331 14.110 12.022
0.030 0.030 0.031 0.032 0.034 0.040 0.072 0.220 0.807 2.255 4.456 6.257 7.590 8.853 10.182 11.672 13.339 15.182 17.194 19.156 20.957 22.668 24.300 25.917 27.692 29.496 31.571 33.381 35.222 37.183 38.919 40.289 41.462 41.947 42.147 42.579 42.863 43.219 43.939 44.102 44.299 44.679 44.943 45.250 46.019 46.254 46.379 46.795 46.702 46.557 46.515 45.864 45.231 44.640 43.705 42.896 42.332 41.356 40.381 39.453 38.187 36.954 35.909 34.646 33.270 31.898 30.329 28.639 26.855 24.904 22.826 20.639 18.374 16.065 13.882 11.652 9.478
0.040 0.040 0.041 0.043 0.045 0.053 0.088 0.246 0.875 2.425 4.829 6.947 8.507 9.939 11.401 12.952 14.645 16.541 18.545 20.403 22.076 23.653 25.107 26.594 28.181 29.755 31.711 33.469 35.097 36.919 38.493 39.899 41.121 41.771 41.974 42.445 42.726 43.018 43.665 43.639 43.707 44.050 44.243 44.541 45.377 45.741 45.940 46.427 46.284 46.176 46.070 45.384 44.667 43.855 42.800 41.983 41.387 40.281 39.154 38.058 36.601 35.250 33.978 32.500 30.967 29.485 27.687 25.778 23.792 21.667 19.487 17.327 15.250 13.139 11.041 8.895 6.803
0.055 0.054 0.055 0.057 0.062 0.074 0.118 0.295 0.950 2.525 4.989 7.342 9.192 10.869 12.532 14.264 16.107 18.132 20.165 21.943 23.535 24.951 26.242 27.563 28.946 30.369 32.085 33.757 35.229 36.829 38.210 39.503 40.685 41.354 41.549 42.053 42.355 42.601 43.123 43.039 43.016 43.280 43.417 43.710 44.442 44.835 44.827 45.292 45.198 45.084 44.976 44.291 43.442 42.440 41.274 40.321 39.623 38.465 37.263 36.046 34.535 33.111 31.708 30.084 28.432 26.620 24.614 22.443 20.107 17.824 15.626 13.590 11.699 9.845 7.980 6.105 4.360
0.077 0.074 0.074 0.077 0.083 0.099 0.148 0.335 1.012 2.614 5.131 7.671 9.755 11.673 13.587 15.554 17.574 19.810 21.942 23.765 25.386 26.704 27.835 29.025 30.148 31.263 32.615 33.991 35.273 36.642 37.807 38.835 39.914 40.550 40.753 41.199 41.455 41.663 42.101 41.979 41.919 42.083 42.157 42.376 42.939 43.326 43.264 43.635 43.446 43.359 43.226 42.517 41.632 40.512 39.111 37.954 37.128 35.918 34.705 33.451 31.922 30.477 29.000 27.265 25.508 23.455 21.227 18.675 16.182 13.947 11.946 10.139 8.463 6.854 5.271 3.808 2.581
0.109 0.100 0.098 0.100 0.106 0.122 0.171 0.365 1.075 2.729 5.309 7.998 10.291 12.446 14.597 16.816 19.082 21.562 23.850 25.806 27.491 28.792 29.800 30.858 31.741 32.480 33.489 34.585 35.555 36.691 37.643 38.434 39.364 40.010 40.234 40.607 40.760 40.842 41.239 41.070 41.018 41.136 41.107 41.160 41.578 41.710 41.607 41.894 41.571 41.353 41.155 40.416 39.461 38.283 36.735 35.347 34.283 32.968 31.654 30.364 28.865 27.393 25.846 24.048 22.080 19.753 17.234 14.714 12.533 10.584 8.859 7.279 5.817 4.466 3.263 2.276 1.565
0.155 0.134 0.126 0.127 0.132 0.146 0.193 0.395 1.157 2.911 5.608 8.431 10.897 13.279 15.646 18.103 20.599 23.232 25.715 27.788 29.585 30.872 31.810 32.705 33.303 33.826 34.541 35.342 35.985 36.886 37.667 38.322 39.088 39.563 39.712 40.053 40.056 40.033 40.298 40.139 40.071 40.169 39.969 39.851 39.959 39.814 39.669 39.657 39.200 38.745 38.335 37.547 36.580 35.330 33.737 32.286 31.001 29.598 28.204 26.823 25.290 23.707 22.044 20.136 18.025 15.665 13.326 11.245 9.420 7.790 6.338 5.021 3.836 2.815 2.015 1.461 1.135
0.219 0.179 0.161 0.158 0.160 0.170 0.215 0.434 1.273 3.173 6.054 9.023 11.637 14.228 16.780 19.424 22.081 24.738 27.241 29.359 31.218 32.445 33.362 34.131 34.529 34.907 35.379 35.772 36.177 36.858 37.396 37.876 38.470 38.717 38.767 39.100 38.976 38.900 39.058 38.940 38.783 38.846 38.545 38.314 38.102 37.755 37.481 37.261 36.625 35.993 35.357 34.353 33.293 32.104 30.533 28.966 27.461 26.004 24.571 23.091 21.504 19.820 18.020 16.088 14.027 11.964 10.069 8.379 6.889 5.564 4.395 3.364 2.493 1.816 1.355 1.090 0.969
0.312 0.243 0.207 0.190 0.185 0.189 0.236 0.493 1.460 3.571 6.721 9.915 12.707 15.441 18.141 20.940 23.614 26.172 28.537 30.562 32.455 33.791 34.687 35.437 35.761 35.879 36.192 36.296 36.451 36.969 37.343 37.568 37.947 38.000 37.885 38.065 38.009 37.849 38.023 37.872 37.695 37.734 37.316 36.849 36.421 35.954 35.429 35.084 34.333 33.555 32.727 31.530 30.207 28.830 27.150 25.498 23.953 22.395 20.869 19.378 17.795 16.158 14.376 12.513 10.652 8.945 7.421 6.076 4.902 3.877 2.986 2.232 1.643 1.230 0.979 0.863 0.840
0.418 0.322 0.258 0.218 0.199 0.199 0.253 0.583 1.780 4.240 7.755 11.197 14.207 17.119 19.915 22.737 25.217 27.520 29.666 31.572 33.423 34.857 35.749 36.466 36.775 36.740 36.925 36.893 36.819 37.143 37.351 37.340 37.481 37.262 36.902 36.835 36.785 36.550 36.740 36.555 36.430 36.433 35.993 35.396 34.717 34.118 33.460 32.926 32.068 31.146 30.075 28.712 27.158 25.432 23.656 21.924 20.279 18.743 17.266 15.816 14.322 12.796 11.135 9.465 7.916 6.541 5.343 4.308 3.414 2.648 2.005 1.486 1.097 0.843 0.709 0.673 0.728
0.487 0.378 0.292 0.234 0.205 0.201 0.256 0.635 2.085 5.090 9.239 13.006 16.191 19.123 21.747 24.270 26.431 28.480 30.340 32.009 33.729 35.210 36.193 36.925 37.208 37.115 37.241 37.115 36.892 37.001 36.957 36.747 36.667 36.164 35.551 35.291 35.153 34.873 34.964 34.783 34.705 34.679 34.265 33.687 32.950 32.168 31.420 30.771 29.820 28.717 27.408 25.802 24.004 21.966 20.068 18.345 16.735 15.234 13.818 12.452 11.108 9.737 8.309 6.930 5.702 4.652 3.764 3.001 2.348 1.792 1.334 0.977 0.725 0.575 0.519 0.544 0.686
0.508 0.399 0.304 0.240 0.208 0.203 0.256 0.634 2.179 5.551 10.336 14.673 18.105 20.909 23.299 25.472 27.294 29.088 30.722 32.142 33.735 35.208 36.267 37.089 37.398 37.278 37.410 37.224 36.939 36.958 36.615 36.107 35.816 35.150 34.311 33.886 33.524 33.137 33.141 32.864 32.703 32.781 32.471 31.914 31.221 30.347 29.512 28.762 27.682 26.328 24.755 22.834 20.661 18.487 16.530 14.820 13.288 11.876 10.561 9.311 8.117 6.953 5.826 4.812 3.952 3.229 2.606 2.062 1.591 1.193 0.873 0.633 0.479 0.409 0.408 0.496 0.723
