RESULTS/r.avaflow_results/14_results/14_ascii/14_hflow10012.asc
ncols 506
nrows 317
xllcenter 498237.50
yllcenter 5580050.00
cellsize 12.50
NODATA_value -9999.000
[rows 170 to 203 of 317, columns 154 to 230 of 506]
25.428 23.435 21.477 19.441 17.362 15.286 13.259 11.377 9.703 8.231 6.953 5.857 4.891 4.064 3.354 2.765 2.285 1.902 1.597 1.350 1.142 0.959 0.800 0.671 0.569 0.492 0.438 0.400 0.369 0.341 0.312 0.284 0.258 0.233 0.210 0.190 0.177 0.170 0.169 0.169 0.173 0.180 0.193 0.209 0.226 0.238 0.243 0.244 0.239 0.229 0.215 0.202 0.188 0.174 0.161 0.149 0.137 0.128 0.120 0.114 0.107 0.100 0.093 0.087 0.080 0.074 0.067 0.061 0.057 0.053 0.049 0.046 0.043 0.039 0.035 0.031 0.028
27.778 26.091 24.423 22.516 20.491 18.367 16.143 13.960 11.998 10.227 8.687 7.384 6.219 5.226 4.361 3.613 2.984 2.454 2.020 1.659 1.364 1.123 0.927 0.769 0.646 0.552 0.482 0.432 0.397 0.374 0.356 0.342 0.329 0.313 0.292 0.271 0.254 0.246 0.243 0.244 0.247 0.253 0.265 0.278 0.287 0.290 0.285 0.273 0.255 0.235 0.217 0.201 0.186 0.171 0.157 0.146 0.136 0.126 0.120 0.114 0.108 0.101 0.095 0.089 0.082 0.075 0.068 0.061 0.056 0.052 0.048 0.045 0.041 0.037 0.032 0.027 0.022
29.756 28.389 27.031 25.378 23.560 21.574 19.362 17.028 14.718 12.577 10.718 9.176 7.807 6.627 5.580 4.654 3.851 3.151 2.567 2.081 1.680 1.358 1.104 0.903 0.748 0.626 0.532 0.465 0.420 0.394 0.382 0.378 0.373 0.365 0.351 0.332 0.318 0.311 0.310 0.310 0.311 0.313 0.314 0.314 0.312 0.305 0.293 0.275 0.253 0.229 0.209 0.192 0.175 0.159 0.145 0.136 0.128 0.121 0.116 0.112 0.107 0.101 0.095 0.089 0.082 0.075 0.067 0.061 0.055 0.050 0.046 0.042 0.038 0.033 0.028 0.022 0.016
31.298 30.206 29.046 27.594 25.937 24.124 22.084 19.908 17.588 15.191 12.974 11.091 9.437 8.036 6.794 5.712 4.773 3.952 3.238 2.626 2.109 1.682 1.346 1.088 0.886 0.726 0.600 0.510 0.450 0.416 0.402 0.400 0.401 0.404 0.401 0.392 0.382 0.379 0.379 0.378 0.373 0.362 0.344 0.328 0.316 0.304 0.287 0.266 0.239 0.211 0.188 0.169 0.151 0.135 0.122 0.116 0.112 0.108 0.105 0.104 0.100 0.097 0.091 0.086 0.080 0.074 0.066 0.059 0.053 0.047 0.042 0.037 0.032 0.026 0.021 0.015 0.010
32.098 31.171 30.242 29.025 27.580 26.012 24.185 22.180 20.001 17.508 14.974 12.755 10.781 9.155 7.760 6.556 5.521 4.615 3.829 3.153 2.564 2.059 1.635 1.301 1.045 0.845 0.690 0.574 0.495 0.446 0.423 0.419 0.425 0.442 0.449 0.445 0.439 0.439 0.439 0.434 0.420 0.393 0.358 0.330 0.311 0.291 0.269 0.242 0.210 0.179 0.153 0.131 0.114 0.100 0.090 0.085 0.084 0.084 0.085 0.086 0.086 0.084 0.081 0.078 0.073 0.068 0.062 0.055 0.049 0.043 0.036 0.030 0.023 0.018 0.013 0.009 0.006
32.383 31.559 30.757 29.715 28.558 27.200 25.626 23.809 21.735 19.271 16.537 14.010 11.825 10.002 8.464 7.167 6.052 5.086 4.248 3.522 2.888 2.339 1.867 1.477 1.172 0.945 0.777 0.649 0.554 0.491 0.459 0.454 0.469 0.489 0.488 0.473 0.467 0.468 0.466 0.456 0.435 0.401 0.360 0.324 0.293 0.263 0.233 0.199 0.164 0.134 0.111 0.095 0.083 0.073 0.065 0.061 0.059 0.059 0.059 0.061 0.062 0.063 0.063 0.062 0.060 0.057 0.053 0.048 0.042 0.035 0.027 0.021 0.016 0.011 0.007 0.004 0.003
32.358 31.604 30.879 29.984 29.032 27.836 26.535 24.842 22.857 20.459 17.649 14.880 12.533 10.576 8.931 7.552 6.377 5.374 4.498 3.737 3.077 2.502 2.009 1.592 1.260 1.013 0.838 0.714 0.623 0.560 0.530 0.528 0.537 0.530 0.502 0.471 0.465 0.466 0.462 0.449 0.426 0.392 0.348 0.302 0.257 0.214 0.174 0.139 0.112 0.093 0.079 0.069 0.061 0.054 0.049 0.045 0.042 0.041 0.039 0.039 0.039 0.039 0.040 0.041 0.041 0.041 0.039 0.036 0.031 0.025 0.019 0.014 0.009 0.006 0.004 0.002 0.001
32.019 31.383 30.634 29.852 29.012 27.949 26.811 25.200 23.323 21.041 18.316 15.465 12.983 10.907 9.177 7.739 6.521 5.495 4.602 3.818 3.147 2.565 2.066 1.647 1.308 1.049 0.870 0.755 0.682 0.636 0.609 0.591 0.569 0.537 0.486 0.441 0.424 0.420 0.411 0.395 0.372 0.340 0.300 0.252 0.200 0.153 0.117 0.092 0.076 0.065 0.056 0.049 0.044 0.039 0.035 0.032 0.030 0.027 0.025 0.024 0.023 0.022 0.023 0.024 0.025 0.025 0.025 0.023 0.020 0.016 0.011 0.008 0.005 0.003 0.001 0.001 0.000
31.326 30.858 30.239 29.646 28.878 27.932 26.819 25.264 23.468 21.263 18.607 15.711 13.170 11.029 9.251 7.781 6.559 5.516 4.619 3.836 3.159 2.573 2.073 1.659 1.322 1.064 0.881 0.769 0.708 0.672 0.640 0.605 0.563 0.506 0.428 0.362 0.323 0.297 0.275 0.255 0.236 0.217 0.196 0.169 0.137 0.104 0.079 0.062 0.051 0.044 0.039 0.034 0.031 0.027 0.024 0.022 0.019 0.017 0.015 0.013 0.012 0.012 0.012 0.012 0.013 0.014 0.014 0.013 0.011 0.009 0.006 0.004 0.002 0.001 0.000 0.000 0.000
30.484 30.120 29.638 29.192 28.507 27.667 26.622 25.157 23.438 21.274 18.712 15.857 13.272 11.097 9.280 7.777 6.547 5.490 4.585 3.796 3.115 2.537 2.048 1.647 1.319 1.065 0.882 0.766 0.704 0.665 0.625 0.575 0.507 0.418 0.311 0.223 0.164 0.131 0.112 0.100 0.094 0.092 0.091 0.088 0.080 0.067 0.052 0.041 0.034 0.029 0.026 0.023 0.020 0.018 0.016 0.014 0.012 0.010 0.008 0.007 0.006 0.005 0.005 0.005 0.006 0.006 0.006 0.006 0.005 0.004 0.003 0.001 0.001 0.000 0.000 0.000 0.000
29.353 29.048 28.685 28.326 27.763 27.046 26.146 24.848 23.250 21.193 18.693 15.880 13.262 11.076 9.260 7.753 6.486 5.409 4.487 3.687 3.005 2.436 1.970 1.593 1.290 1.053 0.870 0.737 0.650 0.589 0.528 0.457 0.366 0.255 0.156 0.095 0.063 0.047 0.039 0.036 0.035 0.035 0.038 0.040 0.041 0.039 0.033 0.026 0.022 0.019 0.016 0.015 0.013 0.011 0.009 0.008 0.006 0.005 0.004 0.003 0.002 0.002 0.002 0.002 0.002 0.002 0.002 0.002 0.002 0.001 0.001 0.000 0.000 0.000 0.000 0.000 0.000
28.141 27.886 27.545 27.207 26.786 26.177 25.409 24.297 22.806 20.902 18.543 15.856 13.254 11.065 9.225 7.690 6.380 5.261 4.300 3.474 2.789 2.245 1.821 1.491 1.226 1.000 0.795 0.621 0.489 0.391 0.310 0.234 0.161 0.098 0.057 0.034 0.023 0.017 0.015 0.014 0.014 0.014 0.015 0.018 0.020 0.020 0.019 0.016 0.014 0.012 0.010 0.009 0.007 0.006 0.005 0.004 0.003 0.002 0.002 0.001 0.001 0.001 0.001 0.001 0.001 0.001 0.001 0.001 0.000 0.000 0.000 0.000 0.000 0.000 0.000 0.000 0.000
26.820 26.471 26.122 25.778 25.380 24.920 24.254 23.354 22.054 20.336 18.182 15.670 13.120 10.962 9.132 7.569 6.219 5.047 4.036 3.183 2.490 1.958 1.568 1.279 1.036 0.797 0.554 0.351 0.221 0.149 0.105 0.073 0.048 0.031 0.019 0.013 0.009 0.007 0.007 0.006 0.007 0.007 0.007 0.008 0.010 0.011 0.011 0.010 0.009 0.007 0.006 0.005 0.004 0.003 0.002 0.002 0.001 0.001 0.001 0.000 0.000 0.000 0.000 0.000 0.000 0.000 0.000 0.000 0.000 0.000 0.000 0.000 0.000 0.000 0.000 0.000 0.000
25.480 24.902 24.431 24.049 23.637 23.247 22.664 21.937 20.891 19.406 17.485 15.188 12.796 10.740 8.949 7.383 5.992 4.751 3.647 2.709 1.967 1.416 1.037 0.775 0.559 0.360 0.201 0.105 0.059 0.040 0.029 0.021 0.015 0.011 0.008 0.006 0.005 0.004 0.004 0.004 0.004 0.005 0.005 0.006 0.006 0.007 0.007 0.007 0.007 0.006 0.004 0.003 0.002 0.001 0.001 0.001 0.000 0.000 0.000 0.000 0.000 0.000 0.000 0.000 0.000 0.000 0.000 0.000 0.000 0.000 0.000 0.000 0.000 0.000 0.000 0.000 0.000
24.177 23.325 22.632 22.065 21.611 21.167 20.673 20.032 19.185 17.950 16.300 14.290 12.131 10.232 8.525 6.936 5.419 3.989 2.698 1.667 0.989 0.601 0.388 0.257 0.162 0.091 0.047 0.026 0.018 0.014 0.011 0.009 0.007 0.006 0.005 0.005 0.004 0.004 0.004 0.004 0.004 0.004 0.005 0.005 0.006 0.006 0.007 0.007 0.006 0.005 0.004 0.002 0.001 0.001 0.000 0.000 0.000 0.000 0.000 0.000 0.000 0.000 0.000 0.000 0.000 0.000 0.000 0.000 0.000 0.000 0.000 0.000 0.000 0.000 0.000 0.000 0.000
22.965 21.782 20.724 19.858 19.241 18.706 18.222 17.678 17.029 16.039 14.662 12.892 10.823 8.815 7.016 5.326 3.655 2.163 1.113 0.536 0.277 0.167 0.111 0.076 0.051 0.033 0.022 0.016 0.013 0.010 0.008 0.007 0.006 0.006 0.005 0.005 0.004 0.004 0.004 0.004 0.004 0.005 0.006 0.006 0.007 0.007 0.008 0.008 0.007 0.006 0.004 0.002 0.001 0.001 0.000 0.000 0.000 0.000 0.000 0.000 0.000 0.000 0.000 0.000 0.000 0.000 0.000 0.000 0.000 0.000 0.000 0.000 0.000 0.000 0.000 0.000 0.000
21.631 20.179 18.818 17.631 16.685 15.963 15.396 14.873 14.262 13.389 12.131 10.381 8.086 5.646 3.716 2.308 1.282 0.612 0.266 0.135 0.092 0.075 0.062 0.051 0.040 0.030 0.023 0.018 0.014 0.011 0.009 0.008 0.007 0.006 0.006 0.005 0.005 0.004 0.004 0.005 0.006 0.008 0.010 0.011 0.012 0.013 0.013 0.013 0.011 0.008 0.005 0.003 0.002 0.001 0.000 0.000 0.000 0.000 0.000 0.000 0.000 0.000 0.000 0.000 0.000 0.000 0.000 0.000 0.000 0.000 0.000 0.000 0.000 0.000 0.000 0.000 0.000
20.078 18.449 16.952 15.597 14.363 13.274 12.279 11.335 10.285 9.080 7.611 5.810 3.803 2.114 1.099 0.561 0.286 0.154 0.102 0.086 0.078 0.072 0.066 0.059 0.051 0.044 0.037 0.030 0.023 0.018 0.014 0.011 0.010 0.009 0.008 0.007 0.007 0.007 0.007 0.009 0.013 0.020 0.025 0.029 0.030 0.030 0.028 0.025 0.019 0.014 0.009 0.005 0.003 0.002 0.001 0.000 0.000 0.000 0.000 0.000 0.000 0.000 0.000 0.000 0.000 0.000 0.000 0.000 0.000 0.000 0.000 0.000 0.000 0.000 0.000 0.000 0.000
18.318 16.612 15.085 13.650 12.259 10.883 9.389 7.659 5.944 4.454 3.155 2.018 1.103 0.530 0.262 0.157 0.116 0.102 0.097 0.098 0.101 0.104 0.103 0.099 0.092 0.084 0.074 0.062 0.048 0.037 0.030 0.025 0.021 0.019 0.017 0.017 0.016 0.017 0.020 0.028 0.044 0.062 0.075 0.080 0.077 0.068 0.057 0.044 0.032 0.022 0.014 0.009 0.006 0.003 0.002 0.001 0.000 0.000 0.000 0.000 0.000 0.000 0.000 0.000 0.000 0.000 0.000 0.000 0.000 0.000 0.000 0.000 0.000 0.000 0.000 0.000 0.000
16.577 14.830 13.258 11.750 10.238 8.597 6.623 4.519 2.836 1.682 0.963 0.532 0.290 0.174 0.127 0.112 0.109 0.117 0.135 0.161 0.182 0.193 0.195 0.192 0.187 0.178 0.163 0.140 0.114 0.094 0.079 0.068 0.061 0.057 0.055 0.055 0.057 0.064 0.080 0.110 0.153 0.188 0.202 0.189 0.156 0.124 0.095 0.068 0.048 0.032 0.022 0.014 0.009 0.005 0.003 0.001 0.000 0.000 0.000 0.000 0.000 0.000 0.000 0.000 0.000 0.000 0.000 0.000 0.000 0.000 0.000 0.000 0.000 0.000 0.000 0.000 0.000
14.841 13.013 11.291 9.613 7.830 5.821 3.768 2.097 1.041 0.517 0.296 0.201 0.158 0.137 0.128 0.132 0.151 0.189 0.246 0.304 0.344 0.364 0.376 0.387 0.392 0.387 0.368 0.335 0.293 0.256 0.231 0.214 0.204 0.200 0.200 0.206 0.222 0.253 0.304 0.372 0.428 0.451 0.406 0.321 0.241 0.181 0.133 0.095 0.066 0.046 0.031 0.021 0.013 0.008 0.005 0.002 0.001 0.000 0.000 0.000 0.000 0.000 0.000 0.000 0.000 0.000 0.000 0.000 0.000 0.000 0.000 0.000 0.000 0.000 0.000 0.000 0.000
13.001 11.085 9.158 7.161 5.098 3.189 1.699 0.772 0.359 0.224 0.181 0.166 0.160 0.165 0.183 0.217 0.273 0.353 0.455 0.545 0.609 0.660 0.712 0.763 0.794 0.803 0.792 0.765 0.718 0.672 0.649 0.638 0.637 0.640 0.648 0.666 0.706 0.767 0.828 0.862 0.819 0.703 0.545 0.404 0.301 0.224 0.164 0.118 0.083 0.058 0.039 0.026 0.017 0.010 0.006 0.003 0.001 0.000 0.000 0.000 0.000 0.000 0.000 0.000 0.000 0.000 0.000 0.000 0.000 0.000 0.000 0.000 0.000 0.000 0.000 0.000 0.000
10.856 8.876 6.841 4.790 2.944 1.546 0.709 0.345 0.232 0.199 0.190 0.199 0.224 0.266 0.325 0.403 0.504 0.630 0.778 0.909 1.023 1.133 1.250 1.353 1.424 1.463 1.477 1.473 1.447 1.417 1.414 1.436 1.469 1.494 1.505 1.503 1.495 1.458 1.373 1.236 1.036 0.809 0.609 0.459 0.346 0.258 0.189 0.136 0.096 0.066 0.045 0.030 0.019 0.012 0.007 0.003 0.001 0.000 0.000 0.000 0.000 0.000 0.000 0.000 0.000 0.000 0.000 0.000 0.000 0.000 0.000 0.000 0.000 0.000 0.000 0.000 0.000
8.275 6.299 4.402 2.756 1.510 0.746 0.401 0.283 0.246 0.244 0.268 0.315 0.383 0.470 0.576 0.705 0.858 1.041 1.245 1.438 1.621 1.799 1.969 2.115 2.226 2.307 2.361 2.391 2.404 2.412 2.446 2.493 2.514 2.473 2.378 2.234 2.059 1.859 1.631 1.371 1.097 0.852 0.656 0.501 0.379 0.281 0.205 0.147 0.103 0.071 0.048 0.032 0.020 0.012 0.007 0.003 0.001 0.000 0.000 0.000 0.000 0.000 0.000 0.000 0.000 0.000 0.000 0.000 0.000 0.000 0.000 0.000 0.000 0.000 0.000 0.000 0.000
5.449 3.821 2.448 1.431 0.801 0.497 0.374 0.332 0.344 0.387 0.455 0.546 0.659 0.791 0.949 1.139 1.363 1.622 1.905 2.176 2.433 2.665 2.862 3.025 3.154 3.254 3.325 3.377 3.417 3.446 3.459 3.415 3.316 3.147 2.915 2.638 2.338 2.031 1.721 1.415 1.132 0.890 0.689 0.528 0.397 0.293 0.213 0.152 0.106 0.073 0.049 0.032 0.021 0.013 0.007 0.003 0.001 0.000 0.000 0.000 0.000 0.000 0.000 0.000 0.000 0.000 0.000 0.000 0.000 0.000 0.000 0.000 0.000 0.000 0.000 0.000 0.000
3.127 2.045 1.277 0.820 0.600 0.501 0.468 0.501 0.570 0.665 0.779 0.913 1.068 1.249 1.470 1.738 2.059 2.427 2.812 3.171 3.497 3.776 3.997 4.167 4.301 4.397 4.470 4.516 4.537 4.502 4.390 4.200 3.947 3.632 3.274 2.893 2.510 2.136 1.784 1.455 1.164 0.913 0.706 0.538 0.403 0.297 0.215 0.153 0.107 0.073 0.049 0.032 0.021 0.013 0.007 0.003 0.001 0.000 0.000 0.000 0.000 0.000 0.000 0.000 0.000 0.000 0.000 0.000 0.000 0.000 0.000 0.000 0.000 0.000 0.000 0.000 0.000
1.584 1.061 0.781 0.669 0.630 0.648 0.718 0.828 0.959 1.104 1.262 1.436 1.636 1.877 2.178 2.549 3.001 3.518 4.017 4.466 4.851 5.160 5.390 5.549 5.651 5.702 5.724 5.704 5.606 5.419 5.145 4.800 4.403 3.964 3.516 3.060 2.619 2.202 1.821 1.476 1.176 0.921 0.710 0.540 0.404 0.297 0.214 0.152 0.106 0.072 0.049 0.032 0.020 0.012 0.007 0.003 0.001 0.000 0.000 0.000 0.000 0.000 0.000 0.000 0.000 0.000 0.000 0.000 0.000 0.000 0.000 0.000 0.000 0.000 0.000 0.000 0.000
0.814 0.686 0.677 0.728 0.829 0.983 1.160 1.345 1.533 1.725 1.926 2.144 2.400 2.715 3.117 3.630 4.253 4.894 5.441 5.876 6.219 6.470 6.623 6.718 6.760 6.768 6.722 6.603 6.380 6.065 5.652 5.170 4.659 4.138 3.637 3.139 2.665 2.226 1.829 1.479 1.175 0.919 0.707 0.535 0.398 0.291 0.209 0.148 0.102 0.070 0.046 0.030 0.019 0.012 0.006 0.003 0.001 0.000 0.000 0.000 0.000 0.000 0.000 0.000 0.000 0.000 0.000 0.000 0.000 0.000 0.000 0.000 0.000 0.000 0.000 0.000 0.000
0.544 0.613 0.753 0.963 1.244 1.543 1.819 2.071 2.314 2.558 2.807 3.076 3.401 3.799 4.298 4.894 5.546 6.126 6.609 6.970 7.241 7.420 7.496 7.537 7.539 7.505 7.396 7.173 6.853 6.441 5.926 5.345 4.758 4.199 3.671 3.157 2.670 2.223 1.820 1.465 1.159 0.901 0.689 0.518 0.383 0.277 0.198 0.138 0.095 0.064 0.042 0.027 0.017 0.010 0.006 0.003 0.001 0.000 0.000 0.000 0.000 0.000 0.000 0.000 0.000 0.000 0.000 0.000 0.000 0.000 0.000 0.000 0.000 0.000 0.000 0.000 0.000
0.483 0.675 0.976 1.405 1.901 2.342 2.714 3.030 3.323 3.607 3.893 4.186 4.515 4.897 5.356 5.905 6.489 6.985 7.398 7.694 7.900 8.003 8.033 8.034 8.007 7.922 7.751 7.462 7.076 6.593 6.018 5.390 4.769 4.204 3.659 3.140 2.645 2.190 1.781 1.421 1.113 0.856 0.648 0.482 0.352 0.252 0.177 0.123 0.083 0.055 0.036 0.023 0.014 0.008 0.005 0.002 0.001 0.000 0.000 0.000 0.000 0.000 0.000 0.000 0.000 0.000 0.000 0.000 0.000 0.000 0.000 0.000 0.000 0.000 0.000 0.000 0.000
0.514 0.844 1.358 2.050 2.725 3.251 3.671 4.013 4.302 4.570 4.832 5.096 5.383 5.708 6.090 6.563 7.072 7.501 7.842 8.089 8.228 8.288 8.299 8.276 8.221 8.094 7.871 7.550 7.128 6.614 6.016 5.366 4.727 4.145 3.584 3.058 2.557 2.099 1.689 1.332 1.029 0.780 0.580 0.424 0.305 0.215 0.148 0.100 0.066 0.043 0.027 0.017 0.010 0.006 0.003 0.001 0.000 0.000 0.000 0.000 0.000 0.000 0.000 0.000 0.000 0.000 0.000 0.000 0.000 0.000 0.000 0.000 0.000 0.000 0.000 0.000 0.000
0.605 1.103 1.796 2.627 3.364 3.942 4.391 4.739 5.013 5.257 5.481 5.708 5.944 6.210 6.520 6.907 7.358 7.740 8.025 8.230 8.332 8.375 8.372 8.342 8.268 8.116 7.875 7.532 7.086 6.547 5.925 5.243 4.583 3.974 3.403 2.872 2.377 1.929 1.531 1.187 0.901 0.668 0.485 0.345 0.241 0.165 0.111 0.074 0.048 0.031 0.019 0.012 0.007 0.004 0.002 0.001 0.000 0.000 0.000 0.000 0.000 0.000 0.000 0.000 0.000 0.000 0.000 0.000 0.000 0.000 0.000 0.000 0.000 0.000 0.000 0.000 0.000
0.743 1.347 2.106 2.986 3.771 4.388 4.859 5.201 5.464 5.672 5.863 6.045 6.232 6.445 6.713 7.038 7.448 7.795 8.055 8.233 8.331 8.360 8.354 8.312 8.212 8.026 7.753 7.370 6.888 6.314 5.666 4.969 4.294 3.669 3.091 2.565 2.092 1.671 1.302 0.986 0.727 0.522 0.367 0.254 0.174 0.118 0.079 0.052 0.033 0.021 0.013 0.008 0.004 0.002 0.001 0.000 0.000 0.000 0.000 0.000 0.000 0.000 0.000 0.000 0.000 0.000 0.000 0.000 0.000 0.000 0.000 0.000 0.000 0.000 0.000 0.000 0.000
0.878 1.507 2.265 3.153 3.972 4.608 5.095 5.447 5.692 5.870 6.029 6.177 6.330 6.509 6.755 7.057 7.443 7.756 7.983 8.131 8.204 8.217 8.198 8.122 7.976 7.738 7.401 6.962 6.441 5.835 5.178 4.495 3.826 3.205 2.639 2.139 1.705 1.332 1.011 0.741 0.529 0.372 0.259 0.179 0.122 0.082 0.054 0.035 0.022 0.014 0.008 0.005 0.003 0.001 0.000 0.000 0.000 0.000 0.000 0.000 0.000 0.000 0.000 0.000 0.000 0.000 0.000 0.000 0.000 0.000 0.000 0.000 0.000 0.000 0.000 0.000 0.000
