RESULTS/r.avaflow_results/14_results/14_ascii/14_hflow30026.asc
ncols 506
nrows 317
xllcenter 498237.50
yllcenter 5580050.00
cellsize 12.50
NODATA_value -9999.000
[rows 204 to 237 of 317, columns 308 to 384 of 506]
0.532 0.924 1.435 1.871 2.099 2.165 2.127 2.049 1.954 1.862 1.781 1.704 1.612 1.464 1.281 1.149 1.108 1.126 1.173 1.215 1.235 1.204 1.111 0.987 0.880 0.801 0.742 0.697 0.657 0.606 0.515 0.346 0.176 0.079 0.031 0.010 0.003 0.001 0.000 0.000 0.000 0.000 0.000 0.000 0.000 0.000 0.000 0.000 0.000 0.000 0.000 0.000 0.000 0.000 0.000 0.000 0.000 0.000 0.000 0.000 0.000 0.000 0.000 0.000 0.000 0.000 0.000 0.000 0.000 0.000 0.000 0.000 0.000 0.000 0.000 0.000 0.000
0.992 1.620 2.100 2.298 2.337 2.268 2.136 1.960 1.772 1.624 1.497 1.366 1.197 1.005 0.872 0.826 0.825 0.836 0.848 0.826 0.775 0.698 0.607 0.530 0.476 0.438 0.409 0.386 0.365 0.338 0.283 0.180 0.088 0.039 0.015 0.005 0.002 0.000 0.000 0.000 0.000 0.000 0.000 0.000 0.000 0.000 0.000 0.000 0.000 0.000 0.000 0.000 0.000 0.000 0.000 0.000 0.000 0.000 0.000 0.000 0.000 0.000 0.000 0.000 0.000 0.000 0.000 0.000 0.000 0.000 0.000 0.000 0.000 0.000 0.000 0.000 0.000
1.717 2.278 2.482 2.499 2.422 2.271 2.060 1.782 1.507 1.293 1.117 0.959 0.808 0.692 0.638 0.627 0.627 0.615 0.572 0.495 0.427 0.379 0.343 0.314 0.290 0.271 0.256 0.243 0.228 0.207 0.164 0.096 0.046 0.020 0.008 0.003 0.001 0.000 0.000 0.000 0.000 0.000 0.000 0.000 0.000 0.000 0.000 0.000 0.000 0.000 0.000 0.000 0.000 0.000 0.000 0.000 0.000 0.000 0.000 0.000 0.000 0.000 0.000 0.000 0.000 0.000 0.000 0.000 0.000 0.000 0.000 0.000 0.000 0.000 0.000 0.000 0.000
2.318 2.562 2.590 2.536 2.394 2.158 1.849 1.506 1.190 0.941 0.764 0.642 0.556 0.509 0.493 0.490 0.484 0.457 0.395 0.318 0.269 0.243 0.229 0.217 0.205 0.197 0.189 0.181 0.170 0.150 0.111 0.061 0.030 0.013 0.006 0.002 0.001 0.000 0.000 0.000 0.000 0.000 0.000 0.000 0.000 0.000 0.000 0.000 0.000 0.000 0.000 0.000 0.000 0.000 0.000 0.000 0.000 0.000 0.000 0.000 0.000 0.000 0.000 0.000 0.000 0.000 0.000 0.000 0.000 0.000 0.000 0.000 0.000 0.000 0.000 0.000 0.000
2.506 2.577 2.555 2.424 2.166 1.802 1.417 1.079 0.817 0.630 0.508 0.436 0.402 0.391 0.391 0.389 0.379 0.345 0.284 0.227 0.197 0.183 0.176 0.171 0.167 0.165 0.163 0.159 0.150 0.130 0.091 0.051 0.026 0.012 0.005 0.002 0.001 0.000 0.000 0.000 0.000 0.000 0.000 0.000 0.000 0.000 0.000 0.000 0.000 0.000 0.000 0.000 0.000 0.000 0.000 0.000 0.000 0.000 0.000 0.000 0.000 0.000 0.000 0.000 0.000 0.000 0.000 0.000 0.000 0.000 0.000 0.000 0.000 0.000 0.000 0.000 0.000
2.454 2.433 2.282 1.969 1.551 1.141 0.842 0.643 0.505 0.410 0.349 0.317 0.308 0.311 0.314 0.312 0.302 0.272 0.221 0.183 0.163 0.156 0.153 0.151 0.152 0.154 0.155 0.153 0.146 0.126 0.088 0.049 0.025 0.012 0.005 0.002 0.001 0.000 0.000 0.000 0.000 0.000 0.000 0.000 0.000 0.000 0.000 0.000 0.000 0.000 0.000 0.000 0.000 0.000 0.000 0.000 0.000 0.000 0.000 0.000 0.000 0.000 0.000 0.000 0.000 0.000 0.000 0.000 0.000 0.000 0.000 0.000 0.000 0.000 0.000 0.000 0.000
2.197 1.981 1.571 1.130 0.801 0.601 0.473 0.387 0.326 0.284 0.260 0.250 0.250 0.254 0.257 0.255 0.247 0.225 0.188 0.161 0.149 0.144 0.144 0.145 0.148 0.152 0.154 0.153 0.147 0.128 0.092 0.053 0.028 0.014 0.007 0.003 0.001 0.000 0.000 0.000 0.000 0.000 0.000 0.000 0.000 0.000 0.000 0.000 0.000 0.000 0.000 0.000 0.000 0.000 0.000 0.000 0.000 0.000 0.000 0.000 0.000 0.000 0.000 0.000 0.000 0.000 0.000 0.000 0.000 0.000 0.000 0.000 0.000 0.000 0.000 0.000 0.000
1.618 1.182 0.785 0.549 0.415 0.339 0.291 0.259 0.235 0.219 0.211 0.209 0.210 0.213 0.215 0.215 0.210 0.196 0.172 0.152 0.144 0.142 0.142 0.145 0.149 0.154 0.158 0.159 0.155 0.139 0.106 0.066 0.038 0.020 0.010 0.005 0.002 0.001 0.000 0.000 0.000 0.000 0.000 0.000 0.000 0.000 0.000 0.000 0.000 0.000 0.000 0.000 0.000 0.000 0.000 0.000 0.000 0.000 0.000 0.000 0.000 0.000 0.000 0.000 0.000 0.000 0.000 0.000 0.000 0.000 0.000 0.000 0.000 0.000 0.000 0.000 0.000
0.875 0.569 0.391 0.297 0.248 0.222 0.207 0.197 0.189 0.184 0.182 0.182 0.182 0.184 0.186 0.187 0.186 0.179 0.163 0.149 0.143 0.142 0.143 0.146 0.153 0.162 0.170 0.173 0.171 0.160 0.133 0.093 0.058 0.034 0.018 0.010 0.005 0.002 0.001 0.000 0.000 0.000 0.000 0.000 0.000 0.000 0.000 0.000 0.000 0.000 0.000 0.000 0.000 0.000 0.000 0.000 0.000 0.000 0.000 0.000 0.000 0.000 0.000 0.000 0.000 0.000 0.000 0.000 0.000 0.000 0.000 0.000 0.000 0.000 0.000 0.000 0.000
0.408 0.287 0.221 0.190 0.176 0.171 0.169 0.167 0.164 0.163 0.162 0.162 0.163 0.165 0.167 0.170 0.171 0.169 0.161 0.149 0.144 0.143 0.145 0.151 0.161 0.175 0.188 0.194 0.195 0.190 0.171 0.136 0.093 0.058 0.035 0.020 0.011 0.006 0.003 0.002 0.001 0.000 0.000 0.000 0.000 0.000 0.000 0.000 0.000 0.000 0.000 0.000 0.000 0.000 0.000 0.000 0.000 0.000 0.000 0.000 0.000 0.000 0.000 0.000 0.000 0.000 0.000 0.000 0.000 0.000 0.000 0.000 0.000 0.000 0.000 0.000 0.000
0.210 0.169 0.150 0.145 0.146 0.149 0.151 0.151 0.150 0.149 0.149 0.150 0.152 0.154 0.157 0.160 0.163 0.164 0.161 0.154 0.149 0.149 0.151 0.159 0.172 0.189 0.207 0.219 0.224 0.224 0.215 0.190 0.146 0.100 0.064 0.040 0.025 0.016 0.010 0.006 0.004 0.002 0.001 0.000 0.000 0.000 0.000 0.000 0.000 0.000 0.000 0.000 0.000 0.000 0.000 0.000 0.000 0.000 0.000 0.000 0.000 0.000 0.000 0.000 0.000 0.000 0.000 0.000 0.000 0.000 0.000 0.000 0.000 0.000 0.000 0.000 0.000
0.135 0.124 0.122 0.126 0.136 0.142 0.144 0.144 0.141 0.140 0.141 0.143 0.147 0.151 0.154 0.157 0.161 0.163 0.164 0.162 0.160 0.162 0.166 0.174 0.187 0.204 0.224 0.242 0.255 0.262 0.261 0.248 0.213 0.163 0.115 0.080 0.056 0.040 0.029 0.021 0.014 0.009 0.005 0.002 0.001 0.000 0.000 0.000 0.000 0.000 0.000 0.000 0.000 0.000 0.000 0.000 0.000 0.000 0.000 0.000 0.000 0.000 0.000 0.000 0.000 0.000 0.000 0.000 0.000 0.000 0.000 0.000 0.000 0.000 0.000 0.000 0.000
0.108 0.107 0.111 0.121 0.134 0.141 0.143 0.141 0.136 0.135 0.136 0.140 0.146 0.150 0.154 0.157 0.161 0.165 0.170 0.175 0.180 0.188 0.196 0.205 0.215 0.228 0.245 0.265 0.285 0.302 0.310 0.307 0.289 0.249 0.196 0.151 0.118 0.095 0.077 0.062 0.047 0.034 0.021 0.011 0.004 0.001 0.000 0.000 0.000 0.000 0.000 0.000 0.000 0.000 0.000 0.000 0.000 0.000 0.000 0.000 0.000 0.000 0.000 0.000 0.000 0.000 0.000 0.000 0.000 0.000 0.000 0.000 0.000 0.000 0.000 0.000 0.000
0.100 0.102 0.108 0.120 0.135 0.142 0.143 0.141 0.135 0.132 0.133 0.138 0.145 0.151 0.156 0.160 0.165 0.171 0.179 0.192 0.209 0.226 0.243 0.255 0.264 0.273 0.284 0.299 0.320 0.347 0.370 0.380 0.378 0.358 0.317 0.270 0.234 0.206 0.181 0.155 0.129 0.103 0.074 0.044 0.020 0.007 0.002 0.000 0.000 0.000 0.000 0.000 0.000 0.000 0.000 0.000 0.000 0.000 0.000 0.000 0.000 0.000 0.000 0.000 0.000 0.000 0.000 0.000 0.000 0.000 0.000 0.000 0.000 0.000 0.000 0.000 0.000
0.097 0.101 0.108 0.122 0.136 0.144 0.145 0.142 0.135 0.132 0.132 0.136 0.144 0.153 0.160 0.166 0.174 0.182 0.194 0.212 0.238 0.264 0.289 0.312 0.329 0.340 0.350 0.362 0.382 0.415 0.458 0.489 0.505 0.509 0.495 0.470 0.444 0.416 0.383 0.345 0.303 0.259 0.209 0.146 0.074 0.028 0.008 0.002 0.000 0.000 0.000 0.000 0.000 0.000 0.000 0.000 0.000 0.000 0.000 0.000 0.000 0.000 0.000 0.000 0.000 0.000 0.000 0.000 0.000 0.000 0.000 0.000 0.000 0.000 0.000 0.000 0.000
0.097 0.102 0.111 0.125 0.139 0.146 0.147 0.145 0.138 0.134 0.134 0.136 0.142 0.152 0.164 0.175 0.186 0.198 0.212 0.232 0.262 0.295 0.326 0.358 0.393 0.421 0.442 0.462 0.488 0.535 0.603 0.662 0.707 0.746 0.782 0.806 0.806 0.788 0.746 0.690 0.629 0.566 0.491 0.381 0.217 0.089 0.028 0.006 0.001 0.000 0.000 0.000 0.000 0.000 0.000 0.000 0.000 0.000 0.000 0.000 0.000 0.000 0.000 0.000 0.000 0.000 0.000 0.000 0.000 0.000 0.000 0.000 0.000 0.000 0.000 0.000 0.000
0.100 0.105 0.115 0.131 0.144 0.150 0.152 0.151 0.147 0.142 0.138 0.138 0.142 0.152 0.168 0.185 0.200 0.216 0.233 0.255 0.286 0.323 0.360 0.399 0.449 0.503 0.549 0.594 0.648 0.731 0.847 0.951 1.039 1.130 1.228 1.304 1.336 1.333 1.301 1.248 1.185 1.110 1.002 0.817 0.507 0.224 0.076 0.019 0.003 0.000 0.000 0.000 0.000 0.000 0.000 0.000 0.000 0.000 0.000 0.000 0.000 0.000 0.000 0.000 0.000 0.000 0.000 0.000 0.000 0.000 0.000 0.000 0.000 0.000 0.000 0.000 0.000
0.106 0.112 0.123 0.138 0.150 0.158 0.163 0.167 0.166 0.161 0.153 0.149 0.151 0.160 0.177 0.199 0.220 0.239 0.258 0.281 0.312 0.352 0.396 0.445 0.506 0.581 0.660 0.743 0.843 0.970 1.127 1.273 1.385 1.480 1.566 1.628 1.665 1.691 1.712 1.709 1.682 1.613 1.480 1.245 0.839 0.406 0.154 0.044 0.009 0.001 0.000 0.000 0.000 0.000 0.000 0.000 0.000 0.000 0.000 0.000 0.000 0.000 0.000 0.000 0.000 0.000 0.000 0.000 0.000 0.000 0.000 0.000 0.000 0.000 0.000 0.000 0.000
0.116 0.125 0.135 0.148 0.160 0.172 0.188 0.203 0.208 0.205 0.193 0.186 0.186 0.193 0.209 0.233 0.258 0.279 0.300 0.323 0.353 0.395 0.448 0.509 0.581 0.668 0.770 0.880 0.998 1.128 1.277 1.428 1.540 1.615 1.667 1.704 1.738 1.791 1.846 1.862 1.850 1.791 1.660 1.421 1.005 0.509 0.204 0.063 0.014 0.002 0.000 0.000 0.000 0.000 0.000 0.000 0.000 0.000 0.000 0.000 0.000 0.000 0.000 0.000 0.000 0.000 0.000 0.000 0.000 0.000 0.000 0.000 0.000 0.000 0.000 0.000 0.000
0.134 0.145 0.157 0.169 0.183 0.203 0.238 0.283 0.304 0.306 0.296 0.285 0.284 0.290 0.304 0.325 0.348 0.368 0.387 0.408 0.437 0.480 0.539 0.614 0.700 0.798 0.903 1.009 1.108 1.207 1.321 1.457 1.563 1.626 1.659 1.681 1.707 1.767 1.831 1.850 1.844 1.796 1.673 1.443 1.044 0.539 0.221 0.070 0.017 0.003 0.000 0.000 0.000 0.000 0.000 0.000 0.000 0.000 0.000 0.000 0.000 0.000 0.000 0.000 0.000 0.000 0.000 0.000 0.000 0.000 0.000 0.000 0.000 0.000 0.000 0.000 0.000
0.170 0.186 0.203 0.221 0.244 0.283 0.355 0.459 0.520 0.538 0.534 0.521 0.518 0.525 0.538 0.548 0.553 0.558 0.567 0.581 0.602 0.638 0.700 0.788 0.887 0.977 1.051 1.113 1.173 1.240 1.329 1.447 1.540 1.584 1.595 1.591 1.598 1.640 1.696 1.716 1.717 1.685 1.581 1.375 1.013 0.530 0.218 0.070 0.017 0.003 0.000 0.000 0.000 0.000 0.000 0.000 0.000 0.000 0.000 0.000 0.000 0.000 0.000 0.000 0.000 0.000 0.000 0.000 0.000 0.000 0.000 0.000 0.000 0.000 0.000 0.000 0.000
0.261 0.289 0.320 0.357 0.407 0.486 0.628 0.819 0.934 0.971 0.972 0.965 0.967 0.973 0.976 0.959 0.917 0.869 0.843 0.835 0.841 0.864 0.913 0.988 1.050 1.093 1.128 1.160 1.196 1.248 1.325 1.411 1.466 1.482 1.464 1.421 1.379 1.363 1.373 1.379 1.379 1.361 1.295 1.151 0.880 0.473 0.195 0.063 0.016 0.003 0.000 0.000 0.000 0.000 0.000 0.000 0.000 0.000 0.000 0.000 0.000 0.000 0.000 0.000 0.000 0.000 0.000 0.000 0.000 0.000 0.000 0.000 0.000 0.000 0.000 0.000 0.000
0.432 0.484 0.540 0.608 0.701 0.838 1.039 1.234 1.341 1.372 1.373 1.374 1.384 1.385 1.364 1.304 1.202 1.090 1.018 0.990 0.990 1.003 1.037 1.087 1.113 1.127 1.142 1.163 1.192 1.239 1.297 1.331 1.332 1.301 1.231 1.116 0.985 0.891 0.846 0.830 0.826 0.825 0.813 0.764 0.627 0.353 0.144 0.047 0.012 0.002 0.000 0.000 0.000 0.000 0.000 0.000 0.000 0.000 0.000 0.000 0.000 0.000 0.000 0.000 0.000 0.000 0.000 0.000 0.000 0.000 0.000 0.000 0.000 0.000 0.000 0.000 0.000
0.540 0.613 0.689 0.774 0.887 1.048 1.253 1.406 1.488 1.518 1.523 1.524 1.534 1.533 1.500 1.418 1.291 1.159 1.070 1.032 1.028 1.037 1.063 1.097 1.110 1.114 1.117 1.125 1.143 1.173 1.191 1.172 1.111 1.004 0.854 0.697 0.575 0.506 0.475 0.461 0.457 0.457 0.455 0.437 0.366 0.205 0.080 0.025 0.006 0.001 0.000 0.000 0.000 0.000 0.000 0.000 0.000 0.000 0.000 0.000 0.000 0.000 0.000 0.000 0.000 0.000 0.000 0.000 0.000 0.000 0.000 0.000 0.000 0.000 0.000 0.000 0.000
0.552 0.630 0.709 0.795 0.906 1.068 1.247 1.365 1.427 1.455 1.462 1.461 1.459 1.453 1.423 1.349 1.235 1.114 1.031 0.994 0.988 0.992 1.007 1.024 1.028 1.022 1.008 0.995 0.983 0.969 0.940 0.877 0.770 0.628 0.495 0.400 0.338 0.304 0.286 0.275 0.269 0.265 0.259 0.243 0.194 0.101 0.038 0.012 0.003 0.001 0.000 0.000 0.000 0.000 0.000 0.000 0.000 0.000 0.000 0.000 0.000 0.000 0.000 0.000 0.000 0.000 0.000 0.000 0.000 0.000 0.000 0.000 0.000 0.000 0.000 0.000 0.000
0.454 0.522 0.589 0.660 0.752 0.877 0.985 1.043 1.068 1.082 1.086 1.076 1.048 1.019 0.999 0.974 0.930 0.866 0.815 0.795 0.793 0.794 0.796 0.795 0.787 0.770 0.741 0.696 0.639 0.584 0.533 0.483 0.425 0.346 0.275 0.229 0.203 0.188 0.178 0.171 0.165 0.158 0.148 0.130 0.093 0.044 0.016 0.005 0.001 0.000 0.000 0.000 0.000 0.000 0.000 0.000 0.000 0.000 0.000 0.000 0.000 0.000 0.000 0.000 0.000 0.000 0.000 0.000 0.000 0.000 0.000 0.000 0.000 0.000 0.000 0.000 0.000
0.234 0.268 0.302 0.339 0.388 0.435 0.456 0.463 0.467 0.471 0.471 0.461 0.433 0.409 0.404 0.411 0.420 0.417 0.413 0.417 0.424 0.426 0.421 0.411 0.400 0.386 0.367 0.336 0.298 0.270 0.249 0.232 0.213 0.183 0.153 0.133 0.123 0.117 0.112 0.107 0.101 0.094 0.083 0.064 0.039 0.017 0.006 0.002 0.000 0.000 0.000 0.000 0.000 0.000 0.000 0.000 0.000 0.000 0.000 0.000 0.000 0.000 0.000 0.000 0.000 0.000 0.000 0.000 0.000 0.000 0.000 0.000 0.000 0.000 0.000 0.000 0.000
0.089 0.097 0.106 0.118 0.134 0.145 0.149 0.150 0.152 0.154 0.153 0.149 0.137 0.129 0.128 0.133 0.143 0.150 0.155 0.162 0.170 0.175 0.177 0.176 0.173 0.167 0.159 0.147 0.133 0.122 0.115 0.110 0.104 0.096 0.086 0.080 0.075 0.072 0.070 0.066 0.061 0.054 0.043 0.029 0.015 0.007 0.002 0.001 0.000 0.000 0.000 0.000 0.000 0.000 0.000 0.000 0.000 0.000 0.000 0.000 0.000 0.000 0.000 0.000 0.000 0.000 0.000 0.000 0.000 0.000 0.000 0.000 0.000 0.000 0.000 0.000 0.000
0.038 0.039 0.042 0.046 0.050 0.053 0.054 0.055 0.056 0.056 0.056 0.055 0.051 0.049 0.049 0.050 0.053 0.057 0.061 0.065 0.070 0.075 0.078 0.079 0.078 0.076 0.073 0.068 0.062 0.059 0.057 0.055 0.054 0.053 0.050 0.048 0.047 0.045 0.043 0.040 0.035 0.029 0.021 0.012 0.006 0.002 0.001 0.000 0.000 0.000 0.000 0.000 0.000 0.000 0.000 0.000 0.000 0.000 0.000 0.000 0.000 0.000 0.000 0.000 0.000 0.000 0.000 0.000 0.000 0.000 0.000 0.000 0.000 0.000 0.000 0.000 0.000
0.021 0.021 0.022 0.024 0.025 0.025 0.026 0.026 0.027 0.027 0.027 0.027 0.026 0.025 0.025 0.025 0.026 0.027 0.029 0.031 0.034 0.038 0.039 0.040 0.040 0.039 0.038 0.036 0.033 0.032 0.031 0.031 0.031 0.031 0.030 0.030 0.029 0.027 0.026 0.023 0.019 0.014 0.009 0.005 0.002 0.001 0.000 0.000 0.000 0.000 0.000 0.000 0.000 0.000 0.000 0.000 0.000 0.000 0.000 0.000 0.000 0.000 0.000 0.000 0.000 0.000 0.000 0.000 0.000 0.000 0.000 0.000 0.000 0.000 0.000 0.000 0.000
0.013 0.014 0.014 0.015 0.015 0.015 0.016 0.016 0.016 0.016 0.017 0.016 0.016 0.016 0.016 0.016 0.016 0.016 0.017 0.018 0.020 0.022 0.023 0.023 0.023 0.023 0.022 0.021 0.020 0.019 0.019 0.019 0.019 0.019 0.019 0.018 0.017 0.016 0.015 0.013 0.010 0.007 0.004 0.002 0.001 0.000 0.000 0.000 0.000 0.000 0.000 0.000 0.000 0.000 0.000 0.000 0.000 0.000 0.000 0.000 0.000 0.000 0.000 0.000 0.000 0.000 0.000 0.000 0.000 0.000 0.000 0.000 0.000 0.000 0.000 0.000 0.000
0.009 0.009 0.009 0.010 0.010 0.010 0.010 0.010 0.011 0.011 0.011 0.011 0.011 0.010 0.010 0.010 0.010 0.011 0.011 0.012 0.012 0.013 0.014 0.014 0.014 0.014 0.014 0.014 0.013 0.013 0.012 0.012 0.012 0.012 0.011 0.011 0.010 0.009 0.008 0.006 0.005 0.003 0.001 0.001 0.000 0.000 0.000 0.000 0.000 0.000 0.000 0.000 0.000 0.000 0.000 0.000 0.000 0.000 0.000 0.000 0.000 0.000 0.000 0.000 0.000 0.000 0.000 0.000 0.000 0.000 0.000 0.000 0.000 0.000 0.000 0.000 0.000
0.006 0.006 0.006 0.006 0.006 0.006 0.007 0.007 0.007 0.007 0.007 0.007 0.007 0.007 0.007 0.007 0.007 0.007 0.007 0.007 0.008 0.008 0.009 0.009 0.009 0.009 0.009 0.009 0.008 0.008 0.008 0.008 0.007 0.007 0.007 0.006 0.006 0.005 0.004 0.003 0.002 0.001 0.000 0.000 0.000 0.000 0.000 0.000 0.000 0.000 0.000 0.000 0.000 0.000 0.000 0.000 0.000 0.000 0.000 0.000 0.000 0.000 0.000 0.000 0.000 0.000 0.000 0.000 0.000 0.000 0.000 0.000 0.000 0.000 0.000 0.000 0.000
0.003 0.003 0.004 0.004 0.004 0.004 0.004 0.004 0.004 0.004 0.004 0.004 0.004 0.004 0.004 0.004 0.004 0.004 0.004 0.004 0.005 0.005 0.005 0.005 0.005 0.005 0.005 0.005 0.005 0.005 0.005 0.004 0.004 0.004 0.004 0.003 0.003 0.002 0.002 0.001 0.001 0.000 0.000 0.000 0.000 0.000 0.000 0.000 0.000 0.000 0.000 0.000 0.000 0.000 0.000 0.000 0.000 0.000 0.000 0.000 0.000 0.000 0.000 0.000 0.000 0.000 0.000 0.000 0.000 0.000 0.000 0.000 0.000 0.000 0.000 0.000 0.000
