RESULTS/r.avaflow_results/14_results/14_ascii/14_hflow0054.asc
ncols 506
nrows 317
xllcenter 498237.50
yllcenter 5580050.00
cellsize 12.50
NODATA_value -9999.000
[rows 204 to 237 of 317, columns 228 to 303 of 506]
0.000 0.000 0.000 0.001 0.001 0.001 0.002 0.003 0.004 0.005 0.006 0.008 0.009 0.011 0.013 0.016 0.018 0.019 0.019 0.019 0.019 0.018 0.016 0.016 0.016 0.016 0.017 0.017 0.018 0.018 0.018 0.018 0.018 0.018 0.018 0.018 0.019 0.019 0.020 0.020 0.021 0.021 0.021 0.021 0.022 0.023 0.024 0.025 0.026 0.027 0.028 0.028 0.029 0.030 0.033 0.036 0.038 0.042 0.046 0.052 0.061 0.065 0.065 0.063 0.056 0.048 0.043 0.039 0.036 0.036 0.036 0.037 0.039 0.043 0.048 0.055
0.000 0.000 0.000 0.000 0.000 0.001 0.001 0.002 0.002 0.003 0.004 0.005 0.007 0.008 0.010 0.011 0.012 0.013 0.013 0.014 0.014 0.013 0.013 0.013 0.013 0.013 0.014 0.014 0.015 0.015 0.016 0.016 0.016 0.016 0.017 0.017 0.017 0.018 0.018 0.019 0.019 0.019 0.019 0.020 0.020 0.021 0.023 0.024 0.025 0.025 0.026 0.027 0.028 0.030 0.032 0.035 0.038 0.041 0.044 0.048 0.055 0.058 0.059 0.057 0.051 0.045 0.041 0.038 0.036 0.036 0.036 0.038 0.041 0.046 0.053 0.066
0.000 0.000 0.000 0.000 0.000 0.000 0.000 0.001 0.001 0.002 0.003 0.003 0.004 0.006 0.007 0.008 0.009 0.009 0.010 0.010 0.010 0.010 0.010 0.010 0.011 0.011 0.011 0.012 0.013 0.013 0.014 0.014 0.015 0.015 0.015 0.016 0.016 0.016 0.017 0.017 0.018 0.018 0.019 0.019 0.020 0.021 0.022 0.023 0.024 0.025 0.026 0.027 0.029 0.031 0.033 0.036 0.039 0.041 0.044 0.047 0.052 0.056 0.056 0.054 0.049 0.043 0.040 0.037 0.036 0.036 0.037 0.040 0.044 0.052 0.066 0.093
0.000 0.000 0.000 0.000 0.000 0.000 0.000 0.000 0.000 0.001 0.001 0.002 0.003 0.004 0.005 0.005 0.006 0.007 0.007 0.007 0.008 0.008 0.008 0.008 0.009 0.009 0.009 0.010 0.011 0.011 0.012 0.013 0.013 0.014 0.014 0.015 0.015 0.016 0.016 0.017 0.017 0.018 0.018 0.019 0.020 0.021 0.022 0.023 0.024 0.025 0.027 0.028 0.030 0.033 0.037 0.040 0.042 0.043 0.045 0.047 0.052 0.055 0.055 0.053 0.049 0.043 0.040 0.038 0.037 0.038 0.039 0.043 0.050 0.064 0.092 0.148
0.000 0.000 0.000 0.000 0.000 0.000 0.000 0.000 0.000 0.000 0.000 0.001 0.001 0.002 0.003 0.003 0.004 0.005 0.005 0.005 0.006 0.006 0.006 0.007 0.007 0.007 0.008 0.008 0.009 0.010 0.011 0.011 0.012 0.013 0.014 0.014 0.015 0.015 0.016 0.016 0.017 0.017 0.018 0.019 0.020 0.021 0.022 0.023 0.025 0.026 0.029 0.032 0.035 0.040 0.044 0.047 0.048 0.048 0.048 0.049 0.052 0.055 0.055 0.053 0.049 0.043 0.040 0.039 0.039 0.040 0.043 0.049 0.062 0.087 0.135 0.218
0.000 0.000 0.000 0.000 0.000 0.000 0.000 0.000 0.000 0.000 0.000 0.000 0.001 0.001 0.001 0.002 0.002 0.003 0.003 0.004 0.004 0.004 0.005 0.005 0.005 0.006 0.006 0.007 0.008 0.008 0.009 0.010 0.011 0.012 0.013 0.014 0.014 0.015 0.015 0.016 0.017 0.017 0.018 0.019 0.020 0.021 0.022 0.023 0.025 0.028 0.033 0.038 0.045 0.052 0.056 0.058 0.056 0.053 0.051 0.052 0.054 0.056 0.056 0.054 0.049 0.045 0.042 0.042 0.043 0.045 0.050 0.061 0.080 0.115 0.173 0.261
0.000 0.000 0.000 0.000 0.000 0.000 0.000 0.000 0.000 0.000 0.000 0.000 0.000 0.000 0.001 0.001 0.001 0.002 0.002 0.002 0.002 0.003 0.003 0.004 0.004 0.005 0.005 0.006 0.007 0.007 0.008 0.009 0.010 0.011 0.012 0.013 0.014 0.015 0.015 0.016 0.016 0.017 0.018 0.018 0.019 0.021 0.022 0.024 0.027 0.032 0.040 0.051 0.061 0.067 0.069 0.067 0.060 0.055 0.053 0.052 0.054 0.056 0.056 0.054 0.050 0.047 0.046 0.047 0.049 0.053 0.062 0.076 0.099 0.135 0.192 0.274
0.000 0.000 0.000 0.000 0.000 0.000 0.000 0.000 0.000 0.000 0.000 0.000 0.000 0.000 0.000 0.000 0.000 0.001 0.001 0.001 0.001 0.002 0.002 0.002 0.003 0.003 0.004 0.005 0.005 0.006 0.007 0.008 0.009 0.011 0.012 0.013 0.014 0.015 0.015 0.016 0.016 0.017 0.017 0.018 0.019 0.020 0.022 0.025 0.029 0.037 0.051 0.067 0.076 0.079 0.077 0.070 0.061 0.055 0.052 0.052 0.054 0.056 0.056 0.054 0.052 0.051 0.052 0.054 0.058 0.064 0.073 0.087 0.108 0.142 0.195 0.261
0.000 0.000 0.000 0.000 0.000 0.000 0.000 0.000 0.000 0.000 0.000 0.000 0.000 0.000 0.000 0.000 0.000 0.000 0.000 0.000 0.001 0.001 0.001 0.001 0.002 0.002 0.003 0.004 0.004 0.005 0.006 0.007 0.009 0.010 0.011 0.013 0.014 0.015 0.016 0.016 0.016 0.017 0.017 0.018 0.019 0.020 0.022 0.026 0.032 0.044 0.064 0.079 0.084 0.084 0.079 0.070 0.060 0.053 0.051 0.051 0.052 0.054 0.055 0.054 0.052 0.053 0.055 0.059 0.064 0.070 0.078 0.090 0.109 0.140 0.179 0.206
0.000 0.000 0.000 0.000 0.000 0.000 0.000 0.000 0.000 0.000 0.000 0.000 0.000 0.000 0.000 0.000 0.000 0.000 0.000 0.000 0.000 0.000 0.001 0.001 0.001 0.002 0.002 0.003 0.003 0.004 0.005 0.006 0.008 0.009 0.011 0.013 0.014 0.015 0.016 0.016 0.016 0.017 0.017 0.018 0.019 0.020 0.023 0.027 0.036 0.051 0.071 0.083 0.087 0.085 0.079 0.068 0.057 0.051 0.048 0.048 0.049 0.051 0.052 0.052 0.052 0.053 0.055 0.060 0.065 0.071 0.078 0.088 0.102 0.119 0.130 0.129
0.000 0.000 0.000 0.000 0.000 0.000 0.000 0.000 0.000 0.000 0.000 0.000 0.000 0.000 0.000 0.000 0.000 0.000 0.000 0.000 0.000 0.000 0.000 0.000 0.001 0.001 0.001 0.002 0.003 0.003 0.004 0.006 0.007 0.009 0.010 0.012 0.014 0.015 0.016 0.017 0.017 0.017 0.017 0.018 0.019 0.021 0.024 0.029 0.040 0.057 0.074 0.083 0.085 0.083 0.076 0.065 0.054 0.047 0.044 0.043 0.043 0.044 0.046 0.047 0.048 0.050 0.053 0.058 0.063 0.067 0.072 0.077 0.081 0.081 0.079 0.076
0.000 0.000 0.000 0.000 0.000 0.000 0.000 0.000 0.000 0.000 0.000 0.000 0.000 0.000 0.000 0.000 0.000 0.000 0.000 0.000 0.000 0.000 0.000 0.000 0.000 0.000 0.001 0.001 0.002 0.002 0.003 0.005 0.006 0.008 0.010 0.012 0.014 0.015 0.016 0.017 0.017 0.017 0.018 0.018 0.019 0.021 0.025 0.032 0.043 0.059 0.073 0.079 0.079 0.076 0.070 0.059 0.049 0.043 0.039 0.037 0.036 0.036 0.037 0.039 0.041 0.044 0.047 0.051 0.054 0.057 0.057 0.056 0.055 0.053 0.051 0.049
0.000 0.000 0.000 0.000 0.000 0.000 0.000 0.000 0.000 0.000 0.000 0.000 0.000 0.000 0.000 0.000 0.000 0.000 0.000 0.000 0.000 0.000 0.000 0.000 0.000 0.000 0.000 0.001 0.001 0.002 0.003 0.004 0.005 0.007 0.008 0.011 0.013 0.014 0.016 0.017 0.018 0.018 0.018 0.019 0.020 0.023 0.027 0.033 0.044 0.058 0.066 0.068 0.067 0.063 0.057 0.049 0.041 0.036 0.032 0.030 0.029 0.029 0.030 0.031 0.033 0.035 0.038 0.040 0.041 0.041 0.040 0.039 0.039 0.038 0.038 0.037
0.000 0.000 0.000 0.000 0.000 0.000 0.000 0.000 0.000 0.000 0.000 0.000 0.000 0.000 0.000 0.000 0.000 0.000 0.000 0.000 0.000 0.000 0.000 0.000 0.000 0.000 0.000 0.000 0.001 0.001 0.002 0.003 0.004 0.005 0.007 0.009 0.011 0.013 0.015 0.016 0.018 0.018 0.019 0.020 0.022 0.024 0.027 0.034 0.043 0.052 0.054 0.053 0.049 0.045 0.041 0.037 0.032 0.028 0.026 0.025 0.024 0.024 0.025 0.026 0.027 0.028 0.030 0.030 0.031 0.030 0.030 0.030 0.030 0.030 0.031 0.031
0.000 0.000 0.000 0.000 0.000 0.000 0.000 0.000 0.000 0.000 0.000 0.000 0.000 0.000 0.000 0.000 0.000 0.000 0.000 0.000 0.000 0.000 0.000 0.000 0.000 0.000 0.000 0.000 0.000 0.001 0.001 0.002 0.003 0.004 0.006 0.008 0.010 0.012 0.014 0.016 0.017 0.019 0.020 0.021 0.022 0.024 0.028 0.033 0.039 0.041 0.040 0.039 0.036 0.033 0.030 0.028 0.025 0.023 0.022 0.021 0.021 0.021 0.022 0.022 0.023 0.024 0.024 0.025 0.025 0.025 0.025 0.025 0.025 0.026 0.027 0.028
0.000 0.000 0.000 0.000 0.000 0.000 0.000 0.000 0.000 0.000 0.000 0.000 0.000 0.000 0.000 0.000 0.000 0.000 0.000 0.000 0.000 0.000 0.000 0.000 0.000 0.000 0.000 0.000 0.000 0.000 0.001 0.001 0.002 0.003 0.004 0.006 0.008 0.010 0.013 0.015 0.017 0.018 0.020 0.021 0.022 0.024 0.027 0.030 0.031 0.031 0.031 0.029 0.027 0.025 0.024 0.022 0.021 0.020 0.020 0.019 0.019 0.020 0.020 0.021 0.021 0.021 0.021 0.021 0.021 0.021 0.021 0.022 0.023 0.024 0.026 0.027
0.000 0.000 0.000 0.000 0.000 0.000 0.000 0.000 0.000 0.000 0.000 0.000 0.000 0.000 0.000 0.000 0.000 0.000 0.000 0.000 0.000 0.000 0.000 0.000 0.000 0.000 0.000 0.000 0.000 0.000 0.000 0.001 0.001 0.002 0.003 0.005 0.006 0.008 0.011 0.014 0.016 0.018 0.019 0.021 0.022 0.023 0.025 0.026 0.025 0.025 0.024 0.023 0.022 0.021 0.020 0.019 0.018 0.018 0.018 0.018 0.018 0.019 0.019 0.019 0.020 0.020 0.020 0.020 0.020 0.020 0.020 0.020 0.021 0.023 0.025 0.027
0.000 0.000 0.000 0.000 0.000 0.000 0.000 0.000 0.000 0.000 0.000 0.000 0.000 0.000 0.000 0.000 0.000 0.000 0.000 0.000 0.000 0.000 0.000 0.000 0.000 0.000 0.000 0.000 0.000 0.000 0.000 0.000 0.001 0.001 0.002 0.003 0.005 0.007 0.009 0.012 0.015 0.017 0.019 0.020 0.021 0.021 0.021 0.021 0.021 0.020 0.020 0.019 0.019 0.018 0.017 0.017 0.016 0.017 0.017 0.017 0.018 0.018 0.019 0.019 0.019 0.019 0.019 0.019 0.019 0.019 0.019 0.020 0.021 0.023 0.025 0.028
0.000 0.000 0.000 0.000 0.000 0.000 0.000 0.000 0.000 0.000 0.000 0.000 0.000 0.000 0.000 0.000 0.000 0.000 0.000 0.000 0.000 0.000 0.000 0.000 0.000 0.000 0.000 0.000 0.000 0.000 0.000 0.000 0.000 0.001 0.001 0.002 0.004 0.005 0.008 0.010 0.013 0.016 0.017 0.018 0.018 0.018 0.017 0.017 0.017 0.017 0.017 0.016 0.016 0.015 0.015 0.015 0.015 0.015 0.016 0.017 0.018 0.018 0.018 0.018 0.018 0.018 0.018 0.018 0.019 0.019 0.019 0.019 0.021 0.023 0.026 0.030
0.000 0.000 0.000 0.000 0.000 0.000 0.000 0.000 0.000 0.000 0.000 0.000 0.000 0.000 0.000 0.000 0.000 0.000 0.000 0.000 0.000 0.000 0.000 0.000 0.000 0.000 0.000 0.000 0.000 0.000 0.000 0.000 0.000 0.000 0.001 0.001 0.002 0.004 0.006 0.008 0.011 0.013 0.014 0.014 0.014 0.014 0.014 0.013 0.013 0.014 0.014 0.014 0.013 0.013 0.013 0.013 0.014 0.014 0.015 0.016 0.017 0.018 0.018 0.018 0.018 0.018 0.018 0.018 0.018 0.019 0.019 0.020 0.021 0.024 0.029 0.037
0.000 0.000 0.000 0.000 0.000 0.000 0.000 0.000 0.000 0.000 0.000 0.000 0.000 0.000 0.000 0.000 0.000 0.000 0.000 0.000 0.000 0.000 0.000 0.000 0.000 0.000 0.000 0.000 0.000 0.000 0.000 0.000 0.000 0.000 0.000 0.001 0.002 0.003 0.004 0.006 0.008 0.009 0.010 0.010 0.010 0.010 0.010 0.010 0.010 0.011 0.011 0.011 0.011 0.011 0.012 0.012 0.013 0.013 0.014 0.015 0.017 0.018 0.018 0.018 0.018 0.018 0.018 0.018 0.018 0.019 0.019 0.020 0.023 0.028 0.037 0.054
0.000 0.000 0.000 0.000 0.000 0.000 0.000 0.000 0.000 0.000 0.000 0.000 0.000 0.000 0.000 0.000 0.000 0.000 0.000 0.000 0.000 0.000 0.000 0.000 0.000 0.000 0.000 0.000 0.000 0.000 0.000 0.000 0.000 0.000 0.000 0.000 0.001 0.002 0.003 0.004 0.005 0.006 0.007 0.007 0.007 0.007 0.007 0.008 0.008 0.008 0.008 0.009 0.009 0.009 0.010 0.011 0.011 0.012 0.013 0.015 0.016 0.018 0.018 0.018 0.018 0.018 0.018 0.018 0.018 0.019 0.020 0.023 0.027 0.037 0.056 0.093
0.000 0.000 0.000 0.000 0.000 0.000 0.000 0.000 0.000 0.000 0.000 0.000 0.000 0.000 0.000 0.000 0.000 0.000 0.000 0.000 0.000 0.000 0.000 0.000 0.000 0.000 0.000 0.000 0.000 0.000 0.000 0.000 0.000 0.000 0.000 0.000 0.000 0.001 0.001 0.002 0.003 0.004 0.004 0.005 0.005 0.005 0.005 0.005 0.005 0.006 0.006 0.007 0.007 0.008 0.008 0.009 0.010 0.011 0.012 0.014 0.015 0.017 0.018 0.018 0.018 0.018 0.018 0.018 0.018 0.019 0.021 0.025 0.033 0.048 0.078 0.138
0.000 0.000 0.000 0.000 0.000 0.000 0.000 0.000 0.000 0.000 0.000 0.000 0.000 0.000 0.000 0.000 0.000 0.000 0.000 0.000 0.000 0.000 0.000 0.000 0.000 0.000 0.000 0.000 0.000 0.000 0.000 0.000 0.000 0.000 0.000 0.000 0.000 0.000 0.001 0.001 0.002 0.002 0.003 0.003 0.003 0.003 0.003 0.003 0.003 0.004 0.004 0.005 0.005 0.006 0.007 0.008 0.009 0.010 0.011 0.013 0.014 0.015 0.016 0.017 0.017 0.018 0.018 0.018 0.018 0.019 0.022 0.026 0.035 0.052 0.087 0.155
0.000 0.000 0.000 0.000 0.000 0.000 0.000 0.000 0.000 0.000 0.000 0.000 0.000 0.000 0.000 0.000 0.000 0.000 0.000 0.000 0.000 0.000 0.000 0.000 0.000 0.000 0.000 0.000 0.000 0.000 0.000 0.000 0.000 0.000 0.000 0.000 0.000 0.000 0.000 0.000 0.001 0.001 0.001 0.001 0.001 0.001 0.002 0.002 0.002 0.002 0.003 0.003 0.004 0.004 0.005 0.006 0.007 0.008 0.009 0.011 0.012 0.013 0.014 0.015 0.016 0.016 0.016 0.017 0.018 0.019 0.021 0.026 0.035 0.052 0.085 0.152
0.000 0.000 0.000 0.000 0.000 0.000 0.000 0.000 0.000 0.000 0.000 0.000 0.000 0.000 0.000 0.000 0.000 0.000 0.000 0.000 0.000 0.000 0.000 0.000 0.000 0.000 0.000 0.000 0.000 0.000 0.000 0.000 0.000 0.000 0.000 0.000 0.000 0.000 0.000 0.000 0.000 0.000 0.000 0.000 0.000 0.000 0.000 0.001 0.001 0.001 0.001 0.002 0.002 0.003 0.003 0.004 0.005 0.006 0.007 0.009 0.010 0.011 0.012 0.013 0.013 0.014 0.014 0.015 0.016 0.018 0.020 0.024 0.031 0.044 0.070 0.121
0.000 0.000 0.000 0.000 0.000 0.000 0.000 0.000 0.000 0.000 0.000 0.000 0.000 0.000 0.000 0.000 0.000 0.000 0.000 0.000 0.000 0.000 0.000 0.000 0.000 0.000 0.000 0.000 0.000 0.000 0.000 0.000 0.000 0.000 0.000 0.000 0.000 0.000 0.000 0.000 0.000 0.000 0.000 0.000 0.000 0.000 0.000 0.000 0.000 0.000 0.001 0.001 0.001 0.002 0.002 0.003 0.004 0.004 0.005 0.006 0.007 0.008 0.009 0.009 0.010 0.011 0.012 0.012 0.014 0.015 0.017 0.019 0.023 0.030 0.042 0.065
0.000 0.000 0.000 0.000 0.000 0.000 0.000 0.000 0.000 0.000 0.000 0.000 0.000 0.000 0.000 0.000 0.000 0.000 0.000 0.000 0.000 0.000 0.000 0.000 0.000 0.000 0.000 0.000 0.000 0.000 0.000 0.000 0.000 0.000 0.000 0.000 0.000 0.000 0.000 0.000 0.000 0.000 0.000 0.000 0.000 0.000 0.000 0.000 0.000 0.000 0.000 0.000 0.001 0.001 0.001 0.002 0.002 0.003 0.004 0.004 0.005 0.006 0.006 0.007 0.007 0.008 0.009 0.009 0.010 0.011 0.012 0.014 0.015 0.019 0.024 0.033
0.000 0.000 0.000 0.000 0.000 0.000 0.000 0.000 0.000 0.000 0.000 0.000 0.000 0.000 0.000 0.000 0.000 0.000 0.000 0.000 0.000 0.000 0.000 0.000 0.000 0.000 0.000 0.000 0.000 0.000 0.000 0.000 0.000 0.000 0.000 0.000 0.000 0.000 0.000 0.000 0.000 0.000 0.000 0.000 0.000 0.000 0.000 0.000 0.000 0.000 0.000 0.000 0.000 0.000 0.001 0.001 0.001 0.002 0.002 0.003 0.003 0.004 0.004 0.005 0.005 0.006 0.006 0.007 0.007 0.008 0.009 0.010 0.011 0.013 0.015 0.020
0.000 0.000 0.000 0.000 0.000 0.000 0.000 0.000 0.000 0.000 0.000 0.000 0.000 0.000 0.000 0.000 0.000 0.000 0.000 0.000 0.000 0.000 0.000 0.000 0.000 0.000 0.000 0.000 0.000 0.000 0.000 0.000 0.000 0.000 0.000 0.000 0.000 0.000 0.000 0.000 0.000 0.000 0.000 0.000 0.000 0.000 0.000 0.000 0.000 0.000 0.000 0.000 0.000 0.000 0.000 0.000 0.001 0.001 0.001 0.001 0.002 0.002 0.003 0.003 0.004 0.004 0.004 0.005 0.005 0.006 0.006 0.007 0.008 0.009 0.011 0.013
0.000 0.000 0.000 0.000 0.000 0.000 0.000 0.000 0.000 0.000 0.000 0.000 0.000 0.000 0.000 0.000 0.000 0.000 0.000 0.000 0.000 0.000 0.000 0.000 0.000 0.000 0.000 0.000 0.000 0.000 0.000 0.000 0.000 0.000 0.000 0.000 0.000 0.000 0.000 0.000 0.000 0.000 0.000 0.000 0.000 0.000 0.000 0.000 0.000 0.000 0.000 0.000 0.000 0.000 0.000 0.000 0.000 0.000 0.000 0.001 0.001 0.001 0.002 0.002 0.002 0.003 0.003 0.003 0.003 0.004 0.004 0.005 0.005 0.006 0.007 0.009
0.000 0.000 0.000 0.000 0.000 0.000 0.000 0.000 0.000 0.000 0.000 0.000 0.000 0.000 0.000 0.000 0.000 0.000 0.000 0.000 0.000 0.000 0.000 0.000 0.000 0.000 0.000 0.000 0.000 0.000 0.000 0.000 0.000 0.000 0.000 0.000 0.000 0.000 0.000 0.000 0.000 0.000 0.000 0.000 0.000 0.000 0.000 0.000 0.000 0.000 0.000 0.000 0.000 0.000 0.000 0.000 0.000 0.000 0.000 0.000 0.000 0.001 0.001 0.001 0.001 0.001 0.002 0.002 0.002 0.002 0.003 0.003 0.004 0.004 0.005 0.006
0.000 0.000 0.000 0.000 0.000 0.000 0.000 0.000 0.000 0.000 0.000 0.000 0.000 0.000 0.000 0.000 0.000 0.000 0.000 0.000 0.000 0.000 0.000 0.000 0.000 0.000 0.000 0.000 0.000 0.000 0.000 0.000 0.000 0.000 0.000 0.000 0.000 0.000 0.000 0.000 0.000 0.000 0.000 0.000 0.000 0.000 0.000 0.000 0.000 0.000 0.000 0.000 0.000 0.000 0.000 0.000 0.000 0.000 0.000 0.000 0.000 0.000 0.000 0.000 0.001 0.001 0.001 0.001 0.001 0.001 0.001 0.002 0.002 0.003 0.003 0.004
0.000 0.000 0.000 0.000 0.000 0.000 0.000 0.000 0.000 0.000 0.000 0.000 0.000 0.000 0.000 0.000 0.000 0.000 0.000 0.000 0.000 0.000 0.000 0.000 0.000 0.000 0.000 0.000 0.000 0.000 0.000 0.000 0.000 0.000 0.000 0.000 0.000 0.000 0.000 0.000 0.000 0.000 0.000 0.000 0.000 0.000 0.000 0.000 0.000 0.000 0.000 0.000 0.000 0.000 0.000 0.000 0.000 0.000 0.000 0.000 0.000 0.000 0.000 0.000 0.000 0.000 0.000 0.000 0.000 0.001 0.001 0.001 0.001 0.001 0.002 0.002
