RESULTS/r.avaflow_results/14_results/14_ascii/14_hflow10031.asc
ncols 506
nrows 317
xllcenter 498237.50
yllcenter 5580050.00
cellsize 12.50
NODATA_value -9999.000
[rows 136 to 169 of 317, columns 154 to 230 of 506]
0.000 0.001 0.001 0.001 0.001 0.001 0.001 0.000 0.000 0.000 0.000 0.000 0.000 0.000 0.000 0.000 0.000 0.000 0.000 0.000 0.000 0.000 0.000 0.000 0.000 0.000 0.000 0.000 0.000 0.000 0.000 0.000 0.000 0.000 0.000 0.000 0.000 0.000 0.000 0.000 0.000 0.000 0.000 0.000 0.000 0.000 0.000 0.000 0.000 0.000 0.000 0.000 0.000 0.000 0.000 0.000 0.000 0.000 0.000 0.000 0.000 0.000 0.000 0.000 0.000 0.000 0.000 0.000 0.000 0.000 0.000 0.000 0.000 0.000 0.000 0.000 0.000
0.001 0.001 0.001 0.001 0.001 0.001 0.001 0.001 0.001 0.001 0.001 0.001 0.001 0.001 0.001 0.001 0.001 0.001 0.000 0.000 0.000 0.000 0.000 0.000 0.000 0.000 0.000 0.000 0.000 0.000 0.000 0.000 0.000 0.000 0.000 0.000 0.000 0.000 0.000 0.000 0.000 0.000 0.000 0.000 0.000 0.000 0.000 0.000 0.000 0.000 0.000 0.000 0.000 0.000 0.000 0.000 0.000 0.000 0.000 0.000 0.000 0.000 0.000 0.000 0.000 0.000 0.000 0.000 0.000 0.000 0.000 0.000 0.000 0.000 0.000 0.000 0.000
0.001 0.002 0.002 0.002 0.002 0.002 0.001 0.001 0.001 0.001 0.001 0.001 0.001 0.001 0.001 0.001 0.001 0.001 0.001 0.001 0.001 0.001 0.001 0.001 0.000 0.000 0.000 0.000 0.000 0.000 0.000 0.000 0.000 0.000 0.000 0.000 0.000 0.000 0.000 0.000 0.000 0.000 0.000 0.000 0.000 0.000 0.000 0.000 0.000 0.000 0.000 0.000 0.000 0.000 0.000 0.000 0.000 0.000 0.000 0.000 0.000 0.000 0.000 0.000 0.000 0.000 0.000 0.000 0.000 0.000 0.000 0.000 0.000 0.000 0.000 0.000 0.000
0.002 0.003 0.003 0.003 0.003 0.003 0.002 0.002 0.002 0.001 0.001 0.001 0.001 0.001 0.001 0.001 0.001 0.001 0.001 0.001 0.001 0.001 0.001 0.001 0.001 0.001 0.001 0.001 0.001 0.000 0.000 0.000 0.000 0.000 0.000 0.000 0.000 0.000 0.000 0.000 0.000 0.000 0.000 0.000 0.000 0.000 0.000 0.000 0.000 0.000 0.000 0.000 0.000 0.000 0.000 0.000 0.000 0.000 0.000 0.000 0.000 0.000 0.000 0.000 0.000 0.000 0.000 0.000 0.000 0.000 0.000 0.000 0.000 0.000 0.000 0.000 0.000
0.003 0.004 0.004 0.004 0.004 0.004 0.003 0.003 0.002 0.002 0.002 0.002 0.002 0.002 0.002 0.002 0.002 0.002 0.002 0.002 0.001 0.001 0.001 0.001 0.001 0.001 0.001 0.001 0.001 0.001 0.001 0.000 0.000 0.000 0.000 0.000 0.000 0.000 0.000 0.000 0.000 0.000 0.000 0.000 0.000 0.000 0.000 0.000 0.000 0.000 0.000 0.000 0.000 0.000 0.000 0.000 0.000 0.000 0.000 0.000 0.000 0.000 0.000 0.000 0.000 0.000 0.000 0.000 0.000 0.000 0.000 0.000 0.000 0.000 0.000 0.000 0.000
0.004 0.004 0.004 0.004 0.004 0.004 0.004 0.004 0.003 0.003 0.003 0.003 0.004 0.004 0.004 0.004 0.004 0.004 0.003 0.003 0.002 0.002 0.002 0.001 0.001 0.001 0.001 0.001 0.001 0.001 0.001 0.001 0.000 0.000 0.000 0.000 0.000 0.000 0.000 0.000 0.000 0.000 0.000 0.000 0.000 0.000 0.000 0.000 0.000 0.000 0.000 0.000 0.000 0.000 0.000 0.000 0.000 0.000 0.000 0.000 0.000 0.000 0.000 0.000 0.000 0.000 0.000 0.000 0.000 0.000 0.000 0.000 0.000 0.000 0.000 0.000 0.000
0.004 0.004 0.004 0.004 0.004 0.004 0.004 0.004 0.004 0.004 0.004 0.005 0.006 0.007 0.008 0.008 0.008 0.007 0.007 0.006 0.005 0.004 0.003 0.002 0.002 0.002 0.002 0.001 0.001 0.001 0.001 0.001 0.001 0.000 0.000 0.000 0.000 0.000 0.000 0.000 0.000 0.000 0.000 0.000 0.000 0.000 0.000 0.000 0.000 0.000 0.000 0.000 0.000 0.000 0.000 0.000 0.000 0.000 0.000 0.000 0.000 0.000 0.000 0.000 0.000 0.000 0.000 0.000 0.000 0.000 0.000 0.000 0.000 0.000 0.000 0.000 0.000
0.004 0.004 0.004 0.004 0.004 0.004 0.004 0.004 0.004 0.004 0.004 0.005 0.007 0.009 0.011 0.011 0.011 0.011 0.010 0.009 0.008 0.006 0.005 0.004 0.003 0.002 0.002 0.002 0.001 0.001 0.001 0.001 0.001 0.001 0.000 0.000 0.000 0.000 0.000 0.000 0.000 0.000 0.000 0.000 0.000 0.000 0.000 0.000 0.000 0.000 0.000 0.000 0.000 0.000 0.000 0.000 0.000 0.000 0.000 0.000 0.000 0.000 0.000 0.000 0.000 0.000 0.000 0.000 0.000 0.000 0.000 0.000 0.000 0.000 0.000 0.000 0.000
0.004 0.004 0.004 0.004 0.004 0.004 0.004 0.004 0.004 0.004 0.004 0.005 0.007 0.009 0.011 0.012 0.012 0.012 0.012 0.011 0.009 0.007 0.006 0.004 0.003 0.003 0.002 0.002 0.001 0.001 0.001 0.001 0.001 0.001 0.000 0.000 0.000 0.000 0.000 0.000 0.000 0.000 0.000 0.000 0.000 0.000 0.000 0.000 0.000 0.000 0.000 0.000 0.000 0.000 0.000 0.000 0.000 0.000 0.000 0.000 0.000 0.000 0.000 0.000 0.000 0.000 0.000 0.000 0.000 0.000 0.000 0.000 0.000 0.000 0.000 0.000 0.000
0.004 0.004 0.003 0.003 0.003 0.003 0.003 0.003 0.003 0.003 0.004 0.005 0.006 0.009 0.011 0.012 0.012 0.012 0.012 0.011 0.009 0.008 0.006 0.005 0.004 0.003 0.002 0.002 0.001 0.001 0.001 0.001 0.001 0.001 0.001 0.000 0.000 0.000 0.000 0.000 0.000 0.000 0.000 0.000 0.000 0.000 0.000 0.000 0.000 0.000 0.000 0.000 0.000 0.000 0.000 0.000 0.000 0.000 0.000 0.000 0.000 0.000 0.000 0.000 0.000 0.000 0.000 0.000 0.000 0.000 0.000 0.000 0.000 0.000 0.000 0.000 0.000
0.004 0.003 0.003 0.003 0.003 0.003 0.003 0.003 0.003 0.003 0.003 0.003 0.004 0.006 0.009 0.010 0.010 0.010 0.010 0.010 0.009 0.008 0.006 0.005 0.003 0.003 0.002 0.002 0.001 0.001 0.001 0.001 0.001 0.001 0.001 0.001 0.000 0.000 0.000 0.000 0.000 0.000 0.000 0.000 0.000 0.000 0.000 0.000 0.000 0.000 0.000 0.000 0.000 0.000 0.000 0.000 0.000 0.000 0.000 0.000 0.000 0.000 0.000 0.000 0.000 0.000 0.000 0.000 0.000 0.000 0.000 0.000 0.000 0.000 0.000 0.000 0.000
0.004 0.003 0.003 0.003 0.003 0.002 0.002 0.002 0.002 0.002 0.002 0.003 0.003 0.004 0.005 0.006 0.007 0.007 0.007 0.007 0.007 0.006 0.006 0.004 0.003 0.002 0.002 0.002 0.001 0.001 0.001 0.001 0.001 0.001 0.001 0.001 0.001 0.000 0.000 0.000 0.000 0.000 0.000 0.000 0.000 0.000 0.000 0.000 0.000 0.000 0.000 0.000 0.000 0.000 0.000 0.000 0.000 0.000 0.000 0.000 0.000 0.000 0.000 0.000 0.000 0.000 0.000 0.000 0.000 0.000 0.000 0.000 0.000 0.000 0.000 0.000 0.000
0.004 0.003 0.003 0.003 0.002 0.002 0.002 0.002 0.002 0.002 0.002 0.002 0.002 0.003 0.003 0.004 0.004 0.004 0.004 0.004 0.004 0.005 0.004 0.004 0.003 0.002 0.002 0.002 0.001 0.001 0.001 0.001 0.001 0.001 0.001 0.001 0.001 0.001 0.001 0.000 0.000 0.000 0.000 0.000 0.000 0.000 0.000 0.000 0.000 0.000 0.000 0.000 0.000 0.000 0.000 0.000 0.000 0.000 0.000 0.000 0.000 0.000 0.000 0.000 0.000 0.000 0.000 0.000 0.000 0.000 0.000 0.000 0.000 0.000 0.000 0.000 0.000
0.004 0.003 0.003 0.003 0.002 0.002 0.002 0.002 0.002 0.002 0.002 0.002 0.002 0.002 0.002 0.003 0.003 0.003 0.003 0.003 0.003 0.003 0.003 0.003 0.002 0.002 0.002 0.001 0.001 0.001 0.001 0.001 0.001 0.001 0.001 0.001 0.001 0.001 0.001 0.001 0.001 0.000 0.000 0.000 0.000 0.000 0.000 0.000 0.000 0.000 0.000 0.000 0.000 0.000 0.000 0.000 0.000 0.000 0.000 0.000 0.000 0.000 0.000 0.000 0.000 0.000 0.000 0.000 0.000 0.000 0.000 0.000 0.000 0.000 0.000 0.000 0.000
0.004 0.004 0.003 0.003 0.003 0.002 0.002 0.002 0.002 0.002 0.002 0.002 0.002 0.002 0.002 0.002 0.002 0.002 0.002 0.002 0.002 0.002 0.002 0.002 0.002 0.002 0.002 0.001 0.001 0.001 0.001 0.001 0.001 0.001 0.001 0.001 0.001 0.001 0.001 0.001 0.001 0.001 0.001 0.001 0.001 0.000 0.000 0.000 0.000 0.000 0.000 0.000 0.000 0.000 0.000 0.000 0.000 0.000 0.000 0.000 0.000 0.000 0.000 0.000 0.000 0.000 0.000 0.000 0.000 0.000 0.000 0.000 0.000 0.000 0.000 0.000 0.000
0.007 0.005 0.004 0.003 0.003 0.003 0.002 0.002 0.002 0.002 0.002 0.002 0.002 0.002 0.002 0.002 0.002 0.002 0.002 0.002 0.002 0.002 0.002 0.002 0.002 0.002 0.002 0.002 0.001 0.001 0.001 0.001 0.001 0.001 0.001 0.001 0.001 0.001 0.001 0.001 0.001 0.001 0.001 0.001 0.001 0.001 0.001 0.001 0.001 0.001 0.001 0.001 0.001 0.001 0.001 0.001 0.000 0.000 0.000 0.000 0.000 0.000 0.000 0.000 0.000 0.000 0.000 0.000 0.000 0.000 0.000 0.000 0.000 0.000 0.000 0.000 0.000
0.016 0.010 0.007 0.005 0.004 0.003 0.003 0.002 0.002 0.002 0.002 0.002 0.002 0.002 0.002 0.002 0.002 0.002 0.002 0.002 0.002 0.002 0.002 0.002 0.002 0.002 0.002 0.002 0.001 0.001 0.001 0.001 0.001 0.001 0.001 0.001 0.001 0.001 0.001 0.001 0.001 0.001 0.001 0.001 0.001 0.001 0.001 0.001 0.001 0.001 0.001 0.001 0.001 0.001 0.001 0.001 0.001 0.001 0.001 0.001 0.001 0.001 0.000 0.000 0.000 0.000 0.000 0.000 0.000 0.000 0.000 0.000 0.000 0.000 0.000 0.000 0.000
0.056 0.031 0.018 0.011 0.007 0.005 0.004 0.003 0.003 0.003 0.003 0.002 0.002 0.002 0.002 0.002 0.002 0.002 0.002 0.002 0.002 0.002 0.002 0.002 0.002 0.002 0.002 0.002 0.002 0.002 0.001 0.001 0.001 0.001 0.001 0.001 0.001 0.001 0.001 0.001 0.001 0.001 0.001 0.001 0.001 0.001 0.001 0.001 0.001 0.001 0.001 0.001 0.001 0.001 0.001 0.001 0.001 0.001 0.001 0.001 0.001 0.001 0.001 0.001 0.001 0.001 0.001 0.001 0.001 0.001 0.001 0.000 0.000 0.000 0.000 0.000 0.000
0.227 0.122 0.065 0.035 0.020 0.012 0.008 0.006 0.005 0.004 0.004 0.003 0.003 0.003 0.002 0.002 0.002 0.002 0.002 0.002 0.002 0.002 0.002 0.002 0.002 0.002 0.002 0.002 0.002 0.002 0.002 0.002 0.002 0.002 0.001 0.001 0.001 0.001 0.001 0.001 0.001 0.001 0.001 0.001 0.001 0.001 0.001 0.001 0.001 0.001 0.001 0.001 0.001 0.001 0.001 0.001 0.001 0.001 0.001 0.001 0.001 0.001 0.001 0.001 0.001 0.001 0.001 0.001 0.001 0.001 0.001 0.001 0.001 0.001 0.001 0.001 0.001
0.764 0.459 0.254 0.133 0.069 0.037 0.021 0.014 0.010 0.007 0.006 0.005 0.004 0.004 0.003 0.003 0.003 0.002 0.002 0.002 0.002 0.002 0.002 0.002 0.002 0.002 0.002 0.002 0.002 0.002 0.002 0.002 0.002 0.002 0.002 0.001 0.001 0.001 0.001 0.001 0.001 0.001 0.001 0.001 0.001 0.001 0.002 0.002 0.002 0.002 0.002 0.002 0.002 0.002 0.001 0.001 0.001 0.001 0.001 0.001 0.001 0.001 0.001 0.001 0.001 0.001 0.001 0.001 0.001 0.001 0.001 0.001 0.001 0.001 0.001 0.001 0.001
1.799 1.221 0.772 0.452 0.247 0.129 0.069 0.041 0.026 0.018 0.014 0.011 0.008 0.007 0.005 0.005 0.004 0.003 0.003 0.003 0.002 0.002 0.002 0.002 0.002 0.002 0.002 0.002 0.002 0.002 0.002 0.002 0.002 0.002 0.002 0.002 0.002 0.002 0.002 0.002 0.002 0.002 0.002 0.002 0.002 0.002 0.002 0.003 0.003 0.003 0.003 0.003 0.002 0.002 0.002 0.002 0.002 0.002 0.001 0.001 0.001 0.001 0.001 0.001 0.001 0.001 0.001 0.001 0.001 0.001 0.001 0.001 0.001 0.001 0.001 0.001 0.001
3.245 2.396 1.683 1.118 0.695 0.405 0.230 0.135 0.084 0.057 0.040 0.029 0.021 0.015 0.011 0.008 0.006 0.005 0.004 0.004 0.003 0.003 0.003 0.003 0.003 0.003 0.003 0.003 0.003 0.003 0.003 0.003 0.002 0.002 0.002 0.002 0.002 0.002 0.002 0.002 0.002 0.002 0.002 0.002 0.003 0.003 0.003 0.004 0.004 0.004 0.004 0.004 0.004 0.004 0.003 0.003 0.003 0.003 0.002 0.002 0.002 0.002 0.002 0.002 0.002 0.002 0.002 0.003 0.003 0.003 0.002 0.001 0.001 0.001 0.001 0.001 0.001
4.926 3.847 2.905 2.112 1.467 0.975 0.634 0.414 0.276 0.189 0.133 0.092 0.062 0.040 0.027 0.018 0.013 0.010 0.007 0.006 0.005 0.005 0.004 0.004 0.004 0.003 0.003 0.003 0.003 0.003 0.003 0.003 0.003 0.003 0.002 0.002 0.002 0.003 0.003 0.003 0.003 0.003 0.003 0.003 0.003 0.004 0.004 0.005 0.006 0.006 0.006 0.006 0.006 0.006 0.006 0.005 0.005 0.005 0.004 0.004 0.004 0.003 0.003 0.003 0.003 0.003 0.005 0.006 0.007 0.006 0.005 0.003 0.002 0.001 0.001 0.001 0.001
6.708 5.422 4.293 3.323 2.504 1.842 1.341 0.979 0.720 0.535 0.398 0.287 0.194 0.123 0.076 0.047 0.031 0.021 0.016 0.012 0.010 0.008 0.007 0.006 0.006 0.005 0.005 0.005 0.004 0.004 0.004 0.004 0.004 0.003 0.003 0.003 0.003 0.003 0.003 0.004 0.004 0.004 0.004 0.005 0.005 0.005 0.006 0.007 0.007 0.008 0.008 0.008 0.009 0.009 0.009 0.009 0.009 0.009 0.008 0.008 0.007 0.006 0.006 0.006 0.006 0.007 0.010 0.015 0.017 0.016 0.011 0.006 0.003 0.002 0.001 0.001 0.001
8.592 7.078 5.762 4.641 3.703 2.929 2.305 1.812 1.431 1.134 0.891 0.678 0.491 0.336 0.217 0.136 0.086 0.056 0.039 0.028 0.022 0.017 0.014 0.011 0.010 0.009 0.008 0.007 0.007 0.006 0.006 0.005 0.005 0.005 0.005 0.005 0.005 0.005 0.005 0.005 0.006 0.006 0.006 0.006 0.007 0.007 0.008 0.009 0.010 0.010 0.011 0.012 0.014 0.015 0.016 0.017 0.017 0.017 0.016 0.016 0.015 0.014 0.013 0.012 0.013 0.016 0.026 0.039 0.043 0.041 0.029 0.014 0.006 0.003 0.002 0.001 0.001
10.604 8.844 7.334 6.049 4.994 4.115 3.397 2.805 2.318 1.909 1.554 1.236 0.955 0.710 0.503 0.343 0.231 0.156 0.107 0.075 0.053 0.039 0.029 0.023 0.019 0.016 0.014 0.012 0.010 0.009 0.008 0.007 0.007 0.007 0.007 0.007 0.007 0.007 0.007 0.008 0.009 0.009 0.009 0.009 0.010 0.010 0.011 0.012 0.013 0.015 0.017 0.019 0.023 0.026 0.029 0.030 0.031 0.031 0.031 0.030 0.029 0.029 0.028 0.028 0.030 0.039 0.063 0.094 0.104 0.099 0.074 0.036 0.014 0.005 0.003 0.002 0.001
12.704 10.713 9.016 7.569 6.375 5.367 4.535 3.833 3.238 2.716 2.258 1.862 1.514 1.201 0.920 0.684 0.501 0.364 0.262 0.187 0.132 0.093 0.067 0.051 0.041 0.033 0.027 0.022 0.017 0.014 0.012 0.011 0.010 0.010 0.009 0.010 0.010 0.011 0.013 0.013 0.014 0.014 0.014 0.015 0.015 0.015 0.016 0.017 0.019 0.022 0.026 0.033 0.040 0.045 0.050 0.053 0.054 0.053 0.053 0.052 0.052 0.052 0.053 0.055 0.059 0.072 0.104 0.153 0.177 0.176 0.146 0.084 0.034 0.012 0.005 0.002 0.002
14.823 12.643 10.778 9.189 7.844 6.695 5.731 4.891 4.170 3.532 2.979 2.508 2.096 1.726 1.393 1.106 0.865 0.668 0.508 0.379 0.277 0.199 0.145 0.109 0.085 0.067 0.053 0.040 0.031 0.023 0.019 0.016 0.015 0.014 0.014 0.015 0.017 0.020 0.022 0.023 0.023 0.023 0.023 0.023 0.023 0.023 0.023 0.024 0.027 0.033 0.043 0.056 0.067 0.075 0.079 0.080 0.077 0.074 0.072 0.071 0.070 0.070 0.071 0.073 0.078 0.090 0.121 0.176 0.210 0.216 0.196 0.139 0.068 0.026 0.009 0.004 0.002
16.977 14.652 12.626 10.880 9.383 8.079 6.964 5.981 5.127 4.376 3.731 3.176 2.692 2.259 1.875 1.540 1.253 1.008 0.799 0.622 0.475 0.358 0.269 0.205 0.159 0.125 0.097 0.073 0.054 0.040 0.031 0.026 0.024 0.023 0.024 0.026 0.030 0.034 0.037 0.038 0.039 0.039 0.038 0.036 0.035 0.034 0.034 0.037 0.042 0.053 0.070 0.086 0.095 0.099 0.098 0.094 0.087 0.083 0.081 0.079 0.078 0.077 0.077 0.079 0.082 0.093 0.121 0.175 0.215 0.224 0.214 0.173 0.102 0.045 0.017 0.007 0.003
18.983 16.574 14.472 12.619 10.972 9.517 8.241 7.113 6.124 5.261 4.517 3.875 3.312 2.810 2.370 1.984 1.645 1.349 1.094 0.877 0.695 0.547 0.427 0.334 0.263 0.208 0.162 0.123 0.091 0.067 0.052 0.044 0.041 0.041 0.044 0.049 0.056 0.061 0.064 0.065 0.065 0.063 0.059 0.054 0.052 0.051 0.052 0.057 0.066 0.078 0.094 0.104 0.108 0.107 0.104 0.096 0.088 0.083 0.081 0.080 0.078 0.077 0.077 0.078 0.081 0.089 0.110 0.157 0.203 0.219 0.214 0.185 0.128 0.065 0.028 0.011 0.005
20.966 18.546 16.365 14.401 12.618 11.027 9.596 8.322 7.206 6.237 5.378 4.641 3.982 3.400 2.892 2.445 2.049 1.701 1.398 1.138 0.920 0.739 0.592 0.478 0.389 0.314 0.249 0.193 0.147 0.112 0.090 0.078 0.075 0.077 0.081 0.089 0.099 0.105 0.107 0.107 0.105 0.099 0.089 0.080 0.076 0.076 0.079 0.085 0.091 0.096 0.103 0.108 0.109 0.107 0.101 0.091 0.082 0.076 0.073 0.072 0.071 0.071 0.071 0.071 0.073 0.076 0.088 0.121 0.171 0.198 0.200 0.183 0.143 0.085 0.040 0.017 0.008
22.990 20.549 18.318 16.256 14.360 12.632 11.064 9.656 8.412 7.321 6.344 5.493 4.730 4.051 3.453 2.927 2.468 2.068 1.719 1.414 1.153 0.933 0.752 0.610 0.501 0.417 0.345 0.280 0.224 0.181 0.153 0.138 0.134 0.135 0.139 0.147 0.160 0.168 0.170 0.166 0.156 0.141 0.128 0.117 0.111 0.109 0.108 0.107 0.104 0.102 0.103 0.104 0.103 0.098 0.088 0.076 0.065 0.058 0.054 0.053 0.053 0.053 0.055 0.056 0.056 0.056 0.060 0.076 0.119 0.159 0.173 0.170 0.148 0.102 0.053 0.024 0.012
25.019 22.622 20.422 18.285 16.274 14.382 12.653 11.108 9.725 8.496 7.404 6.425 5.547 4.759 4.059 3.447 2.913 2.452 2.052 1.701 1.394 1.131 0.913 0.735 0.598 0.498 0.425 0.366 0.316 0.275 0.245 0.227 0.219 0.215 0.214 0.218 0.227 0.230 0.226 0.213 0.192 0.175 0.163 0.153 0.145 0.136 0.125 0.114 0.106 0.100 0.096 0.091 0.085 0.074 0.061 0.049 0.040 0.034 0.032 0.031 0.031 0.032 0.034 0.035 0.036 0.036 0.038 0.047 0.074 0.117 0.142 0.148 0.140 0.112 0.067 0.033 0.017
27.289 25.016 22.827 20.626 18.463 16.430 14.507 12.777 11.227 9.825 8.594 7.471 6.460 5.552 4.743 4.036 3.414 2.873 2.405 1.997 1.641 1.333 1.074 0.861 0.692 0.568 0.486 0.431 0.391 0.360 0.335 0.316 0.302 0.289 0.279 0.275 0.274 0.271 0.260 0.239 0.213 0.195 0.184 0.174 0.163 0.148 0.130 0.113 0.100 0.088 0.075 0.062 0.050 0.039 0.031 0.025 0.022 0.019 0.019 0.019 0.019 0.020 0.020 0.021 0.022 0.022 0.024 0.030 0.047 0.083 0.116 0.128 0.128 0.115 0.081 0.045 0.024
