RESULTS/r.avaflow_results/14_results/14_ascii/14_hflow0042.asc
ncols 506
nrows 317
xllcenter 498237.50
yllcenter 5580050.00
cellsize 12.50
NODATA_value -9999.000
[rows 204 to 237 of 317, columns 231 to 307 of 506]
0.000 0.001 0.001 0.002 0.003 0.004 0.005 0.006 0.007 0.009 0.011 0.014 0.016 0.018 0.019 0.020 0.020 0.020 0.018 0.017 0.017 0.017 0.017 0.018 0.019 0.020 0.020 0.021 0.021 0.021 0.021 0.021 0.022 0.022 0.022 0.023 0.023 0.024 0.024 0.024 0.024 0.025 0.026 0.027 0.028 0.029 0.030 0.030 0.031 0.031 0.033 0.035 0.038 0.042 0.046 0.051 0.061 0.074 0.082 0.084 0.082 0.074 0.063 0.054 0.047 0.043 0.042 0.042 0.043 0.046 0.052 0.060 0.071 0.083 0.100 0.121 0.147
0.000 0.000 0.000 0.001 0.001 0.002 0.003 0.004 0.005 0.006 0.008 0.010 0.011 0.013 0.013 0.014 0.014 0.014 0.014 0.013 0.013 0.014 0.014 0.015 0.016 0.017 0.017 0.018 0.019 0.019 0.020 0.020 0.020 0.020 0.021 0.021 0.022 0.022 0.022 0.022 0.022 0.023 0.024 0.026 0.027 0.028 0.028 0.029 0.030 0.031 0.032 0.035 0.039 0.043 0.047 0.052 0.060 0.072 0.079 0.081 0.079 0.071 0.061 0.053 0.047 0.043 0.043 0.043 0.045 0.048 0.055 0.065 0.083 0.111 0.152 0.201 0.251
0.000 0.000 0.000 0.000 0.001 0.001 0.002 0.002 0.003 0.004 0.006 0.007 0.008 0.009 0.010 0.010 0.010 0.011 0.011 0.011 0.011 0.011 0.012 0.012 0.013 0.014 0.015 0.016 0.017 0.018 0.018 0.019 0.019 0.019 0.020 0.020 0.021 0.021 0.021 0.022 0.022 0.023 0.024 0.025 0.026 0.027 0.028 0.029 0.030 0.032 0.034 0.038 0.043 0.047 0.050 0.055 0.061 0.072 0.079 0.080 0.078 0.071 0.060 0.052 0.047 0.045 0.044 0.045 0.047 0.053 0.062 0.081 0.117 0.183 0.275 0.364 0.430
0.000 0.000 0.000 0.000 0.000 0.000 0.001 0.001 0.002 0.003 0.004 0.005 0.006 0.006 0.007 0.007 0.008 0.008 0.008 0.009 0.009 0.009 0.010 0.010 0.011 0.012 0.013 0.014 0.015 0.016 0.017 0.017 0.018 0.018 0.019 0.020 0.020 0.020 0.021 0.021 0.022 0.023 0.024 0.025 0.026 0.028 0.029 0.030 0.032 0.035 0.040 0.046 0.052 0.056 0.059 0.061 0.065 0.073 0.080 0.081 0.079 0.071 0.060 0.053 0.049 0.047 0.047 0.048 0.053 0.061 0.079 0.115 0.192 0.321 0.456 0.545 0.587
0.000 0.000 0.000 0.000 0.000 0.000 0.000 0.000 0.001 0.001 0.002 0.003 0.004 0.004 0.005 0.005 0.005 0.006 0.006 0.007 0.007 0.007 0.008 0.009 0.010 0.010 0.011 0.012 0.014 0.015 0.016 0.016 0.017 0.018 0.019 0.019 0.020 0.020 0.021 0.021 0.022 0.023 0.024 0.026 0.027 0.028 0.030 0.033 0.038 0.044 0.053 0.062 0.068 0.071 0.072 0.072 0.073 0.078 0.084 0.085 0.082 0.073 0.062 0.055 0.052 0.051 0.052 0.055 0.062 0.077 0.109 0.174 0.290 0.446 0.567 0.632 0.650
0.000 0.000 0.000 0.000 0.000 0.000 0.000 0.000 0.000 0.000 0.001 0.001 0.002 0.002 0.003 0.003 0.004 0.004 0.004 0.005 0.005 0.006 0.007 0.007 0.008 0.009 0.010 0.011 0.012 0.013 0.015 0.016 0.017 0.018 0.018 0.019 0.020 0.020 0.021 0.021 0.022 0.023 0.024 0.026 0.027 0.030 0.033 0.040 0.049 0.062 0.078 0.088 0.092 0.090 0.084 0.079 0.079 0.082 0.087 0.088 0.085 0.077 0.066 0.060 0.058 0.058 0.061 0.067 0.080 0.105 0.151 0.230 0.353 0.493 0.591 0.638 0.645
0.000 0.000 0.000 0.000 0.000 0.000 0.000 0.000 0.000 0.000 0.000 0.001 0.001 0.001 0.002 0.002 0.002 0.003 0.003 0.003 0.004 0.004 0.005 0.006 0.007 0.008 0.009 0.010 0.011 0.012 0.014 0.015 0.016 0.018 0.018 0.019 0.020 0.020 0.021 0.021 0.022 0.023 0.024 0.026 0.028 0.032 0.039 0.051 0.071 0.094 0.110 0.116 0.113 0.101 0.088 0.082 0.081 0.083 0.087 0.088 0.086 0.079 0.073 0.069 0.069 0.071 0.076 0.087 0.106 0.135 0.183 0.260 0.373 0.486 0.554 0.574 0.557
0.000 0.000 0.000 0.000 0.000 0.000 0.000 0.000 0.000 0.000 0.000 0.000 0.000 0.000 0.001 0.001 0.001 0.001 0.002 0.002 0.003 0.003 0.004 0.005 0.005 0.006 0.007 0.009 0.010 0.011 0.013 0.015 0.016 0.018 0.019 0.019 0.020 0.020 0.020 0.021 0.022 0.023 0.024 0.026 0.029 0.035 0.047 0.071 0.103 0.125 0.133 0.132 0.122 0.103 0.088 0.081 0.080 0.082 0.086 0.087 0.085 0.080 0.078 0.078 0.081 0.087 0.095 0.108 0.125 0.152 0.196 0.265 0.355 0.420 0.439 0.416 0.363
0.000 0.000 0.000 0.000 0.000 0.000 0.000 0.000 0.000 0.000 0.000 0.000 0.000 0.000 0.000 0.000 0.000 0.001 0.001 0.001 0.002 0.002 0.003 0.003 0.004 0.005 0.006 0.008 0.009 0.011 0.012 0.014 0.016 0.018 0.019 0.020 0.020 0.020 0.020 0.021 0.021 0.022 0.024 0.026 0.031 0.039 0.058 0.093 0.126 0.141 0.143 0.137 0.122 0.101 0.085 0.078 0.077 0.079 0.082 0.083 0.082 0.080 0.080 0.082 0.088 0.096 0.106 0.117 0.131 0.154 0.193 0.243 0.280 0.286 0.266 0.226 0.178
0.000 0.000 0.000 0.000 0.000 0.000 0.000 0.000 0.000 0.000 0.000 0.000 0.000 0.000 0.000 0.000 0.000 0.000 0.000 0.001 0.001 0.001 0.002 0.002 0.003 0.004 0.005 0.006 0.008 0.010 0.011 0.014 0.016 0.018 0.020 0.020 0.021 0.020 0.020 0.021 0.021 0.022 0.024 0.027 0.033 0.045 0.069 0.108 0.136 0.145 0.144 0.136 0.118 0.095 0.079 0.072 0.070 0.071 0.073 0.075 0.076 0.077 0.078 0.083 0.090 0.098 0.107 0.117 0.128 0.144 0.164 0.176 0.171 0.157 0.138 0.112 0.087
0.000 0.000 0.000 0.000 0.000 0.000 0.000 0.000 0.000 0.000 0.000 0.000 0.000 0.000 0.000 0.000 0.000 0.000 0.000 0.000 0.000 0.001 0.001 0.002 0.002 0.003 0.004 0.005 0.007 0.009 0.011 0.013 0.016 0.018 0.020 0.021 0.021 0.021 0.021 0.021 0.021 0.022 0.024 0.028 0.036 0.050 0.077 0.113 0.135 0.142 0.139 0.129 0.109 0.087 0.071 0.062 0.059 0.059 0.060 0.062 0.065 0.068 0.072 0.077 0.085 0.093 0.100 0.106 0.110 0.112 0.109 0.103 0.095 0.086 0.074 0.061 0.050
0.000 0.000 0.000 0.000 0.000 0.000 0.000 0.000 0.000 0.000 0.000 0.000 0.000 0.000 0.000 0.000 0.000 0.000 0.000 0.000 0.000 0.000 0.000 0.001 0.001 0.002 0.003 0.004 0.006 0.007 0.010 0.012 0.015 0.018 0.020 0.021 0.022 0.022 0.022 0.022 0.022 0.023 0.025 0.030 0.039 0.055 0.081 0.109 0.124 0.127 0.123 0.112 0.094 0.074 0.060 0.051 0.046 0.045 0.046 0.047 0.049 0.053 0.058 0.065 0.072 0.077 0.079 0.079 0.077 0.072 0.067 0.062 0.058 0.053 0.046 0.040 0.036
0.000 0.000 0.000 0.000 0.000 0.000 0.000 0.000 0.000 0.000 0.000 0.000 0.000 0.000 0.000 0.000 0.000 0.000 0.000 0.000 0.000 0.000 0.000 0.000 0.001 0.001 0.002 0.003 0.004 0.006 0.008 0.011 0.013 0.016 0.019 0.021 0.022 0.023 0.023 0.023 0.024 0.025 0.027 0.032 0.041 0.057 0.079 0.096 0.101 0.098 0.092 0.083 0.070 0.056 0.046 0.039 0.036 0.036 0.036 0.036 0.037 0.040 0.044 0.048 0.051 0.053 0.053 0.052 0.050 0.048 0.046 0.044 0.042 0.039 0.035 0.032 0.031
0.000 0.000 0.000 0.000 0.000 0.000 0.000 0.000 0.000 0.000 0.000 0.000 0.000 0.000 0.000 0.000 0.000 0.000 0.000 0.000 0.000 0.000 0.000 0.000 0.000 0.001 0.001 0.002 0.003 0.005 0.007 0.009 0.011 0.014 0.017 0.020 0.022 0.023 0.024 0.025 0.026 0.027 0.029 0.034 0.042 0.055 0.068 0.072 0.070 0.066 0.060 0.054 0.047 0.040 0.034 0.031 0.029 0.029 0.029 0.030 0.031 0.033 0.035 0.037 0.038 0.038 0.038 0.037 0.036 0.035 0.035 0.035 0.034 0.033 0.031 0.030 0.030
0.000 0.000 0.000 0.000 0.000 0.000 0.000 0.000 0.000 0.000 0.000 0.000 0.000 0.000 0.000 0.000 0.000 0.000 0.000 0.000 0.000 0.000 0.000 0.000 0.000 0.000 0.001 0.001 0.002 0.004 0.005 0.007 0.009 0.012 0.015 0.018 0.021 0.023 0.025 0.026 0.027 0.028 0.030 0.034 0.041 0.049 0.052 0.051 0.048 0.044 0.041 0.037 0.033 0.030 0.027 0.026 0.025 0.025 0.025 0.026 0.027 0.029 0.029 0.030 0.030 0.030 0.029 0.029 0.029 0.029 0.030 0.030 0.030 0.030 0.030 0.029 0.030
0.000 0.000 0.000 0.000 0.000 0.000 0.000 0.000 0.000 0.000 0.000 0.000 0.000 0.000 0.000 0.000 0.000 0.000 0.000 0.000 0.000 0.000 0.000 0.000 0.000 0.000 0.000 0.001 0.001 0.002 0.004 0.005 0.007 0.010 0.012 0.016 0.020 0.022 0.024 0.026 0.027 0.028 0.030 0.033 0.037 0.039 0.038 0.037 0.035 0.032 0.030 0.028 0.026 0.024 0.023 0.023 0.023 0.023 0.024 0.024 0.025 0.026 0.026 0.026 0.026 0.025 0.025 0.025 0.025 0.026 0.027 0.028 0.029 0.030 0.030 0.030 0.031
0.000 0.000 0.000 0.000 0.000 0.000 0.000 0.000 0.000 0.000 0.000 0.000 0.000 0.000 0.000 0.000 0.000 0.000 0.000 0.000 0.000 0.000 0.000 0.000 0.000 0.000 0.000 0.000 0.001 0.001 0.003 0.004 0.006 0.008 0.010 0.013 0.017 0.021 0.024 0.026 0.027 0.028 0.029 0.030 0.031 0.030 0.030 0.029 0.027 0.025 0.024 0.022 0.022 0.021 0.021 0.021 0.021 0.022 0.023 0.024 0.024 0.024 0.024 0.024 0.024 0.023 0.023 0.023 0.023 0.024 0.025 0.027 0.029 0.030 0.031 0.033 0.035
0.000 0.000 0.000 0.000 0.000 0.000 0.000 0.000 0.000 0.000 0.000 0.000 0.000 0.000 0.000 0.000 0.000 0.000 0.000 0.000 0.000 0.000 0.000 0.000 0.000 0.000 0.000 0.000 0.000 0.001 0.002 0.003 0.004 0.006 0.008 0.011 0.015 0.019 0.023 0.025 0.026 0.026 0.026 0.026 0.025 0.024 0.024 0.023 0.022 0.021 0.020 0.019 0.019 0.019 0.019 0.020 0.021 0.022 0.023 0.024 0.024 0.024 0.024 0.023 0.023 0.022 0.022 0.022 0.022 0.023 0.025 0.027 0.030 0.032 0.036 0.041 0.044
0.000 0.000 0.000 0.000 0.000 0.000 0.000 0.000 0.000 0.000 0.000 0.000 0.000 0.000 0.000 0.000 0.000 0.000 0.000 0.000 0.000 0.000 0.000 0.000 0.000 0.000 0.000 0.000 0.000 0.000 0.001 0.002 0.003 0.004 0.006 0.009 0.012 0.017 0.020 0.022 0.022 0.022 0.022 0.021 0.020 0.020 0.019 0.019 0.019 0.018 0.017 0.017 0.017 0.017 0.018 0.019 0.020 0.022 0.023 0.024 0.024 0.024 0.023 0.023 0.023 0.022 0.022 0.022 0.022 0.023 0.025 0.028 0.032 0.038 0.047 0.057 0.064
0.000 0.000 0.000 0.000 0.000 0.000 0.000 0.000 0.000 0.000 0.000 0.000 0.000 0.000 0.000 0.000 0.000 0.000 0.000 0.000 0.000 0.000 0.000 0.000 0.000 0.000 0.000 0.000 0.000 0.000 0.000 0.001 0.002 0.003 0.005 0.007 0.010 0.013 0.016 0.017 0.017 0.017 0.017 0.016 0.016 0.016 0.016 0.016 0.016 0.015 0.015 0.015 0.015 0.016 0.017 0.018 0.020 0.022 0.024 0.024 0.024 0.024 0.024 0.023 0.023 0.022 0.022 0.022 0.022 0.024 0.027 0.032 0.040 0.054 0.075 0.094 0.106
0.000 0.000 0.000 0.000 0.000 0.000 0.000 0.000 0.000 0.000 0.000 0.000 0.000 0.000 0.000 0.000 0.000 0.000 0.000 0.000 0.000 0.000 0.000 0.000 0.000 0.000 0.000 0.000 0.000 0.000 0.000 0.000 0.001 0.002 0.003 0.005 0.007 0.009 0.011 0.012 0.012 0.012 0.012 0.012 0.012 0.012 0.012 0.013 0.013 0.013 0.013 0.014 0.014 0.015 0.016 0.017 0.019 0.022 0.024 0.025 0.025 0.025 0.024 0.023 0.023 0.022 0.022 0.022 0.023 0.026 0.031 0.041 0.060 0.094 0.145 0.183 0.202
0.000 0.000 0.000 0.000 0.000 0.000 0.000 0.000 0.000 0.000 0.000 0.000 0.000 0.000 0.000 0.000 0.000 0.000 0.000 0.000 0.000 0.000 0.000 0.000 0.000 0.000 0.000 0.000 0.000 0.000 0.000 0.000 0.000 0.001 0.002 0.003 0.005 0.006 0.007 0.008 0.008 0.009 0.009 0.009 0.009 0.009 0.009 0.010 0.010 0.011 0.011 0.012 0.013 0.014 0.015 0.017 0.019 0.022 0.024 0.025 0.025 0.025 0.024 0.023 0.023 0.023 0.023 0.024 0.026 0.031 0.042 0.063 0.107 0.188 0.302 0.378 0.411
0.000 0.000 0.000 0.000 0.000 0.000 0.000 0.000 0.000 0.000 0.000 0.000 0.000 0.000 0.000 0.000 0.000 0.000 0.000 0.000 0.000 0.000 0.000 0.000 0.000 0.000 0.000 0.000 0.000 0.000 0.000 0.000 0.000 0.000 0.001 0.002 0.003 0.004 0.005 0.005 0.005 0.006 0.006 0.006 0.006 0.006 0.007 0.007 0.008 0.008 0.009 0.010 0.011 0.012 0.014 0.016 0.018 0.021 0.023 0.024 0.024 0.024 0.024 0.023 0.023 0.023 0.023 0.025 0.029 0.037 0.054 0.089 0.159 0.292 0.483 0.613 0.664
0.000 0.000 0.000 0.000 0.000 0.000 0.000 0.000 0.000 0.000 0.000 0.000 0.000 0.000 0.000 0.000 0.000 0.000 0.000 0.000 0.000 0.000 0.000 0.000 0.000 0.000 0.000 0.000 0.000 0.000 0.000 0.000 0.000 0.000 0.000 0.001 0.001 0.002 0.003 0.003 0.003 0.003 0.003 0.004 0.004 0.004 0.004 0.005 0.006 0.006 0.007 0.008 0.009 0.011 0.012 0.014 0.017 0.019 0.021 0.022 0.023 0.023 0.023 0.023 0.022 0.022 0.023 0.025 0.030 0.039 0.059 0.099 0.179 0.332 0.558 0.716 0.775
0.000 0.000 0.000 0.000 0.000 0.000 0.000 0.000 0.000 0.000 0.000 0.000 0.000 0.000 0.000 0.000 0.000 0.000 0.000 0.000 0.000 0.000 0.000 0.000 0.000 0.000 0.000 0.000 0.000 0.000 0.000 0.000 0.000 0.000 0.000 0.000 0.001 0.001 0.001 0.001 0.002 0.002 0.002 0.002 0.002 0.002 0.003 0.003 0.004 0.004 0.005 0.006 0.007 0.009 0.010 0.012 0.014 0.016 0.018 0.019 0.020 0.020 0.021 0.021 0.021 0.021 0.023 0.025 0.030 0.039 0.058 0.097 0.174 0.323 0.545 0.698 0.756
0.000 0.000 0.000 0.000 0.000 0.000 0.000 0.000 0.000 0.000 0.000 0.000 0.000 0.000 0.000 0.000 0.000 0.000 0.000 0.000 0.000 0.000 0.000 0.000 0.000 0.000 0.000 0.000 0.000 0.000 0.000 0.000 0.000 0.000 0.000 0.000 0.000 0.000 0.000 0.000 0.000 0.001 0.001 0.001 0.001 0.001 0.001 0.002 0.002 0.003 0.004 0.004 0.005 0.007 0.008 0.010 0.011 0.013 0.014 0.015 0.016 0.016 0.017 0.017 0.018 0.019 0.021 0.023 0.027 0.035 0.050 0.079 0.137 0.251 0.420 0.532 0.574
0.000 0.000 0.000 0.000 0.000 0.000 0.000 0.000 0.000 0.000 0.000 0.000 0.000 0.000 0.000 0.000 0.000 0.000 0.000 0.000 0.000 0.000 0.000 0.000 0.000 0.000 0.000 0.000 0.000 0.000 0.000 0.000 0.000 0.000 0.000 0.000 0.000 0.000 0.000 0.000 0.000 0.000 0.000 0.000 0.000 0.000 0.000 0.001 0.001 0.002 0.002 0.003 0.004 0.005 0.006 0.007 0.008 0.009 0.010 0.011 0.011 0.012 0.013 0.013 0.014 0.015 0.017 0.018 0.021 0.025 0.032 0.046 0.072 0.125 0.204 0.250 0.264
0.000 0.000 0.000 0.000 0.000 0.000 0.000 0.000 0.000 0.000 0.000 0.000 0.000 0.000 0.000 0.000 0.000 0.000 0.000 0.000 0.000 0.000 0.000 0.000 0.000 0.000 0.000 0.000 0.000 0.000 0.000 0.000 0.000 0.000 0.000 0.000 0.000 0.000 0.000 0.000 0.000 0.000 0.000 0.000 0.000 0.000 0.000 0.000 0.000 0.001 0.001 0.002 0.002 0.003 0.004 0.005 0.006 0.006 0.007 0.008 0.008 0.009 0.009 0.010 0.010 0.011 0.012 0.013 0.014 0.016 0.020 0.025 0.036 0.056 0.083 0.097 0.099
0.000 0.000 0.000 0.000 0.000 0.000 0.000 0.000 0.000 0.000 0.000 0.000 0.000 0.000 0.000 0.000 0.000 0.000 0.000 0.000 0.000 0.000 0.000 0.000 0.000 0.000 0.000 0.000 0.000 0.000 0.000 0.000 0.000 0.000 0.000 0.000 0.000 0.000 0.000 0.000 0.000 0.000 0.000 0.000 0.000 0.000 0.000 0.000 0.000 0.000 0.000 0.001 0.001 0.002 0.002 0.003 0.003 0.004 0.005 0.005 0.006 0.006 0.007 0.007 0.007 0.008 0.009 0.009 0.010 0.011 0.013 0.016 0.021 0.029 0.038 0.042 0.042
0.000 0.000 0.000 0.000 0.000 0.000 0.000 0.000 0.000 0.000 0.000 0.000 0.000 0.000 0.000 0.000 0.000 0.000 0.000 0.000 0.000 0.000 0.000 0.000 0.000 0.000 0.000 0.000 0.000 0.000 0.000 0.000 0.000 0.000 0.000 0.000 0.000 0.000 0.000 0.000 0.000 0.000 0.000 0.000 0.000 0.000 0.000 0.000 0.000 0.000 0.000 0.000 0.000 0.001 0.001 0.001 0.002 0.002 0.003 0.003 0.004 0.004 0.005 0.005 0.005 0.006 0.006 0.007 0.007 0.008 0.009 0.011 0.014 0.017 0.021 0.022 0.022
0.000 0.000 0.000 0.000 0.000 0.000 0.000 0.000 0.000 0.000 0.000 0.000 0.000 0.000 0.000 0.000 0.000 0.000 0.000 0.000 0.000 0.000 0.000 0.000 0.000 0.000 0.000 0.000 0.000 0.000 0.000 0.000 0.000 0.000 0.000 0.000 0.000 0.000 0.000 0.000 0.000 0.000 0.000 0.000 0.000 0.000 0.000 0.000 0.000 0.000 0.000 0.000 0.000 0.000 0.000 0.001 0.001 0.001 0.002 0.002 0.002 0.003 0.003 0.003 0.003 0.004 0.004 0.004 0.005 0.006 0.006 0.008 0.009 0.011 0.013 0.013 0.014
0.000 0.000 0.000 0.000 0.000 0.000 0.000 0.000 0.000 0.000 0.000 0.000 0.000 0.000 0.000 0.000 0.000 0.000 0.000 0.000 0.000 0.000 0.000 0.000 0.000 0.000 0.000 0.000 0.000 0.000 0.000 0.000 0.000 0.000 0.000 0.000 0.000 0.000 0.000 0.000 0.000 0.000 0.000 0.000 0.000 0.000 0.000 0.000 0.000 0.000 0.000 0.000 0.000 0.000 0.000 0.000 0.000 0.000 0.001 0.001 0.001 0.001 0.002 0.002 0.002 0.002 0.002 0.003 0.003 0.004 0.004 0.005 0.006 0.007 0.008 0.009 0.009
0.000 0.000 0.000 0.000 0.000 0.000 0.000 0.000 0.000 0.000 0.000 0.000 0.000 0.000 0.000 0.000 0.000 0.000 0.000 0.000 0.000 0.000 0.000 0.000 0.000 0.000 0.000 0.000 0.000 0.000 0.000 0.000 0.000 0.000 0.000 0.000 0.000 0.000 0.000 0.000 0.000 0.000 0.000 0.000 0.000 0.000 0.000 0.000 0.000 0.000 0.000 0.000 0.000 0.000 0.000 0.000 0.000 0.000 0.000 0.000 0.001 0.001 0.001 0.001 0.001 0.001 0.001 0.002 0.002 0.002 0.003 0.003 0.004 0.005 0.005 0.005 0.005
0.000 0.000 0.000 0.000 0.000 0.000 0.000 0.000 0.000 0.000 0.000 0.000 0.000 0.000 0.000 0.000 0.000 0.000 0.000 0.000 0.000 0.000 0.000 0.000 0.000 0.000 0.000 0.000 0.000 0.000 0.000 0.000 0.000 0.000 0.000 0.000 0.000 0.000 0.000 0.000 0.000 0.000 0.000 0.000 0.000 0.000 0.000 0.000 0.000 0.000 0.000 0.000 0.000 0.000 0.000 0.000 0.000 0.000 0.000 0.000 0.000 0.000 0.000 0.000 0.000 0.000 0.001 0.001 0.001 0.001 0.001 0.002 0.002 0.002 0.003 0.003 0.003
