RESULTS/r.avaflow_results/14_results/14_ascii/14_hflow10006.asc
ncols 506
nrows 317
xllcenter 498237.50
yllcenter 5580050.00
cellsize 12.50
NODATA_value -9999.000
[rows 238 to 271 of 317, columns 77 to 153 of 506]
39.932 39.999 40.395 40.724 41.102 41.474 41.254 40.540 39.367 37.389 35.246 33.554 32.041 30.572 28.860 27.005 25.226 23.663 22.042 20.207 18.765 17.995 17.742 17.735 17.690 17.440 16.894 16.115 15.128 13.864 12.356 10.794 9.592 8.911 8.723 8.865 9.552 10.408 10.790 10.782 10.201 8.811 6.585 3.824 2.074 1.378 1.237 1.407 2.531 5.762 8.780 9.198 7.409 4.946 3.861 3.076 2.283 1.544 0.925 0.485 0.227 0.097 0.039 0.015 0.005 0.002 0.001 0.001 0.001 0.001 0.001 0.001 0.001 0.001 0.000 0.001 0.001
39.387 39.097 39.231 39.460 39.921 40.333 40.272 39.711 38.589 36.544 34.117 31.957 29.935 28.041 26.038 24.144 22.496 20.836 19.073 17.373 16.251 15.826 16.016 16.720 17.323 17.603 17.519 17.258 16.609 15.562 14.112 12.282 10.745 9.943 9.756 9.985 10.831 11.503 11.604 11.243 10.216 8.456 5.782 3.184 1.845 1.334 1.218 1.263 1.775 3.981 7.985 9.940 9.310 6.620 4.476 3.168 2.117 1.272 0.671 0.314 0.133 0.052 0.019 0.006 0.002 0.001 0.001 0.000 0.000 0.001 0.001 0.001 0.001 0.000 0.000 0.001 0.001
38.441 37.995 37.788 37.787 38.171 38.631 38.545 38.051 37.150 35.128 32.409 29.792 27.327 25.086 23.070 21.286 19.594 17.633 15.565 14.086 13.496 13.551 14.291 15.618 16.846 17.558 17.794 17.881 17.647 17.083 16.126 14.473 12.521 11.318 10.950 11.116 11.846 12.260 12.152 11.438 10.012 7.730 4.787 2.735 1.768 1.382 1.274 1.284 1.501 2.696 6.318 9.721 10.096 8.038 4.843 2.986 1.769 0.947 0.455 0.197 0.077 0.027 0.008 0.003 0.001 0.001 0.001 0.000 0.000 0.000 0.001 0.001 0.000 0.000 0.000 0.001 0.001
37.382 36.827 36.341 36.163 36.238 36.533 36.380 35.855 34.914 32.901 30.062 26.981 24.087 21.766 19.975 18.239 16.198 13.771 11.875 11.129 11.175 11.781 13.057 14.758 16.276 17.292 17.774 17.963 17.958 17.712 17.197 16.043 14.248 12.643 11.976 12.001 12.457 12.637 12.294 11.297 9.514 6.664 3.973 2.526 1.840 1.557 1.443 1.415 1.503 2.101 4.558 8.635 10.045 8.741 5.221 2.714 1.402 0.686 0.306 0.122 0.043 0.013 0.004 0.001 0.001 0.001 0.001 0.001 0.000 0.000 0.000 0.000 0.000 0.000 0.000 0.001 0.001
35.584 34.958 34.508 34.196 33.894 33.856 33.484 32.779 31.675 29.598 26.717 23.306 20.060 17.609 15.704 13.600 11.266 9.552 8.958 9.219 9.774 10.727 12.210 14.092 15.703 16.824 17.406 17.636 17.743 17.600 17.334 16.612 15.365 13.699 12.733 12.544 12.644 12.587 11.957 10.611 8.355 5.474 3.503 2.500 2.051 1.880 1.774 1.701 1.698 1.939 3.297 6.772 9.107 8.695 5.570 2.509 1.149 0.513 0.208 0.074 0.023 0.006 0.002 0.001 0.001 0.001 0.001 0.001 0.000 0.000 0.000 0.001 0.000 0.000 0.000 0.001 0.001
33.243 32.747 32.329 31.856 31.377 31.086 30.434 29.400 27.925 25.546 22.418 18.556 14.720 11.527 8.963 6.982 6.041 6.333 7.211 8.158 9.118 10.263 11.773 13.595 15.141 16.151 16.550 16.651 16.771 16.810 16.734 16.398 15.680 14.438 13.381 12.904 12.584 12.042 10.897 9.122 6.760 4.635 3.338 2.647 2.386 2.305 2.245 2.158 2.057 2.074 2.667 4.897 7.535 7.903 5.559 2.328 0.952 0.381 0.136 0.042 0.011 0.002 0.001 0.001 0.001 0.001 0.001 0.001 0.001 0.000 0.000 0.000 0.000 0.000 0.001 0.001 0.001
30.663 30.302 29.899 29.331 28.744 28.204 27.184 25.670 23.652 20.677 16.935 12.699 8.653 5.416 3.432 2.757 3.160 4.466 6.107 7.454 8.713 10.022 11.454 13.091 14.417 15.095 15.153 15.076 15.159 15.442 15.631 15.737 15.531 14.922 14.002 13.189 12.372 11.147 9.504 7.678 5.829 4.383 3.410 2.914 2.739 2.671 2.620 2.526 2.307 2.163 2.337 3.527 5.751 6.402 5.008 2.173 0.773 0.263 0.079 0.020 0.004 0.001 0.001 0.001 0.001 0.001 0.001 0.001 0.001 0.000 0.000 0.000 0.000 0.001 0.001 0.000 0.000
27.688 27.383 27.044 26.469 25.714 24.828 23.421 21.424 18.763 15.223 11.209 7.345 4.125 2.035 1.218 1.208 1.791 3.167 5.012 6.751 8.304 9.745 11.072 12.396 13.331 13.616 13.411 13.283 13.333 13.570 14.031 14.790 15.169 15.037 14.385 13.388 12.040 10.256 8.522 6.937 5.564 4.441 3.655 3.257 3.079 2.963 2.858 2.709 2.404 2.107 2.073 2.525 3.979 4.802 4.199 2.005 0.583 0.157 0.036 0.007 0.001 0.001 0.001 0.001 0.001 0.001 0.001 0.001 0.001 0.001 0.000 0.000 0.000 0.000 0.000 0.000 0.000
24.522 24.273 23.951 23.293 22.297 21.010 19.098 16.574 13.389 9.799 6.322 3.462 1.564 0.720 0.559 0.660 1.051 1.985 3.637 5.701 7.617 9.141 10.317 11.237 11.669 11.539 11.004 10.767 10.786 11.339 12.590 14.101 14.894 14.997 14.538 13.398 11.526 9.440 7.861 6.620 5.620 4.764 4.110 3.706 3.450 3.231 3.014 2.766 2.401 1.929 1.669 1.695 2.337 3.086 2.972 1.595 0.368 0.068 0.011 0.002 0.001 0.001 0.001 0.001 0.001 0.001 0.001 0.001 0.001 0.001 0.000 0.000 0.000 0.000 0.000 0.000 0.000
21.142 20.941 20.537 19.751 18.501 16.786 14.449 11.680 8.542 5.492 2.979 1.310 0.535 0.344 0.367 0.462 0.631 1.047 2.061 3.897 6.090 7.702 8.705 9.191 9.182 8.482 7.713 7.654 8.429 9.959 11.997 13.817 14.683 14.816 14.427 13.186 10.998 8.867 7.459 6.546 5.928 5.375 4.813 4.330 3.923 3.542 3.165 2.766 2.268 1.605 1.130 0.972 1.116 1.426 1.388 0.782 0.144 0.017 0.002 0.001 0.001 0.001 0.001 0.001 0.000 0.001 0.001 0.001 0.001 0.001 0.000 0.000 0.000 0.000 0.000 0.000 0.000
17.510 17.332 16.872 16.015 14.648 12.766 10.326 7.540 4.853 2.661 1.180 0.444 0.230 0.225 0.284 0.350 0.395 0.505 0.884 1.811 3.448 4.935 5.681 5.815 5.448 4.667 4.508 5.315 6.995 9.169 11.584 13.523 14.399 14.517 14.098 12.823 10.602 8.512 7.217 6.513 6.085 5.699 5.260 4.781 4.291 3.800 3.284 2.705 1.990 1.240 0.732 0.495 0.453 0.495 0.463 0.250 0.034 0.003 0.001 0.001 0.001 0.000 0.000 0.001 0.001 0.000 0.000 0.000 0.000 0.000 0.000 0.000 0.000 0.000 0.000 0.000 0.000
13.895 13.749 13.318 12.509 11.224 9.408 7.036 4.553 2.554 1.183 0.446 0.175 0.129 0.150 0.213 0.247 0.252 0.256 0.327 0.604 1.250 2.006 2.373 2.429 2.269 2.143 2.595 3.913 5.933 8.393 11.023 12.998 13.816 13.956 13.554 12.425 10.439 8.432 7.093 6.361 5.974 5.661 5.318 4.901 4.428 3.919 3.335 2.616 1.728 0.970 0.484 0.244 0.165 0.146 0.127 0.062 0.007 0.001 0.001 0.001 0.000 0.000 0.000 0.000 0.001 0.001 0.000 0.001 0.000 0.000 0.000 0.000 0.000 0.000 0.000 0.000 0.000
10.472 10.412 10.076 9.401 8.299 6.705 4.629 2.705 1.345 0.546 0.189 0.085 0.075 0.094 0.137 0.154 0.154 0.142 0.128 0.160 0.305 0.543 0.681 0.747 0.813 1.023 1.678 2.983 4.898 7.365 10.110 12.130 13.029 13.266 12.975 12.139 10.478 8.559 7.124 6.099 5.454 5.127 4.912 4.661 4.317 3.868 3.278 2.472 1.474 0.731 0.304 0.115 0.056 0.040 0.032 0.015 0.003 0.001 0.001 0.001 0.001 0.000 0.000 0.000 0.000 0.001 0.001 0.001 0.000 0.000 0.000 0.000 0.000 0.000 0.000 0.000 0.000
6.972 7.301 7.158 6.701 5.869 4.608 2.973 1.612 0.730 0.265 0.085 0.043 0.041 0.055 0.079 0.088 0.087 0.080 0.060 0.048 0.057 0.100 0.146 0.207 0.327 0.611 1.235 2.363 4.040 6.254 8.873 10.926 12.057 12.550 12.507 11.996 10.799 9.146 7.506 6.006 4.732 3.962 3.693 3.642 3.573 3.356 2.900 2.128 1.145 0.482 0.160 0.048 0.018 0.013 0.010 0.006 0.002 0.001 0.001 0.001 0.001 0.001 0.000 0.000 0.000 0.000 0.000 0.001 0.000 0.000 0.000 0.000 0.000 0.000 0.000 0.000 0.000
3.319 4.306 4.566 4.395 3.887 3.009 1.831 0.920 0.377 0.122 0.036 0.020 0.021 0.030 0.042 0.046 0.045 0.042 0.032 0.020 0.016 0.019 0.033 0.072 0.176 0.429 0.973 1.959 3.462 5.486 7.874 9.850 11.176 11.944 12.168 11.996 11.394 10.217 8.466 6.364 4.233 2.727 1.987 1.814 1.895 1.973 1.843 1.379 0.665 0.231 0.065 0.018 0.008 0.007 0.006 0.004 0.002 0.001 0.001 0.001 0.001 0.001 0.001 0.000 0.000 0.000 0.000 0.000 0.000 0.000 0.000 0.000 0.000 0.000 0.000 0.000 0.000
0.882 1.771 2.326 2.433 2.251 1.759 1.016 0.465 0.171 0.049 0.014 0.008 0.009 0.015 0.020 0.022 0.022 0.020 0.017 0.010 0.007 0.007 0.012 0.035 0.110 0.318 0.791 1.695 3.130 5.097 7.323 9.184 10.584 11.563 12.044 12.083 11.846 11.003 9.254 6.662 3.905 2.014 1.077 0.774 0.721 0.734 0.718 0.571 0.264 0.082 0.022 0.009 0.006 0.006 0.005 0.004 0.003 0.002 0.001 0.001 0.001 0.001 0.001 0.001 0.000 0.000 0.000 0.000 0.000 0.000 0.000 0.000 0.000 0.000 0.000 0.000 0.000
0.084 0.393 0.801 1.007 1.011 0.832 0.468 0.193 0.063 0.017 0.004 0.003 0.003 0.006 0.008 0.009 0.009 0.009 0.008 0.006 0.004 0.004 0.007 0.020 0.071 0.233 0.647 1.496 2.933 4.975 7.225 9.048 10.499 11.571 12.181 12.298 12.107 11.260 9.435 6.590 3.531 1.562 0.698 0.428 0.341 0.297 0.259 0.194 0.087 0.028 0.012 0.008 0.007 0.006 0.005 0.004 0.003 0.002 0.001 0.001 0.001 0.001 0.001 0.001 0.001 0.000 0.000 0.000 0.000 0.000 0.000 0.000 0.000 0.000 0.000 0.000 0.000
0.001 0.030 0.148 0.273 0.314 0.285 0.165 0.062 0.019 0.005 0.001 0.001 0.001 0.002 0.003 0.003 0.003 0.004 0.004 0.004 0.003 0.003 0.004 0.011 0.043 0.164 0.516 1.316 2.770 4.926 7.362 9.264 10.788 11.914 12.601 12.712 12.310 11.222 9.258 6.243 3.094 1.248 0.537 0.320 0.228 0.166 0.116 0.073 0.036 0.018 0.012 0.009 0.007 0.006 0.005 0.004 0.003 0.002 0.001 0.001 0.001 0.001 0.001 0.001 0.001 0.000 0.000 0.000 0.000 0.000 0.000 0.000 0.000 0.000 0.000 0.000 0.000
0.001 0.000 0.012 0.046 0.067 0.067 0.045 0.017 0.005 0.001 0.001 0.001 0.001 0.001 0.001 0.001 0.001 0.002 0.002 0.003 0.003 0.003 0.003 0.006 0.023 0.104 0.387 1.119 2.567 4.829 7.608 9.803 11.394 12.450 12.997 13.003 12.406 11.040 8.852 5.743 2.753 1.083 0.474 0.277 0.184 0.120 0.075 0.045 0.028 0.020 0.014 0.011 0.009 0.008 0.006 0.005 0.004 0.002 0.002 0.001 0.001 0.001 0.001 0.001 0.001 0.001 0.000 0.000 0.000 0.000 0.000 0.000 0.000 0.000 0.000 0.000 0.000
0.001 0.000 0.000 0.005 0.011 0.013 0.010 0.004 0.001 0.001 0.001 0.001 0.001 0.001 0.001 0.001 0.001 0.001 0.002 0.002 0.003 0.003 0.003 0.004 0.011 0.052 0.247 0.856 2.205 4.509 7.552 10.117 11.799 12.752 13.139 13.062 12.325 10.747 8.432 5.400 2.613 1.034 0.452 0.251 0.156 0.097 0.060 0.039 0.029 0.023 0.019 0.015 0.012 0.010 0.008 0.007 0.005 0.003 0.002 0.001 0.001 0.001 0.001 0.001 0.001 0.001 0.001 0.000 0.000 0.000 0.000 0.001 0.000 0.000 0.000 0.000 0.000
0.001 0.001 0.001 0.001 0.001 0.002 0.002 0.001 0.001 0.000 0.000 0.001 0.001 0.001 0.001 0.001 0.001 0.001 0.001 0.002 0.003 0.003 0.003 0.003 0.005 0.020 0.107 0.489 1.557 3.693 6.937 10.031 11.902 12.837 13.122 12.945 12.045 10.383 8.140 5.288 2.598 1.037 0.445 0.232 0.133 0.079 0.050 0.036 0.030 0.026 0.022 0.018 0.015 0.013 0.011 0.009 0.008 0.006 0.004 0.002 0.001 0.001 0.001 0.001 0.001 0.001 0.001 0.001 0.001 0.000 0.000 0.000 0.001 0.001 0.000 0.000 0.000
0.001 0.001 0.001 0.000 0.000 0.001 0.001 0.000 0.000 0.000 0.000 0.000 0.001 0.001 0.001 0.001 0.001 0.001 0.001 0.002 0.003 0.003 0.003 0.003 0.003 0.007 0.033 0.182 0.745 2.286 5.339 9.185 11.665 12.770 12.990 12.692 11.710 10.103 7.995 5.299 2.659 1.078 0.450 0.215 0.113 0.064 0.043 0.034 0.030 0.027 0.024 0.021 0.019 0.018 0.017 0.015 0.013 0.010 0.006 0.004 0.002 0.001 0.001 0.001 0.001 0.001 0.001 0.001 0.001 0.001 0.000 0.000 0.000 0.001 0.001 0.000 0.000
0.001 0.001 0.001 0.000 0.000 0.000 0.000 0.000 0.000 0.000 0.000 0.000 0.000 0.001 0.001 0.000 0.001 0.001 0.001 0.002 0.002 0.003 0.003 0.003 0.003 0.004 0.010 0.054 0.275 1.074 3.253 7.316 10.855 12.409 12.675 12.353 11.390 9.862 7.865 5.312 2.742 1.131 0.452 0.198 0.095 0.052 0.037 0.032 0.030 0.028 0.027 0.028 0.028 0.028 0.028 0.027 0.024 0.017 0.010 0.006 0.003 0.002 0.001 0.001 0.001 0.001 0.001 0.001 0.001 0.001 0.000 0.000 0.000 0.000 0.001 0.000 0.000
0.001 0.001 0.001 0.000 0.000 0.000 0.000 0.000 0.000 0.000 0.000 0.000 0.000 0.000 0.001 0.001 0.000 0.000 0.001 0.001 0.002 0.003 0.003 0.003 0.003 0.003 0.005 0.021 0.107 0.500 1.904 5.338 9.545 11.654 12.044 11.778 10.919 9.503 7.605 5.195 2.739 1.139 0.437 0.178 0.078 0.043 0.034 0.032 0.032 0.033 0.037 0.043 0.047 0.050 0.051 0.047 0.036 0.022 0.012 0.007 0.004 0.003 0.002 0.001 0.001 0.001 0.001 0.001 0.001 0.001 0.000 0.000 0.000 0.000 0.000 0.000 0.000
0.001 0.001 0.001 0.001 0.000 0.000 0.000 0.000 0.000 0.000 0.000 0.000 0.000 0.000 0.001 0.001 0.000 0.000 0.001 0.001 0.002 0.003 0.003 0.003 0.003 0.003 0.004 0.013 0.060 0.286 1.239 4.029 8.199 10.510 11.052 10.880 10.141 8.821 7.023 4.780 2.558 1.073 0.394 0.148 0.063 0.039 0.034 0.035 0.041 0.050 0.062 0.073 0.081 0.084 0.078 0.061 0.040 0.024 0.014 0.008 0.005 0.003 0.002 0.001 0.001 0.001 0.001 0.001 0.001 0.001 0.000 0.000 0.000 0.000 0.000 0.000 0.000
0.001 0.001 0.001 0.001 0.001 0.000 0.000 0.000 0.000 0.000 0.000 0.000 0.000 0.000 0.000 0.000 0.000 0.000 0.000 0.001 0.002 0.003 0.003 0.003 0.003 0.003 0.003 0.009 0.043 0.207 0.935 3.299 7.150 9.297 9.809 9.683 8.993 7.694 5.956 3.904 2.041 0.834 0.293 0.106 0.052 0.041 0.040 0.049 0.066 0.086 0.105 0.118 0.121 0.112 0.092 0.064 0.040 0.025 0.015 0.009 0.006 0.004 0.003 0.002 0.001 0.001 0.001 0.001 0.001 0.001 0.000 0.000 0.000 0.000 0.000 0.000 0.000
0.000 0.001 0.001 0.001 0.001 0.001 0.000 0.000 0.000 0.000 0.000 0.000 0.000 0.000 0.000 0.000 0.000 0.000 0.000 0.001 0.001 0.002 0.003 0.003 0.003 0.003 0.003 0.006 0.030 0.157 0.749 2.807 6.264 8.098 8.427 8.160 7.345 6.015 4.306 2.530 1.174 0.427 0.149 0.071 0.053 0.051 0.063 0.088 0.116 0.141 0.154 0.155 0.145 0.123 0.093 0.062 0.040 0.025 0.016 0.011 0.007 0.005 0.004 0.003 0.002 0.001 0.001 0.001 0.001 0.001 0.001 0.000 0.000 0.000 0.000 0.000 0.000
0.000 0.000 0.001 0.001 0.001 0.001 0.001 0.000 0.000 0.000 0.000 0.000 0.000 0.000 0.000 0.000 0.000 0.000 0.000 0.000 0.001 0.002 0.003 0.004 0.003 0.003 0.003 0.004 0.017 0.104 0.559 2.262 5.179 6.583 6.679 6.142 5.055 3.690 2.309 1.181 0.480 0.175 0.084 0.064 0.065 0.081 0.118 0.156 0.181 0.190 0.187 0.174 0.151 0.122 0.087 0.057 0.037 0.025 0.018 0.013 0.009 0.007 0.005 0.004 0.003 0.002 0.001 0.001 0.001 0.001 0.001 0.001 0.000 0.000 0.000 0.000 0.000
0.000 0.000 0.000 0.001 0.001 0.001 0.001 0.000 0.000 0.000 0.000 0.000 0.000 0.000 0.000 0.000 0.000 0.000 0.000 0.000 0.001 0.002 0.003 0.004 0.004 0.003 0.003 0.003 0.006 0.040 0.277 1.365 3.419 4.306 4.203 3.516 2.509 1.626 0.931 0.437 0.179 0.093 0.073 0.076 0.097 0.143 0.188 0.212 0.219 0.214 0.199 0.176 0.145 0.109 0.074 0.049 0.034 0.024 0.018 0.014 0.011 0.009 0.007 0.006 0.004 0.003 0.002 0.001 0.001 0.001 0.001 0.001 0.001 0.000 0.000 0.000 0.000
0.000 0.000 0.000 0.000 0.001 0.001 0.001 0.001 0.000 0.000 0.000 0.000 0.000 0.000 0.000 0.000 0.000 0.000 0.000 0.000 0.001 0.001 0.003 0.004 0.004 0.004 0.003 0.003 0.003 0.009 0.067 0.459 1.429 1.867 1.808 1.442 0.933 0.568 0.316 0.162 0.100 0.083 0.085 0.106 0.154 0.205 0.229 0.235 0.231 0.218 0.195 0.163 0.122 0.082 0.054 0.038 0.029 0.022 0.018 0.015 0.013 0.011 0.009 0.008 0.006 0.005 0.003 0.002 0.002 0.002 0.001 0.001 0.001 0.001 0.001 0.000 0.000
0.000 0.000 0.000 0.000 0.000 0.001 0.001 0.001 0.001 0.000 0.000 0.000 0.000 0.000 0.000 0.000 0.000 0.000 0.000 0.000 0.000 0.001 0.002 0.004 0.005 0.005 0.004 0.003 0.003 0.003 0.011 0.096 0.399 0.571 0.565 0.453 0.293 0.192 0.132 0.104 0.096 0.097 0.113 0.156 0.207 0.234 0.241 0.239 0.229 0.208 0.173 0.129 0.086 0.055 0.036 0.026 0.022 0.019 0.017 0.015 0.013 0.012 0.011 0.010 0.009 0.008 0.006 0.004 0.003 0.002 0.002 0.002 0.001 0.001 0.001 0.001 0.001
0.000 0.000 0.000 0.000 0.000 0.000 0.001 0.001 0.001 0.001 0.000 0.000 0.000 0.000 0.000 0.000 0.000 0.000 0.000 0.000 0.000 0.001 0.002 0.004 0.006 0.006 0.005 0.004 0.003 0.003 0.004 0.014 0.075 0.126 0.136 0.125 0.104 0.099 0.102 0.107 0.116 0.132 0.162 0.205 0.232 0.240 0.239 0.231 0.212 0.182 0.143 0.100 0.066 0.041 0.026 0.019 0.016 0.015 0.014 0.014 0.013 0.012 0.011 0.011 0.011 0.011 0.010 0.008 0.006 0.005 0.004 0.004 0.004 0.003 0.003 0.002 0.002
0.000 0.000 0.000 0.000 0.000 0.000 0.000 0.001 0.001 0.001 0.001 0.001 0.000 0.000 0.000 0.000 0.000 0.000 0.000 0.000 0.000 0.001 0.002 0.004 0.007 0.007 0.007 0.007 0.006 0.004 0.004 0.004 0.012 0.024 0.033 0.045 0.064 0.090 0.115 0.139 0.165 0.191 0.218 0.234 0.235 0.230 0.222 0.207 0.185 0.158 0.127 0.092 0.060 0.037 0.023 0.016 0.013 0.012 0.011 0.011 0.012 0.011 0.011 0.012 0.012 0.012 0.011 0.011 0.010 0.009 0.008 0.008 0.007 0.006 0.006 0.005 0.005
0.000 0.000 0.000 0.000 0.000 0.000 0.000 0.000 0.000 0.001 0.000 0.001 0.001 0.001 0.000 0.000 0.000 0.000 0.000 0.000 0.000 0.001 0.002 0.005 0.009 0.011 0.012 0.012 0.011 0.009 0.006 0.005 0.006 0.010 0.017 0.034 0.064 0.112 0.164 0.205 0.234 0.249 0.253 0.242 0.221 0.203 0.190 0.178 0.164 0.147 0.124 0.094 0.061 0.037 0.023 0.016 0.012 0.010 0.010 0.010 0.010 0.010 0.011 0.012 0.012 0.013 0.012 0.012 0.011 0.011 0.010 0.009 0.009 0.008 0.008 0.007 0.007
