RESULTS/r.avaflow_results/14_results/14_ascii/14_hflow30035.asc
ncols 506
nrows 317
xllcenter 498237.50
yllcenter 5580050.00
cellsize 12.50
NODATA_value -9999.000
[rows 204 to 237 of 317, columns 308 to 384 of 506]
0.247 0.311 0.366 0.407 0.439 0.477 0.560 0.709 0.912 1.104 1.219 1.265 1.269 1.248 1.189 1.098 1.037 1.021 1.043 1.118 1.213 1.262 1.272 1.267 1.238 1.167 1.096 1.074 1.082 1.117 1.135 1.122 1.066 0.968 0.834 0.665 0.490 0.348 0.253 0.207 0.193 0.192 0.199 0.218 0.254 0.292 0.308 0.307 0.291 0.258 0.219 0.186 0.158 0.130 0.101 0.076 0.057 0.044 0.037 0.035 0.035 0.039 0.043 0.045 0.046 0.045 0.043 0.039 0.031 0.021 0.012 0.007 0.004 0.002 0.001 0.000 0.000
0.433 0.502 0.529 0.511 0.466 0.441 0.444 0.486 0.603 0.806 0.989 1.077 1.102 1.098 1.072 1.039 1.033 1.046 1.084 1.168 1.272 1.333 1.350 1.346 1.316 1.240 1.170 1.149 1.158 1.199 1.221 1.206 1.143 1.038 0.902 0.744 0.592 0.458 0.349 0.281 0.253 0.246 0.245 0.250 0.266 0.283 0.288 0.281 0.258 0.221 0.181 0.150 0.125 0.102 0.081 0.064 0.053 0.046 0.044 0.045 0.050 0.058 0.065 0.068 0.069 0.069 0.068 0.063 0.054 0.040 0.025 0.014 0.008 0.004 0.002 0.001 0.000
0.657 0.679 0.650 0.564 0.454 0.373 0.326 0.316 0.348 0.451 0.608 0.717 0.764 0.789 0.821 0.882 0.963 1.021 1.074 1.150 1.243 1.312 1.343 1.345 1.319 1.245 1.174 1.150 1.157 1.198 1.225 1.212 1.151 1.049 0.922 0.781 0.654 0.544 0.453 0.386 0.347 0.327 0.314 0.299 0.289 0.287 0.282 0.267 0.239 0.200 0.161 0.131 0.108 0.089 0.072 0.060 0.053 0.051 0.052 0.058 0.069 0.083 0.093 0.098 0.100 0.101 0.100 0.095 0.086 0.068 0.046 0.028 0.015 0.008 0.004 0.002 0.001
0.786 0.771 0.698 0.569 0.421 0.309 0.242 0.214 0.212 0.242 0.316 0.387 0.432 0.468 0.514 0.608 0.749 0.854 0.923 0.983 1.053 1.131 1.198 1.224 1.211 1.155 1.093 1.068 1.070 1.102 1.134 1.136 1.102 1.025 0.918 0.796 0.686 0.599 0.534 0.490 0.464 0.444 0.421 0.384 0.339 0.309 0.287 0.263 0.230 0.190 0.152 0.123 0.100 0.083 0.070 0.062 0.058 0.058 0.063 0.074 0.092 0.113 0.128 0.137 0.141 0.142 0.141 0.136 0.125 0.106 0.079 0.051 0.030 0.016 0.008 0.004 0.001
0.817 0.782 0.684 0.527 0.364 0.247 0.178 0.146 0.137 0.140 0.162 0.198 0.233 0.266 0.300 0.352 0.437 0.518 0.575 0.620 0.668 0.741 0.835 0.897 0.918 0.907 0.881 0.862 0.858 0.869 0.898 0.931 0.952 0.932 0.879 0.793 0.697 0.624 0.577 0.552 0.542 0.536 0.526 0.494 0.428 0.359 0.310 0.269 0.229 0.187 0.150 0.120 0.098 0.083 0.073 0.068 0.067 0.070 0.078 0.095 0.120 0.149 0.171 0.185 0.192 0.193 0.192 0.186 0.173 0.152 0.123 0.087 0.055 0.031 0.016 0.007 0.003
0.768 0.700 0.575 0.413 0.272 0.178 0.124 0.099 0.090 0.088 0.093 0.106 0.126 0.149 0.171 0.194 0.226 0.258 0.283 0.307 0.335 0.378 0.443 0.505 0.548 0.574 0.585 0.585 0.584 0.585 0.598 0.634 0.695 0.755 0.781 0.755 0.695 0.629 0.591 0.577 0.576 0.580 0.581 0.566 0.519 0.440 0.360 0.293 0.238 0.191 0.152 0.122 0.101 0.088 0.082 0.081 0.082 0.087 0.099 0.121 0.153 0.189 0.219 0.239 0.250 0.253 0.252 0.245 0.230 0.207 0.177 0.140 0.096 0.057 0.030 0.014 0.006
0.583 0.476 0.351 0.239 0.161 0.112 0.084 0.069 0.062 0.061 0.061 0.065 0.074 0.087 0.097 0.106 0.115 0.125 0.133 0.143 0.158 0.182 0.219 0.265 0.309 0.347 0.374 0.388 0.394 0.397 0.403 0.424 0.470 0.554 0.640 0.675 0.664 0.623 0.592 0.582 0.584 0.594 0.604 0.605 0.584 0.531 0.449 0.356 0.273 0.212 0.167 0.136 0.116 0.106 0.103 0.104 0.108 0.116 0.132 0.158 0.193 0.233 0.269 0.297 0.313 0.319 0.319 0.310 0.291 0.267 0.240 0.206 0.156 0.097 0.053 0.026 0.011
0.301 0.226 0.165 0.121 0.091 0.071 0.058 0.051 0.047 0.046 0.046 0.047 0.051 0.056 0.060 0.062 0.064 0.066 0.068 0.072 0.080 0.092 0.113 0.142 0.177 0.213 0.246 0.268 0.280 0.288 0.297 0.313 0.348 0.421 0.526 0.589 0.607 0.600 0.583 0.579 0.582 0.596 0.617 0.635 0.644 0.628 0.578 0.482 0.368 0.278 0.218 0.180 0.158 0.149 0.148 0.150 0.155 0.166 0.184 0.212 0.246 0.283 0.321 0.357 0.382 0.392 0.394 0.385 0.364 0.339 0.315 0.285 0.234 0.156 0.087 0.044 0.020
0.134 0.104 0.083 0.068 0.057 0.049 0.044 0.040 0.038 0.037 0.037 0.038 0.040 0.042 0.043 0.043 0.044 0.044 0.044 0.046 0.050 0.058 0.070 0.088 0.112 0.142 0.174 0.200 0.219 0.234 0.248 0.266 0.297 0.354 0.446 0.519 0.553 0.563 0.565 0.569 0.579 0.600 0.632 0.676 0.730 0.768 0.764 0.706 0.585 0.446 0.351 0.293 0.262 0.249 0.246 0.247 0.251 0.260 0.275 0.295 0.319 0.346 0.379 0.425 0.468 0.487 0.490 0.482 0.462 0.436 0.411 0.380 0.326 0.231 0.134 0.070 0.033
0.069 0.058 0.052 0.047 0.042 0.039 0.036 0.034 0.033 0.033 0.033 0.033 0.034 0.035 0.035 0.035 0.035 0.035 0.036 0.037 0.040 0.045 0.053 0.066 0.084 0.107 0.135 0.164 0.191 0.213 0.233 0.254 0.281 0.323 0.388 0.454 0.500 0.525 0.542 0.558 0.579 0.613 0.665 0.752 0.895 1.043 1.111 1.108 1.016 0.830 0.662 0.565 0.512 0.483 0.468 0.457 0.449 0.441 0.429 0.423 0.427 0.438 0.464 0.516 0.588 0.633 0.641 0.633 0.613 0.585 0.550 0.504 0.428 0.299 0.175 0.094 0.045
0.044 0.041 0.039 0.037 0.036 0.034 0.033 0.031 0.031 0.031 0.031 0.031 0.031 0.032 0.032 0.032 0.032 0.033 0.033 0.035 0.037 0.041 0.048 0.059 0.073 0.092 0.116 0.147 0.181 0.210 0.233 0.255 0.278 0.307 0.345 0.390 0.433 0.471 0.505 0.540 0.580 0.633 0.711 0.844 1.089 1.393 1.573 1.624 1.582 1.425 1.215 1.071 0.984 0.927 0.881 0.837 0.789 0.725 0.645 0.589 0.566 0.564 0.579 0.619 0.696 0.790 0.846 0.858 0.845 0.813 0.756 0.667 0.528 0.346 0.202 0.108 0.052
0.034 0.034 0.034 0.034 0.034 0.033 0.031 0.030 0.030 0.030 0.030 0.030 0.031 0.031 0.031 0.031 0.031 0.032 0.033 0.034 0.037 0.041 0.048 0.058 0.071 0.088 0.111 0.141 0.180 0.214 0.240 0.260 0.279 0.299 0.319 0.340 0.363 0.392 0.433 0.491 0.559 0.634 0.729 0.888 1.188 1.597 1.855 1.944 1.931 1.831 1.660 1.509 1.400 1.313 1.233 1.153 1.062 0.935 0.793 0.702 0.660 0.650 0.654 0.682 0.748 0.867 0.979 1.032 1.042 1.023 0.949 0.807 0.594 0.372 0.215 0.113 0.054
0.031 0.032 0.033 0.033 0.033 0.033 0.031 0.030 0.029 0.029 0.030 0.030 0.031 0.031 0.031 0.031 0.031 0.032 0.034 0.035 0.038 0.043 0.050 0.059 0.072 0.089 0.112 0.143 0.186 0.229 0.257 0.275 0.288 0.299 0.308 0.315 0.322 0.334 0.359 0.407 0.484 0.581 0.702 0.882 1.202 1.664 1.963 2.075 2.076 2.008 1.874 1.719 1.591 1.482 1.380 1.280 1.170 1.024 0.859 0.752 0.699 0.683 0.683 0.701 0.760 0.877 1.021 1.107 1.136 1.128 1.056 0.885 0.621 0.380 0.217 0.114 0.054
0.030 0.032 0.033 0.033 0.033 0.033 0.031 0.030 0.029 0.029 0.030 0.031 0.031 0.031 0.031 0.032 0.033 0.034 0.035 0.038 0.042 0.048 0.055 0.066 0.080 0.098 0.124 0.159 0.211 0.263 0.294 0.309 0.314 0.314 0.311 0.308 0.308 0.311 0.323 0.348 0.391 0.466 0.588 0.782 1.119 1.617 1.952 2.080 2.088 2.036 1.920 1.766 1.623 1.500 1.390 1.284 1.173 1.032 0.872 0.761 0.703 0.680 0.677 0.688 0.733 0.837 0.995 1.112 1.157 1.156 1.094 0.914 0.624 0.374 0.211 0.110 0.052
0.031 0.032 0.034 0.034 0.034 0.034 0.033 0.031 0.030 0.030 0.030 0.031 0.032 0.033 0.034 0.034 0.035 0.037 0.039 0.043 0.049 0.056 0.066 0.079 0.098 0.123 0.156 0.202 0.270 0.331 0.361 0.370 0.368 0.355 0.335 0.317 0.309 0.308 0.312 0.324 0.347 0.388 0.460 0.598 0.875 1.349 1.727 1.885 1.916 1.891 1.810 1.675 1.511 1.369 1.260 1.164 1.068 0.958 0.831 0.731 0.668 0.636 0.626 0.628 0.650 0.722 0.871 1.038 1.123 1.136 1.087 0.913 0.611 0.354 0.194 0.099 0.046
0.032 0.035 0.037 0.037 0.037 0.037 0.035 0.033 0.031 0.031 0.031 0.032 0.034 0.036 0.037 0.039 0.040 0.042 0.046 0.051 0.059 0.069 0.082 0.101 0.129 0.168 0.219 0.280 0.362 0.424 0.448 0.450 0.443 0.424 0.393 0.358 0.330 0.317 0.314 0.321 0.336 0.363 0.406 0.480 0.627 0.917 1.210 1.363 1.418 1.427 1.403 1.318 1.154 1.003 0.912 0.853 0.803 0.752 0.690 0.622 0.564 0.528 0.514 0.512 0.519 0.555 0.659 0.841 0.980 1.027 1.007 0.864 0.573 0.316 0.166 0.082 0.037
0.037 0.040 0.042 0.043 0.043 0.042 0.040 0.038 0.036 0.034 0.034 0.034 0.036 0.039 0.042 0.045 0.047 0.050 0.054 0.060 0.070 0.084 0.103 0.131 0.174 0.226 0.279 0.338 0.418 0.477 0.498 0.498 0.488 0.470 0.446 0.415 0.380 0.352 0.340 0.339 0.347 0.366 0.396 0.437 0.506 0.634 0.771 0.847 0.877 0.881 0.861 0.794 0.667 0.563 0.514 0.497 0.492 0.488 0.474 0.448 0.416 0.398 0.395 0.402 0.413 0.431 0.478 0.589 0.726 0.804 0.814 0.724 0.490 0.259 0.129 0.060 0.026
0.046 0.050 0.052 0.053 0.053 0.052 0.051 0.049 0.045 0.041 0.039 0.039 0.040 0.044 0.048 0.052 0.055 0.058 0.063 0.070 0.083 0.102 0.131 0.171 0.218 0.262 0.303 0.353 0.428 0.487 0.508 0.510 0.501 0.483 0.462 0.439 0.418 0.406 0.403 0.404 0.404 0.407 0.414 0.430 0.455 0.496 0.540 0.564 0.571 0.561 0.524 0.449 0.358 0.304 0.286 0.287 0.300 0.319 0.329 0.327 0.319 0.317 0.325 0.337 0.345 0.351 0.365 0.407 0.480 0.529 0.540 0.494 0.345 0.181 0.087 0.039 0.016
0.065 0.070 0.072 0.073 0.073 0.073 0.072 0.070 0.064 0.055 0.049 0.048 0.049 0.052 0.056 0.060 0.063 0.067 0.072 0.081 0.096 0.123 0.165 0.210 0.245 0.275 0.305 0.348 0.415 0.470 0.492 0.495 0.489 0.471 0.452 0.435 0.425 0.430 0.453 0.474 0.479 0.474 0.462 0.446 0.437 0.435 0.434 0.428 0.419 0.398 0.353 0.277 0.215 0.188 0.184 0.188 0.203 0.229 0.250 0.260 0.266 0.272 0.284 0.294 0.296 0.293 0.286 0.289 0.308 0.322 0.320 0.284 0.197 0.104 0.050 0.022 0.009
0.104 0.111 0.114 0.116 0.117 0.117 0.117 0.114 0.103 0.083 0.071 0.067 0.066 0.067 0.069 0.072 0.075 0.079 0.084 0.094 0.112 0.147 0.197 0.235 0.258 0.277 0.298 0.328 0.378 0.419 0.436 0.438 0.430 0.413 0.399 0.393 0.399 0.422 0.464 0.497 0.507 0.503 0.486 0.461 0.436 0.416 0.398 0.380 0.360 0.333 0.286 0.218 0.172 0.152 0.149 0.152 0.163 0.184 0.209 0.224 0.234 0.244 0.255 0.259 0.258 0.247 0.223 0.202 0.192 0.185 0.174 0.146 0.098 0.052 0.025 0.011 0.004
0.188 0.201 0.208 0.211 0.213 0.214 0.213 0.205 0.183 0.143 0.117 0.106 0.102 0.098 0.095 0.093 0.094 0.097 0.102 0.112 0.132 0.172 0.219 0.245 0.260 0.271 0.281 0.295 0.317 0.332 0.334 0.325 0.311 0.298 0.292 0.297 0.318 0.364 0.435 0.485 0.503 0.501 0.486 0.462 0.435 0.412 0.390 0.368 0.344 0.314 0.270 0.209 0.166 0.146 0.141 0.143 0.150 0.167 0.189 0.204 0.214 0.223 0.228 0.229 0.222 0.202 0.167 0.136 0.116 0.101 0.086 0.068 0.043 0.023 0.011 0.005 0.002
0.368 0.391 0.407 0.415 0.417 0.417 0.408 0.382 0.326 0.252 0.206 0.183 0.168 0.153 0.139 0.129 0.124 0.124 0.127 0.134 0.154 0.191 0.229 0.248 0.256 0.258 0.256 0.252 0.246 0.238 0.223 0.202 0.184 0.176 0.175 0.180 0.198 0.244 0.328 0.406 0.445 0.458 0.455 0.444 0.427 0.408 0.388 0.365 0.340 0.311 0.271 0.217 0.175 0.152 0.143 0.144 0.150 0.164 0.181 0.192 0.199 0.202 0.202 0.197 0.184 0.157 0.118 0.087 0.067 0.053 0.040 0.029 0.017 0.009 0.004 0.002 0.001
0.587 0.618 0.640 0.651 0.653 0.646 0.617 0.552 0.447 0.347 0.288 0.256 0.231 0.204 0.178 0.159 0.147 0.142 0.142 0.148 0.166 0.200 0.229 0.242 0.242 0.235 0.221 0.204 0.187 0.172 0.152 0.128 0.113 0.107 0.106 0.107 0.115 0.137 0.185 0.254 0.312 0.351 0.377 0.395 0.401 0.396 0.382 0.361 0.334 0.310 0.283 0.247 0.209 0.177 0.160 0.155 0.158 0.168 0.180 0.186 0.187 0.183 0.174 0.161 0.141 0.111 0.078 0.054 0.038 0.027 0.018 0.012 0.007 0.004 0.002 0.001 0.000
0.684 0.719 0.744 0.756 0.757 0.746 0.704 0.616 0.486 0.382 0.320 0.283 0.253 0.223 0.193 0.169 0.155 0.149 0.148 0.152 0.169 0.199 0.219 0.223 0.217 0.198 0.173 0.152 0.137 0.124 0.107 0.089 0.077 0.072 0.070 0.070 0.072 0.081 0.101 0.136 0.176 0.218 0.264 0.316 0.352 0.364 0.361 0.347 0.323 0.305 0.297 0.292 0.273 0.241 0.211 0.192 0.185 0.186 0.187 0.184 0.176 0.161 0.143 0.122 0.099 0.074 0.050 0.032 0.021 0.013 0.009 0.005 0.003 0.001 0.001 0.000 0.000
0.668 0.705 0.731 0.744 0.745 0.733 0.688 0.596 0.466 0.369 0.310 0.272 0.242 0.214 0.187 0.165 0.151 0.145 0.145 0.149 0.163 0.182 0.190 0.187 0.173 0.146 0.121 0.106 0.097 0.088 0.077 0.065 0.057 0.053 0.051 0.050 0.051 0.055 0.063 0.077 0.100 0.129 0.167 0.222 0.278 0.308 0.318 0.314 0.300 0.291 0.295 0.320 0.348 0.346 0.321 0.283 0.252 0.232 0.213 0.192 0.167 0.140 0.115 0.091 0.069 0.048 0.031 0.019 0.012 0.007 0.004 0.002 0.001 0.000 0.000 0.000 0.000
0.506 0.542 0.568 0.581 0.583 0.573 0.534 0.455 0.355 0.286 0.240 0.207 0.182 0.163 0.148 0.136 0.128 0.125 0.126 0.130 0.137 0.142 0.139 0.130 0.114 0.095 0.080 0.072 0.066 0.061 0.056 0.049 0.044 0.041 0.040 0.039 0.040 0.041 0.045 0.051 0.061 0.078 0.102 0.137 0.184 0.223 0.246 0.255 0.256 0.260 0.278 0.324 0.394 0.435 0.441 0.420 0.381 0.334 0.281 0.220 0.168 0.128 0.096 0.071 0.049 0.032 0.020 0.012 0.007 0.004 0.002 0.001 0.000 0.000 0.000 0.000 0.000
0.229 0.246 0.262 0.272 0.274 0.270 0.251 0.216 0.172 0.142 0.120 0.103 0.091 0.083 0.081 0.081 0.081 0.083 0.085 0.087 0.088 0.087 0.083 0.078 0.070 0.060 0.053 0.048 0.045 0.042 0.040 0.037 0.035 0.033 0.032 0.032 0.032 0.033 0.034 0.037 0.042 0.050 0.063 0.081 0.107 0.133 0.153 0.169 0.183 0.200 0.233 0.301 0.402 0.476 0.508 0.512 0.496 0.461 0.393 0.283 0.185 0.125 0.086 0.059 0.038 0.023 0.013 0.007 0.004 0.002 0.001 0.000 0.000 0.000 0.000 0.000 0.000
0.084 0.088 0.094 0.098 0.100 0.099 0.094 0.084 0.071 0.062 0.054 0.047 0.043 0.041 0.041 0.042 0.043 0.045 0.047 0.049 0.050 0.050 0.050 0.048 0.044 0.039 0.035 0.032 0.031 0.030 0.029 0.028 0.027 0.026 0.026 0.025 0.025 0.026 0.026 0.028 0.030 0.034 0.040 0.048 0.059 0.073 0.085 0.096 0.108 0.125 0.161 0.238 0.363 0.469 0.526 0.545 0.546 0.527 0.469 0.350 0.218 0.133 0.082 0.051 0.030 0.017 0.009 0.005 0.002 0.001 0.000 0.000 0.000 0.000 0.000 0.000 0.000
0.036 0.037 0.039 0.041 0.041 0.041 0.040 0.037 0.034 0.031 0.028 0.026 0.024 0.024 0.024 0.024 0.025 0.026 0.027 0.029 0.030 0.031 0.031 0.030 0.029 0.026 0.024 0.023 0.022 0.021 0.021 0.020 0.020 0.020 0.020 0.020 0.020 0.020 0.020 0.021 0.022 0.024 0.026 0.029 0.034 0.039 0.046 0.053 0.061 0.073 0.095 0.148 0.253 0.383 0.481 0.531 0.545 0.535 0.486 0.376 0.235 0.138 0.079 0.045 0.024 0.012 0.006 0.003 0.001 0.000 0.000 0.000 0.000 0.000 0.000 0.000 0.000
0.020 0.020 0.021 0.021 0.021 0.021 0.021 0.020 0.019 0.018 0.017 0.016 0.016 0.016 0.016 0.016 0.016 0.017 0.017 0.018 0.019 0.020 0.020 0.020 0.019 0.018 0.017 0.016 0.016 0.015 0.015 0.015 0.015 0.015 0.015 0.015 0.015 0.015 0.015 0.016 0.016 0.017 0.018 0.019 0.021 0.023 0.026 0.030 0.035 0.041 0.054 0.079 0.129 0.219 0.334 0.422 0.462 0.467 0.441 0.359 0.232 0.134 0.073 0.038 0.019 0.009 0.004 0.002 0.001 0.000 0.000 0.000 0.000 0.000 0.000 0.000 0.000
0.012 0.012 0.013 0.013 0.013 0.013 0.013 0.013 0.013 0.012 0.012 0.011 0.011 0.011 0.011 0.011 0.011 0.011 0.012 0.012 0.013 0.013 0.014 0.014 0.013 0.013 0.012 0.012 0.011 0.011 0.011 0.011 0.011 0.011 0.011 0.011 0.011 0.011 0.011 0.012 0.012 0.012 0.013 0.013 0.014 0.015 0.016 0.018 0.021 0.024 0.030 0.041 0.061 0.098 0.161 0.230 0.274 0.293 0.294 0.265 0.192 0.110 0.058 0.028 0.013 0.006 0.002 0.001 0.000 0.000 0.000 0.000 0.000 0.000 0.000 0.000 0.000
0.008 0.008 0.008 0.009 0.009 0.009 0.008 0.008 0.008 0.008 0.008 0.008 0.008 0.007 0.007 0.007 0.008 0.008 0.008 0.008 0.009 0.009 0.009 0.009 0.009 0.009 0.008 0.008 0.008 0.008 0.008 0.008 0.008 0.008 0.008 0.008 0.008 0.008 0.008 0.008 0.008 0.008 0.009 0.009 0.009 0.010 0.010 0.011 0.013 0.015 0.018 0.023 0.031 0.045 0.069 0.101 0.123 0.134 0.137 0.134 0.110 0.066 0.034 0.016 0.008 0.003 0.001 0.000 0.000 0.000 0.000 0.000 0.000 0.000 0.000 0.000 0.000
0.005 0.005 0.005 0.005 0.005 0.005 0.005 0.005 0.005 0.005 0.005 0.005 0.005 0.005 0.005 0.005 0.005 0.005 0.005 0.005 0.006 0.006 0.006 0.006 0.006 0.006 0.006 0.005 0.005 0.005 0.005 0.005 0.005 0.005 0.005 0.005 0.005 0.005 0.005 0.005 0.005 0.005 0.005 0.006 0.006 0.006 0.006 0.007 0.008 0.009 0.011 0.014 0.017 0.023 0.033 0.045 0.054 0.058 0.060 0.059 0.052 0.033 0.017 0.009 0.004 0.002 0.001 0.000 0.000 0.000 0.000 0.000 0.000 0.000 0.000 0.000 0.000
0.003 0.003 0.003 0.003 0.003 0.003 0.003 0.003 0.003 0.003 0.003 0.003 0.003 0.003 0.003 0.003 0.003 0.003 0.003 0.003 0.003 0.003 0.003 0.003 0.003 0.003 0.003 0.003 0.003 0.003 0.003 0.003 0.003 0.003 0.003 0.003 0.003 0.003 0.003 0.003 0.003 0.003 0.003 0.003 0.003 0.003 0.004 0.004 0.005 0.005 0.007 0.008 0.010 0.014 0.018 0.023 0.026 0.027 0.028 0.027 0.024 0.016 0.009 0.004 0.002 0.001 0.000 0.000 0.000 0.000 0.000 0.000 0.000 0.000 0.000 0.000 0.000
