RESULTS/r.avaflow_results/14_results/14_ascii/14_hflow0044.asc
ncols 506
nrows 317
xllcenter 498237.50
yllcenter 5580050.00
cellsize 12.50
NODATA_value -9999.000
[rows 170 to 203 of 317, columns 77 to 153 of 506]
0.018 0.028 0.049 0.089 0.166 0.293 0.474 0.698 0.949 1.238 1.593 2.044 2.608 3.281 4.029 4.818 5.632 6.473 7.364 8.280 9.246 10.272 11.314 12.395 13.540 14.577 15.476 16.295 17.088 17.896 18.765 19.691 20.690 21.836 22.986 24.323 25.682 27.025 28.348 29.457 30.380 31.502 32.606 33.873 35.370 36.582 37.336 38.448 39.578 40.713 42.330 43.883 45.754 48.476 50.062 51.404 52.142 52.442 53.304 53.576 54.116 54.758 54.903 54.992 54.900 53.982 53.146 52.247 50.855 49.388 47.871 46.072 44.164 42.505 40.559 38.621 36.566
0.057 0.089 0.144 0.238 0.387 0.595 0.845 1.120 1.426 1.793 2.246 2.806 3.484 4.272 5.155 6.117 7.154 8.222 9.277 10.303 11.353 12.449 13.554 14.600 15.646 16.560 17.376 18.123 18.872 19.641 20.460 21.320 22.256 23.328 24.507 25.885 27.275 28.715 30.087 31.205 32.155 33.346 34.456 35.790 37.387 38.578 39.265 40.396 41.700 42.778 44.187 45.475 46.676 48.711 50.357 51.695 53.028 53.577 54.741 55.323 55.600 56.181 56.019 55.783 55.382 54.363 53.348 52.231 50.731 49.230 48.001 46.578 45.087 43.839 42.261 40.701 39.024
0.138 0.207 0.310 0.457 0.649 0.881 1.152 1.463 1.829 2.268 2.799 3.439 4.207 5.096 6.135 7.284 8.528 9.840 11.113 12.307 13.457 14.577 15.684 16.661 17.612 18.417 19.126 19.815 20.510 21.208 21.977 22.771 23.655 24.655 25.848 27.237 28.668 30.171 31.687 32.961 33.938 35.178 36.371 37.698 39.225 40.357 41.042 42.279 43.559 44.638 46.043 47.103 47.980 49.133 49.794 50.954 52.916 53.938 55.158 56.134 56.296 56.730 56.349 55.888 55.499 54.579 53.372 52.230 51.062 49.808 48.827 47.721 46.474 45.255 43.798 42.330 41.115
0.237 0.335 0.464 0.632 0.840 1.093 1.399 1.760 2.187 2.688 3.284 3.993 4.839 5.836 7.000 8.294 9.715 11.239 12.724 14.078 15.359 16.515 17.599 18.527 19.367 20.102 20.783 21.420 22.031 22.632 23.327 24.045 24.888 25.853 26.978 28.228 29.632 31.159 32.815 34.318 35.526 36.912 38.104 39.314 40.702 41.840 42.641 43.886 45.084 46.109 47.464 48.424 48.711 49.352 49.665 50.343 52.127 53.984 55.389 56.692 56.818 56.941 56.518 55.807 55.554 54.739 53.551 52.675 51.817 50.977 50.327 49.225 47.909 46.593 45.110 43.757 42.877
0.305 0.421 0.571 0.759 0.992 1.273 1.616 2.020 2.495 3.054 3.704 4.472 5.393 6.487 7.746 9.156 10.712 12.404 14.088 15.628 17.023 18.223 19.267 20.165 20.959 21.671 22.294 22.858 23.427 23.955 24.582 25.173 25.898 26.761 27.816 29.111 30.470 32.006 33.784 35.337 36.713 38.345 39.693 40.798 42.135 43.148 43.934 45.171 46.228 47.075 48.397 49.294 49.250 49.416 49.274 49.568 50.694 51.991 53.139 55.299 55.893 55.939 55.899 55.337 55.045 54.767 53.908 53.441 52.860 51.960 51.279 50.010 48.537 47.330 46.090 44.764 43.916
0.347 0.483 0.655 0.868 1.127 1.436 1.807 2.242 2.753 3.358 4.063 4.890 5.879 7.047 8.388 9.883 11.530 13.320 15.164 16.877 18.380 19.661 20.716 21.607 22.324 22.980 23.557 24.163 24.688 25.152 25.667 26.183 26.733 27.498 28.415 29.736 31.145 32.694 34.478 36.142 37.687 39.468 41.035 42.138 43.416 44.438 45.087 46.172 47.169 47.914 48.951 49.559 49.433 49.562 49.427 49.380 50.255 51.268 52.098 53.715 54.444 54.885 55.493 55.087 54.791 54.865 54.249 53.702 53.241 52.194 51.416 50.197 48.702 47.488 46.416 45.063 44.150
0.371 0.526 0.722 0.962 1.248 1.584 1.973 2.429 2.970 3.610 4.366 5.254 6.297 7.521 8.931 10.484 12.179 13.997 15.932 17.798 19.435 20.814 21.948 22.887 23.563 24.223 24.766 25.360 25.876 26.332 26.697 27.146 27.531 28.195 29.064 30.303 31.567 33.035 34.827 36.585 38.338 40.373 42.122 43.288 44.564 45.588 46.257 47.272 48.075 48.796 49.614 49.883 49.702 49.846 49.671 49.305 49.819 50.676 51.596 52.533 52.837 53.008 54.305 54.435 54.565 54.751 54.159 53.610 53.065 51.981 51.081 49.873 48.399 47.206 46.331 44.969 43.922
0.380 0.547 0.768 1.039 1.355 1.713 2.117 2.589 3.153 3.825 4.621 5.561 6.660 7.930 9.369 10.942 12.649 14.461 16.408 18.388 20.178 21.712 22.957 23.989 24.738 25.404 25.916 26.381 26.808 27.187 27.515 27.850 28.129 28.698 29.483 30.680 31.929 33.300 35.054 36.883 38.750 40.928 42.724 43.857 45.167 46.177 46.786 47.757 48.453 48.991 49.605 49.662 49.402 49.617 49.492 49.123 49.411 49.987 50.950 51.759 51.985 51.557 52.235 52.690 53.630 53.774 53.164 52.657 52.051 50.944 49.874 48.544 47.101 45.893 45.125 43.987 42.916
0.375 0.547 0.788 1.094 1.441 1.820 2.241 2.727 3.306 4.000 4.824 5.804 6.951 8.257 9.704 11.267 12.953 14.757 16.677 18.727 20.634 22.343 23.776 24.850 25.670 26.309 26.870 27.342 27.708 28.103 28.389 28.557 28.851 29.271 29.910 30.982 32.164 33.528 35.253 37.056 38.971 41.166 43.119 44.359 45.726 46.627 47.160 48.113 48.850 49.138 49.712 49.745 49.481 49.646 49.502 49.168 49.403 49.836 50.696 51.548 51.564 51.255 51.368 51.044 51.941 52.568 52.196 51.537 50.852 49.718 48.324 46.918 45.593 44.358 43.577 42.745 41.788
0.335 0.519 0.780 1.122 1.505 1.908 2.349 2.856 3.450 4.159 5.005 6.013 7.187 8.507 9.945 11.490 13.138 14.910 16.793 18.842 20.899 22.738 24.287 25.537 26.496 27.187 27.764 28.213 28.527 28.971 29.206 29.313 29.599 29.874 30.358 31.254 32.313 33.544 35.146 37.016 39.189 41.478 43.652 45.012 46.334 46.944 47.661 48.592 49.160 49.401 49.979 49.787 49.749 49.936 49.560 49.448 49.738 49.946 50.365 51.065 50.790 50.506 50.409 49.888 50.052 50.869 50.767 50.280 49.567 48.254 46.711 45.418 44.303 43.212 42.399 41.545 40.642
0.256 0.457 0.750 1.130 1.547 1.978 2.446 2.973 3.582 4.298 5.151 6.163 7.333 8.651 10.080 11.601 13.217 14.957 16.815 18.842 20.945 22.900 24.653 26.125 27.221 27.997 28.619 29.003 29.239 29.621 29.800 29.873 30.062 30.216 30.566 31.290 32.297 33.596 35.258 37.048 39.146 41.405 43.600 45.045 46.499 47.072 47.606 48.372 48.886 49.160 49.612 49.424 49.508 49.782 49.412 49.190 49.392 49.496 49.783 50.286 49.811 49.434 49.232 48.564 47.977 48.247 48.538 48.498 47.907 46.700 45.322 44.090 43.059 42.080 41.117 40.164 39.194
0.168 0.374 0.699 1.116 1.571 2.039 2.537 3.089 3.712 4.433 5.279 6.272 7.413 8.706 10.122 11.632 13.232 14.957 16.812 18.782 20.923 23.008 24.868 26.443 27.673 28.604 29.402 29.859 30.101 30.372 30.464 30.419 30.492 30.550 30.796 31.452 32.371 33.599 35.229 36.993 39.031 41.361 43.533 44.946 46.663 47.316 47.520 48.247 48.720 48.956 49.500 49.458 49.438 49.834 49.542 49.159 49.214 49.195 49.491 49.824 49.270 48.847 48.349 47.416 46.802 46.551 46.667 46.979 46.657 45.489 44.219 43.156 42.043 41.175 39.943 38.949 37.848
0.099 0.287 0.627 1.085 1.587 2.099 2.634 3.213 3.852 4.571 5.390 6.331 7.417 8.670 10.073 11.583 13.187 14.875 16.673 18.604 20.688 22.861 24.921 26.720 28.168 29.210 30.086 30.636 30.898 31.123 31.140 30.975 30.950 30.978 31.170 31.702 32.483 33.620 35.236 37.036 39.076 41.450 43.470 45.004 46.651 47.388 47.704 48.219 48.392 48.772 49.340 49.326 49.480 49.859 49.541 49.366 49.205 48.772 48.843 49.207 48.714 48.158 47.536 46.509 45.662 44.956 44.832 45.031 45.245 44.422 43.425 42.402 41.166 40.261 38.780 37.557 36.411
0.052 0.198 0.529 1.026 1.591 2.161 2.740 3.348 4.005 4.714 5.497 6.384 7.404 8.575 9.921 11.410 13.014 14.645 16.378 18.262 20.362 22.702 24.926 26.844 28.433 29.629 30.581 31.169 31.426 31.636 31.596 31.482 31.487 31.384 31.453 31.913 32.561 33.482 34.954 36.739 38.716 41.135 43.020 44.590 46.000 46.756 47.209 47.755 47.776 48.028 48.485 48.513 48.756 49.165 48.961 48.842 48.758 48.253 48.023 48.252 47.809 47.227 46.599 45.574 44.660 43.766 43.219 42.976 43.625 43.005 42.320 41.350 40.192 39.067 37.635 36.211 35.043
0.026 0.121 0.409 0.927 1.574 2.219 2.863 3.516 4.186 4.884 5.627 6.442 7.371 8.451 9.705 11.104 12.652 14.269 15.993 17.845 19.966 22.397 24.839 26.891 28.610 29.925 30.939 31.710 32.058 32.325 32.270 32.179 32.244 32.157 32.177 32.534 32.985 33.762 35.109 36.771 38.559 40.932 42.789 44.251 45.608 46.276 46.799 47.549 47.545 47.467 47.852 47.860 47.992 48.560 48.516 48.340 48.462 48.040 47.674 47.561 47.068 46.602 46.166 45.207 44.313 43.449 42.412 41.795 42.369 41.814 41.419 40.461 39.236 37.987 36.581 35.117 33.885
0.014 0.065 0.281 0.782 1.510 2.256 2.959 3.653 4.341 5.039 5.753 6.523 7.393 8.404 9.575 10.907 12.398 14.016 15.738 17.568 19.634 22.046 24.607 26.772 28.549 30.009 31.275 32.244 32.727 33.095 33.167 33.059 33.116 33.065 32.949 33.190 33.578 34.211 35.357 36.816 38.625 40.745 42.409 43.868 45.199 45.912 46.498 47.086 46.956 46.963 47.196 46.954 46.993 47.437 47.444 47.677 47.937 47.491 47.109 46.990 46.726 46.114 45.713 45.095 44.159 43.270 42.066 40.960 40.904 40.484 40.248 39.394 38.081 36.858 35.399 34.077 32.739
0.010 0.031 0.159 0.575 1.332 2.218 3.002 3.733 4.443 5.144 5.848 6.600 7.430 8.399 9.531 10.821 12.270 13.888 15.636 17.487 19.482 21.734 24.285 26.636 28.557 30.073 31.335 32.399 33.183 33.820 34.040 33.948 34.030 34.036 33.965 34.199 34.507 35.007 35.994 37.056 38.602 40.332 41.788 43.163 44.378 45.095 45.607 45.999 45.775 45.857 45.905 45.522 45.443 45.775 45.820 46.348 46.839 46.759 46.440 46.398 46.153 45.513 45.119 44.615 43.727 42.949 41.602 40.244 39.538 39.177 38.948 38.109 36.747 35.450 34.052 32.839 31.414
0.010 0.016 0.069 0.324 0.966 1.930 2.895 3.714 4.460 5.185 5.923 6.698 7.523 8.458 9.563 10.847 12.301 13.900 15.646 17.483 19.419 21.463 23.719 26.106 28.231 29.933 31.370 32.613 33.567 34.463 34.892 34.884 35.059 35.095 35.096 35.525 35.860 36.314 37.154 37.801 38.895 40.310 41.490 42.670 43.888 44.494 44.724 45.128 44.875 44.735 44.772 44.477 44.180 44.511 44.677 45.160 45.884 46.174 45.988 46.069 45.758 45.299 45.150 44.402 43.523 42.907 41.340 39.925 38.653 37.859 37.500 36.697 35.416 34.060 32.695 31.379 29.909
0.010 0.012 0.027 0.126 0.488 1.267 2.348 3.420 4.340 5.167 5.977 6.815 7.694 8.659 9.766 11.027 12.460 14.046 15.771 17.584 19.479 21.424 23.448 25.629 27.752 29.734 31.406 32.842 33.941 34.966 35.653 35.804 36.056 36.156 36.260 36.748 37.034 37.534 38.251 38.803 39.463 40.495 41.348 42.394 43.454 43.969 43.958 44.294 44.251 44.057 44.078 43.832 43.483 43.641 43.776 44.186 44.879 45.167 45.010 45.118 44.949 44.573 44.561 43.990 42.958 42.040 40.649 39.240 37.776 36.556 35.918 35.001 33.825 32.404 30.890 29.352 27.755
0.011 0.011 0.016 0.046 0.187 0.616 1.474 2.691 3.971 5.067 6.046 7.016 8.017 9.082 10.229 11.488 12.877 14.431 16.121 17.891 19.653 21.414 23.192 25.152 27.157 29.277 31.138 32.669 33.951 35.075 35.899 36.287 36.745 36.968 37.036 37.470 37.798 38.297 38.938 39.453 39.759 40.417 41.002 41.856 42.767 43.216 43.145 43.411 43.447 43.280 43.408 43.202 42.863 42.845 42.830 43.034 43.594 43.704 43.561 43.761 43.644 43.321 43.330 42.852 41.802 40.802 39.596 38.244 36.830 35.160 34.020 32.809 31.783 30.337 28.603 26.763 24.994
0.011 0.011 0.014 0.028 0.085 0.303 0.891 1.982 3.499 4.969 6.194 7.363 8.531 9.732 10.982 12.310 13.715 15.219 16.827 18.480 20.096 21.650 23.222 24.961 26.784 28.816 30.788 32.440 33.832 35.153 36.072 36.646 37.340 37.620 37.670 38.089 38.310 38.583 39.278 39.730 39.906 40.483 41.027 41.600 42.477 42.800 42.784 43.104 43.068 42.935 43.120 43.030 42.700 42.609 42.436 42.308 42.679 42.574 42.413 42.509 42.271 42.026 41.834 41.176 40.330 39.525 38.229 36.988 35.604 33.703 32.124 30.512 29.244 27.676 25.848 23.928 22.013
0.012 0.012 0.015 0.026 0.066 0.205 0.646 1.641 3.245 5.039 6.518 7.900 9.277 10.667 12.063 13.448 14.864 16.325 17.833 19.309 20.726 22.088 23.414 24.939 26.648 28.544 30.408 32.025 33.570 35.107 36.189 36.980 37.740 38.063 38.218 38.542 38.588 38.918 39.593 39.907 40.144 40.646 41.044 41.500 42.384 42.673 42.782 43.110 43.021 43.043 43.137 42.981 42.716 42.649 42.194 41.897 41.832 41.464 41.216 40.983 40.572 40.278 39.894 39.124 38.283 37.570 36.349 35.058 33.462 31.730 29.921 27.980 26.198 24.494 22.562 20.577 18.704
0.014 0.014 0.017 0.027 0.064 0.188 0.578 1.539 3.177 5.246 7.067 8.694 10.298 11.900 13.463 14.973 16.410 17.785 19.132 20.382 21.573 22.671 23.727 25.005 26.509 28.226 29.959 31.484 33.081 34.700 35.930 36.798 37.630 38.017 38.158 38.402 38.396 38.781 39.337 39.629 39.951 40.323 40.480 41.028 41.831 42.180 42.384 42.709 42.645 42.728 42.782 42.495 42.240 42.095 41.566 41.209 40.919 40.398 40.007 39.562 38.901 38.358 37.865 36.966 36.117 35.316 34.076 32.777 31.035 29.311 27.313 25.053 22.773 20.695 18.648 16.689 14.802
0.017 0.018 0.021 0.031 0.068 0.190 0.573 1.544 3.252 5.581 7.795 9.685 11.482 13.239 14.943 16.565 18.085 19.474 20.664 21.740 22.789 23.650 24.432 25.439 26.678 28.111 29.707 31.208 32.703 34.368 35.742 36.526 37.555 37.968 38.061 38.356 38.354 38.643 39.217 39.455 39.608 39.941 39.927 40.560 41.492 41.898 42.102 42.562 42.534 42.463 42.587 42.184 41.762 41.532 40.981 40.538 40.368 39.714 39.050 38.520 37.650 36.814 36.195 35.055 34.142 32.950 31.557 30.122 28.269 26.328 24.118 21.643 19.091 16.693 14.360 12.140 9.906
0.023 0.023 0.026 0.038 0.078 0.208 0.615 1.647 3.459 5.929 8.383 10.498 12.459 14.347 16.196 17.995 19.642 21.104 22.333 23.313 24.202 24.944 25.466 26.182 27.140 28.333 29.812 31.309 32.677 34.140 35.435 36.144 37.233 37.688 37.865 38.222 38.238 38.555 39.045 39.117 39.150 39.419 39.378 39.983 40.907 41.366 41.676 42.165 42.118 42.058 42.117 41.673 41.221 40.763 40.096 39.642 39.411 38.696 37.980 37.270 36.105 34.998 34.103 32.963 31.827 30.334 28.765 27.068 25.057 22.762 20.285 17.725 15.228 12.933 10.602 8.296 6.044
0.031 0.031 0.035 0.048 0.097 0.253 0.728 1.855 3.737 6.216 8.766 11.065 13.212 15.259 17.188 19.094 20.859 22.475 23.830 24.886 25.761 26.368 26.756 27.301 27.937 28.827 30.071 31.353 32.558 33.857 34.903 35.527 36.477 36.961 37.231 37.609 37.678 38.042 38.412 38.355 38.367 38.556 38.509 39.007 39.781 40.296 40.717 41.125 41.083 41.134 41.113 40.655 40.235 39.542 38.694 38.120 37.718 36.931 36.275 35.403 34.115 32.969 31.726 30.561 29.164 27.535 25.716 23.599 21.217 18.673 16.136 13.797 11.613 9.551 7.432 5.355 3.492
0.044 0.043 0.045 0.060 0.111 0.281 0.803 2.001 3.938 6.437 9.081 11.557 13.887 16.068 18.090 20.062 21.919 23.737 25.298 26.477 27.432 28.038 28.351 28.823 29.266 29.825 30.751 31.772 32.733 33.875 34.655 35.100 35.949 36.397 36.574 36.995 37.149 37.420 37.820 37.758 37.695 37.899 37.834 38.095 38.710 39.160 39.537 39.995 39.974 39.959 40.015 39.589 39.065 38.329 37.330 36.431 35.945 35.079 34.440 33.420 32.075 30.728 29.327 27.940 26.328 24.437 22.288 19.792 17.207 14.747 12.458 10.363 8.424 6.569 4.771 3.173 1.932
0.060 0.056 0.058 0.070 0.119 0.286 0.817 2.047 4.053 6.631 9.353 11.940 14.373 16.685 18.857 20.996 22.927 24.866 26.627 27.954 28.998 29.674 29.972 30.392 30.727 31.020 31.613 32.360 33.094 33.946 34.598 34.963 35.738 36.142 36.318 36.650 36.711 36.905 37.232 37.158 37.149 37.285 37.167 37.295 37.712 37.907 38.136 38.549 38.500 38.425 38.476 38.043 37.493 36.739 35.627 34.505 33.786 32.657 31.789 30.636 29.384 27.958 26.483 24.864 23.044 20.878 18.452 15.901 13.562 11.393 9.362 7.494 5.768 4.203 2.858 1.827 1.158
0.084 0.073 0.072 0.082 0.126 0.288 0.814 2.064 4.140 6.827 9.651 12.370 14.884 17.336 19.632 21.854 23.892 25.872 27.645 29.119 30.254 30.897 31.177 31.537 31.774 31.892 32.281 32.748 33.290 33.868 34.357 34.598 35.230 35.593 35.780 36.005 35.970 36.116 36.334 36.246 36.309 36.361 36.172 36.181 36.385 36.375 36.496 36.694 36.557 36.462 36.351 35.900 35.402 34.731 33.621 32.405 31.226 29.974 28.971 27.646 26.330 24.834 23.187 21.416 19.337 17.033 14.733 12.542 10.505 8.605 6.839 5.242 3.818 2.642 1.768 1.208 0.906
0.115 0.096 0.091 0.097 0.137 0.289 0.807 2.081 4.237 7.057 10.054 12.898 15.513 18.040 20.462 22.768 24.820 26.817 28.544 29.975 31.208 31.878 32.186 32.568 32.711 32.680 32.926 33.126 33.417 33.923 34.302 34.371 34.897 35.131 35.194 35.453 35.390 35.413 35.622 35.514 35.485 35.576 35.341 35.161 35.204 35.041 34.993 35.055 34.795 34.541 34.308 33.777 33.256 32.444 31.145 29.906 28.578 27.199 25.985 24.563 23.086 21.470 19.700 17.827 15.750 13.645 11.617 9.726 7.977 6.374 4.906 3.624 2.567 1.790 1.295 1.022 0.885
0.161 0.126 0.115 0.118 0.149 0.285 0.790 2.097 4.359 7.335 10.583 13.622 16.406 18.981 21.394 23.690 25.684 27.608 29.202 30.568 31.817 32.584 33.033 33.443 33.510 33.483 33.580 33.550 33.644 34.036 34.337 34.297 34.601 34.585 34.567 34.747 34.650 34.704 34.925 34.818 34.803 34.884 34.615 34.364 34.160 33.875 33.736 33.610 33.224 32.890 32.568 31.785 31.034 29.985 28.735 27.344 25.736 24.227 22.876 21.388 19.840 18.186 16.416 14.566 12.631 10.782 9.058 7.468 6.010 4.694 3.527 2.561 1.837 1.365 1.101 0.978 0.940
0.222 0.167 0.141 0.137 0.156 0.273 0.757 2.118 4.569 7.814 11.343 14.632 17.558 20.191 22.520 24.578 26.345 28.050 29.454 30.757 31.876 32.764 33.344 33.744 33.797 33.817 33.844 33.713 33.722 33.937 34.067 33.975 33.987 33.703 33.574 33.597 33.481 33.626 33.853 33.771 33.809 33.861 33.577 33.326 32.954 32.555 32.342 32.134 31.648 31.276 30.685 29.743 28.787 27.496 26.045 24.508 22.811 21.193 19.724 18.214 16.680 15.106 13.423 11.710 10.048 8.486 7.038 5.718 4.526 3.474 2.587 1.892 1.401 1.108 0.978 0.956 1.031
0.267 0.199 0.159 0.145 0.154 0.249 0.697 2.075 4.703 8.346 12.315 15.909 18.881 21.370 23.498 25.233 26.833 28.320 29.573 30.800 31.839 32.772 33.406 33.894 33.958 33.924 34.015 33.858 33.806 33.968 33.850 33.610 33.402 32.882 32.479 32.428 32.306 32.400 32.622 32.568 32.597 32.745 32.519 32.226 31.917 31.430 31.123 30.894 30.385 29.858 28.965 27.883 26.586 24.971 23.225 21.553 19.804 18.140 16.613 15.099 13.644 12.188 10.692 9.224 7.877 6.643 5.494 4.429 3.466 2.627 1.941 1.430 1.103 0.941 0.909 0.985 1.221
0.284 0.211 0.164 0.144 0.146 0.216 0.610 1.967 4.693 8.595 12.919 16.822 20.005 22.380 24.273 25.762 27.212 28.501 29.651 30.694 31.737 32.603 33.356 33.964 34.065 34.043 34.136 33.946 33.837 33.854 33.484 33.065 32.671 32.001 31.440 31.232 31.030 31.040 31.212 31.130 31.141 31.365 31.259 31.054 30.829 30.334 30.038 29.640 29.087 28.365 27.304 25.932 24.332 22.410 20.334 18.442 16.636 14.959 13.435 12.015 10.714 9.440 8.210 7.087 6.100 5.200 4.337 3.497 2.709 2.028 1.491 1.120 0.926 0.871 0.917 1.138 1.616
