RESULTS/r.avaflow_results/14_results/14_ascii/14_hflow0036.asc
ncols 506
nrows 317
xllcenter 498237.50
yllcenter 5580050.00
cellsize 12.50
NODATA_value -9999.000
[rows 170 to 203 of 317, columns 231 to 307 of 506]
0.262 0.167 0.114 0.084 0.069 0.064 0.062 0.065 0.080 0.122 0.173 0.194 0.195 0.182 0.143 0.085 0.049 0.031 0.022 0.017 0.014 0.012 0.011 0.010 0.009 0.008 0.007 0.006 0.005 0.004 0.004 0.003 0.002 0.002 0.001 0.001 0.000 0.000 0.000 0.000 0.000 0.000 0.000 0.000 0.000 0.000 0.000 0.000 0.000 0.000 0.000 0.000 0.000 0.000 0.000 0.000 0.000 0.000 0.000 0.000 0.000 0.000 0.000 0.000 0.000 0.000 0.000 0.000 0.000 0.000 0.000 0.000 0.000 0.000 0.000 0.000 0.000
0.416 0.254 0.162 0.113 0.090 0.083 0.083 0.095 0.141 0.261 0.397 0.450 0.449 0.407 0.303 0.168 0.086 0.047 0.030 0.021 0.016 0.014 0.012 0.011 0.010 0.009 0.008 0.007 0.006 0.006 0.005 0.004 0.003 0.002 0.002 0.001 0.001 0.000 0.000 0.000 0.000 0.000 0.000 0.000 0.000 0.000 0.000 0.000 0.000 0.000 0.000 0.000 0.000 0.000 0.000 0.000 0.000 0.000 0.000 0.000 0.000 0.000 0.000 0.000 0.000 0.000 0.000 0.000 0.000 0.000 0.000 0.000 0.000 0.000 0.000 0.000 0.000
0.693 0.403 0.243 0.158 0.120 0.109 0.111 0.137 0.239 0.491 0.768 0.875 0.869 0.781 0.581 0.319 0.153 0.075 0.041 0.026 0.019 0.016 0.014 0.013 0.011 0.010 0.009 0.009 0.008 0.007 0.006 0.005 0.004 0.003 0.003 0.002 0.001 0.001 0.000 0.000 0.000 0.000 0.000 0.000 0.000 0.000 0.000 0.000 0.000 0.000 0.000 0.000 0.000 0.000 0.000 0.000 0.000 0.000 0.000 0.000 0.000 0.000 0.000 0.000 0.000 0.000 0.000 0.000 0.000 0.000 0.000 0.000 0.000 0.000 0.000 0.000 0.000
1.042 0.658 0.383 0.235 0.164 0.142 0.144 0.182 0.324 0.670 1.054 1.205 1.200 1.094 0.858 0.515 0.254 0.118 0.059 0.034 0.023 0.018 0.016 0.014 0.013 0.012 0.011 0.010 0.009 0.008 0.007 0.006 0.006 0.005 0.004 0.003 0.002 0.001 0.001 0.000 0.000 0.000 0.000 0.000 0.000 0.000 0.000 0.000 0.000 0.000 0.000 0.000 0.000 0.000 0.000 0.000 0.000 0.000 0.000 0.000 0.000 0.000 0.000 0.000 0.000 0.000 0.000 0.000 0.000 0.000 0.000 0.000 0.000 0.000 0.000 0.000 0.001
1.283 0.973 0.623 0.367 0.236 0.189 0.186 0.225 0.379 0.752 1.163 1.327 1.326 1.224 1.003 0.669 0.365 0.179 0.086 0.046 0.029 0.022 0.018 0.016 0.014 0.013 0.012 0.011 0.010 0.010 0.009 0.008 0.007 0.006 0.005 0.004 0.003 0.002 0.001 0.001 0.000 0.000 0.000 0.000 0.000 0.000 0.000 0.000 0.000 0.000 0.000 0.000 0.000 0.000 0.000 0.000 0.000 0.000 0.000 0.000 0.000 0.000 0.000 0.000 0.000 0.000 0.000 0.000 0.000 0.000 0.000 0.000 0.000 0.000 0.000 0.001 0.002
1.366 1.193 0.912 0.582 0.351 0.256 0.241 0.275 0.427 0.784 1.163 1.319 1.322 1.231 1.041 0.766 0.477 0.264 0.134 0.068 0.039 0.027 0.021 0.018 0.016 0.015 0.013 0.013 0.012 0.011 0.010 0.009 0.008 0.007 0.006 0.005 0.004 0.003 0.002 0.001 0.001 0.000 0.000 0.000 0.000 0.000 0.000 0.000 0.000 0.000 0.000 0.000 0.000 0.000 0.000 0.000 0.000 0.000 0.000 0.000 0.000 0.000 0.000 0.000 0.000 0.000 0.000 0.000 0.000 0.000 0.000 0.000 0.000 0.001 0.001 0.003 0.004
1.360 1.264 1.091 0.809 0.513 0.354 0.315 0.341 0.485 0.805 1.098 1.211 1.217 1.155 1.015 0.817 0.595 0.387 0.220 0.114 0.060 0.037 0.026 0.021 0.018 0.016 0.015 0.014 0.013 0.012 0.012 0.011 0.009 0.008 0.007 0.006 0.005 0.004 0.003 0.002 0.001 0.001 0.000 0.000 0.000 0.000 0.000 0.000 0.000 0.000 0.000 0.000 0.000 0.000 0.000 0.000 0.000 0.000 0.000 0.000 0.000 0.000 0.000 0.000 0.000 0.000 0.000 0.000 0.000 0.000 0.000 0.001 0.001 0.002 0.004 0.005 0.008
1.291 1.253 1.144 0.954 0.685 0.488 0.422 0.439 0.567 0.830 1.006 1.052 1.048 1.013 0.941 0.836 0.704 0.542 0.359 0.202 0.105 0.058 0.037 0.027 0.022 0.019 0.017 0.016 0.015 0.014 0.013 0.012 0.010 0.009 0.008 0.007 0.006 0.005 0.004 0.003 0.002 0.002 0.001 0.001 0.000 0.000 0.000 0.000 0.000 0.000 0.000 0.000 0.000 0.000 0.000 0.000 0.000 0.000 0.000 0.000 0.000 0.000 0.000 0.000 0.000 0.000 0.000 0.000 0.000 0.001 0.001 0.002 0.003 0.005 0.007 0.010 0.012
1.159 1.176 1.128 1.013 0.829 0.654 0.578 0.582 0.684 0.881 0.976 0.990 0.975 0.943 0.902 0.852 0.786 0.692 0.540 0.354 0.201 0.109 0.062 0.040 0.029 0.023 0.020 0.018 0.017 0.016 0.014 0.013 0.011 0.010 0.009 0.008 0.007 0.006 0.005 0.004 0.003 0.002 0.002 0.001 0.001 0.000 0.000 0.000 0.000 0.000 0.000 0.000 0.000 0.000 0.000 0.000 0.000 0.000 0.000 0.000 0.000 0.000 0.000 0.000 0.000 0.000 0.000 0.001 0.001 0.002 0.003 0.005 0.007 0.009 0.012 0.015 0.019
0.967 1.048 1.062 1.015 0.909 0.800 0.750 0.754 0.844 0.975 1.012 1.005 0.977 0.940 0.908 0.886 0.867 0.831 0.739 0.576 0.383 0.223 0.122 0.070 0.045 0.032 0.025 0.022 0.019 0.017 0.016 0.014 0.013 0.011 0.010 0.009 0.008 0.007 0.006 0.005 0.004 0.003 0.003 0.002 0.001 0.001 0.000 0.000 0.000 0.000 0.000 0.000 0.000 0.000 0.000 0.000 0.000 0.000 0.000 0.001 0.001 0.001 0.001 0.001 0.001 0.001 0.002 0.002 0.003 0.004 0.006 0.008 0.011 0.014 0.018 0.024 0.031
0.764 0.888 0.957 0.968 0.929 0.879 0.868 0.910 1.035 1.129 1.134 1.099 1.037 0.992 0.971 0.966 0.975 0.984 0.955 0.855 0.672 0.448 0.261 0.145 0.084 0.053 0.037 0.028 0.024 0.020 0.018 0.016 0.014 0.013 0.011 0.010 0.009 0.008 0.007 0.006 0.006 0.005 0.004 0.003 0.002 0.002 0.001 0.001 0.001 0.000 0.000 0.000 0.000 0.000 0.000 0.000 0.000 0.001 0.001 0.002 0.003 0.003 0.003 0.003 0.004 0.004 0.004 0.005 0.006 0.008 0.010 0.013 0.017 0.022 0.029 0.040 0.057
0.609 0.729 0.820 0.872 0.896 0.913 0.957 1.074 1.268 1.365 1.359 1.287 1.183 1.125 1.107 1.111 1.143 1.199 1.219 1.182 1.048 0.809 0.532 0.319 0.183 0.106 0.065 0.044 0.033 0.026 0.021 0.018 0.016 0.014 0.013 0.011 0.010 0.009 0.009 0.008 0.007 0.006 0.005 0.005 0.004 0.003 0.003 0.002 0.002 0.001 0.001 0.001 0.001 0.001 0.001 0.001 0.001 0.002 0.004 0.005 0.006 0.006 0.007 0.007 0.007 0.008 0.008 0.009 0.011 0.013 0.016 0.020 0.026 0.036 0.051 0.077 0.119
0.506 0.611 0.704 0.783 0.856 0.937 1.063 1.294 1.566 1.685 1.671 1.565 1.425 1.349 1.326 1.332 1.387 1.497 1.562 1.565 1.486 1.282 0.974 0.660 0.417 0.250 0.147 0.089 0.057 0.039 0.028 0.022 0.018 0.016 0.014 0.013 0.012 0.011 0.010 0.009 0.009 0.008 0.007 0.006 0.006 0.005 0.004 0.004 0.003 0.003 0.003 0.002 0.002 0.002 0.003 0.003 0.004 0.005 0.007 0.009 0.010 0.011 0.012 0.012 0.013 0.013 0.014 0.015 0.017 0.020 0.024 0.031 0.044 0.066 0.105 0.173 0.282
0.453 0.555 0.658 0.758 0.863 1.014 1.264 1.636 1.954 2.077 2.057 1.935 1.773 1.677 1.640 1.643 1.711 1.859 1.967 1.993 1.959 1.825 1.569 1.229 0.887 0.600 0.375 0.222 0.128 0.075 0.045 0.030 0.022 0.019 0.016 0.015 0.014 0.013 0.012 0.011 0.010 0.010 0.009 0.008 0.008 0.007 0.006 0.006 0.005 0.005 0.005 0.005 0.005 0.005 0.005 0.006 0.007 0.009 0.012 0.015 0.017 0.019 0.019 0.020 0.020 0.021 0.022 0.023 0.026 0.031 0.040 0.056 0.087 0.141 0.234 0.395 0.669
0.445 0.553 0.674 0.818 1.009 1.296 1.708 2.156 2.455 2.558 2.536 2.428 2.272 2.162 2.098 2.074 2.113 2.226 2.320 2.359 2.372 2.335 2.220 1.985 1.635 1.257 0.892 0.564 0.319 0.168 0.087 0.048 0.031 0.024 0.020 0.018 0.016 0.015 0.014 0.013 0.013 0.012 0.011 0.011 0.010 0.009 0.009 0.008 0.008 0.008 0.007 0.007 0.008 0.008 0.009 0.010 0.012 0.015 0.019 0.024 0.029 0.031 0.031 0.032 0.032 0.033 0.035 0.038 0.044 0.055 0.077 0.121 0.194 0.310 0.495 0.815 1.303
0.501 0.644 0.840 1.117 1.497 1.996 2.507 2.891 3.103 3.168 3.154 3.085 2.978 2.878 2.776 2.660 2.589 2.592 2.625 2.668 2.724 2.766 2.761 2.684 2.497 2.177 1.737 1.208 0.701 0.359 0.174 0.088 0.050 0.034 0.026 0.022 0.020 0.018 0.017 0.016 0.016 0.015 0.014 0.014 0.013 0.012 0.012 0.011 0.011 0.011 0.011 0.011 0.011 0.012 0.013 0.015 0.018 0.023 0.030 0.040 0.050 0.054 0.056 0.057 0.058 0.060 0.063 0.071 0.086 0.117 0.178 0.284 0.434 0.632 0.897 1.237 1.700
0.711 0.956 1.313 1.804 2.396 3.001 3.491 3.798 3.934 3.969 3.964 3.936 3.879 3.787 3.618 3.327 3.061 2.935 2.916 2.954 3.036 3.134 3.210 3.242 3.208 3.063 2.719 2.101 1.282 0.662 0.324 0.162 0.088 0.054 0.038 0.030 0.026 0.023 0.022 0.021 0.020 0.019 0.019 0.018 0.017 0.016 0.016 0.015 0.015 0.015 0.015 0.015 0.015 0.016 0.018 0.022 0.028 0.037 0.051 0.074 0.098 0.110 0.114 0.117 0.119 0.125 0.135 0.157 0.201 0.288 0.435 0.649 0.867 1.056 1.218 1.405 1.751
1.149 1.544 2.027 2.556 3.086 3.591 4.101 4.523 4.738 4.797 4.792 4.745 4.641 4.484 4.236 3.843 3.467 3.261 3.206 3.231 3.324 3.472 3.645 3.764 3.806 3.754 3.491 2.891 1.928 1.055 0.543 0.283 0.154 0.091 0.059 0.044 0.036 0.032 0.031 0.029 0.028 0.027 0.025 0.024 0.022 0.021 0.020 0.020 0.020 0.020 0.020 0.020 0.020 0.022 0.026 0.034 0.047 0.069 0.103 0.159 0.217 0.251 0.267 0.275 0.285 0.300 0.329 0.391 0.516 0.714 0.979 1.240 1.365 1.360 1.341 1.398 1.594
1.539 1.992 2.458 2.925 3.386 3.870 4.466 5.035 5.334 5.402 5.376 5.273 5.107 4.888 4.589 4.189 3.820 3.589 3.504 3.510 3.602 3.819 4.109 4.299 4.364 4.323 4.061 3.449 2.461 1.476 0.831 0.462 0.261 0.155 0.099 0.070 0.056 0.050 0.048 0.047 0.045 0.042 0.039 0.034 0.031 0.029 0.027 0.027 0.027 0.026 0.026 0.027 0.028 0.032 0.041 0.059 0.092 0.151 0.247 0.389 0.518 0.605 0.657 0.690 0.719 0.756 0.825 0.978 1.241 1.522 1.721 1.772 1.661 1.475 1.334 1.242 1.169
1.666 2.129 2.578 3.032 3.513 4.069 4.778 5.392 5.700 5.755 5.684 5.510 5.295 5.049 4.736 4.398 4.113 3.905 3.808 3.801 3.909 4.247 4.665 4.875 4.916 4.817 4.473 3.804 2.826 1.881 1.189 0.722 0.434 0.265 0.171 0.122 0.099 0.092 0.091 0.093 0.091 0.085 0.074 0.060 0.050 0.044 0.040 0.038 0.037 0.037 0.037 0.038 0.041 0.050 0.073 0.119 0.208 0.364 0.619 0.928 1.164 1.328 1.453 1.551 1.636 1.721 1.843 2.053 2.274 2.371 2.291 2.068 1.755 1.462 1.200 0.905 0.645
1.616 2.089 2.550 3.023 3.556 4.229 5.022 5.591 5.840 5.865 5.761 5.553 5.327 5.079 4.772 4.512 4.331 4.197 4.129 4.149 4.356 4.878 5.373 5.537 5.491 5.245 4.745 3.961 3.018 2.219 1.597 1.101 0.722 0.465 0.312 0.232 0.200 0.195 0.209 0.230 0.231 0.215 0.181 0.134 0.101 0.079 0.066 0.059 0.057 0.056 0.056 0.058 0.067 0.092 0.150 0.264 0.467 0.809 1.350 1.861 2.179 2.351 2.462 2.568 2.682 2.789 2.881 2.956 2.964 2.852 2.577 2.163 1.711 1.305 0.908 0.563 0.343
1.329 1.822 2.337 2.886 3.510 4.295 5.109 5.635 5.838 5.842 5.733 5.533 5.319 5.077 4.781 4.578 4.483 4.449 4.485 4.630 5.021 5.622 5.998 6.073 5.953 5.575 4.905 3.976 3.103 2.447 1.929 1.490 1.114 0.809 0.592 0.475 0.439 0.452 0.541 0.630 0.644 0.601 0.495 0.348 0.240 0.172 0.130 0.107 0.098 0.095 0.096 0.103 0.128 0.195 0.335 0.572 0.942 1.541 2.252 2.716 2.929 3.006 3.047 3.107 3.213 3.318 3.367 3.352 3.252 3.022 2.641 2.112 1.514 0.992 0.593 0.342 0.202
0.781 1.242 1.810 2.468 3.237 4.166 5.019 5.544 5.727 5.721 5.627 5.472 5.295 5.066 4.785 4.624 4.585 4.634 4.801 5.093 5.562 6.069 6.311 6.340 6.195 5.754 4.966 3.940 3.128 2.548 2.093 1.709 1.390 1.141 0.972 0.884 0.871 0.969 1.237 1.456 1.500 1.425 1.205 0.875 0.588 0.400 0.281 0.217 0.190 0.183 0.186 0.209 0.282 0.450 0.738 1.139 1.655 2.269 2.797 3.089 3.189 3.197 3.178 3.203 3.289 3.396 3.435 3.410 3.284 3.011 2.550 1.873 1.172 0.670 0.373 0.214 0.135
0.322 0.587 1.024 1.677 2.538 3.590 4.554 5.170 5.434 5.484 5.449 5.370 5.250 5.046 4.781 4.652 4.649 4.757 5.002 5.352 5.793 6.177 6.359 6.375 6.232 5.776 4.913 3.835 3.064 2.533 2.112 1.763 1.488 1.297 1.196 1.169 1.219 1.443 1.880 2.190 2.261 2.197 1.969 1.594 1.179 0.845 0.600 0.454 0.397 0.386 0.399 0.466 0.638 0.987 1.470 1.924 2.322 2.693 2.981 3.137 3.179 3.139 3.030 2.979 3.009 3.090 3.158 3.159 3.058 2.760 2.197 1.418 0.791 0.423 0.233 0.143 0.101
0.118 0.222 0.429 0.813 1.468 2.446 3.530 4.380 4.888 5.129 5.218 5.223 5.168 5.005 4.764 4.659 4.677 4.818 5.072 5.404 5.745 5.990 6.096 6.094 5.930 5.442 4.530 3.454 2.727 2.271 1.938 1.668 1.454 1.312 1.254 1.262 1.358 1.639 2.133 2.471 2.559 2.511 2.322 1.996 1.593 1.259 1.011 0.854 0.789 0.784 0.832 0.973 1.255 1.702 2.164 2.479 2.691 2.851 2.984 3.043 2.991 2.810 2.513 2.313 2.239 2.251 2.329 2.381 2.333 2.069 1.514 0.874 0.472 0.256 0.150 0.102 0.083
0.049 0.082 0.153 0.307 0.618 1.173 2.034 3.054 3.945 4.521 4.843 4.971 4.978 4.884 4.701 4.631 4.669 4.819 5.019 5.190 5.258 5.222 5.149 5.036 4.788 4.270 3.408 2.493 1.903 1.584 1.406 1.287 1.203 1.161 1.174 1.224 1.350 1.643 2.128 2.462 2.562 2.527 2.373 2.101 1.741 1.446 1.259 1.167 1.147 1.175 1.271 1.445 1.704 2.065 2.421 2.657 2.788 2.851 2.859 2.764 2.521 2.084 1.603 1.302 1.183 1.167 1.204 1.253 1.247 1.122 0.812 0.470 0.264 0.155 0.103 0.080 0.072
0.026 0.037 0.059 0.105 0.209 0.428 0.845 1.516 2.433 3.373 4.052 4.401 4.523 4.539 4.486 4.479 4.539 4.629 4.635 4.446 4.075 3.666 3.318 3.019 2.687 2.244 1.664 1.163 0.869 0.730 0.677 0.668 0.695 0.758 0.856 0.979 1.147 1.436 1.865 2.159 2.266 2.260 2.174 1.991 1.715 1.472 1.346 1.310 1.316 1.362 1.463 1.616 1.815 2.082 2.372 2.578 2.674 2.665 2.528 2.221 1.725 1.200 0.830 0.624 0.539 0.521 0.529 0.549 0.552 0.511 0.386 0.236 0.147 0.101 0.078 0.068 0.065
0.017 0.021 0.029 0.043 0.072 0.134 0.269 0.541 1.019 1.766 2.604 3.248 3.613 3.811 3.928 3.996 4.027 3.940 3.606 2.962 2.268 1.774 1.455 1.225 1.022 0.809 0.574 0.399 0.303 0.266 0.260 0.268 0.295 0.348 0.428 0.542 0.700 0.929 1.227 1.432 1.530 1.564 1.568 1.533 1.442 1.350 1.315 1.321 1.343 1.385 1.460 1.558 1.668 1.801 1.973 2.121 2.173 2.125 1.883 1.462 1.009 0.672 0.452 0.327 0.268 0.246 0.239 0.237 0.232 0.216 0.176 0.123 0.090 0.073 0.065 0.062 0.062
0.012 0.014 0.018 0.023 0.032 0.049 0.083 0.155 0.312 0.627 1.130 1.701 2.204 2.594 2.841 2.931 2.872 2.566 1.988 1.339 0.899 0.645 0.499 0.403 0.325 0.250 0.181 0.133 0.108 0.102 0.103 0.108 0.122 0.146 0.185 0.241 0.318 0.430 0.566 0.659 0.713 0.747 0.778 0.817 0.877 0.964 1.072 1.155 1.198 1.218 1.227 1.204 1.147 1.115 1.140 1.206 1.242 1.205 1.060 0.832 0.594 0.410 0.282 0.204 0.161 0.140 0.127 0.119 0.111 0.103 0.090 0.075 0.066 0.062 0.060 0.060 0.061
0.008 0.010 0.012 0.015 0.019 0.025 0.035 0.053 0.090 0.179 0.362 0.649 0.987 1.281 1.457 1.496 1.422 1.173 0.786 0.469 0.296 0.212 0.168 0.139 0.116 0.093 0.073 0.059 0.053 0.052 0.053 0.056 0.061 0.071 0.086 0.107 0.137 0.180 0.228 0.260 0.281 0.299 0.320 0.352 0.403 0.485 0.615 0.723 0.762 0.755 0.705 0.610 0.511 0.467 0.464 0.493 0.540 0.558 0.534 0.469 0.373 0.276 0.199 0.147 0.115 0.096 0.083 0.074 0.067 0.063 0.060 0.058 0.057 0.058 0.058 0.059 0.061
0.006 0.007 0.009 0.011 0.013 0.016 0.020 0.026 0.036 0.059 0.108 0.202 0.349 0.488 0.564 0.576 0.538 0.429 0.264 0.157 0.105 0.082 0.070 0.063 0.057 0.050 0.044 0.039 0.037 0.037 0.037 0.038 0.041 0.045 0.051 0.058 0.068 0.083 0.098 0.108 0.115 0.123 0.133 0.147 0.172 0.211 0.273 0.313 0.320 0.313 0.289 0.246 0.205 0.189 0.187 0.200 0.236 0.269 0.283 0.277 0.251 0.205 0.155 0.117 0.092 0.076 0.064 0.056 0.052 0.051 0.051 0.052 0.055 0.057 0.059 0.061 0.063
0.004 0.005 0.006 0.007 0.009 0.011 0.013 0.016 0.021 0.028 0.041 0.069 0.117 0.164 0.186 0.190 0.180 0.148 0.095 0.063 0.049 0.042 0.040 0.039 0.038 0.037 0.034 0.032 0.032 0.031 0.032 0.032 0.034 0.035 0.037 0.040 0.043 0.048 0.052 0.056 0.059 0.061 0.065 0.071 0.080 0.094 0.113 0.123 0.124 0.123 0.118 0.106 0.095 0.090 0.091 0.099 0.122 0.156 0.178 0.185 0.181 0.162 0.129 0.099 0.078 0.065 0.055 0.050 0.047 0.047 0.049 0.052 0.055 0.058 0.061 0.064 0.068
0.002 0.003 0.004 0.005 0.006 0.008 0.010 0.012 0.014 0.017 0.022 0.031 0.047 0.061 0.068 0.069 0.067 0.059 0.044 0.034 0.030 0.029 0.028 0.029 0.030 0.031 0.030 0.029 0.029 0.029 0.029 0.030 0.030 0.031 0.031 0.032 0.033 0.035 0.036 0.037 0.038 0.040 0.042 0.044 0.048 0.052 0.057 0.059 0.059 0.059 0.059 0.058 0.057 0.057 0.060 0.067 0.084 0.113 0.135 0.144 0.143 0.132 0.111 0.087 0.070 0.059 0.051 0.048 0.047 0.047 0.049 0.053 0.057 0.061 0.066 0.071 0.079
0.001 0.001 0.002 0.003 0.004 0.005 0.007 0.008 0.010 0.012 0.015 0.019 0.025 0.029 0.032 0.032 0.032 0.030 0.026 0.023 0.022 0.022 0.022 0.024 0.026 0.027 0.027 0.027 0.027 0.027 0.028 0.028 0.028 0.028 0.028 0.029 0.029 0.029 0.030 0.030 0.030 0.031 0.033 0.034 0.036 0.037 0.038 0.039 0.039 0.039 0.040 0.042 0.045 0.048 0.052 0.059 0.072 0.097 0.117 0.124 0.122 0.114 0.099 0.080 0.066 0.056 0.050 0.048 0.047 0.048 0.051 0.056 0.061 0.068 0.076 0.088 0.107
