RESULTS/r.avaflow_results/14_results/14_ascii/14_hflow10028.asc
ncols 506
nrows 317
xllcenter 498237.50
yllcenter 5580050.00
cellsize 12.50
NODATA_value -9999.000
[rows 204 to 237 of 317, columns 77 to 153 of 506]
0.358 0.266 0.198 0.160 0.152 0.186 0.451 1.615 4.371 8.556 13.499 17.963 21.629 24.332 26.378 27.851 29.172 30.398 31.448 32.563 33.407 34.010 35.101 35.522 35.689 35.969 35.771 35.653 35.643 35.224 34.857 34.494 33.739 32.976 32.253 31.495 31.004 30.910 30.637 30.535 30.679 30.551 30.570 30.490 29.960 29.371 28.772 27.838 26.889 25.794 24.151 22.191 19.789 17.275 15.101 13.193 11.535 10.075 8.728 7.522 6.452 5.567 4.840 4.257 3.765 3.311 2.842 2.331 1.774 1.277 0.891 0.639 0.527 0.516 0.605 0.907 1.465
0.318 0.242 0.185 0.154 0.146 0.174 0.396 1.443 4.106 8.301 13.317 18.033 21.847 24.600 26.570 27.860 29.106 30.166 31.087 32.060 32.635 33.114 34.004 34.427 34.557 34.943 34.811 34.643 34.631 34.182 33.776 33.395 32.516 31.655 30.823 30.024 29.511 29.157 28.724 28.556 28.658 28.589 28.673 28.747 28.394 27.905 27.157 26.028 24.845 23.513 21.672 19.404 16.835 14.277 12.109 10.197 8.546 7.086 5.830 4.791 4.000 3.463 3.129 2.905 2.698 2.463 2.172 1.806 1.367 0.979 0.701 0.549 0.508 0.555 0.775 1.229 1.805
0.297 0.227 0.180 0.154 0.147 0.162 0.312 1.129 3.481 7.460 12.445 17.472 21.566 24.507 26.597 27.738 28.830 29.577 30.116 30.810 31.240 31.616 32.133 32.355 32.583 32.944 32.871 32.806 32.743 32.388 32.158 31.855 31.158 30.490 29.612 28.630 27.873 27.386 26.872 26.647 26.775 26.757 26.902 27.053 26.796 26.346 25.537 24.283 22.812 21.089 19.026 16.509 13.927 11.472 9.366 7.494 5.889 4.554 3.525 2.788 2.327 2.092 2.020 1.997 1.946 1.837 1.650 1.382 1.049 0.771 0.591 0.520 0.530 0.661 0.974 1.446 1.920
0.300 0.228 0.184 0.163 0.158 0.166 0.232 0.694 2.465 5.963 10.732 16.094 20.728 23.955 26.113 27.152 27.950 28.425 28.899 29.444 29.726 29.924 30.154 30.092 30.436 30.878 30.840 30.768 30.767 30.517 30.341 30.104 29.495 29.024 28.269 27.141 26.224 25.637 25.028 24.724 24.814 24.748 24.920 25.204 25.019 24.575 23.757 22.428 20.639 18.493 16.065 13.457 11.079 8.859 6.906 5.209 3.839 2.798 2.084 1.651 1.444 1.388 1.407 1.435 1.429 1.368 1.237 1.036 0.799 0.622 0.526 0.506 0.559 0.739 1.061 1.491 1.885
0.348 0.259 0.212 0.192 0.186 0.187 0.211 0.391 1.381 4.043 8.408 13.977 19.235 22.903 25.265 26.270 26.943 27.175 27.509 27.865 27.912 27.813 27.864 27.694 28.004 28.525 28.505 28.406 28.431 28.230 28.120 28.058 27.569 27.086 26.450 25.434 24.436 23.624 22.917 22.525 22.479 22.429 22.672 22.988 22.828 22.460 21.590 20.153 18.098 15.682 13.058 10.650 8.508 6.569 4.896 3.531 2.508 1.804 1.379 1.155 1.067 1.050 1.056 1.070 1.066 1.017 0.912 0.755 0.603 0.509 0.474 0.484 0.565 0.753 1.052 1.417 1.739
0.487 0.356 0.287 0.254 0.237 0.229 0.235 0.295 0.716 2.381 5.998 11.409 17.167 21.308 23.905 25.105 25.812 25.842 26.010 25.936 25.609 25.125 24.875 24.731 25.094 25.551 25.569 25.495 25.424 25.238 25.191 25.169 24.961 24.782 24.308 23.359 22.374 21.482 20.712 20.176 19.970 19.863 20.097 20.486 20.472 20.145 19.214 17.675 15.525 13.009 10.438 8.240 6.360 4.768 3.470 2.480 1.790 1.346 1.086 0.945 0.875 0.841 0.824 0.818 0.804 0.755 0.661 0.537 0.448 0.410 0.407 0.437 0.527 0.693 0.933 1.210 1.476
0.755 0.551 0.435 0.370 0.328 0.301 0.292 0.315 0.452 1.233 3.734 8.498 14.481 19.138 22.151 23.705 24.398 24.449 24.538 24.191 23.682 22.970 22.376 22.086 22.379 22.696 22.848 22.884 22.926 22.714 22.563 22.431 22.196 22.025 21.716 21.052 20.252 19.365 18.484 17.733 17.214 16.977 17.203 17.601 17.670 17.417 16.540 15.025 13.042 10.673 8.358 6.413 4.809 3.546 2.594 1.910 1.438 1.124 0.924 0.804 0.730 0.684 0.656 0.637 0.611 0.560 0.475 0.376 0.318 0.301 0.309 0.339 0.402 0.502 0.644 0.822 1.025
1.180 0.880 0.691 0.576 0.493 0.430 0.393 0.386 0.431 0.686 1.921 5.296 10.849 16.200 19.874 22.059 22.956 22.980 22.971 22.603 22.217 21.544 20.744 20.214 20.297 20.443 20.615 20.840 21.026 20.958 20.844 20.555 20.144 19.791 19.526 18.996 18.388 17.657 16.763 15.882 15.005 14.379 14.276 14.567 14.629 14.411 13.680 12.369 10.725 8.731 6.744 5.112 3.812 2.828 2.110 1.592 1.217 0.958 0.786 0.677 0.607 0.559 0.527 0.501 0.468 0.418 0.344 0.263 0.212 0.188 0.181 0.186 0.200 0.228 0.283 0.372 0.488
1.772 1.372 1.097 0.918 0.772 0.649 0.563 0.523 0.522 0.600 1.016 2.749 6.723 12.183 16.902 19.799 21.097 21.334 21.499 21.400 21.290 20.861 20.074 19.310 19.114 19.079 19.187 19.589 19.905 20.004 19.913 19.528 18.953 18.354 18.102 17.632 17.174 16.521 15.650 14.741 13.764 12.686 11.768 11.370 11.161 10.966 10.529 9.685 8.532 7.082 5.492 4.170 3.139 2.359 1.775 1.344 1.029 0.807 0.657 0.558 0.495 0.452 0.421 0.393 0.361 0.316 0.253 0.184 0.135 0.105 0.086 0.075 0.070 0.071 0.084 0.117 0.167
2.536 2.041 1.684 1.434 1.208 0.994 0.835 0.751 0.724 0.739 0.879 1.568 3.811 8.052 13.288 17.078 18.921 19.750 20.438 20.745 20.981 21.138 20.656 19.925 19.433 19.206 19.304 19.705 20.095 20.367 20.251 19.827 19.079 18.306 18.006 17.552 17.101 16.508 15.732 14.813 13.816 12.474 10.315 8.213 7.214 6.963 6.943 6.798 6.303 5.441 4.331 3.314 2.523 1.923 1.464 1.116 0.857 0.669 0.536 0.447 0.390 0.354 0.328 0.305 0.277 0.239 0.188 0.129 0.084 0.054 0.035 0.024 0.019 0.018 0.019 0.027 0.042
3.462 2.882 2.456 2.142 1.834 1.508 1.254 1.110 1.054 1.045 1.095 1.387 2.531 5.288 9.770 14.056 16.767 18.497 19.981 21.017 21.987 23.490 23.886 23.296 22.409 21.892 22.000 22.409 22.856 23.301 23.056 22.538 21.539 20.500 20.013 19.553 19.069 18.590 17.915 17.048 15.916 13.932 9.895 5.834 3.922 3.345 3.382 3.704 3.915 3.705 3.159 2.477 1.915 1.492 1.162 0.902 0.697 0.541 0.424 0.341 0.288 0.258 0.240 0.225 0.206 0.177 0.136 0.088 0.051 0.027 0.014 0.007 0.005 0.004 0.004 0.005 0.009
4.531 3.887 3.391 3.017 2.640 2.213 1.854 1.635 1.540 1.510 1.516 1.654 2.305 4.102 7.429 11.676 15.561 18.389 20.708 23.263 24.669 25.434 25.237 24.404 23.418 22.870 23.023 23.410 23.831 24.251 24.011 23.446 22.352 21.266 20.733 20.264 19.745 19.330 18.686 17.879 16.752 14.694 9.953 4.593 2.031 1.184 1.098 1.374 1.806 1.978 1.894 1.620 1.306 1.061 0.864 0.694 0.544 0.418 0.316 0.241 0.191 0.164 0.153 0.146 0.138 0.120 0.091 0.054 0.028 0.012 0.005 0.002 0.001 0.001 0.001 0.001 0.002
5.709 5.034 4.458 4.009 3.558 3.052 2.612 2.327 2.195 2.148 2.137 2.195 2.601 3.936 6.594 10.611 15.670 20.182 22.984 24.842 25.450 25.110 24.009 22.987 22.142 21.620 21.751 22.079 22.516 22.800 22.661 22.180 21.103 20.001 19.276 18.624 17.943 17.335 16.608 15.803 14.795 13.204 9.515 3.909 1.132 0.359 0.233 0.283 0.512 0.714 0.794 0.784 0.705 0.617 0.539 0.463 0.379 0.286 0.204 0.144 0.105 0.084 0.076 0.075 0.073 0.065 0.049 0.027 0.012 0.005 0.002 0.001 0.001 0.001 0.001 0.001 0.001
6.824 6.143 5.503 4.979 4.477 3.952 3.482 3.162 3.013 2.975 2.979 3.055 3.425 4.640 7.270 11.564 17.418 21.753 23.544 23.976 23.736 22.894 21.472 20.267 19.502 19.069 19.142 19.284 19.605 19.849 19.790 19.425 18.485 17.376 16.518 15.593 14.469 13.296 12.258 11.282 10.333 9.310 7.176 2.748 0.517 0.085 0.037 0.037 0.070 0.143 0.203 0.244 0.263 0.258 0.244 0.222 0.189 0.143 0.098 0.066 0.044 0.032 0.027 0.027 0.027 0.025 0.019 0.009 0.004 0.002 0.001 0.001 0.001 0.001 0.001 0.001 0.001
7.830 7.118 6.435 5.888 5.380 4.894 4.464 4.154 4.027 4.024 4.141 4.551 5.520 7.469 10.985 15.091 18.807 20.796 21.378 20.965 20.239 19.058 17.588 16.416 15.664 15.222 15.188 15.172 15.311 15.514 15.535 15.328 14.800 13.891 12.825 11.570 10.108 8.519 7.168 6.003 5.058 4.206 2.953 0.917 0.105 0.010 0.004 0.004 0.006 0.015 0.030 0.046 0.059 0.068 0.071 0.070 0.062 0.048 0.032 0.020 0.012 0.008 0.007 0.006 0.007 0.006 0.005 0.002 0.001 0.001 0.001 0.001 0.001 0.001 0.001 0.001 0.000
8.696 7.953 7.256 6.730 6.289 5.895 5.580 5.384 5.327 5.598 6.375 7.739 9.959 12.164 14.405 16.551 17.733 17.969 17.526 16.549 15.428 14.277 13.115 12.157 11.268 10.532 10.128 9.944 9.968 10.133 10.310 10.296 10.089 9.605 8.886 7.905 6.504 4.783 3.396 2.405 1.748 1.234 0.661 0.133 0.005 0.001 0.001 0.001 0.001 0.001 0.003 0.006 0.010 0.012 0.014 0.014 0.013 0.011 0.007 0.004 0.003 0.002 0.001 0.001 0.001 0.001 0.001 0.001 0.001 0.001 0.001 0.001 0.001 0.001 0.001 0.001 0.001
9.445 8.684 8.012 7.540 7.233 7.033 6.927 7.114 7.687 8.857 10.932 12.557 13.652 14.303 14.815 15.321 15.054 14.312 13.145 11.789 10.547 9.513 8.535 7.562 6.492 5.603 5.097 4.898 4.882 5.020 5.327 5.596 5.704 5.639 5.360 4.721 3.552 2.152 1.202 0.682 0.422 0.249 0.090 0.009 0.000 0.001 0.001 0.001 0.001 0.001 0.001 0.001 0.001 0.002 0.002 0.002 0.002 0.002 0.001 0.001 0.001 0.001 0.001 0.001 0.001 0.001 0.001 0.001 0.001 0.001 0.001 0.001 0.001 0.001 0.001 0.001 0.001
10.065 9.342 8.742 8.350 8.195 8.404 9.148 10.443 12.368 13.842 14.821 15.141 14.838 14.435 13.914 13.235 12.220 10.997 9.516 7.949 6.628 5.580 4.654 3.712 2.754 2.047 1.702 1.596 1.593 1.674 1.894 2.187 2.373 2.446 2.411 2.127 1.437 0.694 0.309 0.150 0.081 0.038 0.010 0.001 0.000 0.001 0.001 0.001 0.001 0.001 0.001 0.001 0.001 0.001 0.001 0.001 0.001 0.001 0.001 0.001 0.001 0.001 0.001 0.001 0.001 0.001 0.001 0.001 0.001 0.001 0.001 0.001 0.001 0.001 0.001 0.001 0.001
10.588 9.933 9.455 9.181 9.117 10.053 13.184 15.473 16.457 16.773 16.436 15.962 15.149 14.192 12.969 11.663 10.223 8.651 6.968 5.365 4.031 3.015 2.196 1.453 0.848 0.501 0.366 0.333 0.330 0.347 0.411 0.529 0.620 0.669 0.682 0.617 0.384 0.157 0.064 0.027 0.013 0.005 0.001 0.001 0.001 0.001 0.001 0.001 0.001 0.001 0.001 0.001 0.001 0.001 0.001 0.001 0.001 0.001 0.001 0.001 0.001 0.001 0.001 0.001 0.001 0.001 0.001 0.001 0.001 0.001 0.001 0.001 0.001 0.001 0.001 0.001 0.001
11.072 10.511 10.186 10.050 10.348 12.530 16.651 18.351 18.331 18.148 17.454 16.523 15.211 13.822 12.242 10.654 9.024 7.331 5.587 4.046 2.812 1.899 1.215 0.691 0.344 0.174 0.106 0.082 0.073 0.071 0.077 0.097 0.114 0.122 0.125 0.121 0.077 0.029 0.011 0.004 0.002 0.001 0.001 0.001 0.001 0.001 0.001 0.001 0.001 0.001 0.001 0.001 0.001 0.001 0.001 0.001 0.001 0.001 0.001 0.001 0.001 0.001 0.001 0.001 0.001 0.001 0.001 0.001 0.001 0.001 0.001 0.001 0.001 0.001 0.001 0.001 0.001
11.555 11.056 10.842 11.079 12.884 16.610 19.295 19.689 19.467 18.920 17.926 16.739 15.134 13.450 11.713 10.044 8.387 6.712 5.052 3.612 2.454 1.573 0.928 0.488 0.235 0.116 0.065 0.043 0.032 0.025 0.022 0.020 0.020 0.020 0.020 0.019 0.013 0.005 0.002 0.001 0.001 0.001 0.001 0.001 0.001 0.001 0.001 0.001 0.001 0.001 0.001 0.001 0.001 0.001 0.001 0.001 0.001 0.001 0.001 0.001 0.001 0.001 0.001 0.001 0.001 0.001 0.001 0.001 0.001 0.001 0.001 0.001 0.001 0.001 0.001 0.001 0.001
12.063 11.616 11.458 12.540 16.668 19.940 20.545 20.333 20.051 19.372 18.222 16.883 15.158 13.284 11.474 9.786 8.153 6.547 4.977 3.577 2.406 1.484 0.820 0.409 0.195 0.099 0.057 0.037 0.026 0.018 0.012 0.008 0.005 0.004 0.003 0.003 0.002 0.001 0.001 0.001 0.001 0.001 0.001 0.001 0.001 0.001 0.001 0.001 0.001 0.001 0.001 0.001 0.001 0.001 0.001 0.001 0.001 0.001 0.001 0.001 0.001 0.001 0.001 0.001 0.001 0.001 0.001 0.001 0.001 0.001 0.001 0.001 0.001 0.001 0.001 0.001 0.001
12.633 12.296 12.409 14.724 19.461 21.244 21.238 20.999 20.414 19.527 18.281 16.856 15.072 13.176 11.474 9.839 8.224 6.643 5.100 3.689 2.447 1.446 0.754 0.359 0.171 0.090 0.054 0.036 0.024 0.016 0.010 0.005 0.003 0.001 0.001 0.001 0.001 0.000 0.000 0.001 0.001 0.001 0.001 0.001 0.001 0.001 0.001 0.001 0.001 0.001 0.001 0.001 0.001 0.001 0.001 0.001 0.001 0.001 0.001 0.001 0.001 0.001 0.001 0.001 0.001 0.001 0.001 0.001 0.001 0.001 0.001 0.001 0.001 0.001 0.001 0.001 0.001
13.279 13.291 14.666 18.280 21.208 21.715 21.536 21.146 20.437 19.458 18.189 16.746 14.953 13.154 11.593 10.050 8.485 6.877 5.267 3.784 2.469 1.406 0.695 0.319 0.153 0.085 0.053 0.036 0.024 0.015 0.008 0.004 0.002 0.001 0.001 0.000 0.000 0.000 0.000 0.000 0.001 0.001 0.001 0.001 0.001 0.001 0.001 0.001 0.001 0.001 0.001 0.001 0.001 0.001 0.001 0.001 0.001 0.001 0.001 0.001 0.001 0.001 0.001 0.001 0.001 0.001 0.001 0.001 0.001 0.001 0.001 0.001 0.001 0.001 0.001 0.001 0.001
13.990 15.246 18.532 21.245 21.890 21.967 21.674 21.191 20.452 19.438 18.184 16.738 14.949 13.196 11.672 10.147 8.578 6.934 5.277 3.766 2.421 1.331 0.630 0.282 0.141 0.083 0.054 0.037 0.024 0.014 0.007 0.003 0.001 0.001 0.000 0.000 0.000 0.000 0.000 0.000 0.000 0.000 0.000 0.000 0.001 0.001 0.001 0.001 0.001 0.001 0.001 0.001 0.001 0.001 0.001 0.001 0.001 0.001 0.001 0.001 0.001 0.001 0.001 0.001 0.001 0.001 0.001 0.001 0.001 0.001 0.001 0.001 0.001 0.001 0.001 0.001 0.001
14.980 18.360 21.479 22.204 22.065 22.115 21.750 21.047 20.211 19.173 17.997 16.666 14.974 13.246 11.705 10.164 8.602 6.913 5.184 3.618 2.246 1.181 0.539 0.243 0.132 0.084 0.057 0.038 0.023 0.013 0.006 0.003 0.001 0.001 0.000 0.000 0.000 0.000 0.000 0.001 0.001 0.001 0.001 0.001 0.001 0.001 0.001 0.001 0.001 0.001 0.001 0.001 0.001 0.001 0.001 0.001 0.001 0.001 0.001 0.001 0.001 0.001 0.001 0.001 0.001 0.001 0.001 0.001 0.001 0.001 0.001 0.001 0.001 0.001 0.001 0.001 0.001
16.768 20.851 22.509 22.581 22.252 22.107 21.589 20.809 19.934 18.847 17.700 16.471 14.908 13.273 11.736 10.125 8.507 6.722 4.877 3.223 1.860 0.918 0.418 0.211 0.129 0.087 0.059 0.038 0.022 0.011 0.005 0.002 0.001 0.001 0.000 0.000 0.000 0.000 0.000 0.000 0.000 0.000 0.000 0.000 0.001 0.001 0.001 0.001 0.001 0.001 0.001 0.001 0.001 0.001 0.001 0.001 0.001 0.001 0.001 0.001 0.001 0.001 0.001 0.001 0.001 0.001 0.001 0.001 0.001 0.001 0.001 0.001 0.001 0.001 0.001 0.001 0.001
20.177 22.597 22.942 22.872 22.476 22.192 21.590 20.797 19.906 18.790 17.543 16.247 14.815 13.317 11.766 10.077 8.332 6.371 4.389 2.698 1.455 0.711 0.354 0.201 0.131 0.089 0.059 0.036 0.019 0.009 0.003 0.001 0.001 0.000 0.000 0.000 0.000 0.000 0.000 0.000 0.001 0.001 0.001 0.001 0.001 0.001 0.001 0.001 0.001 0.001 0.001 0.001 0.001 0.001 0.001 0.001 0.001 0.001 0.001 0.001 0.001 0.001 0.001 0.001 0.001 0.001 0.001 0.001 0.001 0.001 0.000 0.001 0.001 0.001 0.001 0.001 0.001
22.889 23.278 23.238 23.108 22.765 22.272 21.607 20.837 19.952 18.800 17.466 16.137 14.728 13.287 11.739 10.002 8.113 5.987 3.991 2.373 1.264 0.642 0.342 0.203 0.133 0.089 0.057 0.032 0.015 0.006 0.002 0.001 0.000 0.000 0.000 0.000 0.000 0.000 0.000 0.001 0.001 0.001 0.001 0.001 0.001 0.001 0.001 0.001 0.001 0.001 0.001 0.001 0.001 0.001 0.001 0.001 0.001 0.001 0.001 0.001 0.001 0.001 0.001 0.001 0.001 0.001 0.001 0.001 0.001 0.001 0.001 0.000 0.001 0.001 0.001 0.001 0.001
23.835 23.644 23.587 23.336 23.035 22.466 21.717 20.925 20.029 18.804 17.421 16.070 14.657 13.242 11.677 9.882 7.844 5.631 3.692 2.185 1.193 0.633 0.349 0.208 0.132 0.084 0.049 0.024 0.010 0.004 0.001 0.001 0.000 0.000 0.000 0.001 0.000 0.000 0.000 0.001 0.001 0.001 0.001 0.001 0.001 0.001 0.001 0.001 0.001 0.001 0.001 0.001 0.001 0.001 0.001 0.001 0.001 0.001 0.001 0.001 0.001 0.000 0.001 0.001 0.001 0.001 0.001 0.001 0.001 0.001 0.001 0.000 0.000 0.001 0.001 0.001 0.001
23.946 23.715 23.613 23.352 23.122 22.776 22.126 21.235 20.250 18.977 17.570 16.199 14.757 13.297 11.649 9.736 7.534 5.309 3.451 2.059 1.154 0.633 0.355 0.207 0.124 0.071 0.036 0.015 0.006 0.002 0.001 0.001 0.000 0.000 0.000 0.000 0.000 0.000 0.000 0.001 0.001 0.001 0.001 0.001 0.001 0.001 0.001 0.001 0.001 0.001 0.001 0.001 0.001 0.001 0.001 0.001 0.001 0.001 0.001 0.001 0.001 0.000 0.000 0.001 0.001 0.001 0.001 0.001 0.001 0.001 0.001 0.001 0.000 0.000 0.001 0.001 0.001
23.933 23.693 23.637 23.491 23.225 22.899 22.282 21.437 20.418 19.112 17.624 16.161 14.627 13.143 11.441 9.463 7.173 5.006 3.238 1.942 1.107 0.619 0.348 0.195 0.105 0.052 0.022 0.009 0.003 0.001 0.001 0.000 0.000 0.000 0.000 0.000 0.000 0.000 0.000 0.001 0.001 0.001 0.001 0.001 0.001 0.001 0.001 0.001 0.001 0.001 0.001 0.001 0.001 0.001 0.001 0.001 0.001 0.001 0.001 0.001 0.001 0.001 0.000 0.000 0.000 0.001 0.001 0.001 0.001 0.001 0.001 0.001 0.001 0.000 0.000 0.001 0.001
23.944 23.601 23.451 23.254 23.074 22.824 22.204 21.423 20.392 19.032 17.517 16.037 14.467 12.923 11.128 9.033 6.725 4.665 3.002 1.791 1.015 0.564 0.311 0.163 0.078 0.033 0.013 0.004 0.001 0.001 0.000 0.000 0.000 0.000 0.000 0.000 0.000 0.000 0.000 0.001 0.001 0.001 0.001 0.001 0.001 0.001 0.001 0.001 0.001 0.001 0.001 0.001 0.001 0.001 0.001 0.001 0.001 0.001 0.001 0.001 0.001 0.001 0.001 0.000 0.000 0.000 0.001 0.001 0.001 0.001 0.001 0.001 0.001 0.001 0.000 0.001 0.001
23.630 23.253 23.119 22.983 22.790 22.603 22.048 21.393 20.414 19.037 17.412 15.770 14.109 12.392 10.505 8.365 6.161 4.232 2.678 1.553 0.842 0.443 0.226 0.106 0.045 0.017 0.006 0.002 0.001 0.001 0.000 0.000 0.000 0.000 0.000 0.000 0.000 0.000 0.000 0.000 0.000 0.000 0.000 0.000 0.001 0.001 0.001 0.001 0.001 0.001 0.001 0.001 0.001 0.001 0.001 0.001 0.001 0.001 0.001 0.001 0.001 0.001 0.001 0.001 0.000 0.000 0.000 0.001 0.001 0.001 0.001 0.001 0.001 0.001 0.000 0.001 0.001
