RESULTS/r.avaflow_results/14_results/14_ascii/14_hflow30042.asc
ncols 506
nrows 317
xllcenter 498237.50
yllcenter 5580050.00
cellsize 12.50
NODATA_value -9999.000
[rows 170 to 203 of 317, columns 308 to 384 of 506]
0.000 0.000 0.000 0.000 0.000 0.000 0.000 0.000 0.000 0.000 0.000 0.000 0.000 0.000 0.000 0.000 0.000 0.000 0.000 0.000 0.000 0.000 0.000 0.000 0.000 0.000 0.000 0.000 0.000 0.000 0.000 0.000 0.000 0.000 0.000 0.000 0.000 0.000 0.000 0.000 0.000 0.000 0.000 0.000 0.000 0.000 0.000 0.000 0.000 0.000 0.000 0.000 0.000 0.000 0.000 0.000 0.000 0.000 0.000 0.000 0.000 0.000 0.000 0.000 0.000 0.000 0.000 0.000 0.000 0.000 0.000 0.000 0.000 0.000 0.000 0.000 0.000
0.000 0.000 0.000 0.000 0.000 0.000 0.000 0.000 0.000 0.000 0.000 0.000 0.000 0.000 0.000 0.000 0.000 0.000 0.000 0.000 0.000 0.000 0.000 0.000 0.000 0.000 0.000 0.000 0.000 0.000 0.000 0.000 0.000 0.000 0.000 0.000 0.000 0.000 0.000 0.000 0.000 0.000 0.000 0.000 0.000 0.000 0.000 0.000 0.000 0.000 0.000 0.000 0.000 0.000 0.000 0.000 0.000 0.000 0.000 0.000 0.000 0.000 0.000 0.000 0.000 0.000 0.000 0.000 0.000 0.000 0.000 0.000 0.000 0.000 0.000 0.000 0.000
0.000 0.001 0.001 0.001 0.001 0.001 0.001 0.001 0.001 0.001 0.001 0.001 0.001 0.001 0.001 0.001 0.001 0.000 0.000 0.000 0.000 0.000 0.000 0.000 0.000 0.000 0.000 0.000 0.000 0.000 0.000 0.000 0.000 0.000 0.000 0.000 0.000 0.000 0.000 0.000 0.000 0.000 0.000 0.000 0.000 0.000 0.000 0.000 0.000 0.000 0.000 0.000 0.000 0.000 0.000 0.000 0.000 0.000 0.000 0.000 0.000 0.000 0.000 0.000 0.000 0.000 0.000 0.000 0.000 0.000 0.000 0.000 0.000 0.000 0.000 0.000 0.000
0.001 0.002 0.003 0.004 0.004 0.004 0.004 0.004 0.004 0.004 0.004 0.004 0.003 0.003 0.002 0.002 0.002 0.001 0.001 0.001 0.000 0.000 0.000 0.000 0.000 0.000 0.000 0.000 0.000 0.000 0.000 0.000 0.000 0.000 0.000 0.000 0.000 0.000 0.000 0.000 0.000 0.000 0.000 0.000 0.000 0.000 0.000 0.000 0.000 0.000 0.000 0.000 0.000 0.000 0.000 0.000 0.000 0.000 0.000 0.000 0.000 0.000 0.000 0.000 0.000 0.000 0.000 0.000 0.000 0.000 0.000 0.000 0.000 0.000 0.000 0.000 0.000
0.003 0.005 0.007 0.008 0.009 0.009 0.009 0.009 0.008 0.008 0.008 0.007 0.007 0.006 0.005 0.004 0.003 0.003 0.002 0.002 0.001 0.001 0.000 0.000 0.000 0.000 0.000 0.000 0.000 0.000 0.000 0.000 0.000 0.000 0.000 0.000 0.000 0.000 0.000 0.000 0.000 0.000 0.000 0.000 0.000 0.000 0.000 0.000 0.000 0.000 0.000 0.000 0.000 0.000 0.000 0.000 0.000 0.000 0.000 0.000 0.000 0.000 0.000 0.000 0.000 0.000 0.000 0.000 0.000 0.000 0.000 0.000 0.000 0.000 0.000 0.000 0.000
0.006 0.009 0.012 0.015 0.016 0.016 0.016 0.016 0.015 0.014 0.013 0.012 0.011 0.010 0.008 0.007 0.006 0.005 0.004 0.003 0.002 0.002 0.001 0.001 0.001 0.000 0.000 0.000 0.000 0.000 0.000 0.000 0.000 0.000 0.000 0.000 0.000 0.000 0.000 0.000 0.000 0.000 0.000 0.000 0.000 0.000 0.000 0.000 0.000 0.000 0.000 0.000 0.000 0.000 0.000 0.000 0.000 0.000 0.000 0.000 0.000 0.000 0.000 0.000 0.000 0.000 0.000 0.000 0.000 0.000 0.000 0.000 0.000 0.000 0.000 0.000 0.000
0.011 0.015 0.021 0.026 0.029 0.029 0.029 0.028 0.026 0.025 0.022 0.020 0.018 0.015 0.013 0.011 0.009 0.007 0.006 0.005 0.004 0.003 0.003 0.002 0.001 0.001 0.001 0.000 0.000 0.000 0.000 0.000 0.000 0.000 0.000 0.000 0.000 0.000 0.000 0.000 0.000 0.000 0.000 0.000 0.000 0.000 0.000 0.000 0.000 0.000 0.000 0.000 0.000 0.000 0.000 0.000 0.000 0.000 0.000 0.000 0.000 0.000 0.000 0.000 0.000 0.000 0.000 0.000 0.000 0.000 0.000 0.000 0.000 0.000 0.000 0.000 0.000
0.018 0.025 0.037 0.052 0.058 0.060 0.059 0.057 0.053 0.047 0.040 0.034 0.029 0.024 0.019 0.016 0.013 0.011 0.009 0.008 0.006 0.005 0.004 0.004 0.003 0.002 0.002 0.002 0.001 0.001 0.001 0.001 0.000 0.000 0.000 0.000 0.000 0.000 0.000 0.000 0.000 0.000 0.000 0.000 0.000 0.000 0.000 0.000 0.000 0.000 0.000 0.000 0.000 0.000 0.000 0.000 0.000 0.000 0.000 0.000 0.000 0.000 0.000 0.000 0.000 0.000 0.000 0.000 0.000 0.000 0.000 0.000 0.000 0.000 0.000 0.000 0.000
0.033 0.048 0.077 0.120 0.143 0.149 0.148 0.143 0.130 0.111 0.086 0.066 0.051 0.039 0.030 0.024 0.019 0.016 0.013 0.011 0.009 0.008 0.007 0.006 0.005 0.004 0.004 0.003 0.003 0.002 0.002 0.002 0.002 0.001 0.001 0.001 0.000 0.000 0.000 0.000 0.000 0.000 0.000 0.000 0.000 0.000 0.000 0.000 0.000 0.000 0.000 0.000 0.000 0.000 0.000 0.000 0.000 0.000 0.000 0.000 0.000 0.000 0.000 0.000 0.000 0.000 0.000 0.000 0.000 0.000 0.000 0.000 0.000 0.000 0.000 0.000 0.000
0.070 0.110 0.186 0.305 0.388 0.417 0.417 0.404 0.369 0.309 0.226 0.155 0.107 0.074 0.053 0.039 0.030 0.024 0.019 0.016 0.013 0.011 0.009 0.008 0.008 0.007 0.006 0.006 0.005 0.005 0.004 0.004 0.003 0.003 0.002 0.002 0.001 0.001 0.001 0.001 0.001 0.001 0.001 0.000 0.000 0.000 0.000 0.000 0.000 0.000 0.000 0.000 0.000 0.000 0.000 0.000 0.000 0.000 0.000 0.000 0.000 0.000 0.000 0.000 0.000 0.000 0.000 0.000 0.000 0.000 0.000 0.000 0.000 0.000 0.000 0.000 0.000
0.172 0.274 0.450 0.720 0.945 1.065 1.101 1.090 1.024 0.876 0.647 0.417 0.261 0.164 0.107 0.073 0.053 0.040 0.030 0.023 0.018 0.015 0.013 0.012 0.011 0.010 0.010 0.009 0.009 0.008 0.008 0.007 0.006 0.005 0.005 0.004 0.003 0.003 0.003 0.003 0.002 0.002 0.002 0.001 0.001 0.001 0.000 0.000 0.000 0.000 0.000 0.000 0.000 0.000 0.000 0.000 0.000 0.000 0.000 0.000 0.000 0.000 0.000 0.000 0.000 0.000 0.000 0.000 0.000 0.000 0.000 0.000 0.000 0.000 0.000 0.000 0.000
0.433 0.643 0.966 1.437 1.845 2.107 2.233 2.258 2.196 1.979 1.574 1.061 0.646 0.387 0.236 0.152 0.104 0.072 0.052 0.037 0.028 0.022 0.018 0.016 0.015 0.015 0.014 0.014 0.014 0.013 0.012 0.011 0.010 0.009 0.008 0.007 0.006 0.006 0.006 0.005 0.005 0.005 0.004 0.004 0.003 0.002 0.001 0.001 0.000 0.000 0.000 0.000 0.000 0.000 0.000 0.000 0.000 0.000 0.000 0.000 0.000 0.000 0.000 0.000 0.000 0.000 0.000 0.000 0.000 0.000 0.000 0.000 0.000 0.000 0.000 0.000 0.000
1.006 1.348 1.800 2.304 2.661 2.881 3.018 3.073 3.055 2.899 2.518 1.912 1.278 0.809 0.501 0.316 0.207 0.139 0.094 0.064 0.045 0.033 0.027 0.024 0.022 0.022 0.022 0.021 0.021 0.020 0.019 0.017 0.015 0.013 0.012 0.011 0.010 0.010 0.009 0.009 0.008 0.008 0.007 0.007 0.006 0.004 0.003 0.002 0.001 0.001 0.001 0.000 0.000 0.000 0.000 0.000 0.000 0.000 0.000 0.000 0.000 0.000 0.000 0.000 0.000 0.000 0.000 0.000 0.000 0.000 0.000 0.000 0.000 0.000 0.000 0.000 0.000
2.044 2.444 2.770 2.988 3.112 3.186 3.268 3.333 3.336 3.235 2.927 2.380 1.726 1.221 0.851 0.580 0.390 0.262 0.177 0.119 0.080 0.056 0.043 0.038 0.036 0.035 0.035 0.036 0.036 0.034 0.030 0.025 0.022 0.019 0.017 0.016 0.016 0.015 0.015 0.014 0.014 0.013 0.012 0.011 0.009 0.008 0.006 0.004 0.003 0.002 0.002 0.001 0.001 0.000 0.000 0.000 0.000 0.000 0.000 0.000 0.000 0.000 0.000 0.000 0.000 0.000 0.000 0.000 0.000 0.000 0.000 0.000 0.000 0.000 0.000 0.000 0.000
3.106 3.369 3.449 3.396 3.269 3.211 3.238 3.283 3.290 3.215 2.963 2.495 1.908 1.453 1.113 0.850 0.639 0.465 0.329 0.227 0.154 0.106 0.081 0.070 0.067 0.068 0.072 0.073 0.072 0.066 0.054 0.042 0.035 0.030 0.027 0.025 0.023 0.023 0.022 0.022 0.022 0.022 0.020 0.018 0.015 0.012 0.010 0.008 0.006 0.005 0.003 0.003 0.002 0.001 0.001 0.001 0.000 0.000 0.000 0.000 0.000 0.000 0.000 0.000 0.000 0.000 0.000 0.000 0.000 0.000 0.000 0.000 0.000 0.000 0.000 0.000 0.000
3.583 3.776 3.745 3.542 3.245 3.066 2.983 2.954 2.936 2.878 2.712 2.387 1.931 1.545 1.261 1.037 0.855 0.702 0.559 0.421 0.303 0.218 0.171 0.154 0.152 0.165 0.184 0.189 0.184 0.162 0.121 0.087 0.067 0.055 0.047 0.041 0.038 0.037 0.037 0.038 0.038 0.038 0.036 0.031 0.024 0.019 0.015 0.012 0.010 0.008 0.006 0.005 0.004 0.003 0.002 0.002 0.001 0.001 0.001 0.000 0.000 0.000 0.000 0.000 0.000 0.000 0.000 0.000 0.000 0.000 0.000 0.000 0.000 0.000 0.000 0.000 0.000
3.594 3.777 3.722 3.449 3.009 2.640 2.404 2.267 2.190 2.143 2.092 2.001 1.809 1.550 1.323 1.144 0.990 0.860 0.751 0.650 0.543 0.441 0.378 0.359 0.376 0.445 0.522 0.539 0.519 0.445 0.331 0.230 0.166 0.127 0.102 0.085 0.076 0.072 0.072 0.073 0.076 0.076 0.072 0.059 0.042 0.031 0.024 0.019 0.015 0.012 0.010 0.008 0.007 0.006 0.005 0.004 0.003 0.003 0.002 0.002 0.001 0.001 0.000 0.000 0.000 0.000 0.000 0.000 0.000 0.000 0.000 0.000 0.000 0.000 0.000 0.000 0.000
3.138 3.282 3.219 2.927 2.410 1.879 1.521 1.325 1.242 1.222 1.249 1.356 1.467 1.435 1.322 1.186 1.055 0.943 0.861 0.803 0.753 0.711 0.691 0.707 0.784 0.960 1.159 1.239 1.215 1.092 0.880 0.654 0.476 0.352 0.271 0.217 0.185 0.170 0.168 0.170 0.176 0.178 0.167 0.129 0.084 0.057 0.042 0.031 0.024 0.019 0.015 0.013 0.011 0.009 0.008 0.007 0.007 0.006 0.005 0.004 0.003 0.002 0.001 0.000 0.000 0.000 0.000 0.000 0.000 0.000 0.000 0.000 0.000 0.000 0.000 0.000 0.000
2.004 2.049 2.008 1.823 1.434 1.015 0.771 0.651 0.610 0.611 0.651 0.769 0.983 1.163 1.219 1.168 1.071 0.974 0.912 0.880 0.867 0.868 0.891 0.950 1.075 1.299 1.586 1.772 1.825 1.775 1.634 1.414 1.154 0.912 0.720 0.578 0.489 0.445 0.432 0.435 0.445 0.443 0.404 0.303 0.186 0.117 0.079 0.056 0.041 0.031 0.025 0.020 0.017 0.015 0.013 0.012 0.011 0.010 0.009 0.007 0.005 0.004 0.002 0.001 0.001 0.000 0.000 0.000 0.000 0.000 0.000 0.000 0.000 0.000 0.000 0.000 0.000
0.895 0.865 0.846 0.796 0.658 0.472 0.358 0.307 0.293 0.298 0.329 0.413 0.580 0.816 0.995 1.061 1.037 0.974 0.922 0.900 0.899 0.915 0.957 1.033 1.168 1.384 1.679 1.924 2.051 2.076 2.030 1.910 1.718 1.500 1.317 1.167 1.056 0.996 0.981 0.997 1.013 1.001 0.910 0.699 0.435 0.266 0.171 0.115 0.080 0.057 0.042 0.032 0.026 0.022 0.020 0.019 0.018 0.017 0.015 0.013 0.010 0.007 0.004 0.003 0.001 0.001 0.000 0.000 0.000 0.000 0.000 0.000 0.000 0.000 0.000 0.000 0.000
0.413 0.360 0.336 0.316 0.279 0.218 0.178 0.161 0.158 0.161 0.180 0.232 0.344 0.529 0.736 0.876 0.932 0.926 0.899 0.880 0.877 0.892 0.938 1.018 1.142 1.333 1.599 1.869 2.042 2.110 2.104 2.034 1.888 1.728 1.614 1.523 1.457 1.434 1.454 1.512 1.540 1.531 1.449 1.247 0.925 0.613 0.397 0.259 0.171 0.115 0.078 0.056 0.043 0.036 0.032 0.030 0.028 0.027 0.025 0.022 0.017 0.012 0.008 0.005 0.003 0.002 0.001 0.000 0.000 0.000 0.000 0.000 0.000 0.000 0.000 0.000 0.000
0.241 0.189 0.163 0.148 0.134 0.117 0.105 0.101 0.101 0.104 0.117 0.152 0.228 0.360 0.534 0.679 0.775 0.814 0.816 0.801 0.789 0.795 0.836 0.909 1.008 1.143 1.337 1.596 1.826 1.949 1.978 1.942 1.832 1.721 1.659 1.611 1.582 1.581 1.630 1.722 1.758 1.750 1.690 1.559 1.358 1.104 0.840 0.582 0.375 0.241 0.157 0.106 0.076 0.060 0.053 0.049 0.047 0.046 0.043 0.039 0.030 0.020 0.013 0.009 0.005 0.003 0.002 0.001 0.000 0.000 0.000 0.000 0.000 0.000 0.000 0.000 0.000
0.175 0.131 0.107 0.093 0.084 0.079 0.076 0.075 0.076 0.080 0.092 0.120 0.177 0.272 0.404 0.525 0.612 0.660 0.674 0.664 0.638 0.632 0.651 0.698 0.761 0.832 0.928 1.095 1.326 1.507 1.583 1.591 1.549 1.513 1.512 1.517 1.524 1.546 1.621 1.732 1.780 1.777 1.736 1.653 1.536 1.390 1.211 0.992 0.730 0.481 0.309 0.203 0.140 0.108 0.094 0.088 0.085 0.082 0.078 0.070 0.053 0.034 0.022 0.014 0.009 0.006 0.003 0.002 0.001 0.000 0.000 0.000 0.000 0.000 0.000 0.000 0.000
0.143 0.109 0.087 0.075 0.068 0.066 0.065 0.065 0.067 0.072 0.084 0.109 0.153 0.223 0.317 0.412 0.480 0.515 0.523 0.515 0.487 0.468 0.467 0.483 0.516 0.549 0.585 0.644 0.758 0.891 0.977 1.018 1.035 1.053 1.094 1.155 1.222 1.299 1.420 1.560 1.643 1.675 1.676 1.639 1.568 1.474 1.360 1.218 1.035 0.799 0.557 0.374 0.262 0.204 0.178 0.168 0.162 0.156 0.147 0.130 0.100 0.063 0.039 0.024 0.016 0.010 0.006 0.003 0.002 0.001 0.000 0.000 0.000 0.000 0.000 0.000 0.000
0.121 0.097 0.080 0.069 0.064 0.062 0.061 0.062 0.064 0.070 0.084 0.107 0.142 0.191 0.253 0.323 0.378 0.406 0.412 0.408 0.387 0.360 0.349 0.351 0.363 0.376 0.385 0.398 0.428 0.487 0.536 0.562 0.575 0.587 0.611 0.658 0.730 0.830 0.969 1.132 1.271 1.373 1.450 1.499 1.502 1.458 1.387 1.304 1.205 1.069 0.873 0.652 0.480 0.382 0.333 0.313 0.303 0.293 0.276 0.246 0.194 0.124 0.072 0.043 0.027 0.017 0.010 0.006 0.003 0.002 0.001 0.000 0.000 0.000 0.000 0.000 0.000
0.104 0.089 0.077 0.069 0.064 0.061 0.061 0.062 0.065 0.072 0.087 0.109 0.138 0.171 0.209 0.254 0.300 0.329 0.338 0.336 0.324 0.300 0.283 0.279 0.280 0.283 0.283 0.279 0.280 0.293 0.309 0.316 0.320 0.325 0.336 0.358 0.397 0.455 0.539 0.649 0.768 0.891 1.022 1.154 1.265 1.329 1.344 1.325 1.291 1.234 1.138 0.985 0.801 0.644 0.548 0.499 0.479 0.473 0.465 0.436 0.366 0.257 0.149 0.084 0.049 0.029 0.017 0.010 0.006 0.004 0.002 0.001 0.000 0.000 0.000 0.000 0.000
0.092 0.083 0.076 0.070 0.066 0.064 0.064 0.066 0.071 0.081 0.097 0.116 0.139 0.162 0.185 0.211 0.244 0.275 0.290 0.292 0.287 0.272 0.253 0.244 0.242 0.240 0.237 0.229 0.223 0.220 0.220 0.218 0.215 0.213 0.215 0.222 0.236 0.263 0.305 0.365 0.439 0.521 0.613 0.728 0.878 1.059 1.217 1.297 1.324 1.318 1.286 1.205 1.058 0.868 0.720 0.636 0.600 0.595 0.607 0.625 0.598 0.497 0.328 0.178 0.096 0.054 0.031 0.018 0.010 0.006 0.004 0.002 0.001 0.001 0.000 0.000 0.000
0.083 0.080 0.077 0.075 0.073 0.073 0.077 0.084 0.094 0.106 0.120 0.134 0.148 0.163 0.178 0.194 0.215 0.242 0.263 0.271 0.270 0.262 0.244 0.233 0.229 0.226 0.222 0.214 0.207 0.203 0.199 0.195 0.189 0.182 0.176 0.171 0.173 0.181 0.198 0.227 0.266 0.316 0.382 0.475 0.616 0.830 1.077 1.243 1.326 1.352 1.351 1.311 1.202 1.014 0.834 0.725 0.673 0.661 0.676 0.729 0.761 0.733 0.599 0.376 0.198 0.105 0.057 0.031 0.018 0.010 0.006 0.004 0.003 0.002 0.001 0.001 0.000
0.078 0.078 0.080 0.083 0.088 0.098 0.116 0.135 0.151 0.163 0.170 0.175 0.176 0.177 0.183 0.192 0.206 0.225 0.249 0.264 0.267 0.262 0.246 0.234 0.230 0.227 0.222 0.215 0.210 0.207 0.205 0.201 0.194 0.185 0.171 0.160 0.154 0.152 0.157 0.168 0.187 0.219 0.273 0.363 0.508 0.729 0.999 1.198 1.312 1.359 1.366 1.344 1.258 1.088 0.900 0.775 0.710 0.689 0.699 0.759 0.830 0.844 0.789 0.621 0.388 0.209 0.110 0.057 0.030 0.017 0.010 0.007 0.005 0.004 0.003 0.002 0.001
0.075 0.077 0.083 0.095 0.115 0.153 0.211 0.253 0.273 0.279 0.275 0.262 0.241 0.220 0.208 0.205 0.211 0.223 0.244 0.267 0.277 0.277 0.268 0.257 0.252 0.247 0.243 0.240 0.241 0.245 0.247 0.244 0.236 0.219 0.191 0.166 0.152 0.146 0.144 0.147 0.157 0.182 0.234 0.330 0.482 0.701 0.959 1.157 1.283 1.341 1.352 1.334 1.259 1.107 0.924 0.797 0.722 0.694 0.698 0.747 0.832 0.866 0.851 0.759 0.567 0.345 0.194 0.103 0.053 0.028 0.017 0.011 0.008 0.007 0.005 0.005 0.004
0.075 0.079 0.089 0.111 0.156 0.244 0.374 0.458 0.487 0.486 0.465 0.426 0.373 0.315 0.271 0.246 0.237 0.239 0.253 0.285 0.323 0.342 0.347 0.344 0.339 0.335 0.332 0.335 0.350 0.369 0.375 0.372 0.357 0.321 0.261 0.202 0.167 0.149 0.143 0.143 0.150 0.174 0.227 0.327 0.482 0.693 0.920 1.096 1.208 1.259 1.266 1.245 1.184 1.070 0.918 0.798 0.719 0.676 0.666 0.689 0.763 0.825 0.834 0.784 0.644 0.425 0.248 0.140 0.077 0.043 0.026 0.018 0.014 0.011 0.010 0.009 0.007
0.077 0.084 0.099 0.131 0.196 0.321 0.504 0.635 0.690 0.696 0.676 0.632 0.566 0.479 0.392 0.332 0.303 0.296 0.308 0.366 0.461 0.525 0.558 0.569 0.569 0.565 0.563 0.572 0.607 0.645 0.656 0.646 0.607 0.532 0.413 0.289 0.209 0.167 0.150 0.146 0.152 0.175 0.230 0.331 0.484 0.677 0.851 0.974 1.044 1.067 1.058 1.025 0.982 0.927 0.847 0.760 0.683 0.620 0.583 0.578 0.610 0.671 0.714 0.712 0.632 0.448 0.265 0.155 0.093 0.058 0.037 0.027 0.021 0.018 0.016 0.015 0.013
0.087 0.099 0.119 0.156 0.227 0.357 0.548 0.704 0.783 0.803 0.794 0.761 0.703 0.621 0.534 0.467 0.427 0.421 0.469 0.610 0.784 0.892 0.940 0.955 0.949 0.936 0.932 0.944 0.993 1.040 1.045 1.011 0.927 0.794 0.617 0.427 0.287 0.206 0.170 0.160 0.163 0.184 0.238 0.334 0.475 0.621 0.719 0.765 0.775 0.758 0.729 0.696 0.678 0.674 0.668 0.639 0.588 0.519 0.452 0.417 0.411 0.434 0.481 0.512 0.503 0.406 0.254 0.153 0.097 0.066 0.048 0.038 0.032 0.028 0.027 0.025 0.024
0.112 0.131 0.155 0.192 0.254 0.363 0.534 0.696 0.791 0.826 0.827 0.807 0.757 0.681 0.617 0.582 0.575 0.618 0.760 1.002 1.186 1.257 1.269 1.254 1.216 1.181 1.170 1.183 1.241 1.291 1.293 1.239 1.117 0.943 0.738 0.543 0.382 0.268 0.207 0.186 0.186 0.203 0.250 0.333 0.434 0.502 0.524 0.513 0.485 0.450 0.427 0.416 0.415 0.422 0.432 0.434 0.418 0.370 0.310 0.276 0.265 0.268 0.284 0.300 0.302 0.275 0.197 0.131 0.092 0.069 0.057 0.049 0.045 0.044 0.043 0.042 0.041
