RESULTS/r.avaflow_results/14_results/14_ascii/14_hflow0032.asc
ncols 506
nrows 317
xllcenter 498237.50
yllcenter 5580050.00
cellsize 12.50
NODATA_value -9999.000
[rows 170 to 203 of 317, columns 231 to 307 of 506]
0.312 0.195 0.130 0.095 0.076 0.068 0.065 0.066 0.075 0.104 0.137 0.149 0.148 0.136 0.105 0.065 0.041 0.029 0.022 0.017 0.015 0.013 0.012 0.011 0.010 0.009 0.008 0.007 0.006 0.005 0.004 0.004 0.003 0.002 0.001 0.001 0.000 0.000 0.000 0.000 0.000 0.000 0.000 0.000 0.000 0.000 0.000 0.000 0.000 0.000 0.000 0.000 0.000 0.000 0.000 0.000 0.000 0.000 0.000 0.000 0.000 0.000 0.000 0.000 0.000 0.000 0.000 0.000 0.000 0.000 0.000 0.000 0.000 0.000 0.000 0.000 0.000
0.483 0.290 0.183 0.125 0.097 0.087 0.086 0.093 0.126 0.211 0.304 0.336 0.331 0.294 0.213 0.120 0.066 0.040 0.027 0.021 0.017 0.015 0.013 0.012 0.011 0.010 0.009 0.008 0.007 0.007 0.006 0.005 0.004 0.003 0.002 0.001 0.001 0.000 0.000 0.000 0.000 0.000 0.000 0.000 0.000 0.000 0.000 0.000 0.000 0.000 0.000 0.000 0.000 0.000 0.000 0.000 0.000 0.000 0.000 0.000 0.000 0.000 0.000 0.000 0.000 0.000 0.000 0.000 0.000 0.000 0.000 0.000 0.000 0.000 0.000 0.000 0.000
0.781 0.449 0.268 0.172 0.126 0.111 0.111 0.129 0.204 0.386 0.582 0.654 0.643 0.566 0.407 0.221 0.111 0.060 0.036 0.025 0.020 0.017 0.015 0.014 0.013 0.012 0.011 0.010 0.009 0.008 0.007 0.006 0.005 0.004 0.003 0.002 0.002 0.001 0.000 0.000 0.000 0.000 0.000 0.000 0.000 0.000 0.000 0.000 0.000 0.000 0.000 0.000 0.000 0.000 0.000 0.000 0.000 0.000 0.000 0.000 0.000 0.000 0.000 0.000 0.000 0.000 0.000 0.000 0.000 0.000 0.000 0.000 0.000 0.000 0.000 0.000 0.000
1.142 0.716 0.412 0.249 0.170 0.142 0.140 0.165 0.267 0.517 0.801 0.912 0.905 0.817 0.630 0.371 0.184 0.091 0.050 0.031 0.023 0.019 0.017 0.015 0.014 0.013 0.012 0.011 0.010 0.010 0.009 0.008 0.007 0.006 0.004 0.003 0.002 0.002 0.001 0.000 0.000 0.000 0.000 0.000 0.000 0.000 0.000 0.000 0.000 0.000 0.000 0.000 0.000 0.000 0.000 0.000 0.000 0.000 0.000 0.000 0.000 0.000 0.000 0.000 0.000 0.000 0.000 0.000 0.000 0.000 0.000 0.000 0.000 0.000 0.000 0.000 0.000
1.394 1.047 0.658 0.382 0.240 0.183 0.175 0.199 0.306 0.572 0.882 1.008 1.006 0.927 0.759 0.507 0.277 0.140 0.072 0.042 0.028 0.022 0.019 0.017 0.015 0.014 0.013 0.013 0.012 0.011 0.010 0.009 0.008 0.007 0.006 0.004 0.003 0.002 0.002 0.001 0.000 0.000 0.000 0.000 0.000 0.000 0.000 0.000 0.000 0.000 0.000 0.000 0.000 0.000 0.000 0.000 0.000 0.000 0.000 0.000 0.000 0.000 0.000 0.000 0.000 0.000 0.000 0.000 0.000 0.000 0.000 0.000 0.000 0.000 0.000 0.000 0.001
1.484 1.288 0.966 0.601 0.353 0.245 0.220 0.237 0.337 0.587 0.879 1.002 1.003 0.935 0.796 0.598 0.381 0.216 0.114 0.061 0.037 0.026 0.021 0.019 0.017 0.016 0.015 0.014 0.013 0.013 0.012 0.011 0.010 0.008 0.007 0.005 0.004 0.003 0.002 0.002 0.001 0.001 0.000 0.000 0.000 0.000 0.000 0.000 0.000 0.000 0.000 0.000 0.000 0.000 0.000 0.000 0.000 0.000 0.000 0.000 0.000 0.000 0.000 0.000 0.000 0.000 0.000 0.000 0.000 0.000 0.000 0.000 0.000 0.000 0.000 0.001 0.002
1.482 1.372 1.171 0.845 0.519 0.337 0.281 0.288 0.374 0.588 0.819 0.915 0.921 0.876 0.778 0.647 0.492 0.334 0.194 0.102 0.056 0.035 0.026 0.022 0.019 0.018 0.016 0.016 0.015 0.014 0.014 0.012 0.011 0.009 0.008 0.007 0.005 0.004 0.003 0.002 0.002 0.001 0.001 0.000 0.000 0.000 0.000 0.000 0.000 0.000 0.000 0.000 0.000 0.000 0.000 0.000 0.000 0.000 0.000 0.000 0.000 0.000 0.000 0.000 0.000 0.000 0.000 0.000 0.000 0.000 0.000 0.000 0.000 0.001 0.002 0.003 0.005
1.417 1.367 1.238 1.017 0.709 0.469 0.371 0.365 0.427 0.583 0.713 0.756 0.759 0.746 0.715 0.664 0.590 0.480 0.328 0.184 0.097 0.054 0.036 0.027 0.022 0.020 0.018 0.017 0.017 0.016 0.015 0.014 0.012 0.011 0.009 0.008 0.007 0.005 0.004 0.003 0.002 0.002 0.001 0.001 0.000 0.000 0.000 0.000 0.000 0.000 0.000 0.000 0.000 0.000 0.000 0.000 0.000 0.000 0.000 0.000 0.000 0.000 0.000 0.000 0.000 0.000 0.000 0.000 0.000 0.000 0.000 0.001 0.001 0.002 0.004 0.006 0.010
1.292 1.299 1.238 1.103 0.889 0.645 0.507 0.479 0.512 0.606 0.663 0.669 0.663 0.661 0.666 0.675 0.663 0.617 0.502 0.331 0.185 0.099 0.057 0.038 0.029 0.024 0.021 0.020 0.019 0.018 0.017 0.015 0.013 0.012 0.010 0.009 0.008 0.007 0.005 0.004 0.004 0.003 0.002 0.001 0.001 0.000 0.000 0.000 0.000 0.000 0.000 0.000 0.000 0.000 0.000 0.000 0.000 0.000 0.000 0.000 0.000 0.000 0.000 0.000 0.000 0.000 0.000 0.000 0.000 0.001 0.001 0.002 0.004 0.006 0.009 0.012 0.018
1.113 1.183 1.186 1.128 1.004 0.825 0.693 0.641 0.638 0.660 0.664 0.651 0.643 0.645 0.660 0.699 0.741 0.746 0.691 0.550 0.362 0.205 0.111 0.065 0.043 0.032 0.026 0.023 0.021 0.020 0.018 0.016 0.014 0.013 0.012 0.010 0.009 0.008 0.007 0.006 0.005 0.004 0.003 0.002 0.002 0.001 0.001 0.000 0.000 0.000 0.000 0.000 0.000 0.000 0.000 0.000 0.000 0.000 0.000 0.000 0.000 0.001 0.001 0.001 0.001 0.001 0.001 0.001 0.001 0.002 0.004 0.005 0.008 0.011 0.016 0.023 0.036
0.916 1.042 1.099 1.097 1.041 0.935 0.838 0.790 0.770 0.748 0.706 0.668 0.657 0.660 0.685 0.750 0.847 0.906 0.908 0.835 0.660 0.431 0.243 0.134 0.079 0.051 0.037 0.029 0.025 0.022 0.020 0.018 0.016 0.014 0.013 0.011 0.010 0.009 0.008 0.007 0.006 0.005 0.004 0.003 0.003 0.002 0.002 0.001 0.001 0.001 0.000 0.000 0.000 0.000 0.000 0.000 0.000 0.000 0.001 0.001 0.002 0.002 0.002 0.002 0.002 0.003 0.003 0.003 0.004 0.005 0.007 0.010 0.014 0.020 0.029 0.047 0.079
0.744 0.889 0.989 1.028 1.021 0.971 0.909 0.877 0.860 0.841 0.789 0.731 0.714 0.719 0.757 0.848 1.004 1.147 1.205 1.190 1.069 0.823 0.532 0.312 0.178 0.103 0.065 0.045 0.034 0.027 0.023 0.020 0.017 0.016 0.014 0.013 0.012 0.010 0.009 0.008 0.008 0.007 0.006 0.005 0.004 0.004 0.003 0.002 0.002 0.002 0.001 0.001 0.001 0.001 0.001 0.001 0.001 0.001 0.002 0.003 0.003 0.004 0.004 0.004 0.005 0.005 0.006 0.007 0.008 0.010 0.013 0.017 0.025 0.037 0.060 0.103 0.182
0.604 0.734 0.848 0.928 0.961 0.955 0.928 0.914 0.913 0.916 0.891 0.845 0.831 0.843 0.897 1.018 1.231 1.484 1.623 1.645 1.577 1.374 1.047 0.701 0.436 0.257 0.149 0.089 0.058 0.040 0.029 0.023 0.020 0.018 0.016 0.015 0.013 0.012 0.011 0.010 0.009 0.008 0.008 0.007 0.006 0.005 0.005 0.004 0.004 0.003 0.003 0.003 0.002 0.002 0.002 0.002 0.003 0.003 0.004 0.005 0.006 0.006 0.007 0.008 0.008 0.009 0.010 0.011 0.014 0.017 0.022 0.032 0.048 0.077 0.131 0.231 0.416
0.505 0.617 0.727 0.814 0.870 0.898 0.913 0.926 0.948 0.983 1.014 1.026 1.043 1.077 1.148 1.288 1.532 1.858 2.079 2.167 2.160 2.048 1.786 1.402 1.002 0.663 0.404 0.231 0.130 0.074 0.045 0.031 0.024 0.020 0.018 0.017 0.015 0.014 0.013 0.012 0.011 0.010 0.010 0.009 0.008 0.008 0.007 0.007 0.006 0.006 0.005 0.005 0.005 0.005 0.005 0.005 0.005 0.006 0.007 0.008 0.009 0.010 0.011 0.012 0.013 0.014 0.016 0.018 0.023 0.030 0.042 0.065 0.104 0.171 0.288 0.506 0.922
0.453 0.552 0.662 0.754 0.815 0.860 0.898 0.937 0.993 1.090 1.237 1.371 1.458 1.521 1.593 1.708 1.909 2.194 2.428 2.584 2.668 2.683 2.595 2.350 1.941 1.475 1.022 0.622 0.337 0.170 0.086 0.049 0.033 0.025 0.022 0.020 0.018 0.016 0.015 0.014 0.013 0.012 0.012 0.011 0.011 0.010 0.010 0.009 0.009 0.008 0.008 0.008 0.008 0.008 0.008 0.008 0.008 0.009 0.010 0.012 0.013 0.015 0.016 0.018 0.019 0.021 0.025 0.031 0.041 0.059 0.091 0.147 0.235 0.374 0.600 1.010 1.640
0.438 0.531 0.642 0.741 0.809 0.863 0.919 1.003 1.152 1.401 1.750 2.043 2.210 2.284 2.311 2.325 2.394 2.535 2.710 2.891 3.069 3.189 3.228 3.166 2.976 2.610 2.068 1.409 0.786 0.384 0.179 0.089 0.052 0.036 0.028 0.024 0.022 0.020 0.018 0.017 0.016 0.015 0.014 0.014 0.014 0.013 0.013 0.012 0.012 0.011 0.011 0.011 0.011 0.011 0.011 0.012 0.012 0.013 0.015 0.017 0.020 0.023 0.025 0.028 0.031 0.036 0.044 0.059 0.087 0.136 0.215 0.338 0.516 0.763 1.101 1.534 2.033
0.449 0.542 0.654 0.767 0.861 0.952 1.083 1.314 1.685 2.191 2.728 3.113 3.305 3.345 3.255 3.060 2.933 2.912 2.985 3.151 3.380 3.586 3.720 3.782 3.758 3.600 3.207 2.483 1.502 0.749 0.352 0.172 0.092 0.057 0.041 0.032 0.027 0.024 0.022 0.021 0.019 0.019 0.018 0.018 0.017 0.017 0.016 0.016 0.015 0.015 0.015 0.015 0.015 0.015 0.015 0.016 0.018 0.020 0.023 0.027 0.032 0.038 0.045 0.051 0.058 0.070 0.094 0.137 0.212 0.327 0.497 0.739 1.023 1.300 1.547 1.800 2.090
0.522 0.633 0.765 0.913 1.072 1.270 1.598 2.139 2.862 3.550 4.036 4.270 4.311 4.211 3.971 3.624 3.383 3.281 3.285 3.406 3.641 3.926 4.170 4.329 4.385 4.332 4.045 3.382 2.286 1.237 0.620 0.314 0.168 0.099 0.064 0.047 0.037 0.032 0.029 0.027 0.025 0.024 0.023 0.023 0.022 0.021 0.020 0.020 0.019 0.019 0.019 0.019 0.019 0.019 0.021 0.023 0.027 0.032 0.039 0.049 0.063 0.079 0.095 0.110 0.130 0.165 0.227 0.337 0.508 0.743 1.046 1.363 1.583 1.702 1.781 1.869 1.973
0.711 0.889 1.084 1.304 1.576 1.963 2.606 3.545 4.374 4.824 4.991 4.999 4.888 4.673 4.357 4.009 3.762 3.633 3.608 3.675 3.890 4.263 4.636 4.864 4.944 4.908 4.642 4.000 2.924 1.762 0.982 0.536 0.298 0.174 0.109 0.074 0.055 0.046 0.041 0.038 0.036 0.034 0.033 0.032 0.030 0.028 0.026 0.025 0.025 0.024 0.024 0.024 0.024 0.026 0.030 0.037 0.048 0.063 0.083 0.110 0.146 0.184 0.221 0.260 0.311 0.394 0.540 0.785 1.115 1.444 1.701 1.848 1.903 1.896 1.858 1.813 1.703
0.886 1.188 1.524 1.902 2.354 2.962 3.820 4.729 5.293 5.473 5.439 5.294 5.084 4.831 4.517 4.252 4.068 3.954 3.922 3.965 4.184 4.673 5.178 5.424 5.478 5.390 5.057 4.387 3.359 2.266 1.438 0.870 0.516 0.310 0.194 0.128 0.092 0.076 0.069 0.067 0.065 0.062 0.060 0.056 0.050 0.042 0.037 0.034 0.033 0.032 0.032 0.032 0.034 0.040 0.052 0.074 0.103 0.143 0.196 0.267 0.346 0.422 0.498 0.583 0.700 0.880 1.159 1.519 1.825 1.998 2.070 2.079 2.037 1.952 1.836 1.664 1.367
0.916 1.280 1.710 2.216 2.835 3.632 4.561 5.271 5.610 5.651 5.546 5.337 5.103 4.851 4.575 4.391 4.292 4.237 4.228 4.319 4.638 5.296 5.868 6.064 6.032 5.808 5.328 4.555 3.583 2.704 1.983 1.372 0.894 0.565 0.359 0.238 0.175 0.149 0.142 0.147 0.152 0.150 0.143 0.128 0.103 0.079 0.062 0.053 0.048 0.047 0.047 0.049 0.057 0.076 0.114 0.170 0.241 0.333 0.461 0.619 0.768 0.897 1.014 1.132 1.271 1.472 1.756 2.011 2.153 2.202 2.200 2.161 2.068 1.918 1.710 1.428 1.068
0.820 1.209 1.680 2.247 2.953 3.871 4.796 5.389 5.622 5.628 5.514 5.310 5.088 4.844 4.602 4.474 4.439 4.470 4.577 4.820 5.331 6.047 6.486 6.586 6.484 6.136 5.490 4.570 3.682 3.008 2.455 1.946 1.461 1.026 0.691 0.477 0.370 0.338 0.344 0.396 0.432 0.432 0.405 0.345 0.256 0.179 0.127 0.097 0.083 0.079 0.080 0.089 0.117 0.178 0.278 0.405 0.549 0.734 0.997 1.250 1.412 1.472 1.470 1.491 1.555 1.710 1.949 2.120 2.199 2.222 2.215 2.165 2.021 1.774 1.455 1.134 0.842
0.550 0.919 1.412 2.031 2.805 3.791 4.720 5.292 5.495 5.490 5.395 5.235 5.054 4.830 4.616 4.526 4.532 4.646 4.908 5.307 5.890 6.492 6.793 6.844 6.725 6.320 5.555 4.528 3.718 3.154 2.703 2.290 1.900 1.538 1.212 0.953 0.814 0.788 0.864 1.037 1.131 1.135 1.062 0.894 0.653 0.437 0.290 0.205 0.169 0.161 0.166 0.197 0.281 0.442 0.672 0.911 1.158 1.444 1.721 1.850 1.840 1.728 1.597 1.549 1.573 1.690 1.895 2.053 2.126 2.150 2.145 2.069 1.854 1.504 1.138 0.873 0.691
0.248 0.474 0.865 1.457 2.257 3.280 4.268 4.904 5.177 5.229 5.196 5.117 4.999 4.811 4.619 4.553 4.588 4.773 5.118 5.577 6.121 6.595 6.838 6.876 6.762 6.346 5.509 4.426 3.666 3.161 2.755 2.396 2.078 1.808 1.602 1.469 1.424 1.490 1.740 2.073 2.224 2.233 2.119 1.844 1.434 0.987 0.650 0.457 0.380 0.369 0.392 0.481 0.683 1.051 1.470 1.796 2.023 2.163 2.214 2.144 1.979 1.756 1.575 1.474 1.447 1.495 1.625 1.778 1.869 1.899 1.884 1.775 1.519 1.144 0.845 0.672 0.569
0.097 0.185 0.365 0.709 1.310 2.220 3.265 4.104 4.607 4.846 4.939 4.954 4.909 4.772 4.605 4.555 4.616 4.838 5.191 5.628 6.067 6.399 6.573 6.600 6.472 6.027 5.145 4.060 3.344 2.919 2.610 2.332 2.075 1.867 1.749 1.720 1.766 1.933 2.329 2.745 2.911 2.918 2.817 2.571 2.187 1.699 1.257 0.961 0.845 0.837 0.911 1.123 1.505 1.975 2.329 2.510 2.571 2.534 2.414 2.217 1.969 1.693 1.454 1.266 1.143 1.092 1.119 1.218 1.316 1.348 1.327 1.225 1.030 0.784 0.612 0.510 0.459
0.043 0.071 0.130 0.262 0.536 1.038 1.827 2.787 3.648 4.214 4.542 4.690 4.720 4.656 4.545 4.521 4.610 4.841 5.136 5.395 5.556 5.604 5.602 5.538 5.332 4.849 4.008 3.076 2.484 2.188 2.035 1.922 1.819 1.742 1.721 1.754 1.851 2.074 2.521 2.947 3.117 3.124 3.040 2.840 2.515 2.126 1.819 1.635 1.577 1.629 1.802 2.042 2.291 2.495 2.640 2.718 2.724 2.634 2.429 2.156 1.835 1.507 1.220 0.996 0.844 0.748 0.700 0.689 0.708 0.717 0.712 0.681 0.615 0.518 0.435 0.384 0.362
0.024 0.033 0.052 0.090 0.177 0.369 0.738 1.337 2.179 3.069 3.745 4.115 4.274 4.326 4.330 4.368 4.487 4.646 4.731 4.610 4.327 3.993 3.699 3.444 3.140 2.705 2.093 1.533 1.221 1.095 1.071 1.101 1.168 1.276 1.415 1.563 1.738 2.004 2.455 2.854 3.021 3.037 2.976 2.818 2.547 2.267 2.121 2.083 2.132 2.258 2.399 2.490 2.527 2.551 2.609 2.663 2.669 2.560 2.284 1.918 1.554 1.241 1.007 0.837 0.707 0.601 0.511 0.441 0.399 0.381 0.375 0.370 0.359 0.334 0.305 0.287 0.280
0.015 0.020 0.026 0.038 0.063 0.115 0.232 0.469 0.893 1.559 2.338 2.983 3.379 3.616 3.779 3.896 3.970 3.929 3.654 3.066 2.423 1.967 1.668 1.444 1.240 1.020 0.758 0.552 0.448 0.419 0.424 0.453 0.519 0.630 0.801 1.026 1.291 1.618 2.042 2.373 2.530 2.571 2.555 2.486 2.352 2.225 2.187 2.239 2.350 2.453 2.506 2.501 2.433 2.329 2.288 2.300 2.292 2.154 1.837 1.487 1.227 1.041 0.892 0.761 0.640 0.523 0.412 0.316 0.252 0.221 0.211 0.211 0.213 0.214 0.213 0.214 0.216
0.011 0.013 0.017 0.021 0.029 0.044 0.073 0.135 0.271 0.547 0.992 1.519 2.018 2.432 2.713 2.833 2.792 2.517 1.984 1.377 0.961 0.718 0.575 0.478 0.397 0.316 0.235 0.179 0.154 0.149 0.154 0.170 0.203 0.261 0.351 0.481 0.661 0.917 1.228 1.444 1.566 1.632 1.677 1.732 1.803 1.904 2.039 2.178 2.291 2.338 2.310 2.196 1.955 1.657 1.485 1.433 1.406 1.309 1.132 1.008 0.942 0.880 0.800 0.700 0.585 0.458 0.337 0.238 0.174 0.143 0.133 0.133 0.137 0.145 0.154 0.163 0.171
0.008 0.009 0.012 0.014 0.018 0.023 0.032 0.048 0.081 0.157 0.316 0.568 0.887 1.185 1.372 1.418 1.355 1.128 0.770 0.473 0.311 0.230 0.188 0.161 0.137 0.113 0.090 0.075 0.069 0.068 0.070 0.076 0.089 0.111 0.147 0.202 0.280 0.394 0.532 0.627 0.689 0.739 0.793 0.869 1.001 1.226 1.538 1.746 1.816 1.793 1.666 1.416 1.060 0.770 0.648 0.623 0.626 0.633 0.640 0.679 0.713 0.720 0.694 0.628 0.524 0.392 0.271 0.182 0.129 0.105 0.099 0.099 0.102 0.111 0.122 0.132 0.143
0.005 0.006 0.008 0.010 0.012 0.015 0.019 0.024 0.034 0.053 0.096 0.178 0.310 0.447 0.523 0.537 0.504 0.404 0.254 0.155 0.108 0.086 0.076 0.070 0.065 0.059 0.052 0.047 0.045 0.044 0.045 0.048 0.053 0.061 0.074 0.092 0.118 0.156 0.206 0.244 0.274 0.301 0.332 0.375 0.444 0.570 0.783 0.900 0.909 0.864 0.766 0.620 0.441 0.322 0.277 0.272 0.285 0.321 0.385 0.469 0.527 0.551 0.551 0.518 0.438 0.318 0.211 0.141 0.104 0.089 0.085 0.086 0.090 0.097 0.106 0.117 0.128
0.003 0.004 0.005 0.007 0.009 0.011 0.013 0.016 0.020 0.026 0.038 0.062 0.105 0.151 0.174 0.177 0.168 0.139 0.091 0.062 0.050 0.044 0.043 0.042 0.043 0.042 0.041 0.038 0.038 0.038 0.038 0.040 0.042 0.045 0.049 0.054 0.062 0.074 0.090 0.104 0.117 0.130 0.143 0.161 0.187 0.233 0.307 0.336 0.336 0.325 0.297 0.252 0.190 0.149 0.136 0.137 0.151 0.189 0.259 0.337 0.382 0.399 0.397 0.377 0.324 0.239 0.162 0.114 0.090 0.082 0.082 0.083 0.087 0.093 0.101 0.111 0.124
0.002 0.003 0.003 0.005 0.006 0.007 0.009 0.011 0.013 0.017 0.021 0.029 0.043 0.058 0.064 0.065 0.063 0.056 0.042 0.034 0.031 0.030 0.030 0.032 0.035 0.036 0.036 0.035 0.035 0.035 0.036 0.037 0.038 0.038 0.039 0.041 0.043 0.047 0.051 0.056 0.061 0.067 0.073 0.081 0.091 0.106 0.125 0.131 0.132 0.130 0.124 0.114 0.098 0.087 0.085 0.088 0.103 0.137 0.198 0.253 0.279 0.286 0.284 0.270 0.235 0.178 0.128 0.098 0.085 0.081 0.082 0.083 0.087 0.092 0.100 0.110 0.126
0.001 0.001 0.002 0.003 0.004 0.005 0.006 0.008 0.010 0.012 0.014 0.018 0.024 0.028 0.031 0.031 0.031 0.030 0.026 0.024 0.023 0.023 0.024 0.026 0.029 0.031 0.032 0.033 0.033 0.034 0.034 0.035 0.035 0.035 0.035 0.035 0.036 0.037 0.038 0.039 0.041 0.044 0.048 0.052 0.056 0.062 0.066 0.067 0.067 0.067 0.066 0.066 0.066 0.067 0.069 0.075 0.088 0.119 0.168 0.203 0.215 0.216 0.213 0.203 0.179 0.140 0.109 0.092 0.085 0.083 0.083 0.086 0.089 0.094 0.102 0.117 0.145
