RESULTS/r.avaflow_results/14_results/14_ascii/14_hflow10003.asc
ncols 506
nrows 317
xllcenter 498237.50
yllcenter 5580050.00
cellsize 12.50
NODATA_value -9999.000
[rows 238 to 271 of 317, columns 77 to 153 of 506]
48.059 48.318 49.346 50.630 52.174 54.051 55.253 55.229 55.589 55.167 54.115 53.551 52.966 51.834 50.660 49.136 47.287 45.818 44.266 42.816 42.737 42.136 41.734 41.532 41.105 40.224 39.011 37.485 35.678 33.563 31.104 28.518 26.188 24.312 22.940 22.368 22.386 22.906 23.826 24.633 24.945 24.945 24.464 23.058 20.470 18.687 17.924 17.840 18.480 20.327 23.149 23.869 20.766 15.655 13.679 12.961 12.206 11.204 9.993 8.704 7.317 5.659 3.649 1.948 0.931 0.418 0.186 0.085 0.042 0.024 0.016 0.012 0.011 0.010 0.008 0.007 0.004
47.983 47.892 48.551 49.375 50.660 52.609 54.003 54.249 54.596 53.949 52.872 51.973 50.902 49.810 48.709 47.398 45.543 44.004 42.874 41.773 41.782 41.444 41.345 41.508 41.594 41.199 40.150 38.481 36.437 34.133 31.559 28.912 26.667 24.932 23.853 23.558 23.875 24.743 25.526 25.925 25.965 25.642 24.505 22.178 18.836 16.351 15.119 14.929 15.598 17.791 21.970 24.834 24.364 19.924 16.007 14.095 12.656 11.208 9.732 8.199 6.502 4.470 2.498 1.199 0.524 0.226 0.105 0.054 0.030 0.020 0.014 0.012 0.011 0.010 0.009 0.007 0.004
47.087 46.739 47.075 47.511 48.503 50.449 51.840 52.148 52.658 52.196 51.166 49.947 48.822 47.093 45.864 44.736 43.358 42.272 41.826 41.052 40.883 40.452 40.533 41.242 41.966 42.158 41.684 40.271 38.171 35.796 33.141 30.361 28.080 26.439 25.599 25.534 26.256 27.549 28.261 28.335 27.972 26.734 24.493 21.159 17.401 14.808 13.622 13.440 14.049 16.122 20.513 24.847 25.846 23.226 17.813 14.579 12.539 10.779 9.077 7.365 5.491 3.399 1.720 0.755 0.312 0.135 0.067 0.038 0.024 0.017 0.014 0.012 0.011 0.010 0.009 0.006 0.004
45.779 45.435 45.648 45.959 46.683 48.295 49.565 49.880 50.375 49.876 48.919 47.496 46.368 44.781 43.697 42.662 41.538 40.803 40.476 39.951 39.548 39.535 40.136 41.136 42.180 42.716 42.725 42.097 40.737 38.866 36.386 33.297 30.614 28.885 28.085 28.059 28.868 30.109 30.562 30.146 29.181 27.034 23.941 19.760 16.071 14.001 13.100 12.942 13.510 15.249 19.055 24.064 26.368 25.302 19.827 14.866 12.096 10.060 8.280 6.469 4.493 2.583 1.231 0.512 0.204 0.090 0.048 0.029 0.020 0.015 0.013 0.012 0.011 0.010 0.009 0.006 0.004
43.761 43.611 43.874 44.038 44.423 45.638 46.577 46.695 46.936 46.597 45.838 44.778 43.665 42.131 40.988 40.325 39.597 39.550 39.283 39.167 38.929 39.108 39.812 41.025 42.374 43.173 43.333 43.085 42.429 41.296 39.469 36.853 33.966 31.663 30.330 30.022 30.569 31.283 31.355 30.516 28.943 26.085 22.292 18.323 15.493 13.977 13.174 13.039 13.629 15.186 18.283 22.975 26.051 26.238 21.966 15.409 12.010 9.721 7.665 5.651 3.671 2.015 0.939 0.380 0.149 0.069 0.038 0.023 0.017 0.014 0.013 0.012 0.012 0.011 0.009 0.006 0.004
40.869 40.946 41.405 41.667 42.047 43.075 43.856 43.937 43.957 43.798 43.048 42.044 40.719 39.246 38.174 37.922 37.736 38.172 38.310 38.435 38.341 38.763 39.737 41.139 42.596 43.392 43.594 43.288 42.889 42.034 40.907 39.353 37.113 34.335 32.227 31.444 31.548 31.532 31.069 29.751 27.299 23.903 20.242 17.334 15.479 14.455 13.878 13.837 14.458 15.779 18.098 21.945 25.658 26.751 23.679 16.625 12.301 9.498 7.074 4.890 3.025 1.634 0.761 0.306 0.124 0.059 0.032 0.020 0.015 0.013 0.013 0.013 0.012 0.011 0.009 0.006 0.005
38.251 38.470 38.838 39.047 39.478 40.164 40.786 40.838 40.881 40.681 39.663 38.341 36.948 35.859 35.379 35.759 36.297 36.967 37.617 38.104 38.415 39.037 40.149 41.634 42.821 43.414 43.580 43.067 42.663 41.831 40.996 40.225 38.979 36.733 34.190 32.834 32.412 31.557 30.171 27.959 25.055 21.748 18.768 16.792 15.744 15.207 14.993 15.251 16.088 17.270 18.696 21.255 24.939 26.760 25.106 18.836 12.871 9.203 6.414 4.197 2.513 1.363 0.649 0.268 0.114 0.055 0.029 0.018 0.014 0.012 0.013 0.013 0.013 0.012 0.010 0.007 0.006
35.521 35.647 36.034 36.245 36.531 36.851 37.468 37.539 37.426 36.741 35.189 33.678 32.740 32.355 32.797 33.693 34.695 35.828 37.050 38.093 39.080 40.279 41.342 42.479 42.942 43.293 43.092 42.267 41.524 40.873 40.306 40.149 39.500 38.267 36.199 34.508 33.236 31.384 29.215 26.053 23.007 20.126 17.923 16.613 15.933 15.632 15.674 16.275 17.417 18.637 19.752 21.384 24.255 26.413 26.156 21.224 13.534 8.802 5.712 3.569 2.104 1.155 0.570 0.251 0.112 0.053 0.028 0.018 0.013 0.012 0.012 0.013 0.013 0.012 0.011 0.009 0.008
32.803 32.789 33.095 33.125 33.095 33.217 33.560 33.212 32.310 30.877 29.400 28.670 28.794 29.357 30.588 32.061 33.404 34.685 36.127 37.683 39.099 40.575 41.590 42.555 42.552 42.717 41.994 40.743 39.786 39.311 39.099 39.451 39.321 38.843 37.550 35.776 33.720 30.905 27.954 24.509 21.722 19.403 17.804 16.801 16.226 16.033 16.189 16.914 18.048 19.028 20.015 21.353 23.604 25.656 26.035 22.331 14.098 8.291 5.004 3.016 1.764 0.976 0.501 0.239 0.111 0.053 0.028 0.018 0.014 0.012 0.012 0.013 0.013 0.013 0.012 0.011 0.011
30.120 30.034 30.213 30.087 29.807 29.474 29.124 28.171 26.786 25.740 25.236 25.183 25.911 27.169 28.790 30.272 31.585 32.969 34.576 36.498 38.551 40.249 41.202 41.936 41.630 41.531 40.508 38.974 38.420 38.103 38.113 38.667 39.002 38.921 38.057 36.239 33.726 30.328 26.955 23.894 21.535 19.698 18.573 17.697 17.053 16.780 16.865 17.342 18.132 18.739 19.258 20.230 21.987 23.619 24.095 21.824 14.306 7.540 4.292 2.554 1.483 0.818 0.434 0.224 0.110 0.055 0.031 0.020 0.016 0.014 0.014 0.014 0.015 0.015 0.015 0.015 0.015
27.331 27.339 27.469 27.195 26.698 25.853 24.793 23.820 23.142 22.919 22.840 22.883 23.623 25.026 26.836 28.444 29.748 30.938 32.229 34.025 36.477 38.511 39.802 40.548 40.193 39.905 38.712 37.192 36.811 36.736 37.086 38.135 38.754 38.721 37.955 36.061 33.266 29.567 26.476 24.104 22.413 21.421 20.723 19.849 18.851 18.177 17.871 17.772 17.782 17.627 17.486 17.953 19.124 20.135 20.459 19.522 13.594 6.722 3.722 2.177 1.245 0.685 0.371 0.201 0.108 0.060 0.037 0.026 0.020 0.018 0.017 0.017 0.018 0.020 0.021 0.021 0.020
24.324 24.483 24.659 24.373 23.902 22.893 21.724 20.799 20.528 20.635 20.719 20.810 21.375 22.752 24.728 26.534 27.791 28.815 29.964 31.559 33.914 36.217 37.624 38.337 38.145 37.699 36.527 35.567 35.270 35.380 35.859 37.269 38.179 38.252 37.405 35.323 32.351 28.757 26.223 24.595 23.757 23.561 23.340 22.830 21.786 20.570 19.477 18.558 17.750 16.689 15.570 15.332 15.700 16.258 16.591 16.115 12.388 6.439 3.339 1.855 1.036 0.570 0.314 0.176 0.102 0.063 0.044 0.034 0.028 0.025 0.023 0.024 0.026 0.030 0.031 0.031 0.029
21.054 21.545 21.801 21.552 21.106 20.239 19.368 18.686 18.489 18.660 18.856 18.820 18.664 19.243 21.008 23.500 25.199 26.189 27.009 28.149 30.158 33.079 35.033 35.924 35.855 35.071 33.784 33.030 32.812 33.427 34.377 36.143 37.170 37.273 36.491 34.604 31.790 28.416 26.131 24.806 24.390 24.451 24.546 24.452 24.027 23.147 21.790 20.149 18.396 16.313 13.997 12.829 12.654 13.070 13.772 13.791 11.797 6.709 3.092 1.582 0.854 0.467 0.260 0.152 0.094 0.063 0.048 0.040 0.036 0.034 0.034 0.036 0.041 0.045 0.045 0.043 0.039
17.186 18.420 18.871 18.851 18.605 18.062 17.555 17.182 16.955 16.937 17.010 16.921 16.391 16.432 17.844 20.228 21.543 22.072 22.314 22.692 24.073 27.327 30.336 31.616 31.704 31.089 30.448 30.278 30.362 31.176 32.498 34.621 35.816 36.128 35.760 34.257 31.694 28.532 26.320 25.052 24.662 24.617 24.680 24.678 24.567 24.114 23.086 21.412 19.133 16.168 12.644 10.471 9.887 10.179 11.190 11.633 10.854 7.081 2.987 1.357 0.691 0.372 0.209 0.127 0.085 0.062 0.049 0.042 0.040 0.040 0.041 0.044 0.050 0.053 0.053 0.050 0.044
10.937 14.304 15.619 16.123 16.220 16.031 15.814 15.584 15.240 14.955 14.892 14.889 14.668 14.972 16.599 18.551 19.219 19.129 18.530 18.172 18.554 20.115 22.494 23.995 24.433 24.592 25.202 26.224 27.327 28.822 30.556 32.735 34.174 34.638 34.814 33.965 32.035 29.279 27.152 25.623 24.784 24.336 24.194 24.215 24.204 23.995 23.203 21.666 19.297 15.958 11.571 8.466 7.365 7.501 8.576 9.272 9.074 6.867 2.963 1.147 0.536 0.279 0.158 0.101 0.073 0.056 0.046 0.041 0.040 0.040 0.041 0.045 0.051 0.053 0.054 0.051 0.046
4.472 8.316 11.557 13.058 13.611 13.721 13.623 13.288 12.632 12.170 12.133 12.492 13.177 14.248 15.963 17.295 17.601 17.296 16.314 15.638 15.587 15.900 16.538 17.209 17.777 18.727 20.275 22.413 24.615 26.906 28.949 30.945 32.603 33.589 34.138 33.875 32.824 30.794 28.715 26.532 24.686 23.365 22.694 22.601 22.640 22.655 22.203 21.118 18.919 15.433 10.620 6.891 5.246 5.048 5.719 6.434 6.572 5.725 2.850 0.930 0.372 0.176 0.100 0.070 0.056 0.046 0.040 0.036 0.036 0.036 0.037 0.040 0.044 0.047 0.049 0.048 0.046
1.333 3.132 6.251 8.989 10.207 10.469 10.348 9.656 8.651 8.250 8.552 9.883 12.032 13.953 15.480 16.267 16.360 15.924 14.853 14.058 13.833 13.823 13.898 14.188 14.717 15.835 17.605 20.072 22.758 25.293 27.402 29.435 31.254 32.658 33.465 33.816 33.386 31.974 29.969 27.149 24.155 21.784 20.436 20.110 20.125 20.278 20.121 19.373 17.440 14.161 9.492 5.663 3.648 2.985 3.033 3.318 3.460 3.362 2.085 0.635 0.186 0.080 0.053 0.044 0.039 0.035 0.032 0.029 0.029 0.028 0.029 0.029 0.031 0.033 0.036 0.038 0.039
0.367 0.862 2.204 4.360 5.768 6.095 5.875 5.061 4.233 4.095 4.844 7.243 10.909 13.556 14.913 15.333 15.250 14.694 13.814 13.218 12.939 12.839 12.835 12.969 13.398 14.410 16.146 18.662 21.715 24.519 26.788 28.848 30.863 32.450 33.475 34.025 33.792 32.548 30.522 27.279 23.239 19.860 18.081 17.645 17.632 17.689 17.470 16.768 15.060 12.127 8.018 4.602 2.538 1.567 1.301 1.286 1.311 1.273 0.848 0.223 0.057 0.033 0.029 0.028 0.028 0.027 0.026 0.025 0.024 0.024 0.023 0.022 0.022 0.022 0.022 0.024 0.027
0.094 0.209 0.548 1.431 2.306 2.556 2.446 1.952 1.514 1.477 2.087 4.468 8.855 12.313 13.855 14.279 14.202 13.779 13.274 12.977 12.779 12.648 12.626 12.711 13.077 13.988 15.661 18.187 21.545 24.599 27.037 29.064 31.088 32.661 33.880 34.384 34.152 32.765 30.678 27.028 22.236 18.141 15.993 15.488 15.575 15.660 15.341 14.407 12.600 9.852 6.360 3.531 1.688 0.778 0.479 0.417 0.402 0.372 0.223 0.052 0.022 0.019 0.019 0.020 0.021 0.022 0.022 0.021 0.021 0.020 0.020 0.019 0.017 0.017 0.016 0.016 0.017
0.021 0.046 0.111 0.317 0.643 0.779 0.754 0.564 0.396 0.382 0.634 1.878 5.274 9.542 11.891 12.825 13.083 13.074 12.994 12.958 12.913 12.832 12.756 12.794 13.096 13.933 15.518 18.044 21.521 24.993 27.819 30.011 31.938 33.308 34.281 34.570 34.232 32.709 30.482 26.566 21.559 17.117 14.525 13.804 13.826 13.829 13.395 12.276 10.362 7.703 4.686 2.368 0.967 0.369 0.193 0.150 0.128 0.104 0.057 0.024 0.017 0.016 0.015 0.016 0.017 0.018 0.018 0.018 0.017 0.017 0.017 0.016 0.014 0.013 0.012 0.012 0.011
0.004 0.009 0.020 0.052 0.127 0.169 0.171 0.125 0.078 0.074 0.144 0.629 2.398 6.079 9.293 11.088 12.009 12.514 12.803 12.982 13.090 13.101 12.974 12.894 13.084 13.796 15.208 17.596 20.980 24.798 28.119 30.728 32.819 33.933 34.456 34.539 34.013 32.329 30.036 26.203 21.331 16.899 13.964 12.784 12.452 12.133 11.401 10.031 7.998 5.327 2.828 1.228 0.468 0.199 0.124 0.095 0.073 0.053 0.035 0.023 0.018 0.015 0.014 0.014 0.014 0.015 0.015 0.014 0.014 0.014 0.013 0.012 0.011 0.010 0.009 0.008 0.007
0.001 0.002 0.003 0.007 0.019 0.027 0.028 0.022 0.013 0.014 0.036 0.221 1.153 3.753 7.332 9.751 11.181 12.057 12.579 12.881 13.013 13.023 12.894 12.646 12.566 12.924 13.858 15.711 18.748 22.821 27.236 30.641 32.986 34.132 34.488 34.437 33.801 32.107 29.924 26.218 21.499 17.146 14.086 12.450 11.500 10.525 9.217 7.372 5.019 2.745 1.282 0.546 0.263 0.168 0.124 0.095 0.072 0.052 0.036 0.026 0.019 0.016 0.014 0.013 0.013 0.012 0.012 0.011 0.011 0.010 0.010 0.009 0.008 0.007 0.007 0.006 0.005
0.001 0.001 0.001 0.001 0.002 0.003 0.004 0.003 0.003 0.005 0.018 0.106 0.644 2.430 5.832 8.807 10.593 11.651 12.208 12.464 12.511 12.445 12.216 11.636 10.967 10.740 11.047 12.286 14.903 18.969 24.391 29.378 32.498 34.012 34.420 34.395 33.726 32.156 30.063 26.600 22.321 18.035 14.782 12.534 10.704 8.739 6.474 4.185 2.286 1.121 0.563 0.339 0.245 0.193 0.157 0.123 0.090 0.062 0.042 0.030 0.022 0.017 0.014 0.013 0.012 0.011 0.010 0.009 0.009 0.008 0.007 0.007 0.006 0.005 0.005 0.004 0.004
0.001 0.001 0.001 0.001 0.001 0.001 0.001 0.001 0.001 0.003 0.013 0.072 0.420 1.740 4.667 8.046 10.137 11.249 11.732 11.852 11.760 11.469 10.867 9.722 8.547 8.093 8.235 9.142 11.318 14.985 20.395 26.739 31.136 33.424 34.065 34.183 33.484 32.211 30.143 27.009 23.476 19.506 15.963 12.814 9.763 6.532 3.716 1.911 0.968 0.558 0.409 0.341 0.298 0.271 0.234 0.178 0.121 0.077 0.049 0.033 0.024 0.018 0.015 0.013 0.011 0.010 0.008 0.008 0.007 0.006 0.006 0.005 0.005 0.004 0.004 0.003 0.003
0.001 0.001 0.001 0.001 0.001 0.001 0.001 0.001 0.001 0.002 0.009 0.052 0.292 1.302 3.752 7.287 9.689 10.841 11.240 11.260 11.024 10.355 9.133 7.463 6.282 5.905 6.049 6.891 8.841 12.247 17.389 24.057 29.176 32.138 33.301 33.604 33.043 31.953 29.912 27.085 24.024 20.385 16.597 12.630 8.352 4.420 1.954 0.928 0.591 0.476 0.430 0.409 0.396 0.360 0.292 0.205 0.132 0.081 0.051 0.035 0.026 0.020 0.016 0.014 0.012 0.010 0.008 0.007 0.006 0.005 0.005 0.004 0.004 0.004 0.003 0.003 0.002
0.001 0.001 0.001 0.001 0.001 0.000 0.000 0.001 0.001 0.001 0.004 0.031 0.188 0.923 2.930 6.312 8.926 10.124 10.439 10.378 9.970 8.977 7.245 5.337 4.273 4.005 4.265 5.329 7.465 10.936 16.094 22.799 27.883 30.846 32.303 32.709 32.407 31.288 29.392 26.903 24.073 20.490 16.453 11.626 6.482 2.793 1.154 0.694 0.566 0.517 0.504 0.489 0.454 0.391 0.302 0.205 0.131 0.081 0.052 0.036 0.027 0.021 0.018 0.015 0.013 0.011 0.008 0.007 0.006 0.005 0.004 0.004 0.004 0.003 0.003 0.003 0.002
0.000 0.001 0.001 0.001 0.001 0.001 0.000 0.000 0.000 0.001 0.001 0.013 0.096 0.549 2.034 4.835 7.274 8.377 8.589 8.473 7.994 6.947 5.146 3.379 2.537 2.393 2.782 4.098 6.612 10.528 16.133 22.880 27.708 30.349 31.434 31.728 31.497 30.454 28.684 26.353 23.524 19.727 14.905 9.162 4.305 1.769 0.954 0.723 0.640 0.603 0.564 0.518 0.459 0.382 0.282 0.187 0.119 0.075 0.050 0.035 0.026 0.021 0.018 0.016 0.014 0.012 0.009 0.007 0.006 0.005 0.004 0.004 0.004 0.003 0.003 0.003 0.002
0.000 0.000 0.001 0.001 0.001 0.001 0.001 0.000 0.000 0.000 0.001 0.004 0.034 0.226 0.997 2.701 4.355 5.125 5.283 5.201 4.862 4.135 2.899 1.751 1.254 1.195 1.566 2.896 5.630 9.972 16.110 23.041 27.661 29.837 30.418 30.474 30.126 29.103 27.460 25.028 21.774 17.190 10.784 5.388 2.536 1.417 1.024 0.856 0.748 0.655 0.576 0.501 0.419 0.323 0.221 0.141 0.089 0.059 0.042 0.031 0.024 0.020 0.018 0.016 0.015 0.013 0.011 0.008 0.006 0.005 0.004 0.004 0.004 0.003 0.003 0.003 0.002
0.000 0.000 0.000 0.001 0.001 0.001 0.001 0.000 0.000 0.000 0.001 0.001 0.007 0.061 0.331 1.020 1.734 2.094 2.212 2.214 2.109 1.819 1.263 0.731 0.520 0.501 0.698 1.599 3.926 8.132 14.427 21.818 26.518 28.263 28.525 28.332 27.802 26.580 24.778 22.148 18.205 11.877 5.962 3.062 1.923 1.423 1.143 0.942 0.778 0.646 0.530 0.418 0.309 0.209 0.133 0.084 0.055 0.038 0.029 0.023 0.019 0.017 0.016 0.015 0.014 0.013 0.012 0.010 0.008 0.006 0.005 0.005 0.004 0.004 0.003 0.003 0.003
0.000 0.000 0.000 0.000 0.001 0.001 0.001 0.001 0.000 0.000 0.000 0.001 0.001 0.009 0.073 0.275 0.506 0.638 0.707 0.729 0.714 0.630 0.443 0.265 0.204 0.199 0.256 0.582 1.677 4.444 9.812 17.405 22.752 24.529 24.636 24.241 23.564 22.404 20.412 17.152 11.961 6.415 3.485 2.313 1.779 1.438 1.167 0.930 0.725 0.548 0.397 0.272 0.180 0.116 0.073 0.047 0.033 0.025 0.020 0.017 0.015 0.014 0.014 0.013 0.013 0.013 0.012 0.011 0.009 0.008 0.007 0.006 0.005 0.004 0.004 0.004 0.003
0.000 0.000 0.000 0.000 0.000 0.001 0.001 0.001 0.001 0.000 0.000 0.001 0.001 0.001 0.009 0.052 0.110 0.146 0.174 0.190 0.192 0.176 0.132 0.099 0.094 0.098 0.109 0.176 0.458 1.365 3.867 9.360 15.263 17.980 18.533 18.221 17.589 16.211 13.260 9.582 6.043 3.632 2.486 1.968 1.642 1.359 1.068 0.792 0.554 0.369 0.241 0.157 0.101 0.063 0.039 0.026 0.019 0.016 0.013 0.012 0.011 0.011 0.011 0.011 0.012 0.012 0.012 0.011 0.010 0.009 0.008 0.007 0.006 0.005 0.005 0.004 0.004
0.000 0.000 0.000 0.000 0.000 0.000 0.001 0.001 0.001 0.001 0.000 0.001 0.001 0.001 0.001 0.006 0.018 0.026 0.034 0.040 0.042 0.041 0.038 0.045 0.062 0.074 0.078 0.086 0.125 0.283 0.835 2.451 5.133 7.317 8.777 9.406 9.229 8.214 6.280 4.536 3.406 2.552 2.001 1.665 1.381 1.082 0.780 0.527 0.345 0.227 0.148 0.095 0.059 0.036 0.022 0.015 0.012 0.010 0.009 0.008 0.008 0.008 0.009 0.009 0.010 0.011 0.011 0.010 0.010 0.009 0.008 0.007 0.007 0.006 0.005 0.004 0.004
0.000 0.000 0.000 0.000 0.000 0.000 0.000 0.001 0.001 0.001 0.001 0.001 0.001 0.001 0.001 0.001 0.002 0.004 0.005 0.007 0.008 0.010 0.014 0.027 0.054 0.073 0.078 0.079 0.079 0.086 0.136 0.328 0.779 1.426 2.152 2.838 3.288 3.410 3.118 2.816 2.515 2.093 1.643 1.288 0.972 0.694 0.477 0.322 0.217 0.146 0.097 0.062 0.038 0.022 0.014 0.009 0.007 0.006 0.006 0.006 0.006 0.006 0.006 0.007 0.008 0.009 0.009 0.009 0.009 0.009 0.008 0.008 0.007 0.006 0.005 0.005 0.004
0.000 0.000 0.000 0.000 0.000 0.000 0.000 0.000 0.000 0.001 0.000 0.001 0.001 0.001 0.001 0.001 0.001 0.001 0.001 0.001 0.002 0.003 0.008 0.023 0.055 0.083 0.092 0.092 0.087 0.072 0.059 0.063 0.103 0.205 0.412 0.781 1.317 1.806 2.043 2.094 2.010 1.735 1.285 0.897 0.620 0.427 0.294 0.204 0.143 0.100 0.068 0.044 0.027 0.016 0.010 0.007 0.005 0.004 0.004 0.004 0.004 0.004 0.004 0.005 0.006 0.006 0.007 0.007 0.007 0.007 0.007 0.007 0.006 0.006 0.005 0.005 0.004
