RESULTS/r.avaflow_results/14_results/14_ascii/14_hflow0004.asc
ncols 506
nrows 317
xllcenter 498237.50
yllcenter 5580050.00
cellsize 12.50
NODATA_value -9999.000
[rows 170 to 203 of 317, columns 77 to 153 of 506]
0.000 0.000 0.000 0.000 0.000 0.000 0.000 0.000 0.000 0.000 0.000 0.000 0.000 0.000 0.000 0.000 0.000 0.000 0.000 0.000 0.000 0.000 0.001 0.003 0.007 0.019 0.044 0.092 0.175 0.300 0.467 0.665 0.866 1.056 1.235 1.407 1.577 1.748 1.918 2.087 2.246 2.399 2.580 2.895 3.462 4.376 5.584 6.953 8.307 9.325 10.115 10.751 11.303 11.933 12.571 12.848 13.215 14.887 18.697 24.356 30.312 34.419 36.863 37.408 33.615 25.994 19.511 16.369 14.812 13.757 12.725 11.580 10.515 9.741 9.171 8.715 8.346
0.000 0.000 0.000 0.000 0.000 0.000 0.000 0.000 0.000 0.000 0.000 0.000 0.000 0.000 0.000 0.000 0.000 0.000 0.000 0.000 0.000 0.001 0.004 0.010 0.025 0.060 0.132 0.264 0.474 0.769 1.131 1.485 1.796 2.074 2.336 2.596 2.852 3.117 3.364 3.571 3.756 3.951 4.237 4.740 5.604 6.885 8.296 9.722 11.036 11.970 12.550 12.949 13.175 13.231 13.161 12.981 12.953 13.745 16.543 22.018 29.537 35.516 38.648 39.854 39.567 35.730 27.534 19.923 15.993 14.021 12.859 12.058 11.585 11.376 11.328 11.366 11.521
0.000 0.000 0.000 0.000 0.000 0.000 0.000 0.000 0.000 0.000 0.000 0.000 0.000 0.000 0.000 0.000 0.000 0.000 0.000 0.001 0.002 0.006 0.013 0.031 0.074 0.166 0.347 0.655 1.110 1.692 2.274 2.753 3.141 3.472 3.758 4.025 4.272 4.499 4.727 4.975 5.264 5.613 6.095 6.857 8.037 9.479 10.748 12.075 13.300 14.249 14.743 14.920 14.941 14.618 13.896 13.148 12.744 12.969 14.490 17.926 24.095 32.070 37.614 40.006 40.589 39.794 35.888 27.524 19.490 15.466 13.838 13.361 13.332 13.409 13.558 13.932 14.648
0.000 0.000 0.000 0.000 0.000 0.000 0.000 0.000 0.000 0.000 0.000 0.000 0.000 0.000 0.000 0.000 0.000 0.000 0.001 0.003 0.007 0.017 0.038 0.085 0.190 0.406 0.799 1.412 2.233 3.099 3.801 4.295 4.621 4.872 5.080 5.234 5.396 5.573 5.766 6.038 6.434 6.951 7.618 8.626 10.076 11.612 12.948 14.222 15.246 16.042 16.548 16.640 16.512 16.053 14.879 13.561 12.689 12.388 12.978 15.232 18.846 24.691 31.997 37.367 39.660 40.205 39.440 35.703 27.504 19.548 16.058 15.028 14.847 14.878 15.116 15.798 16.994
0.000 0.000 0.000 0.000 0.000 0.000 0.000 0.000 0.000 0.000 0.000 0.000 0.000 0.000 0.000 0.000 0.000 0.001 0.004 0.009 0.020 0.043 0.093 0.202 0.430 0.868 1.601 2.649 3.827 4.784 5.431 5.820 6.007 6.114 6.241 6.347 6.413 6.531 6.720 7.003 7.469 8.120 9.010 10.306 11.976 13.525 14.935 16.133 16.946 17.474 17.875 17.986 17.784 17.233 15.945 14.310 13.107 12.409 12.304 13.361 15.994 19.241 24.066 30.726 36.341 39.233 39.967 39.245 35.719 27.506 19.779 16.686 15.831 15.750 16.073 16.982 18.401
0.000 0.000 0.000 0.000 0.000 0.000 0.000 0.000 0.000 0.000 0.000 0.000 0.000 0.000 0.000 0.000 0.001 0.004 0.010 0.023 0.048 0.100 0.205 0.422 0.854 1.624 2.788 4.273 5.618 6.495 7.005 7.272 7.360 7.352 7.329 7.385 7.425 7.468 7.635 7.943 8.452 9.190 10.328 11.992 13.803 15.350 16.670 17.722 18.426 18.799 18.964 19.026 18.786 18.187 16.992 15.192 13.844 12.905 12.424 12.524 14.039 16.479 19.019 23.045 29.486 35.961 39.364 39.731 38.390 34.172 25.391 18.685 16.461 16.091 16.401 17.384 18.814
0.000 0.000 0.000 0.000 0.000 0.000 0.000 0.000 0.000 0.000 0.000 0.000 0.000 0.000 0.000 0.001 0.004 0.010 0.024 0.052 0.105 0.208 0.404 0.786 1.507 2.705 4.310 5.951 7.259 8.123 8.568 8.711 8.703 8.594 8.432 8.397 8.433 8.461 8.553 8.845 9.407 10.246 11.632 13.680 15.529 17.074 18.258 19.084 19.632 19.987 20.015 19.967 19.667 19.046 17.982 16.174 14.627 13.769 13.081 12.791 13.088 14.443 16.288 18.371 21.786 28.017 35.062 38.461 38.189 35.924 30.148 21.457 16.964 15.950 16.141 17.095 18.548
0.000 0.000 0.000 0.000 0.000 0.000 0.000 0.000 0.000 0.000 0.000 0.000 0.000 0.000 0.001 0.003 0.009 0.022 0.051 0.107 0.209 0.391 0.718 1.315 2.399 4.103 6.030 7.640 8.833 9.668 10.106 10.171 10.080 9.871 9.601 9.478 9.470 9.513 9.578 9.792 10.389 11.377 12.993 15.328 17.183 18.639 19.711 20.444 20.761 21.065 21.115 20.954 20.548 19.972 18.905 17.428 15.753 14.865 14.132 13.556 13.255 13.366 14.105 15.468 17.287 20.018 25.438 32.265 35.906 34.880 31.564 24.217 17.876 15.492 15.137 15.834 17.366
0.000 0.000 0.000 0.000 0.000 0.000 0.000 0.000 0.000 0.000 0.000 0.000 0.000 0.000 0.002 0.007 0.019 0.046 0.102 0.204 0.380 0.674 1.162 2.004 3.521 5.788 7.837 9.379 10.438 11.151 11.588 11.706 11.619 11.320 10.876 10.606 10.518 10.517 10.616 10.917 11.541 12.604 14.499 16.987 18.839 20.155 21.061 21.735 21.913 22.138 22.228 22.074 21.571 20.911 19.734 18.390 16.799 15.919 15.188 14.537 13.940 13.456 13.121 13.196 14.062 15.564 17.762 22.142 28.393 31.429 29.955 25.841 19.764 16.333 15.198 15.236 16.181
0.000 0.000 0.000 0.000 0.000 0.000 0.000 0.000 0.000 0.000 0.000 0.000 0.000 0.001 0.005 0.015 0.040 0.092 0.193 0.369 0.649 1.078 1.738 2.811 4.722 7.485 9.574 11.091 12.147 12.760 13.117 13.265 13.184 12.732 12.083 11.696 11.556 11.541 11.642 12.083 12.893 13.956 16.000 18.717 20.458 21.645 22.391 22.826 22.966 23.056 23.082 22.871 22.309 21.556 20.436 19.224 17.689 16.733 16.016 15.401 14.783 14.055 13.337 12.716 12.220 12.478 13.446 15.145 18.324 22.482 24.773 24.497 21.446 18.605 17.219 16.569 16.685
0.000 0.000 0.000 0.000 0.000 0.000 0.000 0.000 0.000 0.000 0.000 0.000 0.001 0.003 0.011 0.031 0.079 0.177 0.353 0.640 1.061 1.647 2.471 3.712 5.837 8.952 11.278 12.802 13.902 14.576 14.834 14.844 14.631 14.016 13.271 12.842 12.740 12.783 12.909 13.343 14.284 15.483 17.358 20.289 22.248 23.184 23.647 23.776 23.844 23.731 23.533 23.186 22.579 21.866 20.883 19.825 18.451 17.532 16.851 16.200 15.608 14.930 14.118 13.193 12.250 11.496 10.936 11.139 12.044 13.301 15.029 17.846 19.614 19.640 19.351 19.153 19.143
0.000 0.000 0.000 0.000 0.000 0.000 0.000 0.000 0.000 0.000 0.000 0.000 0.002 0.007 0.022 0.062 0.153 0.329 0.627 1.068 1.659 2.420 3.415 4.794 7.060 10.351 12.925 14.533 15.632 16.309 16.559 16.494 16.134 15.415 14.692 14.230 14.080 14.154 14.362 14.802 15.761 17.102 18.834 21.524 23.836 24.692 24.820 24.630 24.428 24.065 23.724 23.296 22.707 21.999 21.102 20.269 19.054 18.112 17.496 16.926 16.331 15.659 14.946 13.959 12.851 11.681 10.488 9.359 8.404 7.839 7.783 8.901 11.364 14.549 17.355 19.351 20.656
0.000 0.000 0.000 0.000 0.000 0.000 0.000 0.000 0.000 0.000 0.000 0.001 0.004 0.015 0.045 0.122 0.289 0.599 1.086 1.738 2.517 3.438 4.610 6.167 8.552 11.809 14.368 16.004 17.106 17.825 18.152 18.156 17.768 17.115 16.565 16.139 15.875 15.798 15.930 16.466 17.497 18.887 20.528 22.540 24.672 25.704 25.843 25.483 24.937 24.149 23.691 23.234 22.648 21.885 21.101 20.517 19.547 18.586 17.965 17.510 16.987 16.307 15.488 14.470 13.420 12.117 10.703 9.044 7.226 5.709 4.872 4.688 5.128 6.339 8.775 12.346 16.265
0.000 0.000 0.000 0.000 0.000 0.000 0.000 0.000 0.000 0.000 0.000 0.002 0.009 0.031 0.090 0.236 0.539 1.066 1.829 2.736 3.689 4.752 6.112 7.874 10.214 13.152 15.619 17.259 18.292 19.138 19.649 19.953 19.742 19.179 18.681 18.322 18.015 17.859 17.888 18.386 19.497 20.994 22.518 23.761 25.041 26.010 26.326 26.031 25.413 24.306 23.439 22.769 22.087 21.463 20.920 20.514 19.907 19.167 18.510 18.027 17.443 16.835 15.988 14.941 13.758 12.360 10.797 8.784 6.789 5.290 4.299 3.701 3.411 3.397 3.770 4.787 6.877
0.000 0.000 0.000 0.000 0.000 0.000 0.000 0.000 0.000 0.000 0.001 0.006 0.020 0.063 0.179 0.448 0.982 1.853 2.985 4.077 5.110 6.258 7.772 9.625 11.716 14.230 16.687 18.416 19.520 20.528 21.290 21.818 21.843 21.504 21.050 20.743 20.451 20.184 20.084 20.445 21.616 23.128 24.299 24.984 25.442 25.988 26.431 26.309 25.588 24.419 23.221 22.248 21.481 20.963 20.523 20.255 20.017 19.681 19.142 18.573 17.883 17.226 16.309 15.243 13.960 12.435 10.589 8.332 6.497 5.203 4.274 3.642 3.245 3.014 2.919 2.976 3.321
0.000 0.000 0.000 0.000 0.000 0.000 0.000 0.000 0.000 0.001 0.003 0.013 0.043 0.132 0.355 0.842 1.739 3.121 4.642 5.807 6.813 7.922 9.379 11.068 12.938 15.156 17.540 19.437 20.826 22.173 23.323 24.042 24.110 23.957 23.600 23.332 23.131 23.017 22.966 23.092 23.842 24.923 25.598 25.855 25.864 26.007 26.299 26.211 25.386 24.212 23.019 22.036 21.230 20.678 20.241 20.106 20.120 20.030 19.753 19.153 18.278 17.430 16.428 15.328 14.015 12.325 10.017 7.680 6.149 5.155 4.347 3.686 3.265 3.058 2.964 2.940 2.972
0.000 0.000 0.000 0.000 0.000 0.000 0.000 0.000 0.000 0.001 0.007 0.028 0.092 0.271 0.692 1.529 2.933 4.910 6.711 7.948 8.880 9.818 11.049 12.419 13.992 16.040 18.254 20.243 21.949 23.620 25.205 26.229 26.558 26.531 26.299 26.154 26.091 26.110 25.991 25.969 26.298 26.738 26.706 26.459 26.126 25.947 25.863 25.590 24.646 23.735 22.967 22.165 21.341 20.624 20.210 20.092 20.134 20.089 19.924 19.384 18.482 17.442 16.286 15.014 13.520 11.408 8.936 6.989 5.796 5.038 4.421 3.840 3.415 3.211 3.160 3.160 3.141
0.000 0.000 0.000 0.000 0.000 0.000 0.000 0.000 0.001 0.003 0.015 0.058 0.192 0.542 1.303 2.655 4.691 7.129 9.050 10.308 11.154 11.867 12.730 13.792 15.099 16.957 19.090 21.000 22.874 24.773 26.741 28.097 28.721 28.882 28.924 28.937 28.890 28.846 28.728 28.494 28.268 28.152 27.687 27.085 26.297 25.815 25.476 25.100 24.306 23.721 23.316 22.861 22.092 21.074 20.581 20.379 20.204 19.970 19.637 19.093 18.292 17.117 15.786 14.180 12.096 9.604 7.696 6.492 5.613 4.960 4.440 3.962 3.587 3.362 3.309 3.337 3.303
0.000 0.000 0.000 0.000 0.000 0.000 0.000 0.000 0.001 0.007 0.031 0.119 0.385 1.043 2.339 4.388 7.090 9.673 11.588 12.801 13.464 13.934 14.422 15.186 16.344 18.065 20.152 22.043 23.819 25.676 27.804 29.612 30.772 31.111 31.179 31.116 31.026 30.866 30.753 30.459 29.904 29.189 28.326 27.478 26.429 25.735 25.243 24.977 24.555 24.242 23.945 23.644 22.947 21.796 21.187 20.791 20.255 19.747 19.020 18.129 17.167 15.916 14.587 12.748 10.274 8.189 6.881 6.064 5.451 4.887 4.407 4.002 3.684 3.479 3.407 3.417 3.401
0.000 0.000 0.000 0.000 0.000 0.000 0.000 0.000 0.002 0.014 0.061 0.231 0.730 1.882 3.945 6.902 9.950 12.299 14.073 15.357 15.971 16.123 16.234 16.688 17.714 19.267 21.276 23.249 24.938 26.494 28.456 30.548 32.218 32.912 33.109 33.093 32.943 32.464 32.134 31.785 31.074 30.069 28.924 27.624 26.563 25.902 25.287 24.978 24.832 24.789 24.590 24.316 23.853 22.898 21.886 21.083 20.235 19.400 18.340 17.143 15.751 14.073 12.362 10.617 8.734 7.269 6.263 5.613 5.164 4.752 4.336 3.996 3.745 3.605 3.571 3.574 3.527
0.000 0.000 0.000 0.000 0.000 0.000 0.000 0.001 0.005 0.025 0.113 0.421 1.276 3.120 6.183 9.855 12.752 14.849 16.499 17.738 18.399 18.459 18.234 18.354 19.326 20.783 22.516 24.215 25.846 27.414 29.159 31.243 33.052 34.051 34.209 34.152 33.844 33.321 32.815 32.406 31.673 30.550 29.271 27.706 26.567 25.962 25.609 25.416 25.303 25.319 25.305 25.166 24.691 23.751 22.634 21.482 20.314 19.094 17.594 16.140 14.650 13.034 11.055 9.282 7.908 6.783 5.895 5.291 4.890 4.597 4.299 3.996 3.794 3.724 3.769 3.797 3.686
0.000 0.000 0.000 0.000 0.000 0.000 0.000 0.001 0.008 0.044 0.194 0.699 2.022 4.641 8.492 12.325 15.064 17.163 18.871 20.079 20.667 20.740 20.447 20.316 21.049 22.379 23.940 25.367 26.804 28.236 29.833 31.854 33.245 34.316 34.391 34.269 33.785 33.274 32.708 32.145 31.430 30.391 28.985 27.388 26.321 25.843 25.710 25.662 25.687 25.838 25.772 25.574 25.218 24.376 23.243 21.813 20.312 18.848 17.204 15.514 13.776 12.076 10.138 8.500 7.277 6.331 5.631 5.127 4.748 4.468 4.263 4.048 3.909 3.889 3.914 3.887 3.723
0.000 0.000 0.000 0.000 0.000 0.000 0.001 0.002 0.013 0.070 0.305 1.056 2.866 6.049 10.276 14.198 17.102 19.404 21.252 22.550 23.127 23.174 22.914 22.765 23.238 24.211 25.618 26.878 28.272 29.438 30.643 32.267 33.306 34.175 34.253 33.930 33.240 32.650 32.127 31.356 30.417 29.014 27.388 26.316 25.775 25.690 25.680 25.745 25.902 26.168 26.042 25.837 25.346 24.508 23.316 21.839 20.168 18.555 16.930 15.185 13.243 11.164 9.316 7.919 6.874 6.061 5.448 5.032 4.726 4.443 4.247 4.145 4.082 4.066 4.062 3.951 3.711
0.000 0.000 0.000 0.000 0.000 0.001 0.002 0.005 0.021 0.102 0.437 1.473 3.778 7.421 11.806 15.759 18.891 21.482 23.578 25.128 26.015 26.160 25.882 25.681 25.921 26.462 27.402 28.420 29.849 30.710 31.460 32.337 33.039 33.494 33.519 33.041 32.372 31.680 30.958 30.009 29.008 27.432 25.912 25.497 25.300 25.386 25.610 25.745 25.936 26.076 25.864 25.635 24.947 23.982 22.807 21.508 19.917 18.256 16.618 14.793 12.555 10.209 8.560 7.444 6.551 5.848 5.314 4.936 4.685 4.487 4.318 4.243 4.240 4.244 4.202 4.035 3.723
0.000 0.000 0.000 0.000 0.001 0.002 0.005 0.011 0.034 0.141 0.577 1.902 4.729 8.888 13.368 17.240 20.538 23.364 25.770 27.720 29.004 29.528 29.465 29.171 29.085 29.262 29.710 30.496 31.544 32.084 32.316 32.523 32.842 32.954 32.888 32.282 31.521 30.871 30.084 29.242 28.166 26.787 25.433 25.052 24.929 24.901 25.140 25.258 25.340 25.362 25.095 24.678 23.982 22.767 21.311 19.822 18.404 16.892 15.321 13.491 11.149 9.130 7.838 6.965 6.254 5.657 5.202 4.870 4.677 4.559 4.472 4.416 4.417 4.440 4.353 4.114 3.830
0.000 0.000 0.001 0.002 0.004 0.007 0.013 0.025 0.060 0.199 0.743 2.366 5.714 10.375 14.915 18.744 22.101 25.193 27.971 30.301 31.892 32.709 33.064 33.097 32.912 32.835 32.965 33.294 33.433 33.500 33.354 33.229 33.081 32.799 32.435 31.681 30.770 30.138 29.389 28.717 27.737 26.723 25.530 24.819 24.473 24.368 24.257 24.280 24.199 24.148 23.993 23.360 22.411 20.935 19.386 17.826 16.360 14.918 13.438 11.551 9.619 8.211 7.244 6.534 5.934 5.450 5.103 4.868 4.737 4.711 4.728 4.714 4.677 4.629 4.514 4.277 4.083
0.000 0.001 0.003 0.006 0.011 0.020 0.034 0.058 0.117 0.314 1.028 3.064 7.032 12.122 16.642 20.418 23.892 27.096 29.989 32.492 34.387 35.465 35.695 35.560 35.351 35.044 34.848 34.763 34.476 34.393 34.138 33.963 33.858 33.277 32.539 31.565 30.472 29.538 28.877 28.384 27.624 26.878 25.968 25.162 24.482 24.130 23.841 23.731 23.527 23.292 22.938 22.122 21.153 19.833 18.341 16.875 15.473 14.027 12.312 10.301 8.733 7.595 6.788 6.205 5.711 5.319 5.071 4.968 4.961 5.025 5.062 5.055 5.000 4.891 4.726 4.553 4.453
0.002 0.004 0.008 0.016 0.028 0.048 0.079 0.129 0.231 0.526 1.510 4.188 8.964 14.272 18.767 22.498 25.828 28.881 31.883 34.444 36.376 37.347 37.810 37.948 37.683 36.998 36.352 36.080 35.720 35.274 35.034 34.575 34.144 33.611 32.953 31.616 30.352 29.253 28.559 28.191 27.697 27.098 26.297 25.542 24.795 24.116 23.697 23.563 23.273 22.825 22.265 21.207 20.248 18.952 17.686 16.225 14.782 13.251 11.321 9.425 8.139 7.194 6.464 5.909 5.501 5.232 5.085 5.069 5.208 5.437 5.524 5.504 5.411 5.290 5.161 5.078 5.074
0.006 0.012 0.022 0.039 0.067 0.110 0.173 0.268 0.445 0.888 2.240 5.791 11.422 16.494 20.826 24.484 27.643 30.522 33.381 35.786 38.000 38.925 39.317 39.282 39.033 38.470 37.749 37.059 36.642 36.130 35.654 35.278 34.763 34.088 33.218 31.822 30.335 29.189 28.447 28.040 27.757 27.381 26.812 25.993 25.064 24.356 23.861 23.487 23.109 22.482 21.719 20.558 19.582 18.256 17.038 15.602 14.108 12.214 10.253 8.805 7.742 6.916 6.265 5.780 5.455 5.245 5.170 5.270 5.596 5.913 6.051 6.072 5.992 5.863 5.806 5.821 5.939
0.016 0.030 0.053 0.091 0.151 0.236 0.354 0.526 0.819 1.464 3.294 8.060 14.413 19.070 23.061 26.439 29.336 32.018 34.659 37.037 39.284 39.964 40.495 40.543 40.429 39.895 38.975 38.137 37.478 36.683 35.881 35.610 34.938 34.250 33.030 31.744 30.440 29.386 28.656 28.185 27.773 27.412 26.920 26.200 25.313 24.653 24.171 23.747 23.295 22.580 21.573 20.319 19.151 17.843 16.526 14.949 13.190 11.153 9.519 8.423 7.558 6.847 6.246 5.775 5.515 5.432 5.501 5.763 6.233 6.558 6.681 6.741 6.775 6.769 6.803 6.949 7.256
0.041 0.072 0.122 0.201 0.315 0.470 0.673 0.961 1.422 2.315 4.650 10.528 17.305 21.758 25.276 28.085 30.681 33.177 35.445 37.817 40.234 41.107 41.736 41.613 41.073 40.519 39.572 38.389 37.742 37.238 36.516 36.115 35.272 34.375 32.718 31.376 30.273 29.546 28.895 28.398 28.060 27.693 27.291 26.639 25.651 24.852 24.320 23.836 23.325 22.631 21.618 20.357 18.986 17.520 16.057 14.228 12.029 10.135 8.939 8.110 7.406 6.812 6.311 5.946 5.788 5.809 6.021 6.438 6.944 7.315 7.513 7.621 7.747 7.965 8.242 8.646 9.315
0.099 0.166 0.266 0.410 0.605 0.855 1.178 1.626 2.321 3.529 6.223 12.510 19.360 23.675 26.967 29.573 31.807 33.897 35.855 37.926 40.096 41.181 41.895 42.061 41.580 41.138 40.241 39.193 38.524 37.762 36.989 36.524 35.488 34.609 32.903 31.247 30.147 29.473 28.845 28.223 27.911 27.683 27.299 26.759 25.935 25.163 24.658 24.117 23.482 22.607 21.536 20.266 18.758 17.021 15.285 13.065 10.920 9.489 8.627 7.918 7.291 6.790 6.432 6.235 6.184 6.287 6.642 7.262 7.820 8.221 8.565 8.881 9.131 9.476 10.040 10.587 11.240
0.225 0.356 0.534 0.768 1.061 1.423 1.891 2.543 3.521 4.953 7.615 13.755 20.849 25.167 28.303 30.407 32.431 34.262 35.589 36.928 38.441 39.665 40.762 41.549 41.333 41.167 40.427 39.283 38.551 37.876 37.060 36.531 35.617 34.763 33.247 31.667 30.505 29.672 28.778 27.947 27.556 27.494 27.316 26.936 26.446 25.810 25.208 24.633 23.863 22.740 21.386 19.729 18.123 16.203 14.017 11.588 9.963 9.028 8.379 7.725 7.187 6.801 6.589 6.552 6.658 6.979 7.557 8.371 9.080 9.571 10.022 10.629 11.210 11.479 11.776 12.104 12.414
0.469 0.697 0.978 1.309 1.702 2.179 2.798 3.636 4.707 6.063 8.412 14.143 21.888 26.412 29.410 31.110 32.581 33.779 34.372 34.515 34.954 35.745 37.047 38.533 39.067 39.324 39.341 38.725 38.383 37.843 36.990 36.365 35.718 35.112 33.983 32.559 31.289 30.286 29.180 27.973 27.281 27.177 27.232 27.088 26.788 26.365 25.663 24.827 23.952 22.667 21.047 19.072 17.188 15.030 12.382 10.297 9.272 8.736 8.273 7.701 7.233 6.983 6.895 6.939 7.231 7.839 8.715 9.811 10.729 11.388 11.900 12.418 12.951 13.110 13.042 13.001 12.928
