RESULTS/r.avaflow_results/14_results/14_ascii/14_hflow10049.asc
ncols 506
nrows 317
xllcenter 498237.50
yllcenter 5580050.00
cellsize 12.50
NODATA_value -9999.000
[rows 170 to 203 of 317, columns 154 to 230 of 506]
35.064 32.983 30.769 28.492 26.112 23.764 21.288 18.942 16.852 14.890 13.103 11.513 10.042 8.710 7.508 6.437 5.475 4.638 3.905 3.274 2.733 2.268 1.871 1.540 1.264 1.041 0.870 0.747 0.659 0.591 0.534 0.484 0.438 0.398 0.366 0.342 0.321 0.300 0.274 0.241 0.212 0.193 0.179 0.165 0.149 0.129 0.104 0.082 0.064 0.047 0.034 0.025 0.020 0.017 0.015 0.014 0.013 0.013 0.014 0.015 0.015 0.015 0.015 0.015 0.016 0.017 0.020 0.027 0.045 0.072 0.091 0.097 0.096 0.085 0.063 0.038 0.023
38.031 36.245 34.265 32.103 29.691 27.199 24.501 21.814 19.365 17.123 15.071 13.228 11.559 10.048 8.673 7.432 6.318 5.343 4.493 3.756 3.123 2.587 2.128 1.743 1.425 1.166 0.964 0.816 0.714 0.642 0.583 0.527 0.474 0.425 0.385 0.354 0.328 0.303 0.274 0.240 0.210 0.190 0.174 0.158 0.139 0.113 0.082 0.054 0.033 0.021 0.014 0.011 0.009 0.009 0.008 0.008 0.009 0.010 0.011 0.012 0.012 0.012 0.011 0.011 0.011 0.011 0.013 0.017 0.028 0.048 0.072 0.086 0.090 0.088 0.079 0.060 0.039
40.567 38.946 37.290 35.236 32.841 30.318 27.679 24.910 22.204 19.642 17.302 15.190 13.285 11.556 9.982 8.547 7.265 6.135 5.154 4.305 3.572 2.954 2.424 1.982 1.611 1.310 1.067 0.884 0.756 0.670 0.605 0.546 0.490 0.437 0.392 0.357 0.328 0.300 0.268 0.230 0.196 0.170 0.149 0.127 0.102 0.072 0.043 0.024 0.013 0.009 0.006 0.005 0.005 0.005 0.005 0.006 0.007 0.009 0.010 0.011 0.010 0.010 0.009 0.008 0.008 0.008 0.009 0.011 0.017 0.030 0.052 0.073 0.083 0.086 0.085 0.077 0.061
42.643 41.275 39.746 37.738 35.402 32.913 30.380 27.601 24.835 22.148 19.533 17.120 14.940 12.967 11.196 9.598 8.156 6.897 5.793 4.841 4.016 3.314 2.717 2.219 1.800 1.459 1.180 0.962 0.800 0.688 0.611 0.548 0.492 0.439 0.392 0.355 0.323 0.291 0.254 0.208 0.163 0.126 0.095 0.069 0.047 0.029 0.016 0.009 0.006 0.004 0.003 0.003 0.003 0.003 0.004 0.005 0.007 0.009 0.010 0.010 0.010 0.009 0.008 0.007 0.007 0.007 0.007 0.008 0.011 0.018 0.032 0.053 0.074 0.083 0.085 0.083 0.075
43.787 42.617 41.114 39.289 37.115 34.792 32.425 29.787 27.070 24.285 21.412 18.749 16.317 14.149 12.192 10.455 8.900 7.551 6.345 5.299 4.395 3.617 2.958 2.408 1.951 1.578 1.275 1.035 0.848 0.709 0.610 0.541 0.485 0.434 0.387 0.345 0.307 0.269 0.225 0.167 0.110 0.068 0.042 0.027 0.017 0.010 0.006 0.004 0.003 0.002 0.002 0.002 0.002 0.003 0.003 0.005 0.007 0.008 0.009 0.009 0.009 0.009 0.008 0.007 0.007 0.006 0.006 0.007 0.008 0.012 0.019 0.033 0.057 0.076 0.083 0.083 0.079
44.100 42.972 41.533 39.973 38.052 36.002 33.808 31.344 28.697 25.817 22.804 19.967 17.351 15.025 12.957 11.126 9.492 8.069 6.789 5.674 4.700 3.859 3.146 2.550 2.059 1.661 1.341 1.088 0.888 0.732 0.615 0.533 0.472 0.416 0.362 0.313 0.268 0.222 0.167 0.104 0.057 0.031 0.017 0.010 0.006 0.004 0.003 0.002 0.002 0.002 0.002 0.002 0.002 0.003 0.003 0.005 0.007 0.008 0.009 0.009 0.009 0.009 0.008 0.007 0.007 0.006 0.006 0.006 0.007 0.008 0.012 0.020 0.037 0.061 0.075 0.079 0.078
44.051 42.919 41.599 40.256 38.530 36.725 34.618 32.349 29.723 26.831 23.795 20.782 18.071 15.663 13.533 11.637 9.939 8.458 7.119 5.948 4.915 4.028 3.274 2.643 2.126 1.710 1.380 1.120 0.915 0.752 0.625 0.530 0.452 0.376 0.303 0.240 0.187 0.136 0.087 0.047 0.024 0.013 0.007 0.004 0.003 0.002 0.002 0.002 0.001 0.002 0.002 0.002 0.002 0.003 0.004 0.005 0.007 0.009 0.009 0.009 0.009 0.009 0.008 0.007 0.007 0.007 0.006 0.006 0.007 0.007 0.009 0.014 0.024 0.043 0.061 0.070 0.073
43.240 42.184 41.045 39.940 38.383 36.807 34.721 32.522 29.974 27.149 24.145 21.136 18.455 16.038 13.901 11.990 10.244 8.715 7.340 6.127 5.051 4.130 3.345 2.692 2.156 1.728 1.393 1.133 0.929 0.763 0.628 0.514 0.402 0.291 0.194 0.125 0.082 0.053 0.032 0.017 0.009 0.005 0.003 0.002 0.002 0.001 0.001 0.001 0.001 0.001 0.002 0.002 0.002 0.003 0.004 0.006 0.008 0.009 0.010 0.010 0.010 0.010 0.009 0.008 0.008 0.007 0.007 0.007 0.007 0.007 0.008 0.011 0.016 0.027 0.043 0.056 0.063
42.265 41.339 40.400 39.451 38.104 36.680 34.674 32.457 29.967 27.165 24.177 21.285 18.679 16.322 14.191 12.252 10.479 8.899 7.476 6.217 5.115 4.170 3.371 2.707 2.164 1.730 1.393 1.134 0.931 0.760 0.605 0.449 0.292 0.163 0.083 0.044 0.026 0.017 0.010 0.006 0.004 0.003 0.002 0.002 0.001 0.001 0.001 0.001 0.001 0.002 0.002 0.002 0.003 0.004 0.005 0.007 0.009 0.010 0.011 0.011 0.012 0.012 0.011 0.011 0.010 0.009 0.008 0.007 0.007 0.007 0.008 0.010 0.013 0.019 0.029 0.040 0.049
41.105 40.241 39.522 38.558 37.381 36.066 34.217 32.134 29.715 26.996 24.085 21.373 18.868 16.536 14.402 12.443 10.664 9.032 7.565 6.261 5.134 4.180 3.375 2.708 2.163 1.726 1.381 1.109 0.885 0.685 0.489 0.300 0.149 0.064 0.027 0.014 0.008 0.006 0.004 0.003 0.002 0.002 0.001 0.001 0.001 0.001 0.001 0.001 0.001 0.002 0.002 0.002 0.003 0.005 0.006 0.008 0.010 0.011 0.013 0.014 0.015 0.015 0.015 0.015 0.014 0.012 0.010 0.009 0.008 0.008 0.008 0.010 0.012 0.016 0.023 0.031 0.038
39.607 38.784 38.091 37.168 36.127 34.931 33.307 31.452 29.216 26.685 23.921 21.386 18.991 16.726 14.640 12.657 10.854 9.171 7.650 6.294 5.138 4.176 3.374 2.708 2.156 1.703 1.322 0.989 0.703 0.458 0.257 0.123 0.051 0.020 0.009 0.005 0.003 0.003 0.002 0.002 0.002 0.001 0.001 0.001 0.001 0.001 0.001 0.001 0.001 0.002 0.002 0.003 0.004 0.006 0.009 0.011 0.012 0.014 0.016 0.018 0.020 0.022 0.022 0.022 0.020 0.017 0.014 0.011 0.010 0.010 0.010 0.011 0.012 0.016 0.021 0.028 0.035
38.034 37.244 36.465 35.618 34.690 33.661 32.286 30.626 28.683 26.366 23.833 21.390 19.063 16.909 14.868 12.923 11.078 9.335 7.746 6.323 5.120 4.132 3.327 2.664 2.106 1.605 1.125 0.694 0.371 0.179 0.081 0.034 0.015 0.007 0.004 0.003 0.002 0.002 0.002 0.001 0.001 0.001 0.001 0.001 0.001 0.001 0.001 0.001 0.002 0.002 0.003 0.005 0.007 0.011 0.013 0.016 0.017 0.019 0.022 0.025 0.030 0.032 0.033 0.032 0.029 0.024 0.019 0.015 0.013 0.013 0.013 0.013 0.015 0.018 0.023 0.029 0.036
36.374 35.517 34.683 33.886 33.107 32.179 31.064 29.641 27.982 25.875 23.619 21.306 19.070 16.992 15.026 13.101 11.251 9.462 7.805 6.313 5.012 3.910 3.029 2.330 1.736 1.171 0.651 0.290 0.114 0.045 0.020 0.009 0.005 0.003 0.002 0.002 0.002 0.002 0.002 0.001 0.001 0.001 0.001 0.001 0.001 0.001 0.001 0.002 0.002 0.003 0.006 0.010 0.016 0.022 0.025 0.027 0.029 0.031 0.033 0.038 0.044 0.048 0.049 0.047 0.042 0.033 0.026 0.022 0.019 0.019 0.019 0.020 0.022 0.026 0.030 0.036 0.046
34.800 33.772 32.894 32.058 31.248 30.413 29.502 28.277 26.915 25.099 23.119 21.016 18.972 16.986 15.092 13.164 11.306 9.472 7.678 5.922 4.341 3.013 2.021 1.324 0.811 0.428 0.183 0.064 0.023 0.011 0.006 0.004 0.003 0.002 0.002 0.002 0.002 0.002 0.002 0.001 0.001 0.001 0.001 0.001 0.001 0.001 0.002 0.003 0.004 0.008 0.015 0.027 0.040 0.050 0.055 0.057 0.056 0.056 0.057 0.061 0.068 0.073 0.073 0.069 0.059 0.046 0.037 0.032 0.029 0.029 0.030 0.033 0.037 0.042 0.048 0.056 0.070
33.435 32.251 31.285 30.272 29.293 28.461 27.591 26.556 25.456 23.964 22.241 20.355 18.483 16.653 14.874 12.912 10.909 8.745 6.428 4.195 2.446 1.312 0.687 0.366 0.184 0.080 0.030 0.011 0.006 0.004 0.003 0.002 0.002 0.002 0.002 0.002 0.002 0.002 0.002 0.001 0.001 0.001 0.001 0.002 0.002 0.002 0.004 0.007 0.013 0.027 0.052 0.083 0.109 0.125 0.130 0.126 0.116 0.109 0.106 0.107 0.112 0.114 0.111 0.100 0.082 0.065 0.053 0.047 0.045 0.046 0.048 0.051 0.056 0.063 0.073 0.087 0.108
32.065 30.712 29.510 28.259 27.110 26.167 25.261 24.356 23.446 22.232 20.780 19.064 17.272 15.408 13.455 11.243 8.826 6.005 3.362 1.576 0.670 0.292 0.136 0.066 0.030 0.013 0.006 0.004 0.003 0.003 0.002 0.002 0.002 0.002 0.002 0.002 0.002 0.002 0.002 0.002 0.002 0.002 0.002 0.003 0.004 0.006 0.012 0.024 0.050 0.102 0.176 0.242 0.282 0.297 0.290 0.260 0.228 0.209 0.199 0.195 0.194 0.189 0.174 0.145 0.114 0.091 0.075 0.066 0.061 0.059 0.060 0.062 0.066 0.074 0.087 0.105 0.131
30.486 28.954 27.473 26.051 24.739 23.604 22.600 21.636 20.796 19.743 18.518 16.868 14.823 12.272 9.539 6.878 4.393 2.251 0.929 0.321 0.114 0.050 0.025 0.013 0.007 0.004 0.003 0.003 0.003 0.003 0.003 0.002 0.002 0.002 0.002 0.002 0.002 0.002 0.003 0.003 0.004 0.004 0.006 0.008 0.013 0.023 0.045 0.095 0.192 0.338 0.481 0.577 0.616 0.599 0.537 0.464 0.408 0.375 0.356 0.343 0.328 0.299 0.251 0.195 0.150 0.116 0.093 0.077 0.069 0.066 0.065 0.066 0.070 0.078 0.092 0.113 0.142
28.682 26.933 25.251 23.675 22.125 20.755 19.530 18.281 17.145 15.840 14.403 12.439 9.874 6.834 4.245 2.442 1.231 0.510 0.172 0.056 0.023 0.012 0.007 0.005 0.004 0.003 0.003 0.003 0.003 0.003 0.003 0.003 0.003 0.003 0.004 0.004 0.005 0.005 0.006 0.008 0.011 0.014 0.021 0.031 0.051 0.091 0.181 0.351 0.599 0.843 1.006 1.064 0.997 0.866 0.740 0.650 0.592 0.554 0.523 0.490 0.444 0.378 0.299 0.228 0.173 0.132 0.103 0.084 0.073 0.068 0.067 0.067 0.071 0.079 0.094 0.116 0.145
26.377 24.501 22.763 21.192 19.513 17.818 16.140 14.387 12.520 10.514 8.486 6.396 4.321 2.510 1.295 0.604 0.260 0.104 0.039 0.017 0.010 0.007 0.005 0.004 0.004 0.004 0.004 0.004 0.004 0.004 0.005 0.005 0.006 0.008 0.009 0.011 0.014 0.017 0.023 0.030 0.041 0.056 0.082 0.125 0.199 0.348 0.623 1.005 1.354 1.536 1.545 1.407 1.190 0.992 0.853 0.763 0.707 0.663 0.619 0.565 0.495 0.409 0.321 0.246 0.187 0.142 0.109 0.088 0.075 0.069 0.067 0.068 0.071 0.079 0.094 0.116 0.145
23.722 21.996 20.307 18.678 16.904 14.956 12.758 10.291 7.837 5.686 3.909 2.478 1.392 0.695 0.325 0.152 0.074 0.040 0.023 0.014 0.009 0.007 0.005 0.005 0.005 0.005 0.006 0.007 0.009 0.011 0.013 0.016 0.020 0.026 0.033 0.042 0.053 0.070 0.093 0.121 0.162 0.225 0.321 0.463 0.682 1.057 1.563 1.973 2.128 2.060 1.835 1.528 1.253 1.051 0.912 0.820 0.757 0.703 0.647 0.582 0.504 0.416 0.330 0.256 0.195 0.148 0.113 0.090 0.075 0.068 0.066 0.067 0.070 0.078 0.093 0.114 0.142
20.747 19.110 17.511 15.883 13.940 11.594 8.783 6.005 3.853 2.349 1.357 0.753 0.408 0.222 0.127 0.080 0.054 0.037 0.024 0.016 0.012 0.009 0.008 0.008 0.008 0.011 0.015 0.021 0.028 0.037 0.047 0.062 0.081 0.104 0.132 0.167 0.215 0.281 0.360 0.455 0.584 0.766 1.008 1.310 1.690 2.137 2.509 2.647 2.564 2.298 1.917 1.556 1.284 1.085 0.944 0.845 0.770 0.706 0.645 0.579 0.504 0.420 0.336 0.262 0.201 0.152 0.115 0.090 0.075 0.066 0.062 0.061 0.063 0.071 0.086 0.107 0.133
17.500 15.826 13.989 11.844 9.269 6.546 4.123 2.399 1.307 0.699 0.402 0.263 0.192 0.146 0.110 0.084 0.065 0.049 0.036 0.026 0.020 0.017 0.016 0.018 0.024 0.036 0.055 0.079 0.108 0.142 0.183 0.241 0.314 0.397 0.490 0.604 0.753 0.925 1.103 1.306 1.565 1.863 2.150 2.396 2.630 2.842 2.950 2.908 2.700 2.354 1.932 1.570 1.297 1.099 0.959 0.855 0.773 0.703 0.639 0.574 0.502 0.419 0.335 0.262 0.201 0.151 0.114 0.087 0.068 0.056 0.048 0.045 0.045 0.050 0.063 0.084 0.110
13.420 11.230 8.754 6.254 4.026 2.345 1.250 0.639 0.351 0.236 0.197 0.183 0.172 0.156 0.138 0.122 0.105 0.083 0.063 0.050 0.042 0.040 0.042 0.056 0.087 0.138 0.208 0.296 0.397 0.512 0.652 0.827 1.018 1.208 1.404 1.634 1.911 2.173 2.393 2.580 2.730 2.843 2.914 2.967 3.022 3.062 3.045 2.940 2.711 2.369 1.944 1.576 1.301 1.102 0.961 0.857 0.769 0.687 0.606 0.527 0.448 0.367 0.291 0.229 0.177 0.134 0.099 0.071 0.051 0.036 0.027 0.023 0.021 0.022 0.029 0.044 0.066
8.137 5.911 3.885 2.288 1.205 0.604 0.330 0.222 0.186 0.178 0.184 0.196 0.211 0.219 0.218 0.210 0.189 0.155 0.124 0.106 0.099 0.103 0.131 0.199 0.320 0.497 0.720 0.970 1.226 1.492 1.783 2.104 2.418 2.694 2.944 3.188 3.380 3.471 3.477 3.435 3.350 3.248 3.160 3.107 3.084 3.069 3.031 2.920 2.706 2.376 1.950 1.577 1.296 1.091 0.942 0.825 0.714 0.593 0.471 0.364 0.276 0.209 0.164 0.133 0.107 0.082 0.059 0.040 0.026 0.018 0.013 0.010 0.009 0.009 0.010 0.016 0.027
4.287 2.630 1.447 0.743 0.402 0.258 0.205 0.190 0.191 0.205 0.234 0.279 0.325 0.355 0.364 0.360 0.336 0.291 0.251 0.234 0.236 0.286 0.426 0.676 1.033 1.475 1.957 2.426 2.858 3.244 3.592 3.892 4.109 4.252 4.340 4.377 4.339 4.224 4.028 3.787 3.536 3.322 3.179 3.104 3.065 3.034 2.987 2.873 2.659 2.331 1.907 1.528 1.236 1.013 0.837 0.682 0.527 0.369 0.236 0.147 0.095 0.067 0.054 0.047 0.041 0.034 0.025 0.018 0.012 0.009 0.006 0.005 0.004 0.004 0.004 0.006 0.009
2.198 1.219 0.667 0.406 0.293 0.243 0.226 0.234 0.261 0.305 0.366 0.446 0.523 0.574 0.598 0.603 0.587 0.547 0.512 0.508 0.575 0.797 1.222 1.823 2.527 3.273 3.954 4.459 4.777 4.963 5.080 5.160 5.199 5.194 5.136 5.019 4.833 4.579 4.261 3.897 3.567 3.313 3.143 3.045 2.975 2.897 2.783 2.604 2.344 2.001 1.611 1.270 0.997 0.773 0.578 0.403 0.254 0.144 0.077 0.042 0.026 0.019 0.017 0.016 0.015 0.014 0.012 0.009 0.006 0.005 0.004 0.003 0.002 0.002 0.002 0.002 0.003
1.214 0.739 0.503 0.384 0.327 0.311 0.324 0.359 0.414 0.488 0.581 0.693 0.800 0.888 0.954 0.995 1.009 0.999 0.995 1.073 1.346 1.905 2.761 3.697 4.512 5.159 5.627 5.888 5.967 5.948 5.886 5.813 5.730 5.630 5.495 5.312 5.068 4.755 4.366 3.939 3.566 3.269 3.031 2.835 2.646 2.430 2.170 1.871 1.550 1.234 0.957 0.735 0.553 0.398 0.268 0.165 0.090 0.045 0.023 0.012 0.008 0.007 0.007 0.007 0.007 0.007 0.006 0.005 0.004 0.003 0.002 0.002 0.002 0.001 0.001 0.001 0.002
0.860 0.646 0.522 0.465 0.455 0.472 0.511 0.570 0.651 0.753 0.877 1.019 1.166 1.319 1.471 1.584 1.656 1.705 1.801 2.096 2.697 3.591 4.543 5.321 5.915 6.318 6.529 6.585 6.547 6.450 6.308 6.136 5.971 5.820 5.659 5.467 5.205 4.849 4.406 3.945 3.527 3.133 2.735 2.332 1.932 1.542 1.194 0.916 0.699 0.531 0.404 0.307 0.227 0.159 0.102 0.059 0.032 0.016 0.009 0.005 0.004 0.004 0.003 0.004 0.004 0.004 0.004 0.003 0.003 0.002 0.002 0.001 0.001 0.001 0.001 0.001 0.001
0.812 0.704 0.660 0.660 0.684 0.728 0.788 0.869 0.973 1.103 1.257 1.436 1.640 1.882 2.135 2.336 2.490 2.638 2.900 3.385 4.095 4.917 5.625 6.191 6.613 6.852 6.921 6.911 6.866 6.763 6.582 6.325 6.090 5.911 5.747 5.553 5.270 4.880 4.402 3.868 3.304 2.712 2.099 1.521 1.068 0.748 0.529 0.386 0.292 0.226 0.174 0.132 0.097 0.068 0.045 0.027 0.016 0.009 0.006 0.004 0.003 0.003 0.002 0.002 0.002 0.002 0.002 0.002 0.002 0.001 0.001 0.001 0.001 0.001 0.001 0.001 0.001
0.895 0.877 0.910 0.959 1.016 1.081 1.159 1.258 1.384 1.539 1.725 1.943 2.181 2.448 2.713 2.946 3.161 3.399 3.759 4.279 4.933 5.568 6.098 6.544 6.875 7.063 7.129 7.135 7.103 6.989 6.756 6.417 6.121 5.922 5.753 5.546 5.238 4.802 4.230 3.531 2.731 1.951 1.292 0.831 0.541 0.366 0.261 0.197 0.155 0.124 0.099 0.076 0.058 0.042 0.029 0.019 0.013 0.009 0.006 0.004 0.003 0.002 0.002 0.002 0.001 0.001 0.001 0.001 0.001 0.001 0.001 0.001 0.001 0.001 0.001 0.001 0.001
1.064 1.162 1.280 1.377 1.459 1.540 1.631 1.742 1.879 2.040 2.223 2.429 2.649 2.883 3.125 3.369 3.622 3.908 4.290 4.782 5.343 5.849 6.289 6.674 6.981 7.185 7.283 7.303 7.265 7.120 6.832 6.438 6.071 5.768 5.489 5.173 4.777 4.255 3.580 2.734 1.847 1.163 0.720 0.456 0.311 0.229 0.178 0.142 0.116 0.095 0.077 0.061 0.047 0.035 0.026 0.018 0.013 0.009 0.006 0.004 0.003 0.002 0.001 0.001 0.001 0.001 0.001 0.001 0.000 0.000 0.000 0.000 0.000 0.000 0.000 0.000 0.000
1.327 1.596 1.808 1.937 2.024 2.099 2.175 2.262 2.368 2.496 2.643 2.815 2.997 3.189 3.401 3.636 3.906 4.225 4.616 5.083 5.579 6.013 6.388 6.721 7.012 7.232 7.350 7.376 7.333 7.167 6.842 6.383 5.858 5.305 4.721 4.156 3.597 2.990 2.311 1.598 1.020 0.644 0.418 0.292 0.223 0.180 0.149 0.124 0.103 0.085 0.069 0.055 0.043 0.033 0.025 0.018 0.013 0.009 0.006 0.004 0.003 0.002 0.001 0.001 0.000 0.000 0.000 0.000 0.000 0.000 0.000 0.000 0.000 0.000 0.000 0.000 0.000
1.781 2.221 2.492 2.593 2.612 2.627 2.654 2.701 2.773 2.866 2.974 3.096 3.229 3.381 3.564 3.787 4.062 4.402 4.814 5.282 5.729 6.107 6.429 6.719 6.965 7.142 7.219 7.220 7.149 6.963 6.617 6.087 5.379 4.477 3.459 2.601 1.971 1.491 1.087 0.756 0.515 0.363 0.271 0.216 0.181 0.155 0.132 0.112 0.094 0.077 0.063 0.051 0.040 0.031 0.024 0.018 0.013 0.009 0.006 0.004 0.003 0.002 0.001 0.000 0.000 0.000 0.000 0.000 0.000 0.000 0.000 0.000 0.000 0.000 0.000 0.000 0.000
2.399 2.847 3.057 3.098 3.066 3.039 3.038 3.057 3.098 3.153 3.217 3.286 3.371 3.484 3.639 3.854 4.134 4.483 4.908 5.385 5.792 6.129 6.389 6.562 6.647 6.622 6.506 6.382 6.234 6.024 5.702 5.192 4.390 3.202 2.060 1.326 0.888 0.619 0.449 0.340 0.269 0.222 0.191 0.169 0.150 0.133 0.117 0.101 0.085 0.071 0.058 0.047 0.038 0.029 0.023 0.017 0.013 0.009 0.006 0.004 0.003 0.001 0.000 0.000 0.000 0.000 0.000 0.000 0.000 0.000 0.000 0.000 0.000 0.000 0.000 0.000 0.000
