RESULTS/r.avaflow_results/14_results/14_ascii/14_hflow10024.asc
ncols 506
nrows 317
xllcenter 498237.50
yllcenter 5580050.00
cellsize 12.50
NODATA_value -9999.000
[rows 170 to 203 of 317, columns 231 to 307 of 506]
0.111 0.088 0.063 0.042 0.029 0.020 0.014 0.010 0.007 0.006 0.004 0.004 0.003 0.003 0.003 0.002 0.002 0.001 0.001 0.001 0.001 0.001 0.001 0.001 0.001 0.001 0.001 0.001 0.000 0.000 0.000 0.000 0.000 0.000 0.000 0.000 0.000 0.000 0.000 0.000 0.000 0.000 0.000 0.000 0.000 0.000 0.000 0.000 0.000 0.000 0.000 0.000 0.000 0.000 0.000 0.000 0.000 0.000 0.000 0.000 0.000 0.000 0.000 0.000 0.000 0.000 0.000 0.000 0.000 0.000 0.000 0.000 0.000 0.000 0.000 0.000 0.000
0.121 0.107 0.086 0.064 0.045 0.032 0.023 0.017 0.013 0.010 0.008 0.007 0.006 0.005 0.005 0.004 0.004 0.002 0.001 0.001 0.001 0.001 0.001 0.001 0.001 0.001 0.001 0.001 0.001 0.001 0.000 0.000 0.000 0.000 0.000 0.000 0.000 0.000 0.000 0.000 0.000 0.000 0.000 0.000 0.000 0.000 0.000 0.000 0.000 0.000 0.000 0.000 0.000 0.000 0.000 0.000 0.000 0.000 0.000 0.000 0.000 0.000 0.000 0.000 0.000 0.000 0.000 0.000 0.000 0.000 0.000 0.000 0.000 0.000 0.000 0.000 0.000
0.123 0.115 0.100 0.081 0.062 0.047 0.036 0.028 0.022 0.018 0.014 0.012 0.011 0.010 0.010 0.009 0.007 0.005 0.003 0.001 0.001 0.001 0.001 0.001 0.001 0.001 0.001 0.001 0.001 0.001 0.001 0.000 0.000 0.000 0.000 0.000 0.000 0.000 0.000 0.000 0.000 0.000 0.000 0.000 0.000 0.000 0.000 0.000 0.000 0.000 0.000 0.000 0.000 0.000 0.000 0.000 0.000 0.000 0.000 0.000 0.000 0.000 0.000 0.000 0.000 0.000 0.000 0.000 0.000 0.000 0.000 0.000 0.000 0.000 0.000 0.000 0.000
0.120 0.117 0.108 0.094 0.077 0.060 0.047 0.038 0.031 0.026 0.024 0.022 0.020 0.019 0.019 0.017 0.014 0.009 0.005 0.003 0.001 0.001 0.001 0.001 0.001 0.001 0.001 0.001 0.001 0.001 0.001 0.001 0.000 0.000 0.000 0.000 0.000 0.000 0.000 0.000 0.000 0.000 0.000 0.000 0.000 0.000 0.000 0.000 0.000 0.000 0.000 0.000 0.000 0.000 0.000 0.000 0.000 0.000 0.000 0.000 0.000 0.000 0.000 0.000 0.000 0.000 0.000 0.000 0.000 0.000 0.000 0.000 0.000 0.000 0.000 0.000 0.000
0.115 0.115 0.111 0.102 0.088 0.071 0.056 0.046 0.037 0.033 0.032 0.032 0.033 0.034 0.033 0.031 0.026 0.018 0.010 0.005 0.002 0.001 0.001 0.001 0.001 0.001 0.001 0.001 0.001 0.001 0.001 0.001 0.001 0.000 0.000 0.000 0.000 0.000 0.000 0.000 0.000 0.000 0.000 0.000 0.000 0.000 0.000 0.000 0.000 0.000 0.000 0.000 0.000 0.000 0.000 0.000 0.000 0.000 0.000 0.000 0.000 0.000 0.000 0.000 0.000 0.000 0.000 0.000 0.000 0.000 0.000 0.000 0.000 0.000 0.000 0.000 0.000
0.104 0.111 0.111 0.105 0.095 0.080 0.064 0.052 0.044 0.039 0.038 0.039 0.041 0.044 0.046 0.046 0.042 0.033 0.020 0.010 0.005 0.002 0.001 0.001 0.001 0.001 0.001 0.001 0.001 0.001 0.001 0.001 0.001 0.001 0.000 0.000 0.000 0.000 0.000 0.000 0.000 0.000 0.000 0.000 0.000 0.000 0.000 0.000 0.000 0.000 0.000 0.000 0.000 0.000 0.000 0.000 0.000 0.000 0.000 0.000 0.000 0.000 0.000 0.000 0.000 0.000 0.000 0.000 0.000 0.000 0.000 0.000 0.000 0.000 0.000 0.000 0.000
0.086 0.102 0.106 0.104 0.098 0.086 0.072 0.059 0.050 0.045 0.043 0.043 0.044 0.048 0.052 0.054 0.054 0.050 0.039 0.022 0.010 0.004 0.002 0.001 0.001 0.001 0.001 0.001 0.001 0.001 0.001 0.001 0.001 0.001 0.001 0.000 0.000 0.000 0.000 0.000 0.000 0.000 0.000 0.000 0.000 0.000 0.000 0.000 0.000 0.000 0.000 0.000 0.000 0.000 0.000 0.000 0.000 0.000 0.000 0.000 0.000 0.000 0.000 0.000 0.000 0.000 0.000 0.000 0.000 0.000 0.000 0.000 0.000 0.000 0.000 0.000 0.000
0.062 0.085 0.097 0.100 0.097 0.090 0.079 0.067 0.057 0.051 0.047 0.046 0.046 0.048 0.052 0.056 0.060 0.060 0.055 0.039 0.019 0.008 0.003 0.002 0.001 0.001 0.001 0.001 0.001 0.001 0.001 0.001 0.001 0.001 0.001 0.001 0.000 0.000 0.000 0.000 0.000 0.000 0.000 0.000 0.000 0.000 0.000 0.000 0.000 0.000 0.000 0.000 0.000 0.000 0.000 0.000 0.000 0.000 0.000 0.000 0.000 0.000 0.000 0.000 0.000 0.000 0.000 0.000 0.000 0.000 0.000 0.000 0.000 0.000 0.000 0.000 0.000
0.040 0.063 0.082 0.091 0.094 0.091 0.085 0.076 0.066 0.058 0.052 0.048 0.047 0.048 0.051 0.055 0.060 0.062 0.061 0.052 0.031 0.014 0.006 0.003 0.001 0.001 0.001 0.001 0.001 0.001 0.001 0.001 0.001 0.001 0.001 0.001 0.000 0.000 0.000 0.000 0.000 0.000 0.000 0.000 0.000 0.000 0.000 0.000 0.000 0.000 0.000 0.000 0.000 0.000 0.000 0.000 0.000 0.000 0.000 0.000 0.000 0.000 0.000 0.000 0.000 0.000 0.000 0.000 0.000 0.000 0.000 0.000 0.000 0.000 0.000 0.000 0.000
0.026 0.043 0.063 0.079 0.087 0.089 0.087 0.082 0.075 0.067 0.058 0.052 0.049 0.048 0.049 0.052 0.057 0.061 0.061 0.057 0.043 0.023 0.010 0.004 0.002 0.001 0.001 0.001 0.001 0.001 0.001 0.001 0.001 0.001 0.001 0.001 0.001 0.000 0.000 0.000 0.000 0.000 0.000 0.000 0.000 0.000 0.000 0.000 0.000 0.000 0.000 0.000 0.000 0.000 0.000 0.000 0.000 0.000 0.000 0.000 0.000 0.000 0.000 0.000 0.000 0.000 0.000 0.000 0.000 0.000 0.000 0.000 0.000 0.000 0.000 0.000 0.000
0.018 0.030 0.046 0.063 0.077 0.084 0.086 0.084 0.081 0.075 0.066 0.057 0.051 0.049 0.048 0.049 0.053 0.056 0.058 0.057 0.050 0.033 0.016 0.007 0.003 0.002 0.001 0.001 0.001 0.001 0.001 0.001 0.001 0.001 0.001 0.001 0.001 0.001 0.000 0.000 0.000 0.000 0.000 0.000 0.000 0.000 0.000 0.000 0.000 0.000 0.000 0.000 0.000 0.000 0.000 0.000 0.000 0.000 0.000 0.000 0.000 0.000 0.000 0.000 0.000 0.000 0.000 0.000 0.000 0.000 0.000 0.000 0.000 0.000 0.000 0.000 0.000
0.014 0.021 0.033 0.048 0.064 0.075 0.081 0.083 0.082 0.079 0.074 0.065 0.056 0.051 0.048 0.048 0.049 0.051 0.054 0.055 0.052 0.042 0.024 0.011 0.005 0.002 0.001 0.001 0.001 0.001 0.001 0.001 0.001 0.001 0.001 0.001 0.001 0.001 0.001 0.000 0.000 0.000 0.000 0.000 0.000 0.000 0.000 0.000 0.000 0.000 0.000 0.000 0.000 0.000 0.000 0.000 0.000 0.000 0.000 0.000 0.000 0.000 0.000 0.000 0.000 0.000 0.000 0.000 0.000 0.000 0.000 0.000 0.000 0.000 0.000 0.000 0.000
0.011 0.016 0.024 0.035 0.049 0.063 0.073 0.079 0.081 0.081 0.077 0.071 0.062 0.054 0.049 0.047 0.047 0.048 0.051 0.052 0.052 0.047 0.032 0.016 0.007 0.003 0.002 0.001 0.001 0.001 0.001 0.001 0.001 0.001 0.001 0.001 0.001 0.001 0.001 0.000 0.000 0.000 0.000 0.000 0.000 0.000 0.000 0.000 0.000 0.000 0.000 0.000 0.000 0.000 0.000 0.000 0.000 0.000 0.000 0.000 0.000 0.000 0.000 0.000 0.000 0.000 0.000 0.000 0.000 0.000 0.000 0.000 0.000 0.000 0.000 0.000 0.000
0.009 0.013 0.018 0.026 0.037 0.049 0.061 0.072 0.078 0.079 0.078 0.073 0.066 0.057 0.050 0.046 0.045 0.046 0.049 0.051 0.051 0.049 0.040 0.024 0.011 0.005 0.003 0.001 0.001 0.001 0.001 0.001 0.001 0.001 0.001 0.001 0.001 0.001 0.001 0.001 0.000 0.000 0.000 0.000 0.000 0.000 0.000 0.000 0.000 0.000 0.000 0.000 0.000 0.000 0.000 0.000 0.000 0.000 0.000 0.000 0.000 0.000 0.000 0.000 0.000 0.000 0.000 0.000 0.000 0.000 0.000 0.000 0.000 0.000 0.000 0.000 0.000
0.009 0.011 0.015 0.021 0.029 0.038 0.049 0.061 0.071 0.075 0.076 0.073 0.068 0.060 0.051 0.046 0.044 0.044 0.046 0.049 0.050 0.050 0.046 0.033 0.017 0.008 0.004 0.002 0.001 0.001 0.001 0.001 0.001 0.001 0.001 0.001 0.001 0.001 0.001 0.001 0.000 0.000 0.000 0.000 0.000 0.000 0.000 0.000 0.000 0.000 0.000 0.000 0.000 0.000 0.000 0.000 0.000 0.000 0.000 0.001 0.001 0.001 0.001 0.001 0.000 0.000 0.000 0.000 0.000 0.000 0.000 0.000 0.000 0.000 0.000 0.000 0.000
0.009 0.011 0.014 0.018 0.024 0.032 0.041 0.051 0.061 0.068 0.071 0.071 0.069 0.063 0.054 0.047 0.043 0.043 0.044 0.047 0.049 0.050 0.048 0.041 0.026 0.013 0.007 0.003 0.002 0.001 0.001 0.001 0.001 0.001 0.001 0.001 0.001 0.001 0.001 0.001 0.001 0.000 0.000 0.000 0.000 0.000 0.000 0.000 0.000 0.000 0.000 0.000 0.000 0.000 0.000 0.000 0.001 0.001 0.001 0.001 0.002 0.002 0.002 0.001 0.001 0.001 0.001 0.000 0.000 0.000 0.000 0.000 0.000 0.000 0.000 0.000 0.000
0.010 0.012 0.014 0.018 0.023 0.029 0.036 0.043 0.051 0.059 0.064 0.066 0.067 0.064 0.058 0.050 0.044 0.042 0.042 0.044 0.047 0.048 0.048 0.044 0.034 0.020 0.011 0.006 0.003 0.002 0.001 0.001 0.001 0.001 0.001 0.001 0.001 0.001 0.001 0.001 0.001 0.001 0.001 0.000 0.000 0.000 0.000 0.000 0.000 0.000 0.000 0.000 0.000 0.000 0.001 0.001 0.001 0.002 0.003 0.003 0.004 0.004 0.004 0.004 0.003 0.002 0.002 0.001 0.001 0.000 0.000 0.000 0.000 0.000 0.000 0.000 0.000
0.013 0.015 0.016 0.019 0.023 0.027 0.032 0.038 0.045 0.051 0.057 0.061 0.063 0.063 0.061 0.055 0.047 0.042 0.041 0.042 0.044 0.046 0.047 0.046 0.041 0.031 0.020 0.012 0.007 0.004 0.003 0.002 0.001 0.001 0.001 0.001 0.001 0.001 0.001 0.001 0.001 0.001 0.001 0.001 0.001 0.001 0.001 0.001 0.001 0.001 0.001 0.001 0.001 0.001 0.001 0.002 0.003 0.004 0.006 0.008 0.010 0.010 0.010 0.009 0.008 0.006 0.004 0.003 0.002 0.001 0.001 0.000 0.000 0.000 0.000 0.000 0.000
0.019 0.021 0.021 0.022 0.024 0.027 0.031 0.035 0.041 0.047 0.052 0.057 0.060 0.062 0.061 0.058 0.051 0.044 0.041 0.041 0.042 0.044 0.048 0.052 0.053 0.049 0.039 0.026 0.015 0.009 0.006 0.004 0.003 0.002 0.002 0.001 0.001 0.001 0.001 0.001 0.001 0.001 0.001 0.001 0.002 0.002 0.002 0.002 0.002 0.002 0.002 0.002 0.002 0.002 0.003 0.005 0.007 0.011 0.015 0.018 0.020 0.021 0.021 0.020 0.016 0.012 0.009 0.007 0.005 0.003 0.002 0.001 0.000 0.000 0.000 0.000 0.000
0.023 0.026 0.028 0.028 0.028 0.029 0.031 0.035 0.040 0.046 0.050 0.054 0.058 0.061 0.061 0.060 0.055 0.048 0.042 0.041 0.042 0.046 0.059 0.072 0.078 0.079 0.072 0.054 0.034 0.021 0.014 0.010 0.007 0.005 0.004 0.003 0.003 0.002 0.002 0.002 0.002 0.003 0.003 0.004 0.004 0.004 0.004 0.004 0.004 0.004 0.004 0.005 0.005 0.006 0.008 0.012 0.017 0.024 0.030 0.034 0.036 0.036 0.034 0.030 0.024 0.019 0.015 0.012 0.009 0.006 0.004 0.002 0.001 0.001 0.000 0.000 0.000
0.023 0.027 0.030 0.032 0.034 0.035 0.036 0.038 0.042 0.047 0.050 0.053 0.057 0.060 0.061 0.060 0.058 0.052 0.045 0.043 0.047 0.063 0.095 0.120 0.131 0.132 0.124 0.101 0.069 0.046 0.032 0.023 0.017 0.013 0.010 0.008 0.006 0.006 0.006 0.006 0.007 0.008 0.009 0.010 0.010 0.010 0.010 0.010 0.010 0.010 0.010 0.011 0.012 0.015 0.020 0.026 0.034 0.040 0.044 0.045 0.044 0.042 0.038 0.033 0.027 0.022 0.018 0.014 0.011 0.008 0.006 0.004 0.002 0.001 0.000 0.000 0.000
0.020 0.025 0.029 0.033 0.036 0.040 0.045 0.048 0.049 0.051 0.052 0.054 0.057 0.060 0.060 0.061 0.059 0.055 0.052 0.056 0.074 0.118 0.167 0.192 0.197 0.191 0.174 0.144 0.109 0.082 0.063 0.049 0.037 0.029 0.022 0.017 0.015 0.014 0.014 0.015 0.017 0.020 0.022 0.023 0.024 0.024 0.024 0.023 0.023 0.022 0.023 0.024 0.028 0.034 0.040 0.045 0.047 0.048 0.048 0.047 0.045 0.042 0.038 0.032 0.026 0.022 0.018 0.014 0.011 0.009 0.007 0.005 0.003 0.002 0.001 0.000 0.000
0.012 0.018 0.024 0.029 0.034 0.040 0.049 0.058 0.063 0.063 0.060 0.059 0.059 0.061 0.062 0.063 0.064 0.067 0.076 0.099 0.143 0.194 0.223 0.231 0.229 0.217 0.193 0.159 0.127 0.104 0.088 0.074 0.063 0.052 0.043 0.036 0.032 0.031 0.031 0.034 0.039 0.045 0.048 0.049 0.049 0.048 0.046 0.043 0.042 0.042 0.042 0.045 0.049 0.053 0.055 0.055 0.052 0.050 0.047 0.045 0.042 0.038 0.033 0.027 0.022 0.019 0.016 0.013 0.011 0.009 0.007 0.006 0.004 0.002 0.001 0.000 0.000
0.005 0.008 0.013 0.020 0.027 0.035 0.046 0.059 0.071 0.077 0.076 0.073 0.072 0.073 0.076 0.080 0.089 0.108 0.143 0.184 0.217 0.232 0.237 0.237 0.233 0.219 0.194 0.159 0.129 0.108 0.093 0.082 0.073 0.066 0.061 0.057 0.055 0.055 0.057 0.063 0.070 0.075 0.076 0.075 0.072 0.067 0.060 0.056 0.054 0.055 0.056 0.058 0.060 0.060 0.059 0.056 0.052 0.047 0.043 0.038 0.033 0.027 0.021 0.017 0.014 0.012 0.011 0.010 0.009 0.008 0.007 0.005 0.004 0.002 0.001 0.001 0.000
0.002 0.003 0.005 0.009 0.014 0.023 0.035 0.051 0.069 0.083 0.093 0.101 0.106 0.114 0.123 0.138 0.164 0.201 0.233 0.246 0.242 0.235 0.232 0.229 0.222 0.205 0.180 0.147 0.121 0.103 0.090 0.081 0.073 0.068 0.065 0.065 0.065 0.068 0.072 0.080 0.086 0.087 0.087 0.085 0.080 0.073 0.064 0.060 0.058 0.059 0.060 0.061 0.061 0.060 0.058 0.053 0.047 0.039 0.031 0.024 0.019 0.014 0.011 0.009 0.008 0.007 0.007 0.006 0.006 0.006 0.006 0.005 0.004 0.002 0.001 0.001 0.000
0.001 0.001 0.002 0.003 0.006 0.010 0.018 0.033 0.054 0.076 0.100 0.132 0.166 0.191 0.212 0.232 0.253 0.269 0.272 0.261 0.241 0.221 0.208 0.195 0.180 0.158 0.134 0.110 0.092 0.082 0.075 0.070 0.066 0.064 0.063 0.064 0.066 0.070 0.075 0.083 0.088 0.089 0.088 0.085 0.080 0.073 0.065 0.060 0.059 0.059 0.060 0.059 0.058 0.054 0.047 0.040 0.031 0.023 0.017 0.013 0.010 0.008 0.007 0.006 0.005 0.005 0.005 0.005 0.005 0.005 0.004 0.004 0.003 0.002 0.001 0.001 0.000
0.001 0.001 0.001 0.001 0.002 0.004 0.007 0.015 0.030 0.055 0.090 0.141 0.196 0.234 0.257 0.272 0.281 0.282 0.275 0.255 0.222 0.186 0.154 0.124 0.099 0.080 0.066 0.055 0.048 0.045 0.045 0.046 0.047 0.050 0.054 0.058 0.062 0.067 0.074 0.081 0.085 0.085 0.084 0.081 0.076 0.069 0.063 0.059 0.057 0.056 0.055 0.052 0.045 0.035 0.026 0.020 0.016 0.012 0.009 0.008 0.007 0.006 0.005 0.005 0.005 0.005 0.005 0.005 0.005 0.004 0.003 0.003 0.002 0.002 0.002 0.001 0.001
0.001 0.001 0.001 0.001 0.001 0.002 0.003 0.005 0.012 0.028 0.064 0.127 0.196 0.238 0.262 0.274 0.278 0.275 0.259 0.227 0.177 0.126 0.087 0.063 0.050 0.043 0.037 0.031 0.027 0.025 0.025 0.025 0.027 0.030 0.036 0.043 0.051 0.060 0.067 0.073 0.075 0.075 0.073 0.069 0.064 0.059 0.056 0.053 0.051 0.048 0.042 0.033 0.023 0.015 0.012 0.010 0.008 0.007 0.006 0.006 0.005 0.005 0.005 0.005 0.005 0.005 0.005 0.005 0.004 0.003 0.003 0.002 0.002 0.002 0.002 0.001 0.001
0.000 0.001 0.001 0.001 0.001 0.001 0.001 0.002 0.004 0.012 0.035 0.092 0.171 0.222 0.247 0.257 0.257 0.246 0.219 0.171 0.114 0.072 0.049 0.038 0.034 0.032 0.029 0.026 0.022 0.020 0.019 0.019 0.020 0.021 0.024 0.028 0.035 0.044 0.052 0.055 0.056 0.054 0.051 0.047 0.043 0.041 0.040 0.038 0.035 0.030 0.022 0.015 0.010 0.007 0.006 0.006 0.005 0.005 0.005 0.005 0.005 0.005 0.005 0.005 0.005 0.005 0.005 0.004 0.004 0.003 0.002 0.002 0.002 0.002 0.002 0.001 0.001
0.000 0.000 0.001 0.001 0.001 0.001 0.001 0.001 0.002 0.005 0.015 0.049 0.118 0.179 0.207 0.215 0.212 0.195 0.157 0.105 0.064 0.041 0.030 0.027 0.028 0.028 0.028 0.025 0.021 0.019 0.018 0.018 0.018 0.019 0.020 0.022 0.025 0.029 0.033 0.034 0.034 0.033 0.030 0.027 0.025 0.024 0.022 0.021 0.018 0.014 0.011 0.008 0.006 0.005 0.004 0.004 0.004 0.004 0.004 0.005 0.005 0.005 0.005 0.005 0.005 0.005 0.005 0.004 0.003 0.003 0.002 0.002 0.002 0.002 0.002 0.002 0.001
0.000 0.000 0.000 0.000 0.001 0.001 0.001 0.001 0.001 0.002 0.005 0.018 0.055 0.105 0.133 0.141 0.137 0.122 0.092 0.056 0.034 0.023 0.020 0.021 0.025 0.027 0.027 0.026 0.022 0.019 0.018 0.018 0.018 0.018 0.019 0.020 0.021 0.022 0.023 0.023 0.023 0.021 0.019 0.018 0.016 0.015 0.014 0.012 0.010 0.008 0.007 0.005 0.005 0.004 0.004 0.004 0.004 0.004 0.004 0.005 0.005 0.005 0.005 0.005 0.005 0.005 0.005 0.004 0.003 0.003 0.002 0.002 0.002 0.002 0.002 0.002 0.002
0.000 0.000 0.000 0.000 0.000 0.000 0.001 0.001 0.001 0.001 0.002 0.005 0.016 0.039 0.055 0.061 0.061 0.056 0.043 0.026 0.016 0.012 0.012 0.015 0.022 0.026 0.027 0.026 0.023 0.020 0.019 0.018 0.018 0.018 0.018 0.018 0.018 0.018 0.018 0.018 0.017 0.015 0.014 0.012 0.011 0.010 0.010 0.008 0.007 0.006 0.005 0.005 0.004 0.004 0.003 0.003 0.003 0.004 0.004 0.005 0.005 0.005 0.005 0.005 0.005 0.005 0.004 0.003 0.003 0.002 0.002 0.002 0.002 0.002 0.002 0.002 0.002
0.000 0.000 0.000 0.000 0.000 0.000 0.000 0.000 0.001 0.001 0.001 0.002 0.004 0.011 0.017 0.020 0.021 0.021 0.017 0.011 0.007 0.006 0.007 0.011 0.018 0.023 0.025 0.025 0.024 0.021 0.020 0.019 0.019 0.018 0.017 0.017 0.017 0.016 0.015 0.014 0.013 0.011 0.010 0.009 0.009 0.008 0.008 0.007 0.006 0.005 0.005 0.004 0.004 0.004 0.003 0.003 0.003 0.004 0.004 0.005 0.005 0.005 0.005 0.005 0.005 0.005 0.004 0.003 0.003 0.002 0.002 0.002 0.002 0.002 0.002 0.002 0.002
0.000 0.000 0.000 0.000 0.000 0.000 0.000 0.000 0.000 0.001 0.001 0.001 0.001 0.003 0.005 0.006 0.007 0.007 0.006 0.004 0.003 0.003 0.004 0.006 0.012 0.018 0.021 0.022 0.022 0.021 0.020 0.019 0.018 0.018 0.017 0.016 0.015 0.014 0.013 0.011 0.010 0.009 0.008 0.008 0.007 0.007 0.007 0.007 0.006 0.005 0.005 0.004 0.004 0.004 0.003 0.003 0.003 0.004 0.004 0.005 0.005 0.005 0.005 0.005 0.005 0.004 0.004 0.003 0.003 0.003 0.003 0.003 0.003 0.003 0.003 0.002 0.002
