RESULTS/r.avaflow_results/14_results/14_ascii/14_hflow30052.asc
ncols 506
nrows 317
xllcenter 498237.50
yllcenter 5580050.00
cellsize 12.50
NODATA_value -9999.000
[rows 170 to 203 of 317, columns 154 to 230 of 506]
0.827 1.103 1.454 1.892 2.435 3.086 3.871 4.784 5.801 6.889 7.845 8.551 8.969 9.148 9.204 9.191 9.093 8.889 8.596 8.244 7.832 7.309 6.646 5.941 5.340 4.853 4.495 4.239 4.047 3.900 3.780 3.684 3.599 3.498 3.376 3.282 3.215 3.140 3.012 2.787 2.502 2.301 2.154 2.010 1.841 1.617 1.327 1.040 0.793 0.577 0.411 0.306 0.244 0.205 0.179 0.162 0.154 0.155 0.162 0.171 0.176 0.178 0.179 0.183 0.190 0.205 0.241 0.331 0.539 0.904 1.197 1.307 1.300 1.167 0.855 0.506 0.292
0.645 0.875 1.176 1.561 2.054 2.668 3.446 4.413 5.542 6.793 7.998 9.032 9.803 10.259 10.455 10.485 10.427 10.237 9.886 9.388 8.780 8.084 7.268 6.395 5.653 5.039 4.569 4.255 4.081 4.007 3.971 3.937 3.888 3.787 3.615 3.450 3.320 3.191 3.030 2.783 2.477 2.250 2.069 1.885 1.668 1.376 0.995 0.643 0.394 0.249 0.172 0.131 0.110 0.099 0.094 0.094 0.098 0.108 0.119 0.126 0.128 0.126 0.123 0.121 0.122 0.128 0.148 0.202 0.331 0.597 0.943 1.157 1.223 1.204 1.078 0.807 0.507
0.508 0.704 0.965 1.306 1.751 2.315 3.040 3.975 5.136 6.494 7.922 9.273 10.418 11.238 11.726 11.911 11.908 11.786 11.464 10.927 10.198 9.315 8.301 7.189 6.200 5.373 4.717 4.278 4.059 3.992 3.986 3.984 3.960 3.862 3.672 3.468 3.307 3.144 2.939 2.637 2.254 1.945 1.684 1.428 1.141 0.801 0.474 0.265 0.155 0.101 0.075 0.062 0.056 0.054 0.054 0.058 0.067 0.080 0.090 0.095 0.095 0.092 0.087 0.084 0.083 0.085 0.095 0.126 0.201 0.360 0.654 0.968 1.136 1.184 1.165 1.059 0.822
0.403 0.571 0.798 1.103 1.507 2.030 2.709 3.586 4.691 6.051 7.658 9.350 10.835 12.022 12.837 13.275 13.394 13.363 13.161 12.728 12.017 11.040 9.843 8.475 7.140 6.006 5.094 4.446 4.072 3.924 3.901 3.906 3.894 3.814 3.639 3.405 3.183 2.961 2.685 2.272 1.749 1.311 0.967 0.704 0.486 0.300 0.171 0.100 0.064 0.046 0.038 0.034 0.033 0.033 0.034 0.039 0.047 0.060 0.068 0.071 0.071 0.068 0.063 0.060 0.059 0.060 0.066 0.083 0.125 0.213 0.387 0.692 0.996 1.142 1.174 1.147 1.035
0.319 0.462 0.659 0.932 1.301 1.791 2.433 3.274 4.346 5.697 7.368 9.304 11.102 12.594 13.696 14.396 14.700 14.757 14.663 14.369 13.798 12.902 11.669 10.123 8.412 6.929 5.732 4.826 4.210 3.852 3.689 3.643 3.632 3.593 3.443 3.169 2.865 2.561 2.185 1.625 1.036 0.638 0.403 0.262 0.169 0.105 0.065 0.043 0.032 0.026 0.023 0.022 0.022 0.022 0.024 0.027 0.035 0.045 0.051 0.053 0.053 0.051 0.047 0.046 0.045 0.046 0.050 0.060 0.082 0.129 0.223 0.414 0.745 1.032 1.140 1.147 1.100
0.250 0.369 0.538 0.781 1.116 1.578 2.189 3.003 4.061 5.416 7.128 9.198 11.212 12.892 14.187 15.105 15.625 15.815 15.812 15.623 15.139 14.294 13.039 11.358 9.362 7.627 6.250 5.194 4.411 3.865 3.523 3.349 3.265 3.174 2.956 2.604 2.234 1.848 1.376 0.862 0.484 0.267 0.155 0.097 0.064 0.043 0.031 0.024 0.020 0.017 0.016 0.016 0.016 0.016 0.017 0.020 0.025 0.033 0.038 0.040 0.040 0.039 0.038 0.037 0.038 0.039 0.043 0.049 0.061 0.085 0.137 0.245 0.473 0.812 1.033 1.098 1.089
0.196 0.293 0.436 0.646 0.946 1.373 1.957 2.743 3.790 5.159 6.912 9.063 11.203 12.965 14.347 15.383 16.060 16.394 16.469 16.353 15.924 15.095 13.804 12.016 9.841 7.959 6.491 5.373 4.527 3.890 3.435 3.121 2.857 2.534 2.084 1.628 1.259 0.937 0.622 0.359 0.195 0.107 0.064 0.042 0.030 0.023 0.018 0.016 0.014 0.013 0.012 0.012 0.012 0.012 0.013 0.015 0.018 0.024 0.028 0.030 0.031 0.032 0.032 0.033 0.035 0.037 0.040 0.044 0.051 0.065 0.094 0.156 0.287 0.545 0.826 0.973 1.018
0.155 0.234 0.352 0.529 0.787 1.168 1.706 2.455 3.474 4.836 6.594 8.751 10.983 12.823 14.268 15.354 16.099 16.506 16.627 16.541 16.148 15.329 14.015 12.176 9.939 8.021 6.537 5.414 4.558 3.882 3.321 2.809 2.242 1.611 1.059 0.713 0.501 0.346 0.220 0.129 0.075 0.046 0.031 0.023 0.018 0.015 0.013 0.011 0.010 0.010 0.009 0.009 0.009 0.009 0.010 0.011 0.013 0.016 0.020 0.023 0.025 0.028 0.030 0.032 0.034 0.036 0.039 0.042 0.047 0.056 0.074 0.110 0.186 0.334 0.563 0.761 0.875
0.125 0.189 0.286 0.433 0.648 0.970 1.440 2.123 3.079 4.379 6.077 8.171 10.424 12.315 13.811 14.934 15.722 16.180 16.348 16.301 15.954 15.154 13.844 12.001 9.789 7.909 6.447 5.336 4.468 3.716 2.986 2.189 1.381 0.761 0.412 0.241 0.158 0.108 0.072 0.048 0.033 0.024 0.018 0.015 0.012 0.011 0.009 0.008 0.008 0.007 0.007 0.007 0.007 0.007 0.007 0.008 0.009 0.011 0.014 0.018 0.021 0.025 0.029 0.032 0.034 0.037 0.039 0.042 0.047 0.053 0.066 0.090 0.136 0.222 0.362 0.529 0.662
0.101 0.154 0.234 0.353 0.529 0.792 1.179 1.755 2.591 3.757 5.312 7.279 9.454 11.297 12.760 13.876 14.687 15.178 15.380 15.372 15.084 14.335 13.064 11.297 9.254 7.511 6.080 4.913 3.936 3.031 2.119 1.243 0.617 0.281 0.132 0.075 0.052 0.038 0.029 0.023 0.018 0.015 0.012 0.011 0.009 0.008 0.007 0.006 0.005 0.005 0.005 0.005 0.005 0.005 0.005 0.005 0.006 0.008 0.011 0.014 0.018 0.024 0.029 0.032 0.035 0.038 0.040 0.043 0.047 0.053 0.064 0.084 0.119 0.177 0.266 0.386 0.506
0.082 0.125 0.189 0.285 0.428 0.641 0.953 1.411 2.071 3.013 4.335 6.107 8.140 9.854 11.215 12.283 13.070 13.557 13.765 13.763 13.490 12.771 11.575 9.993 8.285 6.735 5.257 3.870 2.675 1.689 0.950 0.467 0.205 0.088 0.044 0.029 0.023 0.019 0.016 0.014 0.012 0.010 0.009 0.008 0.007 0.006 0.005 0.004 0.004 0.003 0.003 0.003 0.003 0.003 0.003 0.004 0.005 0.006 0.008 0.012 0.017 0.023 0.029 0.034 0.037 0.040 0.043 0.046 0.049 0.055 0.066 0.085 0.118 0.170 0.244 0.340 0.454
0.067 0.101 0.153 0.230 0.345 0.515 0.763 1.122 1.632 2.350 3.357 4.770 6.520 8.115 9.399 10.405 11.120 11.537 11.687 11.643 11.316 10.548 9.379 8.051 6.736 5.372 3.726 2.192 1.166 0.595 0.283 0.128 0.059 0.031 0.020 0.016 0.014 0.012 0.011 0.010 0.008 0.007 0.006 0.005 0.005 0.004 0.003 0.003 0.002 0.002 0.002 0.002 0.002 0.002 0.003 0.003 0.004 0.005 0.008 0.011 0.016 0.023 0.030 0.036 0.040 0.044 0.047 0.051 0.054 0.061 0.073 0.096 0.132 0.184 0.257 0.350 0.466
0.054 0.082 0.123 0.184 0.274 0.406 0.598 0.873 1.259 1.791 2.525 3.532 4.825 6.181 7.340 8.236 8.839 9.148 9.221 9.101 8.587 7.529 6.216 5.088 4.071 2.943 1.680 0.786 0.337 0.148 0.070 0.037 0.022 0.015 0.012 0.011 0.009 0.009 0.008 0.007 0.006 0.005 0.004 0.004 0.003 0.003 0.002 0.002 0.002 0.002 0.002 0.002 0.002 0.002 0.003 0.003 0.004 0.005 0.007 0.011 0.016 0.023 0.032 0.039 0.045 0.050 0.055 0.060 0.066 0.077 0.096 0.129 0.180 0.247 0.331 0.435 0.576
0.043 0.065 0.098 0.145 0.213 0.312 0.454 0.658 0.940 1.323 1.837 2.522 3.407 4.371 5.183 5.783 6.162 6.323 6.276 5.902 5.045 3.853 2.823 2.097 1.487 0.913 0.435 0.171 0.071 0.037 0.022 0.016 0.012 0.010 0.008 0.007 0.007 0.006 0.005 0.005 0.004 0.003 0.003 0.003 0.002 0.002 0.001 0.001 0.001 0.001 0.001 0.002 0.002 0.002 0.003 0.004 0.005 0.006 0.008 0.011 0.017 0.025 0.034 0.043 0.052 0.060 0.068 0.078 0.091 0.113 0.151 0.210 0.292 0.394 0.510 0.648 0.840
0.035 0.052 0.077 0.112 0.163 0.235 0.337 0.482 0.683 0.952 1.304 1.755 2.314 2.889 3.344 3.632 3.751 3.698 3.413 2.809 2.042 1.345 0.870 0.560 0.333 0.168 0.073 0.034 0.021 0.015 0.011 0.009 0.008 0.007 0.006 0.005 0.004 0.004 0.004 0.003 0.003 0.002 0.002 0.002 0.001 0.001 0.001 0.001 0.001 0.001 0.002 0.002 0.003 0.004 0.005 0.006 0.007 0.008 0.010 0.014 0.020 0.029 0.039 0.051 0.063 0.075 0.091 0.110 0.137 0.181 0.252 0.357 0.491 0.648 0.819 1.016 1.283
0.027 0.040 0.059 0.085 0.122 0.174 0.246 0.347 0.485 0.669 0.905 1.191 1.491 1.744 1.920 1.996 1.968 1.786 1.406 0.920 0.524 0.298 0.177 0.105 0.059 0.032 0.019 0.013 0.010 0.008 0.007 0.006 0.005 0.004 0.004 0.003 0.003 0.003 0.002 0.002 0.002 0.002 0.001 0.001 0.001 0.001 0.001 0.001 0.001 0.002 0.003 0.005 0.006 0.007 0.009 0.010 0.011 0.012 0.015 0.020 0.027 0.037 0.050 0.064 0.080 0.100 0.126 0.162 0.209 0.280 0.386 0.538 0.736 0.976 1.241 1.532 1.884
0.021 0.030 0.044 0.064 0.091 0.128 0.177 0.244 0.334 0.452 0.599 0.757 0.877 0.936 0.949 0.911 0.819 0.634 0.379 0.183 0.091 0.054 0.035 0.023 0.016 0.011 0.009 0.007 0.006 0.005 0.004 0.004 0.003 0.003 0.002 0.002 0.002 0.002 0.001 0.001 0.001 0.001 0.001 0.001 0.001 0.001 0.001 0.002 0.003 0.005 0.008 0.010 0.012 0.014 0.015 0.016 0.017 0.020 0.024 0.031 0.041 0.054 0.069 0.086 0.107 0.134 0.170 0.215 0.273 0.355 0.476 0.651 0.897 1.223 1.624 2.047 2.447
0.015 0.023 0.033 0.048 0.068 0.093 0.127 0.169 0.222 0.286 0.360 0.420 0.447 0.433 0.386 0.314 0.232 0.144 0.067 0.031 0.018 0.014 0.011 0.009 0.008 0.006 0.005 0.004 0.004 0.003 0.003 0.002 0.002 0.002 0.002 0.001 0.001 0.001 0.001 0.001 0.001 0.001 0.001 0.001 0.001 0.001 0.002 0.004 0.007 0.011 0.015 0.018 0.020 0.021 0.022 0.024 0.026 0.030 0.037 0.047 0.060 0.074 0.091 0.110 0.134 0.163 0.201 0.247 0.308 0.393 0.517 0.699 0.971 1.360 1.888 2.434 2.860
0.011 0.017 0.024 0.035 0.050 0.068 0.090 0.115 0.141 0.168 0.190 0.198 0.187 0.158 0.115 0.075 0.046 0.025 0.012 0.008 0.006 0.006 0.005 0.005 0.004 0.004 0.003 0.003 0.002 0.002 0.002 0.001 0.001 0.001 0.001 0.001 0.001 0.001 0.001 0.001 0.001 0.001 0.001 0.001 0.002 0.003 0.005 0.010 0.015 0.020 0.022 0.024 0.024 0.025 0.026 0.028 0.032 0.038 0.047 0.058 0.071 0.087 0.104 0.126 0.151 0.180 0.217 0.262 0.321 0.404 0.525 0.707 0.984 1.404 2.010 2.644 3.087
0.008 0.012 0.017 0.025 0.035 0.047 0.060 0.072 0.081 0.086 0.083 0.075 0.060 0.042 0.026 0.015 0.009 0.005 0.004 0.003 0.003 0.003 0.003 0.003 0.003 0.002 0.002 0.002 0.001 0.001 0.001 0.001 0.001 0.001 0.001 0.001 0.001 0.001 0.001 0.001 0.001 0.002 0.002 0.003 0.005 0.008 0.013 0.019 0.023 0.025 0.026 0.026 0.027 0.027 0.028 0.031 0.035 0.041 0.051 0.062 0.075 0.091 0.110 0.133 0.158 0.187 0.222 0.265 0.322 0.400 0.512 0.681 0.948 1.370 1.995 2.671 3.133
0.006 0.008 0.011 0.016 0.022 0.029 0.034 0.037 0.037 0.034 0.028 0.021 0.015 0.009 0.006 0.004 0.003 0.002 0.002 0.002 0.002 0.002 0.002 0.002 0.002 0.001 0.001 0.001 0.001 0.001 0.001 0.001 0.001 0.001 0.001 0.001 0.001 0.002 0.002 0.002 0.003 0.004 0.005 0.007 0.011 0.016 0.021 0.025 0.027 0.027 0.027 0.027 0.027 0.028 0.029 0.031 0.036 0.042 0.051 0.063 0.076 0.092 0.111 0.134 0.160 0.188 0.220 0.259 0.306 0.366 0.448 0.573 0.783 1.148 1.728 2.435 2.960
0.004 0.005 0.007 0.009 0.011 0.014 0.015 0.014 0.012 0.009 0.007 0.005 0.004 0.003 0.002 0.002 0.001 0.001 0.001 0.001 0.001 0.001 0.001 0.001 0.001 0.001 0.001 0.001 0.001 0.001 0.001 0.001 0.002 0.002 0.002 0.003 0.003 0.004 0.004 0.005 0.006 0.008 0.010 0.013 0.017 0.022 0.026 0.027 0.028 0.027 0.027 0.027 0.028 0.028 0.029 0.031 0.035 0.041 0.050 0.061 0.074 0.090 0.108 0.129 0.153 0.178 0.203 0.227 0.251 0.275 0.304 0.354 0.456 0.671 1.086 1.725 2.336
0.002 0.003 0.004 0.004 0.005 0.005 0.004 0.004 0.003 0.002 0.002 0.002 0.002 0.001 0.001 0.001 0.001 0.001 0.001 0.001 0.001 0.001 0.001 0.001 0.001 0.001 0.002 0.002 0.002 0.002 0.003 0.003 0.004 0.004 0.005 0.006 0.006 0.007 0.008 0.009 0.010 0.012 0.014 0.016 0.020 0.024 0.027 0.028 0.028 0.028 0.027 0.027 0.027 0.027 0.028 0.030 0.034 0.038 0.044 0.052 0.062 0.073 0.085 0.101 0.121 0.139 0.148 0.151 0.149 0.148 0.150 0.159 0.186 0.258 0.437 0.781 1.258
0.001 0.001 0.002 0.002 0.001 0.001 0.001 0.001 0.001 0.001 0.001 0.001 0.001 0.001 0.001 0.001 0.001 0.001 0.001 0.001 0.001 0.001 0.001 0.001 0.002 0.002 0.003 0.003 0.004 0.005 0.006 0.007 0.007 0.008 0.008 0.009 0.009 0.010 0.011 0.011 0.012 0.013 0.015 0.017 0.020 0.024 0.026 0.027 0.027 0.027 0.027 0.026 0.026 0.026 0.026 0.027 0.028 0.029 0.029 0.031 0.032 0.035 0.040 0.049 0.062 0.071 0.073 0.072 0.070 0.068 0.067 0.068 0.074 0.092 0.143 0.265 0.472
0.001 0.001 0.001 0.001 0.001 0.001 0.001 0.001 0.001 0.001 0.001 0.001 0.001 0.001 0.001 0.001 0.001 0.001 0.001 0.001 0.001 0.001 0.001 0.002 0.003 0.004 0.005 0.007 0.007 0.008 0.009 0.009 0.010 0.010 0.010 0.010 0.011 0.011 0.011 0.012 0.013 0.014 0.015 0.017 0.020 0.023 0.025 0.026 0.026 0.026 0.025 0.024 0.022 0.021 0.020 0.019 0.017 0.015 0.012 0.011 0.011 0.011 0.013 0.017 0.024 0.029 0.031 0.032 0.032 0.033 0.033 0.034 0.035 0.040 0.054 0.087 0.151
0.001 0.001 0.001 0.001 0.001 0.001 0.001 0.001 0.001 0.001 0.001 0.001 0.001 0.001 0.001 0.001 0.001 0.001 0.001 0.001 0.001 0.001 0.002 0.003 0.005 0.007 0.008 0.009 0.009 0.010 0.010 0.010 0.011 0.011 0.011 0.011 0.011 0.011 0.011 0.012 0.013 0.013 0.015 0.016 0.018 0.020 0.021 0.021 0.021 0.020 0.019 0.017 0.015 0.013 0.011 0.009 0.007 0.005 0.004 0.004 0.003 0.004 0.005 0.006 0.009 0.013 0.015 0.017 0.018 0.019 0.019 0.020 0.021 0.023 0.027 0.037 0.056
0.001 0.001 0.001 0.001 0.001 0.001 0.001 0.001 0.001 0.001 0.001 0.001 0.001 0.001 0.001 0.001 0.001 0.001 0.001 0.001 0.001 0.002 0.003 0.005 0.007 0.008 0.009 0.010 0.010 0.010 0.010 0.011 0.011 0.011 0.011 0.011 0.011 0.011 0.011 0.012 0.012 0.012 0.013 0.014 0.014 0.014 0.014 0.013 0.012 0.011 0.010 0.009 0.007 0.006 0.005 0.004 0.003 0.002 0.001 0.001 0.002 0.002 0.003 0.003 0.005 0.007 0.009 0.010 0.011 0.012 0.013 0.014 0.014 0.016 0.018 0.021 0.028
0.001 0.001 0.001 0.001 0.001 0.001 0.001 0.001 0.001 0.001 0.001 0.001 0.001 0.001 0.001 0.001 0.001 0.001 0.001 0.001 0.002 0.003 0.004 0.006 0.007 0.009 0.010 0.010 0.010 0.010 0.010 0.011 0.011 0.011 0.011 0.011 0.011 0.011 0.011 0.011 0.011 0.011 0.010 0.009 0.008 0.007 0.007 0.006 0.005 0.005 0.004 0.004 0.003 0.003 0.002 0.001 0.001 0.001 0.001 0.001 0.001 0.001 0.002 0.002 0.003 0.004 0.006 0.007 0.007 0.008 0.009 0.010 0.010 0.011 0.012 0.014 0.017
0.000 0.000 0.000 0.000 0.000 0.000 0.000 0.000 0.001 0.001 0.001 0.001 0.001 0.001 0.001 0.001 0.001 0.001 0.001 0.002 0.002 0.003 0.004 0.006 0.008 0.009 0.009 0.010 0.010 0.010 0.010 0.010 0.010 0.011 0.011 0.011 0.011 0.010 0.010 0.009 0.009 0.008 0.006 0.005 0.004 0.003 0.003 0.002 0.002 0.002 0.002 0.002 0.001 0.001 0.001 0.001 0.001 0.001 0.001 0.001 0.001 0.001 0.001 0.002 0.002 0.003 0.003 0.004 0.005 0.005 0.006 0.007 0.007 0.008 0.009 0.010 0.012
0.000 0.000 0.000 0.000 0.000 0.000 0.000 0.000 0.000 0.000 0.001 0.001 0.001 0.001 0.001 0.001 0.001 0.001 0.001 0.002 0.003 0.003 0.005 0.006 0.007 0.008 0.009 0.009 0.010 0.010 0.010 0.010 0.010 0.010 0.010 0.010 0.009 0.009 0.008 0.007 0.006 0.004 0.003 0.002 0.002 0.002 0.001 0.001 0.001 0.001 0.001 0.001 0.001 0.001 0.001 0.001 0.001 0.001 0.001 0.001 0.001 0.001 0.001 0.001 0.001 0.002 0.002 0.002 0.003 0.003 0.004 0.004 0.005 0.005 0.006 0.007 0.008
0.000 0.000 0.000 0.000 0.000 0.000 0.000 0.000 0.000 0.000 0.000 0.000 0.001 0.001 0.001 0.001 0.001 0.001 0.001 0.002 0.003 0.003 0.004 0.006 0.007 0.008 0.008 0.009 0.009 0.009 0.009 0.008 0.008 0.008 0.008 0.007 0.007 0.006 0.005 0.004 0.003 0.002 0.002 0.001 0.001 0.001 0.001 0.001 0.001 0.001 0.001 0.001 0.001 0.001 0.001 0.001 0.001 0.001 0.001 0.001 0.001 0.001 0.001 0.001 0.001 0.001 0.001 0.001 0.001 0.002 0.002 0.002 0.003 0.003 0.004 0.005 0.006
0.000 0.000 0.000 0.000 0.000 0.000 0.000 0.000 0.000 0.000 0.000 0.000 0.000 0.001 0.001 0.001 0.001 0.001 0.001 0.002 0.002 0.003 0.004 0.005 0.006 0.007 0.007 0.007 0.007 0.007 0.007 0.007 0.006 0.006 0.005 0.004 0.004 0.003 0.003 0.002 0.002 0.001 0.001 0.001 0.001 0.001 0.001 0.001 0.001 0.001 0.001 0.001 0.001 0.001 0.001 0.001 0.001 0.000 0.000 0.000 0.000 0.000 0.000 0.000 0.000 0.000 0.000 0.000 0.000 0.001 0.001 0.001 0.001 0.002 0.002 0.003 0.004
0.000 0.000 0.000 0.000 0.000 0.000 0.000 0.000 0.000 0.000 0.000 0.000 0.000 0.000 0.001 0.001 0.001 0.001 0.001 0.002 0.002 0.003 0.004 0.005 0.005 0.005 0.005 0.006 0.005 0.005 0.005 0.005 0.004 0.004 0.003 0.002 0.002 0.002 0.001 0.001 0.001 0.001 0.001 0.001 0.001 0.001 0.001 0.001 0.001 0.001 0.001 0.001 0.001 0.001 0.000 0.000 0.000 0.000 0.000 0.000 0.000 0.000 0.000 0.000 0.000 0.000 0.000 0.000 0.000 0.000 0.000 0.000 0.001 0.001 0.001 0.002 0.002
0.000 0.000 0.000 0.000 0.000 0.000 0.000 0.000 0.000 0.000 0.000 0.000 0.000 0.000 0.001 0.001 0.001 0.001 0.001 0.002 0.002 0.003 0.003 0.003 0.003 0.003 0.003 0.003 0.003 0.003 0.003 0.003 0.003 0.002 0.002 0.001 0.001 0.001 0.001 0.001 0.001 0.001 0.001 0.001 0.001 0.001 0.001 0.001 0.001 0.001 0.000 0.000 0.000 0.000 0.000 0.000 0.000 0.000 0.000 0.000 0.000 0.000 0.000 0.000 0.000 0.000 0.000 0.000 0.000 0.000 0.000 0.000 0.000 0.000 0.000 0.001 0.001
