RESULTS/r.avaflow_results/14_results/14_ascii/14_hflow10022.asc
ncols 506
nrows 317
xllcenter 498237.50
yllcenter 5580050.00
cellsize 12.50
NODATA_value -9999.000
[rows 170 to 203 of 317, columns 231 to 307 of 506]
0.144 0.125 0.100 0.072 0.049 0.033 0.022 0.014 0.009 0.006 0.004 0.003 0.002 0.002 0.001 0.001 0.001 0.001 0.001 0.001 0.001 0.001 0.001 0.001 0.001 0.001 0.001 0.001 0.000 0.000 0.000 0.000 0.000 0.000 0.000 0.000 0.000 0.000 0.000 0.000 0.000 0.000 0.000 0.000 0.000 0.000 0.000 0.000 0.000 0.000 0.000 0.000 0.000 0.000 0.000 0.000 0.000 0.000 0.000 0.000 0.000 0.000 0.000 0.000 0.000 0.000 0.000 0.000 0.000 0.000 0.000 0.000 0.000 0.000 0.000 0.000 0.000
0.147 0.137 0.119 0.095 0.071 0.051 0.036 0.025 0.017 0.012 0.009 0.006 0.005 0.004 0.003 0.002 0.001 0.001 0.001 0.001 0.001 0.001 0.001 0.001 0.001 0.001 0.001 0.001 0.001 0.001 0.000 0.000 0.000 0.000 0.000 0.000 0.000 0.000 0.000 0.000 0.000 0.000 0.000 0.000 0.000 0.000 0.000 0.000 0.000 0.000 0.000 0.000 0.000 0.000 0.000 0.000 0.000 0.000 0.000 0.000 0.000 0.000 0.000 0.000 0.000 0.000 0.000 0.000 0.000 0.000 0.000 0.000 0.000 0.000 0.000 0.000 0.000
0.145 0.140 0.128 0.109 0.088 0.068 0.052 0.039 0.029 0.022 0.016 0.012 0.010 0.007 0.005 0.003 0.002 0.001 0.001 0.001 0.001 0.001 0.001 0.001 0.001 0.001 0.001 0.001 0.001 0.001 0.001 0.000 0.000 0.000 0.000 0.000 0.000 0.000 0.000 0.000 0.000 0.000 0.000 0.000 0.000 0.000 0.000 0.000 0.000 0.000 0.000 0.000 0.000 0.000 0.000 0.000 0.000 0.000 0.000 0.000 0.000 0.000 0.000 0.000 0.000 0.000 0.000 0.000 0.000 0.000 0.000 0.000 0.000 0.000 0.000 0.000 0.000
0.138 0.137 0.130 0.117 0.100 0.080 0.063 0.050 0.040 0.032 0.027 0.022 0.018 0.014 0.010 0.007 0.004 0.002 0.001 0.001 0.001 0.001 0.001 0.001 0.001 0.001 0.001 0.001 0.001 0.001 0.001 0.001 0.000 0.000 0.000 0.000 0.000 0.000 0.000 0.000 0.000 0.000 0.000 0.000 0.000 0.000 0.000 0.000 0.000 0.000 0.000 0.000 0.000 0.000 0.000 0.000 0.000 0.000 0.000 0.000 0.000 0.000 0.000 0.000 0.000 0.000 0.000 0.000 0.000 0.000 0.000 0.000 0.000 0.000 0.000 0.000 0.000
0.128 0.131 0.129 0.121 0.107 0.088 0.071 0.057 0.046 0.040 0.036 0.034 0.031 0.026 0.021 0.014 0.008 0.004 0.002 0.001 0.001 0.001 0.001 0.001 0.001 0.001 0.001 0.001 0.001 0.001 0.001 0.001 0.001 0.000 0.000 0.000 0.000 0.000 0.000 0.000 0.000 0.000 0.000 0.000 0.000 0.000 0.000 0.000 0.000 0.000 0.000 0.000 0.000 0.000 0.000 0.000 0.000 0.000 0.000 0.000 0.000 0.000 0.000 0.000 0.000 0.000 0.000 0.000 0.000 0.000 0.000 0.000 0.000 0.000 0.000 0.000 0.000
0.112 0.123 0.124 0.120 0.110 0.094 0.077 0.062 0.051 0.045 0.042 0.041 0.040 0.038 0.034 0.026 0.016 0.008 0.004 0.002 0.001 0.001 0.001 0.001 0.001 0.001 0.001 0.001 0.001 0.001 0.001 0.001 0.001 0.001 0.000 0.000 0.000 0.000 0.000 0.000 0.000 0.000 0.000 0.000 0.000 0.000 0.000 0.000 0.000 0.000 0.000 0.000 0.000 0.000 0.000 0.000 0.000 0.000 0.000 0.000 0.000 0.000 0.000 0.000 0.000 0.000 0.000 0.000 0.000 0.000 0.000 0.000 0.000 0.000 0.000 0.000 0.000
0.092 0.110 0.117 0.116 0.110 0.099 0.082 0.067 0.056 0.049 0.045 0.044 0.044 0.043 0.041 0.036 0.027 0.016 0.008 0.004 0.002 0.001 0.001 0.001 0.001 0.001 0.001 0.001 0.001 0.001 0.001 0.001 0.001 0.001 0.001 0.000 0.000 0.000 0.000 0.000 0.000 0.000 0.000 0.000 0.000 0.000 0.000 0.000 0.000 0.000 0.000 0.000 0.000 0.000 0.000 0.000 0.000 0.000 0.000 0.000 0.000 0.000 0.000 0.000 0.000 0.000 0.000 0.000 0.000 0.000 0.000 0.000 0.000 0.000 0.000 0.000 0.000
0.071 0.093 0.105 0.109 0.107 0.101 0.088 0.073 0.061 0.053 0.048 0.046 0.045 0.044 0.043 0.041 0.035 0.026 0.014 0.007 0.003 0.002 0.001 0.001 0.001 0.001 0.001 0.001 0.001 0.001 0.001 0.001 0.001 0.001 0.001 0.001 0.000 0.000 0.000 0.000 0.000 0.000 0.000 0.000 0.000 0.000 0.000 0.000 0.000 0.000 0.000 0.000 0.000 0.000 0.000 0.000 0.000 0.000 0.000 0.000 0.000 0.000 0.000 0.000 0.000 0.000 0.000 0.000 0.000 0.000 0.000 0.000 0.000 0.000 0.000 0.000 0.000
0.052 0.074 0.090 0.099 0.102 0.099 0.092 0.080 0.068 0.058 0.051 0.047 0.046 0.044 0.043 0.041 0.038 0.033 0.022 0.012 0.006 0.003 0.002 0.001 0.001 0.001 0.001 0.001 0.001 0.001 0.001 0.001 0.001 0.001 0.001 0.001 0.001 0.000 0.000 0.000 0.000 0.000 0.000 0.000 0.000 0.000 0.000 0.000 0.000 0.000 0.000 0.000 0.000 0.000 0.000 0.000 0.000 0.000 0.000 0.000 0.000 0.000 0.000 0.000 0.000 0.000 0.000 0.000 0.000 0.000 0.000 0.000 0.000 0.000 0.000 0.000 0.000
0.038 0.057 0.075 0.087 0.094 0.096 0.093 0.085 0.075 0.063 0.055 0.049 0.046 0.044 0.043 0.041 0.039 0.035 0.027 0.017 0.009 0.005 0.003 0.001 0.001 0.001 0.001 0.001 0.001 0.001 0.001 0.001 0.001 0.001 0.001 0.001 0.001 0.000 0.000 0.000 0.000 0.000 0.000 0.000 0.000 0.000 0.000 0.000 0.000 0.000 0.000 0.000 0.000 0.000 0.000 0.000 0.000 0.000 0.000 0.000 0.000 0.000 0.000 0.000 0.000 0.000 0.000 0.000 0.000 0.000 0.000 0.000 0.000 0.000 0.000 0.000 0.000
0.029 0.044 0.061 0.075 0.085 0.090 0.091 0.087 0.080 0.070 0.059 0.052 0.048 0.045 0.043 0.041 0.038 0.035 0.030 0.022 0.014 0.008 0.004 0.002 0.001 0.001 0.001 0.001 0.001 0.001 0.001 0.001 0.001 0.001 0.001 0.001 0.001 0.001 0.000 0.000 0.000 0.000 0.000 0.000 0.000 0.000 0.000 0.000 0.000 0.000 0.000 0.000 0.000 0.000 0.000 0.000 0.000 0.000 0.000 0.000 0.000 0.000 0.000 0.000 0.000 0.000 0.000 0.000 0.000 0.000 0.000 0.000 0.000 0.000 0.000 0.000 0.000
0.024 0.035 0.050 0.063 0.075 0.083 0.086 0.086 0.083 0.076 0.065 0.056 0.050 0.046 0.043 0.040 0.038 0.035 0.032 0.027 0.020 0.012 0.007 0.004 0.002 0.001 0.001 0.001 0.001 0.001 0.001 0.001 0.001 0.001 0.001 0.001 0.001 0.001 0.001 0.000 0.000 0.000 0.000 0.000 0.000 0.000 0.000 0.000 0.000 0.000 0.000 0.000 0.000 0.000 0.000 0.000 0.000 0.000 0.000 0.000 0.000 0.000 0.000 0.000 0.000 0.000 0.000 0.000 0.000 0.000 0.000 0.000 0.000 0.000 0.000 0.000 0.000
0.020 0.029 0.040 0.053 0.065 0.074 0.080 0.083 0.082 0.078 0.071 0.061 0.053 0.048 0.044 0.040 0.037 0.035 0.033 0.030 0.026 0.019 0.011 0.007 0.004 0.002 0.001 0.001 0.001 0.001 0.001 0.001 0.001 0.001 0.001 0.001 0.001 0.001 0.001 0.000 0.000 0.000 0.000 0.000 0.000 0.000 0.000 0.000 0.000 0.000 0.000 0.000 0.000 0.000 0.000 0.000 0.000 0.000 0.000 0.000 0.000 0.000 0.000 0.000 0.000 0.000 0.000 0.000 0.000 0.000 0.000 0.000 0.000 0.000 0.000 0.000 0.000
0.017 0.024 0.034 0.044 0.054 0.064 0.072 0.078 0.079 0.078 0.073 0.065 0.056 0.049 0.044 0.039 0.036 0.035 0.034 0.032 0.030 0.025 0.018 0.011 0.006 0.004 0.002 0.001 0.001 0.001 0.001 0.001 0.001 0.001 0.001 0.001 0.001 0.001 0.001 0.001 0.000 0.000 0.000 0.000 0.000 0.000 0.000 0.000 0.000 0.000 0.000 0.000 0.000 0.000 0.000 0.000 0.000 0.000 0.000 0.000 0.000 0.000 0.000 0.000 0.000 0.000 0.000 0.000 0.000 0.000 0.000 0.000 0.000 0.000 0.000 0.000 0.000
0.016 0.021 0.029 0.038 0.046 0.054 0.063 0.071 0.075 0.075 0.073 0.067 0.059 0.051 0.044 0.039 0.036 0.034 0.033 0.032 0.031 0.029 0.025 0.018 0.011 0.006 0.004 0.002 0.001 0.001 0.001 0.001 0.001 0.001 0.001 0.001 0.001 0.001 0.001 0.001 0.001 0.000 0.000 0.000 0.000 0.000 0.000 0.000 0.000 0.000 0.000 0.000 0.000 0.000 0.000 0.000 0.000 0.000 0.000 0.000 0.000 0.000 0.000 0.000 0.000 0.000 0.000 0.000 0.000 0.000 0.000 0.000 0.000 0.000 0.000 0.000 0.000
0.015 0.020 0.026 0.033 0.041 0.049 0.056 0.063 0.068 0.070 0.070 0.067 0.061 0.053 0.045 0.039 0.035 0.034 0.033 0.032 0.032 0.031 0.030 0.026 0.019 0.011 0.007 0.004 0.002 0.002 0.001 0.001 0.001 0.001 0.001 0.001 0.001 0.001 0.001 0.001 0.001 0.000 0.000 0.000 0.000 0.000 0.000 0.000 0.000 0.000 0.000 0.000 0.000 0.000 0.000 0.000 0.000 0.000 0.000 0.000 0.000 0.000 0.000 0.000 0.000 0.000 0.000 0.000 0.000 0.000 0.000 0.000 0.000 0.000 0.000 0.000 0.000
0.015 0.019 0.024 0.031 0.038 0.045 0.051 0.057 0.061 0.064 0.065 0.065 0.061 0.055 0.047 0.040 0.036 0.033 0.032 0.031 0.032 0.032 0.032 0.030 0.027 0.020 0.012 0.007 0.004 0.003 0.002 0.001 0.001 0.001 0.001 0.001 0.001 0.001 0.001 0.001 0.001 0.001 0.000 0.000 0.000 0.000 0.000 0.000 0.000 0.000 0.000 0.000 0.000 0.000 0.000 0.000 0.000 0.000 0.000 0.000 0.000 0.000 0.000 0.000 0.000 0.000 0.000 0.000 0.000 0.000 0.000 0.000 0.000 0.000 0.000 0.000 0.000
0.016 0.019 0.024 0.029 0.036 0.042 0.047 0.052 0.056 0.059 0.061 0.062 0.060 0.057 0.050 0.043 0.037 0.033 0.031 0.031 0.031 0.032 0.032 0.032 0.031 0.028 0.021 0.014 0.008 0.004 0.003 0.002 0.001 0.001 0.001 0.001 0.001 0.001 0.001 0.001 0.001 0.001 0.000 0.000 0.000 0.000 0.000 0.000 0.000 0.000 0.000 0.000 0.000 0.000 0.000 0.000 0.000 0.000 0.000 0.000 0.000 0.000 0.000 0.000 0.000 0.000 0.000 0.000 0.000 0.000 0.000 0.000 0.000 0.000 0.000 0.000 0.000
0.019 0.021 0.024 0.029 0.034 0.038 0.043 0.047 0.052 0.056 0.059 0.060 0.060 0.058 0.053 0.047 0.039 0.034 0.031 0.030 0.030 0.031 0.032 0.033 0.034 0.033 0.030 0.023 0.014 0.008 0.004 0.003 0.002 0.001 0.001 0.001 0.001 0.001 0.001 0.001 0.001 0.001 0.001 0.000 0.000 0.000 0.000 0.000 0.000 0.000 0.000 0.000 0.000 0.000 0.000 0.000 0.000 0.000 0.000 0.000 0.000 0.000 0.000 0.000 0.000 0.000 0.000 0.000 0.000 0.000 0.000 0.000 0.000 0.000 0.000 0.000 0.000
0.024 0.025 0.026 0.029 0.033 0.036 0.040 0.044 0.050 0.055 0.057 0.059 0.059 0.058 0.055 0.050 0.043 0.036 0.032 0.030 0.030 0.030 0.031 0.034 0.036 0.036 0.036 0.032 0.023 0.013 0.008 0.004 0.003 0.002 0.001 0.001 0.001 0.001 0.001 0.001 0.001 0.001 0.001 0.001 0.000 0.000 0.000 0.000 0.000 0.000 0.000 0.000 0.000 0.001 0.001 0.001 0.001 0.001 0.001 0.001 0.001 0.001 0.000 0.000 0.000 0.000 0.000 0.000 0.000 0.000 0.000 0.000 0.000 0.000 0.000 0.000 0.000
0.028 0.031 0.032 0.032 0.034 0.036 0.039 0.043 0.049 0.054 0.057 0.058 0.059 0.058 0.056 0.053 0.047 0.039 0.033 0.031 0.030 0.030 0.031 0.033 0.037 0.039 0.040 0.039 0.033 0.022 0.013 0.007 0.004 0.003 0.002 0.001 0.001 0.001 0.001 0.001 0.001 0.001 0.001 0.001 0.001 0.000 0.000 0.000 0.000 0.000 0.000 0.001 0.001 0.002 0.002 0.002 0.002 0.002 0.002 0.002 0.002 0.002 0.001 0.001 0.000 0.000 0.000 0.000 0.000 0.000 0.000 0.000 0.000 0.000 0.000 0.000 0.000
0.030 0.035 0.038 0.038 0.038 0.038 0.040 0.043 0.049 0.054 0.057 0.058 0.059 0.059 0.058 0.055 0.050 0.043 0.036 0.032 0.030 0.030 0.031 0.034 0.039 0.043 0.044 0.044 0.041 0.032 0.020 0.012 0.007 0.004 0.003 0.002 0.001 0.001 0.001 0.001 0.001 0.001 0.001 0.001 0.001 0.001 0.001 0.001 0.001 0.001 0.001 0.002 0.003 0.004 0.005 0.006 0.006 0.006 0.006 0.006 0.006 0.005 0.003 0.002 0.001 0.001 0.000 0.000 0.000 0.000 0.000 0.000 0.000 0.000 0.000 0.000 0.000
0.028 0.035 0.040 0.042 0.044 0.044 0.044 0.046 0.050 0.055 0.057 0.059 0.060 0.060 0.060 0.058 0.054 0.047 0.040 0.034 0.033 0.032 0.033 0.036 0.043 0.049 0.051 0.051 0.049 0.043 0.031 0.020 0.012 0.007 0.004 0.003 0.002 0.002 0.002 0.003 0.003 0.003 0.003 0.002 0.002 0.002 0.002 0.002 0.002 0.002 0.003 0.004 0.007 0.010 0.012 0.013 0.014 0.013 0.013 0.012 0.010 0.008 0.006 0.004 0.002 0.002 0.001 0.001 0.000 0.000 0.000 0.000 0.000 0.000 0.000 0.000 0.000
0.020 0.031 0.038 0.043 0.046 0.049 0.051 0.053 0.057 0.060 0.062 0.063 0.064 0.065 0.064 0.062 0.058 0.052 0.045 0.040 0.039 0.040 0.044 0.051 0.062 0.069 0.071 0.070 0.067 0.061 0.050 0.035 0.022 0.014 0.009 0.006 0.005 0.004 0.005 0.006 0.006 0.006 0.006 0.006 0.005 0.004 0.004 0.004 0.004 0.005 0.007 0.011 0.016 0.020 0.022 0.021 0.020 0.018 0.017 0.015 0.013 0.010 0.008 0.006 0.004 0.003 0.002 0.002 0.001 0.000 0.000 0.000 0.000 0.000 0.000 0.000 0.000
0.010 0.019 0.030 0.039 0.045 0.050 0.054 0.061 0.069 0.073 0.075 0.076 0.076 0.076 0.074 0.070 0.065 0.060 0.056 0.056 0.062 0.071 0.084 0.100 0.116 0.123 0.123 0.119 0.110 0.099 0.086 0.068 0.047 0.031 0.020 0.014 0.011 0.010 0.011 0.012 0.013 0.014 0.014 0.012 0.010 0.009 0.008 0.008 0.009 0.011 0.016 0.022 0.026 0.027 0.026 0.024 0.022 0.020 0.017 0.015 0.013 0.011 0.009 0.007 0.006 0.005 0.004 0.003 0.002 0.001 0.001 0.000 0.000 0.000 0.000 0.000 0.000
0.005 0.009 0.016 0.026 0.036 0.045 0.054 0.063 0.076 0.089 0.096 0.099 0.099 0.098 0.095 0.090 0.085 0.085 0.091 0.103 0.116 0.128 0.141 0.155 0.166 0.169 0.168 0.161 0.149 0.136 0.122 0.106 0.084 0.062 0.045 0.033 0.026 0.023 0.023 0.024 0.026 0.027 0.025 0.023 0.020 0.018 0.017 0.017 0.019 0.023 0.027 0.030 0.030 0.029 0.026 0.024 0.022 0.020 0.017 0.015 0.012 0.010 0.009 0.008 0.007 0.006 0.006 0.005 0.004 0.003 0.001 0.001 0.000 0.000 0.000 0.000 0.000
0.002 0.004 0.006 0.011 0.019 0.031 0.045 0.059 0.077 0.094 0.104 0.110 0.112 0.113 0.114 0.114 0.118 0.127 0.137 0.144 0.149 0.153 0.159 0.168 0.174 0.176 0.175 0.169 0.158 0.146 0.135 0.122 0.104 0.085 0.071 0.059 0.050 0.045 0.043 0.043 0.041 0.038 0.033 0.030 0.028 0.027 0.027 0.028 0.029 0.031 0.032 0.031 0.030 0.028 0.025 0.022 0.020 0.018 0.016 0.013 0.011 0.010 0.009 0.008 0.007 0.007 0.007 0.006 0.006 0.004 0.003 0.001 0.001 0.000 0.000 0.000 0.000
0.001 0.001 0.003 0.005 0.008 0.014 0.025 0.043 0.066 0.090 0.105 0.111 0.114 0.117 0.120 0.126 0.135 0.144 0.150 0.151 0.150 0.150 0.154 0.160 0.163 0.164 0.162 0.158 0.149 0.140 0.132 0.122 0.108 0.093 0.082 0.074 0.067 0.063 0.059 0.055 0.050 0.042 0.036 0.033 0.031 0.031 0.031 0.032 0.033 0.033 0.032 0.031 0.028 0.024 0.020 0.018 0.016 0.014 0.012 0.010 0.009 0.009 0.008 0.008 0.008 0.007 0.007 0.007 0.006 0.005 0.004 0.002 0.001 0.000 0.000 0.000 0.000
0.000 0.001 0.001 0.002 0.003 0.006 0.010 0.020 0.038 0.066 0.092 0.105 0.110 0.115 0.120 0.128 0.136 0.141 0.139 0.133 0.128 0.127 0.130 0.135 0.136 0.135 0.133 0.129 0.122 0.118 0.116 0.112 0.103 0.092 0.083 0.078 0.073 0.069 0.065 0.060 0.052 0.043 0.036 0.033 0.032 0.032 0.032 0.033 0.033 0.032 0.030 0.027 0.022 0.017 0.013 0.011 0.010 0.009 0.008 0.008 0.008 0.008 0.008 0.008 0.008 0.008 0.007 0.007 0.006 0.005 0.004 0.003 0.002 0.001 0.000 0.000 0.000
0.000 0.000 0.000 0.001 0.001 0.002 0.004 0.007 0.015 0.030 0.055 0.076 0.089 0.099 0.107 0.113 0.114 0.106 0.095 0.087 0.084 0.085 0.090 0.098 0.103 0.104 0.102 0.096 0.089 0.087 0.088 0.090 0.088 0.083 0.079 0.076 0.072 0.069 0.065 0.060 0.052 0.043 0.036 0.033 0.032 0.032 0.032 0.031 0.030 0.028 0.024 0.019 0.014 0.011 0.009 0.008 0.007 0.007 0.006 0.006 0.007 0.007 0.008 0.008 0.008 0.008 0.007 0.007 0.006 0.005 0.004 0.003 0.002 0.001 0.001 0.000 0.000
0.000 0.000 0.000 0.000 0.001 0.001 0.001 0.003 0.005 0.011 0.022 0.035 0.046 0.056 0.063 0.063 0.060 0.052 0.046 0.044 0.045 0.050 0.059 0.073 0.081 0.083 0.081 0.076 0.068 0.065 0.064 0.066 0.067 0.067 0.067 0.068 0.066 0.064 0.061 0.056 0.050 0.041 0.035 0.032 0.031 0.030 0.029 0.027 0.024 0.019 0.015 0.012 0.010 0.008 0.007 0.006 0.006 0.006 0.006 0.006 0.006 0.007 0.007 0.008 0.008 0.007 0.007 0.007 0.006 0.005 0.004 0.003 0.003 0.002 0.001 0.000 0.000
0.000 0.000 0.000 0.000 0.000 0.000 0.001 0.001 0.002 0.003 0.007 0.013 0.018 0.021 0.024 0.024 0.023 0.020 0.019 0.020 0.023 0.030 0.042 0.057 0.066 0.069 0.068 0.063 0.056 0.052 0.051 0.051 0.052 0.053 0.054 0.055 0.055 0.054 0.052 0.049 0.044 0.037 0.032 0.029 0.027 0.025 0.022 0.019 0.016 0.013 0.011 0.009 0.008 0.007 0.006 0.006 0.006 0.006 0.006 0.006 0.006 0.007 0.007 0.007 0.007 0.007 0.007 0.006 0.005 0.005 0.004 0.004 0.003 0.003 0.002 0.001 0.000
0.000 0.000 0.000 0.000 0.000 0.000 0.000 0.000 0.001 0.001 0.002 0.004 0.006 0.007 0.008 0.008 0.007 0.006 0.006 0.008 0.012 0.019 0.030 0.045 0.054 0.057 0.057 0.054 0.049 0.045 0.044 0.044 0.044 0.044 0.044 0.045 0.045 0.044 0.042 0.039 0.035 0.031 0.027 0.024 0.021 0.019 0.017 0.015 0.013 0.011 0.009 0.008 0.008 0.007 0.006 0.006 0.006 0.006 0.006 0.006 0.006 0.006 0.007 0.007 0.006 0.006 0.006 0.005 0.005 0.004 0.004 0.004 0.004 0.003 0.002 0.001 0.001
0.000 0.000 0.000 0.000 0.000 0.000 0.000 0.000 0.000 0.000 0.001 0.001 0.002 0.002 0.002 0.002 0.002 0.002 0.002 0.004 0.007 0.012 0.021 0.034 0.043 0.047 0.048 0.047 0.043 0.040 0.039 0.039 0.039 0.039 0.038 0.038 0.038 0.037 0.035 0.033 0.030 0.026 0.023 0.020 0.018 0.017 0.015 0.014 0.012 0.010 0.009 0.008 0.007 0.007 0.006 0.006 0.006 0.006 0.006 0.006 0.006 0.006 0.006 0.006 0.006 0.006 0.005 0.005 0.004 0.004 0.004 0.004 0.004 0.004 0.003 0.002 0.001
