RESULTS/r.avaflow_results/14_results/14_ascii/14_hflow30059.asc
ncols 506
nrows 317
xllcenter 498237.50
yllcenter 5580050.00
cellsize 12.50
NODATA_value -9999.000
[rows 204 to 237 of 317, columns 308 to 384 of 506]
0.106 0.121 0.136 0.157 0.190 0.252 0.357 0.471 0.550 0.587 0.590 0.572 0.526 0.484 0.471 0.488 0.558 0.704 0.921 1.092 1.162 1.164 1.127 1.050 0.960 0.902 0.880 0.881 0.900 0.908 0.885 0.793 0.633 0.460 0.331 0.241 0.183 0.154 0.146 0.151 0.183 0.259 0.363 0.429 0.450 0.446 0.418 0.359 0.279 0.210 0.166 0.142 0.126 0.115 0.107 0.101 0.099 0.100 0.103 0.113 0.136 0.190 0.310 0.530 0.838 1.148 1.395 1.544 1.604 1.597 1.517 1.349 1.134 0.975 0.859 0.753 0.652
0.168 0.180 0.185 0.180 0.183 0.202 0.249 0.332 0.431 0.503 0.528 0.523 0.492 0.464 0.463 0.500 0.603 0.771 0.970 1.105 1.161 1.163 1.129 1.054 0.962 0.902 0.877 0.878 0.897 0.907 0.887 0.798 0.639 0.468 0.347 0.267 0.217 0.190 0.180 0.182 0.204 0.260 0.313 0.329 0.324 0.303 0.265 0.213 0.160 0.122 0.100 0.090 0.083 0.078 0.073 0.071 0.070 0.072 0.079 0.090 0.108 0.139 0.197 0.299 0.454 0.660 0.889 1.064 1.162 1.200 1.201 1.148 1.046 0.970 0.935 0.922 0.894
0.264 0.262 0.235 0.193 0.167 0.159 0.167 0.198 0.263 0.346 0.400 0.416 0.411 0.406 0.422 0.483 0.601 0.767 0.918 1.012 1.055 1.062 1.045 0.993 0.911 0.846 0.817 0.814 0.827 0.837 0.823 0.752 0.614 0.459 0.351 0.285 0.248 0.230 0.224 0.224 0.238 0.274 0.295 0.290 0.267 0.229 0.185 0.142 0.108 0.085 0.073 0.066 0.062 0.060 0.058 0.057 0.057 0.060 0.068 0.079 0.095 0.115 0.144 0.190 0.261 0.362 0.494 0.611 0.692 0.747 0.789 0.825 0.856 0.895 0.948 1.005 1.038
0.342 0.317 0.258 0.192 0.150 0.129 0.123 0.129 0.152 0.196 0.239 0.266 0.285 0.306 0.344 0.419 0.534 0.648 0.725 0.768 0.797 0.823 0.837 0.821 0.770 0.709 0.672 0.660 0.662 0.666 0.660 0.621 0.538 0.429 0.345 0.295 0.270 0.262 0.262 0.270 0.286 0.300 0.301 0.286 0.251 0.202 0.155 0.117 0.090 0.073 0.063 0.057 0.053 0.052 0.051 0.052 0.052 0.056 0.064 0.075 0.090 0.105 0.122 0.144 0.175 0.220 0.282 0.346 0.399 0.447 0.493 0.546 0.625 0.746 0.900 1.021 1.099
0.372 0.331 0.258 0.183 0.134 0.106 0.094 0.091 0.096 0.111 0.132 0.152 0.173 0.197 0.236 0.297 0.360 0.394 0.407 0.419 0.439 0.477 0.519 0.538 0.529 0.497 0.467 0.451 0.442 0.436 0.432 0.425 0.407 0.370 0.328 0.297 0.282 0.279 0.283 0.299 0.325 0.334 0.328 0.302 0.256 0.199 0.151 0.114 0.088 0.071 0.061 0.054 0.051 0.050 0.050 0.050 0.052 0.055 0.063 0.074 0.089 0.102 0.114 0.127 0.141 0.160 0.183 0.210 0.238 0.270 0.308 0.358 0.433 0.565 0.773 0.976 1.103
0.362 0.310 0.231 0.160 0.113 0.085 0.071 0.066 0.066 0.070 0.077 0.088 0.102 0.120 0.143 0.167 0.182 0.188 0.191 0.196 0.209 0.236 0.273 0.303 0.319 0.324 0.317 0.308 0.298 0.287 0.283 0.283 0.287 0.295 0.298 0.291 0.286 0.284 0.290 0.312 0.349 0.370 0.368 0.341 0.287 0.222 0.168 0.127 0.097 0.077 0.064 0.056 0.052 0.050 0.050 0.051 0.052 0.056 0.063 0.075 0.089 0.101 0.113 0.123 0.132 0.139 0.144 0.150 0.159 0.174 0.201 0.239 0.296 0.391 0.572 0.829 1.046
0.299 0.236 0.166 0.115 0.082 0.063 0.053 0.049 0.048 0.048 0.051 0.056 0.064 0.075 0.085 0.091 0.093 0.093 0.094 0.096 0.104 0.119 0.144 0.173 0.201 0.220 0.229 0.229 0.223 0.214 0.208 0.208 0.216 0.239 0.267 0.280 0.283 0.284 0.291 0.316 0.364 0.407 0.420 0.406 0.363 0.301 0.239 0.182 0.135 0.101 0.079 0.066 0.058 0.055 0.054 0.054 0.056 0.059 0.066 0.077 0.090 0.103 0.115 0.125 0.133 0.136 0.136 0.131 0.127 0.131 0.145 0.170 0.206 0.264 0.375 0.590 0.876
0.179 0.130 0.094 0.070 0.055 0.046 0.041 0.038 0.037 0.037 0.038 0.040 0.044 0.050 0.054 0.055 0.055 0.055 0.055 0.056 0.060 0.070 0.086 0.109 0.138 0.165 0.182 0.189 0.188 0.183 0.178 0.178 0.184 0.207 0.243 0.265 0.275 0.281 0.291 0.319 0.377 0.454 0.506 0.522 0.508 0.472 0.413 0.332 0.244 0.172 0.124 0.096 0.080 0.072 0.067 0.065 0.065 0.067 0.073 0.083 0.095 0.109 0.124 0.137 0.144 0.146 0.142 0.132 0.121 0.117 0.121 0.131 0.149 0.181 0.244 0.372 0.613
0.090 0.069 0.055 0.046 0.039 0.035 0.033 0.031 0.031 0.031 0.031 0.032 0.034 0.037 0.038 0.039 0.039 0.039 0.039 0.040 0.043 0.050 0.062 0.079 0.104 0.133 0.157 0.170 0.173 0.172 0.170 0.169 0.174 0.191 0.222 0.247 0.263 0.276 0.293 0.329 0.405 0.530 0.670 0.760 0.799 0.800 0.759 0.655 0.497 0.341 0.236 0.174 0.138 0.115 0.100 0.091 0.087 0.086 0.089 0.096 0.107 0.123 0.148 0.174 0.185 0.186 0.178 0.157 0.131 0.118 0.111 0.110 0.115 0.130 0.164 0.237 0.378
0.052 0.044 0.039 0.035 0.032 0.030 0.028 0.027 0.027 0.027 0.027 0.028 0.029 0.030 0.031 0.031 0.031 0.032 0.032 0.033 0.036 0.042 0.051 0.065 0.086 0.113 0.141 0.159 0.168 0.170 0.170 0.169 0.172 0.184 0.204 0.226 0.247 0.268 0.298 0.355 0.471 0.673 0.948 1.172 1.300 1.342 1.319 1.199 0.962 0.676 0.476 0.355 0.278 0.225 0.185 0.156 0.137 0.126 0.123 0.124 0.132 0.155 0.204 0.264 0.292 0.295 0.281 0.238 0.177 0.134 0.112 0.101 0.098 0.102 0.119 0.157 0.232
0.036 0.033 0.031 0.030 0.029 0.027 0.026 0.025 0.025 0.025 0.025 0.025 0.026 0.026 0.027 0.027 0.028 0.029 0.030 0.031 0.034 0.039 0.047 0.060 0.077 0.100 0.129 0.152 0.166 0.171 0.172 0.172 0.173 0.177 0.188 0.203 0.223 0.250 0.293 0.375 0.538 0.814 1.205 1.558 1.775 1.858 1.851 1.741 1.495 1.149 0.879 0.699 0.570 0.467 0.380 0.307 0.248 0.207 0.187 0.182 0.188 0.224 0.316 0.451 0.524 0.535 0.513 0.432 0.299 0.187 0.128 0.102 0.091 0.088 0.093 0.110 0.146
0.029 0.029 0.029 0.028 0.028 0.027 0.025 0.024 0.024 0.024 0.024 0.024 0.025 0.025 0.025 0.026 0.026 0.027 0.029 0.031 0.034 0.039 0.047 0.058 0.074 0.094 0.122 0.148 0.165 0.173 0.174 0.173 0.170 0.167 0.169 0.174 0.188 0.217 0.272 0.373 0.561 0.874 1.324 1.750 2.016 2.131 2.140 2.054 1.830 1.500 1.243 1.064 0.919 0.788 0.665 0.545 0.433 0.345 0.295 0.280 0.285 0.324 0.438 0.648 0.843 0.915 0.897 0.782 0.557 0.315 0.177 0.115 0.091 0.081 0.079 0.083 0.097
0.027 0.028 0.028 0.028 0.028 0.027 0.025 0.024 0.024 0.024 0.024 0.024 0.025 0.025 0.025 0.025 0.026 0.027 0.028 0.031 0.034 0.039 0.047 0.059 0.074 0.093 0.119 0.145 0.164 0.172 0.174 0.172 0.164 0.153 0.149 0.149 0.154 0.177 0.233 0.346 0.546 0.869 1.335 1.784 2.069 2.203 2.228 2.165 1.969 1.667 1.429 1.257 1.112 0.973 0.836 0.699 0.568 0.459 0.391 0.365 0.365 0.395 0.499 0.722 1.019 1.195 1.233 1.162 0.924 0.553 0.280 0.151 0.100 0.079 0.071 0.068 0.071
0.027 0.028 0.028 0.028 0.028 0.027 0.026 0.024 0.024 0.024 0.024 0.025 0.025 0.025 0.025 0.025 0.026 0.027 0.028 0.031 0.035 0.041 0.049 0.061 0.076 0.095 0.120 0.145 0.163 0.172 0.173 0.170 0.159 0.144 0.135 0.133 0.135 0.149 0.190 0.287 0.473 0.784 1.242 1.703 2.008 2.164 2.199 2.149 1.975 1.700 1.473 1.305 1.161 1.023 0.886 0.749 0.620 0.511 0.438 0.405 0.401 0.423 0.513 0.723 1.051 1.305 1.409 1.395 1.231 0.858 0.449 0.220 0.122 0.083 0.068 0.062 0.060
0.027 0.028 0.029 0.029 0.029 0.028 0.027 0.025 0.024 0.024 0.024 0.025 0.025 0.025 0.026 0.026 0.026 0.027 0.029 0.033 0.037 0.044 0.053 0.065 0.082 0.103 0.128 0.150 0.166 0.174 0.175 0.170 0.158 0.140 0.130 0.126 0.127 0.136 0.163 0.226 0.359 0.607 1.005 1.464 1.790 1.971 2.022 1.989 1.858 1.638 1.432 1.269 1.126 0.993 0.866 0.740 0.621 0.519 0.449 0.415 0.408 0.424 0.503 0.696 1.016 1.309 1.466 1.501 1.418 1.134 0.681 0.333 0.164 0.096 0.070 0.060 0.057
0.029 0.031 0.031 0.032 0.031 0.031 0.029 0.027 0.025 0.025 0.025 0.025 0.026 0.027 0.027 0.027 0.028 0.029 0.031 0.035 0.040 0.048 0.058 0.073 0.093 0.117 0.143 0.164 0.178 0.184 0.183 0.175 0.159 0.142 0.131 0.127 0.127 0.134 0.154 0.198 0.283 0.438 0.704 1.082 1.392 1.572 1.634 1.623 1.553 1.416 1.254 1.100 0.964 0.851 0.757 0.670 0.584 0.502 0.441 0.408 0.399 0.408 0.468 0.634 0.935 1.260 1.457 1.532 1.512 1.337 0.950 0.504 0.243 0.127 0.082 0.064 0.058
0.034 0.035 0.036 0.037 0.036 0.035 0.033 0.031 0.028 0.027 0.026 0.026 0.027 0.028 0.029 0.029 0.030 0.031 0.033 0.037 0.043 0.052 0.063 0.079 0.100 0.125 0.151 0.175 0.192 0.198 0.196 0.186 0.168 0.151 0.141 0.136 0.135 0.139 0.157 0.195 0.256 0.351 0.504 0.729 0.920 1.028 1.072 1.081 1.066 1.005 0.896 0.763 0.651 0.577 0.537 0.511 0.484 0.446 0.406 0.381 0.371 0.378 0.433 0.582 0.843 1.168 1.405 1.525 1.546 1.467 1.203 0.754 0.382 0.194 0.112 0.079 0.066
0.043 0.045 0.046 0.046 0.045 0.044 0.041 0.038 0.034 0.031 0.029 0.029 0.029 0.030 0.031 0.031 0.032 0.033 0.035 0.039 0.045 0.055 0.067 0.083 0.102 0.125 0.151 0.177 0.196 0.203 0.202 0.194 0.178 0.165 0.159 0.157 0.158 0.165 0.184 0.218 0.263 0.321 0.397 0.504 0.590 0.633 0.647 0.649 0.636 0.590 0.505 0.409 0.345 0.313 0.307 0.318 0.338 0.350 0.346 0.343 0.347 0.365 0.427 0.563 0.787 1.081 1.331 1.488 1.543 1.518 1.353 1.003 0.588 0.318 0.178 0.115 0.088
0.061 0.063 0.063 0.063 0.062 0.060 0.057 0.052 0.045 0.038 0.034 0.033 0.033 0.033 0.033 0.033 0.034 0.035 0.036 0.040 0.047 0.058 0.071 0.085 0.101 0.120 0.143 0.170 0.191 0.200 0.200 0.195 0.180 0.169 0.167 0.169 0.183 0.210 0.245 0.274 0.295 0.318 0.346 0.380 0.404 0.413 0.410 0.402 0.383 0.341 0.274 0.215 0.185 0.176 0.180 0.201 0.238 0.277 0.302 0.321 0.339 0.366 0.430 0.559 0.756 1.013 1.256 1.429 1.509 1.509 1.402 1.138 0.765 0.470 0.283 0.179 0.131
0.098 0.100 0.100 0.099 0.096 0.092 0.087 0.079 0.066 0.052 0.044 0.040 0.039 0.037 0.036 0.036 0.036 0.037 0.038 0.042 0.049 0.060 0.073 0.084 0.096 0.109 0.125 0.149 0.171 0.182 0.185 0.183 0.174 0.166 0.164 0.170 0.192 0.238 0.288 0.314 0.321 0.322 0.320 0.319 0.315 0.308 0.297 0.282 0.259 0.220 0.171 0.138 0.125 0.124 0.131 0.151 0.190 0.241 0.282 0.312 0.338 0.372 0.440 0.561 0.736 0.956 1.170 1.332 1.416 1.430 1.364 1.162 0.847 0.570 0.378 0.260 0.199
0.180 0.182 0.181 0.178 0.171 0.162 0.151 0.133 0.105 0.080 0.064 0.055 0.049 0.045 0.041 0.039 0.039 0.040 0.041 0.045 0.052 0.063 0.073 0.080 0.086 0.092 0.100 0.115 0.133 0.146 0.151 0.152 0.150 0.147 0.148 0.157 0.186 0.240 0.295 0.321 0.325 0.319 0.303 0.289 0.276 0.264 0.250 0.231 0.206 0.171 0.138 0.119 0.112 0.113 0.121 0.141 0.177 0.231 0.276 0.310 0.341 0.378 0.445 0.559 0.719 0.901 1.059 1.171 1.228 1.239 1.206 1.082 0.851 0.612 0.447 0.343 0.290
0.359 0.359 0.355 0.346 0.331 0.310 0.280 0.236 0.178 0.130 0.099 0.081 0.068 0.058 0.050 0.046 0.044 0.044 0.045 0.048 0.055 0.064 0.071 0.073 0.074 0.075 0.077 0.084 0.095 0.102 0.106 0.107 0.108 0.110 0.114 0.127 0.158 0.213 0.271 0.301 0.307 0.300 0.283 0.268 0.257 0.247 0.233 0.213 0.188 0.159 0.135 0.122 0.118 0.121 0.130 0.149 0.184 0.235 0.280 0.313 0.343 0.378 0.441 0.548 0.695 0.828 0.911 0.948 0.957 0.948 0.928 0.879 0.774 0.623 0.504 0.435 0.407
0.580 0.575 0.564 0.546 0.521 0.483 0.425 0.339 0.245 0.177 0.133 0.106 0.087 0.071 0.059 0.052 0.048 0.047 0.048 0.051 0.057 0.063 0.066 0.066 0.062 0.061 0.061 0.064 0.070 0.073 0.073 0.072 0.071 0.072 0.075 0.084 0.106 0.147 0.201 0.237 0.252 0.256 0.252 0.247 0.243 0.238 0.227 0.208 0.184 0.163 0.151 0.150 0.158 0.168 0.179 0.195 0.226 0.269 0.304 0.328 0.348 0.372 0.420 0.510 0.636 0.718 0.745 0.742 0.725 0.703 0.690 0.682 0.662 0.615 0.565 0.542 0.548
0.679 0.671 0.657 0.637 0.607 0.561 0.488 0.379 0.270 0.195 0.147 0.116 0.094 0.077 0.063 0.055 0.050 0.049 0.049 0.051 0.057 0.060 0.061 0.058 0.052 0.050 0.049 0.050 0.052 0.053 0.053 0.051 0.050 0.050 0.051 0.055 0.064 0.082 0.113 0.142 0.166 0.187 0.207 0.221 0.228 0.228 0.221 0.205 0.189 0.184 0.195 0.230 0.278 0.305 0.318 0.328 0.343 0.363 0.371 0.366 0.360 0.363 0.381 0.435 0.523 0.582 0.600 0.597 0.583 0.573 0.577 0.596 0.621 0.635 0.644 0.663 0.686
0.663 0.658 0.647 0.628 0.600 0.555 0.480 0.369 0.262 0.190 0.144 0.114 0.092 0.075 0.063 0.054 0.050 0.049 0.049 0.051 0.054 0.055 0.053 0.049 0.043 0.040 0.039 0.039 0.040 0.040 0.040 0.038 0.037 0.037 0.037 0.038 0.042 0.050 0.064 0.080 0.099 0.120 0.151 0.185 0.205 0.212 0.211 0.202 0.195 0.202 0.245 0.352 0.500 0.580 0.598 0.594 0.580 0.554 0.510 0.441 0.384 0.361 0.360 0.378 0.424 0.470 0.497 0.510 0.521 0.536 0.556 0.590 0.640 0.698 0.750 0.784 0.799
0.503 0.504 0.501 0.492 0.475 0.441 0.380 0.290 0.208 0.154 0.118 0.093 0.076 0.064 0.056 0.050 0.047 0.046 0.046 0.047 0.047 0.047 0.044 0.038 0.034 0.031 0.030 0.030 0.030 0.030 0.030 0.030 0.029 0.028 0.028 0.029 0.031 0.035 0.042 0.050 0.061 0.076 0.098 0.131 0.161 0.178 0.185 0.187 0.190 0.203 0.263 0.416 0.662 0.833 0.893 0.896 0.879 0.832 0.734 0.570 0.430 0.369 0.356 0.360 0.377 0.405 0.435 0.469 0.511 0.558 0.610 0.672 0.749 0.827 0.880 0.897 0.875
0.229 0.230 0.231 0.233 0.231 0.219 0.190 0.147 0.110 0.085 0.068 0.055 0.047 0.042 0.040 0.039 0.038 0.038 0.038 0.037 0.037 0.035 0.032 0.028 0.026 0.024 0.023 0.023 0.023 0.023 0.023 0.023 0.023 0.022 0.023 0.023 0.024 0.027 0.030 0.035 0.041 0.050 0.062 0.080 0.101 0.120 0.136 0.149 0.163 0.188 0.257 0.424 0.701 0.928 1.034 1.061 1.057 1.020 0.916 0.716 0.506 0.397 0.364 0.361 0.367 0.381 0.408 0.456 0.540 0.666 0.791 0.884 0.955 0.995 1.005 0.979 0.909
0.085 0.084 0.085 0.087 0.087 0.085 0.077 0.063 0.051 0.042 0.036 0.030 0.027 0.025 0.025 0.025 0.025 0.026 0.026 0.026 0.025 0.024 0.023 0.021 0.019 0.018 0.017 0.017 0.017 0.017 0.017 0.017 0.017 0.018 0.018 0.018 0.019 0.020 0.022 0.025 0.029 0.034 0.040 0.048 0.058 0.069 0.080 0.093 0.111 0.144 0.218 0.380 0.652 0.903 1.042 1.098 1.106 1.083 0.991 0.798 0.574 0.442 0.387 0.371 0.370 0.377 0.401 0.465 0.605 0.828 1.008 1.095 1.118 1.111 1.081 1.017 0.912
0.037 0.036 0.037 0.037 0.038 0.037 0.035 0.031 0.027 0.024 0.021 0.019 0.017 0.017 0.017 0.017 0.017 0.017 0.017 0.017 0.017 0.017 0.017 0.016 0.014 0.014 0.013 0.013 0.013 0.013 0.013 0.013 0.013 0.013 0.014 0.014 0.015 0.016 0.017 0.019 0.021 0.024 0.027 0.031 0.035 0.040 0.045 0.053 0.064 0.086 0.139 0.256 0.468 0.716 0.902 1.008 1.047 1.040 0.970 0.806 0.596 0.461 0.397 0.374 0.369 0.373 0.397 0.469 0.635 0.901 1.098 1.174 1.177 1.153 1.102 1.021 0.891
0.020 0.020 0.020 0.020 0.020 0.020 0.019 0.018 0.017 0.015 0.014 0.013 0.012 0.012 0.012 0.012 0.012 0.012 0.012 0.012 0.012 0.012 0.012 0.011 0.011 0.010 0.010 0.010 0.010 0.010 0.010 0.010 0.010 0.010 0.010 0.011 0.011 0.012 0.013 0.014 0.015 0.017 0.019 0.021 0.023 0.025 0.028 0.032 0.037 0.048 0.071 0.121 0.218 0.372 0.553 0.702 0.786 0.813 0.789 0.702 0.560 0.444 0.380 0.351 0.342 0.344 0.367 0.443 0.615 0.884 1.080 1.153 1.157 1.133 1.078 0.984 0.831
0.012 0.012 0.012 0.013 0.013 0.012 0.012 0.012 0.011 0.010 0.010 0.009 0.009 0.008 0.008 0.008 0.008 0.008 0.008 0.008 0.008 0.008 0.008 0.008 0.008 0.007 0.007 0.007 0.007 0.007 0.007 0.007 0.007 0.007 0.008 0.008 0.008 0.009 0.009 0.010 0.011 0.012 0.014 0.015 0.016 0.017 0.019 0.021 0.024 0.029 0.038 0.055 0.087 0.141 0.225 0.317 0.381 0.420 0.439 0.438 0.404 0.347 0.299 0.271 0.261 0.262 0.281 0.348 0.497 0.729 0.912 0.995 1.013 1.001 0.957 0.863 0.702
0.008 0.008 0.008 0.008 0.008 0.008 0.008 0.008 0.007 0.007 0.007 0.006 0.006 0.006 0.006 0.006 0.006 0.006 0.006 0.006 0.006 0.006 0.006 0.006 0.005 0.005 0.005 0.005 0.005 0.005 0.005 0.005 0.005 0.005 0.005 0.006 0.006 0.006 0.007 0.007 0.008 0.009 0.010 0.010 0.011 0.012 0.013 0.015 0.017 0.019 0.023 0.030 0.040 0.058 0.085 0.121 0.150 0.173 0.189 0.198 0.198 0.186 0.164 0.149 0.144 0.144 0.153 0.189 0.273 0.419 0.563 0.653 0.697 0.706 0.686 0.614 0.476
0.005 0.005 0.005 0.005 0.005 0.005 0.005 0.005 0.005 0.004 0.004 0.004 0.004 0.004 0.004 0.004 0.004 0.004 0.004 0.004 0.004 0.004 0.004 0.004 0.004 0.003 0.003 0.003 0.003 0.003 0.003 0.003 0.003 0.003 0.003 0.004 0.004 0.004 0.004 0.005 0.005 0.006 0.006 0.007 0.008 0.009 0.010 0.010 0.012 0.013 0.015 0.019 0.023 0.030 0.039 0.052 0.065 0.075 0.084 0.089 0.090 0.088 0.080 0.074 0.072 0.071 0.074 0.087 0.117 0.176 0.250 0.305 0.340 0.354 0.350 0.316 0.244
0.003 0.003 0.003 0.003 0.003 0.003 0.003 0.003 0.003 0.003 0.002 0.002 0.002 0.002 0.002 0.002 0.002 0.002 0.002 0.002 0.002 0.002 0.002 0.002 0.002 0.002 0.002 0.002 0.002 0.002 0.002 0.002 0.002 0.002 0.002 0.002 0.002 0.002 0.003 0.003 0.003 0.003 0.004 0.005 0.005 0.006 0.006 0.007 0.008 0.009 0.011 0.013 0.015 0.019 0.023 0.028 0.034 0.040 0.044 0.046 0.046 0.046 0.043 0.040 0.039 0.039 0.040 0.044 0.054 0.073 0.103 0.127 0.142 0.149 0.149 0.139 0.111
