RESULTS/r.avaflow_results/14_results/14_ascii/14_hflow30033.asc
ncols 506
nrows 317
xllcenter 498237.50
yllcenter 5580050.00
cellsize 12.50
NODATA_value -9999.000
[rows 170 to 203 of 317, columns 154 to 230 of 506]
1.338 1.744 2.239 2.821 3.495 4.263 5.118 6.064 7.115 8.101 8.871 9.383 9.673 9.811 9.840 9.768 9.558 9.212 8.766 8.264 7.707 7.044 6.250 5.493 4.874 4.404 4.108 3.952 3.871 3.823 3.794 3.770 3.743 3.693 3.612 3.557 3.541 3.510 3.420 3.223 2.932 2.724 2.587 2.458 2.299 2.078 1.775 1.420 1.095 0.799 0.555 0.391 0.295 0.238 0.204 0.181 0.168 0.164 0.167 0.172 0.176 0.178 0.180 0.183 0.188 0.196 0.220 0.286 0.464 0.867 1.397 1.679 1.743 1.665 1.356 0.859 0.475
1.038 1.384 1.822 2.356 3.007 3.796 4.744 5.838 7.039 8.287 9.401 10.267 10.859 11.194 11.308 11.298 11.147 10.806 10.273 9.589 8.801 7.938 6.969 6.029 5.253 4.637 4.209 3.982 3.918 3.936 4.008 4.066 4.073 4.024 3.892 3.755 3.658 3.566 3.438 3.215 2.898 2.660 2.481 2.303 2.087 1.784 1.356 0.902 0.555 0.341 0.225 0.162 0.128 0.111 0.103 0.100 0.102 0.109 0.117 0.123 0.125 0.124 0.122 0.120 0.120 0.124 0.138 0.183 0.300 0.572 1.051 1.439 1.593 1.605 1.498 1.185 0.752
0.811 1.111 1.498 1.983 2.593 3.351 4.311 5.487 6.817 8.250 9.667 10.908 11.880 12.558 12.900 12.981 12.900 12.631 12.110 11.361 10.423 9.349 8.156 6.946 5.905 5.051 4.404 4.022 3.896 3.910 4.010 4.115 4.140 4.094 3.948 3.769 3.637 3.506 3.330 3.043 2.644 2.303 2.023 1.749 1.440 1.053 0.652 0.366 0.211 0.132 0.093 0.072 0.062 0.058 0.058 0.061 0.067 0.078 0.087 0.091 0.092 0.090 0.086 0.083 0.082 0.083 0.092 0.120 0.194 0.367 0.713 1.160 1.449 1.549 1.549 1.430 1.116
0.636 0.893 1.232 1.671 2.238 2.959 3.879 5.048 6.451 8.057 9.765 11.350 12.681 13.700 14.334 14.602 14.615 14.460 14.069 13.413 12.479 11.295 9.908 8.399 6.994 5.803 4.861 4.222 3.897 3.816 3.882 3.999 4.043 4.016 3.889 3.679 3.480 3.286 3.037 2.632 2.067 1.561 1.165 0.862 0.613 0.389 0.226 0.131 0.081 0.057 0.044 0.038 0.036 0.036 0.037 0.040 0.047 0.058 0.066 0.069 0.069 0.066 0.063 0.060 0.060 0.060 0.066 0.083 0.127 0.229 0.439 0.825 1.257 1.484 1.540 1.515 1.366
0.493 0.711 1.006 1.403 1.928 2.615 3.503 4.646 6.065 7.781 9.727 11.618 13.240 14.536 15.455 15.964 16.115 16.068 15.816 15.306 14.500 13.377 11.942 10.214 8.413 6.858 5.596 4.653 4.036 3.716 3.614 3.658 3.720 3.731 3.628 3.381 3.098 2.820 2.466 1.897 1.229 0.757 0.480 0.316 0.208 0.130 0.081 0.053 0.038 0.030 0.027 0.025 0.025 0.025 0.026 0.029 0.036 0.045 0.051 0.053 0.052 0.051 0.048 0.047 0.047 0.048 0.052 0.062 0.087 0.144 0.266 0.515 0.962 1.354 1.502 1.514 1.453
0.377 0.557 0.809 1.163 1.647 2.297 3.157 4.281 5.709 7.502 9.620 11.708 13.498 14.983 16.110 16.855 17.217 17.296 17.184 16.798 16.065 14.962 13.476 11.577 9.449 7.626 6.170 5.057 4.247 3.708 3.413 3.304 3.282 3.236 3.049 2.716 2.366 2.001 1.544 1.000 0.564 0.311 0.181 0.114 0.075 0.051 0.036 0.027 0.023 0.020 0.019 0.019 0.019 0.019 0.020 0.023 0.028 0.034 0.040 0.042 0.042 0.041 0.040 0.039 0.040 0.041 0.044 0.051 0.065 0.098 0.169 0.323 0.649 1.117 1.395 1.468 1.451
0.286 0.429 0.639 0.943 1.377 1.980 2.802 3.901 5.333 7.171 9.404 11.637 13.518 15.084 16.312 17.208 17.758 17.974 17.969 17.687 17.004 15.893 14.344 12.308 9.969 7.989 6.434 5.254 4.372 3.730 3.301 3.028 2.799 2.493 2.056 1.622 1.282 0.988 0.684 0.402 0.220 0.122 0.072 0.047 0.034 0.026 0.021 0.018 0.016 0.016 0.015 0.015 0.015 0.016 0.017 0.018 0.022 0.027 0.031 0.034 0.035 0.035 0.035 0.036 0.037 0.038 0.040 0.045 0.054 0.074 0.118 0.215 0.422 0.821 1.193 1.355 1.392
0.218 0.332 0.503 0.755 1.128 1.667 2.431 3.477 4.877 6.705 8.954 11.267 13.250 14.922 16.230 17.183 17.812 18.104 18.147 17.924 17.284 16.172 14.582 12.480 10.074 8.052 6.480 5.294 4.404 3.716 3.161 2.656 2.092 1.488 0.984 0.677 0.492 0.355 0.233 0.139 0.082 0.051 0.034 0.025 0.020 0.017 0.015 0.014 0.013 0.013 0.013 0.013 0.013 0.013 0.014 0.015 0.017 0.020 0.024 0.028 0.030 0.032 0.033 0.034 0.035 0.037 0.039 0.042 0.049 0.062 0.091 0.154 0.286 0.549 0.912 1.164 1.275
0.168 0.259 0.395 0.599 0.905 1.357 2.026 2.979 4.283 6.007 8.162 10.495 12.540 14.281 15.650 16.663 17.352 17.708 17.797 17.641 17.065 15.975 14.379 12.265 9.891 7.906 6.358 5.185 4.278 3.502 2.754 1.958 1.197 0.655 0.359 0.219 0.152 0.109 0.075 0.051 0.035 0.026 0.020 0.016 0.014 0.012 0.011 0.011 0.010 0.010 0.010 0.010 0.010 0.010 0.011 0.012 0.014 0.016 0.019 0.023 0.026 0.029 0.031 0.033 0.034 0.036 0.038 0.041 0.046 0.056 0.076 0.118 0.204 0.369 0.638 0.916 1.098
0.131 0.202 0.309 0.470 0.713 1.075 1.613 2.406 3.533 5.054 7.004 9.264 11.321 13.035 14.376 15.401 16.125 16.527 16.656 16.568 16.082 15.053 13.491 11.451 9.267 7.420 5.899 4.660 3.634 2.700 1.800 1.014 0.493 0.225 0.112 0.069 0.050 0.039 0.030 0.024 0.019 0.016 0.014 0.012 0.011 0.010 0.009 0.008 0.008 0.008 0.008 0.008 0.008 0.008 0.009 0.009 0.011 0.013 0.015 0.018 0.022 0.026 0.029 0.032 0.034 0.036 0.038 0.041 0.045 0.053 0.067 0.096 0.154 0.261 0.439 0.671 0.872
0.101 0.157 0.241 0.367 0.559 0.843 1.264 1.878 2.749 3.947 5.573 7.637 9.662 11.293 12.573 13.577 14.281 14.690 14.831 14.763 14.306 13.318 11.822 9.980 8.157 6.508 4.921 3.461 2.258 1.349 0.724 0.348 0.155 0.071 0.039 0.028 0.023 0.020 0.017 0.015 0.013 0.011 0.010 0.009 0.008 0.007 0.007 0.006 0.006 0.006 0.006 0.006 0.006 0.006 0.007 0.008 0.009 0.011 0.013 0.016 0.019 0.023 0.027 0.031 0.033 0.036 0.038 0.041 0.045 0.051 0.062 0.084 0.125 0.198 0.317 0.485 0.666
0.079 0.121 0.187 0.285 0.433 0.653 0.978 1.444 2.098 2.997 4.229 5.867 7.712 9.285 10.529 11.508 12.172 12.521 12.603 12.473 11.929 10.870 9.373 7.842 6.421 4.950 3.248 1.796 0.898 0.435 0.204 0.095 0.048 0.027 0.019 0.016 0.014 0.013 0.011 0.010 0.009 0.008 0.007 0.007 0.006 0.005 0.005 0.005 0.004 0.004 0.004 0.004 0.004 0.005 0.006 0.007 0.008 0.009 0.011 0.014 0.017 0.021 0.025 0.030 0.033 0.036 0.039 0.041 0.045 0.050 0.061 0.080 0.112 0.165 0.248 0.368 0.516
0.061 0.094 0.144 0.218 0.330 0.496 0.739 1.084 1.565 2.224 3.112 4.277 5.702 7.100 8.277 9.187 9.764 10.012 10.027 9.766 8.963 7.522 5.933 4.707 3.630 2.475 1.332 0.597 0.245 0.108 0.054 0.031 0.020 0.015 0.012 0.011 0.010 0.009 0.008 0.007 0.007 0.006 0.005 0.005 0.004 0.004 0.003 0.003 0.003 0.003 0.003 0.003 0.004 0.004 0.005 0.006 0.007 0.009 0.011 0.013 0.016 0.019 0.024 0.029 0.033 0.037 0.040 0.043 0.046 0.051 0.061 0.079 0.109 0.153 0.217 0.304 0.415
0.047 0.072 0.110 0.165 0.247 0.366 0.541 0.788 1.131 1.593 2.203 2.992 3.977 5.006 5.867 6.521 6.905 7.036 6.897 6.289 5.099 3.658 2.559 1.829 1.243 0.714 0.325 0.126 0.054 0.030 0.020 0.015 0.012 0.010 0.009 0.008 0.007 0.006 0.006 0.005 0.005 0.004 0.004 0.003 0.003 0.003 0.002 0.002 0.002 0.002 0.002 0.003 0.003 0.004 0.005 0.006 0.008 0.009 0.011 0.013 0.015 0.019 0.023 0.029 0.034 0.038 0.042 0.046 0.050 0.055 0.066 0.083 0.112 0.153 0.208 0.275 0.357
0.036 0.055 0.083 0.123 0.181 0.264 0.383 0.553 0.788 1.103 1.507 2.012 2.627 3.241 3.720 4.030 4.137 4.041 3.641 2.856 1.940 1.198 0.732 0.452 0.259 0.128 0.058 0.029 0.018 0.014 0.011 0.009 0.008 0.007 0.006 0.005 0.005 0.004 0.004 0.003 0.003 0.003 0.002 0.002 0.002 0.002 0.002 0.002 0.002 0.002 0.002 0.003 0.004 0.005 0.006 0.007 0.008 0.010 0.011 0.013 0.016 0.019 0.024 0.029 0.036 0.043 0.049 0.054 0.059 0.067 0.079 0.097 0.124 0.161 0.209 0.267 0.334
0.027 0.041 0.061 0.090 0.130 0.186 0.266 0.378 0.532 0.738 0.999 1.309 1.624 1.880 2.048 2.123 2.078 1.848 1.393 0.850 0.454 0.247 0.143 0.084 0.048 0.027 0.017 0.012 0.010 0.008 0.007 0.006 0.005 0.004 0.004 0.003 0.003 0.003 0.003 0.002 0.002 0.002 0.002 0.001 0.001 0.001 0.001 0.001 0.002 0.002 0.003 0.005 0.007 0.008 0.009 0.010 0.011 0.012 0.013 0.015 0.018 0.022 0.028 0.035 0.044 0.055 0.065 0.073 0.082 0.091 0.104 0.123 0.148 0.179 0.219 0.270 0.332
0.020 0.030 0.044 0.065 0.093 0.131 0.182 0.252 0.347 0.471 0.626 0.788 0.901 0.949 0.940 0.889 0.785 0.586 0.330 0.151 0.075 0.045 0.030 0.021 0.015 0.011 0.009 0.007 0.006 0.005 0.004 0.004 0.003 0.003 0.002 0.002 0.002 0.002 0.002 0.002 0.001 0.001 0.001 0.001 0.001 0.001 0.001 0.002 0.003 0.005 0.008 0.011 0.013 0.015 0.015 0.015 0.015 0.016 0.018 0.022 0.027 0.033 0.041 0.052 0.066 0.084 0.100 0.112 0.122 0.132 0.143 0.157 0.176 0.202 0.239 0.289 0.354
0.014 0.021 0.032 0.046 0.066 0.092 0.124 0.165 0.216 0.279 0.349 0.402 0.421 0.396 0.334 0.261 0.189 0.114 0.053 0.025 0.016 0.013 0.010 0.009 0.007 0.006 0.005 0.004 0.004 0.003 0.003 0.002 0.002 0.002 0.002 0.001 0.001 0.001 0.001 0.001 0.001 0.001 0.001 0.001 0.001 0.001 0.002 0.003 0.006 0.011 0.017 0.021 0.023 0.023 0.023 0.023 0.024 0.026 0.030 0.037 0.046 0.057 0.072 0.092 0.116 0.139 0.154 0.162 0.166 0.168 0.171 0.177 0.191 0.220 0.270 0.344 0.441
0.010 0.015 0.022 0.033 0.047 0.064 0.084 0.106 0.128 0.149 0.165 0.166 0.152 0.121 0.083 0.054 0.034 0.019 0.011 0.007 0.006 0.006 0.005 0.005 0.004 0.004 0.003 0.003 0.002 0.002 0.002 0.001 0.001 0.001 0.001 0.001 0.001 0.001 0.001 0.001 0.001 0.001 0.001 0.001 0.001 0.002 0.004 0.008 0.015 0.022 0.026 0.028 0.029 0.029 0.029 0.030 0.033 0.038 0.047 0.058 0.073 0.092 0.118 0.146 0.169 0.184 0.191 0.192 0.188 0.182 0.179 0.182 0.194 0.226 0.298 0.427 0.606
0.007 0.010 0.015 0.022 0.032 0.043 0.054 0.062 0.066 0.066 0.061 0.052 0.040 0.027 0.017 0.011 0.007 0.005 0.004 0.003 0.003 0.003 0.003 0.003 0.003 0.002 0.002 0.002 0.001 0.001 0.001 0.001 0.001 0.001 0.001 0.001 0.001 0.001 0.001 0.001 0.001 0.001 0.001 0.002 0.003 0.006 0.011 0.018 0.025 0.029 0.030 0.031 0.031 0.031 0.032 0.034 0.038 0.045 0.056 0.071 0.089 0.113 0.145 0.174 0.193 0.201 0.203 0.200 0.192 0.180 0.175 0.176 0.185 0.218 0.299 0.456 0.695
0.005 0.007 0.010 0.014 0.019 0.024 0.028 0.029 0.027 0.022 0.017 0.013 0.009 0.006 0.004 0.003 0.003 0.002 0.002 0.002 0.002 0.002 0.002 0.002 0.002 0.001 0.001 0.001 0.001 0.001 0.001 0.001 0.001 0.001 0.001 0.001 0.001 0.001 0.001 0.002 0.002 0.003 0.004 0.005 0.008 0.013 0.021 0.027 0.031 0.032 0.032 0.032 0.032 0.032 0.033 0.035 0.039 0.047 0.058 0.074 0.093 0.119 0.151 0.178 0.193 0.199 0.199 0.194 0.180 0.162 0.151 0.149 0.155 0.183 0.263 0.426 0.683
0.003 0.004 0.005 0.007 0.009 0.010 0.010 0.009 0.007 0.005 0.004 0.003 0.003 0.002 0.002 0.002 0.002 0.001 0.001 0.001 0.001 0.001 0.001 0.001 0.001 0.001 0.001 0.001 0.001 0.001 0.001 0.001 0.001 0.002 0.002 0.002 0.002 0.003 0.003 0.004 0.005 0.006 0.008 0.011 0.015 0.020 0.027 0.031 0.032 0.032 0.032 0.032 0.032 0.032 0.033 0.035 0.039 0.046 0.057 0.071 0.090 0.113 0.140 0.159 0.169 0.172 0.169 0.159 0.140 0.116 0.103 0.098 0.099 0.116 0.175 0.316 0.559
0.002 0.002 0.003 0.003 0.003 0.003 0.003 0.002 0.002 0.001 0.001 0.001 0.001 0.001 0.001 0.001 0.001 0.001 0.001 0.001 0.001 0.001 0.001 0.001 0.001 0.001 0.002 0.002 0.002 0.002 0.002 0.003 0.003 0.003 0.004 0.004 0.005 0.005 0.006 0.007 0.008 0.009 0.011 0.014 0.018 0.023 0.029 0.031 0.032 0.032 0.032 0.032 0.032 0.032 0.032 0.034 0.037 0.042 0.049 0.058 0.069 0.083 0.096 0.105 0.108 0.109 0.105 0.095 0.079 0.064 0.056 0.054 0.054 0.059 0.085 0.159 0.316
0.001 0.001 0.001 0.001 0.001 0.001 0.001 0.001 0.001 0.001 0.001 0.001 0.001 0.001 0.001 0.001 0.001 0.001 0.001 0.001 0.001 0.001 0.001 0.001 0.002 0.002 0.003 0.003 0.004 0.004 0.005 0.005 0.006 0.006 0.006 0.007 0.007 0.008 0.008 0.009 0.010 0.011 0.012 0.015 0.019 0.024 0.028 0.030 0.031 0.031 0.031 0.031 0.030 0.029 0.029 0.029 0.030 0.030 0.030 0.031 0.033 0.037 0.043 0.048 0.051 0.052 0.052 0.048 0.041 0.035 0.032 0.031 0.031 0.033 0.042 0.068 0.130
0.001 0.001 0.001 0.001 0.001 0.001 0.001 0.001 0.001 0.001 0.001 0.001 0.001 0.001 0.001 0.001 0.001 0.001 0.001 0.001 0.001 0.001 0.001 0.002 0.003 0.004 0.005 0.006 0.006 0.007 0.007 0.007 0.008 0.008 0.008 0.008 0.008 0.008 0.009 0.009 0.010 0.011 0.012 0.015 0.018 0.023 0.026 0.028 0.029 0.029 0.028 0.027 0.025 0.023 0.021 0.019 0.017 0.015 0.013 0.013 0.013 0.015 0.018 0.022 0.025 0.027 0.027 0.026 0.024 0.022 0.021 0.021 0.021 0.021 0.025 0.034 0.054
0.001 0.001 0.001 0.001 0.001 0.001 0.001 0.001 0.001 0.001 0.001 0.001 0.001 0.001 0.001 0.001 0.001 0.001 0.001 0.001 0.001 0.001 0.002 0.003 0.004 0.006 0.007 0.007 0.008 0.008 0.008 0.008 0.008 0.008 0.008 0.009 0.009 0.009 0.009 0.009 0.010 0.011 0.012 0.014 0.017 0.019 0.021 0.022 0.021 0.021 0.019 0.017 0.015 0.013 0.011 0.009 0.007 0.006 0.005 0.006 0.006 0.008 0.010 0.013 0.015 0.016 0.016 0.016 0.016 0.015 0.015 0.015 0.015 0.015 0.017 0.021 0.028
0.001 0.001 0.001 0.001 0.001 0.001 0.001 0.001 0.001 0.001 0.001 0.001 0.001 0.001 0.001 0.001 0.001 0.001 0.001 0.001 0.001 0.002 0.003 0.004 0.005 0.006 0.007 0.008 0.008 0.008 0.008 0.008 0.008 0.009 0.009 0.009 0.009 0.009 0.009 0.009 0.009 0.010 0.010 0.011 0.012 0.012 0.012 0.011 0.010 0.010 0.009 0.008 0.006 0.005 0.004 0.004 0.003 0.003 0.003 0.003 0.004 0.005 0.007 0.008 0.010 0.010 0.011 0.011 0.011 0.011 0.011 0.011 0.011 0.011 0.012 0.014 0.018
0.000 0.000 0.000 0.000 0.000 0.000 0.000 0.000 0.000 0.000 0.000 0.000 0.001 0.001 0.001 0.001 0.001 0.001 0.001 0.001 0.001 0.002 0.003 0.004 0.006 0.007 0.007 0.008 0.008 0.008 0.008 0.008 0.008 0.008 0.008 0.008 0.008 0.008 0.008 0.008 0.008 0.008 0.007 0.007 0.006 0.006 0.005 0.004 0.004 0.004 0.003 0.003 0.002 0.002 0.002 0.002 0.002 0.002 0.002 0.002 0.003 0.004 0.005 0.006 0.007 0.007 0.007 0.007 0.008 0.008 0.008 0.008 0.008 0.008 0.009 0.010 0.012
0.000 0.000 0.000 0.000 0.000 0.000 0.000 0.000 0.000 0.000 0.000 0.000 0.000 0.000 0.001 0.001 0.001 0.001 0.001 0.001 0.002 0.002 0.003 0.004 0.006 0.007 0.007 0.008 0.008 0.008 0.008 0.008 0.008 0.008 0.008 0.008 0.008 0.007 0.007 0.007 0.006 0.005 0.004 0.003 0.003 0.002 0.002 0.002 0.002 0.001 0.001 0.001 0.001 0.001 0.001 0.001 0.001 0.001 0.001 0.002 0.002 0.003 0.003 0.004 0.004 0.005 0.005 0.005 0.005 0.005 0.005 0.005 0.005 0.006 0.006 0.007 0.009
0.000 0.000 0.000 0.000 0.000 0.000 0.000 0.000 0.000 0.000 0.000 0.000 0.000 0.000 0.000 0.001 0.001 0.001 0.001 0.001 0.002 0.002 0.003 0.004 0.005 0.006 0.007 0.007 0.007 0.007 0.007 0.007 0.007 0.007 0.007 0.007 0.007 0.006 0.005 0.005 0.004 0.003 0.002 0.002 0.001 0.001 0.001 0.001 0.001 0.001 0.001 0.001 0.001 0.001 0.001 0.001 0.001 0.001 0.001 0.001 0.001 0.002 0.002 0.002 0.003 0.003 0.003 0.003 0.003 0.003 0.003 0.003 0.003 0.004 0.004 0.005 0.006
0.000 0.000 0.000 0.000 0.000 0.000 0.000 0.000 0.000 0.000 0.000 0.000 0.000 0.000 0.000 0.000 0.001 0.001 0.001 0.001 0.002 0.002 0.003 0.004 0.005 0.006 0.006 0.006 0.006 0.006 0.006 0.006 0.005 0.005 0.005 0.005 0.004 0.004 0.003 0.003 0.002 0.002 0.001 0.001 0.001 0.001 0.001 0.001 0.001 0.001 0.001 0.001 0.001 0.001 0.001 0.001 0.001 0.001 0.001 0.001 0.001 0.001 0.001 0.001 0.001 0.001 0.001 0.001 0.001 0.001 0.001 0.002 0.002 0.002 0.002 0.003 0.004
0.000 0.000 0.000 0.000 0.000 0.000 0.000 0.000 0.000 0.000 0.000 0.000 0.000 0.000 0.000 0.000 0.001 0.001 0.001 0.001 0.001 0.002 0.003 0.003 0.004 0.004 0.005 0.005 0.005 0.005 0.004 0.004 0.004 0.003 0.003 0.003 0.002 0.002 0.002 0.001 0.001 0.001 0.001 0.001 0.001 0.001 0.001 0.001 0.001 0.001 0.001 0.001 0.001 0.001 0.001 0.001 0.001 0.001 0.001 0.001 0.001 0.001 0.000 0.000 0.000 0.000 0.000 0.000 0.000 0.000 0.000 0.001 0.001 0.001 0.001 0.002 0.002
0.000 0.000 0.000 0.000 0.000 0.000 0.000 0.000 0.000 0.000 0.000 0.000 0.000 0.000 0.000 0.000 0.000 0.001 0.001 0.001 0.001 0.002 0.002 0.003 0.003 0.003 0.003 0.003 0.003 0.003 0.003 0.003 0.003 0.002 0.002 0.002 0.001 0.001 0.001 0.001 0.001 0.001 0.001 0.001 0.001 0.001 0.001 0.000 0.000 0.000 0.000 0.000 0.000 0.000 0.000 0.000 0.000 0.000 0.000 0.000 0.000 0.000 0.000 0.000 0.000 0.000 0.000 0.000 0.000 0.000 0.000 0.000 0.000 0.000 0.000 0.001 0.001
0.000 0.000 0.000 0.000 0.000 0.000 0.000 0.000 0.000 0.000 0.000 0.000 0.000 0.000 0.000 0.000 0.000 0.000 0.001 0.001 0.001 0.001 0.002 0.002 0.002 0.002 0.002 0.002 0.002 0.002 0.002 0.002 0.002 0.001 0.001 0.001 0.001 0.001 0.001 0.001 0.001 0.001 0.001 0.000 0.000 0.000 0.000 0.000 0.000 0.000 0.000 0.000 0.000 0.000 0.000 0.000 0.000 0.000 0.000 0.000 0.000 0.000 0.000 0.000 0.000 0.000 0.000 0.000 0.000 0.000 0.000 0.000 0.000 0.000 0.000 0.000 0.000
