RESULTS/r.avaflow_results/14_results/14_ascii/14_hflow0031.asc
ncols 506
nrows 317
xllcenter 498237.50
yllcenter 5580050.00
cellsize 12.50
NODATA_value -9999.000
[rows 170 to 203 of 317, columns 231 to 307 of 506]
0.333 0.208 0.139 0.100 0.080 0.070 0.065 0.065 0.071 0.092 0.119 0.130 0.130 0.121 0.098 0.064 0.041 0.029 0.022 0.018 0.015 0.014 0.012 0.011 0.010 0.009 0.008 0.007 0.006 0.005 0.005 0.004 0.003 0.002 0.001 0.001 0.000 0.000 0.000 0.000 0.000 0.000 0.000 0.000 0.000 0.000 0.000 0.000 0.000 0.000 0.000 0.000 0.000 0.000 0.000 0.000 0.000 0.000 0.000 0.000 0.000 0.000 0.000 0.000 0.000 0.000 0.000 0.000 0.000 0.000 0.000 0.000 0.000 0.000 0.000 0.000 0.000
0.511 0.307 0.194 0.132 0.101 0.088 0.086 0.090 0.115 0.181 0.260 0.288 0.285 0.259 0.198 0.116 0.066 0.041 0.028 0.021 0.017 0.015 0.014 0.013 0.012 0.011 0.010 0.009 0.008 0.007 0.006 0.005 0.004 0.003 0.002 0.002 0.001 0.000 0.000 0.000 0.000 0.000 0.000 0.000 0.000 0.000 0.000 0.000 0.000 0.000 0.000 0.000 0.000 0.000 0.000 0.000 0.000 0.000 0.000 0.000 0.000 0.000 0.000 0.000 0.000 0.000 0.000 0.000 0.000 0.000 0.000 0.000 0.000 0.000 0.000 0.000 0.000
0.816 0.470 0.281 0.180 0.130 0.112 0.110 0.123 0.182 0.328 0.502 0.569 0.562 0.504 0.380 0.216 0.111 0.061 0.037 0.026 0.020 0.017 0.015 0.014 0.013 0.012 0.011 0.010 0.009 0.008 0.007 0.007 0.006 0.004 0.003 0.002 0.002 0.001 0.000 0.000 0.000 0.000 0.000 0.000 0.000 0.000 0.000 0.000 0.000 0.000 0.000 0.000 0.000 0.000 0.000 0.000 0.000 0.000 0.000 0.000 0.000 0.000 0.000 0.000 0.000 0.000 0.000 0.000 0.000 0.000 0.000 0.000 0.000 0.000 0.000 0.000 0.000
1.177 0.738 0.425 0.258 0.173 0.141 0.137 0.155 0.236 0.442 0.705 0.819 0.820 0.755 0.606 0.376 0.189 0.094 0.051 0.032 0.023 0.019 0.017 0.016 0.014 0.013 0.013 0.012 0.011 0.010 0.009 0.008 0.007 0.006 0.005 0.003 0.002 0.002 0.001 0.000 0.000 0.000 0.000 0.000 0.000 0.000 0.000 0.000 0.000 0.000 0.000 0.000 0.000 0.000 0.000 0.000 0.000 0.000 0.000 0.000 0.000 0.000 0.000 0.000 0.000 0.000 0.000 0.000 0.000 0.000 0.000 0.000 0.000 0.000 0.000 0.000 0.000
1.426 1.070 0.670 0.390 0.243 0.181 0.169 0.186 0.270 0.488 0.783 0.920 0.929 0.874 0.746 0.534 0.299 0.149 0.075 0.043 0.029 0.022 0.019 0.017 0.016 0.015 0.014 0.013 0.012 0.012 0.011 0.010 0.009 0.007 0.006 0.005 0.003 0.002 0.002 0.001 0.001 0.000 0.000 0.000 0.000 0.000 0.000 0.000 0.000 0.000 0.000 0.000 0.000 0.000 0.000 0.000 0.000 0.000 0.000 0.000 0.000 0.000 0.000 0.000 0.000 0.000 0.000 0.000 0.000 0.000 0.000 0.000 0.000 0.000 0.000 0.000 0.000
1.517 1.314 0.981 0.607 0.356 0.240 0.210 0.220 0.296 0.500 0.783 0.921 0.935 0.889 0.790 0.635 0.426 0.239 0.122 0.063 0.038 0.027 0.022 0.019 0.018 0.016 0.015 0.015 0.014 0.013 0.012 0.011 0.010 0.009 0.007 0.006 0.004 0.003 0.002 0.002 0.001 0.001 0.000 0.000 0.000 0.000 0.000 0.000 0.000 0.000 0.000 0.000 0.000 0.000 0.000 0.000 0.000 0.000 0.000 0.000 0.000 0.000 0.000 0.000 0.000 0.000 0.000 0.000 0.000 0.000 0.000 0.000 0.000 0.000 0.000 0.000 0.001
1.514 1.401 1.192 0.856 0.522 0.332 0.266 0.266 0.327 0.499 0.733 0.853 0.872 0.847 0.780 0.681 0.549 0.376 0.209 0.105 0.056 0.035 0.026 0.022 0.020 0.018 0.017 0.016 0.016 0.015 0.014 0.013 0.011 0.010 0.008 0.007 0.006 0.004 0.003 0.002 0.002 0.001 0.001 0.000 0.000 0.000 0.000 0.000 0.000 0.000 0.000 0.000 0.000 0.000 0.000 0.000 0.000 0.000 0.000 0.000 0.000 0.000 0.000 0.000 0.000 0.000 0.000 0.000 0.000 0.000 0.000 0.000 0.000 0.000 0.001 0.002 0.003
1.450 1.398 1.264 1.036 0.720 0.465 0.352 0.334 0.373 0.493 0.637 0.708 0.730 0.735 0.725 0.690 0.627 0.519 0.347 0.186 0.095 0.053 0.036 0.027 0.023 0.021 0.019 0.018 0.017 0.017 0.016 0.014 0.013 0.011 0.009 0.008 0.007 0.006 0.004 0.003 0.003 0.002 0.001 0.001 0.000 0.000 0.000 0.000 0.000 0.000 0.000 0.000 0.000 0.000 0.000 0.000 0.000 0.000 0.000 0.000 0.000 0.000 0.000 0.000 0.000 0.000 0.000 0.000 0.000 0.000 0.000 0.000 0.001 0.001 0.003 0.005 0.007
1.328 1.333 1.269 1.130 0.910 0.647 0.483 0.437 0.450 0.517 0.584 0.607 0.617 0.629 0.652 0.677 0.676 0.632 0.509 0.326 0.177 0.095 0.056 0.039 0.030 0.025 0.022 0.020 0.020 0.019 0.017 0.016 0.014 0.012 0.011 0.009 0.008 0.007 0.006 0.005 0.004 0.003 0.002 0.001 0.001 0.000 0.000 0.000 0.000 0.000 0.000 0.000 0.000 0.000 0.000 0.000 0.000 0.000 0.000 0.000 0.000 0.000 0.000 0.000 0.000 0.000 0.000 0.000 0.000 0.001 0.001 0.002 0.003 0.004 0.006 0.009 0.014
1.154 1.220 1.221 1.161 1.033 0.841 0.672 0.589 0.567 0.573 0.581 0.581 0.582 0.593 0.623 0.676 0.725 0.735 0.680 0.532 0.343 0.194 0.108 0.065 0.044 0.033 0.027 0.024 0.022 0.021 0.019 0.017 0.015 0.013 0.012 0.011 0.009 0.008 0.007 0.006 0.005 0.004 0.003 0.002 0.002 0.001 0.001 0.000 0.000 0.000 0.000 0.000 0.000 0.000 0.000 0.000 0.000 0.000 0.000 0.000 0.001 0.001 0.001 0.001 0.001 0.001 0.001 0.001 0.001 0.002 0.003 0.004 0.006 0.009 0.012 0.017 0.026
0.960 1.084 1.138 1.133 1.075 0.963 0.837 0.756 0.710 0.667 0.616 0.588 0.584 0.592 0.624 0.692 0.795 0.870 0.879 0.807 0.635 0.416 0.238 0.135 0.081 0.054 0.039 0.032 0.027 0.024 0.021 0.019 0.017 0.015 0.013 0.012 0.011 0.009 0.008 0.007 0.006 0.005 0.004 0.004 0.003 0.002 0.002 0.001 0.001 0.001 0.000 0.000 0.000 0.000 0.000 0.000 0.000 0.000 0.001 0.001 0.002 0.002 0.002 0.002 0.002 0.003 0.003 0.003 0.004 0.005 0.006 0.008 0.011 0.015 0.022 0.033 0.054
0.789 0.936 1.034 1.071 1.059 1.005 0.925 0.864 0.820 0.772 0.694 0.629 0.610 0.615 0.652 0.744 0.908 1.087 1.172 1.168 1.056 0.820 0.537 0.319 0.185 0.110 0.070 0.049 0.037 0.030 0.025 0.021 0.018 0.017 0.015 0.013 0.012 0.011 0.010 0.009 0.008 0.007 0.006 0.005 0.004 0.004 0.003 0.003 0.002 0.002 0.002 0.001 0.001 0.001 0.001 0.001 0.001 0.002 0.002 0.003 0.004 0.004 0.004 0.005 0.005 0.005 0.006 0.006 0.007 0.009 0.011 0.014 0.019 0.028 0.042 0.068 0.117
0.645 0.781 0.898 0.977 1.007 0.994 0.952 0.911 0.880 0.844 0.776 0.702 0.675 0.681 0.733 0.861 1.090 1.399 1.601 1.657 1.605 1.416 1.094 0.743 0.466 0.278 0.164 0.100 0.065 0.044 0.032 0.025 0.021 0.019 0.017 0.015 0.014 0.013 0.011 0.010 0.009 0.009 0.008 0.007 0.006 0.006 0.005 0.005 0.004 0.004 0.003 0.003 0.003 0.003 0.003 0.003 0.003 0.004 0.004 0.005 0.006 0.007 0.007 0.008 0.008 0.009 0.010 0.011 0.012 0.015 0.019 0.025 0.035 0.053 0.086 0.147 0.263
0.537 0.653 0.766 0.858 0.916 0.941 0.938 0.922 0.905 0.888 0.848 0.806 0.800 0.832 0.918 1.084 1.362 1.757 2.070 2.229 2.264 2.171 1.921 1.532 1.107 0.737 0.453 0.262 0.149 0.086 0.052 0.034 0.026 0.022 0.020 0.018 0.016 0.015 0.013 0.012 0.011 0.011 0.010 0.009 0.009 0.008 0.008 0.007 0.007 0.006 0.006 0.005 0.005 0.005 0.005 0.005 0.006 0.006 0.007 0.008 0.009 0.010 0.011 0.012 0.012 0.013 0.015 0.016 0.019 0.024 0.032 0.046 0.071 0.113 0.185 0.320 0.580
0.475 0.577 0.689 0.786 0.851 0.889 0.909 0.917 0.922 0.932 0.949 0.995 1.083 1.186 1.310 1.480 1.737 2.093 2.422 2.662 2.819 2.881 2.819 2.596 2.190 1.686 1.180 0.727 0.396 0.201 0.103 0.057 0.037 0.028 0.024 0.021 0.019 0.017 0.016 0.015 0.014 0.013 0.012 0.012 0.011 0.011 0.010 0.010 0.010 0.009 0.009 0.008 0.008 0.008 0.008 0.008 0.009 0.010 0.010 0.012 0.013 0.014 0.015 0.016 0.017 0.019 0.021 0.025 0.032 0.043 0.064 0.099 0.155 0.245 0.392 0.661 1.187
0.454 0.547 0.660 0.766 0.835 0.878 0.906 0.931 0.972 1.057 1.214 1.457 1.712 1.889 2.006 2.103 2.238 2.451 2.704 2.961 3.219 3.411 3.497 3.466 3.306 2.955 2.401 1.679 0.943 0.465 0.219 0.109 0.062 0.042 0.032 0.027 0.024 0.021 0.019 0.018 0.016 0.016 0.015 0.014 0.014 0.014 0.014 0.013 0.013 0.012 0.012 0.012 0.012 0.012 0.012 0.012 0.013 0.013 0.014 0.016 0.018 0.020 0.021 0.023 0.025 0.028 0.034 0.044 0.062 0.092 0.143 0.223 0.342 0.514 0.775 1.200 1.794
0.457 0.549 0.662 0.773 0.850 0.906 0.960 1.051 1.223 1.510 1.926 2.411 2.790 2.973 3.000 2.905 2.833 2.858 2.980 3.207 3.504 3.784 3.985 4.090 4.099 3.963 3.583 2.865 1.802 0.911 0.436 0.215 0.115 0.070 0.048 0.037 0.031 0.027 0.024 0.022 0.020 0.019 0.018 0.018 0.017 0.017 0.017 0.017 0.016 0.016 0.016 0.016 0.016 0.016 0.016 0.016 0.017 0.018 0.019 0.021 0.024 0.027 0.031 0.035 0.040 0.049 0.064 0.092 0.141 0.217 0.330 0.491 0.707 0.989 1.324 1.692 2.064
0.505 0.604 0.721 0.844 0.950 1.055 1.218 1.525 2.006 2.617 3.254 3.750 3.977 3.989 3.831 3.538 3.330 3.257 3.284 3.445 3.733 4.081 4.394 4.612 4.704 4.671 4.402 3.753 2.643 1.478 0.762 0.397 0.216 0.126 0.080 0.056 0.043 0.036 0.031 0.028 0.026 0.024 0.023 0.022 0.022 0.021 0.021 0.021 0.021 0.020 0.020 0.020 0.020 0.020 0.020 0.021 0.022 0.024 0.027 0.030 0.036 0.044 0.053 0.063 0.078 0.103 0.146 0.220 0.337 0.502 0.718 0.998 1.306 1.576 1.783 1.954 2.106
0.639 0.777 0.921 1.076 1.248 1.483 1.903 2.633 3.490 4.167 4.562 4.716 4.694 4.552 4.277 3.950 3.724 3.615 3.603 3.695 3.950 4.371 4.811 5.099 5.215 5.197 4.959 4.341 3.276 2.048 1.187 0.673 0.384 0.227 0.141 0.093 0.067 0.053 0.045 0.040 0.036 0.033 0.032 0.030 0.028 0.026 0.026 0.025 0.025 0.025 0.025 0.024 0.024 0.025 0.026 0.028 0.031 0.035 0.041 0.051 0.065 0.085 0.109 0.138 0.178 0.242 0.348 0.521 0.770 1.071 1.384 1.665 1.861 1.971 2.022 2.036 2.011
0.770 1.010 1.263 1.530 1.852 2.333 3.114 4.084 4.823 5.152 5.212 5.124 4.967 4.753 4.459 4.203 4.030 3.928 3.904 3.965 4.212 4.738 5.305 5.605 5.685 5.623 5.330 4.692 3.681 2.571 1.703 1.074 0.659 0.404 0.254 0.165 0.114 0.088 0.075 0.067 0.061 0.056 0.052 0.047 0.041 0.036 0.033 0.032 0.032 0.032 0.031 0.031 0.031 0.032 0.035 0.040 0.048 0.059 0.077 0.104 0.141 0.188 0.243 0.312 0.408 0.556 0.790 1.131 1.510 1.817 2.012 2.120 2.165 2.154 2.100 2.007 1.830
0.793 1.092 1.447 1.875 2.423 3.177 4.133 4.947 5.382 5.473 5.390 5.210 5.009 4.787 4.522 4.342 4.248 4.199 4.197 4.300 4.639 5.327 5.954 6.191 6.182 6.000 5.567 4.830 3.865 2.989 2.278 1.652 1.120 0.726 0.469 0.310 0.217 0.170 0.149 0.140 0.134 0.126 0.115 0.097 0.075 0.059 0.049 0.044 0.042 0.041 0.041 0.041 0.042 0.046 0.055 0.070 0.091 0.122 0.167 0.233 0.319 0.417 0.528 0.672 0.865 1.119 1.436 1.781 2.064 2.241 2.320 2.334 2.299 2.209 2.078 1.900 1.619
0.705 1.033 1.436 1.942 2.615 3.528 4.522 5.188 5.462 5.479 5.376 5.193 4.999 4.781 4.545 4.419 4.388 4.423 4.535 4.787 5.315 6.076 6.571 6.698 6.618 6.308 5.707 4.823 3.934 3.267 2.734 2.237 1.746 1.281 0.887 0.607 0.446 0.373 0.351 0.354 0.358 0.349 0.313 0.247 0.173 0.121 0.089 0.071 0.062 0.060 0.059 0.061 0.067 0.083 0.111 0.150 0.200 0.269 0.371 0.515 0.683 0.852 1.014 1.162 1.312 1.506 1.763 2.033 2.236 2.360 2.404 2.398 2.332 2.183 1.964 1.695 1.379
0.467 0.782 1.213 1.780 2.520 3.497 4.491 5.122 5.353 5.357 5.272 5.129 4.967 4.764 4.555 4.464 4.473 4.594 4.866 5.281 5.889 6.542 6.885 6.954 6.858 6.488 5.764 4.756 3.948 3.398 2.965 2.569 2.187 1.819 1.468 1.156 0.945 0.866 0.876 0.950 0.988 0.973 0.869 0.669 0.444 0.287 0.187 0.132 0.108 0.101 0.101 0.110 0.137 0.188 0.262 0.350 0.451 0.582 0.778 1.030 1.239 1.345 1.382 1.406 1.452 1.573 1.787 2.039 2.231 2.349 2.390 2.380 2.289 2.069 1.751 1.436 1.166
0.214 0.405 0.744 1.284 2.046 3.052 4.082 4.755 5.044 5.103 5.078 5.014 4.910 4.738 4.552 4.488 4.527 4.721 5.082 5.560 6.136 6.654 6.932 6.986 6.895 6.513 5.706 4.626 3.878 3.394 3.009 2.666 2.354 2.080 1.855 1.690 1.610 1.640 1.810 2.041 2.134 2.119 1.950 1.577 1.089 0.684 0.423 0.278 0.219 0.205 0.212 0.248 0.327 0.458 0.624 0.790 0.961 1.171 1.423 1.608 1.658 1.597 1.498 1.438 1.437 1.503 1.665 1.898 2.099 2.216 2.251 2.231 2.104 1.831 1.470 1.188 0.998
0.087 0.162 0.317 0.627 1.190 2.065 3.106 3.959 4.471 4.717 4.818 4.845 4.811 4.689 4.533 4.489 4.556 4.792 5.161 5.617 6.090 6.460 6.665 6.706 6.598 6.178 5.312 4.222 3.513 3.111 2.830 2.578 2.337 2.124 1.988 1.943 1.977 2.125 2.492 2.877 3.026 3.026 2.889 2.555 2.031 1.418 0.912 0.614 0.498 0.481 0.511 0.608 0.789 1.054 1.330 1.552 1.722 1.854 1.934 1.923 1.826 1.658 1.497 1.388 1.324 1.308 1.375 1.535 1.721 1.833 1.863 1.834 1.706 1.466 1.169 0.961 0.839
0.040 0.064 0.116 0.233 0.484 0.957 1.712 2.648 3.504 4.077 4.415 4.574 4.614 4.564 4.470 4.454 4.554 4.801 5.116 5.401 5.590 5.670 5.688 5.637 5.444 4.971 4.130 3.181 2.584 2.302 2.177 2.093 2.016 1.958 1.942 1.976 2.072 2.294 2.749 3.196 3.375 3.383 3.276 3.021 2.611 2.082 1.594 1.252 1.104 1.092 1.172 1.354 1.572 1.775 1.940 2.086 2.172 2.186 2.132 2.013 1.840 1.629 1.430 1.256 1.112 1.011 0.963 0.981 1.061 1.138 1.171 1.168 1.118 1.013 0.865 0.746 0.680
0.022 0.031 0.047 0.082 0.160 0.337 0.683 1.252 2.064 2.934 3.614 3.995 4.169 4.235 4.258 4.308 4.441 4.624 4.729 4.637 4.382 4.069 3.780 3.527 3.223 2.786 2.160 1.580 1.264 1.143 1.127 1.167 1.256 1.394 1.568 1.751 1.952 2.237 2.724 3.177 3.370 3.391 3.312 3.105 2.777 2.398 2.108 1.929 1.869 1.883 1.955 2.033 2.044 2.048 2.088 2.187 2.251 2.237 2.145 1.989 1.777 1.527 1.301 1.111 0.956 0.824 0.711 0.629 0.592 0.597 0.613 0.632 0.647 0.639 0.603 0.554 0.524
0.015 0.019 0.025 0.036 0.058 0.106 0.214 0.435 0.838 1.471 2.229 2.876 3.286 3.540 3.720 3.855 3.943 3.928 3.677 3.114 2.478 2.015 1.712 1.482 1.275 1.051 0.781 0.567 0.461 0.434 0.440 0.474 0.548 0.673 0.868 1.131 1.446 1.826 2.336 2.772 2.984 3.041 3.017 2.914 2.712 2.470 2.335 2.290 2.287 2.290 2.278 2.212 2.089 2.010 2.008 2.075 2.137 2.119 2.015 1.842 1.632 1.407 1.211 1.038 0.876 0.719 0.568 0.439 0.360 0.330 0.327 0.339 0.364 0.389 0.400 0.395 0.391
0.010 0.013 0.016 0.020 0.028 0.041 0.069 0.126 0.253 0.514 0.939 1.454 1.955 2.385 2.684 2.820 2.788 2.530 2.012 1.409 0.985 0.737 0.590 0.491 0.409 0.327 0.242 0.184 0.157 0.153 0.158 0.175 0.211 0.275 0.376 0.526 0.739 1.049 1.473 1.833 2.046 2.159 2.230 2.287 2.325 2.331 2.339 2.352 2.357 2.331 2.249 2.101 1.871 1.693 1.634 1.653 1.705 1.707 1.644 1.541 1.421 1.286 1.143 0.985 0.812 0.625 0.453 0.316 0.232 0.196 0.188 0.192 0.211 0.240 0.263 0.278 0.288
0.007 0.009 0.011 0.014 0.017 0.022 0.030 0.045 0.076 0.149 0.299 0.542 0.858 1.164 1.361 1.414 1.355 1.135 0.783 0.484 0.318 0.236 0.193 0.166 0.143 0.118 0.094 0.077 0.071 0.070 0.072 0.079 0.092 0.116 0.156 0.221 0.317 0.458 0.662 0.859 0.996 1.099 1.196 1.322 1.533 1.817 2.017 2.088 2.089 2.034 1.887 1.630 1.275 1.012 0.904 0.890 0.930 0.994 1.061 1.118 1.142 1.118 1.045 0.915 0.734 0.524 0.349 0.228 0.159 0.130 0.124 0.125 0.137 0.159 0.182 0.201 0.216
0.005 0.006 0.008 0.010 0.012 0.015 0.018 0.023 0.033 0.051 0.092 0.170 0.299 0.439 0.519 0.535 0.503 0.407 0.259 0.159 0.111 0.089 0.078 0.073 0.068 0.062 0.055 0.049 0.047 0.047 0.047 0.051 0.056 0.065 0.078 0.099 0.131 0.180 0.253 0.338 0.407 0.470 0.537 0.620 0.754 1.011 1.240 1.319 1.314 1.243 1.084 0.842 0.585 0.439 0.389 0.388 0.419 0.499 0.624 0.748 0.829 0.865 0.857 0.775 0.612 0.409 0.258 0.166 0.118 0.100 0.096 0.098 0.105 0.120 0.138 0.156 0.173
0.003 0.004 0.005 0.007 0.008 0.010 0.013 0.015 0.019 0.026 0.037 0.060 0.102 0.149 0.172 0.176 0.168 0.140 0.093 0.064 0.051 0.046 0.044 0.044 0.045 0.045 0.043 0.041 0.040 0.040 0.041 0.043 0.045 0.048 0.052 0.058 0.067 0.081 0.103 0.133 0.162 0.191 0.221 0.261 0.323 0.438 0.527 0.545 0.534 0.499 0.438 0.345 0.249 0.196 0.180 0.182 0.205 0.269 0.384 0.498 0.564 0.590 0.591 0.551 0.443 0.294 0.189 0.127 0.098 0.088 0.087 0.089 0.094 0.104 0.117 0.133 0.152
0.002 0.002 0.003 0.004 0.006 0.007 0.009 0.011 0.013 0.016 0.021 0.029 0.043 0.057 0.064 0.065 0.063 0.057 0.043 0.035 0.032 0.031 0.031 0.033 0.036 0.038 0.038 0.038 0.038 0.038 0.039 0.040 0.041 0.042 0.042 0.044 0.046 0.050 0.056 0.065 0.076 0.087 0.100 0.115 0.137 0.176 0.201 0.204 0.201 0.191 0.174 0.148 0.119 0.105 0.102 0.106 0.125 0.173 0.262 0.342 0.381 0.393 0.391 0.368 0.306 0.212 0.144 0.107 0.090 0.085 0.085 0.087 0.092 0.099 0.109 0.125 0.147
0.001 0.001 0.002 0.003 0.004 0.005 0.006 0.008 0.010 0.012 0.014 0.018 0.023 0.028 0.031 0.032 0.031 0.030 0.027 0.024 0.023 0.024 0.025 0.027 0.031 0.033 0.035 0.036 0.036 0.037 0.037 0.038 0.038 0.038 0.038 0.038 0.038 0.039 0.041 0.043 0.046 0.051 0.058 0.065 0.073 0.085 0.091 0.091 0.090 0.087 0.084 0.079 0.074 0.074 0.077 0.084 0.099 0.136 0.202 0.252 0.272 0.276 0.273 0.259 0.222 0.164 0.122 0.099 0.089 0.086 0.086 0.088 0.092 0.098 0.108 0.126 0.157
