RESULTS/r.avaflow_results/14_results/14_ascii/14_hflow10057.asc
ncols 506
nrows 317
xllcenter 498237.50
yllcenter 5580050.00
cellsize 12.50
NODATA_value -9999.000
[rows 136 to 169 of 317, columns 154 to 230 of 506]
0.000 0.000 0.000 0.000 0.000 0.000 0.000 0.000 0.000 0.000 0.000 0.000 0.000 0.000 0.000 0.000 0.000 0.000 0.000 0.000 0.000 0.000 0.000 0.000 0.000 0.000 0.000 0.000 0.000 0.000 0.000 0.000 0.000 0.000 0.000 0.000 0.000 0.000 0.000 0.000 0.000 0.000 0.000 0.000 0.000 0.000 0.000 0.000 0.000 0.000 0.000 0.000 0.000 0.000 0.000 0.000 0.000 0.000 0.000 0.000 0.000 0.000 0.000 0.000 0.000 0.000 0.000 0.000 0.000 0.000 0.000 0.000 0.000 0.000 0.000 0.000 0.000
0.000 0.001 0.001 0.001 0.001 0.001 0.001 0.001 0.001 0.001 0.001 0.001 0.001 0.001 0.001 0.000 0.000 0.000 0.000 0.000 0.000 0.000 0.000 0.000 0.000 0.000 0.000 0.000 0.000 0.000 0.000 0.000 0.000 0.000 0.000 0.000 0.000 0.000 0.000 0.000 0.000 0.000 0.000 0.000 0.000 0.000 0.000 0.000 0.000 0.000 0.000 0.000 0.000 0.000 0.000 0.000 0.000 0.000 0.000 0.000 0.000 0.000 0.000 0.000 0.000 0.000 0.000 0.000 0.000 0.000 0.000 0.000 0.000 0.000 0.000 0.000 0.000
0.001 0.001 0.001 0.001 0.001 0.001 0.001 0.001 0.001 0.001 0.001 0.001 0.001 0.001 0.001 0.001 0.001 0.001 0.001 0.001 0.001 0.001 0.001 0.000 0.000 0.000 0.000 0.000 0.000 0.000 0.000 0.000 0.000 0.000 0.000 0.000 0.000 0.000 0.000 0.000 0.000 0.000 0.000 0.000 0.000 0.000 0.000 0.000 0.000 0.000 0.000 0.000 0.000 0.000 0.000 0.000 0.000 0.000 0.000 0.000 0.000 0.000 0.000 0.000 0.000 0.000 0.000 0.000 0.000 0.000 0.000 0.000 0.000 0.000 0.000 0.000 0.000
0.001 0.001 0.001 0.001 0.001 0.001 0.001 0.001 0.001 0.001 0.001 0.001 0.001 0.001 0.001 0.001 0.001 0.001 0.001 0.001 0.001 0.001 0.001 0.001 0.001 0.001 0.001 0.001 0.000 0.000 0.000 0.000 0.000 0.000 0.000 0.000 0.000 0.000 0.000 0.000 0.000 0.000 0.000 0.000 0.000 0.000 0.000 0.000 0.000 0.000 0.000 0.000 0.000 0.000 0.000 0.000 0.000 0.000 0.000 0.000 0.000 0.000 0.000 0.000 0.000 0.000 0.000 0.000 0.000 0.000 0.000 0.000 0.000 0.000 0.000 0.000 0.000
0.001 0.002 0.002 0.002 0.002 0.002 0.002 0.002 0.002 0.002 0.002 0.002 0.002 0.002 0.002 0.002 0.002 0.001 0.001 0.001 0.001 0.001 0.001 0.001 0.001 0.001 0.001 0.001 0.001 0.001 0.000 0.000 0.000 0.000 0.000 0.000 0.000 0.000 0.000 0.000 0.000 0.000 0.000 0.000 0.000 0.000 0.000 0.000 0.000 0.000 0.000 0.000 0.000 0.000 0.000 0.000 0.000 0.000 0.000 0.000 0.000 0.000 0.000 0.000 0.000 0.000 0.000 0.000 0.000 0.000 0.000 0.000 0.000 0.000 0.000 0.000 0.000
0.002 0.002 0.002 0.002 0.002 0.002 0.002 0.002 0.002 0.002 0.002 0.002 0.003 0.003 0.003 0.003 0.002 0.002 0.002 0.002 0.002 0.002 0.001 0.001 0.001 0.001 0.001 0.001 0.001 0.001 0.001 0.000 0.000 0.000 0.000 0.000 0.000 0.000 0.000 0.000 0.000 0.000 0.000 0.000 0.000 0.000 0.000 0.000 0.000 0.000 0.000 0.000 0.000 0.000 0.000 0.000 0.000 0.000 0.000 0.000 0.000 0.000 0.000 0.000 0.000 0.000 0.000 0.000 0.000 0.000 0.000 0.000 0.000 0.000 0.000 0.000 0.000
0.002 0.002 0.002 0.002 0.002 0.002 0.002 0.002 0.002 0.002 0.003 0.003 0.003 0.004 0.004 0.004 0.004 0.004 0.003 0.003 0.003 0.002 0.002 0.002 0.001 0.001 0.001 0.001 0.001 0.001 0.001 0.001 0.000 0.000 0.000 0.000 0.000 0.000 0.000 0.000 0.000 0.000 0.000 0.000 0.000 0.000 0.000 0.000 0.000 0.000 0.000 0.000 0.000 0.000 0.000 0.000 0.000 0.000 0.000 0.000 0.000 0.000 0.000 0.000 0.000 0.000 0.000 0.000 0.000 0.000 0.000 0.000 0.000 0.000 0.000 0.000 0.000
0.003 0.003 0.003 0.003 0.003 0.003 0.003 0.003 0.003 0.003 0.003 0.003 0.004 0.004 0.004 0.004 0.004 0.004 0.004 0.004 0.003 0.003 0.002 0.002 0.002 0.001 0.001 0.001 0.001 0.001 0.001 0.001 0.001 0.000 0.000 0.000 0.000 0.000 0.000 0.000 0.000 0.000 0.000 0.000 0.000 0.000 0.000 0.000 0.000 0.000 0.000 0.000 0.000 0.000 0.000 0.000 0.000 0.000 0.000 0.000 0.000 0.000 0.000 0.000 0.000 0.000 0.000 0.000 0.000 0.000 0.000 0.000 0.000 0.000 0.000 0.000 0.000
0.003 0.003 0.003 0.003 0.003 0.003 0.003 0.003 0.003 0.003 0.003 0.003 0.004 0.004 0.004 0.005 0.005 0.004 0.004 0.004 0.004 0.003 0.003 0.002 0.002 0.002 0.001 0.001 0.001 0.001 0.001 0.001 0.001 0.001 0.000 0.000 0.000 0.000 0.000 0.000 0.000 0.000 0.000 0.000 0.000 0.000 0.000 0.000 0.000 0.000 0.000 0.000 0.000 0.000 0.000 0.000 0.000 0.000 0.000 0.000 0.000 0.000 0.000 0.000 0.000 0.000 0.000 0.000 0.000 0.000 0.000 0.000 0.000 0.000 0.000 0.000 0.000
0.003 0.003 0.003 0.003 0.003 0.003 0.003 0.003 0.003 0.003 0.003 0.003 0.004 0.004 0.004 0.004 0.004 0.004 0.004 0.004 0.004 0.003 0.003 0.002 0.002 0.002 0.001 0.001 0.001 0.001 0.001 0.001 0.001 0.001 0.001 0.000 0.000 0.000 0.000 0.000 0.000 0.000 0.000 0.000 0.000 0.000 0.000 0.000 0.000 0.000 0.000 0.000 0.000 0.000 0.000 0.000 0.000 0.000 0.000 0.000 0.000 0.000 0.000 0.000 0.000 0.000 0.000 0.000 0.000 0.000 0.000 0.000 0.000 0.000 0.000 0.000 0.000
0.004 0.003 0.003 0.003 0.003 0.003 0.003 0.003 0.003 0.003 0.003 0.003 0.003 0.003 0.004 0.004 0.004 0.004 0.004 0.004 0.003 0.003 0.003 0.002 0.002 0.002 0.001 0.001 0.001 0.001 0.001 0.001 0.001 0.001 0.001 0.001 0.000 0.000 0.000 0.000 0.000 0.000 0.000 0.000 0.000 0.000 0.000 0.000 0.000 0.000 0.000 0.000 0.000 0.000 0.000 0.000 0.000 0.000 0.000 0.000 0.000 0.000 0.000 0.000 0.000 0.000 0.000 0.000 0.000 0.000 0.000 0.000 0.000 0.000 0.000 0.000 0.000
0.004 0.004 0.003 0.003 0.003 0.003 0.003 0.003 0.003 0.003 0.002 0.003 0.003 0.003 0.003 0.003 0.003 0.003 0.003 0.003 0.003 0.003 0.002 0.002 0.002 0.001 0.001 0.001 0.001 0.001 0.001 0.001 0.001 0.001 0.001 0.001 0.001 0.001 0.000 0.000 0.000 0.000 0.000 0.000 0.000 0.000 0.000 0.000 0.000 0.000 0.000 0.000 0.000 0.000 0.000 0.000 0.000 0.000 0.000 0.000 0.000 0.000 0.000 0.000 0.000 0.000 0.000 0.000 0.000 0.000 0.000 0.000 0.000 0.000 0.000 0.000 0.000
0.005 0.004 0.004 0.003 0.003 0.003 0.003 0.003 0.003 0.003 0.002 0.002 0.002 0.002 0.003 0.003 0.003 0.003 0.003 0.003 0.003 0.002 0.002 0.002 0.002 0.001 0.001 0.001 0.001 0.001 0.001 0.001 0.001 0.001 0.001 0.001 0.001 0.001 0.001 0.001 0.001 0.000 0.000 0.000 0.000 0.000 0.000 0.000 0.000 0.000 0.000 0.000 0.000 0.000 0.000 0.000 0.000 0.000 0.000 0.000 0.000 0.000 0.000 0.000 0.000 0.000 0.000 0.000 0.000 0.000 0.000 0.000 0.000 0.000 0.000 0.000 0.000
0.006 0.005 0.004 0.004 0.003 0.003 0.003 0.003 0.003 0.003 0.003 0.002 0.002 0.002 0.002 0.002 0.002 0.002 0.002 0.002 0.002 0.002 0.002 0.002 0.001 0.001 0.001 0.001 0.001 0.001 0.001 0.001 0.001 0.001 0.001 0.001 0.001 0.001 0.001 0.001 0.001 0.001 0.001 0.001 0.000 0.000 0.000 0.000 0.000 0.000 0.000 0.000 0.000 0.000 0.000 0.000 0.000 0.000 0.000 0.000 0.000 0.000 0.000 0.000 0.000 0.000 0.000 0.000 0.000 0.000 0.000 0.000 0.000 0.000 0.000 0.000 0.000
0.008 0.006 0.005 0.004 0.004 0.003 0.003 0.003 0.003 0.003 0.003 0.003 0.002 0.002 0.002 0.002 0.002 0.002 0.002 0.002 0.002 0.002 0.002 0.002 0.001 0.001 0.001 0.001 0.001 0.001 0.001 0.001 0.001 0.001 0.001 0.001 0.001 0.001 0.001 0.001 0.001 0.001 0.001 0.001 0.001 0.001 0.001 0.001 0.001 0.000 0.000 0.000 0.000 0.000 0.000 0.000 0.000 0.000 0.000 0.000 0.000 0.000 0.000 0.000 0.000 0.000 0.000 0.000 0.000 0.000 0.000 0.000 0.000 0.000 0.000 0.000 0.000
0.018 0.012 0.008 0.006 0.005 0.004 0.004 0.003 0.003 0.003 0.003 0.003 0.003 0.002 0.002 0.002 0.002 0.002 0.002 0.002 0.002 0.002 0.002 0.002 0.001 0.001 0.001 0.001 0.001 0.001 0.001 0.001 0.001 0.001 0.001 0.001 0.001 0.001 0.001 0.001 0.001 0.001 0.001 0.001 0.001 0.001 0.001 0.001 0.001 0.001 0.001 0.001 0.001 0.000 0.000 0.000 0.000 0.000 0.000 0.000 0.000 0.000 0.000 0.000 0.000 0.000 0.000 0.000 0.000 0.000 0.000 0.000 0.000 0.000 0.000 0.000 0.000
0.063 0.035 0.021 0.014 0.010 0.007 0.006 0.005 0.004 0.004 0.003 0.003 0.003 0.003 0.003 0.002 0.002 0.002 0.002 0.002 0.002 0.002 0.002 0.002 0.002 0.001 0.001 0.001 0.001 0.001 0.001 0.001 0.001 0.001 0.001 0.001 0.001 0.001 0.001 0.001 0.001 0.001 0.001 0.001 0.001 0.001 0.001 0.001 0.001 0.001 0.001 0.001 0.001 0.001 0.001 0.001 0.000 0.000 0.000 0.000 0.000 0.000 0.000 0.000 0.000 0.000 0.000 0.000 0.000 0.000 0.000 0.000 0.000 0.000 0.000 0.000 0.000
0.263 0.142 0.077 0.044 0.026 0.017 0.011 0.008 0.006 0.005 0.005 0.004 0.004 0.003 0.003 0.003 0.003 0.002 0.002 0.002 0.002 0.002 0.002 0.002 0.002 0.002 0.002 0.002 0.002 0.002 0.002 0.002 0.002 0.002 0.002 0.002 0.002 0.002 0.002 0.002 0.002 0.001 0.001 0.001 0.001 0.001 0.001 0.001 0.001 0.001 0.001 0.001 0.001 0.001 0.001 0.001 0.001 0.001 0.001 0.001 0.001 0.000 0.000 0.000 0.000 0.000 0.001 0.001 0.001 0.000 0.000 0.000 0.000 0.000 0.000 0.000 0.000
0.919 0.562 0.319 0.174 0.095 0.054 0.032 0.020 0.014 0.010 0.008 0.007 0.006 0.005 0.004 0.004 0.003 0.003 0.003 0.003 0.002 0.002 0.002 0.002 0.002 0.002 0.002 0.002 0.002 0.002 0.002 0.002 0.002 0.002 0.002 0.002 0.002 0.002 0.002 0.002 0.002 0.002 0.002 0.002 0.002 0.002 0.002 0.002 0.002 0.002 0.002 0.002 0.001 0.001 0.001 0.001 0.001 0.001 0.001 0.001 0.001 0.001 0.001 0.001 0.001 0.001 0.001 0.001 0.001 0.001 0.001 0.001 0.001 0.000 0.000 0.000 0.000
2.218 1.544 1.001 0.608 0.349 0.194 0.108 0.063 0.038 0.025 0.018 0.014 0.011 0.009 0.008 0.007 0.005 0.005 0.004 0.004 0.003 0.003 0.003 0.003 0.003 0.003 0.003 0.003 0.003 0.003 0.003 0.003 0.003 0.003 0.002 0.002 0.002 0.002 0.002 0.002 0.002 0.002 0.002 0.002 0.002 0.002 0.002 0.003 0.003 0.003 0.002 0.002 0.002 0.002 0.002 0.001 0.001 0.001 0.001 0.001 0.001 0.001 0.001 0.001 0.001 0.001 0.001 0.001 0.001 0.001 0.001 0.001 0.001 0.001 0.001 0.000 0.000
4.037 3.054 2.194 1.496 0.969 0.596 0.352 0.207 0.125 0.079 0.053 0.038 0.028 0.021 0.017 0.013 0.010 0.008 0.007 0.006 0.005 0.005 0.004 0.004 0.004 0.004 0.004 0.004 0.004 0.004 0.004 0.004 0.003 0.003 0.003 0.003 0.003 0.003 0.003 0.003 0.003 0.003 0.003 0.003 0.003 0.003 0.004 0.004 0.004 0.004 0.004 0.003 0.003 0.003 0.002 0.002 0.002 0.001 0.001 0.001 0.001 0.001 0.001 0.001 0.001 0.002 0.002 0.002 0.002 0.002 0.001 0.001 0.001 0.001 0.001 0.001 0.001
6.087 4.845 3.743 2.789 1.990 1.363 0.905 0.596 0.393 0.262 0.177 0.120 0.083 0.059 0.043 0.031 0.023 0.017 0.013 0.011 0.009 0.008 0.008 0.007 0.006 0.006 0.006 0.005 0.005 0.005 0.005 0.005 0.004 0.004 0.004 0.004 0.004 0.004 0.004 0.004 0.004 0.004 0.004 0.004 0.004 0.005 0.005 0.005 0.005 0.005 0.005 0.005 0.004 0.004 0.003 0.003 0.003 0.002 0.002 0.002 0.002 0.002 0.002 0.002 0.002 0.003 0.004 0.004 0.004 0.003 0.002 0.001 0.001 0.001 0.001 0.001 0.001
8.281 6.775 5.454 4.304 3.304 2.469 1.816 1.332 0.978 0.719 0.525 0.376 0.260 0.177 0.121 0.083 0.058 0.041 0.031 0.024 0.020 0.017 0.015 0.013 0.011 0.010 0.009 0.009 0.008 0.008 0.008 0.007 0.006 0.006 0.005 0.005 0.005 0.005 0.006 0.006 0.006 0.006 0.006 0.006 0.006 0.006 0.007 0.007 0.007 0.007 0.007 0.007 0.006 0.006 0.005 0.005 0.004 0.004 0.003 0.003 0.003 0.003 0.003 0.003 0.004 0.006 0.008 0.009 0.009 0.007 0.004 0.002 0.002 0.001 0.001 0.001 0.001
10.666 8.849 7.278 5.928 4.778 3.815 3.024 2.394 1.893 1.498 1.177 0.901 0.663 0.471 0.325 0.221 0.150 0.104 0.075 0.058 0.047 0.038 0.032 0.026 0.021 0.018 0.016 0.015 0.014 0.013 0.012 0.010 0.009 0.008 0.008 0.007 0.007 0.007 0.007 0.008 0.008 0.008 0.008 0.008 0.008 0.008 0.009 0.009 0.009 0.009 0.009 0.009 0.009 0.008 0.008 0.008 0.007 0.006 0.006 0.005 0.005 0.005 0.005 0.005 0.007 0.014 0.020 0.023 0.022 0.017 0.009 0.004 0.002 0.002 0.001 0.001 0.001
13.272 11.101 9.245 7.678 6.372 5.291 4.393 3.654 3.038 2.525 2.078 1.670 1.299 0.978 0.713 0.507 0.357 0.253 0.186 0.144 0.115 0.092 0.073 0.059 0.047 0.039 0.033 0.028 0.024 0.021 0.018 0.015 0.013 0.012 0.012 0.011 0.011 0.011 0.011 0.011 0.011 0.011 0.010 0.010 0.010 0.010 0.011 0.012 0.012 0.012 0.013 0.013 0.013 0.013 0.013 0.013 0.012 0.012 0.011 0.010 0.009 0.009 0.009 0.011 0.017 0.033 0.050 0.056 0.055 0.043 0.022 0.009 0.004 0.002 0.002 0.001 0.001
16.056 13.530 11.385 9.593 8.104 6.871 5.845 4.988 4.258 3.632 3.065 2.544 2.072 1.647 1.271 0.958 0.717 0.539 0.413 0.324 0.258 0.205 0.162 0.130 0.105 0.085 0.068 0.055 0.044 0.036 0.029 0.024 0.021 0.019 0.018 0.017 0.016 0.016 0.016 0.016 0.016 0.016 0.015 0.014 0.013 0.013 0.014 0.014 0.015 0.016 0.018 0.020 0.021 0.022 0.022 0.022 0.022 0.021 0.019 0.019 0.018 0.018 0.020 0.025 0.041 0.078 0.111 0.123 0.120 0.098 0.056 0.022 0.008 0.004 0.002 0.002 0.001
18.732 16.022 13.650 11.653 9.976 8.568 7.396 6.388 5.515 4.745 4.053 3.428 2.874 2.371 1.918 1.530 1.212 0.961 0.765 0.611 0.487 0.386 0.308 0.250 0.204 0.164 0.131 0.102 0.078 0.059 0.046 0.037 0.031 0.028 0.026 0.025 0.025 0.026 0.026 0.026 0.025 0.023 0.021 0.019 0.018 0.018 0.018 0.019 0.020 0.023 0.028 0.032 0.035 0.037 0.038 0.039 0.039 0.037 0.035 0.035 0.035 0.036 0.039 0.050 0.076 0.127 0.169 0.184 0.182 0.160 0.108 0.049 0.018 0.007 0.003 0.002 0.002
21.249 18.489 15.976 13.805 11.950 10.359 9.022 7.849 6.808 5.883 5.064 4.339 3.695 3.109 2.588 2.142 1.767 1.453 1.190 0.966 0.777 0.622 0.502 0.410 0.336 0.272 0.217 0.168 0.126 0.093 0.070 0.055 0.047 0.042 0.040 0.039 0.040 0.041 0.041 0.041 0.039 0.035 0.031 0.027 0.025 0.024 0.024 0.025 0.028 0.034 0.044 0.052 0.058 0.062 0.063 0.062 0.058 0.055 0.053 0.052 0.053 0.053 0.057 0.067 0.095 0.148 0.192 0.207 0.206 0.189 0.145 0.081 0.035 0.013 0.005 0.003 0.002
23.648 20.825 18.255 15.977 13.968 12.210 10.688 9.334 8.135 7.062 6.113 5.278 4.538 3.875 3.286 2.773 2.331 1.947 1.616 1.329 1.083 0.882 0.720 0.591 0.486 0.396 0.317 0.246 0.184 0.135 0.101 0.080 0.069 0.064 0.064 0.064 0.065 0.065 0.065 0.063 0.059 0.052 0.045 0.039 0.035 0.034 0.034 0.035 0.040 0.052 0.068 0.078 0.083 0.084 0.082 0.076 0.068 0.064 0.063 0.062 0.062 0.063 0.065 0.074 0.099 0.149 0.192 0.208 0.209 0.196 0.161 0.103 0.051 0.021 0.008 0.004 0.003
25.783 22.993 20.440 18.093 15.991 14.096 12.395 10.868 9.515 8.292 7.217 6.262 5.426 4.677 4.013 3.427 2.904 2.445 2.046 1.697 1.399 1.152 0.947 0.779 0.642 0.525 0.423 0.330 0.250 0.187 0.141 0.115 0.104 0.102 0.103 0.104 0.104 0.103 0.100 0.096 0.088 0.077 0.064 0.054 0.049 0.047 0.048 0.051 0.059 0.072 0.086 0.093 0.095 0.094 0.088 0.078 0.070 0.066 0.065 0.064 0.064 0.064 0.066 0.074 0.094 0.135 0.176 0.196 0.201 0.192 0.164 0.115 0.063 0.029 0.012 0.006 0.003
27.639 24.906 22.491 20.198 18.042 16.049 14.189 12.503 10.986 9.627 8.425 7.346 6.403 5.537 4.775 4.102 3.495 2.960 2.489 2.079 1.730 1.433 1.185 0.978 0.806 0.660 0.534 0.422 0.327 0.252 0.200 0.171 0.161 0.160 0.161 0.161 0.160 0.158 0.153 0.145 0.130 0.109 0.090 0.077 0.069 0.067 0.069 0.073 0.078 0.084 0.092 0.096 0.097 0.095 0.087 0.075 0.067 0.062 0.061 0.061 0.061 0.061 0.063 0.068 0.081 0.107 0.141 0.168 0.178 0.176 0.158 0.121 0.074 0.038 0.017 0.008 0.005
29.625 26.983 24.677 22.388 20.178 18.096 16.099 14.264 12.598 11.108 9.766 8.549 7.470 6.473 5.585 4.801 4.104 3.496 2.956 2.483 2.075 1.727 1.432 1.186 0.979 0.804 0.655 0.529 0.423 0.341 0.286 0.256 0.244 0.239 0.235 0.232 0.229 0.224 0.213 0.194 0.169 0.144 0.124 0.109 0.099 0.094 0.091 0.088 0.087 0.088 0.091 0.093 0.092 0.088 0.077 0.064 0.056 0.051 0.049 0.048 0.049 0.050 0.052 0.055 0.060 0.071 0.093 0.123 0.143 0.148 0.141 0.120 0.083 0.046 0.023 0.011 0.006
31.704 29.231 27.049 24.759 22.505 20.324 18.169 16.191 14.367 12.731 11.228 9.862 8.621 7.482 6.449 5.546 4.745 4.052 3.442 2.905 2.434 2.030 1.686 1.399 1.157 0.956 0.791 0.656 0.545 0.461 0.403 0.367 0.344 0.325 0.307 0.295 0.285 0.274 0.254 0.225 0.194 0.172 0.156 0.142 0.129 0.116 0.103 0.094 0.088 0.084 0.082 0.080 0.076 0.068 0.055 0.044 0.037 0.033 0.031 0.031 0.032 0.034 0.035 0.038 0.040 0.045 0.056 0.078 0.105 0.119 0.121 0.113 0.091 0.057 0.030 0.016 0.009
34.036 31.838 29.704 27.460 25.187 22.907 20.569 18.376 16.367 14.548 12.849 11.316 9.902 8.608 7.433 6.390 5.466 4.657 3.951 3.340 2.805 2.341 1.947 1.615 1.336 1.108 0.927 0.786 0.676 0.590 0.523 0.471 0.429 0.393 0.363 0.342 0.323 0.303 0.276 0.240 0.209 0.189 0.175 0.161 0.145 0.126 0.107 0.092 0.081 0.071 0.062 0.053 0.045 0.037 0.030 0.025 0.022 0.020 0.021 0.021 0.022 0.023 0.024 0.025 0.026 0.029 0.034 0.048 0.073 0.095 0.104 0.104 0.094 0.070 0.041 0.022 0.013
