RESULTS/r.avaflow_results/14_results/14_ascii/14_hflow0058.asc
ncols 506
nrows 317
xllcenter 498237.50
yllcenter 5580050.00
cellsize 12.50
NODATA_value -9999.000
[rows 170 to 203 of 317, columns 304 to 379 of 506]
0.000 0.000 0.000 0.000 0.000 0.000 0.000 0.000 0.000 0.000 0.000 0.000 0.000 0.000 0.000 0.000 0.000 0.000 0.000 0.000 0.000 0.000 0.000 0.000 0.000 0.000 0.000 0.000 0.000 0.000 0.000 0.000 0.000 0.000 0.000 0.000 0.000 0.000 0.000 0.000 0.000 0.000 0.000 0.000 0.000 0.000 0.000 0.000 0.000 0.000 0.000 0.000 0.000 0.000 0.000 0.000 0.000 0.000 0.000 0.000 0.000 0.000 0.000 0.000 0.000 0.000 0.000 0.000 0.000 0.000 0.000 0.000 0.000 0.000 0.000 0.000
0.000 0.000 0.000 0.000 0.000 0.000 0.000 0.000 0.000 0.000 0.000 0.000 0.000 0.000 0.000 0.000 0.000 0.000 0.000 0.000 0.000 0.000 0.000 0.000 0.000 0.000 0.000 0.000 0.000 0.000 0.000 0.000 0.000 0.000 0.000 0.000 0.000 0.000 0.000 0.000 0.000 0.000 0.000 0.000 0.000 0.000 0.000 0.000 0.000 0.000 0.000 0.000 0.000 0.000 0.000 0.000 0.000 0.000 0.000 0.000 0.000 0.000 0.000 0.000 0.000 0.000 0.000 0.000 0.000 0.000 0.000 0.000 0.000 0.000 0.000 0.000
0.000 0.000 0.000 0.000 0.000 0.001 0.001 0.001 0.001 0.001 0.001 0.001 0.001 0.001 0.001 0.001 0.001 0.001 0.001 0.001 0.001 0.000 0.000 0.000 0.000 0.000 0.000 0.000 0.000 0.000 0.000 0.000 0.000 0.000 0.000 0.000 0.000 0.000 0.000 0.000 0.000 0.000 0.000 0.000 0.000 0.000 0.000 0.000 0.000 0.000 0.000 0.000 0.000 0.000 0.000 0.000 0.000 0.000 0.000 0.000 0.000 0.000 0.000 0.000 0.000 0.000 0.000 0.000 0.000 0.000 0.000 0.000 0.000 0.000 0.000 0.000
0.000 0.000 0.000 0.001 0.001 0.002 0.003 0.004 0.004 0.004 0.004 0.004 0.004 0.004 0.004 0.004 0.003 0.003 0.002 0.002 0.002 0.001 0.001 0.001 0.000 0.000 0.000 0.000 0.000 0.000 0.000 0.000 0.000 0.000 0.000 0.000 0.000 0.000 0.000 0.000 0.000 0.000 0.000 0.000 0.000 0.000 0.000 0.000 0.000 0.000 0.000 0.000 0.000 0.000 0.000 0.000 0.000 0.000 0.000 0.000 0.000 0.000 0.000 0.000 0.000 0.000 0.000 0.000 0.000 0.000 0.000 0.000 0.000 0.000 0.000 0.000
0.000 0.001 0.001 0.002 0.004 0.005 0.007 0.008 0.009 0.009 0.009 0.009 0.008 0.008 0.008 0.007 0.007 0.006 0.005 0.004 0.003 0.003 0.002 0.002 0.001 0.001 0.000 0.000 0.000 0.000 0.000 0.000 0.000 0.000 0.000 0.000 0.000 0.000 0.000 0.000 0.000 0.000 0.000 0.000 0.000 0.000 0.000 0.000 0.000 0.000 0.000 0.000 0.000 0.000 0.000 0.000 0.000 0.000 0.000 0.000 0.000 0.000 0.000 0.000 0.000 0.000 0.000 0.000 0.000 0.000 0.000 0.000 0.000 0.000 0.000 0.000
0.001 0.002 0.003 0.005 0.007 0.009 0.012 0.014 0.015 0.015 0.015 0.015 0.015 0.014 0.013 0.013 0.011 0.010 0.008 0.007 0.006 0.005 0.004 0.003 0.002 0.002 0.001 0.001 0.001 0.000 0.000 0.000 0.000 0.000 0.000 0.000 0.000 0.000 0.000 0.000 0.000 0.000 0.000 0.000 0.000 0.000 0.000 0.000 0.000 0.000 0.000 0.000 0.000 0.000 0.000 0.000 0.000 0.000 0.000 0.000 0.000 0.000 0.000 0.000 0.000 0.000 0.000 0.000 0.000 0.000 0.000 0.000 0.000 0.000 0.000 0.000
0.003 0.004 0.006 0.009 0.012 0.015 0.020 0.025 0.027 0.027 0.027 0.026 0.025 0.024 0.022 0.020 0.018 0.015 0.013 0.011 0.009 0.008 0.006 0.005 0.004 0.003 0.003 0.002 0.002 0.001 0.001 0.001 0.000 0.000 0.000 0.000 0.000 0.000 0.000 0.000 0.000 0.000 0.000 0.000 0.000 0.000 0.000 0.000 0.000 0.000 0.000 0.000 0.000 0.000 0.000 0.000 0.000 0.000 0.000 0.000 0.000 0.000 0.000 0.000 0.000 0.000 0.000 0.000 0.000 0.000 0.000 0.000 0.000 0.000 0.000 0.000
0.006 0.008 0.011 0.014 0.018 0.024 0.034 0.046 0.051 0.052 0.052 0.051 0.048 0.044 0.039 0.034 0.029 0.024 0.019 0.016 0.013 0.011 0.009 0.008 0.007 0.005 0.005 0.004 0.003 0.003 0.002 0.002 0.001 0.001 0.001 0.001 0.000 0.000 0.000 0.000 0.000 0.000 0.000 0.000 0.000 0.000 0.000 0.000 0.000 0.000 0.000 0.000 0.000 0.000 0.000 0.000 0.000 0.000 0.000 0.000 0.000 0.000 0.000 0.000 0.000 0.000 0.000 0.000 0.000 0.000 0.000 0.000 0.000 0.000 0.000 0.000
0.010 0.013 0.018 0.024 0.031 0.043 0.064 0.096 0.118 0.124 0.124 0.121 0.114 0.101 0.083 0.064 0.050 0.039 0.030 0.024 0.019 0.016 0.013 0.011 0.009 0.008 0.007 0.006 0.005 0.005 0.004 0.003 0.003 0.002 0.002 0.002 0.001 0.001 0.001 0.001 0.000 0.000 0.000 0.000 0.000 0.000 0.000 0.000 0.000 0.000 0.000 0.000 0.000 0.000 0.000 0.000 0.000 0.000 0.000 0.000 0.000 0.000 0.000 0.000 0.000 0.000 0.000 0.000 0.000 0.000 0.000 0.000 0.000 0.000 0.000 0.000
0.016 0.022 0.031 0.045 0.063 0.091 0.143 0.230 0.307 0.341 0.346 0.341 0.320 0.279 0.217 0.151 0.105 0.073 0.052 0.039 0.030 0.024 0.020 0.016 0.013 0.011 0.010 0.009 0.008 0.007 0.007 0.006 0.005 0.005 0.004 0.004 0.003 0.002 0.002 0.002 0.001 0.001 0.001 0.001 0.001 0.001 0.001 0.000 0.000 0.000 0.000 0.000 0.000 0.000 0.000 0.000 0.000 0.000 0.000 0.000 0.000 0.000 0.000 0.000 0.000 0.000 0.000 0.000 0.000 0.000 0.000 0.000 0.000 0.000 0.000 0.000
0.027 0.041 0.065 0.101 0.149 0.217 0.341 0.550 0.769 0.899 0.948 0.948 0.909 0.800 0.620 0.409 0.258 0.163 0.106 0.073 0.053 0.040 0.030 0.024 0.019 0.016 0.014 0.012 0.012 0.011 0.010 0.009 0.009 0.008 0.007 0.006 0.005 0.005 0.004 0.003 0.003 0.003 0.002 0.002 0.002 0.002 0.002 0.002 0.001 0.001 0.000 0.000 0.000 0.000 0.000 0.000 0.000 0.000 0.000 0.000 0.000 0.000 0.000 0.000 0.000 0.000 0.000 0.000 0.000 0.000 0.000 0.000 0.000 0.000 0.000 0.000
0.051 0.092 0.164 0.262 0.371 0.514 0.760 1.148 1.573 1.872 2.028 2.071 2.036 1.868 1.526 1.051 0.644 0.387 0.237 0.153 0.104 0.072 0.051 0.037 0.028 0.022 0.019 0.017 0.016 0.015 0.015 0.014 0.013 0.012 0.011 0.010 0.008 0.007 0.007 0.006 0.006 0.005 0.005 0.005 0.004 0.004 0.004 0.003 0.003 0.002 0.002 0.001 0.001 0.000 0.000 0.000 0.000 0.000 0.000 0.000 0.000 0.000 0.000 0.000 0.000 0.000 0.000 0.000 0.000 0.000 0.000 0.000 0.000 0.000 0.000 0.000
0.118 0.248 0.462 0.683 0.889 1.126 1.485 1.996 2.440 2.719 2.893 2.966 2.960 2.835 2.499 1.938 1.298 0.817 0.506 0.320 0.209 0.139 0.093 0.064 0.045 0.033 0.027 0.025 0.023 0.023 0.022 0.021 0.020 0.019 0.016 0.014 0.012 0.011 0.010 0.010 0.009 0.009 0.008 0.008 0.008 0.007 0.007 0.006 0.005 0.004 0.003 0.002 0.002 0.001 0.001 0.001 0.000 0.000 0.000 0.000 0.000 0.000 0.000 0.000 0.000 0.000 0.000 0.000 0.000 0.000 0.000 0.000 0.000 0.000 0.000 0.000
0.297 0.648 1.167 1.585 1.899 2.184 2.501 2.803 2.985 3.105 3.212 3.281 3.289 3.211 2.945 2.440 1.780 1.253 0.870 0.591 0.396 0.264 0.175 0.116 0.078 0.056 0.044 0.039 0.037 0.036 0.036 0.035 0.033 0.029 0.024 0.020 0.018 0.016 0.015 0.014 0.014 0.013 0.013 0.013 0.012 0.011 0.011 0.009 0.008 0.007 0.006 0.005 0.004 0.003 0.002 0.002 0.001 0.001 0.001 0.000 0.000 0.000 0.000 0.000 0.000 0.000 0.000 0.000 0.000 0.000 0.000 0.000 0.000 0.000 0.000 0.000
0.660 1.366 2.253 2.858 3.182 3.332 3.393 3.341 3.230 3.184 3.217 3.268 3.276 3.216 2.998 2.569 1.987 1.507 1.148 0.873 0.653 0.470 0.327 0.222 0.150 0.106 0.083 0.074 0.071 0.071 0.071 0.070 0.064 0.051 0.039 0.031 0.027 0.024 0.022 0.021 0.020 0.020 0.019 0.019 0.019 0.018 0.016 0.014 0.012 0.010 0.009 0.007 0.006 0.005 0.004 0.003 0.003 0.002 0.002 0.001 0.001 0.001 0.001 0.001 0.001 0.000 0.000 0.000 0.000 0.000 0.000 0.000 0.000 0.000 0.000 0.000
1.140 2.012 2.972 3.625 3.938 3.993 3.889 3.597 3.273 3.100 3.030 3.009 2.988 2.930 2.778 2.472 2.025 1.616 1.310 1.068 0.874 0.710 0.558 0.413 0.296 0.218 0.178 0.166 0.167 0.178 0.182 0.179 0.158 0.115 0.077 0.057 0.046 0.039 0.035 0.032 0.031 0.030 0.030 0.030 0.030 0.029 0.025 0.020 0.017 0.014 0.012 0.011 0.009 0.008 0.007 0.006 0.005 0.004 0.004 0.003 0.003 0.003 0.002 0.002 0.002 0.001 0.001 0.000 0.000 0.000 0.000 0.000 0.000 0.000 0.000 0.000
1.510 2.285 3.181 3.818 4.123 4.163 4.004 3.622 3.146 2.788 2.554 2.412 2.327 2.268 2.207 2.106 1.909 1.632 1.382 1.180 1.007 0.865 0.747 0.641 0.537 0.449 0.403 0.397 0.439 0.502 0.523 0.510 0.440 0.312 0.198 0.134 0.099 0.079 0.067 0.059 0.055 0.054 0.054 0.055 0.055 0.052 0.043 0.032 0.024 0.020 0.017 0.015 0.013 0.012 0.010 0.009 0.008 0.007 0.007 0.006 0.006 0.005 0.005 0.005 0.004 0.003 0.002 0.001 0.001 0.000 0.000 0.000 0.000 0.000 0.000 0.000
1.666 2.289 3.086 3.648 3.904 3.925 3.751 3.341 2.744 2.179 1.774 1.520 1.393 1.351 1.371 1.470 1.571 1.519 1.385 1.223 1.067 0.940 0.849 0.789 0.747 0.724 0.739 0.808 0.965 1.134 1.203 1.187 1.063 0.814 0.546 0.370 0.263 0.199 0.159 0.134 0.120 0.115 0.115 0.117 0.117 0.109 0.083 0.054 0.038 0.030 0.025 0.022 0.019 0.016 0.015 0.013 0.012 0.011 0.010 0.010 0.010 0.009 0.009 0.008 0.007 0.005 0.004 0.003 0.002 0.001 0.001 0.001 0.000 0.000 0.000 0.000
1.660 2.110 2.625 2.938 3.048 3.019 2.866 2.529 1.962 1.363 0.985 0.791 0.712 0.701 0.732 0.848 1.067 1.237 1.277 1.205 1.080 0.964 0.892 0.859 0.852 0.872 0.943 1.098 1.354 1.599 1.722 1.741 1.670 1.472 1.172 0.885 0.672 0.517 0.411 0.343 0.302 0.284 0.281 0.283 0.281 0.250 0.176 0.104 0.066 0.048 0.038 0.032 0.027 0.024 0.021 0.019 0.017 0.016 0.016 0.015 0.015 0.014 0.014 0.013 0.011 0.009 0.007 0.005 0.004 0.003 0.002 0.002 0.001 0.001 0.001 0.001
1.507 1.656 1.750 1.717 1.641 1.562 1.473 1.322 1.035 0.699 0.490 0.387 0.352 0.351 0.376 0.458 0.632 0.870 1.035 1.084 1.040 0.956 0.895 0.872 0.874 0.906 1.004 1.189 1.467 1.724 1.873 1.926 1.913 1.814 1.614 1.348 1.121 0.956 0.836 0.746 0.688 0.662 0.658 0.661 0.645 0.557 0.383 0.218 0.128 0.085 0.064 0.052 0.043 0.037 0.032 0.028 0.025 0.024 0.023 0.022 0.022 0.021 0.021 0.019 0.016 0.013 0.010 0.008 0.007 0.005 0.004 0.004 0.003 0.002 0.002 0.002
1.171 1.039 0.919 0.798 0.705 0.645 0.601 0.551 0.458 0.329 0.245 0.204 0.191 0.191 0.206 0.257 0.373 0.565 0.749 0.866 0.906 0.884 0.848 0.830 0.831 0.865 0.969 1.154 1.414 1.660 1.823 1.909 1.928 1.884 1.747 1.514 1.298 1.173 1.104 1.061 1.038 1.040 1.069 1.088 1.068 0.953 0.714 0.436 0.257 0.165 0.118 0.092 0.075 0.063 0.053 0.045 0.040 0.037 0.035 0.034 0.033 0.033 0.031 0.028 0.023 0.018 0.014 0.012 0.010 0.008 0.007 0.006 0.005 0.005 0.004 0.004
0.798 0.597 0.461 0.365 0.305 0.269 0.247 0.227 0.202 0.164 0.137 0.124 0.120 0.121 0.131 0.165 0.245 0.380 0.524 0.629 0.697 0.723 0.717 0.700 0.693 0.716 0.807 0.967 1.179 1.395 1.576 1.712 1.780 1.781 1.695 1.496 1.298 1.204 1.172 1.161 1.166 1.195 1.259 1.291 1.273 1.165 0.956 0.690 0.472 0.318 0.227 0.173 0.139 0.114 0.094 0.079 0.068 0.061 0.058 0.056 0.055 0.053 0.051 0.044 0.033 0.025 0.020 0.016 0.014 0.012 0.010 0.009 0.008 0.008 0.007 0.007
0.537 0.354 0.249 0.188 0.154 0.134 0.123 0.114 0.107 0.097 0.090 0.087 0.087 0.090 0.101 0.128 0.186 0.280 0.378 0.448 0.494 0.514 0.515 0.497 0.478 0.483 0.532 0.634 0.775 0.935 1.104 1.275 1.400 1.450 1.428 1.315 1.173 1.117 1.112 1.123 1.147 1.202 1.285 1.322 1.307 1.214 1.044 0.849 0.680 0.528 0.403 0.316 0.255 0.211 0.175 0.146 0.125 0.112 0.106 0.102 0.099 0.095 0.087 0.072 0.051 0.036 0.027 0.022 0.019 0.016 0.015 0.013 0.012 0.012 0.011 0.011
0.358 0.220 0.150 0.115 0.096 0.085 0.079 0.075 0.072 0.071 0.070 0.071 0.073 0.078 0.090 0.115 0.157 0.220 0.281 0.323 0.347 0.355 0.352 0.334 0.310 0.304 0.317 0.361 0.435 0.524 0.623 0.741 0.852 0.924 0.949 0.932 0.881 0.865 0.879 0.915 0.977 1.081 1.192 1.245 1.241 1.177 1.044 0.906 0.804 0.707 0.613 0.525 0.447 0.378 0.318 0.270 0.236 0.215 0.205 0.198 0.190 0.179 0.160 0.128 0.086 0.055 0.038 0.030 0.025 0.022 0.020 0.019 0.017 0.017 0.016 0.016
0.232 0.143 0.101 0.081 0.071 0.066 0.063 0.061 0.061 0.061 0.062 0.064 0.068 0.075 0.089 0.111 0.141 0.178 0.212 0.235 0.248 0.251 0.248 0.234 0.212 0.201 0.202 0.216 0.247 0.292 0.342 0.399 0.460 0.505 0.525 0.527 0.515 0.511 0.520 0.559 0.643 0.782 0.932 1.018 1.047 1.030 0.971 0.897 0.856 0.836 0.813 0.779 0.723 0.644 0.557 0.480 0.423 0.385 0.361 0.347 0.337 0.321 0.288 0.232 0.157 0.096 0.060 0.043 0.035 0.031 0.028 0.026 0.025 0.024 0.023 0.023
0.149 0.099 0.075 0.064 0.059 0.057 0.056 0.057 0.057 0.058 0.060 0.063 0.068 0.077 0.091 0.111 0.131 0.150 0.165 0.178 0.186 0.188 0.186 0.178 0.162 0.150 0.147 0.150 0.161 0.181 0.204 0.229 0.255 0.274 0.283 0.284 0.281 0.279 0.285 0.305 0.353 0.443 0.563 0.661 0.726 0.765 0.793 0.820 0.871 0.936 0.983 0.999 0.984 0.935 0.852 0.748 0.640 0.554 0.496 0.465 0.454 0.453 0.443 0.394 0.296 0.182 0.107 0.069 0.052 0.045 0.041 0.039 0.037 0.035 0.034 0.033
0.099 0.073 0.061 0.055 0.054 0.053 0.054 0.056 0.057 0.059 0.061 0.065 0.072 0.083 0.099 0.115 0.127 0.135 0.141 0.146 0.151 0.154 0.154 0.150 0.140 0.130 0.125 0.125 0.129 0.137 0.148 0.159 0.168 0.174 0.175 0.174 0.170 0.168 0.171 0.180 0.202 0.245 0.313 0.385 0.446 0.506 0.579 0.694 0.866 1.022 1.116 1.154 1.156 1.126 1.053 0.935 0.784 0.656 0.570 0.525 0.511 0.517 0.545 0.562 0.503 0.361 0.209 0.125 0.089 0.075 0.069 0.065 0.061 0.057 0.053 0.051
0.071 0.059 0.053 0.051 0.051 0.052 0.054 0.057 0.061 0.065 0.071 0.079 0.090 0.103 0.116 0.125 0.130 0.132 0.134 0.135 0.137 0.139 0.140 0.139 0.135 0.126 0.121 0.119 0.121 0.126 0.132 0.137 0.141 0.142 0.142 0.140 0.134 0.127 0.124 0.126 0.133 0.152 0.186 0.232 0.283 0.348 0.450 0.630 0.890 1.091 1.202 1.246 1.250 1.226 1.154 1.026 0.851 0.700 0.600 0.547 0.529 0.533 0.578 0.663 0.697 0.618 0.421 0.251 0.175 0.146 0.134 0.126 0.118 0.109 0.097 0.086
0.057 0.052 0.050 0.049 0.049 0.051 0.055 0.062 0.071 0.084 0.102 0.119 0.134 0.145 0.151 0.151 0.146 0.139 0.135 0.134 0.134 0.136 0.138 0.139 0.137 0.131 0.125 0.124 0.125 0.128 0.132 0.135 0.138 0.140 0.140 0.137 0.130 0.119 0.110 0.106 0.107 0.114 0.130 0.157 0.199 0.269 0.398 0.625 0.927 1.137 1.244 1.282 1.285 1.259 1.184 1.048 0.863 0.707 0.604 0.548 0.529 0.531 0.574 0.686 0.799 0.826 0.717 0.514 0.381 0.330 0.307 0.288 0.266 0.238 0.204 0.165
0.051 0.050 0.049 0.049 0.049 0.052 0.059 0.071 0.094 0.131 0.178 0.209 0.225 0.229 0.224 0.210 0.187 0.165 0.151 0.143 0.140 0.140 0.142 0.150 0.157 0.158 0.154 0.152 0.151 0.150 0.151 0.153 0.157 0.159 0.159 0.154 0.143 0.124 0.110 0.102 0.100 0.101 0.107 0.125 0.163 0.241 0.392 0.661 0.967 1.157 1.252 1.285 1.286 1.255 1.171 1.024 0.838 0.688 0.588 0.532 0.511 0.511 0.543 0.648 0.804 0.915 0.954 0.897 0.815 0.764 0.727 0.686 0.628 0.552 0.458 0.344
0.049 0.049 0.049 0.049 0.050 0.054 0.064 0.086 0.130 0.210 0.308 0.366 0.383 0.380 0.360 0.323 0.274 0.227 0.194 0.174 0.165 0.164 0.169 0.193 0.223 0.238 0.243 0.241 0.235 0.226 0.222 0.223 0.229 0.233 0.231 0.218 0.191 0.152 0.123 0.107 0.100 0.098 0.102 0.115 0.153 0.239 0.416 0.709 0.986 1.151 1.230 1.251 1.243 1.193 1.084 0.917 0.747 0.620 0.535 0.485 0.462 0.457 0.473 0.546 0.705 0.890 1.042 1.160 1.252 1.313 1.336 1.319 1.252 1.131 0.955 0.714
0.049 0.050 0.050 0.051 0.053 0.060 0.074 0.103 0.162 0.271 0.413 0.504 0.536 0.535 0.514 0.471 0.408 0.336 0.278 0.242 0.228 0.227 0.252 0.318 0.390 0.433 0.449 0.448 0.431 0.408 0.398 0.397 0.404 0.408 0.399 0.365 0.302 0.222 0.162 0.125 0.107 0.101 0.102 0.114 0.153 0.250 0.441 0.726 0.963 1.091 1.136 1.137 1.104 1.022 0.882 0.711 0.576 0.490 0.433 0.397 0.375 0.363 0.362 0.391 0.503 0.722 0.990 1.234 1.436 1.592 1.685 1.716 1.700 1.618 1.441 1.163
0.050 0.052 0.053 0.056 0.061 0.071 0.088 0.121 0.182 0.293 0.448 0.559 0.607 0.614 0.601 0.565 0.507 0.442 0.391 0.355 0.342 0.362 0.453 0.609 0.727 0.780 0.791 0.773 0.728 0.688 0.670 0.668 0.676 0.679 0.659 0.591 0.477 0.340 0.233 0.162 0.125 0.111 0.109 0.119 0.159 0.259 0.445 0.691 0.863 0.935 0.943 0.914 0.838 0.715 0.571 0.445 0.365 0.318 0.290 0.270 0.255 0.244 0.241 0.251 0.307 0.468 0.776 1.149 1.437 1.640 1.773 1.841 1.855 1.809 1.657 1.406
0.053 0.057 0.061 0.068 0.078 0.091 0.110 0.140 0.193 0.291 0.437 0.555 0.616 0.631 0.626 0.599 0.547 0.494 0.465 0.456 0.481 0.571 0.758 0.961 1.061 1.079 1.056 0.997 0.918 0.866 0.845 0.845 0.858 0.864 0.838 0.750 0.601 0.432 0.302 0.210 0.154 0.130 0.125 0.133 0.171 0.264 0.424 0.583 0.664 0.681 0.663 0.605 0.508 0.399 0.313 0.253 0.216 0.192 0.177 0.167 0.160 0.157 0.156 0.163 0.193 0.282 0.491 0.854 1.231 1.505 1.694 1.801 1.834 1.807 1.682 1.462
