RESULTS/r.avaflow_results/14_results/14_ascii/14_hflow30031.asc
ncols 506
nrows 317
xllcenter 498237.50
yllcenter 5580050.00
cellsize 12.50
NODATA_value -9999.000
[rows 170 to 203 of 317, columns 308 to 384 of 506]
0.000 0.000 0.000 0.000 0.000 0.000 0.000 0.000 0.000 0.000 0.000 0.000 0.000 0.000 0.000 0.000 0.000 0.000 0.000 0.000 0.000 0.000 0.000 0.000 0.000 0.000 0.000 0.000 0.000 0.000 0.000 0.000 0.000 0.000 0.000 0.000 0.000 0.000 0.000 0.000 0.000 0.000 0.000 0.000 0.000 0.000 0.000 0.000 0.000 0.000 0.000 0.000 0.000 0.000 0.000 0.000 0.000 0.000 0.000 0.000 0.000 0.000 0.000 0.000 0.000 0.000 0.000 0.000 0.000 0.000 0.000 0.000 0.000 0.000 0.000 0.000 0.000
0.000 0.000 0.000 0.000 0.000 0.000 0.000 0.000 0.000 0.000 0.000 0.000 0.000 0.000 0.000 0.000 0.000 0.000 0.000 0.000 0.000 0.000 0.000 0.000 0.000 0.000 0.000 0.000 0.000 0.000 0.000 0.000 0.000 0.000 0.000 0.000 0.000 0.000 0.000 0.000 0.000 0.000 0.000 0.000 0.000 0.000 0.000 0.000 0.000 0.000 0.000 0.000 0.000 0.000 0.000 0.000 0.000 0.000 0.000 0.000 0.000 0.000 0.000 0.000 0.000 0.000 0.000 0.000 0.000 0.000 0.000 0.000 0.000 0.000 0.000 0.000 0.000
0.000 0.000 0.000 0.000 0.000 0.000 0.000 0.001 0.001 0.001 0.001 0.001 0.001 0.000 0.000 0.000 0.000 0.000 0.000 0.000 0.000 0.000 0.000 0.000 0.000 0.000 0.000 0.000 0.000 0.000 0.000 0.000 0.000 0.000 0.000 0.000 0.000 0.000 0.000 0.000 0.000 0.000 0.000 0.000 0.000 0.000 0.000 0.000 0.000 0.000 0.000 0.000 0.000 0.000 0.000 0.000 0.000 0.000 0.000 0.000 0.000 0.000 0.000 0.000 0.000 0.000 0.000 0.000 0.000 0.000 0.000 0.000 0.000 0.000 0.000 0.000 0.000
0.000 0.000 0.000 0.001 0.002 0.002 0.003 0.003 0.003 0.003 0.003 0.003 0.003 0.002 0.001 0.001 0.000 0.000 0.000 0.000 0.000 0.000 0.000 0.000 0.000 0.000 0.000 0.000 0.000 0.000 0.000 0.000 0.000 0.000 0.000 0.000 0.000 0.000 0.000 0.000 0.000 0.000 0.000 0.000 0.000 0.000 0.000 0.000 0.000 0.000 0.000 0.000 0.000 0.000 0.000 0.000 0.000 0.000 0.000 0.000 0.000 0.000 0.000 0.000 0.000 0.000 0.000 0.000 0.000 0.000 0.000 0.000 0.000 0.000 0.000 0.000 0.000
0.000 0.001 0.002 0.003 0.005 0.007 0.009 0.009 0.010 0.010 0.010 0.010 0.009 0.007 0.004 0.002 0.001 0.000 0.000 0.000 0.000 0.000 0.000 0.000 0.000 0.000 0.000 0.000 0.000 0.000 0.000 0.000 0.000 0.000 0.000 0.000 0.000 0.000 0.000 0.000 0.000 0.000 0.000 0.000 0.000 0.000 0.000 0.000 0.000 0.000 0.000 0.000 0.000 0.000 0.000 0.000 0.000 0.000 0.000 0.000 0.000 0.000 0.000 0.000 0.000 0.000 0.000 0.000 0.000 0.000 0.000 0.000 0.000 0.000 0.000 0.000 0.000
0.002 0.003 0.005 0.008 0.012 0.017 0.021 0.023 0.025 0.025 0.025 0.025 0.023 0.019 0.011 0.006 0.003 0.001 0.000 0.000 0.000 0.000 0.000 0.000 0.000 0.000 0.000 0.000 0.000 0.000 0.000 0.000 0.000 0.000 0.000 0.000 0.000 0.000 0.000 0.000 0.000 0.000 0.000 0.000 0.000 0.000 0.000 0.000 0.000 0.000 0.000 0.000 0.000 0.000 0.000 0.000 0.000 0.000 0.000 0.000 0.000 0.000 0.000 0.000 0.000 0.000 0.000 0.000 0.000 0.000 0.000 0.000 0.000 0.000 0.000 0.000 0.000
0.005 0.007 0.011 0.017 0.025 0.038 0.053 0.061 0.065 0.066 0.066 0.065 0.060 0.049 0.029 0.015 0.007 0.003 0.002 0.001 0.000 0.000 0.000 0.000 0.000 0.000 0.000 0.000 0.000 0.000 0.000 0.000 0.000 0.000 0.000 0.000 0.000 0.000 0.000 0.000 0.000 0.000 0.000 0.000 0.000 0.000 0.000 0.000 0.000 0.000 0.000 0.000 0.000 0.000 0.000 0.000 0.000 0.000 0.000 0.000 0.000 0.000 0.000 0.000 0.000 0.000 0.000 0.000 0.000 0.000 0.000 0.000 0.000 0.000 0.000 0.000 0.000
0.010 0.015 0.023 0.037 0.061 0.098 0.148 0.180 0.192 0.194 0.191 0.183 0.166 0.136 0.082 0.039 0.018 0.009 0.004 0.002 0.001 0.001 0.000 0.000 0.000 0.000 0.000 0.000 0.000 0.000 0.000 0.000 0.000 0.000 0.000 0.000 0.000 0.000 0.000 0.000 0.000 0.000 0.000 0.000 0.000 0.000 0.000 0.000 0.000 0.000 0.000 0.000 0.000 0.000 0.000 0.000 0.000 0.000 0.000 0.000 0.000 0.000 0.000 0.000 0.000 0.000 0.000 0.000 0.000 0.000 0.000 0.000 0.000 0.000 0.000 0.000 0.000
0.020 0.031 0.052 0.090 0.157 0.261 0.405 0.511 0.556 0.562 0.552 0.521 0.467 0.377 0.229 0.108 0.048 0.021 0.010 0.005 0.003 0.002 0.002 0.001 0.001 0.001 0.001 0.001 0.001 0.001 0.000 0.000 0.000 0.000 0.000 0.000 0.000 0.000 0.000 0.000 0.000 0.000 0.000 0.000 0.000 0.000 0.000 0.000 0.000 0.000 0.000 0.000 0.000 0.000 0.000 0.000 0.000 0.000 0.000 0.000 0.000 0.000 0.000 0.000 0.000 0.000 0.000 0.000 0.000 0.000 0.000 0.000 0.000 0.000 0.000 0.000 0.000
0.041 0.069 0.122 0.222 0.387 0.637 0.975 1.235 1.359 1.381 1.357 1.280 1.144 0.924 0.587 0.289 0.127 0.053 0.023 0.012 0.008 0.006 0.005 0.004 0.004 0.004 0.003 0.003 0.003 0.002 0.002 0.001 0.001 0.000 0.000 0.000 0.000 0.000 0.000 0.000 0.000 0.000 0.000 0.000 0.000 0.000 0.000 0.000 0.000 0.000 0.000 0.000 0.000 0.000 0.000 0.000 0.000 0.000 0.000 0.000 0.000 0.000 0.000 0.000 0.000 0.000 0.000 0.000 0.000 0.000 0.000 0.000 0.000 0.000 0.000 0.000 0.000
0.090 0.159 0.289 0.515 0.872 1.383 1.940 2.321 2.484 2.507 2.457 2.311 2.056 1.681 1.150 0.635 0.301 0.127 0.054 0.027 0.018 0.014 0.012 0.010 0.010 0.009 0.008 0.008 0.007 0.007 0.005 0.004 0.002 0.002 0.001 0.001 0.000 0.000 0.000 0.000 0.000 0.000 0.000 0.000 0.000 0.000 0.000 0.000 0.000 0.000 0.000 0.000 0.000 0.000 0.000 0.000 0.000 0.000 0.000 0.000 0.000 0.000 0.000 0.000 0.000 0.000 0.000 0.000 0.000 0.000 0.000 0.000 0.000 0.000 0.000 0.000 0.000
0.204 0.367 0.647 1.099 1.649 2.180 2.598 2.873 3.000 3.025 2.986 2.832 2.537 2.094 1.498 0.917 0.501 0.242 0.112 0.060 0.040 0.031 0.026 0.023 0.021 0.020 0.019 0.018 0.017 0.016 0.013 0.009 0.006 0.004 0.003 0.002 0.001 0.001 0.000 0.000 0.000 0.000 0.000 0.000 0.000 0.000 0.000 0.000 0.000 0.000 0.000 0.000 0.000 0.000 0.000 0.000 0.000 0.000 0.000 0.000 0.000 0.000 0.000 0.000 0.000 0.000 0.000 0.000 0.000 0.000 0.000 0.000 0.000 0.000 0.000 0.000 0.000
0.467 0.819 1.348 1.902 2.284 2.528 2.739 2.910 2.997 3.019 2.995 2.872 2.602 2.168 1.587 1.022 0.611 0.341 0.191 0.121 0.090 0.072 0.059 0.052 0.047 0.044 0.042 0.041 0.040 0.037 0.030 0.021 0.015 0.010 0.007 0.005 0.004 0.002 0.001 0.001 0.000 0.000 0.000 0.000 0.000 0.000 0.000 0.000 0.000 0.000 0.000 0.000 0.000 0.000 0.000 0.000 0.000 0.000 0.000 0.000 0.000 0.000 0.000 0.000 0.000 0.000 0.000 0.000 0.000 0.000 0.000 0.000 0.000 0.000 0.000 0.000 0.000
1.043 1.657 2.177 2.452 2.550 2.595 2.659 2.714 2.707 2.677 2.638 2.548 2.344 2.000 1.513 1.005 0.638 0.410 0.283 0.220 0.188 0.165 0.143 0.127 0.118 0.111 0.106 0.103 0.100 0.093 0.072 0.048 0.033 0.023 0.017 0.012 0.009 0.006 0.004 0.002 0.001 0.001 0.000 0.000 0.000 0.000 0.000 0.000 0.000 0.000 0.000 0.000 0.000 0.000 0.000 0.000 0.000 0.000 0.000 0.000 0.000 0.000 0.000 0.000 0.000 0.000 0.000 0.000 0.000 0.000 0.000 0.000 0.000 0.000 0.000 0.000 0.000
1.835 2.332 2.559 2.612 2.590 2.524 2.415 2.259 2.046 1.874 1.786 1.733 1.648 1.485 1.207 0.855 0.595 0.449 0.384 0.360 0.355 0.341 0.319 0.302 0.296 0.296 0.290 0.285 0.277 0.252 0.190 0.122 0.082 0.056 0.040 0.028 0.021 0.015 0.010 0.007 0.004 0.002 0.001 0.000 0.000 0.000 0.000 0.000 0.000 0.000 0.000 0.000 0.000 0.000 0.000 0.000 0.000 0.000 0.000 0.000 0.000 0.000 0.000 0.000 0.000 0.000 0.000 0.000 0.000 0.000 0.000 0.000 0.000 0.000 0.000 0.000 0.000
2.247 2.504 2.588 2.581 2.486 2.278 1.937 1.513 1.148 0.940 0.866 0.860 0.872 0.853 0.768 0.613 0.503 0.458 0.450 0.471 0.514 0.550 0.573 0.596 0.639 0.701 0.733 0.740 0.726 0.657 0.505 0.328 0.217 0.148 0.102 0.072 0.051 0.036 0.026 0.017 0.011 0.006 0.003 0.001 0.000 0.000 0.000 0.000 0.000 0.000 0.000 0.000 0.000 0.000 0.000 0.000 0.000 0.000 0.000 0.000 0.000 0.000 0.000 0.000 0.000 0.000 0.000 0.000 0.000 0.000 0.000 0.000 0.000 0.000 0.000 0.000 0.000
2.290 2.424 2.437 2.339 2.101 1.705 1.246 0.872 0.633 0.500 0.453 0.453 0.478 0.502 0.501 0.470 0.451 0.457 0.476 0.515 0.580 0.654 0.726 0.807 0.931 1.102 1.224 1.284 1.292 1.236 1.061 0.793 0.554 0.391 0.278 0.195 0.135 0.095 0.067 0.045 0.028 0.015 0.008 0.004 0.002 0.001 0.000 0.000 0.000 0.000 0.000 0.000 0.000 0.000 0.000 0.000 0.000 0.000 0.000 0.000 0.000 0.000 0.000 0.000 0.000 0.000 0.000 0.000 0.000 0.000 0.000 0.000 0.000 0.000 0.000 0.000 0.000
2.150 2.117 1.966 1.703 1.357 1.011 0.749 0.559 0.426 0.346 0.313 0.309 0.322 0.350 0.379 0.408 0.434 0.461 0.491 0.533 0.593 0.671 0.759 0.865 1.015 1.225 1.394 1.495 1.530 1.514 1.425 1.251 1.032 0.824 0.639 0.477 0.342 0.242 0.172 0.117 0.072 0.040 0.020 0.010 0.004 0.002 0.001 0.000 0.000 0.000 0.000 0.000 0.000 0.000 0.000 0.000 0.000 0.000 0.000 0.000 0.000 0.000 0.000 0.000 0.000 0.000 0.000 0.000 0.000 0.000 0.000 0.000 0.000 0.000 0.000 0.000 0.000
1.833 1.543 1.246 1.013 0.818 0.660 0.534 0.432 0.351 0.297 0.271 0.264 0.269 0.292 0.334 0.389 0.439 0.477 0.513 0.552 0.601 0.665 0.746 0.845 0.980 1.166 1.326 1.436 1.500 1.519 1.489 1.404 1.271 1.111 0.946 0.780 0.626 0.492 0.375 0.270 0.173 0.097 0.049 0.023 0.010 0.004 0.002 0.001 0.000 0.000 0.000 0.000 0.000 0.000 0.000 0.000 0.000 0.000 0.000 0.000 0.000 0.000 0.000 0.000 0.000 0.000 0.000 0.000 0.000 0.000 0.000 0.000 0.000 0.000 0.000 0.000 0.000
1.469 1.095 0.848 0.702 0.600 0.520 0.452 0.391 0.333 0.288 0.262 0.254 0.257 0.278 0.324 0.393 0.460 0.507 0.545 0.577 0.611 0.655 0.714 0.785 0.868 0.969 1.065 1.155 1.243 1.317 1.352 1.336 1.270 1.161 1.030 0.895 0.766 0.653 0.554 0.455 0.339 0.206 0.105 0.051 0.023 0.010 0.004 0.002 0.001 0.000 0.000 0.000 0.000 0.000 0.000 0.000 0.000 0.000 0.000 0.000 0.000 0.000 0.000 0.000 0.000 0.000 0.000 0.000 0.000 0.000 0.000 0.000 0.000 0.000 0.000 0.000 0.000
1.202 0.888 0.697 0.585 0.516 0.467 0.425 0.383 0.336 0.290 0.262 0.254 0.258 0.281 0.332 0.414 0.497 0.553 0.587 0.609 0.627 0.652 0.698 0.743 0.772 0.793 0.808 0.828 0.865 0.932 1.002 1.044 1.056 1.024 0.962 0.875 0.776 0.683 0.606 0.535 0.452 0.331 0.195 0.100 0.048 0.022 0.009 0.004 0.001 0.000 0.000 0.000 0.000 0.000 0.000 0.000 0.000 0.000 0.000 0.000 0.000 0.000 0.000 0.000 0.000 0.000 0.000 0.000 0.000 0.000 0.000 0.000 0.000 0.000 0.000 0.000 0.000
1.032 0.802 0.647 0.551 0.493 0.452 0.418 0.385 0.346 0.301 0.271 0.264 0.272 0.305 0.367 0.455 0.547 0.609 0.639 0.648 0.651 0.661 0.694 0.717 0.721 0.709 0.684 0.654 0.640 0.645 0.657 0.662 0.675 0.697 0.723 0.723 0.689 0.637 0.586 0.535 0.477 0.395 0.283 0.171 0.091 0.045 0.020 0.008 0.003 0.001 0.000 0.000 0.000 0.000 0.000 0.000 0.000 0.000 0.000 0.000 0.000 0.000 0.000 0.000 0.000 0.000 0.000 0.000 0.000 0.000 0.000 0.000 0.000 0.000 0.000 0.000 0.000
0.929 0.764 0.638 0.550 0.492 0.451 0.419 0.389 0.358 0.318 0.293 0.290 0.309 0.359 0.435 0.521 0.605 0.668 0.694 0.695 0.689 0.690 0.701 0.704 0.693 0.670 0.630 0.578 0.539 0.511 0.484 0.449 0.426 0.424 0.443 0.471 0.493 0.503 0.502 0.488 0.459 0.407 0.335 0.246 0.154 0.082 0.039 0.017 0.007 0.002 0.001 0.000 0.000 0.000 0.000 0.000 0.000 0.000 0.000 0.000 0.000 0.000 0.000 0.000 0.000 0.000 0.000 0.000 0.000 0.000 0.000 0.000 0.000 0.000 0.000 0.000 0.000
0.843 0.733 0.639 0.561 0.502 0.459 0.425 0.395 0.366 0.340 0.328 0.337 0.376 0.450 0.530 0.603 0.669 0.723 0.749 0.752 0.746 0.740 0.725 0.699 0.671 0.637 0.592 0.535 0.486 0.447 0.409 0.362 0.322 0.303 0.300 0.308 0.323 0.345 0.373 0.395 0.403 0.387 0.351 0.299 0.225 0.138 0.070 0.032 0.013 0.005 0.002 0.000 0.000 0.000 0.000 0.000 0.000 0.000 0.000 0.000 0.000 0.000 0.000 0.000 0.000 0.000 0.000 0.000 0.000 0.000 0.000 0.000 0.000 0.000 0.000 0.000 0.000
0.749 0.691 0.632 0.574 0.523 0.475 0.434 0.401 0.377 0.366 0.374 0.408 0.480 0.566 0.635 0.689 0.738 0.783 0.811 0.821 0.819 0.796 0.747 0.692 0.647 0.605 0.559 0.502 0.452 0.410 0.369 0.318 0.276 0.255 0.248 0.247 0.253 0.265 0.286 0.313 0.336 0.347 0.341 0.319 0.278 0.205 0.117 0.057 0.024 0.009 0.003 0.001 0.000 0.000 0.000 0.000 0.000 0.000 0.000 0.000 0.000 0.000 0.000 0.000 0.000 0.000 0.000 0.000 0.000 0.000 0.000 0.000 0.000 0.000 0.000 0.000 0.000
0.636 0.620 0.602 0.574 0.535 0.490 0.444 0.413 0.400 0.406 0.442 0.522 0.620 0.697 0.744 0.779 0.815 0.858 0.887 0.897 0.881 0.832 0.754 0.680 0.624 0.578 0.533 0.483 0.434 0.390 0.344 0.292 0.255 0.236 0.230 0.230 0.232 0.239 0.253 0.273 0.295 0.312 0.321 0.320 0.303 0.260 0.181 0.095 0.043 0.017 0.006 0.002 0.000 0.000 0.000 0.000 0.000 0.000 0.000 0.000 0.000 0.000 0.000 0.000 0.000 0.000 0.000 0.000 0.000 0.000 0.000 0.000 0.000 0.000 0.000 0.000 0.000
0.506 0.516 0.538 0.551 0.535 0.500 0.462 0.444 0.448 0.484 0.574 0.703 0.802 0.854 0.876 0.891 0.914 0.953 0.970 0.957 0.915 0.846 0.750 0.666 0.609 0.564 0.522 0.476 0.429 0.383 0.335 0.283 0.248 0.231 0.226 0.226 0.228 0.234 0.245 0.261 0.277 0.292 0.306 0.314 0.313 0.295 0.244 0.152 0.071 0.029 0.010 0.003 0.001 0.000 0.000 0.000 0.000 0.000 0.000 0.000 0.000 0.000 0.000 0.000 0.000 0.000 0.000 0.000 0.000 0.000 0.000 0.000 0.000 0.000 0.000 0.000 0.000
0.385 0.397 0.435 0.486 0.510 0.508 0.502 0.516 0.564 0.665 0.822 0.968 1.048 1.076 1.079 1.073 1.070 1.066 1.037 0.987 0.924 0.845 0.744 0.659 0.604 0.561 0.519 0.474 0.429 0.384 0.335 0.286 0.251 0.234 0.229 0.228 0.230 0.235 0.246 0.260 0.273 0.284 0.299 0.314 0.321 0.319 0.292 0.217 0.112 0.048 0.018 0.006 0.002 0.000 0.000 0.000 0.000 0.000 0.000 0.000 0.000 0.000 0.000 0.000 0.000 0.000 0.000 0.000 0.000 0.000 0.000 0.000 0.000 0.000 0.000 0.000 0.000
0.292 0.307 0.339 0.399 0.463 0.517 0.573 0.659 0.810 1.006 1.185 1.287 1.324 1.329 1.313 1.279 1.229 1.158 1.070 0.994 0.923 0.843 0.742 0.661 0.607 0.564 0.521 0.475 0.433 0.394 0.352 0.307 0.273 0.253 0.244 0.241 0.242 0.245 0.253 0.265 0.274 0.284 0.298 0.320 0.337 0.342 0.331 0.274 0.155 0.067 0.025 0.008 0.002 0.000 0.000 0.000 0.000 0.000 0.000 0.000 0.000 0.000 0.000 0.000 0.000 0.000 0.000 0.000 0.000 0.000 0.000 0.000 0.000 0.000 0.000 0.000 0.000
0.227 0.248 0.286 0.352 0.442 0.546 0.684 0.909 1.182 1.383 1.482 1.514 1.511 1.488 1.448 1.392 1.313 1.201 1.078 0.989 0.920 0.847 0.761 0.690 0.638 0.591 0.540 0.492 0.456 0.427 0.397 0.363 0.330 0.307 0.292 0.282 0.277 0.273 0.274 0.279 0.284 0.290 0.306 0.338 0.364 0.373 0.370 0.318 0.184 0.078 0.029 0.009 0.003 0.001 0.000 0.000 0.000 0.000 0.000 0.000 0.000 0.000 0.000 0.000 0.000 0.000 0.000 0.000 0.000 0.000 0.000 0.000 0.000 0.000 0.000 0.000 0.000
0.190 0.220 0.268 0.342 0.450 0.609 0.858 1.194 1.458 1.586 1.620 1.614 1.588 1.546 1.491 1.423 1.334 1.209 1.072 0.979 0.921 0.877 0.831 0.788 0.744 0.692 0.623 0.566 0.534 0.514 0.496 0.474 0.447 0.419 0.397 0.377 0.356 0.332 0.314 0.307 0.307 0.311 0.331 0.374 0.408 0.421 0.415 0.349 0.195 0.082 0.031 0.010 0.003 0.001 0.000 0.000 0.000 0.000 0.000 0.000 0.000 0.000 0.000 0.000 0.000 0.000 0.000 0.000 0.000 0.000 0.000 0.000 0.000 0.000 0.000 0.000 0.000
0.176 0.215 0.271 0.356 0.488 0.693 0.995 1.326 1.534 1.621 1.633 1.617 1.583 1.536 1.478 1.407 1.314 1.185 1.051 0.970 0.940 0.937 0.948 0.946 0.930 0.891 0.816 0.752 0.723 0.712 0.705 0.691 0.665 0.634 0.600 0.560 0.507 0.439 0.385 0.357 0.350 0.354 0.377 0.428 0.463 0.472 0.453 0.361 0.193 0.083 0.031 0.010 0.003 0.001 0.000 0.000 0.000 0.000 0.000 0.000 0.000 0.000 0.000 0.000 0.000 0.000 0.000 0.000 0.000 0.000 0.000 0.000 0.000 0.000 0.000 0.000 0.000
0.178 0.228 0.300 0.405 0.554 0.755 1.028 1.300 1.461 1.519 1.525 1.511 1.477 1.429 1.371 1.300 1.210 1.096 1.001 0.960 0.958 0.981 1.017 1.035 1.037 1.022 0.973 0.931 0.920 0.930 0.941 0.934 0.912 0.879 0.838 0.785 0.710 0.606 0.500 0.439 0.420 0.422 0.444 0.484 0.503 0.503 0.467 0.354 0.184 0.079 0.030 0.010 0.004 0.001 0.001 0.000 0.000 0.000 0.000 0.000 0.000 0.000 0.000 0.000 0.000 0.000 0.000 0.000 0.000 0.000 0.000 0.000 0.000 0.000 0.000 0.000 0.000
0.204 0.282 0.385 0.509 0.646 0.794 0.972 1.131 1.217 1.247 1.251 1.242 1.212 1.163 1.106 1.046 0.982 0.927 0.901 0.918 0.955 0.995 1.035 1.059 1.067 1.061 1.029 1.005 1.009 1.043 1.069 1.067 1.046 1.010 0.965 0.911 0.841 0.750 0.641 0.557 0.518 0.508 0.513 0.524 0.526 0.512 0.459 0.325 0.162 0.069 0.027 0.010 0.004 0.002 0.002 0.001 0.001 0.001 0.001 0.000 0.000 0.000 0.000 0.000 0.000 0.000 0.000 0.000 0.000 0.000 0.000 0.000 0.000 0.000 0.000 0.000 0.000
