RESULTS/r.avaflow_results/14_results/14_ascii/14_hflow0021.asc
ncols 506
nrows 317
xllcenter 498237.50
yllcenter 5580050.00
cellsize 12.50
NODATA_value -9999.000
[rows 170 to 203 of 317, columns 77 to 153 of 506]
0.003 0.006 0.012 0.025 0.056 0.116 0.215 0.352 0.524 0.738 1.024 1.420 1.959 2.639 3.409 4.221 5.061 5.949 6.861 7.795 8.753 9.718 10.668 11.642 12.613 13.502 14.293 15.018 15.776 16.518 17.355 18.254 19.287 20.450 21.753 23.201 24.924 26.678 28.213 29.789 31.204 32.410 33.830 35.288 36.593 37.872 38.795 39.550 40.615 41.471 42.384 43.735 44.828 45.931 47.314 48.319 49.562 50.855 51.082 51.543 52.130 52.200 52.131 51.886 50.979 50.050 48.893 47.202 45.576 43.780 41.890 39.687 37.698 35.878 34.012 32.285 30.472
0.012 0.022 0.041 0.078 0.149 0.264 0.424 0.618 0.853 1.159 1.568 2.106 2.787 3.605 4.540 5.582 6.705 7.848 8.939 9.989 11.044 12.115 13.148 14.158 15.110 15.980 16.739 17.429 18.132 18.804 19.575 20.455 21.425 22.539 23.880 25.403 27.177 28.920 30.505 32.137 33.443 34.543 36.101 37.670 38.982 40.319 41.213 41.952 43.114 43.906 44.542 45.845 46.761 47.303 48.258 48.673 49.295 51.100 51.796 52.767 53.517 53.547 53.447 53.082 51.963 50.759 49.299 47.634 45.963 44.143 42.411 40.507 38.801 37.055 35.440 33.893 32.323
0.032 0.056 0.097 0.165 0.268 0.409 0.589 0.813 1.101 1.477 1.972 2.606 3.400 4.362 5.483 6.759 8.175 9.668 11.045 12.295 13.493 14.644 15.710 16.694 17.536 18.306 18.980 19.632 20.258 20.920 21.586 22.399 23.302 24.400 25.809 27.268 29.120 30.889 32.497 34.154 35.570 36.775 38.239 39.683 40.917 42.160 42.994 43.708 44.936 45.874 46.553 47.738 48.438 48.685 49.237 49.364 49.813 51.122 51.578 52.761 53.835 53.647 53.456 53.007 52.129 50.932 49.487 47.963 46.187 44.641 43.207 41.509 39.896 38.214 36.693 35.253 33.858
0.060 0.096 0.151 0.233 0.346 0.499 0.700 0.961 1.298 1.732 2.292 3.001 3.888 4.968 6.249 7.718 9.379 11.184 12.864 14.350 15.689 16.884 17.962 18.900 19.686 20.400 21.054 21.663 22.229 22.841 23.375 24.068 24.901 25.881 27.283 28.683 30.595 32.503 34.247 36.070 37.677 38.944 40.445 41.791 42.918 44.184 44.958 45.547 46.706 47.489 47.902 48.808 49.233 48.943 49.095 49.264 49.532 50.703 51.260 51.806 53.348 53.838 53.461 52.957 52.190 50.791 49.275 48.101 46.677 45.341 43.951 42.308 40.675 39.028 37.460 36.245 35.135
0.078 0.122 0.185 0.274 0.397 0.563 0.785 1.074 1.449 1.928 2.537 3.305 4.262 5.438 6.851 8.475 10.321 12.357 14.335 16.070 17.571 18.865 19.954 20.841 21.575 22.199 22.847 23.421 23.930 24.526 25.050 25.632 26.378 27.380 28.561 29.962 31.839 33.647 35.513 37.603 39.298 40.627 42.276 43.639 44.648 45.836 46.677 47.405 48.485 49.081 49.725 50.522 50.260 49.583 49.577 49.518 49.534 50.196 50.749 51.007 51.563 52.618 52.791 53.024 52.385 50.974 49.623 48.730 47.311 45.949 44.628 42.965 41.309 39.671 38.075 36.887 35.738
0.087 0.137 0.208 0.306 0.439 0.616 0.851 1.158 1.555 2.065 2.715 3.528 4.541 5.799 7.310 9.050 11.014 13.215 15.440 17.408 19.114 20.513 21.695 22.632 23.340 23.882 24.487 25.016 25.519 26.037 26.547 27.110 27.626 28.541 29.686 31.140 32.943 34.623 36.379 38.665 40.690 42.159 43.707 44.953 45.801 47.005 47.835 48.334 49.327 49.902 50.164 50.800 50.586 50.008 49.871 49.653 49.542 49.878 50.433 50.764 50.966 51.680 51.695 52.093 52.271 51.339 50.232 49.384 47.853 46.401 44.739 42.831 41.151 39.786 38.229 37.029 35.950
0.091 0.146 0.225 0.333 0.475 0.661 0.902 1.217 1.627 2.157 2.837 3.688 4.749 6.059 7.635 9.453 11.483 13.764 16.163 18.363 20.290 21.922 23.244 24.156 24.854 25.457 26.052 26.539 26.945 27.352 27.870 28.345 28.797 29.599 30.631 31.976 33.622 35.304 37.056 39.227 41.211 42.879 44.758 46.097 46.940 48.300 48.990 49.119 50.039 50.583 50.583 50.817 50.645 50.273 49.979 49.755 49.586 49.880 50.400 50.309 50.194 50.409 50.375 50.460 51.267 50.803 49.903 48.963 47.430 45.940 44.331 42.607 40.925 39.527 38.176 37.027 35.977
0.092 0.149 0.235 0.355 0.507 0.700 0.943 1.261 1.678 2.221 2.919 3.801 4.894 6.236 7.842 9.693 11.764 14.071 16.558 18.933 21.029 22.883 24.372 25.462 26.273 26.841 27.285 27.777 28.163 28.500 28.994 29.401 29.867 30.596 31.452 32.673 34.276 35.850 37.646 39.810 41.833 43.867 45.828 47.199 47.987 49.194 49.901 50.117 50.896 51.187 51.123 51.061 51.107 50.535 50.000 49.795 49.317 49.146 49.799 50.001 50.012 50.132 49.846 49.435 49.865 49.586 49.331 48.505 47.062 45.497 43.808 42.166 40.449 38.856 37.727 36.647 35.455
0.085 0.143 0.235 0.367 0.531 0.729 0.975 1.294 1.714 2.265 2.975 3.877 4.998 6.361 7.974 9.814 11.900 14.210 16.707 19.180 21.426 23.499 25.177 26.380 27.373 28.067 28.486 28.982 29.338 29.624 30.056 30.308 30.690 31.392 32.177 33.121 34.596 36.133 37.825 39.909 42.033 44.153 46.034 47.628 48.460 49.351 50.138 50.363 50.749 51.079 50.855 50.891 51.217 50.798 50.469 50.281 49.856 49.590 50.190 50.095 49.895 49.923 49.582 48.682 48.218 47.803 48.009 47.545 46.335 44.719 42.843 41.092 39.378 37.940 36.958 35.822 34.777
0.067 0.124 0.223 0.367 0.545 0.749 0.999 1.321 1.743 2.299 3.020 3.936 5.071 6.437 8.037 9.870 11.945 14.238 16.724 19.259 21.622 23.819 25.737 27.242 28.285 29.054 29.505 30.070 30.388 30.557 30.991 31.269 31.546 32.176 32.804 33.647 34.979 36.343 37.995 39.943 42.405 44.581 46.322 48.143 48.989 49.515 50.539 50.707 50.755 51.328 51.225 51.114 51.260 51.094 50.437 50.121 49.922 49.761 50.026 49.726 49.281 48.923 48.603 47.477 46.532 45.834 45.431 45.217 44.960 43.685 42.048 40.158 38.451 36.969 35.979 34.827 34.018
0.042 0.095 0.199 0.357 0.548 0.761 1.017 1.343 1.769 2.326 3.050 3.971 5.110 6.480 8.068 9.887 11.942 14.208 16.675 19.210 21.651 23.936 25.906 27.664 28.927 29.965 30.410 30.966 31.326 31.532 31.931 32.147 32.229 32.600 33.021 33.717 34.987 36.362 38.206 40.157 42.747 45.106 46.897 48.738 49.595 50.043 50.945 51.000 51.215 51.721 51.555 51.038 51.091 50.824 50.335 50.019 49.667 49.431 49.544 49.709 49.054 48.280 47.868 46.781 45.736 44.938 43.617 42.997 43.312 42.199 40.839 38.831 37.279 36.006 34.953 33.756 32.984
0.025 0.072 0.174 0.337 0.541 0.766 1.031 1.364 1.795 2.354 3.075 3.987 5.118 6.480 8.059 9.859 11.880 14.097 16.499 19.029 21.545 23.861 26.067 27.937 29.303 30.507 31.176 31.825 32.140 32.227 32.560 32.631 32.654 33.062 33.463 33.956 35.091 36.194 37.916 39.959 42.430 44.910 46.719 48.562 49.645 49.959 50.448 50.607 50.684 51.100 51.151 50.823 51.209 51.074 50.773 50.273 50.046 49.604 49.575 49.717 48.895 48.215 47.451 46.059 44.843 43.900 42.296 41.225 41.251 40.572 39.722 37.916 36.422 35.143 33.889 32.677 31.879
0.014 0.052 0.147 0.312 0.528 0.768 1.045 1.389 1.826 2.383 3.091 3.980 5.085 6.426 7.984 9.762 11.724 13.852 16.160 18.633 21.210 23.741 26.125 28.087 29.739 31.014 31.964 32.665 33.053 33.214 33.308 33.287 33.278 33.575 33.818 34.137 35.218 36.352 37.985 39.975 42.265 44.866 46.728 48.409 49.889 50.224 50.214 50.725 50.602 50.656 51.171 51.025 51.193 51.270 50.725 50.129 49.778 49.305 49.303 49.305 48.321 47.375 46.467 45.056 43.780 42.780 41.282 40.043 39.432 38.770 38.384 37.104 35.597 34.174 32.767 31.548 30.564
0.008 0.034 0.118 0.282 0.510 0.768 1.064 1.423 1.871 2.425 3.113 3.963 5.003 6.270 7.763 9.495 11.409 13.450 15.652 18.042 20.659 23.398 25.836 27.987 29.781 31.153 32.309 33.076 33.556 33.917 33.904 33.856 33.801 33.861 34.113 34.687 35.561 36.523 38.131 39.977 42.266 44.954 46.908 48.499 49.957 50.396 50.479 50.905 50.658 50.709 51.199 50.939 50.806 50.857 50.184 49.850 49.757 49.007 48.542 48.622 47.806 46.805 46.042 44.713 43.443 42.438 40.783 39.215 37.948 37.030 36.914 36.039 34.782 33.401 31.782 30.382 29.242
0.005 0.020 0.084 0.240 0.482 0.772 1.099 1.483 1.945 2.498 3.165 3.976 4.959 6.139 7.532 9.151 10.962 12.917 15.052 17.409 19.989 22.973 25.681 28.009 29.911 31.293 32.644 33.701 34.315 34.692 34.685 34.668 34.764 34.919 34.898 35.088 35.703 36.594 38.036 39.660 41.818 44.470 46.348 47.881 49.141 49.639 49.935 50.362 50.082 50.103 50.329 49.904 49.828 50.451 50.264 49.980 49.739 48.932 48.480 48.291 47.313 46.589 45.988 44.572 43.218 42.062 40.468 38.950 37.304 36.042 35.751 34.843 33.756 32.437 30.836 29.318 28.127
0.005 0.011 0.050 0.180 0.428 0.756 1.130 1.561 2.057 2.621 3.266 4.027 4.949 6.062 7.373 8.908 10.668 12.603 14.721 17.022 19.500 22.442 25.359 27.844 29.901 31.501 32.898 33.933 34.562 35.130 35.455 35.536 35.481 35.576 35.685 35.933 36.515 37.175 38.538 40.021 41.829 44.265 45.991 47.442 48.779 49.272 49.541 50.178 49.883 49.595 49.619 49.198 49.136 49.719 49.541 49.426 49.487 48.856 48.360 48.126 47.122 46.108 45.428 44.113 42.870 41.500 40.100 38.544 36.771 35.135 34.306 33.490 32.642 31.427 29.945 28.338 26.998
0.006 0.008 0.024 0.106 0.322 0.675 1.106 1.586 2.124 2.725 3.381 4.117 4.993 6.057 7.332 8.827 10.536 12.442 14.542 16.797 19.195 21.919 24.775 27.339 29.530 31.348 32.806 34.087 35.146 35.801 36.421 36.735 36.707 36.778 36.973 37.174 37.662 38.365 39.475 40.627 42.187 44.247 45.731 47.039 48.387 48.877 49.103 49.616 49.308 49.177 49.114 48.360 47.881 48.179 48.144 48.300 48.701 48.252 47.863 47.690 46.796 45.925 45.424 44.287 43.094 41.590 39.948 38.070 36.178 34.358 33.029 32.152 31.304 30.144 28.837 27.269 25.731
0.007 0.008 0.012 0.043 0.167 0.462 0.924 1.485 2.097 2.757 3.467 4.232 5.093 6.112 7.352 8.824 10.517 12.405 14.494 16.751 19.080 21.544 24.198 26.851 29.209 31.230 32.871 34.216 35.619 36.542 37.382 37.824 37.860 38.194 38.422 38.630 38.907 39.632 40.311 41.110 42.330 43.800 45.072 46.258 47.300 47.772 47.969 48.333 47.985 47.839 47.840 47.264 46.974 47.367 47.289 47.622 48.184 47.875 47.669 47.604 46.769 46.000 45.343 43.976 42.699 41.269 39.641 37.840 36.031 34.027 32.215 30.954 29.882 28.850 27.636 26.112 24.444
0.009 0.009 0.010 0.017 0.057 0.198 0.545 1.133 1.882 2.700 3.525 4.371 5.277 6.304 7.518 8.941 10.594 12.489 14.573 16.783 19.054 21.384 23.743 26.236 28.699 30.907 32.722 34.211 35.584 36.679 37.749 38.339 38.539 39.053 39.365 39.597 40.006 40.882 41.465 41.970 43.031 43.890 44.798 45.964 46.665 47.028 47.158 47.541 47.397 47.393 47.391 46.705 46.134 46.211 46.204 46.496 47.077 46.931 46.746 46.788 46.169 45.471 44.855 43.629 42.416 40.957 39.350 37.441 35.656 33.485 31.373 29.711 28.342 27.197 26.012 24.472 22.715
0.011 0.010 0.010 0.013 0.023 0.072 0.257 0.727 1.534 2.579 3.604 4.573 5.571 6.655 7.869 9.252 10.847 12.667 14.715 16.904 19.100 21.254 23.391 25.668 28.094 30.477 32.409 34.225 35.632 36.850 38.034 38.887 39.396 39.762 40.315 40.582 41.138 41.929 42.367 42.915 43.806 44.184 44.781 45.833 46.395 46.685 46.919 47.051 46.969 47.094 46.665 46.034 45.708 45.190 44.932 45.117 45.586 45.447 45.462 45.416 44.784 44.392 43.968 42.993 41.606 40.036 38.313 36.460 34.837 32.595 30.388 28.403 26.620 25.108 23.804 22.220 20.495
0.013 0.012 0.012 0.013 0.018 0.040 0.142 0.506 1.321 2.550 3.797 4.915 6.031 7.189 8.447 9.845 11.394 13.172 15.162 17.278 19.372 21.356 23.400 25.478 27.640 30.050 32.053 34.045 35.663 37.125 38.284 39.424 40.118 40.405 40.965 41.135 41.518 42.139 42.573 43.107 43.773 43.976 44.382 45.174 45.638 45.950 46.392 46.256 46.225 46.661 46.303 45.841 45.543 44.902 44.477 44.518 44.621 44.333 44.319 43.960 43.450 43.190 42.304 41.288 40.062 38.820 37.044 35.262 33.673 31.533 29.307 27.042 24.806 22.932 21.393 19.761 18.087
0.015 0.015 0.015 0.015 0.018 0.034 0.107 0.412 1.241 2.658 4.188 5.461 6.684 7.930 9.255 10.677 12.220 13.921 15.805 17.849 19.767 21.577 23.382 25.286 27.369 29.665 31.615 33.517 35.187 36.838 38.126 39.531 40.219 40.563 41.021 41.099 41.544 42.347 42.812 43.109 43.855 43.960 44.189 44.925 45.307 45.557 46.132 46.006 45.911 46.116 45.752 45.612 45.533 44.956 44.382 44.034 43.627 43.068 42.780 42.220 41.719 41.211 40.355 39.422 38.191 36.793 35.193 33.496 31.731 29.779 27.670 25.264 22.762 20.659 18.692 16.901 15.300
0.018 0.018 0.019 0.019 0.022 0.035 0.099 0.377 1.242 2.910 4.845 6.304 7.606 8.924 10.315 11.805 13.379 15.064 16.880 18.750 20.465 22.106 23.721 25.468 27.425 29.595 31.493 33.394 35.060 36.650 38.022 39.668 40.388 40.720 41.219 41.340 41.754 42.495 43.032 43.170 43.897 43.886 44.038 44.739 45.133 45.436 45.934 45.746 45.712 46.018 45.561 45.225 45.105 44.349 43.738 43.279 42.507 41.789 41.324 40.464 39.732 39.048 38.051 36.951 35.853 34.404 33.043 31.325 29.499 27.545 25.481 23.089 20.559 18.255 16.063 13.992 12.043
0.023 0.023 0.024 0.025 0.028 0.040 0.101 0.373 1.309 3.240 5.625 7.366 8.759 10.125 11.565 13.127 14.786 16.513 18.267 19.979 21.496 22.953 24.357 25.875 27.566 29.551 31.325 33.217 34.983 36.475 37.804 39.555 40.468 40.983 41.416 41.428 41.559 42.121 42.607 42.646 43.203 43.107 43.271 43.924 44.364 44.711 45.171 45.160 45.357 45.605 45.148 44.854 44.659 43.808 43.199 42.885 42.014 41.250 40.533 39.371 38.343 37.436 36.170 35.011 33.766 32.173 30.771 28.922 26.980 24.918 22.749 20.394 18.008 15.622 13.344 11.079 8.822
0.031 0.031 0.032 0.034 0.037 0.051 0.116 0.413 1.441 3.504 6.141 8.176 9.820 11.399 13.011 14.700 16.479 18.250 19.982 21.555 22.882 24.186 25.339 26.548 28.001 29.655 31.287 33.083 34.636 35.932 37.315 38.892 39.955 40.624 41.073 41.148 41.337 42.057 42.333 42.225 42.662 42.505 42.616 43.364 43.852 44.125 44.709 44.652 44.538 44.587 44.269 44.144 43.893 42.934 42.155 41.784 40.927 40.088 39.167 37.853 36.593 35.444 34.035 32.727 31.231 29.670 27.975 26.030 23.868 21.694 19.437 17.188 14.994 12.738 10.501 8.254 6.045
0.044 0.043 0.043 0.046 0.052 0.072 0.157 0.504 1.607 3.707 6.438 8.702 10.628 12.483 14.351 16.256 18.231 20.107 21.837 23.398 24.629 25.792 26.837 27.870 29.145 30.438 31.841 33.461 34.866 35.950 37.355 38.535 39.615 40.191 40.806 40.869 41.076 41.769 41.851 41.812 42.121 41.949 42.049 42.624 42.913 43.293 43.883 43.842 43.721 43.805 43.416 42.994 42.590 41.528 40.557 40.041 39.079 38.147 37.064 35.659 34.371 33.094 31.595 30.230 28.501 26.840 24.908 22.756 20.341 17.933 15.720 13.591 11.560 9.566 7.519 5.505 3.678
0.062 0.059 0.059 0.062 0.070 0.096 0.195 0.582 1.752 3.903 6.702 9.166 11.365 13.471 15.549 17.659 19.800 21.919 23.902 25.572 26.787 27.912 28.873 29.611 30.576 31.574 32.643 33.945 35.175 36.067 37.347 38.175 39.158 39.784 40.390 40.397 40.467 40.826 40.875 40.941 41.078 40.885 40.963 41.342 41.422 41.820 42.282 42.192 42.321 42.501 42.093 41.672 41.239 40.039 38.801 38.012 36.871 35.770 34.614 33.209 31.888 30.552 28.942 27.450 25.598 23.641 21.310 18.878 16.446 14.195 12.151 10.226 8.383 6.599 4.839 3.265 2.024
0.088 0.080 0.079 0.081 0.089 0.117 0.221 0.642 1.884 4.119 7.001 9.652 12.088 14.450 16.749 19.069 21.320 23.531 25.707 27.544 28.898 30.048 30.862 31.477 32.278 32.846 33.470 34.505 35.508 36.267 37.290 37.746 38.447 39.106 39.619 39.615 39.756 40.170 40.116 40.125 40.338 40.073 39.960 40.298 40.238 40.328 40.764 40.775 40.687 40.595 40.151 39.723 39.107 37.820 36.472 35.350 34.037 32.836 31.611 30.147 28.710 27.350 25.736 24.085 22.058 19.830 17.328 15.018 12.917 10.939 9.102 7.373 5.730 4.210 2.880 1.846 1.167
0.127 0.107 0.102 0.102 0.110 0.138 0.248 0.704 2.033 4.382 7.358 10.189 12.842 15.504 18.019 20.516 22.968 25.249 27.451 29.373 30.764 31.919 32.604 33.043 33.707 34.137 34.532 35.293 35.878 36.322 37.261 37.698 38.251 38.636 39.174 39.151 39.128 39.444 39.299 39.286 39.495 39.228 39.030 39.112 38.886 38.849 39.040 38.862 38.744 38.561 37.790 37.116 36.358 34.988 33.585 32.289 30.852 29.527 28.269 26.774 25.320 23.846 22.173 20.254 18.090 15.852 13.688 11.705 9.905 8.201 6.610 5.118 3.760 2.611 1.744 1.182 0.882
0.181 0.144 0.130 0.129 0.136 0.163 0.280 0.785 2.221 4.725 7.867 10.915 13.710 16.542 19.298 22.034 24.613 26.895 28.975 30.932 32.348 33.511 34.210 34.570 35.070 35.309 35.357 35.815 36.238 36.549 37.325 37.645 38.087 38.247 38.647 38.575 38.415 38.378 38.136 38.141 38.240 37.963 37.779 37.593 37.194 37.021 37.073 36.811 36.547 36.157 35.264 34.318 33.407 32.067 30.592 29.189 27.652 26.228 24.910 23.260 21.725 20.036 18.357 16.388 14.343 12.394 10.591 8.937 7.410 5.987 4.670 3.476 2.470 1.710 1.216 0.948 0.829
0.261 0.197 0.168 0.160 0.162 0.186 0.319 0.909 2.506 5.213 8.589 11.967 15.032 18.043 20.883 23.592 26.088 28.285 30.108 31.945 33.279 34.463 35.201 35.550 35.937 36.023 35.965 36.291 36.613 36.775 37.261 37.488 37.563 37.526 37.572 37.421 37.386 37.518 37.291 37.179 37.309 36.997 36.684 36.407 35.795 35.340 35.193 34.647 34.141 33.645 32.682 31.550 30.331 28.847 27.276 25.760 24.188 22.653 21.239 19.711 18.178 16.519 14.844 12.996 11.195 9.545 8.040 6.687 5.444 4.304 3.269 2.379 1.687 1.217 0.943 0.820 0.795
0.360 0.267 0.211 0.184 0.177 0.195 0.351 1.082 2.974 6.025 9.720 13.414 16.763 19.840 22.656 25.223 27.470 29.534 31.021 32.678 33.894 35.149 35.968 36.309 36.686 36.687 36.566 36.808 36.794 36.695 37.030 37.094 36.986 36.969 36.620 36.290 36.254 36.418 36.216 36.094 36.231 35.902 35.572 35.219 34.472 33.830 33.471 32.737 32.034 31.298 30.139 28.751 27.244 25.546 23.910 22.221 20.680 19.185 17.738 16.333 14.847 13.320 11.717 10.091 8.577 7.232 6.032 4.949 3.961 3.075 2.302 1.665 1.191 0.886 0.731 0.688 0.744
0.428 0.319 0.241 0.196 0.181 0.195 0.356 1.188 3.424 7.039 11.300 15.297 18.794 21.694 24.210 26.460 28.348 30.265 31.712 33.210 34.308 35.620 36.557 36.918 37.288 37.307 37.097 37.126 36.948 36.732 36.948 36.864 36.511 36.263 35.693 35.161 35.066 34.989 34.728 34.577 34.589 34.346 34.119 33.662 32.845 32.127 31.600 30.828 30.132 29.012 27.709 26.005 24.235 22.291 20.471 18.777 17.273 15.794 14.391 13.058 11.709 10.346 8.942 7.594 6.412 5.388 4.477 3.648 2.893 2.213 1.629 1.163 0.832 0.641 0.574 0.604 0.761
0.450 0.337 0.250 0.198 0.180 0.192 0.349 1.200 3.605 7.632 12.477 16.806 20.401 23.222 25.470 27.396 28.995 30.535 31.840 33.079 34.037 35.320 36.363 36.879 37.318 37.299 37.113 37.294 37.185 36.829 36.709 36.306 35.647 35.111 34.372 33.680 33.525 33.389 33.119 32.983 32.857 32.716 32.550 32.188 31.364 30.547 29.891 28.829 28.044 26.700 25.214 23.204 21.078 19.008 17.091 15.417 13.893 12.518 11.179 9.919 8.727 7.569 6.450 5.461 4.642 3.950 3.318 2.709 2.122 1.592 1.146 0.803 0.587 0.494 0.492 0.595 0.881
