RESULTS/r.avaflow_results/14_results/14_ascii/14_hflow10005.asc
ncols 506
nrows 317
xllcenter 498237.50
yllcenter 5580050.00
cellsize 12.50
NODATA_value -9999.000
[rows 238 to 271 of 317, columns 77 to 153 of 506]
41.911 41.868 42.330 42.722 43.290 43.967 44.248 43.869 43.550 42.572 41.082 39.594 37.855 36.091 34.199 32.236 30.544 28.824 26.666 24.846 24.051 24.013 24.069 24.134 23.968 23.252 22.241 21.086 19.661 18.048 16.204 14.447 13.093 12.206 11.849 11.895 12.442 13.502 14.330 14.636 14.486 13.530 11.574 8.674 5.624 3.952 3.543 3.826 5.538 9.614 13.255 13.939 11.736 8.303 6.801 5.825 4.767 3.602 2.435 1.442 0.746 0.338 0.136 0.049 0.016 0.005 0.002 0.001 0.001 0.001 0.001 0.001 0.001 0.001 0.000 0.001 0.001
41.368 41.057 41.219 41.464 42.007 42.731 43.079 42.817 42.490 41.247 39.409 37.524 35.589 33.634 31.792 29.899 28.216 26.110 23.884 22.414 21.899 22.064 22.431 23.137 23.598 23.590 23.141 22.384 21.117 19.579 17.735 15.783 14.299 13.433 13.149 13.302 14.198 15.367 15.836 15.774 15.112 13.552 11.161 7.720 4.853 3.528 3.177 3.364 4.503 7.739 12.632 15.046 14.433 10.914 7.928 6.132 4.578 3.135 1.904 1.011 0.469 0.189 0.066 0.021 0.006 0.002 0.001 0.001 0.001 0.001 0.001 0.001 0.001 0.000 0.000 0.001 0.001
40.471 39.984 39.768 39.761 40.142 40.902 41.299 41.032 40.783 39.571 37.597 35.370 33.376 31.300 29.472 27.537 25.460 22.990 21.088 20.188 19.963 20.240 20.869 21.908 23.062 23.782 23.917 23.780 23.136 22.032 20.388 18.130 16.224 15.144 14.807 15.009 15.978 16.870 17.049 16.569 15.316 13.182 10.146 6.599 4.367 3.382 3.100 3.225 4.027 6.312 11.143 15.160 15.735 13.183 8.819 6.041 4.047 2.509 1.399 0.681 0.286 0.102 0.031 0.008 0.002 0.001 0.001 0.001 0.001 0.001 0.001 0.001 0.000 0.000 0.000 0.001 0.001
39.318 38.756 38.290 38.127 38.217 38.592 38.680 38.318 37.985 36.615 34.511 32.346 30.481 28.703 26.805 24.579 22.087 19.750 18.449 18.096 18.165 18.629 19.548 20.944 22.498 23.635 24.162 24.373 24.299 23.870 23.028 21.213 18.986 17.363 16.652 16.631 17.343 17.845 17.689 16.763 15.076 12.396 8.762 5.784 4.175 3.397 3.163 3.266 3.911 5.571 9.320 14.135 15.891 14.438 9.801 5.837 3.489 1.988 1.024 0.453 0.169 0.053 0.014 0.003 0.001 0.001 0.001 0.001 0.000 0.000 0.000 0.000 0.000 0.000 0.001 0.001 0.001
37.283 36.731 36.350 36.094 35.858 35.887 35.711 35.183 34.568 33.034 30.833 28.891 27.221 25.532 23.101 20.214 17.884 16.656 16.349 16.478 16.784 17.464 18.760 20.606 22.193 23.449 24.084 24.420 24.533 24.451 24.103 23.090 21.265 19.266 18.044 17.783 18.092 18.138 17.590 16.242 14.144 10.946 7.536 5.433 4.221 3.614 3.465 3.561 4.090 5.343 7.993 12.452 15.165 14.803 10.739 5.745 3.104 1.617 0.750 0.294 0.096 0.026 0.005 0.001 0.001 0.001 0.001 0.001 0.000 0.000 0.000 0.001 0.000 0.000 0.001 0.001 0.001
34.783 34.350 33.993 33.628 33.241 33.012 32.487 31.612 30.619 28.803 26.286 24.194 22.478 20.219 17.174 14.703 13.847 14.291 14.858 15.408 16.048 17.065 18.627 20.580 22.056 23.219 23.774 24.120 24.186 24.229 23.992 23.529 22.417 20.707 19.151 18.578 18.388 17.940 16.770 14.885 12.306 9.214 6.843 5.385 4.505 4.148 4.108 4.233 4.642 5.511 7.232 10.589 13.753 14.244 11.037 5.655 2.801 1.314 0.537 0.183 0.051 0.011 0.002 0.001 0.001 0.001 0.001 0.001 0.001 0.000 0.000 0.000 0.000 0.000 0.001 0.001 0.001
32.041 31.746 31.406 30.965 30.498 30.040 29.152 27.960 26.341 23.867 20.759 17.361 14.015 10.948 9.341 9.693 11.003 12.481 13.673 14.736 15.835 17.156 18.849 20.604 21.835 22.617 22.968 22.984 22.920 23.022 23.066 23.022 22.485 21.473 20.062 19.199 18.510 17.351 15.412 13.132 10.658 8.345 6.678 5.584 5.013 4.836 4.831 4.933 5.239 5.799 6.843 9.073 11.998 12.876 10.806 5.797 2.535 1.030 0.362 0.104 0.023 0.004 0.001 0.001 0.001 0.001 0.001 0.001 0.001 0.000 0.000 0.000 0.000 0.001 0.001 0.001 0.001
28.890 28.656 28.406 27.932 27.265 26.483 25.182 23.470 21.217 18.023 13.269 8.494 5.350 4.221 4.808 6.635 8.914 10.815 12.510 14.113 15.678 17.356 19.077 20.472 21.279 21.544 21.458 21.107 20.966 21.073 21.427 21.936 22.046 21.658 20.662 19.628 18.387 16.493 14.188 11.973 9.900 8.184 6.864 6.011 5.612 5.471 5.425 5.444 5.584 5.907 6.500 7.862 10.232 11.403 10.348 5.955 2.219 0.749 0.215 0.048 0.008 0.001 0.001 0.001 0.001 0.001 0.001 0.001 0.001 0.001 0.000 0.000 0.000 0.000 0.000 0.001 0.001
25.549 25.306 25.046 24.516 23.694 22.568 20.920 18.749 15.536 10.843 5.950 3.010 2.054 2.221 3.054 4.620 6.733 8.870 10.944 13.105 15.252 17.233 18.873 19.875 20.212 20.078 19.513 19.105 19.063 19.255 19.739 20.754 21.414 21.482 20.939 19.815 18.005 15.553 13.257 11.357 9.766 8.502 7.464 6.760 6.394 6.187 6.036 5.911 5.790 5.724 5.878 6.514 8.110 9.303 8.893 5.456 1.754 0.458 0.094 0.016 0.003 0.001 0.001 0.001 0.001 0.001 0.001 0.001 0.001 0.001 0.000 0.000 0.000 0.000 0.000 0.001 0.001
22.010 21.844 21.493 20.794 19.689 18.100 15.998 13.056 8.972 4.763 2.119 1.263 1.321 1.740 2.419 3.255 4.413 6.110 8.316 10.900 13.668 15.964 17.552 18.288 18.415 18.115 17.475 17.205 17.276 17.604 18.402 20.012 21.049 21.229 20.775 19.486 17.285 14.662 12.676 11.252 10.284 9.539 8.776 8.114 7.630 7.220 6.823 6.388 5.864 5.183 4.606 4.414 4.921 5.527 5.397 3.563 1.029 0.173 0.024 0.003 0.001 0.001 0.001 0.001 0.001 0.001 0.001 0.001 0.001 0.001 0.000 0.000 0.000 0.000 0.001 0.001 0.001
18.295 18.194 17.853 17.081 15.697 13.601 10.879 7.497 4.103 1.821 0.954 0.904 1.127 1.613 2.145 2.542 2.907 3.482 4.681 6.879 9.922 12.689 14.491 15.404 15.604 15.316 14.946 14.984 15.371 16.082 17.382 19.602 20.861 21.036 20.536 19.087 16.682 14.116 12.396 11.433 10.991 10.631 10.183 9.626 9.013 8.365 7.645 6.800 5.764 4.451 3.203 2.404 2.120 2.111 2.005 1.352 0.320 0.032 0.003 0.001 0.001 0.001 0.001 0.001 0.001 0.001 0.000 0.000 0.000 0.000 0.000 0.000 0.000 0.000 0.001 0.001 0.001
14.573 14.542 14.293 13.596 12.194 9.896 6.842 3.854 1.818 0.873 0.688 0.762 1.032 1.498 1.939 2.172 2.259 2.290 2.416 3.019 4.516 6.789 8.856 10.007 10.197 10.031 10.319 11.386 12.897 14.562 16.585 19.137 20.450 20.579 20.107 18.666 16.274 13.788 12.197 11.420 11.118 10.937 10.716 10.331 9.773 9.058 8.150 7.033 5.630 3.893 2.364 1.352 0.860 0.682 0.575 0.346 0.057 0.003 0.001 0.001 0.001 0.001 0.001 0.001 0.001 0.001 0.001 0.001 0.000 0.000 0.000 0.000 0.000 0.001 0.001 0.001 0.002
10.946 10.977 10.808 10.274 9.082 6.959 4.161 2.057 0.928 0.561 0.552 0.676 0.936 1.338 1.736 1.940 1.974 1.898 1.675 1.533 1.743 2.402 3.326 4.018 4.376 4.766 5.836 7.920 10.498 13.098 15.807 18.458 19.806 19.987 19.667 18.402 16.123 13.731 12.116 11.245 10.861 10.693 10.558 10.334 9.929 9.279 8.349 7.108 5.442 3.359 1.728 0.766 0.339 0.197 0.131 0.058 0.006 0.001 0.001 0.001 0.001 0.001 0.001 0.001 0.001 0.000 0.000 0.001 0.000 0.000 0.000 0.001 0.001 0.001 0.001 0.001 0.002
7.226 7.576 7.519 7.174 6.290 4.586 2.449 1.086 0.486 0.365 0.425 0.597 0.860 1.223 1.588 1.785 1.817 1.742 1.480 1.204 1.143 1.250 1.536 1.916 2.327 2.902 4.060 6.141 8.843 11.758 14.730 17.351 18.767 19.205 19.040 18.187 16.281 14.055 12.342 11.088 10.209 9.750 9.611 9.590 9.448 9.005 8.177 6.881 4.966 2.696 1.151 0.393 0.125 0.052 0.027 0.009 0.003 0.001 0.001 0.001 0.001 0.001 0.001 0.001 0.001 0.001 0.001 0.001 0.000 0.000 0.000 0.001 0.001 0.001 0.001 0.001 0.002
3.546 4.423 4.599 4.438 3.862 2.659 1.267 0.495 0.227 0.205 0.298 0.502 0.781 1.139 1.475 1.659 1.693 1.637 1.425 1.139 1.022 1.019 1.091 1.272 1.585 2.138 3.207 5.067 7.651 10.621 13.575 16.102 17.599 18.334 18.395 18.092 16.918 15.178 13.237 11.352 9.497 8.214 7.718 7.704 7.743 7.591 7.033 5.840 3.850 1.773 0.607 0.162 0.041 0.017 0.010 0.006 0.003 0.002 0.001 0.001 0.001 0.001 0.001 0.001 0.001 0.001 0.001 0.001 0.000 0.000 0.000 0.001 0.001 0.001 0.001 0.001 0.002
1.030 1.834 2.182 2.187 1.911 1.238 0.520 0.180 0.089 0.094 0.175 0.366 0.660 1.040 1.360 1.528 1.565 1.530 1.379 1.130 0.965 0.899 0.898 0.971 1.197 1.714 2.732 4.443 6.904 9.857 12.682 15.065 16.605 17.548 17.918 17.995 17.529 16.488 14.460 11.825 8.789 6.397 5.035 4.565 4.491 4.474 4.271 3.520 2.056 0.789 0.230 0.052 0.016 0.011 0.008 0.006 0.004 0.002 0.001 0.001 0.001 0.001 0.001 0.001 0.001 0.001 0.001 0.001 0.000 0.000 0.000 0.001 0.001 0.001 0.001 0.001 0.002
0.123 0.434 0.676 0.744 0.675 0.423 0.159 0.052 0.029 0.035 0.080 0.209 0.469 0.856 1.195 1.379 1.434 1.420 1.322 1.128 0.921 0.785 0.741 0.765 0.932 1.407 2.402 4.095 6.566 9.591 12.236 14.441 16.032 17.188 17.786 17.985 17.800 16.974 14.958 11.936 8.201 5.231 3.485 2.707 2.346 2.073 1.802 1.397 0.746 0.263 0.068 0.020 0.013 0.010 0.008 0.006 0.004 0.003 0.002 0.001 0.001 0.001 0.001 0.001 0.001 0.001 0.001 0.001 0.000 0.000 0.000 0.001 0.001 0.001 0.001 0.001 0.001
0.006 0.047 0.118 0.155 0.155 0.106 0.039 0.013 0.008 0.011 0.029 0.089 0.244 0.552 0.929 1.182 1.286 1.297 1.245 1.104 0.878 0.675 0.586 0.584 0.707 1.131 2.099 3.839 6.440 9.682 12.341 14.474 16.077 17.308 18.013 18.211 17.966 16.952 14.921 11.613 7.557 4.494 2.770 1.997 1.567 1.202 0.863 0.540 0.248 0.086 0.029 0.016 0.013 0.011 0.008 0.006 0.004 0.003 0.002 0.001 0.001 0.001 0.001 0.001 0.001 0.001 0.001 0.001 0.001 0.001 0.000 0.001 0.001 0.001 0.001 0.001 0.001
0.001 0.002 0.013 0.023 0.027 0.022 0.009 0.003 0.002 0.002 0.008 0.028 0.092 0.249 0.549 0.878 1.064 1.119 1.107 1.016 0.812 0.565 0.432 0.407 0.488 0.856 1.782 3.552 6.295 9.860 12.878 15.073 16.658 17.812 18.422 18.496 18.077 16.770 14.492 10.942 6.959 4.072 2.451 1.703 1.245 0.854 0.521 0.267 0.117 0.048 0.026 0.018 0.014 0.012 0.009 0.007 0.005 0.003 0.002 0.001 0.001 0.001 0.001 0.001 0.001 0.001 0.001 0.001 0.001 0.001 0.001 0.001 0.001 0.001 0.001 0.001 0.001
0.001 0.001 0.001 0.003 0.004 0.004 0.002 0.001 0.001 0.001 0.002 0.006 0.025 0.087 0.237 0.504 0.744 0.858 0.877 0.835 0.688 0.446 0.288 0.246 0.287 0.572 1.397 3.106 5.896 9.663 13.233 15.769 17.399 18.288 18.607 18.567 17.963 16.356 13.803 10.382 6.716 3.953 2.358 1.575 1.071 0.671 0.370 0.178 0.081 0.042 0.028 0.022 0.017 0.014 0.012 0.010 0.007 0.005 0.003 0.002 0.001 0.001 0.001 0.001 0.001 0.001 0.001 0.001 0.001 0.001 0.001 0.001 0.001 0.001 0.001 0.001 0.001
0.001 0.001 0.001 0.001 0.001 0.001 0.001 0.001 0.001 0.001 0.001 0.001 0.005 0.024 0.086 0.233 0.433 0.545 0.578 0.569 0.483 0.294 0.160 0.125 0.142 0.296 0.879 2.315 4.907 8.702 12.916 15.888 17.672 18.451 18.611 18.448 17.563 15.780 13.294 10.193 6.702 3.977 2.363 1.507 0.945 0.540 0.275 0.129 0.065 0.042 0.032 0.027 0.022 0.019 0.016 0.014 0.011 0.008 0.005 0.003 0.002 0.001 0.001 0.001 0.001 0.001 0.001 0.001 0.001 0.001 0.001 0.001 0.001 0.001 0.001 0.001 0.001
0.001 0.001 0.001 0.000 0.000 0.000 0.000 0.000 0.000 0.000 0.000 0.001 0.001 0.005 0.027 0.094 0.219 0.296 0.314 0.304 0.249 0.137 0.071 0.056 0.064 0.130 0.410 1.264 3.218 6.646 11.359 15.300 17.547 18.400 18.529 18.197 17.148 15.411 13.116 10.260 6.894 4.156 2.448 1.461 0.831 0.428 0.201 0.095 0.055 0.042 0.037 0.032 0.029 0.027 0.025 0.023 0.020 0.014 0.009 0.005 0.003 0.002 0.001 0.001 0.001 0.001 0.001 0.001 0.001 0.001 0.001 0.001 0.001 0.001 0.001 0.001 0.001
0.001 0.001 0.001 0.000 0.000 0.000 0.000 0.000 0.000 0.000 0.000 0.000 0.001 0.001 0.007 0.033 0.097 0.142 0.150 0.142 0.107 0.052 0.029 0.025 0.031 0.063 0.186 0.595 1.706 4.114 8.405 13.507 16.758 18.076 18.271 17.881 16.819 15.161 13.015 10.398 7.281 4.476 2.567 1.411 0.718 0.328 0.143 0.073 0.051 0.044 0.042 0.042 0.043 0.044 0.043 0.042 0.036 0.024 0.014 0.008 0.005 0.003 0.002 0.001 0.001 0.001 0.001 0.001 0.001 0.001 0.001 0.001 0.001 0.001 0.001 0.001 0.001
0.001 0.001 0.001 0.000 0.000 0.000 0.000 0.000 0.000 0.000 0.000 0.000 0.000 0.000 0.001 0.010 0.037 0.061 0.065 0.060 0.041 0.019 0.013 0.013 0.018 0.040 0.109 0.327 0.954 2.525 5.775 11.006 15.334 17.327 17.652 17.314 16.360 14.834 12.807 10.349 7.450 4.629 2.589 1.323 0.596 0.238 0.101 0.063 0.053 0.052 0.057 0.065 0.072 0.076 0.078 0.071 0.053 0.032 0.018 0.010 0.006 0.004 0.003 0.002 0.001 0.001 0.001 0.001 0.001 0.001 0.001 0.001 0.001 0.001 0.001 0.001 0.001
0.001 0.001 0.001 0.001 0.000 0.000 0.000 0.000 0.000 0.000 0.000 0.000 0.000 0.000 0.001 0.003 0.012 0.023 0.026 0.024 0.016 0.009 0.007 0.008 0.012 0.028 0.078 0.229 0.658 1.787 4.384 9.136 13.781 16.103 16.631 16.433 15.627 14.212 12.305 10.040 7.385 4.609 2.482 1.147 0.448 0.160 0.079 0.065 0.065 0.075 0.093 0.110 0.121 0.125 0.115 0.090 0.058 0.034 0.020 0.012 0.007 0.005 0.003 0.002 0.002 0.001 0.001 0.001 0.001 0.001 0.001 0.001 0.001 0.001 0.001 0.001 0.001
0.001 0.001 0.001 0.001 0.001 0.000 0.000 0.000 0.000 0.000 0.000 0.000 0.000 0.000 0.001 0.001 0.004 0.008 0.009 0.008 0.006 0.005 0.005 0.006 0.009 0.019 0.056 0.175 0.531 1.493 3.823 8.288 12.777 14.966 15.459 15.328 14.616 13.242 11.422 9.346 6.902 4.201 2.089 0.827 0.275 0.111 0.081 0.081 0.097 0.125 0.153 0.171 0.174 0.160 0.132 0.093 0.059 0.036 0.022 0.013 0.009 0.006 0.004 0.003 0.002 0.002 0.001 0.001 0.001 0.001 0.001 0.001 0.001 0.001 0.001 0.001 0.001
0.000 0.001 0.001 0.001 0.001 0.001 0.000 0.000 0.000 0.000 0.000 0.000 0.000 0.000 0.000 0.001 0.001 0.002 0.002 0.003 0.003 0.004 0.005 0.006 0.007 0.012 0.036 0.128 0.432 1.318 3.572 7.964 12.187 14.046 14.329 14.043 13.217 11.849 10.090 8.063 5.610 3.038 1.240 0.401 0.154 0.107 0.108 0.131 0.168 0.204 0.222 0.219 0.202 0.171 0.132 0.090 0.057 0.037 0.024 0.016 0.011 0.007 0.006 0.004 0.003 0.002 0.001 0.001 0.001 0.001 0.001 0.001 0.001 0.001 0.001 0.001 0.001
0.000 0.000 0.001 0.001 0.001 0.001 0.001 0.000 0.000 0.000 0.000 0.000 0.000 0.000 0.000 0.000 0.001 0.001 0.001 0.001 0.002 0.003 0.005 0.006 0.007 0.008 0.018 0.076 0.313 1.091 3.212 7.471 11.394 12.872 12.877 12.215 11.064 9.631 7.953 5.866 3.398 1.422 0.459 0.182 0.135 0.142 0.181 0.230 0.265 0.277 0.267 0.241 0.206 0.167 0.123 0.082 0.053 0.036 0.025 0.018 0.013 0.010 0.008 0.006 0.005 0.003 0.002 0.001 0.001 0.001 0.001 0.001 0.001 0.001 0.001 0.001 0.001
0.000 0.000 0.000 0.001 0.001 0.001 0.001 0.000 0.000 0.000 0.000 0.000 0.000 0.000 0.000 0.000 0.001 0.001 0.001 0.001 0.001 0.003 0.005 0.006 0.007 0.007 0.009 0.027 0.137 0.620 2.243 5.933 9.488 10.638 10.406 9.389 7.891 6.339 4.739 2.960 1.356 0.472 0.194 0.155 0.171 0.228 0.290 0.322 0.328 0.313 0.281 0.240 0.194 0.146 0.102 0.069 0.047 0.034 0.026 0.020 0.016 0.013 0.011 0.009 0.007 0.005 0.003 0.002 0.002 0.001 0.001 0.001 0.001 0.001 0.001 0.001 0.001
0.000 0.000 0.000 0.000 0.001 0.001 0.001 0.001 0.000 0.000 0.000 0.000 0.000 0.000 0.000 0.000 0.000 0.000 0.001 0.001 0.001 0.002 0.004 0.007 0.007 0.007 0.007 0.009 0.031 0.155 0.777 2.932 5.716 6.695 6.421 5.356 4.002 2.877 1.884 1.006 0.425 0.202 0.171 0.190 0.255 0.328 0.362 0.367 0.351 0.318 0.271 0.215 0.158 0.108 0.072 0.050 0.039 0.031 0.025 0.021 0.017 0.015 0.013 0.012 0.010 0.008 0.006 0.004 0.003 0.002 0.002 0.001 0.001 0.001 0.001 0.001 0.001
0.000 0.000 0.000 0.000 0.000 0.001 0.001 0.001 0.001 0.000 0.000 0.000 0.000 0.000 0.000 0.000 0.000 0.000 0.000 0.000 0.001 0.002 0.004 0.007 0.008 0.007 0.007 0.007 0.009 0.025 0.131 0.739 1.969 2.519 2.467 2.045 1.458 0.970 0.583 0.330 0.216 0.191 0.203 0.264 0.343 0.382 0.388 0.377 0.348 0.298 0.230 0.162 0.108 0.070 0.046 0.033 0.028 0.025 0.022 0.020 0.017 0.016 0.015 0.014 0.013 0.012 0.010 0.008 0.006 0.004 0.003 0.003 0.002 0.002 0.001 0.001 0.001
0.000 0.000 0.000 0.000 0.000 0.000 0.001 0.001 0.001 0.001 0.000 0.000 0.000 0.000 0.000 0.000 0.000 0.000 0.000 0.000 0.001 0.001 0.003 0.007 0.009 0.009 0.008 0.007 0.007 0.008 0.017 0.100 0.408 0.598 0.636 0.583 0.451 0.328 0.255 0.225 0.219 0.231 0.275 0.344 0.386 0.395 0.388 0.364 0.319 0.252 0.179 0.121 0.079 0.049 0.032 0.023 0.019 0.018 0.018 0.018 0.017 0.016 0.015 0.015 0.015 0.015 0.014 0.013 0.011 0.009 0.008 0.007 0.006 0.005 0.004 0.003 0.003
0.000 0.000 0.000 0.000 0.000 0.000 0.000 0.001 0.001 0.001 0.001 0.001 0.000 0.000 0.000 0.000 0.000 0.000 0.000 0.000 0.000 0.001 0.003 0.007 0.010 0.012 0.011 0.010 0.009 0.008 0.008 0.013 0.058 0.106 0.134 0.156 0.174 0.201 0.228 0.249 0.279 0.318 0.362 0.390 0.394 0.384 0.363 0.326 0.273 0.212 0.156 0.108 0.069 0.042 0.026 0.018 0.015 0.013 0.013 0.014 0.014 0.015 0.014 0.015 0.015 0.015 0.015 0.014 0.014 0.013 0.012 0.011 0.010 0.009 0.008 0.007 0.006
0.000 0.000 0.000 0.000 0.000 0.000 0.000 0.000 0.000 0.001 0.000 0.001 0.001 0.001 0.000 0.000 0.000 0.000 0.000 0.000 0.000 0.001 0.003 0.008 0.014 0.018 0.019 0.018 0.017 0.013 0.010 0.009 0.013 0.024 0.040 0.072 0.129 0.204 0.274 0.332 0.377 0.404 0.413 0.401 0.374 0.343 0.312 0.275 0.233 0.191 0.150 0.108 0.069 0.042 0.026 0.017 0.013 0.011 0.011 0.011 0.011 0.012 0.013 0.014 0.015 0.015 0.015 0.015 0.014 0.014 0.013 0.012 0.012 0.011 0.010 0.010 0.009
