RESULTS/r.avaflow_results/14_results/14_ascii/14_hflow_max0035.asc
ncols 506
nrows 317
xllcenter 498237.50
yllcenter 5580050.00
cellsize 12.50
NODATA_value -9999.000
[rows 272 to 305 of 317, columns 152 to 227 of 506]
0.012 0.011 0.011 0.010 0.010 0.009 0.008 0.008 0.007 0.006 0.005 0.004 0.004 0.003 0.002 0.002 0.002 0.002 0.002 0.002 0.002 0.002 0.002 0.002 0.002 0.001 0.002 0.001 0.002 0.002 0.002 0.002 0.002 0.002 0.002 0.002 0.002 0.002 0.002 0.002 0.002 0.002 0.002 0.002 0.001 0.001 0.002 0.002 0.003 0.005 0.007 0.011 0.014 0.016 0.017 0.016 0.014 0.010 0.005 0.002 0.001 0.000 0.000 0.000 0.000 0.000 0.000 0.000 0.000 0.000 0.000 0.000 0.000 0.000 0.000 0.000
0.011 0.011 0.010 0.010 0.010 0.009 0.009 0.009 0.008 0.007 0.007 0.006 0.005 0.005 0.004 0.003 0.003 0.002 0.002 0.002 0.002 0.002 0.002 0.002 0.002 0.002 0.002 0.002 0.002 0.003 0.003 0.004 0.004 0.004 0.004 0.004 0.004 0.004 0.004 0.004 0.004 0.004 0.004 0.003 0.003 0.002 0.001 0.001 0.001 0.002 0.003 0.004 0.006 0.007 0.007 0.007 0.006 0.004 0.002 0.001 0.000 0.000 0.000 0.000 0.000 0.000 0.000 0.000 0.000 0.000 0.000 0.000 0.000 0.000 0.000 0.000
0.008 0.008 0.009 0.009 0.009 0.009 0.009 0.009 0.008 0.008 0.007 0.007 0.007 0.006 0.006 0.005 0.004 0.004 0.003 0.002 0.002 0.002 0.002 0.002 0.002 0.002 0.002 0.003 0.004 0.005 0.006 0.006 0.007 0.007 0.007 0.007 0.007 0.007 0.007 0.007 0.007 0.006 0.006 0.005 0.004 0.003 0.002 0.001 0.001 0.000 0.001 0.001 0.002 0.002 0.003 0.003 0.002 0.001 0.001 0.000 0.000 0.000 0.000 0.000 0.000 0.000 0.000 0.000 0.000 0.000 0.000 0.000 0.000 0.000 0.000 0.000
0.005 0.006 0.006 0.007 0.007 0.008 0.008 0.008 0.008 0.008 0.008 0.007 0.007 0.007 0.007 0.007 0.006 0.006 0.005 0.004 0.003 0.003 0.002 0.002 0.002 0.003 0.004 0.005 0.006 0.007 0.009 0.009 0.010 0.010 0.011 0.011 0.011 0.011 0.011 0.010 0.010 0.009 0.009 0.008 0.006 0.005 0.003 0.002 0.001 0.001 0.000 0.000 0.001 0.001 0.001 0.001 0.001 0.000 0.000 0.000 0.000 0.000 0.000 0.000 0.000 0.000 0.000 0.000 0.000 0.000 0.000 0.000 0.000 0.000 0.000 0.000
0.004 0.004 0.004 0.004 0.005 0.006 0.006 0.007 0.007 0.007 0.007 0.007 0.007 0.007 0.007 0.008 0.007 0.007 0.006 0.006 0.005 0.005 0.004 0.003 0.003 0.004 0.005 0.007 0.009 0.011 0.012 0.013 0.014 0.015 0.015 0.015 0.015 0.015 0.015 0.015 0.014 0.013 0.012 0.011 0.009 0.007 0.005 0.003 0.002 0.001 0.000 0.000 0.000 0.000 0.000 0.000 0.000 0.000 0.000 0.000 0.000 0.000 0.000 0.000 0.000 0.000 0.000 0.000 0.000 0.000 0.000 0.000 0.000 0.000 0.000 0.000
0.004 0.003 0.003 0.003 0.003 0.004 0.004 0.005 0.005 0.006 0.006 0.007 0.007 0.007 0.007 0.008 0.008 0.007 0.007 0.007 0.007 0.007 0.006 0.006 0.005 0.006 0.008 0.010 0.012 0.015 0.017 0.018 0.019 0.020 0.020 0.021 0.021 0.021 0.020 0.020 0.019 0.018 0.016 0.014 0.012 0.009 0.007 0.005 0.003 0.002 0.001 0.000 0.000 0.000 0.000 0.000 0.000 0.000 0.000 0.000 0.000 0.000 0.000 0.000 0.000 0.000 0.000 0.000 0.000 0.000 0.000 0.000 0.000 0.000 0.000 0.000
0.004 0.003 0.003 0.003 0.003 0.003 0.003 0.003 0.003 0.004 0.005 0.005 0.006 0.007 0.007 0.008 0.008 0.008 0.007 0.008 0.008 0.008 0.008 0.008 0.007 0.008 0.011 0.013 0.016 0.019 0.022 0.024 0.026 0.026 0.027 0.027 0.027 0.027 0.027 0.026 0.025 0.024 0.023 0.022 0.018 0.013 0.009 0.006 0.004 0.002 0.001 0.000 0.000 0.000 0.000 0.000 0.000 0.000 0.000 0.000 0.000 0.000 0.000 0.000 0.000 0.000 0.000 0.000 0.000 0.000 0.000 0.000 0.000 0.000 0.000 0.000
0.005 0.004 0.003 0.003 0.002 0.002 0.002 0.002 0.002 0.003 0.003 0.004 0.004 0.005 0.006 0.007 0.007 0.007 0.007 0.008 0.008 0.008 0.008 0.008 0.009 0.011 0.014 0.017 0.021 0.025 0.029 0.031 0.033 0.034 0.035 0.035 0.035 0.035 0.035 0.034 0.032 0.033 0.033 0.030 0.024 0.017 0.011 0.008 0.005 0.003 0.002 0.001 0.000 0.000 0.000 0.000 0.000 0.000 0.000 0.000 0.000 0.000 0.000 0.000 0.000 0.000 0.000 0.000 0.000 0.000 0.000 0.000 0.000 0.000 0.000 0.000
0.011 0.007 0.005 0.003 0.002 0.002 0.002 0.002 0.002 0.002 0.002 0.002 0.003 0.004 0.004 0.006 0.006 0.007 0.007 0.007 0.008 0.008 0.009 0.009 0.012 0.015 0.018 0.022 0.027 0.032 0.036 0.040 0.042 0.044 0.045 0.045 0.045 0.045 0.044 0.043 0.041 0.041 0.040 0.035 0.028 0.019 0.014 0.010 0.007 0.005 0.003 0.001 0.000 0.000 0.000 0.000 0.000 0.000 0.000 0.000 0.000 0.000 0.000 0.000 0.000 0.000 0.000 0.000 0.000 0.000 0.000 0.000 0.000 0.000 0.000 0.000
0.027 0.017 0.011 0.007 0.005 0.003 0.002 0.002 0.002 0.002 0.002 0.002 0.002 0.002 0.003 0.004 0.004 0.005 0.006 0.007 0.007 0.008 0.010 0.012 0.015 0.019 0.023 0.028 0.034 0.040 0.046 0.050 0.053 0.055 0.056 0.056 0.056 0.056 0.055 0.053 0.050 0.047 0.043 0.039 0.030 0.023 0.018 0.013 0.009 0.006 0.003 0.002 0.001 0.000 0.000 0.000 0.000 0.000 0.000 0.000 0.000 0.000 0.000 0.000 0.000 0.000 0.000 0.000 0.000 0.000 0.000 0.000 0.000 0.000 0.000 0.000
0.053 0.042 0.029 0.019 0.012 0.008 0.005 0.003 0.002 0.002 0.002 0.002 0.002 0.002 0.002 0.002 0.003 0.004 0.005 0.007 0.008 0.011 0.013 0.016 0.020 0.024 0.029 0.035 0.042 0.049 0.056 0.060 0.064 0.066 0.068 0.069 0.069 0.069 0.068 0.065 0.061 0.055 0.048 0.042 0.034 0.027 0.021 0.015 0.011 0.007 0.004 0.002 0.001 0.000 0.000 0.000 0.000 0.000 0.000 0.000 0.000 0.000 0.000 0.000 0.000 0.000 0.000 0.000 0.000 0.000 0.000 0.000 0.000 0.000 0.000 0.000
0.066 0.064 0.058 0.046 0.033 0.021 0.013 0.008 0.005 0.004 0.003 0.003 0.002 0.002 0.002 0.003 0.004 0.005 0.007 0.009 0.011 0.014 0.017 0.021 0.025 0.030 0.036 0.043 0.051 0.058 0.065 0.071 0.076 0.081 0.090 0.094 0.095 0.094 0.091 0.084 0.074 0.063 0.055 0.048 0.039 0.030 0.023 0.017 0.011 0.007 0.004 0.002 0.001 0.000 0.000 0.000 0.000 0.000 0.000 0.000 0.000 0.000 0.000 0.000 0.000 0.000 0.000 0.000 0.000 0.000 0.000 0.000 0.000 0.000 0.000 0.000
0.066 0.068 0.069 0.068 0.061 0.049 0.034 0.022 0.014 0.010 0.007 0.005 0.004 0.003 0.003 0.004 0.006 0.008 0.010 0.012 0.015 0.018 0.022 0.026 0.031 0.036 0.043 0.051 0.059 0.067 0.075 0.084 0.093 0.114 0.131 0.136 0.136 0.132 0.120 0.103 0.087 0.073 0.061 0.052 0.042 0.033 0.024 0.017 0.012 0.007 0.004 0.002 0.000 0.000 0.000 0.000 0.000 0.000 0.000 0.000 0.000 0.000 0.000 0.000 0.000 0.000 0.000 0.000 0.000 0.000 0.000 0.000 0.000 0.000 0.000 0.000
0.060 0.066 0.069 0.070 0.070 0.066 0.061 0.050 0.038 0.028 0.020 0.015 0.010 0.008 0.006 0.006 0.008 0.010 0.013 0.015 0.019 0.022 0.026 0.031 0.036 0.042 0.049 0.058 0.066 0.077 0.088 0.101 0.125 0.165 0.193 0.202 0.197 0.179 0.149 0.123 0.100 0.079 0.066 0.056 0.046 0.035 0.025 0.017 0.011 0.007 0.003 0.001 0.000 0.000 0.000 0.000 0.000 0.000 0.000 0.000 0.000 0.000 0.000 0.000 0.000 0.000 0.000 0.000 0.000 0.000 0.000 0.000 0.000 0.000 0.000 0.000
0.037 0.048 0.059 0.066 0.069 0.069 0.067 0.067 0.065 0.059 0.049 0.038 0.027 0.020 0.015 0.012 0.010 0.012 0.015 0.018 0.022 0.025 0.030 0.035 0.040 0.047 0.055 0.065 0.076 0.089 0.103 0.121 0.161 0.208 0.247 0.263 0.256 0.222 0.182 0.140 0.107 0.084 0.070 0.060 0.048 0.036 0.026 0.017 0.010 0.005 0.002 0.001 0.000 0.000 0.000 0.000 0.000 0.000 0.000 0.000 0.000 0.000 0.000 0.000 0.000 0.000 0.000 0.000 0.000 0.000 0.000 0.000 0.000 0.000 0.000 0.000
0.017 0.022 0.030 0.042 0.054 0.062 0.065 0.068 0.071 0.073 0.072 0.067 0.059 0.048 0.038 0.029 0.023 0.018 0.017 0.020 0.024 0.028 0.032 0.038 0.044 0.052 0.061 0.073 0.087 0.102 0.120 0.144 0.187 0.235 0.277 0.295 0.288 0.260 0.206 0.148 0.110 0.086 0.072 0.062 0.050 0.038 0.026 0.016 0.009 0.004 0.001 0.000 0.000 0.000 0.000 0.000 0.000 0.000 0.000 0.000 0.000 0.000 0.000 0.000 0.000 0.000 0.000 0.000 0.000 0.000 0.000 0.000 0.000 0.000 0.000 0.000
0.010 0.011 0.013 0.017 0.025 0.036 0.048 0.060 0.068 0.072 0.075 0.076 0.076 0.073 0.068 0.061 0.052 0.043 0.035 0.029 0.027 0.031 0.036 0.041 0.048 0.057 0.069 0.083 0.100 0.118 0.138 0.167 0.206 0.250 0.290 0.306 0.303 0.279 0.217 0.151 0.111 0.087 0.074 0.063 0.052 0.039 0.025 0.014 0.007 0.003 0.001 0.000 0.000 0.000 0.000 0.000 0.000 0.000 0.000 0.000 0.000 0.000 0.000 0.000 0.000 0.000 0.000 0.000 0.000 0.000 0.000 0.000 0.000 0.000 0.000 0.000
0.006 0.007 0.008 0.009 0.010 0.014 0.021 0.034 0.050 0.062 0.070 0.075 0.077 0.078 0.079 0.078 0.076 0.072 0.066 0.060 0.055 0.049 0.045 0.047 0.055 0.065 0.079 0.096 0.113 0.133 0.157 0.187 0.219 0.257 0.294 0.307 0.307 0.282 0.219 0.151 0.111 0.088 0.074 0.064 0.053 0.039 0.023 0.012 0.005 0.002 0.000 0.000 0.000 0.000 0.000 0.000 0.000 0.000 0.000 0.000 0.000 0.000 0.000 0.000 0.000 0.000 0.000 0.000 0.000 0.000 0.000 0.000 0.000 0.000 0.000 0.000
0.005 0.005 0.005 0.006 0.006 0.007 0.009 0.013 0.021 0.034 0.049 0.062 0.071 0.076 0.079 0.081 0.082 0.082 0.082 0.082 0.081 0.080 0.078 0.076 0.074 0.076 0.092 0.108 0.127 0.150 0.175 0.200 0.227 0.260 0.288 0.301 0.304 0.278 0.214 0.148 0.109 0.088 0.074 0.064 0.053 0.038 0.020 0.009 0.003 0.001 0.000 0.000 0.000 0.000 0.000 0.000 0.000 0.000 0.000 0.000 0.000 0.000 0.000 0.000 0.000 0.000 0.000 0.000 0.000 0.000 0.000 0.000 0.000 0.000 0.000 0.000
0.003 0.004 0.004 0.004 0.005 0.005 0.006 0.007 0.009 0.014 0.021 0.033 0.048 0.061 0.071 0.077 0.080 0.082 0.086 0.088 0.090 0.093 0.096 0.096 0.096 0.097 0.103 0.120 0.139 0.161 0.184 0.207 0.231 0.253 0.270 0.286 0.285 0.258 0.198 0.141 0.105 0.087 0.074 0.065 0.052 0.033 0.016 0.006 0.002 0.000 0.000 0.000 0.000 0.000 0.000 0.000 0.000 0.000 0.000 0.000 0.000 0.000 0.000 0.000 0.000 0.000 0.000 0.000 0.000 0.000 0.000 0.000 0.000 0.000 0.000 0.000
0.002 0.003 0.003 0.003 0.004 0.004 0.005 0.005 0.006 0.007 0.010 0.014 0.021 0.031 0.045 0.057 0.068 0.076 0.082 0.086 0.090 0.096 0.100 0.102 0.103 0.106 0.110 0.125 0.144 0.165 0.187 0.207 0.225 0.240 0.254 0.259 0.249 0.218 0.171 0.127 0.101 0.085 0.073 0.064 0.048 0.026 0.010 0.003 0.001 0.000 0.000 0.000 0.000 0.000 0.000 0.000 0.000 0.000 0.000 0.000 0.000 0.000 0.000 0.000 0.000 0.000 0.000 0.000 0.000 0.000 0.000 0.000 0.000 0.000 0.000 0.000
0.002 0.002 0.002 0.002 0.003 0.003 0.004 0.004 0.005 0.005 0.006 0.008 0.010 0.014 0.020 0.028 0.040 0.054 0.068 0.077 0.084 0.091 0.097 0.101 0.103 0.106 0.111 0.125 0.143 0.163 0.182 0.198 0.212 0.225 0.230 0.224 0.203 0.174 0.141 0.113 0.095 0.081 0.071 0.059 0.038 0.017 0.006 0.002 0.000 0.000 0.000 0.000 0.000 0.000 0.000 0.000 0.000 0.000 0.000 0.000 0.000 0.000 0.000 0.000 0.000 0.000 0.000 0.000 0.000 0.000 0.000 0.000 0.000 0.000 0.000 0.000
0.002 0.002 0.002 0.002 0.002 0.002 0.003 0.003 0.004 0.004 0.005 0.005 0.006 0.008 0.010 0.013 0.018 0.026 0.038 0.050 0.061 0.073 0.083 0.091 0.096 0.101 0.105 0.121 0.138 0.153 0.168 0.183 0.195 0.201 0.201 0.185 0.160 0.139 0.117 0.100 0.086 0.075 0.064 0.047 0.024 0.009 0.003 0.001 0.000 0.000 0.000 0.000 0.000 0.000 0.000 0.000 0.000 0.000 0.000 0.000 0.000 0.000 0.000 0.000 0.000 0.000 0.000 0.000 0.000 0.000 0.000 0.000 0.000 0.000 0.000 0.000
0.002 0.002 0.002 0.002 0.002 0.002 0.002 0.002 0.003 0.003 0.004 0.004 0.005 0.005 0.006 0.007 0.010 0.013 0.017 0.024 0.031 0.040 0.050 0.060 0.069 0.079 0.095 0.109 0.124 0.138 0.152 0.162 0.170 0.176 0.170 0.145 0.127 0.112 0.098 0.086 0.075 0.065 0.050 0.030 0.013 0.004 0.001 0.000 0.000 0.000 0.000 0.000 0.000 0.000 0.000 0.000 0.000 0.000 0.000 0.000 0.000 0.000 0.000 0.000 0.000 0.000 0.000 0.000 0.000 0.000 0.000 0.000 0.000 0.000 0.000 0.000
0.002 0.002 0.002 0.002 0.002 0.002 0.002 0.002 0.002 0.002 0.002 0.003 0.003 0.004 0.004 0.006 0.008 0.011 0.014 0.017 0.022 0.026 0.032 0.039 0.050 0.063 0.079 0.093 0.106 0.118 0.127 0.136 0.145 0.145 0.132 0.107 0.099 0.089 0.080 0.071 0.061 0.049 0.032 0.016 0.006 0.002 0.001 0.000 0.000 0.000 0.000 0.000 0.000 0.000 0.000 0.000 0.000 0.000 0.000 0.000 0.000 0.000 0.000 0.000 0.000 0.000 0.000 0.000 0.000 0.000 0.000 0.000 0.000 0.000 0.000 0.000
0.001 0.002 0.002 0.002 0.002 0.002 0.002 0.002 0.002 0.002 0.002 0.002 0.002 0.002 0.003 0.004 0.006 0.008 0.011 0.014 0.018 0.023 0.028 0.034 0.042 0.052 0.063 0.073 0.081 0.089 0.097 0.104 0.107 0.103 0.090 0.081 0.076 0.069 0.062 0.054 0.045 0.032 0.018 0.008 0.003 0.001 0.000 0.000 0.000 0.000 0.000 0.000 0.000 0.000 0.000 0.000 0.000 0.000 0.000 0.000 0.000 0.000 0.000 0.000 0.000 0.000 0.000 0.000 0.000 0.000 0.000 0.000 0.000 0.000 0.000 0.000
0.000 0.001 0.001 0.001 0.001 0.002 0.002 0.002 0.001 0.001 0.001 0.001 0.001 0.001 0.002 0.003 0.004 0.006 0.008 0.011 0.014 0.019 0.023 0.029 0.035 0.042 0.051 0.058 0.062 0.065 0.066 0.066 0.066 0.065 0.064 0.061 0.058 0.053 0.047 0.040 0.031 0.020 0.011 0.005 0.002 0.001 0.000 0.000 0.000 0.000 0.000 0.000 0.000 0.000 0.000 0.000 0.000 0.000 0.000 0.000 0.000 0.000 0.000 0.000 0.000 0.000 0.000 0.000 0.000 0.000 0.000 0.000 0.000 0.000 0.000 0.000
0.000 0.000 0.000 0.000 0.000 0.000 0.001 0.001 0.000 0.000 0.000 0.000 0.000 0.001 0.001 0.002 0.003 0.004 0.006 0.008 0.011 0.014 0.019 0.024 0.029 0.035 0.040 0.045 0.047 0.049 0.050 0.050 0.050 0.049 0.048 0.046 0.043 0.040 0.035 0.029 0.021 0.013 0.007 0.004 0.002 0.001 0.000 0.000 0.000 0.000 0.000 0.000 0.000 0.000 0.000 0.000 0.000 0.000 0.000 0.000 0.000 0.000 0.000 0.000 0.000 0.000 0.000 0.000 0.000 0.000 0.000 0.000 0.000 0.000 0.000 0.000
0.000 0.000 0.000 0.000 0.000 0.000 0.000 0.000 0.000 0.000 0.000 0.000 0.000 0.000 0.000 0.001 0.002 0.003 0.004 0.006 0.008 0.011 0.014 0.018 0.023 0.028 0.032 0.034 0.036 0.037 0.037 0.037 0.037 0.037 0.036 0.035 0.033 0.030 0.026 0.021 0.015 0.009 0.005 0.003 0.001 0.000 0.000 0.000 0.000 0.000 0.000 0.000 0.000 0.000 0.000 0.000 0.000 0.000 0.000 0.000 0.000 0.000 0.000 0.000 0.000 0.000 0.000 0.000 0.000 0.000 0.000 0.000 0.000 0.000 0.000 0.000
0.000 0.000 0.000 0.000 0.000 0.000 0.000 0.000 0.000 0.000 0.000 0.000 0.000 0.000 0.000 0.000 0.001 0.001 0.002 0.004 0.006 0.008 0.010 0.014 0.018 0.021 0.024 0.026 0.027 0.028 0.028 0.028 0.028 0.028 0.027 0.026 0.025 0.022 0.019 0.015 0.010 0.007 0.004 0.002 0.001 0.000 0.000 0.000 0.000 0.000 0.000 0.000 0.000 0.000 0.000 0.000 0.000 0.000 0.000 0.000 0.000 0.000 0.000 0.000 0.000 0.000 0.000 0.000 0.000 0.000 0.000 0.000 0.000 0.000 0.000 0.000
0.000 0.000 0.000 0.000 0.000 0.000 0.000 0.000 0.000 0.000 0.000 0.000 0.000 0.000 0.000 0.000 0.000 0.001 0.001 0.002 0.004 0.005 0.007 0.010 0.013 0.015 0.017 0.019 0.020 0.020 0.020 0.020 0.020 0.020 0.020 0.019 0.018 0.016 0.014 0.011 0.007 0.005 0.003 0.001 0.000 0.000 0.000 0.000 0.000 0.000 0.000 0.000 0.000 0.000 0.000 0.000 0.000 0.000 0.000 0.000 0.000 0.000 0.000 0.000 0.000 0.000 0.000 0.000 0.000 0.000 0.000 0.000 0.000 0.000 0.000 0.000
0.000 0.000 0.000 0.000 0.000 0.000 0.000 0.000 0.000 0.000 0.000 0.000 0.000 0.000 0.000 0.000 0.000 0.000 0.001 0.001 0.002 0.003 0.005 0.007 0.009 0.011 0.012 0.013 0.014 0.014 0.014 0.014 0.014 0.014 0.014 0.013 0.012 0.011 0.010 0.007 0.005 0.003 0.002 0.001 0.000 0.000 0.000 0.000 0.000 0.000 0.000 0.000 0.000 0.000 0.000 0.000 0.000 0.000 0.000 0.000 0.000 0.000 0.000 0.000 0.000 0.000 0.000 0.000 0.000 0.000 0.000 0.000 0.000 0.000 0.000 0.000
0.000 0.000 0.000 0.000 0.000 0.000 0.000 0.000 0.000 0.000 0.000 0.000 0.000 0.000 0.000 0.000 0.000 0.000 0.000 0.000 0.001 0.002 0.003 0.004 0.006 0.007 0.008 0.008 0.009 0.009 0.009 0.009 0.009 0.009 0.009 0.009 0.008 0.007 0.006 0.005 0.003 0.002 0.001 0.000 0.000 0.000 0.000 0.000 0.000 0.000 0.000 0.000 0.000 0.000 0.000 0.000 0.000 0.000 0.000 0.000 0.000 0.000 0.000 0.000 0.000 0.000 0.000 0.000 0.000 0.000 0.000 0.000 0.000 0.000 0.000 0.000
0.000 0.000 0.000 0.000 0.000 0.000 0.000 0.000 0.000 0.000 0.000 0.000 0.000 0.000 0.000 0.000 0.000 0.000 0.000 0.000 0.000 0.001 0.001 0.002 0.003 0.004 0.005 0.005 0.005 0.005 0.005 0.005 0.005 0.005 0.005 0.005 0.005 0.004 0.004 0.003 0.002 0.001 0.000 0.000 0.000 0.000 0.000 0.000 0.000 0.000 0.000 0.000 0.000 0.000 0.000 0.000 0.000 0.000 0.000 0.000 0.000 0.000 0.000 0.000 0.000 0.000 0.000 0.000 0.000 0.000 0.000 0.000 0.000 0.000 0.000 0.000
