RESULTS/r.avaflow_results/14_results/14_ascii/14_hflow0057.asc
ncols 506
nrows 317
xllcenter 498237.50
yllcenter 5580050.00
cellsize 12.50
NODATA_value -9999.000
[rows 204 to 237 of 317, columns 228 to 303 of 506]
0.000 0.000 0.000 0.001 0.001 0.001 0.002 0.003 0.004 0.005 0.006 0.008 0.009 0.011 0.013 0.016 0.018 0.019 0.019 0.019 0.019 0.017 0.016 0.016 0.016 0.016 0.017 0.017 0.017 0.017 0.017 0.017 0.018 0.018 0.018 0.018 0.018 0.019 0.019 0.020 0.020 0.021 0.021 0.021 0.022 0.022 0.024 0.025 0.026 0.026 0.027 0.028 0.029 0.030 0.032 0.035 0.038 0.041 0.045 0.051 0.059 0.063 0.063 0.061 0.054 0.046 0.041 0.038 0.036 0.035 0.035 0.036 0.038 0.042 0.047 0.054
0.000 0.000 0.000 0.000 0.000 0.001 0.001 0.002 0.002 0.003 0.004 0.005 0.006 0.008 0.010 0.011 0.012 0.013 0.013 0.013 0.013 0.013 0.013 0.013 0.013 0.013 0.014 0.014 0.015 0.015 0.015 0.016 0.016 0.016 0.016 0.016 0.017 0.017 0.018 0.018 0.019 0.019 0.019 0.019 0.020 0.021 0.022 0.023 0.024 0.025 0.026 0.027 0.028 0.029 0.032 0.035 0.037 0.040 0.042 0.047 0.052 0.056 0.056 0.054 0.049 0.043 0.039 0.036 0.035 0.035 0.035 0.037 0.040 0.045 0.052 0.063
0.000 0.000 0.000 0.000 0.000 0.000 0.000 0.001 0.001 0.002 0.003 0.003 0.004 0.006 0.007 0.008 0.009 0.009 0.010 0.010 0.010 0.010 0.010 0.010 0.010 0.011 0.011 0.012 0.012 0.013 0.013 0.014 0.014 0.015 0.015 0.015 0.016 0.016 0.016 0.017 0.017 0.018 0.018 0.019 0.019 0.020 0.021 0.023 0.024 0.025 0.026 0.027 0.028 0.030 0.033 0.035 0.038 0.040 0.042 0.045 0.050 0.053 0.053 0.051 0.047 0.041 0.038 0.036 0.035 0.035 0.036 0.039 0.043 0.050 0.063 0.088
0.000 0.000 0.000 0.000 0.000 0.000 0.000 0.000 0.000 0.001 0.001 0.002 0.003 0.004 0.005 0.005 0.006 0.007 0.007 0.007 0.008 0.008 0.008 0.008 0.008 0.009 0.009 0.010 0.010 0.011 0.012 0.012 0.013 0.014 0.014 0.014 0.015 0.015 0.016 0.016 0.017 0.017 0.018 0.018 0.019 0.020 0.021 0.023 0.024 0.025 0.026 0.028 0.030 0.032 0.035 0.038 0.040 0.042 0.043 0.045 0.049 0.052 0.052 0.050 0.046 0.041 0.038 0.037 0.036 0.036 0.038 0.042 0.049 0.062 0.088 0.139
0.000 0.000 0.000 0.000 0.000 0.000 0.000 0.000 0.000 0.000 0.000 0.001 0.001 0.002 0.003 0.003 0.004 0.004 0.005 0.005 0.005 0.006 0.006 0.006 0.007 0.007 0.008 0.008 0.009 0.010 0.010 0.011 0.012 0.013 0.013 0.014 0.014 0.015 0.015 0.016 0.016 0.017 0.017 0.018 0.019 0.020 0.021 0.023 0.024 0.026 0.028 0.031 0.034 0.038 0.042 0.044 0.045 0.045 0.045 0.046 0.049 0.052 0.052 0.050 0.046 0.041 0.039 0.038 0.038 0.039 0.041 0.047 0.059 0.083 0.128 0.204
0.000 0.000 0.000 0.000 0.000 0.000 0.000 0.000 0.000 0.000 0.000 0.000 0.000 0.001 0.001 0.002 0.002 0.003 0.003 0.003 0.004 0.004 0.004 0.005 0.005 0.006 0.006 0.007 0.008 0.008 0.009 0.010 0.011 0.012 0.012 0.013 0.014 0.014 0.015 0.015 0.016 0.017 0.017 0.018 0.019 0.020 0.021 0.023 0.025 0.028 0.032 0.037 0.043 0.048 0.052 0.053 0.052 0.049 0.048 0.048 0.050 0.052 0.052 0.050 0.046 0.042 0.040 0.040 0.041 0.043 0.048 0.058 0.076 0.108 0.162 0.244
0.000 0.000 0.000 0.000 0.000 0.000 0.000 0.000 0.000 0.000 0.000 0.000 0.000 0.000 0.001 0.001 0.001 0.002 0.002 0.002 0.002 0.003 0.003 0.004 0.004 0.004 0.005 0.006 0.006 0.007 0.008 0.009 0.010 0.011 0.012 0.013 0.014 0.014 0.015 0.015 0.016 0.016 0.017 0.018 0.019 0.020 0.021 0.023 0.026 0.031 0.038 0.048 0.056 0.062 0.063 0.061 0.055 0.051 0.049 0.049 0.051 0.052 0.052 0.051 0.047 0.044 0.044 0.044 0.046 0.050 0.059 0.072 0.093 0.126 0.179 0.255
0.000 0.000 0.000 0.000 0.000 0.000 0.000 0.000 0.000 0.000 0.000 0.000 0.000 0.000 0.000 0.000 0.000 0.001 0.001 0.001 0.001 0.002 0.002 0.002 0.003 0.003 0.004 0.005 0.005 0.006 0.007 0.008 0.009 0.010 0.011 0.013 0.013 0.014 0.015 0.015 0.016 0.016 0.017 0.017 0.018 0.020 0.021 0.024 0.028 0.035 0.048 0.062 0.069 0.071 0.070 0.064 0.056 0.051 0.049 0.049 0.050 0.052 0.052 0.051 0.048 0.047 0.048 0.050 0.054 0.060 0.069 0.081 0.101 0.133 0.182 0.243
0.000 0.000 0.000 0.000 0.000 0.000 0.000 0.000 0.000 0.000 0.000 0.000 0.000 0.000 0.000 0.000 0.000 0.000 0.000 0.000 0.001 0.001 0.001 0.001 0.002 0.002 0.003 0.003 0.004 0.005 0.006 0.007 0.008 0.010 0.011 0.012 0.014 0.014 0.015 0.015 0.016 0.016 0.017 0.017 0.018 0.020 0.022 0.025 0.031 0.042 0.059 0.072 0.076 0.076 0.072 0.063 0.055 0.049 0.047 0.047 0.049 0.050 0.051 0.050 0.049 0.049 0.051 0.055 0.060 0.066 0.073 0.084 0.102 0.131 0.167 0.192
0.000 0.000 0.000 0.000 0.000 0.000 0.000 0.000 0.000 0.000 0.000 0.000 0.000 0.000 0.000 0.000 0.000 0.000 0.000 0.000 0.000 0.000 0.000 0.001 0.001 0.001 0.002 0.003 0.003 0.004 0.005 0.006 0.007 0.009 0.011 0.012 0.013 0.015 0.015 0.015 0.016 0.016 0.016 0.017 0.018 0.020 0.022 0.026 0.034 0.048 0.066 0.076 0.079 0.077 0.071 0.062 0.053 0.047 0.045 0.045 0.045 0.047 0.048 0.048 0.048 0.049 0.052 0.056 0.061 0.066 0.073 0.082 0.095 0.112 0.122 0.121
0.000 0.000 0.000 0.000 0.000 0.000 0.000 0.000 0.000 0.000 0.000 0.000 0.000 0.000 0.000 0.000 0.000 0.000 0.000 0.000 0.000 0.000 0.000 0.000 0.001 0.001 0.001 0.002 0.002 0.003 0.004 0.005 0.007 0.008 0.010 0.012 0.013 0.014 0.015 0.016 0.016 0.016 0.017 0.017 0.018 0.020 0.023 0.028 0.038 0.053 0.068 0.076 0.078 0.075 0.069 0.059 0.050 0.044 0.041 0.040 0.041 0.042 0.043 0.044 0.045 0.047 0.050 0.054 0.059 0.063 0.067 0.072 0.076 0.077 0.075 0.072
0.000 0.000 0.000 0.000 0.000 0.000 0.000 0.000 0.000 0.000 0.000 0.000 0.000 0.000 0.000 0.000 0.000 0.000 0.000 0.000 0.000 0.000 0.000 0.000 0.000 0.000 0.001 0.001 0.002 0.002 0.003 0.004 0.006 0.007 0.009 0.011 0.013 0.014 0.015 0.016 0.016 0.017 0.017 0.017 0.019 0.021 0.024 0.030 0.041 0.056 0.067 0.072 0.073 0.070 0.064 0.054 0.046 0.040 0.037 0.035 0.035 0.035 0.036 0.037 0.039 0.042 0.045 0.048 0.051 0.053 0.054 0.053 0.052 0.051 0.049 0.048
0.000 0.000 0.000 0.000 0.000 0.000 0.000 0.000 0.000 0.000 0.000 0.000 0.000 0.000 0.000 0.000 0.000 0.000 0.000 0.000 0.000 0.000 0.000 0.000 0.000 0.000 0.000 0.001 0.001 0.002 0.002 0.003 0.005 0.006 0.008 0.010 0.012 0.014 0.015 0.016 0.017 0.017 0.018 0.018 0.020 0.022 0.026 0.032 0.042 0.054 0.062 0.063 0.062 0.059 0.053 0.046 0.039 0.034 0.031 0.029 0.028 0.028 0.029 0.030 0.031 0.034 0.036 0.038 0.039 0.039 0.039 0.038 0.037 0.037 0.037 0.036
0.000 0.000 0.000 0.000 0.000 0.000 0.000 0.000 0.000 0.000 0.000 0.000 0.000 0.000 0.000 0.000 0.000 0.000 0.000 0.000 0.000 0.000 0.000 0.000 0.000 0.000 0.000 0.000 0.001 0.001 0.002 0.003 0.004 0.005 0.007 0.009 0.011 0.013 0.014 0.016 0.017 0.017 0.018 0.019 0.021 0.023 0.026 0.032 0.041 0.049 0.051 0.050 0.047 0.043 0.039 0.035 0.030 0.027 0.025 0.024 0.024 0.024 0.024 0.025 0.026 0.027 0.029 0.029 0.029 0.029 0.029 0.029 0.029 0.030 0.030 0.030
0.000 0.000 0.000 0.000 0.000 0.000 0.000 0.000 0.000 0.000 0.000 0.000 0.000 0.000 0.000 0.000 0.000 0.000 0.000 0.000 0.000 0.000 0.000 0.000 0.000 0.000 0.000 0.000 0.000 0.001 0.001 0.002 0.003 0.004 0.005 0.007 0.009 0.011 0.013 0.015 0.016 0.018 0.019 0.020 0.021 0.023 0.026 0.032 0.037 0.039 0.038 0.037 0.034 0.031 0.029 0.027 0.024 0.022 0.021 0.021 0.021 0.021 0.021 0.022 0.023 0.023 0.024 0.024 0.024 0.024 0.024 0.024 0.025 0.026 0.027 0.028
0.000 0.000 0.000 0.000 0.000 0.000 0.000 0.000 0.000 0.000 0.000 0.000 0.000 0.000 0.000 0.000 0.000 0.000 0.000 0.000 0.000 0.000 0.000 0.000 0.000 0.000 0.000 0.000 0.000 0.000 0.001 0.001 0.002 0.003 0.004 0.006 0.008 0.010 0.012 0.014 0.016 0.017 0.019 0.020 0.021 0.023 0.026 0.029 0.030 0.030 0.029 0.028 0.026 0.024 0.023 0.022 0.020 0.020 0.019 0.019 0.019 0.019 0.019 0.020 0.020 0.020 0.021 0.021 0.021 0.021 0.021 0.021 0.022 0.024 0.025 0.027
0.000 0.000 0.000 0.000 0.000 0.000 0.000 0.000 0.000 0.000 0.000 0.000 0.000 0.000 0.000 0.000 0.000 0.000 0.000 0.000 0.000 0.000 0.000 0.000 0.000 0.000 0.000 0.000 0.000 0.000 0.000 0.001 0.001 0.002 0.003 0.004 0.006 0.008 0.010 0.013 0.015 0.017 0.018 0.020 0.021 0.022 0.024 0.025 0.024 0.024 0.024 0.023 0.021 0.020 0.019 0.018 0.018 0.018 0.018 0.018 0.018 0.018 0.018 0.019 0.019 0.019 0.019 0.019 0.019 0.019 0.019 0.020 0.021 0.023 0.025 0.026
0.000 0.000 0.000 0.000 0.000 0.000 0.000 0.000 0.000 0.000 0.000 0.000 0.000 0.000 0.000 0.000 0.000 0.000 0.000 0.000 0.000 0.000 0.000 0.000 0.000 0.000 0.000 0.000 0.000 0.000 0.000 0.000 0.001 0.001 0.002 0.003 0.005 0.007 0.009 0.011 0.014 0.016 0.018 0.019 0.020 0.020 0.020 0.020 0.020 0.020 0.019 0.019 0.018 0.017 0.016 0.016 0.016 0.016 0.016 0.017 0.017 0.018 0.018 0.018 0.018 0.018 0.018 0.018 0.018 0.018 0.019 0.019 0.020 0.022 0.025 0.027
0.000 0.000 0.000 0.000 0.000 0.000 0.000 0.000 0.000 0.000 0.000 0.000 0.000 0.000 0.000 0.000 0.000 0.000 0.000 0.000 0.000 0.000 0.000 0.000 0.000 0.000 0.000 0.000 0.000 0.000 0.000 0.000 0.000 0.001 0.001 0.002 0.004 0.005 0.007 0.010 0.012 0.015 0.016 0.017 0.017 0.017 0.017 0.016 0.016 0.016 0.016 0.016 0.015 0.015 0.014 0.014 0.015 0.015 0.015 0.016 0.017 0.018 0.018 0.018 0.018 0.018 0.018 0.018 0.018 0.018 0.018 0.019 0.020 0.023 0.026 0.030
0.000 0.000 0.000 0.000 0.000 0.000 0.000 0.000 0.000 0.000 0.000 0.000 0.000 0.000 0.000 0.000 0.000 0.000 0.000 0.000 0.000 0.000 0.000 0.000 0.000 0.000 0.000 0.000 0.000 0.000 0.000 0.000 0.000 0.000 0.001 0.001 0.002 0.004 0.005 0.008 0.010 0.012 0.013 0.014 0.014 0.013 0.013 0.013 0.013 0.013 0.013 0.013 0.013 0.013 0.013 0.013 0.013 0.014 0.014 0.015 0.017 0.017 0.018 0.018 0.018 0.018 0.018 0.018 0.018 0.018 0.018 0.019 0.021 0.024 0.029 0.036
0.000 0.000 0.000 0.000 0.000 0.000 0.000 0.000 0.000 0.000 0.000 0.000 0.000 0.000 0.000 0.000 0.000 0.000 0.000 0.000 0.000 0.000 0.000 0.000 0.000 0.000 0.000 0.000 0.000 0.000 0.000 0.000 0.000 0.000 0.000 0.001 0.001 0.002 0.004 0.006 0.008 0.009 0.010 0.010 0.010 0.010 0.010 0.010 0.010 0.010 0.010 0.011 0.011 0.011 0.011 0.012 0.012 0.013 0.014 0.015 0.016 0.017 0.017 0.018 0.018 0.018 0.018 0.018 0.018 0.018 0.019 0.020 0.023 0.028 0.037 0.053
0.000 0.000 0.000 0.000 0.000 0.000 0.000 0.000 0.000 0.000 0.000 0.000 0.000 0.000 0.000 0.000 0.000 0.000 0.000 0.000 0.000 0.000 0.000 0.000 0.000 0.000 0.000 0.000 0.000 0.000 0.000 0.000 0.000 0.000 0.000 0.000 0.001 0.001 0.002 0.004 0.005 0.006 0.007 0.007 0.007 0.007 0.007 0.007 0.008 0.008 0.008 0.008 0.009 0.009 0.010 0.010 0.011 0.012 0.013 0.014 0.016 0.017 0.017 0.018 0.018 0.018 0.018 0.018 0.018 0.018 0.020 0.022 0.027 0.037 0.055 0.092
0.000 0.000 0.000 0.000 0.000 0.000 0.000 0.000 0.000 0.000 0.000 0.000 0.000 0.000 0.000 0.000 0.000 0.000 0.000 0.000 0.000 0.000 0.000 0.000 0.000 0.000 0.000 0.000 0.000 0.000 0.000 0.000 0.000 0.000 0.000 0.000 0.000 0.001 0.001 0.002 0.003 0.004 0.004 0.004 0.005 0.005 0.005 0.005 0.005 0.006 0.006 0.006 0.007 0.007 0.008 0.009 0.010 0.011 0.012 0.013 0.015 0.016 0.017 0.017 0.017 0.017 0.017 0.017 0.018 0.019 0.021 0.025 0.032 0.047 0.077 0.136
0.000 0.000 0.000 0.000 0.000 0.000 0.000 0.000 0.000 0.000 0.000 0.000 0.000 0.000 0.000 0.000 0.000 0.000 0.000 0.000 0.000 0.000 0.000 0.000 0.000 0.000 0.000 0.000 0.000 0.000 0.000 0.000 0.000 0.000 0.000 0.000 0.000 0.000 0.001 0.001 0.002 0.002 0.002 0.003 0.003 0.003 0.003 0.003 0.003 0.004 0.004 0.004 0.005 0.006 0.006 0.007 0.008 0.009 0.010 0.012 0.013 0.015 0.016 0.016 0.017 0.017 0.017 0.017 0.018 0.019 0.021 0.026 0.034 0.051 0.086 0.153
0.000 0.000 0.000 0.000 0.000 0.000 0.000 0.000 0.000 0.000 0.000 0.000 0.000 0.000 0.000 0.000 0.000 0.000 0.000 0.000 0.000 0.000 0.000 0.000 0.000 0.000 0.000 0.000 0.000 0.000 0.000 0.000 0.000 0.000 0.000 0.000 0.000 0.000 0.000 0.000 0.001 0.001 0.001 0.001 0.001 0.001 0.001 0.002 0.002 0.002 0.003 0.003 0.004 0.004 0.005 0.006 0.006 0.008 0.009 0.010 0.012 0.013 0.014 0.014 0.015 0.015 0.016 0.016 0.017 0.018 0.021 0.025 0.034 0.051 0.084 0.149
0.000 0.000 0.000 0.000 0.000 0.000 0.000 0.000 0.000 0.000 0.000 0.000 0.000 0.000 0.000 0.000 0.000 0.000 0.000 0.000 0.000 0.000 0.000 0.000 0.000 0.000 0.000 0.000 0.000 0.000 0.000 0.000 0.000 0.000 0.000 0.000 0.000 0.000 0.000 0.000 0.000 0.000 0.000 0.000 0.000 0.000 0.000 0.001 0.001 0.001 0.001 0.002 0.002 0.003 0.003 0.004 0.005 0.006 0.007 0.008 0.009 0.010 0.011 0.012 0.013 0.013 0.014 0.015 0.016 0.017 0.019 0.023 0.030 0.044 0.069 0.119
0.000 0.000 0.000 0.000 0.000 0.000 0.000 0.000 0.000 0.000 0.000 0.000 0.000 0.000 0.000 0.000 0.000 0.000 0.000 0.000 0.000 0.000 0.000 0.000 0.000 0.000 0.000 0.000 0.000 0.000 0.000 0.000 0.000 0.000 0.000 0.000 0.000 0.000 0.000 0.000 0.000 0.000 0.000 0.000 0.000 0.000 0.000 0.000 0.000 0.000 0.001 0.001 0.001 0.002 0.002 0.003 0.003 0.004 0.005 0.006 0.007 0.008 0.008 0.009 0.010 0.010 0.011 0.012 0.013 0.015 0.016 0.019 0.023 0.029 0.041 0.064
0.000 0.000 0.000 0.000 0.000 0.000 0.000 0.000 0.000 0.000 0.000 0.000 0.000 0.000 0.000 0.000 0.000 0.000 0.000 0.000 0.000 0.000 0.000 0.000 0.000 0.000 0.000 0.000 0.000 0.000 0.000 0.000 0.000 0.000 0.000 0.000 0.000 0.000 0.000 0.000 0.000 0.000 0.000 0.000 0.000 0.000 0.000 0.000 0.000 0.000 0.000 0.000 0.001 0.001 0.001 0.002 0.002 0.003 0.003 0.004 0.005 0.005 0.006 0.007 0.007 0.008 0.008 0.009 0.010 0.011 0.012 0.013 0.015 0.018 0.024 0.033
0.000 0.000 0.000 0.000 0.000 0.000 0.000 0.000 0.000 0.000 0.000 0.000 0.000 0.000 0.000 0.000 0.000 0.000 0.000 0.000 0.000 0.000 0.000 0.000 0.000 0.000 0.000 0.000 0.000 0.000 0.000 0.000 0.000 0.000 0.000 0.000 0.000 0.000 0.000 0.000 0.000 0.000 0.000 0.000 0.000 0.000 0.000 0.000 0.000 0.000 0.000 0.000 0.000 0.000 0.001 0.001 0.001 0.002 0.002 0.003 0.003 0.004 0.004 0.005 0.005 0.006 0.006 0.007 0.007 0.008 0.009 0.010 0.011 0.013 0.015 0.020
0.000 0.000 0.000 0.000 0.000 0.000 0.000 0.000 0.000 0.000 0.000 0.000 0.000 0.000 0.000 0.000 0.000 0.000 0.000 0.000 0.000 0.000 0.000 0.000 0.000 0.000 0.000 0.000 0.000 0.000 0.000 0.000 0.000 0.000 0.000 0.000 0.000 0.000 0.000 0.000 0.000 0.000 0.000 0.000 0.000 0.000 0.000 0.000 0.000 0.000 0.000 0.000 0.000 0.000 0.000 0.000 0.000 0.001 0.001 0.001 0.002 0.002 0.003 0.003 0.004 0.004 0.004 0.005 0.005 0.006 0.006 0.007 0.008 0.009 0.011 0.013
0.000 0.000 0.000 0.000 0.000 0.000 0.000 0.000 0.000 0.000 0.000 0.000 0.000 0.000 0.000 0.000 0.000 0.000 0.000 0.000 0.000 0.000 0.000 0.000 0.000 0.000 0.000 0.000 0.000 0.000 0.000 0.000 0.000 0.000 0.000 0.000 0.000 0.000 0.000 0.000 0.000 0.000 0.000 0.000 0.000 0.000 0.000 0.000 0.000 0.000 0.000 0.000 0.000 0.000 0.000 0.000 0.000 0.000 0.000 0.001 0.001 0.001 0.002 0.002 0.002 0.003 0.003 0.003 0.003 0.004 0.004 0.005 0.005 0.006 0.007 0.009
0.000 0.000 0.000 0.000 0.000 0.000 0.000 0.000 0.000 0.000 0.000 0.000 0.000 0.000 0.000 0.000 0.000 0.000 0.000 0.000 0.000 0.000 0.000 0.000 0.000 0.000 0.000 0.000 0.000 0.000 0.000 0.000 0.000 0.000 0.000 0.000 0.000 0.000 0.000 0.000 0.000 0.000 0.000 0.000 0.000 0.000 0.000 0.000 0.000 0.000 0.000 0.000 0.000 0.000 0.000 0.000 0.000 0.000 0.000 0.000 0.000 0.001 0.001 0.001 0.001 0.001 0.002 0.002 0.002 0.002 0.003 0.003 0.004 0.004 0.005 0.006
0.000 0.000 0.000 0.000 0.000 0.000 0.000 0.000 0.000 0.000 0.000 0.000 0.000 0.000 0.000 0.000 0.000 0.000 0.000 0.000 0.000 0.000 0.000 0.000 0.000 0.000 0.000 0.000 0.000 0.000 0.000 0.000 0.000 0.000 0.000 0.000 0.000 0.000 0.000 0.000 0.000 0.000 0.000 0.000 0.000 0.000 0.000 0.000 0.000 0.000 0.000 0.000 0.000 0.000 0.000 0.000 0.000 0.000 0.000 0.000 0.000 0.000 0.000 0.000 0.001 0.001 0.001 0.001 0.001 0.001 0.001 0.002 0.002 0.002 0.003 0.004
0.000 0.000 0.000 0.000 0.000 0.000 0.000 0.000 0.000 0.000 0.000 0.000 0.000 0.000 0.000 0.000 0.000 0.000 0.000 0.000 0.000 0.000 0.000 0.000 0.000 0.000 0.000 0.000 0.000 0.000 0.000 0.000 0.000 0.000 0.000 0.000 0.000 0.000 0.000 0.000 0.000 0.000 0.000 0.000 0.000 0.000 0.000 0.000 0.000 0.000 0.000 0.000 0.000 0.000 0.000 0.000 0.000 0.000 0.000 0.000 0.000 0.000 0.000 0.000 0.000 0.000 0.000 0.000 0.000 0.001 0.001 0.001 0.001 0.001 0.002 0.002
