RESULTS/r.avaflow_results/14_results/14_ascii/14_hflow30029.asc
ncols 506
nrows 317
xllcenter 498237.50
yllcenter 5580050.00
cellsize 12.50
NODATA_value -9999.000
[rows 204 to 237 of 317, columns 231 to 307 of 506]
0.000 0.000 0.001 0.001 0.002 0.003 0.004 0.005 0.007 0.008 0.010 0.013 0.015 0.017 0.018 0.019 0.019 0.019 0.019 0.019 0.019 0.019 0.021 0.024 0.028 0.033 0.037 0.040 0.043 0.044 0.045 0.045 0.044 0.043 0.042 0.042 0.041 0.041 0.040 0.040 0.040 0.043 0.047 0.050 0.052 0.052 0.052 0.050 0.048 0.048 0.048 0.051 0.055 0.062 0.070 0.080 0.097 0.132 0.183 0.213 0.222 0.221 0.215 0.202 0.174 0.135 0.108 0.094 0.087 0.086 0.086 0.088 0.092 0.099 0.112 0.135 0.183
0.000 0.000 0.000 0.001 0.001 0.002 0.003 0.004 0.005 0.006 0.007 0.009 0.011 0.012 0.013 0.014 0.014 0.015 0.015 0.015 0.016 0.016 0.018 0.020 0.023 0.027 0.031 0.035 0.039 0.040 0.041 0.040 0.039 0.039 0.038 0.038 0.039 0.039 0.039 0.039 0.040 0.042 0.047 0.050 0.051 0.051 0.050 0.048 0.046 0.046 0.047 0.051 0.057 0.065 0.075 0.086 0.101 0.132 0.180 0.209 0.217 0.216 0.211 0.200 0.176 0.143 0.121 0.110 0.105 0.103 0.102 0.102 0.105 0.115 0.138 0.186 0.290
0.000 0.000 0.000 0.000 0.000 0.001 0.001 0.002 0.003 0.004 0.005 0.007 0.008 0.009 0.010 0.010 0.011 0.012 0.012 0.013 0.013 0.014 0.015 0.017 0.019 0.022 0.025 0.029 0.032 0.034 0.034 0.035 0.035 0.035 0.035 0.036 0.037 0.038 0.039 0.039 0.040 0.043 0.048 0.051 0.053 0.052 0.051 0.049 0.048 0.049 0.051 0.058 0.069 0.082 0.094 0.105 0.119 0.144 0.187 0.216 0.224 0.223 0.218 0.207 0.187 0.161 0.145 0.136 0.132 0.130 0.129 0.130 0.138 0.161 0.210 0.313 0.534
0.000 0.000 0.000 0.000 0.000 0.000 0.001 0.001 0.002 0.002 0.003 0.004 0.005 0.006 0.007 0.008 0.009 0.009 0.010 0.010 0.011 0.012 0.013 0.014 0.016 0.018 0.020 0.023 0.026 0.028 0.030 0.030 0.031 0.031 0.032 0.034 0.035 0.037 0.038 0.040 0.042 0.046 0.051 0.054 0.056 0.056 0.055 0.054 0.054 0.057 0.065 0.080 0.103 0.123 0.136 0.146 0.156 0.174 0.212 0.241 0.250 0.250 0.244 0.231 0.211 0.190 0.178 0.171 0.169 0.169 0.173 0.184 0.208 0.259 0.361 0.571 0.926
0.000 0.000 0.000 0.000 0.000 0.000 0.000 0.000 0.001 0.001 0.002 0.003 0.004 0.004 0.005 0.006 0.006 0.007 0.008 0.008 0.009 0.010 0.011 0.012 0.014 0.015 0.017 0.019 0.022 0.024 0.026 0.027 0.028 0.029 0.031 0.033 0.035 0.037 0.039 0.041 0.043 0.047 0.052 0.055 0.058 0.060 0.061 0.063 0.067 0.077 0.099 0.135 0.170 0.194 0.206 0.207 0.208 0.217 0.247 0.273 0.281 0.280 0.272 0.257 0.239 0.225 0.217 0.214 0.218 0.227 0.244 0.276 0.332 0.437 0.622 0.904 1.199
0.000 0.000 0.000 0.000 0.000 0.000 0.000 0.000 0.000 0.000 0.001 0.001 0.002 0.003 0.003 0.004 0.004 0.005 0.006 0.006 0.007 0.008 0.009 0.010 0.011 0.013 0.015 0.017 0.019 0.021 0.023 0.024 0.026 0.028 0.030 0.033 0.035 0.037 0.039 0.041 0.044 0.047 0.052 0.055 0.058 0.062 0.067 0.076 0.092 0.122 0.176 0.233 0.266 0.276 0.267 0.248 0.238 0.241 0.265 0.287 0.293 0.291 0.284 0.272 0.261 0.257 0.259 0.268 0.285 0.312 0.354 0.418 0.516 0.657 0.848 1.072 1.242
0.000 0.000 0.000 0.000 0.000 0.000 0.000 0.000 0.000 0.000 0.000 0.001 0.001 0.001 0.002 0.002 0.003 0.003 0.004 0.005 0.005 0.006 0.007 0.008 0.009 0.011 0.012 0.014 0.016 0.018 0.021 0.023 0.025 0.028 0.031 0.033 0.035 0.037 0.039 0.040 0.043 0.046 0.049 0.053 0.056 0.062 0.074 0.096 0.138 0.209 0.280 0.320 0.331 0.322 0.292 0.259 0.245 0.246 0.267 0.289 0.294 0.292 0.285 0.278 0.277 0.283 0.298 0.323 0.358 0.405 0.466 0.545 0.652 0.785 0.933 1.072 1.144
0.000 0.000 0.000 0.000 0.000 0.000 0.000 0.000 0.000 0.000 0.000 0.000 0.000 0.000 0.001 0.001 0.001 0.002 0.002 0.003 0.004 0.005 0.005 0.006 0.008 0.009 0.011 0.012 0.014 0.017 0.019 0.022 0.025 0.029 0.032 0.034 0.036 0.037 0.038 0.039 0.040 0.042 0.045 0.048 0.053 0.062 0.082 0.126 0.209 0.296 0.344 0.358 0.353 0.332 0.292 0.255 0.240 0.241 0.258 0.278 0.284 0.283 0.279 0.278 0.285 0.301 0.327 0.362 0.405 0.458 0.523 0.602 0.698 0.809 0.908 0.949 0.883
0.000 0.000 0.000 0.000 0.000 0.000 0.000 0.000 0.000 0.000 0.000 0.000 0.000 0.000 0.000 0.000 0.001 0.001 0.001 0.002 0.002 0.003 0.004 0.005 0.006 0.007 0.009 0.010 0.013 0.015 0.018 0.021 0.025 0.031 0.035 0.037 0.037 0.037 0.037 0.037 0.037 0.038 0.040 0.044 0.051 0.063 0.094 0.163 0.266 0.337 0.363 0.363 0.351 0.323 0.277 0.238 0.221 0.220 0.230 0.247 0.254 0.257 0.260 0.269 0.284 0.308 0.340 0.377 0.419 0.468 0.528 0.599 0.677 0.736 0.748 0.672 0.506
0.000 0.000 0.000 0.000 0.000 0.000 0.000 0.000 0.000 0.000 0.000 0.000 0.000 0.000 0.000 0.000 0.000 0.000 0.000 0.001 0.001 0.002 0.002 0.003 0.004 0.006 0.007 0.009 0.011 0.013 0.016 0.020 0.025 0.032 0.037 0.040 0.040 0.039 0.037 0.036 0.036 0.037 0.039 0.043 0.050 0.067 0.107 0.189 0.289 0.343 0.357 0.351 0.332 0.296 0.244 0.203 0.183 0.177 0.179 0.188 0.196 0.206 0.219 0.238 0.264 0.296 0.330 0.365 0.400 0.436 0.477 0.516 0.537 0.513 0.447 0.345 0.235
0.000 0.000 0.000 0.000 0.000 0.000 0.000 0.000 0.000 0.000 0.000 0.000 0.000 0.000 0.000 0.000 0.000 0.000 0.000 0.000 0.000 0.001 0.001 0.002 0.003 0.004 0.005 0.007 0.009 0.011 0.014 0.018 0.024 0.031 0.038 0.041 0.042 0.041 0.038 0.037 0.036 0.037 0.038 0.042 0.052 0.073 0.118 0.200 0.283 0.321 0.324 0.313 0.288 0.247 0.194 0.152 0.130 0.122 0.121 0.124 0.130 0.139 0.153 0.176 0.206 0.243 0.276 0.301 0.319 0.329 0.331 0.319 0.296 0.262 0.215 0.160 0.115
0.000 0.000 0.000 0.000 0.000 0.000 0.000 0.000 0.000 0.000 0.000 0.000 0.000 0.000 0.000 0.000 0.000 0.000 0.000 0.000 0.000 0.000 0.001 0.001 0.002 0.003 0.004 0.005 0.007 0.009 0.012 0.016 0.022 0.029 0.037 0.042 0.044 0.044 0.042 0.039 0.037 0.038 0.039 0.044 0.056 0.079 0.124 0.193 0.244 0.260 0.256 0.240 0.213 0.176 0.133 0.104 0.089 0.083 0.082 0.083 0.087 0.094 0.105 0.118 0.135 0.159 0.177 0.185 0.186 0.182 0.173 0.162 0.149 0.134 0.111 0.085 0.068
0.000 0.000 0.000 0.000 0.000 0.000 0.000 0.000 0.000 0.000 0.000 0.000 0.000 0.000 0.000 0.000 0.000 0.000 0.000 0.000 0.000 0.000 0.000 0.000 0.001 0.002 0.002 0.004 0.005 0.007 0.010 0.013 0.018 0.024 0.032 0.039 0.043 0.044 0.044 0.042 0.040 0.040 0.042 0.048 0.059 0.082 0.122 0.159 0.171 0.167 0.157 0.144 0.128 0.107 0.085 0.070 0.061 0.059 0.059 0.061 0.065 0.071 0.078 0.085 0.092 0.099 0.104 0.104 0.103 0.101 0.098 0.095 0.090 0.082 0.069 0.058 0.052
0.000 0.000 0.000 0.000 0.000 0.000 0.000 0.000 0.000 0.000 0.000 0.000 0.000 0.000 0.000 0.000 0.000 0.000 0.000 0.000 0.000 0.000 0.000 0.000 0.000 0.001 0.001 0.002 0.003 0.005 0.007 0.010 0.013 0.018 0.025 0.034 0.041 0.044 0.045 0.044 0.044 0.044 0.045 0.050 0.061 0.080 0.102 0.109 0.105 0.096 0.089 0.082 0.075 0.065 0.055 0.049 0.045 0.045 0.045 0.049 0.054 0.060 0.064 0.067 0.069 0.069 0.069 0.068 0.068 0.067 0.067 0.066 0.065 0.061 0.053 0.048 0.046
0.000 0.000 0.000 0.000 0.000 0.000 0.000 0.000 0.000 0.000 0.000 0.000 0.000 0.000 0.000 0.000 0.000 0.000 0.000 0.000 0.000 0.000 0.000 0.000 0.000 0.000 0.001 0.001 0.002 0.003 0.005 0.007 0.010 0.014 0.019 0.026 0.036 0.042 0.044 0.045 0.045 0.045 0.047 0.051 0.059 0.069 0.073 0.071 0.065 0.058 0.054 0.051 0.048 0.044 0.040 0.037 0.036 0.037 0.039 0.044 0.050 0.054 0.056 0.057 0.057 0.055 0.054 0.053 0.053 0.053 0.054 0.054 0.054 0.052 0.048 0.045 0.045
0.000 0.000 0.000 0.000 0.000 0.000 0.000 0.000 0.000 0.000 0.000 0.000 0.000 0.000 0.000 0.000 0.000 0.000 0.000 0.000 0.000 0.000 0.000 0.000 0.000 0.000 0.000 0.001 0.001 0.002 0.003 0.005 0.007 0.010 0.014 0.019 0.028 0.037 0.042 0.044 0.045 0.046 0.047 0.049 0.052 0.053 0.051 0.048 0.044 0.040 0.037 0.036 0.034 0.033 0.032 0.031 0.032 0.033 0.037 0.043 0.048 0.051 0.052 0.052 0.051 0.049 0.047 0.046 0.046 0.047 0.048 0.049 0.049 0.048 0.046 0.045 0.045
0.000 0.000 0.000 0.000 0.000 0.000 0.000 0.000 0.000 0.000 0.000 0.000 0.000 0.000 0.000 0.000 0.000 0.000 0.000 0.000 0.000 0.000 0.000 0.000 0.000 0.000 0.000 0.000 0.000 0.001 0.002 0.003 0.005 0.007 0.010 0.014 0.020 0.030 0.038 0.042 0.043 0.043 0.043 0.043 0.041 0.039 0.037 0.035 0.033 0.031 0.029 0.028 0.028 0.027 0.027 0.028 0.030 0.033 0.037 0.043 0.047 0.049 0.050 0.050 0.049 0.047 0.044 0.043 0.043 0.044 0.045 0.047 0.047 0.047 0.047 0.046 0.047
0.000 0.000 0.000 0.000 0.000 0.000 0.000 0.000 0.000 0.000 0.000 0.000 0.000 0.000 0.000 0.000 0.000 0.000 0.000 0.000 0.000 0.000 0.000 0.000 0.000 0.000 0.000 0.000 0.000 0.000 0.001 0.002 0.003 0.005 0.007 0.010 0.014 0.022 0.030 0.035 0.036 0.036 0.034 0.032 0.030 0.029 0.028 0.028 0.027 0.026 0.024 0.024 0.024 0.024 0.025 0.027 0.029 0.033 0.039 0.044 0.048 0.049 0.050 0.050 0.049 0.047 0.044 0.042 0.041 0.042 0.044 0.046 0.047 0.047 0.048 0.049 0.051
0.000 0.000 0.000 0.000 0.000 0.000 0.000 0.000 0.000 0.000 0.000 0.000 0.000 0.000 0.000 0.000 0.000 0.000 0.000 0.000 0.000 0.000 0.000 0.000 0.000 0.000 0.000 0.000 0.000 0.000 0.000 0.001 0.002 0.003 0.004 0.007 0.010 0.014 0.020 0.024 0.025 0.025 0.024 0.022 0.022 0.022 0.022 0.022 0.022 0.022 0.021 0.021 0.021 0.022 0.024 0.026 0.029 0.034 0.042 0.047 0.050 0.051 0.051 0.051 0.050 0.048 0.044 0.041 0.041 0.041 0.044 0.046 0.048 0.049 0.051 0.055 0.060
0.000 0.000 0.000 0.000 0.000 0.000 0.000 0.000 0.000 0.000 0.000 0.000 0.000 0.000 0.000 0.000 0.000 0.000 0.000 0.000 0.000 0.000 0.000 0.000 0.000 0.000 0.000 0.000 0.000 0.000 0.000 0.000 0.001 0.002 0.003 0.004 0.006 0.009 0.012 0.015 0.016 0.016 0.016 0.016 0.016 0.016 0.017 0.018 0.019 0.019 0.019 0.019 0.020 0.021 0.023 0.025 0.029 0.035 0.045 0.052 0.055 0.056 0.056 0.055 0.053 0.050 0.045 0.042 0.041 0.042 0.045 0.048 0.051 0.055 0.060 0.067 0.077
0.000 0.000 0.000 0.000 0.000 0.000 0.000 0.000 0.000 0.000 0.000 0.000 0.000 0.000 0.000 0.000 0.000 0.000 0.000 0.000 0.000 0.000 0.000 0.000 0.000 0.000 0.000 0.000 0.000 0.000 0.000 0.000 0.000 0.001 0.001 0.002 0.003 0.005 0.007 0.009 0.010 0.010 0.011 0.011 0.011 0.012 0.013 0.014 0.015 0.016 0.017 0.018 0.019 0.020 0.022 0.025 0.029 0.036 0.046 0.055 0.059 0.060 0.060 0.058 0.055 0.050 0.047 0.045 0.044 0.045 0.049 0.054 0.061 0.069 0.080 0.095 0.113
0.000 0.000 0.000 0.000 0.000 0.000 0.000 0.000 0.000 0.000 0.000 0.000 0.000 0.000 0.000 0.000 0.000 0.000 0.000 0.000 0.000 0.000 0.000 0.000 0.000 0.000 0.000 0.000 0.000 0.000 0.000 0.000 0.000 0.000 0.000 0.001 0.002 0.003 0.004 0.005 0.006 0.006 0.007 0.007 0.008 0.009 0.010 0.011 0.012 0.013 0.014 0.016 0.017 0.019 0.021 0.024 0.028 0.035 0.045 0.055 0.059 0.061 0.060 0.059 0.055 0.050 0.048 0.048 0.049 0.052 0.058 0.068 0.082 0.102 0.128 0.161 0.200
0.000 0.000 0.000 0.000 0.000 0.000 0.000 0.000 0.000 0.000 0.000 0.000 0.000 0.000 0.000 0.000 0.000 0.000 0.000 0.000 0.000 0.000 0.000 0.000 0.000 0.000 0.000 0.000 0.000 0.000 0.000 0.000 0.000 0.000 0.000 0.000 0.001 0.001 0.002 0.003 0.003 0.004 0.004 0.004 0.005 0.006 0.007 0.008 0.009 0.010 0.012 0.014 0.015 0.017 0.020 0.023 0.027 0.033 0.042 0.051 0.057 0.059 0.059 0.057 0.053 0.050 0.049 0.049 0.052 0.058 0.068 0.084 0.106 0.140 0.190 0.260 0.332
0.000 0.000 0.000 0.000 0.000 0.000 0.000 0.000 0.000 0.000 0.000 0.000 0.000 0.000 0.000 0.000 0.000 0.000 0.000 0.000 0.000 0.000 0.000 0.000 0.000 0.000 0.000 0.000 0.000 0.000 0.000 0.000 0.000 0.000 0.000 0.000 0.000 0.000 0.001 0.001 0.001 0.002 0.002 0.002 0.003 0.004 0.004 0.005 0.006 0.008 0.009 0.011 0.013 0.015 0.017 0.020 0.024 0.028 0.035 0.042 0.048 0.051 0.051 0.050 0.048 0.047 0.047 0.049 0.053 0.060 0.072 0.090 0.116 0.155 0.219 0.311 0.399
0.000 0.000 0.000 0.000 0.000 0.000 0.000 0.000 0.000 0.000 0.000 0.000 0.000 0.000 0.000 0.000 0.000 0.000 0.000 0.000 0.000 0.000 0.000 0.000 0.000 0.000 0.000 0.000 0.000 0.000 0.000 0.000 0.000 0.000 0.000 0.000 0.000 0.000 0.000 0.000 0.000 0.001 0.001 0.001 0.001 0.002 0.003 0.003 0.004 0.005 0.007 0.008 0.010 0.012 0.014 0.016 0.019 0.021 0.025 0.029 0.034 0.036 0.037 0.038 0.039 0.040 0.042 0.045 0.050 0.058 0.070 0.087 0.113 0.151 0.216 0.309 0.395
0.000 0.000 0.000 0.000 0.000 0.000 0.000 0.000 0.000 0.000 0.000 0.000 0.000 0.000 0.000 0.000 0.000 0.000 0.000 0.000 0.000 0.000 0.000 0.000 0.000 0.000 0.000 0.000 0.000 0.000 0.000 0.000 0.000 0.000 0.000 0.000 0.000 0.000 0.000 0.000 0.000 0.000 0.000 0.000 0.001 0.001 0.001 0.002 0.003 0.003 0.004 0.006 0.007 0.008 0.010 0.012 0.014 0.015 0.018 0.020 0.022 0.024 0.025 0.026 0.027 0.029 0.032 0.035 0.040 0.047 0.057 0.071 0.091 0.122 0.176 0.248 0.313
0.000 0.000 0.000 0.000 0.000 0.000 0.000 0.000 0.000 0.000 0.000 0.000 0.000 0.000 0.000 0.000 0.000 0.000 0.000 0.000 0.000 0.000 0.000 0.000 0.000 0.000 0.000 0.000 0.000 0.000 0.000 0.000 0.000 0.000 0.000 0.000 0.000 0.000 0.000 0.000 0.000 0.000 0.000 0.000 0.000 0.000 0.000 0.001 0.001 0.002 0.003 0.004 0.005 0.006 0.007 0.008 0.010 0.011 0.013 0.014 0.016 0.016 0.017 0.018 0.019 0.020 0.021 0.023 0.026 0.029 0.035 0.042 0.053 0.070 0.097 0.131 0.156
0.000 0.000 0.000 0.000 0.000 0.000 0.000 0.000 0.000 0.000 0.000 0.000 0.000 0.000 0.000 0.000 0.000 0.000 0.000 0.000 0.000 0.000 0.000 0.000 0.000 0.000 0.000 0.000 0.000 0.000 0.000 0.000 0.000 0.000 0.000 0.000 0.000 0.000 0.000 0.000 0.000 0.000 0.000 0.000 0.000 0.000 0.000 0.000 0.000 0.001 0.001 0.002 0.003 0.004 0.004 0.005 0.007 0.008 0.009 0.010 0.011 0.012 0.012 0.013 0.013 0.014 0.015 0.016 0.017 0.018 0.021 0.024 0.029 0.037 0.049 0.060 0.066
0.000 0.000 0.000 0.000 0.000 0.000 0.000 0.000 0.000 0.000 0.000 0.000 0.000 0.000 0.000 0.000 0.000 0.000 0.000 0.000 0.000 0.000 0.000 0.000 0.000 0.000 0.000 0.000 0.000 0.000 0.000 0.000 0.000 0.000 0.000 0.000 0.000 0.000 0.000 0.000 0.000 0.000 0.000 0.000 0.000 0.000 0.000 0.000 0.000 0.000 0.000 0.001 0.001 0.002 0.003 0.003 0.004 0.005 0.006 0.007 0.008 0.008 0.009 0.009 0.010 0.010 0.011 0.011 0.012 0.013 0.014 0.016 0.018 0.022 0.027 0.031 0.032
0.000 0.000 0.000 0.000 0.000 0.000 0.000 0.000 0.000 0.000 0.000 0.000 0.000 0.000 0.000 0.000 0.000 0.000 0.000 0.000 0.000 0.000 0.000 0.000 0.000 0.000 0.000 0.000 0.000 0.000 0.000 0.000 0.000 0.000 0.000 0.000 0.000 0.000 0.000 0.000 0.000 0.000 0.000 0.000 0.000 0.000 0.000 0.000 0.000 0.000 0.000 0.000 0.000 0.001 0.001 0.002 0.002 0.003 0.004 0.005 0.005 0.006 0.006 0.006 0.007 0.007 0.008 0.008 0.008 0.009 0.010 0.011 0.012 0.014 0.017 0.018 0.019
0.000 0.000 0.000 0.000 0.000 0.000 0.000 0.000 0.000 0.000 0.000 0.000 0.000 0.000 0.000 0.000 0.000 0.000 0.000 0.000 0.000 0.000 0.000 0.000 0.000 0.000 0.000 0.000 0.000 0.000 0.000 0.000 0.000 0.000 0.000 0.000 0.000 0.000 0.000 0.000 0.000 0.000 0.000 0.000 0.000 0.000 0.000 0.000 0.000 0.000 0.000 0.000 0.000 0.000 0.000 0.001 0.001 0.001 0.002 0.003 0.003 0.004 0.004 0.004 0.004 0.005 0.005 0.005 0.006 0.006 0.007 0.008 0.008 0.010 0.011 0.012 0.012
0.000 0.000 0.000 0.000 0.000 0.000 0.000 0.000 0.000 0.000 0.000 0.000 0.000 0.000 0.000 0.000 0.000 0.000 0.000 0.000 0.000 0.000 0.000 0.000 0.000 0.000 0.000 0.000 0.000 0.000 0.000 0.000 0.000 0.000 0.000 0.000 0.000 0.000 0.000 0.000 0.000 0.000 0.000 0.000 0.000 0.000 0.000 0.000 0.000 0.000 0.000 0.000 0.000 0.000 0.000 0.000 0.000 0.001 0.001 0.001 0.002 0.002 0.002 0.002 0.003 0.003 0.003 0.003 0.004 0.004 0.005 0.005 0.006 0.007 0.007 0.008 0.008
0.000 0.000 0.000 0.000 0.000 0.000 0.000 0.000 0.000 0.000 0.000 0.000 0.000 0.000 0.000 0.000 0.000 0.000 0.000 0.000 0.000 0.000 0.000 0.000 0.000 0.000 0.000 0.000 0.000 0.000 0.000 0.000 0.000 0.000 0.000 0.000 0.000 0.000 0.000 0.000 0.000 0.000 0.000 0.000 0.000 0.000 0.000 0.000 0.000 0.000 0.000 0.000 0.000 0.000 0.000 0.000 0.000 0.000 0.000 0.000 0.001 0.001 0.001 0.001 0.001 0.001 0.002 0.002 0.002 0.002 0.003 0.003 0.004 0.004 0.005 0.005 0.005
0.000 0.000 0.000 0.000 0.000 0.000 0.000 0.000 0.000 0.000 0.000 0.000 0.000 0.000 0.000 0.000 0.000 0.000 0.000 0.000 0.000 0.000 0.000 0.000 0.000 0.000 0.000 0.000 0.000 0.000 0.000 0.000 0.000 0.000 0.000 0.000 0.000 0.000 0.000 0.000 0.000 0.000 0.000 0.000 0.000 0.000 0.000 0.000 0.000 0.000 0.000 0.000 0.000 0.000 0.000 0.000 0.000 0.000 0.000 0.000 0.000 0.000 0.000 0.000 0.000 0.001 0.001 0.001 0.001 0.001 0.001 0.002 0.002 0.002 0.003 0.003 0.003
