RESULTS/r.avaflow_results/14_results/14_ascii/14_hflow10033.asc
ncols 506
nrows 317
xllcenter 498237.50
yllcenter 5580050.00
cellsize 12.50
NODATA_value -9999.000
[rows 136 to 169 of 317, columns 154 to 230 of 506]
0.000 0.001 0.001 0.001 0.001 0.001 0.001 0.000 0.000 0.000 0.000 0.000 0.000 0.000 0.000 0.000 0.000 0.000 0.000 0.000 0.000 0.000 0.000 0.000 0.000 0.000 0.000 0.000 0.000 0.000 0.000 0.000 0.000 0.000 0.000 0.000 0.000 0.000 0.000 0.000 0.000 0.000 0.000 0.000 0.000 0.000 0.000 0.000 0.000 0.000 0.000 0.000 0.000 0.000 0.000 0.000 0.000 0.000 0.000 0.000 0.000 0.000 0.000 0.000 0.000 0.000 0.000 0.000 0.000 0.000 0.000 0.000 0.000 0.000 0.000 0.000 0.000
0.001 0.001 0.001 0.001 0.001 0.001 0.001 0.001 0.001 0.001 0.001 0.001 0.001 0.001 0.001 0.001 0.001 0.001 0.000 0.000 0.000 0.000 0.000 0.000 0.000 0.000 0.000 0.000 0.000 0.000 0.000 0.000 0.000 0.000 0.000 0.000 0.000 0.000 0.000 0.000 0.000 0.000 0.000 0.000 0.000 0.000 0.000 0.000 0.000 0.000 0.000 0.000 0.000 0.000 0.000 0.000 0.000 0.000 0.000 0.000 0.000 0.000 0.000 0.000 0.000 0.000 0.000 0.000 0.000 0.000 0.000 0.000 0.000 0.000 0.000 0.000 0.000
0.001 0.002 0.002 0.002 0.002 0.002 0.001 0.001 0.001 0.001 0.001 0.001 0.001 0.001 0.001 0.001 0.001 0.001 0.001 0.001 0.001 0.001 0.001 0.001 0.000 0.000 0.000 0.000 0.000 0.000 0.000 0.000 0.000 0.000 0.000 0.000 0.000 0.000 0.000 0.000 0.000 0.000 0.000 0.000 0.000 0.000 0.000 0.000 0.000 0.000 0.000 0.000 0.000 0.000 0.000 0.000 0.000 0.000 0.000 0.000 0.000 0.000 0.000 0.000 0.000 0.000 0.000 0.000 0.000 0.000 0.000 0.000 0.000 0.000 0.000 0.000 0.000
0.002 0.002 0.003 0.003 0.003 0.003 0.002 0.002 0.002 0.001 0.001 0.001 0.001 0.001 0.001 0.001 0.001 0.001 0.001 0.001 0.001 0.001 0.001 0.001 0.001 0.001 0.001 0.001 0.001 0.000 0.000 0.000 0.000 0.000 0.000 0.000 0.000 0.000 0.000 0.000 0.000 0.000 0.000 0.000 0.000 0.000 0.000 0.000 0.000 0.000 0.000 0.000 0.000 0.000 0.000 0.000 0.000 0.000 0.000 0.000 0.000 0.000 0.000 0.000 0.000 0.000 0.000 0.000 0.000 0.000 0.000 0.000 0.000 0.000 0.000 0.000 0.000
0.003 0.003 0.003 0.004 0.003 0.003 0.003 0.003 0.002 0.002 0.002 0.002 0.002 0.002 0.002 0.002 0.002 0.002 0.002 0.002 0.001 0.001 0.001 0.001 0.001 0.001 0.001 0.001 0.001 0.001 0.001 0.000 0.000 0.000 0.000 0.000 0.000 0.000 0.000 0.000 0.000 0.000 0.000 0.000 0.000 0.000 0.000 0.000 0.000 0.000 0.000 0.000 0.000 0.000 0.000 0.000 0.000 0.000 0.000 0.000 0.000 0.000 0.000 0.000 0.000 0.000 0.000 0.000 0.000 0.000 0.000 0.000 0.000 0.000 0.000 0.000 0.000
0.003 0.004 0.004 0.004 0.004 0.004 0.004 0.003 0.003 0.003 0.003 0.003 0.004 0.004 0.004 0.004 0.004 0.003 0.003 0.003 0.002 0.002 0.002 0.001 0.001 0.001 0.001 0.001 0.001 0.001 0.001 0.001 0.000 0.000 0.000 0.000 0.000 0.000 0.000 0.000 0.000 0.000 0.000 0.000 0.000 0.000 0.000 0.000 0.000 0.000 0.000 0.000 0.000 0.000 0.000 0.000 0.000 0.000 0.000 0.000 0.000 0.000 0.000 0.000 0.000 0.000 0.000 0.000 0.000 0.000 0.000 0.000 0.000 0.000 0.000 0.000 0.000
0.004 0.004 0.004 0.004 0.004 0.004 0.004 0.003 0.003 0.003 0.004 0.005 0.006 0.007 0.007 0.007 0.007 0.007 0.006 0.006 0.005 0.003 0.003 0.002 0.002 0.002 0.002 0.001 0.001 0.001 0.001 0.001 0.001 0.000 0.000 0.000 0.000 0.000 0.000 0.000 0.000 0.000 0.000 0.000 0.000 0.000 0.000 0.000 0.000 0.000 0.000 0.000 0.000 0.000 0.000 0.000 0.000 0.000 0.000 0.000 0.000 0.000 0.000 0.000 0.000 0.000 0.000 0.000 0.000 0.000 0.000 0.000 0.000 0.000 0.000 0.000 0.000
0.004 0.004 0.004 0.004 0.004 0.004 0.004 0.003 0.003 0.004 0.004 0.005 0.007 0.009 0.010 0.010 0.010 0.010 0.010 0.009 0.007 0.006 0.004 0.003 0.003 0.002 0.002 0.002 0.001 0.001 0.001 0.001 0.001 0.001 0.000 0.000 0.000 0.000 0.000 0.000 0.000 0.000 0.000 0.000 0.000 0.000 0.000 0.000 0.000 0.000 0.000 0.000 0.000 0.000 0.000 0.000 0.000 0.000 0.000 0.000 0.000 0.000 0.000 0.000 0.000 0.000 0.000 0.000 0.000 0.000 0.000 0.000 0.000 0.000 0.000 0.000 0.000
0.004 0.004 0.004 0.003 0.003 0.003 0.003 0.003 0.003 0.004 0.004 0.005 0.007 0.009 0.011 0.011 0.011 0.011 0.011 0.010 0.009 0.007 0.005 0.004 0.003 0.003 0.002 0.002 0.001 0.001 0.001 0.001 0.001 0.001 0.000 0.000 0.000 0.000 0.000 0.000 0.000 0.000 0.000 0.000 0.000 0.000 0.000 0.000 0.000 0.000 0.000 0.000 0.000 0.000 0.000 0.000 0.000 0.000 0.000 0.000 0.000 0.000 0.000 0.000 0.000 0.000 0.000 0.000 0.000 0.000 0.000 0.000 0.000 0.000 0.000 0.000 0.000
0.004 0.003 0.003 0.003 0.003 0.003 0.003 0.003 0.003 0.003 0.004 0.004 0.006 0.008 0.010 0.011 0.011 0.011 0.011 0.010 0.009 0.007 0.006 0.004 0.003 0.003 0.002 0.002 0.001 0.001 0.001 0.001 0.001 0.001 0.001 0.000 0.000 0.000 0.000 0.000 0.000 0.000 0.000 0.000 0.000 0.000 0.000 0.000 0.000 0.000 0.000 0.000 0.000 0.000 0.000 0.000 0.000 0.000 0.000 0.000 0.000 0.000 0.000 0.000 0.000 0.000 0.000 0.000 0.000 0.000 0.000 0.000 0.000 0.000 0.000 0.000 0.000
0.004 0.003 0.003 0.003 0.003 0.003 0.003 0.003 0.003 0.003 0.003 0.003 0.004 0.006 0.008 0.009 0.010 0.010 0.009 0.009 0.008 0.007 0.006 0.004 0.003 0.003 0.002 0.002 0.001 0.001 0.001 0.001 0.001 0.001 0.001 0.001 0.000 0.000 0.000 0.000 0.000 0.000 0.000 0.000 0.000 0.000 0.000 0.000 0.000 0.000 0.000 0.000 0.000 0.000 0.000 0.000 0.000 0.000 0.000 0.000 0.000 0.000 0.000 0.000 0.000 0.000 0.000 0.000 0.000 0.000 0.000 0.000 0.000 0.000 0.000 0.000 0.000
0.004 0.003 0.003 0.003 0.003 0.002 0.002 0.002 0.002 0.002 0.002 0.003 0.003 0.004 0.005 0.006 0.006 0.006 0.006 0.007 0.006 0.006 0.005 0.004 0.003 0.002 0.002 0.001 0.001 0.001 0.001 0.001 0.001 0.001 0.001 0.001 0.001 0.000 0.000 0.000 0.000 0.000 0.000 0.000 0.000 0.000 0.000 0.000 0.000 0.000 0.000 0.000 0.000 0.000 0.000 0.000 0.000 0.000 0.000 0.000 0.000 0.000 0.000 0.000 0.000 0.000 0.000 0.000 0.000 0.000 0.000 0.000 0.000 0.000 0.000 0.000 0.000
0.004 0.003 0.003 0.003 0.003 0.002 0.002 0.002 0.002 0.002 0.002 0.002 0.002 0.003 0.003 0.003 0.004 0.004 0.004 0.004 0.004 0.004 0.004 0.004 0.003 0.002 0.002 0.001 0.001 0.001 0.001 0.001 0.001 0.001 0.001 0.001 0.001 0.001 0.001 0.000 0.000 0.000 0.000 0.000 0.000 0.000 0.000 0.000 0.000 0.000 0.000 0.000 0.000 0.000 0.000 0.000 0.000 0.000 0.000 0.000 0.000 0.000 0.000 0.000 0.000 0.000 0.000 0.000 0.000 0.000 0.000 0.000 0.000 0.000 0.000 0.000 0.000
0.004 0.003 0.003 0.003 0.003 0.002 0.002 0.002 0.002 0.002 0.002 0.002 0.002 0.002 0.002 0.003 0.003 0.003 0.003 0.003 0.003 0.003 0.003 0.003 0.002 0.002 0.002 0.001 0.001 0.001 0.001 0.001 0.001 0.001 0.001 0.001 0.001 0.001 0.001 0.001 0.001 0.000 0.000 0.000 0.000 0.000 0.000 0.000 0.000 0.000 0.000 0.000 0.000 0.000 0.000 0.000 0.000 0.000 0.000 0.000 0.000 0.000 0.000 0.000 0.000 0.000 0.000 0.000 0.000 0.000 0.000 0.000 0.000 0.000 0.000 0.000 0.000
0.004 0.004 0.003 0.003 0.003 0.002 0.002 0.002 0.002 0.002 0.002 0.002 0.002 0.002 0.002 0.002 0.002 0.002 0.002 0.002 0.002 0.002 0.002 0.002 0.002 0.002 0.002 0.001 0.001 0.001 0.001 0.001 0.001 0.001 0.001 0.001 0.001 0.001 0.001 0.001 0.001 0.001 0.001 0.001 0.001 0.000 0.000 0.000 0.000 0.000 0.000 0.000 0.000 0.000 0.000 0.000 0.000 0.000 0.000 0.000 0.000 0.000 0.000 0.000 0.000 0.000 0.000 0.000 0.000 0.000 0.000 0.000 0.000 0.000 0.000 0.000 0.000
0.007 0.005 0.004 0.003 0.003 0.003 0.002 0.002 0.002 0.002 0.002 0.002 0.002 0.002 0.002 0.002 0.002 0.002 0.002 0.002 0.002 0.002 0.002 0.002 0.002 0.002 0.002 0.001 0.001 0.001 0.001 0.001 0.001 0.001 0.001 0.001 0.001 0.001 0.001 0.001 0.001 0.001 0.001 0.001 0.001 0.001 0.001 0.001 0.001 0.001 0.001 0.001 0.001 0.001 0.001 0.000 0.000 0.000 0.000 0.000 0.000 0.000 0.000 0.000 0.000 0.000 0.000 0.000 0.000 0.000 0.000 0.000 0.000 0.000 0.000 0.000 0.000
0.017 0.011 0.007 0.005 0.004 0.003 0.003 0.003 0.002 0.002 0.002 0.002 0.002 0.002 0.002 0.002 0.002 0.002 0.002 0.002 0.002 0.002 0.002 0.002 0.002 0.002 0.002 0.002 0.001 0.001 0.001 0.001 0.001 0.001 0.001 0.001 0.001 0.001 0.001 0.001 0.001 0.001 0.001 0.001 0.001 0.001 0.001 0.001 0.001 0.001 0.001 0.001 0.001 0.001 0.001 0.001 0.001 0.001 0.001 0.001 0.000 0.000 0.000 0.000 0.000 0.000 0.000 0.000 0.000 0.000 0.000 0.000 0.000 0.000 0.000 0.000 0.000
0.063 0.035 0.020 0.012 0.008 0.006 0.004 0.004 0.003 0.003 0.003 0.003 0.002 0.002 0.002 0.002 0.002 0.002 0.002 0.002 0.002 0.002 0.002 0.002 0.002 0.002 0.002 0.002 0.002 0.002 0.001 0.001 0.001 0.001 0.001 0.001 0.001 0.001 0.001 0.001 0.001 0.001 0.001 0.001 0.001 0.001 0.001 0.001 0.001 0.001 0.001 0.001 0.001 0.001 0.001 0.001 0.001 0.001 0.001 0.001 0.001 0.001 0.001 0.001 0.001 0.001 0.001 0.001 0.001 0.001 0.001 0.000 0.000 0.000 0.000 0.000 0.000
0.256 0.139 0.074 0.040 0.022 0.014 0.009 0.006 0.005 0.004 0.004 0.003 0.003 0.003 0.003 0.002 0.002 0.002 0.002 0.002 0.002 0.002 0.002 0.002 0.002 0.002 0.002 0.002 0.002 0.002 0.002 0.002 0.002 0.002 0.001 0.001 0.001 0.001 0.001 0.001 0.001 0.001 0.001 0.001 0.001 0.001 0.001 0.001 0.001 0.001 0.001 0.001 0.001 0.001 0.001 0.001 0.001 0.001 0.001 0.001 0.001 0.001 0.001 0.001 0.001 0.001 0.001 0.001 0.001 0.001 0.001 0.001 0.001 0.001 0.001 0.001 0.001
0.838 0.510 0.286 0.152 0.079 0.043 0.025 0.015 0.011 0.008 0.007 0.006 0.005 0.004 0.004 0.003 0.003 0.002 0.002 0.002 0.002 0.002 0.002 0.002 0.002 0.002 0.002 0.002 0.002 0.002 0.002 0.002 0.002 0.002 0.002 0.001 0.001 0.001 0.001 0.001 0.001 0.001 0.001 0.001 0.001 0.002 0.002 0.002 0.002 0.002 0.002 0.002 0.002 0.002 0.001 0.001 0.001 0.001 0.001 0.001 0.001 0.001 0.001 0.001 0.001 0.001 0.001 0.001 0.001 0.001 0.001 0.001 0.001 0.001 0.001 0.001 0.001
1.924 1.319 0.844 0.502 0.279 0.148 0.080 0.047 0.030 0.021 0.015 0.012 0.009 0.007 0.006 0.005 0.004 0.003 0.003 0.003 0.002 0.002 0.002 0.002 0.002 0.002 0.002 0.002 0.002 0.002 0.002 0.002 0.002 0.002 0.002 0.002 0.002 0.002 0.002 0.002 0.002 0.002 0.002 0.002 0.002 0.002 0.002 0.003 0.003 0.003 0.003 0.003 0.002 0.002 0.002 0.002 0.002 0.002 0.001 0.001 0.001 0.001 0.001 0.001 0.001 0.001 0.001 0.002 0.002 0.001 0.001 0.001 0.001 0.001 0.001 0.001 0.001
3.416 2.539 1.800 1.209 0.763 0.454 0.262 0.155 0.097 0.065 0.046 0.033 0.023 0.017 0.012 0.009 0.007 0.006 0.005 0.004 0.004 0.003 0.003 0.003 0.003 0.003 0.003 0.003 0.003 0.003 0.003 0.003 0.002 0.002 0.002 0.002 0.002 0.002 0.002 0.002 0.002 0.002 0.002 0.002 0.003 0.003 0.003 0.004 0.004 0.004 0.004 0.004 0.004 0.004 0.003 0.003 0.003 0.003 0.002 0.002 0.002 0.002 0.002 0.002 0.002 0.002 0.003 0.003 0.003 0.003 0.002 0.001 0.001 0.001 0.001 0.001 0.001
5.124 4.021 3.061 2.243 1.575 1.061 0.701 0.465 0.313 0.217 0.153 0.106 0.071 0.046 0.031 0.021 0.015 0.011 0.008 0.007 0.006 0.005 0.005 0.004 0.004 0.004 0.004 0.004 0.004 0.003 0.003 0.003 0.003 0.003 0.003 0.003 0.003 0.003 0.003 0.003 0.003 0.003 0.003 0.003 0.004 0.004 0.005 0.005 0.005 0.006 0.006 0.005 0.005 0.006 0.005 0.005 0.005 0.004 0.004 0.004 0.004 0.003 0.003 0.003 0.003 0.004 0.005 0.007 0.007 0.006 0.005 0.002 0.002 0.001 0.001 0.001 0.001
6.935 5.620 4.474 3.484 2.647 1.967 1.446 1.066 0.791 0.593 0.444 0.322 0.219 0.141 0.087 0.055 0.036 0.024 0.018 0.014 0.011 0.009 0.008 0.007 0.006 0.006 0.005 0.005 0.005 0.005 0.004 0.004 0.004 0.004 0.003 0.003 0.003 0.003 0.004 0.004 0.004 0.004 0.004 0.005 0.005 0.005 0.006 0.007 0.007 0.008 0.008 0.008 0.008 0.009 0.009 0.009 0.009 0.008 0.008 0.008 0.007 0.006 0.006 0.006 0.006 0.007 0.012 0.017 0.018 0.016 0.011 0.005 0.003 0.002 0.001 0.001 0.001
8.855 7.312 5.970 4.822 3.865 3.079 2.441 1.933 1.537 1.225 0.967 0.741 0.541 0.374 0.244 0.155 0.099 0.065 0.044 0.033 0.025 0.019 0.016 0.013 0.011 0.010 0.009 0.008 0.007 0.007 0.006 0.006 0.005 0.005 0.005 0.005 0.005 0.005 0.005 0.005 0.006 0.006 0.006 0.006 0.007 0.007 0.008 0.009 0.010 0.010 0.011 0.012 0.013 0.015 0.016 0.016 0.016 0.016 0.015 0.015 0.014 0.013 0.012 0.012 0.013 0.018 0.031 0.043 0.046 0.042 0.028 0.013 0.005 0.003 0.002 0.001 0.001
10.920 9.127 7.580 6.266 5.179 4.284 3.554 2.951 2.450 2.028 1.657 1.324 1.029 0.770 0.551 0.380 0.259 0.176 0.122 0.086 0.062 0.045 0.034 0.027 0.022 0.019 0.016 0.013 0.011 0.010 0.009 0.008 0.007 0.007 0.007 0.007 0.007 0.007 0.008 0.008 0.009 0.009 0.009 0.009 0.010 0.010 0.011 0.012 0.013 0.014 0.016 0.019 0.022 0.025 0.028 0.029 0.029 0.029 0.029 0.028 0.028 0.027 0.027 0.027 0.030 0.043 0.073 0.102 0.109 0.101 0.072 0.033 0.012 0.005 0.002 0.002 0.001
13.083 11.049 9.298 7.827 6.597 5.571 4.722 4.005 3.391 2.859 2.383 1.971 1.607 1.280 0.987 0.739 0.546 0.400 0.291 0.210 0.150 0.106 0.077 0.059 0.047 0.038 0.031 0.025 0.019 0.016 0.013 0.011 0.011 0.010 0.010 0.010 0.011 0.012 0.013 0.014 0.014 0.014 0.014 0.014 0.015 0.015 0.015 0.016 0.018 0.021 0.026 0.032 0.039 0.044 0.048 0.051 0.051 0.051 0.050 0.049 0.049 0.049 0.050 0.052 0.059 0.077 0.119 0.164 0.181 0.176 0.140 0.076 0.030 0.011 0.004 0.002 0.002
15.292 13.034 11.109 9.491 8.110 6.938 5.951 5.096 4.350 3.697 3.124 2.637 2.210 1.823 1.475 1.176 0.926 0.719 0.551 0.414 0.305 0.221 0.163 0.124 0.097 0.076 0.059 0.045 0.034 0.026 0.021 0.018 0.016 0.015 0.015 0.016 0.018 0.020 0.022 0.023 0.023 0.023 0.023 0.023 0.022 0.022 0.023 0.024 0.027 0.033 0.042 0.055 0.066 0.073 0.076 0.077 0.074 0.071 0.069 0.067 0.067 0.067 0.067 0.070 0.076 0.094 0.135 0.189 0.214 0.214 0.188 0.127 0.060 0.022 0.008 0.004 0.002
17.442 15.065 12.998 11.221 9.690 8.366 7.220 6.216 5.337 4.564 3.897 3.321 2.822 2.371 1.972 1.625 1.326 1.070 0.851 0.666 0.512 0.388 0.294 0.226 0.176 0.138 0.107 0.081 0.059 0.043 0.033 0.028 0.025 0.025 0.025 0.028 0.031 0.035 0.038 0.039 0.039 0.039 0.037 0.035 0.034 0.033 0.034 0.036 0.041 0.052 0.069 0.084 0.093 0.096 0.095 0.091 0.084 0.079 0.077 0.076 0.074 0.074 0.074 0.076 0.081 0.096 0.134 0.189 0.218 0.222 0.207 0.160 0.090 0.039 0.015 0.006 0.003
19.489 17.054 14.899 12.995 11.320 9.833 8.524 7.373 6.358 5.479 4.707 4.040 3.456 2.940 2.485 2.083 1.729 1.422 1.155 0.928 0.738 0.583 0.458 0.360 0.284 0.225 0.176 0.134 0.099 0.073 0.056 0.047 0.044 0.044 0.046 0.051 0.057 0.062 0.064 0.065 0.065 0.063 0.059 0.053 0.051 0.050 0.051 0.056 0.065 0.077 0.092 0.101 0.105 0.104 0.100 0.093 0.085 0.080 0.078 0.076 0.075 0.074 0.074 0.075 0.079 0.091 0.119 0.171 0.208 0.217 0.207 0.173 0.114 0.056 0.024 0.010 0.005
21.505 19.018 16.819 14.806 12.990 11.360 9.907 8.614 7.469 6.476 5.592 4.824 4.144 3.549 3.025 2.558 2.147 1.785 1.468 1.198 0.969 0.781 0.627 0.507 0.413 0.334 0.265 0.205 0.157 0.120 0.095 0.083 0.079 0.080 0.085 0.092 0.101 0.106 0.108 0.108 0.106 0.099 0.088 0.079 0.075 0.074 0.077 0.083 0.089 0.094 0.100 0.105 0.106 0.104 0.098 0.088 0.078 0.073 0.070 0.069 0.068 0.068 0.068 0.069 0.071 0.077 0.093 0.132 0.178 0.196 0.194 0.174 0.129 0.073 0.034 0.015 0.007
23.509 21.013 18.791 16.695 14.747 13.011 11.404 9.973 8.700 7.582 6.584 5.701 4.916 4.222 3.603 3.055 2.579 2.163 1.798 1.482 1.210 0.981 0.793 0.644 0.529 0.440 0.363 0.295 0.236 0.190 0.160 0.144 0.140 0.140 0.143 0.151 0.163 0.170 0.171 0.167 0.156 0.141 0.126 0.116 0.110 0.107 0.106 0.104 0.101 0.099 0.100 0.101 0.100 0.095 0.085 0.073 0.063 0.056 0.052 0.051 0.051 0.052 0.053 0.054 0.055 0.056 0.062 0.083 0.128 0.160 0.169 0.163 0.136 0.089 0.045 0.021 0.010
25.542 23.112 20.888 18.745 16.689 14.805 13.023 11.450 10.045 8.790 7.663 6.662 5.760 4.949 4.225 3.586 3.032 2.557 2.140 1.775 1.457 1.186 0.960 0.775 0.631 0.525 0.447 0.384 0.330 0.286 0.254 0.235 0.225 0.221 0.219 0.222 0.229 0.231 0.227 0.212 0.191 0.173 0.161 0.151 0.142 0.133 0.122 0.111 0.103 0.097 0.093 0.088 0.082 0.072 0.059 0.047 0.038 0.033 0.031 0.030 0.031 0.032 0.033 0.034 0.035 0.036 0.039 0.051 0.082 0.121 0.140 0.143 0.132 0.100 0.058 0.029 0.015
27.821 25.443 23.257 21.045 18.888 16.854 14.898 13.130 11.568 10.145 8.869 7.733 6.692 5.751 4.920 4.186 3.544 2.988 2.501 2.080 1.711 1.394 1.127 0.906 0.731 0.600 0.512 0.452 0.408 0.374 0.346 0.326 0.309 0.294 0.283 0.278 0.275 0.271 0.259 0.237 0.211 0.193 0.182 0.171 0.159 0.145 0.127 0.110 0.097 0.085 0.072 0.060 0.048 0.038 0.030 0.025 0.021 0.019 0.018 0.018 0.019 0.019 0.020 0.021 0.021 0.022 0.025 0.032 0.052 0.089 0.116 0.124 0.122 0.106 0.072 0.039 0.021
