RESULTS/r.avaflow_results/14_results/14_ascii/14_hflow10046.asc
ncols 506
nrows 317
xllcenter 498237.50
yllcenter 5580050.00
cellsize 12.50
NODATA_value -9999.000
[rows 204 to 237 of 317, columns 77 to 153 of 506]
0.276 0.206 0.158 0.134 0.132 0.184 0.510 1.757 4.466 8.466 13.016 17.062 20.334 22.695 24.422 25.726 26.883 28.088 29.114 29.995 30.856 31.534 32.407 33.088 33.294 33.392 33.475 33.256 33.156 32.954 32.405 31.929 31.374 30.608 29.986 29.607 29.304 29.213 29.259 29.160 29.227 29.445 29.501 29.493 29.365 28.984 28.630 28.246 27.572 26.777 25.610 23.904 21.927 19.698 17.443 15.409 13.599 11.991 10.525 9.181 8.001 6.978 6.123 5.398 4.759 4.156 3.536 2.867 2.213 1.660 1.247 1.000 0.916 0.937 1.115 1.563 2.221
0.258 0.195 0.150 0.127 0.123 0.159 0.413 1.489 4.048 8.008 12.698 16.972 20.452 22.889 24.552 25.715 26.743 27.808 28.642 29.332 30.005 30.487 31.215 31.934 32.240 32.381 32.518 32.310 32.171 31.913 31.355 30.905 30.339 29.492 28.718 28.210 27.795 27.551 27.503 27.404 27.480 27.729 27.939 28.058 28.116 27.807 27.330 26.724 25.849 24.846 23.542 21.663 19.386 16.816 14.434 12.383 10.563 8.979 7.600 6.429 5.521 4.853 4.393 4.027 3.679 3.304 2.868 2.340 1.809 1.381 1.086 0.948 0.937 1.063 1.427 2.015 2.600
0.249 0.188 0.148 0.126 0.121 0.139 0.297 1.100 3.298 6.977 11.610 16.236 20.084 22.709 24.422 25.489 26.306 27.144 27.745 28.244 28.799 29.106 29.467 30.031 30.398 30.642 30.857 30.661 30.513 30.379 29.955 29.589 29.108 28.312 27.526 26.874 26.297 25.916 25.819 25.708 25.785 26.105 26.437 26.638 26.760 26.470 25.920 25.087 23.976 22.648 21.073 18.987 16.493 13.922 11.646 9.646 7.914 6.450 5.280 4.393 3.783 3.413 3.214 3.066 2.893 2.658 2.332 1.912 1.509 1.204 1.021 0.966 1.032 1.282 1.727 2.271 2.710
0.254 0.191 0.151 0.131 0.125 0.132 0.200 0.636 2.216 5.356 9.721 14.694 19.094 22.063 23.917 24.913 25.526 26.059 26.418 26.795 27.152 27.254 27.362 27.678 28.091 28.456 28.598 28.457 28.415 28.351 28.069 27.833 27.475 26.842 26.168 25.371 24.644 24.148 23.903 23.766 23.874 24.151 24.512 24.856 25.021 24.799 24.299 23.303 21.900 20.226 18.274 15.952 13.552 11.260 9.204 7.391 5.885 4.684 3.786 3.170 2.797 2.604 2.510 2.432 2.324 2.150 1.889 1.561 1.278 1.086 0.998 1.004 1.131 1.420 1.849 2.303 2.671
0.298 0.219 0.174 0.149 0.139 0.139 0.162 0.335 1.192 3.449 7.293 12.408 17.439 20.884 22.959 24.080 24.567 24.871 25.025 25.214 25.363 25.227 25.108 25.219 25.497 25.943 26.232 26.129 26.010 26.025 25.915 25.812 25.627 25.172 24.590 23.802 22.955 22.302 21.941 21.776 21.826 22.047 22.431 22.892 23.130 22.959 22.421 21.317 19.705 17.712 15.492 13.194 11.014 9.008 7.247 5.744 4.535 3.626 2.996 2.583 2.326 2.171 2.071 1.992 1.897 1.743 1.516 1.271 1.093 0.995 0.971 1.014 1.163 1.446 1.841 2.211 2.517
0.418 0.301 0.234 0.193 0.167 0.156 0.161 0.217 0.576 1.917 4.905 9.657 15.162 19.157 21.508 22.843 23.364 23.609 23.558 23.448 23.205 22.720 22.342 22.389 22.728 23.170 23.386 23.269 23.225 23.233 23.121 23.076 23.076 22.851 22.485 21.892 21.029 20.246 19.746 19.461 19.411 19.590 19.984 20.567 20.845 20.667 20.136 19.003 17.296 15.192 12.941 10.831 8.946 7.255 5.812 4.636 3.731 3.071 2.607 2.279 2.044 1.877 1.765 1.680 1.578 1.419 1.202 1.028 0.929 0.897 0.913 0.985 1.139 1.387 1.702 1.983 2.238
0.645 0.465 0.351 0.276 0.223 0.190 0.179 0.194 0.311 0.921 2.845 6.747 12.239 16.823 19.723 21.383 21.946 22.102 21.891 21.631 21.194 20.527 19.955 19.813 19.994 20.303 20.651 20.693 20.677 20.643 20.535 20.458 20.424 20.294 20.095 19.654 18.926 18.230 17.683 17.160 16.809 16.841 17.142 17.820 18.210 18.061 17.511 16.406 14.824 12.878 10.827 8.967 7.352 5.964 4.826 3.925 3.234 2.710 2.316 2.022 1.803 1.645 1.537 1.445 1.334 1.168 0.957 0.817 0.762 0.761 0.792 0.866 0.983 1.145 1.343 1.541 1.742
1.002 0.740 0.554 0.424 0.326 0.257 0.222 0.216 0.250 0.447 1.343 3.863 8.495 13.705 17.371 19.558 20.422 20.597 20.371 20.092 19.679 19.022 18.319 17.970 17.929 18.044 18.371 18.634 18.828 18.874 18.759 18.586 18.395 18.183 18.004 17.772 17.285 16.702 16.088 15.389 14.703 14.365 14.417 14.870 15.187 15.088 14.631 13.731 12.452 10.839 9.086 7.510 6.166 5.052 4.143 3.410 2.827 2.380 2.039 1.783 1.590 1.449 1.349 1.255 1.143 0.981 0.781 0.639 0.571 0.554 0.562 0.585 0.618 0.663 0.735 0.847 0.982
1.502 1.152 0.876 0.671 0.507 0.383 0.305 0.273 0.276 0.334 0.621 1.798 4.741 9.606 14.370 17.359 18.664 18.952 18.945 18.890 18.732 18.344 17.605 17.058 16.791 16.761 16.964 17.369 17.761 17.948 17.892 17.639 17.249 16.915 16.721 16.548 16.187 15.733 15.117 14.383 13.560 12.695 11.990 11.819 11.883 11.834 11.579 11.021 10.161 8.995 7.620 6.323 5.229 4.326 3.571 2.951 2.455 2.069 1.773 1.551 1.388 1.268 1.179 1.092 0.987 0.843 0.659 0.504 0.400 0.335 0.292 0.261 0.245 0.243 0.263 0.315 0.391
2.149 1.717 1.346 1.050 0.800 0.596 0.456 0.384 0.361 0.376 0.474 0.889 2.393 5.781 10.672 14.534 16.411 17.252 17.819 18.198 18.472 18.551 18.072 17.547 17.054 16.931 16.993 17.428 17.938 18.194 18.173 17.866 17.343 16.840 16.642 16.455 16.133 15.756 15.176 14.452 13.594 12.397 10.428 8.712 8.078 8.059 8.204 8.207 7.827 7.128 6.184 5.177 4.325 3.620 3.025 2.524 2.109 1.776 1.515 1.323 1.186 1.091 1.019 0.947 0.858 0.732 0.567 0.404 0.280 0.190 0.129 0.091 0.072 0.066 0.067 0.083 0.113
2.922 2.443 1.974 1.580 1.229 0.930 0.712 0.585 0.529 0.518 0.555 0.738 1.433 3.475 7.304 11.534 14.244 16.011 17.399 18.366 19.288 20.495 20.829 20.408 19.625 19.324 19.321 19.687 20.365 20.648 20.630 20.241 19.503 18.714 18.381 18.146 17.849 17.546 17.066 16.392 15.375 13.557 9.858 6.195 4.590 4.261 4.485 5.034 5.336 5.161 4.694 4.040 3.425 2.920 2.491 2.115 1.787 1.502 1.269 1.096 0.979 0.910 0.861 0.810 0.741 0.635 0.486 0.321 0.193 0.106 0.055 0.030 0.019 0.016 0.015 0.018 0.027
3.797 3.313 2.760 2.255 1.804 1.408 1.104 0.912 0.817 0.783 0.786 0.878 1.292 2.578 5.298 9.305 13.081 15.797 17.981 20.278 21.637 22.273 22.120 21.412 20.556 20.230 20.290 20.571 21.275 21.528 21.508 21.084 20.282 19.427 19.038 18.761 18.459 18.181 17.737 17.113 16.083 14.162 9.747 4.716 2.357 1.682 1.710 2.189 2.813 3.081 3.068 2.848 2.522 2.221 1.959 1.713 1.478 1.246 1.034 0.867 0.758 0.702 0.676 0.654 0.616 0.535 0.401 0.240 0.123 0.056 0.024 0.010 0.005 0.004 0.003 0.004 0.005
4.758 4.283 3.671 3.046 2.497 2.020 1.642 1.390 1.255 1.197 1.183 1.228 1.518 2.500 4.701 8.373 13.136 17.240 19.891 21.664 22.311 22.052 21.123 20.157 19.413 19.135 19.220 19.467 20.020 20.250 20.229 19.829 19.124 18.227 17.716 17.263 16.790 16.317 15.795 15.166 14.244 12.712 9.146 3.853 1.225 0.503 0.416 0.565 0.968 1.313 1.492 1.557 1.530 1.462 1.382 1.279 1.145 0.977 0.784 0.609 0.486 0.425 0.411 0.413 0.410 0.370 0.271 0.143 0.063 0.025 0.009 0.003 0.002 0.001 0.001 0.001 0.001
5.676 5.183 4.539 3.860 3.259 2.737 2.316 2.020 1.854 1.789 1.783 1.853 2.162 3.123 5.329 9.188 14.615 18.612 20.362 20.901 20.717 19.937 18.612 17.429 16.758 16.519 16.580 16.742 17.093 17.414 17.477 17.211 16.689 15.832 15.132 14.347 13.437 12.424 11.563 10.719 9.856 8.861 6.727 2.599 0.525 0.117 0.074 0.082 0.168 0.324 0.470 0.588 0.668 0.708 0.719 0.711 0.674 0.589 0.453 0.316 0.226 0.180 0.167 0.169 0.172 0.161 0.117 0.057 0.023 0.008 0.003 0.001 0.001 0.001 0.001 0.001 0.001
6.498 5.959 5.274 4.610 4.034 3.534 3.118 2.812 2.649 2.611 2.687 3.018 3.837 5.492 8.469 12.227 15.805 17.770 18.348 18.003 17.280 16.140 14.770 13.643 12.963 12.638 12.576 12.613 12.796 13.150 13.313 13.225 12.916 12.264 11.482 10.468 9.251 7.827 6.604 5.562 4.720 3.943 2.748 0.877 0.115 0.016 0.010 0.010 0.016 0.040 0.081 0.132 0.187 0.231 0.257 0.264 0.256 0.229 0.176 0.115 0.074 0.053 0.047 0.047 0.048 0.046 0.034 0.016 0.006 0.002 0.001 0.001 0.001 0.001 0.001 0.001 0.001
7.199 6.589 5.892 5.300 4.810 4.392 4.058 3.833 3.737 3.916 4.511 5.650 7.510 9.464 11.461 13.526 14.768 15.062 14.607 13.612 12.475 11.298 10.106 9.102 8.324 7.828 7.602 7.552 7.645 7.959 8.291 8.452 8.412 8.168 7.706 6.923 5.754 4.252 3.040 2.189 1.621 1.160 0.629 0.139 0.009 0.002 0.001 0.001 0.002 0.003 0.008 0.018 0.032 0.048 0.059 0.063 0.063 0.059 0.046 0.029 0.017 0.012 0.011 0.011 0.011 0.011 0.008 0.003 0.002 0.001 0.001 0.001 0.001 0.001 0.001 0.001 0.001
7.766 7.119 6.460 5.947 5.584 5.338 5.188 5.287 5.728 6.709 8.391 9.857 10.819 11.392 11.881 12.376 12.146 11.384 10.203 8.814 7.566 6.538 5.637 4.817 4.102 3.605 3.367 3.308 3.339 3.528 3.900 4.276 4.477 4.530 4.395 3.932 3.002 1.836 1.052 0.628 0.405 0.244 0.091 0.012 0.001 0.001 0.001 0.001 0.001 0.001 0.001 0.002 0.004 0.008 0.011 0.012 0.012 0.012 0.010 0.006 0.004 0.002 0.002 0.002 0.002 0.002 0.002 0.001 0.001 0.001 0.001 0.001 0.001 0.001 0.001 0.001 0.001
8.212 7.576 6.997 6.583 6.370 6.435 6.999 8.141 9.781 11.172 12.001 12.241 11.913 11.460 10.962 10.259 9.289 8.101 6.676 5.219 4.036 3.148 2.467 1.891 1.420 1.115 0.977 0.943 0.950 1.023 1.216 1.502 1.728 1.840 1.849 1.666 1.156 0.577 0.274 0.144 0.082 0.039 0.011 0.001 0.001 0.001 0.001 0.001 0.001 0.001 0.001 0.001 0.001 0.001 0.002 0.002 0.002 0.002 0.002 0.001 0.001 0.001 0.001 0.001 0.001 0.001 0.001 0.001 0.001 0.001 0.001 0.001 0.001 0.001 0.001 0.001 0.001
8.578 8.006 7.537 7.242 7.160 7.875 10.495 12.640 13.588 13.892 13.569 12.976 12.182 11.145 9.952 8.654 7.305 5.868 4.405 3.105 2.113 1.438 0.977 0.628 0.383 0.251 0.201 0.190 0.190 0.202 0.243 0.331 0.423 0.477 0.495 0.461 0.305 0.134 0.059 0.028 0.013 0.005 0.001 0.001 0.001 0.001 0.001 0.001 0.001 0.001 0.001 0.001 0.001 0.001 0.001 0.001 0.001 0.001 0.001 0.001 0.001 0.001 0.001 0.001 0.001 0.001 0.001 0.001 0.001 0.001 0.001 0.001 0.001 0.001 0.001 0.001 0.001
8.904 8.398 8.083 7.945 8.206 10.182 13.914 15.490 15.381 15.004 14.356 13.381 12.193 10.774 9.214 7.674 6.171 4.695 3.358 2.269 1.473 0.933 0.565 0.309 0.154 0.079 0.050 0.040 0.037 0.037 0.043 0.057 0.078 0.090 0.096 0.094 0.064 0.026 0.011 0.004 0.002 0.001 0.001 0.001 0.001 0.001 0.001 0.001 0.001 0.001 0.001 0.001 0.001 0.001 0.001 0.001 0.001 0.001 0.001 0.001 0.001 0.001 0.001 0.001 0.001 0.001 0.001 0.001 0.001 0.001 0.001 0.001 0.001 0.001 0.001 0.001 0.001
9.230 8.771 8.568 8.753 10.355 13.830 16.344 16.710 16.400 15.762 14.844 13.653 12.181 10.539 8.782 7.154 5.646 4.269 3.073 2.097 1.354 0.819 0.453 0.223 0.101 0.047 0.025 0.016 0.012 0.010 0.009 0.010 0.013 0.015 0.016 0.016 0.012 0.005 0.002 0.001 0.001 0.001 0.001 0.001 0.001 0.001 0.001 0.001 0.001 0.001 0.001 0.001 0.001 0.001 0.001 0.001 0.001 0.001 0.001 0.001 0.001 0.001 0.001 0.001 0.001 0.001 0.001 0.001 0.001 0.001 0.001 0.001 0.001 0.001 0.001 0.001 0.001
9.560 9.167 9.029 9.948 13.646 16.882 17.543 17.335 16.879 16.103 15.030 13.756 12.159 10.397 8.596 6.987 5.532 4.227 3.084 2.128 1.365 0.792 0.407 0.186 0.081 0.037 0.020 0.012 0.008 0.006 0.004 0.003 0.002 0.002 0.002 0.002 0.002 0.001 0.001 0.001 0.001 0.001 0.001 0.001 0.001 0.001 0.001 0.001 0.001 0.001 0.001 0.001 0.001 0.001 0.001 0.001 0.001 0.001 0.001 0.001 0.001 0.001 0.001 0.001 0.001 0.001 0.001 0.001 0.001 0.001 0.001 0.001 0.001 0.001 0.001 0.001 0.001
9.935 9.664 9.812 11.904 16.288 18.115 18.064 17.726 17.124 16.263 15.102 13.783 12.166 10.375 8.635 7.073 5.662 4.401 3.268 2.271 1.423 0.781 0.373 0.161 0.069 0.033 0.018 0.011 0.007 0.005 0.003 0.002 0.001 0.001 0.001 0.001 0.001 0.001 0.000 0.001 0.001 0.001 0.001 0.001 0.001 0.001 0.001 0.001 0.001 0.001 0.001 0.001 0.001 0.001 0.001 0.001 0.001 0.001 0.001 0.001 0.001 0.001 0.001 0.001 0.001 0.001 0.001 0.001 0.001 0.001 0.001 0.001 0.001 0.001 0.001 0.001 0.001
10.390 10.407 11.649 15.056 17.932 18.458 18.284 17.896 17.220 16.293 15.106 13.768 12.162 10.441 8.835 7.354 5.963 4.664 3.461 2.378 1.450 0.760 0.340 0.138 0.059 0.030 0.017 0.011 0.007 0.004 0.002 0.001 0.001 0.001 0.000 0.000 0.000 0.000 0.000 0.000 0.001 0.001 0.001 0.001 0.001 0.001 0.001 0.001 0.001 0.001 0.001 0.001 0.001 0.001 0.001 0.001 0.001 0.001 0.001 0.001 0.001 0.001 0.001 0.001 0.001 0.001 0.001 0.001 0.001 0.001 0.001 0.001 0.001 0.001 0.001 0.001 0.001
10.943 12.004 15.049 17.801 18.495 18.531 18.309 17.889 17.143 16.196 15.060 13.736 12.189 10.563 9.028 7.551 6.116 4.753 3.502 2.383 1.423 0.714 0.300 0.117 0.052 0.028 0.017 0.011 0.007 0.004 0.002 0.001 0.001 0.000 0.000 0.000 0.000 0.000 0.000 0.000 0.000 0.000 0.000 0.000 0.001 0.001 0.001 0.001 0.001 0.001 0.001 0.001 0.001 0.001 0.001 0.001 0.001 0.001 0.001 0.001 0.001 0.001 0.001 0.001 0.001 0.001 0.001 0.001 0.001 0.001 0.001 0.001 0.001 0.001 0.001 0.001 0.001
11.787 14.808 17.872 18.672 18.609 18.577 18.235 17.745 16.958 16.020 14.961 13.704 12.235 10.671 9.143 7.644 6.156 4.739 3.443 2.277 1.295 0.609 0.241 0.096 0.047 0.028 0.018 0.011 0.007 0.004 0.002 0.001 0.001 0.000 0.000 0.000 0.000 0.000 0.000 0.001 0.001 0.001 0.001 0.001 0.001 0.001 0.001 0.001 0.001 0.001 0.001 0.001 0.001 0.001 0.001 0.001 0.001 0.001 0.001 0.001 0.001 0.001 0.001 0.001 0.001 0.001 0.001 0.001 0.001 0.001 0.001 0.001 0.001 0.001 0.001 0.001 0.001
13.418 17.227 18.965 19.013 18.854 18.608 18.165 17.600 16.779 15.824 14.797 13.585 12.209 10.747 9.224 7.689 6.135 4.615 3.217 1.984 1.028 0.445 0.178 0.081 0.045 0.028 0.018 0.011 0.006 0.003 0.001 0.001 0.000 0.000 0.000 0.000 0.000 0.000 0.000 0.000 0.000 0.000 0.000 0.000 0.001 0.001 0.001 0.001 0.001 0.001 0.001 0.001 0.001 0.001 0.001 0.001 0.001 0.001 0.001 0.001 0.001 0.001 0.001 0.001 0.001 0.001 0.001 0.001 0.001 0.001 0.001 0.001 0.001 0.001 0.001 0.001 0.001
16.414 18.892 19.335 19.210 18.999 18.617 18.112 17.542 16.712 15.736 14.658 13.415 12.107 10.731 9.234 7.688 6.054 4.381 2.862 1.622 0.785 0.339 0.150 0.077 0.045 0.028 0.018 0.010 0.005 0.002 0.001 0.001 0.000 0.000 0.000 0.000 0.000 0.000 0.000 0.000 0.001 0.001 0.001 0.001 0.001 0.001 0.001 0.001 0.001 0.001 0.001 0.001 0.001 0.001 0.001 0.001 0.001 0.001 0.001 0.001 0.001 0.001 0.001 0.001 0.001 0.001 0.001 0.001 0.001 0.001 0.000 0.001 0.001 0.001 0.001 0.001 0.001
18.967 19.575 19.515 19.380 19.175 18.748 18.208 17.609 16.793 15.791 14.626 13.338 12.040 10.707 9.233 7.637 5.892 4.127 2.582 1.407 0.671 0.300 0.143 0.076 0.045 0.028 0.017 0.009 0.004 0.002 0.001 0.000 0.000 0.000 0.000 0.000 0.000 0.000 0.000 0.001 0.001 0.001 0.001 0.001 0.001 0.001 0.001 0.001 0.001 0.001 0.001 0.001 0.001 0.001 0.001 0.001 0.001 0.001 0.001 0.001 0.001 0.001 0.001 0.001 0.001 0.001 0.001 0.001 0.001 0.001 0.001 0.000 0.001 0.001 0.001 0.001 0.001
19.757 19.787 19.671 19.499 19.335 18.951 18.399 17.719 16.863 15.831 14.644 13.332 12.010 10.668 9.186 7.545 5.692 3.884 2.368 1.276 0.615 0.286 0.140 0.075 0.043 0.025 0.014 0.006 0.003 0.001 0.001 0.000 0.000 0.000 0.000 0.001 0.000 0.000 0.000 0.001 0.001 0.001 0.001 0.001 0.001 0.001 0.001 0.001 0.001 0.001 0.001 0.001 0.001 0.001 0.001 0.001 0.001 0.001 0.001 0.001 0.001 0.000 0.001 0.001 0.001 0.001 0.001 0.001 0.001 0.001 0.001 0.000 0.000 0.001 0.001 0.001 0.001
19.885 19.836 19.682 19.537 19.375 19.035 18.552 17.862 16.945 15.884 14.695 13.385 12.033 10.643 9.097 7.365 5.427 3.635 2.181 1.169 0.571 0.272 0.135 0.071 0.038 0.020 0.009 0.004 0.001 0.001 0.000 0.000 0.000 0.000 0.000 0.000 0.000 0.000 0.000 0.001 0.001 0.001 0.001 0.001 0.001 0.001 0.001 0.001 0.001 0.001 0.001 0.001 0.001 0.001 0.001 0.001 0.001 0.001 0.001 0.001 0.001 0.000 0.000 0.001 0.001 0.001 0.001 0.001 0.001 0.001 0.001 0.001 0.000 0.000 0.001 0.001 0.001
19.834 19.792 19.638 19.487 19.363 19.071 18.622 17.959 17.044 15.953 14.698 13.364 11.997 10.575 8.955 7.124 5.131 3.379 1.999 1.063 0.520 0.250 0.123 0.060 0.029 0.013 0.005 0.002 0.001 0.001 0.000 0.000 0.000 0.000 0.000 0.000 0.000 0.000 0.000 0.001 0.001 0.001 0.001 0.001 0.001 0.001 0.001 0.001 0.001 0.001 0.001 0.001 0.001 0.001 0.001 0.001 0.001 0.001 0.001 0.001 0.001 0.001 0.000 0.000 0.000 0.001 0.001 0.001 0.001 0.001 0.001 0.001 0.001 0.000 0.000 0.001 0.001
19.762 19.619 19.486 19.341 19.281 19.041 18.615 17.988 17.080 15.937 14.627 13.243 11.832 10.358 8.677 6.780 4.797 3.111 1.807 0.935 0.442 0.205 0.094 0.042 0.017 0.006 0.002 0.001 0.001 0.000 0.000 0.000 0.000 0.000 0.000 0.000 0.000 0.000 0.000 0.001 0.001 0.001 0.001 0.001 0.001 0.001 0.001 0.001 0.001 0.001 0.001 0.001 0.001 0.001 0.001 0.001 0.001 0.001 0.001 0.001 0.001 0.001 0.001 0.000 0.000 0.000 0.001 0.001 0.001 0.001 0.001 0.001 0.001 0.001 0.000 0.001 0.001
19.583 19.299 19.152 19.016 18.963 18.773 18.486 17.924 17.016 15.846 14.492 12.989 11.483 9.945 8.214 6.296 4.379 2.766 1.537 0.744 0.320 0.130 0.052 0.020 0.008 0.003 0.001 0.001 0.001 0.001 0.000 0.000 0.000 0.000 0.000 0.000 0.000 0.000 0.000 0.000 0.000 0.000 0.000 0.000 0.001 0.001 0.001 0.001 0.001 0.001 0.001 0.001 0.001 0.001 0.001 0.001 0.001 0.001 0.001 0.001 0.001 0.001 0.001 0.001 0.000 0.000 0.000 0.001 0.001 0.001 0.001 0.001 0.001 0.001 0.000 0.001 0.001
