RESULTS/r.avaflow_results/14_results/14_ascii/14_hflow_fin.asc
ncols 506
nrows 317
xllcenter 498237.50
yllcenter 5580050.00
cellsize 12.50
NODATA_value -9999.000
[rows 204 to 237 of 317, columns 0 to 75 of 506]
0.000 0.000 0.000 0.000 0.000 0.000 0.000 0.000 0.000 0.000 0.000 0.000 0.000 0.000 0.000 0.000 0.000 0.000 0.000 0.000 0.000 0.000 0.000 0.000 0.000 0.000 0.000 0.000 0.000 0.000 0.000 0.000 0.000 0.000 0.000 0.000 0.000 0.000 0.000 0.000 0.000 0.000 0.000 0.000 0.000 0.000 0.000 0.001 0.007 0.030 0.093 0.221 0.420 0.664 0.932 1.220 1.495 1.719 1.879 1.970 1.999 1.994 1.960 1.883 1.769 1.628 1.478 1.344 1.220 1.098 0.973 0.841 0.707 0.589 0.495 0.416
0.000 0.000 0.000 0.000 0.000 0.000 0.000 0.000 0.000 0.000 0.000 0.000 0.000 0.000 0.000 0.000 0.000 0.000 0.000 0.000 0.000 0.000 0.000 0.000 0.000 0.000 0.000 0.000 0.000 0.000 0.000 0.000 0.000 0.000 0.000 0.000 0.000 0.000 0.000 0.000 0.000 0.000 0.000 0.000 0.000 0.000 0.000 0.000 0.001 0.005 0.020 0.063 0.152 0.304 0.525 0.815 1.153 1.478 1.706 1.829 1.868 1.870 1.856 1.820 1.748 1.642 1.527 1.420 1.314 1.202 1.078 0.937 0.776 0.621 0.498 0.400
0.000 0.000 0.000 0.000 0.000 0.000 0.000 0.000 0.000 0.000 0.000 0.000 0.000 0.000 0.000 0.000 0.000 0.000 0.000 0.000 0.000 0.000 0.000 0.000 0.000 0.000 0.000 0.000 0.000 0.000 0.000 0.000 0.000 0.000 0.000 0.000 0.000 0.000 0.000 0.000 0.000 0.000 0.000 0.000 0.000 0.000 0.000 0.000 0.000 0.001 0.004 0.013 0.036 0.083 0.168 0.321 0.580 0.951 1.279 1.454 1.518 1.547 1.580 1.621 1.637 1.612 1.562 1.496 1.416 1.319 1.202 1.058 0.882 0.687 0.523 0.401
0.000 0.000 0.000 0.000 0.000 0.000 0.000 0.000 0.000 0.000 0.000 0.000 0.000 0.000 0.000 0.000 0.000 0.000 0.000 0.000 0.000 0.000 0.000 0.000 0.000 0.000 0.000 0.000 0.000 0.000 0.000 0.000 0.000 0.000 0.000 0.000 0.000 0.000 0.000 0.000 0.000 0.000 0.000 0.000 0.000 0.000 0.000 0.000 0.000 0.001 0.002 0.005 0.011 0.022 0.045 0.096 0.215 0.459 0.783 1.010 1.126 1.213 1.312 1.435 1.533 1.585 1.596 1.576 1.528 1.453 1.351 1.214 1.036 0.817 0.604 0.438
0.000 0.000 0.000 0.000 0.000 0.000 0.000 0.000 0.000 0.000 0.000 0.000 0.000 0.000 0.000 0.000 0.000 0.000 0.000 0.000 0.000 0.000 0.000 0.000 0.000 0.000 0.000 0.000 0.000 0.000 0.000 0.000 0.000 0.000 0.000 0.000 0.000 0.000 0.000 0.000 0.000 0.000 0.000 0.000 0.000 0.000 0.000 0.000 0.001 0.002 0.003 0.005 0.008 0.012 0.021 0.040 0.090 0.226 0.483 0.745 0.918 1.062 1.214 1.377 1.512 1.604 1.653 1.667 1.653 1.610 1.531 1.409 1.240 1.021 0.770 0.549
0.000 0.000 0.000 0.000 0.000 0.000 0.000 0.000 0.000 0.000 0.000 0.000 0.000 0.000 0.000 0.000 0.000 0.000 0.000 0.000 0.000 0.000 0.000 0.000 0.000 0.000 0.000 0.000 0.000 0.000 0.000 0.000 0.000 0.000 0.000 0.000 0.000 0.000 0.000 0.000 0.000 0.000 0.000 0.000 0.000 0.000 0.000 0.001 0.002 0.003 0.004 0.006 0.008 0.012 0.019 0.032 0.063 0.153 0.348 0.622 0.850 1.038 1.222 1.403 1.561 1.682 1.760 1.798 1.806 1.791 1.741 1.645 1.497 1.293 1.033 0.761
0.000 0.000 0.000 0.000 0.000 0.000 0.000 0.000 0.000 0.000 0.000 0.000 0.000 0.000 0.000 0.000 0.000 0.000 0.000 0.000 0.000 0.000 0.000 0.000 0.000 0.000 0.000 0.000 0.000 0.000 0.000 0.000 0.000 0.000 0.000 0.000 0.000 0.000 0.000 0.000 0.000 0.000 0.000 0.000 0.000 0.001 0.001 0.002 0.004 0.005 0.007 0.009 0.012 0.016 0.022 0.034 0.063 0.139 0.305 0.569 0.844 1.078 1.304 1.514 1.696 1.837 1.932 1.985 2.007 2.010 1.989 1.926 1.809 1.628 1.381 1.085
0.000 0.000 0.000 0.000 0.000 0.000 0.000 0.000 0.000 0.000 0.000 0.000 0.000 0.000 0.000 0.000 0.000 0.000 0.000 0.000 0.000 0.000 0.000 0.000 0.000 0.000 0.000 0.000 0.000 0.000 0.000 0.000 0.000 0.000 0.000 0.000 0.000 0.000 0.000 0.000 0.000 0.000 0.000 0.001 0.001 0.002 0.003 0.005 0.006 0.008 0.011 0.015 0.019 0.024 0.031 0.044 0.071 0.143 0.301 0.558 0.874 1.180 1.459 1.706 1.911 2.071 2.182 2.248 2.280 2.290 2.288 2.258 2.175 2.025 1.803 1.516
0.000 0.000 0.000 0.000 0.000 0.000 0.000 0.000 0.000 0.000 0.000 0.000 0.000 0.000 0.000 0.000 0.000 0.000 0.000 0.000 0.000 0.000 0.000 0.000 0.000 0.000 0.000 0.000 0.000 0.000 0.000 0.000 0.000 0.000 0.000 0.000 0.000 0.000 0.000 0.000 0.000 0.001 0.001 0.002 0.004 0.005 0.007 0.009 0.011 0.014 0.019 0.025 0.032 0.040 0.050 0.065 0.095 0.168 0.323 0.583 0.937 1.328 1.677 1.973 2.213 2.395 2.524 2.605 2.647 2.662 2.664 2.651 2.595 2.478 2.292 2.033
0.000 0.000 0.000 0.000 0.000 0.000 0.000 0.000 0.000 0.000 0.000 0.000 0.000 0.000 0.000 0.000 0.000 0.000 0.000 0.000 0.000 0.000 0.000 0.000 0.000 0.000 0.000 0.000 0.000 0.000 0.000 0.000 0.000 0.000 0.000 0.000 0.000 0.000 0.000 0.000 0.001 0.002 0.003 0.005 0.008 0.010 0.013 0.015 0.019 0.024 0.031 0.040 0.052 0.065 0.080 0.100 0.139 0.223 0.389 0.665 1.053 1.516 1.951 2.311 2.596 2.809 2.959 3.057 3.111 3.130 3.130 3.120 3.080 2.992 2.843 2.621
0.000 0.000 0.000 0.000 0.000 0.000 0.000 0.000 0.000 0.000 0.000 0.000 0.000 0.000 0.000 0.000 0.000 0.000 0.000 0.000 0.000 0.000 0.000 0.000 0.000 0.000 0.000 0.000 0.000 0.000 0.000 0.000 0.000 0.000 0.000 0.000 0.000 0.000 0.000 0.001 0.002 0.004 0.007 0.010 0.013 0.017 0.022 0.027 0.033 0.040 0.051 0.065 0.082 0.102 0.125 0.156 0.210 0.315 0.508 0.814 1.235 1.748 2.272 2.711 3.055 3.313 3.497 3.613 3.674 3.695 3.693 3.676 3.640 3.570 3.454 3.272
0.000 0.000 0.000 0.000 0.000 0.000 0.000 0.000 0.000 0.000 0.000 0.000 0.000 0.000 0.000 0.000 0.000 0.000 0.000 0.000 0.000 0.000 0.000 0.000 0.000 0.000 0.000 0.000 0.000 0.000 0.000 0.000 0.000 0.000 0.000 0.000 0.000 0.000 0.001 0.002 0.004 0.007 0.011 0.016 0.021 0.028 0.035 0.044 0.054 0.066 0.082 0.102 0.128 0.158 0.195 0.241 0.314 0.449 0.681 1.027 1.480 2.032 2.636 3.163 3.585 3.904 4.128 4.271 4.340 4.355 4.348 4.323 4.285 4.228 4.139 3.995
0.000 0.000 0.000 0.000 0.000 0.000 0.000 0.000 0.000 0.000 0.000 0.000 0.000 0.000 0.000 0.000 0.000 0.000 0.000 0.000 0.000 0.000 0.000 0.000 0.000 0.000 0.000 0.000 0.000 0.000 0.000 0.000 0.000 0.000 0.000 0.000 0.000 0.001 0.002 0.004 0.008 0.012 0.017 0.024 0.032 0.042 0.054 0.068 0.084 0.104 0.129 0.159 0.196 0.242 0.297 0.366 0.464 0.631 0.904 1.294 1.785 2.375 3.046 3.651 4.149 4.539 4.821 5.003 5.091 5.103 5.090 5.057 5.016 4.970 4.902 4.790
0.000 0.000 0.000 0.000 0.000 0.000 0.000 0.000 0.000 0.000 0.000 0.000 0.000 0.000 0.000 0.000 0.000 0.000 0.000 0.000 0.000 0.000 0.000 0.000 0.000 0.000 0.000 0.000 0.000 0.000 0.000 0.000 0.000 0.000 0.000 0.000 0.001 0.002 0.004 0.008 0.012 0.018 0.025 0.035 0.046 0.061 0.078 0.099 0.124 0.155 0.191 0.236 0.291 0.358 0.439 0.539 0.673 0.872 1.179 1.608 2.143 2.779 3.502 4.173 4.736 5.187 5.527 5.753 5.870 5.894 5.897 5.865 5.820 5.787 5.729 5.610
0.000 0.000 0.000 0.000 0.000 0.000 0.000 0.000 0.000 0.000 0.000 0.000 0.000 0.000 0.000 0.000 0.000 0.000 0.000 0.000 0.000 0.000 0.000 0.000 0.000 0.000 0.000 0.000 0.000 0.000 0.000 0.000 0.000 0.000 0.000 0.000 0.002 0.004 0.007 0.012 0.018 0.025 0.035 0.048 0.064 0.084 0.108 0.138 0.174 0.218 0.270 0.333 0.410 0.504 0.619 0.761 0.942 1.183 1.521 1.979 2.551 3.229 3.997 4.719 5.334 5.835 6.212 6.464 6.604 6.645 6.653 6.641 6.603 6.564 6.496 6.360
0.000 0.000 0.000 0.000 0.000 0.000 0.000 0.000 0.000 0.000 0.000 0.000 0.000 0.000 0.000 0.000 0.000 0.000 0.000 0.000 0.000 0.000 0.000 0.000 0.000 0.000 0.000 0.000 0.000 0.000 0.000 0.000 0.000 0.000 0.000 0.001 0.003 0.006 0.010 0.017 0.024 0.035 0.048 0.065 0.086 0.112 0.145 0.186 0.235 0.294 0.365 0.450 0.554 0.680 0.835 1.025 1.260 1.556 1.936 2.420 3.018 3.731 4.539 5.299 5.950 6.480 6.878 7.147 7.300 7.352 7.358 7.356 7.319 7.262 7.170 7.012
0.000 0.000 0.000 0.000 0.000 0.000 0.000 0.000 0.000 0.000 0.000 0.000 0.000 0.000 0.000 0.000 0.000 0.000 0.000 0.000 0.000 0.000 0.000 0.000 0.000 0.000 0.000 0.000 0.000 0.000 0.000 0.000 0.000 0.000 0.001 0.002 0.005 0.009 0.015 0.023 0.033 0.046 0.063 0.084 0.111 0.146 0.188 0.241 0.305 0.383 0.476 0.587 0.720 0.883 1.081 1.323 1.615 1.970 2.398 2.918 3.545 4.286 5.126 5.901 6.557 7.101 7.520 7.810 7.965 8.036 8.046 8.030 7.988 7.914 7.784 7.558
0.000 0.000 0.000 0.000 0.000 0.000 0.000 0.000 0.000 0.000 0.000 0.000 0.000 0.000 0.000 0.000 0.000 0.000 0.000 0.000 0.000 0.000 0.000 0.000 0.000 0.000 0.000 0.000 0.000 0.000 0.000 0.000 0.000 0.000 0.001 0.004 0.008 0.013 0.020 0.030 0.043 0.059 0.080 0.107 0.141 0.184 0.237 0.303 0.384 0.483 0.601 0.740 0.905 1.102 1.337 1.620 1.958 2.362 2.845 3.422 4.099 4.878 5.746 6.516 7.148 7.670 8.091 8.402 8.574 8.659 8.677 8.663 8.617 8.505 8.324 8.019
0.000 0.000 0.000 0.000 0.000 0.000 0.000 0.000 0.000 0.000 0.000 0.000 0.000 0.000 0.000 0.000 0.000 0.000 0.000 0.000 0.000 0.000 0.000 0.000 0.000 0.000 0.000 0.000 0.000 0.000 0.000 0.000 0.000 0.001 0.003 0.006 0.011 0.018 0.027 0.038 0.054 0.074 0.099 0.131 0.171 0.221 0.284 0.362 0.458 0.577 0.718 0.884 1.078 1.305 1.572 1.890 2.268 2.718 3.253 3.884 4.614 5.453 6.348 7.114 7.737 8.243 8.649 8.955 9.145 9.231 9.244 9.228 9.173 9.022 8.773 8.394
0.000 0.000 0.000 0.000 0.000 0.000 0.000 0.000 0.000 0.000 0.000 0.000 0.000 0.000 0.000 0.000 0.000 0.000 0.000 0.000 0.000 0.000 0.000 0.000 0.000 0.000 0.000 0.000 0.000 0.000 0.000 0.000 0.000 0.001 0.004 0.008 0.014 0.023 0.034 0.048 0.066 0.089 0.117 0.153 0.198 0.254 0.325 0.413 0.523 0.659 0.822 1.011 1.231 1.487 1.786 2.137 2.555 3.051 3.633 4.315 5.094 5.988 6.907 7.678 8.302 8.793 9.169 9.457 9.645 9.723 9.744 9.727 9.643 9.454 9.144 8.698
0.000 0.000 0.000 0.000 0.000 0.000 0.000 0.000 0.000 0.000 0.000 0.000 0.000 0.000 0.000 0.000 0.000 0.000 0.000 0.000 0.000 0.000 0.000 0.000 0.000 0.000 0.000 0.000 0.000 0.000 0.000 0.000 0.000 0.002 0.005 0.010 0.018 0.027 0.040 0.057 0.077 0.103 0.134 0.174 0.223 0.284 0.361 0.458 0.580 0.730 0.911 1.122 1.365 1.649 1.981 2.370 2.822 3.354 3.984 4.720 5.555 6.501 7.422 8.191 8.812 9.303 9.663 9.933 10.103 10.171 10.175 10.152 10.030 9.803 9.427 8.917
0.000 0.000 0.000 0.000 0.000 0.000 0.000 0.000 0.000 0.000 0.000 0.000 0.000 0.000 0.000 0.000 0.000 0.000 0.000 0.000 0.000 0.000 0.000 0.000 0.000 0.000 0.000 0.000 0.000 0.000 0.000 0.000 0.000 0.002 0.006 0.012 0.020 0.031 0.046 0.064 0.087 0.115 0.150 0.193 0.246 0.312 0.394 0.498 0.628 0.791 0.986 1.216 1.483 1.794 2.158 2.582 3.072 3.645 4.320 5.102 5.995 6.981 7.897 8.669 9.281 9.766 10.119 10.365 10.510 10.561 10.547 10.506 10.351 10.066 9.626 9.059
0.000 0.000 0.000 0.000 0.000 0.000 0.000 0.000 0.000 0.000 0.000 0.000 0.000 0.000 0.000 0.000 0.000 0.000 0.000 0.000 0.000 0.000 0.000 0.000 0.000 0.000 0.000 0.000 0.000 0.000 0.000 0.000 0.000 0.002 0.006 0.013 0.022 0.035 0.051 0.071 0.096 0.127 0.165 0.211 0.268 0.338 0.425 0.532 0.669 0.841 1.049 1.297 1.588 1.927 2.322 2.779 3.309 3.925 4.639 5.469 6.419 7.416 8.312 9.075 9.693 10.178 10.522 10.743 10.859 10.883 10.864 10.783 10.600 10.242 9.752 9.145
0.000 0.000 0.000 0.000 0.000 0.000 0.000 0.000 0.000 0.000 0.000 0.000 0.000 0.000 0.000 0.000 0.000 0.000 0.000 0.000 0.000 0.000 0.000 0.000 0.000 0.000 0.000 0.000 0.000 0.000 0.000 0.000 0.000 0.002 0.007 0.014 0.024 0.038 0.055 0.076 0.103 0.136 0.177 0.227 0.289 0.363 0.454 0.566 0.707 0.885 1.104 1.370 1.684 2.051 2.477 2.968 3.534 4.187 4.943 5.820 6.819 7.804 8.671 9.430 10.044 10.520 10.865 11.086 11.175 11.179 11.151 11.030 10.789 10.381 9.847 9.225
0.000 0.000 0.000 0.000 0.000 0.000 0.000 0.000 0.000 0.000 0.000 0.000 0.000 0.000 0.000 0.000 0.000 0.000 0.000 0.000 0.000 0.000 0.000 0.000 0.000 0.000 0.000 0.000 0.000 0.000 0.000 0.000 0.000 0.002 0.007 0.015 0.026 0.040 0.058 0.080 0.109 0.144 0.188 0.241 0.306 0.385 0.481 0.598 0.743 0.926 1.153 1.432 1.768 2.162 2.617 3.141 3.741 4.428 5.227 6.148 7.182 8.157 8.995 9.715 10.309 10.785 11.109 11.301 11.387 11.408 11.364 11.219 10.941 10.511 9.927 9.334
0.000 0.000 0.000 0.000 0.000 0.000 0.000 0.000 0.000 0.000 0.000 0.000 0.000 0.000 0.000 0.000 0.000 0.000 0.000 0.000 0.000 0.000 0.000 0.000 0.000 0.000 0.000 0.000 0.000 0.000 0.000 0.000 0.000 0.002 0.008 0.016 0.027 0.041 0.060 0.084 0.113 0.150 0.195 0.252 0.320 0.403 0.504 0.626 0.777 0.964 1.197 1.486 1.837 2.253 2.732 3.285 3.919 4.646 5.484 6.448 7.507 8.464 9.266 9.944 10.517 10.982 11.316 11.514 11.596 11.602 11.538 11.376 11.089 10.648 10.041 9.523
0.000 0.000 0.000 0.000 0.000 0.000 0.000 0.000 0.000 0.000 0.000 0.000 0.000 0.000 0.000 0.000 0.000 0.000 0.000 0.000 0.000 0.000 0.000 0.000 0.000 0.000 0.000 0.000 0.000 0.000 0.000 0.000 0.000 0.002 0.008 0.016 0.028 0.043 0.062 0.086 0.116 0.154 0.201 0.260 0.331 0.417 0.522 0.650 0.806 0.998 1.236 1.532 1.893 2.322 2.821 3.398 4.065 4.833 5.714 6.724 7.786 8.719 9.496 10.138 10.681 11.117 11.442 11.636 11.713 11.723 11.682 11.529 11.236 10.774 10.221 9.868
0.000 0.000 0.000 0.000 0.000 0.000 0.000 0.000 0.000 0.000 0.000 0.000 0.000 0.000 0.000 0.000 0.000 0.000 0.000 0.000 0.000 0.000 0.000 0.000 0.000 0.000 0.000 0.000 0.000 0.000 0.000 0.000 0.000 0.003 0.008 0.017 0.028 0.044 0.063 0.088 0.119 0.157 0.206 0.265 0.338 0.427 0.535 0.667 0.828 1.025 1.269 1.568 1.933 2.369 2.883 3.483 4.180 4.985 5.907 6.961 8.022 8.935 9.686 10.293 10.792 11.201 11.507 11.701 11.794 11.818 11.777 11.654 11.384 10.923 10.506 10.436
0.000 0.000 0.000 0.000 0.000 0.000 0.000 0.000 0.000 0.000 0.000 0.000 0.000 0.000 0.000 0.000 0.000 0.000 0.000 0.000 0.000 0.000 0.000 0.000 0.000 0.000 0.000 0.000 0.000 0.000 0.000 0.000 0.000 0.003 0.008 0.017 0.029 0.044 0.064 0.090 0.121 0.160 0.209 0.269 0.343 0.433 0.544 0.679 0.844 1.044 1.290 1.590 1.955 2.394 2.920 3.541 4.268 5.105 6.062 7.143 8.187 9.076 9.810 10.405 10.877 11.253 11.542 11.727 11.817 11.834 11.823 11.719 11.488 11.118 10.862 11.325
0.000 0.000 0.000 0.000 0.000 0.000 0.000 0.000 0.000 0.000 0.000 0.000 0.000 0.000 0.000 0.000 0.000 0.000 0.000 0.000 0.000 0.000 0.000 0.000 0.000 0.000 0.000 0.000 0.000 0.000 0.000 0.000 0.000 0.003 0.008 0.017 0.029 0.045 0.065 0.091 0.122 0.162 0.210 0.271 0.346 0.437 0.550 0.687 0.854 1.056 1.301 1.601 1.964 2.407 2.943 3.581 4.327 5.192 6.181 7.280 8.298 9.163 9.875 10.458 10.926 11.289 11.550 11.731 11.829 11.833 11.820 11.713 11.528 11.351 11.343 12.741
0.000 0.000 0.000 0.000 0.000 0.000 0.000 0.000 0.000 0.000 0.000 0.000 0.000 0.000 0.000 0.000 0.000 0.000 0.000 0.000 0.000 0.000 0.000 0.000 0.000 0.000 0.000 0.000 0.000 0.000 0.000 0.000 0.000 0.003 0.008 0.017 0.029 0.045 0.066 0.091 0.123 0.163 0.211 0.272 0.347 0.440 0.553 0.691 0.860 1.063 1.309 1.607 1.970 2.414 2.955 3.603 4.361 5.249 6.271 7.370 8.356 9.195 9.893 10.472 10.944 11.302 11.552 11.722 11.813 11.819 11.790 11.663 11.496 11.558 12.560 15.292
0.000 0.000 0.000 0.000 0.000 0.000 0.000 0.000 0.000 0.000 0.000 0.000 0.000 0.000 0.000 0.000 0.000 0.000 0.000 0.000 0.000 0.000 0.000 0.000 0.000 0.000 0.000 0.000 0.000 0.000 0.000 0.000 0.000 0.003 0.008 0.017 0.029 0.045 0.066 0.091 0.123 0.163 0.212 0.272 0.348 0.441 0.554 0.693 0.862 1.067 1.314 1.612 1.974 2.417 2.957 3.605 4.376 5.281 6.325 7.413 8.370 9.193 9.902 10.475 10.923 11.283 11.545 11.690 11.747 11.736 11.710 11.544 11.403 11.941 14.745 17.299
0.000 0.000 0.000 0.000 0.000 0.000 0.000 0.000 0.000 0.000 0.000 0.000 0.000 0.000 0.000 0.000 0.000 0.000 0.000 0.000 0.000 0.000 0.000 0.000 0.000 0.000 0.000 0.000 0.000 0.000 0.000 0.000 0.000 0.003 0.008 0.017 0.029 0.045 0.066 0.091 0.123 0.163 0.212 0.272 0.347 0.440 0.554 0.693 0.862 1.067 1.316 1.615 1.975 2.415 2.954 3.605 4.380 5.295 6.349 7.420 8.355 9.179 9.890 10.473 10.916 11.242 11.470 11.592 11.638 11.620 11.535 11.416 11.433 12.854 16.357 17.805
0.000 0.000 0.000 0.000 0.000 0.000 0.000 0.000 0.000 0.000 0.000 0.000 0.000 0.000 0.000 0.000 0.000 0.000 0.000 0.000 0.000 0.000 0.000 0.000 0.000 0.000 0.000 0.000 0.000 0.000 0.000 0.000 0.000 0.003 0.008 0.017 0.029 0.045 0.066 0.091 0.123 0.163 0.212 0.272 0.347 0.440 0.554 0.692 0.860 1.066 1.314 1.612 1.973 2.414 2.956 3.613 4.396 5.314 6.360 7.404 8.323 9.140 9.831 10.394 10.813 11.119 11.329 11.428 11.463 11.412 11.291 11.326 12.315 15.146 17.424 17.766
