RESULTS/r.avaflow_results/14_results/14_ascii/14_hflow30009.asc
ncols 506
nrows 317
xllcenter 498237.50
yllcenter 5580050.00
cellsize 12.50
NODATA_value -9999.000
[rows 136 to 169 of 317, columns 154 to 230 of 506]
0.001 0.002 0.003 0.005 0.007 0.008 0.008 0.008 0.007 0.007 0.006 0.006 0.006 0.006 0.006 0.006 0.005 0.005 0.004 0.003 0.002 0.001 0.001 0.000 0.000 0.000 0.000 0.000 0.000 0.000 0.000 0.000 0.000 0.000 0.000 0.000 0.000 0.000 0.000 0.000 0.000 0.000 0.000 0.000 0.000 0.000 0.000 0.000 0.000 0.000 0.000 0.000 0.000 0.000 0.000 0.000 0.000 0.000 0.000 0.000 0.000 0.000 0.000 0.000 0.000 0.000 0.000 0.000 0.000 0.000 0.000 0.000 0.000 0.000 0.000 0.000 0.000
0.002 0.005 0.008 0.014 0.017 0.019 0.019 0.018 0.017 0.015 0.014 0.014 0.014 0.014 0.014 0.014 0.014 0.013 0.012 0.010 0.008 0.006 0.004 0.002 0.001 0.000 0.000 0.000 0.000 0.000 0.000 0.000 0.000 0.000 0.000 0.000 0.000 0.000 0.000 0.000 0.000 0.000 0.000 0.000 0.000 0.000 0.000 0.000 0.000 0.000 0.000 0.000 0.000 0.000 0.000 0.000 0.000 0.000 0.000 0.000 0.000 0.000 0.000 0.000 0.000 0.000 0.000 0.000 0.000 0.000 0.000 0.000 0.000 0.000 0.000 0.000 0.000
0.006 0.010 0.018 0.031 0.041 0.044 0.044 0.042 0.038 0.033 0.030 0.029 0.030 0.032 0.034 0.034 0.034 0.033 0.031 0.027 0.023 0.018 0.012 0.008 0.004 0.002 0.001 0.000 0.000 0.000 0.000 0.000 0.000 0.000 0.000 0.000 0.000 0.000 0.000 0.000 0.000 0.000 0.000 0.000 0.000 0.000 0.000 0.000 0.000 0.000 0.000 0.000 0.000 0.000 0.000 0.000 0.000 0.000 0.000 0.000 0.000 0.000 0.000 0.000 0.000 0.000 0.000 0.000 0.000 0.000 0.000 0.000 0.000 0.000 0.000 0.000 0.000
0.012 0.021 0.039 0.069 0.093 0.102 0.102 0.097 0.085 0.072 0.066 0.064 0.066 0.074 0.082 0.084 0.084 0.083 0.080 0.074 0.066 0.054 0.039 0.025 0.015 0.008 0.004 0.002 0.001 0.000 0.000 0.000 0.000 0.000 0.000 0.000 0.000 0.000 0.000 0.000 0.000 0.000 0.000 0.000 0.000 0.000 0.000 0.000 0.000 0.000 0.000 0.000 0.000 0.000 0.000 0.000 0.000 0.000 0.000 0.000 0.000 0.000 0.000 0.000 0.000 0.000 0.000 0.000 0.000 0.000 0.000 0.000 0.000 0.000 0.000 0.000 0.000
0.023 0.042 0.075 0.121 0.156 0.174 0.179 0.175 0.161 0.145 0.136 0.136 0.146 0.172 0.195 0.204 0.209 0.210 0.207 0.198 0.182 0.156 0.119 0.080 0.050 0.028 0.015 0.007 0.003 0.001 0.000 0.000 0.000 0.000 0.000 0.000 0.000 0.000 0.000 0.000 0.000 0.000 0.000 0.000 0.000 0.000 0.000 0.000 0.000 0.000 0.000 0.000 0.000 0.000 0.000 0.000 0.000 0.000 0.000 0.000 0.000 0.000 0.000 0.000 0.000 0.000 0.000 0.000 0.000 0.000 0.000 0.000 0.000 0.000 0.000 0.000 0.000
0.040 0.068 0.106 0.148 0.181 0.202 0.211 0.212 0.206 0.200 0.201 0.213 0.242 0.290 0.344 0.390 0.426 0.449 0.458 0.452 0.431 0.386 0.314 0.228 0.148 0.088 0.048 0.023 0.010 0.004 0.001 0.001 0.000 0.000 0.000 0.000 0.000 0.000 0.000 0.000 0.000 0.000 0.000 0.000 0.000 0.000 0.000 0.000 0.000 0.000 0.000 0.000 0.000 0.000 0.000 0.000 0.000 0.000 0.000 0.000 0.000 0.000 0.000 0.000 0.000 0.000 0.000 0.000 0.000 0.000 0.000 0.000 0.000 0.000 0.000 0.000 0.000
0.060 0.087 0.117 0.150 0.177 0.196 0.207 0.211 0.212 0.214 0.225 0.248 0.288 0.345 0.414 0.487 0.566 0.632 0.670 0.682 0.675 0.645 0.586 0.489 0.361 0.233 0.133 0.069 0.031 0.013 0.005 0.002 0.001 0.000 0.000 0.000 0.000 0.000 0.000 0.000 0.000 0.000 0.000 0.000 0.000 0.000 0.000 0.000 0.000 0.000 0.000 0.000 0.000 0.000 0.000 0.000 0.000 0.000 0.000 0.000 0.000 0.000 0.000 0.000 0.000 0.000 0.000 0.000 0.000 0.000 0.000 0.000 0.000 0.000 0.000 0.000 0.000
0.073 0.095 0.116 0.136 0.152 0.165 0.175 0.183 0.191 0.201 0.219 0.247 0.290 0.346 0.416 0.496 0.591 0.672 0.722 0.741 0.743 0.732 0.702 0.647 0.564 0.445 0.304 0.171 0.083 0.036 0.015 0.006 0.003 0.002 0.001 0.001 0.000 0.000 0.000 0.000 0.000 0.000 0.000 0.000 0.000 0.000 0.000 0.000 0.000 0.000 0.000 0.000 0.000 0.000 0.000 0.000 0.000 0.000 0.000 0.000 0.000 0.000 0.000 0.000 0.000 0.000 0.000 0.000 0.000 0.000 0.000 0.000 0.000 0.000 0.000 0.000 0.000
0.081 0.096 0.106 0.110 0.112 0.116 0.123 0.132 0.144 0.161 0.185 0.216 0.254 0.300 0.358 0.429 0.522 0.610 0.666 0.693 0.704 0.704 0.691 0.662 0.614 0.546 0.451 0.320 0.182 0.087 0.039 0.017 0.008 0.005 0.003 0.002 0.001 0.001 0.001 0.001 0.000 0.000 0.000 0.000 0.000 0.000 0.000 0.000 0.000 0.000 0.000 0.000 0.000 0.000 0.000 0.000 0.000 0.000 0.000 0.000 0.000 0.000 0.000 0.000 0.000 0.000 0.000 0.000 0.000 0.000 0.000 0.000 0.000 0.000 0.000 0.000 0.000
0.083 0.092 0.093 0.091 0.087 0.087 0.089 0.094 0.103 0.116 0.135 0.158 0.183 0.210 0.243 0.288 0.355 0.431 0.488 0.527 0.557 0.582 0.600 0.605 0.587 0.547 0.491 0.418 0.307 0.179 0.088 0.041 0.021 0.012 0.008 0.005 0.004 0.003 0.003 0.002 0.002 0.001 0.001 0.001 0.001 0.000 0.000 0.000 0.000 0.000 0.000 0.000 0.000 0.000 0.000 0.000 0.000 0.000 0.000 0.000 0.000 0.000 0.000 0.000 0.000 0.000 0.000 0.000 0.000 0.000 0.000 0.000 0.000 0.000 0.000 0.000 0.000
0.081 0.086 0.086 0.084 0.078 0.075 0.075 0.077 0.083 0.091 0.103 0.116 0.129 0.143 0.159 0.182 0.214 0.255 0.290 0.321 0.351 0.384 0.426 0.468 0.494 0.496 0.476 0.441 0.390 0.295 0.175 0.090 0.047 0.027 0.017 0.012 0.010 0.008 0.007 0.006 0.005 0.004 0.004 0.003 0.002 0.002 0.001 0.000 0.000 0.000 0.000 0.000 0.000 0.000 0.000 0.000 0.000 0.000 0.000 0.000 0.000 0.000 0.000 0.000 0.000 0.000 0.000 0.000 0.000 0.000 0.000 0.000 0.000 0.000 0.000 0.000 0.000
0.079 0.084 0.084 0.082 0.077 0.072 0.071 0.072 0.075 0.081 0.089 0.097 0.106 0.116 0.127 0.141 0.161 0.184 0.205 0.225 0.244 0.264 0.288 0.320 0.356 0.390 0.415 0.422 0.411 0.375 0.288 0.176 0.097 0.057 0.036 0.026 0.021 0.018 0.015 0.014 0.012 0.011 0.010 0.009 0.008 0.006 0.004 0.002 0.001 0.000 0.000 0.000 0.000 0.000 0.000 0.000 0.000 0.000 0.000 0.000 0.000 0.000 0.000 0.000 0.000 0.000 0.000 0.000 0.000 0.000 0.000 0.000 0.000 0.000 0.000 0.000 0.000
0.077 0.083 0.083 0.082 0.077 0.072 0.070 0.071 0.073 0.078 0.084 0.091 0.099 0.108 0.118 0.130 0.145 0.164 0.183 0.199 0.213 0.226 0.240 0.257 0.278 0.303 0.336 0.376 0.401 0.401 0.374 0.291 0.184 0.112 0.074 0.053 0.042 0.036 0.032 0.029 0.027 0.025 0.024 0.023 0.021 0.018 0.015 0.010 0.005 0.002 0.001 0.000 0.000 0.000 0.000 0.000 0.000 0.000 0.000 0.000 0.000 0.000 0.000 0.000 0.000 0.000 0.000 0.000 0.000 0.000 0.000 0.000 0.000 0.000 0.000 0.000 0.000
0.077 0.083 0.084 0.083 0.080 0.075 0.072 0.072 0.074 0.078 0.084 0.091 0.099 0.107 0.116 0.127 0.141 0.159 0.179 0.195 0.207 0.218 0.229 0.242 0.255 0.270 0.292 0.328 0.373 0.404 0.412 0.387 0.306 0.206 0.142 0.105 0.083 0.070 0.063 0.059 0.056 0.054 0.053 0.054 0.053 0.050 0.044 0.035 0.024 0.011 0.004 0.001 0.000 0.000 0.000 0.000 0.000 0.000 0.000 0.000 0.000 0.000 0.000 0.000 0.000 0.000 0.000 0.000 0.000 0.000 0.000 0.000 0.000 0.000 0.000 0.000 0.000
0.077 0.084 0.087 0.087 0.086 0.083 0.080 0.079 0.079 0.082 0.087 0.093 0.101 0.109 0.118 0.129 0.141 0.158 0.180 0.196 0.208 0.219 0.229 0.240 0.251 0.264 0.281 0.304 0.342 0.389 0.428 0.442 0.418 0.341 0.255 0.197 0.161 0.137 0.124 0.117 0.114 0.114 0.117 0.126 0.130 0.129 0.122 0.107 0.084 0.052 0.022 0.006 0.001 0.000 0.000 0.000 0.000 0.000 0.000 0.000 0.000 0.000 0.000 0.000 0.000 0.000 0.000 0.000 0.000 0.000 0.000 0.000 0.000 0.000 0.000 0.000 0.000
0.081 0.089 0.093 0.095 0.096 0.095 0.093 0.091 0.090 0.091 0.095 0.101 0.108 0.117 0.126 0.135 0.145 0.161 0.184 0.203 0.215 0.226 0.235 0.244 0.254 0.266 0.281 0.301 0.328 0.371 0.427 0.475 0.496 0.475 0.415 0.347 0.294 0.259 0.241 0.233 0.232 0.237 0.254 0.290 0.313 0.318 0.311 0.290 0.249 0.186 0.100 0.034 0.007 0.001 0.000 0.000 0.000 0.000 0.000 0.000 0.000 0.000 0.000 0.000 0.000 0.000 0.000 0.000 0.000 0.000 0.000 0.000 0.000 0.000 0.000 0.000 0.000
0.092 0.099 0.105 0.108 0.110 0.111 0.111 0.109 0.107 0.107 0.110 0.115 0.123 0.132 0.141 0.149 0.158 0.172 0.194 0.216 0.231 0.242 0.250 0.257 0.265 0.275 0.288 0.305 0.329 0.364 0.420 0.492 0.558 0.595 0.593 0.555 0.503 0.471 0.458 0.458 0.470 0.500 0.561 0.656 0.720 0.739 0.735 0.706 0.643 0.535 0.357 0.150 0.039 0.005 0.000 0.000 0.000 0.000 0.000 0.000 0.000 0.000 0.000 0.000 0.000 0.000 0.000 0.000 0.000 0.000 0.000 0.000 0.000 0.000 0.000 0.000 0.000
0.133 0.127 0.127 0.128 0.131 0.133 0.133 0.133 0.131 0.131 0.133 0.138 0.146 0.156 0.166 0.175 0.184 0.195 0.213 0.237 0.257 0.269 0.277 0.282 0.288 0.295 0.306 0.321 0.342 0.372 0.424 0.507 0.614 0.713 0.780 0.809 0.810 0.819 0.843 0.882 0.946 1.053 1.220 1.407 1.537 1.598 1.604 1.572 1.481 1.308 0.990 0.503 0.158 0.028 0.002 0.000 0.000 0.000 0.000 0.000 0.000 0.000 0.000 0.000 0.000 0.000 0.000 0.000 0.000 0.000 0.000 0.000 0.000 0.000 0.000 0.000 0.000
0.306 0.230 0.188 0.171 0.165 0.165 0.165 0.165 0.164 0.164 0.167 0.173 0.181 0.192 0.204 0.216 0.226 0.236 0.250 0.271 0.293 0.309 0.317 0.323 0.329 0.335 0.345 0.359 0.381 0.414 0.468 0.558 0.691 0.850 1.009 1.146 1.266 1.380 1.501 1.647 1.851 2.135 2.448 2.721 2.921 3.028 3.058 3.014 2.886 2.643 2.180 1.334 0.471 0.100 0.009 0.000 0.000 0.000 0.000 0.000 0.000 0.000 0.000 0.000 0.000 0.000 0.000 0.000 0.000 0.000 0.000 0.000 0.000 0.000 0.000 0.000 0.000
1.018 0.643 0.413 0.295 0.244 0.224 0.217 0.213 0.210 0.211 0.214 0.221 0.230 0.243 0.258 0.276 0.291 0.303 0.314 0.329 0.348 0.365 0.379 0.389 0.400 0.413 0.428 0.449 0.481 0.531 0.608 0.724 0.898 1.133 1.416 1.711 1.999 2.282 2.581 2.945 3.381 3.806 4.097 4.248 4.323 4.313 4.234 4.094 3.906 3.668 3.292 2.437 1.029 0.251 0.029 0.001 0.000 0.000 0.000 0.000 0.000 0.000 0.000 0.000 0.000 0.000 0.000 0.000 0.000 0.000 0.000 0.000 0.000 0.000 0.000 0.000 0.000
3.270 2.087 1.217 0.715 0.472 0.365 0.318 0.296 0.286 0.283 0.284 0.291 0.302 0.318 0.338 0.364 0.390 0.408 0.421 0.433 0.445 0.461 0.483 0.509 0.539 0.573 0.614 0.664 0.733 0.833 0.977 1.178 1.464 1.862 2.325 2.780 3.226 3.708 4.259 4.802 5.199 5.388 5.432 5.378 5.254 5.071 4.852 4.614 4.362 4.091 3.748 3.031 1.430 0.376 0.049 0.002 0.000 0.000 0.000 0.000 0.000 0.000 0.000 0.000 0.000 0.000 0.000 0.000 0.000 0.000 0.000 0.000 0.000 0.000 0.000 0.000 0.000
7.413 5.503 3.502 2.010 1.149 0.739 0.554 0.469 0.428 0.409 0.403 0.406 0.416 0.435 0.462 0.498 0.541 0.579 0.605 0.623 0.640 0.663 0.705 0.771 0.851 0.942 1.050 1.182 1.348 1.568 1.865 2.270 2.834 3.498 4.109 4.643 5.176 5.747 6.254 6.535 6.627 6.538 6.347 6.083 5.753 5.404 5.077 4.776 4.486 4.191 3.838 3.155 1.530 0.410 0.054 0.002 0.000 0.000 0.000 0.000 0.000 0.000 0.000 0.000 0.000 0.000 0.000 0.000 0.000 0.000 0.000 0.000 0.000 0.000 0.000 0.000 0.000
10.685 9.489 7.478 5.048 2.944 1.725 1.133 0.862 0.729 0.662 0.632 0.622 0.626 0.643 0.675 0.724 0.792 0.867 0.931 0.987 1.041 1.111 1.228 1.396 1.595 1.812 2.055 2.345 2.706 3.170 3.785 4.575 5.433 6.167 6.669 7.042 7.370 7.651 7.827 7.791 7.594 7.267 6.872 6.421 5.939 5.490 5.102 4.760 4.440 4.121 3.747 3.014 1.434 0.383 0.049 0.002 0.000 0.000 0.000 0.000 0.000 0.000 0.000 0.000 0.000 0.000 0.000 0.000 0.000 0.000 0.000 0.000 0.000 0.000 0.000 0.000 0.000
12.109 11.654 10.606 8.859 6.423 4.039 2.526 1.762 1.395 1.207 1.112 1.065 1.047 1.053 1.084 1.146 1.243 1.370 1.513 1.668 1.842 2.079 2.412 2.800 3.206 3.634 4.100 4.618 5.203 5.872 6.591 7.339 7.970 8.408 8.688 8.863 8.962 8.962 8.829 8.539 8.124 7.622 7.079 6.512 5.960 5.442 4.967 4.527 4.111 3.703 3.221 2.352 1.027 0.259 0.030 0.001 0.000 0.000 0.000 0.000 0.000 0.000 0.000 0.000 0.000 0.000 0.000 0.000 0.000 0.000 0.000 0.000 0.000 0.000 0.000 0.000 0.000
12.403 12.364 12.013 11.146 9.695 7.625 5.475 3.836 2.895 2.415 2.160 2.016 1.938 1.908 1.919 1.973 2.088 2.270 2.523 2.857 3.337 3.992 4.692 5.328 5.894 6.430 6.947 7.429 7.862 8.280 8.715 9.206 9.609 9.836 9.929 9.901 9.841 9.671 9.334 8.873 8.342 7.741 7.108 6.444 5.771 5.104 4.471 3.879 3.305 2.722 2.067 1.251 0.478 0.105 0.009 0.000 0.000 0.000 0.000 0.000 0.000 0.000 0.000 0.000 0.000 0.000 0.000 0.000 0.000 0.000 0.000 0.000 0.000 0.000 0.000 0.000 0.000
12.153 12.339 12.298 12.028 11.394 10.302 8.825 7.258 5.979 5.102 4.546 4.178 3.923 3.734 3.624 3.603 3.676 3.875 4.238 4.829 5.688 6.506 7.126 7.679 8.237 8.733 9.167 9.537 9.794 9.990 10.184 10.432 10.629 10.669 10.512 10.295 10.135 9.896 9.505 8.978 8.381 7.699 6.904 5.984 5.059 4.187 3.391 2.682 2.063 1.513 0.994 0.502 0.164 0.028 0.002 0.000 0.000 0.000 0.000 0.000 0.000 0.000 0.000 0.000 0.000 0.000 0.000 0.000 0.000 0.000 0.000 0.000 0.000 0.000 0.000 0.000 0.000
11.058 11.708 12.037 12.121 11.964 11.513 10.710 9.665 8.654 7.838 7.273 6.945 6.798 6.735 6.680 6.606 6.611 6.758 7.107 7.643 8.238 8.677 9.048 9.449 9.965 10.435 10.769 11.009 11.135 11.181 11.188 11.209 11.184 11.027 10.669 10.330 10.097 9.827 9.426 8.839 8.087 7.143 5.980 4.715 3.567 2.638 1.944 1.435 1.033 0.687 0.384 0.158 0.040 0.005 0.000 0.000 0.000 0.000 0.000 0.000 0.000 0.000 0.000 0.000 0.000 0.000 0.000 0.000 0.000 0.000 0.000 0.000 0.000 0.000 0.000 0.000 0.000
8.998 10.298 11.235 11.794 11.950 11.787 11.383 10.772 9.997 9.219 8.676 8.449 8.460 8.688 9.090 9.349 9.507 9.650 9.837 10.094 10.412 10.639 10.798 10.991 11.301 11.619 11.824 11.946 11.988 11.930 11.781 11.607 11.386 11.054 10.601 10.106 9.643 9.175 8.601 7.797 6.746 5.484 4.112 2.907 1.991 1.352 0.928 0.638 0.419 0.243 0.112 0.035 0.006 0.001 0.000 0.000 0.000 0.000 0.000 0.000 0.000 0.000 0.000 0.000 0.000 0.000 0.000 0.000 0.000 0.000 0.000 0.000 0.000 0.000 0.000 0.000 0.000
6.619 8.223 9.777 10.877 11.453 11.581 11.403 11.077 10.610 9.988 9.511 9.336 9.401 9.818 10.542 11.015 11.267 11.440 11.609 11.826 12.155 12.394 12.460 12.465 12.455 12.456 12.485 12.504 12.471 12.326 12.052 11.723 11.330 10.788 10.139 9.425 8.584 7.650 6.718 5.758 4.765 3.730 2.646 1.713 1.043 0.623 0.378 0.230 0.131 0.063 0.022 0.005 0.001 0.000 0.000 0.000 0.000 0.000 0.000 0.000 0.000 0.000 0.000 0.000 0.000 0.000 0.000 0.000 0.000 0.000 0.000 0.000 0.000 0.000 0.000 0.000 0.000
4.747 6.070 7.681 9.223 10.303 10.875 11.062 11.003 10.815 10.531 10.268 10.156 10.243 10.730 11.564 12.115 12.429 12.659 12.890 13.184 13.571 13.851 13.921 13.839 13.562 13.166 12.941 12.823 12.686 12.467 12.121 11.617 10.898 10.005 9.113 8.210 7.196 6.158 5.239 4.410 3.613 2.806 1.891 1.097 0.570 0.278 0.134 0.066 0.030 0.011 0.003 0.000 0.000 0.000 0.000 0.000 0.000 0.000 0.000 0.000 0.000 0.000 0.000 0.000 0.000 0.000 0.000 0.000 0.000 0.000 0.000 0.000 0.000 0.000 0.000 0.000 0.000
3.400 4.430 5.704 7.191 8.598 9.675 10.343 10.673 10.818 10.930 11.037 11.116 11.270 11.713 12.394 12.869 13.219 13.550 13.933 14.382 14.780 15.001 15.048 14.949 14.564 13.884 13.336 13.002 12.731 12.433 11.965 11.163 10.013 8.877 7.875 6.917 6.005 5.164 4.411 3.728 3.065 2.366 1.518 0.800 0.357 0.136 0.046 0.015 0.005 0.001 0.000 0.000 0.000 0.000 0.000 0.000 0.000 0.000 0.000 0.000 0.000 0.000 0.000 0.000 0.000 0.000 0.000 0.000 0.000 0.000 0.000 0.000 0.000 0.000 0.000 0.000 0.000
2.435 3.247 4.266 5.503 6.849 8.105 9.166 9.966 10.561 11.057 11.512 11.903 12.243 12.641 13.062 13.388 13.710 14.121 14.701 15.323 15.703 15.825 15.808 15.643 15.203 14.435 13.662 13.105 12.631 12.110 11.381 10.315 9.068 7.956 6.915 5.981 5.218 4.569 3.964 3.379 2.785 2.113 1.292 0.643 0.260 0.082 0.020 0.004 0.001 0.000 0.000 0.000 0.000 0.000 0.000 0.000 0.000 0.000 0.000 0.000 0.000 0.000 0.000 0.000 0.000 0.000 0.000 0.000 0.000 0.000 0.000 0.000 0.000 0.000 0.000 0.000 0.000
1.738 2.389 3.227 4.272 5.479 6.709 7.883 8.965 9.932 10.817 11.630 12.324 12.874 13.310 13.620 13.841 14.076 14.446 15.061 15.760 16.133 16.205 16.137 15.875 15.362 14.594 13.763 13.036 12.308 11.484 10.491 9.343 8.222 7.196 6.228 5.400 4.756 4.208 3.677 3.140 2.571 1.886 1.100 0.526 0.201 0.058 0.012 0.002 0.000 0.000 0.000 0.000 0.000 0.000 0.000 0.000 0.000 0.000 0.000 0.000 0.000 0.000 0.000 0.000 0.000 0.000 0.000 0.000 0.000 0.000 0.000 0.000 0.000 0.000 0.000 0.000 0.000
1.223 1.742 2.435 3.331 4.421 5.654 6.956 8.287 9.552 10.710 11.765 12.686 13.421 13.940 14.254 14.431 14.574 14.794 15.213 15.775 16.074 16.130 15.999 15.633 15.005 14.164 13.315 12.489 11.610 10.607 9.471 8.360 7.376 6.505 5.698 4.994 4.418 3.909 3.412 2.900 2.325 1.609 0.895 0.409 0.148 0.041 0.008 0.001 0.000 0.000 0.000 0.000 0.000 0.000 0.000 0.000 0.000 0.000 0.000 0.000 0.000 0.000 0.000 0.000 0.000 0.000 0.000 0.000 0.000 0.000 0.000 0.000 0.000 0.000 0.000 0.000 0.000
