RESULTS/r.avaflow_results/14_results/14_ascii/14_hflow10001.asc
ncols 506
nrows 317
xllcenter 498237.50
yllcenter 5580050.00
cellsize 12.50
NODATA_value -9999.000
[rows 238 to 271 of 317, columns 77 to 153 of 506]
47.010 48.078 50.143 52.255 54.251 57.012 59.008 59.243 60.024 59.899 58.881 59.093 59.048 58.158 58.457 57.435 55.835 54.853 53.417 52.675 51.088 51.284 51.721 51.893 51.578 51.674 51.559 50.146 49.304 48.035 46.049 44.937 43.399 41.651 41.006 40.844 41.174 42.472 43.999 44.952 45.914 45.567 45.370 44.165 42.789 40.939 39.080 37.900 37.183 37.427 37.791 37.573 31.329 21.982 18.152 16.276 14.622 12.807 10.985 9.175 7.409 5.440 2.980 1.037 0.219 0.029 0.002 0.000 0.000 0.000 0.000 0.000 0.000 0.000 0.000 0.000 0.000
47.748 48.439 50.151 51.903 53.971 56.768 58.737 58.979 59.860 59.649 58.605 58.888 58.759 57.992 57.782 57.042 55.537 54.836 54.094 54.412 53.094 53.508 53.199 52.889 52.553 52.525 51.918 50.720 49.833 48.429 46.507 45.013 43.586 42.075 41.492 41.447 42.018 43.526 44.855 45.686 46.787 46.326 46.054 43.977 41.533 38.230 35.758 34.531 34.449 34.985 37.022 39.394 36.883 28.150 21.880 18.912 16.635 14.285 12.072 10.008 7.961 5.712 3.135 1.121 0.243 0.034 0.003 0.000 0.000 0.000 0.000 0.000 0.000 0.000 0.000 0.000 0.000
48.113 48.656 50.084 51.472 53.458 56.427 58.380 58.707 59.701 59.504 58.149 58.641 58.006 57.359 56.866 56.471 54.927 54.624 54.433 54.233 52.660 52.949 52.368 52.495 53.298 53.734 52.979 51.963 51.271 50.071 48.139 46.482 44.860 43.016 42.508 42.633 43.587 45.508 47.017 47.374 47.939 46.959 45.963 43.682 40.375 35.896 33.041 31.942 31.937 32.683 35.630 39.349 39.732 34.660 25.681 21.003 17.831 15.148 12.743 10.481 8.257 5.757 3.080 1.079 0.236 0.034 0.004 0.000 0.000 0.000 0.000 0.000 0.000 0.000 0.000 0.000 0.000
48.189 48.805 50.205 51.381 53.017 55.833 57.824 58.486 59.245 59.247 58.534 59.474 58.145 56.974 56.109 55.712 54.720 54.437 54.134 53.860 52.628 53.278 53.552 53.744 55.110 55.428 54.796 53.911 53.210 51.668 50.129 48.546 46.747 44.972 44.476 44.573 45.656 47.832 49.196 49.052 49.553 48.071 45.844 43.164 38.921 34.438 31.252 30.128 30.290 31.492 34.109 38.435 41.086 38.980 30.060 22.619 18.500 15.661 13.199 10.776 8.372 5.680 2.895 0.976 0.216 0.035 0.004 0.000 0.000 0.000 0.000 0.000 0.000 0.000 0.000 0.000 0.000
47.304 47.809 49.242 50.585 51.966 54.244 55.873 56.476 57.744 58.245 57.208 57.712 56.365 56.021 55.066 54.457 54.118 53.329 53.180 52.831 52.120 52.985 53.667 54.083 55.379 55.837 55.524 54.824 54.614 53.598 52.014 50.584 48.614 46.706 46.203 46.222 46.994 49.044 50.620 50.228 49.995 47.896 45.046 42.202 37.657 33.545 30.451 29.465 29.860 31.403 33.592 37.723 40.970 40.932 34.789 24.305 19.315 16.243 13.486 10.858 8.253 5.406 2.651 0.895 0.215 0.040 0.006 0.001 0.000 0.000 0.000 0.000 0.000 0.000 0.000 0.000 0.000
46.041 46.936 48.590 50.013 51.282 53.293 54.830 55.522 56.729 57.023 56.357 56.458 54.842 54.556 53.040 52.559 52.584 52.158 52.612 52.512 52.170 53.281 54.099 54.835 55.561 56.443 56.623 55.612 55.603 54.663 53.408 52.633 50.957 48.995 47.921 47.482 48.281 49.919 50.942 50.332 50.044 47.526 44.156 41.669 37.481 33.471 30.786 29.738 29.978 31.487 33.519 37.566 40.505 41.399 37.552 26.797 20.817 17.120 13.931 10.941 7.957 4.991 2.432 0.866 0.230 0.050 0.008 0.001 0.000 0.000 0.000 0.000 0.000 0.000 0.000 0.000 0.000
45.468 46.508 48.271 49.827 51.160 53.317 54.695 54.597 55.296 55.021 54.604 53.724 52.766 52.186 50.989 51.309 51.594 51.702 53.106 53.771 53.736 54.776 55.665 56.625 57.396 57.961 58.278 57.053 57.040 55.419 54.533 54.427 53.021 51.244 49.714 48.900 49.551 50.564 50.623 49.406 48.473 46.113 42.825 40.935 37.586 34.286 32.210 31.290 31.414 32.473 33.732 37.436 40.688 42.229 40.415 31.535 22.753 17.661 14.038 10.818 7.649 4.802 2.400 0.885 0.249 0.055 0.009 0.001 0.000 0.000 0.000 0.000 0.000 0.000 0.000 0.000 0.000
44.129 45.106 47.099 48.477 50.034 51.479 53.101 52.993 53.522 52.661 52.352 50.785 50.624 50.173 49.662 50.487 51.387 52.019 53.318 53.967 54.141 55.056 56.618 57.211 58.283 58.608 58.293 57.317 56.830 55.076 54.151 53.915 52.589 51.873 51.114 49.901 49.893 50.664 49.979 48.647 46.703 44.192 41.453 39.634 37.340 35.384 34.100 33.604 33.739 34.568 35.495 38.075 40.940 42.519 42.471 36.683 25.065 18.272 13.997 10.564 7.483 4.795 2.488 0.959 0.272 0.058 0.009 0.001 0.000 0.000 0.000 0.000 0.000 0.000 0.000 0.000 0.000
42.935 44.217 46.010 47.225 49.100 49.838 51.340 50.556 50.272 49.251 48.747 47.677 48.144 48.687 49.555 51.376 52.351 52.164 53.657 54.397 55.173 55.815 57.645 58.061 58.440 59.148 57.928 57.067 56.402 54.968 54.738 55.047 54.449 53.663 52.920 51.381 50.951 50.602 48.888 47.025 44.978 42.527 40.894 39.175 37.529 36.261 35.594 35.674 36.269 37.268 38.477 39.846 41.469 42.261 43.072 39.933 28.440 19.106 13.766 10.271 7.354 4.755 2.528 1.005 0.287 0.060 0.009 0.001 0.000 0.000 0.000 0.000 0.000 0.000 0.000 0.000 0.000
42.165 43.606 44.677 46.105 47.334 47.482 48.520 48.050 47.153 46.672 46.592 46.396 47.522 48.431 49.218 50.975 52.544 52.820 54.450 55.353 57.214 57.886 59.468 59.973 59.323 60.487 58.617 57.295 56.811 55.308 54.613 54.450 54.591 54.145 54.574 52.875 51.208 49.658 47.696 46.026 44.389 42.236 40.543 39.211 38.152 37.385 36.894 37.005 37.572 38.479 39.617 40.320 41.356 41.261 41.917 39.924 31.198 19.397 13.423 10.037 7.191 4.580 2.442 0.998 0.297 0.063 0.010 0.001 0.000 0.000 0.000 0.000 0.000 0.000 0.000 0.000 0.000
40.681 41.997 42.864 44.383 45.510 45.654 46.070 45.797 45.012 44.817 44.598 44.645 46.333 48.021 49.122 50.851 52.069 52.384 53.859 54.420 55.913 57.003 59.030 60.533 59.741 60.178 58.384 56.732 55.988 54.635 54.268 54.716 55.740 54.837 54.253 52.885 50.707 49.465 48.075 46.175 44.671 42.909 41.172 40.642 39.540 38.805 38.103 37.721 37.773 38.174 38.979 39.277 39.749 39.105 39.403 38.290 31.733 19.225 13.200 9.756 6.929 4.377 2.353 0.996 0.311 0.071 0.013 0.002 0.000 0.000 0.000 0.000 0.000 0.000 0.000 0.000 0.000
38.757 40.151 41.762 43.466 44.289 44.192 44.817 44.624 43.903 44.214 44.417 44.565 46.289 48.185 49.346 51.100 52.396 52.600 53.901 54.227 55.978 57.891 59.072 60.666 59.850 59.686 58.650 56.555 55.745 55.555 54.942 55.838 57.465 56.472 55.116 53.515 50.917 49.176 47.873 46.224 45.142 44.485 43.256 42.778 41.512 40.496 39.374 38.373 37.839 37.208 37.223 36.798 36.877 36.220 35.628 34.937 30.519 20.044 13.113 9.274 6.515 4.225 2.359 1.039 0.344 0.086 0.017 0.003 0.000 0.000 0.000 0.000 0.000 0.000 0.000 0.000 0.000
37.236 39.453 41.028 43.138 44.263 43.620 43.970 44.040 43.614 44.536 44.777 44.437 44.947 46.021 47.690 49.345 50.589 50.968 52.446 52.655 54.007 56.383 57.385 59.697 58.754 57.452 56.826 55.723 54.844 54.674 54.298 55.391 57.019 56.502 55.601 53.565 50.790 48.828 47.102 46.268 45.186 45.423 45.153 45.085 44.500 43.087 41.497 39.826 38.407 36.962 35.766 34.134 33.232 32.494 32.108 32.419 30.725 22.855 13.545 9.012 6.271 4.159 2.433 1.145 0.411 0.113 0.025 0.005 0.001 0.000 0.000 0.000 0.000 0.000 0.000 0.000 0.000
35.618 38.502 40.840 42.684 43.462 43.003 44.054 44.620 44.217 44.757 44.306 44.063 43.825 44.011 45.632 47.173 48.846 48.886 49.579 49.598 49.893 52.535 54.535 56.010 55.414 54.549 54.205 53.150 53.049 53.800 53.655 54.916 56.751 56.094 55.093 53.759 51.190 49.078 47.239 46.397 45.204 45.841 45.765 45.429 45.864 45.302 44.394 42.202 39.815 37.322 34.636 32.253 30.406 29.892 29.591 29.960 29.990 25.417 15.399 9.258 6.220 4.197 2.534 1.227 0.461 0.135 0.033 0.007 0.001 0.000 0.000 0.000 0.000 0.000 0.000 0.000 0.000
33.046 36.896 40.104 42.262 43.685 43.588 44.169 44.611 44.412 44.758 44.271 44.218 43.291 42.980 44.378 45.986 47.440 46.754 46.716 46.677 46.865 49.260 51.789 52.874 52.690 51.466 51.162 50.422 50.553 51.748 52.791 54.531 56.262 56.084 55.643 54.329 51.586 49.296 47.552 46.392 45.461 45.777 45.960 45.863 46.395 45.785 45.582 43.753 41.165 37.914 33.928 30.705 28.569 28.389 28.318 28.624 28.784 26.977 18.722 10.241 6.474 4.281 2.539 1.216 0.458 0.138 0.035 0.008 0.001 0.000 0.000 0.000 0.000 0.000 0.000 0.000 0.000
25.741 33.996 38.507 41.058 43.048 42.957 43.719 44.006 43.827 44.644 44.140 43.817 43.227 43.186 44.029 45.162 46.195 46.266 45.793 45.130 44.824 45.720 47.485 48.425 48.041 47.325 47.306 47.512 48.884 50.328 51.132 52.766 54.973 55.105 54.932 54.511 52.366 50.303 48.715 46.744 45.673 45.041 44.876 44.338 45.161 45.272 45.476 44.118 41.589 38.061 33.287 29.218 27.284 27.030 27.400 27.405 27.251 26.188 20.780 11.864 6.881 4.203 2.407 1.130 0.424 0.130 0.034 0.008 0.001 0.000 0.000 0.000 0.000 0.000 0.000 0.000 0.000
17.546 26.919 35.263 39.181 41.884 42.878 43.792 43.874 43.601 44.148 43.458 43.426 43.623 43.693 44.314 45.561 45.832 45.216 44.245 43.767 43.864 43.935 43.992 44.350 44.309 44.522 44.943 45.622 47.126 49.082 50.597 51.924 53.648 54.167 54.525 54.664 52.915 51.130 49.437 46.929 45.338 43.864 43.263 42.670 43.834 44.081 44.094 43.329 40.986 37.368 32.231 27.700 25.905 25.516 25.873 25.656 25.146 24.070 20.841 12.948 6.640 3.699 2.011 0.939 0.356 0.112 0.030 0.007 0.001 0.000 0.000 0.000 0.000 0.000 0.000 0.000 0.000
12.546 18.560 27.723 35.830 39.512 41.173 42.323 42.574 42.441 42.747 42.747 43.164 44.173 45.023 45.321 45.572 45.722 45.113 44.145 43.496 42.650 42.359 42.154 42.442 42.000 42.342 42.998 44.538 47.001 48.887 50.276 51.785 53.770 54.238 54.638 54.976 53.159 51.224 49.404 46.781 44.389 42.149 40.879 39.895 40.791 41.174 40.898 40.353 38.254 34.942 30.513 26.530 24.539 23.560 23.036 22.500 21.420 20.449 18.563 12.279 5.604 2.746 1.393 0.656 0.259 0.087 0.025 0.006 0.001 0.000 0.000 0.000 0.000 0.000 0.000 0.000 0.000
9.448 13.485 18.807 27.099 34.576 37.935 39.151 39.980 39.991 40.286 40.339 41.301 43.365 45.522 46.646 46.547 45.480 44.466 43.867 43.465 42.812 42.312 41.591 41.395 40.848 41.569 42.649 44.089 46.329 48.770 50.140 51.578 53.636 54.244 54.810 55.068 53.209 51.265 49.176 46.173 42.865 39.613 37.923 37.149 38.301 38.640 37.710 36.691 34.771 32.184 29.288 26.289 23.992 22.026 20.082 18.206 15.924 14.079 11.624 7.477 3.543 1.657 0.826 0.393 0.160 0.056 0.017 0.005 0.001 0.000 0.000 0.000 0.000 0.000 0.000 0.000 0.000
6.732 9.764 12.701 16.829 24.431 32.514 35.242 36.514 36.270 36.668 36.606 37.858 41.621 45.271 46.269 46.056 45.415 44.704 43.957 43.296 42.579 41.870 40.912 40.368 39.986 40.166 41.776 43.651 46.055 49.402 51.327 52.454 54.412 54.324 54.920 55.023 53.104 51.037 48.660 45.205 41.316 37.390 35.281 34.512 35.789 36.491 35.873 35.033 33.393 31.364 29.287 26.595 23.852 20.415 16.681 12.903 8.984 6.416 4.561 2.840 1.601 0.848 0.442 0.213 0.089 0.032 0.010 0.003 0.000 0.000 0.000 0.000 0.000 0.000 0.000 0.000 0.000
3.996 6.062 7.895 9.949 13.702 21.945 28.902 31.505 31.101 30.795 30.367 31.974 37.603 43.352 45.746 45.794 44.966 44.286 43.798 43.209 42.549 41.916 40.630 39.889 39.652 39.511 41.499 43.738 46.154 48.978 51.511 52.562 54.764 54.543 54.887 54.663 52.687 50.260 47.708 43.932 39.768 35.780 33.389 32.487 33.559 34.490 34.254 34.001 32.922 31.273 29.131 25.904 22.015 16.143 10.556 6.827 4.212 2.677 1.812 1.172 0.698 0.393 0.213 0.105 0.044 0.016 0.005 0.001 0.000 0.000 0.000 0.000 0.000 0.000 0.000 0.000 0.000
1.743 2.923 4.094 5.467 7.563 11.492 18.500 24.135 25.035 24.658 24.258 26.079 32.844 40.075 43.149 44.101 44.243 44.038 43.613 43.102 42.558 41.923 40.845 39.854 39.358 39.114 40.752 42.925 45.481 47.941 51.176 52.855 54.814 54.732 54.882 54.437 52.433 49.854 47.190 43.325 39.038 35.061 32.493 31.188 31.769 32.512 32.509 32.572 31.681 29.875 26.534 21.173 15.293 9.571 5.507 3.302 2.017 1.258 0.795 0.493 0.291 0.167 0.093 0.047 0.020 0.007 0.002 0.000 0.000 0.000 0.000 0.000 0.000 0.000 0.000 0.000 0.000
0.585 1.154 1.847 2.724 4.008 5.890 9.233 14.532 17.661 18.394 18.867 21.191 27.746 35.823 40.291 42.431 43.103 43.061 43.092 42.606 42.107 41.367 40.615 39.495 38.235 37.741 38.249 40.144 42.415 44.947 48.805 51.635 54.461 54.619 54.734 54.254 52.186 49.735 46.980 43.155 39.052 35.043 32.313 30.542 30.371 30.539 30.302 29.821 27.967 23.985 18.301 12.652 7.982 5.032 3.038 1.753 1.008 0.586 0.342 0.198 0.115 0.067 0.038 0.019 0.008 0.003 0.001 0.000 0.000 0.000 0.000 0.000 0.000 0.000 0.000 0.000 0.000
0.167 0.395 0.731 1.197 1.863 2.784 4.000 6.147 9.190 12.197 14.692 17.851 23.610 31.260 36.536 40.103 41.957 42.307 42.838 42.310 41.598 40.732 39.865 38.544 36.480 35.468 34.918 36.341 37.964 40.694 44.713 48.859 53.292 54.133 54.157 53.646 51.565 49.464 46.697 42.971 39.259 35.590 32.753 30.548 29.273 28.273 26.962 24.685 20.293 14.449 9.512 6.433 4.180 2.579 1.522 0.858 0.470 0.252 0.136 0.075 0.042 0.025 0.015 0.007 0.003 0.001 0.000 0.000 0.000 0.000 0.000 0.000 0.000 0.000 0.000 0.000 0.000
0.043 0.116 0.249 0.451 0.748 1.160 1.659 2.284 3.777 6.991 11.209 15.670 21.037 28.001 34.183 38.865 41.621 42.374 43.020 42.759 41.704 40.484 38.661 36.771 34.256 32.648 31.553 32.229 33.091 35.809 40.156 45.945 51.183 52.966 52.964 52.518 50.483 48.451 45.902 42.463 39.285 36.171 33.412 30.663 28.054 24.918 20.391 15.656 11.256 7.521 4.969 3.173 1.937 1.135 0.644 0.352 0.186 0.094 0.048 0.026 0.015 0.009 0.005 0.003 0.001 0.000 0.000 0.000 0.000 0.000 0.000 0.000 0.000 0.000 0.000 0.000 0.000
0.010 0.030 0.073 0.146 0.260 0.434 0.681 1.030 1.676 3.570 7.966 14.079 20.281 26.760 33.074 38.318 41.681 42.923 43.537 43.147 41.892 40.333 37.602 34.855 31.914 30.029 28.941 29.153 29.917 32.642 37.043 43.357 48.413 50.893 51.015 51.068 49.237 46.872 44.538 41.729 39.158 36.277 33.236 29.619 25.227 18.705 12.198 8.054 5.555 3.699 2.307 1.370 0.779 0.429 0.231 0.121 0.061 0.030 0.015 0.008 0.005 0.003 0.002 0.001 0.000 0.000 0.000 0.000 0.000 0.000 0.000 0.000 0.000 0.000 0.000 0.000 0.000
0.002 0.007 0.019 0.041 0.080 0.151 0.283 0.531 1.008 2.067 5.175 11.852 20.189 26.915 33.328 38.253 41.461 42.993 43.315 42.773 41.658 39.742 36.869 33.633 30.287 28.241 27.728 28.181 29.410 32.206 36.574 42.799 47.602 49.457 49.770 49.493 47.917 45.496 43.315 40.650 38.103 34.875 31.004 25.852 18.691 11.379 6.804 4.244 2.654 1.616 0.940 0.521 0.276 0.142 0.071 0.035 0.017 0.008 0.004 0.002 0.001 0.001 0.000 0.000 0.000 0.000 0.000 0.000 0.000 0.000 0.000 0.000 0.000 0.000 0.000 0.000 0.000
0.000 0.002 0.004 0.010 0.022 0.050 0.118 0.281 0.657 1.481 3.414 8.724 18.604 27.184 33.662 38.060 40.712 42.135 42.021 41.564 40.353 38.371 36.002 32.760 29.200 26.976 26.881 28.012 30.062 33.218 37.886 43.899 47.949 48.668 49.247 47.621 46.025 43.698 41.645 38.810 35.650 31.382 24.899 17.507 10.828 6.264 3.605 2.041 1.147 0.635 0.341 0.176 0.087 0.041 0.019 0.009 0.004 0.002 0.001 0.001 0.000 0.000 0.000 0.000 0.000 0.000 0.000 0.000 0.000 0.000 0.000 0.000 0.000 0.000 0.000 0.000 0.000
0.000 0.000 0.001 0.002 0.006 0.016 0.048 0.142 0.402 1.051 2.488 5.781 13.841 24.869 32.256 35.938 37.958 39.089 38.949 38.985 37.908 36.278 34.393 31.606 28.130 25.746 25.632 26.819 28.884 31.904 36.880 43.746 47.547 47.692 47.853 45.339 42.982 40.878 38.259 35.057 30.427 23.443 15.411 9.370 5.597 3.155 1.690 0.877 0.447 0.225 0.111 0.053 0.024 0.011 0.005 0.002 0.001 0.000 0.000 0.000 0.000 0.000 0.000 0.000 0.000 0.000 0.000 0.000 0.000 0.000 0.000 0.000 0.000 0.000 0.000 0.000 0.000
0.000 0.000 0.000 0.001 0.002 0.005 0.018 0.065 0.219 0.655 1.705 3.901 8.364 16.938 25.421 29.463 31.399 33.020 33.688 34.596 34.214 33.527 31.989 29.952 26.989 24.267 23.012 23.104 24.295 26.802 31.811 39.654 43.936 44.149 43.981 41.672 38.445 35.923 32.362 28.323 21.573 13.940 8.291 4.837 2.688 1.414 0.707 0.339 0.158 0.072 0.033 0.014 0.006 0.002 0.001 0.000 0.000 0.000 0.000 0.000 0.000 0.000 0.000 0.000 0.000 0.000 0.000 0.000 0.000 0.000 0.000 0.000 0.000 0.000 0.000 0.000 0.000
0.000 0.000 0.000 0.000 0.000 0.001 0.006 0.026 0.101 0.344 1.000 2.484 5.215 9.296 14.566 19.060 22.248 24.840 26.732 28.657 29.299 29.595 28.668 27.158 24.828 21.581 18.102 16.044 15.508 16.672 20.899 29.535 35.762 37.043 36.865 34.915 31.996 29.109 23.985 17.970 11.912 7.162 4.108 2.235 1.158 0.569 0.265 0.118 0.051 0.021 0.009 0.003 0.001 0.000 0.000 0.000 0.000 0.000 0.000 0.000 0.000 0.000 0.000 0.000 0.000 0.000 0.000 0.000 0.000 0.000 0.000 0.000 0.000 0.000 0.000 0.000 0.000
0.000 0.000 0.000 0.000 0.000 0.000 0.002 0.009 0.037 0.144 0.484 1.379 3.200 5.433 7.081 9.095 12.155 15.799 18.828 21.417 22.747 23.416 23.186 22.094 20.106 15.787 10.598 7.828 6.851 6.896 8.608 14.239 20.713 24.429 26.090 25.373 23.116 19.153 13.769 9.143 5.818 3.386 1.820 0.925 0.448 0.206 0.089 0.037 0.015 0.006 0.002 0.001 0.000 0.000 0.000 0.000 0.000 0.000 0.000 0.000 0.000 0.000 0.000 0.000 0.000 0.000 0.000 0.000 0.000 0.000 0.000 0.000 0.000 0.000 0.000 0.000 0.000
0.000 0.000 0.000 0.000 0.000 0.000 0.000 0.002 0.010 0.045 0.178 0.612 1.676 2.846 3.202 3.360 4.564 7.367 10.348 12.946 14.557 15.083 14.501 13.160 11.651 8.737 5.353 3.529 2.682 2.389 2.526 3.921 6.719 9.476 11.301 11.832 11.414 9.721 7.091 4.597 2.694 1.452 0.727 0.345 0.156 0.067 0.027 0.010 0.004 0.001 0.000 0.000 0.000 0.000 0.000 0.000 0.000 0.000 0.000 0.000 0.000 0.000 0.000 0.000 0.000 0.000 0.000 0.000 0.000 0.000 0.000 0.000 0.000 0.000 0.000 0.000 0.000
0.000 0.000 0.000 0.000 0.000 0.000 0.000 0.000 0.002 0.010 0.045 0.185 0.618 1.062 1.093 1.023 1.193 2.128 3.487 4.803 5.872 6.521 6.563 6.057 5.463 4.475 2.919 1.804 1.190 0.899 0.817 0.980 1.749 2.838 3.461 3.792 4.028 4.027 3.414 2.208 1.170 0.572 0.265 0.117 0.049 0.020 0.007 0.003 0.001 0.000 0.000 0.000 0.000 0.000 0.000 0.000 0.000 0.000 0.000 0.000 0.000 0.000 0.000 0.000 0.000 0.000 0.000 0.000 0.000 0.000 0.000 0.000 0.000 0.000 0.000 0.000 0.000
