RESULTS/r.avaflow_results/14_results/14_ascii/14_r1max.asc
ncols 506
nrows 317
xllcenter 498237.50
yllcenter 5580050.00
cellsize 12.50
NODATA_value -9999.000
[rows 168 to 195 of 317, columns 128 to 191 of 506]
1.000 1.000 1.000 1.000 1.000 1.000 1.000 1.000 0.346 0.260 0.206 0.171 0.148 0.133 0.121 0.093 0.088 0.083 0.069 0.054 0.043 0.041 0.033 0.032 0.027 0.024 0.021 0.019 0.016 0.014 0.012 0.009 0.008 0.007 0.006 0.006 0.006 0.005 0.005 0.004 0.004 0.004 0.004 0.004 0.004 0.004 0.004 0.043 0.036 0.031 0.028 0.025 0.024 0.022 0.020 0.018 0.017 0.015 0.015 0.014 0.014 0.014 0.014 0.014
1.000 1.000 1.000 1.000 1.000 1.000 1.000 1.000 0.337 0.264 0.215 0.152 0.163 0.149 0.113 0.106 0.101 0.083 0.080 0.063 0.050 0.048 0.037 0.037 0.032 0.028 0.023 0.016 0.014 0.012 0.011 0.010 0.009 0.008 0.007 0.006 0.006 0.006 0.005 0.005 0.004 0.004 0.004 0.004 0.004 0.005 0.005 0.050 0.041 0.035 0.030 0.027 0.025 0.024 0.023 0.021 0.019 0.018 0.017 0.017 0.016 0.016 0.016 0.015
1.000 1.000 1.000 1.000 1.000 1.000 1.000 1.000 0.341 0.281 0.239 0.172 0.155 0.142 0.133 0.125 0.098 0.094 0.077 0.074 0.057 0.060 0.053 0.037 0.031 0.026 0.022 0.018 0.013 0.012 0.011 0.011 0.008 0.008 0.008 0.007 0.007 0.006 0.006 0.005 0.005 0.005 0.005 0.005 0.005 0.005 0.006 0.007 0.047 0.039 0.035 0.031 0.028 0.026 0.024 0.023 0.022 0.020 0.020 0.019 0.018 0.018 0.018 0.018
1.000 1.000 1.000 1.000 1.000 1.000 1.000 1.000 0.360 0.309 0.273 0.203 0.183 0.170 0.158 0.122 0.116 0.111 0.105 0.080 0.073 0.065 0.056 0.045 0.038 0.031 0.026 0.018 0.015 0.014 0.012 0.011 0.011 0.010 0.009 0.008 0.008 0.008 0.007 0.007 0.006 0.006 0.006 0.006 0.006 0.006 0.007 0.008 0.054 0.045 0.039 0.035 0.031 0.028 0.026 0.025 0.024 0.022 0.021 0.020 0.020 0.019 0.019 0.020
1.000 1.000 1.000 1.000 1.000 1.000 1.000 1.000 1.000 0.296 0.266 0.243 0.223 0.175 0.162 0.146 0.137 0.129 0.120 0.110 0.098 0.080 0.069 0.058 0.047 0.038 0.031 0.022 0.020 0.018 0.017 0.016 0.015 0.013 0.012 0.011 0.010 0.009 0.009 0.008 0.008 0.007 0.007 0.006 0.007 0.007 0.007 0.009 0.059 0.050 0.043 0.039 0.035 0.033 0.029 0.027 0.026 0.025 0.025 0.024 0.023 0.023 0.023 0.024
1.000 1.000 1.000 1.000 1.000 1.000 1.000 1.000 1.000 0.338 0.311 0.290 0.233 0.213 0.188 0.174 0.162 0.150 0.137 0.135 0.122 0.106 0.090 0.074 0.060 0.049 0.034 0.030 0.028 0.026 0.025 0.023 0.022 0.020 0.018 0.017 0.015 0.013 0.012 0.010 0.009 0.008 0.008 0.008 0.007 0.008 0.009 0.010 0.013 0.054 0.048 0.043 0.039 0.036 0.034 0.031 0.030 0.029 0.028 0.027 0.027 0.027 0.027 0.027
1.000 1.000 1.000 1.000 1.000 1.000 1.000 1.000 1.000 1.000 0.309 0.289 0.279 0.249 0.229 0.210 0.236 0.186 0.170 0.153 0.135 0.116 0.096 0.079 0.065 0.055 0.048 0.044 0.042 0.035 0.034 0.032 0.030 0.028 0.025 0.023 0.020 0.016 0.015 0.013 0.011 0.010 0.009 0.009 0.009 0.010 0.011 0.014 0.017 0.022 0.054 0.048 0.044 0.041 0.038 0.036 0.034 0.033 0.032 0.031 0.031 0.031 0.030 0.030
1.000 1.000 1.000 1.000 1.000 1.000 1.000 1.000 1.000 1.000 1.000 0.336 0.328 0.293 0.285 0.301 0.242 0.221 0.199 0.176 0.153 0.128 0.106 0.088 0.075 0.066 0.062 0.060 0.059 0.058 0.056 0.046 0.043 0.039 0.035 0.028 0.026 0.021 0.019 0.015 0.014 0.012 0.011 0.012 0.013 0.014 0.016 0.020 0.026 0.033 0.063 0.057 0.051 0.047 0.044 0.041 0.039 0.038 0.037 0.036 0.035 0.034 0.033 0.032
1.000 1.000 1.000 1.000 1.000 1.000 1.000 1.000 1.000 1.000 1.000 1.000 0.361 0.353 0.329 0.306 0.283 0.311 0.232 0.204 0.175 0.147 0.124 0.106 0.113 0.105 0.087 0.087 0.087 0.086 0.072 0.068 0.062 0.050 0.045 0.041 0.033 0.027 0.024 0.023 0.019 0.018 0.018 0.017 0.018 0.023 0.026 0.033 0.042 0.054 0.069 0.064 0.059 0.054 0.051 0.048 0.046 0.045 0.044 0.041 0.039 0.037 0.036 0.035
1.000 1.000 1.000 1.000 1.000 1.000 1.000 1.000 1.000 1.000 1.000 1.000 1.000 0.345 0.374 0.348 0.381 0.352 0.320 0.283 0.243 0.176 0.154 0.140 0.155 0.150 0.130 0.131 0.132 0.113 0.108 0.100 0.080 0.073 0.058 0.053 0.043 0.040 0.033 0.031 0.029 0.025 0.028 0.027 0.030 0.034 0.043 0.052 0.065 0.077 0.090 0.068 0.063 0.059 0.056 0.054 0.052 0.050 0.048 0.045 0.043 0.041 0.040 0.038
1.000 1.000 1.000 1.000 1.000 1.000 1.000 1.000 1.000 1.000 1.000 1.000 1.000 1.000 0.365 0.395 0.366 0.396 0.358 0.315 0.275 0.246 0.225 0.212 0.206 0.205 0.185 0.188 0.168 0.165 0.139 0.129 0.104 0.095 0.077 0.063 0.059 0.055 0.052 0.044 0.042 0.041 0.043 0.046 0.051 0.058 0.068 0.078 0.090 0.102 0.118 0.140 0.066 0.063 0.060 0.058 0.056 0.053 0.051 0.049 0.047 0.045 0.044 0.043
1.000 1.000 1.000 1.000 1.000 1.000 1.000 1.000 1.000 1.000 1.000 1.000 1.000 1.000 1.000 1.000 0.414 0.443 0.398 0.353 0.274 0.257 0.245 0.239 0.237 0.238 0.218 0.221 0.200 0.198 0.171 0.144 0.119 0.111 0.104 0.086 0.082 0.078 0.074 0.064 0.063 0.063 0.066 0.072 0.081 0.090 0.100 0.107 0.118 0.142 0.178 0.205 0.071 0.067 0.063 0.061 0.058 0.056 0.058 0.055 0.053 0.052 0.050 0.049
1.000 1.000 1.000 1.000 1.000 1.000 1.000 1.000 1.000 1.000 1.000 1.000 1.000 1.000 1.000 1.000 1.000 1.000 1.000 1.000 1.000 1.000 0.274 0.271 0.272 0.277 0.251 0.229 0.232 0.207 0.203 0.176 0.169 0.145 0.124 0.120 0.115 0.110 0.095 0.094 0.093 0.096 0.101 0.109 0.118 0.121 0.132 0.150 0.178 0.202 0.237 0.083 0.083 0.083 0.080 0.074 0.070 0.065 0.061 0.058 0.056 0.055 0.053 0.052
1.000 1.000 1.000 1.000 1.000 1.000 1.000 1.000 1.000 1.000 1.000 1.000 1.000 1.000 1.000 1.000 1.000 1.000 1.000 1.000 1.000 1.000 1.000 0.276 0.280 0.254 0.261 0.238 0.242 0.242 0.212 0.207 0.200 0.178 0.174 0.155 0.151 0.146 0.128 0.126 0.128 0.132 0.138 0.138 0.150 0.170 0.197 0.220 0.253 0.299 0.376 0.093 0.088 0.087 0.085 0.081 0.075 0.069 0.063 0.061 0.060 0.059 0.058 0.056
1.000 1.000 1.000 1.000 1.000 1.000 1.000 1.000 1.000 1.000 1.000 1.000 1.000 1.000 1.000 1.000 1.000 1.000 1.000 1.000 1.000 1.000 1.000 1.000 0.293 0.265 0.275 0.249 0.254 0.255 0.222 0.217 0.211 0.208 0.205 0.185 0.182 0.177 0.158 0.158 0.161 0.157 0.169 0.176 0.195 0.240 0.275 0.323 0.407 0.143 0.119 0.102 0.094 0.094 0.091 0.083 0.077 0.071 0.067 0.066 0.066 0.066 0.066 0.065
1.000 1.000 1.000 1.000 1.000 1.000 1.000 1.000 1.000 1.000 1.000 1.000 1.000 1.000 1.000 1.000 1.000 1.000 1.000 1.000 1.000 1.000 1.000 1.000 1.000 0.327 0.294 0.265 0.273 0.238 0.237 0.234 0.230 0.227 0.228 0.204 0.206 0.208 0.189 0.197 0.190 0.190 0.219 0.244 0.280 0.357 0.451 0.557 0.189 0.166 0.140 0.114 0.101 0.100 0.097 0.091 0.085 0.081 0.080 0.082 0.085 0.089 0.091 0.090
1.000 1.000 1.000 1.000 1.000 1.000 1.000 1.000 1.000 1.000 1.000 1.000 1.000 1.000 1.000 1.000 1.000 1.000 1.000 1.000 1.000 1.000 1.000 1.000 1.000 1.000 1.000 0.292 0.307 0.270 0.273 0.234 0.235 0.235 0.240 0.250 0.229 0.242 0.228 0.224 0.258 0.273 0.306 0.372 0.458 0.602 0.838 0.233 0.202 0.175 0.149 0.128 0.130 0.981 0.974 0.960 0.940 0.927 0.912 0.905 0.902 0.897 0.880 0.872
1.000 1.000 1.000 1.000 1.000 1.000 1.000 1.000 1.000 1.000 1.000 1.000 1.000 1.000 1.000 1.000 1.000 1.000 1.000 1.000 1.000 1.000 1.000 1.000 1.000 1.000 1.000 1.000 1.000 1.000 0.302 0.315 0.325 0.279 0.289 0.309 0.286 0.324 0.323 0.380 0.406 0.449 0.601 0.775 0.869 0.930 0.972 0.984 0.992 0.993 0.995 0.994 0.992 0.990 0.978 0.967 0.959 0.952 0.943 0.939 0.929 0.923 0.917 0.906
1.000 1.000 1.000 1.000 1.000 1.000 1.000 1.000 1.000 1.000 1.000 1.000 1.000 1.000 1.000 1.000 1.000 1.000 1.000 1.000 1.000 1.000 1.000 1.000 1.000 1.000 1.000 1.000 1.000 1.000 1.000 1.000 1.000 0.449 0.462 0.490 0.463 0.522 0.806 0.821 0.892 0.925 0.938 0.955 0.979 0.989 0.994 0.997 0.998 0.998 0.998 0.996 0.996 0.990 0.985 0.982 0.975 0.970 0.965 0.959 0.954 0.946 0.939 0.932
1.000 1.000 1.000 1.000 1.000 1.000 1.000 1.000 1.000 1.000 1.000 1.000 1.000 1.000 1.000 1.000 1.000 1.000 1.000 1.000 1.000 1.000 1.000 1.000 1.000 1.000 1.000 1.000 1.000 1.000 1.000 1.000 1.000 1.000 1.000 1.000 0.998 0.997 0.998 0.998 0.997 0.997 0.996 0.994 0.996 0.998 0.999 0.999 0.999 0.999 0.998 0.998 0.997 0.996 0.994 0.990 0.986 0.983 0.978 0.974 0.970 0.965 0.960 0.952
1.000 1.000 1.000 1.000 1.000 1.000 1.000 1.000 1.000 1.000 1.000 1.000 1.000 1.000 1.000 1.000 1.000 1.000 1.000 1.000 1.000 1.000 1.000 1.000 1.000 1.000 1.000 1.000 1.000 1.000 1.000 1.000 1.000 1.000 1.000 1.000 1.000 1.000 1.000 0.999 0.999 0.999 0.999 0.999 0.999 0.999 0.999 0.999 0.999 0.999 0.999 0.999 0.998 0.998 0.997 0.995 0.994 0.991 0.989 0.985 0.982 0.979 0.975 0.989
1.000 1.000 1.000 1.000 1.000 1.000 1.000 1.000 1.000 1.000 1.000 1.000 1.000 1.000 1.000 1.000 1.000 1.000 1.000 1.000 1.000 1.000 1.000 1.000 1.000 1.000 1.000 1.000 1.000 1.000 1.000 1.000 1.000 1.000 1.000 1.000 1.000 1.000 1.000 1.000 1.000 1.000 1.000 1.000 0.999 0.999 0.999 0.999 0.999 0.999 0.999 0.999 0.999 0.999 0.999 0.998 0.997 0.996 0.995 0.993 0.991 0.989 0.986 0.994
1.000 1.000 1.000 1.000 1.000 1.000 1.000 1.000 1.000 1.000 1.000 1.000 1.000 1.000 1.000 1.000 1.000 1.000 1.000 1.000 1.000 1.000 1.000 1.000 1.000 1.000 1.000 1.000 1.000 1.000 1.000 1.000 1.000 1.000 1.000 1.000 1.000 1.000 1.000 1.000 1.000 1.000 1.000 1.000 1.000 1.000 1.000 1.000 1.000 1.000 0.999 0.999 0.999 0.999 0.999 0.999 0.999 0.999 0.998 0.997 0.996 0.995 0.996 0.996
1.000 1.000 1.000 1.000 1.000 1.000 1.000 1.000 1.000 1.000 1.000 1.000 1.000 1.000 1.000 1.000 1.000 1.000 1.000 1.000 1.000 1.000 1.000 1.000 1.000 1.000 1.000 1.000 1.000 1.000 1.000 1.000 1.000 1.000 1.000 1.000 1.000 1.000 1.000 1.000 1.000 1.000 1.000 1.000 1.000 1.000 1.000 1.000 1.000 1.000 1.000 1.000 1.000 1.000 1.000 1.000 1.000 1.000 1.000 0.999 0.999 0.999 0.999 0.996
1.000 1.000 1.000 1.000 1.000 1.000 1.000 1.000 1.000 1.000 1.000 1.000 1.000 1.000 1.000 1.000 1.000 1.000 1.000 1.000 1.000 1.000 1.000 1.000 1.000 1.000 1.000 1.000 1.000 1.000 1.000 1.000 1.000 1.000 1.000 1.000 1.000 1.000 1.000 1.000 1.000 1.000 1.000 1.000 1.000 1.000 1.000 1.000 1.000 1.000 1.000 1.000 1.000 1.000 1.000 1.000 1.000 1.000 1.000 1.000 1.000 1.000 1.000 1.000
1.000 1.000 1.000 1.000 1.000 1.000 1.000 1.000 1.000 1.000 1.000 1.000 1.000 1.000 1.000 1.000 1.000 1.000 1.000 1.000 1.000 1.000 1.000 1.000 1.000 1.000 1.000 1.000 1.000 1.000 1.000 1.000 1.000 1.000 1.000 1.000 1.000 1.000 1.000 1.000 1.000 1.000 1.000 1.000 1.000 1.000 1.000 1.000 1.000 1.000 1.000 1.000 1.000 1.000 1.000 1.000 1.000 1.000 1.000 1.000 1.000 1.000 1.000 1.000
1.000 1.000 1.000 1.000 1.000 1.000 1.000 1.000 1.000 1.000 1.000 1.000 1.000 1.000 1.000 1.000 1.000 1.000 1.000 1.000 1.000 1.000 1.000 1.000 1.000 1.000 1.000 1.000 1.000 1.000 1.000 1.000 1.000 1.000 1.000 1.000 1.000 1.000 1.000 1.000 1.000 1.000 1.000 1.000 1.000 1.000 1.000 1.000 1.000 1.000 1.000 1.000 1.000 1.000 1.000 1.000 1.000 1.000 1.000 1.000 1.000 1.000 1.000 1.000
1.000 1.000 1.000 1.000 1.000 1.000 1.000 1.000 1.000 1.000 1.000 1.000 1.000 1.000 1.000 1.000 1.000 1.000 1.000 1.000 1.000 1.000 1.000 1.000 1.000 1.000 1.000 1.000 1.000 1.000 1.000 1.000 1.000 1.000 1.000 1.000 1.000 1.000 1.000 1.000 1.000 1.000 1.000 1.000 1.000 1.000 1.000 1.000 1.000 1.000 1.000 1.000 1.000 1.000 1.000 1.000 1.000 1.000 1.000 1.000 1.000 1.000 1.000 1.000
