RESULTS/r.avaflow_results/14b_results/14b_ascii/14b_hflow0067.asc
ncols 506
nrows 317
xllcenter 498237.50
yllcenter 5580050.00
cellsize 12.50
NODATA_value -9999.000
[rows 204 to 237 of 317, columns 380 to 455 of 506]
0.640 0.619 0.610 0.596 0.576 0.542 0.487 0.408 0.324 0.264 0.229 0.212 0.207 0.208 0.221 0.254 0.321 0.440 0.612 0.723 0.748 0.700 0.550 0.343 0.204 0.137 0.109 0.100 0.097 0.094 0.087 0.068 0.042 0.027 0.019 0.014 0.011 0.008 0.006 0.005 0.004 0.002 0.002 0.001 0.000 0.000 0.000 0.000 0.000 0.000 0.000 0.000 0.000 0.000 0.000 0.000 0.000 0.000 0.000 0.000 0.000 0.000 0.000 0.000 0.000 0.000 0.000 0.000 0.000 0.000 0.000 0.000 0.000 0.000 0.000 0.000
0.631 0.648 0.685 0.705 0.704 0.685 0.632 0.534 0.410 0.321 0.270 0.249 0.243 0.247 0.269 0.325 0.429 0.601 0.852 1.026 1.081 1.049 0.904 0.651 0.428 0.299 0.241 0.223 0.219 0.215 0.198 0.148 0.081 0.045 0.028 0.020 0.015 0.012 0.009 0.007 0.005 0.004 0.003 0.002 0.001 0.001 0.000 0.000 0.000 0.000 0.000 0.000 0.000 0.000 0.000 0.000 0.000 0.000 0.000 0.000 0.000 0.000 0.000 0.000 0.000 0.000 0.000 0.000 0.000 0.000 0.000 0.000 0.000 0.000 0.000 0.000
0.592 0.650 0.720 0.766 0.780 0.772 0.732 0.643 0.508 0.391 0.325 0.296 0.290 0.296 0.331 0.415 0.562 0.796 1.124 1.368 1.466 1.457 1.348 1.113 0.834 0.652 0.564 0.539 0.537 0.532 0.486 0.356 0.182 0.086 0.047 0.029 0.021 0.016 0.012 0.010 0.008 0.006 0.005 0.003 0.002 0.001 0.001 0.000 0.000 0.000 0.000 0.000 0.000 0.000 0.000 0.000 0.000 0.000 0.000 0.000 0.000 0.000 0.000 0.000 0.000 0.000 0.000 0.000 0.000 0.000 0.000 0.000 0.000 0.000 0.000 0.000
0.530 0.628 0.723 0.783 0.809 0.810 0.787 0.722 0.608 0.482 0.401 0.365 0.357 0.369 0.420 0.531 0.717 0.998 1.369 1.672 1.841 1.889 1.851 1.704 1.454 1.264 1.183 1.171 1.190 1.186 1.090 0.817 0.427 0.190 0.088 0.048 0.030 0.022 0.017 0.013 0.011 0.008 0.007 0.005 0.004 0.003 0.002 0.001 0.000 0.000 0.000 0.000 0.000 0.000 0.000 0.000 0.000 0.000 0.000 0.000 0.000 0.000 0.000 0.000 0.000 0.000 0.000 0.000 0.000 0.000 0.000 0.000 0.000 0.000 0.000 0.000
0.460 0.574 0.694 0.772 0.809 0.816 0.806 0.767 0.689 0.582 0.506 0.469 0.462 0.480 0.547 0.678 0.885 1.181 1.567 1.913 2.146 2.262 2.285 2.238 2.101 1.972 1.933 1.957 2.043 2.075 1.962 1.553 0.892 0.409 0.181 0.087 0.048 0.031 0.022 0.018 0.014 0.012 0.009 0.007 0.006 0.004 0.003 0.002 0.001 0.001 0.000 0.000 0.000 0.000 0.000 0.000 0.000 0.000 0.000 0.000 0.000 0.000 0.000 0.000 0.000 0.000 0.000 0.000 0.000 0.000 0.000 0.000 0.000 0.000 0.000 0.000
0.383 0.486 0.613 0.718 0.780 0.805 0.804 0.782 0.733 0.659 0.605 0.582 0.581 0.607 0.684 0.822 1.031 1.327 1.720 2.098 2.371 2.538 2.602 2.601 2.542 2.451 2.419 2.450 2.583 2.669 2.609 2.244 1.504 0.770 0.361 0.168 0.084 0.048 0.032 0.024 0.019 0.016 0.013 0.010 0.008 0.006 0.005 0.003 0.002 0.001 0.001 0.000 0.000 0.000 0.000 0.000 0.000 0.000 0.000 0.000 0.000 0.000 0.000 0.000 0.000 0.000 0.000 0.000 0.000 0.000 0.000 0.000 0.000 0.000 0.000 0.000
0.305 0.373 0.479 0.604 0.703 0.760 0.779 0.774 0.745 0.699 0.668 0.657 0.661 0.696 0.780 0.923 1.131 1.421 1.822 2.222 2.508 2.686 2.768 2.787 2.768 2.702 2.658 2.675 2.817 2.956 2.946 2.683 2.066 1.255 0.663 0.330 0.162 0.086 0.052 0.036 0.028 0.022 0.018 0.014 0.011 0.009 0.007 0.005 0.004 0.003 0.002 0.001 0.000 0.000 0.000 0.000 0.000 0.000 0.000 0.000 0.000 0.000 0.000 0.000 0.000 0.000 0.000 0.000 0.000 0.000 0.000 0.000 0.000 0.000 0.000 0.000
0.244 0.278 0.339 0.442 0.566 0.665 0.719 0.738 0.731 0.708 0.692 0.691 0.700 0.739 0.828 0.972 1.176 1.460 1.868 2.282 2.559 2.719 2.799 2.827 2.823 2.782 2.740 2.753 2.900 3.079 3.108 2.956 2.532 1.835 1.119 0.629 0.333 0.175 0.100 0.064 0.046 0.034 0.026 0.020 0.016 0.013 0.010 0.008 0.006 0.004 0.003 0.002 0.001 0.001 0.000 0.000 0.000 0.000 0.000 0.000 0.000 0.000 0.000 0.000 0.000 0.000 0.000 0.000 0.000 0.000 0.000 0.000 0.000 0.000 0.000 0.000
0.202 0.215 0.245 0.304 0.399 0.512 0.606 0.659 0.682 0.688 0.688 0.693 0.708 0.749 0.837 0.979 1.179 1.460 1.873 2.285 2.541 2.666 2.728 2.768 2.788 2.771 2.747 2.776 2.945 3.157 3.224 3.165 2.926 2.456 1.772 1.122 0.665 0.380 0.219 0.135 0.090 0.062 0.044 0.031 0.023 0.018 0.014 0.011 0.008 0.006 0.005 0.003 0.002 0.001 0.001 0.000 0.000 0.000 0.000 0.000 0.000 0.000 0.000 0.000 0.000 0.000 0.000 0.000 0.000 0.000 0.000 0.000 0.000 0.000 0.000 0.000
0.176 0.179 0.191 0.218 0.267 0.342 0.435 0.522 0.582 0.619 0.644 0.664 0.689 0.732 0.814 0.946 1.138 1.417 1.820 2.188 2.388 2.462 2.502 2.551 2.612 2.660 2.701 2.789 3.003 3.244 3.360 3.370 3.260 2.947 2.413 1.751 1.181 0.758 0.482 0.311 0.207 0.138 0.091 0.059 0.039 0.027 0.019 0.015 0.011 0.009 0.007 0.005 0.004 0.002 0.001 0.001 0.000 0.000 0.000 0.000 0.000 0.000 0.000 0.000 0.000 0.000 0.000 0.000 0.000 0.000 0.000 0.000 0.000 0.000 0.000 0.000
0.164 0.158 0.160 0.168 0.188 0.222 0.274 0.344 0.419 0.487 0.541 0.582 0.621 0.666 0.735 0.846 1.024 1.301 1.650 1.912 2.037 2.077 2.104 2.153 2.248 2.383 2.557 2.809 3.141 3.413 3.559 3.586 3.502 3.240 2.788 2.221 1.719 1.280 0.923 0.669 0.486 0.345 0.230 0.140 0.080 0.047 0.030 0.021 0.015 0.012 0.009 0.007 0.005 0.004 0.003 0.002 0.001 0.000 0.000 0.000 0.000 0.000 0.000 0.000 0.000 0.000 0.000 0.000 0.000 0.000 0.000 0.000 0.000 0.000 0.000 0.000
0.159 0.147 0.142 0.141 0.144 0.155 0.176 0.212 0.263 0.324 0.387 0.443 0.492 0.540 0.597 0.695 0.875 1.141 1.379 1.518 1.586 1.623 1.658 1.711 1.812 1.995 2.314 2.792 3.274 3.577 3.704 3.715 3.616 3.346 2.914 2.444 2.069 1.760 1.477 1.228 1.017 0.818 0.611 0.396 0.215 0.108 0.057 0.033 0.022 0.016 0.012 0.009 0.007 0.005 0.004 0.003 0.002 0.001 0.000 0.000 0.000 0.000 0.000 0.000 0.000 0.000 0.000 0.000 0.000 0.000 0.000 0.000 0.000 0.000 0.000 0.000
0.162 0.143 0.132 0.126 0.123 0.124 0.130 0.145 0.172 0.214 0.266 0.318 0.368 0.418 0.484 0.596 0.796 1.047 1.204 1.272 1.304 1.333 1.370 1.428 1.535 1.739 2.114 2.718 3.298 3.628 3.747 3.742 3.623 3.336 2.896 2.507 2.257 2.106 2.010 1.935 1.818 1.648 1.401 1.050 0.630 0.302 0.133 0.063 0.035 0.023 0.016 0.012 0.010 0.007 0.006 0.004 0.003 0.002 0.001 0.001 0.000 0.000 0.000 0.000 0.000 0.000 0.000 0.000 0.000 0.000 0.000 0.000 0.000 0.000 0.000 0.000
0.171 0.143 0.128 0.120 0.115 0.114 0.115 0.120 0.134 0.161 0.201 0.249 0.299 0.355 0.430 0.556 0.772 1.010 1.138 1.179 1.193 1.210 1.239 1.296 1.410 1.623 1.996 2.600 3.229 3.594 3.716 3.694 3.540 3.212 2.798 2.520 2.396 2.373 2.463 2.658 2.772 2.747 2.586 2.204 1.552 0.816 0.356 0.143 0.064 0.035 0.023 0.016 0.013 0.010 0.008 0.006 0.005 0.003 0.002 0.001 0.001 0.000 0.000 0.000 0.000 0.000 0.000 0.000 0.000 0.000 0.000 0.000 0.000 0.000 0.000 0.000
0.192 0.148 0.128 0.119 0.114 0.112 0.112 0.115 0.124 0.145 0.178 0.222 0.272 0.333 0.416 0.547 0.761 1.000 1.132 1.173 1.184 1.196 1.218 1.270 1.385 1.598 1.949 2.490 3.080 3.448 3.569 3.531 3.344 3.008 2.700 2.552 2.527 2.616 2.873 3.267 3.532 3.625 3.588 3.321 2.703 1.720 0.828 0.329 0.127 0.057 0.033 0.022 0.016 0.013 0.010 0.008 0.006 0.005 0.004 0.003 0.002 0.001 0.000 0.000 0.000 0.000 0.000 0.000 0.000 0.000 0.000 0.000 0.000 0.000 0.000 0.000
0.236 0.168 0.138 0.125 0.119 0.116 0.116 0.118 0.126 0.145 0.176 0.217 0.268 0.332 0.417 0.547 0.747 0.991 1.155 1.225 1.249 1.260 1.276 1.320 1.426 1.626 1.955 2.451 2.949 3.241 3.336 3.309 3.165 2.896 2.684 2.619 2.670 2.874 3.272 3.731 4.030 4.157 4.146 3.923 3.374 2.456 1.380 0.629 0.244 0.100 0.050 0.031 0.022 0.017 0.013 0.011 0.009 0.007 0.005 0.004 0.003 0.002 0.001 0.001 0.000 0.000 0.000 0.000 0.000 0.000 0.000 0.000 0.000 0.000 0.000 0.000
0.312 0.215 0.170 0.149 0.140 0.136 0.135 0.137 0.143 0.158 0.186 0.224 0.275 0.340 0.426 0.548 0.724 0.966 1.203 1.353 1.416 1.438 1.458 1.500 1.597 1.772 2.055 2.486 2.901 3.126 3.197 3.186 3.093 2.887 2.753 2.748 2.875 3.191 3.643 4.030 4.269 4.360 4.330 4.102 3.600 2.790 1.739 0.914 0.413 0.177 0.084 0.047 0.030 0.022 0.017 0.014 0.011 0.009 0.008 0.006 0.005 0.003 0.002 0.001 0.001 0.000 0.000 0.000 0.000 0.000 0.000 0.000 0.000 0.000 0.000 0.000
0.416 0.297 0.235 0.206 0.193 0.188 0.186 0.187 0.191 0.201 0.222 0.255 0.301 0.362 0.442 0.550 0.704 0.932 1.234 1.488 1.638 1.716 1.776 1.848 1.959 2.115 2.325 2.624 2.924 3.097 3.153 3.149 3.084 2.958 2.906 2.957 3.169 3.544 3.924 4.177 4.323 4.373 4.328 4.091 3.609 2.875 1.945 1.168 0.629 0.312 0.153 0.080 0.047 0.031 0.023 0.018 0.015 0.012 0.010 0.008 0.007 0.005 0.004 0.003 0.002 0.001 0.000 0.000 0.000 0.000 0.000 0.000 0.000 0.000 0.000 0.000
0.509 0.397 0.330 0.296 0.284 0.282 0.287 0.289 0.291 0.294 0.303 0.323 0.358 0.406 0.471 0.561 0.698 0.916 1.240 1.562 1.780 1.931 2.068 2.216 2.391 2.561 2.713 2.865 3.009 3.110 3.151 3.151 3.122 3.088 3.104 3.212 3.473 3.825 4.079 4.226 4.301 4.319 4.249 3.999 3.539 2.879 2.100 1.440 0.926 0.553 0.307 0.161 0.085 0.050 0.034 0.025 0.020 0.016 0.013 0.011 0.009 0.007 0.006 0.004 0.003 0.002 0.001 0.001 0.000 0.000 0.000 0.000 0.000 0.000 0.000 0.000
0.560 0.476 0.428 0.407 0.403 0.419 0.448 0.461 0.462 0.457 0.449 0.449 0.462 0.490 0.533 0.600 0.716 0.924 1.252 1.604 1.852 2.039 2.218 2.411 2.630 2.819 2.959 3.057 3.119 3.160 3.184 3.195 3.205 3.229 3.284 3.420 3.690 3.976 4.137 4.215 4.240 4.218 4.108 3.839 3.410 2.857 2.270 1.778 1.358 0.983 0.646 0.370 0.191 0.099 0.057 0.037 0.027 0.021 0.018 0.015 0.012 0.010 0.008 0.006 0.005 0.003 0.002 0.001 0.001 0.000 0.000 0.000 0.000 0.000 0.000 0.000
0.579 0.530 0.510 0.511 0.536 0.594 0.668 0.708 0.716 0.705 0.678 0.650 0.638 0.642 0.661 0.704 0.799 0.986 1.290 1.633 1.883 2.075 2.260 2.460 2.692 2.895 3.047 3.157 3.220 3.252 3.277 3.302 3.335 3.382 3.457 3.597 3.834 4.035 4.132 4.162 4.144 4.081 3.939 3.684 3.338 2.929 2.558 2.264 1.990 1.687 1.311 0.872 0.480 0.238 0.120 0.068 0.043 0.031 0.024 0.019 0.016 0.013 0.011 0.009 0.007 0.005 0.004 0.003 0.002 0.001 0.000 0.000 0.000 0.000 0.000 0.000
0.580 0.571 0.580 0.609 0.664 0.750 0.859 0.939 0.973 0.974 0.955 0.917 0.888 0.877 0.877 0.898 0.968 1.116 1.355 1.651 1.891 2.079 2.257 2.446 2.668 2.880 3.047 3.191 3.314 3.402 3.460 3.501 3.541 3.588 3.653 3.760 3.925 4.043 4.078 4.051 3.980 3.881 3.745 3.565 3.353 3.172 3.066 2.991 2.891 2.707 2.368 1.822 1.155 0.621 0.308 0.156 0.085 0.051 0.034 0.026 0.021 0.017 0.014 0.012 0.009 0.007 0.006 0.004 0.003 0.002 0.001 0.001 0.000 0.000 0.000 0.000
0.584 0.609 0.647 0.703 0.774 0.860 0.970 1.078 1.139 1.155 1.148 1.125 1.097 1.083 1.081 1.091 1.134 1.232 1.402 1.650 1.883 2.059 2.218 2.381 2.568 2.777 2.979 3.173 3.367 3.533 3.642 3.698 3.736 3.771 3.814 3.878 3.961 4.000 3.966 3.852 3.727 3.644 3.579 3.513 3.471 3.571 3.777 3.913 3.950 3.890 3.681 3.195 2.380 1.483 0.825 0.422 0.208 0.106 0.059 0.039 0.028 0.022 0.018 0.015 0.012 0.010 0.008 0.006 0.005 0.003 0.002 0.001 0.001 0.000 0.000 0.000
0.599 0.653 0.718 0.785 0.852 0.922 1.017 1.138 1.217 1.246 1.248 1.238 1.215 1.195 1.188 1.191 1.213 1.277 1.410 1.626 1.837 1.989 2.119 2.247 2.387 2.570 2.803 3.082 3.360 3.574 3.708 3.772 3.808 3.840 3.874 3.913 3.938 3.910 3.792 3.634 3.543 3.515 3.518 3.551 3.674 3.976 4.347 4.581 4.709 4.762 4.713 4.482 3.904 2.947 1.927 1.107 0.568 0.268 0.128 0.069 0.043 0.031 0.024 0.019 0.016 0.013 0.011 0.009 0.007 0.005 0.004 0.002 0.001 0.001 0.000 0.000
0.648 0.721 0.789 0.842 0.889 0.942 1.026 1.149 1.236 1.272 1.278 1.273 1.253 1.228 1.216 1.215 1.229 1.277 1.379 1.546 1.715 1.835 1.934 2.029 2.132 2.277 2.514 2.868 3.250 3.520 3.674 3.743 3.779 3.808 3.834 3.848 3.831 3.753 3.606 3.500 3.475 3.498 3.556 3.675 3.922 4.316 4.685 4.926 5.098 5.248 5.340 5.307 5.037 4.444 3.521 2.402 1.367 0.689 0.316 0.149 0.079 0.049 0.034 0.026 0.021 0.017 0.014 0.012 0.009 0.007 0.006 0.004 0.003 0.002 0.001 0.000
0.754 0.811 0.847 0.871 0.897 0.938 1.014 1.134 1.224 1.261 1.267 1.261 1.240 1.210 1.193 1.188 1.194 1.220 1.280 1.380 1.492 1.577 1.649 1.718 1.794 1.912 2.138 2.518 2.981 3.310 3.494 3.576 3.614 3.635 3.642 3.634 3.602 3.533 3.455 3.431 3.465 3.554 3.695 3.896 4.187 4.567 4.868 5.067 5.229 5.410 5.604 5.695 5.635 5.355 4.783 3.876 2.660 1.514 0.768 0.360 0.171 0.090 0.055 0.038 0.028 0.023 0.019 0.015 0.012 0.010 0.008 0.006 0.004 0.003 0.001 0.001
0.870 0.883 0.880 0.877 0.885 0.907 0.965 1.070 1.155 1.189 1.192 1.177 1.142 1.100 1.073 1.058 1.053 1.058 1.079 1.117 1.169 1.219 1.273 1.340 1.434 1.578 1.807 2.166 2.653 3.048 3.278 3.379 3.417 3.429 3.431 3.424 3.406 3.381 3.371 3.401 3.499 3.670 3.885 4.114 4.383 4.719 4.968 5.126 5.261 5.421 5.639 5.780 5.808 5.715 5.397 4.793 3.892 2.733 1.621 0.847 0.403 0.193 0.102 0.062 0.042 0.031 0.025 0.020 0.017 0.013 0.011 0.008 0.006 0.004 0.002 0.001
0.933 0.917 0.891 0.865 0.845 0.840 0.866 0.936 0.999 1.021 1.014 0.977 0.914 0.853 0.811 0.785 0.769 0.761 0.758 0.765 0.792 0.840 0.906 1.002 1.138 1.321 1.569 1.928 2.444 2.923 3.203 3.319 3.352 3.358 3.355 3.344 3.331 3.328 3.342 3.406 3.559 3.800 4.047 4.271 4.519 4.815 5.029 5.156 5.263 5.390 5.577 5.728 5.775 5.730 5.538 5.177 4.639 3.882 2.840 1.739 0.907 0.437 0.214 0.116 0.070 0.048 0.035 0.028 0.022 0.018 0.014 0.011 0.008 0.006 0.004 0.002
0.950 0.923 0.883 0.834 0.777 0.734 0.717 0.729 0.741 0.735 0.709 0.650 0.567 0.503 0.466 0.446 0.436 0.433 0.438 0.457 0.493 0.546 0.621 0.730 0.888 1.100 1.378 1.765 2.336 2.900 3.225 3.347 3.373 3.372 3.360 3.338 3.325 3.325 3.350 3.447 3.655 3.952 4.205 4.417 4.641 4.895 5.072 5.169 5.238 5.313 5.421 5.533 5.581 5.569 5.466 5.264 4.991 4.590 3.925 2.913 1.770 0.925 0.463 0.240 0.134 0.082 0.056 0.040 0.031 0.024 0.019 0.015 0.011 0.008 0.005 0.003
0.928 0.897 0.847 0.779 0.689 0.600 0.536 0.494 0.463 0.433 0.398 0.350 0.296 0.258 0.238 0.228 0.225 0.227 0.236 0.256 0.289 0.338 0.409 0.515 0.671 0.893 1.195 1.625 2.272 2.937 3.332 3.477 3.492 3.476 3.438 3.385 3.361 3.363 3.416 3.575 3.865 4.188 4.419 4.600 4.783 4.966 5.091 5.154 5.177 5.178 5.173 5.192 5.207 5.218 5.229 5.190 5.093 4.919 4.544 3.823 2.735 1.644 0.906 0.491 0.272 0.158 0.098 0.066 0.047 0.035 0.027 0.020 0.015 0.011 0.007 0.004
0.824 0.803 0.757 0.684 0.576 0.459 0.375 0.317 0.273 0.239 0.207 0.176 0.150 0.133 0.123 0.120 0.119 0.122 0.129 0.144 0.167 0.203 0.259 0.347 0.486 0.696 1.009 1.482 2.212 2.969 3.421 3.599 3.630 3.622 3.585 3.513 3.471 3.480 3.590 3.861 4.244 4.551 4.724 4.827 4.917 5.005 5.068 5.089 5.051 4.944 4.790 4.690 4.660 4.689 4.817 4.985 5.044 4.989 4.782 4.270 3.366 2.214 1.313 0.749 0.428 0.252 0.155 0.101 0.069 0.049 0.036 0.027 0.019 0.013 0.009 0.005
0.608 0.606 0.582 0.523 0.422 0.315 0.243 0.194 0.160 0.134 0.112 0.095 0.083 0.074 0.070 0.069 0.069 0.071 0.077 0.086 0.100 0.122 0.160 0.224 0.332 0.515 0.817 1.314 2.105 2.934 3.424 3.618 3.661 3.662 3.646 3.625 3.632 3.703 3.914 4.272 4.615 4.818 4.907 4.943 4.966 4.982 4.966 4.906 4.762 4.492 4.163 3.955 3.897 3.963 4.217 4.616 4.851 4.900 4.789 4.392 3.612 2.484 1.498 0.864 0.500 0.298 0.185 0.121 0.083 0.059 0.043 0.031 0.022 0.015 0.010 0.006
0.337 0.344 0.338 0.309 0.252 0.189 0.144 0.115 0.095 0.079 0.067 0.058 0.052 0.047 0.045 0.044 0.045 0.047 0.051 0.056 0.064 0.078 0.101 0.141 0.216 0.356 0.615 1.085 1.862 2.734 3.278 3.508 3.572 3.593 3.609 3.642 3.741 3.932 4.224 4.549 4.781 4.900 4.939 4.935 4.888 4.790 4.637 4.423 4.105 3.630 3.156 2.886 2.831 2.960 3.348 3.952 4.387 4.559 4.545 4.262 3.571 2.496 1.505 0.868 0.505 0.304 0.191 0.126 0.087 0.062 0.045 0.033 0.023 0.015 0.010 0.006
0.160 0.166 0.166 0.156 0.132 0.102 0.081 0.068 0.058 0.050 0.044 0.039 0.036 0.033 0.033 0.032 0.033 0.034 0.037 0.041 0.046 0.054 0.067 0.092 0.139 0.230 0.410 0.774 1.427 2.261 2.847 3.143 3.277 3.367 3.457 3.578 3.768 4.038 4.352 4.618 4.777 4.829 4.789 4.666 4.448 4.140 3.774 3.358 2.845 2.261 1.806 1.593 1.563 1.693 2.094 2.786 3.405 3.707 3.760 3.594 3.073 2.181 1.310 0.755 0.442 0.270 0.174 0.118 0.084 0.061 0.045 0.032 0.023 0.015 0.010 0.006
