RESULTS/r.avaflow_results/14b_results/14b_ascii/14b_hflow10027.asc
ncols 506
nrows 317
xllcenter 498237.50
yllcenter 5580050.00
cellsize 12.50
NODATA_value -9999.000
[rows 204 to 237 of 317, columns 304 to 379 of 506]
0.004 0.004 0.004 0.004 0.004 0.005 0.005 0.006 0.007 0.009 0.011 0.013 0.013 0.013 0.013 0.012 0.012 0.012 0.012 0.012 0.014 0.016 0.018 0.019 0.019 0.019 0.019 0.018 0.017 0.015 0.015 0.014 0.013 0.012 0.011 0.010 0.008 0.007 0.007 0.006 0.006 0.006 0.007 0.009 0.012 0.015 0.016 0.016 0.016 0.015 0.014 0.013 0.011 0.008 0.007 0.006 0.006 0.006 0.006 0.006 0.007 0.009 0.013 0.019 0.026 0.030 0.033 0.034 0.035 0.035 0.034 0.032 0.030 0.026 0.022 0.020
0.004 0.004 0.004 0.004 0.005 0.005 0.005 0.006 0.006 0.007 0.009 0.011 0.012 0.012 0.012 0.012 0.012 0.012 0.012 0.013 0.014 0.017 0.018 0.019 0.019 0.019 0.018 0.017 0.016 0.015 0.014 0.013 0.013 0.012 0.011 0.009 0.008 0.007 0.007 0.006 0.006 0.007 0.008 0.010 0.012 0.014 0.014 0.014 0.014 0.013 0.012 0.010 0.008 0.007 0.006 0.005 0.005 0.005 0.005 0.005 0.006 0.008 0.012 0.017 0.022 0.024 0.026 0.026 0.027 0.027 0.027 0.027 0.026 0.024 0.021 0.019
0.004 0.004 0.004 0.005 0.005 0.005 0.005 0.005 0.006 0.006 0.007 0.008 0.010 0.011 0.011 0.011 0.011 0.011 0.011 0.013 0.015 0.017 0.018 0.018 0.019 0.018 0.018 0.017 0.016 0.015 0.014 0.013 0.012 0.011 0.010 0.009 0.008 0.007 0.007 0.007 0.007 0.007 0.009 0.011 0.013 0.013 0.013 0.013 0.012 0.011 0.010 0.008 0.007 0.006 0.005 0.005 0.005 0.005 0.005 0.005 0.006 0.008 0.011 0.016 0.019 0.020 0.021 0.021 0.021 0.021 0.021 0.021 0.021 0.020 0.019 0.018
0.004 0.005 0.005 0.005 0.005 0.005 0.005 0.005 0.005 0.005 0.006 0.006 0.007 0.009 0.010 0.010 0.010 0.010 0.011 0.012 0.014 0.015 0.016 0.017 0.017 0.017 0.017 0.016 0.015 0.014 0.013 0.012 0.011 0.010 0.009 0.008 0.007 0.007 0.007 0.007 0.007 0.008 0.010 0.012 0.013 0.013 0.013 0.013 0.012 0.010 0.009 0.007 0.006 0.005 0.005 0.005 0.005 0.005 0.005 0.005 0.005 0.007 0.011 0.014 0.016 0.017 0.017 0.017 0.017 0.017 0.016 0.016 0.016 0.016 0.016 0.016
0.005 0.005 0.005 0.005 0.005 0.005 0.005 0.005 0.005 0.005 0.005 0.005 0.006 0.006 0.007 0.008 0.009 0.009 0.010 0.011 0.012 0.012 0.013 0.013 0.013 0.014 0.014 0.014 0.014 0.013 0.012 0.011 0.010 0.009 0.008 0.007 0.007 0.007 0.007 0.007 0.007 0.008 0.010 0.012 0.013 0.013 0.013 0.013 0.012 0.010 0.008 0.007 0.006 0.005 0.005 0.004 0.004 0.004 0.004 0.005 0.005 0.007 0.010 0.013 0.014 0.015 0.015 0.015 0.015 0.014 0.014 0.013 0.013 0.013 0.013 0.014
0.005 0.005 0.005 0.005 0.005 0.005 0.004 0.004 0.004 0.004 0.004 0.004 0.004 0.005 0.005 0.006 0.007 0.008 0.008 0.008 0.008 0.008 0.008 0.008 0.009 0.010 0.011 0.011 0.011 0.011 0.010 0.009 0.009 0.008 0.007 0.007 0.006 0.007 0.007 0.007 0.008 0.009 0.010 0.012 0.014 0.014 0.014 0.013 0.012 0.010 0.009 0.007 0.006 0.005 0.005 0.004 0.004 0.004 0.004 0.005 0.005 0.007 0.010 0.012 0.013 0.013 0.013 0.013 0.013 0.013 0.012 0.011 0.011 0.011 0.011 0.012
0.004 0.005 0.005 0.005 0.004 0.004 0.004 0.004 0.004 0.004 0.004 0.004 0.004 0.004 0.004 0.004 0.005 0.005 0.006 0.006 0.005 0.005 0.005 0.005 0.006 0.007 0.008 0.009 0.009 0.009 0.009 0.009 0.008 0.007 0.007 0.006 0.006 0.006 0.007 0.007 0.008 0.009 0.010 0.013 0.014 0.015 0.015 0.014 0.014 0.012 0.011 0.009 0.007 0.005 0.005 0.004 0.004 0.004 0.004 0.005 0.005 0.007 0.009 0.011 0.012 0.012 0.012 0.012 0.012 0.012 0.011 0.010 0.009 0.009 0.009 0.010
0.004 0.004 0.004 0.004 0.004 0.004 0.003 0.003 0.003 0.003 0.003 0.003 0.003 0.003 0.003 0.004 0.004 0.004 0.004 0.004 0.004 0.004 0.004 0.004 0.005 0.006 0.007 0.008 0.008 0.008 0.008 0.008 0.007 0.007 0.006 0.006 0.006 0.006 0.007 0.007 0.008 0.009 0.010 0.013 0.015 0.016 0.017 0.017 0.017 0.016 0.015 0.013 0.010 0.007 0.006 0.005 0.005 0.005 0.005 0.005 0.005 0.006 0.008 0.010 0.011 0.012 0.012 0.012 0.012 0.012 0.011 0.010 0.009 0.008 0.008 0.008
0.004 0.004 0.004 0.003 0.003 0.003 0.003 0.003 0.003 0.003 0.003 0.003 0.003 0.003 0.003 0.003 0.003 0.003 0.003 0.003 0.003 0.004 0.004 0.004 0.004 0.005 0.006 0.007 0.007 0.007 0.007 0.007 0.007 0.007 0.006 0.006 0.006 0.007 0.007 0.007 0.008 0.009 0.011 0.013 0.017 0.019 0.021 0.022 0.022 0.023 0.022 0.020 0.016 0.012 0.008 0.007 0.006 0.005 0.005 0.005 0.006 0.007 0.008 0.009 0.010 0.011 0.012 0.012 0.012 0.012 0.011 0.010 0.008 0.008 0.007 0.007
0.003 0.003 0.003 0.002 0.002 0.002 0.002 0.002 0.002 0.002 0.002 0.002 0.002 0.002 0.002 0.003 0.003 0.003 0.003 0.003 0.003 0.003 0.003 0.004 0.004 0.005 0.006 0.006 0.007 0.007 0.007 0.007 0.007 0.007 0.006 0.006 0.006 0.007 0.007 0.007 0.008 0.009 0.011 0.015 0.019 0.022 0.024 0.026 0.026 0.026 0.026 0.024 0.021 0.017 0.013 0.010 0.009 0.008 0.007 0.007 0.007 0.007 0.008 0.009 0.010 0.012 0.013 0.014 0.014 0.014 0.013 0.011 0.009 0.007 0.007 0.006
0.002 0.002 0.002 0.002 0.002 0.002 0.002 0.002 0.002 0.002 0.002 0.002 0.002 0.002 0.002 0.002 0.002 0.003 0.003 0.003 0.003 0.003 0.003 0.003 0.004 0.004 0.005 0.006 0.006 0.006 0.006 0.006 0.006 0.006 0.006 0.006 0.006 0.007 0.007 0.007 0.008 0.009 0.011 0.016 0.021 0.024 0.026 0.027 0.027 0.027 0.027 0.026 0.023 0.020 0.016 0.014 0.012 0.011 0.010 0.009 0.009 0.009 0.009 0.009 0.010 0.013 0.016 0.017 0.018 0.017 0.016 0.014 0.011 0.008 0.006 0.006
0.002 0.002 0.002 0.002 0.002 0.002 0.002 0.002 0.002 0.002 0.002 0.002 0.002 0.002 0.002 0.002 0.002 0.002 0.002 0.003 0.003 0.003 0.003 0.003 0.004 0.004 0.005 0.005 0.006 0.006 0.006 0.006 0.006 0.006 0.006 0.006 0.006 0.006 0.007 0.007 0.007 0.009 0.011 0.016 0.021 0.025 0.026 0.027 0.027 0.027 0.027 0.026 0.023 0.020 0.018 0.016 0.014 0.013 0.012 0.011 0.010 0.010 0.009 0.010 0.011 0.014 0.017 0.019 0.020 0.020 0.019 0.017 0.014 0.010 0.007 0.005
0.002 0.002 0.001 0.001 0.001 0.001 0.001 0.002 0.002 0.002 0.002 0.002 0.002 0.002 0.002 0.002 0.002 0.002 0.002 0.002 0.003 0.003 0.003 0.003 0.004 0.004 0.005 0.005 0.005 0.006 0.006 0.006 0.006 0.006 0.006 0.006 0.006 0.006 0.006 0.006 0.007 0.008 0.011 0.016 0.021 0.025 0.026 0.027 0.027 0.027 0.026 0.025 0.023 0.020 0.018 0.016 0.014 0.013 0.012 0.011 0.011 0.010 0.010 0.010 0.011 0.014 0.018 0.020 0.020 0.020 0.020 0.019 0.017 0.012 0.008 0.006
0.001 0.001 0.001 0.001 0.001 0.001 0.001 0.001 0.001 0.001 0.001 0.002 0.002 0.002 0.002 0.002 0.002 0.002 0.002 0.002 0.002 0.003 0.003 0.003 0.004 0.004 0.005 0.005 0.005 0.005 0.005 0.006 0.006 0.006 0.006 0.006 0.006 0.006 0.006 0.006 0.006 0.007 0.010 0.014 0.020 0.023 0.025 0.025 0.025 0.025 0.025 0.024 0.022 0.020 0.018 0.016 0.014 0.013 0.012 0.011 0.011 0.011 0.011 0.011 0.012 0.014 0.018 0.019 0.020 0.020 0.020 0.019 0.017 0.014 0.010 0.006
0.001 0.001 0.001 0.001 0.001 0.001 0.001 0.001 0.001 0.001 0.001 0.001 0.001 0.001 0.002 0.002 0.002 0.002 0.002 0.002 0.002 0.003 0.003 0.003 0.004 0.004 0.004 0.005 0.005 0.005 0.005 0.005 0.006 0.006 0.006 0.006 0.006 0.006 0.006 0.006 0.006 0.007 0.009 0.012 0.017 0.021 0.023 0.023 0.024 0.023 0.023 0.022 0.021 0.019 0.017 0.015 0.014 0.013 0.012 0.011 0.011 0.011 0.011 0.011 0.012 0.014 0.017 0.019 0.019 0.019 0.019 0.019 0.018 0.015 0.011 0.007
0.001 0.001 0.001 0.001 0.001 0.001 0.001 0.001 0.001 0.001 0.001 0.001 0.001 0.001 0.001 0.002 0.002 0.002 0.002 0.002 0.002 0.002 0.003 0.003 0.004 0.004 0.004 0.004 0.005 0.005 0.005 0.005 0.005 0.005 0.005 0.005 0.005 0.005 0.006 0.006 0.006 0.007 0.008 0.011 0.014 0.017 0.019 0.020 0.021 0.021 0.021 0.020 0.019 0.017 0.016 0.014 0.013 0.012 0.012 0.011 0.011 0.011 0.011 0.011 0.012 0.013 0.016 0.018 0.018 0.018 0.018 0.018 0.017 0.016 0.013 0.009
0.001 0.001 0.001 0.001 0.001 0.001 0.001 0.001 0.001 0.001 0.001 0.001 0.001 0.001 0.001 0.001 0.002 0.002 0.002 0.002 0.002 0.002 0.003 0.003 0.003 0.004 0.004 0.004 0.004 0.004 0.005 0.005 0.005 0.005 0.005 0.005 0.005 0.005 0.005 0.006 0.006 0.007 0.008 0.010 0.012 0.014 0.015 0.016 0.017 0.017 0.017 0.017 0.016 0.015 0.013 0.012 0.011 0.011 0.011 0.011 0.011 0.011 0.011 0.011 0.011 0.013 0.015 0.016 0.017 0.017 0.017 0.016 0.016 0.015 0.013 0.010
0.001 0.001 0.001 0.001 0.001 0.001 0.001 0.001 0.001 0.001 0.001 0.001 0.001 0.001 0.001 0.001 0.001 0.002 0.002 0.002 0.002 0.002 0.002 0.003 0.003 0.003 0.004 0.004 0.004 0.004 0.004 0.004 0.005 0.005 0.005 0.005 0.005 0.005 0.005 0.006 0.006 0.007 0.009 0.010 0.011 0.012 0.013 0.013 0.014 0.013 0.013 0.013 0.012 0.011 0.010 0.009 0.008 0.008 0.009 0.010 0.010 0.011 0.011 0.011 0.012 0.013 0.014 0.015 0.015 0.015 0.015 0.015 0.015 0.014 0.013 0.011
0.001 0.001 0.001 0.001 0.001 0.001 0.001 0.001 0.001 0.001 0.001 0.001 0.001 0.001 0.001 0.001 0.001 0.001 0.002 0.002 0.002 0.002 0.002 0.003 0.003 0.003 0.003 0.003 0.004 0.004 0.004 0.004 0.004 0.004 0.004 0.005 0.005 0.005 0.005 0.006 0.007 0.008 0.009 0.010 0.011 0.011 0.011 0.011 0.011 0.011 0.011 0.010 0.009 0.008 0.007 0.006 0.006 0.006 0.007 0.009 0.010 0.011 0.011 0.011 0.012 0.012 0.013 0.014 0.014 0.014 0.013 0.013 0.013 0.013 0.012 0.011
0.001 0.001 0.001 0.001 0.001 0.001 0.001 0.001 0.001 0.001 0.001 0.001 0.001 0.001 0.001 0.001 0.001 0.001 0.001 0.001 0.002 0.002 0.002 0.002 0.003 0.003 0.003 0.003 0.003 0.003 0.003 0.004 0.004 0.004 0.004 0.004 0.004 0.005 0.005 0.006 0.007 0.008 0.009 0.010 0.010 0.010 0.010 0.010 0.010 0.009 0.009 0.008 0.007 0.006 0.005 0.005 0.005 0.005 0.006 0.008 0.010 0.011 0.011 0.011 0.012 0.012 0.012 0.012 0.012 0.012 0.012 0.012 0.011 0.011 0.011 0.010
0.001 0.001 0.001 0.001 0.001 0.001 0.001 0.001 0.001 0.001 0.001 0.001 0.001 0.001 0.001 0.001 0.001 0.001 0.001 0.001 0.001 0.002 0.002 0.002 0.002 0.002 0.002 0.003 0.003 0.003 0.003 0.003 0.003 0.003 0.004 0.004 0.004 0.004 0.005 0.005 0.007 0.008 0.009 0.009 0.009 0.009 0.009 0.009 0.009 0.008 0.008 0.007 0.006 0.005 0.005 0.005 0.005 0.005 0.006 0.008 0.010 0.011 0.011 0.011 0.011 0.012 0.012 0.011 0.011 0.011 0.011 0.010 0.010 0.009 0.009 0.008
0.001 0.001 0.001 0.001 0.001 0.001 0.001 0.001 0.001 0.001 0.001 0.001 0.001 0.001 0.001 0.001 0.001 0.001 0.001 0.001 0.001 0.001 0.002 0.002 0.002 0.002 0.002 0.002 0.002 0.002 0.003 0.003 0.003 0.003 0.003 0.003 0.003 0.004 0.004 0.005 0.006 0.008 0.008 0.008 0.008 0.008 0.008 0.008 0.008 0.007 0.007 0.006 0.005 0.005 0.005 0.005 0.005 0.005 0.007 0.008 0.010 0.011 0.011 0.011 0.011 0.011 0.011 0.010 0.010 0.010 0.009 0.009 0.008 0.008 0.008 0.007
0.001 0.001 0.001 0.001 0.001 0.001 0.001 0.001 0.001 0.001 0.001 0.001 0.001 0.001 0.001 0.001 0.001 0.001 0.001 0.001 0.001 0.001 0.001 0.001 0.002 0.002 0.002 0.002 0.002 0.002 0.002 0.002 0.002 0.002 0.003 0.003 0.003 0.003 0.003 0.004 0.005 0.006 0.007 0.007 0.007 0.007 0.007 0.007 0.007 0.006 0.006 0.005 0.005 0.005 0.005 0.005 0.006 0.007 0.008 0.009 0.011 0.011 0.011 0.011 0.011 0.010 0.010 0.010 0.009 0.009 0.008 0.008 0.008 0.007 0.007 0.007
0.001 0.001 0.001 0.001 0.001 0.001 0.001 0.001 0.001 0.001 0.001 0.001 0.001 0.001 0.001 0.001 0.001 0.001 0.001 0.001 0.001 0.001 0.001 0.001 0.001 0.001 0.002 0.002 0.002 0.002 0.002 0.002 0.002 0.002 0.002 0.002 0.002 0.002 0.002 0.003 0.003 0.004 0.005 0.005 0.006 0.006 0.006 0.006 0.006 0.005 0.005 0.005 0.005 0.005 0.006 0.007 0.009 0.010 0.011 0.012 0.012 0.012 0.012 0.011 0.010 0.010 0.009 0.009 0.009 0.008 0.008 0.007 0.007 0.007 0.007 0.007
0.001 0.001 0.001 0.001 0.001 0.001 0.001 0.001 0.001 0.001 0.001 0.001 0.001 0.001 0.001 0.001 0.001 0.001 0.001 0.001 0.001 0.001 0.001 0.001 0.001 0.001 0.001 0.001 0.001 0.001 0.002 0.002 0.002 0.002 0.002 0.002 0.002 0.002 0.002 0.002 0.002 0.003 0.003 0.004 0.004 0.005 0.005 0.005 0.005 0.005 0.005 0.004 0.005 0.005 0.007 0.010 0.012 0.013 0.014 0.014 0.013 0.013 0.012 0.011 0.010 0.010 0.009 0.008 0.008 0.008 0.007 0.007 0.007 0.007 0.007 0.007
0.001 0.001 0.001 0.001 0.001 0.001 0.001 0.001 0.001 0.001 0.001 0.001 0.001 0.001 0.001 0.001 0.001 0.001 0.001 0.001 0.001 0.001 0.001 0.001 0.001 0.001 0.001 0.001 0.001 0.001 0.001 0.001 0.001 0.001 0.001 0.002 0.002 0.002 0.002 0.002 0.002 0.002 0.002 0.003 0.003 0.003 0.004 0.004 0.004 0.004 0.004 0.004 0.004 0.005 0.007 0.011 0.014 0.015 0.015 0.014 0.014 0.013 0.012 0.011 0.010 0.009 0.009 0.008 0.008 0.007 0.007 0.007 0.007 0.007 0.007 0.008
0.001 0.001 0.001 0.001 0.001 0.001 0.001 0.001 0.001 0.001 0.001 0.001 0.001 0.001 0.001 0.001 0.001 0.001 0.001 0.001 0.001 0.001 0.001 0.001 0.001 0.001 0.001 0.001 0.001 0.001 0.001 0.001 0.001 0.001 0.001 0.001 0.001 0.001 0.001 0.001 0.001 0.002 0.002 0.002 0.002 0.002 0.002 0.003 0.003 0.003 0.003 0.003 0.004 0.005 0.007 0.011 0.014 0.015 0.015 0.015 0.014 0.014 0.013 0.011 0.010 0.009 0.008 0.008 0.007 0.007 0.007 0.007 0.007 0.008 0.008 0.008
0.000 0.001 0.001 0.001 0.001 0.001 0.001 0.001 0.001 0.001 0.001 0.001 0.001 0.001 0.001 0.001 0.001 0.001 0.001 0.001 0.001 0.001 0.001 0.001 0.001 0.001 0.001 0.001 0.001 0.001 0.001 0.001 0.001 0.001 0.001 0.001 0.001 0.001 0.001 0.001 0.001 0.001 0.001 0.001 0.002 0.002 0.002 0.002 0.002 0.002 0.002 0.002 0.003 0.004 0.006 0.010 0.013 0.014 0.015 0.015 0.014 0.014 0.013 0.011 0.010 0.009 0.008 0.007 0.007 0.007 0.007 0.007 0.008 0.008 0.008 0.008
0.000 0.000 0.000 0.000 0.000 0.001 0.001 0.001 0.001 0.001 0.001 0.001 0.001 0.001 0.001 0.000 0.000 0.000 0.000 0.000 0.000 0.000 0.000 0.000 0.001 0.001 0.001 0.001 0.001 0.001 0.001 0.001 0.001 0.001 0.001 0.001 0.001 0.001 0.001 0.001 0.001 0.001 0.001 0.001 0.001 0.001 0.001 0.001 0.001 0.001 0.001 0.001 0.002 0.003 0.004 0.007 0.010 0.012 0.013 0.014 0.014 0.013 0.013 0.011 0.010 0.008 0.008 0.007 0.007 0.007 0.007 0.007 0.008 0.008 0.008 0.008
0.000 0.000 0.000 0.000 0.000 0.000 0.000 0.000 0.000 0.000 0.000 0.000 0.000 0.000 0.000 0.000 0.000 0.000 0.000 0.000 0.000 0.000 0.000 0.000 0.000 0.000 0.000 0.000 0.000 0.000 0.001 0.001 0.001 0.001 0.001 0.001 0.001 0.001 0.001 0.001 0.001 0.001 0.001 0.001 0.001 0.001 0.001 0.001 0.001 0.001 0.001 0.001 0.001 0.001 0.002 0.004 0.006 0.008 0.010 0.011 0.012 0.012 0.012 0.011 0.009 0.008 0.007 0.007 0.006 0.006 0.006 0.007 0.008 0.008 0.008 0.008
0.000 0.000 0.000 0.000 0.000 0.000 0.000 0.000 0.000 0.000 0.000 0.000 0.000 0.000 0.000 0.000 0.000 0.000 0.000 0.000 0.000 0.000 0.000 0.000 0.000 0.000 0.000 0.000 0.000 0.000 0.000 0.000 0.000 0.000 0.000 0.000 0.000 0.000 0.001 0.001 0.001 0.001 0.001 0.001 0.001 0.001 0.001 0.001 0.001 0.001 0.001 0.001 0.001 0.001 0.001 0.002 0.002 0.004 0.005 0.006 0.007 0.008 0.009 0.008 0.008 0.007 0.006 0.006 0.005 0.005 0.005 0.006 0.007 0.008 0.008 0.008
0.000 0.000 0.000 0.000 0.000 0.000 0.000 0.000 0.000 0.000 0.000 0.000 0.000 0.000 0.000 0.000 0.000 0.000 0.000 0.000 0.000 0.000 0.000 0.000 0.000 0.000 0.000 0.000 0.000 0.000 0.000 0.000 0.000 0.000 0.000 0.000 0.000 0.000 0.000 0.000 0.000 0.000 0.000 0.000 0.000 0.000 0.001 0.001 0.001 0.001 0.001 0.001 0.001 0.001 0.001 0.001 0.001 0.002 0.002 0.003 0.003 0.004 0.004 0.005 0.005 0.005 0.004 0.004 0.004 0.004 0.004 0.004 0.005 0.006 0.006 0.007
0.000 0.000 0.000 0.000 0.000 0.000 0.000 0.000 0.000 0.000 0.000 0.000 0.000 0.000 0.000 0.000 0.000 0.000 0.000 0.000 0.000 0.000 0.000 0.000 0.000 0.000 0.000 0.000 0.000 0.000 0.000 0.000 0.000 0.000 0.000 0.000 0.000 0.000 0.000 0.000 0.000 0.000 0.000 0.000 0.000 0.000 0.000 0.000 0.000 0.000 0.000 0.000 0.001 0.001 0.001 0.001 0.001 0.001 0.001 0.001 0.002 0.002 0.002 0.002 0.002 0.002 0.002 0.002 0.002 0.002 0.002 0.002 0.002 0.003 0.004 0.004
0.000 0.000 0.000 0.000 0.000 0.000 0.000 0.000 0.000 0.000 0.000 0.000 0.000 0.000 0.000 0.000 0.000 0.000 0.000 0.000 0.000 0.000 0.000 0.000 0.000 0.000 0.000 0.000 0.000 0.000 0.000 0.000 0.000 0.000 0.000 0.000 0.000 0.000 0.000 0.000 0.000 0.000 0.000 0.000 0.000 0.000 0.000 0.000 0.000 0.000 0.000 0.000 0.000 0.000 0.000 0.001 0.001 0.001 0.001 0.001 0.001 0.001 0.001 0.001 0.001 0.001 0.001 0.001 0.001 0.001 0.001 0.001 0.001 0.001 0.002 0.002
