RESULTS/r.avaflow_results/14b_results/14b_ascii/14b_hflow0044.asc
ncols 506
nrows 317
xllcenter 498237.50
yllcenter 5580050.00
cellsize 12.50
NODATA_value -9999.000
[rows 170 to 203 of 317, columns 304 to 379 of 506]
0.000 0.000 0.000 0.000 0.000 0.000 0.000 0.000 0.000 0.000 0.000 0.000 0.000 0.000 0.000 0.000 0.000 0.000 0.000 0.000 0.000 0.000 0.000 0.000 0.000 0.000 0.000 0.000 0.000 0.000 0.000 0.000 0.000 0.000 0.000 0.000 0.000 0.000 0.000 0.000 0.000 0.000 0.000 0.000 0.000 0.000 0.000 0.000 0.000 0.000 0.000 0.000 0.000 0.000 0.000 0.000 0.000 0.000 0.000 0.000 0.000 0.000 0.000 0.000 0.000 0.000 0.000 0.000 0.000 0.000 0.000 0.000 0.000 0.000 0.000 0.000
0.000 0.000 0.000 0.000 0.000 0.000 0.000 0.000 0.000 0.000 0.000 0.000 0.000 0.000 0.000 0.000 0.000 0.000 0.000 0.000 0.000 0.000 0.000 0.000 0.000 0.000 0.000 0.000 0.000 0.000 0.000 0.000 0.000 0.000 0.000 0.000 0.000 0.000 0.000 0.000 0.000 0.000 0.000 0.000 0.000 0.000 0.000 0.000 0.000 0.000 0.000 0.000 0.000 0.000 0.000 0.000 0.000 0.000 0.000 0.000 0.000 0.000 0.000 0.000 0.000 0.000 0.000 0.000 0.000 0.000 0.000 0.000 0.000 0.000 0.000 0.000
0.000 0.000 0.000 0.000 0.001 0.001 0.001 0.001 0.001 0.001 0.001 0.001 0.001 0.001 0.001 0.001 0.001 0.001 0.001 0.001 0.001 0.000 0.000 0.000 0.000 0.000 0.000 0.000 0.000 0.000 0.000 0.000 0.000 0.000 0.000 0.000 0.000 0.000 0.000 0.000 0.000 0.000 0.000 0.000 0.000 0.000 0.000 0.000 0.000 0.000 0.000 0.000 0.000 0.000 0.000 0.000 0.000 0.000 0.000 0.000 0.000 0.000 0.000 0.000 0.000 0.000 0.000 0.000 0.000 0.000 0.000 0.000 0.000 0.000 0.000 0.000
0.000 0.000 0.000 0.001 0.002 0.003 0.004 0.004 0.004 0.004 0.004 0.004 0.004 0.004 0.004 0.004 0.003 0.003 0.002 0.002 0.002 0.001 0.001 0.001 0.000 0.000 0.000 0.000 0.000 0.000 0.000 0.000 0.000 0.000 0.000 0.000 0.000 0.000 0.000 0.000 0.000 0.000 0.000 0.000 0.000 0.000 0.000 0.000 0.000 0.000 0.000 0.000 0.000 0.000 0.000 0.000 0.000 0.000 0.000 0.000 0.000 0.000 0.000 0.000 0.000 0.000 0.000 0.000 0.000 0.000 0.000 0.000 0.000 0.000 0.000 0.000
0.000 0.001 0.002 0.003 0.004 0.006 0.007 0.008 0.009 0.009 0.009 0.009 0.008 0.008 0.008 0.007 0.007 0.006 0.005 0.004 0.004 0.003 0.002 0.002 0.001 0.001 0.001 0.000 0.000 0.000 0.000 0.000 0.000 0.000 0.000 0.000 0.000 0.000 0.000 0.000 0.000 0.000 0.000 0.000 0.000 0.000 0.000 0.000 0.000 0.000 0.000 0.000 0.000 0.000 0.000 0.000 0.000 0.000 0.000 0.000 0.000 0.000 0.000 0.000 0.000 0.000 0.000 0.000 0.000 0.000 0.000 0.000 0.000 0.000 0.000 0.000
0.002 0.003 0.004 0.006 0.008 0.010 0.013 0.015 0.015 0.015 0.015 0.015 0.014 0.014 0.013 0.013 0.012 0.010 0.009 0.007 0.006 0.005 0.004 0.003 0.003 0.002 0.001 0.001 0.001 0.000 0.000 0.000 0.000 0.000 0.000 0.000 0.000 0.000 0.000 0.000 0.000 0.000 0.000 0.000 0.000 0.000 0.000 0.000 0.000 0.000 0.000 0.000 0.000 0.000 0.000 0.000 0.000 0.000 0.000 0.000 0.000 0.000 0.000 0.000 0.000 0.000 0.000 0.000 0.000 0.000 0.000 0.000 0.000 0.000 0.000 0.000
0.004 0.005 0.007 0.010 0.012 0.016 0.021 0.025 0.026 0.026 0.026 0.025 0.024 0.023 0.022 0.020 0.018 0.016 0.013 0.011 0.009 0.008 0.007 0.005 0.004 0.004 0.003 0.002 0.002 0.001 0.001 0.001 0.000 0.000 0.000 0.000 0.000 0.000 0.000 0.000 0.000 0.000 0.000 0.000 0.000 0.000 0.000 0.000 0.000 0.000 0.000 0.000 0.000 0.000 0.000 0.000 0.000 0.000 0.000 0.000 0.000 0.000 0.000 0.000 0.000 0.000 0.000 0.000 0.000 0.000 0.000 0.000 0.000 0.000 0.000 0.000
0.007 0.009 0.012 0.015 0.019 0.025 0.035 0.045 0.049 0.049 0.049 0.047 0.044 0.041 0.037 0.033 0.029 0.024 0.020 0.016 0.014 0.012 0.010 0.008 0.007 0.006 0.005 0.004 0.003 0.003 0.002 0.002 0.001 0.001 0.001 0.001 0.000 0.000 0.000 0.000 0.000 0.000 0.000 0.000 0.000 0.000 0.000 0.000 0.000 0.000 0.000 0.000 0.000 0.000 0.000 0.000 0.000 0.000 0.000 0.000 0.000 0.000 0.000 0.000 0.000 0.000 0.000 0.000 0.000 0.000 0.000 0.000 0.000 0.000 0.000 0.000
0.011 0.014 0.018 0.024 0.031 0.043 0.064 0.090 0.104 0.108 0.107 0.104 0.097 0.087 0.073 0.060 0.049 0.039 0.031 0.025 0.020 0.017 0.014 0.012 0.010 0.008 0.007 0.006 0.005 0.005 0.004 0.003 0.003 0.002 0.002 0.002 0.001 0.001 0.001 0.001 0.000 0.000 0.000 0.000 0.000 0.000 0.000 0.000 0.000 0.000 0.000 0.000 0.000 0.000 0.000 0.000 0.000 0.000 0.000 0.000 0.000 0.000 0.000 0.000 0.000 0.000 0.000 0.000 0.000 0.000 0.000 0.000 0.000 0.000 0.000 0.000
0.017 0.023 0.031 0.042 0.059 0.086 0.134 0.203 0.253 0.273 0.275 0.269 0.252 0.220 0.175 0.130 0.096 0.071 0.053 0.041 0.032 0.025 0.020 0.017 0.014 0.012 0.010 0.009 0.008 0.008 0.007 0.006 0.005 0.005 0.004 0.003 0.003 0.002 0.002 0.002 0.001 0.001 0.001 0.001 0.001 0.001 0.001 0.001 0.000 0.000 0.000 0.000 0.000 0.000 0.000 0.000 0.000 0.000 0.000 0.000 0.000 0.000 0.000 0.000 0.000 0.000 0.000 0.000 0.000 0.000 0.000 0.000 0.000 0.000 0.000 0.000
0.027 0.040 0.059 0.088 0.128 0.189 0.298 0.460 0.605 0.685 0.713 0.709 0.675 0.593 0.465 0.323 0.220 0.151 0.106 0.076 0.056 0.042 0.032 0.025 0.020 0.016 0.014 0.013 0.012 0.011 0.010 0.009 0.009 0.008 0.007 0.006 0.005 0.005 0.004 0.004 0.003 0.003 0.003 0.002 0.002 0.002 0.002 0.002 0.001 0.001 0.001 0.000 0.000 0.000 0.000 0.000 0.000 0.000 0.000 0.000 0.000 0.000 0.000 0.000 0.000 0.000 0.000 0.000 0.000 0.000 0.000 0.000 0.000 0.000 0.000 0.000
0.049 0.081 0.134 0.206 0.294 0.418 0.624 0.924 1.209 1.397 1.489 1.509 1.473 1.342 1.098 0.777 0.509 0.336 0.227 0.157 0.109 0.076 0.054 0.039 0.029 0.023 0.020 0.018 0.017 0.016 0.015 0.014 0.013 0.012 0.010 0.009 0.008 0.007 0.007 0.006 0.006 0.005 0.005 0.005 0.005 0.004 0.004 0.003 0.003 0.002 0.002 0.001 0.001 0.001 0.000 0.000 0.000 0.000 0.000 0.000 0.000 0.000 0.000 0.000 0.000 0.000 0.000 0.000 0.000 0.000 0.000 0.000 0.000 0.000 0.000 0.000
0.104 0.197 0.341 0.500 0.665 0.866 1.162 1.537 1.831 2.006 2.107 2.143 2.126 2.018 1.769 1.376 0.958 0.655 0.452 0.312 0.213 0.144 0.097 0.066 0.047 0.035 0.029 0.026 0.024 0.023 0.022 0.021 0.019 0.017 0.015 0.013 0.012 0.011 0.010 0.010 0.009 0.009 0.009 0.008 0.008 0.007 0.007 0.006 0.005 0.004 0.003 0.003 0.002 0.002 0.001 0.001 0.001 0.000 0.000 0.000 0.000 0.000 0.000 0.000 0.000 0.000 0.000 0.000 0.000 0.000 0.000 0.000 0.000 0.000 0.000 0.000
0.250 0.494 0.838 1.137 1.386 1.622 1.873 2.088 2.209 2.278 2.336 2.367 2.360 2.283 2.078 1.717 1.274 0.939 0.703 0.522 0.373 0.257 0.174 0.118 0.081 0.058 0.046 0.041 0.038 0.036 0.035 0.033 0.030 0.026 0.022 0.019 0.017 0.016 0.015 0.014 0.014 0.014 0.013 0.013 0.013 0.012 0.011 0.009 0.008 0.007 0.006 0.005 0.004 0.003 0.003 0.002 0.002 0.001 0.001 0.001 0.001 0.001 0.000 0.000 0.000 0.000 0.000 0.000 0.000 0.000 0.000 0.000 0.000 0.000 0.000 0.000
0.552 1.034 1.628 2.058 2.302 2.424 2.477 2.447 2.368 2.329 2.342 2.360 2.353 2.291 2.118 1.810 1.413 1.097 0.864 0.685 0.539 0.411 0.299 0.211 0.148 0.107 0.086 0.076 0.071 0.069 0.067 0.062 0.054 0.042 0.033 0.028 0.025 0.023 0.022 0.021 0.020 0.020 0.020 0.020 0.019 0.018 0.016 0.014 0.012 0.010 0.009 0.008 0.007 0.006 0.005 0.004 0.004 0.003 0.003 0.002 0.002 0.002 0.001 0.001 0.001 0.001 0.000 0.000 0.000 0.000 0.000 0.000 0.000 0.000 0.000 0.000
0.938 1.512 2.166 2.625 2.844 2.883 2.811 2.612 2.389 2.267 2.213 2.188 2.163 2.108 1.984 1.758 1.449 1.171 0.955 0.786 0.654 0.548 0.452 0.358 0.273 0.211 0.178 0.166 0.163 0.162 0.159 0.148 0.121 0.083 0.059 0.047 0.040 0.036 0.033 0.032 0.031 0.031 0.031 0.031 0.031 0.029 0.025 0.020 0.017 0.015 0.013 0.012 0.010 0.009 0.008 0.007 0.006 0.006 0.005 0.005 0.004 0.004 0.003 0.003 0.002 0.002 0.001 0.001 0.000 0.000 0.000 0.000 0.000 0.000 0.000 0.000
1.201 1.714 2.335 2.780 2.983 3.002 2.888 2.622 2.291 2.041 1.880 1.784 1.724 1.680 1.629 1.544 1.394 1.193 1.001 0.843 0.718 0.628 0.563 0.511 0.456 0.407 0.380 0.385 0.409 0.422 0.419 0.389 0.311 0.205 0.134 0.097 0.078 0.067 0.060 0.056 0.054 0.054 0.054 0.055 0.054 0.050 0.041 0.030 0.025 0.021 0.019 0.017 0.015 0.013 0.012 0.010 0.010 0.009 0.008 0.008 0.007 0.007 0.006 0.005 0.004 0.003 0.003 0.002 0.001 0.001 0.001 0.000 0.000 0.000 0.000 0.000
1.295 1.725 2.281 2.670 2.838 2.843 2.712 2.417 1.994 1.599 1.326 1.165 1.091 1.072 1.096 1.163 1.201 1.139 1.009 0.863 0.743 0.662 0.618 0.602 0.599 0.618 0.667 0.749 0.836 0.882 0.886 0.839 0.706 0.504 0.338 0.241 0.185 0.152 0.132 0.119 0.112 0.111 0.111 0.112 0.111 0.099 0.074 0.050 0.038 0.032 0.027 0.024 0.021 0.019 0.017 0.015 0.014 0.013 0.012 0.012 0.011 0.011 0.010 0.009 0.007 0.006 0.005 0.004 0.003 0.002 0.002 0.001 0.001 0.001 0.000 0.000
1.280 1.608 1.969 2.179 2.246 2.214 2.090 1.837 1.428 1.016 0.766 0.645 0.605 0.608 0.656 0.770 0.912 0.978 0.952 0.856 0.742 0.667 0.637 0.636 0.661 0.729 0.841 0.987 1.110 1.179 1.197 1.171 1.075 0.898 0.693 0.538 0.433 0.361 0.311 0.279 0.261 0.255 0.255 0.255 0.247 0.210 0.144 0.091 0.063 0.050 0.043 0.037 0.032 0.027 0.024 0.022 0.020 0.019 0.018 0.017 0.016 0.016 0.015 0.013 0.011 0.009 0.008 0.006 0.005 0.004 0.003 0.003 0.002 0.002 0.001 0.001
1.160 1.287 1.360 1.332 1.266 1.194 1.113 0.992 0.781 0.554 0.418 0.356 0.341 0.348 0.395 0.504 0.664 0.773 0.813 0.791 0.717 0.654 0.632 0.634 0.668 0.754 0.891 1.053 1.177 1.252 1.278 1.272 1.223 1.111 0.942 0.793 0.695 0.633 0.590 0.559 0.541 0.536 0.538 0.537 0.507 0.420 0.282 0.175 0.118 0.089 0.073 0.062 0.052 0.044 0.037 0.033 0.029 0.027 0.026 0.025 0.024 0.023 0.022 0.019 0.016 0.013 0.011 0.009 0.008 0.007 0.006 0.005 0.005 0.004 0.003 0.003
0.913 0.843 0.767 0.674 0.591 0.534 0.492 0.448 0.379 0.295 0.244 0.222 0.218 0.225 0.261 0.353 0.498 0.600 0.649 0.664 0.646 0.609 0.592 0.594 0.628 0.718 0.864 1.021 1.135 1.207 1.243 1.252 1.231 1.158 1.024 0.883 0.801 0.768 0.760 0.764 0.776 0.791 0.802 0.799 0.753 0.639 0.467 0.318 0.223 0.170 0.138 0.114 0.094 0.077 0.063 0.053 0.046 0.042 0.039 0.037 0.036 0.034 0.032 0.028 0.023 0.018 0.016 0.013 0.012 0.010 0.009 0.008 0.007 0.007 0.006 0.006
0.647 0.522 0.426 0.347 0.290 0.254 0.233 0.215 0.197 0.177 0.164 0.160 0.161 0.170 0.201 0.278 0.398 0.476 0.509 0.523 0.527 0.520 0.507 0.504 0.524 0.599 0.736 0.877 0.970 1.038 1.092 1.127 1.136 1.104 1.003 0.874 0.804 0.789 0.801 0.831 0.866 0.895 0.912 0.908 0.859 0.748 0.600 0.477 0.382 0.308 0.254 0.211 0.173 0.141 0.114 0.093 0.078 0.069 0.064 0.060 0.057 0.054 0.050 0.042 0.032 0.025 0.021 0.018 0.016 0.014 0.013 0.012 0.011 0.011 0.010 0.010
0.466 0.341 0.260 0.206 0.172 0.151 0.139 0.132 0.128 0.126 0.126 0.129 0.134 0.147 0.178 0.245 0.335 0.386 0.404 0.409 0.409 0.404 0.388 0.375 0.378 0.419 0.512 0.619 0.692 0.752 0.813 0.873 0.912 0.918 0.875 0.789 0.742 0.740 0.765 0.812 0.864 0.902 0.921 0.917 0.871 0.771 0.662 0.585 0.524 0.467 0.411 0.352 0.294 0.242 0.197 0.161 0.136 0.122 0.113 0.107 0.100 0.093 0.083 0.067 0.048 0.036 0.029 0.025 0.022 0.020 0.018 0.017 0.016 0.016 0.016 0.016
0.345 0.239 0.179 0.145 0.125 0.113 0.106 0.102 0.102 0.103 0.107 0.112 0.122 0.139 0.172 0.228 0.287 0.317 0.325 0.325 0.322 0.314 0.297 0.279 0.274 0.287 0.326 0.388 0.438 0.476 0.513 0.555 0.595 0.619 0.625 0.604 0.590 0.597 0.633 0.698 0.780 0.839 0.866 0.865 0.830 0.751 0.677 0.638 0.612 0.586 0.554 0.510 0.451 0.381 0.313 0.262 0.229 0.212 0.202 0.192 0.181 0.165 0.144 0.115 0.080 0.055 0.041 0.034 0.030 0.027 0.025 0.024 0.022 0.022 0.022 0.022
0.257 0.179 0.137 0.115 0.103 0.096 0.092 0.091 0.091 0.094 0.098 0.105 0.117 0.137 0.172 0.216 0.249 0.263 0.266 0.265 0.261 0.254 0.240 0.223 0.215 0.215 0.227 0.256 0.287 0.308 0.324 0.341 0.360 0.375 0.382 0.381 0.379 0.385 0.416 0.486 0.590 0.680 0.728 0.741 0.728 0.691 0.660 0.655 0.667 0.673 0.667 0.646 0.603 0.535 0.452 0.384 0.339 0.314 0.304 0.300 0.297 0.282 0.252 0.207 0.148 0.097 0.066 0.051 0.044 0.040 0.037 0.034 0.032 0.031 0.031 0.031
0.192 0.141 0.113 0.099 0.091 0.087 0.086 0.086 0.088 0.091 0.096 0.104 0.117 0.140 0.175 0.206 0.221 0.225 0.225 0.223 0.220 0.215 0.205 0.192 0.182 0.178 0.180 0.191 0.208 0.219 0.225 0.229 0.234 0.238 0.239 0.238 0.237 0.240 0.257 0.298 0.369 0.453 0.515 0.551 0.572 0.587 0.608 0.652 0.709 0.746 0.758 0.752 0.718 0.655 0.564 0.476 0.415 0.379 0.366 0.367 0.384 0.415 0.411 0.369 0.289 0.192 0.125 0.090 0.074 0.066 0.060 0.055 0.049 0.045 0.044 0.045
0.145 0.115 0.097 0.088 0.084 0.082 0.083 0.085 0.088 0.091 0.097 0.106 0.122 0.149 0.182 0.201 0.207 0.207 0.204 0.199 0.195 0.191 0.185 0.175 0.165 0.160 0.159 0.162 0.170 0.176 0.178 0.178 0.177 0.176 0.175 0.171 0.168 0.169 0.177 0.197 0.233 0.287 0.339 0.381 0.421 0.468 0.538 0.645 0.746 0.804 0.824 0.820 0.790 0.726 0.631 0.529 0.455 0.410 0.392 0.394 0.422 0.507 0.604 0.614 0.543 0.405 0.264 0.183 0.145 0.127 0.113 0.100 0.086 0.075 0.069 0.067
0.114 0.097 0.087 0.081 0.079 0.080 0.083 0.087 0.093 0.099 0.107 0.119 0.139 0.167 0.191 0.202 0.204 0.202 0.196 0.189 0.183 0.179 0.174 0.168 0.160 0.154 0.151 0.152 0.156 0.159 0.160 0.159 0.157 0.156 0.154 0.151 0.146 0.142 0.143 0.150 0.165 0.194 0.231 0.272 0.319 0.387 0.498 0.655 0.777 0.842 0.859 0.853 0.821 0.756 0.658 0.548 0.468 0.419 0.400 0.400 0.431 0.535 0.739 0.898 0.909 0.785 0.570 0.401 0.317 0.273 0.240 0.209 0.175 0.143 0.120 0.108
0.096 0.086 0.080 0.078 0.077 0.079 0.084 0.094 0.108 0.123 0.139 0.157 0.178 0.198 0.209 0.211 0.208 0.203 0.195 0.186 0.179 0.174 0.170 0.166 0.160 0.154 0.151 0.151 0.153 0.156 0.156 0.154 0.154 0.153 0.152 0.149 0.143 0.136 0.132 0.131 0.136 0.149 0.172 0.206 0.257 0.343 0.489 0.672 0.799 0.858 0.870 0.861 0.827 0.761 0.660 0.549 0.467 0.417 0.398 0.399 0.430 0.535 0.764 1.063 1.223 1.216 1.061 0.841 0.695 0.612 0.544 0.473 0.389 0.301 0.233 0.187
0.087 0.081 0.078 0.076 0.076 0.079 0.088 0.108 0.138 0.174 0.204 0.227 0.243 0.248 0.244 0.235 0.223 0.211 0.199 0.188 0.179 0.173 0.170 0.168 0.167 0.163 0.160 0.159 0.160 0.160 0.159 0.158 0.159 0.160 0.159 0.155 0.148 0.137 0.130 0.126 0.126 0.130 0.143 0.171 0.225 0.328 0.502 0.692 0.808 0.858 0.867 0.857 0.820 0.749 0.643 0.530 0.451 0.405 0.387 0.389 0.418 0.518 0.738 1.076 1.356 1.478 1.471 1.379 1.275 1.185 1.093 0.977 0.819 0.636 0.468 0.339
0.083 0.079 0.077 0.076 0.076 0.081 0.094 0.123 0.171 0.233 0.282 0.308 0.315 0.311 0.298 0.275 0.250 0.228 0.210 0.196 0.185 0.180 0.178 0.183 0.192 0.196 0.196 0.195 0.192 0.186 0.184 0.183 0.186 0.188 0.186 0.179 0.163 0.145 0.133 0.126 0.124 0.124 0.132 0.156 0.214 0.330 0.520 0.701 0.804 0.842 0.845 0.829 0.784 0.704 0.588 0.480 0.409 0.372 0.359 0.361 0.387 0.470 0.660 0.986 1.337 1.556 1.659 1.687 1.664 1.623 1.562 1.461 1.303 1.093 0.842 0.593
0.081 0.079 0.077 0.076 0.078 0.084 0.100 0.132 0.187 0.265 0.327 0.357 0.361 0.356 0.340 0.314 0.284 0.256 0.233 0.215 0.205 0.203 0.211 0.233 0.259 0.273 0.278 0.277 0.267 0.254 0.246 0.245 0.247 0.248 0.242 0.223 0.193 0.162 0.141 0.129 0.124 0.124 0.130 0.153 0.213 0.337 0.528 0.689 0.771 0.793 0.787 0.758 0.699 0.604 0.486 0.392 0.337 0.313 0.307 0.310 0.330 0.388 0.524 0.796 1.176 1.489 1.676 1.767 1.793 1.785 1.750 1.681 1.563 1.382 1.133 0.851
0.080 0.079 0.078 0.078 0.081 0.089 0.105 0.136 0.190 0.271 0.340 0.373 0.379 0.375 0.361 0.337 0.309 0.285 0.266 0.251 0.246 0.256 0.293 0.347 0.384 0.398 0.398 0.384 0.357 0.335 0.323 0.318 0.317 0.314 0.300 0.268 0.221 0.181 0.153 0.135 0.127 0.126 0.131 0.154 0.217 0.342 0.511 0.633 0.686 0.693 0.677 0.630 0.547 0.440 0.343 0.279 0.245 0.233 0.232 0.236 0.249 0.284 0.368 0.552 0.880 1.266 1.549 1.705 1.762 1.772 1.756 1.712 1.627 1.477 1.246 0.992
0.080 0.080 0.080 0.082 0.086 0.095 0.111 0.138 0.186 0.261 0.331 0.367 0.378 0.376 0.365 0.343 0.317 0.300 0.291 0.289 0.300 0.339 0.410 0.470 0.494 0.494 0.476 0.443 0.404 0.377 0.362 0.356 0.353 0.349 0.330 0.290 0.234 0.191 0.161 0.143 0.134 0.132 0.137 0.161 0.225 0.338 0.456 0.521 0.542 0.539 0.513 0.453 0.364 0.279 0.223 0.191 0.175 0.169 0.168 0.170 0.180 0.206 0.265 0.384 0.602 0.937 1.255 1.457 1.557 1.605 1.624 1.615 1.571 1.452 1.245 1.029
