RESULTS/r.avaflow_results/14b_results/14b_ascii/14b_hflow10046.asc
ncols 506
nrows 317
xllcenter 498237.50
yllcenter 5580050.00
cellsize 12.50
NODATA_value -9999.000
[rows 170 to 203 of 317, columns 304 to 379 of 506]
0.000 0.000 0.000 0.000 0.000 0.000 0.000 0.000 0.000 0.000 0.000 0.000 0.000 0.000 0.000 0.000 0.000 0.000 0.000 0.000 0.000 0.000 0.000 0.000 0.000 0.000 0.000 0.000 0.000 0.000 0.000 0.000 0.000 0.000 0.000 0.000 0.000 0.000 0.000 0.000 0.000 0.000 0.000 0.000 0.000 0.000 0.000 0.000 0.000 0.000 0.000 0.000 0.000 0.000 0.000 0.000 0.000 0.000 0.000 0.000 0.000 0.000 0.000 0.000 0.000 0.000 0.000 0.000 0.000 0.000 0.000 0.000 0.000 0.000 0.000 0.000
0.000 0.000 0.000 0.000 0.000 0.000 0.000 0.000 0.000 0.000 0.000 0.000 0.000 0.000 0.000 0.000 0.000 0.000 0.000 0.000 0.000 0.000 0.000 0.000 0.000 0.000 0.000 0.000 0.000 0.000 0.000 0.000 0.000 0.000 0.000 0.000 0.000 0.000 0.000 0.000 0.000 0.000 0.000 0.000 0.000 0.000 0.000 0.000 0.000 0.000 0.000 0.000 0.000 0.000 0.000 0.000 0.000 0.000 0.000 0.000 0.000 0.000 0.000 0.000 0.000 0.000 0.000 0.000 0.000 0.000 0.000 0.000 0.000 0.000 0.000 0.000
0.000 0.000 0.000 0.000 0.000 0.000 0.000 0.000 0.000 0.000 0.000 0.000 0.000 0.000 0.000 0.000 0.000 0.000 0.000 0.000 0.000 0.000 0.000 0.000 0.000 0.000 0.000 0.000 0.000 0.000 0.000 0.000 0.000 0.000 0.000 0.000 0.000 0.000 0.000 0.000 0.000 0.000 0.000 0.000 0.000 0.000 0.000 0.000 0.000 0.000 0.000 0.000 0.000 0.000 0.000 0.000 0.000 0.000 0.000 0.000 0.000 0.000 0.000 0.000 0.000 0.000 0.000 0.000 0.000 0.000 0.000 0.000 0.000 0.000 0.000 0.000
0.000 0.000 0.000 0.000 0.000 0.000 0.000 0.000 0.000 0.000 0.000 0.000 0.000 0.000 0.000 0.000 0.000 0.000 0.000 0.000 0.000 0.000 0.000 0.000 0.000 0.000 0.000 0.000 0.000 0.000 0.000 0.000 0.000 0.000 0.000 0.000 0.000 0.000 0.000 0.000 0.000 0.000 0.000 0.000 0.000 0.000 0.000 0.000 0.000 0.000 0.000 0.000 0.000 0.000 0.000 0.000 0.000 0.000 0.000 0.000 0.000 0.000 0.000 0.000 0.000 0.000 0.000 0.000 0.000 0.000 0.000 0.000 0.000 0.000 0.000 0.000
0.000 0.000 0.000 0.000 0.000 0.000 0.001 0.001 0.001 0.001 0.001 0.001 0.001 0.001 0.001 0.000 0.000 0.000 0.000 0.000 0.000 0.000 0.000 0.000 0.000 0.000 0.000 0.000 0.000 0.000 0.000 0.000 0.000 0.000 0.000 0.000 0.000 0.000 0.000 0.000 0.000 0.000 0.000 0.000 0.000 0.000 0.000 0.000 0.000 0.000 0.000 0.000 0.000 0.000 0.000 0.000 0.000 0.000 0.000 0.000 0.000 0.000 0.000 0.000 0.000 0.000 0.000 0.000 0.000 0.000 0.000 0.000 0.000 0.000 0.000 0.000
0.000 0.000 0.000 0.000 0.001 0.001 0.001 0.001 0.001 0.001 0.001 0.001 0.001 0.001 0.001 0.001 0.001 0.001 0.001 0.001 0.000 0.000 0.000 0.000 0.000 0.000 0.000 0.000 0.000 0.000 0.000 0.000 0.000 0.000 0.000 0.000 0.000 0.000 0.000 0.000 0.000 0.000 0.000 0.000 0.000 0.000 0.000 0.000 0.000 0.000 0.000 0.000 0.000 0.000 0.000 0.000 0.000 0.000 0.000 0.000 0.000 0.000 0.000 0.000 0.000 0.000 0.000 0.000 0.000 0.000 0.000 0.000 0.000 0.000 0.000 0.000
0.000 0.000 0.001 0.001 0.001 0.001 0.002 0.002 0.002 0.002 0.002 0.002 0.002 0.002 0.001 0.001 0.001 0.001 0.001 0.001 0.001 0.001 0.000 0.000 0.000 0.000 0.000 0.000 0.000 0.000 0.000 0.000 0.000 0.000 0.000 0.000 0.000 0.000 0.000 0.000 0.000 0.000 0.000 0.000 0.000 0.000 0.000 0.000 0.000 0.000 0.000 0.000 0.000 0.000 0.000 0.000 0.000 0.000 0.000 0.000 0.000 0.000 0.000 0.000 0.000 0.000 0.000 0.000 0.000 0.000 0.000 0.000 0.000 0.000 0.000 0.000
0.001 0.001 0.001 0.001 0.001 0.002 0.003 0.004 0.004 0.004 0.004 0.004 0.003 0.003 0.003 0.002 0.002 0.002 0.001 0.001 0.001 0.001 0.001 0.001 0.000 0.000 0.000 0.000 0.000 0.000 0.000 0.000 0.000 0.000 0.000 0.000 0.000 0.000 0.000 0.000 0.000 0.000 0.000 0.000 0.000 0.000 0.000 0.000 0.000 0.000 0.000 0.000 0.000 0.000 0.000 0.000 0.000 0.000 0.000 0.000 0.000 0.000 0.000 0.000 0.000 0.000 0.000 0.000 0.000 0.000 0.000 0.000 0.000 0.000 0.000 0.000
0.001 0.001 0.001 0.002 0.003 0.004 0.006 0.008 0.008 0.008 0.008 0.008 0.007 0.006 0.005 0.004 0.004 0.003 0.002 0.002 0.001 0.001 0.001 0.001 0.001 0.001 0.000 0.000 0.000 0.000 0.000 0.000 0.000 0.000 0.000 0.000 0.000 0.000 0.000 0.000 0.000 0.000 0.000 0.000 0.000 0.000 0.000 0.000 0.000 0.000 0.000 0.000 0.000 0.000 0.000 0.000 0.000 0.000 0.000 0.000 0.000 0.000 0.000 0.000 0.000 0.000 0.000 0.000 0.000 0.000 0.000 0.000 0.000 0.000 0.000 0.000
0.001 0.002 0.003 0.004 0.005 0.008 0.012 0.017 0.020 0.021 0.021 0.020 0.018 0.016 0.012 0.009 0.007 0.005 0.004 0.003 0.002 0.002 0.001 0.001 0.001 0.001 0.001 0.001 0.000 0.000 0.000 0.000 0.000 0.000 0.000 0.000 0.000 0.000 0.000 0.000 0.000 0.000 0.000 0.000 0.000 0.000 0.000 0.000 0.000 0.000 0.000 0.000 0.000 0.000 0.000 0.000 0.000 0.000 0.000 0.000 0.000 0.000 0.000 0.000 0.000 0.000 0.000 0.000 0.000 0.000 0.000 0.000 0.000 0.000 0.000 0.000
0.002 0.003 0.005 0.008 0.011 0.017 0.026 0.037 0.044 0.048 0.049 0.048 0.046 0.039 0.031 0.022 0.016 0.011 0.008 0.006 0.004 0.003 0.002 0.002 0.001 0.001 0.001 0.001 0.001 0.001 0.001 0.000 0.000 0.000 0.000 0.000 0.000 0.000 0.000 0.000 0.000 0.000 0.000 0.000 0.000 0.000 0.000 0.000 0.000 0.000 0.000 0.000 0.000 0.000 0.000 0.000 0.000 0.000 0.000 0.000 0.000 0.000 0.000 0.000 0.000 0.000 0.000 0.000 0.000 0.000 0.000 0.000 0.000 0.000 0.000 0.000
0.004 0.007 0.012 0.018 0.025 0.035 0.052 0.068 0.077 0.081 0.082 0.082 0.078 0.071 0.060 0.045 0.033 0.024 0.017 0.012 0.008 0.005 0.004 0.002 0.002 0.001 0.001 0.001 0.001 0.001 0.001 0.001 0.001 0.001 0.001 0.000 0.000 0.000 0.000 0.000 0.000 0.000 0.000 0.000 0.000 0.000 0.000 0.000 0.000 0.000 0.000 0.000 0.000 0.000 0.000 0.000 0.000 0.000 0.000 0.000 0.000 0.000 0.000 0.000 0.000 0.000 0.000 0.000 0.000 0.000 0.000 0.000 0.000 0.000 0.000 0.000
0.010 0.018 0.028 0.039 0.051 0.066 0.083 0.095 0.099 0.100 0.099 0.097 0.093 0.086 0.076 0.063 0.048 0.037 0.028 0.021 0.015 0.010 0.006 0.004 0.003 0.002 0.002 0.001 0.001 0.001 0.001 0.001 0.001 0.001 0.001 0.001 0.001 0.001 0.001 0.001 0.001 0.000 0.000 0.000 0.000 0.000 0.000 0.000 0.000 0.000 0.000 0.000 0.000 0.000 0.000 0.000 0.000 0.000 0.000 0.000 0.000 0.000 0.000 0.000 0.000 0.000 0.000 0.000 0.000 0.000 0.000 0.000 0.000 0.000 0.000 0.000
0.023 0.042 0.062 0.078 0.091 0.101 0.108 0.111 0.109 0.106 0.102 0.099 0.095 0.089 0.081 0.069 0.055 0.044 0.035 0.028 0.021 0.015 0.011 0.007 0.005 0.003 0.003 0.002 0.002 0.002 0.002 0.002 0.001 0.001 0.001 0.001 0.001 0.001 0.001 0.001 0.001 0.001 0.001 0.001 0.001 0.001 0.001 0.001 0.001 0.000 0.000 0.000 0.000 0.000 0.000 0.000 0.000 0.000 0.000 0.000 0.000 0.000 0.000 0.000 0.000 0.000 0.000 0.000 0.000 0.000 0.000 0.000 0.000 0.000 0.000 0.000
0.046 0.075 0.098 0.113 0.120 0.123 0.123 0.119 0.113 0.106 0.102 0.098 0.093 0.088 0.080 0.069 0.057 0.046 0.038 0.031 0.026 0.021 0.016 0.011 0.008 0.006 0.005 0.004 0.004 0.003 0.003 0.003 0.003 0.002 0.001 0.001 0.001 0.001 0.001 0.001 0.001 0.001 0.001 0.001 0.001 0.001 0.001 0.001 0.001 0.001 0.001 0.001 0.000 0.000 0.000 0.000 0.000 0.000 0.000 0.000 0.000 0.000 0.000 0.000 0.000 0.000 0.000 0.000 0.000 0.000 0.000 0.000 0.000 0.000 0.000 0.000
0.068 0.096 0.117 0.129 0.133 0.132 0.129 0.122 0.113 0.105 0.099 0.094 0.089 0.084 0.077 0.068 0.057 0.047 0.039 0.033 0.028 0.024 0.020 0.017 0.014 0.011 0.009 0.008 0.008 0.008 0.008 0.007 0.006 0.004 0.003 0.002 0.002 0.002 0.002 0.001 0.001 0.001 0.002 0.002 0.002 0.002 0.001 0.001 0.001 0.001 0.001 0.001 0.001 0.001 0.001 0.000 0.000 0.000 0.000 0.000 0.000 0.000 0.000 0.000 0.000 0.000 0.000 0.000 0.000 0.000 0.000 0.000 0.000 0.000 0.000 0.000
0.079 0.102 0.121 0.132 0.135 0.135 0.130 0.122 0.111 0.101 0.092 0.086 0.080 0.075 0.070 0.064 0.056 0.048 0.040 0.034 0.029 0.026 0.023 0.022 0.020 0.019 0.018 0.018 0.019 0.019 0.019 0.018 0.014 0.010 0.006 0.005 0.004 0.003 0.003 0.003 0.003 0.003 0.003 0.003 0.003 0.003 0.002 0.002 0.002 0.001 0.001 0.001 0.001 0.001 0.001 0.001 0.001 0.001 0.001 0.000 0.000 0.000 0.000 0.000 0.000 0.000 0.000 0.000 0.000 0.000 0.000 0.000 0.000 0.000 0.000 0.000
0.081 0.101 0.119 0.129 0.133 0.132 0.127 0.118 0.106 0.090 0.078 0.069 0.064 0.061 0.058 0.056 0.053 0.047 0.040 0.034 0.029 0.026 0.025 0.024 0.024 0.025 0.027 0.030 0.031 0.032 0.032 0.031 0.027 0.021 0.015 0.011 0.008 0.007 0.006 0.006 0.006 0.005 0.006 0.006 0.006 0.005 0.004 0.003 0.003 0.002 0.002 0.002 0.002 0.001 0.001 0.001 0.001 0.001 0.001 0.001 0.001 0.001 0.000 0.000 0.000 0.000 0.000 0.000 0.000 0.000 0.000 0.000 0.000 0.000 0.000 0.000
0.079 0.094 0.107 0.114 0.116 0.115 0.111 0.103 0.089 0.070 0.055 0.046 0.042 0.041 0.042 0.044 0.046 0.044 0.040 0.034 0.029 0.026 0.025 0.025 0.026 0.029 0.033 0.036 0.037 0.038 0.038 0.037 0.034 0.029 0.024 0.020 0.017 0.015 0.013 0.013 0.012 0.012 0.012 0.012 0.012 0.011 0.008 0.006 0.004 0.004 0.003 0.003 0.002 0.002 0.002 0.002 0.001 0.001 0.001 0.001 0.001 0.001 0.001 0.001 0.001 0.000 0.000 0.000 0.000 0.000 0.000 0.000 0.000 0.000 0.000 0.000
0.071 0.079 0.083 0.083 0.080 0.078 0.075 0.069 0.059 0.044 0.034 0.029 0.027 0.027 0.029 0.034 0.038 0.039 0.038 0.034 0.029 0.026 0.025 0.025 0.027 0.030 0.034 0.037 0.038 0.039 0.038 0.037 0.035 0.032 0.028 0.025 0.023 0.022 0.021 0.021 0.021 0.021 0.021 0.021 0.021 0.019 0.015 0.011 0.008 0.006 0.005 0.005 0.004 0.003 0.003 0.002 0.002 0.002 0.002 0.001 0.001 0.001 0.001 0.001 0.001 0.001 0.001 0.000 0.000 0.000 0.000 0.000 0.000 0.000 0.000 0.000
0.058 0.056 0.052 0.047 0.043 0.040 0.038 0.036 0.032 0.027 0.022 0.021 0.020 0.020 0.022 0.027 0.032 0.033 0.034 0.032 0.028 0.026 0.025 0.025 0.026 0.029 0.034 0.036 0.037 0.038 0.037 0.037 0.035 0.032 0.029 0.026 0.025 0.025 0.025 0.025 0.026 0.026 0.026 0.026 0.025 0.023 0.020 0.016 0.014 0.011 0.010 0.008 0.007 0.006 0.005 0.004 0.003 0.003 0.002 0.002 0.002 0.002 0.001 0.001 0.001 0.001 0.001 0.001 0.001 0.001 0.000 0.000 0.000 0.000 0.000 0.000
0.045 0.038 0.032 0.027 0.024 0.022 0.021 0.020 0.019 0.018 0.017 0.017 0.017 0.017 0.019 0.023 0.028 0.029 0.029 0.028 0.027 0.025 0.023 0.023 0.024 0.027 0.031 0.033 0.034 0.035 0.035 0.035 0.034 0.032 0.028 0.026 0.025 0.025 0.026 0.027 0.027 0.028 0.028 0.027 0.026 0.024 0.022 0.020 0.018 0.017 0.015 0.014 0.012 0.010 0.008 0.006 0.005 0.004 0.004 0.003 0.003 0.003 0.002 0.002 0.001 0.001 0.001 0.001 0.001 0.001 0.001 0.001 0.001 0.001 0.001 0.001
0.036 0.028 0.023 0.019 0.016 0.015 0.014 0.014 0.014 0.014 0.015 0.015 0.015 0.016 0.018 0.022 0.025 0.025 0.025 0.025 0.024 0.023 0.021 0.020 0.020 0.022 0.025 0.028 0.029 0.029 0.030 0.030 0.030 0.029 0.027 0.025 0.024 0.024 0.025 0.027 0.027 0.028 0.028 0.027 0.026 0.024 0.022 0.021 0.020 0.020 0.019 0.017 0.016 0.014 0.011 0.009 0.008 0.007 0.006 0.005 0.005 0.004 0.003 0.003 0.002 0.002 0.001 0.001 0.001 0.001 0.001 0.001 0.001 0.001 0.001 0.001
0.030 0.023 0.018 0.015 0.014 0.013 0.012 0.012 0.013 0.013 0.013 0.014 0.014 0.016 0.018 0.021 0.022 0.023 0.023 0.022 0.021 0.020 0.018 0.017 0.017 0.017 0.019 0.021 0.021 0.022 0.022 0.023 0.024 0.024 0.024 0.023 0.022 0.022 0.023 0.025 0.026 0.027 0.027 0.026 0.025 0.024 0.022 0.022 0.021 0.021 0.020 0.019 0.018 0.016 0.013 0.012 0.010 0.009 0.009 0.008 0.008 0.007 0.006 0.004 0.003 0.002 0.002 0.001 0.001 0.001 0.001 0.001 0.001 0.001 0.001 0.001
0.026 0.020 0.016 0.014 0.013 0.012 0.012 0.012 0.012 0.012 0.012 0.013 0.014 0.016 0.018 0.020 0.021 0.021 0.021 0.020 0.019 0.018 0.017 0.015 0.015 0.015 0.015 0.016 0.016 0.017 0.017 0.017 0.017 0.018 0.018 0.018 0.017 0.018 0.018 0.020 0.023 0.024 0.025 0.025 0.024 0.022 0.022 0.022 0.022 0.021 0.021 0.020 0.019 0.017 0.014 0.013 0.012 0.011 0.011 0.011 0.011 0.010 0.009 0.008 0.006 0.004 0.003 0.002 0.002 0.002 0.002 0.002 0.002 0.002 0.002 0.002
0.022 0.017 0.014 0.013 0.012 0.011 0.011 0.011 0.011 0.011 0.012 0.013 0.014 0.016 0.018 0.019 0.019 0.019 0.019 0.019 0.018 0.016 0.015 0.014 0.014 0.013 0.013 0.014 0.014 0.014 0.014 0.014 0.013 0.013 0.013 0.013 0.013 0.013 0.013 0.015 0.018 0.020 0.021 0.021 0.021 0.021 0.021 0.021 0.022 0.022 0.022 0.021 0.020 0.017 0.015 0.013 0.012 0.012 0.011 0.012 0.012 0.014 0.014 0.013 0.011 0.008 0.005 0.004 0.003 0.003 0.003 0.002 0.002 0.002 0.002 0.002
0.019 0.015 0.013 0.012 0.011 0.011 0.011 0.011 0.011 0.011 0.012 0.013 0.015 0.017 0.018 0.019 0.019 0.019 0.018 0.017 0.016 0.015 0.014 0.014 0.013 0.013 0.013 0.013 0.013 0.013 0.013 0.012 0.012 0.012 0.011 0.011 0.010 0.010 0.011 0.011 0.013 0.015 0.016 0.017 0.018 0.019 0.020 0.022 0.022 0.023 0.023 0.022 0.020 0.017 0.015 0.013 0.012 0.012 0.012 0.012 0.013 0.016 0.019 0.020 0.018 0.015 0.010 0.007 0.006 0.005 0.004 0.004 0.004 0.003 0.003 0.003
0.016 0.014 0.012 0.011 0.011 0.010 0.011 0.011 0.011 0.012 0.013 0.014 0.016 0.018 0.019 0.019 0.019 0.018 0.018 0.016 0.015 0.014 0.014 0.013 0.013 0.012 0.012 0.012 0.012 0.012 0.012 0.012 0.011 0.011 0.011 0.010 0.010 0.010 0.009 0.010 0.010 0.011 0.012 0.014 0.015 0.017 0.020 0.022 0.023 0.023 0.023 0.022 0.020 0.017 0.015 0.013 0.012 0.012 0.012 0.012 0.013 0.017 0.023 0.027 0.027 0.025 0.020 0.015 0.012 0.010 0.009 0.008 0.007 0.006 0.005 0.005
0.014 0.013 0.011 0.011 0.010 0.010 0.011 0.012 0.013 0.014 0.015 0.017 0.019 0.020 0.020 0.020 0.019 0.018 0.017 0.016 0.015 0.014 0.013 0.013 0.012 0.012 0.012 0.012 0.012 0.012 0.012 0.012 0.011 0.011 0.011 0.010 0.010 0.009 0.009 0.009 0.009 0.010 0.010 0.011 0.013 0.016 0.020 0.022 0.023 0.023 0.023 0.021 0.020 0.017 0.015 0.013 0.012 0.012 0.012 0.012 0.013 0.017 0.024 0.031 0.033 0.033 0.031 0.027 0.023 0.021 0.019 0.016 0.013 0.011 0.009 0.007
0.013 0.012 0.011 0.010 0.010 0.010 0.011 0.013 0.015 0.018 0.020 0.021 0.022 0.022 0.021 0.020 0.019 0.018 0.017 0.016 0.014 0.014 0.013 0.013 0.013 0.012 0.012 0.012 0.012 0.012 0.012 0.012 0.011 0.011 0.011 0.010 0.010 0.010 0.009 0.009 0.009 0.009 0.009 0.010 0.012 0.016 0.020 0.022 0.023 0.023 0.022 0.021 0.019 0.017 0.015 0.013 0.012 0.012 0.012 0.012 0.013 0.017 0.024 0.031 0.036 0.037 0.037 0.035 0.033 0.031 0.029 0.026 0.023 0.019 0.015 0.012
0.012 0.011 0.011 0.010 0.010 0.010 0.012 0.014 0.018 0.021 0.023 0.024 0.024 0.023 0.022 0.021 0.019 0.018 0.017 0.015 0.014 0.014 0.013 0.013 0.014 0.014 0.014 0.014 0.014 0.014 0.013 0.013 0.012 0.012 0.012 0.011 0.010 0.010 0.009 0.009 0.009 0.009 0.009 0.010 0.012 0.016 0.020 0.022 0.023 0.022 0.022 0.020 0.019 0.016 0.014 0.013 0.012 0.011 0.011 0.011 0.013 0.016 0.022 0.030 0.036 0.038 0.038 0.038 0.037 0.036 0.034 0.031 0.028 0.024 0.020 0.017
0.012 0.011 0.011 0.010 0.010 0.011 0.012 0.015 0.019 0.022 0.024 0.025 0.024 0.024 0.022 0.021 0.019 0.018 0.017 0.016 0.015 0.014 0.015 0.015 0.017 0.017 0.018 0.018 0.017 0.016 0.015 0.015 0.014 0.014 0.013 0.012 0.011 0.010 0.009 0.009 0.009 0.009 0.009 0.010 0.012 0.017 0.020 0.021 0.022 0.021 0.020 0.019 0.017 0.015 0.013 0.012 0.011 0.011 0.011 0.011 0.012 0.014 0.019 0.027 0.034 0.037 0.038 0.038 0.038 0.037 0.035 0.033 0.030 0.026 0.023 0.020
0.011 0.011 0.011 0.010 0.011 0.011 0.012 0.015 0.019 0.022 0.024 0.025 0.024 0.024 0.022 0.021 0.019 0.018 0.017 0.016 0.016 0.016 0.018 0.020 0.021 0.021 0.021 0.020 0.019 0.018 0.017 0.016 0.016 0.015 0.014 0.012 0.011 0.010 0.009 0.009 0.009 0.009 0.009 0.010 0.012 0.016 0.019 0.020 0.020 0.019 0.019 0.018 0.016 0.014 0.012 0.011 0.010 0.010 0.010 0.010 0.010 0.012 0.015 0.022 0.030 0.035 0.037 0.037 0.037 0.036 0.034 0.032 0.030 0.027 0.023 0.021
0.011 0.011 0.011 0.011 0.011 0.012 0.013 0.015 0.018 0.022 0.024 0.024 0.024 0.023 0.022 0.021 0.019 0.018 0.018 0.017 0.018 0.019 0.021 0.023 0.023 0.023 0.022 0.021 0.020 0.019 0.018 0.017 0.016 0.015 0.014 0.012 0.011 0.010 0.010 0.009 0.009 0.009 0.009 0.010 0.013 0.016 0.017 0.017 0.017 0.017 0.016 0.015 0.014 0.012 0.010 0.009 0.009 0.008 0.008 0.008 0.009 0.010 0.013 0.018 0.025 0.030 0.033 0.034 0.034 0.034 0.033 0.031 0.029 0.026 0.023 0.021
