RESULTS/r.avaflow_results/14b_results/14b_ascii/14b_hflow10019.asc
ncols 506
nrows 317
xllcenter 498237.50
yllcenter 5580050.00
cellsize 12.50
NODATA_value -9999.000
[rows 170 to 203 of 317, columns 152 to 227 of 506]
48.875 48.292 47.717 47.445 46.928 46.310 45.963 45.146 44.124 43.344 42.375 41.319 40.553 39.472 38.174 36.946 35.192 33.279 31.055 28.586 26.045 23.472 20.919 18.507 16.341 14.379 12.673 11.108 9.751 8.563 7.510 6.568 5.734 4.988 4.316 3.711 3.164 2.680 2.263 1.906 1.611 1.372 1.180 1.023 0.888 0.763 0.651 0.566 0.514 0.489 0.479 0.475 0.469 0.456 0.442 0.443 0.462 0.505 0.544 0.563 0.569 0.564 0.553 0.535 0.514 0.490 0.466 0.448 0.441 0.445 0.454 0.456 0.451 0.439 0.424 0.412
51.658 51.334 50.960 51.058 50.810 50.194 49.704 48.956 48.073 47.385 46.447 45.401 44.642 43.549 42.259 40.990 39.046 37.080 34.825 32.229 29.461 26.461 23.476 20.687 18.253 15.991 13.974 12.156 10.560 9.185 8.005 6.984 6.095 5.313 4.614 3.980 3.410 2.895 2.438 2.042 1.708 1.437 1.226 1.061 0.922 0.788 0.661 0.548 0.456 0.389 0.346 0.326 0.322 0.328 0.346 0.379 0.439 0.534 0.601 0.622 0.619 0.604 0.581 0.553 0.523 0.493 0.470 0.455 0.453 0.462 0.473 0.475 0.471 0.466 0.463 0.464
54.334 54.407 54.161 54.303 54.017 53.535 53.151 52.338 51.409 50.835 49.904 48.894 48.159 47.012 45.671 44.359 42.527 40.678 38.530 35.801 32.813 29.632 26.292 23.087 20.203 17.536 15.201 13.112 11.290 9.733 8.416 7.310 6.365 5.548 4.823 4.179 3.602 3.076 2.597 2.169 1.794 1.486 1.244 1.065 0.917 0.771 0.620 0.463 0.323 0.218 0.163 0.145 0.145 0.158 0.192 0.258 0.372 0.537 0.646 0.680 0.675 0.652 0.617 0.577 0.538 0.506 0.483 0.471 0.470 0.480 0.489 0.489 0.484 0.481 0.481 0.482
55.945 56.540 56.728 57.141 56.944 56.343 55.892 55.101 54.194 53.691 52.931 51.939 51.097 49.992 48.560 47.174 45.369 43.350 41.301 38.657 35.600 32.369 28.743 25.131 21.815 18.831 16.248 13.924 11.935 10.223 8.769 7.566 6.553 5.696 4.946 4.306 3.735 3.218 2.738 2.288 1.876 1.524 1.243 1.029 0.844 0.661 0.472 0.287 0.155 0.086 0.058 0.051 0.052 0.060 0.083 0.139 0.272 0.502 0.669 0.723 0.720 0.696 0.658 0.610 0.565 0.531 0.509 0.497 0.495 0.500 0.504 0.501 0.494 0.491 0.490 0.490
57.176 57.808 58.170 58.734 58.599 58.078 57.836 57.139 56.232 55.801 55.096 54.124 53.374 52.199 50.740 49.466 47.759 45.868 43.831 40.908 37.770 34.501 30.707 26.849 23.201 19.897 17.042 14.540 12.428 10.617 9.069 7.780 6.691 5.787 5.017 4.372 3.808 3.308 2.844 2.388 1.942 1.545 1.207 0.919 0.663 0.432 0.243 0.119 0.056 0.030 0.021 0.019 0.020 0.024 0.038 0.080 0.202 0.460 0.681 0.756 0.757 0.737 0.701 0.652 0.605 0.570 0.547 0.533 0.527 0.523 0.519 0.512 0.504 0.500 0.499 0.496
58.142 58.644 59.005 59.651 59.693 59.266 59.284 58.877 58.127 57.801 57.137 56.165 55.492 54.189 52.671 51.533 49.709 47.557 45.470 42.622 39.604 36.282 32.291 28.157 24.170 20.613 17.599 14.966 12.745 10.886 9.300 7.955 6.823 5.881 5.082 4.401 3.825 3.342 2.896 2.440 1.972 1.515 1.095 0.718 0.412 0.205 0.093 0.041 0.020 0.012 0.010 0.009 0.010 0.014 0.027 0.064 0.180 0.445 0.696 0.787 0.791 0.777 0.747 0.703 0.658 0.624 0.599 0.581 0.566 0.552 0.539 0.526 0.517 0.513 0.509 0.503
57.464 57.940 58.263 59.021 59.278 59.057 59.360 59.192 58.700 58.531 57.954 57.100 56.413 55.039 53.506 52.476 50.755 48.606 46.471 43.642 40.531 37.166 33.174 28.934 24.744 21.006 17.842 15.156 12.928 11.063 9.459 8.099 6.939 5.958 5.117 4.403 3.804 3.312 2.859 2.393 1.887 1.335 0.836 0.443 0.198 0.081 0.033 0.015 0.009 0.007 0.006 0.006 0.008 0.013 0.026 0.065 0.185 0.457 0.718 0.818 0.827 0.820 0.800 0.766 0.727 0.694 0.667 0.641 0.616 0.591 0.569 0.552 0.541 0.532 0.524 0.514
56.304 56.982 57.369 58.313 58.914 58.877 59.274 59.180 58.716 58.643 58.139 57.305 56.625 55.216 53.662 52.655 50.924 48.772 46.691 43.866 40.778 37.354 33.379 29.128 24.908 21.133 17.929 15.236 13.012 11.145 9.558 8.202 7.015 5.989 5.105 4.330 3.641 3.031 2.487 1.955 1.393 0.836 0.423 0.183 0.073 0.029 0.013 0.007 0.005 0.005 0.005 0.006 0.008 0.013 0.029 0.079 0.220 0.503 0.753 0.854 0.872 0.873 0.864 0.844 0.815 0.784 0.751 0.716 0.680 0.645 0.615 0.593 0.576 0.560 0.544 0.528
54.776 55.598 56.348 57.501 58.203 58.379 59.002 58.912 58.487 58.366 57.805 56.965 56.285 54.819 53.360 52.388 50.652 48.455 46.413 43.586 40.753 37.368 33.368 29.053 24.851 21.068 17.907 15.226 13.008 11.158 9.597 8.251 7.050 5.964 4.958 3.966 3.033 2.189 1.495 0.951 0.541 0.270 0.122 0.052 0.023 0.011 0.006 0.005 0.004 0.004 0.004 0.006 0.009 0.017 0.043 0.119 0.296 0.590 0.813 0.908 0.937 0.947 0.947 0.940 0.922 0.894 0.856 0.812 0.762 0.717 0.680 0.649 0.623 0.598 0.573 0.548
53.132 53.963 54.805 55.988 56.661 56.872 57.545 57.414 57.130 56.980 56.290 55.386 54.663 53.344 52.084 50.914 49.368 47.576 45.705 42.874 39.960 36.538 32.559 28.372 24.441 20.896 17.829 15.180 12.969 11.118 9.571 8.224 6.955 5.705 4.408 3.046 1.851 0.994 0.506 0.251 0.120 0.056 0.028 0.015 0.008 0.006 0.004 0.004 0.004 0.004 0.004 0.006 0.011 0.027 0.076 0.197 0.427 0.715 0.905 0.995 1.034 1.052 1.061 1.061 1.050 1.024 0.984 0.931 0.868 0.811 0.763 0.722 0.683 0.646 0.611 0.577
51.921 52.597 53.319 54.507 55.048 55.204 55.776 55.740 55.595 55.525 54.657 53.594 52.927 51.914 50.871 49.534 47.718 45.804 43.882 41.436 38.714 35.351 31.436 27.420 23.694 20.387 17.523 15.030 12.845 10.941 9.285 7.747 6.208 4.657 3.074 1.649 0.734 0.297 0.121 0.053 0.026 0.014 0.009 0.006 0.005 0.004 0.003 0.003 0.003 0.003 0.004 0.007 0.017 0.050 0.142 0.334 0.623 0.881 1.040 1.126 1.172 1.199 1.213 1.215 1.206 1.179 1.135 1.074 0.999 0.928 0.867 0.811 0.759 0.709 0.662 0.620
50.558 50.716 51.368 52.385 52.828 53.377 54.086 54.213 54.366 54.513 53.607 52.687 52.064 51.007 49.961 48.437 46.278 44.213 42.178 39.647 36.732 33.414 29.519 25.711 22.459 19.617 17.097 14.778 12.533 10.270 8.123 6.107 4.215 2.558 1.314 0.556 0.198 0.069 0.028 0.014 0.008 0.006 0.004 0.004 0.003 0.003 0.003 0.003 0.003 0.004 0.006 0.012 0.033 0.099 0.269 0.566 0.888 1.105 1.235 1.316 1.367 1.398 1.413 1.412 1.396 1.365 1.313 1.241 1.154 1.066 0.989 0.919 0.852 0.789 0.730 0.678
48.648 48.608 49.061 49.827 50.334 51.065 51.971 52.343 52.580 52.898 52.252 51.415 50.642 49.412 48.101 46.468 44.354 42.175 39.974 37.192 34.124 30.826 27.148 23.694 20.714 18.201 15.942 13.632 10.968 7.993 5.305 3.154 1.693 0.822 0.343 0.125 0.044 0.018 0.009 0.006 0.004 0.004 0.003 0.003 0.003 0.003 0.003 0.003 0.003 0.005 0.011 0.027 0.078 0.219 0.521 0.935 1.251 1.424 1.524 1.594 1.641 1.663 1.668 1.656 1.626 1.582 1.519 1.434 1.332 1.227 1.135 1.049 0.967 0.889 0.818 0.754
47.052 47.016 47.201 47.872 48.306 48.927 49.942 50.450 50.624 51.057 50.711 49.913 48.868 47.342 45.694 44.001 41.843 39.505 37.009 34.057 30.951 27.602 24.076 20.752 17.865 15.253 12.583 9.631 6.491 3.720 1.911 0.925 0.414 0.174 0.070 0.028 0.013 0.007 0.005 0.004 0.003 0.003 0.003 0.003 0.003 0.003 0.003 0.004 0.006 0.013 0.032 0.085 0.221 0.514 0.999 1.482 1.766 1.894 1.957 1.994 2.009 2.003 1.983 1.950 1.900 1.835 1.752 1.651 1.533 1.412 1.306 1.208 1.110 1.016 0.928 0.849
45.825 45.765 45.958 46.348 46.378 46.723 47.384 47.615 47.770 48.144 47.823 47.207 46.056 44.279 42.457 40.681 38.496 36.150 33.341 30.340 27.053 23.382 19.825 16.426 13.137 9.834 6.682 4.002 2.057 0.912 0.386 0.170 0.077 0.035 0.017 0.009 0.006 0.005 0.004 0.003 0.003 0.003 0.003 0.003 0.003 0.003 0.005 0.009 0.019 0.048 0.122 0.299 0.641 1.167 1.779 2.242 2.463 2.529 2.538 2.515 2.474 2.422 2.365 2.301 2.222 2.127 2.018 1.895 1.759 1.619 1.486 1.365 1.251 1.143 1.042 0.950
44.434 44.330 44.362 44.370 44.103 44.085 44.136 43.959 43.982 44.096 43.710 43.220 42.252 40.545 38.494 36.422 34.111 31.655 28.701 25.474 21.625 17.470 13.683 10.330 7.308 4.644 2.537 1.159 0.450 0.166 0.070 0.034 0.018 0.010 0.007 0.005 0.005 0.004 0.004 0.003 0.003 0.003 0.003 0.003 0.004 0.007 0.014 0.031 0.077 0.192 0.449 0.908 1.567 2.253 2.786 3.068 3.147 3.119 3.067 3.013 2.955 2.889 2.812 2.719 2.601 2.466 2.323 2.170 2.003 1.817 1.640 1.487 1.355 1.238 1.132 1.035
43.362 43.139 42.724 42.323 41.799 41.281 40.780 40.290 39.949 39.853 39.374 38.755 37.798 36.036 33.854 31.397 28.664 26.003 22.991 19.427 15.292 11.472 8.241 5.556 3.431 1.851 0.839 0.324 0.117 0.046 0.022 0.013 0.008 0.006 0.005 0.005 0.004 0.004 0.004 0.003 0.004 0.004 0.005 0.008 0.013 0.026 0.056 0.129 0.308 0.683 1.308 2.116 2.884 3.374 3.601 3.662 3.613 3.527 3.458 3.406 3.359 3.308 3.229 3.120 2.980 2.825 2.652 2.458 2.231 1.979 1.758 1.577 1.427 1.303 1.196 1.101
41.888 41.420 40.534 39.687 38.888 38.066 37.241 36.320 35.501 35.021 34.247 33.374 32.150 30.357 27.986 25.032 21.894 18.978 16.098 13.155 10.018 7.102 4.682 2.837 1.555 0.762 0.336 0.139 0.059 0.028 0.015 0.010 0.007 0.006 0.005 0.005 0.005 0.005 0.005 0.006 0.007 0.011 0.017 0.030 0.056 0.111 0.228 0.490 1.010 1.856 2.801 3.543 3.937 4.084 4.066 3.972 3.862 3.780 3.733 3.702 3.672 3.630 3.549 3.436 3.298 3.138 2.946 2.708 2.416 2.105 1.844 1.635 1.470 1.340 1.237 1.149
39.814 38.969 37.647 36.477 35.498 34.604 33.632 32.366 31.158 30.085 28.760 27.438 25.685 23.586 21.078 18.260 15.443 12.906 10.554 8.310 6.163 4.211 2.648 1.539 0.826 0.415 0.201 0.097 0.049 0.026 0.015 0.010 0.008 0.007 0.007 0.008 0.009 0.011 0.014 0.019 0.028 0.044 0.073 0.129 0.238 0.438 0.803 1.456 2.489 3.539 4.205 4.478 4.522 4.403 4.224 4.065 3.963 3.916 3.900 3.894 3.883 3.843 3.771 3.676 3.553 3.395 3.183 2.903 2.556 2.199 1.903 1.669 1.488 1.355 1.256 1.178
36.829 35.667 34.418 33.285 32.188 31.248 30.128 28.642 27.006 25.187 23.230 21.365 19.346 17.283 15.070 12.748 10.444 8.389 6.601 5.042 3.671 2.500 1.582 0.935 0.521 0.282 0.153 0.086 0.049 0.029 0.019 0.016 0.015 0.016 0.019 0.023 0.030 0.040 0.056 0.082 0.126 0.195 0.315 0.523 0.860 1.360 2.105 3.167 4.209 4.809 5.009 4.950 4.753 4.480 4.244 4.085 4.000 3.970 3.965 3.968 3.974 3.958 3.919 3.850 3.744 3.581 3.345 3.032 2.653 2.266 1.942 1.684 1.492 1.356 1.261 1.191
33.844 32.382 30.937 29.777 28.597 27.499 26.167 24.528 22.552 20.134 17.753 15.585 13.638 11.911 10.262 8.620 6.913 5.365 4.100 3.083 2.239 1.540 0.991 0.603 0.359 0.219 0.138 0.088 0.059 0.045 0.040 0.041 0.046 0.056 0.073 0.097 0.128 0.171 0.243 0.356 0.517 0.742 1.077 1.578 2.241 2.999 3.806 4.618 5.192 5.399 5.338 5.122 4.809 4.488 4.249 4.092 4.008 3.978 3.973 3.977 3.997 4.017 4.009 3.965 3.865 3.686 3.428 3.100 2.714 2.311 1.964 1.687 1.484 1.344 1.253 1.191
30.032 28.586 27.137 25.887 24.588 23.327 21.693 19.561 16.960 14.014 11.518 9.752 8.516 7.526 6.602 5.650 4.552 3.479 2.614 1.935 1.390 0.956 0.634 0.423 0.292 0.206 0.150 0.120 0.107 0.112 0.125 0.146 0.179 0.230 0.303 0.394 0.506 0.659 0.883 1.182 1.545 1.991 2.544 3.156 3.747 4.291 4.826 5.274 5.509 5.516 5.392 5.149 4.819 4.487 4.242 4.085 4.000 3.967 3.960 3.968 3.999 4.034 4.040 4.008 3.904 3.716 3.450 3.123 2.744 2.335 1.972 1.678 1.456 1.304 1.209 1.152
25.486 24.141 22.812 21.403 19.762 17.790 15.261 12.316 9.513 7.275 5.856 5.073 4.656 4.347 4.009 3.576 2.965 2.238 1.636 1.188 0.858 0.621 0.463 0.363 0.291 0.245 0.232 0.255 0.303 0.370 0.450 0.546 0.671 0.839 1.043 1.262 1.503 1.818 2.236 2.672 3.077 3.456 3.823 4.163 4.471 4.780 5.127 5.396 5.497 5.479 5.372 5.148 4.821 4.469 4.206 4.037 3.949 3.916 3.909 3.907 3.904 3.891 3.852 3.790 3.690 3.541 3.335 3.064 2.721 2.323 1.948 1.632 1.378 1.184 1.053 0.992
20.180 18.625 17.008 15.124 12.886 10.390 7.827 5.526 3.868 2.857 2.389 2.262 2.319 2.372 2.335 2.179 1.846 1.373 0.997 0.750 0.590 0.491 0.428 0.388 0.387 0.445 0.570 0.756 0.974 1.195 1.415 1.647 1.910 2.231 2.570 2.879 3.171 3.472 3.754 3.948 4.096 4.246 4.381 4.495 4.629 4.833 5.122 5.325 5.395 5.390 5.317 5.128 4.810 4.422 4.126 3.930 3.815 3.757 3.705 3.591 3.377 3.128 2.934 2.807 2.751 2.727 2.696 2.588 2.386 2.084 1.742 1.417 1.128 0.888 0.719 0.647
15.420 13.298 11.153 9.066 7.003 5.054 3.362 2.134 1.418 1.105 1.041 1.089 1.222 1.325 1.342 1.277 1.094 0.840 0.664 0.567 0.518 0.491 0.511 0.614 0.830 1.162 1.590 2.075 2.539 2.954 3.318 3.632 3.917 4.173 4.367 4.498 4.586 4.637 4.636 4.575 4.517 4.498 4.502 4.526 4.612 4.774 5.015 5.185 5.262 5.272 5.217 5.042 4.723 4.301 3.954 3.695 3.494 3.317 3.086 2.693 2.136 1.633 1.325 1.201 1.192 1.265 1.417 1.506 1.497 1.398 1.203 0.941 0.674 0.468 0.340 0.288
11.776 9.606 7.456 5.546 3.950 2.704 1.807 1.242 0.930 0.786 0.736 0.728 0.769 0.801 0.796 0.757 0.673 0.589 0.554 0.552 0.594 0.719 0.982 1.427 2.061 2.817 3.590 4.335 4.943 5.341 5.521 5.551 5.508 5.478 5.452 5.402 5.317 5.189 5.006 4.799 4.641 4.541 4.493 4.481 4.514 4.614 4.792 4.913 4.959 4.924 4.814 4.601 4.273 3.861 3.485 3.149 2.813 2.413 1.898 1.337 0.841 0.533 0.384 0.337 0.337 0.373 0.468 0.558 0.596 0.598 0.552 0.444 0.305 0.200 0.137 0.111
8.989 7.104 5.397 3.997 2.925 2.151 1.591 1.201 0.951 0.803 0.708 0.637 0.592 0.565 0.544 0.525 0.508 0.523 0.595 0.777 1.107 1.608 2.304 3.231 4.279 5.233 5.950 6.480 6.839 6.977 6.870 6.572 6.251 6.025 5.855 5.707 5.544 5.357 5.131 4.882 4.679 4.535 4.429 4.346 4.292 4.282 4.307 4.272 4.168 4.000 3.782 3.511 3.194 2.851 2.509 2.146 1.724 1.251 0.804 0.461 0.244 0.137 0.094 0.082 0.082 0.091 0.120 0.164 0.193 0.205 0.205 0.181 0.131 0.085 0.058 0.046
7.036 5.647 4.469 3.528 2.772 2.168 1.711 1.374 1.120 0.918 0.755 0.634 0.551 0.499 0.472 0.466 0.489 0.638 1.030 1.675 2.512 3.511 4.602 5.642 6.470 7.069 7.497 7.758 7.842 7.726 7.411 6.934 6.476 6.148 5.917 5.740 5.579 5.410 5.201 4.936 4.686 4.478 4.284 4.088 3.875 3.637 3.365 3.059 2.749 2.476 2.234 2.019 1.817 1.603 1.371 1.110 0.806 0.502 0.276 0.140 0.071 0.040 0.027 0.023 0.022 0.024 0.031 0.046 0.062 0.071 0.074 0.073 0.060 0.041 0.029 0.022
5.800 4.925 4.177 3.510 2.919 2.441 2.064 1.737 1.426 1.135 0.890 0.706 0.584 0.513 0.487 0.497 0.670 1.243 2.291 3.521 4.702 5.748 6.619 7.279 7.712 7.998 8.191 8.252 8.163 7.921 7.552 7.068 6.555 6.168 5.912 5.739 5.594 5.441 5.232 4.952 4.633 4.297 3.938 3.539 3.067 2.537 2.030 1.640 1.376 1.214 1.111 1.027 0.936 0.820 0.678 0.515 0.337 0.193 0.104 0.056 0.033 0.021 0.015 0.011 0.010 0.010 0.011 0.015 0.022 0.027 0.030 0.030 0.028 0.022 0.016 0.013
5.084 4.598 4.139 3.692 3.292 2.944 2.623 2.280 1.890 1.490 1.157 0.904 0.732 0.645 0.633 0.761 1.333 2.614 4.165 5.371 6.289 7.040 7.606 7.952 8.131 8.244 8.302 8.289 8.175 7.949 7.614 7.153 6.596 6.153 5.861 5.686 5.552 5.396 5.164 4.830 4.391 3.855 3.243 2.569 1.904 1.371 1.005 0.771 0.638 0.572 0.541 0.517 0.485 0.431 0.355 0.261 0.168 0.102 0.063 0.041 0.028 0.019 0.014 0.010 0.008 0.007 0.007 0.008 0.010 0.012 0.014 0.014 0.014 0.012 0.010 0.008
4.609 4.428 4.250 4.050 3.863 3.658 3.395 3.036 2.554 2.020 1.583 1.260 1.061 0.990 1.045 1.434 2.456 4.065 5.437 6.304 6.952 7.473 7.830 8.036 8.145 8.210 8.231 8.214 8.135 7.962 7.659 7.198 6.603 6.080 5.698 5.426 5.195 4.946 4.634 4.214 3.663 2.960 2.173 1.479 0.978 0.653 0.467 0.371 0.326 0.305 0.295 0.288 0.277 0.256 0.221 0.171 0.120 0.083 0.058 0.041 0.029 0.021 0.015 0.011 0.008 0.007 0.006 0.006 0.006 0.007 0.007 0.007 0.007 0.007 0.006 0.005
4.340 4.413 4.524 4.619 4.655 4.599 4.396 4.011 3.425 2.724 2.163 1.788 1.609 1.596 1.757 2.285 3.328 4.794 5.890 6.561 7.070 7.486 7.775 7.939 8.022 8.065 8.089 8.101 8.080 7.958 7.672 7.201 6.572 5.917 5.348 4.822 4.305 3.815 3.343 2.842 2.282 1.663 1.111 0.719 0.461 0.313 0.241 0.212 0.201 0.197 0.195 0.192 0.189 0.180 0.165 0.139 0.107 0.080 0.059 0.044 0.032 0.024 0.017 0.013 0.009 0.007 0.006 0.005 0.004 0.004 0.004 0.004 0.004 0.004 0.003 0.003
4.301 4.625 5.053 5.409 5.576 5.558 5.342 4.917 4.303 3.530 2.870 2.446 2.256 2.234 2.354 2.798 3.688 4.970 5.936 6.558 7.023 7.371 7.606 7.739 7.799 7.830 7.851 7.859 7.823 7.690 7.420 6.957 6.325 5.559 4.751 3.850 2.922 2.174 1.659 1.284 0.967 0.686 0.465 0.314 0.224 0.176 0.155 0.150 0.150 0.151 0.151 0.151 0.149 0.145 0.136 0.121 0.100 0.077 0.059 0.045 0.034 0.025 0.019 0.014 0.010 0.007 0.006 0.004 0.003 0.003 0.002 0.002 0.002 0.002 0.002 0.002
4.507 5.120 5.698 6.076 6.241 6.225 5.995 5.562 4.984 4.271 3.572 3.045 2.740 2.638 2.677 2.974 3.720 4.910 5.862 6.470 6.899 7.185 7.358 7.449 7.480 7.451 7.360 7.193 6.945 6.662 6.343 5.908 5.350 4.620 3.669 2.490 1.527 0.951 0.622 0.433 0.314 0.235 0.180 0.146 0.127 0.119 0.118 0.119 0.121 0.123 0.124 0.124 0.123 0.120 0.115 0.105 0.092 0.075 0.058 0.045 0.034 0.026 0.019 0.014 0.010 0.008 0.005 0.004 0.003 0.002 0.001 0.001 0.001 0.001 0.001 0.001
