RESULTS/r.avaflow_results/14b_results/14b_ascii/14b_hflow30041.asc
ncols 506
nrows 317
xllcenter 498237.50
yllcenter 5580050.00
cellsize 12.50
NODATA_value -9999.000
[rows 170 to 203 of 317, columns 154 to 230 of 506]
0.028 0.032 0.037 0.044 0.053 0.062 0.070 0.077 0.083 0.087 0.090 0.092 0.094 0.096 0.098 0.100 0.102 0.105 0.109 0.113 0.118 0.123 0.130 0.139 0.151 0.168 0.192 0.227 0.275 0.338 0.419 0.523 0.654 0.814 1.004 1.192 1.348 1.472 1.568 1.647 1.717 1.779 1.829 1.862 1.884 1.895 1.897 1.899 1.903 1.896 1.871 1.821 1.762 1.728 1.718 1.722 1.728 1.741 1.758 1.764 1.751 1.715 1.684 1.671 1.670 1.682 1.727 1.822 1.969 2.083 2.145 2.179 2.193 2.175 2.153 2.140 2.123
0.019 0.022 0.025 0.029 0.035 0.041 0.047 0.052 0.057 0.060 0.063 0.065 0.067 0.069 0.071 0.073 0.076 0.079 0.083 0.088 0.094 0.101 0.110 0.120 0.135 0.155 0.181 0.218 0.268 0.334 0.420 0.529 0.664 0.829 1.019 1.198 1.348 1.469 1.563 1.641 1.711 1.770 1.816 1.839 1.845 1.829 1.790 1.742 1.709 1.684 1.652 1.605 1.564 1.551 1.562 1.593 1.614 1.624 1.629 1.623 1.595 1.550 1.521 1.506 1.503 1.516 1.569 1.683 1.856 2.011 2.114 2.183 2.234 2.270 2.284 2.277 2.247
0.013 0.015 0.017 0.019 0.023 0.027 0.031 0.035 0.038 0.041 0.043 0.045 0.047 0.049 0.051 0.053 0.056 0.059 0.063 0.069 0.076 0.084 0.095 0.108 0.125 0.147 0.175 0.213 0.263 0.329 0.417 0.529 0.667 0.833 1.022 1.196 1.342 1.456 1.543 1.615 1.675 1.723 1.753 1.760 1.746 1.695 1.599 1.473 1.381 1.332 1.306 1.289 1.288 1.309 1.367 1.447 1.489 1.499 1.498 1.483 1.447 1.404 1.379 1.368 1.368 1.387 1.443 1.554 1.717 1.894 2.040 2.153 2.237 2.296 2.322 2.320 2.294
0.009 0.010 0.011 0.013 0.015 0.017 0.020 0.023 0.025 0.028 0.030 0.032 0.033 0.035 0.038 0.040 0.042 0.046 0.050 0.055 0.062 0.072 0.084 0.099 0.118 0.142 0.173 0.211 0.261 0.327 0.413 0.526 0.665 0.833 1.020 1.185 1.322 1.428 1.503 1.555 1.594 1.614 1.618 1.602 1.559 1.455 1.273 1.057 0.911 0.846 0.832 0.846 0.891 0.971 1.107 1.266 1.347 1.363 1.360 1.343 1.309 1.276 1.260 1.257 1.269 1.302 1.366 1.467 1.603 1.758 1.915 2.073 2.202 2.284 2.316 2.317 2.303
0.006 0.007 0.008 0.009 0.010 0.011 0.013 0.015 0.017 0.019 0.021 0.022 0.024 0.026 0.028 0.030 0.033 0.036 0.040 0.046 0.053 0.063 0.076 0.093 0.114 0.140 0.172 0.211 0.262 0.326 0.410 0.519 0.656 0.828 1.008 1.161 1.283 1.372 1.426 1.452 1.459 1.443 1.407 1.343 1.234 1.050 0.812 0.616 0.511 0.473 0.471 0.492 0.551 0.656 0.830 1.049 1.180 1.216 1.216 1.207 1.188 1.172 1.167 1.177 1.205 1.256 1.326 1.420 1.534 1.661 1.804 1.974 2.129 2.229 2.273 2.285 2.291
0.004 0.005 0.005 0.006 0.007 0.008 0.009 0.010 0.012 0.013 0.015 0.016 0.018 0.020 0.022 0.024 0.027 0.030 0.034 0.040 0.047 0.058 0.071 0.089 0.110 0.138 0.171 0.211 0.263 0.328 0.411 0.517 0.652 0.818 0.976 1.110 1.214 1.277 1.302 1.303 1.277 1.217 1.116 0.966 0.780 0.588 0.424 0.316 0.263 0.249 0.254 0.284 0.349 0.460 0.636 0.862 1.012 1.067 1.082 1.089 1.091 1.093 1.104 1.131 1.176 1.237 1.313 1.403 1.504 1.620 1.760 1.929 2.076 2.168 2.210 2.232 2.259
0.003 0.003 0.004 0.004 0.005 0.005 0.006 0.007 0.008 0.010 0.011 0.012 0.014 0.016 0.017 0.020 0.022 0.026 0.030 0.036 0.044 0.054 0.068 0.085 0.107 0.135 0.169 0.212 0.265 0.332 0.416 0.523 0.653 0.792 0.914 1.017 1.093 1.127 1.129 1.103 1.043 0.936 0.775 0.586 0.416 0.284 0.195 0.147 0.130 0.130 0.144 0.179 0.246 0.355 0.517 0.720 0.860 0.926 0.961 0.990 1.015 1.040 1.071 1.114 1.170 1.235 1.312 1.401 1.500 1.613 1.756 1.921 2.055 2.140 2.179 2.203 2.237
0.002 0.003 0.003 0.003 0.003 0.004 0.005 0.005 0.006 0.007 0.008 0.010 0.011 0.013 0.015 0.017 0.019 0.023 0.027 0.033 0.041 0.051 0.065 0.082 0.104 0.133 0.168 0.212 0.268 0.338 0.424 0.528 0.639 0.737 0.811 0.862 0.891 0.887 0.859 0.799 0.712 0.600 0.465 0.323 0.208 0.129 0.086 0.070 0.068 0.075 0.095 0.136 0.204 0.305 0.444 0.610 0.730 0.801 0.856 0.907 0.956 1.005 1.057 1.112 1.172 1.240 1.318 1.406 1.505 1.620 1.766 1.925 2.047 2.126 2.170 2.200 2.236
0.002 0.002 0.002 0.002 0.003 0.003 0.004 0.004 0.005 0.006 0.007 0.008 0.009 0.011 0.013 0.015 0.017 0.021 0.025 0.031 0.039 0.049 0.062 0.080 0.102 0.130 0.166 0.212 0.270 0.341 0.429 0.519 0.592 0.635 0.651 0.631 0.588 0.535 0.481 0.425 0.369 0.311 0.244 0.167 0.104 0.063 0.044 0.038 0.039 0.049 0.076 0.124 0.194 0.284 0.397 0.526 0.628 0.702 0.770 0.837 0.907 0.978 1.048 1.115 1.182 1.254 1.333 1.421 1.521 1.642 1.790 1.936 2.048 2.123 2.171 2.208 2.247
0.002 0.002 0.002 0.002 0.002 0.003 0.003 0.004 0.004 0.005 0.006 0.007 0.009 0.010 0.012 0.014 0.016 0.020 0.024 0.030 0.038 0.048 0.061 0.078 0.100 0.129 0.166 0.211 0.268 0.340 0.419 0.478 0.504 0.495 0.456 0.393 0.324 0.267 0.221 0.185 0.158 0.136 0.112 0.082 0.054 0.035 0.025 0.023 0.025 0.039 0.071 0.124 0.194 0.276 0.367 0.466 0.554 0.630 0.704 0.779 0.863 0.953 1.038 1.119 1.199 1.279 1.361 1.451 1.554 1.679 1.828 1.961 2.064 2.135 2.186 2.232 2.276
0.001 0.002 0.002 0.002 0.002 0.003 0.003 0.004 0.004 0.005 0.006 0.007 0.008 0.010 0.011 0.013 0.016 0.020 0.024 0.030 0.038 0.047 0.061 0.078 0.100 0.130 0.166 0.209 0.262 0.323 0.372 0.391 0.380 0.343 0.287 0.222 0.164 0.120 0.090 0.072 0.061 0.054 0.048 0.040 0.029 0.020 0.016 0.016 0.021 0.037 0.072 0.126 0.196 0.273 0.351 0.431 0.507 0.582 0.657 0.737 0.829 0.930 1.029 1.125 1.218 1.308 1.398 1.493 1.598 1.726 1.880 2.010 2.104 2.173 2.230 2.285 2.339
0.001 0.002 0.002 0.002 0.002 0.003 0.003 0.003 0.004 0.005 0.006 0.007 0.008 0.009 0.011 0.014 0.016 0.020 0.025 0.031 0.038 0.048 0.061 0.078 0.101 0.131 0.166 0.202 0.239 0.269 0.278 0.265 0.240 0.207 0.163 0.117 0.080 0.055 0.039 0.030 0.026 0.024 0.022 0.020 0.016 0.013 0.013 0.014 0.021 0.040 0.077 0.131 0.199 0.273 0.344 0.414 0.483 0.554 0.630 0.712 0.806 0.909 1.018 1.128 1.232 1.334 1.435 1.537 1.647 1.780 1.944 2.084 2.180 2.250 2.314 2.378 2.445
0.001 0.002 0.002 0.002 0.002 0.003 0.003 0.003 0.004 0.005 0.006 0.007 0.008 0.009 0.011 0.014 0.017 0.021 0.026 0.032 0.039 0.049 0.061 0.078 0.101 0.129 0.156 0.175 0.185 0.178 0.165 0.149 0.130 0.110 0.086 0.061 0.042 0.028 0.020 0.015 0.013 0.012 0.012 0.011 0.011 0.011 0.012 0.016 0.027 0.050 0.088 0.140 0.203 0.274 0.343 0.409 0.475 0.544 0.619 0.701 0.793 0.894 1.005 1.123 1.240 1.355 1.469 1.583 1.704 1.849 2.024 2.179 2.293 2.373 2.437 2.499 2.569
0.001 0.001 0.002 0.002 0.002 0.003 0.003 0.003 0.004 0.005 0.006 0.006 0.008 0.009 0.011 0.014 0.017 0.022 0.027 0.033 0.040 0.049 0.060 0.075 0.094 0.111 0.119 0.116 0.106 0.094 0.082 0.071 0.062 0.053 0.044 0.034 0.024 0.017 0.012 0.009 0.008 0.008 0.008 0.008 0.010 0.012 0.017 0.026 0.043 0.070 0.107 0.153 0.210 0.276 0.343 0.409 0.475 0.543 0.618 0.699 0.788 0.887 0.997 1.118 1.244 1.373 1.503 1.631 1.768 1.933 2.116 2.272 2.394 2.479 2.542 2.601 2.671
0.001 0.002 0.002 0.002 0.002 0.003 0.003 0.003 0.004 0.005 0.006 0.007 0.008 0.009 0.011 0.014 0.018 0.022 0.027 0.032 0.039 0.047 0.056 0.066 0.072 0.072 0.066 0.058 0.049 0.042 0.035 0.031 0.028 0.026 0.024 0.020 0.015 0.011 0.008 0.007 0.006 0.007 0.007 0.009 0.013 0.020 0.032 0.048 0.069 0.098 0.133 0.174 0.224 0.282 0.346 0.410 0.476 0.545 0.619 0.698 0.787 0.886 0.996 1.118 1.249 1.392 1.540 1.683 1.830 1.995 2.172 2.321 2.442 2.537 2.612 2.683 2.763
0.001 0.002 0.002 0.002 0.002 0.003 0.003 0.003 0.004 0.005 0.006 0.007 0.008 0.009 0.011 0.014 0.018 0.022 0.026 0.031 0.036 0.041 0.045 0.046 0.043 0.039 0.033 0.027 0.023 0.019 0.016 0.015 0.014 0.014 0.014 0.012 0.010 0.008 0.007 0.006 0.006 0.007 0.010 0.016 0.026 0.039 0.057 0.078 0.103 0.132 0.166 0.204 0.246 0.296 0.353 0.413 0.477 0.547 0.621 0.702 0.793 0.894 1.006 1.130 1.269 1.424 1.587 1.739 1.884 2.032 2.190 2.330 2.449 2.554 2.651 2.742 2.844
0.001 0.002 0.002 0.002 0.002 0.003 0.003 0.004 0.004 0.005 0.006 0.007 0.008 0.009 0.011 0.014 0.017 0.021 0.024 0.026 0.028 0.029 0.029 0.028 0.025 0.022 0.018 0.015 0.013 0.011 0.010 0.009 0.009 0.009 0.010 0.009 0.009 0.008 0.007 0.008 0.010 0.014 0.021 0.032 0.048 0.067 0.090 0.115 0.143 0.174 0.208 0.244 0.281 0.322 0.369 0.422 0.481 0.549 0.627 0.715 0.812 0.919 1.038 1.169 1.316 1.482 1.642 1.782 1.916 2.052 2.190 2.321 2.440 2.551 2.664 2.787 2.910
0.001 0.001 0.002 0.002 0.002 0.003 0.003 0.004 0.004 0.005 0.006 0.007 0.008 0.009 0.011 0.013 0.016 0.018 0.019 0.020 0.020 0.019 0.019 0.018 0.017 0.015 0.013 0.011 0.010 0.009 0.008 0.008 0.008 0.008 0.009 0.009 0.009 0.010 0.011 0.014 0.020 0.029 0.041 0.058 0.078 0.102 0.130 0.160 0.192 0.225 0.257 0.288 0.321 0.355 0.394 0.438 0.493 0.561 0.645 0.742 0.851 0.969 1.099 1.241 1.390 1.543 1.681 1.806 1.928 2.055 2.179 2.298 2.414 2.534 2.667 2.822 2.957
0.001 0.001 0.002 0.002 0.002 0.003 0.003 0.004 0.004 0.005 0.005 0.006 0.007 0.009 0.010 0.012 0.013 0.014 0.014 0.014 0.014 0.013 0.013 0.013 0.013 0.012 0.012 0.011 0.009 0.009 0.008 0.009 0.009 0.010 0.011 0.012 0.014 0.017 0.022 0.029 0.039 0.053 0.070 0.091 0.116 0.146 0.182 0.216 0.245 0.270 0.294 0.319 0.345 0.374 0.409 0.453 0.510 0.584 0.674 0.778 0.895 1.024 1.168 1.313 1.448 1.577 1.699 1.815 1.928 2.041 2.150 2.258 2.372 2.502 2.662 2.837 2.976
0.001 0.002 0.002 0.002 0.003 0.003 0.004 0.004 0.004 0.005 0.005 0.006 0.007 0.007 0.008 0.009 0.009 0.009 0.010 0.010 0.010 0.010 0.011 0.011 0.012 0.012 0.012 0.011 0.011 0.011 0.011 0.012 0.014 0.016 0.018 0.022 0.027 0.033 0.041 0.052 0.067 0.085 0.107 0.133 0.165 0.204 0.242 0.269 0.286 0.301 0.316 0.335 0.356 0.382 0.414 0.458 0.518 0.594 0.688 0.796 0.918 1.054 1.206 1.348 1.471 1.587 1.701 1.810 1.911 2.004 2.095 2.190 2.301 2.441 2.626 2.820 2.966
0.001 0.002 0.002 0.002 0.003 0.003 0.004 0.004 0.004 0.005 0.005 0.005 0.006 0.006 0.006 0.006 0.006 0.007 0.007 0.008 0.008 0.009 0.010 0.011 0.012 0.013 0.013 0.014 0.014 0.016 0.018 0.020 0.023 0.027 0.032 0.038 0.046 0.056 0.069 0.084 0.103 0.127 0.155 0.187 0.223 0.260 0.288 0.303 0.311 0.318 0.327 0.341 0.360 0.383 0.415 0.459 0.518 0.595 0.688 0.800 0.925 1.065 1.216 1.353 1.473 1.582 1.686 1.779 1.859 1.927 1.996 2.075 2.177 2.317 2.510 2.726 2.891
0.001 0.002 0.002 0.002 0.003 0.003 0.003 0.004 0.004 0.004 0.004 0.004 0.004 0.004 0.004 0.004 0.005 0.005 0.006 0.007 0.008 0.009 0.010 0.012 0.013 0.015 0.017 0.019 0.021 0.024 0.027 0.031 0.037 0.043 0.050 0.059 0.071 0.086 0.104 0.125 0.148 0.174 0.203 0.234 0.266 0.293 0.310 0.318 0.321 0.324 0.331 0.343 0.360 0.382 0.413 0.456 0.513 0.587 0.678 0.790 0.918 1.060 1.204 1.335 1.452 1.551 1.634 1.698 1.746 1.787 1.830 1.885 1.963 2.081 2.265 2.504 2.700
0.001 0.001 0.002 0.002 0.002 0.002 0.003 0.003 0.003 0.002 0.002 0.003 0.003 0.003 0.003 0.004 0.004 0.005 0.005 0.007 0.008 0.009 0.011 0.013 0.016 0.019 0.022 0.025 0.029 0.033 0.039 0.046 0.054 0.063 0.074 0.087 0.103 0.122 0.142 0.162 0.184 0.207 0.232 0.260 0.285 0.305 0.316 0.320 0.323 0.325 0.331 0.340 0.355 0.375 0.403 0.442 0.495 0.561 0.642 0.742 0.860 0.987 1.117 1.248 1.364 1.452 1.506 1.534 1.548 1.559 1.572 1.590 1.621 1.693 1.848 2.097 2.341
0.001 0.001 0.001 0.001 0.001 0.001 0.001 0.001 0.001 0.001 0.002 0.002 0.002 0.002 0.003 0.003 0.004 0.004 0.005 0.007 0.008 0.010 0.013 0.016 0.019 0.023 0.027 0.033 0.039 0.045 0.054 0.064 0.076 0.089 0.103 0.118 0.134 0.151 0.168 0.186 0.205 0.224 0.244 0.268 0.290 0.306 0.315 0.319 0.321 0.323 0.325 0.331 0.340 0.355 0.377 0.410 0.453 0.501 0.554 0.615 0.686 0.768 0.871 1.005 1.133 1.213 1.244 1.245 1.232 1.215 1.195 1.172 1.156 1.170 1.265 1.479 1.761
0.001 0.001 0.001 0.001 0.001 0.001 0.001 0.001 0.001 0.001 0.001 0.001 0.002 0.002 0.002 0.003 0.004 0.005 0.006 0.007 0.009 0.012 0.015 0.019 0.023 0.028 0.034 0.042 0.050 0.061 0.073 0.087 0.103 0.117 0.131 0.144 0.157 0.170 0.184 0.198 0.213 0.229 0.247 0.269 0.288 0.301 0.308 0.311 0.312 0.311 0.310 0.310 0.313 0.320 0.333 0.354 0.376 0.390 0.391 0.393 0.403 0.431 0.491 0.600 0.736 0.825 0.859 0.863 0.856 0.842 0.823 0.791 0.760 0.754 0.793 0.910 1.105
0.001 0.001 0.001 0.001 0.001 0.001 0.001 0.001 0.001 0.001 0.001 0.001 0.001 0.002 0.002 0.003 0.004 0.005 0.007 0.009 0.011 0.014 0.018 0.023 0.028 0.035 0.043 0.054 0.066 0.080 0.094 0.110 0.126 0.139 0.151 0.161 0.171 0.180 0.191 0.202 0.215 0.229 0.245 0.263 0.278 0.286 0.289 0.290 0.287 0.283 0.276 0.271 0.268 0.267 0.267 0.267 0.259 0.237 0.207 0.189 0.183 0.189 0.216 0.274 0.369 0.467 0.534 0.566 0.575 0.572 0.560 0.533 0.493 0.473 0.483 0.535 0.637
0.001 0.001 0.001 0.001 0.001 0.001 0.001 0.001 0.001 0.001 0.001 0.001 0.001 0.002 0.003 0.004 0.005 0.007 0.008 0.011 0.014 0.017 0.022 0.028 0.035 0.045 0.056 0.070 0.083 0.096 0.109 0.124 0.139 0.151 0.161 0.169 0.177 0.184 0.192 0.202 0.213 0.224 0.235 0.247 0.254 0.256 0.254 0.250 0.244 0.235 0.224 0.214 0.206 0.197 0.187 0.173 0.151 0.120 0.090 0.072 0.065 0.065 0.074 0.100 0.150 0.226 0.304 0.357 0.381 0.385 0.379 0.361 0.324 0.292 0.283 0.295 0.333
0.001 0.001 0.001 0.001 0.001 0.001 0.001 0.001 0.001 0.001 0.001 0.001 0.001 0.002 0.003 0.005 0.006 0.008 0.011 0.014 0.017 0.022 0.028 0.036 0.046 0.057 0.070 0.083 0.095 0.106 0.118 0.130 0.143 0.155 0.165 0.172 0.178 0.183 0.190 0.198 0.205 0.211 0.216 0.218 0.216 0.211 0.204 0.197 0.190 0.182 0.173 0.163 0.153 0.141 0.126 0.106 0.080 0.054 0.035 0.025 0.021 0.021 0.023 0.031 0.052 0.091 0.151 0.209 0.243 0.254 0.253 0.242 0.216 0.180 0.158 0.150 0.155
0.001 0.001 0.001 0.001 0.001 0.001 0.001 0.001 0.001 0.001 0.001 0.001 0.002 0.003 0.004 0.006 0.008 0.011 0.014 0.018 0.023 0.028 0.036 0.044 0.055 0.067 0.079 0.090 0.101 0.111 0.121 0.132 0.144 0.156 0.165 0.171 0.176 0.179 0.182 0.185 0.187 0.186 0.183 0.177 0.170 0.163 0.157 0.152 0.148 0.142 0.136 0.127 0.115 0.102 0.086 0.065 0.043 0.026 0.016 0.011 0.009 0.008 0.009 0.011 0.018 0.034 0.065 0.109 0.141 0.157 0.159 0.154 0.138 0.109 0.084 0.071 0.067
0.001 0.001 0.001 0.001 0.001 0.001 0.001 0.001 0.001 0.001 0.001 0.002 0.003 0.004 0.006 0.008 0.011 0.014 0.017 0.022 0.027 0.033 0.041 0.050 0.060 0.072 0.083 0.094 0.103 0.113 0.122 0.132 0.142 0.152 0.161 0.165 0.167 0.168 0.167 0.164 0.159 0.151 0.143 0.136 0.131 0.127 0.123 0.120 0.116 0.112 0.107 0.099 0.090 0.078 0.063 0.045 0.029 0.018 0.012 0.008 0.006 0.005 0.005 0.005 0.007 0.013 0.025 0.048 0.071 0.084 0.088 0.087 0.078 0.060 0.043 0.033 0.029
0.001 0.001 0.001 0.001 0.001 0.001 0.001 0.001 0.001 0.001 0.002 0.003 0.004 0.005 0.007 0.009 0.012 0.016 0.019 0.024 0.029 0.036 0.044 0.052 0.062 0.073 0.084 0.094 0.103 0.112 0.120 0.128 0.136 0.142 0.147 0.149 0.148 0.145 0.141 0.134 0.124 0.115 0.108 0.103 0.101 0.099 0.097 0.095 0.092 0.089 0.084 0.079 0.071 0.062 0.050 0.036 0.025 0.017 0.011 0.008 0.005 0.004 0.003 0.003 0.004 0.005 0.009 0.018 0.029 0.036 0.039 0.040 0.037 0.029 0.020 0.015 0.013
0.001 0.001 0.001 0.001 0.001 0.001 0.001 0.001 0.001 0.002 0.003 0.003 0.005 0.006 0.008 0.010 0.013 0.016 0.020 0.025 0.031 0.037 0.045 0.053 0.063 0.074 0.084 0.093 0.102 0.108 0.114 0.119 0.122 0.124 0.123 0.120 0.116 0.112 0.106 0.100 0.093 0.087 0.082 0.079 0.077 0.076 0.075 0.074 0.072 0.070 0.066 0.062 0.057 0.050 0.041 0.031 0.023 0.016 0.011 0.008 0.005 0.004 0.003 0.002 0.002 0.003 0.004 0.006 0.010 0.012 0.014 0.014 0.014 0.012 0.009 0.007 0.006
0.001 0.001 0.001 0.001 0.001 0.001 0.001 0.001 0.002 0.002 0.003 0.004 0.005 0.006 0.008 0.010 0.013 0.016 0.020 0.025 0.031 0.037 0.045 0.053 0.062 0.072 0.081 0.089 0.095 0.100 0.102 0.104 0.103 0.099 0.092 0.086 0.081 0.078 0.075 0.072 0.068 0.064 0.061 0.059 0.058 0.057 0.057 0.056 0.055 0.054 0.051 0.048 0.044 0.040 0.034 0.027 0.021 0.015 0.011 0.008 0.005 0.003 0.002 0.002 0.001 0.001 0.002 0.002 0.003 0.004 0.004 0.005 0.005 0.005 0.004 0.004 0.004
0.001 0.001 0.001 0.001 0.001 0.001 0.001 0.002 0.002 0.003 0.003 0.004 0.005 0.006 0.008 0.010 0.013 0.016 0.020 0.025 0.031 0.037 0.044 0.052 0.060 0.067 0.074 0.079 0.082 0.083 0.083 0.082 0.078 0.072 0.064 0.058 0.055 0.053 0.051 0.050 0.048 0.046 0.044 0.043 0.042 0.042 0.041 0.041 0.040 0.039 0.037 0.035 0.032 0.029 0.026 0.023 0.019 0.014 0.011 0.007 0.005 0.003 0.002 0.001 0.001 0.001 0.001 0.002 0.002 0.002 0.003 0.003 0.003 0.003 0.002 0.002 0.002
