RESULTS/r.avaflow_results/14b_results/14b_ascii/14b_hflow30014.asc
ncols 506
nrows 317
xllcenter 498237.50
yllcenter 5580050.00
cellsize 12.50
NODATA_value -9999.000
[rows 170 to 203 of 317, columns 231 to 307 of 506]
1.222 1.026 0.827 0.698 0.646 0.646 0.718 0.935 1.348 1.801 2.057 2.142 2.144 2.056 1.795 1.320 0.738 0.346 0.140 0.056 0.028 0.018 0.013 0.010 0.008 0.006 0.005 0.004 0.003 0.002 0.002 0.001 0.001 0.001 0.000 0.000 0.000 0.000 0.000 0.000 0.000 0.000 0.000 0.000 0.000 0.000 0.000 0.000 0.000 0.000 0.000 0.000 0.000 0.000 0.000 0.000 0.000 0.000 0.000 0.000 0.000 0.000 0.000 0.000 0.000 0.000 0.000 0.000 0.000 0.000 0.000 0.000 0.000 0.000 0.000 0.000 0.000
1.568 1.270 1.030 0.900 0.860 0.879 1.026 1.430 2.176 2.957 3.368 3.464 3.419 3.229 2.833 2.194 1.357 0.674 0.276 0.100 0.041 0.023 0.016 0.012 0.010 0.008 0.006 0.005 0.004 0.003 0.002 0.002 0.001 0.001 0.001 0.000 0.000 0.000 0.000 0.000 0.000 0.000 0.000 0.000 0.000 0.000 0.000 0.000 0.000 0.000 0.000 0.000 0.000 0.000 0.000 0.000 0.000 0.000 0.000 0.000 0.000 0.000 0.000 0.000 0.000 0.000 0.000 0.000 0.000 0.000 0.000 0.000 0.000 0.000 0.000 0.000 0.000
1.719 1.407 1.180 1.066 1.038 1.068 1.255 1.766 2.714 3.682 4.171 4.266 4.181 3.918 3.467 2.810 1.930 1.053 0.464 0.167 0.062 0.030 0.019 0.014 0.011 0.009 0.007 0.006 0.005 0.004 0.003 0.002 0.002 0.001 0.001 0.001 0.000 0.000 0.000 0.000 0.000 0.000 0.000 0.000 0.000 0.000 0.000 0.000 0.000 0.000 0.000 0.000 0.000 0.000 0.000 0.000 0.000 0.000 0.000 0.000 0.000 0.000 0.000 0.000 0.000 0.000 0.000 0.000 0.000 0.000 0.000 0.000 0.000 0.000 0.000 0.000 0.000
1.765 1.508 1.320 1.225 1.204 1.243 1.455 2.007 3.004 3.993 4.497 4.598 4.501 4.212 3.757 3.137 2.314 1.365 0.656 0.254 0.092 0.040 0.023 0.016 0.013 0.010 0.009 0.007 0.006 0.005 0.004 0.003 0.002 0.002 0.001 0.001 0.001 0.000 0.000 0.000 0.000 0.000 0.000 0.000 0.000 0.000 0.000 0.000 0.000 0.000 0.000 0.000 0.000 0.000 0.000 0.000 0.000 0.000 0.000 0.000 0.000 0.000 0.000 0.000 0.000 0.000 0.000 0.000 0.000 0.000 0.000 0.000 0.000 0.000 0.000 0.000 0.001
1.771 1.589 1.451 1.378 1.364 1.417 1.657 2.227 3.175 4.064 4.539 4.644 4.552 4.267 3.826 3.257 2.540 1.646 0.859 0.362 0.133 0.054 0.029 0.019 0.015 0.012 0.010 0.008 0.007 0.006 0.005 0.004 0.003 0.002 0.002 0.001 0.001 0.001 0.000 0.000 0.000 0.000 0.000 0.000 0.000 0.000 0.000 0.000 0.000 0.000 0.000 0.000 0.000 0.000 0.000 0.000 0.000 0.000 0.000 0.000 0.000 0.000 0.000 0.000 0.000 0.000 0.000 0.000 0.000 0.000 0.000 0.000 0.000 0.000 0.001 0.001 0.002
1.725 1.636 1.557 1.518 1.521 1.608 1.887 2.464 3.318 4.035 4.430 4.525 4.451 4.194 3.787 3.272 2.672 1.940 1.124 0.516 0.199 0.077 0.037 0.023 0.017 0.014 0.011 0.010 0.008 0.007 0.006 0.005 0.004 0.003 0.002 0.002 0.001 0.001 0.001 0.000 0.000 0.000 0.000 0.000 0.000 0.000 0.000 0.000 0.000 0.000 0.000 0.000 0.000 0.000 0.000 0.000 0.000 0.000 0.000 0.000 0.000 0.000 0.000 0.000 0.000 0.000 0.000 0.000 0.000 0.000 0.000 0.000 0.001 0.001 0.002 0.003 0.005
1.652 1.646 1.635 1.647 1.702 1.861 2.199 2.764 3.425 3.887 4.115 4.165 4.108 3.918 3.602 3.196 2.732 2.195 1.474 0.750 0.313 0.121 0.053 0.030 0.020 0.016 0.013 0.011 0.009 0.008 0.007 0.006 0.005 0.004 0.003 0.003 0.002 0.002 0.001 0.001 0.001 0.000 0.000 0.000 0.000 0.000 0.000 0.000 0.000 0.000 0.000 0.000 0.000 0.000 0.000 0.000 0.000 0.000 0.000 0.000 0.000 0.000 0.000 0.000 0.000 0.000 0.000 0.000 0.000 0.000 0.000 0.001 0.002 0.003 0.005 0.007 0.009
1.611 1.648 1.698 1.784 1.939 2.202 2.588 3.039 3.411 3.597 3.636 3.599 3.526 3.410 3.232 2.991 2.685 2.306 1.764 1.046 0.492 0.204 0.086 0.042 0.026 0.019 0.015 0.013 0.011 0.009 0.008 0.007 0.006 0.005 0.004 0.003 0.003 0.002 0.002 0.001 0.001 0.001 0.001 0.000 0.000 0.000 0.000 0.000 0.000 0.000 0.000 0.000 0.000 0.000 0.000 0.000 0.000 0.000 0.000 0.000 0.000 0.000 0.000 0.000 0.000 0.000 0.000 0.000 0.000 0.001 0.001 0.002 0.004 0.006 0.009 0.012 0.015
1.599 1.663 1.765 1.935 2.186 2.512 2.863 3.156 3.311 3.333 3.273 3.159 3.045 2.937 2.818 2.684 2.524 2.282 1.895 1.320 0.728 0.344 0.150 0.068 0.037 0.024 0.018 0.015 0.013 0.011 0.009 0.008 0.007 0.006 0.005 0.004 0.004 0.003 0.003 0.002 0.002 0.001 0.001 0.001 0.000 0.000 0.000 0.000 0.000 0.000 0.000 0.000 0.000 0.000 0.000 0.000 0.000 0.000 0.000 0.000 0.000 0.000 0.000 0.000 0.000 0.000 0.000 0.001 0.001 0.002 0.003 0.005 0.008 0.011 0.015 0.020 0.026
1.613 1.708 1.859 2.075 2.364 2.694 2.968 3.144 3.199 3.165 3.058 2.903 2.776 2.665 2.559 2.449 2.330 2.182 1.939 1.540 1.013 0.553 0.266 0.121 0.060 0.035 0.024 0.018 0.015 0.013 0.011 0.009 0.008 0.007 0.006 0.005 0.005 0.004 0.003 0.003 0.003 0.002 0.002 0.001 0.001 0.001 0.000 0.000 0.000 0.000 0.000 0.000 0.000 0.000 0.000 0.000 0.000 0.000 0.000 0.000 0.001 0.001 0.001 0.001 0.001 0.001 0.001 0.002 0.003 0.005 0.007 0.009 0.013 0.018 0.025 0.036 0.053
1.670 1.794 1.972 2.196 2.473 2.761 2.974 3.083 3.100 3.053 2.930 2.759 2.623 2.513 2.415 2.322 2.229 2.124 1.971 1.715 1.319 0.838 0.452 0.221 0.107 0.056 0.034 0.024 0.019 0.015 0.013 0.011 0.009 0.008 0.007 0.007 0.006 0.005 0.005 0.004 0.003 0.003 0.003 0.002 0.002 0.001 0.001 0.001 0.001 0.000 0.000 0.000 0.000 0.000 0.000 0.000 0.000 0.000 0.001 0.002 0.002 0.002 0.002 0.003 0.003 0.003 0.004 0.005 0.006 0.008 0.011 0.015 0.021 0.031 0.049 0.080 0.125
1.777 1.916 2.097 2.310 2.554 2.781 2.937 3.016 3.032 2.988 2.863 2.684 2.540 2.427 2.337 2.266 2.202 2.129 2.033 1.877 1.605 1.180 0.719 0.393 0.200 0.102 0.057 0.036 0.026 0.020 0.016 0.013 0.011 0.010 0.009 0.008 0.007 0.006 0.006 0.005 0.005 0.004 0.004 0.003 0.003 0.002 0.002 0.002 0.001 0.001 0.001 0.001 0.001 0.001 0.001 0.001 0.001 0.002 0.003 0.004 0.004 0.005 0.005 0.005 0.006 0.006 0.007 0.008 0.010 0.013 0.017 0.024 0.037 0.063 0.117 0.207 0.321
1.922 2.069 2.243 2.436 2.631 2.797 2.917 2.981 2.995 2.956 2.837 2.657 2.509 2.393 2.306 2.251 2.215 2.181 2.137 2.051 1.864 1.527 1.069 0.662 0.378 0.205 0.111 0.065 0.041 0.029 0.021 0.016 0.014 0.012 0.010 0.009 0.009 0.008 0.007 0.007 0.006 0.005 0.005 0.004 0.004 0.004 0.003 0.003 0.003 0.003 0.003 0.002 0.002 0.002 0.003 0.003 0.003 0.004 0.005 0.006 0.007 0.008 0.008 0.009 0.010 0.010 0.011 0.013 0.016 0.020 0.027 0.042 0.075 0.153 0.317 0.566 0.803
2.096 2.270 2.445 2.599 2.728 2.837 2.925 2.975 2.984 2.947 2.834 2.663 2.516 2.399 2.312 2.270 2.265 2.275 2.271 2.226 2.098 1.857 1.488 1.063 0.698 0.427 0.246 0.139 0.080 0.048 0.031 0.022 0.017 0.014 0.013 0.011 0.011 0.010 0.009 0.008 0.008 0.007 0.007 0.006 0.006 0.005 0.005 0.005 0.005 0.004 0.004 0.004 0.005 0.005 0.005 0.006 0.007 0.008 0.009 0.011 0.012 0.012 0.013 0.014 0.015 0.016 0.017 0.020 0.024 0.031 0.047 0.083 0.172 0.383 0.800 1.351 1.771
2.321 2.551 2.735 2.844 2.903 2.951 2.991 3.010 3.006 2.971 2.883 2.747 2.613 2.501 2.412 2.368 2.367 2.390 2.398 2.372 2.296 2.157 1.935 1.603 1.217 0.857 0.553 0.324 0.177 0.095 0.053 0.033 0.023 0.018 0.016 0.014 0.013 0.012 0.011 0.010 0.010 0.009 0.008 0.008 0.008 0.007 0.007 0.007 0.007 0.007 0.007 0.007 0.008 0.008 0.009 0.010 0.011 0.013 0.015 0.017 0.018 0.019 0.020 0.021 0.022 0.023 0.026 0.031 0.039 0.055 0.092 0.179 0.381 0.825 1.617 2.480 3.042
2.586 2.847 3.049 3.159 3.189 3.184 3.169 3.157 3.142 3.116 3.067 2.989 2.896 2.804 2.706 2.604 2.540 2.519 2.516 2.504 2.475 2.421 2.324 2.156 1.887 1.527 1.120 0.706 0.384 0.192 0.096 0.053 0.034 0.025 0.020 0.018 0.016 0.015 0.014 0.013 0.012 0.011 0.011 0.010 0.010 0.010 0.010 0.010 0.010 0.010 0.010 0.011 0.011 0.012 0.014 0.015 0.017 0.020 0.022 0.026 0.028 0.030 0.031 0.033 0.034 0.038 0.044 0.054 0.074 0.113 0.196 0.373 0.736 1.375 2.298 3.200 3.790
2.796 3.051 3.255 3.387 3.449 3.468 3.465 3.467 3.469 3.467 3.456 3.433 3.400 3.346 3.223 2.998 2.780 2.670 2.641 2.643 2.654 2.665 2.660 2.615 2.515 2.309 1.925 1.341 0.742 0.365 0.175 0.091 0.054 0.037 0.028 0.024 0.021 0.019 0.018 0.017 0.016 0.015 0.014 0.013 0.013 0.013 0.013 0.013 0.013 0.013 0.014 0.015 0.016 0.018 0.021 0.024 0.027 0.031 0.036 0.043 0.048 0.052 0.055 0.058 0.062 0.070 0.086 0.114 0.164 0.253 0.412 0.700 1.155 1.774 2.578 3.411 3.982
2.931 3.164 3.354 3.491 3.587 3.666 3.773 3.922 4.009 4.045 4.061 4.060 4.020 3.919 3.727 3.398 3.053 2.854 2.792 2.799 2.838 2.906 2.997 3.054 3.056 2.974 2.690 2.093 1.254 0.632 0.308 0.158 0.090 0.058 0.042 0.033 0.029 0.026 0.025 0.023 0.022 0.020 0.019 0.017 0.017 0.016 0.016 0.016 0.017 0.018 0.019 0.021 0.025 0.029 0.034 0.040 0.048 0.057 0.068 0.082 0.095 0.105 0.113 0.122 0.135 0.159 0.202 0.276 0.390 0.551 0.784 1.105 1.483 1.933 2.583 3.326 3.828
2.989 3.200 3.376 3.523 3.658 3.810 4.058 4.390 4.578 4.622 4.607 4.541 4.426 4.257 4.008 3.660 3.307 3.076 2.983 2.977 3.027 3.167 3.380 3.523 3.569 3.529 3.272 2.679 1.768 0.980 0.508 0.269 0.152 0.094 0.065 0.050 0.042 0.038 0.037 0.035 0.033 0.030 0.027 0.024 0.022 0.022 0.021 0.022 0.022 0.024 0.028 0.033 0.041 0.052 0.064 0.079 0.097 0.120 0.152 0.188 0.219 0.245 0.270 0.297 0.338 0.404 0.512 0.671 0.863 1.061 1.254 1.437 1.627 1.920 2.402 2.890 3.166
2.988 3.189 3.362 3.525 3.704 3.948 4.340 4.744 4.944 4.972 4.909 4.768 4.592 4.386 4.118 3.809 3.528 3.316 3.209 3.192 3.261 3.516 3.868 4.057 4.101 4.019 3.698 3.058 2.143 1.339 0.784 0.446 0.258 0.159 0.107 0.081 0.069 0.064 0.063 0.062 0.060 0.054 0.044 0.036 0.032 0.030 0.030 0.030 0.031 0.036 0.045 0.061 0.084 0.112 0.143 0.178 0.222 0.291 0.387 0.474 0.541 0.602 0.664 0.737 0.843 0.995 1.194 1.405 1.570 1.648 1.637 1.606 1.636 1.754 1.937 2.037 1.989
2.897 3.103 3.296 3.491 3.726 4.078 4.576 4.955 5.109 5.111 5.008 4.823 4.624 4.408 4.137 3.887 3.698 3.555 3.476 3.477 3.632 4.065 4.514 4.678 4.650 4.440 3.981 3.242 2.361 1.649 1.116 0.720 0.447 0.281 0.191 0.146 0.129 0.125 0.130 0.135 0.133 0.120 0.093 0.067 0.053 0.047 0.045 0.045 0.048 0.060 0.087 0.137 0.207 0.276 0.344 0.420 0.522 0.691 0.911 1.084 1.207 1.301 1.395 1.523 1.713 1.922 2.072 2.140 2.123 2.024 1.845 1.655 1.515 1.391 1.263 1.131 0.986
2.591 2.850 3.106 3.372 3.688 4.140 4.678 5.021 5.139 5.123 5.009 4.822 4.624 4.404 4.134 3.930 3.820 3.772 3.781 3.883 4.200 4.728 5.083 5.167 5.076 4.749 4.140 3.279 2.465 1.857 1.390 1.020 0.724 0.503 0.361 0.289 0.267 0.271 0.308 0.339 0.339 0.306 0.230 0.150 0.106 0.085 0.078 0.078 0.086 0.119 0.202 0.356 0.533 0.670 0.788 0.910 1.085 1.379 1.674 1.840 1.921 1.974 2.033 2.147 2.343 2.511 2.567 2.527 2.392 2.177 1.904 1.597 1.260 0.962 0.742 0.585 0.468
1.944 2.305 2.670 3.050 3.487 4.059 4.636 4.983 5.087 5.061 4.955 4.795 4.612 4.390 4.124 3.959 3.906 3.927 4.036 4.262 4.660 5.124 5.360 5.401 5.287 4.902 4.195 3.254 2.493 1.946 1.525 1.191 0.929 0.736 0.609 0.545 0.532 0.579 0.705 0.791 0.799 0.732 0.562 0.359 0.237 0.176 0.155 0.153 0.175 0.269 0.496 0.870 1.206 1.426 1.571 1.691 1.834 2.031 2.193 2.257 2.260 2.258 2.279 2.365 2.539 2.672 2.695 2.627 2.450 2.192 1.861 1.433 0.978 0.646 0.441 0.317 0.242
1.064 1.430 1.870 2.369 2.938 3.636 4.310 4.732 4.891 4.895 4.837 4.730 4.582 4.367 4.111 3.975 3.956 4.018 4.190 4.467 4.850 5.214 5.395 5.422 5.307 4.905 4.132 3.151 2.434 1.930 1.541 1.233 1.003 0.850 0.769 0.745 0.771 0.896 1.128 1.269 1.292 1.222 1.024 0.728 0.502 0.375 0.322 0.317 0.377 0.612 1.118 1.755 2.201 2.414 2.474 2.468 2.418 2.395 2.393 2.362 2.311 2.275 2.273 2.325 2.460 2.575 2.600 2.545 2.374 2.090 1.690 1.169 0.717 0.430 0.272 0.188 0.144
0.456 0.667 0.956 1.371 1.952 2.712 3.522 4.128 4.476 4.616 4.648 4.612 4.516 4.327 4.089 3.977 3.973 4.057 4.237 4.500 4.800 5.026 5.125 5.125 4.984 4.549 3.729 2.773 2.122 1.705 1.402 1.163 0.981 0.863 0.814 0.814 0.870 1.038 1.312 1.475 1.508 1.452 1.273 0.990 0.761 0.633 0.585 0.593 0.735 1.172 1.914 2.560 2.912 3.036 3.031 2.939 2.748 2.546 2.413 2.303 2.183 2.085 2.032 2.024 2.074 2.146 2.177 2.157 2.035 1.769 1.343 0.834 0.478 0.279 0.175 0.123 0.097
0.165 0.255 0.391 0.602 0.938 1.466 2.224 3.045 3.713 4.121 4.327 4.390 4.356 4.222 4.029 3.949 3.961 4.049 4.179 4.301 4.344 4.300 4.218 4.104 3.883 3.419 2.654 1.885 1.405 1.143 0.991 0.888 0.812 0.770 0.768 0.794 0.870 1.050 1.322 1.485 1.523 1.478 1.322 1.074 0.874 0.775 0.753 0.798 1.025 1.571 2.362 2.916 3.177 3.245 3.225 3.109 2.873 2.574 2.296 2.039 1.796 1.593 1.451 1.376 1.354 1.367 1.389 1.394 1.341 1.165 0.843 0.502 0.293 0.178 0.117 0.087 0.073
0.060 0.091 0.139 0.219 0.360 0.608 1.022 1.649 2.431 3.178 3.676 3.914 3.977 3.937 3.848 3.812 3.832 3.873 3.834 3.638 3.270 2.887 2.573 2.307 2.026 1.668 1.213 0.833 0.614 0.513 0.472 0.461 0.475 0.513 0.572 0.646 0.752 0.935 1.170 1.313 1.354 1.329 1.224 1.037 0.879 0.809 0.805 0.881 1.145 1.703 2.443 2.925 3.135 3.184 3.166 3.066 2.834 2.457 1.989 1.554 1.195 0.945 0.794 0.716 0.690 0.687 0.691 0.689 0.666 0.588 0.437 0.275 0.173 0.115 0.084 0.068 0.061
0.026 0.036 0.052 0.078 0.124 0.209 0.371 0.655 1.109 1.779 2.491 2.986 3.233 3.339 3.384 3.399 3.392 3.286 2.958 2.363 1.757 1.349 1.093 0.911 0.751 0.585 0.411 0.285 0.218 0.192 0.188 0.194 0.212 0.246 0.297 0.371 0.478 0.630 0.786 0.881 0.918 0.922 0.895 0.827 0.769 0.756 0.782 0.880 1.143 1.640 2.215 2.563 2.707 2.747 2.744 2.689 2.490 2.077 1.487 1.018 0.719 0.533 0.422 0.365 0.342 0.335 0.331 0.325 0.311 0.277 0.216 0.149 0.106 0.079 0.065 0.057 0.054
0.015 0.019 0.024 0.033 0.047 0.072 0.120 0.209 0.383 0.701 1.180 1.682 2.070 2.336 2.485 2.523 2.448 2.157 1.637 1.070 0.703 0.495 0.379 0.305 0.244 0.186 0.135 0.101 0.083 0.079 0.080 0.084 0.093 0.110 0.136 0.174 0.228 0.305 0.373 0.413 0.434 0.444 0.451 0.464 0.497 0.554 0.635 0.762 0.976 1.272 1.527 1.659 1.724 1.770 1.811 1.814 1.707 1.394 0.938 0.624 0.434 0.315 0.242 0.202 0.184 0.175 0.169 0.162 0.151 0.136 0.112 0.089 0.072 0.061 0.055 0.051 0.050
0.010 0.012 0.014 0.018 0.023 0.031 0.044 0.069 0.118 0.223 0.423 0.715 0.999 1.212 1.325 1.342 1.263 1.029 0.675 0.396 0.244 0.171 0.133 0.110 0.090 0.072 0.057 0.047 0.043 0.042 0.043 0.045 0.049 0.056 0.067 0.082 0.105 0.136 0.159 0.173 0.181 0.187 0.196 0.211 0.240 0.287 0.365 0.472 0.576 0.652 0.693 0.718 0.741 0.778 0.834 0.867 0.852 0.740 0.538 0.377 0.270 0.198 0.152 0.125 0.111 0.102 0.096 0.090 0.083 0.076 0.069 0.062 0.057 0.053 0.050 0.049 0.049
0.007 0.008 0.010 0.012 0.014 0.017 0.022 0.030 0.043 0.073 0.135 0.246 0.390 0.500 0.554 0.559 0.518 0.405 0.244 0.142 0.092 0.069 0.058 0.051 0.045 0.039 0.034 0.031 0.029 0.029 0.029 0.030 0.032 0.035 0.039 0.045 0.054 0.065 0.073 0.078 0.081 0.085 0.089 0.097 0.111 0.132 0.167 0.211 0.240 0.255 0.263 0.271 0.281 0.299 0.333 0.367 0.378 0.360 0.302 0.232 0.175 0.133 0.103 0.085 0.074 0.068 0.062 0.058 0.054 0.052 0.051 0.051 0.050 0.050 0.049 0.048 0.048
0.005 0.006 0.007 0.008 0.010 0.012 0.014 0.017 0.022 0.031 0.049 0.084 0.138 0.178 0.196 0.198 0.186 0.148 0.093 0.059 0.044 0.037 0.034 0.032 0.030 0.028 0.026 0.024 0.023 0.023 0.023 0.023 0.024 0.025 0.027 0.030 0.034 0.038 0.040 0.042 0.044 0.046 0.048 0.051 0.057 0.064 0.076 0.089 0.097 0.101 0.105 0.109 0.114 0.122 0.136 0.159 0.175 0.180 0.172 0.149 0.121 0.094 0.075 0.062 0.055 0.050 0.046 0.043 0.042 0.042 0.044 0.047 0.048 0.048 0.048 0.048 0.048
0.003 0.004 0.005 0.006 0.007 0.008 0.010 0.011 0.014 0.017 0.024 0.035 0.053 0.066 0.072 0.073 0.070 0.060 0.042 0.032 0.027 0.025 0.024 0.023 0.023 0.022 0.021 0.020 0.019 0.019 0.019 0.019 0.020 0.020 0.021 0.022 0.024 0.026 0.027 0.028 0.029 0.030 0.031 0.033 0.035 0.038 0.042 0.045 0.047 0.049 0.051 0.053 0.056 0.060 0.067 0.078 0.092 0.101 0.103 0.099 0.087 0.070 0.058 0.049 0.043 0.040 0.037 0.036 0.036 0.038 0.041 0.045 0.047 0.048 0.049 0.049 0.049
0.002 0.002 0.003 0.004 0.005 0.006 0.007 0.008 0.010 0.012 0.015 0.019 0.026 0.030 0.032 0.033 0.032 0.030 0.025 0.021 0.019 0.019 0.018 0.018 0.018 0.018 0.018 0.017 0.017 0.017 0.017 0.017 0.017 0.017 0.018 0.018 0.019 0.020 0.021 0.021 0.022 0.022 0.023 0.024 0.025 0.027 0.028 0.029 0.030 0.031 0.032 0.034 0.036 0.039 0.042 0.048 0.058 0.066 0.069 0.069 0.064 0.055 0.046 0.041 0.037 0.034 0.033 0.033 0.034 0.036 0.040 0.045 0.047 0.049 0.050 0.051 0.052
