RESULTS/r.avaflow_results/14b_results/14b_ascii/14b_hflow10057.asc
ncols 506
nrows 317
xllcenter 498237.50
yllcenter 5580050.00
cellsize 12.50
NODATA_value -9999.000
[rows 170 to 203 of 317, columns 152 to 227 of 506]
45.879 45.560 45.285 44.915 44.714 44.585 44.235 43.832 43.493 43.067 42.824 42.606 42.228 41.980 41.767 41.357 40.704 39.987 38.980 37.716 36.474 35.144 33.743 32.308 30.829 29.405 27.964 26.503 25.057 23.621 22.183 20.737 19.343 18.012 16.751 15.554 14.422 13.362 12.369 11.459 10.628 9.891 9.250 8.691 8.204 7.781 7.421 7.123 6.881 6.693 6.545 6.425 6.335 6.274 6.226 6.175 6.117 6.053 5.977 5.887 5.779 5.648 5.490 5.297 5.071 4.817 4.536 4.231 3.919 3.626 3.355 3.118 2.917 2.753 2.620 2.510
47.691 47.714 47.777 47.760 47.759 47.686 47.391 47.029 46.678 46.153 45.816 45.533 45.085 44.732 44.438 43.997 43.348 42.612 41.592 40.205 38.786 37.181 35.479 33.791 32.021 30.289 28.595 26.953 25.337 23.782 22.279 20.797 19.396 18.055 16.784 15.588 14.456 13.394 12.396 11.473 10.627 9.874 9.216 8.643 8.141 7.706 7.333 7.028 6.792 6.620 6.495 6.401 6.331 6.291 6.286 6.312 6.316 6.292 6.244 6.169 6.066 5.933 5.759 5.547 5.303 5.026 4.720 4.391 4.069 3.775 3.513 3.288 3.100 2.944 2.811 2.695
49.287 49.674 50.119 50.363 50.502 50.438 50.153 49.832 49.479 48.933 48.577 48.227 47.713 47.311 46.938 46.443 45.781 45.061 43.985 42.484 40.946 39.218 37.287 35.333 33.212 31.117 29.151 27.332 25.563 23.891 22.311 20.807 19.404 18.059 16.786 15.591 14.463 13.408 12.412 11.479 10.614 9.834 9.145 8.551 8.034 7.586 7.205 6.891 6.648 6.465 6.336 6.263 6.233 6.235 6.282 6.408 6.525 6.558 6.542 6.488 6.391 6.250 6.060 5.827 5.559 5.256 4.925 4.577 4.255 3.967 3.714 3.497 3.313 3.156 3.015 2.886
50.210 50.988 51.731 52.222 52.491 52.476 52.250 52.006 51.748 51.202 50.833 50.509 49.975 49.524 49.130 48.548 47.818 47.046 45.870 44.282 42.672 40.813 38.698 36.532 34.156 31.793 29.577 27.582 25.696 23.940 22.321 20.799 19.373 18.034 16.762 15.569 14.453 13.411 12.423 11.480 10.589 9.765 9.032 8.399 7.857 7.402 7.017 6.666 6.353 6.093 5.926 5.864 5.869 5.945 6.132 6.433 6.711 6.857 6.884 6.847 6.751 6.598 6.389 6.134 5.840 5.512 5.156 4.801 4.483 4.202 3.953 3.737 3.549 3.381 3.227 3.081
50.669 51.649 52.575 53.316 53.763 53.762 53.630 53.513 53.372 52.998 52.683 52.352 51.796 51.252 50.802 50.178 49.355 48.503 47.335 45.684 43.949 42.042 39.829 37.469 34.848 32.280 29.902 27.738 25.767 23.955 22.298 20.742 19.288 17.931 16.658 15.494 14.409 13.392 12.427 11.489 10.574 9.686 8.875 8.173 7.585 7.089 6.629 6.170 5.748 5.410 5.214 5.156 5.203 5.417 5.836 6.401 6.865 7.151 7.255 7.232 7.132 6.965 6.739 6.464 6.149 5.799 5.424 5.070 4.756 4.477 4.225 4.002 3.800 3.615 3.445 3.280
50.894 51.867 52.907 53.784 54.407 54.543 54.583 54.577 54.527 54.338 54.080 53.839 53.331 52.696 52.041 51.284 50.472 49.592 48.400 46.750 44.992 42.927 40.521 38.056 35.269 32.547 30.032 27.776 25.781 23.952 22.246 20.622 19.121 17.738 16.480 15.339 14.290 13.322 12.408 11.496 10.566 9.613 8.680 7.851 7.125 6.461 5.834 5.256 4.791 4.494 4.380 4.420 4.632 5.060 5.694 6.429 7.023 7.422 7.592 7.586 7.490 7.322 7.099 6.818 6.489 6.123 5.741 5.389 5.074 4.788 4.527 4.288 4.070 3.864 3.672 3.485
50.734 51.659 52.728 53.676 54.445 54.751 54.897 54.977 55.002 54.883 54.712 54.555 53.948 53.192 52.552 51.774 50.888 50.027 48.862 47.224 45.497 43.367 40.898 38.314 35.431 32.659 30.083 27.799 25.751 23.859 22.098 20.430 18.893 17.480 16.209 15.065 14.042 13.146 12.319 11.461 10.541 9.512 8.405 7.339 6.350 5.438 4.670 4.142 3.860 3.760 3.800 3.998 4.395 4.966 5.693 6.523 7.216 7.687 7.896 7.903 7.822 7.676 7.468 7.194 6.866 6.498 6.115 5.762 5.438 5.141 4.863 4.606 4.364 4.134 3.914 3.705
50.339 51.265 52.352 53.383 54.239 54.636 54.901 55.059 55.098 54.960 54.785 54.621 54.027 53.267 52.611 51.798 50.906 50.039 48.894 47.305 45.593 43.464 40.939 38.325 35.430 32.622 30.045 27.735 25.639 23.693 21.886 20.179 18.604 17.145 15.805 14.615 13.587 12.687 11.849 10.956 9.989 8.868 7.611 6.354 5.202 4.286 3.692 3.384 3.281 3.314 3.497 3.864 4.383 5.038 5.848 6.741 7.479 7.973 8.186 8.202 8.148 8.033 7.850 7.596 7.290 6.933 6.550 6.189 5.852 5.536 5.239 4.957 4.688 4.428 4.180 3.944
49.414 50.336 51.487 52.625 53.510 54.019 54.439 54.646 54.617 54.500 54.337 54.202 53.803 53.026 52.244 51.502 50.633 49.706 48.516 47.016 45.410 43.408 40.910 38.246 35.287 32.442 29.824 27.455 25.322 23.365 21.552 19.831 18.216 16.682 15.241 13.910 12.661 11.458 10.318 9.196 8.104 6.952 5.772 4.706 3.884 3.361 3.081 2.980 2.996 3.110 3.401 3.883 4.535 5.350 6.259 7.130 7.823 8.281 8.483 8.504 8.477 8.397 8.251 8.034 7.755 7.420 7.046 6.671 6.317 5.979 5.659 5.348 5.047 4.753 4.474 4.210
48.247 49.228 50.375 51.545 52.461 53.062 53.475 53.694 53.713 53.650 53.457 53.235 52.813 52.105 51.331 50.585 49.833 48.995 47.860 46.349 44.712 42.698 40.305 37.687 34.731 31.888 29.259 26.913 24.798 22.852 21.044 19.350 17.703 16.069 14.412 12.685 10.871 9.081 7.472 6.126 5.057 4.219 3.591 3.149 2.873 2.736 2.708 2.761 2.869 3.059 3.438 4.073 4.958 5.984 6.923 7.691 8.269 8.637 8.806 8.841 8.832 8.782 8.676 8.501 8.249 7.940 7.590 7.211 6.837 6.475 6.125 5.783 5.447 5.119 4.807 4.514
47.034 47.987 49.139 50.322 51.226 51.918 52.248 52.522 52.648 52.583 52.418 52.137 51.665 51.083 50.355 49.432 48.568 47.625 46.555 45.123 43.544 41.563 39.212 36.611 33.671 30.938 28.418 26.145 24.044 22.092 20.252 18.486 16.692 14.826 12.789 10.499 8.112 6.080 4.612 3.616 2.971 2.578 2.366 2.282 2.282 2.355 2.484 2.654 2.847 3.136 3.685 4.557 5.729 6.900 7.787 8.411 8.832 9.090 9.209 9.246 9.244 9.211 9.130 8.987 8.768 8.492 8.166 7.797 7.408 7.021 6.639 6.263 5.894 5.535 5.185 4.859
45.603 46.507 47.583 48.650 49.547 50.264 50.587 50.920 51.097 51.114 50.920 50.549 50.187 49.727 48.980 47.984 47.031 45.996 44.875 43.495 41.880 39.913 37.540 34.900 32.082 29.550 27.215 25.063 22.976 20.872 18.702 16.532 14.365 12.146 9.784 7.351 5.320 3.899 2.957 2.380 2.064 1.922 1.883 1.910 2.003 2.172 2.399 2.657 2.982 3.489 4.296 5.442 6.824 7.998 8.796 9.274 9.542 9.693 9.751 9.770 9.754 9.711 9.630 9.493 9.296 9.046 8.734 8.376 7.994 7.595 7.191 6.780 6.372 5.975 5.590 5.234
43.994 44.826 45.753 46.672 47.540 48.274 48.641 49.097 49.437 49.480 49.258 48.930 48.577 48.009 47.245 46.278 45.172 44.003 42.795 41.369 39.615 37.573 35.165 32.481 29.846 27.554 25.415 23.230 20.857 18.191 15.402 12.716 10.237 7.998 6.107 4.605 3.486 2.711 2.216 1.921 1.773 1.726 1.731 1.786 1.921 2.148 2.468 2.901 3.497 4.316 5.400 6.773 8.183 9.257 9.947 10.302 10.450 10.504 10.494 10.462 10.391 10.304 10.191 10.035 9.833 9.582 9.276 8.924 8.540 8.135 7.709 7.259 6.805 6.367 5.956 5.573
42.385 43.084 43.828 44.616 45.423 46.244 46.771 47.289 47.661 47.693 47.516 47.207 46.841 46.016 45.064 44.028 42.778 41.510 40.209 38.634 36.800 34.693 32.223 29.361 26.603 24.082 21.647 18.978 15.984 12.815 9.914 7.582 5.836 4.549 3.629 2.984 2.533 2.206 1.964 1.798 1.714 1.692 1.709 1.802 2.013 2.388 2.944 3.681 4.608 5.739 7.075 8.531 9.790 10.687 11.252 11.523 11.595 11.579 11.491 11.353 11.182 11.006 10.820 10.618 10.385 10.112 9.799 9.446 9.057 8.627 8.161 7.660 7.165 6.696 6.261 5.857
40.790 41.287 41.905 42.509 43.090 43.772 44.367 44.889 45.225 45.230 45.121 44.842 44.413 43.481 42.400 41.253 39.927 38.512 37.107 35.387 33.396 30.848 27.920 24.736 21.554 18.378 15.284 12.246 9.477 7.177 5.418 4.166 3.307 2.758 2.442 2.269 2.151 2.039 1.904 1.787 1.735 1.749 1.855 2.105 2.547 3.216 4.106 5.178 6.414 7.808 9.289 10.651 11.668 12.319 12.699 12.851 12.833 12.696 12.490 12.257 12.020 11.771 11.517 11.247 10.961 10.656 10.321 9.952 9.542 9.070 8.534 7.969 7.441 6.948 6.498 6.083
39.068 39.454 39.824 40.229 40.638 41.071 41.470 41.855 42.109 42.084 41.976 41.692 41.244 40.369 39.150 37.834 36.410 34.784 33.128 31.024 28.420 25.112 21.617 18.342 15.278 12.376 9.710 7.420 5.618 4.289 3.374 2.765 2.383 2.175 2.089 2.065 2.052 2.016 1.943 1.895 1.940 2.111 2.456 3.005 3.782 4.801 6.036 7.411 8.898 10.434 11.834 12.898 13.569 13.906 14.030 13.974 13.778 13.498 13.223 12.960 12.711 12.434 12.164 11.876 11.559 11.218 10.856 10.454 9.991 9.450 8.814 8.188 7.630 7.125 6.670 6.256
37.253 37.538 37.714 37.879 38.077 38.243 38.350 38.512 38.630 38.557 38.372 38.020 37.465 36.496 35.193 33.636 31.886 29.974 27.864 25.185 21.991 18.739 15.792 13.144 10.753 8.588 6.724 5.251 4.164 3.388 2.841 2.462 2.225 2.105 2.067 2.073 2.108 2.158 2.221 2.342 2.605 3.072 3.763 4.668 5.792 7.136 8.671 10.268 11.803 13.135 14.157 14.812 15.129 15.201 15.060 14.735 14.347 14.000 13.720 13.470 13.246 12.988 12.725 12.425 12.102 11.755 11.370 10.925 10.391 9.744 9.008 8.333 7.747 7.238 6.789 6.383
35.290 35.374 35.324 35.207 35.133 35.061 34.909 34.776 34.661 34.417 34.040 33.535 32.845 31.744 30.156 28.069 25.737 23.463 21.210 18.878 16.437 14.034 11.853 9.908 8.216 6.786 5.608 4.657 3.895 3.286 2.821 2.503 2.330 2.275 2.302 2.388 2.538 2.755 3.042 3.433 4.008 4.821 5.863 7.091 8.501 10.088 11.704 13.173 14.412 15.381 16.020 16.313 16.347 16.137 15.684 15.122 14.645 14.298 14.034 13.816 13.616 13.389 13.157 12.878 12.581 12.247 11.844 11.347 10.718 9.946 9.125 8.411 7.806 7.297 6.857 6.469
32.972 32.786 32.525 32.166 31.894 31.644 31.312 30.900 30.475 29.932 29.221 28.304 27.151 25.653 23.757 21.542 19.351 17.400 15.684 14.063 12.461 10.899 9.478 8.235 7.156 6.220 5.390 4.631 3.967 3.450 3.104 2.925 2.878 2.944 3.101 3.342 3.670 4.107 4.671 5.377 6.275 7.400 8.729 10.163 11.626 13.082 14.414 15.579 16.497 17.101 17.372 17.382 17.141 16.632 15.928 15.269 14.762 14.424 14.181 14.002 13.837 13.656 13.461 13.238 12.992 12.678 12.259 11.689 10.957 10.071 9.187 8.441 7.823 7.314 6.888 6.519
30.294 29.901 29.517 28.995 28.546 28.107 27.597 26.946 26.131 25.119 23.921 22.533 21.069 19.569 17.932 16.163 14.462 13.003 11.832 10.840 9.939 9.102 8.318 7.568 6.838 6.132 5.473 4.897 4.429 4.107 3.964 3.978 4.106 4.348 4.693 5.133 5.676 6.355 7.196 8.209 9.379 10.666 11.988 13.236 14.407 15.518 16.508 17.345 17.944 18.241 18.236 17.978 17.460 16.758 15.950 15.285 14.780 14.444 14.209 14.048 13.924 13.804 13.675 13.522 13.326 13.022 12.570 11.927 11.105 10.131 9.210 8.445 7.820 7.311 6.891 6.537
27.409 26.798 26.190 25.576 24.997 24.412 23.741 22.846 21.610 20.037 18.383 16.921 15.692 14.572 13.436 12.247 11.044 10.074 9.401 8.942 8.572 8.224 7.832 7.362 6.837 6.369 5.988 5.695 5.502 5.430 5.521 5.754 6.115 6.588 7.158 7.817 8.582 9.470 10.472 11.528 12.571 13.616 14.661 15.641 16.516 17.291 17.942 18.463 18.774 18.839 18.629 18.156 17.509 16.728 15.903 15.240 14.743 14.403 14.171 14.016 13.918 13.858 13.808 13.731 13.570 13.259 12.760 12.060 11.179 10.152 9.207 8.428 7.793 7.283 6.874 6.534
24.245 23.430 22.669 21.941 21.174 20.295 19.161 17.708 16.002 14.321 13.007 12.075 11.393 10.813 10.220 9.575 8.872 8.360 8.077 7.962 7.922 7.855 7.707 7.467 7.254 7.145 7.116 7.142 7.248 7.453 7.788 8.258 8.882 9.614 10.352 11.075 11.792 12.556 13.369 14.192 14.974 15.754 16.532 17.242 17.840 18.340 18.710 18.961 19.037 18.974 18.669 18.141 17.471 16.625 15.789 15.114 14.599 14.250 14.019 13.898 13.855 13.862 13.868 13.842 13.705 13.368 12.840 12.112 11.205 10.154 9.176 8.367 7.716 7.204 6.809 6.499
20.709 19.727 18.743 17.678 16.480 15.109 13.591 12.106 10.793 9.798 9.125 8.730 8.505 8.337 8.146 7.887 7.579 7.396 7.346 7.456 7.668 7.820 7.925 8.051 8.254 8.531 8.872 9.235 9.632 10.109 10.688 11.328 12.008 12.672 13.257 13.783 14.296 14.853 15.434 16.008 16.544 17.080 17.587 18.026 18.394 18.696 18.902 19.011 19.005 18.886 18.559 18.032 17.326 16.435 15.563 14.857 14.319 13.952 13.720 13.629 13.641 13.724 13.771 13.750 13.619 13.302 12.790 12.087 11.189 10.120 9.086 8.239 7.561 7.036 6.645 6.368
17.047 15.797 14.508 13.225 11.945 10.644 9.391 8.347 7.587 7.131 6.935 6.915 6.957 6.967 6.935 6.849 6.766 6.802 6.995 7.331 7.728 8.160 8.660 9.233 9.850 10.504 11.185 11.866 12.503 13.089 13.650 14.157 14.641 15.098 15.486 15.807 16.127 16.446 16.773 17.091 17.391 17.704 17.987 18.229 18.468 18.679 18.808 18.846 18.801 18.638 18.304 17.782 17.052 16.143 15.219 14.464 13.877 13.458 13.200 13.061 13.009 13.010 12.981 12.925 12.810 12.616 12.248 11.694 10.916 9.928 8.879 8.003 7.296 6.746 6.340 6.071
13.835 12.533 11.213 9.977 8.865 7.845 6.984 6.374 6.042 5.939 5.994 6.111 6.196 6.222 6.219 6.200 6.283 6.568 7.020 7.602 8.300 9.097 10.011 11.019 12.019 12.984 13.865 14.630 15.221 15.694 16.083 16.390 16.657 16.905 17.095 17.237 17.377 17.475 17.580 17.685 17.806 17.938 18.067 18.217 18.387 18.500 18.544 18.523 18.433 18.243 17.882 17.350 16.620 15.705 14.733 13.903 13.239 12.708 12.301 11.944 11.620 11.351 11.163 11.076 11.024 11.004 10.914 10.665 10.164 9.414 8.497 7.631 6.905 6.322 5.887 5.608
11.035 9.850 8.747 7.770 6.947 6.289 5.844 5.612 5.544 5.574 5.654 5.724 5.751 5.753 5.759 5.843 6.135 6.709 7.513 8.481 9.557 10.728 12.010 13.325 14.489 15.456 16.229 16.880 17.355 17.680 17.883 17.983 18.032 18.072 18.103 18.115 18.111 18.078 18.056 18.033 18.025 18.018 18.047 18.104 18.157 18.165 18.131 18.045 17.896 17.659 17.259 16.700 15.960 15.055 14.055 13.122 12.305 11.535 10.788 10.016 9.270 8.686 8.363 8.277 8.314 8.494 8.804 8.980 8.861 8.484 7.866 7.118 6.388 5.774 5.298 4.993
8.662 7.778 7.015 6.388 5.922 5.625 5.488 5.452 5.459 5.481 5.503 5.503 5.488 5.479 5.535 5.774 6.365 7.386 8.702 10.103 11.536 12.989 14.359 15.576 16.587 17.399 18.016 18.491 18.824 18.992 19.006 18.900 18.744 18.619 18.560 18.511 18.462 18.400 18.324 18.243 18.133 18.027 17.950 17.868 17.777 17.671 17.542 17.364 17.125 16.809 16.369 15.786 15.036 14.140 13.124 12.055 10.966 9.792 8.576 7.421 6.491 5.900 5.641 5.610 5.706 5.994 6.511 6.953 7.140 7.129 6.900 6.417 5.775 5.135 4.614 4.255
6.923 6.380 5.976 5.699 5.542 5.470 5.449 5.447 5.448 5.447 5.433 5.399 5.370 5.379 5.527 6.048 7.146 8.827 10.652 12.305 13.772 15.107 16.276 17.290 18.101 18.725 19.179 19.472 19.609 19.611 19.484 19.272 19.004 18.819 18.731 18.660 18.616 18.575 18.487 18.354 18.161 17.958 17.740 17.496 17.250 16.999 16.741 16.460 16.124 15.717 15.216 14.601 13.848 12.946 11.884 10.676 9.341 7.892 6.520 5.372 4.528 4.036 3.860 3.862 3.983 4.282 4.790 5.285 5.562 5.654 5.648 5.467 5.043 4.457 3.896 3.466
5.794 5.562 5.453 5.434 5.453 5.462 5.462 5.461 5.456 5.442 5.417 5.382 5.366 5.447 5.843 6.834 8.602 10.802 12.622 14.090 15.392 16.557 17.544 18.348 18.955 19.401 19.708 19.851 19.852 19.775 19.625 19.417 19.139 18.898 18.766 18.697 18.683 18.656 18.563 18.380 18.120 17.772 17.364 16.931 16.520 16.127 15.732 15.320 14.878 14.393 13.839 13.196 12.448 11.553 10.520 9.354 8.021 6.538 5.205 4.150 3.417 2.997 2.837 2.833 2.929 3.162 3.549 3.959 4.225 4.345 4.368 4.328 4.132 3.723 3.198 2.733
5.122 5.093 5.181 5.332 5.435 5.482 5.499 5.503 5.498 5.485 5.466 5.462 5.534 5.842 6.641 8.101 10.175 12.264 13.838 15.131 16.292 17.304 18.122 18.751 19.211 19.558 19.780 19.859 19.848 19.789 19.676 19.485 19.211 18.910 18.730 18.660 18.677 18.658 18.556 18.316 17.937 17.396 16.770 16.146 15.580 15.048 14.551 14.043 13.520 12.963 12.368 11.740 11.043 10.240 9.322 8.281 7.075 5.716 4.526 3.600 2.944 2.526 2.305 2.235 2.268 2.392 2.616 2.877 3.062 3.157 3.178 3.164 3.086 2.867 2.478 2.029
4.640 4.772 5.054 5.314 5.468 5.557 5.597 5.614 5.623 5.629 5.651 5.736 6.016 6.666 7.746 9.216 11.086 12.927 14.357 15.543 16.598 17.500 18.218 18.770 19.185 19.492 19.672 19.755 19.779 19.761 19.685 19.513 19.233 18.863 18.598 18.451 18.389 18.302 18.146 17.849 17.371 16.707 15.933 15.144 14.436 13.787 13.208 12.650 12.102 11.546 10.973 10.388 9.764 9.083 8.308 7.419 6.396 5.250 4.229 3.407 2.779 2.324 2.017 1.844 1.782 1.794 1.865 1.974 2.046 2.075 2.066 2.036 1.972 1.853 1.637 1.327
4.284 4.619 5.055 5.389 5.613 5.736 5.788 5.829 5.861 5.909 6.016 6.269 6.752 7.498 8.493 9.762 11.363 13.048 14.436 15.604 16.626 17.475 18.150 18.643 19.008 19.261 19.440 19.565 19.658 19.691 19.664 19.524 19.218 18.750 18.279 17.899 17.605 17.349 17.081 16.742 16.243 15.569 14.765 13.885 13.074 12.360 11.741 11.179 10.658 10.153 9.640 9.126 8.588 8.017 7.381 6.658 5.832 4.902 4.029 3.288 2.680 2.195 1.821 1.551 1.381 1.286 1.240 1.227 1.208 1.177 1.139 1.097 1.046 0.978 0.877 0.730
4.140 4.645 5.185 5.612 5.897 6.030 6.078 6.128 6.187 6.288 6.477 6.803 7.272 7.905 8.744 9.868 11.332 12.975 14.387 15.579 16.583 17.375 17.966 18.387 18.674 18.872 19.029 19.190 19.364 19.474 19.489 19.364 19.010 18.420 17.699 16.974 16.339 15.843 15.419 15.026 14.561 13.973 13.245 12.401 11.572 10.828 10.186 9.646 9.184 8.758 8.336 7.917 7.481 7.016 6.507 5.939 5.296 4.574 3.845 3.177 2.584 2.074 1.648 1.306 1.046 0.863 0.742 0.662 0.600 0.546 0.503 0.470 0.440 0.411 0.376 0.326
4.179 4.829 5.439 5.881 6.155 6.276 6.324 6.374 6.449 6.578 6.791 7.088 7.476 8.008 8.764 9.809 11.157 12.749 14.245 15.485 16.463 17.191 17.679 18.004 18.182 18.310 18.405 18.511 18.623 18.704 18.692 18.558 18.224 17.625 16.751 15.649 14.612 13.839 13.268 12.817 12.405 11.938 11.367 10.672 9.920 9.211 8.604 8.108 7.709 7.376 7.058 6.737 6.396 6.035 5.650 5.232 4.766 4.241 3.665 3.074 2.492 1.950 1.473 1.074 0.761 0.538 0.395 0.305 0.244 0.202 0.175 0.158 0.146 0.137 0.129 0.118
