RESULTS/r.avaflow_results/14b_results/14b_ascii/14b_hflow30072.asc
ncols 506
nrows 317
xllcenter 498237.50
yllcenter 5580050.00
cellsize 12.50
NODATA_value -9999.000
[rows 170 to 203 of 317, columns 154 to 230 of 506]
0.075 0.075 0.076 0.075 0.075 0.075 0.075 0.076 0.076 0.076 0.076 0.076 0.075 0.073 0.070 0.067 0.065 0.064 0.063 0.062 0.062 0.061 0.061 0.061 0.062 0.063 0.064 0.067 0.070 0.074 0.080 0.088 0.097 0.109 0.124 0.141 0.160 0.182 0.205 0.230 0.255 0.282 0.311 0.337 0.362 0.384 0.403 0.421 0.434 0.442 0.444 0.443 0.443 0.444 0.448 0.458 0.474 0.500 0.535 0.572 0.602 0.630 0.659 0.691 0.726 0.769 0.827 0.904 1.005 1.122 1.231 1.331 1.422 1.499 1.563 1.613 1.659
0.069 0.070 0.069 0.069 0.069 0.069 0.070 0.070 0.070 0.070 0.070 0.069 0.067 0.065 0.062 0.059 0.058 0.057 0.056 0.055 0.055 0.055 0.055 0.056 0.056 0.058 0.060 0.064 0.068 0.073 0.080 0.088 0.099 0.111 0.125 0.142 0.161 0.183 0.206 0.230 0.255 0.282 0.309 0.332 0.350 0.364 0.374 0.382 0.387 0.388 0.388 0.387 0.388 0.389 0.396 0.410 0.431 0.460 0.494 0.525 0.552 0.578 0.606 0.636 0.670 0.714 0.774 0.858 0.966 1.092 1.215 1.329 1.436 1.537 1.622 1.686 1.739
0.062 0.062 0.062 0.062 0.062 0.062 0.062 0.062 0.062 0.062 0.061 0.060 0.058 0.055 0.052 0.050 0.049 0.048 0.048 0.048 0.048 0.048 0.049 0.049 0.051 0.053 0.056 0.060 0.065 0.072 0.079 0.088 0.099 0.112 0.126 0.143 0.162 0.183 0.206 0.229 0.253 0.278 0.300 0.316 0.326 0.330 0.330 0.324 0.318 0.314 0.313 0.313 0.314 0.319 0.331 0.352 0.383 0.418 0.452 0.482 0.508 0.535 0.563 0.593 0.628 0.674 0.736 0.820 0.925 1.049 1.182 1.312 1.435 1.546 1.642 1.720 1.786
0.053 0.053 0.053 0.053 0.053 0.053 0.053 0.052 0.052 0.051 0.050 0.048 0.046 0.043 0.041 0.040 0.039 0.039 0.039 0.039 0.040 0.040 0.042 0.044 0.046 0.049 0.052 0.056 0.061 0.068 0.077 0.087 0.099 0.112 0.126 0.143 0.162 0.183 0.205 0.226 0.246 0.264 0.278 0.285 0.287 0.282 0.267 0.248 0.234 0.229 0.229 0.230 0.236 0.247 0.266 0.297 0.337 0.378 0.413 0.443 0.471 0.498 0.527 0.560 0.600 0.651 0.715 0.796 0.894 1.005 1.130 1.272 1.414 1.537 1.639 1.727 1.810
0.041 0.042 0.042 0.042 0.042 0.041 0.041 0.041 0.040 0.039 0.038 0.037 0.035 0.034 0.033 0.032 0.032 0.031 0.031 0.032 0.033 0.034 0.036 0.039 0.041 0.045 0.049 0.053 0.058 0.065 0.074 0.084 0.096 0.110 0.126 0.143 0.162 0.182 0.201 0.218 0.230 0.238 0.242 0.239 0.230 0.213 0.192 0.175 0.167 0.165 0.165 0.169 0.179 0.194 0.218 0.254 0.300 0.342 0.378 0.410 0.440 0.470 0.501 0.538 0.584 0.639 0.706 0.783 0.873 0.973 1.086 1.221 1.375 1.510 1.621 1.720 1.819
0.030 0.031 0.031 0.031 0.031 0.031 0.031 0.031 0.031 0.030 0.029 0.028 0.027 0.026 0.026 0.025 0.025 0.025 0.025 0.026 0.027 0.029 0.031 0.034 0.037 0.041 0.045 0.050 0.055 0.062 0.071 0.081 0.094 0.109 0.124 0.141 0.161 0.179 0.193 0.201 0.205 0.202 0.194 0.179 0.162 0.145 0.132 0.123 0.120 0.120 0.122 0.129 0.142 0.160 0.187 0.223 0.269 0.312 0.349 0.383 0.416 0.449 0.484 0.526 0.577 0.636 0.703 0.779 0.863 0.957 1.066 1.195 1.344 1.480 1.598 1.708 1.819
0.022 0.022 0.023 0.023 0.023 0.023 0.023 0.023 0.023 0.023 0.022 0.022 0.021 0.020 0.020 0.020 0.020 0.020 0.020 0.021 0.022 0.024 0.026 0.030 0.033 0.037 0.041 0.046 0.053 0.060 0.068 0.079 0.091 0.105 0.120 0.137 0.155 0.169 0.175 0.176 0.171 0.160 0.142 0.123 0.108 0.097 0.091 0.088 0.088 0.090 0.096 0.106 0.121 0.142 0.168 0.202 0.244 0.286 0.324 0.362 0.398 0.436 0.476 0.523 0.577 0.636 0.704 0.779 0.862 0.954 1.062 1.186 1.328 1.466 1.586 1.701 1.821
0.016 0.016 0.017 0.017 0.017 0.017 0.017 0.017 0.017 0.017 0.017 0.016 0.016 0.016 0.015 0.015 0.016 0.016 0.016 0.017 0.018 0.020 0.022 0.025 0.029 0.033 0.037 0.043 0.050 0.057 0.066 0.076 0.088 0.100 0.113 0.126 0.138 0.144 0.143 0.137 0.126 0.112 0.096 0.083 0.073 0.067 0.065 0.065 0.067 0.073 0.083 0.096 0.112 0.133 0.158 0.189 0.226 0.265 0.304 0.344 0.385 0.428 0.474 0.524 0.579 0.639 0.707 0.782 0.864 0.956 1.062 1.185 1.320 1.457 1.583 1.704 1.828
0.012 0.012 0.012 0.012 0.013 0.013 0.013 0.013 0.013 0.013 0.012 0.012 0.012 0.012 0.012 0.012 0.012 0.012 0.013 0.013 0.014 0.016 0.018 0.021 0.024 0.028 0.033 0.039 0.046 0.054 0.064 0.073 0.082 0.090 0.097 0.102 0.101 0.097 0.090 0.083 0.076 0.069 0.063 0.057 0.052 0.050 0.049 0.050 0.055 0.064 0.076 0.092 0.110 0.130 0.154 0.181 0.214 0.250 0.288 0.329 0.374 0.423 0.474 0.528 0.585 0.647 0.715 0.788 0.869 0.961 1.066 1.186 1.317 1.455 1.586 1.715 1.846
0.009 0.009 0.009 0.009 0.010 0.010 0.010 0.010 0.010 0.010 0.009 0.009 0.009 0.009 0.009 0.009 0.009 0.010 0.010 0.011 0.011 0.013 0.014 0.017 0.020 0.024 0.029 0.035 0.042 0.051 0.059 0.067 0.072 0.074 0.073 0.067 0.059 0.053 0.048 0.044 0.042 0.041 0.040 0.040 0.039 0.039 0.040 0.042 0.049 0.060 0.074 0.091 0.110 0.130 0.152 0.177 0.206 0.240 0.276 0.318 0.365 0.419 0.475 0.533 0.594 0.658 0.726 0.798 0.879 0.970 1.075 1.191 1.320 1.459 1.596 1.734 1.875
0.007 0.007 0.007 0.007 0.007 0.007 0.008 0.008 0.008 0.007 0.007 0.007 0.007 0.007 0.007 0.007 0.007 0.008 0.008 0.008 0.009 0.010 0.012 0.014 0.017 0.020 0.025 0.031 0.038 0.045 0.051 0.055 0.055 0.052 0.047 0.039 0.033 0.028 0.025 0.024 0.024 0.025 0.027 0.028 0.030 0.032 0.035 0.039 0.048 0.059 0.074 0.091 0.110 0.130 0.151 0.175 0.203 0.234 0.270 0.311 0.360 0.415 0.475 0.537 0.601 0.669 0.739 0.812 0.892 0.982 1.087 1.205 1.334 1.474 1.619 1.769 1.920
0.006 0.006 0.006 0.006 0.006 0.006 0.006 0.006 0.006 0.006 0.006 0.006 0.006 0.006 0.006 0.006 0.006 0.006 0.007 0.007 0.007 0.008 0.009 0.011 0.013 0.017 0.021 0.026 0.030 0.034 0.036 0.036 0.034 0.032 0.027 0.022 0.018 0.016 0.015 0.015 0.016 0.017 0.019 0.022 0.025 0.028 0.033 0.039 0.048 0.059 0.074 0.091 0.110 0.130 0.152 0.175 0.202 0.232 0.267 0.308 0.357 0.412 0.473 0.539 0.606 0.676 0.749 0.824 0.905 0.996 1.103 1.228 1.364 1.509 1.663 1.824 1.989
0.005 0.005 0.005 0.005 0.005 0.005 0.005 0.005 0.005 0.005 0.005 0.005 0.005 0.005 0.005 0.005 0.005 0.005 0.005 0.005 0.006 0.006 0.007 0.008 0.010 0.013 0.016 0.018 0.020 0.020 0.020 0.020 0.019 0.017 0.015 0.013 0.012 0.011 0.011 0.011 0.012 0.013 0.016 0.019 0.023 0.028 0.033 0.040 0.049 0.060 0.074 0.091 0.110 0.131 0.153 0.176 0.202 0.232 0.267 0.308 0.356 0.410 0.471 0.538 0.608 0.682 0.758 0.837 0.921 1.016 1.129 1.262 1.412 1.572 1.735 1.902 2.079
0.004 0.004 0.004 0.004 0.004 0.004 0.004 0.004 0.004 0.004 0.004 0.004 0.004 0.004 0.004 0.004 0.004 0.004 0.004 0.004 0.004 0.005 0.005 0.006 0.007 0.008 0.009 0.010 0.010 0.010 0.010 0.010 0.009 0.009 0.009 0.009 0.008 0.008 0.009 0.009 0.010 0.012 0.015 0.018 0.023 0.029 0.036 0.043 0.052 0.063 0.076 0.091 0.110 0.131 0.154 0.179 0.205 0.234 0.269 0.309 0.356 0.409 0.470 0.538 0.610 0.687 0.769 0.853 0.943 1.049 1.173 1.319 1.483 1.652 1.818 1.983 2.156
0.003 0.003 0.003 0.003 0.003 0.003 0.003 0.003 0.003 0.003 0.003 0.003 0.003 0.003 0.003 0.003 0.003 0.003 0.003 0.003 0.003 0.003 0.003 0.004 0.004 0.004 0.005 0.005 0.005 0.005 0.004 0.005 0.005 0.005 0.006 0.006 0.007 0.007 0.007 0.008 0.010 0.012 0.015 0.020 0.026 0.032 0.039 0.047 0.056 0.067 0.079 0.094 0.112 0.134 0.157 0.182 0.209 0.239 0.273 0.312 0.358 0.411 0.470 0.538 0.612 0.693 0.781 0.873 0.974 1.094 1.231 1.382 1.544 1.712 1.878 2.046 2.219
0.003 0.003 0.003 0.003 0.003 0.003 0.003 0.003 0.003 0.003 0.003 0.003 0.002 0.002 0.002 0.003 0.003 0.002 0.002 0.002 0.002 0.002 0.002 0.002 0.002 0.002 0.002 0.002 0.002 0.002 0.002 0.003 0.003 0.004 0.004 0.005 0.006 0.006 0.007 0.009 0.011 0.014 0.018 0.023 0.029 0.036 0.044 0.052 0.061 0.072 0.085 0.100 0.117 0.138 0.162 0.188 0.216 0.247 0.282 0.321 0.366 0.418 0.477 0.544 0.620 0.705 0.800 0.903 1.014 1.135 1.271 1.419 1.576 1.744 1.917 2.094 2.270
0.002 0.002 0.002 0.002 0.002 0.002 0.002 0.002 0.002 0.002 0.002 0.002 0.002 0.002 0.002 0.002 0.002 0.002 0.002 0.002 0.002 0.002 0.002 0.002 0.001 0.001 0.001 0.001 0.002 0.002 0.002 0.002 0.003 0.003 0.004 0.005 0.006 0.007 0.008 0.010 0.013 0.017 0.021 0.027 0.034 0.041 0.048 0.057 0.067 0.080 0.094 0.110 0.127 0.148 0.171 0.197 0.225 0.258 0.295 0.336 0.383 0.436 0.495 0.563 0.640 0.728 0.828 0.934 1.044 1.164 1.294 1.437 1.590 1.757 1.940 2.130 2.309
0.002 0.002 0.002 0.002 0.002 0.002 0.002 0.002 0.002 0.002 0.002 0.002 0.002 0.002 0.001 0.001 0.001 0.001 0.001 0.001 0.001 0.001 0.001 0.001 0.001 0.001 0.001 0.001 0.001 0.001 0.002 0.002 0.003 0.003 0.004 0.005 0.006 0.008 0.010 0.013 0.016 0.020 0.025 0.031 0.038 0.045 0.054 0.064 0.076 0.091 0.106 0.124 0.142 0.163 0.185 0.211 0.240 0.275 0.316 0.362 0.412 0.467 0.528 0.597 0.674 0.760 0.854 0.954 1.061 1.179 1.305 1.441 1.592 1.761 1.955 2.159 2.336
0.002 0.002 0.002 0.002 0.002 0.002 0.002 0.002 0.002 0.002 0.001 0.001 0.001 0.001 0.001 0.001 0.001 0.001 0.001 0.001 0.001 0.001 0.001 0.001 0.001 0.001 0.001 0.001 0.001 0.002 0.002 0.002 0.003 0.004 0.005 0.006 0.008 0.010 0.012 0.016 0.020 0.024 0.030 0.036 0.043 0.051 0.062 0.074 0.088 0.104 0.121 0.138 0.156 0.176 0.198 0.225 0.256 0.294 0.339 0.387 0.440 0.498 0.561 0.630 0.703 0.782 0.867 0.963 1.067 1.181 1.305 1.440 1.591 1.761 1.963 2.172 2.347
0.001 0.001 0.002 0.002 0.002 0.002 0.002 0.001 0.001 0.001 0.001 0.001 0.001 0.001 0.001 0.001 0.001 0.001 0.001 0.001 0.001 0.001 0.001 0.001 0.001 0.001 0.001 0.001 0.002 0.002 0.002 0.003 0.004 0.005 0.006 0.008 0.010 0.013 0.016 0.020 0.024 0.029 0.035 0.042 0.050 0.060 0.072 0.086 0.101 0.115 0.130 0.147 0.165 0.184 0.206 0.233 0.266 0.305 0.351 0.402 0.457 0.515 0.578 0.646 0.716 0.789 0.871 0.964 1.068 1.180 1.301 1.433 1.581 1.753 1.956 2.167 2.343
0.001 0.001 0.001 0.001 0.001 0.001 0.001 0.001 0.001 0.001 0.001 0.001 0.001 0.001 0.001 0.001 0.001 0.001 0.001 0.001 0.001 0.001 0.001 0.001 0.001 0.001 0.001 0.002 0.002 0.003 0.003 0.004 0.005 0.007 0.008 0.010 0.013 0.016 0.020 0.024 0.029 0.036 0.043 0.051 0.059 0.069 0.082 0.095 0.109 0.122 0.136 0.151 0.169 0.188 0.210 0.237 0.270 0.309 0.355 0.407 0.463 0.522 0.583 0.649 0.717 0.788 0.868 0.959 1.061 1.169 1.284 1.411 1.553 1.718 1.915 2.127 2.304
0.001 0.001 0.001 0.001 0.001 0.001 0.001 0.001 0.001 0.001 0.001 0.001 0.001 0.001 0.001 0.001 0.001 0.001 0.001 0.001 0.001 0.001 0.001 0.001 0.001 0.001 0.002 0.002 0.003 0.003 0.004 0.006 0.007 0.009 0.011 0.013 0.017 0.021 0.025 0.030 0.036 0.043 0.050 0.058 0.066 0.076 0.087 0.099 0.112 0.124 0.138 0.153 0.170 0.189 0.211 0.238 0.270 0.309 0.354 0.406 0.463 0.522 0.582 0.642 0.706 0.776 0.854 0.942 1.038 1.137 1.242 1.357 1.485 1.631 1.811 2.019 2.202
0.001 0.001 0.001 0.001 0.001 0.001 0.001 0.001 0.001 0.001 0.001 0.001 0.001 0.001 0.001 0.001 0.001 0.001 0.001 0.001 0.001 0.001 0.001 0.001 0.001 0.002 0.002 0.003 0.004 0.005 0.006 0.007 0.009 0.012 0.014 0.017 0.021 0.026 0.031 0.036 0.042 0.048 0.055 0.062 0.069 0.079 0.089 0.100 0.112 0.125 0.138 0.153 0.169 0.188 0.210 0.236 0.267 0.304 0.346 0.395 0.449 0.503 0.557 0.611 0.670 0.739 0.814 0.896 0.981 1.069 1.162 1.258 1.358 1.473 1.626 1.821 2.012
0.001 0.001 0.001 0.001 0.001 0.001 0.001 0.001 0.001 0.001 0.001 0.001 0.001 0.001 0.001 0.001 0.001 0.001 0.001 0.001 0.001 0.001 0.001 0.002 0.002 0.002 0.003 0.004 0.005 0.006 0.008 0.010 0.012 0.015 0.018 0.022 0.026 0.031 0.035 0.040 0.046 0.051 0.057 0.063 0.070 0.079 0.089 0.100 0.112 0.124 0.137 0.150 0.166 0.183 0.204 0.229 0.258 0.289 0.323 0.359 0.398 0.437 0.481 0.531 0.590 0.658 0.732 0.807 0.881 0.954 1.027 1.097 1.164 1.238 1.348 1.514 1.710
0.001 0.001 0.001 0.001 0.001 0.001 0.001 0.001 0.001 0.001 0.001 0.001 0.001 0.001 0.001 0.001 0.001 0.001 0.001 0.001 0.001 0.001 0.002 0.002 0.002 0.003 0.004 0.005 0.006 0.008 0.010 0.013 0.016 0.019 0.022 0.026 0.030 0.034 0.038 0.042 0.047 0.052 0.057 0.063 0.070 0.079 0.088 0.099 0.110 0.121 0.133 0.144 0.158 0.174 0.192 0.214 0.238 0.258 0.276 0.292 0.307 0.326 0.357 0.403 0.462 0.532 0.607 0.675 0.735 0.790 0.839 0.881 0.921 0.967 1.039 1.155 1.321
0.001 0.001 0.001 0.001 0.001 0.001 0.001 0.001 0.001 0.001 0.001 0.001 0.001 0.001 0.001 0.001 0.001 0.001 0.001 0.001 0.001 0.002 0.002 0.002 0.003 0.004 0.005 0.007 0.008 0.010 0.013 0.015 0.018 0.022 0.025 0.029 0.032 0.035 0.039 0.043 0.047 0.052 0.056 0.062 0.069 0.076 0.085 0.094 0.103 0.112 0.122 0.132 0.144 0.157 0.173 0.188 0.201 0.208 0.210 0.211 0.215 0.226 0.249 0.286 0.336 0.401 0.469 0.529 0.579 0.621 0.656 0.687 0.716 0.748 0.797 0.873 0.982
0.001 0.001 0.001 0.001 0.001 0.001 0.001 0.001 0.001 0.001 0.001 0.001 0.001 0.001 0.001 0.001 0.001 0.001 0.001 0.001 0.002 0.002 0.003 0.003 0.004 0.005 0.007 0.008 0.010 0.012 0.015 0.017 0.020 0.023 0.027 0.030 0.033 0.036 0.039 0.043 0.047 0.051 0.055 0.059 0.065 0.071 0.077 0.084 0.091 0.098 0.105 0.114 0.124 0.134 0.144 0.150 0.153 0.152 0.151 0.150 0.152 0.159 0.177 0.206 0.247 0.301 0.361 0.413 0.456 0.489 0.515 0.538 0.558 0.580 0.610 0.657 0.725
0.001 0.001 0.001 0.001 0.001 0.001 0.001 0.001 0.001 0.001 0.001 0.001 0.001 0.001 0.001 0.001 0.001 0.001 0.001 0.002 0.002 0.003 0.003 0.004 0.005 0.006 0.008 0.010 0.012 0.014 0.016 0.018 0.021 0.024 0.027 0.030 0.033 0.036 0.039 0.042 0.045 0.048 0.051 0.054 0.058 0.061 0.065 0.069 0.074 0.079 0.086 0.093 0.101 0.107 0.111 0.113 0.112 0.111 0.109 0.108 0.109 0.115 0.128 0.151 0.183 0.227 0.277 0.321 0.356 0.383 0.404 0.419 0.432 0.446 0.463 0.489 0.529
0.001 0.001 0.001 0.001 0.001 0.001 0.001 0.001 0.001 0.001 0.001 0.001 0.001 0.001 0.001 0.001 0.001 0.001 0.002 0.002 0.003 0.003 0.004 0.005 0.006 0.007 0.009 0.010 0.012 0.014 0.016 0.019 0.021 0.024 0.028 0.030 0.033 0.035 0.037 0.039 0.042 0.043 0.045 0.046 0.048 0.050 0.052 0.055 0.060 0.065 0.071 0.076 0.081 0.085 0.086 0.086 0.085 0.082 0.081 0.081 0.082 0.086 0.097 0.113 0.138 0.170 0.210 0.245 0.272 0.293 0.308 0.319 0.327 0.335 0.344 0.357 0.378
0.001 0.001 0.001 0.001 0.001 0.001 0.001 0.001 0.001 0.001 0.001 0.001 0.001 0.001 0.001 0.001 0.001 0.002 0.002 0.002 0.003 0.004 0.004 0.005 0.006 0.008 0.009 0.011 0.013 0.015 0.017 0.019 0.021 0.024 0.027 0.030 0.032 0.033 0.034 0.035 0.036 0.037 0.037 0.037 0.038 0.040 0.042 0.045 0.049 0.054 0.059 0.063 0.066 0.068 0.068 0.068 0.067 0.065 0.064 0.064 0.065 0.068 0.075 0.087 0.104 0.126 0.154 0.179 0.199 0.213 0.224 0.231 0.236 0.240 0.244 0.251 0.260
0.001 0.001 0.001 0.001 0.001 0.001 0.001 0.001 0.001 0.001 0.001 0.001 0.001 0.001 0.001 0.001 0.002 0.002 0.002 0.003 0.003 0.004 0.005 0.005 0.006 0.008 0.009 0.011 0.013 0.015 0.017 0.019 0.021 0.023 0.025 0.027 0.028 0.029 0.029 0.029 0.029 0.029 0.029 0.029 0.030 0.032 0.034 0.037 0.040 0.044 0.048 0.052 0.054 0.055 0.056 0.055 0.055 0.054 0.053 0.053 0.053 0.055 0.058 0.065 0.076 0.090 0.108 0.122 0.133 0.141 0.147 0.151 0.155 0.159 0.162 0.164 0.168
0.001 0.001 0.001 0.001 0.001 0.001 0.001 0.001 0.001 0.001 0.001 0.001 0.001 0.001 0.001 0.001 0.002 0.002 0.002 0.003 0.003 0.004 0.005 0.005 0.006 0.008 0.009 0.011 0.013 0.014 0.016 0.018 0.019 0.021 0.022 0.022 0.023 0.023 0.023 0.023 0.022 0.023 0.023 0.023 0.024 0.026 0.028 0.030 0.033 0.036 0.039 0.042 0.044 0.045 0.045 0.045 0.045 0.045 0.044 0.043 0.043 0.042 0.043 0.046 0.051 0.059 0.067 0.073 0.076 0.078 0.080 0.082 0.086 0.090 0.094 0.096 0.097
0.001 0.001 0.001 0.001 0.001 0.001 0.001 0.001 0.001 0.001 0.001 0.001 0.001 0.001 0.001 0.001 0.002 0.002 0.002 0.003 0.003 0.004 0.005 0.005 0.006 0.007 0.009 0.010 0.012 0.014 0.015 0.016 0.017 0.017 0.017 0.017 0.017 0.017 0.017 0.017 0.017 0.017 0.018 0.019 0.019 0.021 0.022 0.024 0.026 0.029 0.031 0.033 0.035 0.036 0.036 0.037 0.037 0.036 0.036 0.035 0.033 0.032 0.030 0.030 0.031 0.034 0.035 0.035 0.034 0.033 0.033 0.034 0.037 0.041 0.045 0.047 0.048
0.001 0.001 0.001 0.001 0.001 0.001 0.001 0.001 0.001 0.001 0.001 0.001 0.001 0.001 0.001 0.001 0.002 0.002 0.002 0.003 0.003 0.004 0.004 0.005 0.006 0.007 0.008 0.009 0.011 0.012 0.013 0.013 0.013 0.013 0.012 0.012 0.012 0.012 0.012 0.012 0.013 0.013 0.014 0.015 0.015 0.016 0.018 0.019 0.021 0.023 0.024 0.026 0.027 0.028 0.028 0.029 0.029 0.028 0.028 0.026 0.025 0.022 0.020 0.018 0.017 0.016 0.014 0.012 0.011 0.010 0.010 0.010 0.011 0.014 0.016 0.018 0.020
