RESULTS/r.avaflow_results/14b_results/14b_ascii/14b_hflow30034.asc
ncols 506
nrows 317
xllcenter 498237.50
yllcenter 5580050.00
cellsize 12.50
NODATA_value -9999.000
[rows 204 to 237 of 317, columns 308 to 384 of 506]
0.059 0.065 0.073 0.086 0.110 0.153 0.211 0.259 0.287 0.297 0.294 0.281 0.257 0.244 0.242 0.255 0.295 0.369 0.465 0.531 0.552 0.546 0.517 0.467 0.420 0.391 0.379 0.378 0.382 0.382 0.364 0.315 0.241 0.185 0.151 0.131 0.123 0.121 0.129 0.160 0.236 0.354 0.444 0.480 0.486 0.473 0.432 0.358 0.263 0.191 0.151 0.132 0.124 0.121 0.120 0.121 0.132 0.162 0.229 0.348 0.538 0.806 1.055 1.232 1.359 1.467 1.569 1.625 1.629 1.566 1.407 1.199 1.065 0.997 0.958 0.925 0.880
0.069 0.073 0.077 0.082 0.092 0.111 0.145 0.190 0.234 0.262 0.269 0.263 0.245 0.237 0.240 0.265 0.322 0.406 0.485 0.534 0.548 0.542 0.515 0.466 0.417 0.387 0.374 0.372 0.376 0.376 0.359 0.311 0.238 0.184 0.154 0.139 0.134 0.136 0.148 0.183 0.253 0.333 0.371 0.376 0.364 0.336 0.291 0.229 0.168 0.127 0.106 0.097 0.093 0.092 0.091 0.093 0.102 0.132 0.197 0.306 0.452 0.605 0.723 0.805 0.872 0.944 1.037 1.114 1.149 1.153 1.115 1.046 1.012 1.031 1.082 1.115 1.112
0.084 0.084 0.079 0.077 0.078 0.085 0.098 0.121 0.159 0.198 0.220 0.224 0.218 0.216 0.227 0.263 0.327 0.403 0.460 0.489 0.497 0.494 0.476 0.440 0.394 0.362 0.346 0.341 0.341 0.341 0.327 0.287 0.225 0.180 0.156 0.147 0.146 0.154 0.176 0.220 0.283 0.330 0.343 0.332 0.303 0.261 0.211 0.162 0.123 0.098 0.085 0.079 0.077 0.076 0.077 0.079 0.089 0.120 0.185 0.289 0.402 0.485 0.539 0.573 0.601 0.631 0.675 0.724 0.756 0.778 0.796 0.826 0.893 1.004 1.132 1.213 1.237
0.097 0.090 0.079 0.072 0.070 0.070 0.074 0.084 0.102 0.128 0.151 0.165 0.174 0.183 0.203 0.242 0.298 0.343 0.367 0.376 0.381 0.386 0.386 0.372 0.339 0.307 0.286 0.276 0.272 0.268 0.258 0.235 0.197 0.170 0.157 0.154 0.158 0.173 0.206 0.261 0.314 0.339 0.341 0.324 0.285 0.231 0.178 0.136 0.106 0.087 0.077 0.071 0.069 0.069 0.070 0.074 0.085 0.116 0.180 0.278 0.362 0.410 0.436 0.449 0.456 0.462 0.472 0.489 0.510 0.537 0.575 0.638 0.753 0.940 1.128 1.237 1.276
0.102 0.091 0.077 0.067 0.062 0.060 0.060 0.063 0.070 0.082 0.096 0.108 0.122 0.139 0.163 0.191 0.212 0.219 0.218 0.218 0.223 0.238 0.254 0.259 0.249 0.230 0.215 0.206 0.199 0.191 0.184 0.175 0.163 0.156 0.154 0.158 0.168 0.187 0.225 0.286 0.337 0.355 0.352 0.329 0.285 0.226 0.172 0.131 0.102 0.085 0.074 0.069 0.067 0.067 0.068 0.073 0.085 0.114 0.175 0.265 0.331 0.362 0.375 0.379 0.378 0.371 0.360 0.354 0.360 0.380 0.421 0.492 0.619 0.827 1.061 1.208 1.268
0.100 0.087 0.071 0.060 0.054 0.050 0.049 0.049 0.051 0.055 0.062 0.070 0.082 0.096 0.109 0.117 0.118 0.116 0.114 0.115 0.120 0.135 0.155 0.168 0.173 0.172 0.168 0.163 0.157 0.149 0.143 0.140 0.139 0.142 0.150 0.160 0.174 0.194 0.231 0.294 0.353 0.376 0.374 0.351 0.304 0.243 0.184 0.139 0.107 0.087 0.075 0.069 0.067 0.066 0.068 0.073 0.085 0.113 0.168 0.249 0.306 0.333 0.342 0.344 0.341 0.329 0.303 0.278 0.272 0.283 0.315 0.376 0.481 0.656 0.892 1.089 1.199
0.088 0.073 0.059 0.050 0.044 0.040 0.039 0.038 0.039 0.040 0.043 0.048 0.055 0.064 0.069 0.069 0.068 0.066 0.065 0.066 0.071 0.082 0.099 0.118 0.131 0.138 0.141 0.140 0.137 0.130 0.126 0.125 0.127 0.134 0.147 0.162 0.177 0.196 0.231 0.295 0.367 0.405 0.410 0.395 0.358 0.304 0.243 0.183 0.135 0.102 0.083 0.074 0.070 0.069 0.071 0.076 0.087 0.112 0.159 0.229 0.286 0.316 0.329 0.332 0.330 0.317 0.284 0.243 0.225 0.227 0.246 0.286 0.350 0.455 0.630 0.852 1.034
0.064 0.051 0.043 0.037 0.034 0.032 0.031 0.031 0.031 0.031 0.032 0.035 0.039 0.044 0.045 0.045 0.044 0.043 0.043 0.045 0.049 0.058 0.072 0.091 0.109 0.121 0.128 0.130 0.128 0.124 0.121 0.120 0.123 0.132 0.146 0.162 0.177 0.196 0.231 0.295 0.385 0.453 0.482 0.487 0.472 0.441 0.387 0.307 0.218 0.152 0.112 0.092 0.082 0.079 0.080 0.084 0.093 0.114 0.153 0.210 0.268 0.308 0.329 0.334 0.333 0.320 0.286 0.236 0.206 0.198 0.204 0.221 0.251 0.302 0.396 0.556 0.764
0.042 0.035 0.031 0.029 0.027 0.026 0.025 0.025 0.025 0.025 0.026 0.027 0.030 0.032 0.033 0.033 0.033 0.033 0.034 0.035 0.039 0.047 0.059 0.076 0.096 0.112 0.122 0.126 0.126 0.123 0.121 0.120 0.123 0.132 0.145 0.160 0.176 0.198 0.235 0.307 0.419 0.545 0.634 0.684 0.705 0.702 0.664 0.564 0.411 0.274 0.188 0.142 0.118 0.107 0.103 0.104 0.110 0.125 0.155 0.199 0.254 0.309 0.346 0.363 0.366 0.353 0.314 0.251 0.207 0.186 0.177 0.177 0.185 0.206 0.250 0.334 0.471
0.030 0.027 0.025 0.024 0.023 0.022 0.022 0.022 0.022 0.022 0.022 0.023 0.024 0.025 0.026 0.027 0.027 0.028 0.029 0.031 0.035 0.041 0.052 0.068 0.087 0.105 0.117 0.123 0.125 0.124 0.122 0.122 0.125 0.133 0.144 0.157 0.174 0.199 0.248 0.340 0.491 0.695 0.887 1.022 1.098 1.119 1.092 0.974 0.752 0.510 0.352 0.262 0.210 0.179 0.160 0.149 0.146 0.152 0.168 0.199 0.250 0.326 0.413 0.461 0.472 0.460 0.409 0.318 0.236 0.191 0.165 0.151 0.147 0.152 0.170 0.207 0.274
0.024 0.022 0.022 0.021 0.020 0.020 0.019 0.019 0.019 0.019 0.020 0.020 0.021 0.021 0.022 0.023 0.024 0.025 0.027 0.029 0.033 0.040 0.050 0.063 0.081 0.098 0.112 0.120 0.124 0.125 0.125 0.125 0.126 0.132 0.140 0.151 0.167 0.196 0.254 0.369 0.556 0.815 1.101 1.321 1.450 1.492 1.471 1.355 1.122 0.833 0.625 0.491 0.400 0.334 0.283 0.244 0.216 0.203 0.203 0.217 0.264 0.373 0.542 0.664 0.702 0.691 0.625 0.491 0.328 0.223 0.169 0.141 0.127 0.123 0.127 0.139 0.164
0.020 0.020 0.020 0.020 0.019 0.019 0.018 0.018 0.018 0.018 0.018 0.018 0.019 0.019 0.020 0.021 0.022 0.023 0.025 0.028 0.033 0.039 0.049 0.062 0.078 0.093 0.107 0.117 0.123 0.125 0.125 0.125 0.124 0.127 0.132 0.139 0.154 0.185 0.250 0.375 0.576 0.857 1.192 1.458 1.618 1.676 1.664 1.565 1.348 1.067 0.866 0.726 0.615 0.522 0.441 0.371 0.315 0.277 0.261 0.264 0.309 0.431 0.643 0.858 0.969 0.988 0.939 0.783 0.530 0.310 0.194 0.143 0.119 0.106 0.102 0.102 0.108
0.019 0.019 0.019 0.019 0.019 0.018 0.018 0.017 0.017 0.017 0.017 0.018 0.018 0.018 0.019 0.020 0.021 0.022 0.025 0.028 0.033 0.040 0.050 0.062 0.077 0.091 0.103 0.113 0.120 0.123 0.123 0.122 0.119 0.117 0.118 0.122 0.133 0.164 0.232 0.359 0.562 0.844 1.192 1.473 1.644 1.712 1.711 1.631 1.435 1.173 0.984 0.844 0.727 0.623 0.529 0.446 0.379 0.334 0.314 0.315 0.354 0.465 0.669 0.925 1.094 1.158 1.148 1.045 0.798 0.470 0.255 0.158 0.117 0.097 0.087 0.083 0.081
0.019 0.019 0.019 0.019 0.019 0.018 0.017 0.017 0.016 0.016 0.017 0.017 0.017 0.018 0.019 0.019 0.020 0.022 0.025 0.028 0.034 0.041 0.051 0.064 0.078 0.092 0.103 0.112 0.118 0.120 0.120 0.118 0.112 0.109 0.108 0.109 0.117 0.140 0.198 0.310 0.493 0.759 1.101 1.392 1.578 1.665 1.676 1.609 1.432 1.190 1.008 0.869 0.751 0.646 0.551 0.469 0.405 0.363 0.344 0.343 0.372 0.470 0.659 0.915 1.106 1.204 1.227 1.181 1.005 0.671 0.356 0.192 0.123 0.094 0.080 0.073 0.069
0.019 0.019 0.019 0.019 0.019 0.018 0.017 0.017 0.016 0.016 0.016 0.017 0.017 0.018 0.018 0.019 0.020 0.022 0.025 0.029 0.035 0.043 0.053 0.066 0.082 0.094 0.104 0.112 0.118 0.120 0.120 0.116 0.110 0.105 0.104 0.105 0.111 0.127 0.166 0.242 0.376 0.588 0.891 1.189 1.390 1.497 1.518 1.472 1.339 1.142 0.977 0.843 0.728 0.629 0.541 0.466 0.408 0.372 0.355 0.353 0.375 0.454 0.615 0.854 1.064 1.188 1.232 1.222 1.117 0.855 0.496 0.253 0.141 0.097 0.079 0.070 0.065
0.019 0.019 0.019 0.019 0.019 0.018 0.018 0.017 0.016 0.016 0.016 0.016 0.017 0.017 0.018 0.019 0.020 0.022 0.025 0.029 0.035 0.043 0.053 0.067 0.084 0.098 0.108 0.115 0.120 0.122 0.121 0.116 0.109 0.106 0.104 0.105 0.110 0.124 0.154 0.205 0.289 0.422 0.626 0.877 1.067 1.171 1.199 1.181 1.108 0.984 0.850 0.732 0.631 0.552 0.492 0.442 0.401 0.371 0.358 0.356 0.368 0.424 0.548 0.752 0.971 1.122 1.201 1.214 1.164 0.990 0.666 0.352 0.182 0.111 0.083 0.071 0.066
0.020 0.020 0.020 0.020 0.020 0.019 0.018 0.017 0.017 0.016 0.016 0.016 0.017 0.017 0.018 0.019 0.020 0.022 0.025 0.029 0.035 0.043 0.053 0.067 0.084 0.099 0.110 0.119 0.125 0.126 0.125 0.118 0.112 0.109 0.109 0.111 0.116 0.129 0.156 0.199 0.256 0.334 0.447 0.597 0.708 0.765 0.781 0.778 0.755 0.695 0.601 0.511 0.445 0.406 0.389 0.384 0.376 0.364 0.357 0.356 0.367 0.412 0.514 0.680 0.871 1.024 1.131 1.179 1.170 1.071 0.834 0.501 0.263 0.150 0.102 0.083 0.075
0.021 0.021 0.021 0.021 0.021 0.020 0.019 0.018 0.017 0.017 0.016 0.016 0.017 0.017 0.018 0.019 0.020 0.022 0.024 0.028 0.034 0.042 0.053 0.066 0.082 0.097 0.109 0.119 0.126 0.128 0.126 0.121 0.116 0.115 0.118 0.123 0.134 0.152 0.180 0.215 0.254 0.298 0.352 0.421 0.468 0.488 0.491 0.486 0.466 0.418 0.346 0.289 0.260 0.254 0.269 0.306 0.339 0.354 0.359 0.363 0.375 0.417 0.509 0.647 0.802 0.937 1.050 1.124 1.143 1.097 0.935 0.649 0.383 0.227 0.150 0.116 0.101
0.023 0.023 0.023 0.023 0.022 0.022 0.020 0.019 0.018 0.017 0.017 0.017 0.017 0.017 0.018 0.018 0.019 0.021 0.023 0.027 0.033 0.041 0.051 0.063 0.077 0.090 0.103 0.115 0.123 0.126 0.125 0.121 0.118 0.117 0.121 0.134 0.159 0.196 0.231 0.254 0.270 0.285 0.303 0.323 0.335 0.337 0.333 0.321 0.299 0.257 0.204 0.171 0.161 0.167 0.196 0.256 0.316 0.351 0.370 0.385 0.404 0.443 0.519 0.629 0.751 0.865 0.972 1.055 1.089 1.072 0.959 0.730 0.483 0.320 0.223 0.173 0.152
0.026 0.026 0.026 0.026 0.025 0.024 0.023 0.021 0.020 0.018 0.017 0.017 0.017 0.017 0.018 0.018 0.019 0.020 0.022 0.025 0.031 0.039 0.049 0.058 0.068 0.079 0.091 0.103 0.112 0.117 0.118 0.117 0.115 0.115 0.120 0.135 0.170 0.224 0.264 0.280 0.282 0.280 0.276 0.273 0.269 0.263 0.253 0.238 0.214 0.178 0.144 0.127 0.124 0.133 0.167 0.233 0.307 0.357 0.388 0.410 0.432 0.466 0.527 0.616 0.710 0.797 0.884 0.956 0.989 0.984 0.914 0.741 0.527 0.382 0.293 0.246 0.228
0.031 0.031 0.031 0.030 0.028 0.027 0.026 0.024 0.022 0.020 0.019 0.018 0.018 0.018 0.018 0.018 0.018 0.019 0.021 0.024 0.029 0.036 0.044 0.051 0.057 0.064 0.073 0.084 0.094 0.099 0.102 0.103 0.104 0.106 0.111 0.129 0.168 0.228 0.269 0.284 0.283 0.273 0.258 0.247 0.238 0.228 0.216 0.199 0.175 0.147 0.126 0.118 0.118 0.129 0.163 0.228 0.307 0.365 0.400 0.422 0.443 0.472 0.525 0.601 0.670 0.726 0.774 0.807 0.820 0.813 0.775 0.678 0.529 0.416 0.353 0.325 0.320
0.039 0.039 0.038 0.036 0.034 0.032 0.030 0.027 0.024 0.022 0.020 0.019 0.019 0.018 0.018 0.018 0.018 0.019 0.021 0.023 0.027 0.032 0.038 0.042 0.046 0.051 0.057 0.065 0.072 0.076 0.079 0.080 0.082 0.085 0.093 0.111 0.149 0.206 0.251 0.268 0.269 0.259 0.241 0.231 0.223 0.214 0.201 0.182 0.161 0.141 0.128 0.124 0.129 0.145 0.178 0.237 0.318 0.377 0.410 0.429 0.444 0.467 0.510 0.574 0.620 0.644 0.651 0.644 0.624 0.602 0.580 0.547 0.492 0.438 0.412 0.407 0.427
0.049 0.047 0.045 0.043 0.040 0.037 0.034 0.030 0.026 0.023 0.022 0.020 0.019 0.019 0.018 0.018 0.018 0.019 0.020 0.022 0.025 0.029 0.033 0.035 0.038 0.040 0.045 0.051 0.055 0.058 0.058 0.058 0.059 0.061 0.066 0.079 0.105 0.149 0.195 0.221 0.229 0.228 0.221 0.216 0.213 0.207 0.195 0.176 0.159 0.150 0.150 0.163 0.185 0.208 0.238 0.286 0.354 0.402 0.426 0.435 0.439 0.448 0.473 0.517 0.548 0.556 0.549 0.526 0.489 0.466 0.457 0.456 0.458 0.460 0.472 0.498 0.539
0.053 0.051 0.049 0.046 0.043 0.040 0.036 0.031 0.027 0.024 0.022 0.021 0.020 0.019 0.018 0.018 0.018 0.018 0.019 0.021 0.023 0.026 0.028 0.029 0.031 0.033 0.035 0.039 0.043 0.044 0.044 0.044 0.043 0.044 0.046 0.052 0.064 0.085 0.116 0.144 0.165 0.182 0.193 0.200 0.203 0.200 0.190 0.175 0.168 0.174 0.206 0.271 0.333 0.366 0.386 0.410 0.440 0.459 0.459 0.446 0.428 0.420 0.423 0.442 0.467 0.478 0.475 0.452 0.423 0.410 0.411 0.427 0.457 0.496 0.540 0.585 0.626
0.053 0.051 0.049 0.046 0.043 0.040 0.036 0.031 0.027 0.024 0.022 0.021 0.020 0.019 0.018 0.018 0.018 0.018 0.018 0.019 0.021 0.022 0.023 0.024 0.025 0.026 0.028 0.030 0.033 0.034 0.034 0.034 0.033 0.033 0.034 0.037 0.042 0.052 0.068 0.086 0.106 0.130 0.157 0.177 0.186 0.188 0.183 0.175 0.175 0.197 0.273 0.428 0.577 0.635 0.642 0.631 0.605 0.572 0.527 0.469 0.422 0.399 0.394 0.398 0.412 0.424 0.427 0.420 0.409 0.406 0.416 0.446 0.498 0.564 0.620 0.654 0.675
0.046 0.046 0.044 0.042 0.040 0.037 0.034 0.029 0.026 0.023 0.021 0.020 0.019 0.018 0.017 0.017 0.017 0.017 0.017 0.018 0.018 0.019 0.019 0.019 0.020 0.021 0.022 0.023 0.025 0.026 0.026 0.026 0.026 0.026 0.027 0.028 0.031 0.036 0.044 0.054 0.067 0.085 0.111 0.137 0.154 0.162 0.165 0.167 0.173 0.201 0.297 0.504 0.736 0.846 0.863 0.848 0.810 0.747 0.650 0.521 0.429 0.392 0.384 0.384 0.388 0.396 0.405 0.414 0.429 0.456 0.497 0.552 0.616 0.674 0.701 0.696 0.690
0.033 0.033 0.032 0.032 0.031 0.030 0.028 0.025 0.022 0.020 0.018 0.017 0.016 0.016 0.016 0.015 0.015 0.015 0.015 0.015 0.015 0.015 0.015 0.015 0.016 0.016 0.017 0.017 0.018 0.019 0.020 0.020 0.020 0.021 0.021 0.022 0.024 0.027 0.031 0.037 0.045 0.056 0.070 0.087 0.103 0.116 0.127 0.138 0.153 0.189 0.291 0.509 0.774 0.919 0.959 0.956 0.930 0.876 0.775 0.605 0.460 0.399 0.386 0.386 0.387 0.391 0.401 0.432 0.498 0.600 0.691 0.751 0.782 0.786 0.760 0.712 0.679
0.021 0.021 0.021 0.021 0.020 0.020 0.019 0.018 0.016 0.015 0.014 0.013 0.013 0.012 0.012 0.012 0.012 0.012 0.012 0.012 0.012 0.012 0.012 0.012 0.012 0.012 0.013 0.013 0.014 0.014 0.015 0.015 0.016 0.016 0.017 0.017 0.019 0.021 0.023 0.027 0.031 0.037 0.044 0.052 0.059 0.067 0.076 0.089 0.109 0.149 0.247 0.449 0.718 0.888 0.956 0.972 0.961 0.921 0.832 0.669 0.511 0.429 0.402 0.396 0.395 0.397 0.413 0.467 0.587 0.755 0.862 0.896 0.888 0.849 0.785 0.705 0.640
0.014 0.014 0.014 0.014 0.014 0.013 0.013 0.012 0.012 0.011 0.010 0.010 0.009 0.009 0.009 0.009 0.009 0.009 0.009 0.009 0.009 0.009 0.009 0.009 0.009 0.009 0.009 0.010 0.010 0.010 0.011 0.011 0.012 0.012 0.013 0.013 0.014 0.016 0.017 0.020 0.022 0.025 0.029 0.032 0.035 0.039 0.043 0.050 0.062 0.089 0.153 0.292 0.509 0.699 0.818 0.883 0.904 0.887 0.818 0.680 0.532 0.447 0.411 0.399 0.397 0.399 0.417 0.480 0.624 0.814 0.921 0.942 0.921 0.864 0.784 0.684 0.577
0.010 0.010 0.010 0.010 0.010 0.009 0.009 0.009 0.008 0.008 0.007 0.007 0.007 0.007 0.006 0.006 0.006 0.006 0.006 0.006 0.006 0.006 0.006 0.007 0.007 0.007 0.007 0.007 0.007 0.007 0.008 0.008 0.009 0.009 0.010 0.010 0.011 0.012 0.013 0.014 0.016 0.018 0.020 0.021 0.023 0.024 0.026 0.030 0.035 0.047 0.073 0.130 0.229 0.359 0.493 0.606 0.674 0.696 0.675 0.607 0.506 0.433 0.395 0.378 0.373 0.375 0.394 0.462 0.607 0.793 0.897 0.917 0.897 0.840 0.754 0.640 0.501
0.007 0.007 0.007 0.007 0.007 0.007 0.006 0.006 0.006 0.005 0.005 0.005 0.005 0.005 0.004 0.004 0.004 0.004 0.004 0.004 0.004 0.004 0.004 0.005 0.005 0.005 0.005 0.005 0.005 0.005 0.005 0.006 0.006 0.007 0.007 0.007 0.008 0.009 0.009 0.010 0.011 0.013 0.014 0.015 0.016 0.017 0.018 0.020 0.022 0.027 0.037 0.055 0.087 0.134 0.200 0.270 0.325 0.364 0.389 0.398 0.378 0.346 0.315 0.297 0.290 0.291 0.309 0.368 0.491 0.651 0.747 0.777 0.771 0.735 0.663 0.554 0.410
0.004 0.004 0.004 0.004 0.004 0.004 0.004 0.004 0.004 0.004 0.003 0.003 0.003 0.003 0.003 0.003 0.003 0.003 0.003 0.003 0.003 0.003 0.003 0.003 0.003 0.003 0.003 0.003 0.003 0.003 0.004 0.004 0.004 0.005 0.005 0.005 0.006 0.006 0.006 0.007 0.008 0.009 0.010 0.010 0.011 0.012 0.013 0.014 0.015 0.018 0.022 0.028 0.039 0.054 0.075 0.103 0.128 0.151 0.172 0.187 0.192 0.189 0.176 0.164 0.159 0.158 0.167 0.200 0.269 0.372 0.452 0.498 0.515 0.511 0.477 0.401 0.285
0.003 0.003 0.003 0.003 0.003 0.003 0.003 0.003 0.002 0.002 0.002 0.002 0.002 0.002 0.002 0.002 0.002 0.002 0.002 0.002 0.002 0.002 0.002 0.002 0.002 0.002 0.002 0.002 0.002 0.002 0.002 0.002 0.003 0.003 0.003 0.003 0.004 0.004 0.004 0.005 0.005 0.006 0.006 0.007 0.008 0.008 0.009 0.010 0.011 0.012 0.014 0.017 0.022 0.027 0.035 0.045 0.055 0.067 0.078 0.086 0.088 0.088 0.085 0.079 0.076 0.076 0.078 0.089 0.113 0.157 0.201 0.232 0.251 0.257 0.250 0.217 0.157
0.002 0.002 0.002 0.002 0.002 0.002 0.001 0.001 0.001 0.001 0.001 0.001 0.001 0.001 0.001 0.001 0.001 0.001 0.001 0.001 0.001 0.001 0.001 0.001 0.001 0.001 0.001 0.001 0.001 0.001 0.001 0.001 0.002 0.002 0.002 0.002 0.002 0.002 0.002 0.003 0.003 0.003 0.004 0.004 0.005 0.006 0.006 0.007 0.008 0.009 0.010 0.012 0.014 0.017 0.021 0.025 0.030 0.035 0.041 0.044 0.045 0.045 0.044 0.041 0.040 0.040 0.040 0.043 0.051 0.066 0.085 0.099 0.109 0.113 0.112 0.101 0.078
