RESULTS/r.avaflow_results/14b_results/14b_ascii/14b_hflow0011.asc
ncols 506
nrows 317
xllcenter 498237.50
yllcenter 5580050.00
cellsize 12.50
NODATA_value -9999.000
[rows 136 to 169 of 317, columns 152 to 227 of 506]
0.000 0.000 0.000 0.000 0.000 0.000 0.000 0.000 0.000 0.000 0.000 0.000 0.000 0.000 0.000 0.000 0.000 0.000 0.000 0.000 0.000 0.000 0.000 0.000 0.000 0.000 0.000 0.000 0.000 0.000 0.000 0.000 0.000 0.000 0.000 0.000 0.000 0.000 0.000 0.000 0.000 0.000 0.000 0.000 0.000 0.000 0.000 0.000 0.000 0.000 0.000 0.000 0.000 0.000 0.000 0.000 0.000 0.000 0.000 0.000 0.000 0.000 0.000 0.000 0.000 0.000 0.000 0.000 0.000 0.000 0.000 0.000 0.000 0.000 0.000 0.000
0.000 0.000 0.000 0.000 0.000 0.000 0.000 0.001 0.001 0.001 0.001 0.001 0.001 0.001 0.001 0.001 0.001 0.001 0.001 0.001 0.001 0.001 0.001 0.001 0.001 0.001 0.001 0.001 0.000 0.000 0.000 0.000 0.000 0.000 0.000 0.000 0.000 0.000 0.000 0.000 0.000 0.000 0.000 0.000 0.000 0.000 0.000 0.000 0.000 0.000 0.000 0.000 0.000 0.000 0.000 0.000 0.000 0.000 0.000 0.000 0.000 0.000 0.000 0.000 0.000 0.000 0.000 0.000 0.000 0.000 0.000 0.000 0.000 0.000 0.000 0.000
0.000 0.000 0.000 0.000 0.000 0.001 0.001 0.001 0.002 0.002 0.002 0.002 0.003 0.003 0.003 0.003 0.003 0.003 0.003 0.003 0.003 0.002 0.002 0.002 0.002 0.002 0.002 0.001 0.001 0.001 0.001 0.000 0.000 0.000 0.000 0.000 0.000 0.000 0.000 0.000 0.000 0.000 0.000 0.000 0.000 0.000 0.000 0.000 0.000 0.000 0.000 0.000 0.000 0.000 0.000 0.000 0.000 0.000 0.000 0.000 0.000 0.000 0.000 0.000 0.000 0.000 0.000 0.000 0.000 0.000 0.000 0.000 0.000 0.000 0.000 0.000
0.000 0.000 0.000 0.001 0.001 0.001 0.002 0.003 0.003 0.004 0.004 0.004 0.004 0.004 0.005 0.005 0.005 0.004 0.004 0.004 0.004 0.004 0.004 0.004 0.004 0.003 0.003 0.002 0.002 0.002 0.001 0.001 0.001 0.000 0.000 0.000 0.000 0.000 0.000 0.000 0.000 0.000 0.000 0.000 0.000 0.000 0.000 0.000 0.000 0.000 0.000 0.000 0.000 0.000 0.000 0.000 0.000 0.000 0.000 0.000 0.000 0.000 0.000 0.000 0.000 0.000 0.000 0.000 0.000 0.000 0.000 0.000 0.000 0.000 0.000 0.000
0.000 0.001 0.001 0.001 0.002 0.003 0.003 0.004 0.004 0.005 0.005 0.006 0.006 0.006 0.007 0.007 0.007 0.007 0.007 0.007 0.006 0.006 0.006 0.006 0.005 0.005 0.004 0.004 0.003 0.003 0.002 0.001 0.001 0.001 0.000 0.000 0.000 0.000 0.000 0.000 0.000 0.000 0.000 0.000 0.000 0.000 0.000 0.000 0.000 0.000 0.000 0.000 0.000 0.000 0.000 0.000 0.000 0.000 0.000 0.000 0.000 0.000 0.000 0.000 0.000 0.000 0.000 0.000 0.000 0.000 0.000 0.000 0.000 0.000 0.000 0.000
0.001 0.002 0.002 0.003 0.003 0.004 0.005 0.005 0.006 0.006 0.007 0.007 0.007 0.008 0.008 0.009 0.009 0.009 0.009 0.008 0.008 0.008 0.008 0.007 0.007 0.007 0.006 0.005 0.005 0.004 0.003 0.002 0.002 0.001 0.001 0.001 0.000 0.000 0.000 0.000 0.000 0.000 0.000 0.000 0.000 0.000 0.000 0.000 0.000 0.000 0.000 0.000 0.000 0.000 0.000 0.000 0.000 0.000 0.000 0.000 0.000 0.000 0.000 0.000 0.000 0.000 0.000 0.000 0.000 0.000 0.000 0.000 0.000 0.000 0.000 0.000
0.002 0.003 0.004 0.004 0.005 0.005 0.006 0.006 0.007 0.007 0.007 0.008 0.009 0.009 0.010 0.010 0.010 0.010 0.010 0.010 0.010 0.010 0.009 0.009 0.008 0.008 0.007 0.007 0.006 0.005 0.004 0.003 0.003 0.002 0.002 0.001 0.001 0.001 0.000 0.000 0.000 0.000 0.000 0.000 0.000 0.000 0.000 0.000 0.000 0.000 0.000 0.000 0.000 0.000 0.000 0.000 0.000 0.000 0.000 0.000 0.000 0.000 0.000 0.000 0.000 0.000 0.000 0.000 0.000 0.000 0.000 0.000 0.000 0.000 0.000 0.000
0.004 0.005 0.005 0.006 0.006 0.006 0.007 0.007 0.007 0.008 0.008 0.009 0.009 0.010 0.010 0.011 0.011 0.011 0.011 0.011 0.011 0.011 0.010 0.010 0.009 0.009 0.008 0.008 0.007 0.006 0.005 0.004 0.004 0.003 0.002 0.002 0.001 0.001 0.001 0.001 0.000 0.000 0.000 0.000 0.000 0.000 0.000 0.000 0.000 0.000 0.000 0.000 0.000 0.000 0.000 0.000 0.000 0.000 0.000 0.000 0.000 0.000 0.000 0.000 0.000 0.000 0.000 0.000 0.000 0.000 0.000 0.000 0.000 0.000 0.000 0.000
0.006 0.007 0.007 0.007 0.007 0.007 0.007 0.008 0.008 0.008 0.008 0.009 0.010 0.010 0.011 0.011 0.012 0.012 0.012 0.011 0.011 0.011 0.011 0.010 0.010 0.010 0.009 0.008 0.008 0.007 0.006 0.005 0.004 0.004 0.003 0.003 0.002 0.002 0.001 0.001 0.001 0.001 0.000 0.000 0.000 0.000 0.000 0.000 0.000 0.000 0.000 0.000 0.000 0.000 0.000 0.000 0.000 0.000 0.000 0.000 0.000 0.000 0.000 0.000 0.000 0.000 0.000 0.000 0.000 0.000 0.000 0.000 0.000 0.000 0.000 0.000
0.008 0.009 0.009 0.009 0.008 0.008 0.008 0.008 0.008 0.009 0.009 0.009 0.010 0.011 0.011 0.012 0.012 0.012 0.012 0.012 0.012 0.011 0.011 0.011 0.010 0.010 0.010 0.009 0.008 0.007 0.007 0.006 0.005 0.005 0.004 0.004 0.003 0.003 0.002 0.002 0.002 0.001 0.001 0.001 0.001 0.000 0.000 0.000 0.000 0.000 0.000 0.000 0.000 0.000 0.000 0.000 0.000 0.000 0.000 0.000 0.000 0.000 0.000 0.000 0.000 0.000 0.000 0.000 0.000 0.000 0.000 0.000 0.000 0.000 0.000 0.000
0.011 0.011 0.011 0.010 0.009 0.009 0.009 0.009 0.009 0.009 0.009 0.009 0.010 0.011 0.011 0.012 0.012 0.012 0.012 0.012 0.012 0.011 0.011 0.011 0.011 0.010 0.010 0.009 0.009 0.008 0.007 0.007 0.006 0.006 0.005 0.005 0.004 0.004 0.003 0.003 0.003 0.002 0.002 0.002 0.001 0.001 0.001 0.001 0.000 0.000 0.000 0.000 0.000 0.000 0.000 0.000 0.000 0.000 0.000 0.000 0.000 0.000 0.000 0.000 0.000 0.000 0.000 0.000 0.000 0.000 0.000 0.000 0.000 0.000 0.000 0.000
0.015 0.014 0.013 0.012 0.011 0.010 0.009 0.009 0.009 0.009 0.009 0.010 0.010 0.010 0.011 0.011 0.012 0.012 0.012 0.012 0.012 0.011 0.011 0.011 0.011 0.011 0.010 0.010 0.009 0.009 0.008 0.008 0.007 0.007 0.006 0.006 0.006 0.005 0.005 0.004 0.004 0.003 0.003 0.003 0.002 0.002 0.002 0.001 0.001 0.001 0.001 0.001 0.001 0.000 0.000 0.000 0.000 0.000 0.000 0.000 0.000 0.000 0.000 0.000 0.000 0.000 0.000 0.000 0.000 0.000 0.000 0.000 0.000 0.000 0.000 0.000
0.021 0.019 0.016 0.014 0.012 0.011 0.010 0.010 0.010 0.010 0.010 0.010 0.010 0.010 0.011 0.011 0.011 0.011 0.012 0.012 0.012 0.011 0.011 0.011 0.011 0.011 0.011 0.010 0.010 0.009 0.009 0.009 0.008 0.008 0.008 0.007 0.007 0.007 0.006 0.006 0.005 0.005 0.004 0.004 0.003 0.003 0.003 0.002 0.002 0.002 0.002 0.002 0.001 0.001 0.001 0.001 0.001 0.001 0.000 0.000 0.000 0.000 0.000 0.000 0.000 0.000 0.000 0.000 0.000 0.000 0.000 0.000 0.000 0.000 0.000 0.000
0.041 0.033 0.023 0.017 0.014 0.013 0.012 0.011 0.010 0.010 0.010 0.010 0.010 0.011 0.011 0.011 0.011 0.011 0.012 0.012 0.012 0.012 0.012 0.011 0.011 0.011 0.011 0.011 0.010 0.010 0.010 0.010 0.010 0.009 0.009 0.009 0.009 0.009 0.008 0.008 0.007 0.007 0.006 0.006 0.005 0.005 0.004 0.004 0.004 0.003 0.003 0.003 0.003 0.002 0.002 0.002 0.002 0.001 0.001 0.001 0.001 0.001 0.000 0.000 0.000 0.000 0.000 0.000 0.000 0.000 0.000 0.000 0.000 0.000 0.000 0.000
0.115 0.081 0.049 0.031 0.023 0.018 0.015 0.013 0.012 0.011 0.011 0.011 0.011 0.011 0.011 0.011 0.011 0.012 0.012 0.012 0.012 0.012 0.012 0.012 0.012 0.011 0.011 0.011 0.011 0.011 0.011 0.011 0.011 0.011 0.011 0.011 0.011 0.011 0.011 0.010 0.010 0.009 0.009 0.008 0.007 0.006 0.006 0.006 0.005 0.005 0.005 0.005 0.004 0.004 0.004 0.003 0.003 0.002 0.002 0.002 0.002 0.001 0.001 0.001 0.001 0.001 0.001 0.001 0.001 0.001 0.001 0.001 0.001 0.001 0.000 0.000
0.380 0.256 0.151 0.090 0.058 0.041 0.031 0.024 0.019 0.016 0.014 0.013 0.012 0.012 0.012 0.012 0.012 0.012 0.012 0.012 0.012 0.012 0.012 0.012 0.012 0.012 0.012 0.012 0.012 0.012 0.012 0.013 0.013 0.014 0.014 0.014 0.014 0.014 0.014 0.013 0.013 0.012 0.012 0.011 0.010 0.009 0.008 0.008 0.008 0.007 0.007 0.007 0.007 0.006 0.006 0.005 0.004 0.004 0.003 0.003 0.003 0.002 0.002 0.002 0.002 0.002 0.002 0.002 0.002 0.002 0.002 0.002 0.002 0.001 0.001 0.001
1.223 0.868 0.553 0.340 0.213 0.139 0.094 0.064 0.044 0.031 0.024 0.020 0.017 0.016 0.015 0.015 0.014 0.014 0.014 0.014 0.013 0.013 0.013 0.013 0.013 0.013 0.013 0.014 0.014 0.014 0.015 0.015 0.016 0.018 0.018 0.018 0.018 0.018 0.018 0.017 0.017 0.016 0.015 0.014 0.013 0.012 0.011 0.011 0.011 0.010 0.010 0.010 0.010 0.009 0.008 0.007 0.006 0.006 0.005 0.005 0.004 0.004 0.004 0.004 0.004 0.004 0.004 0.004 0.004 0.004 0.004 0.004 0.003 0.003 0.002 0.002
3.061 2.408 1.767 1.232 0.829 0.548 0.358 0.230 0.146 0.093 0.061 0.044 0.034 0.028 0.025 0.023 0.021 0.020 0.019 0.017 0.016 0.016 0.015 0.015 0.015 0.015 0.016 0.016 0.017 0.018 0.019 0.020 0.022 0.023 0.024 0.024 0.024 0.023 0.023 0.022 0.022 0.021 0.020 0.019 0.017 0.016 0.015 0.015 0.015 0.015 0.015 0.015 0.014 0.013 0.012 0.010 0.009 0.008 0.007 0.007 0.006 0.006 0.006 0.006 0.006 0.006 0.006 0.006 0.006 0.006 0.006 0.006 0.005 0.004 0.004 0.003
5.778 4.955 4.070 3.195 2.396 1.725 1.205 0.811 0.523 0.324 0.201 0.131 0.094 0.072 0.060 0.053 0.048 0.043 0.037 0.031 0.026 0.023 0.022 0.021 0.021 0.021 0.021 0.022 0.023 0.024 0.026 0.028 0.031 0.033 0.034 0.033 0.031 0.030 0.029 0.029 0.028 0.028 0.027 0.025 0.023 0.022 0.021 0.021 0.022 0.022 0.022 0.022 0.021 0.020 0.017 0.015 0.013 0.011 0.010 0.009 0.009 0.008 0.008 0.008 0.008 0.008 0.009 0.009 0.010 0.010 0.010 0.009 0.008 0.007 0.005 0.004
8.812 7.941 6.960 5.900 4.825 3.805 2.888 2.106 1.479 1.000 0.660 0.439 0.307 0.232 0.189 0.163 0.143 0.124 0.103 0.080 0.061 0.048 0.041 0.038 0.037 0.036 0.036 0.036 0.037 0.039 0.041 0.045 0.049 0.050 0.050 0.046 0.042 0.039 0.038 0.038 0.038 0.037 0.035 0.033 0.031 0.031 0.031 0.031 0.032 0.034 0.034 0.034 0.033 0.030 0.026 0.022 0.018 0.016 0.014 0.013 0.012 0.011 0.011 0.011 0.011 0.011 0.012 0.014 0.015 0.015 0.015 0.014 0.011 0.009 0.007 0.006
11.874 10.977 9.928 8.737 7.455 6.245 5.124 4.068 3.107 2.313 1.713 1.273 0.966 0.764 0.635 0.546 0.474 0.405 0.331 0.253 0.184 0.136 0.108 0.095 0.088 0.082 0.076 0.074 0.073 0.075 0.078 0.084 0.086 0.086 0.081 0.070 0.059 0.054 0.053 0.052 0.052 0.050 0.047 0.045 0.044 0.043 0.044 0.046 0.049 0.052 0.053 0.053 0.051 0.046 0.040 0.033 0.027 0.023 0.020 0.018 0.017 0.016 0.015 0.015 0.015 0.016 0.019 0.024 0.027 0.027 0.026 0.022 0.016 0.013 0.010 0.008
15.063 14.101 12.940 11.600 10.099 8.690 7.403 6.225 5.160 4.225 3.441 2.812 2.325 1.959 1.681 1.457 1.261 1.073 0.887 0.701 0.534 0.405 0.321 0.274 0.244 0.215 0.188 0.170 0.163 0.163 0.166 0.170 0.169 0.161 0.142 0.114 0.094 0.083 0.079 0.076 0.073 0.069 0.064 0.062 0.061 0.061 0.062 0.065 0.072 0.079 0.081 0.080 0.076 0.069 0.060 0.050 0.041 0.034 0.030 0.026 0.024 0.023 0.022 0.022 0.022 0.024 0.031 0.046 0.055 0.056 0.052 0.040 0.025 0.018 0.013 0.011
18.456 17.405 16.120 14.580 12.824 11.164 9.688 8.396 7.299 6.382 5.601 4.933 4.349 3.828 3.351 2.918 2.523 2.151 1.803 1.477 1.191 0.963 0.799 0.687 0.601 0.518 0.444 0.393 0.366 0.354 0.349 0.342 0.328 0.299 0.253 0.202 0.164 0.140 0.126 0.115 0.106 0.096 0.089 0.086 0.084 0.084 0.085 0.089 0.100 0.112 0.116 0.114 0.109 0.100 0.088 0.076 0.065 0.054 0.046 0.041 0.038 0.036 0.035 0.034 0.035 0.042 0.062 0.103 0.128 0.133 0.122 0.085 0.045 0.026 0.018 0.014
22.124 21.016 19.582 17.769 15.676 13.727 12.063 10.659 9.491 8.548 7.763 7.109 6.516 5.937 5.334 4.708 4.086 3.498 2.968 2.506 2.123 1.815 1.565 1.365 1.190 1.025 0.890 0.794 0.730 0.685 0.648 0.612 0.567 0.504 0.423 0.348 0.290 0.243 0.206 0.177 0.155 0.139 0.127 0.119 0.115 0.113 0.114 0.119 0.132 0.148 0.155 0.153 0.148 0.139 0.128 0.115 0.102 0.088 0.076 0.067 0.062 0.058 0.057 0.057 0.062 0.083 0.143 0.253 0.319 0.333 0.304 0.205 0.093 0.043 0.025 0.018
25.997 24.803 23.135 21.076 18.677 16.421 14.550 13.026 11.759 10.728 9.885 9.171 8.520 7.877 7.193 6.486 5.745 4.992 4.296 3.715 3.250 2.881 2.560 2.263 1.983 1.734 1.535 1.383 1.262 1.157 1.059 0.966 0.870 0.763 0.649 0.551 0.469 0.393 0.325 0.272 0.234 0.207 0.185 0.168 0.157 0.152 0.151 0.155 0.167 0.185 0.196 0.200 0.199 0.194 0.186 0.175 0.162 0.147 0.130 0.114 0.105 0.101 0.100 0.104 0.125 0.193 0.364 0.621 0.773 0.808 0.743 0.512 0.225 0.087 0.040 0.024
29.516 28.162 26.279 24.100 21.642 19.230 17.181 15.497 14.087 12.941 11.983 11.145 10.403 9.685 8.951 8.203 7.424 6.617 5.827 5.136 4.575 4.119 3.709 3.310 2.933 2.618 2.358 2.133 1.931 1.740 1.551 1.375 1.215 1.062 0.919 0.792 0.678 0.577 0.488 0.415 0.360 0.315 0.273 0.239 0.216 0.204 0.200 0.201 0.209 0.224 0.245 0.267 0.283 0.288 0.285 0.278 0.268 0.254 0.230 0.204 0.190 0.186 0.189 0.210 0.281 0.473 0.885 1.368 1.629 1.683 1.561 1.144 0.546 0.202 0.075 0.036
32.549 30.920 28.946 26.790 24.428 22.062 19.921 18.057 16.476 15.195 14.071 13.071 12.180 11.389 10.642 9.878 9.074 8.284 7.522 6.803 6.149 5.563 5.021 4.505 4.040 3.657 3.321 3.003 2.697 2.400 2.102 1.832 1.601 1.398 1.217 1.053 0.907 0.788 0.695 0.615 0.541 0.469 0.397 0.340 0.300 0.277 0.265 0.262 0.265 0.278 0.313 0.376 0.432 0.457 0.465 0.465 0.461 0.445 0.406 0.369 0.352 0.350 0.364 0.422 0.589 0.972 1.610 2.165 2.419 2.450 2.302 1.847 1.067 0.443 0.156 0.061
35.129 33.274 31.201 29.118 26.893 24.630 22.531 20.622 18.913 17.465 16.147 14.975 13.927 13.052 12.283 11.512 10.694 9.911 9.162 8.459 7.786 7.152 6.525 5.900 5.327 4.841 4.398 3.973 3.555 3.141 2.723 2.345 2.031 1.767 1.538 1.341 1.178 1.051 0.955 0.867 0.773 0.667 0.561 0.476 0.415 0.374 0.350 0.341 0.341 0.357 0.415 0.543 0.674 0.740 0.767 0.777 0.768 0.719 0.650 0.608 0.595 0.597 0.620 0.699 0.908 1.352 2.016 2.510 2.713 2.726 2.587 2.195 1.479 0.729 0.291 0.107
37.281 35.244 33.185 31.215 29.176 27.014 24.967 23.052 21.297 19.699 18.233 16.908 15.746 14.761 13.914 13.096 12.271 11.468 10.703 9.974 9.279 8.629 8.006 7.393 6.770 6.163 5.582 5.031 4.498 3.970 3.422 2.917 2.501 2.166 1.899 1.697 1.543 1.411 1.289 1.172 1.048 0.910 0.773 0.658 0.567 0.500 0.460 0.444 0.445 0.474 0.569 0.783 0.997 1.095 1.122 1.107 1.034 0.907 0.811 0.768 0.759 0.765 0.791 0.871 1.075 1.489 2.093 2.527 2.702 2.715 2.600 2.276 1.680 0.937 0.429 0.172
39.139 36.804 34.724 32.777 30.912 28.999 27.177 25.380 23.620 21.929 20.364 18.920 17.656 16.578 15.630 14.713 13.830 12.973 12.175 11.406 10.671 9.986 9.349 8.740 8.113 7.446 6.778 6.139 5.514 4.877 4.199 3.561 3.037 2.635 2.358 2.173 2.030 1.885 1.722 1.553 1.388 1.221 1.054 0.902 0.769 0.667 0.608 0.591 0.598 0.654 0.791 1.024 1.225 1.314 1.328 1.279 1.140 0.967 0.863 0.820 0.814 0.822 0.850 0.927 1.118 1.496 2.007 2.354 2.503 2.530 2.468 2.225 1.742 1.073 0.545 0.242
40.512 38.154 36.104 34.215 32.525 30.812 29.144 27.556 25.879 24.185 22.556 21.051 19.714 18.558 17.500 16.440 15.415 14.457 13.597 12.785 11.997 11.258 10.563 9.908 9.245 8.553 7.863 7.184 6.517 5.826 5.069 4.313 3.708 3.265 2.979 2.789 2.621 2.445 2.255 2.057 1.856 1.654 1.438 1.230 1.050 0.908 0.827 0.807 0.830 0.898 1.002 1.156 1.304 1.373 1.377 1.307 1.134 0.951 0.845 0.800 0.793 0.801 0.832 0.911 1.091 1.408 1.757 1.976 2.094 2.150 2.144 2.021 1.688 1.160 0.648 0.316
41.991 39.755 37.651 35.733 34.185 32.565 31.092 29.735 28.156 26.519 24.930 23.377 21.978 20.702 19.510 18.293 17.112 15.995 15.013 14.121 13.271 12.447 11.653 10.914 10.181 9.451 8.750 8.071 7.410 6.729 6.000 5.228 4.580 4.113 3.795 3.535 3.291 3.078 2.901 2.723 2.507 2.239 1.941 1.673 1.454 1.284 1.169 1.110 1.085 1.082 1.106 1.181 1.285 1.334 1.327 1.232 1.036 0.856 0.752 0.704 0.692 0.700 0.734 0.815 0.967 1.182 1.351 1.452 1.542 1.642 1.702 1.680 1.534 1.202 0.750 0.401
43.179 41.242 39.418 37.596 36.163 34.686 33.299 31.816 30.310 28.757 27.252 25.730 24.319 22.996 21.682 20.313 18.976 17.680 16.527 15.477 14.504 13.562 12.649 11.799 10.982 10.183 9.421 8.746 8.121 7.488 6.833 6.149 5.547 5.075 4.692 4.337 4.009 3.758 3.570 3.375 3.113 2.756 2.397 2.127 1.918 1.737 1.563 1.386 1.235 1.142 1.108 1.120 1.150 1.152 1.112 0.994 0.806 0.656 0.572 0.533 0.525 0.541 0.578 0.641 0.736 0.845 0.921 0.984 1.055 1.174 1.325 1.391 1.355 1.189 0.865 0.511
44.865 43.409 41.898 40.328 39.012 37.539 36.192 34.652 33.055 31.419 29.882 28.287 26.836 25.466 24.074 22.616 21.137 19.664 18.294 17.008 15.805 14.694 13.644 12.668 11.744 10.860 10.005 9.261 8.628 8.036 7.454 6.867 6.317 5.847 5.422 5.020 4.642 4.330 4.071 3.812 3.491 3.075 2.691 2.427 2.224 2.023 1.796 1.523 1.272 1.105 0.996 0.915 0.840 0.768 0.689 0.586 0.478 0.412 0.386 0.388 0.409 0.435 0.461 0.486 0.523 0.571 0.612 0.651 0.702 0.804 0.996 1.161 1.220 1.177 1.001 0.703
