RESULTS/r.avaflow_results/14b_results/14b_ascii/14b_hflow10050.asc
ncols 506
nrows 317
xllcenter 498237.50
yllcenter 5580050.00
cellsize 12.50
NODATA_value -9999.000
[rows 136 to 169 of 317, columns 76 to 151 of 506]
0.000 0.000 0.000 0.000 0.000 0.000 0.000 0.000 0.000 0.000 0.000 0.000 0.000 0.000 0.000 0.000 0.000 0.000 0.000 0.000 0.000 0.000 0.000 0.000 0.000 0.000 0.000 0.000 0.000 0.000 0.000 0.000 0.000 0.000 0.000 0.000 0.000 0.000 0.000 0.000 0.000 0.000 0.000 0.000 0.000 0.000 0.000 0.000 0.000 0.000 0.000 0.000 0.000 0.000 0.000 0.000 0.000 0.000 0.000 0.000 0.000 0.000 0.000 0.000 0.000 0.000 0.000 0.000 0.000 0.000 0.000 0.000 0.001 0.001 0.001 0.001
0.000 0.000 0.000 0.000 0.000 0.000 0.000 0.000 0.000 0.000 0.000 0.000 0.000 0.000 0.000 0.000 0.000 0.000 0.000 0.000 0.000 0.000 0.000 0.000 0.000 0.000 0.000 0.000 0.000 0.000 0.000 0.000 0.000 0.000 0.000 0.000 0.000 0.000 0.000 0.000 0.000 0.000 0.000 0.000 0.000 0.000 0.000 0.000 0.000 0.000 0.000 0.000 0.000 0.000 0.000 0.000 0.000 0.000 0.000 0.000 0.000 0.000 0.000 0.000 0.000 0.000 0.000 0.000 0.000 0.000 0.001 0.001 0.002 0.003 0.003 0.004
0.000 0.000 0.000 0.000 0.000 0.000 0.000 0.000 0.000 0.000 0.000 0.000 0.000 0.000 0.000 0.000 0.000 0.000 0.000 0.000 0.000 0.000 0.000 0.000 0.000 0.000 0.000 0.000 0.000 0.000 0.000 0.000 0.000 0.000 0.000 0.000 0.000 0.000 0.000 0.000 0.000 0.000 0.000 0.000 0.000 0.000 0.000 0.000 0.000 0.000 0.000 0.000 0.000 0.000 0.000 0.000 0.000 0.000 0.000 0.000 0.000 0.000 0.000 0.000 0.000 0.000 0.000 0.000 0.001 0.001 0.003 0.004 0.006 0.007 0.009 0.011
0.000 0.000 0.000 0.000 0.000 0.000 0.000 0.000 0.000 0.000 0.000 0.000 0.000 0.000 0.000 0.000 0.000 0.000 0.000 0.000 0.000 0.000 0.000 0.000 0.000 0.000 0.000 0.000 0.000 0.000 0.000 0.000 0.000 0.000 0.000 0.000 0.000 0.000 0.000 0.000 0.000 0.000 0.000 0.000 0.000 0.000 0.000 0.000 0.000 0.000 0.000 0.000 0.000 0.000 0.000 0.000 0.000 0.000 0.000 0.000 0.000 0.000 0.000 0.000 0.000 0.000 0.000 0.001 0.002 0.004 0.006 0.009 0.012 0.016 0.020 0.025
0.000 0.000 0.000 0.000 0.000 0.000 0.000 0.000 0.000 0.000 0.000 0.000 0.000 0.000 0.000 0.000 0.000 0.000 0.000 0.000 0.000 0.000 0.000 0.000 0.000 0.000 0.000 0.000 0.000 0.000 0.000 0.000 0.000 0.000 0.000 0.000 0.000 0.000 0.000 0.000 0.000 0.000 0.000 0.000 0.000 0.000 0.000 0.000 0.000 0.000 0.000 0.000 0.000 0.000 0.000 0.000 0.000 0.000 0.000 0.000 0.000 0.000 0.000 0.000 0.000 0.000 0.001 0.002 0.005 0.008 0.012 0.017 0.022 0.029 0.038 0.050
0.000 0.000 0.000 0.000 0.000 0.000 0.000 0.000 0.000 0.000 0.000 0.000 0.000 0.000 0.000 0.000 0.000 0.000 0.000 0.000 0.000 0.000 0.000 0.000 0.000 0.000 0.000 0.000 0.000 0.000 0.000 0.000 0.000 0.000 0.000 0.000 0.000 0.000 0.000 0.000 0.000 0.000 0.000 0.000 0.000 0.000 0.000 0.000 0.000 0.000 0.000 0.000 0.000 0.000 0.000 0.000 0.000 0.000 0.000 0.000 0.000 0.000 0.000 0.000 0.000 0.001 0.002 0.005 0.009 0.014 0.020 0.028 0.037 0.048 0.064 0.083
0.000 0.000 0.000 0.000 0.000 0.000 0.000 0.000 0.000 0.000 0.000 0.000 0.000 0.000 0.000 0.000 0.000 0.000 0.000 0.000 0.000 0.000 0.000 0.000 0.000 0.000 0.000 0.000 0.000 0.000 0.000 0.000 0.000 0.000 0.000 0.000 0.000 0.000 0.000 0.000 0.000 0.000 0.000 0.000 0.000 0.000 0.000 0.000 0.000 0.000 0.000 0.000 0.000 0.000 0.000 0.000 0.000 0.000 0.000 0.000 0.000 0.000 0.000 0.000 0.001 0.002 0.005 0.009 0.014 0.021 0.030 0.041 0.054 0.072 0.093 0.121
0.000 0.000 0.000 0.000 0.000 0.000 0.000 0.000 0.000 0.000 0.000 0.000 0.000 0.000 0.000 0.000 0.000 0.000 0.000 0.000 0.000 0.000 0.000 0.000 0.000 0.000 0.000 0.000 0.000 0.000 0.000 0.000 0.000 0.000 0.000 0.000 0.000 0.000 0.000 0.000 0.000 0.000 0.000 0.000 0.000 0.000 0.000 0.000 0.000 0.000 0.000 0.000 0.000 0.000 0.000 0.000 0.000 0.000 0.000 0.000 0.000 0.000 0.000 0.000 0.001 0.004 0.008 0.013 0.021 0.030 0.042 0.056 0.074 0.097 0.125 0.159
0.000 0.000 0.000 0.000 0.000 0.000 0.000 0.000 0.000 0.000 0.000 0.000 0.000 0.000 0.000 0.000 0.000 0.000 0.000 0.000 0.000 0.000 0.000 0.000 0.000 0.000 0.000 0.000 0.000 0.000 0.000 0.000 0.000 0.000 0.000 0.000 0.000 0.000 0.000 0.000 0.000 0.000 0.000 0.000 0.000 0.000 0.000 0.000 0.000 0.000 0.000 0.000 0.000 0.000 0.000 0.000 0.000 0.000 0.000 0.000 0.000 0.000 0.000 0.001 0.002 0.006 0.011 0.018 0.027 0.039 0.054 0.073 0.096 0.125 0.159 0.199
0.000 0.000 0.000 0.000 0.000 0.000 0.000 0.000 0.000 0.000 0.000 0.000 0.000 0.000 0.000 0.000 0.000 0.000 0.000 0.000 0.000 0.000 0.000 0.000 0.000 0.000 0.000 0.000 0.000 0.000 0.000 0.000 0.000 0.000 0.000 0.000 0.000 0.000 0.000 0.000 0.000 0.000 0.000 0.000 0.000 0.000 0.000 0.000 0.000 0.000 0.000 0.000 0.000 0.000 0.000 0.000 0.000 0.000 0.000 0.000 0.000 0.000 0.000 0.001 0.003 0.007 0.013 0.021 0.032 0.046 0.065 0.089 0.118 0.153 0.195 0.242
0.000 0.000 0.000 0.000 0.000 0.000 0.000 0.000 0.000 0.000 0.000 0.000 0.000 0.000 0.000 0.000 0.000 0.000 0.000 0.000 0.000 0.000 0.000 0.000 0.000 0.000 0.000 0.000 0.000 0.000 0.000 0.000 0.000 0.000 0.000 0.000 0.000 0.000 0.000 0.000 0.000 0.000 0.000 0.000 0.000 0.000 0.000 0.000 0.000 0.000 0.000 0.000 0.000 0.000 0.000 0.000 0.000 0.000 0.000 0.000 0.000 0.000 0.000 0.001 0.004 0.008 0.015 0.024 0.037 0.053 0.075 0.104 0.140 0.184 0.236 0.288
0.000 0.000 0.000 0.000 0.000 0.000 0.000 0.000 0.000 0.000 0.000 0.000 0.000 0.000 0.000 0.000 0.000 0.000 0.000 0.000 0.000 0.000 0.000 0.000 0.000 0.000 0.000 0.000 0.000 0.000 0.000 0.000 0.000 0.000 0.000 0.000 0.000 0.000 0.000 0.000 0.000 0.000 0.000 0.000 0.000 0.000 0.000 0.000 0.000 0.000 0.000 0.000 0.000 0.000 0.000 0.000 0.000 0.000 0.000 0.000 0.000 0.000 0.001 0.002 0.005 0.010 0.017 0.028 0.042 0.060 0.085 0.118 0.162 0.217 0.282 0.341
0.000 0.000 0.000 0.000 0.000 0.000 0.000 0.000 0.000 0.000 0.000 0.000 0.000 0.000 0.000 0.000 0.000 0.000 0.000 0.000 0.000 0.000 0.000 0.000 0.000 0.000 0.000 0.000 0.000 0.000 0.000 0.000 0.000 0.000 0.000 0.000 0.000 0.000 0.000 0.000 0.000 0.000 0.000 0.000 0.000 0.000 0.000 0.000 0.000 0.000 0.000 0.000 0.000 0.000 0.000 0.000 0.000 0.000 0.000 0.000 0.001 0.002 0.003 0.006 0.010 0.017 0.027 0.039 0.054 0.074 0.101 0.138 0.190 0.259 0.341 0.408
0.000 0.000 0.000 0.000 0.000 0.000 0.000 0.000 0.000 0.000 0.000 0.000 0.000 0.000 0.000 0.000 0.000 0.000 0.000 0.000 0.000 0.000 0.000 0.000 0.000 0.000 0.000 0.000 0.000 0.000 0.000 0.000 0.000 0.000 0.000 0.000 0.000 0.000 0.000 0.000 0.000 0.000 0.000 0.000 0.000 0.000 0.000 0.000 0.000 0.000 0.000 0.000 0.000 0.000 0.000 0.000 0.000 0.001 0.001 0.002 0.004 0.007 0.011 0.019 0.031 0.048 0.066 0.084 0.103 0.126 0.156 0.198 0.261 0.354 0.458 0.533
0.000 0.000 0.000 0.000 0.000 0.000 0.000 0.000 0.000 0.000 0.000 0.000 0.000 0.000 0.000 0.000 0.000 0.000 0.000 0.000 0.000 0.000 0.000 0.000 0.000 0.000 0.000 0.000 0.000 0.000 0.000 0.000 0.000 0.000 0.000 0.000 0.000 0.000 0.000 0.000 0.000 0.000 0.000 0.000 0.000 0.000 0.000 0.000 0.000 0.000 0.000 0.000 0.000 0.000 0.000 0.000 0.001 0.002 0.005 0.009 0.016 0.027 0.045 0.073 0.118 0.173 0.220 0.259 0.292 0.326 0.366 0.420 0.504 0.633 0.764 0.845
0.000 0.000 0.000 0.000 0.000 0.000 0.000 0.000 0.000 0.000 0.000 0.000 0.000 0.000 0.000 0.000 0.000 0.000 0.000 0.000 0.000 0.000 0.000 0.000 0.000 0.000 0.000 0.000 0.000 0.000 0.000 0.000 0.000 0.000 0.000 0.000 0.000 0.000 0.000 0.000 0.000 0.000 0.000 0.000 0.000 0.000 0.000 0.000 0.000 0.000 0.000 0.000 0.000 0.000 0.001 0.002 0.006 0.011 0.021 0.036 0.062 0.104 0.176 0.289 0.450 0.618 0.756 0.864 0.946 1.014 1.079 1.153 1.261 1.421 1.556 1.615
0.000 0.000 0.000 0.000 0.000 0.000 0.000 0.000 0.000 0.000 0.000 0.000 0.000 0.000 0.000 0.000 0.000 0.000 0.000 0.000 0.000 0.000 0.000 0.000 0.000 0.000 0.000 0.000 0.000 0.000 0.000 0.000 0.000 0.000 0.000 0.000 0.000 0.000 0.000 0.000 0.000 0.000 0.000 0.000 0.000 0.000 0.001 0.001 0.001 0.001 0.001 0.001 0.001 0.002 0.005 0.012 0.025 0.047 0.080 0.135 0.229 0.393 0.662 1.044 1.481 1.867 2.168 2.396 2.566 2.692 2.790 2.874 2.974 3.090 3.152 3.134
0.000 0.000 0.000 0.000 0.000 0.000 0.000 0.000 0.000 0.000 0.000 0.000 0.000 0.000 0.000 0.000 0.000 0.000 0.000 0.000 0.000 0.000 0.000 0.000 0.000 0.000 0.000 0.000 0.000 0.000 0.000 0.000 0.000 0.000 0.001 0.001 0.001 0.001 0.001 0.001 0.001 0.001 0.001 0.001 0.002 0.002 0.002 0.003 0.003 0.004 0.004 0.005 0.006 0.011 0.025 0.053 0.101 0.175 0.288 0.476 0.800 1.317 2.034 2.851 3.610 4.223 4.685 5.032 5.292 5.477 5.596 5.663 5.701 5.701 5.630 5.476
0.000 0.000 0.000 0.000 0.000 0.000 0.000 0.000 0.000 0.000 0.000 0.000 0.000 0.000 0.000 0.000 0.000 0.000 0.000 0.000 0.000 0.000 0.000 0.000 0.000 0.000 0.000 0.000 0.000 0.000 0.000 0.001 0.001 0.001 0.002 0.002 0.003 0.003 0.003 0.003 0.004 0.004 0.005 0.006 0.007 0.009 0.010 0.012 0.014 0.015 0.017 0.021 0.030 0.054 0.109 0.214 0.376 0.606 0.947 1.477 2.272 3.364 4.634 5.808 6.782 7.540 8.095 8.496 8.779 8.953 9.043 9.065 9.029 8.921 8.729 8.450
0.000 0.000 0.000 0.000 0.000 0.000 0.000 0.000 0.000 0.000 0.000 0.000 0.000 0.000 0.000 0.000 0.000 0.000 0.000 0.000 0.000 0.000 0.000 0.000 0.000 0.000 0.000 0.000 0.000 0.001 0.001 0.002 0.003 0.005 0.007 0.009 0.010 0.011 0.012 0.013 0.015 0.017 0.020 0.024 0.029 0.035 0.040 0.047 0.053 0.059 0.068 0.085 0.127 0.227 0.434 0.778 1.243 1.824 2.579 3.607 4.972 6.659 8.298 9.600 10.611 11.388 11.947 12.306 12.496 12.570 12.575 12.532 12.438 12.271 12.010 11.685
0.000 0.000 0.000 0.000 0.000 0.000 0.000 0.000 0.000 0.000 0.000 0.000 0.000 0.000 0.000 0.000 0.000 0.000 0.000 0.000 0.000 0.000 0.000 0.000 0.000 0.000 0.001 0.001 0.002 0.002 0.004 0.006 0.010 0.017 0.026 0.032 0.037 0.042 0.046 0.052 0.059 0.068 0.080 0.095 0.112 0.129 0.148 0.169 0.190 0.213 0.249 0.319 0.481 0.823 1.423 2.253 3.210 4.263 5.486 6.998 8.844 10.873 12.560 13.838 14.796 15.515 16.001 16.245 16.306 16.262 16.135 15.993 15.842 15.645 15.366 15.029
0.000 0.000 0.000 0.000 0.000 0.000 0.000 0.000 0.000 0.000 0.000 0.000 0.000 0.000 0.000 0.000 0.000 0.000 0.000 0.000 0.000 0.000 0.000 0.000 0.001 0.001 0.002 0.004 0.006 0.010 0.016 0.024 0.037 0.059 0.086 0.108 0.126 0.145 0.165 0.188 0.215 0.251 0.297 0.342 0.389 0.440 0.495 0.550 0.605 0.672 0.778 0.990 1.434 2.246 3.450 4.885 6.345 7.810 9.356 11.072 13.037 15.238 17.143 18.539 19.466 20.032 20.320 20.377 20.235 19.980 19.696 19.466 19.274 19.052 18.793 18.487
0.000 0.000 0.000 0.000 0.000 0.000 0.000 0.000 0.000 0.000 0.000 0.000 0.000 0.000 0.000 0.000 0.000 0.000 0.000 0.000 0.001 0.001 0.001 0.002 0.003 0.005 0.009 0.016 0.025 0.038 0.057 0.084 0.126 0.186 0.261 0.333 0.399 0.466 0.537 0.616 0.711 0.830 0.951 1.053 1.142 1.231 1.322 1.412 1.508 1.632 1.843 2.276 3.140 4.588 6.362 8.039 9.576 11.113 12.725 14.528 16.636 19.095 21.482 23.266 24.290 24.714 24.744 24.488 23.986 23.570 23.232 22.980 22.789 22.600 22.325 22.080
0.000 0.000 0.000 0.000 0.000 0.000 0.000 0.000 0.000 0.000 0.000 0.000 0.000 0.000 0.000 0.000 0.001 0.001 0.001 0.002 0.002 0.003 0.005 0.008 0.013 0.021 0.036 0.058 0.089 0.130 0.188 0.269 0.380 0.525 0.698 0.883 1.057 1.226 1.399 1.594 1.827 2.098 2.321 2.471 2.566 2.649 2.738 2.837 2.960 3.133 3.448 4.119 5.422 7.293 9.078 10.662 12.222 13.860 15.619 17.591 19.844 22.490 25.228 27.346 28.566 28.911 28.756 28.299 27.621 27.142 26.749 26.495 26.344 26.167 25.885 25.665
0.000 0.000 0.000 0.000 0.000 0.000 0.000 0.000 0.000 0.000 0.000 0.000 0.000 0.001 0.001 0.002 0.002 0.003 0.005 0.007 0.009 0.013 0.020 0.031 0.049 0.080 0.129 0.197 0.286 0.397 0.541 0.723 0.944 1.207 1.518 1.872 2.212 2.529 2.852 3.209 3.639 4.089 4.414 4.572 4.606 4.616 4.653 4.731 4.857 5.052 5.438 6.302 7.799 9.679 11.372 13.020 14.693 16.462 18.365 20.487 22.843 25.550 28.298 30.450 31.784 32.133 32.008 31.664 31.097 30.649 30.343 30.059 29.873 29.607 29.290 29.002
0.000 0.000 0.000 0.000 0.000 0.000 0.000 0.000 0.000 0.000 0.000 0.001 0.001 0.002 0.004 0.006 0.009 0.012 0.017 0.024 0.035 0.050 0.074 0.111 0.172 0.268 0.403 0.570 0.762 0.982 1.240 1.543 1.888 2.283 2.757 3.312 3.842 4.329 4.809 5.310 5.855 6.349 6.682 6.835 6.859 6.842 6.845 6.901 7.026 7.246 7.684 8.624 10.100 11.875 13.602 15.339 17.123 18.993 21.032 23.215 25.587 28.264 30.790 32.783 34.083 34.619 34.761 34.724 34.518 34.344 34.129 33.786 33.436 32.998 32.539 32.053
0.000 0.000 0.000 0.000 0.000 0.000 0.000 0.000 0.000 0.001 0.002 0.003 0.006 0.009 0.014 0.021 0.030 0.043 0.060 0.086 0.122 0.176 0.253 0.365 0.526 0.741 1.005 1.299 1.610 1.946 2.323 2.745 3.210 3.742 4.391 5.112 5.728 6.237 6.714 7.201 7.733 8.219 8.589 8.811 8.960 9.069 9.168 9.264 9.422 9.674 10.151 11.055 12.406 14.056 15.821 17.633 19.536 21.519 23.638 25.839 28.201 30.676 32.836 34.603 35.913 36.720 37.196 37.540 37.703 37.849 37.894 37.620 37.086 36.456 35.799 34.937
0.000 0.000 0.000 0.000 0.000 0.000 0.000 0.001 0.002 0.004 0.007 0.013 0.022 0.034 0.049 0.070 0.098 0.139 0.199 0.282 0.390 0.532 0.716 0.950 1.244 1.596 1.993 2.408 2.833 3.285 3.784 4.322 4.885 5.510 6.208 6.882 7.419 7.875 8.339 8.823 9.364 9.877 10.316 10.663 10.953 11.204 11.457 11.690 11.958 12.278 12.782 13.615 14.832 16.350 18.104 19.964 21.964 24.034 26.200 28.423 30.668 32.873 34.819 36.406 37.712 38.654 39.466 40.214 40.682 41.050 41.292 41.052 40.644 39.988 38.932 37.576
0.000 0.000 0.000 0.000 0.001 0.001 0.002 0.005 0.009 0.017 0.030 0.050 0.077 0.112 0.156 0.213 0.297 0.418 0.579 0.770 0.992 1.254 1.564 1.927 2.351 2.832 3.336 3.846 4.371 4.913 5.465 6.014 6.567 7.155 7.773 8.361 8.866 9.337 9.824 10.317 10.869 11.441 11.948 12.414 12.822 13.212 13.602 13.984 14.412 14.883 15.477 16.304 17.430 18.841 20.525 22.399 24.425 26.569 28.754 30.872 32.888 34.828 36.555 37.967 39.281 40.376 41.464 42.529 43.267 43.828 44.254 43.997 43.537 42.888 41.553 39.803
0.001 0.001 0.001 0.002 0.003 0.005 0.010 0.020 0.038 0.068 0.112 0.171 0.248 0.339 0.446 0.583 0.775 1.028 1.323 1.642 1.983 2.360 2.781 3.259 3.798 4.367 4.911 5.417 5.913 6.410 6.910 7.417 7.943 8.493 9.066 9.633 10.153 10.666 11.177 11.718 12.296 12.910 13.476 14.033 14.558 15.086 15.610 16.144 16.717 17.345 18.104 19.064 20.225 21.599 23.195 25.030 27.060 29.249 31.451 33.451 35.312 37.061 38.569 39.918 41.395 42.675 43.918 45.047 45.640 46.158 46.585 46.333 45.923 45.140 43.564 41.511
0.003 0.004 0.006 0.008 0.013 0.023 0.043 0.082 0.146 0.240 0.364 0.514 0.682 0.864 1.064 1.311 1.636 2.032 2.445 2.861 3.295 3.757 4.247 4.774 5.336 5.881 6.370 6.820 7.259 7.702 8.158 8.620 9.118 9.646 10.202 10.768 11.323 11.889 12.445 13.050 13.657 14.312 14.949 15.575 16.198 16.847 17.493 18.186 18.894 19.694 20.659 21.815 23.130 24.559 26.097 27.879 29.939 32.189 34.364 36.100 37.702 39.313 40.667 42.040 43.664 45.053 46.209 47.192 47.681 48.138 48.556 48.243 47.543 46.390 44.819 42.868
0.012 0.015 0.020 0.029 0.047 0.087 0.163 0.289 0.469 0.691 0.941 1.207 1.482 1.761 2.065 2.436 2.895 3.390 3.854 4.302 4.749 5.199 5.659 6.153 6.692 7.210 7.663 8.084 8.480 8.883 9.301 9.714 10.187 10.702 11.259 11.834 12.415 13.019 13.631 14.292 14.956 15.652 16.342 17.043 17.763 18.524 19.288 20.101 20.949 21.924 23.043 24.363 25.954 27.650 29.301 31.107 33.055 35.075 37.020 38.635 40.159 41.809 43.273 44.796 46.288 47.230 48.054 48.848 49.114 49.332 49.617 49.095 48.225 47.026 45.410 43.696
0.039 0.048 0.065 0.097 0.165 0.295 0.509 0.803 1.153 1.526 1.906 2.275 2.639 3.007 3.421 3.924 4.467 4.940 5.342 5.728 6.118 6.516 6.938 7.393 7.899 8.405 8.846 9.236 9.607 9.970 10.340 10.729 11.171 11.664 12.217 12.795 13.420 14.070 14.758 15.475 16.202 16.950 17.679 18.433 19.222 20.090 21.003 21.954 22.927 24.035 25.209 26.678 28.541 30.509 32.342 34.205 35.968 37.657 39.354 40.898 42.597 44.497 46.062 47.390 48.572 49.257 49.810 50.215 50.114 50.200 50.402 49.671 48.611 47.448 46.042 44.641
0.114 0.143 0.196 0.299 0.484 0.782 1.205 1.692 2.158 2.574 2.966 3.359 3.779 4.250 4.797 5.374 5.886 6.288 6.635 6.980 7.347 7.732 8.143 8.573 9.045 9.512 9.923 10.275 10.619 10.948 11.280 11.652 12.073 12.555 13.104 13.689 14.335 15.026 15.773 16.545 17.336 18.154 18.959 19.770 20.635 21.605 22.644 23.753 24.830 26.061 27.282 28.807 30.802 32.922 34.938 36.803 38.210 39.557 41.181 42.799 44.642 46.574 48.069 49.334 50.322 50.565 50.795 51.109 50.833 50.768 50.815 50.048 49.018 48.191 47.032 45.860
