RESULTS/r.avaflow_results/14b_results/14b_ascii/14b_hflow30036.asc
ncols 506
nrows 317
xllcenter 498237.50
yllcenter 5580050.00
cellsize 12.50
NODATA_value -9999.000
[rows 204 to 237 of 317, columns 385 to 461 of 506]
0.783 0.683 0.543 0.391 0.280 0.207 0.165 0.144 0.136 0.136 0.142 0.160 0.202 0.282 0.351 0.369 0.347 0.275 0.175 0.109 0.077 0.064 0.060 0.059 0.058 0.055 0.044 0.029 0.019 0.014 0.010 0.007 0.005 0.004 0.003 0.002 0.001 0.000 0.000 0.000 0.000 0.000 0.000 0.000 0.000 0.000 0.000 0.000 0.000 0.000 0.000 0.000 0.000 0.000 0.000 0.000 0.000 0.000 0.000 0.000 0.000 0.000 0.000 0.000 0.000 0.000 0.000 0.000 0.000 0.000 0.000 0.000 0.000 0.000 0.000 0.000 0.000
1.005 0.909 0.737 0.517 0.350 0.247 0.191 0.166 0.159 0.162 0.175 0.207 0.275 0.400 0.519 0.560 0.546 0.472 0.340 0.224 0.159 0.132 0.124 0.124 0.124 0.116 0.088 0.050 0.030 0.020 0.014 0.011 0.008 0.006 0.004 0.003 0.002 0.001 0.001 0.000 0.000 0.000 0.000 0.000 0.000 0.000 0.000 0.000 0.000 0.000 0.000 0.000 0.000 0.000 0.000 0.000 0.000 0.000 0.000 0.000 0.000 0.000 0.000 0.000 0.000 0.000 0.000 0.000 0.000 0.000 0.000 0.000 0.000 0.000 0.000 0.000 0.000
1.131 1.056 0.898 0.659 0.439 0.302 0.228 0.197 0.190 0.195 0.217 0.270 0.371 0.550 0.729 0.808 0.811 0.752 0.617 0.455 0.352 0.307 0.297 0.299 0.300 0.276 0.198 0.101 0.052 0.030 0.021 0.015 0.011 0.009 0.007 0.005 0.003 0.002 0.001 0.001 0.000 0.000 0.000 0.000 0.000 0.000 0.000 0.000 0.000 0.000 0.000 0.000 0.000 0.000 0.000 0.000 0.000 0.000 0.000 0.000 0.000 0.000 0.000 0.000 0.000 0.000 0.000 0.000 0.000 0.000 0.000 0.000 0.000 0.000 0.000 0.000 0.000
1.177 1.130 1.009 0.802 0.557 0.384 0.288 0.248 0.240 0.247 0.279 0.353 0.494 0.730 0.979 1.117 1.155 1.130 1.028 0.857 0.732 0.683 0.681 0.702 0.707 0.647 0.462 0.227 0.102 0.052 0.031 0.021 0.015 0.012 0.009 0.007 0.005 0.004 0.003 0.002 0.001 0.001 0.000 0.000 0.000 0.000 0.000 0.000 0.000 0.000 0.000 0.000 0.000 0.000 0.000 0.000 0.000 0.000 0.000 0.000 0.000 0.000 0.000 0.000 0.000 0.000 0.000 0.000 0.000 0.000 0.000 0.000 0.000 0.000 0.000 0.000 0.000
1.179 1.150 1.066 0.911 0.691 0.502 0.387 0.336 0.327 0.335 0.374 0.466 0.638 0.905 1.205 1.414 1.520 1.543 1.504 1.390 1.280 1.246 1.264 1.331 1.351 1.259 0.943 0.487 0.213 0.096 0.050 0.031 0.021 0.016 0.013 0.010 0.008 0.006 0.005 0.003 0.002 0.001 0.001 0.000 0.000 0.000 0.000 0.000 0.000 0.000 0.000 0.000 0.000 0.000 0.000 0.000 0.000 0.000 0.000 0.000 0.000 0.000 0.000 0.000 0.000 0.000 0.000 0.000 0.000 0.000 0.000 0.000 0.000 0.000 0.000 0.000 0.000
1.146 1.135 1.078 0.966 0.795 0.625 0.515 0.463 0.452 0.460 0.501 0.595 0.768 1.041 1.376 1.631 1.785 1.843 1.841 1.784 1.692 1.657 1.680 1.791 1.864 1.808 1.488 0.893 0.414 0.184 0.088 0.048 0.031 0.022 0.017 0.014 0.011 0.009 0.007 0.005 0.004 0.003 0.002 0.001 0.000 0.000 0.000 0.000 0.000 0.000 0.000 0.000 0.000 0.000 0.000 0.000 0.000 0.000 0.000 0.000 0.000 0.000 0.000 0.000 0.000 0.000 0.000 0.000 0.000 0.000 0.000 0.000 0.000 0.000 0.000 0.000 0.000
1.055 1.076 1.052 0.975 0.846 0.705 0.608 0.560 0.549 0.558 0.597 0.686 0.852 1.130 1.488 1.758 1.922 1.995 2.009 1.986 1.915 1.869 1.883 2.007 2.130 2.116 1.873 1.326 0.715 0.345 0.164 0.084 0.049 0.033 0.025 0.020 0.016 0.013 0.010 0.008 0.006 0.004 0.003 0.002 0.001 0.000 0.000 0.000 0.000 0.000 0.000 0.000 0.000 0.000 0.000 0.000 0.000 0.000 0.000 0.000 0.000 0.000 0.000 0.000 0.000 0.000 0.000 0.000 0.000 0.000 0.000 0.000 0.000 0.000 0.000 0.000 0.000
0.889 0.959 0.973 0.941 0.854 0.736 0.651 0.608 0.597 0.605 0.643 0.727 0.888 1.171 1.541 1.802 1.951 2.022 2.043 2.035 1.988 1.946 1.958 2.090 2.253 2.278 2.133 1.728 1.124 0.618 0.316 0.161 0.089 0.056 0.040 0.030 0.024 0.019 0.015 0.012 0.009 0.007 0.005 0.003 0.002 0.001 0.001 0.000 0.000 0.000 0.000 0.000 0.000 0.000 0.000 0.000 0.000 0.000 0.000 0.000 0.000 0.000 0.000 0.000 0.000 0.000 0.000 0.000 0.000 0.000 0.000 0.000 0.000 0.000 0.000 0.000 0.000
0.639 0.767 0.831 0.844 0.811 0.732 0.656 0.616 0.605 0.613 0.649 0.730 0.888 1.175 1.541 1.781 1.897 1.952 1.985 1.999 1.978 1.953 1.981 2.138 2.338 2.401 2.344 2.112 1.649 1.058 0.599 0.327 0.182 0.110 0.074 0.054 0.040 0.030 0.022 0.017 0.013 0.010 0.007 0.005 0.004 0.002 0.001 0.001 0.000 0.000 0.000 0.000 0.000 0.000 0.000 0.000 0.000 0.000 0.000 0.000 0.000 0.000 0.000 0.000 0.000 0.000 0.000 0.000 0.000 0.000 0.000 0.000 0.000 0.000 0.000 0.000 0.000
0.387 0.508 0.613 0.673 0.691 0.668 0.623 0.591 0.581 0.587 0.618 0.694 0.848 1.129 1.453 1.636 1.704 1.740 1.781 1.832 1.872 1.909 1.994 2.199 2.433 2.545 2.555 2.442 2.124 1.591 1.029 0.624 0.375 0.235 0.158 0.112 0.081 0.056 0.038 0.027 0.019 0.014 0.011 0.008 0.006 0.004 0.003 0.002 0.001 0.000 0.000 0.000 0.000 0.000 0.000 0.000 0.000 0.000 0.000 0.000 0.000 0.000 0.000 0.000 0.000 0.000 0.000 0.000 0.000 0.000 0.000 0.000 0.000 0.000 0.000 0.000 0.000
0.222 0.286 0.365 0.440 0.494 0.521 0.520 0.508 0.501 0.503 0.525 0.593 0.739 0.985 1.208 1.314 1.348 1.371 1.412 1.492 1.611 1.771 2.010 2.334 2.602 2.742 2.766 2.676 2.405 1.940 1.407 0.986 0.678 0.473 0.344 0.257 0.191 0.133 0.084 0.050 0.032 0.021 0.015 0.011 0.008 0.006 0.004 0.003 0.002 0.001 0.000 0.000 0.000 0.000 0.000 0.000 0.000 0.000 0.000 0.000 0.000 0.000 0.000 0.000 0.000 0.000 0.000 0.000 0.000 0.000 0.000 0.000 0.000 0.000 0.000 0.000 0.000
0.133 0.159 0.198 0.250 0.300 0.335 0.354 0.360 0.360 0.361 0.381 0.450 0.587 0.754 0.864 0.918 0.948 0.977 1.021 1.105 1.261 1.544 1.985 2.454 2.753 2.879 2.888 2.784 2.506 2.065 1.612 1.268 1.013 0.823 0.683 0.571 0.468 0.356 0.233 0.126 0.065 0.036 0.023 0.016 0.012 0.009 0.006 0.004 0.003 0.002 0.001 0.000 0.000 0.000 0.000 0.000 0.000 0.000 0.000 0.000 0.000 0.000 0.000 0.000 0.000 0.000 0.000 0.000 0.000 0.000 0.000 0.000 0.000 0.000 0.000 0.000 0.000
0.093 0.100 0.115 0.141 0.176 0.206 0.223 0.233 0.240 0.251 0.283 0.363 0.495 0.599 0.649 0.675 0.701 0.732 0.780 0.867 1.036 1.360 1.909 2.472 2.798 2.916 2.911 2.789 2.497 2.056 1.685 1.451 1.313 1.232 1.183 1.123 1.031 0.884 0.659 0.378 0.173 0.078 0.040 0.024 0.016 0.012 0.009 0.006 0.005 0.003 0.002 0.001 0.001 0.000 0.000 0.000 0.000 0.000 0.000 0.000 0.000 0.000 0.000 0.000 0.000 0.000 0.000 0.000 0.000 0.000 0.000 0.000 0.000 0.000 0.000 0.000 0.000
0.077 0.078 0.083 0.094 0.113 0.135 0.152 0.165 0.178 0.197 0.238 0.324 0.452 0.532 0.562 0.578 0.596 0.623 0.670 0.762 0.934 1.252 1.795 2.403 2.763 2.882 2.860 2.705 2.379 1.979 1.717 1.600 1.578 1.657 1.825 1.925 1.918 1.811 1.522 1.014 0.490 0.200 0.081 0.040 0.024 0.016 0.012 0.009 0.007 0.005 0.003 0.002 0.001 0.001 0.000 0.000 0.000 0.000 0.000 0.000 0.000 0.000 0.000 0.000 0.000 0.000 0.000 0.000 0.000 0.000 0.000 0.000 0.000 0.000 0.000 0.000 0.000
0.073 0.073 0.074 0.079 0.090 0.106 0.122 0.138 0.154 0.178 0.222 0.305 0.428 0.514 0.549 0.565 0.581 0.603 0.648 0.741 0.912 1.210 1.694 2.259 2.616 2.731 2.694 2.513 2.188 1.898 1.760 1.739 1.827 2.075 2.449 2.703 2.794 2.762 2.512 1.937 1.112 0.486 0.181 0.072 0.036 0.023 0.016 0.012 0.009 0.007 0.005 0.004 0.003 0.002 0.001 0.000 0.000 0.000 0.000 0.000 0.000 0.000 0.000 0.000 0.000 0.000 0.000 0.000 0.000 0.000 0.000 0.000 0.000 0.000 0.000 0.000 0.000
0.074 0.073 0.074 0.077 0.086 0.099 0.114 0.130 0.149 0.175 0.217 0.291 0.405 0.512 0.570 0.597 0.616 0.638 0.680 0.769 0.934 1.215 1.660 2.134 2.414 2.503 2.480 2.342 2.088 1.892 1.835 1.887 2.089 2.476 2.918 3.206 3.325 3.306 3.073 2.529 1.665 0.842 0.348 0.132 0.059 0.033 0.022 0.016 0.012 0.009 0.007 0.006 0.004 0.003 0.002 0.001 0.000 0.000 0.000 0.000 0.000 0.000 0.000 0.000 0.000 0.000 0.000 0.000 0.000 0.000 0.000 0.000 0.000 0.000 0.000 0.000 0.000
0.082 0.081 0.081 0.084 0.090 0.101 0.115 0.131 0.151 0.177 0.216 0.280 0.385 0.521 0.632 0.693 0.729 0.763 0.812 0.902 1.055 1.304 1.695 2.088 2.303 2.371 2.362 2.275 2.082 1.962 1.963 2.092 2.404 2.842 3.213 3.441 3.524 3.486 3.241 2.726 1.921 1.077 0.514 0.220 0.098 0.051 0.031 0.022 0.016 0.013 0.010 0.008 0.006 0.004 0.003 0.002 0.001 0.001 0.000 0.000 0.000 0.000 0.000 0.000 0.000 0.000 0.000 0.000 0.000 0.000 0.000 0.000 0.000 0.000 0.000 0.000 0.000
0.110 0.107 0.106 0.107 0.110 0.117 0.127 0.141 0.159 0.183 0.218 0.275 0.373 0.531 0.714 0.843 0.927 1.001 1.085 1.197 1.347 1.544 1.824 2.110 2.276 2.330 2.327 2.268 2.152 2.109 2.166 2.379 2.748 3.111 3.354 3.493 3.537 3.484 3.231 2.733 1.990 1.219 0.671 0.339 0.168 0.087 0.050 0.032 0.023 0.017 0.014 0.011 0.009 0.007 0.005 0.004 0.002 0.002 0.001 0.000 0.000 0.000 0.000 0.000 0.000 0.000 0.000 0.000 0.000 0.000 0.000 0.000 0.000 0.000 0.000 0.000 0.000
0.166 0.164 0.163 0.162 0.161 0.160 0.162 0.169 0.181 0.198 0.226 0.276 0.371 0.538 0.767 0.960 1.110 1.252 1.403 1.578 1.747 1.898 2.047 2.189 2.288 2.330 2.331 2.306 2.278 2.300 2.411 2.673 3.016 3.259 3.398 3.469 3.483 3.404 3.142 2.667 1.997 1.338 0.852 0.519 0.304 0.170 0.093 0.054 0.034 0.024 0.019 0.015 0.012 0.009 0.007 0.006 0.004 0.003 0.002 0.001 0.000 0.000 0.000 0.000 0.000 0.000 0.000 0.000 0.000 0.000 0.000 0.000 0.000 0.000 0.000 0.000 0.000
0.254 0.264 0.271 0.270 0.263 0.249 0.236 0.229 0.230 0.238 0.255 0.296 0.388 0.559 0.802 1.025 1.208 1.387 1.578 1.795 1.984 2.127 2.229 2.294 2.338 2.364 2.378 2.391 2.417 2.475 2.614 2.883 3.159 3.312 3.385 3.406 3.381 3.264 2.986 2.549 1.993 1.486 1.106 0.815 0.576 0.371 0.212 0.112 0.062 0.038 0.027 0.020 0.016 0.013 0.010 0.008 0.006 0.005 0.003 0.002 0.001 0.001 0.000 0.000 0.000 0.000 0.000 0.000 0.000 0.000 0.000 0.000 0.000 0.000 0.000 0.000 0.000
0.376 0.420 0.446 0.449 0.438 0.411 0.374 0.344 0.329 0.326 0.333 0.365 0.448 0.606 0.833 1.056 1.243 1.426 1.624 1.852 2.055 2.211 2.326 2.394 2.431 2.459 2.488 2.522 2.571 2.647 2.787 3.020 3.213 3.304 3.330 3.310 3.244 3.097 2.838 2.486 2.086 1.760 1.519 1.308 1.087 0.826 0.531 0.283 0.140 0.074 0.045 0.031 0.023 0.018 0.014 0.011 0.009 0.007 0.005 0.003 0.002 0.001 0.001 0.000 0.000 0.000 0.000 0.000 0.000 0.000 0.000 0.000 0.000 0.000 0.000 0.000 0.000
0.514 0.588 0.648 0.672 0.670 0.644 0.593 0.536 0.498 0.482 0.482 0.501 0.561 0.681 0.861 1.064 1.247 1.423 1.611 1.830 2.040 2.210 2.360 2.489 2.582 2.643 2.687 2.728 2.776 2.840 2.946 3.105 3.216 3.247 3.218 3.143 3.043 2.907 2.730 2.522 2.352 2.261 2.189 2.094 1.933 1.659 1.234 0.738 0.376 0.183 0.096 0.055 0.035 0.025 0.019 0.015 0.012 0.009 0.007 0.005 0.004 0.003 0.002 0.001 0.000 0.000 0.000 0.000 0.000 0.000 0.000 0.000 0.000 0.000 0.000 0.000 0.000
0.623 0.697 0.780 0.826 0.836 0.825 0.791 0.736 0.680 0.643 0.628 0.630 0.658 0.733 0.870 1.056 1.227 1.386 1.548 1.732 1.938 2.141 2.341 2.540 2.709 2.820 2.878 2.916 2.952 2.995 3.057 3.137 3.171 3.133 3.015 2.891 2.811 2.748 2.685 2.655 2.765 2.971 3.102 3.138 3.070 2.855 2.401 1.700 0.988 0.516 0.255 0.126 0.067 0.040 0.027 0.021 0.016 0.013 0.010 0.008 0.006 0.004 0.003 0.002 0.001 0.000 0.000 0.000 0.000 0.000 0.000 0.000 0.000 0.000 0.000 0.000 0.000
0.690 0.750 0.839 0.901 0.921 0.919 0.897 0.852 0.787 0.731 0.700 0.689 0.698 0.746 0.855 1.013 1.159 1.287 1.414 1.553 1.732 1.964 2.246 2.530 2.746 2.880 2.946 2.983 3.015 3.048 3.086 3.110 3.078 2.955 2.799 2.714 2.690 2.694 2.731 2.864 3.173 3.541 3.772 3.902 3.957 3.906 3.673 3.095 2.196 1.329 0.721 0.348 0.159 0.079 0.045 0.030 0.022 0.017 0.014 0.011 0.009 0.006 0.005 0.003 0.002 0.001 0.000 0.000 0.000 0.000 0.000 0.000 0.000 0.000 0.000 0.000 0.000
0.716 0.763 0.851 0.920 0.945 0.945 0.930 0.889 0.822 0.757 0.716 0.698 0.699 0.727 0.800 0.911 1.017 1.107 1.195 1.292 1.435 1.672 2.028 2.416 2.689 2.844 2.915 2.952 2.981 3.006 3.017 2.998 2.916 2.770 2.672 2.651 2.677 2.737 2.860 3.112 3.508 3.872 4.110 4.284 4.440 4.539 4.504 4.229 3.630 2.722 1.721 0.905 0.418 0.184 0.089 0.051 0.033 0.024 0.019 0.015 0.012 0.009 0.007 0.005 0.003 0.002 0.001 0.000 0.000 0.000 0.000 0.000 0.000 0.000 0.000 0.000 0.000
0.716 0.756 0.839 0.908 0.934 0.934 0.918 0.877 0.809 0.742 0.695 0.668 0.656 0.660 0.686 0.737 0.789 0.834 0.886 0.956 1.075 1.300 1.677 2.143 2.477 2.662 2.747 2.785 2.805 2.811 2.803 2.769 2.699 2.626 2.607 2.644 2.735 2.877 3.081 3.373 3.752 4.048 4.244 4.408 4.594 4.797 4.888 4.827 4.541 3.958 3.032 1.914 0.995 0.462 0.207 0.100 0.056 0.036 0.026 0.020 0.016 0.012 0.009 0.007 0.005 0.003 0.002 0.001 0.000 0.000 0.000 0.000 0.000 0.000 0.000 0.000 0.000
0.694 0.717 0.783 0.846 0.869 0.867 0.844 0.795 0.724 0.655 0.603 0.565 0.537 0.518 0.507 0.508 0.521 0.549 0.596 0.672 0.794 1.002 1.344 1.826 2.223 2.453 2.555 2.593 2.604 2.606 2.599 2.580 2.556 2.548 2.580 2.680 2.852 3.065 3.293 3.564 3.899 4.144 4.301 4.437 4.601 4.826 4.968 4.993 4.893 4.564 3.947 3.036 1.974 1.061 0.506 0.229 0.111 0.062 0.039 0.028 0.021 0.017 0.013 0.010 0.007 0.005 0.003 0.002 0.001 0.000 0.000 0.000 0.000 0.000 0.000 0.000 0.000
0.635 0.635 0.667 0.708 0.721 0.711 0.674 0.609 0.532 0.467 0.416 0.376 0.344 0.322 0.314 0.314 0.323 0.347 0.395 0.475 0.603 0.804 1.130 1.627 2.104 2.383 2.498 2.531 2.537 2.534 2.523 2.511 2.508 2.523 2.587 2.741 2.983 3.227 3.450 3.699 3.995 4.206 4.330 4.436 4.564 4.756 4.909 4.954 4.904 4.703 4.337 3.798 3.045 2.074 1.133 0.540 0.244 0.120 0.067 0.043 0.031 0.023 0.018 0.014 0.010 0.007 0.005 0.003 0.001 0.000 0.000 0.000 0.000 0.000 0.000 0.000 0.000
0.537 0.502 0.490 0.490 0.483 0.461 0.415 0.350 0.293 0.252 0.222 0.200 0.187 0.182 0.182 0.187 0.198 0.220 0.263 0.339 0.466 0.667 0.995 1.523 2.080 2.403 2.525 2.551 2.551 2.539 2.518 2.507 2.507 2.535 2.634 2.844 3.139 3.388 3.599 3.824 4.077 4.251 4.343 4.410 4.482 4.589 4.701 4.747 4.733 4.629 4.430 4.163 3.766 3.109 2.118 1.140 0.539 0.253 0.129 0.074 0.048 0.034 0.025 0.019 0.014 0.010 0.007 0.004 0.002 0.001 0.000 0.000 0.000 0.000 0.000 0.000 0.000
0.425 0.356 0.315 0.288 0.267 0.244 0.213 0.176 0.147 0.128 0.114 0.107 0.103 0.104 0.107 0.112 0.123 0.141 0.176 0.242 0.358 0.555 0.893 1.459 2.106 2.500 2.646 2.663 2.650 2.614 2.564 2.544 2.549 2.607 2.772 3.065 3.383 3.610 3.790 3.972 4.152 4.271 4.329 4.349 4.344 4.331 4.346 4.361 4.373 4.390 4.360 4.270 4.100 3.720 2.982 1.930 1.039 0.519 0.263 0.142 0.084 0.054 0.037 0.027 0.019 0.014 0.009 0.005 0.003 0.001 0.000 0.000 0.000 0.000 0.000 0.000 0.000
0.317 0.241 0.195 0.166 0.144 0.126 0.108 0.091 0.078 0.070 0.065 0.062 0.062 0.063 0.066 0.071 0.079 0.093 0.120 0.171 0.270 0.455 0.796 1.400 2.125 2.575 2.755 2.791 2.788 2.756 2.690 2.655 2.670 2.791 3.072 3.456 3.757 3.924 4.025 4.113 4.194 4.250 4.267 4.224 4.106 3.939 3.833 3.804 3.838 3.978 4.160 4.226 4.173 3.959 3.428 2.504 1.480 0.791 0.413 0.223 0.128 0.079 0.052 0.035 0.024 0.016 0.010 0.006 0.003 0.001 0.000 0.000 0.000 0.000 0.000 0.000 0.000
0.210 0.153 0.119 0.098 0.082 0.070 0.060 0.052 0.046 0.042 0.041 0.040 0.041 0.042 0.044 0.048 0.053 0.063 0.082 0.120 0.198 0.359 0.690 1.305 2.083 2.569 2.766 2.816 2.822 2.814 2.802 2.820 2.904 3.128 3.493 3.829 4.026 4.110 4.142 4.161 4.171 4.149 4.082 3.927 3.639 3.296 3.085 3.032 3.108 3.381 3.797 4.036 4.085 3.966 3.549 2.743 1.681 0.913 0.479 0.261 0.150 0.092 0.059 0.040 0.027 0.018 0.011 0.006 0.003 0.001 0.000 0.000 0.000 0.000 0.000 0.000 0.000
0.122 0.091 0.072 0.060 0.051 0.044 0.038 0.034 0.031 0.029 0.028 0.028 0.029 0.030 0.032 0.034 0.038 0.045 0.058 0.083 0.138 0.264 0.547 1.107 1.885 2.415 2.647 2.720 2.752 2.778 2.825 2.940 3.146 3.447 3.770 3.992 4.104 4.139 4.128 4.074 3.967 3.806 3.583 3.254 2.763 2.287 2.026 1.980 2.116 2.517 3.133 3.569 3.738 3.716 3.416 2.706 1.682 0.914 0.480 0.262 0.152 0.094 0.061 0.041 0.028 0.018 0.011 0.007 0.003 0.001 0.000 0.000 0.000 0.000 0.000 0.000 0.000
0.067 0.053 0.044 0.038 0.034 0.030 0.026 0.024 0.022 0.021 0.021 0.021 0.022 0.023 0.024 0.026 0.029 0.034 0.042 0.059 0.094 0.172 0.362 0.780 1.444 1.994 2.285 2.428 2.531 2.634 2.769 2.975 3.257 3.573 3.830 3.978 4.021 3.971 3.837 3.608 3.294 2.930 2.519 2.036 1.527 1.162 0.998 0.977 1.078 1.404 2.012 2.602 2.896 2.940 2.769 2.251 1.429 0.776 0.410 0.227 0.135 0.086 0.057 0.039 0.027 0.018 0.011 0.006 0.003 0.001 0.000 0.000 0.000 0.000 0.000 0.000 0.000
