RESULTS/r.avaflow_results/14b_results/14b_ascii/14b_hflow0052.asc
ncols 506
nrows 317
xllcenter 498237.50
yllcenter 5580050.00
cellsize 12.50
NODATA_value -9999.000
[rows 204 to 237 of 317, columns 304 to 379 of 506]
0.136 0.139 0.142 0.147 0.157 0.171 0.191 0.220 0.271 0.347 0.418 0.462 0.483 0.487 0.478 0.455 0.422 0.401 0.395 0.402 0.429 0.482 0.543 0.579 0.589 0.582 0.556 0.514 0.466 0.429 0.406 0.391 0.379 0.366 0.341 0.299 0.245 0.206 0.180 0.164 0.157 0.156 0.160 0.181 0.228 0.292 0.334 0.349 0.350 0.339 0.313 0.269 0.214 0.171 0.145 0.133 0.127 0.125 0.124 0.125 0.132 0.153 0.196 0.272 0.395 0.569 0.749 0.885 0.984 1.061 1.116 1.142 1.136 1.086 0.975 0.853
0.152 0.159 0.165 0.172 0.181 0.189 0.197 0.211 0.237 0.278 0.332 0.384 0.424 0.445 0.447 0.434 0.407 0.393 0.392 0.409 0.451 0.509 0.556 0.582 0.587 0.579 0.554 0.511 0.462 0.426 0.401 0.385 0.373 0.359 0.336 0.294 0.242 0.205 0.182 0.172 0.168 0.169 0.177 0.199 0.241 0.284 0.301 0.302 0.293 0.273 0.242 0.200 0.160 0.132 0.116 0.109 0.106 0.105 0.105 0.106 0.113 0.134 0.178 0.248 0.341 0.444 0.535 0.605 0.665 0.725 0.787 0.836 0.858 0.861 0.831 0.786
0.184 0.194 0.200 0.205 0.208 0.203 0.198 0.197 0.203 0.217 0.243 0.280 0.327 0.368 0.387 0.387 0.376 0.370 0.377 0.405 0.453 0.505 0.538 0.551 0.552 0.545 0.525 0.489 0.444 0.406 0.380 0.362 0.348 0.334 0.312 0.276 0.232 0.201 0.184 0.178 0.178 0.184 0.198 0.226 0.261 0.285 0.290 0.283 0.265 0.237 0.202 0.164 0.133 0.113 0.102 0.097 0.095 0.094 0.094 0.096 0.105 0.128 0.174 0.242 0.317 0.377 0.421 0.453 0.480 0.508 0.542 0.575 0.602 0.623 0.643 0.670
0.221 0.229 0.231 0.230 0.224 0.210 0.192 0.181 0.176 0.177 0.185 0.202 0.229 0.266 0.296 0.313 0.322 0.329 0.346 0.380 0.423 0.453 0.466 0.468 0.467 0.464 0.456 0.435 0.400 0.364 0.337 0.317 0.300 0.284 0.266 0.240 0.213 0.194 0.185 0.183 0.186 0.197 0.219 0.251 0.279 0.291 0.291 0.281 0.258 0.225 0.185 0.150 0.123 0.106 0.096 0.091 0.089 0.089 0.090 0.093 0.103 0.128 0.174 0.243 0.303 0.341 0.364 0.377 0.387 0.394 0.404 0.418 0.437 0.461 0.496 0.547
0.241 0.247 0.246 0.241 0.229 0.208 0.182 0.162 0.151 0.146 0.145 0.149 0.161 0.180 0.201 0.223 0.245 0.268 0.292 0.317 0.334 0.336 0.331 0.328 0.329 0.336 0.343 0.339 0.324 0.299 0.276 0.257 0.241 0.227 0.213 0.201 0.190 0.185 0.184 0.186 0.193 0.206 0.231 0.267 0.293 0.302 0.300 0.286 0.261 0.225 0.183 0.148 0.122 0.105 0.095 0.090 0.088 0.088 0.089 0.093 0.104 0.129 0.177 0.244 0.294 0.322 0.335 0.341 0.342 0.339 0.333 0.330 0.336 0.354 0.388 0.444
0.247 0.250 0.249 0.242 0.225 0.198 0.166 0.141 0.126 0.117 0.113 0.112 0.114 0.121 0.133 0.148 0.169 0.192 0.208 0.214 0.210 0.202 0.196 0.195 0.200 0.214 0.232 0.241 0.242 0.236 0.226 0.215 0.203 0.190 0.181 0.176 0.175 0.176 0.180 0.187 0.197 0.210 0.235 0.274 0.306 0.319 0.318 0.304 0.277 0.240 0.196 0.157 0.127 0.108 0.096 0.090 0.088 0.088 0.089 0.094 0.107 0.132 0.180 0.244 0.290 0.314 0.324 0.327 0.325 0.318 0.301 0.283 0.279 0.287 0.312 0.358
0.244 0.245 0.241 0.227 0.203 0.170 0.138 0.115 0.099 0.090 0.085 0.083 0.082 0.084 0.089 0.098 0.112 0.126 0.131 0.131 0.126 0.119 0.117 0.117 0.124 0.139 0.161 0.180 0.190 0.194 0.194 0.190 0.182 0.172 0.166 0.164 0.165 0.170 0.178 0.188 0.198 0.212 0.236 0.277 0.321 0.344 0.349 0.341 0.320 0.287 0.244 0.196 0.153 0.123 0.105 0.096 0.092 0.092 0.094 0.099 0.112 0.137 0.182 0.242 0.287 0.312 0.322 0.325 0.323 0.315 0.294 0.264 0.248 0.248 0.261 0.290
0.231 0.227 0.214 0.190 0.157 0.124 0.099 0.084 0.074 0.067 0.064 0.062 0.061 0.061 0.062 0.067 0.076 0.082 0.084 0.083 0.081 0.078 0.077 0.079 0.085 0.099 0.121 0.144 0.161 0.171 0.175 0.175 0.172 0.165 0.160 0.159 0.161 0.167 0.176 0.187 0.198 0.212 0.236 0.280 0.340 0.387 0.409 0.415 0.407 0.388 0.351 0.293 0.224 0.168 0.133 0.114 0.106 0.104 0.105 0.110 0.122 0.145 0.184 0.237 0.284 0.314 0.328 0.332 0.331 0.322 0.299 0.263 0.238 0.229 0.230 0.241
0.200 0.189 0.165 0.132 0.102 0.081 0.068 0.060 0.054 0.051 0.048 0.047 0.046 0.046 0.047 0.049 0.053 0.057 0.058 0.059 0.058 0.057 0.058 0.060 0.067 0.079 0.099 0.124 0.143 0.156 0.164 0.166 0.166 0.162 0.159 0.158 0.160 0.166 0.175 0.185 0.197 0.213 0.240 0.291 0.371 0.461 0.524 0.560 0.573 0.571 0.545 0.479 0.373 0.269 0.200 0.161 0.141 0.133 0.131 0.133 0.141 0.159 0.189 0.233 0.281 0.325 0.353 0.365 0.366 0.357 0.329 0.282 0.243 0.222 0.211 0.207
0.148 0.130 0.106 0.082 0.065 0.055 0.049 0.044 0.041 0.039 0.038 0.038 0.037 0.037 0.038 0.039 0.041 0.043 0.044 0.045 0.046 0.047 0.049 0.051 0.058 0.069 0.088 0.111 0.131 0.146 0.156 0.160 0.161 0.160 0.158 0.158 0.160 0.165 0.173 0.182 0.194 0.212 0.247 0.314 0.421 0.565 0.696 0.784 0.831 0.843 0.825 0.752 0.614 0.446 0.328 0.259 0.219 0.195 0.183 0.177 0.179 0.187 0.205 0.236 0.284 0.351 0.417 0.450 0.457 0.448 0.412 0.346 0.275 0.231 0.204 0.187
0.095 0.081 0.065 0.053 0.045 0.041 0.038 0.036 0.034 0.033 0.032 0.031 0.031 0.031 0.032 0.032 0.034 0.035 0.036 0.038 0.039 0.041 0.044 0.047 0.054 0.065 0.083 0.104 0.123 0.137 0.148 0.155 0.158 0.158 0.158 0.158 0.159 0.163 0.168 0.176 0.187 0.208 0.250 0.328 0.456 0.636 0.826 0.965 1.044 1.068 1.055 0.987 0.848 0.660 0.513 0.416 0.352 0.308 0.276 0.254 0.240 0.234 0.237 0.255 0.302 0.398 0.525 0.605 0.630 0.623 0.578 0.485 0.361 0.266 0.211 0.181
0.062 0.053 0.044 0.038 0.035 0.033 0.032 0.031 0.029 0.029 0.028 0.027 0.027 0.028 0.028 0.028 0.029 0.030 0.032 0.033 0.035 0.037 0.040 0.045 0.053 0.065 0.081 0.101 0.118 0.131 0.141 0.149 0.154 0.156 0.157 0.156 0.155 0.157 0.160 0.165 0.176 0.199 0.245 0.330 0.467 0.661 0.882 1.049 1.146 1.180 1.173 1.114 0.985 0.801 0.652 0.549 0.473 0.416 0.370 0.334 0.307 0.291 0.286 0.295 0.342 0.446 0.606 0.746 0.816 0.828 0.797 0.698 0.523 0.346 0.240 0.187
0.044 0.038 0.034 0.031 0.030 0.029 0.028 0.027 0.027 0.026 0.025 0.025 0.025 0.025 0.025 0.026 0.027 0.028 0.029 0.030 0.032 0.035 0.039 0.044 0.052 0.065 0.081 0.101 0.116 0.128 0.137 0.145 0.150 0.152 0.152 0.151 0.148 0.147 0.147 0.150 0.159 0.181 0.230 0.319 0.458 0.654 0.884 1.060 1.165 1.204 1.202 1.154 1.036 0.864 0.719 0.614 0.533 0.469 0.418 0.379 0.350 0.333 0.327 0.334 0.376 0.473 0.632 0.801 0.909 0.949 0.942 0.876 0.716 0.482 0.300 0.206
0.034 0.031 0.029 0.027 0.027 0.026 0.026 0.025 0.025 0.024 0.023 0.023 0.023 0.023 0.023 0.024 0.025 0.026 0.027 0.028 0.031 0.033 0.038 0.044 0.053 0.066 0.082 0.101 0.116 0.127 0.136 0.142 0.146 0.148 0.148 0.146 0.141 0.138 0.137 0.138 0.144 0.162 0.205 0.286 0.417 0.605 0.837 1.018 1.129 1.178 1.181 1.140 1.033 0.874 0.732 0.627 0.546 0.481 0.431 0.394 0.370 0.356 0.352 0.357 0.393 0.481 0.629 0.804 0.926 0.989 1.003 0.973 0.859 0.638 0.393 0.244
0.029 0.027 0.026 0.025 0.025 0.024 0.024 0.024 0.023 0.023 0.022 0.021 0.021 0.021 0.022 0.022 0.023 0.024 0.025 0.027 0.029 0.032 0.037 0.044 0.054 0.067 0.083 0.101 0.117 0.127 0.135 0.141 0.145 0.147 0.146 0.143 0.138 0.134 0.133 0.134 0.138 0.152 0.183 0.242 0.345 0.505 0.719 0.902 1.020 1.078 1.088 1.058 0.975 0.844 0.714 0.614 0.534 0.473 0.427 0.394 0.375 0.367 0.365 0.370 0.400 0.476 0.610 0.783 0.913 0.987 1.014 1.007 0.939 0.771 0.514 0.306
0.025 0.024 0.024 0.023 0.023 0.023 0.023 0.023 0.022 0.022 0.021 0.020 0.020 0.020 0.020 0.021 0.021 0.023 0.024 0.026 0.028 0.031 0.036 0.044 0.054 0.066 0.082 0.101 0.117 0.129 0.137 0.142 0.146 0.147 0.146 0.142 0.137 0.134 0.133 0.133 0.138 0.150 0.174 0.216 0.285 0.392 0.550 0.712 0.824 0.883 0.897 0.883 0.834 0.747 0.643 0.555 0.486 0.437 0.405 0.385 0.374 0.370 0.372 0.379 0.405 0.467 0.579 0.740 0.877 0.963 1.003 1.008 0.975 0.860 0.643 0.396
0.023 0.023 0.022 0.022 0.022 0.022 0.022 0.022 0.022 0.021 0.020 0.020 0.019 0.019 0.019 0.020 0.020 0.021 0.023 0.025 0.027 0.030 0.035 0.043 0.053 0.065 0.080 0.099 0.116 0.129 0.137 0.143 0.147 0.148 0.147 0.142 0.137 0.135 0.135 0.137 0.142 0.153 0.176 0.211 0.259 0.325 0.418 0.518 0.587 0.622 0.631 0.629 0.612 0.567 0.498 0.435 0.391 0.366 0.356 0.359 0.365 0.371 0.378 0.389 0.412 0.465 0.563 0.703 0.830 0.919 0.972 0.992 0.982 0.913 0.754 0.513
0.021 0.021 0.022 0.022 0.022 0.021 0.021 0.021 0.021 0.020 0.020 0.019 0.019 0.019 0.019 0.019 0.019 0.020 0.021 0.023 0.025 0.029 0.033 0.040 0.050 0.062 0.077 0.095 0.113 0.126 0.135 0.142 0.147 0.148 0.147 0.143 0.139 0.138 0.140 0.145 0.154 0.168 0.191 0.220 0.254 0.293 0.341 0.389 0.419 0.433 0.434 0.430 0.414 0.381 0.333 0.296 0.279 0.276 0.289 0.320 0.351 0.371 0.387 0.403 0.428 0.476 0.563 0.683 0.789 0.869 0.928 0.961 0.966 0.930 0.818 0.621
0.020 0.021 0.021 0.021 0.021 0.021 0.021 0.020 0.020 0.020 0.019 0.019 0.018 0.018 0.018 0.018 0.018 0.019 0.020 0.022 0.024 0.027 0.031 0.037 0.046 0.058 0.072 0.088 0.104 0.118 0.129 0.138 0.143 0.145 0.145 0.142 0.139 0.139 0.142 0.152 0.170 0.196 0.222 0.243 0.260 0.279 0.298 0.314 0.322 0.324 0.321 0.312 0.295 0.265 0.231 0.212 0.208 0.216 0.246 0.296 0.345 0.378 0.404 0.429 0.458 0.502 0.574 0.670 0.753 0.820 0.877 0.916 0.930 0.913 0.834 0.682
0.020 0.020 0.020 0.020 0.020 0.020 0.020 0.020 0.019 0.019 0.018 0.018 0.018 0.017 0.017 0.017 0.018 0.018 0.019 0.020 0.022 0.024 0.028 0.033 0.041 0.052 0.064 0.078 0.091 0.104 0.116 0.126 0.133 0.137 0.137 0.137 0.136 0.136 0.140 0.152 0.176 0.213 0.242 0.257 0.264 0.269 0.272 0.273 0.271 0.268 0.261 0.251 0.233 0.207 0.186 0.177 0.178 0.192 0.230 0.289 0.348 0.391 0.425 0.455 0.486 0.525 0.584 0.658 0.720 0.771 0.816 0.850 0.863 0.856 0.806 0.694
0.019 0.020 0.020 0.020 0.020 0.020 0.019 0.019 0.019 0.018 0.018 0.017 0.017 0.017 0.017 0.017 0.017 0.017 0.018 0.019 0.020 0.022 0.025 0.029 0.036 0.044 0.054 0.065 0.075 0.086 0.098 0.108 0.116 0.120 0.122 0.124 0.125 0.126 0.132 0.146 0.174 0.215 0.245 0.258 0.261 0.259 0.253 0.248 0.244 0.238 0.231 0.220 0.204 0.186 0.174 0.170 0.173 0.190 0.230 0.290 0.357 0.409 0.445 0.473 0.501 0.534 0.583 0.643 0.687 0.718 0.740 0.753 0.757 0.750 0.723 0.661
0.019 0.019 0.019 0.019 0.019 0.019 0.019 0.018 0.018 0.018 0.017 0.017 0.016 0.016 0.016 0.016 0.016 0.016 0.017 0.017 0.019 0.020 0.023 0.026 0.031 0.037 0.044 0.052 0.059 0.068 0.077 0.086 0.093 0.097 0.100 0.102 0.104 0.107 0.114 0.129 0.159 0.201 0.233 0.247 0.248 0.244 0.236 0.231 0.227 0.223 0.216 0.206 0.194 0.183 0.177 0.178 0.188 0.210 0.249 0.309 0.379 0.431 0.464 0.487 0.507 0.533 0.573 0.620 0.648 0.660 0.662 0.655 0.643 0.630 0.616 0.597
0.019 0.019 0.019 0.019 0.019 0.019 0.018 0.018 0.017 0.017 0.016 0.016 0.016 0.015 0.015 0.015 0.015 0.016 0.016 0.016 0.017 0.018 0.020 0.023 0.026 0.031 0.036 0.042 0.047 0.053 0.061 0.068 0.072 0.075 0.076 0.077 0.078 0.080 0.086 0.100 0.124 0.161 0.195 0.213 0.219 0.220 0.217 0.215 0.214 0.212 0.207 0.199 0.193 0.191 0.200 0.222 0.250 0.280 0.316 0.365 0.424 0.466 0.489 0.501 0.510 0.523 0.546 0.578 0.598 0.603 0.600 0.587 0.568 0.557 0.554 0.559
0.018 0.019 0.019 0.019 0.018 0.018 0.018 0.017 0.017 0.016 0.016 0.015 0.015 0.015 0.015 0.015 0.015 0.015 0.015 0.015 0.016 0.017 0.018 0.020 0.023 0.026 0.029 0.034 0.038 0.042 0.048 0.053 0.057 0.058 0.058 0.058 0.058 0.059 0.062 0.069 0.082 0.105 0.133 0.157 0.174 0.186 0.193 0.199 0.202 0.202 0.200 0.197 0.198 0.213 0.254 0.325 0.391 0.429 0.455 0.481 0.508 0.524 0.526 0.518 0.509 0.506 0.510 0.525 0.544 0.555 0.555 0.545 0.533 0.529 0.534 0.552
0.017 0.018 0.018 0.018 0.018 0.017 0.017 0.016 0.016 0.015 0.015 0.014 0.014 0.014 0.014 0.014 0.014 0.014 0.014 0.014 0.014 0.015 0.016 0.017 0.019 0.021 0.024 0.027 0.030 0.034 0.037 0.041 0.044 0.045 0.045 0.045 0.045 0.045 0.046 0.049 0.056 0.067 0.084 0.103 0.121 0.142 0.162 0.176 0.185 0.189 0.191 0.194 0.202 0.232 0.309 0.445 0.571 0.632 0.649 0.649 0.639 0.618 0.586 0.542 0.508 0.492 0.489 0.493 0.504 0.518 0.526 0.529 0.529 0.533 0.546 0.578
0.016 0.016 0.016 0.016 0.016 0.016 0.016 0.015 0.015 0.014 0.013 0.013 0.013 0.013 0.012 0.012 0.012 0.012 0.012 0.012 0.013 0.013 0.013 0.014 0.015 0.017 0.019 0.021 0.024 0.026 0.029 0.031 0.033 0.034 0.035 0.035 0.035 0.035 0.036 0.037 0.041 0.047 0.056 0.068 0.082 0.100 0.121 0.142 0.157 0.167 0.175 0.184 0.198 0.235 0.328 0.499 0.673 0.762 0.783 0.779 0.762 0.728 0.669 0.580 0.514 0.486 0.481 0.482 0.487 0.497 0.511 0.528 0.550 0.579 0.619 0.671
0.013 0.014 0.014 0.014 0.014 0.014 0.013 0.013 0.013 0.012 0.012 0.011 0.011 0.011 0.011 0.011 0.011 0.011 0.011 0.011 0.011 0.011 0.011 0.012 0.012 0.014 0.015 0.017 0.018 0.020 0.022 0.023 0.025 0.026 0.026 0.027 0.027 0.028 0.028 0.029 0.031 0.035 0.040 0.047 0.056 0.068 0.082 0.098 0.114 0.129 0.143 0.158 0.180 0.224 0.322 0.501 0.695 0.803 0.838 0.840 0.828 0.797 0.733 0.625 0.530 0.488 0.480 0.481 0.484 0.492 0.509 0.544 0.607 0.690 0.761 0.809
0.010 0.010 0.011 0.011 0.011 0.011 0.010 0.010 0.010 0.010 0.009 0.009 0.009 0.009 0.009 0.008 0.008 0.008 0.008 0.008 0.008 0.009 0.009 0.009 0.010 0.011 0.012 0.013 0.014 0.015 0.017 0.017 0.018 0.019 0.020 0.020 0.021 0.021 0.022 0.023 0.024 0.027 0.030 0.034 0.040 0.046 0.054 0.062 0.071 0.082 0.095 0.112 0.139 0.186 0.282 0.454 0.655 0.780 0.833 0.848 0.843 0.818 0.760 0.655 0.553 0.502 0.486 0.484 0.486 0.493 0.514 0.567 0.667 0.789 0.866 0.893
0.007 0.008 0.008 0.008 0.008 0.008 0.008 0.007 0.007 0.007 0.007 0.007 0.007 0.006 0.006 0.006 0.006 0.006 0.006 0.006 0.006 0.006 0.007 0.007 0.007 0.008 0.009 0.010 0.011 0.012 0.012 0.013 0.014 0.014 0.015 0.015 0.016 0.016 0.017 0.018 0.019 0.020 0.022 0.025 0.028 0.032 0.036 0.040 0.044 0.049 0.056 0.067 0.085 0.121 0.195 0.328 0.506 0.649 0.738 0.785 0.802 0.792 0.748 0.659 0.562 0.508 0.488 0.483 0.484 0.491 0.514 0.573 0.688 0.823 0.899 0.917
0.005 0.005 0.005 0.005 0.005 0.005 0.005 0.005 0.005 0.005 0.005 0.005 0.005 0.004 0.004 0.004 0.004 0.004 0.004 0.004 0.004 0.005 0.005 0.005 0.005 0.006 0.007 0.007 0.008 0.009 0.009 0.010 0.010 0.010 0.011 0.011 0.012 0.012 0.013 0.013 0.014 0.015 0.016 0.018 0.020 0.023 0.025 0.027 0.029 0.031 0.035 0.040 0.049 0.067 0.102 0.168 0.271 0.392 0.507 0.595 0.644 0.661 0.649 0.605 0.538 0.491 0.468 0.460 0.459 0.465 0.489 0.553 0.671 0.805 0.879 0.895
0.003 0.003 0.003 0.003 0.003 0.003 0.003 0.003 0.003 0.003 0.003 0.003 0.003 0.003 0.003 0.003 0.003 0.003 0.003 0.003 0.003 0.003 0.003 0.003 0.004 0.004 0.005 0.005 0.006 0.006 0.007 0.007 0.007 0.007 0.008 0.008 0.008 0.009 0.009 0.010 0.010 0.011 0.012 0.013 0.015 0.016 0.018 0.019 0.020 0.022 0.023 0.026 0.030 0.038 0.052 0.078 0.118 0.174 0.243 0.313 0.370 0.412 0.437 0.448 0.433 0.410 0.391 0.381 0.379 0.382 0.404 0.463 0.571 0.693 0.765 0.787
0.002 0.002 0.002 0.002 0.002 0.002 0.002 0.002 0.002 0.002 0.002 0.002 0.002 0.002 0.002 0.002 0.002 0.002 0.002 0.002 0.002 0.002 0.002 0.002 0.002 0.003 0.003 0.004 0.004 0.004 0.005 0.005 0.005 0.005 0.005 0.006 0.006 0.006 0.006 0.007 0.007 0.008 0.008 0.009 0.010 0.011 0.012 0.013 0.014 0.015 0.017 0.018 0.020 0.024 0.030 0.040 0.055 0.075 0.103 0.137 0.169 0.198 0.225 0.245 0.255 0.255 0.249 0.241 0.238 0.239 0.252 0.290 0.362 0.457 0.526 0.564
0.001 0.001 0.001 0.001 0.001 0.001 0.001 0.001 0.001 0.001 0.001 0.001 0.001 0.001 0.001 0.001 0.001 0.001 0.001 0.001 0.001 0.001 0.001 0.001 0.001 0.002 0.002 0.002 0.003 0.003 0.003 0.003 0.003 0.003 0.004 0.004 0.004 0.004 0.004 0.004 0.005 0.005 0.006 0.006 0.007 0.008 0.009 0.009 0.010 0.011 0.012 0.013 0.014 0.017 0.020 0.024 0.030 0.038 0.049 0.063 0.078 0.094 0.110 0.122 0.128 0.129 0.128 0.124 0.121 0.121 0.125 0.140 0.171 0.221 0.269 0.302
0.000 0.000 0.000 0.000 0.000 0.000 0.000 0.000 0.000 0.000 0.000 0.000 0.000 0.000 0.000 0.000 0.000 0.000 0.000 0.000 0.000 0.000 0.000 0.000 0.001 0.001 0.001 0.001 0.001 0.002 0.002 0.002 0.002 0.002 0.002 0.002 0.002 0.002 0.002 0.003 0.003 0.003 0.003 0.004 0.004 0.005 0.006 0.006 0.007 0.008 0.008 0.009 0.010 0.012 0.014 0.016 0.019 0.023 0.028 0.034 0.042 0.050 0.058 0.064 0.066 0.066 0.066 0.064 0.062 0.062 0.063 0.068 0.079 0.100 0.124 0.142
