RESULTS/r.avaflow_results/14b_results/14b_ascii/14b_hflow0046.asc
ncols 506
nrows 317
xllcenter 498237.50
yllcenter 5580050.00
cellsize 12.50
NODATA_value -9999.000
[rows 204 to 237 of 317, columns 76 to 151 of 506]
0.062 0.046 0.034 0.024 0.016 0.011 0.007 0.006 0.005 0.006 0.013 0.054 0.239 0.840 1.975 3.142 4.041 4.917 5.795 6.655 7.496 8.317 9.122 9.845 10.401 10.806 11.063 11.224 11.342 11.407 11.448 11.464 11.485 11.479 11.478 11.493 11.537 11.632 11.755 11.942 12.116 12.263 12.370 12.422 12.416 12.367 12.302 12.166 12.027 11.820 11.537 11.126 10.567 9.858 9.030 8.126 7.196 6.287 5.391 4.517 3.729 3.122 2.713 2.491 2.420 2.528 2.677 2.759 2.770 2.726 2.617 2.447 2.352 2.381 2.591 3.023
0.054 0.040 0.029 0.020 0.014 0.010 0.007 0.005 0.004 0.005 0.009 0.038 0.186 0.701 1.719 2.796 3.622 4.430 5.245 6.040 6.815 7.563 8.301 8.990 9.547 9.986 10.298 10.520 10.651 10.688 10.679 10.641 10.572 10.493 10.395 10.340 10.315 10.320 10.364 10.481 10.627 10.784 10.927 11.005 11.027 11.008 10.953 10.818 10.619 10.360 10.017 9.529 8.830 7.928 6.868 5.710 4.603 3.636 2.821 2.161 1.668 1.366 1.245 1.290 1.477 1.799 2.070 2.225 2.299 2.319 2.285 2.208 2.196 2.322 2.672 3.264
0.046 0.032 0.023 0.016 0.011 0.008 0.006 0.005 0.004 0.003 0.004 0.014 0.089 0.430 1.228 2.242 3.062 3.811 4.545 5.249 5.920 6.547 7.133 7.675 8.163 8.625 9.021 9.313 9.511 9.609 9.641 9.619 9.553 9.441 9.276 9.129 9.006 8.934 8.908 8.942 9.033 9.184 9.393 9.552 9.626 9.624 9.568 9.435 9.205 8.869 8.390 7.721 6.833 5.730 4.489 3.331 2.392 1.658 1.126 0.775 0.582 0.517 0.557 0.711 1.001 1.358 1.627 1.809 1.928 1.999 2.031 2.044 2.112 2.350 2.798 3.427
0.043 0.029 0.020 0.014 0.010 0.008 0.006 0.004 0.003 0.002 0.002 0.004 0.028 0.178 0.646 1.454 2.299 3.015 3.657 4.245 4.774 5.236 5.632 5.994 6.365 6.811 7.288 7.652 7.936 8.146 8.290 8.350 8.343 8.262 8.092 7.878 7.666 7.499 7.391 7.346 7.373 7.493 7.750 8.027 8.186 8.231 8.186 8.017 7.694 7.157 6.401 5.420 4.337 3.274 2.318 1.537 0.956 0.571 0.350 0.247 0.219 0.243 0.324 0.493 0.760 1.055 1.287 1.467 1.608 1.719 1.810 1.903 2.060 2.362 2.828 3.433
0.044 0.029 0.020 0.014 0.010 0.007 0.005 0.004 0.003 0.002 0.002 0.002 0.008 0.058 0.269 0.732 1.382 2.017 2.554 2.998 3.348 3.606 3.793 3.965 4.188 4.563 5.096 5.570 5.944 6.257 6.519 6.714 6.824 6.852 6.769 6.564 6.299 6.031 5.799 5.644 5.603 5.678 5.909 6.255 6.531 6.647 6.616 6.377 5.858 4.990 3.937 2.949 2.131 1.448 0.909 0.527 0.294 0.172 0.120 0.109 0.124 0.169 0.257 0.400 0.607 0.830 1.015 1.177 1.323 1.457 1.593 1.753 1.979 2.310 2.757 3.289
0.049 0.032 0.021 0.014 0.010 0.007 0.005 0.004 0.003 0.002 0.001 0.001 0.003 0.016 0.087 0.295 0.671 1.133 1.521 1.799 1.972 2.061 2.096 2.118 2.193 2.401 2.773 3.217 3.629 3.988 4.312 4.610 4.864 5.042 5.106 5.024 4.811 4.504 4.178 3.904 3.703 3.609 3.665 3.865 4.158 4.337 4.322 4.044 3.442 2.616 1.829 1.219 0.771 0.460 0.261 0.146 0.088 0.066 0.063 0.074 0.103 0.153 0.232 0.345 0.497 0.657 0.796 0.927 1.058 1.197 1.356 1.556 1.813 2.144 2.546 2.992
0.058 0.039 0.025 0.017 0.011 0.008 0.005 0.004 0.002 0.002 0.001 0.001 0.001 0.004 0.022 0.091 0.257 0.525 0.775 0.934 1.002 1.009 0.980 0.930 0.919 0.987 1.165 1.448 1.789 2.111 2.366 2.577 2.769 2.937 3.054 3.095 3.038 2.877 2.646 2.390 2.123 1.894 1.773 1.759 1.856 1.948 1.940 1.790 1.462 1.013 0.627 0.366 0.207 0.117 0.069 0.046 0.037 0.040 0.049 0.068 0.099 0.145 0.212 0.302 0.415 0.523 0.618 0.710 0.806 0.924 1.080 1.287 1.545 1.848 2.187 2.549
0.071 0.049 0.033 0.021 0.014 0.009 0.006 0.004 0.002 0.002 0.001 0.001 0.001 0.001 0.005 0.022 0.075 0.186 0.319 0.416 0.468 0.482 0.467 0.428 0.394 0.386 0.426 0.535 0.728 0.979 1.184 1.315 1.408 1.495 1.582 1.649 1.668 1.629 1.523 1.358 1.148 0.922 0.748 0.657 0.629 0.630 0.613 0.555 0.444 0.292 0.170 0.094 0.052 0.032 0.023 0.022 0.025 0.033 0.046 0.066 0.095 0.137 0.192 0.265 0.347 0.417 0.475 0.527 0.579 0.646 0.752 0.913 1.117 1.342 1.579 1.846
0.082 0.060 0.042 0.029 0.019 0.012 0.007 0.004 0.003 0.002 0.001 0.001 0.001 0.001 0.001 0.005 0.019 0.054 0.114 0.188 0.276 0.342 0.360 0.348 0.310 0.274 0.266 0.290 0.381 0.566 0.745 0.832 0.864 0.886 0.921 0.972 1.002 1.004 0.968 0.887 0.766 0.612 0.447 0.308 0.223 0.179 0.155 0.136 0.111 0.075 0.043 0.024 0.015 0.012 0.012 0.015 0.021 0.031 0.044 0.064 0.090 0.125 0.171 0.230 0.287 0.329 0.359 0.380 0.396 0.412 0.440 0.493 0.571 0.665 0.772 0.922
0.090 0.067 0.049 0.035 0.024 0.015 0.009 0.005 0.003 0.002 0.001 0.001 0.001 0.001 0.001 0.001 0.005 0.018 0.051 0.121 0.239 0.361 0.419 0.423 0.383 0.314 0.287 0.295 0.367 0.546 0.733 0.812 0.827 0.825 0.833 0.865 0.892 0.896 0.880 0.830 0.744 0.621 0.442 0.237 0.111 0.056 0.037 0.030 0.025 0.019 0.011 0.007 0.006 0.006 0.008 0.013 0.019 0.028 0.041 0.059 0.081 0.111 0.148 0.194 0.232 0.254 0.266 0.269 0.262 0.244 0.223 0.214 0.219 0.235 0.265 0.324
0.094 0.071 0.053 0.038 0.027 0.018 0.011 0.007 0.004 0.002 0.001 0.001 0.001 0.001 0.001 0.001 0.003 0.011 0.039 0.115 0.292 0.520 0.662 0.689 0.609 0.472 0.406 0.401 0.477 0.693 0.919 1.003 1.003 0.970 0.948 0.956 0.974 0.979 0.972 0.939 0.872 0.756 0.528 0.225 0.070 0.021 0.009 0.006 0.005 0.004 0.003 0.002 0.003 0.004 0.006 0.011 0.017 0.025 0.036 0.050 0.069 0.091 0.121 0.155 0.178 0.188 0.190 0.186 0.169 0.135 0.099 0.077 0.067 0.064 0.068 0.082
0.096 0.073 0.055 0.040 0.028 0.019 0.012 0.007 0.004 0.002 0.001 0.001 0.001 0.001 0.001 0.001 0.003 0.012 0.046 0.169 0.456 0.713 0.803 0.790 0.667 0.509 0.436 0.431 0.510 0.736 0.975 1.060 1.055 1.005 0.967 0.964 0.973 0.976 0.968 0.939 0.881 0.772 0.533 0.202 0.045 0.008 0.002 0.001 0.001 0.001 0.001 0.001 0.001 0.002 0.004 0.008 0.013 0.020 0.029 0.039 0.051 0.065 0.083 0.106 0.122 0.127 0.127 0.120 0.101 0.069 0.041 0.026 0.019 0.016 0.016 0.018
0.097 0.074 0.055 0.040 0.028 0.019 0.013 0.008 0.005 0.003 0.002 0.001 0.001 0.001 0.001 0.003 0.009 0.032 0.105 0.268 0.528 0.693 0.713 0.634 0.490 0.368 0.314 0.308 0.360 0.523 0.711 0.783 0.778 0.729 0.684 0.670 0.663 0.653 0.637 0.614 0.578 0.508 0.344 0.122 0.021 0.002 0.001 0.001 0.001 0.001 0.001 0.001 0.001 0.001 0.002 0.005 0.009 0.013 0.019 0.024 0.029 0.035 0.043 0.055 0.067 0.071 0.071 0.065 0.051 0.030 0.016 0.008 0.005 0.004 0.004 0.004
0.097 0.074 0.055 0.040 0.028 0.019 0.013 0.008 0.005 0.003 0.002 0.002 0.002 0.003 0.007 0.021 0.053 0.111 0.190 0.294 0.388 0.394 0.339 0.241 0.160 0.119 0.102 0.100 0.112 0.168 0.245 0.278 0.277 0.256 0.233 0.223 0.213 0.201 0.187 0.175 0.163 0.143 0.095 0.029 0.003 0.001 0.001 0.001 0.001 0.001 0.001 0.001 0.001 0.001 0.001 0.002 0.004 0.006 0.009 0.011 0.013 0.015 0.017 0.021 0.028 0.030 0.030 0.027 0.020 0.011 0.005 0.002 0.001 0.001 0.001 0.001
0.097 0.073 0.054 0.039 0.028 0.019 0.012 0.008 0.005 0.003 0.003 0.004 0.011 0.027 0.059 0.116 0.178 0.214 0.221 0.198 0.151 0.108 0.076 0.049 0.032 0.024 0.021 0.020 0.021 0.031 0.051 0.061 0.062 0.058 0.052 0.048 0.045 0.040 0.034 0.031 0.028 0.025 0.016 0.004 0.001 0.001 0.001 0.001 0.001 0.001 0.001 0.001 0.001 0.001 0.001 0.001 0.001 0.002 0.003 0.004 0.005 0.005 0.005 0.006 0.008 0.009 0.009 0.008 0.006 0.003 0.002 0.001 0.001 0.001 0.001 0.001
0.095 0.071 0.052 0.037 0.026 0.017 0.011 0.007 0.006 0.006 0.014 0.039 0.088 0.158 0.230 0.278 0.274 0.239 0.174 0.100 0.053 0.031 0.020 0.013 0.009 0.006 0.004 0.004 0.004 0.005 0.009 0.011 0.012 0.011 0.010 0.009 0.008 0.007 0.006 0.005 0.004 0.004 0.002 0.001 0.001 0.001 0.001 0.001 0.001 0.001 0.001 0.001 0.001 0.001 0.001 0.001 0.001 0.001 0.001 0.001 0.001 0.001 0.001 0.002 0.002 0.002 0.002 0.002 0.002 0.001 0.001 0.001 0.001 0.001 0.001 0.001
0.090 0.067 0.048 0.034 0.022 0.015 0.010 0.009 0.014 0.044 0.115 0.230 0.343 0.407 0.402 0.348 0.276 0.197 0.114 0.057 0.031 0.020 0.013 0.008 0.005 0.003 0.002 0.001 0.001 0.001 0.001 0.002 0.002 0.002 0.002 0.002 0.002 0.001 0.001 0.001 0.001 0.001 0.001 0.001 0.001 0.001 0.001 0.001 0.001 0.001 0.001 0.001 0.001 0.001 0.001 0.001 0.001 0.001 0.001 0.001 0.001 0.001 0.001 0.001 0.001 0.001 0.001 0.001 0.001 0.001 0.001 0.001 0.001 0.001 0.001 0.001
0.083 0.060 0.042 0.028 0.019 0.013 0.012 0.026 0.101 0.270 0.449 0.575 0.610 0.551 0.446 0.337 0.232 0.143 0.082 0.047 0.029 0.019 0.013 0.008 0.005 0.002 0.001 0.001 0.001 0.001 0.001 0.001 0.001 0.001 0.001 0.001 0.001 0.001 0.001 0.001 0.001 0.001 0.001 0.001 0.001 0.001 0.001 0.001 0.001 0.001 0.001 0.001 0.001 0.001 0.001 0.001 0.001 0.001 0.001 0.001 0.001 0.001 0.001 0.001 0.001 0.001 0.001 0.001 0.001 0.001 0.001 0.001 0.001 0.001 0.001 0.001
0.073 0.051 0.034 0.023 0.016 0.014 0.029 0.147 0.433 0.689 0.795 0.785 0.713 0.590 0.439 0.306 0.201 0.125 0.076 0.047 0.030 0.020 0.013 0.008 0.005 0.002 0.001 0.001 0.000 0.000 0.000 0.000 0.000 0.000 0.000 0.000 0.001 0.001 0.001 0.001 0.001 0.001 0.001 0.001 0.001 0.001 0.001 0.001 0.001 0.001 0.001 0.001 0.001 0.001 0.001 0.001 0.001 0.001 0.001 0.001 0.001 0.001 0.001 0.001 0.001 0.001 0.001 0.001 0.001 0.001 0.001 0.001 0.001 0.001 0.001 0.001
0.060 0.041 0.027 0.019 0.016 0.024 0.124 0.484 0.855 0.963 0.943 0.873 0.759 0.607 0.438 0.299 0.196 0.126 0.082 0.054 0.036 0.024 0.016 0.009 0.005 0.002 0.001 0.001 0.000 0.000 0.000 0.000 0.000 0.000 0.000 0.000 0.000 0.001 0.001 0.001 0.001 0.001 0.001 0.001 0.001 0.001 0.001 0.001 0.001 0.001 0.001 0.001 0.001 0.001 0.001 0.001 0.001 0.001 0.001 0.001 0.001 0.001 0.001 0.001 0.001 0.001 0.001 0.001 0.001 0.001 0.001 0.001 0.001 0.001 0.001 0.001
0.048 0.032 0.022 0.018 0.021 0.091 0.415 0.873 1.074 1.076 1.018 0.923 0.796 0.631 0.451 0.310 0.210 0.144 0.102 0.072 0.050 0.032 0.020 0.010 0.005 0.002 0.001 0.001 0.000 0.000 0.000 0.000 0.000 0.000 0.000 0.000 0.000 0.000 0.001 0.001 0.001 0.001 0.001 0.001 0.001 0.001 0.001 0.001 0.001 0.001 0.001 0.001 0.001 0.001 0.001 0.001 0.001 0.001 0.001 0.001 0.001 0.001 0.001 0.001 0.001 0.001 0.001 0.001 0.001 0.001 0.001 0.001 0.001 0.001 0.001 0.001
0.039 0.027 0.020 0.020 0.053 0.302 0.818 1.125 1.163 1.125 1.056 0.959 0.832 0.669 0.491 0.354 0.258 0.192 0.144 0.105 0.072 0.044 0.023 0.011 0.004 0.002 0.001 0.000 0.000 0.000 0.000 0.000 0.000 0.000 0.000 0.000 0.000 0.000 0.000 0.001 0.001 0.001 0.001 0.001 0.001 0.001 0.001 0.001 0.001 0.001 0.001 0.001 0.001 0.001 0.001 0.001 0.001 0.001 0.001 0.001 0.001 0.001 0.001 0.001 0.001 0.001 0.001 0.001 0.001 0.001 0.001 0.001 0.001 0.001 0.001 0.001
0.033 0.024 0.021 0.032 0.158 0.612 1.086 1.202 1.187 1.142 1.076 0.989 0.875 0.727 0.567 0.442 0.347 0.273 0.209 0.149 0.095 0.052 0.024 0.010 0.004 0.001 0.001 0.000 0.000 0.000 0.000 0.000 0.000 0.000 0.000 0.000 0.000 0.000 0.000 0.000 0.001 0.001 0.001 0.001 0.001 0.001 0.001 0.001 0.001 0.001 0.001 0.001 0.001 0.001 0.001 0.001 0.001 0.001 0.001 0.001 0.001 0.001 0.001 0.001 0.001 0.001 0.001 0.001 0.001 0.001 0.001 0.001 0.001 0.001 0.001 0.001
0.029 0.024 0.028 0.103 0.413 0.903 1.169 1.203 1.186 1.145 1.088 1.014 0.919 0.797 0.660 0.542 0.441 0.350 0.261 0.178 0.106 0.054 0.023 0.009 0.003 0.001 0.001 0.000 0.000 0.000 0.000 0.000 0.000 0.000 0.000 0.000 0.000 0.000 0.000 0.000 0.000 0.001 0.001 0.001 0.001 0.001 0.001 0.001 0.001 0.001 0.001 0.001 0.001 0.001 0.001 0.001 0.001 0.001 0.001 0.001 0.001 0.001 0.001 0.001 0.001 0.001 0.001 0.001 0.001 0.001 0.001 0.001 0.001 0.001 0.001 0.001
0.027 0.028 0.080 0.330 0.767 1.074 1.167 1.178 1.168 1.140 1.095 1.034 0.952 0.848 0.727 0.610 0.501 0.394 0.284 0.185 0.105 0.050 0.020 0.006 0.002 0.001 0.000 0.000 0.000 0.000 0.000 0.000 0.000 0.000 0.000 0.000 0.000 0.000 0.000 0.000 0.000 0.000 0.000 0.000 0.000 0.001 0.001 0.001 0.001 0.001 0.001 0.001 0.001 0.001 0.001 0.001 0.001 0.001 0.001 0.001 0.001 0.001 0.001 0.001 0.001 0.001 0.001 0.001 0.001 0.001 0.001 0.001 0.001 0.001 0.001 0.001
0.029 0.055 0.243 0.672 1.005 1.116 1.143 1.147 1.145 1.129 1.096 1.045 0.972 0.878 0.766 0.649 0.532 0.410 0.284 0.175 0.092 0.039 0.013 0.004 0.001 0.001 0.000 0.000 0.000 0.000 0.000 0.000 0.000 0.000 0.000 0.000 0.000 0.000 0.000 0.000 0.001 0.001 0.001 0.001 0.001 0.001 0.001 0.001 0.001 0.001 0.001 0.001 0.001 0.001 0.001 0.001 0.001 0.001 0.001 0.001 0.001 0.001 0.001 0.001 0.001 0.001 0.001 0.001 0.001 0.001 0.001 0.001 0.001 0.001 0.001 0.001
0.043 0.153 0.523 0.932 1.081 1.118 1.134 1.139 1.137 1.125 1.097 1.050 0.982 0.891 0.785 0.666 0.542 0.408 0.266 0.147 0.065 0.022 0.007 0.002 0.001 0.000 0.000 0.000 0.000 0.000 0.000 0.000 0.000 0.000 0.000 0.000 0.000 0.000 0.000 0.000 0.000 0.000 0.000 0.000 0.000 0.001 0.001 0.001 0.001 0.001 0.001 0.001 0.001 0.001 0.001 0.001 0.001 0.001 0.001 0.001 0.001 0.001 0.001 0.001 0.001 0.001 0.001 0.001 0.001 0.001 0.001 0.001 0.001 0.001 0.001 0.001
0.113 0.402 0.816 1.042 1.103 1.123 1.135 1.139 1.137 1.125 1.099 1.052 0.984 0.896 0.790 0.670 0.540 0.388 0.228 0.108 0.040 0.012 0.003 0.001 0.001 0.000 0.000 0.000 0.000 0.000 0.000 0.000 0.000 0.000 0.000 0.000 0.000 0.000 0.000 0.000 0.000 0.001 0.001 0.001 0.001 0.001 0.001 0.001 0.001 0.001 0.001 0.001 0.001 0.001 0.001 0.001 0.001 0.001 0.001 0.001 0.001 0.001 0.001 0.001 0.001 0.001 0.001 0.001 0.001 0.001 0.001 0.000 0.001 0.001 0.001 0.001
0.302 0.720 0.992 1.082 1.116 1.134 1.142 1.143 1.141 1.129 1.101 1.053 0.984 0.895 0.789 0.667 0.525 0.350 0.184 0.076 0.025 0.007 0.002 0.001 0.001 0.000 0.000 0.000 0.000 0.000 0.000 0.000 0.000 0.000 0.000 0.000 0.000 0.000 0.000 0.000 0.001 0.001 0.001 0.001 0.001 0.001 0.001 0.001 0.001 0.001 0.001 0.001 0.001 0.001 0.001 0.001 0.001 0.001 0.001 0.001 0.001 0.001 0.001 0.001 0.001 0.001 0.001 0.001 0.001 0.001 0.001 0.001 0.000 0.001 0.001 0.001
0.538 0.901 1.036 1.097 1.133 1.152 1.157 1.157 1.151 1.135 1.103 1.051 0.980 0.890 0.782 0.653 0.492 0.297 0.141 0.052 0.015 0.004 0.001 0.001 0.001 0.001 0.000 0.000 0.000 0.000 0.000 0.000 0.000 0.000 0.000 0.000 0.001 0.000 0.000 0.000 0.001 0.001 0.001 0.001 0.001 0.001 0.001 0.001 0.001 0.001 0.001 0.001 0.001 0.001 0.001 0.001 0.001 0.001 0.001 0.001 0.001 0.001 0.000 0.001 0.001 0.001 0.001 0.001 0.001 0.001 0.001 0.001 0.000 0.000 0.001 0.001
0.732 0.942 1.034 1.103 1.152 1.175 1.180 1.179 1.168 1.143 1.102 1.045 0.970 0.877 0.765 0.623 0.434 0.234 0.098 0.032 0.009 0.002 0.001 0.001 0.001 0.001 0.001 0.000 0.000 0.000 0.000 0.000 0.000 0.000 0.000 0.000 0.000 0.000 0.000 0.000 0.001 0.001 0.001 0.001 0.001 0.001 0.001 0.001 0.001 0.001 0.001 0.001 0.001 0.001 0.001 0.001 0.001 0.001 0.001 0.001 0.001 0.001 0.000 0.000 0.001 0.001 0.001 0.001 0.001 0.001 0.001 0.001 0.001 0.000 0.000 0.001
0.817 0.930 1.018 1.099 1.162 1.196 1.203 1.198 1.179 1.146 1.098 1.034 0.955 0.856 0.731 0.562 0.345 0.162 0.058 0.017 0.005 0.001 0.001 0.001 0.001 0.001 0.001 0.001 0.000 0.000 0.000 0.000 0.000 0.000 0.000 0.000 0.000 0.000 0.000 0.000 0.001 0.001 0.001 0.001 0.001 0.001 0.001 0.001 0.001 0.001 0.001 0.001 0.001 0.001 0.001 0.001 0.001 0.001 0.001 0.001 0.001 0.001 0.001 0.000 0.000 0.000 0.001 0.001 0.001 0.001 0.001 0.001 0.001 0.001 0.000 0.000
0.817 0.899 0.981 1.070 1.152 1.199 1.212 1.206 1.184 1.144 1.088 1.014 0.920 0.800 0.643 0.435 0.224 0.089 0.028 0.008 0.002 0.001 0.001 0.001 0.001 0.001 0.001 0.001 0.001 0.001 0.000 0.000 0.000 0.000 0.000 0.000 0.000 0.000 0.000 0.000 0.001 0.001 0.001 0.001 0.001 0.001 0.001 0.001 0.001 0.001 0.001 0.001 0.001 0.001 0.001 0.001 0.001 0.001 0.001 0.001 0.001 0.001 0.001 0.001 0.000 0.000 0.000 0.001 0.001 0.001 0.001 0.001 0.001 0.001 0.001 0.000
0.786 0.844 0.907 0.985 1.071 1.144 1.184 1.190 1.172 1.127 1.057 0.958 0.825 0.658 0.457 0.251 0.107 0.037 0.011 0.003 0.001 0.001 0.000 0.000 0.001 0.001 0.001 0.001 0.001 0.001 0.001 0.000 0.000 0.000 0.000 0.000 0.000 0.000 0.000 0.000 0.000 0.000 0.000 0.000 0.000 0.001 0.001 0.001 0.001 0.001 0.001 0.001 0.001 0.001 0.001 0.001 0.001 0.001 0.001 0.001 0.001 0.001 0.001 0.001 0.001 0.000 0.000 0.000 0.001 0.001 0.001 0.001 0.001 0.001 0.001 0.000
