RESULTS/r.avaflow_results/14b_results/14b_ascii/14b_hflow_max0058.asc
ncols 506
nrows 317
xllcenter 498237.50
yllcenter 5580050.00
cellsize 12.50
NODATA_value -9999.000
[rows 170 to 203 of 317, columns 152 to 227 of 506]
87.304 87.936 88.269 88.245 88.634 87.933 86.757 85.899 84.299 82.555 81.202 79.592 77.975 76.656 75.053 73.239 71.518 69.265 66.188 63.101 59.625 55.840 52.570 50.862 48.978 47.035 45.158 43.446 41.777 40.239 38.588 36.819 34.953 32.952 30.880 28.846 26.896 25.131 23.564 22.311 21.414 20.555 19.742 18.958 18.250 17.635 17.085 16.597 16.373 16.084 15.734 15.426 15.115 14.739 14.445 14.101 13.715 13.314 12.897 12.480 12.087 11.712 11.324 10.900 10.462 10.017 9.557 9.089 8.615 8.146 7.728 7.381 7.093 6.884 6.717 6.584
92.851 94.622 95.830 96.413 96.748 96.118 94.801 93.601 91.679 89.812 87.980 86.140 84.290 82.623 80.910 79.150 77.312 74.814 71.631 68.302 64.535 60.481 56.663 52.707 50.291 47.758 45.270 43.265 41.451 39.908 38.477 36.854 35.181 33.264 31.317 29.390 27.473 25.637 23.984 22.634 21.643 20.740 19.931 19.153 18.445 17.901 17.462 17.097 16.844 16.539 16.183 15.784 15.396 14.977 14.611 14.266 13.881 13.510 13.138 12.753 12.378 12.006 11.601 11.157 10.706 10.235 9.724 9.200 8.689 8.216 7.804 7.462 7.209 7.007 6.838 6.701
96.987 99.949 102.060 102.749 103.660 102.774 100.962 99.532 97.518 95.180 93.890 91.937 89.577 88.326 86.587 84.543 82.905 80.426 76.939 73.476 69.476 65.359 61.266 56.828 52.473 49.212 46.275 43.695 41.231 39.264 37.765 36.339 34.902 33.237 31.409 29.605 27.794 26.013 24.284 22.854 21.789 20.826 19.942 19.152 18.468 17.909 17.505 17.265 16.981 16.656 16.260 15.749 15.207 14.705 14.296 14.035 13.739 13.434 13.139 12.824 12.497 12.145 11.756 11.324 10.875 10.393 9.859 9.296 8.747 8.262 7.851 7.532 7.275 7.060 6.872 6.719
99.911 103.622 105.649 106.295 106.945 106.132 104.619 103.370 101.581 99.548 97.971 96.021 93.931 92.489 90.810 88.988 87.512 85.251 81.854 78.568 74.503 70.158 65.753 60.957 56.223 51.782 47.827 44.529 41.493 38.922 36.968 35.428 34.149 32.801 31.233 29.573 27.881 26.206 24.505 23.033 21.857 20.783 19.808 18.949 18.235 17.702 17.332 17.079 16.744 16.242 15.614 14.916 14.183 13.596 13.237 13.138 12.996 12.829 12.641 12.429 12.188 11.910 11.588 11.213 10.806 10.350 9.847 9.325 8.801 8.312 7.915 7.583 7.294 7.040 6.815 6.624
100.756 103.718 105.742 107.054 107.970 107.578 106.492 105.363 103.936 102.310 100.995 99.299 97.420 95.623 94.086 92.610 91.024 88.822 86.004 82.754 78.705 74.808 70.213 65.108 59.862 54.677 49.911 45.808 42.160 39.053 36.571 34.572 33.002 31.683 30.422 29.131 27.666 26.120 24.517 23.160 21.995 21.021 20.025 18.997 18.034 17.281 16.771 16.268 15.633 14.842 13.981 13.068 12.179 11.607 11.533 11.559 11.573 11.560 11.480 11.383 11.258 11.116 10.933 10.673 10.340 9.958 9.529 9.097 8.677 8.271 7.890 7.554 7.241 6.942 6.672 6.444
99.509 102.208 104.310 106.056 106.932 106.409 106.161 105.246 104.473 103.480 102.487 101.222 99.877 98.178 96.300 95.009 93.401 91.481 89.314 86.294 82.353 78.469 73.539 67.959 62.405 57.044 51.439 46.789 42.786 39.348 36.492 34.010 31.965 30.309 29.126 28.208 26.961 25.605 24.215 23.145 22.179 21.200 20.132 18.964 17.701 16.490 15.413 14.362 13.341 12.336 11.318 10.366 9.739 9.594 9.779 10.066 10.314 10.443 10.409 10.308 10.168 10.026 9.883 9.717 9.485 9.199 8.878 8.577 8.285 7.984 7.677 7.375 7.078 6.780 6.487 6.222
95.982 98.747 100.718 101.963 103.629 103.854 103.525 104.288 104.098 103.402 103.411 102.504 100.987 99.454 97.742 96.107 94.704 92.876 90.814 87.950 84.445 80.295 75.073 69.295 64.083 58.374 52.244 47.218 43.046 39.453 36.411 33.587 31.218 29.428 28.028 26.913 25.715 24.470 23.519 22.791 22.140 21.181 19.893 18.374 16.662 14.832 13.095 11.524 10.214 9.143 8.298 7.906 7.892 8.137 8.641 9.198 9.654 9.895 9.891 9.797 9.645 9.464 9.247 9.017 8.767 8.507 8.258 8.023 7.797 7.564 7.325 7.070 6.814 6.550 6.282 6.033
90.203 92.397 94.437 96.415 98.122 99.489 100.778 101.698 102.078 102.418 102.069 101.482 100.561 98.689 97.025 95.740 94.289 92.421 90.720 87.871 84.353 80.289 74.934 69.159 64.527 58.640 52.356 47.174 42.928 39.258 36.081 33.180 30.947 29.153 27.280 25.616 24.165 22.900 22.049 21.493 20.782 19.617 18.063 16.233 14.234 12.235 10.327 8.615 7.386 6.619 6.377 6.493 6.850 7.418 8.137 8.821 9.364 9.661 9.682 9.620 9.507 9.351 9.130 8.914 8.655 8.355 8.042 7.757 7.538 7.336 7.119 6.911 6.779 6.632 6.457 6.271
83.414 85.867 88.224 91.259 93.872 95.949 98.315 99.599 99.883 100.558 100.296 99.344 98.785 97.043 94.881 94.059 92.574 90.437 88.790 86.137 82.581 78.634 73.187 68.544 63.807 57.848 51.564 46.498 42.189 38.511 35.376 32.514 30.282 28.299 26.224 24.146 22.062 19.931 18.226 16.920 15.702 14.347 12.869 11.395 10.029 8.758 7.500 6.387 5.623 5.294 5.391 5.836 6.546 7.381 8.183 8.851 9.352 9.618 9.670 9.643 9.637 9.607 9.513 9.366 9.152 8.883 8.584 8.287 8.007 7.757 7.535 7.345 7.168 6.973 6.769 6.551
76.928 80.466 83.445 86.113 89.392 91.716 93.803 95.311 95.888 96.526 96.162 95.238 94.334 92.964 91.502 90.064 88.419 86.382 84.471 81.955 78.390 74.257 69.384 65.489 60.941 55.298 49.572 44.782 40.492 36.797 33.808 31.253 28.994 26.621 24.042 21.144 17.628 14.281 11.711 9.885 8.588 7.585 6.813 6.241 5.836 5.512 5.190 4.844 4.616 4.625 5.023 5.807 6.873 7.859 8.621 9.190 9.577 9.774 9.837 9.900 9.956 9.977 9.947 9.856 9.679 9.452 9.178 8.880 8.583 8.312 8.055 7.838 7.625 7.383 7.141 6.897
71.878 74.884 78.057 81.291 84.254 86.680 88.881 90.590 91.671 92.224 91.683 90.758 89.754 88.873 87.786 85.958 83.817 81.521 79.129 76.305 72.662 68.078 64.401 60.542 56.092 51.102 46.149 41.956 37.921 34.083 30.937 28.227 25.582 22.755 19.554 15.566 11.406 8.348 6.312 5.044 4.279 3.828 3.587 3.496 3.519 3.618 3.787 3.937 4.096 4.468 5.210 6.343 7.647 8.658 9.322 9.735 9.992 10.115 10.233 10.310 10.371 10.410 10.411 10.362 10.233 10.048 9.796 9.517 9.212 8.912 8.629 8.391 8.152 7.876 7.591 7.319
67.022 69.689 72.543 75.763 78.555 80.999 83.808 86.038 87.285 88.572 88.163 86.770 86.432 85.662 83.826 81.627 78.860 76.088 73.328 70.039 65.716 61.492 58.098 53.914 49.600 45.530 41.982 38.424 34.307 29.695 25.724 22.363 19.195 16.070 12.742 9.279 6.517 4.687 3.540 2.872 2.524 2.377 2.344 2.386 2.554 2.843 3.180 3.584 4.124 4.893 5.970 7.372 8.703 9.653 10.212 10.491 10.655 10.757 10.831 10.877 10.907 10.926 10.923 10.869 10.772 10.612 10.387 10.116 9.821 9.523 9.226 8.948 8.676 8.385 8.081 7.786
61.908 64.429 66.829 69.547 72.452 74.905 77.735 80.227 82.013 83.445 83.249 82.177 81.534 80.300 78.112 75.541 72.561 69.443 66.456 62.189 57.654 54.921 50.988 46.328 42.076 38.700 35.823 32.473 28.051 22.972 18.687 15.230 12.103 9.345 6.992 5.157 3.839 2.966 2.424 2.114 1.966 1.926 1.946 2.073 2.316 2.707 3.252 3.957 4.856 5.969 7.329 8.791 9.984 10.809 11.286 11.524 11.624 11.655 11.651 11.621 11.580 11.539 11.479 11.407 11.299 11.144 10.933 10.682 10.395 10.091 9.783 9.497 9.203 8.897 8.576 8.255
57.366 59.132 61.328 63.768 66.257 68.684 71.273 73.732 75.560 76.867 76.973 76.231 74.742 72.676 70.100 67.245 64.170 60.949 57.439 53.258 50.446 46.522 41.748 36.618 32.555 29.361 26.398 23.035 18.879 14.717 11.079 8.385 6.321 4.867 3.838 3.130 2.645 2.309 2.066 1.905 1.827 1.837 1.941 2.181 2.607 3.250 4.100 5.134 6.348 7.743 9.233 10.563 11.531 12.207 12.625 12.797 12.836 12.783 12.671 12.526 12.390 12.250 12.113 11.979 11.839 11.665 11.460 11.220 10.936 10.617 10.304 9.989 9.649 9.308 8.967 8.627
53.327 54.844 56.576 58.475 59.715 61.248 63.241 65.024 66.328 67.660 67.933 67.068 65.428 62.832 59.825 56.973 54.013 50.942 47.578 44.779 41.267 36.417 31.678 27.470 23.833 20.422 17.006 13.649 10.539 7.906 5.859 4.391 3.423 2.831 2.499 2.313 2.203 2.100 1.975 1.881 1.915 2.060 2.367 2.873 3.611 4.594 5.775 7.104 8.594 10.140 11.561 12.654 13.342 13.751 13.958 14.010 13.900 13.730 13.529 13.347 13.161 12.976 12.798 12.610 12.421 12.221 12.000 11.748 11.447 11.127 10.742 10.340 9.962 9.590 9.234 8.901
49.591 50.625 51.579 52.638 52.879 53.364 54.147 54.938 55.783 56.835 56.956 56.248 54.945 52.674 49.867 47.223 44.473 41.632 39.031 35.782 31.555 27.184 23.257 19.897 16.662 13.528 10.640 8.087 6.046 4.519 3.518 2.834 2.417 2.202 2.113 2.089 2.104 2.101 2.103 2.184 2.413 2.838 3.474 4.331 5.424 6.757 8.279 9.847 11.424 12.825 13.905 14.614 14.966 15.108 15.067 14.890 14.615 14.366 14.158 13.982 13.806 13.622 13.433 13.236 13.021 12.799 12.552 12.284 11.965 11.568 11.063 10.569 10.149 9.764 9.405 9.090
46.965 47.531 47.723 47.658 47.129 46.791 46.687 46.667 46.802 46.990 46.878 46.522 45.441 43.688 41.233 38.492 35.683 33.203 30.395 27.108 23.505 20.114 17.056 14.282 11.757 9.384 7.258 5.563 4.367 3.518 2.907 2.483 2.242 2.151 2.163 2.232 2.352 2.507 2.717 3.051 3.593 4.372 5.372 6.569 7.989 9.613 11.271 12.811 14.141 15.182 15.872 16.212 16.291 16.143 15.840 15.417 15.072 14.805 14.614 14.476 14.326 14.169 13.982 13.803 13.599 13.374 13.113 12.802 12.415 11.891 11.270 10.716 10.251 9.854 9.509 9.213
44.197 43.970 43.375 42.662 42.001 41.314 40.630 39.946 39.556 39.353 38.769 38.177 37.118 35.338 33.141 30.614 27.803 25.151 22.611 20.126 17.602 15.093 12.815 10.746 8.866 7.280 5.968 4.883 4.051 3.380 2.857 2.589 2.532 2.576 2.696 2.900 3.191 3.577 4.072 4.726 5.604 6.722 8.037 9.513 11.082 12.660 14.125 15.385 16.401 17.069 17.381 17.422 17.213 16.758 16.316 15.821 15.399 15.073 14.896 14.808 14.689 14.587 14.462 14.320 14.167 13.947 13.639 13.277 12.767 12.100 11.388 10.782 10.284 9.881 9.554 9.288
41.378 40.763 39.746 38.647 37.682 36.837 35.969 34.856 33.900 33.050 32.133 31.028 29.577 27.792 25.613 23.191 20.808 18.724 16.896 15.121 13.389 11.713 10.180 8.801 7.619 6.588 5.660 4.824 4.098 3.585 3.407 3.381 3.473 3.670 3.965 4.362 4.868 5.514 6.314 7.286 8.470 9.863 11.295 12.683 14.017 15.280 16.479 17.402 18.103 18.405 18.392 18.159 17.723 17.270 16.585 15.944 15.516 15.218 15.066 15.001 14.933 14.879 14.830 14.769 14.672 14.441 14.119 13.648 13.015 12.222 11.441 10.786 10.256 9.846 9.537 9.314
38.390 37.313 36.167 35.144 33.985 33.047 31.958 30.547 28.996 27.482 25.963 24.321 22.612 20.838 19.033 17.156 15.449 14.006 12.759 11.629 10.609 9.674 8.809 7.970 7.168 6.407 5.693 5.166 4.832 4.668 4.718 4.897 5.193 5.599 6.114 6.725 7.469 8.400 9.476 10.628 11.824 13.049 14.243 15.375 16.384 17.310 18.173 18.788 19.186 19.209 18.920 18.574 18.060 17.394 16.612 15.965 15.531 15.259 15.111 15.058 15.048 15.081 15.120 15.135 15.055 14.850 14.488 13.926 13.172 12.274 11.430 10.730 10.174 9.756 9.455 9.262
35.163 33.771 32.559 31.481 30.283 29.081 27.797 26.115 24.158 22.008 19.930 18.064 16.469 15.096 13.828 12.675 11.574 10.655 9.984 9.490 9.090 8.686 8.222 7.679 7.118 6.816 6.602 6.452 6.414 6.524 6.783 7.185 7.740 8.447 9.193 9.969 10.822 11.737 12.707 13.631 14.571 15.522 16.470 17.357 18.093 18.696 19.213 19.507 19.636 19.506 19.258 18.768 18.109 17.350 16.546 15.908 15.478 15.205 15.070 15.034 15.070 15.217 15.357 15.424 15.346 15.152 14.726 14.086 13.237 12.250 11.360 10.631 10.052 9.616 9.305 9.104
31.521 30.063 28.839 27.709 26.333 24.875 23.114 20.971 18.536 15.830 13.629 12.228 11.482 10.894 10.350 9.750 9.075 8.591 8.416 8.370 8.336 8.243 8.064 7.981 8.029 8.165 8.330 8.517 8.787 9.157 9.661 10.285 11.007 11.682 12.352 12.962 13.630 14.361 15.123 15.810 16.514 17.207 17.890 18.506 18.970 19.312 19.577 19.675 19.699 19.636 19.304 18.754 18.062 17.232 16.405 15.782 15.330 15.057 14.930 14.917 15.008 15.252 15.445 15.539 15.535 15.289 14.806 14.105 13.220 12.176 11.222 10.438 9.817 9.355 9.039 8.847
27.302 26.015 24.762 23.274 21.448 19.363 16.704 13.722 10.913 9.850 9.171 8.773 8.551 8.381 8.193 7.932 7.626 7.448 7.555 7.888 8.174 8.433 8.747 9.142 9.622 10.163 10.689 11.210 11.751 12.286 12.806 13.346 13.881 14.366 14.823 15.239 15.693 16.207 16.706 17.149 17.632 18.090 18.496 18.858 19.158 19.371 19.534 19.643 19.641 19.512 19.179 18.630 17.900 17.012 16.148 15.502 15.031 14.751 14.617 14.642 14.767 15.035 15.255 15.360 15.362 15.125 14.685 13.996 13.107 11.991 10.947 10.114 9.456 8.963 8.607 8.411
22.412 20.955 19.274 17.132 14.440 11.532 9.440 8.393 7.629 7.163 6.960 6.940 6.984 6.994 6.962 6.875 6.791 6.889 7.492 8.068 8.654 9.317 10.097 10.951 11.822 12.710 13.532 14.201 14.759 15.173 15.525 15.877 16.209 16.493 16.723 16.923 17.155 17.415 17.649 17.871 18.136 18.381 18.612 18.845 19.063 19.250 19.387 19.432 19.381 19.236 18.903 18.362 17.616 16.679 15.781 15.083 14.556 14.244 14.083 14.039 14.063 14.169 14.246 14.255 14.269 14.169 13.915 13.374 12.602 11.565 10.499 9.623 8.924 8.383 7.993 7.767
16.234 14.282 12.061 10.041 8.896 7.885 7.023 6.413 6.077 5.973 6.031 6.156 6.247 6.277 6.275 6.255 6.367 7.051 7.949 8.876 9.848 10.898 12.095 13.338 14.470 15.446 16.209 16.796 17.247 17.518 17.659 17.782 17.880 17.982 18.064 18.071 18.109 18.171 18.210 18.274 18.360 18.445 18.559 18.702 18.891 19.016 19.092 19.070 18.993 18.815 18.443 17.899 17.166 16.220 15.267 14.491 13.886 13.458 13.151 12.840 12.498 12.203 12.027 11.969 11.995 12.074 12.154 11.975 11.508 10.759 9.844 8.978 8.253 7.656 7.219 6.950
12.777 10.920 8.986 7.803 6.965 6.322 5.881 5.653 5.588 5.627 5.718 5.796 5.826 5.983 6.129 6.122 6.547 7.817 9.129 10.430 11.779 13.173 14.585 15.863 16.896 17.709 18.305 18.764 19.072 19.170 19.122 19.005 18.879 18.816 18.769 18.684 18.650 18.603 18.544 18.509 18.463 18.426 18.481 18.551 18.621 18.648 18.642 18.552 18.418 18.188 17.774 17.198 16.456 15.533 14.553 13.675 12.905 12.215 11.524 10.731 9.904 9.280 8.951 8.881 8.958 9.211 9.632 9.923 9.883 9.551 8.958 8.212 7.479 6.848 6.365 6.059
10.127 8.596 7.050 6.401 5.942 5.660 5.854 6.086 6.332 6.662 7.001 7.245 7.381 7.385 7.244 6.997 7.544 9.383 11.091 12.682 14.175 15.561 16.819 17.900 18.729 19.348 19.750 20.022 20.159 20.093 19.886 19.565 19.281 19.101 18.983 18.936 18.898 18.848 18.768 18.633 18.538 18.427 18.368 18.292 18.213 18.101 18.004 17.822 17.585 17.257 16.815 16.207 15.448 14.561 13.555 12.526 11.471 10.352 9.127 7.911 6.951 6.348 6.088 6.067 6.191 6.530 7.136 7.679 7.944 7.988 7.791 7.319 6.670 6.007 5.476 5.109
8.098 6.960 5.988 6.209 6.627 7.036 7.403 7.747 8.101 8.540 8.840 8.901 8.748 8.461 8.025 7.561 9.415 11.557 13.261 14.774 16.133 17.361 18.440 19.266 19.865 20.317 20.546 20.626 20.584 20.405 20.207 19.876 19.511 19.248 19.074 19.040 19.041 18.990 18.896 18.764 18.561 18.351 18.151 17.902 17.658 17.398 17.136 16.841 16.496 16.070 15.571 14.949 14.201 13.312 12.265 11.070 9.737 8.290 6.903 5.738 4.885 4.388 4.213 4.223 4.368 4.709 5.289 5.871 6.242 6.387 6.403 6.225 5.789 5.176 4.595 4.147
6.621 6.704 7.272 7.964 8.640 9.192 9.562 9.826 10.082 10.304 10.343 10.141 9.723 9.135 8.580 8.772 11.342 13.256 14.782 16.163 17.418 18.480 19.334 19.933 20.346 20.637 20.729 20.734 20.685 20.541 20.316 20.004 19.605 19.285 19.079 19.071 19.121 19.103 19.004 18.817 18.522 18.161 17.743 17.321 16.884 16.468 16.083 15.642 15.195 14.715 14.168 13.535 12.782 11.882 10.848 9.685 8.349 6.862 5.516 4.446 3.705 3.284 3.128 3.131 3.245 3.511 3.957 4.443 4.794 4.976 5.025 4.985 4.767 4.331 3.778 3.281
7.983 8.596 9.379 10.134 10.724 11.193 11.423 11.513 11.617 11.576 11.337 10.875 10.335 9.700 8.945 10.200 12.432 14.170 15.566 16.826 17.945 18.856 19.554 20.044 20.378 20.587 20.688 20.719 20.670 20.547 20.337 20.039 19.651 19.266 19.051 19.025 19.075 19.116 19.013 18.768 18.351 17.789 17.107 16.476 15.886 15.337 14.823 14.307 13.786 13.244 12.663 12.033 11.336 10.535 9.617 8.574 7.367 5.999 4.792 3.852 3.190 2.772 2.554 2.488 2.532 2.681 2.949 3.269 3.520 3.669 3.719 3.719 3.633 3.390 2.968 2.475
10.006 10.723 11.291 11.813 12.190 12.490 12.575 12.548 12.428 12.175 11.821 11.337 10.683 9.925 9.071 10.848 12.790 14.432 15.788 16.973 18.018 18.858 19.481 19.919 20.196 20.421 20.539 20.577 20.553 20.484 20.316 20.033 19.641 19.166 18.904 18.791 18.753 18.703 18.579 18.256 17.739 17.043 16.211 15.400 14.681 14.033 13.441 12.883 12.337 11.793 11.233 10.648 10.029 9.343 8.571 7.680 6.658 5.505 4.468 3.633 3.000 2.543 2.233 2.059 2.001 2.028 2.125 2.271 2.374 2.421 2.417 2.396 2.352 2.240 2.002 1.639
11.699 12.123 12.389 12.667 12.941 13.042 13.025 12.851 12.671 12.415 12.027 11.425 10.647 9.830 9.453 10.970 12.778 14.400 15.770 16.948 17.935 18.703 19.247 19.623 19.925 20.107 20.218 20.286 20.306 20.300 20.204 19.968 19.570 19.033 18.555 18.185 17.889 17.603 17.376 17.011 16.517 15.850 15.010 14.106 13.301 12.585 11.955 11.397 10.880 10.380 9.877 9.366 8.829 8.252 7.618 6.893 6.069 5.144 4.259 3.507 2.889 2.394 2.010 1.731 1.556 1.463 1.422 1.415 1.397 1.362 1.318 1.270 1.216 1.144 1.038 0.881
12.725 12.797 12.795 12.870 13.132 13.190 13.138 13.006 12.685 12.250 11.730 11.042 10.278 9.549 9.496 10.875 12.570 14.248 15.656 16.833 17.740 18.391 18.852 19.235 19.472 19.608 19.687 19.757 19.845 19.918 19.891 19.728 19.384 18.718 17.957 17.205 16.535 15.990 15.586 15.192 14.751 14.189 13.449 12.593 11.766 11.023 10.382 9.848 9.398 8.979 8.564 8.139 7.708 7.242 6.735 6.166 5.530 4.820 4.094 3.418 2.808 2.275 1.823 1.455 1.179 0.984 0.855 0.769 0.700 0.638 0.588 0.549 0.516 0.484 0.448 0.394
13.113 12.961 12.891 12.824 12.980 13.150 13.040 12.676 12.073 11.356 10.745 10.175 9.649 9.078 9.406 10.634 12.192 13.915 15.428 16.589 17.420 17.938 18.388 18.672 18.802 18.878 18.901 18.912 18.947 18.987 18.952 18.831 18.534 17.923 17.023 15.838 14.732 13.941 13.379 12.939 12.527 12.094 11.531 10.842 10.091 9.387 8.783 8.298 7.914 7.591 7.276 6.954 6.620 6.259 5.882 5.475 5.023 4.509 3.941 3.347 2.746 2.166 1.648 1.204 0.854 0.613 0.457 0.357 0.288 0.238 0.206 0.185 0.172 0.162 0.154 0.143
