RESULTS/r.avaflow_results/14b_results/14b_ascii/14b_hflow0004.asc
ncols 506
nrows 317
xllcenter 498237.50
yllcenter 5580050.00
cellsize 12.50
NODATA_value -9999.000
[rows 204 to 237 of 317, columns 231 to 307 of 506]
0.000 0.001 0.001 0.002 0.003 0.004 0.005 0.006 0.007 0.009 0.011 0.013 0.016 0.018 0.019 0.020 0.020 0.019 0.018 0.017 0.017 0.017 0.017 0.018 0.020 0.020 0.021 0.022 0.022 0.022 0.022 0.022 0.023 0.023 0.023 0.023 0.024 0.024 0.024 0.025 0.025 0.026 0.027 0.028 0.029 0.030 0.031 0.031 0.032 0.032 0.034 0.036 0.040 0.043 0.047 0.053 0.063 0.079 0.090 0.093 0.090 0.083 0.070 0.058 0.050 0.045 0.044 0.043 0.044 0.047 0.052 0.060 0.070 0.081 0.096 0.118 0.147
0.000 0.000 0.000 0.001 0.001 0.002 0.003 0.004 0.005 0.006 0.008 0.010 0.011 0.013 0.013 0.014 0.014 0.014 0.014 0.014 0.014 0.014 0.014 0.015 0.016 0.017 0.018 0.019 0.020 0.020 0.021 0.021 0.021 0.021 0.022 0.022 0.023 0.023 0.023 0.023 0.023 0.024 0.025 0.027 0.028 0.029 0.029 0.030 0.031 0.032 0.034 0.037 0.040 0.044 0.049 0.054 0.063 0.077 0.087 0.089 0.087 0.079 0.067 0.057 0.050 0.046 0.044 0.044 0.046 0.049 0.055 0.065 0.081 0.109 0.150 0.205 0.262
0.000 0.000 0.000 0.000 0.001 0.001 0.002 0.002 0.003 0.004 0.005 0.007 0.008 0.009 0.010 0.010 0.010 0.011 0.011 0.011 0.011 0.011 0.012 0.013 0.014 0.015 0.016 0.017 0.018 0.018 0.019 0.019 0.020 0.020 0.021 0.021 0.022 0.022 0.022 0.022 0.023 0.024 0.025 0.026 0.027 0.028 0.029 0.030 0.031 0.033 0.035 0.040 0.045 0.049 0.053 0.058 0.065 0.077 0.086 0.089 0.086 0.079 0.067 0.057 0.050 0.047 0.046 0.047 0.049 0.054 0.063 0.080 0.116 0.183 0.281 0.381 0.459
0.000 0.000 0.000 0.000 0.000 0.000 0.001 0.001 0.002 0.003 0.003 0.005 0.005 0.006 0.007 0.007 0.008 0.008 0.008 0.009 0.009 0.009 0.010 0.011 0.012 0.013 0.014 0.015 0.016 0.017 0.018 0.018 0.019 0.019 0.020 0.020 0.021 0.021 0.022 0.022 0.023 0.024 0.025 0.026 0.028 0.029 0.030 0.031 0.033 0.036 0.042 0.048 0.055 0.060 0.063 0.066 0.071 0.080 0.088 0.090 0.088 0.079 0.067 0.058 0.052 0.050 0.050 0.051 0.055 0.063 0.080 0.116 0.192 0.327 0.475 0.578 0.629
0.000 0.000 0.000 0.000 0.000 0.000 0.000 0.000 0.001 0.001 0.002 0.003 0.003 0.004 0.005 0.005 0.005 0.006 0.006 0.007 0.007 0.008 0.008 0.009 0.010 0.011 0.012 0.013 0.014 0.015 0.016 0.017 0.018 0.019 0.019 0.020 0.021 0.021 0.022 0.022 0.023 0.024 0.026 0.027 0.028 0.029 0.031 0.034 0.039 0.046 0.056 0.067 0.074 0.078 0.079 0.079 0.080 0.086 0.093 0.094 0.091 0.082 0.069 0.061 0.056 0.055 0.056 0.058 0.065 0.080 0.111 0.176 0.295 0.461 0.597 0.672 0.696
0.000 0.000 0.000 0.000 0.000 0.000 0.000 0.000 0.000 0.000 0.001 0.001 0.002 0.002 0.003 0.003 0.004 0.004 0.004 0.005 0.005 0.006 0.007 0.007 0.008 0.009 0.010 0.012 0.013 0.014 0.015 0.016 0.018 0.018 0.019 0.020 0.021 0.021 0.022 0.022 0.023 0.024 0.026 0.027 0.029 0.031 0.035 0.041 0.052 0.067 0.085 0.098 0.103 0.101 0.093 0.088 0.087 0.091 0.096 0.097 0.095 0.086 0.074 0.067 0.064 0.064 0.066 0.072 0.084 0.110 0.157 0.238 0.363 0.514 0.623 0.678 0.688
0.000 0.000 0.000 0.000 0.000 0.000 0.000 0.000 0.000 0.000 0.000 0.001 0.001 0.001 0.002 0.002 0.002 0.003 0.003 0.003 0.004 0.005 0.005 0.006 0.007 0.008 0.009 0.010 0.012 0.013 0.014 0.016 0.017 0.018 0.019 0.020 0.021 0.021 0.022 0.022 0.023 0.024 0.026 0.027 0.029 0.033 0.040 0.054 0.077 0.104 0.123 0.130 0.127 0.114 0.098 0.091 0.089 0.092 0.097 0.098 0.095 0.089 0.081 0.077 0.076 0.078 0.083 0.095 0.114 0.145 0.194 0.271 0.386 0.508 0.583 0.608 0.592
0.000 0.000 0.000 0.000 0.000 0.000 0.000 0.000 0.000 0.000 0.000 0.000 0.000 0.000 0.001 0.001 0.001 0.001 0.002 0.002 0.003 0.003 0.004 0.005 0.006 0.007 0.008 0.009 0.010 0.012 0.014 0.015 0.017 0.019 0.020 0.020 0.021 0.021 0.022 0.022 0.023 0.024 0.025 0.027 0.031 0.037 0.049 0.076 0.113 0.140 0.150 0.149 0.138 0.117 0.099 0.090 0.089 0.091 0.096 0.097 0.095 0.089 0.086 0.086 0.090 0.096 0.105 0.118 0.137 0.164 0.208 0.278 0.370 0.440 0.461 0.437 0.381
0.000 0.000 0.000 0.000 0.000 0.000 0.000 0.000 0.000 0.000 0.000 0.000 0.000 0.000 0.000 0.000 0.000 0.001 0.001 0.001 0.002 0.002 0.003 0.004 0.004 0.005 0.007 0.008 0.009 0.011 0.013 0.015 0.017 0.019 0.020 0.021 0.021 0.021 0.021 0.022 0.022 0.023 0.025 0.028 0.032 0.041 0.062 0.101 0.140 0.159 0.161 0.155 0.138 0.114 0.095 0.086 0.085 0.086 0.090 0.092 0.091 0.088 0.088 0.091 0.097 0.107 0.117 0.129 0.144 0.168 0.206 0.256 0.294 0.299 0.277 0.234 0.184
0.000 0.000 0.000 0.000 0.000 0.000 0.000 0.000 0.000 0.000 0.000 0.000 0.000 0.000 0.000 0.000 0.000 0.000 0.000 0.001 0.001 0.001 0.002 0.002 0.003 0.004 0.005 0.007 0.008 0.010 0.012 0.014 0.017 0.020 0.021 0.022 0.022 0.022 0.022 0.022 0.022 0.023 0.025 0.028 0.034 0.047 0.074 0.117 0.151 0.163 0.163 0.153 0.134 0.107 0.088 0.078 0.076 0.076 0.079 0.082 0.083 0.084 0.086 0.091 0.099 0.109 0.119 0.129 0.141 0.157 0.176 0.187 0.180 0.164 0.141 0.114 0.089
0.000 0.000 0.000 0.000 0.000 0.000 0.000 0.000 0.000 0.000 0.000 0.000 0.000 0.000 0.000 0.000 0.000 0.000 0.000 0.000 0.000 0.001 0.001 0.002 0.002 0.003 0.004 0.006 0.007 0.009 0.011 0.014 0.017 0.019 0.021 0.023 0.023 0.022 0.022 0.022 0.022 0.023 0.025 0.029 0.037 0.053 0.083 0.123 0.150 0.158 0.156 0.144 0.123 0.097 0.078 0.067 0.063 0.062 0.063 0.066 0.069 0.073 0.077 0.084 0.093 0.102 0.110 0.116 0.121 0.122 0.116 0.109 0.099 0.088 0.075 0.061 0.051
0.000 0.000 0.000 0.000 0.000 0.000 0.000 0.000 0.000 0.000 0.000 0.000 0.000 0.000 0.000 0.000 0.000 0.000 0.000 0.000 0.000 0.000 0.000 0.001 0.001 0.002 0.003 0.004 0.006 0.008 0.010 0.012 0.016 0.019 0.021 0.023 0.024 0.024 0.023 0.023 0.023 0.024 0.026 0.031 0.040 0.058 0.087 0.119 0.137 0.140 0.136 0.124 0.104 0.081 0.064 0.054 0.049 0.047 0.048 0.049 0.051 0.055 0.061 0.069 0.077 0.083 0.086 0.086 0.083 0.077 0.071 0.065 0.060 0.054 0.046 0.040 0.036
0.000 0.000 0.000 0.000 0.000 0.000 0.000 0.000 0.000 0.000 0.000 0.000 0.000 0.000 0.000 0.000 0.000 0.000 0.000 0.000 0.000 0.000 0.000 0.000 0.001 0.001 0.002 0.003 0.005 0.006 0.009 0.011 0.014 0.017 0.020 0.022 0.024 0.025 0.025 0.025 0.025 0.026 0.028 0.034 0.043 0.060 0.085 0.103 0.109 0.106 0.100 0.089 0.075 0.059 0.048 0.041 0.038 0.037 0.037 0.037 0.039 0.042 0.046 0.051 0.055 0.056 0.057 0.056 0.053 0.050 0.048 0.045 0.042 0.039 0.035 0.032 0.031
0.000 0.000 0.000 0.000 0.000 0.000 0.000 0.000 0.000 0.000 0.000 0.000 0.000 0.000 0.000 0.000 0.000 0.000 0.000 0.000 0.000 0.000 0.000 0.000 0.000 0.001 0.001 0.002 0.003 0.005 0.007 0.009 0.012 0.015 0.018 0.021 0.023 0.025 0.026 0.026 0.027 0.028 0.031 0.035 0.044 0.058 0.072 0.077 0.075 0.070 0.064 0.057 0.049 0.041 0.036 0.032 0.030 0.030 0.030 0.031 0.032 0.034 0.036 0.038 0.040 0.040 0.039 0.039 0.038 0.037 0.036 0.035 0.034 0.033 0.031 0.030 0.030
0.000 0.000 0.000 0.000 0.000 0.000 0.000 0.000 0.000 0.000 0.000 0.000 0.000 0.000 0.000 0.000 0.000 0.000 0.000 0.000 0.000 0.000 0.000 0.000 0.000 0.000 0.001 0.001 0.002 0.004 0.005 0.007 0.010 0.012 0.016 0.019 0.022 0.025 0.026 0.027 0.028 0.030 0.032 0.036 0.043 0.051 0.054 0.053 0.051 0.046 0.042 0.039 0.035 0.031 0.028 0.027 0.026 0.026 0.026 0.027 0.029 0.030 0.031 0.031 0.031 0.031 0.031 0.030 0.030 0.030 0.030 0.031 0.031 0.030 0.030 0.029 0.030
0.000 0.000 0.000 0.000 0.000 0.000 0.000 0.000 0.000 0.000 0.000 0.000 0.000 0.000 0.000 0.000 0.000 0.000 0.000 0.000 0.000 0.000 0.000 0.000 0.000 0.000 0.000 0.001 0.001 0.002 0.004 0.005 0.008 0.010 0.013 0.016 0.021 0.024 0.026 0.028 0.029 0.030 0.032 0.035 0.038 0.040 0.040 0.039 0.036 0.033 0.031 0.028 0.027 0.025 0.024 0.023 0.023 0.024 0.025 0.026 0.027 0.027 0.027 0.027 0.027 0.026 0.026 0.026 0.026 0.027 0.027 0.028 0.029 0.030 0.030 0.030 0.031
0.000 0.000 0.000 0.000 0.000 0.000 0.000 0.000 0.000 0.000 0.000 0.000 0.000 0.000 0.000 0.000 0.000 0.000 0.000 0.000 0.000 0.000 0.000 0.000 0.000 0.000 0.000 0.000 0.001 0.002 0.003 0.004 0.006 0.008 0.011 0.014 0.018 0.022 0.026 0.027 0.028 0.029 0.030 0.032 0.032 0.031 0.031 0.030 0.028 0.026 0.024 0.023 0.022 0.022 0.021 0.022 0.022 0.023 0.024 0.025 0.026 0.026 0.026 0.025 0.025 0.024 0.024 0.024 0.024 0.025 0.026 0.028 0.029 0.030 0.031 0.033 0.035
0.000 0.000 0.000 0.000 0.000 0.000 0.000 0.000 0.000 0.000 0.000 0.000 0.000 0.000 0.000 0.000 0.000 0.000 0.000 0.000 0.000 0.000 0.000 0.000 0.000 0.000 0.000 0.000 0.000 0.001 0.002 0.003 0.004 0.006 0.008 0.011 0.016 0.020 0.024 0.026 0.027 0.027 0.027 0.027 0.026 0.025 0.025 0.024 0.023 0.022 0.020 0.020 0.019 0.019 0.020 0.020 0.021 0.023 0.024 0.025 0.025 0.025 0.025 0.025 0.024 0.023 0.023 0.023 0.023 0.024 0.026 0.028 0.030 0.032 0.036 0.040 0.044
0.000 0.000 0.000 0.000 0.000 0.000 0.000 0.000 0.000 0.000 0.000 0.000 0.000 0.000 0.000 0.000 0.000 0.000 0.000 0.000 0.000 0.000 0.000 0.000 0.000 0.000 0.000 0.000 0.000 0.000 0.001 0.002 0.003 0.004 0.006 0.009 0.013 0.017 0.021 0.023 0.023 0.023 0.022 0.021 0.020 0.020 0.020 0.020 0.019 0.019 0.018 0.017 0.017 0.018 0.018 0.019 0.021 0.023 0.025 0.025 0.025 0.025 0.025 0.025 0.024 0.023 0.023 0.023 0.023 0.024 0.026 0.029 0.033 0.039 0.047 0.057 0.063
0.000 0.000 0.000 0.000 0.000 0.000 0.000 0.000 0.000 0.000 0.000 0.000 0.000 0.000 0.000 0.000 0.000 0.000 0.000 0.000 0.000 0.000 0.000 0.000 0.000 0.000 0.000 0.000 0.000 0.000 0.000 0.001 0.002 0.003 0.005 0.007 0.010 0.013 0.016 0.018 0.018 0.018 0.017 0.016 0.016 0.016 0.016 0.016 0.016 0.016 0.016 0.016 0.016 0.016 0.017 0.019 0.021 0.023 0.025 0.026 0.026 0.026 0.025 0.025 0.024 0.023 0.023 0.023 0.023 0.024 0.027 0.033 0.041 0.054 0.075 0.093 0.104
0.000 0.000 0.000 0.000 0.000 0.000 0.000 0.000 0.000 0.000 0.000 0.000 0.000 0.000 0.000 0.000 0.000 0.000 0.000 0.000 0.000 0.000 0.000 0.000 0.000 0.000 0.000 0.000 0.000 0.000 0.000 0.000 0.001 0.002 0.003 0.005 0.007 0.009 0.011 0.012 0.013 0.013 0.012 0.012 0.012 0.013 0.013 0.013 0.013 0.013 0.014 0.014 0.014 0.015 0.016 0.018 0.020 0.023 0.026 0.027 0.027 0.027 0.026 0.025 0.024 0.023 0.023 0.023 0.024 0.027 0.032 0.042 0.061 0.096 0.146 0.181 0.198
0.000 0.000 0.000 0.000 0.000 0.000 0.000 0.000 0.000 0.000 0.000 0.000 0.000 0.000 0.000 0.000 0.000 0.000 0.000 0.000 0.000 0.000 0.000 0.000 0.000 0.000 0.000 0.000 0.000 0.000 0.000 0.000 0.000 0.001 0.002 0.003 0.005 0.006 0.007 0.008 0.009 0.009 0.009 0.009 0.009 0.009 0.010 0.010 0.010 0.011 0.011 0.012 0.013 0.014 0.015 0.017 0.020 0.023 0.025 0.027 0.027 0.027 0.026 0.025 0.024 0.024 0.024 0.025 0.027 0.032 0.043 0.065 0.110 0.194 0.305 0.376 0.405
0.000 0.000 0.000 0.000 0.000 0.000 0.000 0.000 0.000 0.000 0.000 0.000 0.000 0.000 0.000 0.000 0.000 0.000 0.000 0.000 0.000 0.000 0.000 0.000 0.000 0.000 0.000 0.000 0.000 0.000 0.000 0.000 0.000 0.000 0.001 0.002 0.003 0.004 0.005 0.005 0.006 0.006 0.006 0.006 0.006 0.007 0.007 0.007 0.008 0.009 0.009 0.010 0.011 0.013 0.014 0.016 0.019 0.022 0.025 0.026 0.026 0.026 0.026 0.025 0.024 0.024 0.024 0.026 0.030 0.038 0.055 0.092 0.165 0.303 0.489 0.611 0.657
0.000 0.000 0.000 0.000 0.000 0.000 0.000 0.000 0.000 0.000 0.000 0.000 0.000 0.000 0.000 0.000 0.000 0.000 0.000 0.000 0.000 0.000 0.000 0.000 0.000 0.000 0.000 0.000 0.000 0.000 0.000 0.000 0.000 0.000 0.000 0.001 0.001 0.002 0.003 0.003 0.003 0.003 0.004 0.004 0.004 0.004 0.005 0.005 0.006 0.006 0.007 0.008 0.010 0.011 0.013 0.015 0.017 0.020 0.022 0.024 0.025 0.025 0.025 0.024 0.024 0.024 0.024 0.026 0.031 0.041 0.061 0.103 0.186 0.344 0.567 0.715 0.767
0.000 0.000 0.000 0.000 0.000 0.000 0.000 0.000 0.000 0.000 0.000 0.000 0.000 0.000 0.000 0.000 0.000 0.000 0.000 0.000 0.000 0.000 0.000 0.000 0.000 0.000 0.000 0.000 0.000 0.000 0.000 0.000 0.000 0.000 0.000 0.000 0.001 0.001 0.001 0.001 0.002 0.002 0.002 0.002 0.002 0.002 0.003 0.003 0.004 0.005 0.005 0.006 0.008 0.009 0.011 0.013 0.015 0.017 0.019 0.020 0.021 0.022 0.022 0.022 0.022 0.022 0.024 0.026 0.031 0.040 0.060 0.100 0.181 0.333 0.553 0.697 0.748
0.000 0.000 0.000 0.000 0.000 0.000 0.000 0.000 0.000 0.000 0.000 0.000 0.000 0.000 0.000 0.000 0.000 0.000 0.000 0.000 0.000 0.000 0.000 0.000 0.000 0.000 0.000 0.000 0.000 0.000 0.000 0.000 0.000 0.000 0.000 0.000 0.000 0.000 0.000 0.000 0.000 0.001 0.001 0.001 0.001 0.001 0.001 0.002 0.002 0.003 0.004 0.005 0.006 0.007 0.008 0.010 0.012 0.013 0.014 0.015 0.016 0.017 0.017 0.018 0.019 0.020 0.021 0.024 0.028 0.035 0.051 0.081 0.142 0.258 0.424 0.529 0.565
0.000 0.000 0.000 0.000 0.000 0.000 0.000 0.000 0.000 0.000 0.000 0.000 0.000 0.000 0.000 0.000 0.000 0.000 0.000 0.000 0.000 0.000 0.000 0.000 0.000 0.000 0.000 0.000 0.000 0.000 0.000 0.000 0.000 0.000 0.000 0.000 0.000 0.000 0.000 0.000 0.000 0.000 0.000 0.000 0.000 0.000 0.000 0.001 0.001 0.002 0.002 0.003 0.004 0.005 0.006 0.007 0.008 0.010 0.010 0.011 0.012 0.012 0.013 0.013 0.014 0.015 0.017 0.019 0.021 0.025 0.032 0.046 0.074 0.128 0.204 0.247 0.259
0.000 0.000 0.000 0.000 0.000 0.000 0.000 0.000 0.000 0.000 0.000 0.000 0.000 0.000 0.000 0.000 0.000 0.000 0.000 0.000 0.000 0.000 0.000 0.000 0.000 0.000 0.000 0.000 0.000 0.000 0.000 0.000 0.000 0.000 0.000 0.000 0.000 0.000 0.000 0.000 0.000 0.000 0.000 0.000 0.000 0.000 0.000 0.000 0.000 0.001 0.001 0.002 0.002 0.003 0.004 0.005 0.006 0.007 0.007 0.008 0.009 0.009 0.009 0.010 0.010 0.011 0.012 0.013 0.014 0.016 0.020 0.025 0.036 0.056 0.083 0.095 0.097
0.000 0.000 0.000 0.000 0.000 0.000 0.000 0.000 0.000 0.000 0.000 0.000 0.000 0.000 0.000 0.000 0.000 0.000 0.000 0.000 0.000 0.000 0.000 0.000 0.000 0.000 0.000 0.000 0.000 0.000 0.000 0.000 0.000 0.000 0.000 0.000 0.000 0.000 0.000 0.000 0.000 0.000 0.000 0.000 0.000 0.000 0.000 0.000 0.000 0.000 0.000 0.001 0.001 0.002 0.002 0.003 0.004 0.004 0.005 0.006 0.006 0.006 0.007 0.007 0.008 0.008 0.009 0.009 0.010 0.011 0.013 0.016 0.021 0.029 0.038 0.042 0.042
0.000 0.000 0.000 0.000 0.000 0.000 0.000 0.000 0.000 0.000 0.000 0.000 0.000 0.000 0.000 0.000 0.000 0.000 0.000 0.000 0.000 0.000 0.000 0.000 0.000 0.000 0.000 0.000 0.000 0.000 0.000 0.000 0.000 0.000 0.000 0.000 0.000 0.000 0.000 0.000 0.000 0.000 0.000 0.000 0.000 0.000 0.000 0.000 0.000 0.000 0.000 0.000 0.000 0.001 0.001 0.001 0.002 0.003 0.003 0.004 0.004 0.004 0.005 0.005 0.005 0.006 0.006 0.007 0.007 0.008 0.009 0.011 0.013 0.017 0.021 0.022 0.022
0.000 0.000 0.000 0.000 0.000 0.000 0.000 0.000 0.000 0.000 0.000 0.000 0.000 0.000 0.000 0.000 0.000 0.000 0.000 0.000 0.000 0.000 0.000 0.000 0.000 0.000 0.000 0.000 0.000 0.000 0.000 0.000 0.000 0.000 0.000 0.000 0.000 0.000 0.000 0.000 0.000 0.000 0.000 0.000 0.000 0.000 0.000 0.000 0.000 0.000 0.000 0.000 0.000 0.000 0.000 0.001 0.001 0.001 0.002 0.002 0.002 0.003 0.003 0.003 0.004 0.004 0.004 0.004 0.005 0.006 0.006 0.008 0.009 0.011 0.013 0.013 0.013
0.000 0.000 0.000 0.000 0.000 0.000 0.000 0.000 0.000 0.000 0.000 0.000 0.000 0.000 0.000 0.000 0.000 0.000 0.000 0.000 0.000 0.000 0.000 0.000 0.000 0.000 0.000 0.000 0.000 0.000 0.000 0.000 0.000 0.000 0.000 0.000 0.000 0.000 0.000 0.000 0.000 0.000 0.000 0.000 0.000 0.000 0.000 0.000 0.000 0.000 0.000 0.000 0.000 0.000 0.000 0.000 0.000 0.000 0.001 0.001 0.001 0.002 0.002 0.002 0.002 0.002 0.003 0.003 0.003 0.004 0.004 0.005 0.006 0.007 0.008 0.008 0.009
0.000 0.000 0.000 0.000 0.000 0.000 0.000 0.000 0.000 0.000 0.000 0.000 0.000 0.000 0.000 0.000 0.000 0.000 0.000 0.000 0.000 0.000 0.000 0.000 0.000 0.000 0.000 0.000 0.000 0.000 0.000 0.000 0.000 0.000 0.000 0.000 0.000 0.000 0.000 0.000 0.000 0.000 0.000 0.000 0.000 0.000 0.000 0.000 0.000 0.000 0.000 0.000 0.000 0.000 0.000 0.000 0.000 0.000 0.000 0.000 0.001 0.001 0.001 0.001 0.001 0.001 0.001 0.002 0.002 0.002 0.003 0.003 0.004 0.004 0.005 0.005 0.005
0.000 0.000 0.000 0.000 0.000 0.000 0.000 0.000 0.000 0.000 0.000 0.000 0.000 0.000 0.000 0.000 0.000 0.000 0.000 0.000 0.000 0.000 0.000 0.000 0.000 0.000 0.000 0.000 0.000 0.000 0.000 0.000 0.000 0.000 0.000 0.000 0.000 0.000 0.000 0.000 0.000 0.000 0.000 0.000 0.000 0.000 0.000 0.000 0.000 0.000 0.000 0.000 0.000 0.000 0.000 0.000 0.000 0.000 0.000 0.000 0.000 0.000 0.000 0.000 0.000 0.000 0.001 0.001 0.001 0.001 0.001 0.002 0.002 0.002 0.003 0.003 0.003
