RESULTS/r.avaflow_results/14b_results/14b_ascii/14b_hflow30025.asc
ncols 506
nrows 317
xllcenter 498237.50
yllcenter 5580050.00
cellsize 12.50
NODATA_value -9999.000
[rows 204 to 237 of 317, columns 308 to 384 of 506]
0.055 0.061 0.069 0.082 0.106 0.149 0.211 0.266 0.299 0.311 0.309 0.296 0.271 0.256 0.254 0.268 0.314 0.401 0.519 0.604 0.634 0.628 0.597 0.540 0.487 0.455 0.443 0.443 0.450 0.452 0.433 0.374 0.282 0.208 0.162 0.136 0.125 0.123 0.131 0.168 0.260 0.413 0.538 0.592 0.605 0.592 0.547 0.458 0.335 0.237 0.180 0.152 0.139 0.133 0.132 0.133 0.144 0.179 0.255 0.394 0.621 0.941 1.228 1.427 1.562 1.673 1.781 1.841 1.846 1.780 1.608 1.366 1.200 1.110 1.060 1.018 0.967
0.066 0.071 0.074 0.079 0.088 0.108 0.142 0.191 0.241 0.273 0.282 0.276 0.258 0.248 0.251 0.279 0.345 0.444 0.545 0.609 0.630 0.625 0.595 0.540 0.485 0.451 0.438 0.437 0.444 0.446 0.428 0.370 0.279 0.207 0.165 0.144 0.137 0.138 0.151 0.192 0.277 0.384 0.438 0.450 0.439 0.409 0.358 0.283 0.203 0.147 0.117 0.103 0.097 0.095 0.094 0.095 0.105 0.137 0.211 0.336 0.511 0.699 0.839 0.933 1.004 1.080 1.183 1.268 1.306 1.308 1.263 1.177 1.130 1.141 1.194 1.232 1.231
0.083 0.083 0.078 0.075 0.076 0.082 0.095 0.119 0.159 0.202 0.227 0.232 0.227 0.225 0.236 0.276 0.349 0.442 0.516 0.556 0.570 0.568 0.550 0.511 0.458 0.421 0.403 0.399 0.402 0.403 0.389 0.341 0.262 0.200 0.166 0.152 0.150 0.156 0.179 0.229 0.309 0.374 0.394 0.384 0.353 0.305 0.248 0.189 0.139 0.106 0.088 0.080 0.076 0.075 0.075 0.077 0.087 0.118 0.189 0.306 0.443 0.547 0.613 0.653 0.684 0.715 0.763 0.816 0.849 0.869 0.883 0.911 0.980 1.103 1.247 1.343 1.375
0.098 0.091 0.079 0.071 0.068 0.068 0.072 0.081 0.100 0.128 0.152 0.167 0.177 0.187 0.208 0.253 0.318 0.375 0.407 0.422 0.430 0.440 0.443 0.428 0.392 0.353 0.330 0.319 0.315 0.312 0.302 0.274 0.225 0.185 0.164 0.158 0.161 0.176 0.212 0.275 0.346 0.383 0.388 0.368 0.323 0.260 0.199 0.149 0.112 0.089 0.076 0.069 0.066 0.066 0.066 0.070 0.080 0.110 0.175 0.282 0.385 0.446 0.479 0.495 0.503 0.509 0.520 0.538 0.559 0.584 0.622 0.686 0.810 1.019 1.240 1.371 1.422
0.104 0.093 0.078 0.067 0.061 0.058 0.058 0.061 0.068 0.080 0.095 0.108 0.121 0.138 0.164 0.196 0.224 0.234 0.235 0.237 0.245 0.264 0.285 0.291 0.281 0.258 0.240 0.230 0.221 0.213 0.205 0.193 0.177 0.164 0.159 0.162 0.170 0.191 0.233 0.305 0.372 0.399 0.397 0.372 0.321 0.251 0.187 0.140 0.106 0.085 0.073 0.066 0.063 0.062 0.063 0.067 0.077 0.105 0.164 0.258 0.337 0.378 0.395 0.400 0.399 0.393 0.381 0.375 0.380 0.399 0.440 0.515 0.653 0.886 1.163 1.340 1.415
0.102 0.089 0.072 0.060 0.053 0.049 0.048 0.048 0.049 0.054 0.061 0.069 0.080 0.094 0.108 0.119 0.122 0.120 0.119 0.120 0.127 0.144 0.167 0.183 0.188 0.186 0.181 0.175 0.167 0.157 0.150 0.146 0.143 0.145 0.152 0.162 0.176 0.198 0.240 0.315 0.389 0.419 0.417 0.391 0.337 0.264 0.197 0.146 0.110 0.087 0.073 0.066 0.062 0.062 0.063 0.067 0.077 0.100 0.151 0.232 0.299 0.333 0.345 0.347 0.345 0.333 0.307 0.282 0.275 0.285 0.319 0.383 0.498 0.696 0.972 1.207 1.338
0.090 0.074 0.060 0.050 0.044 0.040 0.038 0.038 0.038 0.039 0.042 0.047 0.054 0.063 0.068 0.069 0.068 0.066 0.066 0.067 0.072 0.084 0.103 0.123 0.137 0.145 0.147 0.146 0.141 0.132 0.126 0.124 0.126 0.133 0.146 0.162 0.179 0.200 0.240 0.314 0.401 0.446 0.452 0.434 0.389 0.324 0.254 0.188 0.136 0.102 0.081 0.070 0.065 0.064 0.065 0.069 0.078 0.098 0.139 0.207 0.269 0.305 0.321 0.325 0.324 0.312 0.280 0.237 0.218 0.220 0.241 0.285 0.356 0.476 0.677 0.938 1.152
0.064 0.052 0.043 0.038 0.034 0.032 0.031 0.030 0.030 0.031 0.032 0.034 0.039 0.043 0.045 0.045 0.044 0.043 0.043 0.044 0.048 0.057 0.072 0.092 0.111 0.124 0.130 0.132 0.130 0.124 0.119 0.118 0.120 0.129 0.144 0.162 0.179 0.201 0.240 0.313 0.416 0.492 0.523 0.526 0.506 0.467 0.405 0.316 0.221 0.152 0.110 0.088 0.077 0.073 0.073 0.075 0.082 0.100 0.133 0.185 0.245 0.289 0.314 0.323 0.323 0.311 0.277 0.225 0.195 0.187 0.194 0.215 0.250 0.311 0.419 0.603 0.843
0.042 0.036 0.032 0.029 0.027 0.026 0.026 0.025 0.025 0.025 0.026 0.027 0.030 0.032 0.033 0.033 0.033 0.033 0.033 0.035 0.038 0.046 0.058 0.075 0.096 0.112 0.122 0.126 0.126 0.122 0.118 0.117 0.120 0.128 0.143 0.160 0.178 0.202 0.244 0.323 0.448 0.585 0.679 0.730 0.751 0.745 0.701 0.591 0.425 0.280 0.189 0.139 0.113 0.100 0.094 0.093 0.097 0.109 0.135 0.175 0.227 0.284 0.325 0.344 0.347 0.336 0.298 0.236 0.194 0.173 0.165 0.168 0.180 0.206 0.259 0.356 0.512
0.030 0.027 0.026 0.025 0.024 0.023 0.022 0.022 0.022 0.022 0.022 0.023 0.024 0.025 0.026 0.027 0.027 0.028 0.029 0.030 0.034 0.040 0.051 0.066 0.085 0.104 0.116 0.122 0.124 0.122 0.120 0.119 0.122 0.129 0.141 0.156 0.175 0.204 0.256 0.356 0.521 0.743 0.948 1.093 1.175 1.197 1.167 1.038 0.795 0.532 0.362 0.264 0.207 0.171 0.148 0.135 0.130 0.134 0.147 0.175 0.222 0.294 0.379 0.428 0.441 0.431 0.383 0.296 0.218 0.175 0.152 0.141 0.139 0.147 0.169 0.214 0.292
0.024 0.023 0.023 0.022 0.022 0.021 0.020 0.020 0.020 0.020 0.020 0.021 0.021 0.022 0.023 0.023 0.024 0.025 0.027 0.029 0.032 0.039 0.048 0.061 0.078 0.096 0.110 0.119 0.122 0.123 0.122 0.122 0.123 0.128 0.137 0.149 0.167 0.199 0.263 0.388 0.593 0.877 1.187 1.425 1.566 1.612 1.590 1.463 1.208 0.889 0.659 0.509 0.407 0.332 0.274 0.229 0.199 0.184 0.181 0.192 0.233 0.331 0.495 0.622 0.663 0.653 0.590 0.460 0.303 0.203 0.154 0.130 0.118 0.116 0.122 0.138 0.169
0.022 0.021 0.021 0.021 0.021 0.020 0.020 0.019 0.019 0.019 0.019 0.019 0.020 0.020 0.021 0.022 0.023 0.024 0.026 0.028 0.032 0.038 0.048 0.060 0.075 0.091 0.104 0.115 0.121 0.123 0.123 0.122 0.121 0.123 0.128 0.136 0.152 0.186 0.257 0.394 0.616 0.926 1.290 1.579 1.755 1.819 1.808 1.701 1.463 1.154 0.933 0.777 0.653 0.548 0.456 0.374 0.306 0.260 0.240 0.240 0.276 0.387 0.593 0.821 0.943 0.966 0.915 0.755 0.500 0.287 0.176 0.130 0.108 0.098 0.095 0.098 0.106
0.021 0.021 0.021 0.021 0.021 0.020 0.019 0.019 0.018 0.018 0.019 0.019 0.019 0.020 0.020 0.021 0.022 0.023 0.025 0.028 0.032 0.039 0.048 0.060 0.074 0.088 0.101 0.111 0.118 0.121 0.121 0.119 0.116 0.114 0.114 0.118 0.130 0.163 0.237 0.377 0.600 0.912 1.291 1.598 1.786 1.862 1.862 1.778 1.564 1.277 1.070 0.917 0.787 0.671 0.563 0.465 0.382 0.324 0.296 0.293 0.322 0.422 0.621 0.893 1.080 1.153 1.145 1.037 0.779 0.445 0.234 0.143 0.105 0.088 0.079 0.076 0.076
0.020 0.021 0.021 0.021 0.021 0.020 0.019 0.018 0.018 0.018 0.018 0.019 0.019 0.020 0.020 0.021 0.022 0.023 0.025 0.029 0.034 0.040 0.050 0.062 0.076 0.089 0.100 0.109 0.116 0.119 0.119 0.116 0.109 0.105 0.104 0.105 0.112 0.137 0.199 0.322 0.524 0.816 1.192 1.511 1.716 1.814 1.827 1.756 1.563 1.298 1.100 0.949 0.820 0.702 0.593 0.493 0.411 0.355 0.326 0.320 0.342 0.429 0.613 0.883 1.095 1.206 1.234 1.186 1.001 0.652 0.335 0.175 0.111 0.084 0.072 0.065 0.063
0.021 0.021 0.021 0.021 0.021 0.020 0.020 0.019 0.018 0.018 0.018 0.019 0.019 0.020 0.020 0.021 0.022 0.023 0.026 0.029 0.035 0.042 0.052 0.064 0.079 0.092 0.102 0.110 0.116 0.118 0.118 0.114 0.107 0.101 0.099 0.100 0.105 0.123 0.164 0.246 0.393 0.627 0.960 1.288 1.512 1.632 1.659 1.609 1.463 1.247 1.066 0.921 0.794 0.682 0.581 0.490 0.414 0.362 0.336 0.329 0.344 0.414 0.572 0.820 1.052 1.191 1.242 1.232 1.122 0.845 0.476 0.235 0.127 0.086 0.070 0.062 0.058
0.021 0.022 0.022 0.022 0.022 0.021 0.020 0.019 0.018 0.018 0.018 0.018 0.019 0.020 0.020 0.021 0.022 0.023 0.026 0.030 0.036 0.043 0.053 0.066 0.082 0.096 0.106 0.114 0.119 0.121 0.120 0.114 0.106 0.101 0.100 0.100 0.105 0.119 0.150 0.205 0.297 0.443 0.668 0.947 1.161 1.281 1.313 1.293 1.212 1.073 0.926 0.795 0.682 0.592 0.521 0.458 0.402 0.359 0.336 0.329 0.336 0.384 0.505 0.714 0.954 1.122 1.209 1.225 1.173 0.989 0.650 0.332 0.166 0.098 0.073 0.062 0.058
0.023 0.023 0.024 0.024 0.023 0.023 0.021 0.020 0.019 0.019 0.018 0.018 0.019 0.020 0.020 0.021 0.022 0.024 0.026 0.030 0.036 0.043 0.053 0.066 0.083 0.097 0.109 0.118 0.124 0.126 0.124 0.117 0.109 0.105 0.105 0.106 0.111 0.124 0.152 0.198 0.260 0.345 0.471 0.639 0.766 0.832 0.850 0.848 0.822 0.754 0.648 0.545 0.467 0.419 0.396 0.384 0.367 0.346 0.331 0.327 0.332 0.370 0.469 0.637 0.845 1.016 1.136 1.189 1.181 1.077 0.827 0.482 0.244 0.133 0.088 0.070 0.063
0.026 0.026 0.026 0.026 0.026 0.025 0.024 0.022 0.020 0.019 0.019 0.019 0.019 0.020 0.020 0.021 0.022 0.023 0.026 0.029 0.035 0.043 0.052 0.065 0.081 0.096 0.108 0.118 0.125 0.128 0.126 0.120 0.114 0.112 0.114 0.119 0.128 0.147 0.176 0.214 0.257 0.305 0.365 0.443 0.498 0.521 0.525 0.520 0.498 0.446 0.364 0.296 0.258 0.246 0.255 0.285 0.313 0.324 0.326 0.329 0.338 0.374 0.462 0.600 0.768 0.921 1.048 1.131 1.154 1.107 0.936 0.636 0.362 0.205 0.128 0.094 0.080
0.031 0.031 0.031 0.031 0.030 0.029 0.027 0.025 0.023 0.021 0.020 0.020 0.020 0.020 0.020 0.021 0.022 0.023 0.025 0.028 0.034 0.042 0.052 0.063 0.076 0.089 0.102 0.114 0.122 0.126 0.125 0.121 0.116 0.115 0.118 0.130 0.155 0.193 0.230 0.256 0.274 0.291 0.310 0.334 0.347 0.351 0.346 0.334 0.311 0.266 0.206 0.166 0.150 0.152 0.172 0.220 0.277 0.313 0.331 0.344 0.360 0.395 0.469 0.580 0.712 0.842 0.964 1.058 1.098 1.082 0.965 0.722 0.461 0.291 0.190 0.137 0.114
0.039 0.039 0.039 0.038 0.037 0.035 0.033 0.030 0.027 0.024 0.022 0.021 0.021 0.021 0.021 0.021 0.022 0.023 0.024 0.027 0.033 0.041 0.050 0.059 0.068 0.077 0.088 0.101 0.111 0.116 0.117 0.115 0.113 0.113 0.117 0.131 0.167 0.223 0.267 0.285 0.288 0.285 0.280 0.278 0.273 0.266 0.256 0.241 0.216 0.177 0.137 0.116 0.111 0.115 0.139 0.189 0.259 0.310 0.341 0.362 0.383 0.414 0.474 0.564 0.667 0.769 0.870 0.954 0.994 0.992 0.919 0.735 0.502 0.344 0.245 0.190 0.166
0.053 0.053 0.052 0.051 0.048 0.045 0.042 0.038 0.033 0.028 0.025 0.024 0.023 0.022 0.021 0.021 0.022 0.023 0.024 0.027 0.032 0.039 0.047 0.052 0.057 0.063 0.070 0.081 0.091 0.097 0.100 0.101 0.102 0.103 0.108 0.125 0.165 0.227 0.273 0.289 0.289 0.278 0.260 0.249 0.238 0.227 0.214 0.196 0.171 0.140 0.116 0.105 0.103 0.110 0.133 0.182 0.254 0.312 0.347 0.369 0.390 0.418 0.471 0.547 0.625 0.693 0.753 0.797 0.816 0.812 0.774 0.668 0.499 0.366 0.287 0.246 0.232
0.083 0.082 0.079 0.075 0.070 0.064 0.057 0.050 0.041 0.035 0.030 0.027 0.025 0.024 0.023 0.022 0.022 0.023 0.024 0.026 0.031 0.037 0.042 0.045 0.047 0.050 0.055 0.062 0.069 0.073 0.075 0.077 0.079 0.082 0.089 0.107 0.145 0.205 0.253 0.272 0.273 0.261 0.242 0.230 0.221 0.211 0.197 0.177 0.153 0.131 0.116 0.109 0.111 0.121 0.144 0.189 0.258 0.317 0.352 0.372 0.388 0.411 0.453 0.517 0.572 0.604 0.618 0.615 0.600 0.579 0.556 0.518 0.449 0.373 0.326 0.307 0.310
0.126 0.122 0.116 0.108 0.100 0.089 0.077 0.062 0.050 0.041 0.035 0.031 0.028 0.026 0.024 0.023 0.023 0.023 0.024 0.026 0.030 0.034 0.037 0.038 0.039 0.041 0.043 0.048 0.053 0.055 0.056 0.056 0.056 0.058 0.063 0.076 0.101 0.146 0.194 0.220 0.229 0.228 0.219 0.213 0.209 0.202 0.189 0.169 0.149 0.137 0.132 0.139 0.155 0.171 0.192 0.229 0.287 0.337 0.364 0.374 0.379 0.389 0.412 0.456 0.493 0.504 0.499 0.479 0.445 0.419 0.407 0.400 0.392 0.377 0.368 0.378 0.401
0.146 0.141 0.134 0.125 0.115 0.102 0.086 0.067 0.053 0.043 0.037 0.032 0.029 0.026 0.025 0.023 0.023 0.023 0.024 0.026 0.029 0.031 0.032 0.033 0.033 0.034 0.035 0.038 0.041 0.042 0.042 0.042 0.041 0.042 0.044 0.049 0.061 0.082 0.113 0.139 0.160 0.177 0.188 0.195 0.197 0.194 0.184 0.166 0.156 0.157 0.178 0.227 0.279 0.305 0.320 0.339 0.367 0.389 0.393 0.383 0.365 0.355 0.358 0.377 0.403 0.414 0.412 0.392 0.361 0.346 0.345 0.355 0.375 0.397 0.422 0.452 0.481
0.145 0.141 0.134 0.125 0.115 0.103 0.086 0.067 0.053 0.043 0.037 0.032 0.029 0.026 0.025 0.023 0.023 0.023 0.024 0.025 0.027 0.028 0.028 0.028 0.027 0.028 0.028 0.030 0.032 0.033 0.033 0.032 0.032 0.032 0.033 0.035 0.040 0.050 0.065 0.082 0.100 0.122 0.148 0.170 0.179 0.181 0.175 0.164 0.162 0.176 0.235 0.365 0.500 0.555 0.561 0.551 0.529 0.501 0.462 0.406 0.358 0.332 0.325 0.329 0.341 0.352 0.355 0.347 0.337 0.334 0.340 0.361 0.400 0.449 0.491 0.519 0.533
0.118 0.116 0.112 0.106 0.099 0.089 0.075 0.059 0.048 0.040 0.034 0.030 0.027 0.025 0.023 0.023 0.022 0.022 0.023 0.023 0.024 0.024 0.023 0.022 0.022 0.022 0.022 0.023 0.024 0.025 0.025 0.025 0.025 0.025 0.026 0.027 0.030 0.035 0.042 0.051 0.063 0.080 0.103 0.129 0.146 0.154 0.156 0.155 0.158 0.179 0.256 0.435 0.658 0.774 0.795 0.781 0.745 0.685 0.591 0.461 0.366 0.324 0.313 0.312 0.314 0.320 0.326 0.334 0.345 0.365 0.396 0.440 0.493 0.543 0.570 0.568 0.553
0.066 0.065 0.065 0.064 0.062 0.058 0.050 0.042 0.035 0.031 0.027 0.024 0.022 0.021 0.020 0.020 0.020 0.020 0.020 0.020 0.020 0.019 0.018 0.018 0.017 0.017 0.017 0.018 0.018 0.019 0.019 0.019 0.020 0.020 0.020 0.021 0.023 0.026 0.030 0.035 0.042 0.052 0.065 0.081 0.095 0.108 0.118 0.127 0.138 0.167 0.251 0.440 0.699 0.854 0.901 0.901 0.879 0.827 0.726 0.552 0.399 0.331 0.314 0.311 0.311 0.313 0.319 0.341 0.391 0.474 0.555 0.612 0.644 0.656 0.637 0.592 0.549
0.033 0.033 0.033 0.033 0.033 0.031 0.029 0.025 0.022 0.020 0.018 0.017 0.016 0.015 0.015 0.016 0.016 0.016 0.016 0.016 0.015 0.015 0.014 0.014 0.014 0.013 0.013 0.013 0.014 0.014 0.014 0.015 0.015 0.016 0.016 0.017 0.018 0.020 0.022 0.025 0.030 0.035 0.041 0.048 0.055 0.062 0.070 0.081 0.097 0.131 0.213 0.390 0.648 0.827 0.904 0.923 0.915 0.878 0.787 0.619 0.451 0.361 0.328 0.318 0.315 0.316 0.324 0.364 0.460 0.610 0.717 0.755 0.752 0.724 0.671 0.596 0.524
0.020 0.019 0.019 0.019 0.019 0.019 0.018 0.016 0.015 0.014 0.013 0.012 0.011 0.011 0.011 0.011 0.011 0.011 0.011 0.011 0.011 0.011 0.011 0.010 0.010 0.010 0.010 0.010 0.010 0.011 0.011 0.011 0.011 0.012 0.012 0.013 0.014 0.015 0.017 0.019 0.021 0.024 0.027 0.030 0.033 0.036 0.040 0.046 0.056 0.078 0.133 0.254 0.456 0.649 0.773 0.840 0.862 0.846 0.775 0.631 0.473 0.380 0.337 0.321 0.317 0.317 0.327 0.374 0.490 0.667 0.776 0.803 0.789 0.743 0.674 0.584 0.477
0.013 0.013 0.013 0.013 0.013 0.012 0.012 0.011 0.010 0.010 0.009 0.009 0.008 0.008 0.008 0.008 0.008 0.008 0.008 0.008 0.008 0.008 0.008 0.008 0.008 0.008 0.008 0.008 0.008 0.008 0.008 0.008 0.008 0.009 0.009 0.010 0.010 0.011 0.012 0.014 0.015 0.017 0.019 0.020 0.022 0.023 0.025 0.028 0.033 0.043 0.065 0.114 0.203 0.329 0.462 0.573 0.637 0.657 0.634 0.559 0.450 0.369 0.325 0.304 0.297 0.297 0.309 0.359 0.478 0.652 0.757 0.782 0.768 0.723 0.649 0.547 0.416
0.009 0.009 0.009 0.009 0.009 0.008 0.008 0.008 0.007 0.007 0.006 0.006 0.006 0.006 0.006 0.006 0.006 0.006 0.006 0.006 0.006 0.006 0.006 0.006 0.006 0.006 0.006 0.006 0.006 0.006 0.006 0.006 0.006 0.006 0.007 0.007 0.008 0.008 0.009 0.010 0.011 0.012 0.013 0.014 0.015 0.016 0.017 0.019 0.021 0.026 0.034 0.050 0.078 0.122 0.185 0.253 0.303 0.335 0.354 0.357 0.332 0.294 0.259 0.239 0.230 0.229 0.241 0.286 0.387 0.533 0.627 0.658 0.655 0.626 0.565 0.468 0.337
0.006 0.006 0.006 0.006 0.006 0.006 0.005 0.005 0.005 0.005 0.004 0.004 0.004 0.004 0.004 0.004 0.004 0.004 0.004 0.004 0.004 0.004 0.004 0.004 0.004 0.004 0.004 0.004 0.004 0.004 0.004 0.004 0.004 0.004 0.005 0.005 0.005 0.006 0.006 0.007 0.008 0.008 0.009 0.010 0.011 0.011 0.012 0.013 0.015 0.017 0.021 0.027 0.036 0.050 0.070 0.096 0.119 0.138 0.154 0.165 0.167 0.160 0.145 0.133 0.127 0.126 0.132 0.156 0.212 0.301 0.373 0.413 0.428 0.424 0.396 0.329 0.228
0.004 0.004 0.004 0.004 0.004 0.004 0.003 0.003 0.003 0.003 0.003 0.003 0.003 0.003 0.003 0.003 0.002 0.002 0.002 0.002 0.003 0.003 0.003 0.002 0.002 0.002 0.002 0.002 0.002 0.002 0.003 0.003 0.003 0.003 0.003 0.003 0.003 0.004 0.004 0.004 0.005 0.006 0.006 0.007 0.007 0.008 0.009 0.010 0.011 0.012 0.014 0.017 0.021 0.026 0.033 0.043 0.052 0.062 0.070 0.076 0.078 0.077 0.072 0.066 0.064 0.063 0.065 0.072 0.092 0.128 0.166 0.191 0.206 0.210 0.204 0.176 0.125
0.002 0.002 0.002 0.002 0.002 0.002 0.002 0.002 0.002 0.002 0.002 0.002 0.002 0.001 0.001 0.001 0.001 0.001 0.001 0.001 0.001 0.001 0.001 0.001 0.001 0.001 0.001 0.001 0.001 0.001 0.001 0.001 0.002 0.002 0.002 0.002 0.002 0.002 0.002 0.003 0.003 0.003 0.004 0.004 0.005 0.005 0.006 0.007 0.007 0.008 0.010 0.012 0.014 0.017 0.020 0.024 0.029 0.034 0.038 0.040 0.041 0.041 0.039 0.036 0.035 0.035 0.035 0.038 0.044 0.057 0.072 0.084 0.091 0.094 0.093 0.084 0.064
