RESULTS/r.avaflow_results/14b_results/14b_ascii/14b_hflow30042.asc
ncols 506
nrows 317
xllcenter 498237.50
yllcenter 5580050.00
cellsize 12.50
NODATA_value -9999.000
[rows 136 to 169 of 317, columns 154 to 230 of 506]
0.001 0.001 0.001 0.001 0.001 0.001 0.001 0.001 0.001 0.001 0.001 0.001 0.001 0.001 0.001 0.001 0.001 0.001 0.001 0.000 0.000 0.000 0.000 0.000 0.000 0.000 0.000 0.000 0.000 0.000 0.000 0.000 0.000 0.000 0.000 0.000 0.000 0.000 0.000 0.000 0.000 0.000 0.000 0.000 0.000 0.000 0.000 0.000 0.000 0.000 0.000 0.000 0.000 0.000 0.000 0.000 0.000 0.000 0.000 0.000 0.000 0.000 0.000 0.000 0.000 0.000 0.000 0.000 0.000 0.000 0.000 0.000 0.000 0.000 0.000 0.000 0.000
0.001 0.001 0.002 0.002 0.002 0.002 0.002 0.001 0.001 0.001 0.001 0.001 0.001 0.001 0.001 0.001 0.001 0.001 0.001 0.001 0.001 0.001 0.000 0.000 0.000 0.000 0.000 0.000 0.000 0.000 0.000 0.000 0.000 0.000 0.000 0.000 0.000 0.000 0.000 0.000 0.000 0.000 0.000 0.000 0.000 0.000 0.000 0.000 0.000 0.000 0.000 0.000 0.000 0.000 0.000 0.000 0.000 0.000 0.000 0.000 0.000 0.000 0.000 0.000 0.000 0.000 0.000 0.000 0.000 0.000 0.000 0.000 0.000 0.000 0.000 0.000 0.000
0.002 0.003 0.004 0.004 0.004 0.004 0.003 0.003 0.003 0.002 0.002 0.002 0.002 0.002 0.002 0.002 0.002 0.002 0.002 0.002 0.001 0.001 0.001 0.001 0.001 0.001 0.000 0.000 0.000 0.000 0.000 0.000 0.000 0.000 0.000 0.000 0.000 0.000 0.000 0.000 0.000 0.000 0.000 0.000 0.000 0.000 0.000 0.000 0.000 0.000 0.000 0.000 0.000 0.000 0.000 0.000 0.000 0.000 0.000 0.000 0.000 0.000 0.000 0.000 0.000 0.000 0.000 0.000 0.000 0.000 0.000 0.000 0.000 0.000 0.000 0.000 0.000
0.004 0.005 0.007 0.008 0.008 0.008 0.007 0.006 0.006 0.005 0.005 0.005 0.005 0.005 0.005 0.005 0.004 0.004 0.003 0.003 0.002 0.002 0.001 0.001 0.001 0.001 0.001 0.001 0.001 0.000 0.000 0.000 0.000 0.000 0.000 0.000 0.000 0.000 0.000 0.000 0.000 0.000 0.000 0.000 0.000 0.000 0.000 0.000 0.000 0.000 0.000 0.000 0.000 0.000 0.000 0.000 0.000 0.000 0.000 0.000 0.000 0.000 0.000 0.000 0.000 0.000 0.000 0.000 0.000 0.000 0.000 0.000 0.000 0.000 0.000 0.000 0.000
0.006 0.008 0.009 0.010 0.011 0.011 0.012 0.011 0.011 0.011 0.011 0.012 0.013 0.013 0.013 0.012 0.011 0.010 0.008 0.007 0.006 0.004 0.003 0.002 0.002 0.002 0.002 0.001 0.001 0.001 0.001 0.000 0.000 0.000 0.000 0.000 0.000 0.000 0.000 0.000 0.000 0.000 0.000 0.000 0.000 0.000 0.000 0.000 0.000 0.000 0.000 0.000 0.000 0.000 0.000 0.000 0.000 0.000 0.000 0.000 0.000 0.000 0.000 0.000 0.000 0.000 0.000 0.000 0.000 0.000 0.000 0.000 0.000 0.000 0.000 0.000 0.000
0.007 0.008 0.010 0.011 0.012 0.013 0.013 0.014 0.015 0.016 0.019 0.022 0.025 0.026 0.026 0.025 0.023 0.022 0.020 0.017 0.014 0.010 0.008 0.006 0.005 0.004 0.003 0.003 0.002 0.001 0.001 0.001 0.001 0.000 0.000 0.000 0.000 0.000 0.000 0.000 0.000 0.000 0.000 0.000 0.000 0.000 0.000 0.000 0.000 0.000 0.000 0.000 0.000 0.000 0.000 0.000 0.000 0.000 0.000 0.000 0.000 0.000 0.000 0.000 0.000 0.000 0.000 0.000 0.000 0.000 0.000 0.000 0.000 0.000 0.000 0.000 0.000
0.007 0.009 0.010 0.011 0.012 0.013 0.014 0.015 0.017 0.019 0.023 0.028 0.032 0.035 0.035 0.035 0.035 0.034 0.032 0.029 0.025 0.020 0.016 0.012 0.009 0.007 0.006 0.005 0.004 0.002 0.002 0.001 0.001 0.001 0.001 0.001 0.000 0.000 0.000 0.000 0.000 0.000 0.000 0.000 0.000 0.000 0.000 0.000 0.000 0.000 0.000 0.000 0.000 0.000 0.000 0.000 0.000 0.000 0.000 0.000 0.000 0.000 0.000 0.000 0.000 0.000 0.000 0.000 0.000 0.000 0.000 0.000 0.000 0.000 0.000 0.000 0.000
0.008 0.009 0.010 0.011 0.012 0.013 0.014 0.015 0.017 0.020 0.024 0.030 0.035 0.038 0.039 0.040 0.040 0.040 0.038 0.036 0.033 0.029 0.024 0.019 0.015 0.012 0.009 0.007 0.005 0.004 0.003 0.002 0.001 0.001 0.001 0.001 0.001 0.001 0.001 0.001 0.000 0.000 0.000 0.000 0.000 0.000 0.000 0.000 0.000 0.000 0.000 0.000 0.000 0.000 0.000 0.000 0.000 0.000 0.000 0.000 0.000 0.000 0.000 0.000 0.000 0.000 0.000 0.000 0.000 0.000 0.000 0.000 0.000 0.000 0.000 0.000 0.000
0.008 0.009 0.009 0.010 0.011 0.013 0.014 0.015 0.017 0.020 0.025 0.030 0.035 0.039 0.041 0.042 0.042 0.042 0.041 0.039 0.037 0.034 0.030 0.026 0.021 0.017 0.013 0.010 0.007 0.005 0.004 0.003 0.002 0.001 0.001 0.001 0.001 0.001 0.001 0.001 0.001 0.001 0.001 0.000 0.000 0.000 0.000 0.000 0.000 0.000 0.000 0.000 0.000 0.000 0.000 0.000 0.000 0.000 0.000 0.000 0.000 0.000 0.000 0.000 0.000 0.000 0.000 0.000 0.000 0.000 0.000 0.000 0.000 0.000 0.000 0.000 0.000
0.008 0.008 0.009 0.010 0.011 0.012 0.013 0.015 0.017 0.020 0.025 0.030 0.035 0.039 0.041 0.043 0.043 0.043 0.042 0.041 0.040 0.038 0.035 0.031 0.026 0.021 0.017 0.013 0.010 0.007 0.005 0.004 0.003 0.002 0.002 0.002 0.002 0.002 0.002 0.002 0.002 0.002 0.001 0.001 0.001 0.001 0.001 0.000 0.000 0.000 0.000 0.000 0.000 0.000 0.000 0.000 0.000 0.000 0.000 0.000 0.000 0.000 0.000 0.000 0.000 0.000 0.000 0.000 0.000 0.000 0.000 0.000 0.000 0.000 0.000 0.000 0.000
0.008 0.008 0.009 0.009 0.010 0.011 0.013 0.014 0.017 0.020 0.024 0.029 0.034 0.038 0.041 0.043 0.043 0.043 0.043 0.043 0.042 0.041 0.038 0.035 0.031 0.026 0.021 0.016 0.012 0.009 0.007 0.005 0.004 0.004 0.003 0.003 0.003 0.003 0.003 0.003 0.003 0.003 0.002 0.002 0.002 0.001 0.001 0.001 0.001 0.001 0.001 0.001 0.001 0.000 0.000 0.000 0.000 0.000 0.000 0.000 0.000 0.000 0.000 0.000 0.000 0.000 0.000 0.000 0.000 0.000 0.000 0.000 0.000 0.000 0.000 0.000 0.000
0.008 0.008 0.009 0.009 0.010 0.011 0.012 0.014 0.016 0.020 0.023 0.028 0.033 0.037 0.040 0.042 0.043 0.044 0.044 0.044 0.044 0.043 0.042 0.040 0.036 0.031 0.025 0.020 0.015 0.012 0.009 0.008 0.008 0.007 0.008 0.009 0.009 0.010 0.010 0.009 0.008 0.005 0.003 0.003 0.003 0.002 0.002 0.002 0.002 0.002 0.002 0.001 0.001 0.001 0.001 0.001 0.001 0.000 0.000 0.000 0.000 0.000 0.000 0.000 0.000 0.000 0.000 0.000 0.000 0.000 0.000 0.000 0.000 0.000 0.000 0.000 0.000
0.008 0.008 0.009 0.009 0.010 0.011 0.012 0.014 0.016 0.020 0.023 0.028 0.032 0.036 0.039 0.042 0.043 0.045 0.045 0.046 0.046 0.046 0.046 0.044 0.041 0.036 0.030 0.024 0.020 0.017 0.016 0.016 0.017 0.019 0.023 0.027 0.030 0.031 0.031 0.030 0.024 0.015 0.008 0.005 0.004 0.003 0.003 0.003 0.003 0.003 0.003 0.003 0.002 0.002 0.002 0.001 0.001 0.001 0.001 0.001 0.001 0.001 0.000 0.000 0.000 0.000 0.000 0.000 0.000 0.000 0.000 0.000 0.000 0.000 0.000 0.000 0.000
0.010 0.009 0.009 0.010 0.010 0.011 0.012 0.014 0.017 0.020 0.024 0.028 0.033 0.036 0.039 0.042 0.044 0.046 0.048 0.049 0.050 0.050 0.050 0.049 0.047 0.042 0.037 0.033 0.031 0.030 0.032 0.037 0.044 0.055 0.069 0.081 0.088 0.089 0.089 0.084 0.073 0.052 0.029 0.015 0.009 0.006 0.005 0.005 0.004 0.004 0.004 0.004 0.004 0.003 0.003 0.003 0.002 0.002 0.002 0.002 0.001 0.001 0.001 0.001 0.001 0.001 0.001 0.001 0.001 0.001 0.000 0.000 0.000 0.000 0.000 0.000 0.000
0.014 0.013 0.012 0.012 0.012 0.013 0.014 0.016 0.019 0.022 0.026 0.030 0.034 0.038 0.041 0.044 0.046 0.050 0.053 0.055 0.056 0.057 0.057 0.056 0.055 0.052 0.050 0.050 0.052 0.058 0.068 0.084 0.105 0.133 0.163 0.186 0.196 0.196 0.192 0.183 0.166 0.134 0.089 0.051 0.029 0.019 0.014 0.012 0.010 0.009 0.008 0.006 0.005 0.005 0.004 0.004 0.003 0.003 0.003 0.003 0.002 0.002 0.002 0.002 0.002 0.002 0.002 0.002 0.001 0.001 0.001 0.001 0.001 0.000 0.000 0.000 0.000
0.029 0.025 0.022 0.021 0.020 0.021 0.021 0.023 0.025 0.028 0.032 0.036 0.040 0.043 0.045 0.048 0.051 0.056 0.061 0.064 0.065 0.066 0.067 0.067 0.068 0.070 0.075 0.081 0.091 0.108 0.132 0.165 0.204 0.243 0.276 0.299 0.314 0.324 0.328 0.320 0.300 0.264 0.209 0.143 0.093 0.064 0.050 0.042 0.036 0.031 0.025 0.018 0.012 0.008 0.006 0.005 0.005 0.005 0.004 0.004 0.004 0.003 0.003 0.003 0.003 0.003 0.003 0.003 0.003 0.003 0.002 0.002 0.001 0.001 0.001 0.001 0.000
0.067 0.058 0.050 0.045 0.042 0.040 0.039 0.039 0.040 0.043 0.046 0.051 0.055 0.058 0.060 0.062 0.065 0.070 0.075 0.079 0.081 0.083 0.084 0.086 0.091 0.100 0.113 0.131 0.153 0.181 0.217 0.257 0.294 0.326 0.352 0.374 0.396 0.420 0.444 0.456 0.453 0.432 0.387 0.316 0.245 0.199 0.172 0.153 0.137 0.120 0.098 0.069 0.041 0.024 0.014 0.009 0.007 0.006 0.006 0.006 0.005 0.005 0.005 0.005 0.005 0.005 0.005 0.005 0.004 0.004 0.004 0.003 0.002 0.002 0.002 0.001 0.001
0.128 0.117 0.106 0.095 0.085 0.077 0.072 0.070 0.070 0.071 0.074 0.079 0.085 0.089 0.092 0.094 0.096 0.099 0.102 0.106 0.108 0.111 0.113 0.118 0.128 0.145 0.168 0.196 0.224 0.253 0.286 0.323 0.355 0.382 0.408 0.434 0.462 0.497 0.538 0.573 0.597 0.609 0.602 0.566 0.515 0.476 0.449 0.427 0.404 0.371 0.318 0.243 0.155 0.087 0.046 0.025 0.016 0.011 0.009 0.008 0.007 0.007 0.007 0.007 0.007 0.007 0.007 0.007 0.007 0.006 0.005 0.004 0.004 0.003 0.002 0.002 0.002
0.168 0.163 0.155 0.145 0.134 0.126 0.119 0.114 0.112 0.112 0.116 0.122 0.131 0.140 0.146 0.149 0.150 0.149 0.148 0.149 0.150 0.153 0.158 0.168 0.183 0.203 0.226 0.250 0.276 0.304 0.335 0.370 0.401 0.428 0.455 0.486 0.521 0.564 0.617 0.674 0.723 0.764 0.801 0.836 0.868 0.883 0.881 0.870 0.851 0.813 0.736 0.606 0.439 0.278 0.161 0.087 0.048 0.029 0.020 0.016 0.013 0.012 0.011 0.011 0.011 0.012 0.013 0.013 0.012 0.010 0.007 0.006 0.005 0.004 0.004 0.003 0.003
0.183 0.182 0.177 0.171 0.164 0.159 0.156 0.154 0.155 0.157 0.162 0.170 0.180 0.191 0.199 0.203 0.205 0.204 0.202 0.201 0.200 0.203 0.210 0.220 0.234 0.250 0.268 0.287 0.311 0.339 0.370 0.404 0.437 0.467 0.498 0.532 0.575 0.627 0.690 0.760 0.826 0.890 0.958 1.041 1.132 1.197 1.231 1.242 1.239 1.222 1.170 1.060 0.883 0.653 0.431 0.268 0.161 0.097 0.061 0.041 0.031 0.026 0.023 0.023 0.024 0.028 0.031 0.031 0.028 0.021 0.013 0.009 0.007 0.006 0.005 0.004 0.004
0.189 0.188 0.187 0.184 0.182 0.181 0.181 0.183 0.188 0.194 0.201 0.208 0.217 0.225 0.231 0.235 0.237 0.238 0.238 0.237 0.236 0.239 0.246 0.255 0.266 0.278 0.292 0.311 0.334 0.362 0.394 0.429 0.465 0.501 0.537 0.577 0.626 0.688 0.759 0.834 0.910 0.989 1.078 1.185 1.295 1.378 1.430 1.454 1.459 1.451 1.417 1.348 1.237 1.078 0.855 0.615 0.420 0.287 0.198 0.137 0.098 0.077 0.068 0.066 0.069 0.085 0.096 0.096 0.084 0.055 0.028 0.016 0.010 0.008 0.006 0.005 0.005
0.192 0.191 0.191 0.192 0.193 0.195 0.199 0.205 0.214 0.224 0.232 0.238 0.244 0.248 0.251 0.254 0.255 0.257 0.257 0.257 0.258 0.261 0.267 0.275 0.283 0.292 0.306 0.324 0.347 0.376 0.409 0.446 0.487 0.529 0.572 0.620 0.679 0.747 0.820 0.897 0.979 1.069 1.170 1.286 1.401 1.493 1.556 1.589 1.597 1.591 1.563 1.511 1.441 1.346 1.211 1.029 0.822 0.644 0.507 0.396 0.309 0.253 0.225 0.220 0.238 0.287 0.312 0.308 0.262 0.164 0.075 0.034 0.018 0.012 0.009 0.007 0.006
0.193 0.193 0.194 0.196 0.200 0.205 0.212 0.222 0.234 0.245 0.253 0.258 0.261 0.263 0.264 0.265 0.265 0.266 0.267 0.267 0.268 0.271 0.277 0.284 0.290 0.299 0.311 0.329 0.352 0.382 0.416 0.457 0.501 0.549 0.602 0.661 0.727 0.799 0.875 0.954 1.042 1.139 1.244 1.360 1.477 1.576 1.646 1.683 1.693 1.688 1.665 1.626 1.576 1.514 1.432 1.320 1.188 1.076 0.974 0.857 0.733 0.647 0.611 0.611 0.663 0.758 0.796 0.778 0.665 0.435 0.203 0.083 0.036 0.019 0.012 0.010 0.008
0.194 0.194 0.195 0.198 0.203 0.211 0.222 0.234 0.247 0.257 0.265 0.270 0.271 0.272 0.272 0.270 0.269 0.269 0.269 0.271 0.272 0.275 0.280 0.285 0.292 0.301 0.314 0.331 0.353 0.383 0.418 0.460 0.508 0.563 0.627 0.697 0.769 0.844 0.926 1.012 1.103 1.201 1.304 1.418 1.537 1.640 1.713 1.751 1.761 1.758 1.742 1.717 1.684 1.640 1.586 1.515 1.443 1.391 1.351 1.313 1.267 1.234 1.230 1.264 1.358 1.476 1.523 1.491 1.307 0.921 0.471 0.200 0.078 0.034 0.019 0.013 0.011
0.194 0.194 0.196 0.199 0.206 0.216 0.228 0.241 0.253 0.263 0.270 0.275 0.277 0.277 0.276 0.273 0.271 0.269 0.269 0.271 0.273 0.276 0.280 0.285 0.291 0.301 0.313 0.331 0.353 0.382 0.417 0.460 0.510 0.571 0.644 0.724 0.806 0.889 0.976 1.070 1.165 1.259 1.358 1.466 1.586 1.691 1.769 1.812 1.824 1.823 1.815 1.801 1.781 1.746 1.708 1.670 1.637 1.615 1.607 1.618 1.652 1.708 1.786 1.881 1.982 2.062 2.095 2.078 1.925 1.529 0.924 0.432 0.176 0.071 0.033 0.020 0.015
0.192 0.193 0.195 0.199 0.207 0.218 0.231 0.245 0.256 0.264 0.271 0.276 0.278 0.279 0.278 0.274 0.272 0.270 0.269 0.270 0.273 0.276 0.279 0.283 0.290 0.299 0.312 0.329 0.351 0.378 0.413 0.456 0.509 0.574 0.652 0.741 0.841 0.938 1.034 1.130 1.222 1.312 1.407 1.511 1.626 1.732 1.815 1.870 1.895 1.900 1.897 1.888 1.868 1.839 1.817 1.800 1.786 1.781 1.793 1.832 1.904 2.005 2.133 2.259 2.352 2.408 2.424 2.404 2.298 2.007 1.461 0.806 0.364 0.151 0.065 0.035 0.024
0.186 0.189 0.192 0.199 0.208 0.219 0.232 0.245 0.256 0.263 0.269 0.274 0.277 0.279 0.278 0.275 0.272 0.271 0.270 0.270 0.271 0.273 0.275 0.279 0.286 0.295 0.307 0.324 0.345 0.371 0.406 0.450 0.505 0.574 0.657 0.757 0.875 0.989 1.093 1.187 1.274 1.361 1.453 1.553 1.660 1.763 1.851 1.917 1.961 1.977 1.975 1.962 1.939 1.919 1.906 1.896 1.892 1.898 1.927 1.980 2.060 2.169 2.309 2.441 2.526 2.567 2.571 2.543 2.458 2.257 1.851 1.228 0.650 0.298 0.132 0.066 0.042
0.174 0.180 0.187 0.196 0.207 0.218 0.232 0.244 0.253 0.259 0.264 0.270 0.274 0.276 0.275 0.273 0.271 0.270 0.268 0.267 0.267 0.267 0.268 0.271 0.278 0.287 0.299 0.315 0.336 0.361 0.394 0.438 0.496 0.571 0.664 0.776 0.909 1.037 1.144 1.238 1.326 1.411 1.498 1.590 1.685 1.784 1.879 1.952 2.000 2.023 2.025 2.010 1.988 1.972 1.960 1.953 1.956 1.977 2.018 2.078 2.151 2.244 2.365 2.488 2.567 2.598 2.597 2.563 2.481 2.322 2.021 1.533 0.949 0.502 0.244 0.127 0.081
0.157 0.168 0.179 0.191 0.204 0.216 0.228 0.238 0.246 0.251 0.255 0.260 0.265 0.268 0.268 0.267 0.266 0.264 0.262 0.261 0.259 0.258 0.258 0.260 0.265 0.274 0.286 0.302 0.322 0.347 0.379 0.424 0.489 0.572 0.676 0.803 0.948 1.083 1.194 1.289 1.378 1.461 1.541 1.621 1.705 1.799 1.898 1.973 2.017 2.040 2.047 2.038 2.019 1.995 1.981 1.979 1.991 2.022 2.070 2.133 2.197 2.269 2.369 2.474 2.540 2.562 2.555 2.521 2.450 2.311 2.063 1.685 1.186 0.718 0.399 0.229 0.159
0.132 0.149 0.165 0.181 0.196 0.209 0.219 0.228 0.234 0.238 0.243 0.247 0.251 0.255 0.256 0.256 0.256 0.254 0.252 0.250 0.248 0.246 0.246 0.246 0.249 0.257 0.269 0.285 0.304 0.330 0.366 0.417 0.487 0.579 0.697 0.842 0.997 1.132 1.248 1.348 1.436 1.515 1.583 1.651 1.725 1.818 1.913 1.981 2.022 2.042 2.050 2.049 2.030 1.999 1.984 1.984 2.001 2.034 2.085 2.150 2.208 2.271 2.350 2.415 2.446 2.451 2.437 2.410 2.362 2.256 2.059 1.766 1.375 0.935 0.594 0.393 0.314
0.102 0.122 0.143 0.163 0.180 0.193 0.203 0.210 0.216 0.221 0.226 0.229 0.233 0.236 0.237 0.238 0.238 0.238 0.236 0.234 0.232 0.231 0.230 0.230 0.232 0.238 0.248 0.264 0.286 0.316 0.358 0.416 0.492 0.595 0.726 0.887 1.055 1.195 1.314 1.415 1.498 1.568 1.628 1.684 1.746 1.831 1.922 1.983 2.019 2.038 2.047 2.047 2.028 1.990 1.973 1.974 1.990 2.023 2.074 2.137 2.192 2.244 2.291 2.311 2.307 2.287 2.265 2.250 2.228 2.165 2.040 1.839 1.546 1.168 0.843 0.649 0.588
0.075 0.091 0.112 0.135 0.153 0.167 0.177 0.185 0.192 0.197 0.202 0.205 0.208 0.209 0.210 0.210 0.211 0.212 0.212 0.212 0.211 0.210 0.210 0.210 0.213 0.219 0.229 0.246 0.272 0.308 0.356 0.420 0.504 0.619 0.763 0.940 1.119 1.263 1.377 1.471 1.548 1.613 1.668 1.720 1.773 1.839 1.920 1.978 2.009 2.026 2.034 2.034 2.008 1.960 1.937 1.937 1.951 1.978 2.024 2.082 2.128 2.162 2.178 2.173 2.149 2.121 2.109 2.115 2.123 2.100 2.037 1.918 1.721 1.435 1.167 1.021 0.996
0.055 0.066 0.080 0.099 0.116 0.130 0.141 0.150 0.157 0.163 0.168 0.171 0.173 0.173 0.173 0.173 0.174 0.176 0.179 0.181 0.182 0.182 0.183 0.185 0.189 0.196 0.209 0.230 0.261 0.303 0.358 0.430 0.526 0.652 0.809 0.995 1.171 1.310 1.418 1.507 1.582 1.646 1.699 1.747 1.791 1.841 1.905 1.957 1.987 2.000 2.003 1.992 1.952 1.900 1.875 1.873 1.883 1.903 1.939 1.987 2.017 2.028 2.024 2.011 1.984 1.969 1.973 2.004 2.058 2.077 2.061 2.014 1.909 1.730 1.564 1.491 1.490
0.039 0.046 0.056 0.068 0.081 0.092 0.102 0.110 0.117 0.122 0.126 0.128 0.129 0.130 0.130 0.131 0.133 0.134 0.137 0.140 0.143 0.145 0.149 0.153 0.160 0.172 0.190 0.216 0.252 0.300 0.363 0.446 0.551 0.686 0.850 1.036 1.203 1.335 1.439 1.524 1.597 1.663 1.717 1.759 1.796 1.834 1.873 1.909 1.932 1.938 1.929 1.901 1.850 1.806 1.788 1.784 1.789 1.806 1.833 1.862 1.872 1.859 1.838 1.825 1.815 1.816 1.838 1.898 2.002 2.070 2.098 2.101 2.065 1.979 1.903 1.876 1.874
