RESULTS/r.avaflow_results/14b_results/14b_ascii/14b_hflow0065.asc
ncols 506
nrows 317
xllcenter 498237.50
yllcenter 5580050.00
cellsize 12.50
NODATA_value -9999.000
[rows 136 to 169 of 317, columns 76 to 151 of 506]
0.000 0.000 0.000 0.000 0.000 0.000 0.000 0.000 0.000 0.000 0.000 0.000 0.000 0.000 0.000 0.000 0.000 0.000 0.000 0.000 0.000 0.000 0.000 0.000 0.000 0.000 0.000 0.000 0.000 0.000 0.000 0.000 0.000 0.000 0.000 0.000 0.000 0.000 0.000 0.000 0.000 0.000 0.000 0.000 0.000 0.000 0.000 0.000 0.000 0.000 0.000 0.000 0.000 0.000 0.000 0.000 0.000 0.000 0.000 0.000 0.000 0.000 0.000 0.000 0.000 0.000 0.000 0.000 0.000 0.001 0.001 0.003 0.004 0.005 0.005 0.006
0.000 0.000 0.000 0.000 0.000 0.000 0.000 0.000 0.000 0.000 0.000 0.000 0.000 0.000 0.000 0.000 0.000 0.000 0.000 0.000 0.000 0.000 0.000 0.000 0.000 0.000 0.000 0.000 0.000 0.000 0.000 0.000 0.000 0.000 0.000 0.000 0.000 0.000 0.000 0.000 0.000 0.000 0.000 0.000 0.000 0.000 0.000 0.000 0.000 0.000 0.000 0.000 0.000 0.000 0.000 0.000 0.000 0.000 0.000 0.000 0.000 0.000 0.000 0.000 0.000 0.000 0.000 0.001 0.002 0.003 0.005 0.008 0.010 0.012 0.015 0.017
0.000 0.000 0.000 0.000 0.000 0.000 0.000 0.000 0.000 0.000 0.000 0.000 0.000 0.000 0.000 0.000 0.000 0.000 0.000 0.000 0.000 0.000 0.000 0.000 0.000 0.000 0.000 0.000 0.000 0.000 0.000 0.000 0.000 0.000 0.000 0.000 0.000 0.000 0.000 0.000 0.000 0.000 0.000 0.000 0.000 0.000 0.000 0.000 0.000 0.000 0.000 0.000 0.000 0.000 0.000 0.000 0.000 0.000 0.000 0.000 0.000 0.000 0.000 0.000 0.000 0.001 0.002 0.004 0.006 0.010 0.014 0.019 0.024 0.030 0.036 0.047
0.000 0.000 0.000 0.000 0.000 0.000 0.000 0.000 0.000 0.000 0.000 0.000 0.000 0.000 0.000 0.000 0.000 0.000 0.000 0.000 0.000 0.000 0.000 0.000 0.000 0.000 0.000 0.000 0.000 0.000 0.000 0.000 0.000 0.000 0.000 0.000 0.000 0.000 0.000 0.000 0.000 0.000 0.000 0.000 0.000 0.000 0.000 0.000 0.000 0.000 0.000 0.000 0.000 0.000 0.000 0.000 0.000 0.000 0.000 0.000 0.000 0.000 0.000 0.001 0.002 0.004 0.007 0.011 0.017 0.024 0.032 0.041 0.052 0.066 0.085 0.116
0.000 0.000 0.000 0.000 0.000 0.000 0.000 0.000 0.000 0.000 0.000 0.000 0.000 0.000 0.000 0.000 0.000 0.000 0.000 0.000 0.000 0.000 0.000 0.000 0.000 0.000 0.000 0.000 0.000 0.000 0.000 0.000 0.000 0.000 0.000 0.000 0.000 0.000 0.000 0.000 0.000 0.000 0.000 0.000 0.000 0.000 0.000 0.000 0.000 0.000 0.000 0.000 0.000 0.000 0.000 0.000 0.000 0.000 0.000 0.000 0.000 0.000 0.001 0.002 0.005 0.009 0.016 0.024 0.034 0.045 0.059 0.075 0.096 0.125 0.166 0.224
0.000 0.000 0.000 0.000 0.000 0.000 0.000 0.000 0.000 0.000 0.000 0.000 0.000 0.000 0.000 0.000 0.000 0.000 0.000 0.000 0.000 0.000 0.000 0.000 0.000 0.000 0.000 0.000 0.000 0.000 0.000 0.000 0.000 0.000 0.000 0.000 0.000 0.000 0.000 0.000 0.000 0.000 0.000 0.000 0.000 0.000 0.000 0.000 0.000 0.000 0.000 0.000 0.000 0.000 0.000 0.000 0.000 0.000 0.000 0.000 0.000 0.001 0.003 0.006 0.010 0.017 0.026 0.036 0.050 0.066 0.085 0.109 0.140 0.180 0.232 0.300
0.000 0.000 0.000 0.000 0.000 0.000 0.000 0.000 0.000 0.000 0.000 0.000 0.000 0.000 0.000 0.000 0.000 0.000 0.000 0.000 0.000 0.000 0.000 0.000 0.000 0.000 0.000 0.000 0.000 0.000 0.000 0.000 0.000 0.000 0.000 0.000 0.000 0.000 0.000 0.000 0.000 0.000 0.000 0.000 0.000 0.000 0.000 0.000 0.000 0.000 0.000 0.000 0.000 0.000 0.000 0.000 0.000 0.000 0.000 0.000 0.001 0.002 0.004 0.008 0.014 0.021 0.031 0.044 0.060 0.079 0.103 0.132 0.168 0.213 0.269 0.339
0.000 0.000 0.000 0.000 0.000 0.000 0.000 0.000 0.000 0.000 0.000 0.000 0.000 0.000 0.000 0.000 0.000 0.000 0.000 0.000 0.000 0.000 0.000 0.000 0.000 0.000 0.000 0.000 0.000 0.000 0.000 0.000 0.000 0.000 0.000 0.000 0.000 0.000 0.000 0.000 0.000 0.000 0.000 0.000 0.000 0.000 0.000 0.000 0.000 0.000 0.000 0.000 0.000 0.000 0.000 0.000 0.000 0.000 0.000 0.000 0.001 0.003 0.005 0.010 0.016 0.024 0.034 0.048 0.065 0.087 0.115 0.148 0.187 0.236 0.294 0.364
0.000 0.000 0.000 0.000 0.000 0.000 0.000 0.000 0.000 0.000 0.000 0.000 0.000 0.000 0.000 0.000 0.000 0.000 0.000 0.000 0.000 0.000 0.000 0.000 0.000 0.000 0.000 0.000 0.000 0.000 0.000 0.000 0.000 0.000 0.000 0.000 0.000 0.000 0.000 0.000 0.000 0.000 0.000 0.000 0.000 0.000 0.000 0.000 0.000 0.000 0.000 0.000 0.000 0.000 0.000 0.000 0.000 0.000 0.000 0.000 0.001 0.003 0.006 0.010 0.016 0.025 0.035 0.050 0.069 0.092 0.122 0.158 0.202 0.254 0.316 0.387
0.000 0.000 0.000 0.000 0.000 0.000 0.000 0.000 0.000 0.000 0.000 0.000 0.000 0.000 0.000 0.000 0.000 0.000 0.000 0.000 0.000 0.000 0.000 0.000 0.000 0.000 0.000 0.000 0.000 0.000 0.000 0.000 0.000 0.000 0.000 0.000 0.000 0.000 0.000 0.000 0.000 0.000 0.000 0.000 0.000 0.000 0.000 0.000 0.000 0.000 0.000 0.000 0.000 0.000 0.000 0.000 0.000 0.000 0.000 0.000 0.001 0.003 0.006 0.011 0.017 0.025 0.036 0.051 0.070 0.095 0.127 0.166 0.214 0.271 0.337 0.411
0.000 0.000 0.000 0.000 0.000 0.000 0.000 0.000 0.000 0.000 0.000 0.000 0.000 0.000 0.000 0.000 0.000 0.000 0.000 0.000 0.000 0.000 0.000 0.000 0.000 0.000 0.000 0.000 0.000 0.000 0.000 0.000 0.000 0.000 0.000 0.000 0.000 0.000 0.000 0.000 0.000 0.000 0.000 0.000 0.000 0.000 0.000 0.000 0.000 0.000 0.000 0.000 0.000 0.000 0.000 0.000 0.000 0.000 0.000 0.000 0.001 0.003 0.006 0.011 0.016 0.024 0.036 0.050 0.070 0.096 0.129 0.171 0.224 0.287 0.360 0.435
0.000 0.000 0.000 0.000 0.000 0.000 0.000 0.000 0.000 0.000 0.000 0.000 0.000 0.000 0.000 0.000 0.000 0.000 0.000 0.000 0.000 0.000 0.000 0.000 0.000 0.000 0.000 0.000 0.000 0.000 0.000 0.000 0.000 0.000 0.000 0.000 0.000 0.000 0.000 0.000 0.000 0.000 0.000 0.000 0.000 0.000 0.000 0.000 0.000 0.000 0.000 0.000 0.000 0.000 0.000 0.000 0.000 0.000 0.000 0.000 0.001 0.003 0.006 0.010 0.016 0.024 0.035 0.050 0.070 0.096 0.130 0.175 0.233 0.304 0.387 0.461
0.000 0.000 0.000 0.000 0.000 0.000 0.000 0.000 0.000 0.000 0.000 0.000 0.000 0.000 0.000 0.000 0.000 0.000 0.000 0.000 0.000 0.000 0.000 0.000 0.000 0.000 0.000 0.000 0.000 0.000 0.000 0.000 0.000 0.000 0.000 0.000 0.000 0.000 0.000 0.000 0.000 0.000 0.000 0.000 0.000 0.000 0.000 0.000 0.000 0.000 0.000 0.000 0.000 0.000 0.000 0.000 0.000 0.000 0.000 0.001 0.002 0.004 0.007 0.011 0.018 0.027 0.039 0.054 0.074 0.099 0.134 0.180 0.243 0.326 0.420 0.496
0.000 0.000 0.000 0.000 0.000 0.000 0.000 0.000 0.000 0.000 0.000 0.000 0.000 0.000 0.000 0.000 0.000 0.000 0.000 0.000 0.000 0.000 0.000 0.000 0.000 0.000 0.000 0.000 0.000 0.000 0.000 0.000 0.000 0.000 0.000 0.000 0.000 0.000 0.000 0.000 0.000 0.000 0.000 0.000 0.000 0.000 0.000 0.000 0.000 0.000 0.000 0.000 0.000 0.000 0.000 0.000 0.000 0.000 0.001 0.002 0.004 0.007 0.012 0.020 0.031 0.047 0.066 0.085 0.107 0.133 0.167 0.215 0.285 0.384 0.496 0.578
0.000 0.000 0.000 0.000 0.000 0.000 0.000 0.000 0.000 0.000 0.000 0.000 0.000 0.000 0.000 0.000 0.000 0.000 0.000 0.000 0.000 0.000 0.000 0.000 0.000 0.000 0.000 0.000 0.000 0.000 0.000 0.000 0.000 0.000 0.000 0.000 0.000 0.000 0.000 0.000 0.000 0.000 0.000 0.000 0.000 0.000 0.000 0.000 0.000 0.000 0.000 0.000 0.000 0.000 0.000 0.000 0.001 0.002 0.004 0.007 0.012 0.022 0.036 0.059 0.095 0.143 0.187 0.225 0.259 0.294 0.335 0.391 0.476 0.605 0.742 0.832
0.000 0.000 0.000 0.000 0.000 0.000 0.000 0.000 0.000 0.000 0.000 0.000 0.000 0.000 0.000 0.000 0.000 0.000 0.000 0.000 0.000 0.000 0.000 0.000 0.000 0.000 0.000 0.000 0.000 0.000 0.000 0.000 0.000 0.000 0.000 0.000 0.000 0.000 0.000 0.000 0.000 0.000 0.000 0.000 0.000 0.000 0.000 0.000 0.000 0.000 0.000 0.000 0.000 0.000 0.001 0.001 0.003 0.007 0.014 0.026 0.045 0.079 0.134 0.223 0.354 0.507 0.639 0.745 0.828 0.898 0.964 1.040 1.149 1.314 1.463 1.538
0.000 0.000 0.000 0.000 0.000 0.000 0.000 0.000 0.000 0.000 0.000 0.000 0.000 0.000 0.000 0.000 0.000 0.000 0.000 0.000 0.000 0.000 0.000 0.000 0.000 0.000 0.000 0.000 0.000 0.000 0.000 0.000 0.000 0.000 0.000 0.000 0.000 0.000 0.000 0.000 0.000 0.000 0.000 0.000 0.000 0.000 0.000 0.000 0.001 0.001 0.001 0.001 0.001 0.001 0.003 0.007 0.016 0.031 0.056 0.097 0.169 0.296 0.512 0.838 1.247 1.631 1.941 2.182 2.365 2.505 2.613 2.704 2.810 2.939 3.018 3.021
0.000 0.000 0.000 0.000 0.000 0.000 0.000 0.000 0.000 0.000 0.000 0.000 0.000 0.000 0.000 0.000 0.000 0.000 0.000 0.000 0.000 0.000 0.000 0.000 0.000 0.000 0.000 0.000 0.000 0.000 0.000 0.000 0.000 0.000 0.000 0.000 0.000 0.000 0.000 0.001 0.001 0.001 0.001 0.001 0.001 0.001 0.001 0.002 0.002 0.002 0.002 0.002 0.003 0.006 0.015 0.034 0.068 0.122 0.206 0.349 0.609 1.050 1.692 2.469 3.235 3.874 4.368 4.748 5.046 5.264 5.411 5.495 5.543 5.562 5.500 5.366
0.000 0.000 0.000 0.000 0.000 0.000 0.000 0.000 0.000 0.000 0.000 0.000 0.000 0.000 0.000 0.000 0.000 0.000 0.000 0.000 0.000 0.000 0.000 0.000 0.000 0.000 0.000 0.000 0.000 0.000 0.000 0.000 0.000 0.000 0.001 0.001 0.001 0.001 0.002 0.002 0.002 0.002 0.003 0.003 0.004 0.005 0.005 0.006 0.007 0.008 0.009 0.011 0.016 0.032 0.069 0.143 0.261 0.436 0.707 1.152 1.859 2.872 4.103 5.284 6.294 7.108 7.720 8.178 8.516 8.738 8.868 8.915 8.898 8.801 8.613 8.351
0.000 0.000 0.000 0.000 0.000 0.000 0.000 0.000 0.000 0.000 0.000 0.000 0.000 0.000 0.000 0.000 0.000 0.000 0.000 0.000 0.000 0.000 0.000 0.000 0.000 0.000 0.000 0.000 0.000 0.000 0.001 0.001 0.001 0.002 0.003 0.004 0.005 0.006 0.007 0.008 0.009 0.010 0.012 0.014 0.017 0.020 0.023 0.026 0.030 0.034 0.039 0.049 0.075 0.143 0.292 0.551 0.923 1.413 2.081 3.029 4.323 5.962 7.629 8.967 10.031 10.871 11.504 11.941 12.205 12.332 12.382 12.367 12.293 12.139 11.888 11.566
0.000 0.000 0.000 0.000 0.000 0.000 0.000 0.000 0.000 0.000 0.000 0.000 0.000 0.000 0.000 0.000 0.000 0.000 0.000 0.000 0.000 0.000 0.000 0.000 0.000 0.000 0.000 0.000 0.001 0.001 0.001 0.002 0.004 0.007 0.011 0.016 0.020 0.023 0.027 0.031 0.036 0.041 0.049 0.058 0.068 0.078 0.090 0.102 0.115 0.129 0.151 0.196 0.308 0.565 1.044 1.744 2.592 3.557 4.717 6.183 7.995 10.028 11.770 13.109 14.147 14.937 15.511 15.847 15.983 15.990 15.926 15.820 15.670 15.468 15.215 14.897
0.000 0.000 0.000 0.000 0.000 0.000 0.000 0.000 0.000 0.000 0.000 0.000 0.000 0.000 0.000 0.000 0.000 0.000 0.000 0.000 0.000 0.000 0.000 0.000 0.000 0.000 0.001 0.001 0.002 0.003 0.006 0.010 0.016 0.027 0.041 0.056 0.071 0.086 0.103 0.120 0.140 0.164 0.194 0.223 0.254 0.287 0.325 0.365 0.406 0.453 0.528 0.683 1.029 1.691 2.730 4.040 5.438 6.883 8.430 10.178 12.145 14.357 16.266 17.709 18.757 19.454 19.837 19.951 19.828 19.612 19.431 19.260 19.062 18.833 18.597 18.318
0.000 0.000 0.000 0.000 0.000 0.000 0.000 0.000 0.000 0.000 0.000 0.000 0.000 0.000 0.000 0.000 0.000 0.000 0.000 0.000 0.000 0.000 0.000 0.001 0.001 0.001 0.002 0.004 0.008 0.013 0.022 0.037 0.059 0.091 0.134 0.185 0.240 0.298 0.360 0.427 0.504 0.599 0.692 0.771 0.840 0.911 0.986 1.058 1.133 1.227 1.388 1.731 2.443 3.680 5.359 7.048 8.617 10.167 11.783 13.603 15.680 18.149 20.569 22.444 23.601 24.164 24.242 23.971 23.509 23.128 22.855 22.664 22.475 22.262 22.025 21.747
0.000 0.000 0.000 0.000 0.000 0.000 0.000 0.000 0.000 0.000 0.000 0.000 0.000 0.000 0.000 0.000 0.000 0.000 0.000 0.000 0.001 0.001 0.001 0.002 0.003 0.005 0.010 0.018 0.030 0.050 0.079 0.124 0.190 0.282 0.406 0.557 0.724 0.888 1.054 1.234 1.445 1.686 1.884 2.016 2.095 2.162 2.233 2.312 2.403 2.532 2.776 3.330 4.458 6.216 8.052 9.645 11.214 12.869 14.635 16.621 18.856 21.527 24.309 26.547 27.897 28.359 28.162 27.633 26.920 26.467 26.229 26.035 25.839 25.623 25.361 25.028
0.000 0.000 0.000 0.000 0.000 0.000 0.000 0.000 0.000 0.000 0.000 0.000 0.000 0.000 0.000 0.000 0.000 0.001 0.001 0.001 0.002 0.003 0.005 0.008 0.013 0.022 0.039 0.067 0.107 0.166 0.253 0.377 0.542 0.754 1.023 1.353 1.698 2.018 2.338 2.689 3.102 3.525 3.841 3.995 4.022 4.008 4.022 4.068 4.142 4.275 4.564 5.311 6.719 8.585 10.317 11.952 13.623 15.390 17.301 19.431 21.807 24.567 27.368 29.700 31.094 31.480 31.327 30.912 30.289 29.822 29.596 29.403 29.147 28.870 28.550 28.097
0.000 0.000 0.000 0.000 0.000 0.000 0.000 0.000 0.000 0.000 0.000 0.000 0.000 0.000 0.001 0.001 0.001 0.002 0.003 0.005 0.008 0.013 0.020 0.031 0.050 0.083 0.140 0.224 0.340 0.493 0.695 0.950 1.257 1.626 2.082 2.635 3.185 3.688 4.188 4.705 5.270 5.769 6.105 6.240 6.230 6.152 6.102 6.112 6.162 6.293 6.624 7.483 8.939 10.716 12.463 14.200 15.998 17.884 19.930 22.130 24.558 27.267 29.795 31.909 33.252 33.834 33.973 33.872 33.586 33.275 33.064 32.799 32.456 32.050 31.604 31.010
0.000 0.000 0.000 0.000 0.000 0.000 0.000 0.000 0.000 0.000 0.000 0.001 0.001 0.001 0.002 0.002 0.004 0.007 0.012 0.020 0.032 0.049 0.074 0.112 0.176 0.281 0.438 0.644 0.892 1.185 1.533 1.936 2.394 2.927 3.587 4.349 5.030 5.578 6.072 6.577 7.124 7.605 7.960 8.147 8.239 8.290 8.308 8.334 8.390 8.537 8.931 9.798 11.170 12.850 14.629 16.450 18.350 20.341 22.475 24.750 27.200 29.692 31.878 33.747 35.070 35.897 36.396 36.651 36.658 36.666 36.697 36.436 35.935 35.271 34.597 33.775
0.000 0.000 0.000 0.000 0.000 0.000 0.000 0.000 0.000 0.001 0.001 0.002 0.002 0.004 0.006 0.009 0.016 0.027 0.047 0.076 0.119 0.176 0.256 0.371 0.542 0.781 1.090 1.453 1.857 2.305 2.807 3.360 3.954 4.613 5.375 6.122 6.702 7.176 7.633 8.123 8.670 9.178 9.595 9.910 10.147 10.350 10.500 10.642 10.801 11.005 11.436 12.262 13.495 15.065 16.812 18.700 20.681 22.791 24.989 27.260 29.602 31.820 33.735 35.409 36.736 37.727 38.575 39.211 39.633 39.799 39.872 39.760 39.473 38.728 37.687 36.384
0.000 0.000 0.000 0.000 0.000 0.000 0.001 0.001 0.001 0.002 0.004 0.007 0.010 0.015 0.022 0.034 0.056 0.098 0.167 0.265 0.388 0.538 0.725 0.967 1.284 1.684 2.156 2.670 3.226 3.816 4.421 5.022 5.619 6.252 6.935 7.558 8.072 8.536 9.007 9.517 10.065 10.621 11.122 11.553 11.941 12.283 12.588 12.894 13.227 13.570 14.079 14.875 16.003 17.484 19.172 21.096 23.105 25.264 27.501 29.683 31.884 33.853 35.484 37.008 38.280 39.425 40.554 41.515 42.258 42.507 42.680 42.724 42.495 41.622 40.251 38.540
0.000 0.000 0.000 0.000 0.001 0.001 0.001 0.003 0.006 0.011 0.018 0.027 0.038 0.053 0.075 0.114 0.188 0.319 0.507 0.732 0.980 1.253 1.570 1.956 2.428 2.994 3.597 4.180 4.739 5.285 5.826 6.378 6.942 7.532 8.154 8.728 9.262 9.772 10.284 10.833 11.410 12.006 12.568 13.081 13.589 14.082 14.563 15.025 15.509 16.028 16.717 17.595 18.704 20.096 21.697 23.549 25.606 27.887 30.122 32.161 34.069 35.795 37.324 38.791 40.193 41.612 42.846 43.854 44.492 44.796 45.057 45.106 44.833 43.828 42.240 40.367
0.001 0.001 0.001 0.001 0.002 0.003 0.007 0.014 0.026 0.044 0.068 0.096 0.130 0.173 0.240 0.356 0.556 0.848 1.196 1.559 1.934 2.329 2.773 3.292 3.882 4.496 5.049 5.544 6.020 6.498 6.980 7.488 8.024 8.576 9.167 9.746 10.313 10.886 11.452 12.051 12.673 13.308 13.927 14.531 15.151 15.769 16.364 16.990 17.644 18.342 19.232 20.289 21.553 22.931 24.464 26.276 28.331 30.671 32.811 34.696 36.371 37.965 39.404 40.860 42.425 43.854 44.915 45.823 46.446 46.709 46.924 46.962 46.666 45.470 43.779 41.862
0.003 0.003 0.004 0.005 0.008 0.015 0.030 0.057 0.102 0.162 0.232 0.310 0.398 0.512 0.682 0.947 1.326 1.798 2.269 2.721 3.174 3.640 4.122 4.638 5.202 5.766 6.256 6.703 7.135 7.574 8.017 8.480 8.990 9.526 10.100 10.698 11.297 11.916 12.548 13.197 13.888 14.570 15.241 15.903 16.609 17.359 18.089 18.854 19.638 20.488 21.520 22.781 24.297 25.867 27.466 29.279 31.377 33.595 35.461 37.162 38.709 40.314 41.927 43.492 45.007 46.133 46.837 47.466 47.964 48.067 48.083 47.971 47.537 46.230 44.699 42.957
0.009 0.010 0.013 0.019 0.032 0.060 0.116 0.210 0.338 0.487 0.642 0.805 0.988 1.223 1.551 2.009 2.589 3.163 3.639 4.064 4.470 4.885 5.320 5.792 6.316 6.854 7.330 7.757 8.162 8.571 8.962 9.389 9.866 10.390 10.957 11.560 12.185 12.859 13.557 14.273 15.013 15.748 16.460 17.199 17.973 18.826 19.667 20.564 21.500 22.519 23.689 25.095 26.772 28.581 30.460 32.430 34.336 36.110 37.815 39.429 41.076 42.787 44.475 45.931 47.090 47.845 48.198 48.439 48.676 48.748 48.515 48.236 47.776 46.569 45.312 43.866
0.028 0.034 0.045 0.067 0.115 0.209 0.366 0.586 0.842 1.104 1.365 1.631 1.936 2.325 2.840 3.480 4.096 4.564 4.927 5.267 5.616 6.002 6.412 6.860 7.351 7.863 8.316 8.708 9.075 9.450 9.818 10.219 10.680 11.199 11.758 12.364 13.016 13.736 14.489 15.284 16.076 16.863 17.619 18.433 19.274 20.240 21.200 22.200 23.250 24.371 25.621 27.150 29.013 31.037 33.084 35.006 36.635 38.173 39.812 41.482 43.243 45.071 46.591 47.744 48.762 49.346 49.381 49.223 49.220 49.213 48.739 48.218 47.670 46.626 45.760 44.839
