RESULTS/r.avaflow_results/14b_results/14b_ascii/14b_hflow30053.asc
ncols 506
nrows 317
xllcenter 498237.50
yllcenter 5580050.00
cellsize 12.50
NODATA_value -9999.000
[rows 170 to 203 of 317, columns 308 to 384 of 506]
0.000 0.000 0.000 0.000 0.000 0.000 0.000 0.000 0.000 0.000 0.000 0.000 0.000 0.000 0.000 0.000 0.000 0.000 0.000 0.000 0.000 0.000 0.000 0.000 0.000 0.000 0.000 0.000 0.000 0.000 0.000 0.000 0.000 0.000 0.000 0.000 0.000 0.000 0.000 0.000 0.000 0.000 0.000 0.000 0.000 0.000 0.000 0.000 0.000 0.000 0.000 0.000 0.000 0.000 0.000 0.000 0.000 0.000 0.000 0.000 0.000 0.000 0.000 0.000 0.000 0.000 0.000 0.000 0.000 0.000 0.000 0.000 0.000 0.000 0.000 0.000 0.000
0.000 0.000 0.000 0.000 0.000 0.000 0.000 0.000 0.000 0.000 0.000 0.000 0.000 0.000 0.000 0.000 0.000 0.000 0.000 0.000 0.000 0.000 0.000 0.000 0.000 0.000 0.000 0.000 0.000 0.000 0.000 0.000 0.000 0.000 0.000 0.000 0.000 0.000 0.000 0.000 0.000 0.000 0.000 0.000 0.000 0.000 0.000 0.000 0.000 0.000 0.000 0.000 0.000 0.000 0.000 0.000 0.000 0.000 0.000 0.000 0.000 0.000 0.000 0.000 0.000 0.000 0.000 0.000 0.000 0.000 0.000 0.000 0.000 0.000 0.000 0.000 0.000
0.001 0.001 0.001 0.001 0.001 0.001 0.001 0.001 0.001 0.001 0.001 0.001 0.001 0.001 0.001 0.001 0.001 0.000 0.000 0.000 0.000 0.000 0.000 0.000 0.000 0.000 0.000 0.000 0.000 0.000 0.000 0.000 0.000 0.000 0.000 0.000 0.000 0.000 0.000 0.000 0.000 0.000 0.000 0.000 0.000 0.000 0.000 0.000 0.000 0.000 0.000 0.000 0.000 0.000 0.000 0.000 0.000 0.000 0.000 0.000 0.000 0.000 0.000 0.000 0.000 0.000 0.000 0.000 0.000 0.000 0.000 0.000 0.000 0.000 0.000 0.000 0.000
0.002 0.003 0.004 0.004 0.004 0.004 0.004 0.004 0.004 0.004 0.004 0.004 0.003 0.003 0.003 0.002 0.002 0.001 0.001 0.001 0.000 0.000 0.000 0.000 0.000 0.000 0.000 0.000 0.000 0.000 0.000 0.000 0.000 0.000 0.000 0.000 0.000 0.000 0.000 0.000 0.000 0.000 0.000 0.000 0.000 0.000 0.000 0.000 0.000 0.000 0.000 0.000 0.000 0.000 0.000 0.000 0.000 0.000 0.000 0.000 0.000 0.000 0.000 0.000 0.000 0.000 0.000 0.000 0.000 0.000 0.000 0.000 0.000 0.000 0.000 0.000 0.000
0.004 0.006 0.008 0.009 0.009 0.009 0.009 0.009 0.009 0.009 0.008 0.008 0.007 0.006 0.005 0.004 0.004 0.003 0.002 0.002 0.001 0.001 0.001 0.000 0.000 0.000 0.000 0.000 0.000 0.000 0.000 0.000 0.000 0.000 0.000 0.000 0.000 0.000 0.000 0.000 0.000 0.000 0.000 0.000 0.000 0.000 0.000 0.000 0.000 0.000 0.000 0.000 0.000 0.000 0.000 0.000 0.000 0.000 0.000 0.000 0.000 0.000 0.000 0.000 0.000 0.000 0.000 0.000 0.000 0.000 0.000 0.000 0.000 0.000 0.000 0.000 0.000
0.008 0.011 0.014 0.016 0.016 0.016 0.016 0.016 0.016 0.015 0.014 0.014 0.012 0.011 0.009 0.008 0.006 0.005 0.004 0.003 0.003 0.002 0.001 0.001 0.001 0.000 0.000 0.000 0.000 0.000 0.000 0.000 0.000 0.000 0.000 0.000 0.000 0.000 0.000 0.000 0.000 0.000 0.000 0.000 0.000 0.000 0.000 0.000 0.000 0.000 0.000 0.000 0.000 0.000 0.000 0.000 0.000 0.000 0.000 0.000 0.000 0.000 0.000 0.000 0.000 0.000 0.000 0.000 0.000 0.000 0.000 0.000 0.000 0.000 0.000 0.000 0.000
0.013 0.017 0.023 0.027 0.029 0.029 0.029 0.029 0.027 0.026 0.024 0.023 0.020 0.017 0.014 0.012 0.010 0.008 0.007 0.006 0.005 0.004 0.003 0.002 0.002 0.001 0.001 0.001 0.000 0.000 0.000 0.000 0.000 0.000 0.000 0.000 0.000 0.000 0.000 0.000 0.000 0.000 0.000 0.000 0.000 0.000 0.000 0.000 0.000 0.000 0.000 0.000 0.000 0.000 0.000 0.000 0.000 0.000 0.000 0.000 0.000 0.000 0.000 0.000 0.000 0.000 0.000 0.000 0.000 0.000 0.000 0.000 0.000 0.000 0.000 0.000 0.000
0.021 0.028 0.039 0.050 0.055 0.056 0.056 0.055 0.052 0.048 0.044 0.038 0.033 0.027 0.022 0.018 0.015 0.012 0.010 0.008 0.007 0.006 0.005 0.004 0.003 0.003 0.002 0.002 0.001 0.001 0.001 0.001 0.000 0.000 0.000 0.000 0.000 0.000 0.000 0.000 0.000 0.000 0.000 0.000 0.000 0.000 0.000 0.000 0.000 0.000 0.000 0.000 0.000 0.000 0.000 0.000 0.000 0.000 0.000 0.000 0.000 0.000 0.000 0.000 0.000 0.000 0.000 0.000 0.000 0.000 0.000 0.000 0.000 0.000 0.000 0.000 0.000
0.036 0.050 0.073 0.100 0.115 0.120 0.120 0.118 0.112 0.102 0.089 0.072 0.058 0.046 0.036 0.028 0.022 0.018 0.015 0.012 0.010 0.009 0.007 0.006 0.006 0.005 0.004 0.003 0.003 0.002 0.002 0.002 0.001 0.001 0.001 0.001 0.000 0.000 0.000 0.000 0.000 0.000 0.000 0.000 0.000 0.000 0.000 0.000 0.000 0.000 0.000 0.000 0.000 0.000 0.000 0.000 0.000 0.000 0.000 0.000 0.000 0.000 0.000 0.000 0.000 0.000 0.000 0.000 0.000 0.000 0.000 0.000 0.000 0.000 0.000 0.000 0.000
0.068 0.099 0.148 0.213 0.259 0.279 0.283 0.279 0.265 0.239 0.200 0.153 0.114 0.085 0.063 0.048 0.037 0.029 0.023 0.018 0.015 0.012 0.011 0.009 0.009 0.008 0.007 0.006 0.005 0.005 0.004 0.003 0.003 0.003 0.002 0.002 0.001 0.001 0.001 0.001 0.001 0.001 0.001 0.000 0.000 0.000 0.000 0.000 0.000 0.000 0.000 0.000 0.000 0.000 0.000 0.000 0.000 0.000 0.000 0.000 0.000 0.000 0.000 0.000 0.000 0.000 0.000 0.000 0.000 0.000 0.000 0.000 0.000 0.000 0.000 0.000 0.000
0.143 0.206 0.305 0.443 0.559 0.625 0.649 0.648 0.626 0.567 0.470 0.347 0.245 0.173 0.124 0.090 0.065 0.048 0.036 0.028 0.022 0.018 0.015 0.014 0.012 0.011 0.010 0.010 0.009 0.008 0.007 0.006 0.005 0.005 0.004 0.004 0.003 0.003 0.003 0.002 0.002 0.002 0.002 0.002 0.001 0.001 0.001 0.000 0.000 0.000 0.000 0.000 0.000 0.000 0.000 0.000 0.000 0.000 0.000 0.000 0.000 0.000 0.000 0.000 0.000 0.000 0.000 0.000 0.000 0.000 0.000 0.000 0.000 0.000 0.000 0.000 0.000
0.306 0.421 0.594 0.833 1.045 1.183 1.247 1.260 1.236 1.148 0.978 0.738 0.511 0.353 0.248 0.176 0.125 0.088 0.062 0.045 0.033 0.026 0.022 0.019 0.018 0.017 0.015 0.014 0.013 0.012 0.010 0.009 0.008 0.007 0.007 0.006 0.006 0.005 0.005 0.005 0.005 0.004 0.004 0.003 0.003 0.002 0.002 0.001 0.001 0.000 0.000 0.000 0.000 0.000 0.000 0.000 0.000 0.000 0.000 0.000 0.000 0.000 0.000 0.000 0.000 0.000 0.000 0.000 0.000 0.000 0.000 0.000 0.000 0.000 0.000 0.000 0.000
0.635 0.811 1.052 1.332 1.538 1.654 1.713 1.729 1.714 1.634 1.460 1.184 0.869 0.628 0.454 0.325 0.229 0.159 0.109 0.075 0.053 0.040 0.032 0.028 0.026 0.025 0.023 0.022 0.020 0.018 0.016 0.014 0.012 0.011 0.010 0.010 0.009 0.009 0.009 0.008 0.008 0.007 0.007 0.006 0.005 0.004 0.003 0.003 0.002 0.002 0.001 0.001 0.001 0.000 0.000 0.000 0.000 0.000 0.000 0.000 0.000 0.000 0.000 0.000 0.000 0.000 0.000 0.000 0.000 0.000 0.000 0.000 0.000 0.000 0.000 0.000 0.000
1.220 1.418 1.608 1.758 1.841 1.881 1.905 1.913 1.900 1.835 1.683 1.428 1.103 0.845 0.656 0.506 0.377 0.268 0.187 0.130 0.091 0.067 0.053 0.046 0.043 0.040 0.038 0.036 0.032 0.028 0.023 0.020 0.018 0.016 0.015 0.015 0.014 0.014 0.013 0.013 0.013 0.012 0.011 0.009 0.008 0.007 0.006 0.005 0.004 0.003 0.003 0.002 0.002 0.001 0.001 0.001 0.001 0.001 0.000 0.000 0.000 0.000 0.000 0.000 0.000 0.000 0.000 0.000 0.000 0.000 0.000 0.000 0.000 0.000 0.000 0.000 0.000
1.872 1.981 2.030 2.028 1.974 1.935 1.926 1.924 1.909 1.852 1.718 1.495 1.205 0.962 0.779 0.634 0.512 0.402 0.302 0.220 0.160 0.120 0.097 0.086 0.080 0.076 0.072 0.067 0.059 0.046 0.037 0.031 0.027 0.024 0.023 0.022 0.021 0.021 0.020 0.020 0.020 0.018 0.016 0.014 0.012 0.010 0.009 0.008 0.007 0.006 0.005 0.004 0.003 0.003 0.003 0.002 0.002 0.002 0.001 0.001 0.001 0.000 0.000 0.000 0.000 0.000 0.000 0.000 0.000 0.000 0.000 0.000 0.000 0.000 0.000 0.000 0.000
2.241 2.285 2.254 2.148 1.997 1.902 1.854 1.826 1.796 1.744 1.641 1.466 1.229 1.013 0.844 0.709 0.601 0.511 0.430 0.350 0.276 0.222 0.190 0.176 0.169 0.165 0.159 0.148 0.124 0.091 0.066 0.052 0.044 0.039 0.036 0.034 0.033 0.033 0.032 0.032 0.032 0.029 0.025 0.021 0.017 0.015 0.013 0.011 0.010 0.009 0.008 0.007 0.006 0.005 0.005 0.005 0.004 0.004 0.003 0.003 0.002 0.002 0.001 0.001 0.000 0.000 0.000 0.000 0.000 0.000 0.000 0.000 0.000 0.000 0.000 0.000 0.000
2.337 2.360 2.304 2.153 1.935 1.754 1.637 1.564 1.514 1.471 1.415 1.327 1.190 1.026 0.873 0.747 0.649 0.575 0.519 0.473 0.429 0.391 0.368 0.364 0.371 0.372 0.366 0.341 0.284 0.202 0.140 0.104 0.084 0.072 0.065 0.060 0.058 0.057 0.057 0.056 0.055 0.051 0.042 0.032 0.025 0.021 0.019 0.016 0.014 0.013 0.011 0.010 0.009 0.009 0.008 0.008 0.007 0.006 0.006 0.005 0.004 0.003 0.003 0.002 0.001 0.001 0.001 0.000 0.000 0.000 0.000 0.000 0.000 0.000 0.000 0.000 0.000
2.248 2.259 2.187 2.006 1.724 1.443 1.246 1.125 1.066 1.045 1.046 1.064 1.054 0.988 0.877 0.759 0.665 0.601 0.565 0.548 0.542 0.551 0.579 0.629 0.674 0.695 0.694 0.660 0.572 0.435 0.308 0.228 0.180 0.151 0.133 0.121 0.114 0.111 0.110 0.109 0.106 0.095 0.073 0.052 0.039 0.032 0.027 0.024 0.021 0.018 0.016 0.015 0.014 0.013 0.012 0.012 0.011 0.010 0.010 0.009 0.007 0.006 0.005 0.004 0.003 0.002 0.002 0.001 0.001 0.001 0.001 0.000 0.000 0.000 0.000 0.000 0.000
1.871 1.854 1.771 1.597 1.304 0.987 0.786 0.687 0.653 0.654 0.685 0.759 0.840 0.872 0.837 0.754 0.664 0.606 0.581 0.577 0.591 0.632 0.702 0.790 0.858 0.892 0.899 0.880 0.815 0.698 0.556 0.446 0.369 0.316 0.278 0.252 0.237 0.230 0.227 0.223 0.213 0.184 0.134 0.090 0.064 0.051 0.042 0.036 0.031 0.027 0.024 0.021 0.020 0.018 0.018 0.017 0.016 0.015 0.014 0.013 0.011 0.009 0.007 0.006 0.005 0.004 0.003 0.003 0.002 0.002 0.002 0.001 0.001 0.001 0.001 0.001 0.001
1.203 1.148 1.072 0.956 0.774 0.587 0.473 0.420 0.407 0.415 0.456 0.542 0.650 0.716 0.736 0.710 0.648 0.598 0.579 0.578 0.598 0.651 0.738 0.838 0.910 0.948 0.959 0.952 0.915 0.836 0.718 0.614 0.545 0.501 0.472 0.451 0.437 0.429 0.424 0.417 0.393 0.335 0.241 0.159 0.112 0.086 0.070 0.058 0.049 0.042 0.036 0.032 0.029 0.027 0.026 0.024 0.023 0.022 0.021 0.019 0.016 0.013 0.011 0.009 0.008 0.007 0.006 0.005 0.005 0.004 0.004 0.003 0.003 0.003 0.003 0.003 0.003
0.640 0.588 0.542 0.492 0.419 0.345 0.300 0.281 0.278 0.289 0.328 0.411 0.518 0.584 0.612 0.619 0.600 0.569 0.554 0.555 0.575 0.631 0.724 0.822 0.890 0.929 0.944 0.944 0.924 0.868 0.771 0.675 0.618 0.594 0.584 0.582 0.583 0.585 0.586 0.580 0.549 0.479 0.372 0.267 0.195 0.151 0.122 0.101 0.084 0.070 0.059 0.051 0.045 0.041 0.038 0.037 0.035 0.033 0.031 0.027 0.022 0.018 0.015 0.013 0.011 0.010 0.009 0.008 0.008 0.007 0.007 0.006 0.006 0.006 0.006 0.006 0.005
0.350 0.313 0.287 0.264 0.241 0.222 0.212 0.209 0.214 0.228 0.265 0.341 0.432 0.484 0.505 0.513 0.516 0.508 0.497 0.495 0.509 0.558 0.647 0.738 0.797 0.836 0.861 0.873 0.870 0.838 0.762 0.673 0.625 0.611 0.614 0.626 0.641 0.651 0.655 0.650 0.619 0.553 0.461 0.375 0.307 0.251 0.207 0.173 0.144 0.119 0.099 0.084 0.073 0.066 0.061 0.058 0.055 0.051 0.047 0.041 0.032 0.025 0.021 0.018 0.016 0.014 0.013 0.012 0.011 0.011 0.011 0.010 0.010 0.010 0.010 0.010 0.009
0.222 0.197 0.182 0.172 0.167 0.164 0.166 0.172 0.183 0.202 0.240 0.306 0.375 0.410 0.421 0.424 0.423 0.418 0.407 0.399 0.404 0.434 0.499 0.573 0.624 0.662 0.695 0.721 0.733 0.728 0.689 0.627 0.592 0.587 0.596 0.618 0.642 0.657 0.663 0.659 0.629 0.571 0.503 0.447 0.401 0.359 0.317 0.274 0.232 0.194 0.163 0.138 0.120 0.109 0.102 0.096 0.090 0.083 0.075 0.063 0.048 0.036 0.029 0.025 0.022 0.020 0.018 0.017 0.016 0.016 0.016 0.015 0.016 0.015 0.015 0.015 0.014
0.165 0.149 0.140 0.136 0.136 0.138 0.144 0.154 0.169 0.193 0.232 0.287 0.332 0.352 0.357 0.357 0.352 0.342 0.326 0.313 0.310 0.320 0.350 0.395 0.431 0.457 0.480 0.504 0.525 0.536 0.535 0.516 0.503 0.505 0.522 0.556 0.598 0.625 0.636 0.633 0.611 0.563 0.515 0.485 0.463 0.441 0.416 0.385 0.344 0.296 0.250 0.215 0.192 0.178 0.170 0.161 0.151 0.139 0.123 0.102 0.076 0.056 0.043 0.035 0.031 0.028 0.026 0.024 0.023 0.022 0.022 0.022 0.023 0.023 0.022 0.022 0.021
0.137 0.128 0.124 0.122 0.123 0.128 0.135 0.147 0.165 0.192 0.232 0.273 0.299 0.309 0.310 0.307 0.301 0.290 0.274 0.260 0.253 0.253 0.262 0.284 0.306 0.320 0.330 0.340 0.350 0.357 0.359 0.359 0.358 0.365 0.386 0.430 0.489 0.536 0.559 0.564 0.555 0.530 0.507 0.500 0.502 0.500 0.493 0.476 0.445 0.399 0.342 0.296 0.266 0.249 0.241 0.238 0.234 0.223 0.202 0.172 0.132 0.093 0.068 0.054 0.047 0.042 0.039 0.036 0.033 0.031 0.031 0.031 0.032 0.032 0.032 0.031 0.030
0.122 0.118 0.116 0.117 0.120 0.125 0.134 0.146 0.166 0.196 0.236 0.265 0.277 0.280 0.278 0.273 0.266 0.257 0.245 0.230 0.221 0.217 0.218 0.226 0.237 0.243 0.246 0.248 0.249 0.249 0.247 0.245 0.244 0.247 0.261 0.290 0.339 0.393 0.430 0.451 0.462 0.469 0.480 0.504 0.532 0.548 0.551 0.544 0.519 0.474 0.411 0.353 0.315 0.293 0.285 0.286 0.298 0.317 0.313 0.286 0.236 0.172 0.121 0.093 0.078 0.069 0.063 0.057 0.051 0.047 0.045 0.045 0.045 0.046 0.045 0.044 0.042
0.114 0.113 0.114 0.117 0.121 0.128 0.137 0.152 0.175 0.209 0.244 0.262 0.268 0.267 0.262 0.253 0.246 0.238 0.228 0.216 0.206 0.200 0.198 0.199 0.204 0.207 0.207 0.205 0.202 0.198 0.193 0.187 0.184 0.184 0.191 0.206 0.232 0.269 0.303 0.332 0.359 0.391 0.437 0.502 0.555 0.584 0.591 0.587 0.565 0.520 0.453 0.386 0.340 0.314 0.306 0.308 0.328 0.383 0.444 0.451 0.410 0.328 0.236 0.177 0.145 0.128 0.114 0.101 0.087 0.076 0.070 0.067 0.065 0.064 0.062 0.060 0.058
0.110 0.110 0.114 0.121 0.130 0.141 0.155 0.175 0.201 0.233 0.257 0.266 0.268 0.264 0.256 0.246 0.237 0.229 0.221 0.211 0.202 0.194 0.191 0.191 0.192 0.193 0.192 0.189 0.185 0.180 0.175 0.169 0.162 0.158 0.158 0.163 0.175 0.195 0.222 0.251 0.285 0.334 0.411 0.505 0.572 0.606 0.613 0.608 0.585 0.539 0.469 0.398 0.349 0.321 0.311 0.314 0.337 0.407 0.534 0.638 0.654 0.588 0.464 0.355 0.293 0.256 0.227 0.199 0.169 0.139 0.117 0.104 0.096 0.090 0.085 0.081 0.077
0.108 0.110 0.118 0.133 0.154 0.179 0.203 0.228 0.254 0.275 0.283 0.283 0.277 0.268 0.257 0.245 0.235 0.226 0.219 0.211 0.203 0.196 0.192 0.191 0.191 0.191 0.190 0.187 0.182 0.178 0.174 0.167 0.159 0.150 0.146 0.144 0.148 0.158 0.175 0.200 0.239 0.302 0.403 0.512 0.583 0.614 0.620 0.614 0.590 0.542 0.471 0.398 0.348 0.321 0.311 0.313 0.337 0.409 0.554 0.747 0.865 0.880 0.806 0.684 0.586 0.523 0.470 0.414 0.346 0.273 0.214 0.172 0.145 0.128 0.116 0.108 0.102
0.108 0.112 0.126 0.155 0.199 0.250 0.290 0.319 0.335 0.339 0.332 0.318 0.299 0.280 0.263 0.248 0.237 0.228 0.221 0.217 0.213 0.208 0.204 0.202 0.200 0.198 0.195 0.192 0.189 0.186 0.182 0.174 0.163 0.151 0.143 0.138 0.138 0.141 0.151 0.173 0.214 0.289 0.407 0.519 0.586 0.614 0.619 0.611 0.585 0.535 0.460 0.388 0.339 0.313 0.304 0.307 0.330 0.400 0.542 0.760 0.960 1.065 1.087 1.048 0.992 0.936 0.872 0.788 0.673 0.532 0.397 0.294 0.225 0.183 0.158 0.142 0.132
0.109 0.116 0.137 0.180 0.247 0.325 0.380 0.407 0.414 0.410 0.395 0.369 0.335 0.303 0.279 0.260 0.247 0.238 0.235 0.238 0.243 0.245 0.244 0.241 0.236 0.228 0.221 0.217 0.215 0.213 0.207 0.195 0.176 0.157 0.144 0.137 0.135 0.135 0.141 0.160 0.204 0.287 0.411 0.520 0.582 0.604 0.605 0.594 0.563 0.506 0.427 0.358 0.315 0.293 0.286 0.289 0.310 0.371 0.499 0.712 0.955 1.126 1.221 1.256 1.253 1.233 1.195 1.126 1.016 0.863 0.674 0.487 0.350 0.265 0.217 0.189 0.172
0.113 0.123 0.149 0.196 0.272 0.364 0.428 0.457 0.462 0.456 0.439 0.410 0.374 0.338 0.308 0.286 0.274 0.269 0.275 0.293 0.312 0.323 0.326 0.324 0.312 0.294 0.281 0.274 0.270 0.265 0.254 0.233 0.201 0.171 0.150 0.139 0.135 0.134 0.139 0.157 0.202 0.288 0.413 0.510 0.559 0.572 0.569 0.550 0.509 0.444 0.366 0.306 0.271 0.255 0.252 0.255 0.272 0.318 0.419 0.605 0.868 1.093 1.238 1.316 1.345 1.347 1.330 1.285 1.200 1.067 0.885 0.680 0.507 0.380 0.302 0.257 0.230
0.120 0.133 0.159 0.205 0.278 0.374 0.442 0.474 0.479 0.475 0.459 0.432 0.398 0.369 0.346 0.330 0.323 0.330 0.359 0.400 0.429 0.439 0.436 0.421 0.394 0.366 0.347 0.335 0.326 0.316 0.297 0.265 0.222 0.186 0.160 0.144 0.137 0.136 0.140 0.158 0.204 0.290 0.400 0.474 0.505 0.509 0.500 0.469 0.415 0.342 0.276 0.233 0.210 0.202 0.201 0.204 0.215 0.245 0.312 0.451 0.688 0.964 1.165 1.283 1.333 1.345 1.340 1.311 1.248 1.137 0.971 0.791 0.641 0.518 0.425 0.364 0.325
0.131 0.145 0.170 0.209 0.274 0.365 0.435 0.469 0.478 0.476 0.463 0.439 0.407 0.385 0.373 0.369 0.378 0.408 0.461 0.504 0.521 0.520 0.505 0.475 0.435 0.402 0.380 0.366 0.354 0.341 0.318 0.280 0.232 0.194 0.167 0.150 0.142 0.141 0.144 0.163 0.208 0.286 0.362 0.403 0.415 0.413 0.396 0.355 0.294 0.234 0.193 0.169 0.158 0.153 0.152 0.155 0.163 0.185 0.233 0.326 0.493 0.745 0.980 1.131 1.211 1.248 1.261 1.254 1.216 1.126 0.977 0.826 0.721 0.641 0.575 0.520 0.473
