RESULTS/r.avaflow_results/14b_results/14b_ascii/14b_hflow10052.asc
ncols 506
nrows 317
xllcenter 498237.50
yllcenter 5580050.00
cellsize 12.50
NODATA_value -9999.000
[rows 170 to 203 of 317, columns 76 to 151 of 506]
0.262 0.329 0.442 0.639 0.958 1.406 1.917 2.389 2.786 3.155 3.533 3.946 4.425 4.993 5.638 6.249 6.742 7.124 7.462 7.809 8.173 8.560 8.970 9.395 9.828 10.271 10.670 11.004 11.318 11.627 11.948 12.318 12.721 13.207 13.749 14.346 15.030 15.773 16.562 17.400 18.248 19.087 19.916 20.778 21.711 22.755 23.911 25.086 26.308 27.593 29.004 30.579 32.570 34.717 36.628 38.349 39.654 40.834 42.313 43.968 45.857 47.737 49.226 50.227 51.077 51.467 51.394 51.053 50.918 50.825 50.282 49.599 49.012 48.100 47.618 47.182
0.581 0.722 0.932 1.232 1.616 2.064 2.511 2.897 3.251 3.612 4.007 4.464 5.010 5.655 6.358 6.974 7.466 7.883 8.286 8.696 9.112 9.532 9.962 10.384 10.791 11.166 11.513 11.805 12.090 12.386 12.692 13.044 13.453 13.917 14.444 15.053 15.757 16.529 17.368 18.276 19.180 20.074 20.956 21.939 22.982 24.093 25.349 26.626 27.966 29.367 30.768 32.124 33.834 35.925 37.693 39.194 40.424 41.774 43.363 45.101 47.130 48.887 50.131 50.888 51.434 51.646 51.534 51.198 51.026 50.938 50.370 49.895 49.412 48.927 48.873 48.858
0.942 1.136 1.384 1.688 2.044 2.435 2.821 3.186 3.550 3.926 4.337 4.806 5.359 6.003 6.703 7.338 7.896 8.437 8.952 9.446 9.926 10.385 10.848 11.260 11.627 11.958 12.258 12.522 12.777 13.062 13.363 13.688 14.081 14.520 15.020 15.629 16.349 17.160 18.033 18.982 19.955 20.949 21.944 23.009 24.157 25.364 26.735 28.107 29.568 31.105 32.487 33.696 35.091 36.721 38.204 39.544 40.747 42.275 44.049 45.961 47.945 49.655 50.746 51.241 51.506 51.599 51.455 51.129 51.074 51.007 50.650 50.457 50.309 50.151 50.115 50.264
1.162 1.378 1.633 1.929 2.262 2.622 2.998 3.381 3.763 4.156 4.566 5.022 5.542 6.146 6.822 7.499 8.154 8.819 9.471 10.073 10.626 11.127 11.586 12.003 12.344 12.636 12.905 13.159 13.406 13.660 13.948 14.249 14.597 15.021 15.520 16.131 16.838 17.658 18.565 19.544 20.575 21.656 22.751 23.935 25.178 26.517 27.966 29.459 30.902 32.411 33.782 34.954 36.060 37.012 37.973 39.320 40.626 42.262 44.176 46.283 48.130 49.799 50.846 51.153 51.336 51.452 51.357 51.099 51.131 51.088 51.144 51.190 51.204 51.062 50.943 51.160
1.272 1.501 1.763 2.061 2.394 2.753 3.131 3.518 3.903 4.301 4.709 5.154 5.652 6.237 6.898 7.605 8.328 9.075 9.836 10.538 11.177 11.741 12.222 12.629 12.961 13.227 13.468 13.712 13.953 14.192 14.451 14.733 15.058 15.450 15.922 16.508 17.213 18.025 18.944 19.957 21.041 22.231 23.475 24.802 26.099 27.553 29.036 30.555 32.027 33.515 34.816 35.901 36.806 37.491 38.065 38.960 40.122 41.931 43.939 46.123 47.915 49.506 50.526 50.809 51.024 51.261 51.298 51.254 51.328 51.414 51.523 51.487 51.543 51.322 51.275 51.647
1.336 1.575 1.851 2.160 2.499 2.858 3.229 3.604 3.979 4.371 4.777 5.223 5.716 6.290 6.948 7.672 8.432 9.231 10.064 10.863 11.598 12.219 12.738 13.155 13.477 13.742 13.974 14.196 14.423 14.653 14.892 15.152 15.457 15.814 16.257 16.816 17.499 18.285 19.201 20.242 21.409 22.656 24.002 25.447 26.916 28.418 29.974 31.551 32.962 34.392 35.690 36.624 37.309 37.790 38.129 38.567 39.270 40.831 42.949 45.168 46.997 48.482 49.445 49.914 50.319 50.802 51.153 51.384 51.482 51.635 51.701 51.625 51.621 51.428 51.508 52.006
1.373 1.623 1.911 2.235 2.583 2.934 3.290 3.645 4.007 4.389 4.796 5.248 5.744 6.314 6.969 7.702 8.487 9.311 10.181 11.054 11.862 12.564 13.134 13.583 13.919 14.181 14.407 14.618 14.833 15.042 15.265 15.503 15.776 16.107 16.524 17.051 17.674 18.433 19.338 20.389 21.607 22.955 24.456 26.055 27.594 29.077 30.697 32.230 33.576 35.006 36.295 37.097 37.568 37.955 38.237 38.371 38.558 39.326 41.336 43.795 45.946 47.646 48.735 49.239 49.742 50.415 50.792 51.053 51.191 51.326 51.269 51.193 51.071 50.931 51.050 51.650
1.388 1.646 1.946 2.289 2.645 2.984 3.319 3.656 4.010 4.388 4.800 5.252 5.753 6.317 6.975 7.713 8.508 9.341 10.218 11.137 12.002 12.769 13.416 13.917 14.285 14.565 14.791 14.990 15.186 15.383 15.583 15.805 16.056 16.345 16.715 17.196 17.775 18.494 19.376 20.428 21.675 23.097 24.709 26.440 28.051 29.524 31.094 32.591 33.935 35.210 36.418 37.176 37.594 37.941 38.171 38.238 38.326 38.747 40.102 42.128 44.621 46.817 48.033 48.574 49.127 49.918 50.160 50.310 50.448 50.544 50.381 50.230 50.047 49.944 50.088 50.754
1.383 1.651 1.959 2.318 2.683 3.010 3.327 3.654 4.000 4.377 4.788 5.238 5.745 6.314 6.975 7.712 8.505 9.342 10.218 11.150 12.049 12.856 13.559 14.135 14.563 14.873 15.110 15.308 15.488 15.671 15.856 16.055 16.287 16.543 16.866 17.289 17.839 18.525 19.386 20.438 21.724 23.186 24.911 26.754 28.439 29.954 31.486 32.880 34.211 35.351 36.460 37.186 37.595 37.938 38.197 38.253 38.275 38.669 39.738 41.222 43.138 45.340 46.626 47.291 47.952 48.599 48.743 48.809 48.866 48.934 48.691 48.508 48.298 48.287 48.513 49.248
1.303 1.614 1.945 2.322 2.694 3.015 3.321 3.637 3.973 4.342 4.748 5.201 5.716 6.299 6.963 7.695 8.480 9.320 10.197 11.127 12.046 12.880 13.621 14.253 14.746 15.111 15.380 15.587 15.755 15.924 16.098 16.270 16.468 16.696 16.983 17.363 17.854 18.476 19.316 20.389 21.676 23.177 24.979 26.948 28.705 30.187 31.675 33.064 34.396 35.487 36.518 37.203 37.618 37.962 38.216 38.261 38.301 38.609 39.531 40.783 41.825 43.060 44.318 45.449 46.251 46.755 46.871 46.878 46.862 46.825 46.457 46.275 46.202 46.446 46.859 47.726
1.086 1.481 1.887 2.304 2.683 2.997 3.289 3.592 3.916 4.275 4.674 5.129 5.653 6.250 6.918 7.644 8.422 9.255 10.127 11.046 11.992 12.860 13.626 14.295 14.841 15.255 15.569 15.807 15.987 16.137 16.313 16.455 16.622 16.813 17.054 17.384 17.849 18.437 19.237 20.321 21.598 23.161 24.954 26.986 28.808 30.288 31.706 33.038 34.326 35.437 36.472 37.122 37.551 37.931 38.131 38.138 38.174 38.485 39.286 40.344 41.148 41.558 42.079 43.062 43.944 44.594 44.812 44.847 44.861 44.740 44.381 44.237 44.337 44.772 45.395 46.382
0.736 1.220 1.756 2.240 2.627 2.933 3.215 3.505 3.817 4.165 4.554 5.000 5.520 6.119 6.792 7.525 8.299 9.114 9.972 10.872 11.830 12.749 13.581 14.279 14.857 15.329 15.687 15.961 16.170 16.319 16.484 16.614 16.761 16.920 17.131 17.413 17.814 18.346 19.111 20.163 21.432 23.019 24.857 26.904 28.768 30.327 31.685 32.827 33.940 35.020 36.047 36.706 37.231 37.734 38.034 38.086 38.105 38.399 39.060 39.982 40.605 40.755 40.871 41.116 41.509 42.064 42.437 42.815 42.991 42.966 42.836 42.797 43.040 43.557 44.174 45.056
0.382 0.831 1.477 2.080 2.503 2.809 3.085 3.368 3.672 4.010 4.384 4.806 5.296 5.870 6.527 7.259 8.045 8.843 9.674 10.555 11.518 12.513 13.443 14.229 14.845 15.343 15.757 16.076 16.312 16.472 16.622 16.759 16.884 17.020 17.193 17.445 17.816 18.299 18.986 19.947 21.164 22.752 24.609 26.696 28.588 30.181 31.543 32.638 33.588 34.544 35.479 36.213 36.869 37.454 37.853 38.035 38.129 38.331 38.765 39.475 39.987 40.099 40.065 39.914 39.739 39.701 39.947 40.732 41.304 41.480 41.557 41.677 42.056 42.546 43.016 43.704
0.153 0.437 1.016 1.749 2.280 2.616 2.894 3.177 3.476 3.806 4.161 4.551 4.993 5.513 6.117 6.806 7.576 8.378 9.204 10.072 11.041 12.127 13.213 14.116 14.805 15.335 15.759 16.112 16.397 16.601 16.761 16.898 17.022 17.139 17.292 17.520 17.854 18.325 18.951 19.821 20.945 22.469 24.272 26.433 28.340 29.910 31.274 32.373 33.217 34.102 34.941 35.679 36.365 37.026 37.531 37.766 37.927 38.150 38.310 38.614 39.090 39.183 39.110 39.060 38.847 38.701 38.769 39.131 39.602 40.137 40.436 40.675 41.127 41.551 41.910 42.385
0.050 0.179 0.537 1.216 1.914 2.337 2.637 2.931 3.233 3.554 3.891 4.247 4.627 5.062 5.574 6.185 6.895 7.680 8.513 9.396 10.375 11.533 12.807 13.889 14.709 15.280 15.730 16.118 16.429 16.678 16.873 17.022 17.154 17.283 17.426 17.629 17.939 18.388 18.961 19.779 20.802 22.185 23.901 25.995 27.861 29.411 30.761 31.872 32.680 33.446 34.121 34.730 35.299 35.953 36.628 37.099 37.519 37.816 37.984 38.181 38.422 38.525 38.567 38.559 38.407 38.325 38.308 38.312 38.405 38.798 39.280 39.515 39.906 40.297 40.597 41.017
0.019 0.060 0.229 0.671 1.376 1.954 2.315 2.628 2.940 3.257 3.581 3.911 4.243 4.612 5.050 5.581 6.216 6.957 7.777 8.679 9.658 10.839 12.253 13.533 14.525 15.186 15.683 16.098 16.435 16.726 16.957 17.141 17.293 17.446 17.605 17.803 18.095 18.507 19.044 19.775 20.697 21.918 23.460 25.380 27.223 28.721 30.046 31.134 31.914 32.627 33.239 33.666 34.009 34.482 35.263 36.095 36.920 37.385 37.690 37.904 37.922 37.949 38.070 38.095 38.025 37.992 37.983 37.696 37.392 37.319 37.852 38.222 38.497 38.821 39.141 39.628
0.011 0.022 0.079 0.297 0.792 1.428 1.916 2.271 2.595 2.916 3.236 3.561 3.889 4.236 4.639 5.133 5.739 6.447 7.241 8.131 9.099 10.223 11.595 13.029 14.168 14.976 15.559 16.024 16.412 16.740 17.019 17.245 17.446 17.638 17.822 18.039 18.330 18.713 19.224 19.886 20.739 21.800 23.123 24.786 26.548 27.996 29.310 30.381 31.096 31.709 32.233 32.497 32.603 32.882 33.709 34.845 35.964 36.692 37.203 37.460 37.484 37.456 37.459 37.567 37.580 37.484 37.402 36.917 36.548 36.361 36.580 36.914 37.231 37.441 37.744 38.269
0.010 0.012 0.026 0.103 0.350 0.824 1.369 1.827 2.196 2.535 2.867 3.205 3.556 3.926 4.343 4.839 5.429 6.114 6.888 7.747 8.688 9.725 10.944 12.340 13.612 14.605 15.342 15.878 16.325 16.710 17.036 17.308 17.554 17.787 18.030 18.300 18.611 18.983 19.468 20.078 20.820 21.777 22.903 24.305 25.832 27.168 28.379 29.377 30.072 30.642 31.077 31.309 31.377 31.543 32.128 33.196 34.492 35.465 36.195 36.666 36.774 36.824 36.801 36.804 36.741 36.609 36.453 36.032 35.786 35.596 35.358 35.473 35.823 36.019 36.244 36.711
0.009 0.009 0.012 0.031 0.118 0.347 0.730 1.194 1.657 2.079 2.460 2.837 3.231 3.654 4.128 4.661 5.260 5.930 6.677 7.501 8.400 9.359 10.424 11.630 12.926 14.083 15.005 15.662 16.189 16.632 17.007 17.334 17.621 17.895 18.177 18.481 18.820 19.206 19.667 20.231 20.904 21.731 22.696 23.848 25.162 26.390 27.393 28.311 29.079 29.681 30.062 30.214 30.250 30.378 30.839 31.727 32.944 34.114 35.034 35.696 35.910 36.050 36.088 36.065 36.003 35.821 35.605 35.265 35.065 34.832 34.387 34.194 34.240 34.446 34.528 34.774
0.009 0.008 0.008 0.012 0.033 0.109 0.285 0.578 0.986 1.474 1.970 2.441 2.911 3.410 3.955 4.540 5.166 5.832 6.557 7.351 8.203 9.105 10.049 11.052 12.187 13.402 14.509 15.336 15.992 16.520 16.960 17.324 17.653 17.968 18.279 18.600 18.930 19.329 19.798 20.311 20.944 21.692 22.551 23.483 24.600 25.713 26.662 27.467 28.106 28.721 29.147 29.326 29.392 29.484 29.879 30.591 31.518 32.691 33.702 34.433 34.784 34.968 34.998 35.008 35.032 34.915 34.732 34.431 34.181 33.866 33.302 32.823 32.524 32.587 32.573 32.538
0.009 0.007 0.006 0.007 0.011 0.029 0.085 0.219 0.475 0.880 1.416 2.004 2.600 3.196 3.809 4.439 5.088 5.764 6.477 7.253 8.070 8.912 9.770 10.645 11.587 12.682 13.863 14.877 15.681 16.318 16.850 17.275 17.651 18.003 18.326 18.659 19.003 19.389 19.828 20.318 20.918 21.606 22.350 23.162 24.072 25.035 25.938 26.669 27.305 27.903 28.345 28.597 28.781 28.940 29.293 29.844 30.521 31.342 32.123 32.797 33.123 33.364 33.502 33.515 33.591 33.558 33.383 33.092 32.826 32.533 31.998 31.210 30.589 30.251 30.085 29.887
0.009 0.007 0.006 0.006 0.006 0.010 0.024 0.070 0.196 0.471 0.941 1.582 2.308 3.005 3.674 4.342 5.015 5.711 6.420 7.186 7.979 8.767 9.562 10.347 11.175 12.125 13.218 14.308 15.252 16.038 16.672 17.189 17.623 18.001 18.333 18.672 18.992 19.359 19.806 20.295 20.836 21.448 22.068 22.783 23.591 24.453 25.289 26.005 26.639 27.215 27.623 27.902 28.206 28.482 28.845 29.227 29.638 30.087 30.574 31.011 31.251 31.549 31.795 31.772 31.737 31.735 31.649 31.366 31.037 30.688 30.133 29.175 28.261 27.530 27.152 26.805
0.009 0.007 0.006 0.005 0.005 0.006 0.009 0.024 0.077 0.233 0.593 1.210 2.028 2.830 3.543 4.243 4.942 5.655 6.373 7.138 7.909 8.659 9.402 10.133 10.898 11.746 12.693 13.737 14.724 15.628 16.375 17.002 17.527 17.936 18.291 18.642 18.979 19.333 19.738 20.206 20.694 21.232 21.792 22.402 23.084 23.862 24.639 25.349 25.983 26.569 27.003 27.312 27.609 27.889 28.183 28.410 28.630 28.858 29.148 29.364 29.574 29.783 29.925 29.983 29.972 29.894 29.744 29.448 29.036 28.534 27.754 26.690 25.584 24.579 23.848 23.202
0.009 0.007 0.006 0.005 0.005 0.005 0.006 0.011 0.032 0.110 0.355 0.896 1.742 2.656 3.414 4.137 4.861 5.595 6.331 7.097 7.847 8.573 9.282 9.984 10.705 11.484 12.335 13.275 14.227 15.187 16.030 16.756 17.356 17.819 18.205 18.546 18.881 19.232 19.609 20.038 20.500 20.940 21.419 21.956 22.549 23.256 24.013 24.727 25.349 25.905 26.300 26.586 26.841 27.081 27.250 27.379 27.499 27.615 27.765 27.853 27.892 27.937 27.962 27.957 27.896 27.735 27.555 27.219 26.623 25.942 25.005 23.838 22.515 21.231 20.069 18.973
0.011 0.008 0.007 0.006 0.005 0.005 0.005 0.007 0.015 0.052 0.196 0.621 1.421 2.428 3.267 4.014 4.765 5.527 6.286 7.052 7.792 8.501 9.187 9.869 10.562 11.293 12.080 12.927 13.818 14.737 15.603 16.372 17.031 17.560 18.007 18.367 18.700 19.068 19.409 19.779 20.177 20.558 20.959 21.400 21.941 22.606 23.330 24.011 24.586 25.105 25.473 25.745 25.927 26.078 26.150 26.210 26.272 26.317 26.326 26.310 26.249 26.189 26.062 25.875 25.736 25.497 25.187 24.697 23.948 23.052 21.891 20.531 19.073 17.663 16.321 15.005
0.014 0.010 0.008 0.007 0.006 0.006 0.006 0.006 0.009 0.026 0.099 0.377 1.042 2.060 3.041 3.853 4.647 5.444 6.228 6.991 7.733 8.440 9.116 9.782 10.452 11.140 11.876 12.649 13.454 14.319 15.169 15.948 16.644 17.172 17.651 18.042 18.401 18.756 19.110 19.461 19.766 20.070 20.420 20.805 21.284 21.878 22.560 23.212 23.744 24.209 24.542 24.787 24.921 24.994 25.006 24.964 24.950 24.941 24.876 24.719 24.527 24.342 24.105 23.826 23.554 23.154 22.647 21.930 20.997 19.857 18.480 17.005 15.601 14.283 12.988 11.688
0.018 0.012 0.010 0.008 0.007 0.006 0.006 0.006 0.007 0.014 0.050 0.204 0.667 1.552 2.659 3.621 4.487 5.330 6.146 6.926 7.670 8.385 9.059 9.708 10.353 11.006 11.681 12.391 13.124 13.909 14.719 15.462 16.133 16.696 17.194 17.590 17.977 18.318 18.671 18.977 19.249 19.508 19.810 20.146 20.562 21.063 21.688 22.303 22.804 23.218 23.499 23.675 23.728 23.707 23.671 23.555 23.423 23.329 23.210 22.987 22.716 22.438 22.098 21.691 21.258 20.686 19.977 19.043 17.889 16.528 15.130 13.772 12.507 11.319 10.135 8.927
0.022 0.015 0.012 0.010 0.008 0.007 0.006 0.006 0.006 0.009 0.027 0.108 0.398 1.061 2.118 3.286 4.287 5.187 6.040 6.853 7.609 8.333 9.007 9.640 10.258 10.874 11.492 12.130 12.807 13.506 14.246 14.947 15.578 16.134 16.649 17.073 17.462 17.797 18.106 18.381 18.638 18.886 19.128 19.386 19.739 20.156 20.682 21.211 21.656 21.986 22.216 22.321 22.322 22.301 22.181 21.981 21.759 21.562 21.353 21.070 20.704 20.349 19.939 19.431 18.850 18.118 17.196 16.039 14.736 13.395 12.129 10.951 9.850 8.791 7.766 6.772
0.027 0.019 0.014 0.011 0.009 0.008 0.006 0.006 0.006 0.007 0.017 0.063 0.239 0.726 1.631 2.879 4.060 5.039 5.929 6.772 7.550 8.283 8.955 9.573 10.161 10.735 11.302 11.874 12.477 13.102 13.749 14.384 14.987 15.527 16.018 16.449 16.821 17.133 17.441 17.704 17.914 18.151 18.375 18.602 18.885 19.177 19.577 20.004 20.358 20.574 20.708 20.757 20.739 20.694 20.528 20.295 19.996 19.675 19.344 19.014 18.588 18.136 17.614 16.995 16.271 15.375 14.245 12.974 11.736 10.586 9.539 8.568 7.670 6.816 6.017 5.308
0.032 0.022 0.016 0.012 0.010 0.008 0.006 0.005 0.005 0.006 0.012 0.041 0.158 0.533 1.333 2.567 3.860 4.895 5.814 6.678 7.486 8.228 8.896 9.496 10.054 10.586 11.102 11.615 12.139 12.693 13.257 13.824 14.359 14.856 15.311 15.737 16.085 16.403 16.653 16.917 17.146 17.336 17.525 17.688 17.893 18.111 18.395 18.668 18.873 18.986 19.047 19.052 19.017 18.943 18.767 18.484 18.100 17.688 17.264 16.838 16.337 15.795 15.175 14.422 13.532 12.441 11.248 10.109 9.093 8.194 7.394 6.668 5.994 5.379 4.848 4.441
0.037 0.025 0.018 0.014 0.011 0.008 0.006 0.005 0.005 0.005 0.009 0.031 0.122 0.441 1.186 2.382 3.687 4.742 5.677 6.560 7.393 8.149 8.817 9.405 9.936 10.423 10.888 11.347 11.806 12.275 12.755 13.249 13.726 14.157 14.532 14.903 15.216 15.538 15.775 16.049 16.268 16.442 16.595 16.721 16.870 16.986 17.136 17.266 17.334 17.362 17.352 17.327 17.229 17.084 16.866 16.545 16.127 15.648 15.120 14.576 14.007 13.390 12.690 11.860 10.854 9.703 8.622 7.720 6.961 6.319 5.750 5.236 4.770 4.378 4.085 3.903
0.041 0.029 0.021 0.015 0.011 0.008 0.006 0.005 0.004 0.005 0.008 0.027 0.108 0.404 1.118 2.269 3.519 4.553 5.493 6.396 7.244 8.017 8.697 9.286 9.801 10.252 10.667 11.065 11.454 11.845 12.243 12.653 13.040 13.389 13.693 13.998 14.273 14.547 14.807 15.081 15.287 15.460 15.578 15.657 15.729 15.782 15.830 15.862 15.858 15.832 15.750 15.646 15.467 15.228 14.908 14.509 14.037 13.478 12.860 12.244 11.614 10.958 10.224 9.354 8.327 7.310 6.481 5.851 5.352 4.937 4.560 4.213 3.911 3.679 3.540 3.495
0.043 0.031 0.023 0.016 0.012 0.008 0.006 0.005 0.004 0.004 0.008 0.026 0.104 0.393 1.083 2.178 3.325 4.305 5.237 6.147 7.007 7.805 8.513 9.127 9.641 10.060 10.425 10.763 11.087 11.408 11.726 12.040 12.312 12.547 12.768 12.986 13.212 13.450 13.712 13.970 14.189 14.359 14.465 14.512 14.533 14.525 14.511 14.482 14.422 14.351 14.207 13.993 13.714 13.359 12.919 12.416 11.847 11.214 10.553 9.884 9.199 8.500 7.729 6.851 5.984 5.300 4.808 4.472 4.221 3.997 3.757 3.504 3.298 3.170 3.132 3.224
0.044 0.032 0.023 0.017 0.012 0.008 0.006 0.004 0.004 0.004 0.007 0.025 0.102 0.389 1.053 2.066 3.076 3.985 4.891 5.791 6.649 7.463 8.224 8.889 9.425 9.839 10.169 10.443 10.697 10.940 11.164 11.356 11.528 11.677 11.808 11.940 12.098 12.288 12.515 12.755 12.954 13.116 13.222 13.251 13.251 13.224 13.187 13.114 13.023 12.887 12.676 12.394 12.014 11.533 10.951 10.289 9.596 8.895 8.182 7.442 6.642 5.839 5.100 4.459 3.983 3.701 3.566 3.509 3.442 3.341 3.194 3.004 2.861 2.814 2.895 3.150
