RESULTS/r.avaflow_results/14b_results/14b_ascii/14b_hflow0050.asc
ncols 506
nrows 317
xllcenter 498237.50
yllcenter 5580050.00
cellsize 12.50
NODATA_value -9999.000
[rows 136 to 169 of 317, columns 152 to 227 of 506]
0.002 0.003 0.004 0.006 0.007 0.007 0.008 0.008 0.007 0.006 0.005 0.005 0.004 0.004 0.004 0.004 0.003 0.003 0.003 0.003 0.003 0.003 0.002 0.002 0.001 0.001 0.001 0.001 0.001 0.001 0.001 0.000 0.000 0.000 0.000 0.000 0.000 0.000 0.000 0.000 0.000 0.000 0.000 0.000 0.000 0.000 0.000 0.000 0.000 0.000 0.000 0.000 0.000 0.000 0.000 0.000 0.000 0.000 0.000 0.000 0.000 0.000 0.000 0.000 0.000 0.000 0.000 0.000 0.000 0.000 0.000 0.000 0.000 0.000 0.000 0.000
0.006 0.008 0.012 0.017 0.020 0.022 0.022 0.022 0.020 0.017 0.014 0.013 0.011 0.011 0.010 0.010 0.009 0.009 0.009 0.008 0.008 0.007 0.005 0.004 0.004 0.003 0.003 0.003 0.003 0.002 0.002 0.001 0.001 0.000 0.000 0.000 0.000 0.000 0.000 0.000 0.000 0.000 0.000 0.000 0.000 0.000 0.000 0.000 0.000 0.000 0.000 0.000 0.000 0.000 0.000 0.000 0.000 0.000 0.000 0.000 0.000 0.000 0.000 0.000 0.000 0.000 0.000 0.000 0.000 0.000 0.000 0.000 0.000 0.000 0.000 0.000
0.015 0.021 0.031 0.044 0.052 0.056 0.057 0.055 0.050 0.043 0.036 0.033 0.030 0.028 0.027 0.027 0.026 0.024 0.023 0.021 0.020 0.018 0.015 0.012 0.010 0.009 0.009 0.009 0.009 0.008 0.006 0.004 0.002 0.001 0.001 0.000 0.000 0.000 0.000 0.000 0.000 0.000 0.000 0.000 0.000 0.000 0.000 0.000 0.000 0.000 0.000 0.000 0.000 0.000 0.000 0.000 0.000 0.000 0.000 0.000 0.000 0.000 0.000 0.000 0.000 0.000 0.000 0.000 0.000 0.000 0.000 0.000 0.000 0.000 0.000 0.000
0.036 0.050 0.071 0.092 0.106 0.113 0.114 0.112 0.105 0.094 0.085 0.079 0.075 0.074 0.074 0.073 0.070 0.065 0.061 0.057 0.053 0.047 0.041 0.034 0.029 0.027 0.026 0.026 0.025 0.023 0.019 0.012 0.006 0.003 0.001 0.001 0.000 0.000 0.000 0.000 0.000 0.000 0.000 0.000 0.000 0.000 0.000 0.000 0.000 0.000 0.000 0.000 0.000 0.000 0.000 0.000 0.000 0.000 0.000 0.000 0.000 0.000 0.000 0.000 0.000 0.000 0.000 0.000 0.000 0.000 0.000 0.000 0.000 0.000 0.000 0.000
0.071 0.096 0.127 0.153 0.170 0.179 0.183 0.184 0.181 0.173 0.164 0.160 0.160 0.166 0.171 0.172 0.168 0.160 0.150 0.141 0.133 0.123 0.109 0.094 0.083 0.076 0.073 0.070 0.067 0.062 0.053 0.037 0.019 0.009 0.004 0.002 0.001 0.001 0.000 0.000 0.000 0.000 0.000 0.000 0.000 0.000 0.000 0.000 0.000 0.000 0.000 0.000 0.000 0.000 0.000 0.000 0.000 0.000 0.000 0.000 0.000 0.000 0.000 0.000 0.000 0.000 0.000 0.000 0.000 0.000 0.000 0.000 0.000 0.000 0.000 0.000
0.115 0.148 0.182 0.208 0.228 0.242 0.252 0.260 0.264 0.266 0.267 0.271 0.283 0.303 0.319 0.324 0.322 0.313 0.302 0.290 0.278 0.262 0.242 0.218 0.197 0.181 0.168 0.157 0.147 0.134 0.116 0.086 0.050 0.025 0.011 0.005 0.002 0.001 0.001 0.001 0.000 0.000 0.000 0.000 0.000 0.000 0.000 0.000 0.000 0.000 0.000 0.000 0.000 0.000 0.000 0.000 0.000 0.000 0.000 0.000 0.000 0.000 0.000 0.000 0.000 0.000 0.000 0.000 0.000 0.000 0.000 0.000 0.000 0.000 0.000 0.000
0.159 0.196 0.230 0.258 0.282 0.303 0.321 0.337 0.351 0.365 0.380 0.401 0.432 0.469 0.495 0.506 0.508 0.505 0.497 0.486 0.472 0.455 0.431 0.403 0.373 0.344 0.316 0.290 0.265 0.238 0.204 0.156 0.099 0.054 0.026 0.012 0.005 0.003 0.002 0.001 0.001 0.001 0.000 0.000 0.000 0.000 0.000 0.000 0.000 0.000 0.000 0.000 0.000 0.000 0.000 0.000 0.000 0.000 0.000 0.000 0.000 0.000 0.000 0.000 0.000 0.000 0.000 0.000 0.000 0.000 0.000 0.000 0.000 0.000 0.000 0.000
0.204 0.243 0.277 0.308 0.337 0.363 0.389 0.415 0.441 0.468 0.499 0.539 0.592 0.643 0.677 0.695 0.704 0.707 0.705 0.697 0.685 0.667 0.644 0.616 0.581 0.542 0.499 0.454 0.409 0.359 0.302 0.234 0.158 0.096 0.052 0.026 0.013 0.007 0.004 0.003 0.002 0.002 0.001 0.001 0.001 0.000 0.000 0.000 0.000 0.000 0.000 0.000 0.000 0.000 0.000 0.000 0.000 0.000 0.000 0.000 0.000 0.000 0.000 0.000 0.000 0.000 0.000 0.000 0.000 0.000 0.000 0.000 0.000 0.000 0.000 0.000
0.249 0.289 0.325 0.359 0.391 0.423 0.456 0.490 0.528 0.569 0.618 0.677 0.746 0.807 0.853 0.883 0.900 0.908 0.910 0.907 0.898 0.883 0.862 0.834 0.798 0.753 0.697 0.634 0.565 0.490 0.405 0.310 0.220 0.145 0.088 0.050 0.027 0.016 0.011 0.009 0.007 0.005 0.004 0.002 0.001 0.001 0.001 0.000 0.000 0.000 0.000 0.000 0.000 0.000 0.000 0.000 0.000 0.000 0.000 0.000 0.000 0.000 0.000 0.000 0.000 0.000 0.000 0.000 0.000 0.000 0.000 0.000 0.000 0.000 0.000 0.000
0.295 0.336 0.374 0.410 0.446 0.483 0.521 0.563 0.611 0.668 0.734 0.813 0.894 0.965 1.022 1.065 1.093 1.108 1.114 1.115 1.112 1.102 1.084 1.059 1.022 0.973 0.908 0.828 0.736 0.631 0.513 0.392 0.285 0.199 0.134 0.087 0.057 0.039 0.031 0.026 0.023 0.019 0.014 0.008 0.004 0.002 0.001 0.001 0.001 0.001 0.000 0.000 0.000 0.000 0.000 0.000 0.000 0.000 0.000 0.000 0.000 0.000 0.000 0.000 0.000 0.000 0.000 0.000 0.000 0.000 0.000 0.000 0.000 0.000 0.000 0.000
0.344 0.386 0.426 0.464 0.503 0.543 0.586 0.635 0.694 0.765 0.850 0.947 1.038 1.119 1.187 1.241 1.282 1.308 1.321 1.326 1.327 1.324 1.312 1.290 1.255 1.203 1.131 1.036 0.921 0.785 0.631 0.485 0.365 0.272 0.203 0.152 0.117 0.097 0.086 0.080 0.074 0.067 0.052 0.031 0.016 0.008 0.004 0.003 0.002 0.002 0.001 0.001 0.001 0.001 0.000 0.000 0.000 0.000 0.000 0.000 0.000 0.000 0.000 0.000 0.000 0.000 0.000 0.000 0.000 0.000 0.000 0.000 0.000 0.000 0.000 0.000
0.400 0.443 0.484 0.522 0.562 0.603 0.650 0.706 0.776 0.863 0.969 1.083 1.184 1.272 1.349 1.415 1.468 1.507 1.531 1.545 1.551 1.552 1.547 1.531 1.499 1.447 1.368 1.261 1.124 0.956 0.770 0.609 0.485 0.395 0.331 0.286 0.258 0.247 0.244 0.241 0.236 0.220 0.180 0.117 0.060 0.029 0.015 0.009 0.006 0.004 0.003 0.003 0.002 0.002 0.001 0.001 0.001 0.001 0.000 0.000 0.000 0.000 0.000 0.000 0.000 0.000 0.000 0.000 0.000 0.000 0.000 0.000 0.000 0.000 0.000 0.000
0.470 0.513 0.551 0.587 0.623 0.664 0.715 0.778 0.860 0.966 1.095 1.224 1.336 1.432 1.517 1.591 1.656 1.709 1.750 1.777 1.792 1.797 1.797 1.788 1.761 1.711 1.627 1.508 1.349 1.154 0.961 0.812 0.708 0.641 0.604 0.589 0.596 0.623 0.650 0.661 0.659 0.631 0.547 0.392 0.216 0.108 0.055 0.032 0.021 0.015 0.012 0.009 0.007 0.005 0.003 0.002 0.002 0.001 0.001 0.001 0.001 0.000 0.000 0.000 0.000 0.000 0.000 0.000 0.000 0.000 0.000 0.000 0.000 0.000 0.000 0.000
0.596 0.629 0.651 0.671 0.699 0.736 0.788 0.860 0.956 1.084 1.237 1.382 1.504 1.609 1.699 1.779 1.853 1.921 1.982 2.031 2.061 2.075 2.078 2.073 2.052 2.004 1.918 1.789 1.619 1.425 1.269 1.171 1.123 1.109 1.129 1.177 1.254 1.345 1.412 1.438 1.437 1.401 1.275 1.017 0.654 0.360 0.194 0.114 0.076 0.055 0.043 0.033 0.024 0.016 0.010 0.006 0.004 0.003 0.002 0.002 0.002 0.001 0.001 0.001 0.001 0.001 0.001 0.001 0.001 0.001 0.001 0.000 0.000 0.000 0.000 0.000
0.899 0.903 0.876 0.855 0.861 0.886 0.935 1.012 1.120 1.258 1.423 1.581 1.711 1.818 1.908 1.988 2.065 2.143 2.228 2.312 2.369 2.396 2.404 2.404 2.388 2.340 2.258 2.144 1.992 1.849 1.770 1.749 1.780 1.847 1.950 2.085 2.244 2.386 2.473 2.508 2.514 2.480 2.341 2.018 1.505 0.963 0.592 0.379 0.265 0.202 0.161 0.128 0.096 0.064 0.038 0.021 0.012 0.007 0.005 0.004 0.003 0.003 0.002 0.002 0.002 0.002 0.002 0.002 0.002 0.002 0.002 0.002 0.001 0.001 0.001 0.001
1.648 1.577 1.444 1.338 1.292 1.284 1.312 1.377 1.475 1.602 1.755 1.913 2.039 2.133 2.208 2.272 2.333 2.404 2.503 2.632 2.731 2.781 2.800 2.803 2.789 2.750 2.695 2.628 2.542 2.489 2.497 2.558 2.674 2.831 3.011 3.194 3.344 3.440 3.490 3.516 3.525 3.497 3.389 3.140 2.675 2.020 1.443 1.072 0.840 0.687 0.575 0.476 0.372 0.253 0.149 0.080 0.040 0.021 0.012 0.008 0.006 0.005 0.004 0.004 0.004 0.004 0.004 0.003 0.003 0.003 0.003 0.003 0.003 0.002 0.002 0.001
3.115 2.927 2.660 2.429 2.278 2.189 2.150 2.156 2.200 2.282 2.397 2.538 2.645 2.713 2.755 2.784 2.811 2.852 2.933 3.070 3.203 3.281 3.314 3.321 3.313 3.298 3.292 3.293 3.306 3.355 3.443 3.569 3.744 3.943 4.118 4.246 4.328 4.375 4.402 4.415 4.406 4.352 4.235 4.045 3.764 3.332 2.813 2.409 2.121 1.896 1.699 1.490 1.227 0.893 0.551 0.300 0.149 0.071 0.036 0.020 0.014 0.010 0.008 0.007 0.007 0.007 0.007 0.007 0.007 0.007 0.007 0.006 0.005 0.004 0.003 0.003
5.361 5.056 4.683 4.307 4.002 3.761 3.589 3.474 3.419 3.418 3.465 3.560 3.631 3.664 3.674 3.670 3.664 3.673 3.712 3.793 3.902 3.985 4.026 4.039 4.043 4.058 4.100 4.172 4.278 4.412 4.553 4.712 4.896 5.066 5.185 5.256 5.292 5.304 5.307 5.291 5.237 5.133 4.979 4.804 4.637 4.457 4.257 4.092 3.950 3.792 3.593 3.315 2.897 2.305 1.590 0.951 0.514 0.255 0.124 0.065 0.038 0.026 0.019 0.016 0.014 0.014 0.014 0.014 0.015 0.015 0.014 0.012 0.009 0.007 0.005 0.005
8.239 7.853 7.414 6.921 6.428 5.975 5.609 5.328 5.134 5.013 4.964 4.980 4.997 4.995 4.982 4.967 4.950 4.938 4.927 4.911 4.926 4.960 4.983 5.003 5.024 5.068 5.153 5.280 5.435 5.602 5.764 5.926 6.077 6.186 6.248 6.271 6.266 6.243 6.206 6.132 6.009 5.840 5.645 5.478 5.362 5.309 5.307 5.311 5.283 5.204 5.061 4.823 4.441 3.868 3.093 2.196 1.372 0.783 0.424 0.227 0.128 0.080 0.055 0.043 0.038 0.037 0.037 0.040 0.042 0.042 0.038 0.029 0.018 0.012 0.009 0.007
11.435 10.997 10.520 9.954 9.279 8.580 8.000 7.537 7.190 6.938 6.775 6.689 6.645 6.622 6.606 6.602 6.602 6.582 6.530 6.416 6.305 6.249 6.235 6.248 6.283 6.349 6.457 6.592 6.737 6.895 7.048 7.180 7.271 7.321 7.332 7.312 7.259 7.182 7.076 6.916 6.713 6.475 6.252 6.082 5.977 5.948 5.964 5.976 5.951 5.871 5.728 5.511 5.195 4.748 4.154 3.417 2.573 1.777 1.134 0.694 0.426 0.270 0.184 0.139 0.120 0.115 0.117 0.131 0.140 0.140 0.124 0.086 0.047 0.027 0.017 0.012
14.774 14.305 13.771 13.107 12.281 11.333 10.541 9.898 9.410 9.048 8.786 8.603 8.491 8.442 8.431 8.425 8.423 8.392 8.315 8.155 7.959 7.832 7.778 7.776 7.807 7.862 7.942 8.042 8.150 8.286 8.394 8.473 8.504 8.498 8.459 8.392 8.281 8.115 7.900 7.635 7.340 7.052 6.806 6.615 6.489 6.426 6.383 6.328 6.246 6.124 5.952 5.720 5.424 5.059 4.621 4.094 3.467 2.803 2.163 1.588 1.129 0.802 0.588 0.463 0.402 0.386 0.399 0.448 0.477 0.471 0.409 0.272 0.137 0.068 0.037 0.023
18.253 17.790 17.200 16.408 15.385 14.183 13.169 12.364 11.748 11.275 10.929 10.688 10.528 10.438 10.390 10.350 10.316 10.255 10.155 9.982 9.767 9.612 9.531 9.509 9.516 9.533 9.566 9.610 9.676 9.765 9.811 9.823 9.804 9.745 9.647 9.508 9.285 8.995 8.653 8.277 7.902 7.570 7.295 7.077 6.915 6.802 6.699 6.582 6.443 6.273 6.064 5.812 5.513 5.167 4.786 4.366 3.904 3.436 2.984 2.555 2.157 1.779 1.457 1.238 1.129 1.108 1.158 1.268 1.314 1.283 1.109 0.763 0.394 0.182 0.086 0.046
21.872 21.408 20.686 19.695 18.426 17.034 15.860 14.907 14.181 13.626 13.212 12.915 12.706 12.562 12.466 12.381 12.297 12.194 12.072 11.896 11.689 11.537 11.445 11.392 11.364 11.345 11.324 11.307 11.315 11.329 11.312 11.261 11.183 11.061 10.863 10.588 10.227 9.797 9.318 8.842 8.417 8.037 7.725 7.472 7.266 7.102 6.948 6.790 6.609 6.398 6.153 5.876 5.568 5.232 4.875 4.500 4.124 3.769 3.446 3.176 2.946 2.726 2.518 2.368 2.297 2.306 2.394 2.516 2.549 2.483 2.203 1.638 0.929 0.446 0.202 0.097
25.384 24.836 23.941 22.740 21.278 19.813 18.587 17.562 16.742 16.108 15.632 15.279 15.016 14.817 14.659 14.512 14.377 14.236 14.087 13.911 13.730 13.587 13.479 13.402 13.341 13.278 13.205 13.134 13.066 12.998 12.905 12.782 12.608 12.347 12.000 11.574 11.081 10.515 9.907 9.349 8.873 8.452 8.093 7.797 7.554 7.347 7.152 6.952 6.735 6.488 6.216 5.921 5.608 5.285 4.947 4.609 4.291 4.003 3.752 3.552 3.399 3.285 3.213 3.192 3.212 3.262 3.338 3.405 3.420 3.355 3.101 2.550 1.699 0.910 0.437 0.205
28.612 27.911 26.868 25.514 23.973 22.513 21.275 20.237 19.375 18.688 18.159 17.753 17.436 17.179 16.970 16.767 16.590 16.410 16.232 16.046 15.897 15.762 15.647 15.533 15.434 15.317 15.198 15.086 14.951 14.781 14.564 14.295 13.955 13.532 13.034 12.454 11.824 11.136 10.442 9.818 9.276 8.813 8.410 8.064 7.781 7.540 7.313 7.080 6.834 6.566 6.274 5.969 5.655 5.338 5.020 4.719 4.449 4.215 4.015 3.852 3.731 3.661 3.644 3.674 3.731 3.786 3.826 3.841 3.825 3.763 3.579 3.163 2.443 1.533 0.820 0.410
31.454 30.551 29.396 27.982 26.535 25.109 23.892 22.861 21.969 21.241 20.690 20.237 19.885 19.605 19.360 19.138 18.939 18.722 18.523 18.334 18.189 18.045 17.925 17.780 17.638 17.474 17.296 17.092 16.831 16.523 16.148 15.704 15.197 14.618 13.971 13.242 12.461 11.671 10.927 10.244 9.640 9.119 8.665 8.277 7.956 7.688 7.435 7.181 6.915 6.633 6.334 6.024 5.709 5.400 5.108 4.841 4.616 4.422 4.255 4.121 4.027 3.977 3.972 4.003 4.049 4.079 4.086 4.067 4.018 3.933 3.784 3.491 2.955 2.146 1.306 0.723
33.983 32.887 31.618 30.255 28.949 27.576 26.373 25.364 24.447 23.703 23.152 22.660 22.296 22.036 21.799 21.590 21.415 21.199 20.985 20.808 20.644 20.441 20.280 20.081 19.859 19.616 19.337 19.001 18.593 18.133 17.602 17.002 16.336 15.603 14.807 13.939 13.037 12.161 11.354 10.613 9.952 9.369 8.866 8.442 8.090 7.795 7.521 7.252 6.979 6.695 6.399 6.089 5.776 5.483 5.218 4.984 4.794 4.625 4.483 4.372 4.297 4.253 4.239 4.252 4.273 4.272 4.249 4.200 4.124 4.013 3.856 3.614 3.209 2.577 1.773 1.097
36.141 34.841 33.558 32.342 31.185 29.915 28.784 27.763 26.840 26.108 25.513 25.032 24.684 24.440 24.232 24.083 23.950 23.772 23.559 23.345 23.117 22.827 22.626 22.352 22.006 21.667 21.237 20.759 20.203 19.604 18.918 18.160 17.341 16.473 15.553 14.572 13.567 12.600 11.728 10.926 10.206 9.574 9.031 8.567 8.180 7.859 7.571 7.299 7.031 6.750 6.458 6.161 5.863 5.588 5.351 5.146 4.977 4.826 4.706 4.614 4.548 4.501 4.469 4.454 4.442 4.413 4.364 4.286 4.183 4.050 3.874 3.637 3.294 2.796 2.125 1.456
38.048 36.576 35.342 34.256 33.188 31.988 31.053 30.060 29.139 28.495 27.853 27.374 27.046 26.798 26.594 26.522 26.404 26.237 25.996 25.746 25.434 25.091 24.822 24.464 23.968 23.520 22.941 22.330 21.647 20.924 20.096 19.215 18.262 17.263 16.212 15.116 14.044 13.006 12.056 11.187 10.417 9.740 9.159 8.664 8.246 7.894 7.591 7.323 7.068 6.803 6.524 6.244 5.972 5.721 5.507 5.321 5.163 5.031 4.928 4.846 4.781 4.727 4.677 4.633 4.589 4.531 4.453 4.346 4.216 4.061 3.874 3.636 3.321 2.903 2.363 1.775
39.786 38.234 36.969 36.072 35.072 34.010 33.258 32.365 31.501 30.917 30.270 29.800 29.555 29.279 29.051 29.035 28.905 28.645 28.312 27.987 27.591 27.239 26.903 26.459 25.850 25.233 24.496 23.737 22.917 22.068 21.126 20.148 19.078 17.955 16.794 15.599 14.443 13.353 12.337 11.412 10.597 9.884 9.265 8.733 8.282 7.907 7.597 7.331 7.087 6.848 6.601 6.350 6.109 5.883 5.681 5.507 5.359 5.238 5.139 5.057 4.990 4.932 4.871 4.803 4.727 4.632 4.515 4.375 4.218 4.047 3.858 3.629 3.343 2.989 2.558 2.079
41.291 39.740 38.462 37.649 36.721 35.860 35.294 34.559 33.830 33.330 32.756 32.344 32.175 31.888 31.625 31.566 31.327 30.924 30.494 30.052 29.580 29.208 28.737 28.153 27.493 26.728 25.887 25.004 24.047 23.078 22.042 20.947 19.779 18.555 17.277 16.001 14.782 13.632 12.568 11.605 10.744 9.999 9.347 8.786 8.312 7.916 7.595 7.330 7.092 6.869 6.656 6.449 6.245 6.043 5.852 5.681 5.541 5.425 5.330 5.250 5.183 5.122 5.051 4.960 4.851 4.715 4.556 4.381 4.200 4.018 3.833 3.623 3.373 3.084 2.756 2.399
42.411 40.980 39.726 39.012 38.263 37.588 37.256 36.709 36.085 35.782 35.346 34.963 34.872 34.619 34.228 34.048 33.650 33.030 32.482 32.009 31.496 31.041 30.437 29.650 28.842 27.925 26.975 26.024 24.983 23.904 22.800 21.622 20.357 19.034 17.661 16.323 15.044 13.853 12.759 11.763 10.867 10.092 9.413 8.827 8.332 7.921 7.585 7.311 7.078 6.866 6.676 6.504 6.336 6.164 5.992 5.830 5.699 5.592 5.502 5.423 5.355 5.292 5.206 5.094 4.954 4.784 4.591 4.385 4.182 3.999 3.828 3.638 3.430 3.213 2.987 2.754
43.726 42.580 41.543 40.986 40.380 39.829 39.598 39.089 38.489 38.332 37.980 37.647 37.652 37.434 36.978 36.688 36.156 35.348 34.696 34.056 33.375 32.750 31.965 31.031 30.093 28.988 27.883 26.876 25.772 24.617 23.447 22.168 20.807 19.378 17.926 16.541 15.234 14.019 12.896 11.875 10.954 10.150 9.451 8.849 8.341 7.914 7.563 7.275 7.039 6.837 6.660 6.509 6.372 6.234 6.091 5.953 5.837 5.741 5.661 5.587 5.518 5.444 5.342 5.208 5.042 4.847 4.628 4.396 4.182 4.000 3.849 3.697 3.541 3.393 3.252 3.115
45.323 44.490 43.694 43.403 42.974 42.505 42.343 41.880 41.328 41.203 40.839 40.515 40.538 40.302 39.845 39.516 38.911 37.996 37.151 36.182 35.211 34.435 33.453 32.275 31.124 29.881 28.656 27.532 26.328 25.101 23.893 22.544 21.097 19.579 18.103 16.689 15.367 14.125 12.985 11.944 11.003 10.176 9.463 8.853 8.332 7.887 7.515 7.211 6.967 6.770 6.604 6.462 6.342 6.240 6.138 6.045 5.959 5.884 5.816 5.754 5.687 5.597 5.475 5.311 5.117 4.900 4.661 4.415 4.197 4.022 3.896 3.790 3.689 3.598 3.517 3.443
