RESULTS/r.avaflow_results/14b_results/14b_ascii/14b_hflow10068.asc
ncols 506
nrows 317
xllcenter 498237.50
yllcenter 5580050.00
cellsize 12.50
NODATA_value -9999.000
[rows 170 to 203 of 317, columns 304 to 379 of 506]
0.000 0.000 0.000 0.000 0.000 0.000 0.000 0.000 0.000 0.000 0.000 0.000 0.000 0.000 0.000 0.000 0.000 0.000 0.000 0.000 0.000 0.000 0.000 0.000 0.000 0.000 0.000 0.000 0.000 0.000 0.000 0.000 0.000 0.000 0.000 0.000 0.000 0.000 0.000 0.000 0.000 0.000 0.000 0.000 0.000 0.000 0.000 0.000 0.000 0.000 0.000 0.000 0.000 0.000 0.000 0.000 0.000 0.000 0.000 0.000 0.000 0.000 0.000 0.000 0.000 0.000 0.000 0.000 0.000 0.000 0.000 0.000 0.000 0.000 0.000 0.000
0.000 0.000 0.000 0.000 0.000 0.000 0.000 0.000 0.000 0.000 0.000 0.000 0.000 0.000 0.000 0.000 0.000 0.000 0.000 0.000 0.000 0.000 0.000 0.000 0.000 0.000 0.000 0.000 0.000 0.000 0.000 0.000 0.000 0.000 0.000 0.000 0.000 0.000 0.000 0.000 0.000 0.000 0.000 0.000 0.000 0.000 0.000 0.000 0.000 0.000 0.000 0.000 0.000 0.000 0.000 0.000 0.000 0.000 0.000 0.000 0.000 0.000 0.000 0.000 0.000 0.000 0.000 0.000 0.000 0.000 0.000 0.000 0.000 0.000 0.000 0.000
0.000 0.000 0.000 0.000 0.000 0.000 0.000 0.000 0.000 0.000 0.000 0.000 0.000 0.000 0.000 0.000 0.000 0.000 0.000 0.000 0.000 0.000 0.000 0.000 0.000 0.000 0.000 0.000 0.000 0.000 0.000 0.000 0.000 0.000 0.000 0.000 0.000 0.000 0.000 0.000 0.000 0.000 0.000 0.000 0.000 0.000 0.000 0.000 0.000 0.000 0.000 0.000 0.000 0.000 0.000 0.000 0.000 0.000 0.000 0.000 0.000 0.000 0.000 0.000 0.000 0.000 0.000 0.000 0.000 0.000 0.000 0.000 0.000 0.000 0.000 0.000
0.000 0.000 0.000 0.000 0.000 0.000 0.000 0.000 0.000 0.000 0.000 0.000 0.000 0.000 0.000 0.000 0.000 0.000 0.000 0.000 0.000 0.000 0.000 0.000 0.000 0.000 0.000 0.000 0.000 0.000 0.000 0.000 0.000 0.000 0.000 0.000 0.000 0.000 0.000 0.000 0.000 0.000 0.000 0.000 0.000 0.000 0.000 0.000 0.000 0.000 0.000 0.000 0.000 0.000 0.000 0.000 0.000 0.000 0.000 0.000 0.000 0.000 0.000 0.000 0.000 0.000 0.000 0.000 0.000 0.000 0.000 0.000 0.000 0.000 0.000 0.000
0.000 0.000 0.000 0.000 0.001 0.001 0.001 0.001 0.001 0.001 0.001 0.001 0.001 0.001 0.001 0.001 0.001 0.001 0.001 0.001 0.000 0.000 0.000 0.000 0.000 0.000 0.000 0.000 0.000 0.000 0.000 0.000 0.000 0.000 0.000 0.000 0.000 0.000 0.000 0.000 0.000 0.000 0.000 0.000 0.000 0.000 0.000 0.000 0.000 0.000 0.000 0.000 0.000 0.000 0.000 0.000 0.000 0.000 0.000 0.000 0.000 0.000 0.000 0.000 0.000 0.000 0.000 0.000 0.000 0.000 0.000 0.000 0.000 0.000 0.000 0.000
0.000 0.000 0.000 0.001 0.001 0.001 0.002 0.002 0.002 0.002 0.002 0.002 0.002 0.001 0.001 0.001 0.001 0.001 0.001 0.001 0.001 0.001 0.000 0.000 0.000 0.000 0.000 0.000 0.000 0.000 0.000 0.000 0.000 0.000 0.000 0.000 0.000 0.000 0.000 0.000 0.000 0.000 0.000 0.000 0.000 0.000 0.000 0.000 0.000 0.000 0.000 0.000 0.000 0.000 0.000 0.000 0.000 0.000 0.000 0.000 0.000 0.000 0.000 0.000 0.000 0.000 0.000 0.000 0.000 0.000 0.000 0.000 0.000 0.000 0.000 0.000
0.000 0.001 0.001 0.001 0.002 0.002 0.003 0.003 0.003 0.003 0.003 0.003 0.003 0.003 0.002 0.002 0.002 0.002 0.002 0.001 0.001 0.001 0.001 0.001 0.000 0.000 0.000 0.000 0.000 0.000 0.000 0.000 0.000 0.000 0.000 0.000 0.000 0.000 0.000 0.000 0.000 0.000 0.000 0.000 0.000 0.000 0.000 0.000 0.000 0.000 0.000 0.000 0.000 0.000 0.000 0.000 0.000 0.000 0.000 0.000 0.000 0.000 0.000 0.000 0.000 0.000 0.000 0.000 0.000 0.000 0.000 0.000 0.000 0.000 0.000 0.000
0.001 0.001 0.001 0.002 0.003 0.004 0.005 0.006 0.006 0.006 0.006 0.006 0.005 0.005 0.004 0.004 0.004 0.003 0.003 0.002 0.002 0.001 0.001 0.001 0.001 0.001 0.000 0.000 0.000 0.000 0.000 0.000 0.000 0.000 0.000 0.000 0.000 0.000 0.000 0.000 0.000 0.000 0.000 0.000 0.000 0.000 0.000 0.000 0.000 0.000 0.000 0.000 0.000 0.000 0.000 0.000 0.000 0.000 0.000 0.000 0.000 0.000 0.000 0.000 0.000 0.000 0.000 0.000 0.000 0.000 0.000 0.000 0.000 0.000 0.000 0.000
0.001 0.002 0.003 0.003 0.005 0.007 0.010 0.013 0.014 0.014 0.014 0.013 0.012 0.010 0.009 0.008 0.007 0.006 0.005 0.004 0.003 0.002 0.002 0.001 0.001 0.001 0.001 0.001 0.000 0.000 0.000 0.000 0.000 0.000 0.000 0.000 0.000 0.000 0.000 0.000 0.000 0.000 0.000 0.000 0.000 0.000 0.000 0.000 0.000 0.000 0.000 0.000 0.000 0.000 0.000 0.000 0.000 0.000 0.000 0.000 0.000 0.000 0.000 0.000 0.000 0.000 0.000 0.000 0.000 0.000 0.000 0.000 0.000 0.000 0.000 0.000
0.002 0.003 0.005 0.007 0.009 0.013 0.020 0.027 0.031 0.032 0.032 0.030 0.028 0.024 0.020 0.017 0.014 0.011 0.009 0.006 0.005 0.003 0.003 0.002 0.001 0.001 0.001 0.001 0.001 0.001 0.000 0.000 0.000 0.000 0.000 0.000 0.000 0.000 0.000 0.000 0.000 0.000 0.000 0.000 0.000 0.000 0.000 0.000 0.000 0.000 0.000 0.000 0.000 0.000 0.000 0.000 0.000 0.000 0.000 0.000 0.000 0.000 0.000 0.000 0.000 0.000 0.000 0.000 0.000 0.000 0.000 0.000 0.000 0.000 0.000 0.000
0.004 0.006 0.009 0.013 0.019 0.027 0.041 0.056 0.065 0.069 0.070 0.069 0.065 0.057 0.046 0.036 0.029 0.022 0.017 0.013 0.009 0.006 0.004 0.003 0.002 0.002 0.001 0.001 0.001 0.001 0.001 0.001 0.001 0.001 0.000 0.000 0.000 0.000 0.000 0.000 0.000 0.000 0.000 0.000 0.000 0.000 0.000 0.000 0.000 0.000 0.000 0.000 0.000 0.000 0.000 0.000 0.000 0.000 0.000 0.000 0.000 0.000 0.000 0.000 0.000 0.000 0.000 0.000 0.000 0.000 0.000 0.000 0.000 0.000 0.000 0.000
0.009 0.013 0.020 0.028 0.038 0.053 0.075 0.095 0.105 0.109 0.110 0.109 0.105 0.096 0.083 0.067 0.053 0.042 0.033 0.024 0.017 0.012 0.008 0.005 0.003 0.002 0.002 0.001 0.001 0.001 0.001 0.001 0.001 0.001 0.001 0.001 0.001 0.001 0.000 0.000 0.000 0.000 0.000 0.000 0.000 0.000 0.000 0.000 0.000 0.000 0.000 0.000 0.000 0.000 0.000 0.000 0.000 0.000 0.000 0.000 0.000 0.000 0.000 0.000 0.000 0.000 0.000 0.000 0.000 0.000 0.000 0.000 0.000 0.000 0.000 0.000
0.018 0.030 0.045 0.059 0.074 0.093 0.113 0.125 0.130 0.130 0.129 0.127 0.123 0.115 0.103 0.087 0.071 0.058 0.047 0.038 0.029 0.020 0.014 0.009 0.006 0.004 0.003 0.002 0.002 0.002 0.002 0.001 0.001 0.001 0.001 0.001 0.001 0.001 0.001 0.001 0.001 0.001 0.001 0.001 0.001 0.001 0.001 0.001 0.000 0.000 0.000 0.000 0.000 0.000 0.000 0.000 0.000 0.000 0.000 0.000 0.000 0.000 0.000 0.000 0.000 0.000 0.000 0.000 0.000 0.000 0.000 0.000 0.000 0.000 0.000 0.000
0.041 0.066 0.090 0.108 0.122 0.133 0.141 0.144 0.141 0.137 0.133 0.130 0.125 0.119 0.108 0.094 0.078 0.065 0.054 0.045 0.037 0.029 0.021 0.014 0.010 0.006 0.005 0.004 0.003 0.003 0.003 0.002 0.002 0.002 0.001 0.001 0.001 0.001 0.001 0.001 0.001 0.001 0.001 0.001 0.001 0.001 0.001 0.001 0.001 0.001 0.001 0.000 0.000 0.000 0.000 0.000 0.000 0.000 0.000 0.000 0.000 0.000 0.000 0.000 0.000 0.000 0.000 0.000 0.000 0.000 0.000 0.000 0.000 0.000 0.000 0.000
0.076 0.108 0.131 0.146 0.154 0.157 0.157 0.152 0.145 0.138 0.133 0.128 0.123 0.117 0.108 0.095 0.079 0.067 0.057 0.049 0.042 0.035 0.029 0.022 0.016 0.011 0.008 0.007 0.006 0.005 0.005 0.004 0.004 0.003 0.002 0.002 0.002 0.002 0.001 0.001 0.001 0.001 0.001 0.001 0.001 0.001 0.001 0.001 0.001 0.001 0.001 0.001 0.001 0.001 0.000 0.000 0.000 0.000 0.000 0.000 0.000 0.000 0.000 0.000 0.000 0.000 0.000 0.000 0.000 0.000 0.000 0.000 0.000 0.000 0.000 0.000
0.104 0.130 0.151 0.163 0.167 0.167 0.163 0.156 0.145 0.137 0.130 0.125 0.119 0.112 0.104 0.093 0.079 0.068 0.058 0.051 0.044 0.039 0.034 0.030 0.024 0.019 0.015 0.013 0.012 0.011 0.011 0.009 0.008 0.005 0.004 0.003 0.003 0.003 0.002 0.002 0.002 0.002 0.002 0.002 0.002 0.002 0.002 0.002 0.002 0.001 0.001 0.001 0.001 0.001 0.001 0.001 0.001 0.000 0.000 0.000 0.000 0.000 0.000 0.000 0.000 0.000 0.000 0.000 0.000 0.000 0.000 0.000 0.000 0.000 0.000 0.000
0.116 0.136 0.155 0.166 0.169 0.169 0.164 0.156 0.144 0.133 0.124 0.117 0.110 0.104 0.097 0.088 0.078 0.068 0.059 0.052 0.046 0.041 0.038 0.035 0.032 0.029 0.027 0.026 0.025 0.025 0.024 0.022 0.017 0.012 0.008 0.006 0.005 0.005 0.004 0.004 0.004 0.004 0.004 0.004 0.004 0.004 0.004 0.003 0.002 0.002 0.002 0.002 0.001 0.001 0.001 0.001 0.001 0.001 0.001 0.001 0.000 0.000 0.000 0.000 0.000 0.000 0.000 0.000 0.000 0.000 0.000 0.000 0.000 0.000 0.000 0.000
0.118 0.135 0.152 0.163 0.167 0.166 0.162 0.153 0.139 0.124 0.111 0.101 0.095 0.090 0.086 0.081 0.075 0.067 0.059 0.052 0.046 0.042 0.040 0.038 0.037 0.037 0.037 0.038 0.039 0.039 0.038 0.036 0.031 0.024 0.018 0.014 0.011 0.010 0.009 0.008 0.008 0.008 0.008 0.008 0.008 0.007 0.006 0.005 0.004 0.003 0.003 0.002 0.002 0.002 0.001 0.001 0.001 0.001 0.001 0.001 0.001 0.001 0.001 0.000 0.000 0.000 0.000 0.000 0.000 0.000 0.000 0.000 0.000 0.000 0.000 0.000
0.116 0.128 0.141 0.148 0.151 0.150 0.146 0.138 0.124 0.105 0.089 0.079 0.073 0.072 0.071 0.071 0.069 0.065 0.059 0.052 0.047 0.043 0.041 0.040 0.040 0.041 0.042 0.043 0.044 0.044 0.044 0.042 0.039 0.034 0.028 0.024 0.021 0.019 0.017 0.016 0.015 0.015 0.015 0.015 0.015 0.014 0.011 0.008 0.006 0.005 0.004 0.004 0.003 0.002 0.002 0.002 0.002 0.001 0.001 0.001 0.001 0.001 0.001 0.001 0.001 0.000 0.000 0.000 0.000 0.000 0.000 0.000 0.000 0.000 0.000 0.000
0.110 0.114 0.117 0.117 0.114 0.112 0.109 0.104 0.094 0.079 0.067 0.061 0.059 0.059 0.060 0.061 0.062 0.061 0.058 0.052 0.047 0.043 0.041 0.040 0.041 0.042 0.044 0.045 0.045 0.045 0.044 0.043 0.041 0.037 0.033 0.029 0.027 0.026 0.025 0.024 0.024 0.023 0.023 0.023 0.023 0.021 0.018 0.014 0.010 0.008 0.007 0.006 0.005 0.004 0.003 0.003 0.002 0.002 0.002 0.002 0.001 0.001 0.001 0.001 0.001 0.001 0.001 0.001 0.000 0.000 0.000 0.000 0.000 0.000 0.000 0.000
0.098 0.093 0.087 0.080 0.073 0.070 0.068 0.067 0.064 0.059 0.055 0.053 0.052 0.052 0.053 0.055 0.056 0.056 0.055 0.051 0.047 0.043 0.041 0.040 0.040 0.042 0.043 0.044 0.044 0.044 0.043 0.042 0.040 0.037 0.033 0.031 0.029 0.029 0.028 0.028 0.028 0.028 0.027 0.027 0.026 0.024 0.022 0.018 0.016 0.013 0.011 0.009 0.008 0.006 0.005 0.004 0.004 0.003 0.003 0.002 0.002 0.002 0.002 0.001 0.001 0.001 0.001 0.001 0.001 0.001 0.001 0.001 0.000 0.000 0.000 0.000
0.085 0.075 0.066 0.058 0.052 0.049 0.048 0.048 0.048 0.048 0.048 0.048 0.049 0.049 0.049 0.051 0.053 0.053 0.052 0.050 0.046 0.043 0.040 0.039 0.039 0.040 0.042 0.043 0.042 0.042 0.041 0.041 0.039 0.037 0.033 0.031 0.029 0.029 0.029 0.029 0.029 0.029 0.028 0.028 0.027 0.025 0.023 0.021 0.019 0.017 0.015 0.013 0.011 0.010 0.008 0.007 0.005 0.005 0.004 0.004 0.003 0.003 0.002 0.002 0.001 0.001 0.001 0.001 0.001 0.001 0.001 0.001 0.001 0.001 0.001 0.001
0.074 0.064 0.056 0.049 0.045 0.043 0.043 0.043 0.043 0.044 0.045 0.046 0.046 0.047 0.048 0.049 0.050 0.050 0.050 0.048 0.045 0.042 0.039 0.038 0.037 0.038 0.039 0.039 0.039 0.039 0.038 0.037 0.036 0.035 0.032 0.030 0.029 0.029 0.029 0.029 0.029 0.029 0.028 0.028 0.027 0.025 0.023 0.021 0.020 0.018 0.017 0.015 0.013 0.012 0.010 0.009 0.008 0.007 0.006 0.005 0.005 0.004 0.003 0.003 0.002 0.002 0.001 0.001 0.001 0.001 0.001 0.001 0.001 0.001 0.001 0.001
0.067 0.058 0.051 0.046 0.043 0.042 0.041 0.041 0.041 0.042 0.043 0.044 0.045 0.046 0.047 0.048 0.049 0.048 0.048 0.046 0.044 0.041 0.038 0.036 0.035 0.035 0.035 0.035 0.035 0.034 0.033 0.033 0.032 0.031 0.030 0.028 0.028 0.028 0.028 0.028 0.029 0.028 0.028 0.027 0.026 0.025 0.023 0.021 0.020 0.019 0.018 0.016 0.014 0.013 0.011 0.010 0.009 0.009 0.008 0.008 0.007 0.006 0.005 0.004 0.003 0.002 0.002 0.002 0.001 0.001 0.001 0.001 0.001 0.001 0.001 0.001
0.062 0.054 0.048 0.044 0.042 0.041 0.040 0.040 0.040 0.041 0.041 0.043 0.044 0.046 0.047 0.047 0.047 0.047 0.046 0.044 0.042 0.039 0.037 0.035 0.034 0.033 0.032 0.032 0.032 0.031 0.030 0.029 0.028 0.027 0.026 0.025 0.025 0.025 0.025 0.026 0.027 0.027 0.027 0.026 0.025 0.024 0.022 0.021 0.020 0.019 0.018 0.017 0.015 0.013 0.012 0.011 0.010 0.010 0.010 0.009 0.009 0.009 0.008 0.006 0.005 0.004 0.003 0.002 0.002 0.002 0.002 0.002 0.002 0.002 0.002 0.002
0.057 0.051 0.046 0.043 0.041 0.040 0.040 0.039 0.040 0.040 0.041 0.042 0.044 0.046 0.047 0.047 0.047 0.046 0.044 0.042 0.040 0.038 0.036 0.034 0.033 0.032 0.031 0.031 0.030 0.030 0.029 0.027 0.026 0.024 0.023 0.022 0.021 0.021 0.021 0.022 0.024 0.024 0.024 0.024 0.023 0.022 0.021 0.021 0.020 0.019 0.019 0.017 0.016 0.014 0.012 0.011 0.011 0.010 0.010 0.010 0.011 0.011 0.011 0.010 0.008 0.006 0.004 0.003 0.003 0.003 0.003 0.002 0.002 0.002 0.002 0.002
0.054 0.048 0.044 0.042 0.040 0.039 0.039 0.039 0.040 0.040 0.041 0.042 0.045 0.046 0.047 0.047 0.047 0.045 0.043 0.041 0.039 0.037 0.035 0.034 0.032 0.032 0.031 0.030 0.030 0.029 0.028 0.026 0.025 0.023 0.022 0.020 0.019 0.019 0.019 0.019 0.020 0.021 0.021 0.021 0.021 0.020 0.020 0.020 0.020 0.020 0.019 0.018 0.016 0.014 0.013 0.012 0.011 0.011 0.010 0.011 0.011 0.013 0.015 0.015 0.014 0.011 0.008 0.006 0.005 0.004 0.004 0.004 0.003 0.003 0.003 0.003
0.051 0.046 0.043 0.041 0.039 0.039 0.039 0.040 0.041 0.041 0.042 0.044 0.046 0.048 0.048 0.048 0.047 0.045 0.042 0.040 0.038 0.036 0.034 0.033 0.032 0.031 0.031 0.030 0.029 0.028 0.027 0.026 0.024 0.023 0.021 0.020 0.019 0.018 0.018 0.017 0.018 0.018 0.018 0.018 0.019 0.019 0.020 0.020 0.020 0.020 0.019 0.018 0.016 0.014 0.013 0.012 0.011 0.011 0.011 0.011 0.011 0.014 0.017 0.020 0.020 0.019 0.015 0.011 0.009 0.008 0.008 0.007 0.006 0.005 0.005 0.005
0.049 0.045 0.042 0.040 0.039 0.039 0.040 0.042 0.044 0.046 0.047 0.049 0.051 0.051 0.050 0.049 0.047 0.044 0.042 0.039 0.037 0.035 0.034 0.033 0.032 0.031 0.030 0.030 0.029 0.028 0.027 0.026 0.024 0.022 0.021 0.020 0.019 0.018 0.017 0.016 0.016 0.016 0.016 0.017 0.017 0.018 0.020 0.020 0.021 0.020 0.019 0.018 0.016 0.014 0.013 0.012 0.011 0.011 0.011 0.011 0.011 0.014 0.018 0.023 0.025 0.025 0.023 0.020 0.018 0.016 0.015 0.013 0.011 0.009 0.008 0.007
0.048 0.044 0.042 0.040 0.039 0.039 0.041 0.046 0.050 0.053 0.054 0.055 0.056 0.055 0.052 0.049 0.047 0.044 0.041 0.039 0.037 0.035 0.034 0.033 0.032 0.031 0.031 0.030 0.029 0.029 0.027 0.026 0.024 0.023 0.021 0.020 0.019 0.018 0.017 0.016 0.015 0.015 0.015 0.015 0.016 0.018 0.020 0.021 0.021 0.020 0.019 0.018 0.016 0.014 0.013 0.012 0.011 0.011 0.011 0.011 0.011 0.014 0.018 0.023 0.027 0.028 0.028 0.027 0.026 0.024 0.023 0.021 0.019 0.016 0.013 0.011
0.047 0.044 0.042 0.040 0.040 0.040 0.043 0.048 0.054 0.057 0.058 0.059 0.058 0.056 0.053 0.050 0.047 0.044 0.041 0.039 0.037 0.035 0.034 0.033 0.033 0.033 0.033 0.032 0.031 0.030 0.028 0.026 0.025 0.023 0.022 0.020 0.019 0.017 0.016 0.016 0.015 0.015 0.015 0.015 0.016 0.018 0.020 0.021 0.021 0.020 0.019 0.018 0.016 0.014 0.013 0.012 0.011 0.011 0.010 0.010 0.011 0.013 0.017 0.023 0.027 0.029 0.029 0.029 0.029 0.028 0.027 0.026 0.024 0.021 0.018 0.015
0.046 0.044 0.042 0.041 0.041 0.042 0.044 0.050 0.055 0.058 0.060 0.059 0.058 0.056 0.053 0.050 0.047 0.044 0.041 0.039 0.037 0.035 0.035 0.035 0.036 0.037 0.037 0.036 0.035 0.033 0.030 0.028 0.026 0.025 0.022 0.020 0.019 0.017 0.016 0.016 0.015 0.014 0.014 0.015 0.016 0.018 0.020 0.020 0.020 0.020 0.019 0.017 0.015 0.014 0.012 0.011 0.011 0.010 0.010 0.010 0.011 0.012 0.015 0.020 0.025 0.028 0.029 0.030 0.030 0.029 0.028 0.027 0.026 0.023 0.021 0.018
0.046 0.044 0.043 0.042 0.043 0.043 0.045 0.050 0.055 0.058 0.059 0.059 0.058 0.056 0.053 0.050 0.046 0.044 0.041 0.039 0.038 0.037 0.038 0.039 0.040 0.041 0.040 0.039 0.036 0.034 0.031 0.029 0.027 0.025 0.023 0.021 0.019 0.017 0.016 0.015 0.015 0.014 0.014 0.015 0.016 0.018 0.020 0.020 0.020 0.019 0.018 0.017 0.015 0.013 0.012 0.011 0.010 0.010 0.010 0.010 0.010 0.011 0.013 0.017 0.022 0.027 0.029 0.029 0.029 0.029 0.028 0.027 0.026 0.024 0.021 0.019
0.047 0.045 0.044 0.044 0.044 0.045 0.046 0.049 0.054 0.057 0.058 0.058 0.057 0.056 0.053 0.050 0.046 0.044 0.042 0.041 0.040 0.040 0.042 0.043 0.043 0.043 0.041 0.039 0.037 0.034 0.032 0.029 0.027 0.025 0.023 0.021 0.019 0.017 0.016 0.015 0.015 0.015 0.015 0.015 0.016 0.018 0.019 0.019 0.018 0.018 0.017 0.015 0.014 0.012 0.011 0.010 0.010 0.009 0.009 0.009 0.009 0.010 0.011 0.014 0.018 0.023 0.026 0.027 0.028 0.028 0.027 0.027 0.025 0.023 0.021 0.019
