RESULTS/r.avaflow_results/14b_results/14b_ascii/14b_hflow10015.asc
ncols 506
nrows 317
xllcenter 498237.50
yllcenter 5580050.00
cellsize 12.50
NODATA_value -9999.000
[rows 170 to 203 of 317, columns 76 to 151 of 506]
0.209 0.278 0.401 0.619 0.973 1.466 2.040 2.613 3.138 3.654 4.193 4.778 5.414 6.098 6.864 7.677 8.450 9.155 9.848 10.499 11.139 11.819 12.546 13.269 14.039 14.883 15.595 16.169 16.661 17.163 17.696 18.295 18.945 19.687 20.521 21.411 22.376 23.367 24.428 25.339 26.204 27.021 27.814 28.894 29.943 31.560 32.880 33.939 35.243 36.352 37.569 39.248 40.823 42.725 45.742 47.702 48.920 49.796 50.475 52.020 53.538 54.664 56.262 56.887 57.195 57.531 56.855 56.317 56.322 55.884 55.352 54.562 53.007 51.427 50.488 49.503
0.512 0.670 0.909 1.252 1.689 2.185 2.708 3.237 3.773 4.331 4.933 5.591 6.303 7.086 7.960 8.866 9.776 10.636 11.441 12.200 12.930 13.649 14.393 15.112 15.833 16.512 17.118 17.597 18.046 18.483 18.965 19.529 20.147 20.864 21.651 22.513 23.472 24.542 25.656 26.685 27.661 28.578 29.432 30.547 31.690 33.372 34.782 35.778 37.170 38.500 39.751 41.308 42.621 44.043 46.323 48.180 49.680 51.302 52.346 53.929 55.823 56.746 57.988 58.326 58.349 58.521 57.588 57.005 56.812 56.274 55.301 54.462 53.392 52.488 52.174 51.625
0.924 1.150 1.442 1.798 2.212 2.675 3.182 3.732 4.312 4.921 5.576 6.278 7.035 7.881 8.829 9.836 10.866 11.887 12.834 13.715 14.529 15.290 16.073 16.807 17.449 17.998 18.513 18.920 19.311 19.700 20.162 20.674 21.219 21.846 22.593 23.457 24.464 25.582 26.801 27.950 29.050 30.006 30.929 32.033 33.310 34.962 36.389 37.283 38.735 40.179 41.359 42.789 43.991 44.870 46.220 47.271 48.472 51.057 52.958 54.583 56.592 57.559 58.145 58.554 58.158 58.134 57.491 56.786 56.639 56.135 55.394 55.258 54.751 54.087 54.064 53.697
1.214 1.475 1.786 2.151 2.571 3.044 3.572 4.154 4.773 5.423 6.113 6.844 7.632 8.515 9.509 10.589 11.711 12.877 14.015 15.031 15.950 16.827 17.609 18.309 18.908 19.363 19.780 20.162 20.523 20.845 21.250 21.643 22.145 22.661 23.373 24.189 25.201 26.307 27.537 28.822 30.025 31.280 32.611 33.844 35.199 36.712 37.955 38.986 40.436 41.673 43.012 44.802 46.023 46.504 47.287 47.656 48.500 50.765 52.751 54.512 56.677 57.617 58.022 58.544 58.067 57.749 57.534 56.795 56.881 56.644 56.358 56.476 56.294 55.720 55.766 55.470
1.401 1.692 2.029 2.417 2.861 3.360 3.912 4.512 5.144 5.813 6.516 7.254 8.058 8.978 10.023 11.154 12.358 13.625 14.905 16.053 17.122 18.097 18.935 19.627 20.162 20.591 20.959 21.266 21.612 21.886 22.288 22.583 22.978 23.433 24.037 24.784 25.870 26.955 28.177 29.644 31.045 32.404 33.801 35.139 36.490 38.006 39.248 40.225 41.625 42.942 44.183 45.767 46.799 47.102 47.730 47.843 48.186 49.810 51.569 53.254 56.163 57.338 57.781 58.239 57.829 57.693 57.873 57.379 57.500 57.473 57.118 56.954 56.982 56.297 56.501 56.436
1.536 1.855 2.222 2.639 3.108 3.629 4.194 4.793 5.426 6.097 6.810 7.568 8.401 9.333 10.395 11.579 12.844 14.164 15.536 16.873 18.088 19.182 20.099 20.778 21.327 21.711 21.993 22.277 22.607 22.854 23.087 23.309 23.654 24.065 24.541 25.140 26.103 27.178 28.376 29.914 31.496 32.928 34.622 36.196 37.396 38.824 40.093 41.025 42.419 43.708 44.947 46.445 47.356 47.331 47.558 47.538 47.467 48.657 50.072 50.999 52.933 54.305 55.709 56.904 56.870 57.032 57.462 57.313 57.226 57.324 57.106 56.885 57.219 56.525 56.778 56.787
1.632 1.979 2.374 2.819 3.313 3.855 4.424 5.007 5.621 6.283 6.991 7.756 8.603 9.561 10.658 11.884 13.183 14.531 15.937 17.394 18.745 19.976 20.974 21.704 22.285 22.643 22.914 23.209 23.427 23.673 23.854 24.045 24.305 24.578 24.960 25.560 26.388 27.399 28.586 30.090 31.726 33.375 35.272 36.961 38.292 39.835 41.014 41.888 43.249 44.445 45.578 46.808 47.399 47.437 47.970 47.833 47.502 48.293 49.402 50.882 52.556 53.270 53.847 55.029 55.607 56.495 57.159 57.047 56.897 57.055 56.847 56.687 57.128 56.381 56.669 56.773
1.691 2.062 2.483 2.958 3.482 4.042 4.605 5.165 5.752 6.391 7.082 7.850 8.720 9.705 10.825 12.060 13.370 14.731 16.142 17.630 19.089 20.455 21.615 22.485 23.128 23.488 23.677 23.945 24.151 24.348 24.488 24.670 24.894 25.024 25.328 25.894 26.607 27.586 28.785 30.318 31.937 33.775 35.887 37.666 39.036 40.588 41.877 42.802 44.122 45.175 46.168 47.428 47.963 47.689 48.042 47.867 47.457 48.048 49.017 50.571 52.198 52.941 52.893 53.647 54.268 55.446 56.393 56.140 55.969 56.256 55.831 55.359 55.439 54.867 54.911 55.150
1.708 2.104 2.553 3.061 3.618 4.181 4.723 5.260 5.820 6.436 7.126 7.897 8.775 9.782 10.924 12.160 13.460 14.824 16.239 17.724 19.224 20.657 21.882 22.970 23.734 24.187 24.506 24.682 24.741 24.870 24.953 25.010 25.224 25.316 25.489 25.918 26.610 27.464 28.564 30.121 31.782 33.698 35.965 37.913 39.413 40.994 42.176 42.969 44.232 45.161 45.936 47.014 47.369 47.108 47.596 47.609 47.117 47.636 48.516 49.817 51.332 52.107 51.897 52.431 52.518 52.376 53.109 53.390 53.758 54.501 53.976 53.606 53.496 53.189 52.912 53.423
1.665 2.110 2.598 3.147 3.726 4.265 4.793 5.318 5.856 6.445 7.123 7.894 8.785 9.812 10.963 12.189 13.482 14.840 16.268 17.750 19.269 20.734 22.038 23.232 24.099 24.667 25.053 25.246 25.269 25.437 25.464 25.512 25.596 25.634 25.791 26.054 26.700 27.476 28.544 30.097 31.769 33.719 36.047 38.108 39.756 41.342 42.332 43.189 44.431 45.286 46.024 47.024 47.456 47.526 48.031 47.876 47.500 48.038 48.677 49.930 51.154 51.476 51.340 51.865 51.771 51.493 51.753 51.242 51.064 52.136 52.016 51.775 51.649 51.544 51.515 52.197
1.500 2.063 2.631 3.222 3.798 4.322 4.827 5.335 5.864 6.452 7.123 7.887 8.787 9.794 10.932 12.168 13.468 14.822 16.209 17.679 19.203 20.711 22.034 23.228 24.164 24.849 25.307 25.687 25.695 25.793 25.817 25.854 25.836 25.882 25.946 26.178 26.746 27.405 28.468 29.968 31.706 33.766 36.220 38.341 40.245 41.818 42.602 43.498 44.691 45.377 46.363 47.247 47.404 47.430 47.952 47.927 47.536 48.033 48.612 49.595 50.505 50.576 50.270 50.650 50.575 50.223 50.418 49.869 49.049 49.587 49.812 49.878 49.819 49.785 49.937 50.574
1.177 1.911 2.635 3.276 3.838 4.341 4.829 5.332 5.859 6.434 7.092 7.842 8.726 9.726 10.859 12.071 13.349 14.698 16.078 17.505 18.989 20.529 21.969 23.224 24.234 25.018 25.529 25.988 26.094 26.094 26.117 26.033 25.893 25.936 26.053 26.253 26.653 27.276 28.269 29.569 31.284 33.377 35.862 37.996 39.863 41.582 42.468 43.074 44.041 44.762 45.719 46.657 46.937 47.123 47.618 47.605 47.221 47.595 48.088 48.728 49.487 49.525 49.019 49.186 49.084 48.576 48.745 48.330 47.460 47.318 47.212 47.638 48.541 48.616 48.725 49.271
0.730 1.544 2.513 3.286 3.857 4.342 4.819 5.305 5.822 6.391 7.033 7.763 8.611 9.567 10.650 11.842 13.114 14.412 15.724 17.073 18.553 20.120 21.672 23.060 24.236 25.127 25.754 26.238 26.374 26.363 26.440 26.320 26.154 26.101 26.042 26.167 26.603 27.084 27.944 29.439 31.101 33.149 35.688 37.865 39.584 41.477 42.527 42.886 43.716 44.474 45.078 46.123 46.677 47.012 47.701 47.710 47.627 47.860 47.885 48.375 49.184 49.076 48.626 48.620 48.126 47.608 47.752 47.325 46.759 46.571 46.127 46.159 47.503 47.585 47.692 47.845
0.329 0.973 2.074 3.146 3.842 4.330 4.787 5.255 5.759 6.326 6.948 7.638 8.415 9.295 10.293 11.407 12.624 13.868 15.151 16.444 17.865 19.449 21.207 22.752 24.023 25.010 25.706 26.258 26.560 26.652 26.706 26.555 26.419 26.323 26.178 26.231 26.632 27.102 27.842 29.222 30.790 32.836 35.411 37.534 39.261 41.043 42.066 42.846 43.744 44.065 44.733 45.701 46.030 46.525 47.317 47.390 47.436 47.612 47.577 47.609 48.245 48.229 47.796 47.803 47.344 46.742 46.825 46.475 45.901 45.744 45.319 45.203 46.437 46.296 46.059 46.022
0.117 0.463 1.364 2.682 3.685 4.268 4.721 5.194 5.693 6.243 6.845 7.493 8.192 8.968 9.856 10.855 11.959 13.127 14.375 15.634 16.992 18.568 20.523 22.364 23.897 24.981 25.711 26.313 26.647 26.818 26.984 26.875 26.680 26.553 26.424 26.397 26.688 27.168 27.878 29.044 30.604 32.564 35.098 37.226 38.788 40.117 41.035 42.060 43.032 43.246 43.721 44.432 44.559 45.077 46.036 46.404 46.605 46.960 46.941 46.687 47.051 47.090 46.725 46.886 46.567 45.933 45.991 45.630 44.906 44.742 44.295 43.651 44.289 44.674 44.567 44.618
0.045 0.181 0.702 1.893 3.281 4.095 4.611 5.111 5.623 6.160 6.743 7.368 8.021 8.722 9.516 10.438 11.480 12.594 13.755 14.971 16.271 17.829 19.793 21.862 23.589 24.801 25.649 26.311 26.749 27.018 27.220 27.198 27.041 26.968 26.866 26.772 26.909 27.285 27.917 28.971 30.401 32.113 34.386 36.407 37.990 39.471 40.420 41.223 42.300 42.759 42.808 43.274 43.390 43.684 44.583 45.338 46.030 46.794 46.823 46.733 46.889 46.642 46.454 46.786 46.429 45.969 46.057 45.401 44.625 44.435 43.803 43.019 43.000 43.275 43.352 43.497
0.028 0.069 0.301 1.091 2.537 3.736 4.434 4.986 5.530 6.078 6.649 7.251 7.889 8.587 9.353 10.226 11.195 12.255 13.397 14.605 15.853 17.299 18.971 20.988 22.879 24.320 25.362 26.164 26.759 27.208 27.558 27.640 27.585 27.625 27.532 27.525 27.743 28.028 28.601 29.592 30.766 32.182 34.128 35.809 37.264 38.740 39.673 40.478 41.332 41.584 41.842 42.236 41.992 42.099 42.803 43.610 44.671 45.830 46.204 46.351 46.707 46.389 46.173 46.320 46.010 45.663 45.756 45.185 44.252 43.878 43.017 42.112 41.632 41.669 41.785 41.944
0.025 0.035 0.112 0.505 1.580 3.013 4.057 4.776 5.384 5.956 6.534 7.142 7.792 8.505 9.283 10.162 11.125 12.155 13.252 14.422 15.621 16.933 18.376 20.099 22.042 23.735 24.950 25.922 26.699 27.268 27.793 28.065 28.169 28.328 28.382 28.498 28.780 29.069 29.575 30.373 31.248 32.353 33.910 35.340 36.765 38.001 38.687 39.281 39.956 40.136 40.386 40.735 40.459 40.459 41.030 41.721 42.924 44.336 44.989 45.274 45.838 45.640 45.447 45.644 45.358 45.075 45.036 44.541 43.631 43.190 42.168 41.176 40.446 40.238 40.249 40.646
0.025 0.025 0.044 0.184 0.728 1.875 3.184 4.227 5.032 5.717 6.365 7.018 7.715 8.479 9.302 10.186 11.124 12.131 13.238 14.384 15.529 16.684 17.909 19.305 21.069 22.862 24.336 25.505 26.394 27.069 27.749 28.192 28.430 28.710 28.908 29.087 29.499 29.810 30.216 30.939 31.710 32.552 33.689 34.744 36.005 37.239 37.867 38.211 38.905 39.259 39.306 39.623 39.464 39.401 39.919 40.472 41.617 43.034 43.808 44.304 44.960 44.919 44.978 45.441 45.182 44.868 44.631 44.016 43.428 43.015 41.865 40.760 39.866 38.928 38.395 38.856
0.023 0.022 0.025 0.061 0.261 0.842 1.881 3.113 4.287 5.255 6.078 6.869 7.680 8.536 9.413 10.319 11.252 12.244 13.305 14.426 15.551 16.637 17.652 18.744 20.116 21.721 23.442 24.888 25.988 26.874 27.755 28.319 28.678 29.138 29.399 29.603 30.056 30.311 30.732 31.464 32.133 32.753 33.711 34.470 35.462 36.665 37.257 37.577 38.162 38.467 38.764 39.083 38.799 38.793 39.205 39.447 40.247 41.410 42.149 42.692 43.430 43.473 43.589 44.109 43.922 43.579 43.318 42.756 42.371 42.051 40.988 39.760 38.618 37.164 36.271 36.190
0.021 0.020 0.020 0.030 0.087 0.314 0.879 1.850 3.166 4.552 5.713 6.739 7.715 8.676 9.653 10.610 11.561 12.542 13.555 14.614 15.648 16.648 17.556 18.438 19.539 20.870 22.443 23.996 25.347 26.496 27.583 28.365 28.934 29.471 29.768 29.963 30.333 30.592 31.046 31.731 32.383 32.997 33.780 34.358 35.203 36.216 36.700 36.896 37.367 37.673 38.000 38.376 38.207 38.185 38.481 38.498 38.903 39.724 40.237 40.634 41.302 41.393 41.454 41.769 41.564 41.440 41.333 40.796 40.442 40.168 39.263 38.094 36.658 35.006 33.679 32.855
0.021 0.019 0.019 0.022 0.042 0.126 0.404 1.068 2.233 3.829 5.402 6.695 7.862 8.995 10.095 11.098 12.066 13.035 13.967 14.932 15.843 16.670 17.490 18.248 19.108 20.248 21.625 23.009 24.370 25.727 27.032 28.041 28.787 29.451 29.822 30.006 30.279 30.480 30.941 31.605 32.197 32.750 33.391 33.853 34.582 35.477 36.087 36.408 36.995 37.343 37.511 38.002 38.047 37.900 38.135 38.108 38.189 38.621 38.788 38.961 39.369 39.364 39.448 39.640 39.408 39.328 39.326 38.817 38.385 38.025 37.097 35.955 34.485 32.585 30.675 29.037
0.021 0.019 0.019 0.021 0.031 0.073 0.224 0.677 1.668 3.267 5.175 6.779 8.148 9.444 10.671 11.788 12.783 13.707 14.565 15.411 16.200 16.918 17.602 18.251 18.995 19.928 21.013 22.290 23.636 24.973 26.486 27.744 28.651 29.508 29.850 29.956 30.285 30.481 30.877 31.604 32.150 32.549 33.119 33.439 34.057 35.048 35.725 36.074 36.718 37.073 37.370 37.735 37.631 37.615 37.743 37.512 37.449 37.715 37.644 37.624 37.804 37.591 37.494 37.595 37.287 37.049 36.973 36.403 35.786 35.202 34.220 32.890 31.401 29.439 27.281 25.175
0.024 0.021 0.021 0.022 0.028 0.054 0.152 0.479 1.327 2.875 4.978 6.893 8.422 9.796 11.109 12.362 13.460 14.423 15.269 16.016 16.690 17.332 17.884 18.404 19.024 19.877 20.809 21.891 23.111 24.388 25.849 27.232 28.277 29.264 29.659 29.816 30.164 30.380 30.805 31.457 31.862 32.129 32.606 32.860 33.544 34.573 35.284 35.683 36.175 36.461 36.726 36.974 36.822 36.815 36.829 36.599 36.517 36.689 36.443 36.256 36.242 35.838 35.470 35.423 35.029 34.689 34.460 33.795 32.923 32.013 30.835 29.349 27.728 25.761 23.559 21.240
0.031 0.026 0.024 0.024 0.028 0.046 0.117 0.368 1.110 2.596 4.761 6.877 8.530 9.980 11.384 12.722 13.941 15.035 15.955 16.700 17.299 17.826 18.320 18.743 19.244 19.918 20.666 21.625 22.687 23.887 25.151 26.475 27.558 28.563 29.040 29.281 29.660 29.927 30.423 30.963 31.234 31.400 31.720 31.922 32.647 33.648 34.442 35.066 35.759 36.016 36.088 36.361 36.254 36.111 36.076 35.793 35.510 35.593 35.216 34.831 34.700 34.172 33.641 33.485 32.997 32.471 31.924 31.011 29.802 28.542 26.951 25.218 23.435 21.507 19.502 17.368
0.043 0.033 0.029 0.028 0.030 0.042 0.093 0.292 0.942 2.350 4.489 6.720 8.499 10.029 11.499 12.897 14.230 15.444 16.529 17.405 18.036 18.561 18.981 19.354 19.750 20.257 20.857 21.695 22.629 23.707 24.737 25.915 26.933 27.950 28.414 28.767 29.180 29.550 29.987 30.535 30.684 30.700 31.002 31.212 31.731 32.715 33.640 34.280 34.980 35.199 35.249 35.518 35.367 35.183 35.072 34.649 34.192 34.138 33.704 33.175 32.888 32.255 31.618 31.277 30.667 29.998 29.133 27.859 26.288 24.624 22.759 20.910 19.165 17.423 15.680 13.869
0.061 0.044 0.037 0.034 0.035 0.042 0.075 0.223 0.776 2.073 4.128 6.428 8.336 9.980 11.543 13.000 14.393 15.727 16.976 18.032 18.837 19.432 19.822 20.188 20.479 20.822 21.293 21.915 22.673 23.580 24.474 25.498 26.397 27.328 27.770 28.230 28.595 29.027 29.432 29.918 30.086 30.091 30.342 30.513 30.919 31.712 32.516 33.157 33.735 33.873 33.930 34.145 33.969 33.840 33.594 32.952 32.398 32.224 31.717 31.155 30.824 30.176 29.520 28.969 28.147 27.271 26.125 24.499 22.535 20.559 18.704 17.006 15.432 13.923 12.419 10.892
0.086 0.060 0.047 0.042 0.041 0.044 0.064 0.162 0.588 1.727 3.650 5.973 8.015 9.824 11.506 13.053 14.522 15.951 17.307 18.499 19.498 20.204 20.666 21.044 21.287 21.502 21.813 22.160 22.696 23.433 24.156 24.991 25.866 26.611 27.139 27.664 27.930 28.270 28.729 29.024 29.241 29.362 29.507 29.575 29.972 30.493 31.038 31.680 32.161 32.360 32.360 32.573 32.448 32.267 31.935 31.304 30.673 30.342 29.675 29.024 28.511 27.756 27.041 26.362 25.383 24.195 22.705 20.770 18.673 16.808 15.187 13.685 12.296 10.987 9.737 8.523
0.117 0.080 0.060 0.050 0.048 0.049 0.059 0.120 0.421 1.375 3.169 5.541 7.739 9.668 11.449 13.093 14.648 16.148 17.528 18.826 19.960 20.828 21.363 21.766 22.004 22.171 22.420 22.566 22.867 23.457 24.033 24.661 25.504 26.146 26.647 27.219 27.482 27.698 28.099 28.331 28.547 28.819 28.893 28.863 29.139 29.401 29.745 30.282 30.522 30.611 30.609 30.782 30.617 30.376 29.979 29.224 28.416 27.971 27.273 26.581 25.964 25.186 24.363 23.451 22.184 20.746 19.016 17.049 15.228 13.606 12.158 10.864 9.689 8.613 7.642 6.749
0.156 0.105 0.076 0.061 0.056 0.055 0.059 0.097 0.307 1.093 2.766 5.197 7.604 9.650 11.464 13.163 14.787 16.300 17.711 19.035 20.209 21.182 21.830 22.271 22.567 22.695 22.868 22.952 23.111 23.523 23.990 24.493 25.177 25.702 26.102 26.594 26.860 27.080 27.482 27.703 27.898 28.158 28.207 28.191 28.369 28.415 28.597 28.934 28.998 29.003 28.954 28.843 28.561 28.239 27.748 27.069 26.318 25.612 24.811 24.051 23.338 22.448 21.476 20.348 18.982 17.383 15.614 13.866 12.324 10.935 9.691 8.583 7.615 6.777 6.067 5.480
0.203 0.139 0.099 0.077 0.065 0.060 0.060 0.082 0.230 0.872 2.441 4.945 7.564 9.720 11.586 13.293 14.912 16.384 17.776 19.069 20.255 21.245 21.995 22.557 22.860 22.985 23.107 23.138 23.224 23.483 23.798 24.213 24.739 25.089 25.395 25.729 25.925 26.185 26.624 26.837 27.063 27.295 27.315 27.335 27.422 27.312 27.363 27.537 27.463 27.470 27.534 27.285 26.901 26.434 25.712 24.901 24.018 23.157 22.334 21.517 20.632 19.717 18.697 17.448 15.986 14.367 12.778 11.284 9.948 8.762 7.727 6.817 6.038 5.404 4.928 4.598
0.251 0.180 0.129 0.097 0.075 0.062 0.059 0.070 0.175 0.692 2.179 4.799 7.723 10.013 11.901 13.551 15.052 16.461 17.796 19.054 20.258 21.277 22.052 22.682 23.010 23.153 23.289 23.323 23.351 23.565 23.795 24.063 24.453 24.607 24.687 24.871 24.967 25.188 25.644 25.950 26.152 26.458 26.499 26.483 26.550 26.409 26.269 26.376 26.303 26.175 26.057 25.723 25.246 24.627 23.727 22.738 21.717 20.748 19.851 18.964 18.002 17.051 15.954 14.689 13.253 11.796 10.476 9.260 8.147 7.134 6.248 5.499 4.898 4.449 4.160 4.036
0.282 0.211 0.154 0.111 0.079 0.061 0.054 0.060 0.134 0.546 1.948 4.712 8.055 10.517 12.341 13.819 15.160 16.464 17.742 18.930 20.078 21.111 21.950 22.678 23.060 23.235 23.392 23.431 23.434 23.584 23.716 23.807 24.007 23.993 23.874 23.920 23.914 24.065 24.452 24.824 25.054 25.394 25.461 25.484 25.548 25.398 25.252 25.277 25.128 24.941 24.707 24.215 23.565 22.787 21.709 20.515 19.444 18.389 17.398 16.407 15.403 14.386 13.280 12.045 10.766 9.630 8.625 7.699 6.814 5.949 5.190 4.571 4.123 3.847 3.725 3.769
0.290 0.221 0.162 0.115 0.079 0.057 0.048 0.051 0.103 0.427 1.723 4.582 8.296 10.939 12.677 13.955 15.153 16.312 17.463 18.551 19.613 20.606 21.545 22.391 22.843 23.094 23.268 23.288 23.321 23.429 23.428 23.351 23.300 23.088 22.855 22.769 22.692 22.767 23.060 23.376 23.601 23.958 24.137 24.283 24.345 24.200 24.111 24.035 23.850 23.683 23.398 22.775 21.923 20.873 19.585 18.260 17.094 15.955 14.888 13.807 12.748 11.691 10.611 9.548 8.604 7.842 7.181 6.539 5.861 5.139 4.480 3.972 3.655 3.535 3.568 3.755
