RESULTS/r.avaflow_results/14b_results/14b_ascii/14b_treach.asc
ncols 506
nrows 317
xllcenter 498237.50
yllcenter 5580050.00
cellsize 12.50
NODATA_value -9999.000
[rows 196 to 223 of 317, columns 372 to 433 of 506]
210.916 234.195 514.784 624.421 726.587 782.063 -9999.000 -9999.000 -9999.000 -9999.000 -9999.000 -9999.000 -9999.000 -9999.000 -9999.000 -9999.000 -9999.000 -9999.000 -9999.000 -9999.000 -9999.000 -9999.000 -9999.000 -9999.000 -9999.000 -9999.000 -9999.000 -9999.000 -9999.000 -9999.000 -9999.000 -9999.000 -9999.000 -9999.000 -9999.000 -9999.000 -9999.000 -9999.000 -9999.000 -9999.000 -9999.000 -9999.000 -9999.000 -9999.000 -9999.000 -9999.000 -9999.000 -9999.000 -9999.000 -9999.000 -9999.000 -9999.000 -9999.000 -9999.000 -9999.000 -9999.000 -9999.000 -9999.000 -9999.000 -9999.000 -9999.000 -9999.000
204.932 209.648 217.789 227.893 235.815 243.233 249.957 254.694 260.743 1297.496 -9999.000 -9999.000 -9999.000 -9999.000 -9999.000 -9999.000 -9999.000 -9999.000 -9999.000 -9999.000 -9999.000 -9999.000 -9999.000 -9999.000 -9999.000 -9999.000 -9999.000 -9999.000 -9999.000 -9999.000 -9999.000 -9999.000 -9999.000 -9999.000 -9999.000 -9999.000 -9999.000 -9999.000 -9999.000 -9999.000 -9999.000 -9999.000 -9999.000 -9999.000 -9999.000 -9999.000 -9999.000 -9999.000 -9999.000 -9999.000 -9999.000 -9999.000 -9999.000 -9999.000 -9999.000 -9999.000 -9999.000 -9999.000 -9999.000 -9999.000 -9999.000 -9999.000
202.568 205.659 209.467 214.352 220.503 226.453 231.673 236.536 241.419 246.318 252.323 1015.494 1129.498 1179.881 1218.684 1240.568 1465.959 -9999.000 -9999.000 -9999.000 -9999.000 -9999.000 -9999.000 -9999.000 -9999.000 -9999.000 -9999.000 -9999.000 -9999.000 -9999.000 -9999.000 -9999.000 -9999.000 -9999.000 -9999.000 -9999.000 -9999.000 -9999.000 -9999.000 -9999.000 -9999.000 -9999.000 -9999.000 -9999.000 -9999.000 -9999.000 -9999.000 -9999.000 -9999.000 -9999.000 -9999.000 -9999.000 -9999.000 -9999.000 -9999.000 -9999.000 -9999.000 -9999.000 -9999.000 -9999.000 -9999.000 -9999.000
201.660 204.205 206.930 210.011 213.629 218.332 223.031 227.893 232.753 237.798 243.051 249.046 257.440 846.767 888.665 928.447 974.983 1075.488 -9999.000 -9999.000 -9999.000 -9999.000 -9999.000 -9999.000 -9999.000 -9999.000 -9999.000 -9999.000 -9999.000 -9999.000 -9999.000 -9999.000 -9999.000 -9999.000 -9999.000 -9999.000 -9999.000 -9999.000 -9999.000 -9999.000 -9999.000 -9999.000 -9999.000 -9999.000 -9999.000 -9999.000 -9999.000 -9999.000 -9999.000 -9999.000 -9999.000 -9999.000 -9999.000 -9999.000 -9999.000 -9999.000 -9999.000 -9999.000 -9999.000 -9999.000 -9999.000 -9999.000
201.114 203.477 205.841 208.561 211.459 214.533 218.151 222.310 226.633 231.493 236.356 241.782 247.954 254.877 265.695 779.414 834.220 897.270 1011.794 1473.016 -9999.000 -9999.000 -9999.000 -9999.000 -9999.000 -9999.000 -9999.000 -9999.000 -9999.000 -9999.000 -9999.000 -9999.000 -9999.000 -9999.000 -9999.000 -9999.000 -9999.000 -9999.000 -9999.000 -9999.000 -9999.000 -9999.000 -9999.000 -9999.000 -9999.000 -9999.000 -9999.000 -9999.000 -9999.000 -9999.000 -9999.000 -9999.000 -9999.000 -9999.000 -9999.000 -9999.000 -9999.000 -9999.000 -9999.000 -9999.000 -9999.000 -9999.000
201.114 203.295 205.477 207.836 210.554 213.448 216.342 219.598 223.211 227.173 231.493 236.175 241.601 247.590 253.598 260.743 726.102 794.010 893.982 1053.911 2228.868 2470.506 2560.908 2571.912 2493.948 2404.618 2217.166 2181.252 2273.651 2614.220 -9999.000 -9999.000 -9999.000 -9999.000 -9999.000 -9999.000 -9999.000 -9999.000 -9999.000 -9999.000 -9999.000 -9999.000 -9999.000 -9999.000 -9999.000 -9999.000 -9999.000 -9999.000 -9999.000 -9999.000 -9999.000 -9999.000 -9999.000 -9999.000 -9999.000 -9999.000 -9999.000 -9999.000 -9999.000 -9999.000 -9999.000 -9999.000
201.841 203.659 205.659 207.836 210.373 212.906 215.799 218.694 221.588 224.652 228.073 231.853 236.356 241.782 247.408 252.869 258.907 267.894 810.487 916.397 1160.703 1790.804 1828.026 1835.438 1812.114 1775.518 1573.331 1490.783 1503.675 1626.929 2142.440 -9999.000 -9999.000 -9999.000 -9999.000 -9999.000 -9999.000 -9999.000 -9999.000 -9999.000 -9999.000 -9999.000 -9999.000 -9999.000 -9999.000 -9999.000 -9999.000 -9999.000 -9999.000 -9999.000 -9999.000 -9999.000 -9999.000 -9999.000 -9999.000 -9999.000 -9999.000 -9999.000 -9999.000 -9999.000 -9999.000 -9999.000
203.841 205.296 206.748 208.380 210.735 213.086 215.799 218.151 220.684 223.031 225.553 228.253 231.493 236.175 241.963 247.408 252.687 258.540 266.612 837.219 994.352 1236.624 1346.774 1404.476 1402.873 1307.101 1224.075 1135.439 1120.704 1170.249 1346.953 1827.873 2650.534 -9999.000 -9999.000 -9999.000 -9999.000 -9999.000 -9999.000 -9999.000 -9999.000 -9999.000 -9999.000 -9999.000 -9999.000 -9999.000 -9999.000 -9999.000 -9999.000 -9999.000 -9999.000 -9999.000 -9999.000 -9999.000 -9999.000 -9999.000 -9999.000 -9999.000 -9999.000 -9999.000 -9999.000 -9999.000
206.204 207.474 208.743 210.373 212.182 214.171 216.342 218.332 220.141 221.407 222.310 223.031 224.292 227.353 235.455 242.870 248.318 253.598 259.457 267.345 849.224 1039.579 1147.738 1168.268 1168.268 1136.874 1039.170 920.888 888.306 909.089 1019.180 1236.988 1576.482 2143.883 2494.519 2649.159 2750.341 2847.869 -9999.000 -9999.000 -9999.000 -9999.000 -9999.000 -9999.000 -9999.000 -9999.000 -9999.000 -9999.000 -9999.000 -9999.000 -9999.000 -9999.000 -9999.000 -9999.000 -9999.000 -9999.000 -9999.000 -9999.000 -9999.000 -9999.000 -9999.000 -9999.000
209.286 210.373 211.459 212.725 214.352 216.161 217.970 219.417 220.322 220.141 207.655 206.385 206.385 207.111 209.105 213.990 244.866 250.139 255.243 260.926 268.993 845.557 887.234 923.122 937.406 905.787 848.870 342.921 328.886 325.792 325.964 328.199 1081.379 1295.352 1402.716 1404.638 1405.125 1405.612 1574.541 2014.192 -9999.000 -9999.000 -9999.000 -9999.000 -9999.000 -9999.000 -9999.000 -9999.000 -9999.000 -9999.000 -9999.000 -9999.000 -9999.000 -9999.000 -9999.000 -9999.000 -9999.000 -9999.000 -9999.000 -9999.000 -9999.000 -9999.000
171.838 172.959 176.317 215.799 217.065 218.513 220.141 221.226 221.407 198.744 197.646 197.646 198.378 199.657 201.478 204.750 210.554 247.408 252.505 257.440 263.128 270.827 325.964 329.231 328.541 326.825 322.687 317.496 313.879 312.838 312.838 313.534 314.569 316.289 318.881 322.515 327.168 331.802 336.081 1140.362 1789.944 -9999.000 -9999.000 -9999.000 -9999.000 -9999.000 -9999.000 -9999.000 -9999.000 -9999.000 -9999.000 -9999.000 -9999.000 -9999.000 -9999.000 -9999.000 -9999.000 -9999.000 -9999.000 -9999.000 -9999.000 -9999.000
162.678 164.172 166.042 168.285 171.090 174.268 178.179 183.204 187.477 189.148 190.260 191.372 192.851 194.513 196.544 199.292 203.295 210.373 250.321 254.877 259.641 264.961 271.928 280.604 288.749 295.250 299.372 301.088 302.057 303.028 304.184 305.523 307.050 309.169 311.781 314.569 317.496 320.611 324.068 328.199 336.081 1789.944 -9999.000 -9999.000 -9999.000 -9999.000 -9999.000 -9999.000 -9999.000 -9999.000 -9999.000 -9999.000 -9999.000 -9999.000 -9999.000 -9999.000 -9999.000 -9999.000 -9999.000 -9999.000 -9999.000 -9999.000
159.691 161.371 163.239 165.294 167.723 170.342 173.146 176.130 179.296 181.901 184.319 186.549 188.406 190.445 192.666 195.436 198.744 203.659 215.075 253.234 257.623 261.844 266.612 272.662 279.495 284.671 288.563 291.534 294.134 296.368 298.424 300.510 302.640 305.141 307.817 310.868 313.534 316.462 319.745 323.378 327.855 335.569 1824.242 -9999.000 -9999.000 -9999.000 -9999.000 -9999.000 -9999.000 -9999.000 -9999.000 -9999.000 -9999.000 -9999.000 -9999.000 -9999.000 -9999.000 -9999.000 -9999.000 -9999.000 -9999.000 -9999.000
157.816 159.505 161.184 163.052 165.294 167.536 170.155 172.772 175.386 177.806 180.412 182.832 185.063 187.106 189.519 192.297 195.621 200.203 207.655 251.595 256.341 260.559 264.778 269.177 273.947 279.126 283.561 287.265 290.233 292.834 295.250 297.675 299.938 302.446 305.332 308.201 311.237 314.396 317.842 321.478 325.621 330.262 1220.613 1828.484 -9999.000 -9999.000 -9999.000 -9999.000 -9999.000 -9999.000 -9999.000 -9999.000 -9999.000 -9999.000 -9999.000 -9999.000 -9999.000 -9999.000 -9999.000 -9999.000 -9999.000 -9999.000
156.495 158.004 159.691 161.371 163.426 165.481 167.723 170.155 172.772 175.199 177.806 180.226 182.460 184.691 187.291 190.260 193.959 198.378 205.296 249.957 255.792 260.008 264.045 268.078 272.111 276.353 280.234 283.746 287.265 290.233 293.020 295.622 298.234 300.896 303.992 307.050 310.330 313.534 317.152 320.785 324.931 329.231 334.540 1296.784 2014.642 -9999.000 -9999.000 -9999.000 -9999.000 -9999.000 -9999.000 -9999.000 -9999.000 -9999.000 -9999.000 -9999.000 -9999.000 -9999.000 -9999.000 -9999.000 -9999.000 -9999.000
155.363 156.683 158.381 160.064 161.744 163.799 165.855 168.098 170.529 173.146 175.758 178.179 180.598 183.204 186.177 189.333 193.221 197.829 204.750 225.733 255.609 260.008 263.861 267.711 271.744 275.426 279.126 282.452 285.781 288.934 291.720 294.506 297.301 300.317 303.415 306.668 309.995 313.534 316.980 320.785 324.758 328.886 333.514 341.044 1301.394 2012.361 2718.133 -9999.000 -9999.000 -9999.000 -9999.000 -9999.000 -9999.000 -9999.000 -9999.000 -9999.000 -9999.000 -9999.000 -9999.000 -9999.000 -9999.000 -9999.000
154.231 155.740 157.249 158.944 160.624 162.305 164.359 166.416 168.846 171.277 173.894 176.503 179.296 182.274 185.620 189.148 193.036 197.829 205.114 226.813 255.792 260.192 264.045 267.894 271.561 275.426 278.756 282.082 285.226 288.378 291.348 294.320 297.115 300.127 303.415 306.668 310.174 313.534 317.326 320.958 324.931 328.886 333.344 338.648 725.618 1296.429 1627.432 2275.080 -9999.000 -9999.000 -9999.000 -9999.000 -9999.000 -9999.000 -9999.000 -9999.000 -9999.000 -9999.000 -9999.000 -9999.000 -9999.000 -9999.000
153.476 154.986 156.495 158.004 159.691 161.371 163.239 165.294 167.350 169.781 172.585 175.386 178.551 181.901 185.620 189.148 193.221 198.561 207.836 251.959 257.440 261.294 264.778 268.261 271.928 275.426 278.941 282.082 285.226 288.378 291.348 294.320 297.301 300.317 303.607 307.050 310.682 314.223 318.019 321.824 325.621 329.231 333.344 338.133 344.967 726.750 1159.110 1305.043 1576.334 2130.854 2833.893 -9999.000 -9999.000 -9999.000 -9999.000 -9999.000 -9999.000 -9999.000 -9999.000 -9999.000 -9999.000 -9999.000
153.099 154.608 156.117 157.627 159.318 160.997 162.678 164.733 166.790 169.221 171.838 174.827 178.179 181.901 185.620 189.704 194.697 255.426 256.158 257.990 260.743 263.678 266.795 269.726 272.845 276.168 279.310 282.452 285.596 288.749 291.720 294.692 297.861 301.088 304.567 308.393 312.136 315.947 319.745 323.378 326.825 330.089 333.687 338.133 343.944 354.866 514.422 780.396 1048.589 1217.272 1320.977 2014.642 -9999.000 -9999.000 -9999.000 -9999.000 -9999.000 -9999.000 -9999.000 -9999.000 -9999.000 -9999.000
153.099 154.608 156.117 157.627 159.131 160.811 162.678 164.546 166.603 168.846 171.464 174.454 177.993 182.088 186.363 192.482 262.578 262.211 262.211 262.761 264.228 266.612 269.177 271.928 274.870 277.648 280.604 283.561 286.522 289.676 292.834 295.995 299.561 303.415 307.433 311.419 315.086 318.533 321.824 325.103 328.199 331.289 334.372 338.305 343.773 352.310 382.310 442.194 477.628 699.111 767.687 779.556 1402.560 2591.093 -9999.000 -9999.000 -9999.000 -9999.000 -9999.000 -9999.000 -9999.000 -9999.000
153.099 154.608 156.117 157.627 159.131 160.811 162.678 164.546 166.603 168.846 171.464 174.454 178.179 182.460 188.962 274.499 269.360 268.078 267.528 267.528 268.261 269.543 271.928 274.499 277.093 279.864 282.452 285.411 288.378 291.534 294.692 298.424 302.252 306.668 310.868 314.569 317.672 320.438 323.378 326.308 329.402 332.659 335.911 339.503 344.285 352.140 367.426 398.076 414.919 419.347 422.814 431.333 698.589 1220.431 2130.705 -9999.000 -9999.000 -9999.000 -9999.000 -9999.000 -9999.000 -9999.000
153.099 154.797 156.306 157.816 159.505 160.997 162.865 164.733 166.603 169.034 171.651 174.641 178.365 183.576 2436.673 2278.046 281.343 274.315 272.845 272.662 272.662 273.396 274.870 276.908 279.310 281.713 284.301 287.079 290.048 293.205 296.741 300.510 304.758 308.971 313.185 316.635 319.399 321.824 324.240 326.996 330.262 333.856 337.621 341.555 346.162 352.821 364.546 381.314 394.159 399.053 402.186 404.791 409.488 442.194 1154.498 2015.104 -9999.000 -9999.000 -9999.000 -9999.000 -9999.000 -9999.000
153.664 155.363 156.872 158.569 160.064 161.744 163.426 165.107 167.163 169.408 172.024 175.199 179.110 185.806 2450.003 2440.908 2279.303 285.596 278.571 277.463 277.278 277.463 278.202 279.495 281.158 283.192 285.411 288.193 290.977 294.134 297.675 301.474 305.523 309.995 313.879 317.152 319.918 322.343 324.758 327.511 330.775 334.713 338.990 343.432 348.216 354.354 363.021 373.314 381.979 387.263 390.390 393.179 397.098 404.614 440.493 1220.074 2421.096 -9999.000 -9999.000 -9999.000 -9999.000 -9999.000
154.608 156.495 158.193 159.878 161.371 163.052 164.546 166.229 168.098 170.155 172.772 176.130 180.226 2439.096 2440.001 2437.589 2278.984 2131.476 285.041 281.713 280.973 280.604 280.789 281.343 282.637 284.301 286.336 288.749 291.348 294.320 297.675 301.474 305.523 309.796 313.534 316.807 319.572 322.169 324.758 327.683 331.118 335.226 339.845 344.626 349.413 354.866 361.664 369.112 374.988 379.653 383.305 386.934 391.211 397.098 409.488 773.689 1402.405 2647.782 -9999.000 -9999.000 -9999.000 -9999.000
155.929 157.816 159.691 161.371 163.052 164.546 166.042 167.723 169.595 171.651 174.081 177.248 181.715 2144.995 2147.608 2146.124 2142.284 2010.840 290.791 283.746 282.267 281.713 281.713 282.082 283.192 284.671 286.707 288.749 291.162 293.763 297.115 300.703 304.375 308.201 311.959 315.086 318.188 321.304 324.240 327.511 331.118 335.226 340.017 344.967 349.756 354.695 360.306 366.073 370.962 375.156 378.990 383.139 388.087 394.486 405.149 468.967 1102.147 1823.931 -9999.000 -9999.000 -9999.000 -9999.000
157.438 159.505 161.557 163.426 165.107 166.416 167.911 169.408 171.277 173.146 175.572 178.551 182.832 189.704 1775.123 1778.834 1627.432 1624.736 287.451 282.822 281.528 281.158 281.158 281.713 282.822 284.486 286.336 288.193 290.048 292.463 295.436 298.805 302.057 305.523 308.971 312.312 315.774 319.225 322.861 326.652 330.604 334.884 339.845 344.796 349.585 354.184 359.117 363.868 368.270 372.308 376.493 381.148 386.604 393.506 404.093 451.067 776.072 1294.608 1828.788 -9999.000 -9999.000 -9999.000
159.131 161.371 163.799 165.855 167.536 168.846 170.155 171.464 173.146 175.013 177.248 180.040 183.762 189.519 281.158 281.713 279.680 277.278 275.612 274.685 274.499 274.685 275.426 277.278 279.495 282.082 284.116 285.781 287.451 289.862 292.648 295.809 298.805 302.252 305.714 309.374 313.012 316.807 320.785 324.931 329.231 334.028 338.990 343.944 348.729 353.332 357.929 362.174 366.243 370.456 374.988 380.152 386.110 393.179 404.093 442.004 639.767 777.031 1278.865 1824.878 -9999.000 -9999.000
160.997 163.612 166.229 168.659 170.529 171.838 172.772 173.707 175.199 176.875 178.924 181.343 184.691 189.704 218.151 230.233 254.877 257.440 258.356 259.090 259.824 261.110 263.128 265.878 269.360 273.212 276.723 279.680 282.267 285.411 288.749 292.277 295.809 299.561 303.415 307.433 311.419 315.430 319.572 323.724 328.199 332.829 337.621 342.750 347.531 352.310 356.737 360.815 365.226 369.617 374.319 379.653 385.781 393.179 404.093 434.991 572.626 615.135 677.925 779.556 1575.221 2594.123
