RESULTS/r.avaflow_results/14b_results/14b_ascii/14b_hflow30067.asc
ncols 506
nrows 317
xllcenter 498237.50
yllcenter 5580050.00
cellsize 12.50
NODATA_value -9999.000
[rows 170 to 203 of 317, columns 308 to 384 of 506]
0.000 0.000 0.000 0.000 0.000 0.000 0.000 0.000 0.000 0.000 0.000 0.000 0.000 0.000 0.000 0.000 0.000 0.000 0.000 0.000 0.000 0.000 0.000 0.000 0.000 0.000 0.000 0.000 0.000 0.000 0.000 0.000 0.000 0.000 0.000 0.000 0.000 0.000 0.000 0.000 0.000 0.000 0.000 0.000 0.000 0.000 0.000 0.000 0.000 0.000 0.000 0.000 0.000 0.000 0.000 0.000 0.000 0.000 0.000 0.000 0.000 0.000 0.000 0.000 0.000 0.000 0.000 0.000 0.000 0.000 0.000 0.000 0.000 0.000 0.000 0.000 0.000
0.000 0.000 0.000 0.000 0.000 0.000 0.000 0.000 0.000 0.000 0.000 0.000 0.000 0.000 0.000 0.000 0.000 0.000 0.000 0.000 0.000 0.000 0.000 0.000 0.000 0.000 0.000 0.000 0.000 0.000 0.000 0.000 0.000 0.000 0.000 0.000 0.000 0.000 0.000 0.000 0.000 0.000 0.000 0.000 0.000 0.000 0.000 0.000 0.000 0.000 0.000 0.000 0.000 0.000 0.000 0.000 0.000 0.000 0.000 0.000 0.000 0.000 0.000 0.000 0.000 0.000 0.000 0.000 0.000 0.000 0.000 0.000 0.000 0.000 0.000 0.000 0.000
0.000 0.001 0.001 0.001 0.001 0.001 0.001 0.001 0.001 0.001 0.001 0.001 0.001 0.001 0.001 0.001 0.001 0.000 0.000 0.000 0.000 0.000 0.000 0.000 0.000 0.000 0.000 0.000 0.000 0.000 0.000 0.000 0.000 0.000 0.000 0.000 0.000 0.000 0.000 0.000 0.000 0.000 0.000 0.000 0.000 0.000 0.000 0.000 0.000 0.000 0.000 0.000 0.000 0.000 0.000 0.000 0.000 0.000 0.000 0.000 0.000 0.000 0.000 0.000 0.000 0.000 0.000 0.000 0.000 0.000 0.000 0.000 0.000 0.000 0.000 0.000 0.000
0.002 0.003 0.003 0.004 0.004 0.004 0.004 0.004 0.004 0.004 0.004 0.003 0.003 0.003 0.002 0.002 0.002 0.001 0.001 0.001 0.000 0.000 0.000 0.000 0.000 0.000 0.000 0.000 0.000 0.000 0.000 0.000 0.000 0.000 0.000 0.000 0.000 0.000 0.000 0.000 0.000 0.000 0.000 0.000 0.000 0.000 0.000 0.000 0.000 0.000 0.000 0.000 0.000 0.000 0.000 0.000 0.000 0.000 0.000 0.000 0.000 0.000 0.000 0.000 0.000 0.000 0.000 0.000 0.000 0.000 0.000 0.000 0.000 0.000 0.000 0.000 0.000
0.004 0.006 0.007 0.008 0.008 0.008 0.008 0.008 0.008 0.008 0.007 0.007 0.006 0.006 0.005 0.004 0.004 0.003 0.002 0.002 0.001 0.001 0.000 0.000 0.000 0.000 0.000 0.000 0.000 0.000 0.000 0.000 0.000 0.000 0.000 0.000 0.000 0.000 0.000 0.000 0.000 0.000 0.000 0.000 0.000 0.000 0.000 0.000 0.000 0.000 0.000 0.000 0.000 0.000 0.000 0.000 0.000 0.000 0.000 0.000 0.000 0.000 0.000 0.000 0.000 0.000 0.000 0.000 0.000 0.000 0.000 0.000 0.000 0.000 0.000 0.000 0.000
0.007 0.009 0.012 0.014 0.014 0.014 0.014 0.014 0.014 0.013 0.013 0.012 0.011 0.010 0.009 0.007 0.006 0.005 0.004 0.003 0.003 0.002 0.001 0.001 0.001 0.000 0.000 0.000 0.000 0.000 0.000 0.000 0.000 0.000 0.000 0.000 0.000 0.000 0.000 0.000 0.000 0.000 0.000 0.000 0.000 0.000 0.000 0.000 0.000 0.000 0.000 0.000 0.000 0.000 0.000 0.000 0.000 0.000 0.000 0.000 0.000 0.000 0.000 0.000 0.000 0.000 0.000 0.000 0.000 0.000 0.000 0.000 0.000 0.000 0.000 0.000 0.000
0.012 0.015 0.020 0.024 0.025 0.025 0.025 0.024 0.023 0.022 0.021 0.020 0.018 0.016 0.014 0.011 0.009 0.008 0.007 0.005 0.004 0.004 0.003 0.002 0.002 0.001 0.001 0.000 0.000 0.000 0.000 0.000 0.000 0.000 0.000 0.000 0.000 0.000 0.000 0.000 0.000 0.000 0.000 0.000 0.000 0.000 0.000 0.000 0.000 0.000 0.000 0.000 0.000 0.000 0.000 0.000 0.000 0.000 0.000 0.000 0.000 0.000 0.000 0.000 0.000 0.000 0.000 0.000 0.000 0.000 0.000 0.000 0.000 0.000 0.000 0.000 0.000
0.018 0.024 0.034 0.043 0.047 0.047 0.047 0.045 0.043 0.040 0.036 0.033 0.029 0.025 0.021 0.017 0.014 0.012 0.010 0.008 0.007 0.006 0.005 0.004 0.003 0.002 0.002 0.001 0.001 0.001 0.001 0.000 0.000 0.000 0.000 0.000 0.000 0.000 0.000 0.000 0.000 0.000 0.000 0.000 0.000 0.000 0.000 0.000 0.000 0.000 0.000 0.000 0.000 0.000 0.000 0.000 0.000 0.000 0.000 0.000 0.000 0.000 0.000 0.000 0.000 0.000 0.000 0.000 0.000 0.000 0.000 0.000 0.000 0.000 0.000 0.000 0.000
0.031 0.043 0.063 0.086 0.098 0.101 0.100 0.097 0.091 0.082 0.071 0.061 0.052 0.043 0.034 0.027 0.021 0.017 0.014 0.012 0.010 0.008 0.007 0.006 0.005 0.004 0.004 0.003 0.003 0.002 0.002 0.002 0.001 0.001 0.001 0.000 0.000 0.000 0.000 0.000 0.000 0.000 0.000 0.000 0.000 0.000 0.000 0.000 0.000 0.000 0.000 0.000 0.000 0.000 0.000 0.000 0.000 0.000 0.000 0.000 0.000 0.000 0.000 0.000 0.000 0.000 0.000 0.000 0.000 0.000 0.000 0.000 0.000 0.000 0.000 0.000 0.000
0.058 0.084 0.128 0.185 0.222 0.236 0.237 0.231 0.217 0.193 0.161 0.128 0.102 0.079 0.061 0.046 0.035 0.028 0.022 0.017 0.014 0.012 0.010 0.009 0.008 0.007 0.006 0.005 0.005 0.004 0.004 0.003 0.003 0.002 0.002 0.002 0.001 0.001 0.001 0.001 0.001 0.001 0.001 0.000 0.000 0.000 0.000 0.000 0.000 0.000 0.000 0.000 0.000 0.000 0.000 0.000 0.000 0.000 0.000 0.000 0.000 0.000 0.000 0.000 0.000 0.000 0.000 0.000 0.000 0.000 0.000 0.000 0.000 0.000 0.000 0.000 0.000
0.120 0.175 0.264 0.387 0.484 0.536 0.551 0.547 0.523 0.469 0.386 0.291 0.217 0.161 0.120 0.089 0.066 0.048 0.036 0.027 0.021 0.017 0.014 0.012 0.011 0.010 0.009 0.009 0.008 0.007 0.006 0.005 0.005 0.004 0.004 0.003 0.003 0.003 0.002 0.002 0.002 0.002 0.002 0.001 0.001 0.001 0.000 0.000 0.000 0.000 0.000 0.000 0.000 0.000 0.000 0.000 0.000 0.000 0.000 0.000 0.000 0.000 0.000 0.000 0.000 0.000 0.000 0.000 0.000 0.000 0.000 0.000 0.000 0.000 0.000 0.000 0.000
0.255 0.354 0.508 0.723 0.904 1.017 1.067 1.075 1.051 0.970 0.823 0.625 0.449 0.326 0.240 0.176 0.127 0.090 0.063 0.044 0.032 0.024 0.020 0.017 0.016 0.015 0.014 0.013 0.012 0.011 0.009 0.008 0.008 0.007 0.006 0.006 0.005 0.005 0.005 0.004 0.004 0.004 0.004 0.003 0.003 0.002 0.001 0.001 0.001 0.000 0.000 0.000 0.000 0.000 0.000 0.000 0.000 0.000 0.000 0.000 0.000 0.000 0.000 0.000 0.000 0.000 0.000 0.000 0.000 0.000 0.000 0.000 0.000 0.000 0.000 0.000 0.000
0.524 0.673 0.886 1.132 1.307 1.405 1.455 1.470 1.457 1.389 1.239 1.003 0.749 0.562 0.427 0.320 0.232 0.163 0.112 0.076 0.052 0.037 0.029 0.025 0.023 0.022 0.020 0.019 0.017 0.016 0.014 0.012 0.011 0.010 0.009 0.009 0.009 0.008 0.008 0.008 0.007 0.007 0.006 0.005 0.005 0.004 0.003 0.002 0.002 0.001 0.001 0.001 0.000 0.000 0.000 0.000 0.000 0.000 0.000 0.000 0.000 0.000 0.000 0.000 0.000 0.000 0.000 0.000 0.000 0.000 0.000 0.000 0.000 0.000 0.000 0.000 0.000
1.011 1.178 1.346 1.477 1.546 1.581 1.605 1.616 1.608 1.555 1.426 1.205 0.935 0.731 0.587 0.471 0.366 0.269 0.190 0.131 0.089 0.063 0.048 0.041 0.037 0.035 0.032 0.030 0.027 0.023 0.020 0.018 0.016 0.015 0.014 0.013 0.013 0.012 0.012 0.012 0.011 0.011 0.010 0.009 0.007 0.006 0.005 0.004 0.004 0.003 0.002 0.002 0.001 0.001 0.001 0.001 0.001 0.001 0.000 0.000 0.000 0.000 0.000 0.000 0.000 0.000 0.000 0.000 0.000 0.000 0.000 0.000 0.000 0.000 0.000 0.000 0.000
1.582 1.670 1.710 1.699 1.649 1.620 1.617 1.620 1.611 1.565 1.452 1.258 1.012 0.819 0.679 0.569 0.475 0.387 0.299 0.219 0.156 0.112 0.087 0.074 0.068 0.063 0.059 0.055 0.047 0.037 0.030 0.026 0.023 0.021 0.020 0.019 0.019 0.018 0.018 0.018 0.017 0.016 0.015 0.013 0.011 0.009 0.008 0.007 0.006 0.005 0.004 0.004 0.003 0.003 0.002 0.002 0.002 0.002 0.001 0.001 0.001 0.000 0.000 0.000 0.000 0.000 0.000 0.000 0.000 0.000 0.000 0.000 0.000 0.000 0.000 0.000 0.000
1.913 1.943 1.909 1.802 1.668 1.591 1.556 1.536 1.515 1.472 1.384 1.233 1.031 0.859 0.728 0.627 0.546 0.477 0.411 0.339 0.265 0.205 0.169 0.151 0.143 0.137 0.130 0.119 0.098 0.071 0.053 0.042 0.037 0.033 0.031 0.029 0.028 0.028 0.028 0.028 0.028 0.026 0.023 0.019 0.016 0.014 0.012 0.010 0.009 0.008 0.007 0.006 0.005 0.005 0.005 0.004 0.004 0.004 0.003 0.003 0.002 0.002 0.001 0.001 0.000 0.000 0.000 0.000 0.000 0.000 0.000 0.000 0.000 0.000 0.000 0.000 0.000
2.003 2.016 1.958 1.812 1.619 1.472 1.378 1.320 1.279 1.243 1.194 1.120 1.004 0.872 0.754 0.659 0.585 0.530 0.487 0.448 0.403 0.358 0.328 0.316 0.316 0.314 0.305 0.280 0.227 0.157 0.109 0.082 0.068 0.059 0.053 0.050 0.048 0.048 0.048 0.048 0.047 0.044 0.037 0.028 0.023 0.019 0.017 0.015 0.013 0.012 0.010 0.009 0.008 0.008 0.007 0.007 0.007 0.006 0.006 0.005 0.004 0.003 0.002 0.002 0.001 0.001 0.001 0.000 0.000 0.000 0.000 0.000 0.000 0.000 0.000 0.000 0.000
1.930 1.936 1.865 1.700 1.455 1.224 1.064 0.966 0.917 0.898 0.897 0.911 0.902 0.848 0.760 0.670 0.600 0.554 0.527 0.513 0.506 0.508 0.525 0.556 0.583 0.595 0.590 0.554 0.468 0.345 0.243 0.181 0.145 0.122 0.108 0.098 0.093 0.091 0.091 0.092 0.090 0.082 0.064 0.045 0.035 0.029 0.024 0.021 0.018 0.016 0.015 0.013 0.012 0.012 0.011 0.010 0.010 0.009 0.009 0.008 0.007 0.005 0.004 0.004 0.003 0.002 0.002 0.001 0.001 0.001 0.001 0.001 0.001 0.001 0.001 0.001 0.001
1.606 1.588 1.516 1.369 1.124 0.866 0.705 0.627 0.601 0.603 0.629 0.688 0.745 0.764 0.735 0.668 0.601 0.559 0.542 0.541 0.553 0.587 0.642 0.703 0.745 0.764 0.765 0.742 0.678 0.570 0.451 0.362 0.302 0.259 0.227 0.206 0.194 0.189 0.188 0.187 0.181 0.158 0.117 0.078 0.056 0.044 0.037 0.032 0.027 0.024 0.021 0.019 0.018 0.017 0.016 0.015 0.015 0.014 0.013 0.012 0.010 0.008 0.007 0.006 0.005 0.004 0.003 0.003 0.002 0.002 0.002 0.002 0.002 0.002 0.002 0.002 0.002
1.034 0.984 0.925 0.839 0.700 0.553 0.465 0.425 0.417 0.426 0.463 0.535 0.612 0.653 0.663 0.641 0.592 0.556 0.542 0.543 0.561 0.607 0.679 0.745 0.788 0.809 0.812 0.802 0.765 0.692 0.591 0.509 0.455 0.420 0.394 0.374 0.361 0.354 0.352 0.348 0.331 0.284 0.207 0.138 0.097 0.075 0.061 0.051 0.043 0.036 0.032 0.028 0.026 0.024 0.023 0.022 0.021 0.020 0.019 0.017 0.014 0.012 0.010 0.008 0.007 0.006 0.005 0.005 0.004 0.004 0.004 0.004 0.004 0.004 0.004 0.004 0.004
0.575 0.529 0.495 0.462 0.415 0.363 0.333 0.323 0.324 0.337 0.373 0.444 0.521 0.562 0.577 0.579 0.563 0.538 0.526 0.527 0.545 0.592 0.668 0.732 0.771 0.791 0.797 0.793 0.772 0.721 0.639 0.563 0.520 0.501 0.493 0.489 0.485 0.484 0.484 0.480 0.454 0.397 0.311 0.227 0.168 0.130 0.105 0.086 0.071 0.060 0.050 0.044 0.039 0.036 0.033 0.032 0.031 0.029 0.027 0.024 0.020 0.016 0.014 0.012 0.010 0.009 0.008 0.008 0.007 0.007 0.007 0.007 0.007 0.007 0.007 0.006 0.006
0.351 0.317 0.298 0.286 0.275 0.267 0.266 0.270 0.280 0.297 0.332 0.396 0.463 0.496 0.505 0.508 0.508 0.497 0.485 0.483 0.494 0.535 0.608 0.665 0.696 0.713 0.726 0.733 0.728 0.699 0.634 0.563 0.525 0.516 0.520 0.529 0.534 0.537 0.538 0.533 0.506 0.450 0.376 0.310 0.258 0.213 0.175 0.144 0.119 0.099 0.083 0.071 0.062 0.056 0.052 0.049 0.047 0.044 0.040 0.034 0.027 0.022 0.019 0.016 0.014 0.013 0.012 0.011 0.011 0.010 0.010 0.010 0.010 0.010 0.010 0.010 0.010
0.259 0.237 0.225 0.221 0.221 0.224 0.231 0.243 0.259 0.281 0.317 0.374 0.424 0.446 0.450 0.448 0.443 0.434 0.419 0.410 0.412 0.437 0.489 0.535 0.559 0.574 0.591 0.609 0.619 0.614 0.580 0.528 0.501 0.498 0.507 0.524 0.535 0.541 0.543 0.538 0.511 0.461 0.404 0.362 0.327 0.293 0.259 0.223 0.188 0.158 0.133 0.114 0.100 0.091 0.086 0.081 0.076 0.070 0.062 0.051 0.039 0.030 0.025 0.022 0.019 0.018 0.016 0.016 0.015 0.015 0.015 0.015 0.015 0.015 0.015 0.015 0.014
0.221 0.208 0.201 0.199 0.200 0.206 0.216 0.230 0.250 0.277 0.315 0.362 0.394 0.406 0.406 0.401 0.391 0.377 0.358 0.345 0.341 0.349 0.373 0.402 0.419 0.428 0.436 0.447 0.460 0.467 0.465 0.446 0.434 0.436 0.450 0.476 0.502 0.516 0.521 0.516 0.494 0.452 0.411 0.387 0.368 0.348 0.327 0.301 0.270 0.233 0.199 0.173 0.156 0.145 0.139 0.133 0.125 0.114 0.099 0.081 0.060 0.044 0.035 0.030 0.027 0.024 0.023 0.022 0.021 0.020 0.020 0.021 0.021 0.021 0.021 0.021 0.020
0.202 0.195 0.191 0.191 0.194 0.200 0.211 0.226 0.247 0.277 0.318 0.352 0.370 0.374 0.371 0.364 0.353 0.339 0.322 0.307 0.299 0.298 0.306 0.320 0.331 0.334 0.335 0.336 0.337 0.337 0.335 0.329 0.326 0.330 0.345 0.378 0.420 0.449 0.461 0.461 0.450 0.425 0.404 0.395 0.393 0.387 0.379 0.365 0.340 0.305 0.262 0.229 0.207 0.196 0.191 0.189 0.187 0.178 0.160 0.134 0.100 0.071 0.052 0.043 0.038 0.035 0.033 0.031 0.029 0.028 0.028 0.028 0.029 0.030 0.030 0.029 0.028
0.191 0.188 0.187 0.189 0.193 0.200 0.210 0.226 0.249 0.284 0.323 0.346 0.354 0.353 0.346 0.336 0.326 0.316 0.304 0.289 0.278 0.272 0.272 0.277 0.282 0.283 0.281 0.276 0.268 0.260 0.252 0.244 0.241 0.242 0.251 0.273 0.308 0.343 0.365 0.374 0.379 0.378 0.381 0.395 0.412 0.420 0.421 0.414 0.394 0.358 0.309 0.268 0.240 0.225 0.220 0.222 0.232 0.248 0.244 0.220 0.178 0.127 0.090 0.069 0.060 0.055 0.050 0.046 0.043 0.040 0.039 0.039 0.041 0.041 0.041 0.040 0.039
0.184 0.184 0.186 0.191 0.197 0.205 0.217 0.234 0.261 0.300 0.332 0.347 0.348 0.343 0.332 0.321 0.312 0.304 0.294 0.282 0.269 0.261 0.257 0.257 0.259 0.259 0.256 0.249 0.238 0.226 0.213 0.202 0.196 0.194 0.198 0.209 0.228 0.253 0.275 0.291 0.306 0.323 0.351 0.394 0.429 0.447 0.451 0.446 0.427 0.390 0.337 0.289 0.257 0.239 0.233 0.235 0.252 0.297 0.344 0.347 0.312 0.243 0.171 0.128 0.107 0.096 0.087 0.078 0.069 0.062 0.058 0.057 0.057 0.057 0.056 0.054 0.053
0.182 0.183 0.189 0.200 0.214 0.227 0.243 0.264 0.295 0.329 0.349 0.354 0.351 0.342 0.329 0.316 0.307 0.299 0.291 0.280 0.268 0.258 0.253 0.251 0.252 0.251 0.248 0.240 0.229 0.216 0.203 0.191 0.181 0.175 0.173 0.176 0.184 0.198 0.216 0.234 0.254 0.285 0.336 0.400 0.445 0.465 0.468 0.462 0.441 0.403 0.348 0.297 0.262 0.242 0.236 0.238 0.257 0.313 0.416 0.498 0.506 0.446 0.341 0.258 0.213 0.189 0.170 0.151 0.130 0.108 0.093 0.086 0.081 0.078 0.075 0.072 0.070
0.181 0.185 0.198 0.222 0.255 0.283 0.307 0.334 0.361 0.379 0.384 0.378 0.365 0.349 0.332 0.318 0.307 0.298 0.290 0.282 0.271 0.261 0.254 0.252 0.252 0.251 0.246 0.238 0.227 0.216 0.205 0.192 0.179 0.170 0.163 0.160 0.162 0.169 0.180 0.197 0.222 0.265 0.336 0.410 0.456 0.473 0.474 0.466 0.444 0.404 0.348 0.297 0.262 0.242 0.236 0.238 0.257 0.314 0.431 0.590 0.687 0.694 0.622 0.514 0.438 0.394 0.356 0.315 0.265 0.210 0.166 0.138 0.120 0.108 0.101 0.095 0.091
0.183 0.190 0.214 0.261 0.326 0.383 0.422 0.449 0.461 0.460 0.446 0.423 0.394 0.367 0.344 0.326 0.312 0.301 0.294 0.289 0.284 0.276 0.270 0.266 0.263 0.258 0.251 0.243 0.235 0.226 0.216 0.202 0.185 0.171 0.161 0.155 0.153 0.155 0.161 0.175 0.204 0.258 0.344 0.420 0.461 0.474 0.474 0.465 0.440 0.398 0.341 0.290 0.255 0.237 0.231 0.234 0.252 0.306 0.420 0.599 0.769 0.859 0.876 0.838 0.788 0.741 0.691 0.625 0.532 0.418 0.311 0.232 0.181 0.151 0.134 0.123 0.116
0.187 0.199 0.233 0.297 0.392 0.481 0.535 0.558 0.560 0.551 0.525 0.487 0.441 0.400 0.369 0.345 0.327 0.316 0.311 0.312 0.317 0.319 0.316 0.311 0.303 0.290 0.277 0.269 0.262 0.256 0.245 0.227 0.201 0.179 0.164 0.155 0.150 0.150 0.153 0.165 0.197 0.261 0.353 0.424 0.460 0.469 0.467 0.454 0.425 0.378 0.318 0.269 0.239 0.224 0.219 0.222 0.238 0.284 0.384 0.556 0.763 0.914 1.000 1.033 1.032 1.017 0.987 0.931 0.837 0.705 0.543 0.388 0.278 0.214 0.179 0.159 0.148
0.196 0.212 0.250 0.319 0.424 0.530 0.595 0.619 0.620 0.608 0.580 0.539 0.492 0.448 0.409 0.380 0.361 0.353 0.355 0.371 0.393 0.406 0.409 0.404 0.386 0.359 0.339 0.327 0.319 0.311 0.295 0.267 0.228 0.195 0.171 0.157 0.150 0.149 0.151 0.163 0.197 0.265 0.356 0.419 0.446 0.450 0.444 0.423 0.387 0.334 0.276 0.233 0.209 0.199 0.197 0.199 0.211 0.244 0.318 0.463 0.680 0.882 1.016 1.091 1.121 1.125 1.112 1.077 1.006 0.891 0.730 0.554 0.408 0.305 0.246 0.213 0.194
0.210 0.229 0.267 0.331 0.430 0.541 0.612 0.639 0.641 0.631 0.607 0.568 0.524 0.487 0.456 0.433 0.420 0.423 0.449 0.491 0.522 0.533 0.528 0.505 0.466 0.429 0.404 0.388 0.374 0.360 0.337 0.298 0.250 0.210 0.181 0.162 0.153 0.150 0.152 0.164 0.200 0.268 0.347 0.394 0.411 0.410 0.398 0.367 0.318 0.261 0.214 0.184 0.169 0.163 0.162 0.164 0.171 0.190 0.236 0.337 0.523 0.759 0.947 1.060 1.109 1.124 1.122 1.100 1.050 0.955 0.809 0.652 0.525 0.421 0.346 0.300 0.272
0.229 0.249 0.283 0.337 0.424 0.531 0.603 0.635 0.640 0.633 0.613 0.578 0.537 0.507 0.489 0.481 0.486 0.513 0.566 0.611 0.627 0.623 0.598 0.554 0.502 0.461 0.434 0.415 0.400 0.384 0.357 0.312 0.259 0.218 0.189 0.169 0.159 0.156 0.158 0.170 0.205 0.266 0.319 0.344 0.349 0.344 0.324 0.285 0.232 0.186 0.158 0.141 0.133 0.130 0.129 0.130 0.135 0.149 0.181 0.247 0.370 0.569 0.777 0.918 0.995 1.033 1.048 1.046 1.019 0.943 0.814 0.684 0.596 0.531 0.477 0.432 0.397
