RESULTS/r.avaflow_results/14b_results/14b_ascii/14b_hflow0069.asc
ncols 506
nrows 317
xllcenter 498237.50
yllcenter 5580050.00
cellsize 12.50
NODATA_value -9999.000
[rows 170 to 203 of 317, columns 228 to 303 of 506]
5.580 5.477 5.389 5.322 5.281 5.256 5.254 5.297 5.402 5.569 5.797 6.015 6.182 6.270 6.282 6.234 6.084 5.798 5.369 4.802 4.089 3.136 1.972 1.037 0.487 0.224 0.109 0.058 0.034 0.022 0.015 0.011 0.008 0.006 0.005 0.003 0.002 0.002 0.001 0.000 0.000 0.000 0.000 0.000 0.000 0.000 0.000 0.000 0.000 0.000 0.000 0.000 0.000 0.000 0.000 0.000 0.000 0.000 0.000 0.000 0.000 0.000 0.000 0.000 0.000 0.000 0.000 0.000 0.000 0.000 0.000 0.000 0.000 0.000 0.000 0.000
5.882 5.773 5.667 5.579 5.513 5.470 5.463 5.503 5.604 5.781 6.041 6.309 6.504 6.594 6.591 6.513 6.345 6.065 5.662 5.148 4.518 3.672 2.514 1.431 0.731 0.358 0.178 0.092 0.052 0.032 0.021 0.015 0.011 0.008 0.006 0.005 0.003 0.002 0.002 0.001 0.000 0.000 0.000 0.000 0.000 0.000 0.000 0.000 0.000 0.000 0.000 0.000 0.000 0.000 0.000 0.000 0.000 0.000 0.000 0.000 0.000 0.000 0.000 0.000 0.000 0.000 0.000 0.000 0.000 0.000 0.000 0.000 0.000 0.000 0.000 0.000
6.150 6.032 5.914 5.811 5.727 5.673 5.664 5.703 5.796 5.962 6.222 6.506 6.701 6.783 6.763 6.665 6.484 6.215 5.846 5.374 4.797 4.046 2.981 1.842 1.017 0.530 0.272 0.142 0.078 0.046 0.029 0.020 0.014 0.011 0.008 0.006 0.005 0.003 0.002 0.002 0.001 0.000 0.000 0.000 0.000 0.000 0.000 0.000 0.000 0.000 0.000 0.000 0.000 0.000 0.000 0.000 0.000 0.000 0.000 0.000 0.000 0.000 0.000 0.000 0.000 0.000 0.000 0.000 0.000 0.000 0.000 0.000 0.000 0.000 0.000 0.000
6.393 6.262 6.141 6.037 5.949 5.890 5.875 5.908 5.991 6.140 6.381 6.641 6.810 6.879 6.850 6.741 6.550 6.288 5.947 5.512 4.977 4.311 3.392 2.287 1.355 0.749 0.398 0.210 0.114 0.065 0.040 0.027 0.019 0.014 0.011 0.008 0.006 0.005 0.003 0.002 0.002 0.001 0.000 0.000 0.000 0.000 0.000 0.000 0.000 0.000 0.000 0.000 0.000 0.000 0.000 0.000 0.000 0.000 0.000 0.000 0.000 0.000 0.000 0.000 0.000 0.000 0.000 0.000 0.000 0.000 0.000 0.000 0.000 0.000 0.000 0.000
6.628 6.485 6.360 6.264 6.189 6.135 6.112 6.128 6.193 6.326 6.537 6.741 6.867 6.916 6.876 6.758 6.563 6.304 5.982 5.588 5.110 4.535 3.772 2.771 1.777 1.037 0.572 0.307 0.166 0.092 0.055 0.035 0.024 0.018 0.013 0.010 0.008 0.006 0.005 0.003 0.002 0.002 0.001 0.001 0.000 0.000 0.000 0.000 0.000 0.000 0.000 0.000 0.000 0.000 0.000 0.000 0.000 0.000 0.000 0.000 0.000 0.000 0.000 0.000 0.000 0.000 0.000 0.000 0.000 0.000 0.000 0.000 0.000 0.000 0.000 0.000
6.865 6.711 6.584 6.493 6.433 6.386 6.358 6.364 6.415 6.527 6.698 6.835 6.908 6.920 6.862 6.737 6.538 6.283 5.978 5.628 5.227 4.751 4.125 3.256 2.275 1.427 0.830 0.456 0.244 0.133 0.076 0.048 0.032 0.022 0.016 0.012 0.010 0.007 0.006 0.004 0.003 0.002 0.002 0.001 0.001 0.000 0.000 0.000 0.000 0.000 0.000 0.000 0.000 0.000 0.000 0.000 0.000 0.000 0.000 0.000 0.000 0.000 0.000 0.000 0.000 0.000 0.000 0.000 0.000 0.000 0.000 0.000 0.000 0.000 0.000 0.001
7.124 6.954 6.820 6.729 6.672 6.634 6.615 6.627 6.675 6.756 6.854 6.917 6.924 6.875 6.782 6.649 6.457 6.217 5.941 5.641 5.314 4.924 4.405 3.689 2.810 1.934 1.208 0.697 0.375 0.197 0.109 0.065 0.042 0.028 0.020 0.015 0.011 0.009 0.007 0.006 0.004 0.003 0.003 0.002 0.001 0.001 0.000 0.000 0.000 0.000 0.000 0.000 0.000 0.000 0.000 0.000 0.000 0.000 0.000 0.000 0.000 0.000 0.000 0.000 0.000 0.000 0.000 0.000 0.000 0.000 0.000 0.000 0.000 0.001 0.001 0.002
7.412 7.228 7.083 6.983 6.916 6.883 6.885 6.906 6.938 6.972 6.991 6.974 6.902 6.785 6.643 6.486 6.309 6.104 5.872 5.620 5.348 5.021 4.588 4.020 3.302 2.501 1.721 1.066 0.601 0.315 0.166 0.094 0.057 0.036 0.024 0.018 0.014 0.011 0.009 0.007 0.006 0.005 0.004 0.003 0.002 0.001 0.001 0.000 0.000 0.000 0.000 0.000 0.000 0.000 0.000 0.000 0.000 0.000 0.000 0.000 0.000 0.000 0.000 0.000 0.000 0.000 0.000 0.000 0.000 0.000 0.000 0.001 0.001 0.002 0.003 0.005
7.741 7.544 7.382 7.262 7.184 7.152 7.162 7.172 7.171 7.154 7.106 7.010 6.872 6.706 6.524 6.346 6.165 5.976 5.777 5.570 5.340 5.060 4.700 4.248 3.699 3.037 2.297 1.570 0.957 0.529 0.275 0.147 0.082 0.048 0.030 0.021 0.016 0.013 0.010 0.009 0.007 0.006 0.005 0.004 0.003 0.002 0.002 0.001 0.001 0.000 0.000 0.000 0.000 0.000 0.000 0.000 0.000 0.000 0.000 0.000 0.000 0.000 0.000 0.000 0.000 0.000 0.000 0.000 0.000 0.001 0.001 0.002 0.003 0.005 0.007 0.009
8.123 7.905 7.722 7.578 7.489 7.450 7.434 7.413 7.370 7.298 7.191 7.040 6.863 6.669 6.465 6.276 6.091 5.903 5.710 5.515 5.312 5.075 4.784 4.431 4.002 3.476 2.841 2.143 1.454 0.872 0.479 0.251 0.131 0.070 0.040 0.026 0.019 0.015 0.012 0.010 0.009 0.007 0.006 0.005 0.005 0.004 0.003 0.002 0.002 0.001 0.001 0.001 0.001 0.001 0.001 0.001 0.001 0.001 0.001 0.001 0.001 0.001 0.001 0.001 0.001 0.001 0.001 0.002 0.002 0.002 0.004 0.005 0.006 0.008 0.011 0.014
8.564 8.324 8.120 7.953 7.843 7.766 7.693 7.620 7.534 7.412 7.256 7.071 6.871 6.661 6.448 6.247 6.056 5.869 5.682 5.494 5.301 5.095 4.863 4.591 4.250 3.818 3.302 2.701 2.031 1.362 0.816 0.453 0.233 0.115 0.059 0.034 0.024 0.018 0.015 0.013 0.011 0.009 0.008 0.007 0.006 0.005 0.005 0.004 0.003 0.003 0.003 0.003 0.003 0.003 0.003 0.003 0.003 0.003 0.003 0.004 0.004 0.004 0.004 0.004 0.004 0.004 0.005 0.005 0.005 0.006 0.007 0.009 0.011 0.014 0.017 0.023
9.002 8.756 8.554 8.371 8.216 8.076 7.942 7.813 7.672 7.507 7.322 7.118 6.903 6.681 6.455 6.242 6.043 5.854 5.674 5.496 5.320 5.142 4.951 4.722 4.438 4.088 3.672 3.192 2.612 1.955 1.329 0.820 0.456 0.225 0.104 0.053 0.033 0.024 0.019 0.016 0.013 0.012 0.010 0.009 0.008 0.008 0.007 0.006 0.006 0.005 0.005 0.005 0.005 0.005 0.005 0.006 0.006 0.006 0.007 0.007 0.008 0.008 0.009 0.009 0.009 0.009 0.009 0.009 0.010 0.010 0.012 0.014 0.017 0.021 0.028 0.039
9.404 9.147 8.944 8.752 8.558 8.371 8.186 8.003 7.815 7.615 7.406 7.185 6.958 6.725 6.486 6.262 6.053 5.859 5.682 5.520 5.369 5.210 5.036 4.830 4.584 4.299 3.970 3.591 3.145 2.591 1.992 1.424 0.908 0.493 0.230 0.104 0.055 0.036 0.027 0.021 0.017 0.015 0.013 0.012 0.011 0.010 0.010 0.009 0.009 0.009 0.009 0.009 0.009 0.009 0.009 0.010 0.010 0.011 0.012 0.013 0.014 0.015 0.015 0.016 0.016 0.016 0.016 0.016 0.016 0.017 0.019 0.021 0.026 0.034 0.047 0.073
9.744 9.473 9.257 9.067 8.869 8.659 8.431 8.198 7.969 7.742 7.511 7.271 7.032 6.789 6.542 6.305 6.086 5.885 5.710 5.560 5.427 5.274 5.105 4.917 4.705 4.472 4.211 3.913 3.573 3.171 2.692 2.172 1.605 1.008 0.527 0.246 0.120 0.068 0.045 0.033 0.025 0.020 0.017 0.016 0.014 0.014 0.013 0.013 0.013 0.013 0.013 0.013 0.013 0.014 0.014 0.015 0.016 0.017 0.018 0.020 0.022 0.024 0.026 0.026 0.026 0.026 0.025 0.025 0.025 0.026 0.029 0.034 0.043 0.060 0.092 0.155
10.000 9.733 9.510 9.322 9.130 8.918 8.672 8.404 8.140 7.887 7.634 7.379 7.130 6.882 6.633 6.390 6.164 5.957 5.775 5.618 5.478 5.324 5.155 4.981 4.803 4.615 4.404 4.161 3.887 3.576 3.214 2.785 2.266 1.626 0.998 0.543 0.284 0.156 0.093 0.061 0.042 0.031 0.025 0.021 0.019 0.018 0.018 0.018 0.018 0.018 0.019 0.019 0.020 0.021 0.022 0.023 0.025 0.026 0.029 0.033 0.037 0.041 0.043 0.044 0.043 0.042 0.041 0.040 0.041 0.043 0.048 0.059 0.079 0.118 0.191 0.323
10.184 9.930 9.711 9.519 9.326 9.119 8.884 8.621 8.346 8.065 7.791 7.526 7.273 7.027 6.786 6.548 6.322 6.109 5.901 5.707 5.533 5.367 5.199 5.035 4.876 4.713 4.535 4.335 4.108 3.845 3.525 3.120 2.624 2.048 1.472 0.967 0.592 0.352 0.210 0.128 0.082 0.055 0.040 0.032 0.028 0.026 0.025 0.025 0.025 0.026 0.027 0.028 0.029 0.031 0.034 0.036 0.039 0.044 0.051 0.058 0.066 0.072 0.076 0.077 0.076 0.072 0.069 0.068 0.070 0.075 0.087 0.112 0.158 0.238 0.374 0.584
10.311 10.075 9.855 9.655 9.466 9.261 9.039 8.796 8.543 8.275 8.002 7.739 7.486 7.240 7.004 6.774 6.548 6.317 6.066 5.816 5.599 5.418 5.253 5.093 4.933 4.774 4.614 4.450 4.263 4.031 3.726 3.317 2.811 2.296 1.834 1.400 1.006 0.680 0.436 0.273 0.171 0.110 0.074 0.054 0.044 0.039 0.038 0.038 0.038 0.038 0.040 0.042 0.046 0.050 0.055 0.062 0.070 0.083 0.100 0.115 0.127 0.135 0.140 0.142 0.140 0.133 0.127 0.126 0.129 0.143 0.173 0.228 0.315 0.443 0.620 0.828
10.399 10.181 9.961 9.753 9.562 9.361 9.148 8.924 8.699 8.478 8.252 8.010 7.758 7.502 7.252 7.005 6.756 6.498 6.214 5.927 5.681 5.482 5.313 5.151 4.986 4.828 4.683 4.536 4.371 4.158 3.856 3.444 2.944 2.486 2.102 1.751 1.411 1.080 0.777 0.527 0.348 0.228 0.150 0.103 0.079 0.067 0.063 0.062 0.062 0.062 0.065 0.070 0.078 0.089 0.101 0.117 0.139 0.173 0.212 0.241 0.256 0.265 0.271 0.272 0.267 0.256 0.247 0.246 0.255 0.287 0.351 0.445 0.563 0.695 0.830 0.965
10.447 10.239 10.018 9.805 9.611 9.416 9.217 9.019 8.829 8.657 8.486 8.282 8.033 7.764 7.492 7.220 6.942 6.653 6.352 6.051 5.788 5.570 5.383 5.208 5.046 4.901 4.763 4.615 4.451 4.235 3.929 3.524 3.054 2.649 2.318 2.025 1.747 1.466 1.180 0.898 0.653 0.464 0.320 0.220 0.161 0.132 0.120 0.114 0.113 0.114 0.119 0.130 0.148 0.172 0.203 0.242 0.296 0.367 0.439 0.487 0.510 0.520 0.524 0.521 0.511 0.497 0.486 0.486 0.505 0.560 0.659 0.764 0.840 0.894 0.944 1.010
10.458 10.256 10.037 9.819 9.615 9.426 9.251 9.089 8.943 8.819 8.681 8.502 8.271 8.005 7.718 7.427 7.129 6.814 6.494 6.189 5.916 5.677 5.468 5.278 5.127 5.004 4.857 4.694 4.510 4.277 3.962 3.565 3.139 2.786 2.497 2.249 2.026 1.815 1.597 1.361 1.117 0.889 0.679 0.493 0.362 0.289 0.254 0.236 0.229 0.229 0.237 0.258 0.297 0.354 0.425 0.506 0.602 0.709 0.806 0.874 0.913 0.931 0.936 0.928 0.910 0.895 0.887 0.890 0.913 0.967 1.033 1.061 1.039 1.003 0.985 1.001
10.416 10.223 10.009 9.785 9.577 9.400 9.255 9.138 9.049 8.962 8.840 8.670 8.455 8.204 7.925 7.635 7.326 6.986 6.645 6.336 6.055 5.799 5.577 5.385 5.253 5.138 4.972 4.778 4.558 4.295 3.967 3.571 3.194 2.894 2.647 2.435 2.257 2.107 1.974 1.843 1.693 1.514 1.304 1.052 0.802 0.637 0.545 0.496 0.473 0.467 0.477 0.514 0.588 0.705 0.837 0.955 1.068 1.174 1.267 1.342 1.392 1.412 1.405 1.373 1.329 1.304 1.295 1.296 1.305 1.311 1.292 1.235 1.145 1.050 0.987 0.947
10.293 10.119 9.919 9.693 9.491 9.335 9.225 9.161 9.123 9.060 8.954 8.798 8.600 8.368 8.104 7.821 7.513 7.161 6.799 6.477 6.190 5.932 5.708 5.533 5.408 5.258 5.064 4.847 4.596 4.300 3.946 3.555 3.226 2.972 2.761 2.583 2.442 2.335 2.258 2.206 2.163 2.099 1.987 1.779 1.469 1.195 1.027 0.930 0.878 0.860 0.870 0.927 1.052 1.239 1.416 1.543 1.631 1.684 1.708 1.722 1.733 1.726 1.693 1.630 1.566 1.532 1.520 1.515 1.510 1.484 1.415 1.310 1.184 1.063 0.955 0.844
10.014 9.887 9.735 9.520 9.338 9.219 9.149 9.135 9.139 9.105 9.020 8.881 8.704 8.493 8.249 7.973 7.659 7.301 6.929 6.593 6.298 6.043 5.827 5.656 5.507 5.320 5.109 4.883 4.618 4.290 3.902 3.530 3.239 3.011 2.830 2.686 2.577 2.500 2.451 2.430 2.436 2.430 2.379 2.237 1.978 1.696 1.511 1.410 1.358 1.338 1.351 1.443 1.639 1.861 2.015 2.094 2.113 2.090 2.031 1.966 1.917 1.869 1.805 1.717 1.645 1.605 1.588 1.578 1.564 1.528 1.446 1.327 1.190 1.045 0.888 0.731
9.480 9.401 9.334 9.211 9.087 9.015 8.998 9.030 9.065 9.071 9.023 8.914 8.766 8.582 8.357 8.087 7.766 7.405 7.033 6.686 6.383 6.125 5.906 5.719 5.540 5.339 5.121 4.894 4.620 4.262 3.839 3.491 3.227 3.014 2.852 2.736 2.655 2.601 2.566 2.551 2.559 2.553 2.515 2.403 2.195 1.964 1.813 1.737 1.708 1.706 1.753 1.915 2.163 2.343 2.431 2.458 2.439 2.372 2.254 2.116 2.009 1.918 1.826 1.727 1.651 1.604 1.579 1.562 1.544 1.507 1.431 1.314 1.168 0.994 0.801 0.631
8.702 8.636 8.625 8.622 8.610 8.631 8.703 8.807 8.894 8.947 8.951 8.897 8.789 8.632 8.421 8.156 7.835 7.477 7.112 6.762 6.452 6.181 5.945 5.729 5.520 5.310 5.095 4.860 4.566 4.177 3.736 3.403 3.166 2.981 2.841 2.744 2.681 2.641 2.617 2.601 2.589 2.568 2.528 2.427 2.248 2.073 1.973 1.929 1.921 1.940 2.032 2.250 2.501 2.635 2.675 2.669 2.629 2.535 2.385 2.205 2.050 1.927 1.812 1.703 1.616 1.554 1.511 1.479 1.448 1.410 1.347 1.242 1.092 0.901 0.699 0.540
7.819 7.738 7.713 7.731 7.789 7.916 8.106 8.342 8.554 8.709 8.801 8.821 8.760 8.628 8.432 8.174 7.861 7.515 7.162 6.823 6.509 6.212 5.933 5.668 5.417 5.181 4.943 4.672 4.336 3.920 3.502 3.203 3.004 2.868 2.771 2.706 2.670 2.647 2.628 2.605 2.578 2.545 2.499 2.406 2.244 2.102 2.039 2.022 2.031 2.083 2.216 2.452 2.668 2.768 2.785 2.763 2.701 2.592 2.438 2.250 2.063 1.901 1.755 1.621 1.511 1.426 1.363 1.312 1.265 1.217 1.159 1.071 0.939 0.762 0.584 0.455
6.824 6.711 6.659 6.666 6.733 6.873 7.109 7.461 7.856 8.214 8.482 8.627 8.645 8.551 8.370 8.125 7.827 7.507 7.179 6.856 6.540 6.191 5.839 5.504 5.182 4.854 4.511 4.146 3.753 3.347 3.010 2.794 2.670 2.598 2.568 2.569 2.596 2.609 2.593 2.560 2.518 2.472 2.416 2.330 2.197 2.088 2.047 2.044 2.073 2.160 2.318 2.534 2.707 2.793 2.805 2.776 2.704 2.589 2.439 2.256 2.043 1.829 1.642 1.476 1.336 1.228 1.144 1.077 1.017 0.956 0.893 0.816 0.716 0.590 0.471 0.385
5.759 5.574 5.480 5.468 5.525 5.651 5.873 6.216 6.678 7.206 7.686 8.072 8.315 8.354 8.221 7.997 7.729 7.447 7.155 6.845 6.496 6.072 5.630 5.188 4.724 4.222 3.712 3.237 2.817 2.479 2.251 2.137 2.103 2.111 2.167 2.268 2.388 2.455 2.459 2.426 2.375 2.313 2.247 2.166 2.070 2.010 1.997 2.018 2.077 2.187 2.351 2.532 2.658 2.713 2.716 2.682 2.608 2.501 2.367 2.194 1.964 1.705 1.487 1.307 1.161 1.047 0.957 0.883 0.817 0.751 0.682 0.609 0.533 0.455 0.385 0.331
4.650 4.370 4.207 4.151 4.180 4.276 4.456 4.739 5.136 5.634 6.197 6.837 7.464 7.843 7.907 7.773 7.560 7.322 7.062 6.746 6.333 5.817 5.249 4.643 4.000 3.384 2.848 2.407 2.057 1.796 1.622 1.534 1.514 1.548 1.634 1.786 1.981 2.115 2.164 2.149 2.102 2.032 1.954 1.882 1.830 1.816 1.844 1.918 2.030 2.163 2.297 2.390 2.422 2.410 2.385 2.347 2.295 2.229 2.143 2.003 1.791 1.533 1.320 1.154 1.018 0.906 0.815 0.739 0.670 0.604 0.537 0.473 0.416 0.368 0.329 0.297
3.587 3.266 3.046 2.912 2.854 2.856 2.922 3.064 3.321 3.713 4.254 4.986 5.936 6.781 7.213 7.312 7.256 7.095 6.851 6.506 6.025 5.402 4.679 3.947 3.276 2.723 2.280 1.927 1.648 1.433 1.280 1.183 1.138 1.138 1.184 1.284 1.445 1.594 1.669 1.675 1.643 1.578 1.502 1.454 1.445 1.475 1.554 1.688 1.836 1.945 1.992 1.964 1.881 1.795 1.741 1.714 1.712 1.728 1.722 1.656 1.517 1.325 1.151 1.011 0.890 0.784 0.695 0.622 0.556 0.494 0.436 0.387 0.348 0.319 0.297 0.279
2.560 2.259 2.049 1.896 1.782 1.707 1.676 1.686 1.763 1.946 2.294 2.911 3.896 5.042 5.894 6.353 6.548 6.536 6.352 5.999 5.472 4.781 3.995 3.288 2.722 2.279 1.932 1.656 1.430 1.245 1.103 1.001 0.933 0.896 0.890 0.921 0.998 1.087 1.131 1.136 1.114 1.061 1.008 0.986 0.988 1.026 1.123 1.265 1.366 1.391 1.341 1.224 1.104 1.036 1.010 1.016 1.058 1.143 1.216 1.227 1.181 1.091 0.983 0.877 0.772 0.673 0.591 0.523 0.464 0.411 0.366 0.331 0.308 0.294 0.282 0.273
1.571 1.379 1.231 1.107 0.995 0.898 0.826 0.790 0.791 0.843 0.994 1.318 1.906 2.832 3.855 4.608 5.033 5.186 5.129 4.889 4.467 3.897 3.248 2.693 2.261 1.928 1.666 1.450 1.266 1.106 0.978 0.880 0.805 0.751 0.717 0.703 0.712 0.733 0.738 0.726 0.698 0.653 0.620 0.607 0.608 0.632 0.690 0.753 0.770 0.744 0.676 0.591 0.536 0.518 0.526 0.557 0.617 0.718 0.830 0.890 0.900 0.875 0.823 0.750 0.663 0.575 0.500 0.440 0.391 0.349 0.317 0.295 0.285 0.280 0.276 0.271
0.795 0.711 0.635 0.562 0.486 0.412 0.356 0.324 0.314 0.320 0.357 0.465 0.702 1.128 1.753 2.376 2.832 3.089 3.189 3.177 3.049 2.793 2.443 2.108 1.836 1.611 1.424 1.261 1.114 0.979 0.866 0.776 0.705 0.649 0.606 0.572 0.546 0.528 0.509 0.484 0.449 0.410 0.383 0.369 0.365 0.370 0.386 0.394 0.385 0.357 0.313 0.276 0.263 0.267 0.287 0.327 0.387 0.475 0.583 0.659 0.690 0.691 0.672 0.627 0.562 0.487 0.423 0.373 0.333 0.303 0.283 0.272 0.269 0.273 0.275 0.273
0.315 0.296 0.273 0.246 0.213 0.177 0.150 0.133 0.124 0.123 0.127 0.149 0.209 0.337 0.563 0.856 1.097 1.273 1.400 1.496 1.564 1.585 1.551 1.486 1.405 1.304 1.193 1.079 0.966 0.856 0.758 0.678 0.613 0.561 0.517 0.478 0.444 0.414 0.385 0.354 0.320 0.286 0.260 0.245 0.237 0.232 0.228 0.221 0.209 0.191 0.171 0.161 0.160 0.168 0.190 0.227 0.281 0.353 0.438 0.503 0.538 0.547 0.540 0.514 0.468 0.411 0.360 0.320 0.289 0.270 0.260 0.257 0.260 0.270 0.277 0.278
