RESULTS/r.avaflow_results/14b_results/14b_ascii/14b_hflow10067.asc
ncols 506
nrows 317
xllcenter 498237.50
yllcenter 5580050.00
cellsize 12.50
NODATA_value -9999.000
[rows 136 to 169 of 317, columns 152 to 227 of 506]
0.008 0.010 0.015 0.022 0.028 0.030 0.030 0.029 0.026 0.019 0.014 0.011 0.009 0.008 0.007 0.007 0.007 0.007 0.006 0.006 0.005 0.003 0.002 0.002 0.001 0.001 0.001 0.001 0.001 0.001 0.001 0.000 0.000 0.000 0.000 0.000 0.000 0.000 0.000 0.000 0.000 0.000 0.000 0.000 0.000 0.000 0.000 0.000 0.000 0.000 0.000 0.000 0.000 0.000 0.000 0.000 0.000 0.000 0.000 0.000 0.000 0.000 0.000 0.000 0.000 0.000 0.000 0.000 0.000 0.000 0.000 0.000 0.000 0.000 0.000 0.000
0.025 0.034 0.052 0.080 0.101 0.109 0.109 0.102 0.084 0.061 0.046 0.037 0.032 0.028 0.026 0.025 0.024 0.022 0.021 0.018 0.015 0.011 0.008 0.006 0.004 0.004 0.004 0.004 0.003 0.003 0.002 0.001 0.001 0.000 0.000 0.000 0.000 0.000 0.000 0.000 0.000 0.000 0.000 0.000 0.000 0.000 0.000 0.000 0.000 0.000 0.000 0.000 0.000 0.000 0.000 0.000 0.000 0.000 0.000 0.000 0.000 0.000 0.000 0.000 0.000 0.000 0.000 0.000 0.000 0.000 0.000 0.000 0.000 0.000 0.000 0.000
0.072 0.105 0.164 0.243 0.300 0.323 0.320 0.293 0.241 0.180 0.139 0.115 0.102 0.093 0.087 0.083 0.079 0.072 0.064 0.055 0.045 0.034 0.024 0.018 0.014 0.013 0.013 0.012 0.012 0.010 0.008 0.005 0.002 0.001 0.001 0.000 0.000 0.000 0.000 0.000 0.000 0.000 0.000 0.000 0.000 0.000 0.000 0.000 0.000 0.000 0.000 0.000 0.000 0.000 0.000 0.000 0.000 0.000 0.000 0.000 0.000 0.000 0.000 0.000 0.000 0.000 0.000 0.000 0.000 0.000 0.000 0.000 0.000 0.000 0.000 0.000
0.179 0.261 0.380 0.500 0.576 0.609 0.610 0.583 0.517 0.421 0.343 0.297 0.274 0.264 0.258 0.253 0.241 0.218 0.190 0.162 0.134 0.105 0.079 0.059 0.047 0.042 0.040 0.039 0.037 0.034 0.028 0.018 0.009 0.004 0.001 0.001 0.000 0.000 0.000 0.000 0.000 0.000 0.000 0.000 0.000 0.000 0.000 0.000 0.000 0.000 0.000 0.000 0.000 0.000 0.000 0.000 0.000 0.000 0.000 0.000 0.000 0.000 0.000 0.000 0.000 0.000 0.000 0.000 0.000 0.000 0.000 0.000 0.000 0.000 0.000 0.000
0.317 0.424 0.548 0.649 0.715 0.748 0.761 0.757 0.732 0.681 0.625 0.590 0.575 0.587 0.601 0.601 0.581 0.535 0.476 0.417 0.357 0.293 0.231 0.181 0.146 0.127 0.118 0.111 0.105 0.097 0.084 0.061 0.032 0.014 0.006 0.002 0.001 0.001 0.000 0.000 0.000 0.000 0.000 0.000 0.000 0.000 0.000 0.000 0.000 0.000 0.000 0.000 0.000 0.000 0.000 0.000 0.000 0.000 0.000 0.000 0.000 0.000 0.000 0.000 0.000 0.000 0.000 0.000 0.000 0.000 0.000 0.000 0.000 0.000 0.000 0.000
0.397 0.503 0.606 0.684 0.739 0.776 0.801 0.818 0.827 0.825 0.820 0.832 0.868 0.931 0.979 0.996 0.987 0.953 0.897 0.824 0.738 0.637 0.525 0.426 0.354 0.306 0.276 0.254 0.236 0.217 0.190 0.147 0.089 0.044 0.019 0.007 0.003 0.001 0.001 0.001 0.000 0.000 0.000 0.000 0.000 0.000 0.000 0.000 0.000 0.000 0.000 0.000 0.000 0.000 0.000 0.000 0.000 0.000 0.000 0.000 0.000 0.000 0.000 0.000 0.000 0.000 0.000 0.000 0.000 0.000 0.000 0.000 0.000 0.000 0.000 0.000
0.428 0.525 0.612 0.681 0.735 0.777 0.813 0.845 0.873 0.899 0.929 0.975 1.049 1.141 1.203 1.232 1.237 1.229 1.205 1.161 1.096 1.007 0.896 0.776 0.668 0.580 0.515 0.468 0.427 0.386 0.338 0.271 0.181 0.102 0.050 0.022 0.009 0.004 0.002 0.001 0.001 0.001 0.000 0.000 0.000 0.000 0.000 0.000 0.000 0.000 0.000 0.000 0.000 0.000 0.000 0.000 0.000 0.000 0.000 0.000 0.000 0.000 0.000 0.000 0.000 0.000 0.000 0.000 0.000 0.000 0.000 0.000 0.000 0.000 0.000 0.000
0.445 0.532 0.608 0.672 0.726 0.774 0.819 0.863 0.907 0.952 1.003 1.071 1.165 1.264 1.333 1.372 1.390 1.395 1.389 1.366 1.322 1.257 1.175 1.080 0.982 0.886 0.798 0.721 0.651 0.580 0.502 0.408 0.293 0.184 0.103 0.052 0.025 0.013 0.007 0.005 0.003 0.002 0.001 0.001 0.000 0.000 0.000 0.000 0.000 0.000 0.000 0.000 0.000 0.000 0.000 0.000 0.000 0.000 0.000 0.000 0.000 0.000 0.000 0.000 0.000 0.000 0.000 0.000 0.000 0.000 0.000 0.000 0.000 0.000 0.000 0.000
0.460 0.536 0.604 0.663 0.718 0.770 0.822 0.875 0.930 0.991 1.061 1.147 1.255 1.360 1.440 1.494 1.525 1.537 1.539 1.530 1.506 1.464 1.407 1.336 1.256 1.168 1.077 0.983 0.887 0.785 0.674 0.548 0.407 0.278 0.176 0.103 0.059 0.035 0.023 0.017 0.013 0.009 0.006 0.003 0.001 0.001 0.000 0.000 0.000 0.000 0.000 0.000 0.000 0.000 0.000 0.000 0.000 0.000 0.000 0.000 0.000 0.000 0.000 0.000 0.000 0.000 0.000 0.000 0.000 0.000 0.000 0.000 0.000 0.000 0.000 0.000
0.472 0.540 0.602 0.659 0.714 0.768 0.823 0.881 0.947 1.022 1.109 1.212 1.333 1.444 1.535 1.605 1.652 1.679 1.691 1.693 1.685 1.663 1.628 1.580 1.518 1.443 1.353 1.250 1.133 1.003 0.857 0.694 0.528 0.385 0.270 0.183 0.123 0.088 0.068 0.057 0.048 0.039 0.027 0.014 0.007 0.003 0.001 0.001 0.001 0.001 0.000 0.000 0.000 0.000 0.000 0.000 0.000 0.000 0.000 0.000 0.000 0.000 0.000 0.000 0.000 0.000 0.000 0.000 0.000 0.000 0.000 0.000 0.000 0.000 0.000 0.000
0.485 0.547 0.604 0.658 0.711 0.765 0.822 0.886 0.960 1.048 1.153 1.275 1.405 1.522 1.623 1.706 1.771 1.816 1.843 1.859 1.865 1.860 1.846 1.817 1.774 1.712 1.629 1.521 1.390 1.234 1.054 0.852 0.668 0.519 0.403 0.315 0.253 0.215 0.193 0.179 0.165 0.146 0.112 0.066 0.032 0.014 0.007 0.004 0.002 0.001 0.001 0.001 0.001 0.001 0.000 0.000 0.000 0.000 0.000 0.000 0.000 0.000 0.000 0.000 0.000 0.000 0.000 0.000 0.000 0.000 0.000 0.000 0.000 0.000 0.000 0.000
0.501 0.557 0.609 0.660 0.710 0.762 0.820 0.889 0.972 1.074 1.197 1.338 1.476 1.599 1.708 1.803 1.884 1.949 1.997 2.030 2.050 2.061 2.063 2.053 2.027 1.981 1.907 1.801 1.660 1.484 1.269 1.045 0.860 0.724 0.629 0.565 0.531 0.525 0.535 0.536 0.526 0.488 0.402 0.266 0.138 0.066 0.032 0.017 0.010 0.007 0.005 0.003 0.002 0.001 0.001 0.001 0.000 0.000 0.000 0.000 0.000 0.000 0.000 0.000 0.000 0.000 0.000 0.000 0.000 0.000 0.000 0.000 0.000 0.000 0.000 0.000
0.526 0.576 0.622 0.666 0.710 0.759 0.818 0.891 0.985 1.103 1.247 1.407 1.552 1.681 1.796 1.901 1.996 2.081 2.152 2.209 2.251 2.280 2.294 2.296 2.286 2.256 2.195 2.095 1.951 1.761 1.527 1.321 1.177 1.088 1.048 1.052 1.098 1.192 1.284 1.329 1.334 1.291 1.145 0.866 0.517 0.268 0.137 0.075 0.046 0.031 0.022 0.017 0.012 0.008 0.004 0.002 0.001 0.001 0.001 0.000 0.000 0.000 0.000 0.000 0.000 0.000 0.000 0.000 0.000 0.000 0.000 0.000 0.000 0.000 0.000 0.000
0.592 0.630 0.659 0.687 0.721 0.764 0.823 0.901 1.005 1.142 1.311 1.488 1.643 1.777 1.897 2.008 2.113 2.215 2.312 2.402 2.473 2.522 2.551 2.562 2.562 2.547 2.501 2.414 2.279 2.090 1.894 1.764 1.703 1.697 1.750 1.868 2.057 2.306 2.509 2.612 2.640 2.610 2.437 2.036 1.439 0.872 0.495 0.288 0.183 0.129 0.097 0.076 0.058 0.040 0.024 0.012 0.006 0.003 0.001 0.001 0.001 0.000 0.000 0.000 0.000 0.000 0.000 0.000 0.000 0.000 0.000 0.000 0.000 0.000 0.000 0.000
0.810 0.821 0.805 0.795 0.807 0.838 0.891 0.973 1.087 1.235 1.415 1.604 1.766 1.902 2.021 2.132 2.242 2.354 2.476 2.609 2.721 2.797 2.844 2.869 2.877 2.870 2.843 2.785 2.684 2.541 2.445 2.418 2.462 2.568 2.747 3.015 3.339 3.626 3.808 3.897 3.927 3.925 3.837 3.541 2.931 2.114 1.395 0.928 0.648 0.483 0.383 0.312 0.250 0.184 0.112 0.060 0.028 0.013 0.006 0.003 0.002 0.001 0.001 0.001 0.001 0.001 0.001 0.001 0.001 0.001 0.001 0.000 0.000 0.000 0.000 0.000
1.443 1.386 1.269 1.177 1.142 1.145 1.179 1.251 1.359 1.496 1.663 1.850 2.005 2.128 2.231 2.325 2.416 2.518 2.653 2.835 3.006 3.120 3.191 3.232 3.251 3.258 3.264 3.261 3.227 3.182 3.197 3.275 3.420 3.637 3.912 4.201 4.457 4.648 4.766 4.830 4.860 4.864 4.835 4.714 4.413 3.818 2.992 2.306 1.860 1.551 1.328 1.140 0.950 0.733 0.479 0.263 0.129 0.059 0.027 0.013 0.007 0.005 0.003 0.003 0.002 0.002 0.002 0.002 0.002 0.002 0.002 0.002 0.001 0.001 0.001 0.001
2.790 2.621 2.372 2.159 2.028 1.957 1.930 1.950 2.006 2.102 2.233 2.400 2.536 2.628 2.694 2.748 2.800 2.867 2.984 3.172 3.389 3.544 3.641 3.700 3.736 3.772 3.826 3.888 3.948 4.023 4.133 4.292 4.505 4.761 5.014 5.238 5.411 5.536 5.614 5.654 5.672 5.659 5.632 5.580 5.475 5.255 4.849 4.389 4.015 3.709 3.427 3.121 2.733 2.234 1.616 0.974 0.513 0.244 0.112 0.055 0.030 0.019 0.013 0.010 0.009 0.009 0.008 0.008 0.008 0.008 0.008 0.007 0.006 0.005 0.004 0.003
4.949 4.659 4.302 3.949 3.668 3.453 3.301 3.205 3.163 3.181 3.245 3.363 3.464 3.520 3.548 3.564 3.577 3.608 3.681 3.811 3.998 4.163 4.274 4.351 4.413 4.485 4.580 4.702 4.855 5.030 5.213 5.413 5.641 5.874 6.069 6.229 6.339 6.410 6.448 6.453 6.433 6.385 6.344 6.316 6.284 6.245 6.184 6.135 6.071 5.988 5.862 5.643 5.261 4.640 3.733 2.610 1.575 0.860 0.433 0.219 0.121 0.076 0.053 0.042 0.037 0.036 0.035 0.036 0.037 0.037 0.035 0.031 0.025 0.020 0.016 0.012
7.786 7.409 6.993 6.527 6.054 5.628 5.278 5.017 4.841 4.740 4.703 4.743 4.791 4.808 4.809 4.811 4.808 4.817 4.838 4.868 4.947 5.052 5.146 5.231 5.315 5.418 5.553 5.726 5.934 6.158 6.381 6.597 6.803 6.986 7.119 7.204 7.252 7.272 7.250 7.199 7.125 7.047 6.987 6.951 6.942 6.957 7.032 7.165 7.229 7.243 7.208 7.072 6.780 6.292 5.580 4.632 3.445 2.242 1.342 0.781 0.462 0.295 0.208 0.164 0.145 0.140 0.140 0.149 0.159 0.160 0.152 0.134 0.104 0.078 0.060 0.045
10.962 10.537 10.085 9.555 8.917 8.241 7.665 7.219 6.888 6.648 6.495 6.426 6.405 6.402 6.399 6.415 6.429 6.432 6.408 6.338 6.276 6.272 6.307 6.376 6.471 6.598 6.761 6.954 7.164 7.387 7.615 7.817 7.978 8.091 8.159 8.182 8.161 8.102 8.001 7.880 7.760 7.646 7.550 7.491 7.464 7.469 7.530 7.637 7.690 7.696 7.652 7.528 7.298 6.941 6.446 5.800 4.979 3.987 2.960 2.054 1.405 0.998 0.749 0.606 0.534 0.513 0.520 0.573 0.629 0.636 0.606 0.527 0.404 0.293 0.216 0.160
14.275 13.838 13.340 12.729 11.950 11.015 10.207 9.575 9.093 8.737 8.484 8.317 8.224 8.193 8.193 8.211 8.228 8.223 8.172 8.053 7.898 7.809 7.780 7.811 7.895 8.015 8.159 8.323 8.505 8.706 8.906 9.057 9.158 9.203 9.213 9.168 9.056 8.886 8.690 8.505 8.330 8.179 8.050 7.955 7.885 7.849 7.840 7.850 7.844 7.813 7.734 7.586 7.364 7.064 6.688 6.228 5.671 5.026 4.338 3.663 3.021 2.457 2.031 1.752 1.610 1.572 1.617 1.792 1.941 1.962 1.862 1.603 1.220 0.863 0.612 0.436
17.692 17.255 16.689 15.943 14.978 13.836 12.822 12.012 11.401 10.937 10.604 10.373 10.224 10.148 10.120 10.104 10.086 10.048 9.976 9.841 9.651 9.526 9.470 9.473 9.519 9.591 9.688 9.797 9.948 10.107 10.234 10.324 10.358 10.342 10.272 10.123 9.890 9.609 9.329 9.085 8.845 8.646 8.486 8.346 8.238 8.148 8.077 8.013 7.954 7.876 7.766 7.601 7.371 7.080 6.732 6.332 5.885 5.427 5.011 4.648 4.320 3.995 3.708 3.499 3.387 3.375 3.502 3.750 3.886 3.873 3.679 3.235 2.548 1.825 1.287 0.903
21.090 20.604 19.917 19.012 17.831 16.553 15.438 14.520 13.796 13.251 12.851 12.565 12.367 12.234 12.142 12.076 12.015 11.931 11.832 11.695 11.510 11.374 11.304 11.271 11.275 11.299 11.340 11.387 11.478 11.574 11.624 11.643 11.594 11.471 11.274 11.001 10.650 10.271 9.904 9.596 9.315 9.067 8.866 8.691 8.539 8.397 8.271 8.155 8.048 7.931 7.789 7.605 7.369 7.081 6.751 6.376 5.974 5.607 5.312 5.100 4.949 4.817 4.710 4.643 4.622 4.662 4.799 4.955 5.007 4.954 4.723 4.246 3.511 2.650 1.955 1.431
24.314 23.726 22.923 21.891 20.534 19.157 18.002 17.041 16.268 15.668 15.207 14.866 14.615 14.426 14.259 14.132 14.016 13.893 13.764 13.622 13.462 13.340 13.252 13.191 13.158 13.126 13.109 13.103 13.107 13.102 13.054 12.951 12.781 12.516 12.186 11.797 11.354 10.880 10.436 10.054 9.730 9.444 9.190 8.973 8.780 8.600 8.429 8.276 8.127 7.973 7.802 7.600 7.359 7.079 6.764 6.411 6.066 5.767 5.530 5.360 5.245 5.169 5.134 5.132 5.155 5.206 5.283 5.332 5.333 5.259 5.045 4.625 3.970 3.138 2.402 1.831
27.280 26.548 25.627 24.457 23.058 21.654 20.474 19.496 18.729 18.110 17.617 17.243 16.948 16.697 16.470 16.274 16.093 15.938 15.783 15.619 15.482 15.375 15.293 15.208 15.133 15.045 14.968 14.899 14.797 14.647 14.451 14.189 13.870 13.474 13.014 12.501 11.959 11.425 10.923 10.478 10.095 9.765 9.465 9.206 8.977 8.767 8.567 8.379 8.195 8.011 7.813 7.595 7.349 7.075 6.774 6.458 6.174 5.933 5.738 5.590 5.481 5.411 5.373 5.357 5.362 5.380 5.393 5.381 5.349 5.262 5.065 4.702 4.148 3.418 2.704 2.132
29.981 29.050 27.996 26.733 25.382 24.046 22.871 21.887 21.076 20.435 19.929 19.552 19.237 18.974 18.741 18.512 18.296 18.089 17.905 17.737 17.603 17.492 17.411 17.304 17.181 17.032 16.852 16.656 16.414 16.122 15.766 15.350 14.875 14.344 13.766 13.136 12.498 11.918 11.367 10.872 10.425 10.035 9.691 9.391 9.131 8.898 8.677 8.463 8.255 8.046 7.829 7.601 7.353 7.079 6.795 6.525 6.296 6.108 5.944 5.812 5.708 5.631 5.576 5.539 5.506 5.479 5.453 5.412 5.337 5.214 5.018 4.695 4.212 3.576 2.910 2.362
32.368 31.238 30.098 28.801 27.548 26.337 25.140 24.172 23.342 22.677 22.147 21.752 21.442 21.194 21.013 20.815 20.588 20.351 20.165 20.001 19.858 19.723 19.556 19.366 19.153 18.901 18.617 18.292 17.917 17.481 16.979 16.415 15.797 15.142 14.440 13.707 13.001 12.356 11.761 11.219 10.716 10.270 9.877 9.540 9.250 8.991 8.751 8.526 8.305 8.084 7.862 7.628 7.373 7.100 6.841 6.619 6.437 6.281 6.144 6.021 5.921 5.833 5.762 5.698 5.639 5.578 5.515 5.440 5.334 5.177 4.953 4.647 4.220 3.657 3.048 2.539
34.518 33.235 31.982 30.701 29.572 28.460 27.304 26.378 25.551 24.860 24.333 23.924 23.622 23.407 23.268 23.097 22.900 22.688 22.483 22.274 22.068 21.864 21.609 21.324 21.019 20.669 20.254 19.786 19.279 18.710 18.089 17.393 16.647 15.861 15.049 14.252 13.491 12.768 12.113 11.518 10.955 10.454 10.028 9.652 9.330 9.050 8.797 8.566 8.347 8.129 7.904 7.670 7.416 7.150 6.925 6.740 6.585 6.447 6.330 6.221 6.122 6.026 5.934 5.847 5.764 5.678 5.586 5.476 5.334 5.146 4.901 4.591 4.194 3.696 3.147 2.682
36.418 35.002 33.694 32.494 31.431 30.416 29.400 28.508 27.725 27.030 26.532 26.111 25.835 25.629 25.490 25.337 25.139 24.937 24.717 24.459 24.186 23.922 23.564 23.180 22.789 22.324 21.756 21.161 20.530 19.852 19.105 18.279 17.409 16.500 15.606 14.746 13.939 13.153 12.422 11.762 11.162 10.619 10.150 9.743 9.392 9.088 8.824 8.591 8.381 8.174 7.958 7.729 7.483 7.240 7.040 6.876 6.733 6.609 6.504 6.404 6.306 6.209 6.104 5.997 5.887 5.775 5.654 5.513 5.337 5.123 4.867 4.558 4.180 3.718 3.230 2.815
38.127 36.595 35.310 34.200 33.232 32.320 31.443 30.659 29.929 29.218 28.758 28.368 28.067 27.869 27.714 27.555 27.342 27.128 26.860 26.518 26.164 25.828 25.406 24.935 24.452 23.846 23.137 22.410 21.658 20.868 19.998 19.068 18.094 17.080 16.118 15.196 14.331 13.498 12.693 11.972 11.331 10.758 10.254 9.814 9.431 9.106 8.836 8.604 8.396 8.198 8.000 7.788 7.570 7.359 7.171 7.010 6.876 6.763 6.664 6.571 6.477 6.380 6.271 6.148 6.015 5.876 5.722 5.547 5.346 5.115 4.853 4.545 4.177 3.743 3.309 2.946
39.714 38.191 36.910 35.834 35.039 34.304 33.492 32.815 32.175 31.524 31.116 30.779 30.430 30.263 30.116 29.883 29.575 29.266 28.896 28.491 28.071 27.647 27.156 26.571 25.945 25.173 24.350 23.523 22.671 21.768 20.798 19.745 18.676 17.590 16.567 15.577 14.644 13.757 12.920 12.159 11.470 10.863 10.324 9.856 9.453 9.114 8.837 8.608 8.401 8.206 8.021 7.836 7.652 7.468 7.289 7.134 7.011 6.909 6.817 6.725 6.635 6.541 6.428 6.298 6.151 5.987 5.802 5.593 5.364 5.118 4.851 4.544 4.183 3.776 3.396 3.084
41.062 39.731 38.511 37.467 36.853 36.336 35.630 35.041 34.467 33.856 33.564 33.358 32.987 32.759 32.600 32.295 31.876 31.422 30.928 30.479 29.957 29.431 28.839 28.107 27.305 26.366 25.421 24.508 23.551 22.520 21.448 20.310 19.158 18.008 16.926 15.881 14.899 13.963 13.103 12.310 11.581 10.942 10.377 9.888 9.474 9.125 8.838 8.602 8.397 8.205 8.027 7.866 7.711 7.554 7.394 7.253 7.141 7.052 6.968 6.880 6.791 6.698 6.584 6.447 6.292 6.111 5.899 5.660 5.405 5.139 4.860 4.552 4.202 3.831 3.503 3.238
42.203 41.196 40.280 39.337 38.873 38.543 37.981 37.431 36.882 36.346 36.112 35.929 35.635 35.343 35.064 34.729 34.276 33.686 33.046 32.434 31.783 31.133 30.399 29.464 28.414 27.322 26.294 25.294 24.265 23.148 21.981 20.764 19.524 18.331 17.201 16.121 15.086 14.118 13.234 12.412 11.653 10.985 10.408 9.908 9.481 9.128 8.831 8.585 8.378 8.194 8.025 7.876 7.741 7.613 7.483 7.368 7.275 7.197 7.123 7.044 6.958 6.863 6.752 6.610 6.443 6.248 6.015 5.754 5.476 5.188 4.896 4.584 4.248 3.922 3.640 3.412
43.403 42.771 42.269 41.544 41.236 41.063 40.506 39.961 39.544 39.110 38.917 38.727 38.415 38.091 37.756 37.383 36.937 36.244 35.451 34.510 33.628 32.749 31.787 30.620 29.419 28.200 27.045 25.925 24.804 23.609 22.366 21.077 19.775 18.558 17.381 16.276 15.225 14.236 13.314 12.472 11.700 11.009 10.418 9.915 9.482 9.119 8.811 8.554 8.340 8.164 8.008 7.868 7.744 7.645 7.560 7.479 7.412 7.350 7.287 7.220 7.139 7.045 6.933 6.787 6.607 6.397 6.151 5.874 5.578 5.276 4.970 4.656 4.340 4.056 3.810 3.610
