RESULTS/r.avaflow_results/14b_results/14b_ascii/14b_hflow0063.asc
ncols 506
nrows 317
xllcenter 498237.50
yllcenter 5580050.00
cellsize 12.50
NODATA_value -9999.000
[rows 170 to 203 of 317, columns 152 to 227 of 506]
45.496 45.143 44.826 44.497 44.272 44.009 43.647 43.237 42.767 42.253 41.897 41.576 41.262 40.952 40.612 40.110 39.439 38.654 37.560 36.318 35.101 33.858 32.638 31.372 30.068 28.827 27.604 26.434 25.243 24.039 22.785 21.478 20.138 18.818 17.580 16.418 15.337 14.325 13.385 12.509 11.716 11.017 10.429 9.937 9.518 9.155 8.845 8.589 8.382 8.220 8.086 7.960 7.848 7.767 7.713 7.678 7.649 7.621 7.595 7.568 7.533 7.471 7.367 7.214 7.024 6.804 6.559 6.297 6.043 5.823 5.637 5.476 5.333 5.211 5.108 5.017
47.689 47.733 47.850 47.881 47.825 47.664 47.305 46.818 46.303 45.736 45.299 44.899 44.505 44.164 43.802 43.298 42.639 41.810 40.602 39.103 37.603 35.984 34.384 32.797 31.206 29.750 28.347 26.980 25.608 24.270 22.934 21.556 20.196 18.878 17.631 16.460 15.373 14.361 13.410 12.528 11.722 11.014 10.413 9.908 9.472 9.084 8.740 8.452 8.225 8.052 7.921 7.814 7.729 7.679 7.667 7.707 7.749 7.767 7.777 7.771 7.740 7.668 7.545 7.376 7.169 6.928 6.662 6.386 6.136 5.926 5.757 5.629 5.521 5.434 5.366 5.301
49.368 49.853 50.502 50.787 50.806 50.692 50.336 49.827 49.356 48.818 48.358 47.930 47.393 47.007 46.708 46.296 45.653 44.826 43.549 41.973 40.377 38.512 36.575 34.664 32.681 30.878 29.185 27.553 25.942 24.412 22.982 21.566 20.194 18.877 17.638 16.463 15.375 14.371 13.426 12.537 11.718 10.988 10.358 9.818 9.348 8.933 8.560 8.237 7.968 7.756 7.601 7.511 7.472 7.478 7.534 7.681 7.841 7.932 7.989 8.012 7.983 7.901 7.763 7.575 7.349 7.088 6.803 6.520 6.272 6.073 5.916 5.807 5.727 5.666 5.611 5.546
50.708 51.620 52.599 53.114 53.309 53.249 52.961 52.511 52.095 51.603 51.148 50.685 50.081 49.613 49.178 48.655 48.002 47.215 46.004 44.422 42.759 40.832 38.760 36.649 34.336 32.061 29.936 27.995 26.198 24.506 22.980 21.531 20.148 18.839 17.604 16.436 15.357 14.363 13.432 12.548 11.702 10.922 10.230 9.627 9.116 8.676 8.279 7.898 7.525 7.205 6.994 6.912 6.916 7.007 7.220 7.567 7.917 8.143 8.255 8.289 8.263 8.170 8.014 7.810 7.566 7.287 6.991 6.709 6.467 6.277 6.124 6.009 5.934 5.887 5.839 5.766
51.485 52.547 53.628 54.360 54.781 54.794 54.653 54.395 54.139 53.841 53.476 52.964 52.270 51.702 51.224 50.758 50.151 49.319 48.059 46.479 44.740 42.718 40.547 38.227 35.642 32.982 30.533 28.359 26.402 24.600 22.976 21.434 20.017 18.691 17.457 16.327 15.285 14.323 13.425 12.557 11.695 10.834 10.023 9.316 8.726 8.222 7.744 7.237 6.735 6.328 6.095 6.029 6.082 6.319 6.783 7.423 7.984 8.371 8.572 8.616 8.580 8.466 8.293 8.078 7.821 7.534 7.234 6.959 6.726 6.538 6.380 6.252 6.158 6.101 6.051 5.969
51.882 52.938 54.039 54.896 55.478 55.625 55.704 55.644 55.541 55.332 54.980 54.634 54.035 53.369 52.773 52.156 51.438 50.645 49.475 47.941 46.289 44.234 41.848 39.359 36.540 33.608 30.932 28.572 26.494 24.616 22.907 21.285 19.793 18.431 17.204 16.105 15.112 14.210 13.382 12.550 11.685 10.745 9.756 8.869 8.106 7.408 6.739 6.104 5.584 5.253 5.132 5.184 5.417 5.873 6.550 7.376 8.082 8.589 8.863 8.927 8.887 8.770 8.599 8.384 8.126 7.841 7.541 7.274 7.047 6.852 6.681 6.542 6.430 6.353 6.280 6.175
51.593 52.636 53.742 54.691 55.418 55.803 56.095 56.205 56.193 56.075 55.858 55.596 54.975 54.202 53.575 52.946 52.203 51.374 50.252 48.802 47.194 45.111 42.626 40.006 37.014 33.954 31.118 28.656 26.513 24.570 22.764 21.059 19.504 18.108 16.856 15.732 14.765 13.955 13.234 12.480 11.636 10.612 9.406 8.227 7.160 6.180 5.358 4.798 4.504 4.408 4.470 4.703 5.134 5.736 6.508 7.427 8.232 8.809 9.114 9.192 9.168 9.078 8.929 8.728 8.485 8.212 7.923 7.657 7.427 7.220 7.035 6.883 6.755 6.649 6.542 6.405
50.759 51.897 53.069 54.178 55.113 55.664 56.067 56.266 56.258 56.162 55.996 55.767 55.149 54.339 53.660 53.069 52.352 51.520 50.380 49.005 47.417 45.384 42.841 40.155 37.098 33.989 31.116 28.611 26.415 24.402 22.553 20.801 19.178 17.708 16.355 15.161 14.181 13.376 12.661 11.884 10.978 9.841 8.479 7.095 5.854 4.883 4.260 3.938 3.837 3.888 4.112 4.534 5.103 5.792 6.645 7.626 8.469 9.059 9.357 9.438 9.445 9.398 9.289 9.125 8.914 8.661 8.386 8.117 7.873 7.649 7.448 7.274 7.126 6.989 6.840 6.667
49.294 50.555 51.876 53.163 54.287 55.057 55.633 55.924 55.894 55.833 55.711 55.481 54.890 54.061 53.378 52.816 52.142 51.232 50.041 48.743 47.264 45.348 42.814 40.065 36.925 33.760 30.883 28.344 26.121 24.076 22.210 20.407 18.726 17.145 15.665 14.316 13.106 11.966 10.888 9.818 8.740 7.568 6.343 5.236 4.391 3.862 3.580 3.477 3.498 3.635 3.980 4.535 5.252 6.108 7.060 8.017 8.799 9.343 9.613 9.700 9.737 9.736 9.681 9.571 9.406 9.186 8.927 8.659 8.396 8.149 7.928 7.732 7.551 7.375 7.180 6.971
47.824 49.124 50.535 51.917 53.140 54.056 54.685 55.001 55.004 55.014 54.900 54.672 54.186 53.510 52.767 51.938 51.144 50.335 49.272 47.960 46.410 44.461 42.000 39.291 36.178 33.078 30.283 27.775 25.532 23.469 21.615 19.846 18.147 16.438 14.727 12.971 11.152 9.309 7.636 6.270 5.235 4.457 3.880 3.489 3.260 3.153 3.144 3.206 3.331 3.557 4.001 4.721 5.696 6.763 7.743 8.582 9.230 9.675 9.904 10.010 10.066 10.102 10.103 10.057 9.943 9.761 9.538 9.276 9.001 8.735 8.484 8.257 8.039 7.820 7.578 7.338
46.423 47.702 49.114 50.458 51.709 52.670 53.287 53.615 53.766 53.782 53.640 53.378 52.954 52.336 51.538 50.626 49.615 48.691 47.679 46.460 44.911 42.973 40.512 37.795 34.797 31.960 29.325 26.896 24.680 22.595 20.686 18.858 17.023 15.091 13.015 10.668 8.208 6.093 4.594 3.614 3.028 2.710 2.570 2.534 2.591 2.703 2.868 3.071 3.296 3.632 4.256 5.229 6.500 7.698 8.620 9.301 9.781 10.109 10.291 10.403 10.470 10.525 10.574 10.582 10.519 10.377 10.191 9.948 9.683 9.403 9.124 8.861 8.606 8.349 8.058 7.779
44.946 46.048 47.309 48.538 49.721 50.716 51.362 51.785 52.124 52.213 52.027 51.598 51.210 50.772 50.082 49.117 47.944 46.871 45.751 44.494 42.827 40.780 38.309 35.535 32.717 30.176 27.836 25.604 23.435 21.206 18.966 16.745 14.549 12.276 9.865 7.358 5.275 3.847 2.932 2.405 2.149 2.062 2.064 2.123 2.262 2.480 2.759 3.070 3.444 4.014 4.904 6.156 7.618 8.816 9.639 10.160 10.488 10.701 10.830 10.918 10.985 11.043 11.108 11.138 11.117 11.024 10.873 10.660 10.409 10.128 9.830 9.533 9.234 8.927 8.599 8.287
43.341 44.265 45.358 46.446 47.522 48.597 49.349 49.969 50.313 50.370 50.247 49.898 49.446 48.942 48.267 47.297 46.064 44.843 43.588 42.091 40.255 38.046 35.416 32.546 29.965 27.715 25.650 23.524 21.125 18.340 15.440 12.671 10.136 7.856 5.946 4.453 3.377 2.660 2.222 1.984 1.883 1.865 1.890 1.979 2.159 2.444 2.833 3.337 4.005 4.902 6.070 7.528 8.979 10.078 10.795 11.193 11.399 11.506 11.576 11.607 11.646 11.681 11.722 11.746 11.738 11.667 11.536 11.346 11.105 10.827 10.512 10.173 9.808 9.450 9.104 8.772
41.812 42.549 43.489 44.406 45.377 46.406 47.198 47.929 48.391 48.475 48.362 48.013 47.411 46.678 45.844 44.801 43.583 42.250 40.834 39.067 37.010 34.677 31.899 28.931 26.282 23.898 21.511 18.893 15.833 12.554 9.565 7.192 5.453 4.201 3.340 2.777 2.412 2.164 1.984 1.868 1.818 1.815 1.859 1.991 2.257 2.705 3.351 4.182 5.199 6.414 7.823 9.317 10.592 11.519 12.116 12.429 12.552 12.594 12.584 12.527 12.491 12.461 12.441 12.425 12.392 12.316 12.183 12.002 11.764 11.469 11.115 10.716 10.296 9.905 9.540 9.185
40.293 40.930 41.676 42.403 43.124 43.856 44.509 45.129 45.550 45.746 45.778 45.443 44.843 43.861 42.763 41.612 40.321 38.895 37.298 35.335 33.002 30.260 27.118 23.985 20.919 17.825 14.680 11.629 8.851 6.571 4.862 3.668 2.874 2.395 2.151 2.056 2.025 1.987 1.921 1.850 1.826 1.869 2.020 2.331 2.847 3.607 4.605 5.782 7.109 8.576 10.092 11.457 12.490 13.202 13.634 13.848 13.901 13.859 13.748 13.621 13.496 13.379 13.279 13.192 13.097 12.990 12.840 12.641 12.379 12.040 11.615 11.123 10.654 10.239 9.852 9.492
38.764 39.307 39.853 40.294 40.659 41.037 41.385 41.745 41.985 42.134 42.216 41.938 41.351 40.276 38.968 37.578 36.173 34.643 32.879 30.550 27.586 24.071 20.573 17.429 14.454 11.565 8.881 6.625 4.898 3.668 2.844 2.310 1.994 1.849 1.813 1.844 1.918 1.954 1.950 1.948 2.030 2.264 2.688 3.324 4.195 5.321 6.667 8.135 9.689 11.271 12.686 13.770 14.480 14.898 15.082 15.116 15.018 14.851 14.686 14.557 14.433 14.299 14.178 14.053 13.893 13.715 13.517 13.268 12.946 12.518 11.983 11.390 10.878 10.442 10.050 9.702
37.241 37.574 37.810 37.915 37.925 37.935 37.999 38.072 38.144 38.168 38.137 37.843 37.172 36.016 34.553 32.843 31.096 29.259 27.144 24.342 20.953 17.605 14.738 12.173 9.837 7.718 5.907 4.517 3.526 2.838 2.361 2.040 1.858 1.789 1.786 1.845 1.964 2.092 2.224 2.408 2.744 3.310 4.110 5.122 6.346 7.787 9.410 11.068 12.642 14.004 15.058 15.760 16.131 16.274 16.221 16.021 15.763 15.551 15.394 15.273 15.177 15.065 14.954 14.815 14.621 14.412 14.168 13.849 13.431 12.872 12.195 11.548 11.004 10.550 10.167 9.839
35.251 35.353 35.173 34.957 34.714 34.461 34.237 34.011 33.812 33.586 33.280 32.772 31.972 30.723 29.002 26.825 24.504 22.326 20.127 17.830 15.326 12.905 10.791 8.929 7.312 5.956 4.861 3.992 3.302 2.757 2.351 2.089 1.966 1.947 2.012 2.162 2.400 2.711 3.083 3.561 4.238 5.170 6.332 7.664 9.159 10.811 12.489 14.024 15.316 16.307 16.972 17.315 17.404 17.280 16.956 16.539 16.211 16.004 15.880 15.799 15.743 15.661 15.563 15.420 15.244 15.035 14.747 14.350 13.804 13.090 12.297 11.618 11.054 10.597 10.229 9.923
32.902 32.727 32.262 31.758 31.311 30.905 30.452 29.918 29.289 28.626 27.853 26.900 25.683 24.152 22.289 20.209 18.072 16.174 14.487 12.919 11.345 9.813 8.438 7.261 6.266 5.418 4.671 3.987 3.393 2.936 2.640 2.512 2.510 2.615 2.834 3.159 3.589 4.134 4.802 5.610 6.611 7.835 9.257 10.775 12.309 13.829 15.257 16.491 17.436 18.059 18.359 18.420 18.244 17.835 17.264 16.768 16.431 16.246 16.154 16.123 16.109 16.067 16.001 15.888 15.742 15.543 15.215 14.713 14.032 13.183 12.335 11.635 11.061 10.603 10.246 9.962
30.169 29.634 29.044 28.404 27.831 27.286 26.645 25.897 24.890 23.675 22.276 20.864 19.489 18.123 16.647 15.063 13.366 11.884 10.726 9.775 8.905 8.070 7.292 6.588 5.949 5.339 4.771 4.280 3.886 3.620 3.515 3.577 3.762 4.073 4.508 5.052 5.706 6.501 7.453 8.558 9.782 11.097 12.485 13.843 15.126 16.323 17.393 18.286 18.913 19.234 19.256 19.062 18.633 18.014 17.339 16.836 16.496 16.325 16.251 16.255 16.281 16.299 16.301 16.263 16.153 15.933 15.532 14.928 14.136 13.207 12.339 11.624 11.042 10.581 10.225 9.955
27.131 26.372 25.646 24.877 24.176 23.489 22.683 21.653 20.240 18.458 16.761 15.442 14.357 13.445 12.542 11.554 10.384 9.341 8.623 8.110 7.680 7.260 6.822 6.377 5.953 5.593 5.322 5.123 4.998 4.985 5.113 5.404 5.846 6.423 7.100 7.870 8.730 9.700 10.770 11.857 12.919 13.994 15.144 16.263 17.248 18.123 18.861 19.434 19.765 19.859 19.700 19.315 18.750 18.036 17.343 16.837 16.498 16.320 16.254 16.264 16.313 16.407 16.488 16.512 16.434 16.175 15.700 15.013 14.159 13.196 12.311 11.573 10.972 10.503 10.150 9.889
23.835 22.866 21.970 21.114 20.231 19.240 18.003 16.451 14.708 13.043 11.867 11.108 10.594 10.205 9.822 9.362 8.728 8.092 7.659 7.371 7.142 6.935 6.707 6.501 6.389 6.410 6.505 6.632 6.802 7.061 7.448 7.983 8.692 9.521 10.332 11.111 11.874 12.698 13.581 14.453 15.275 16.124 17.037 17.902 18.615 19.205 19.643 19.942 20.045 20.016 19.784 19.352 18.746 18.000 17.298 16.779 16.433 16.238 16.169 16.190 16.265 16.417 16.557 16.628 16.566 16.257 15.730 15.009 14.128 13.129 12.207 11.431 10.806 10.321 9.963 9.712
20.188 19.059 17.914 16.717 15.443 14.109 12.650 11.199 9.974 9.071 8.547 8.329 8.315 8.304 8.238 8.075 7.756 7.391 7.148 7.005 6.929 6.901 6.931 7.116 7.436 7.867 8.330 8.781 9.244 9.770 10.389 11.063 11.795 12.514 13.150 13.737 14.311 14.942 15.604 16.242 16.838 17.475 18.139 18.728 19.201 19.589 19.856 20.008 20.038 19.969 19.729 19.300 18.673 17.899 17.161 16.603 16.221 15.999 15.906 15.930 16.027 16.243 16.421 16.482 16.419 16.114 15.593 14.878 13.988 12.949 11.973 11.161 10.496 9.973 9.587 9.335
16.627 15.343 13.953 12.580 11.275 10.018 8.819 7.833 7.160 6.803 6.714 6.870 7.115 7.239 7.262 7.213 7.085 6.947 6.881 6.879 6.961 7.211 7.683 8.348 9.120 9.919 10.695 11.435 12.129 12.740 13.307 13.845 14.387 14.905 15.353 15.746 16.138 16.546 16.958 17.358 17.743 18.171 18.593 18.972 19.313 19.606 19.799 19.872 19.887 19.792 19.553 19.124 18.484 17.674 16.876 16.263 15.820 15.544 15.389 15.319 15.312 15.396 15.455 15.445 15.396 15.212 14.859 14.297 13.512 12.528 11.535 10.692 9.978 9.402 8.971 8.691
13.417 12.122 10.772 9.504 8.386 7.400 6.593 6.054 5.793 5.764 5.937 6.241 6.479 6.594 6.636 6.652 6.665 6.731 6.834 7.032 7.439 8.113 9.071 10.224 11.385 12.453 13.404 14.214 14.844 15.335 15.734 16.069 16.390 16.713 16.989 17.216 17.436 17.634 17.830 18.031 18.237 18.472 18.705 18.980 19.260 19.462 19.573 19.596 19.580 19.452 19.191 18.753 18.120 17.280 16.425 15.719 15.164 14.754 14.438 14.115 13.770 13.495 13.307 13.219 13.222 13.246 13.226 13.011 12.505 11.745 10.851 9.997 9.242 8.615 8.145 7.838
10.519 9.357 8.256 7.303 6.520 5.916 5.515 5.342 5.347 5.484 5.745 5.992 6.136 6.211 6.261 6.330 6.481 6.723 7.098 7.715 8.601 9.742 11.134 12.608 13.919 14.962 15.781 16.468 16.973 17.324 17.529 17.661 17.782 17.927 18.058 18.161 18.240 18.303 18.353 18.413 18.482 18.578 18.707 18.890 19.046 19.132 19.166 19.147 19.067 18.891 18.579 18.103 17.467 16.624 15.716 14.899 14.167 13.489 12.812 12.041 11.210 10.547 10.164 10.063 10.144 10.414 10.824 11.048 10.949 10.557 9.917 9.156 8.392 7.742 7.239 6.910
8.025 7.195 6.487 5.925 5.519 5.274 5.181 5.204 5.297 5.478 5.723 5.893 5.977 6.022 6.076 6.214 6.512 7.072 7.959 9.131 10.523 12.051 13.579 14.930 16.070 16.961 17.626 18.135 18.453 18.634 18.679 18.634 18.578 18.582 18.606 18.631 18.646 18.656 18.646 18.615 18.583 18.577 18.605 18.643 18.645 18.610 18.544 18.438 18.264 18.010 17.648 17.125 16.464 15.644 14.703 13.734 12.718 11.611 10.410 9.206 8.194 7.564 7.301 7.286 7.424 7.794 8.380 8.816 9.016 8.995 8.717 8.188 7.500 6.833 6.296 5.918
6.212 5.766 5.448 5.258 5.165 5.143 5.167 5.224 5.337 5.525 5.740 5.875 5.938 5.973 6.045 6.296 6.916 8.045 9.602 11.243 12.823 14.267 15.586 16.698 17.617 18.315 18.803 19.126 19.270 19.298 19.237 19.117 18.961 18.864 18.821 18.815 18.820 18.813 18.785 18.685 18.579 18.476 18.347 18.206 18.032 17.852 17.668 17.463 17.179 16.816 16.375 15.811 15.127 14.317 13.342 12.227 10.955 9.529 8.105 6.904 6.025 5.529 5.367 5.389 5.553 5.923 6.486 6.947 7.211 7.307 7.278 7.036 6.544 5.920 5.347 4.904
5.093 4.973 4.974 5.051 5.117 5.170 5.229 5.315 5.441 5.618 5.798 5.911 5.970 6.022 6.187 6.715 7.877 9.710 11.553 13.104 14.530 15.791 16.903 17.787 18.487 19.010 19.353 19.532 19.559 19.526 19.457 19.339 19.150 18.971 18.878 18.865 18.874 18.869 18.816 18.682 18.468 18.198 17.883 17.547 17.207 16.876 16.536 16.175 15.781 15.358 14.861 14.284 13.585 12.768 11.801 10.720 9.468 8.009 6.603 5.500 4.750 4.331 4.181 4.193 4.326 4.619 5.056 5.429 5.677 5.791 5.812 5.731 5.456 4.977 4.410 3.921
4.493 4.590 4.804 5.011 5.150 5.259 5.361 5.471 5.601 5.766 5.927 6.047 6.140 6.268 6.631 7.556 9.173 11.188 12.826 14.211 15.488 16.589 17.510 18.218 18.767 19.176 19.441 19.568 19.607 19.595 19.557 19.450 19.245 18.987 18.857 18.834 18.851 18.860 18.780 18.568 18.200 17.713 17.156 16.604 16.098 15.626 15.173 14.727 14.253 13.747 13.208 12.653 12.016 11.297 10.452 9.498 8.377 7.051 5.793 4.825 4.157 3.742 3.524 3.460 3.512 3.674 3.930 4.152 4.308 4.386 4.403 4.368 4.233 3.933 3.469 2.981
4.130 4.403 4.767 5.049 5.256 5.421 5.560 5.691 5.831 5.994 6.166 6.333 6.504 6.789 7.428 8.534 10.095 11.910 13.403 14.682 15.833 16.818 17.623 18.262 18.758 19.129 19.383 19.527 19.596 19.611 19.591 19.482 19.258 18.929 18.695 18.578 18.536 18.481 18.338 18.043 17.556 16.908 16.157 15.409 14.747 14.158 13.629 13.126 12.640 12.156 11.656 11.145 10.596 9.987 9.288 8.488 7.545 6.449 5.392 4.544 3.903 3.438 3.120 2.933 2.866 2.884 2.956 3.019 3.041 3.014 2.964 2.907 2.827 2.672 2.394 2.017
3.910 4.348 4.824 5.196 5.480 5.686 5.851 6.003 6.161 6.338 6.545 6.773 7.043 7.456 8.142 9.128 10.465 12.067 13.525 14.786 15.886 16.822 17.586 18.171 18.621 18.958 19.199 19.376 19.522 19.592 19.589 19.473 19.192 18.737 18.290 17.948 17.677 17.452 17.212 16.869 16.353 15.677 14.859 13.972 13.191 12.515 11.951 11.462 11.024 10.599 10.175 9.741 9.286 8.786 8.230 7.585 6.829 5.961 5.086 4.335 3.710 3.200 2.794 2.486 2.279 2.153 2.064 1.983 1.881 1.756 1.639 1.548 1.470 1.386 1.271 1.106
3.852 4.436 5.031 5.504 5.849 6.072 6.238 6.396 6.559 6.736 6.942 7.172 7.460 7.867 8.472 9.319 10.507 12.004 13.500 14.785 15.876 16.759 17.454 17.955 18.332 18.604 18.818 19.023 19.234 19.364 19.396 19.260 18.910 18.319 17.625 16.935 16.321 15.842 15.429 15.054 14.594 13.989 13.221 12.331 11.501 10.788 10.210 9.761 9.398 9.062 8.734 8.396 8.047 7.656 7.219 6.720 6.148 5.492 4.795 4.133 3.523 2.972 2.490 2.080 1.745 1.484 1.281 1.113 0.959 0.815 0.705 0.632 0.584 0.549 0.517 0.475
3.958 4.700 5.368 5.867 6.214 6.431 6.582 6.725 6.876 7.038 7.222 7.426 7.685 8.035 8.560 9.331 10.418 11.824 13.392 14.740 15.820 16.631 17.214 17.604 17.861 18.036 18.184 18.337 18.473 18.551 18.534 18.366 18.014 17.420 16.569 15.473 14.439 13.708 13.174 12.761 12.348 11.865 11.247 10.485 9.706 9.061 8.545 8.134 7.816 7.563 7.329 7.088 6.830 6.542 6.223 5.875 5.479 5.019 4.496 3.932 3.343 2.747 2.186 1.687 1.260 0.929 0.691 0.520 0.388 0.289 0.225 0.190 0.172 0.163 0.159 0.155
