RESULTS/r.avaflow_results/14b_results/14b_ascii/14b_hflow10007.asc
ncols 506
nrows 317
xllcenter 498237.50
yllcenter 5580050.00
cellsize 12.50
NODATA_value -9999.000
[rows 204 to 237 of 317, columns 77 to 153 of 506]
0.259 0.193 0.143 0.114 0.105 0.121 0.267 0.963 2.947 6.405 10.747 14.511 17.479 19.590 21.188 22.589 23.820 25.020 26.208 27.024 27.815 28.743 29.212 29.633 29.833 29.984 29.983 29.920 30.036 29.893 29.562 29.312 28.840 28.293 27.837 27.521 27.419 27.463 27.531 27.560 27.774 28.043 28.295 28.389 28.203 27.882 27.658 27.297 26.716 26.081 25.029 23.608 22.002 20.079 18.153 16.343 14.687 13.135 11.682 10.361 9.159 8.100 7.186 6.410 5.717 5.054 4.373 3.651 2.954 2.368 1.933 1.676 1.593 1.633 1.858 2.361 3.022
0.246 0.185 0.139 0.110 0.100 0.106 0.195 0.699 2.398 5.679 10.114 14.260 17.458 19.687 21.166 22.462 23.531 24.589 25.616 26.347 27.056 27.822 28.257 28.725 29.014 29.143 29.248 29.175 29.144 28.895 28.619 28.398 27.842 27.160 26.609 26.115 25.907 25.881 25.849 25.840 26.092 26.413 26.807 27.012 26.945 26.660 26.373 25.882 25.144 24.360 23.188 21.581 19.659 17.481 15.339 13.421 11.700 10.148 8.768 7.593 6.639 5.931 5.412 4.993 4.595 4.171 3.687 3.122 2.561 2.103 1.791 1.647 1.650 1.830 2.275 2.915 3.468
0.238 0.180 0.137 0.110 0.099 0.100 0.139 0.419 1.638 4.442 8.656 13.268 16.927 19.421 20.899 22.040 22.893 23.732 24.528 25.150 25.754 26.339 26.724 27.105 27.458 27.543 27.650 27.595 27.618 27.364 27.169 27.026 26.578 25.952 25.343 24.706 24.344 24.137 24.069 24.072 24.316 24.670 25.138 25.424 25.493 25.277 24.913 24.258 23.321 22.290 20.953 19.220 17.093 14.759 12.594 10.707 9.041 7.597 6.418 5.507 4.848 4.428 4.177 3.984 3.771 3.499 3.146 2.703 2.278 1.952 1.756 1.707 1.814 2.136 2.656 3.214 3.613
0.241 0.182 0.141 0.115 0.102 0.100 0.112 0.225 0.862 2.840 6.503 11.400 15.750 18.626 20.223 21.269 21.954 22.607 23.142 23.582 23.991 24.390 24.701 25.050 25.504 25.653 25.768 25.710 25.717 25.516 25.385 25.286 24.870 24.340 23.805 23.071 22.587 22.276 22.139 22.097 22.292 22.734 23.269 23.620 23.722 23.563 23.206 22.436 21.351 20.051 18.427 16.461 14.282 12.141 10.190 8.468 7.008 5.803 4.881 4.225 3.800 3.557 3.418 3.305 3.167 2.971 2.697 2.358 2.062 1.861 1.777 1.800 1.975 2.325 2.807 3.253 3.585
0.275 0.204 0.160 0.131 0.113 0.104 0.105 0.140 0.393 1.485 4.183 8.766 13.876 17.294 19.166 20.255 20.845 21.300 21.632 21.892 22.033 22.192 22.259 22.503 22.997 23.251 23.378 23.295 23.279 23.185 23.110 23.080 22.853 22.510 22.123 21.451 20.803 20.366 20.155 20.139 20.243 20.613 21.209 21.697 21.864 21.739 21.375 20.535 19.284 17.714 15.818 13.769 11.778 9.928 8.259 6.817 5.625 4.699 4.036 3.581 3.279 3.079 2.940 2.833 2.713 2.541 2.307 2.064 1.884 1.790 1.775 1.839 2.032 2.367 2.799 3.163 3.444
0.373 0.272 0.210 0.168 0.136 0.115 0.108 0.114 0.193 0.667 2.325 5.981 11.266 15.402 17.717 18.915 19.476 19.746 19.896 19.937 19.825 19.669 19.473 19.603 20.058 20.392 20.579 20.487 20.446 20.362 20.359 20.442 20.412 20.327 20.138 19.609 18.882 18.339 18.011 17.916 18.042 18.354 18.954 19.546 19.789 19.669 19.257 18.341 16.988 15.252 13.307 11.438 9.732 8.179 6.818 5.675 4.775 4.098 3.603 3.237 2.957 2.746 2.604 2.495 2.366 2.179 1.962 1.800 1.713 1.696 1.731 1.829 2.019 2.318 2.663 2.936 3.167
0.564 0.411 0.308 0.236 0.179 0.138 0.117 0.113 0.132 0.286 1.070 3.442 7.979 12.853 15.878 17.450 18.077 18.240 18.294 18.191 17.955 17.577 17.144 17.056 17.276 17.536 17.821 17.955 18.026 17.955 17.925 17.959 17.966 17.965 17.907 17.579 16.997 16.462 16.048 15.700 15.555 15.691 16.274 17.003 17.284 17.211 16.795 15.861 14.555 12.943 11.173 9.548 8.107 6.850 5.783 4.915 4.233 3.694 3.269 2.937 2.677 2.481 2.348 2.233 2.093 1.887 1.669 1.549 1.518 1.536 1.605 1.721 1.875 2.076 2.295 2.482 2.651
0.867 0.645 0.477 0.354 0.257 0.184 0.140 0.123 0.123 0.162 0.416 1.565 4.561 9.323 13.432 15.762 16.717 16.910 16.918 16.724 16.485 16.089 15.529 15.169 15.129 15.248 15.531 15.839 16.120 16.210 16.189 16.148 16.040 15.972 15.897 15.718 15.374 14.968 14.503 14.007 13.553 13.307 13.511 14.094 14.382 14.353 14.017 13.288 12.232 10.873 9.392 8.037 6.859 5.863 5.032 4.339 3.768 3.305 2.934 2.646 2.419 2.249 2.127 2.011 1.870 1.668 1.437 1.296 1.253 1.266 1.313 1.374 1.430 1.483 1.554 1.656 1.764
1.294 0.997 0.748 0.551 0.391 0.269 0.190 0.149 0.138 0.146 0.207 0.573 2.037 5.415 10.052 13.523 15.089 15.518 15.627 15.624 15.560 15.317 14.790 14.241 13.966 13.942 14.125 14.487 14.964 15.244 15.243 15.171 14.889 14.683 14.557 14.422 14.229 13.985 13.528 13.015 12.389 11.673 11.121 11.060 11.148 11.167 11.028 10.605 9.902 8.960 7.868 6.775 5.840 5.047 4.368 3.790 3.311 2.918 2.599 2.358 2.167 2.027 1.918 1.811 1.682 1.501 1.269 1.066 0.936 0.863 0.809 0.755 0.705 0.681 0.690 0.741 0.815
1.845 1.489 1.147 0.855 0.609 0.415 0.283 0.208 0.176 0.170 0.191 0.284 0.796 2.623 6.388 10.499 12.847 13.932 14.585 15.022 15.306 15.368 15.015 14.530 14.071 13.951 14.060 14.403 14.974 15.301 15.312 15.227 14.873 14.532 14.376 14.246 14.088 13.904 13.492 12.990 12.300 11.289 9.618 8.069 7.468 7.459 7.647 7.779 7.533 7.036 6.352 5.558 4.846 4.241 3.714 3.254 2.859 2.529 2.263 2.061 1.910 1.803 1.716 1.629 1.519 1.360 1.140 0.890 0.678 0.514 0.388 0.296 0.239 0.215 0.213 0.233 0.274
2.503 2.119 1.693 1.285 0.932 0.648 0.444 0.320 0.256 0.232 0.233 0.278 0.461 1.311 3.729 7.521 10.593 12.580 14.056 15.048 15.932 17.017 17.405 17.031 16.319 16.037 16.094 16.410 17.107 17.446 17.483 17.307 16.811 16.212 15.908 15.765 15.654 15.511 15.175 14.688 13.846 12.320 9.104 5.717 4.209 3.900 4.120 4.697 5.057 5.028 4.769 4.324 3.843 3.430 3.061 2.725 2.418 2.145 1.920 1.749 1.634 1.565 1.513 1.456 1.373 1.231 1.021 0.744 0.486 0.295 0.171 0.100 0.067 0.056 0.053 0.058 0.071
3.249 2.867 2.384 1.846 1.366 0.980 0.694 0.507 0.402 0.351 0.335 0.348 0.468 0.954 2.513 5.625 9.403 12.250 14.467 16.646 18.061 18.749 18.752 18.091 17.304 16.996 17.049 17.360 18.073 18.415 18.453 18.227 17.658 16.984 16.615 16.447 16.333 16.195 15.891 15.435 14.560 12.946 8.955 4.300 2.135 1.529 1.568 2.038 2.683 3.030 3.116 3.011 2.815 2.607 2.405 2.198 1.986 1.772 1.573 1.419 1.325 1.286 1.274 1.260 1.217 1.101 0.895 0.597 0.330 0.163 0.075 0.035 0.019 0.013 0.012 0.013 0.016
4.012 3.627 3.120 2.495 1.891 1.404 1.037 0.785 0.634 0.555 0.522 0.519 0.597 1.001 2.290 5.071 9.355 13.474 16.290 18.085 18.798 18.603 17.880 16.975 16.259 15.995 16.038 16.330 16.931 17.317 17.382 17.157 16.603 15.910 15.467 15.153 14.844 14.516 14.115 13.643 12.838 11.545 8.243 3.448 1.085 0.454 0.386 0.534 0.937 1.329 1.564 1.683 1.734 1.736 1.710 1.645 1.535 1.389 1.212 1.047 0.938 0.894 0.901 0.928 0.930 0.862 0.683 0.404 0.188 0.078 0.031 0.012 0.005 0.003 0.003 0.002 0.003
4.690 4.279 3.740 3.081 2.436 1.895 1.469 1.164 0.973 0.874 0.838 0.841 0.964 1.472 2.911 5.921 10.830 14.905 16.843 17.512 17.359 16.591 15.338 14.230 13.620 13.419 13.443 13.638 14.066 14.496 14.633 14.485 14.108 13.497 12.935 12.309 11.552 10.729 9.989 9.306 8.551 7.708 5.777 2.213 0.435 0.102 0.071 0.081 0.168 0.342 0.515 0.670 0.800 0.891 0.941 0.957 0.939 0.870 0.745 0.592 0.485 0.436 0.430 0.450 0.465 0.445 0.347 0.184 0.078 0.030 0.011 0.004 0.002 0.001 0.001 0.001 0.001
5.259 4.799 4.221 3.570 2.959 2.428 1.989 1.658 1.454 1.369 1.367 1.512 1.990 3.127 5.437 8.708 12.128 14.293 14.990 14.777 14.026 12.829 11.470 10.383 9.771 9.531 9.485 9.546 9.806 10.268 10.546 10.528 10.341 9.905 9.328 8.538 7.538 6.332 5.283 4.449 3.779 3.182 2.222 0.704 0.086 0.013 0.010 0.010 0.017 0.044 0.093 0.160 0.241 0.319 0.370 0.389 0.387 0.366 0.317 0.241 0.181 0.150 0.143 0.147 0.155 0.150 0.116 0.057 0.023 0.009 0.003 0.001 0.001 0.001 0.001 0.001 0.001
5.720 5.201 4.585 3.984 3.457 2.993 2.607 2.322 2.176 2.232 2.571 3.297 4.614 6.301 8.156 10.089 11.293 11.710 11.221 10.225 9.006 7.765 6.675 5.881 5.355 5.062 4.954 4.952 5.078 5.427 5.836 6.099 6.193 6.086 5.819 5.271 4.353 3.151 2.216 1.598 1.196 0.867 0.473 0.101 0.005 0.002 0.001 0.001 0.002 0.004 0.010 0.022 0.042 0.071 0.093 0.103 0.105 0.102 0.091 0.068 0.047 0.038 0.037 0.038 0.040 0.039 0.030 0.014 0.006 0.002 0.001 0.001 0.001 0.001 0.001 0.001 0.001
6.078 5.498 4.883 4.355 3.936 3.606 3.381 3.334 3.609 4.288 5.548 6.794 7.615 8.173 8.663 9.105 8.825 8.026 6.840 5.553 4.421 3.556 2.924 2.467 2.127 1.909 1.813 1.796 1.835 1.998 2.307 2.663 2.914 3.014 2.974 2.689 2.037 1.222 0.707 0.440 0.292 0.176 0.065 0.008 0.001 0.001 0.001 0.001 0.001 0.001 0.001 0.002 0.005 0.011 0.018 0.021 0.022 0.021 0.020 0.015 0.010 0.008 0.008 0.008 0.009 0.009 0.007 0.003 0.001 0.001 0.001 0.001 0.001 0.001 0.001 0.001 0.001
6.328 5.720 5.157 4.710 4.420 4.333 4.656 5.533 6.896 8.168 8.960 9.168 8.768 8.301 7.810 7.111 6.142 5.007 3.789 2.673 1.839 1.296 0.957 0.727 0.563 0.465 0.424 0.417 0.422 0.461 0.566 0.753 0.939 1.046 1.072 0.984 0.687 0.347 0.176 0.099 0.058 0.027 0.007 0.001 0.001 0.001 0.001 0.001 0.001 0.001 0.001 0.001 0.001 0.001 0.003 0.004 0.004 0.004 0.004 0.003 0.002 0.002 0.002 0.002 0.002 0.002 0.001 0.001 0.001 0.001 0.001 0.001 0.001 0.001 0.001 0.001 0.001
6.481 5.903 5.427 5.085 4.929 5.358 7.371 9.491 10.539 10.845 10.492 9.864 8.986 7.935 6.774 5.609 4.428 3.269 2.247 1.453 0.919 0.590 0.381 0.237 0.146 0.100 0.083 0.079 0.079 0.084 0.102 0.143 0.200 0.235 0.248 0.240 0.168 0.079 0.036 0.018 0.009 0.004 0.001 0.001 0.001 0.001 0.001 0.001 0.001 0.001 0.001 0.001 0.001 0.001 0.001 0.001 0.001 0.001 0.001 0.001 0.001 0.001 0.001 0.001 0.001 0.001 0.001 0.001 0.001 0.001 0.001 0.001 0.001 0.001 0.001 0.001 0.001
6.617 6.089 5.720 5.526 5.660 7.145 10.492 12.314 12.300 11.898 11.191 10.217 9.010 7.609 6.147 4.799 3.588 2.556 1.735 1.130 0.710 0.431 0.246 0.127 0.061 0.031 0.019 0.015 0.014 0.014 0.016 0.023 0.035 0.044 0.047 0.047 0.035 0.015 0.006 0.003 0.002 0.001 0.001 0.001 0.001 0.001 0.001 0.001 0.001 0.001 0.001 0.001 0.001 0.001 0.001 0.001 0.001 0.001 0.001 0.001 0.001 0.001 0.001 0.001 0.001 0.001 0.001 0.001 0.001 0.001 0.001 0.001 0.001 0.001 0.001 0.001 0.001
6.756 6.291 6.046 6.103 7.237 10.361 12.979 13.467 13.142 12.486 11.591 10.416 9.029 7.413 5.825 4.453 3.311 2.390 1.660 1.100 0.690 0.401 0.209 0.097 0.041 0.018 0.009 0.005 0.004 0.003 0.003 0.003 0.005 0.007 0.008 0.008 0.006 0.003 0.001 0.001 0.001 0.001 0.001 0.001 0.001 0.001 0.001 0.001 0.001 0.001 0.001 0.001 0.001 0.001 0.001 0.001 0.001 0.001 0.001 0.001 0.001 0.001 0.001 0.001 0.001 0.001 0.001 0.001 0.001 0.001 0.001 0.001 0.001 0.001 0.001 0.001 0.001
6.920 6.542 6.398 7.031 10.108 13.467 14.280 14.062 13.596 12.827 11.836 10.557 9.072 7.349 5.743 4.403 3.315 2.440 1.729 1.159 0.717 0.396 0.191 0.082 0.033 0.014 0.007 0.004 0.002 0.002 0.001 0.001 0.001 0.001 0.001 0.001 0.001 0.001 0.001 0.001 0.001 0.001 0.001 0.001 0.001 0.001 0.001 0.001 0.001 0.001 0.001 0.001 0.001 0.001 0.001 0.001 0.001 0.001 0.001 0.001 0.001 0.001 0.001 0.001 0.001 0.001 0.001 0.001 0.001 0.001 0.001 0.001 0.001 0.001 0.001 0.001 0.001
7.159 6.902 6.978 8.631 12.672 14.781 14.714 14.368 13.775 12.947 11.909 10.606 9.086 7.373 5.838 4.571 3.541 2.688 1.952 1.309 0.780 0.400 0.176 0.070 0.027 0.012 0.006 0.003 0.002 0.001 0.001 0.001 0.000 0.000 0.000 0.000 0.000 0.000 0.000 0.001 0.001 0.001 0.001 0.001 0.001 0.001 0.001 0.001 0.001 0.001 0.001 0.001 0.001 0.001 0.001 0.001 0.001 0.001 0.001 0.001 0.001 0.001 0.001 0.001 0.001 0.001 0.001 0.001 0.001 0.001 0.001 0.001 0.001 0.001 0.001 0.001 0.001
7.499 7.465 8.382 11.508 14.464 15.111 14.907 14.508 13.836 12.977 11.915 10.632 9.126 7.508 6.121 4.951 3.933 3.006 2.166 1.416 0.809 0.392 0.159 0.059 0.023 0.010 0.005 0.003 0.002 0.001 0.001 0.000 0.000 0.000 0.000 0.000 0.000 0.000 0.000 0.000 0.001 0.001 0.001 0.001 0.001 0.001 0.001 0.001 0.001 0.001 0.001 0.001 0.001 0.001 0.001 0.001 0.001 0.001 0.001 0.001 0.001 0.001 0.001 0.001 0.001 0.001 0.001 0.001 0.001 0.001 0.001 0.001 0.001 0.001 0.001 0.001 0.001
7.957 8.712 11.469 14.347 15.189 15.162 14.951 14.535 13.841 12.978 11.914 10.666 9.227 7.734 6.421 5.236 4.152 3.145 2.231 1.429 0.791 0.362 0.136 0.048 0.019 0.009 0.005 0.003 0.002 0.001 0.001 0.000 0.000 0.000 0.000 0.000 0.000 0.000 0.000 0.000 0.000 0.000 0.000 0.000 0.001 0.001 0.001 0.001 0.001 0.001 0.001 0.001 0.001 0.001 0.001 0.001 0.001 0.001 0.001 0.001 0.001 0.001 0.001 0.001 0.001 0.001 0.001 0.001 0.001 0.001 0.001 0.001 0.001 0.001 0.001 0.001 0.001
8.681 11.228 14.399 15.356 15.340 15.206 14.928 14.434 13.738 12.896 11.889 10.706 9.370 7.953 6.619 5.380 4.224 3.157 2.195 1.354 0.703 0.294 0.102 0.036 0.016 0.009 0.005 0.003 0.002 0.001 0.001 0.000 0.000 0.000 0.000 0.000 0.000 0.000 0.000 0.001 0.001 0.001 0.001 0.001 0.001 0.001 0.001 0.001 0.001 0.001 0.001 0.001 0.001 0.001 0.001 0.001 0.001 0.001 0.001 0.001 0.001 0.001 0.001 0.001 0.001 0.001 0.001 0.001 0.001 0.001 0.001 0.001 0.001 0.001 0.001 0.001 0.001
10.030 13.586 15.584 15.629 15.542 15.262 14.898 14.391 13.682 12.835 11.856 10.713 9.461 8.118 6.761 5.457 4.226 3.081 2.034 1.153 0.533 0.202 0.073 0.030 0.015 0.009 0.005 0.003 0.002 0.001 0.000 0.000 0.000 0.000 0.000 0.000 0.000 0.000 0.000 0.000 0.000 0.000 0.000 0.000 0.001 0.001 0.001 0.001 0.001 0.001 0.001 0.001 0.001 0.001 0.001 0.001 0.001 0.001 0.001 0.001 0.001 0.001 0.001 0.001 0.001 0.001 0.001 0.001 0.001 0.001 0.001 0.001 0.001 0.001 0.001 0.001 0.001
12.737 15.406 15.987 15.881 15.723 15.367 14.900 14.356 13.649 12.794 11.801 10.683 9.480 8.202 6.846 5.490 4.160 2.904 1.778 0.916 0.393 0.150 0.061 0.028 0.015 0.008 0.005 0.003 0.001 0.001 0.000 0.000 0.000 0.000 0.000 0.000 0.000 0.000 0.000 0.000 0.001 0.001 0.001 0.001 0.001 0.001 0.001 0.001 0.001 0.001 0.001 0.001 0.001 0.001 0.001 0.001 0.001 0.001 0.001 0.001 0.001 0.001 0.001 0.001 0.001 0.001 0.001 0.001 0.001 0.001 0.000 0.001 0.001 0.001 0.001 0.001 0.001
15.373 16.203 16.159 16.041 15.852 15.456 14.958 14.382 13.659 12.804 11.804 10.682 9.482 8.214 6.865 5.470 4.042 2.706 1.574 0.777 0.328 0.131 0.056 0.026 0.014 0.008 0.004 0.002 0.001 0.001 0.000 0.000 0.000 0.000 0.000 0.000 0.000 0.000 0.000 0.001 0.001 0.001 0.001 0.001 0.001 0.001 0.001 0.001 0.001 0.001 0.001 0.001 0.001 0.001 0.001 0.001 0.001 0.001 0.001 0.001 0.001 0.001 0.001 0.001 0.001 0.001 0.001 0.001 0.001 0.001 0.001 0.000 0.001 0.001 0.001 0.001 0.001
16.328 16.349 16.277 16.095 15.893 15.534 15.049 14.447 13.701 12.832 11.815 10.690 9.490 8.226 6.871 5.427 3.911 2.537 1.433 0.694 0.294 0.121 0.053 0.025 0.013 0.007 0.003 0.001 0.001 0.000 0.000 0.000 0.000 0.000 0.000 0.001 0.000 0.000 0.000 0.001 0.001 0.001 0.001 0.001 0.001 0.001 0.001 0.001 0.001 0.001 0.001 0.001 0.001 0.001 0.001 0.001 0.001 0.001 0.001 0.001 0.001 0.000 0.001 0.001 0.001 0.001 0.001 0.001 0.001 0.001 0.001 0.000 0.000 0.001 0.001 0.001 0.001
16.523 16.406 16.322 16.136 15.901 15.579 15.138 14.538 13.770 12.865 11.839 10.730 9.517 8.236 6.848 5.348 3.770 2.382 1.315 0.627 0.266 0.112 0.049 0.023 0.011 0.005 0.002 0.001 0.001 0.000 0.000 0.000 0.000 0.000 0.000 0.000 0.000 0.000 0.000 0.001 0.001 0.001 0.001 0.001 0.001 0.001 0.001 0.001 0.001 0.001 0.001 0.001 0.001 0.001 0.001 0.001 0.001 0.001 0.001 0.001 0.001 0.000 0.000 0.001 0.001 0.001 0.001 0.001 0.001 0.001 0.001 0.001 0.000 0.000 0.001 0.001 0.001
16.498 16.393 16.302 16.124 15.916 15.605 15.162 14.562 13.792 12.884 11.843 10.719 9.501 8.214 6.810 5.243 3.618 2.231 1.201 0.559 0.235 0.098 0.042 0.018 0.008 0.003 0.001 0.001 0.001 0.000 0.000 0.000 0.000 0.000 0.000 0.000 0.000 0.000 0.000 0.001 0.001 0.001 0.001 0.001 0.001 0.001 0.001 0.001 0.001 0.001 0.001 0.001 0.001 0.001 0.001 0.001 0.001 0.001 0.001 0.001 0.001 0.001 0.000 0.000 0.000 0.001 0.001 0.001 0.001 0.001 0.001 0.001 0.001 0.000 0.000 0.001 0.001
16.432 16.301 16.153 15.996 15.821 15.535 15.133 14.564 13.786 12.870 11.818 10.647 9.418 8.120 6.694 5.071 3.426 2.054 1.068 0.476 0.192 0.076 0.030 0.011 0.004 0.002 0.001 0.001 0.001 0.000 0.000 0.000 0.000 0.000 0.000 0.000 0.000 0.000 0.000 0.001 0.001 0.001 0.001 0.001 0.001 0.001 0.001 0.001 0.001 0.001 0.001 0.001 0.001 0.001 0.001 0.001 0.001 0.001 0.001 0.001 0.001 0.001 0.001 0.000 0.000 0.000 0.001 0.001 0.001 0.001 0.001 0.001 0.001 0.001 0.000 0.001 0.001
16.247 16.066 15.874 15.732 15.594 15.387 15.021 14.498 13.726 12.791 11.691 10.475 9.198 7.849 6.360 4.690 3.079 1.766 0.860 0.350 0.125 0.042 0.014 0.005 0.002 0.001 0.001 0.001 0.001 0.001 0.000 0.000 0.000 0.000 0.000 0.000 0.000 0.000 0.000 0.000 0.000 0.000 0.000 0.000 0.001 0.001 0.001 0.001 0.001 0.001 0.001 0.001 0.001 0.001 0.001 0.001 0.001 0.001 0.001 0.001 0.001 0.001 0.001 0.001 0.000 0.000 0.000 0.001 0.001 0.001 0.001 0.001 0.001 0.001 0.000 0.001 0.001
