RESULTS/r.avaflow_results/14b_results/14b_ascii/14b_hflow0061.asc
ncols 506
nrows 317
xllcenter 498237.50
yllcenter 5580050.00
cellsize 12.50
NODATA_value -9999.000
[rows 170 to 203 of 317, columns 76 to 151 of 506]
0.132 0.168 0.228 0.336 0.521 0.807 1.187 1.580 1.927 2.251 2.583 2.955 3.406 3.959 4.613 5.235 5.724 6.094 6.416 6.741 7.091 7.470 7.880 8.325 8.786 9.256 9.671 10.044 10.394 10.740 11.100 11.503 11.950 12.455 13.010 13.656 14.344 15.090 15.882 16.715 17.550 18.363 19.179 20.035 20.943 21.962 23.076 24.200 25.337 26.522 27.925 29.558 31.564 33.685 35.691 37.449 38.846 40.320 41.870 43.674 45.484 47.100 48.287 49.223 49.938 49.828 49.700 49.739 49.230 48.999 48.902 48.498 47.637 47.259 46.459 45.660
0.316 0.402 0.534 0.734 1.013 1.357 1.733 2.075 2.391 2.714 3.072 3.495 4.018 4.646 5.344 5.939 6.407 6.795 7.173 7.561 7.957 8.363 8.795 9.235 9.663 10.069 10.434 10.779 11.102 11.443 11.785 12.175 12.613 13.094 13.638 14.278 14.983 15.785 16.637 17.515 18.405 19.266 20.179 21.116 22.137 23.245 24.431 25.689 26.983 28.238 29.617 31.156 33.087 35.018 36.798 38.432 39.753 41.223 42.945 44.827 46.690 48.291 49.231 50.001 50.558 50.236 49.980 49.977 49.438 49.102 49.129 48.709 47.902 47.908 47.648 47.206
0.577 0.711 0.888 1.115 1.391 1.705 2.036 2.356 2.678 3.017 3.393 3.833 4.363 4.986 5.663 6.254 6.777 7.272 7.764 8.244 8.704 9.156 9.617 10.049 10.441 10.790 11.126 11.439 11.742 12.062 12.390 12.754 13.184 13.635 14.172 14.807 15.539 16.347 17.231 18.166 19.136 20.090 21.095 22.144 23.273 24.492 25.735 27.069 28.330 29.722 31.077 32.424 34.253 35.962 37.476 38.918 40.149 41.627 43.585 45.568 47.436 49.031 49.848 50.484 50.955 50.581 50.316 50.323 49.894 49.392 49.430 49.188 48.760 49.015 48.963 48.687
0.753 0.911 1.102 1.329 1.594 1.888 2.206 2.537 2.878 3.229 3.609 4.035 4.531 5.105 5.745 6.371 6.986 7.607 8.220 8.794 9.330 9.834 10.310 10.742 11.103 11.425 11.735 12.021 12.307 12.603 12.925 13.272 13.666 14.099 14.644 15.262 15.980 16.808 17.715 18.669 19.696 20.773 21.884 23.084 24.282 25.583 26.919 28.242 29.504 30.948 32.257 33.428 34.920 36.359 37.586 38.788 40.051 41.601 43.522 45.475 47.249 48.777 49.513 49.991 50.411 50.131 49.988 50.138 49.909 49.484 49.721 49.632 49.242 49.497 49.519 49.362
0.843 1.014 1.214 1.447 1.714 2.011 2.331 2.666 3.009 3.363 3.743 4.156 4.626 5.166 5.783 6.443 7.122 7.827 8.540 9.218 9.839 10.393 10.893 11.326 11.665 11.982 12.265 12.541 12.813 13.093 13.391 13.712 14.083 14.513 15.029 15.622 16.323 17.153 18.067 19.075 20.152 21.316 22.534 23.858 25.187 26.529 27.934 29.276 30.662 32.144 33.359 34.418 35.571 36.464 37.419 38.627 39.867 41.308 43.271 45.270 46.907 48.340 49.002 49.471 49.955 49.842 49.916 50.211 50.141 49.976 50.250 50.174 49.752 49.987 50.099 50.096
0.889 1.072 1.287 1.533 1.809 2.110 2.425 2.749 3.081 3.430 3.807 4.220 4.682 5.206 5.816 6.492 7.213 7.967 8.741 9.510 10.214 10.835 11.369 11.804 12.154 12.463 12.723 12.978 13.248 13.520 13.801 14.106 14.444 14.832 15.308 15.884 16.586 17.396 18.290 19.324 20.458 21.713 23.044 24.494 25.984 27.439 28.904 30.243 31.522 32.952 34.162 35.138 36.142 36.711 37.155 38.278 39.508 40.872 42.834 44.870 46.435 47.803 48.425 49.130 49.798 49.841 50.145 50.563 50.425 50.437 50.699 50.576 50.117 50.392 50.581 50.665
0.911 1.106 1.335 1.598 1.887 2.185 2.485 2.792 3.110 3.451 3.827 4.241 4.705 5.232 5.839 6.522 7.257 8.029 8.841 9.683 10.464 11.156 11.741 12.209 12.566 12.860 13.123 13.382 13.626 13.879 14.148 14.436 14.746 15.107 15.550 16.089 16.751 17.530 18.424 19.461 20.634 21.954 23.391 25.000 26.611 28.105 29.560 30.838 31.976 33.360 34.484 35.355 36.260 36.605 36.620 37.392 38.507 39.869 41.736 43.776 45.370 46.717 47.399 48.198 48.998 49.206 49.615 50.053 49.766 49.735 49.982 49.823 49.405 49.694 49.915 50.126
0.918 1.119 1.360 1.644 1.946 2.233 2.516 2.806 3.115 3.451 3.828 4.242 4.708 5.243 5.852 6.537 7.280 8.061 8.881 9.755 10.599 11.351 11.992 12.509 12.910 13.219 13.475 13.718 13.950 14.193 14.438 14.705 14.995 15.322 15.725 16.228 16.848 17.582 18.461 19.511 20.747 22.161 23.736 25.436 27.058 28.618 30.091 31.374 32.534 33.854 34.858 35.654 36.509 36.798 36.823 37.264 37.758 38.715 40.410 42.504 44.392 45.804 46.514 47.293 48.111 48.386 48.734 49.078 48.776 48.677 48.884 48.719 48.299 48.580 48.797 49.128
0.903 1.114 1.363 1.665 1.980 2.257 2.524 2.806 3.109 3.440 3.815 4.229 4.700 5.243 5.861 6.546 7.282 8.064 8.884 9.762 10.643 11.439 12.143 12.720 13.172 13.516 13.787 14.026 14.244 14.467 14.688 14.930 15.197 15.490 15.858 16.306 16.876 17.593 18.474 19.538 20.763 22.217 23.886 25.679 27.384 28.990 30.472 31.750 32.982 34.250 35.144 35.874 36.598 36.801 36.790 37.197 37.419 37.686 38.989 41.258 43.611 45.074 45.707 46.504 47.254 47.323 47.546 47.851 47.518 47.392 47.532 47.347 46.903 47.152 47.383 47.849
0.812 1.057 1.332 1.661 1.988 2.260 2.518 2.792 3.086 3.407 3.776 4.193 4.676 5.230 5.853 6.536 7.274 8.057 8.871 9.740 10.643 11.465 12.212 12.837 13.340 13.730 14.031 14.276 14.487 14.692 14.905 15.130 15.359 15.636 15.955 16.370 16.898 17.569 18.402 19.464 20.721 22.179 23.877 25.758 27.464 28.978 30.433 31.646 32.857 34.071 34.910 35.614 36.327 36.571 36.551 37.002 37.186 37.202 38.197 39.883 42.019 43.692 44.287 45.032 45.662 45.611 45.723 45.999 45.790 45.776 45.909 45.696 45.230 45.461 45.885 46.442
0.615 0.910 1.246 1.628 1.969 2.238 2.487 2.749 3.031 3.343 3.699 4.120 4.617 5.189 5.830 6.515 7.235 8.006 8.817 9.669 10.589 11.449 12.209 12.874 13.431 13.863 14.203 14.471 14.695 14.899 15.099 15.304 15.518 15.758 16.030 16.413 16.884 17.540 18.353 19.394 20.661 22.168 23.910 25.860 27.603 29.093 30.520 31.652 32.742 33.959 34.867 35.614 36.403 36.719 36.828 37.265 37.362 37.291 38.107 39.251 40.425 41.967 42.726 43.379 43.890 43.868 43.920 44.178 43.991 43.905 44.007 43.891 43.693 44.130 44.554 45.089
0.365 0.675 1.088 1.540 1.899 2.169 2.413 2.667 2.936 3.235 3.573 3.977 4.472 5.054 5.713 6.425 7.156 7.903 8.690 9.532 10.444 11.362 12.175 12.879 13.458 13.931 14.321 14.620 14.857 15.065 15.266 15.453 15.651 15.847 16.096 16.431 16.863 17.474 18.227 19.216 20.501 22.054 23.885 25.901 27.712 29.284 30.707 31.764 32.692 33.946 34.803 35.408 36.285 36.695 36.829 37.234 37.266 37.117 37.771 38.596 39.115 40.202 41.046 41.772 42.243 42.237 42.281 42.619 42.502 42.437 42.574 42.604 42.544 42.995 43.527 44.098
0.171 0.414 0.837 1.362 1.761 2.041 2.286 2.536 2.796 3.080 3.393 3.758 4.213 4.768 5.414 6.147 6.916 7.663 8.430 9.258 10.154 11.142 12.062 12.829 13.436 13.957 14.383 14.725 15.002 15.225 15.419 15.596 15.777 15.950 16.166 16.479 16.891 17.435 18.145 19.066 20.318 21.823 23.640 25.689 27.490 29.059 30.452 31.441 32.234 33.384 34.225 34.820 35.736 36.194 36.378 36.855 36.879 36.657 37.143 37.766 38.134 38.736 39.237 39.799 40.368 40.548 40.669 40.964 40.912 40.778 41.001 41.204 41.302 41.810 42.344 42.818
0.064 0.202 0.529 1.057 1.535 1.848 2.101 2.352 2.607 2.877 3.162 3.475 3.859 4.343 4.929 5.629 6.413 7.194 7.971 8.801 9.709 10.754 11.846 12.742 13.408 13.951 14.400 14.771 15.079 15.339 15.541 15.719 15.896 16.072 16.271 16.547 16.922 17.429 18.109 18.968 20.107 21.558 23.337 25.430 27.221 28.756 30.112 31.075 31.983 32.946 33.596 34.227 35.090 35.669 36.135 36.743 36.832 36.707 37.059 37.385 37.690 38.052 38.144 38.253 38.737 39.133 39.494 39.770 39.683 39.399 39.586 39.798 39.963 40.512 40.918 41.187
0.021 0.079 0.265 0.672 1.200 1.585 1.860 2.117 2.372 2.628 2.886 3.148 3.446 3.828 4.316 4.928 5.660 6.457 7.281 8.141 9.088 10.197 11.472 12.561 13.354 13.919 14.387 14.789 15.128 15.417 15.648 15.834 16.026 16.205 16.401 16.659 17.007 17.497 18.140 18.931 19.966 21.313 23.020 25.087 26.850 28.345 29.693 30.684 31.589 32.407 32.873 33.407 34.178 34.904 35.520 36.277 36.512 36.479 36.759 36.797 36.908 37.148 37.110 37.079 37.412 37.884 38.349 38.610 38.647 38.517 38.684 38.780 38.841 39.284 39.622 39.920
0.009 0.027 0.108 0.344 0.787 1.247 1.567 1.834 2.091 2.338 2.579 2.818 3.074 3.388 3.791 4.306 4.947 5.692 6.519 7.406 8.380 9.535 10.938 12.239 13.188 13.831 14.327 14.757 15.118 15.444 15.721 15.949 16.163 16.351 16.567 16.819 17.150 17.616 18.221 18.964 19.934 21.152 22.643 24.483 26.195 27.667 28.959 29.956 30.818 31.536 31.833 32.252 32.919 33.607 34.227 35.092 35.529 35.694 36.047 35.997 36.011 36.179 36.149 36.040 36.267 36.529 37.070 37.422 37.553 37.495 37.634 37.640 37.540 37.856 38.177 38.496
0.006 0.011 0.038 0.145 0.411 0.826 1.211 1.507 1.769 2.017 2.257 2.501 2.755 3.042 3.399 3.861 4.449 5.155 5.962 6.843 7.816 8.927 10.288 11.730 12.848 13.641 14.211 14.696 15.100 15.450 15.767 16.034 16.283 16.508 16.756 17.030 17.368 17.803 18.363 19.065 19.946 21.046 22.356 24.006 25.625 27.013 28.260 29.168 29.895 30.487 30.689 31.033 31.560 32.056 32.662 33.650 34.435 34.957 35.426 35.439 35.475 35.563 35.661 35.531 35.667 35.637 35.940 36.177 36.326 36.223 36.250 36.227 36.056 36.249 36.486 36.834
0.005 0.006 0.013 0.050 0.171 0.420 0.763 1.102 1.398 1.666 1.926 2.188 2.463 2.766 3.128 3.582 4.146 4.822 5.599 6.457 7.397 8.438 9.653 11.061 12.330 13.299 14.010 14.556 15.019 15.423 15.786 16.086 16.395 16.660 16.951 17.268 17.628 18.076 18.605 19.253 20.019 20.965 22.102 23.558 25.043 26.310 27.419 28.218 28.900 29.450 29.570 29.827 30.300 30.714 31.145 32.089 33.194 33.914 34.486 34.685 34.837 34.914 35.065 34.794 34.872 34.793 34.737 34.740 34.989 34.958 34.883 34.849 34.608 34.694 34.771 35.041
0.005 0.005 0.006 0.015 0.055 0.163 0.358 0.621 0.921 1.237 1.552 1.860 2.178 2.530 2.939 3.424 3.992 4.645 5.386 6.206 7.098 8.064 9.128 10.354 11.649 12.795 13.680 14.351 14.893 15.355 15.760 16.105 16.444 16.762 17.088 17.426 17.804 18.263 18.755 19.364 20.089 20.936 21.939 23.116 24.409 25.562 26.472 27.207 27.811 28.338 28.555 28.816 29.171 29.540 29.884 30.626 31.676 32.525 33.236 33.590 33.811 33.851 34.013 33.898 33.886 33.800 33.615 33.423 33.567 33.540 33.445 33.421 33.124 33.050 32.941 32.906
0.005 0.004 0.004 0.006 0.015 0.047 0.125 0.267 0.480 0.767 1.117 1.496 1.889 2.313 2.786 3.318 3.906 4.548 5.258 6.036 6.883 7.785 8.739 9.770 10.920 12.157 13.217 14.041 14.684 15.232 15.716 16.110 16.481 16.833 17.183 17.547 17.932 18.363 18.858 19.425 20.107 20.877 21.794 22.814 23.907 24.902 25.755 26.476 27.021 27.562 27.853 28.142 28.429 28.780 29.075 29.606 30.419 31.199 31.861 32.343 32.571 32.661 32.821 32.840 32.745 32.708 32.375 31.946 32.043 31.897 31.693 31.684 31.372 31.116 30.845 30.417
0.005 0.004 0.003 0.004 0.005 0.012 0.034 0.088 0.205 0.415 0.733 1.142 1.607 2.113 2.653 3.228 3.834 4.478 5.165 5.910 6.716 7.562 8.445 9.351 10.331 11.467 12.632 13.633 14.408 15.049 15.598 16.071 16.477 16.853 17.228 17.586 17.969 18.398 18.895 19.453 20.111 20.799 21.573 22.459 23.410 24.321 25.150 25.803 26.295 26.811 27.145 27.431 27.691 28.057 28.326 28.683 29.281 29.859 30.361 30.838 31.091 31.264 31.450 31.398 31.283 31.338 31.091 30.695 30.592 30.165 29.856 29.690 29.362 28.907 28.346 27.717
0.005 0.004 0.003 0.003 0.003 0.004 0.010 0.026 0.076 0.200 0.448 0.840 1.349 1.930 2.533 3.142 3.762 4.409 5.085 5.808 6.582 7.387 8.219 9.046 9.926 10.920 12.023 13.087 13.996 14.775 15.406 15.950 16.414 16.838 17.223 17.594 17.981 18.399 18.860 19.398 20.013 20.669 21.365 22.127 22.916 23.728 24.518 25.135 25.622 26.073 26.447 26.705 26.947 27.304 27.557 27.776 28.178 28.539 28.936 29.376 29.579 29.698 29.869 29.835 29.712 29.765 29.566 29.124 28.836 28.299 27.843 27.458 26.912 26.277 25.558 24.760
0.005 0.004 0.003 0.003 0.003 0.003 0.004 0.009 0.028 0.091 0.260 0.600 1.119 1.759 2.414 3.050 3.687 4.335 5.009 5.719 6.467 7.246 8.038 8.821 9.639 10.536 11.524 12.552 13.527 14.401 15.160 15.810 16.348 16.805 17.212 17.564 17.959 18.362 18.815 19.334 19.893 20.464 21.073 21.737 22.443 23.190 23.945 24.549 25.055 25.450 25.840 26.074 26.317 26.587 26.742 26.882 27.204 27.448 27.661 27.910 27.956 28.014 28.186 28.150 27.979 27.990 27.764 27.376 26.972 26.347 25.669 25.030 24.248 23.351 22.372 21.363
0.005 0.004 0.003 0.003 0.003 0.003 0.003 0.004 0.012 0.041 0.144 0.415 0.907 1.580 2.284 2.940 3.592 4.251 4.930 5.634 6.367 7.126 7.891 8.649 9.425 10.256 11.150 12.098 13.075 13.981 14.826 15.555 16.183 16.680 17.106 17.465 17.889 18.264 18.693 19.168 19.678 20.195 20.733 21.288 21.932 22.659 23.391 23.976 24.480 24.862 25.213 25.427 25.621 25.829 25.940 26.012 26.210 26.306 26.404 26.548 26.534 26.506 26.493 26.380 26.214 26.098 25.776 25.334 24.817 24.104 23.247 22.344 21.291 20.206 19.065 17.918
0.006 0.005 0.004 0.003 0.003 0.003 0.003 0.003 0.006 0.019 0.075 0.264 0.692 1.357 2.112 2.798 3.470 4.150 4.839 5.545 6.274 7.018 7.761 8.504 9.257 10.040 10.874 11.747 12.669 13.574 14.451 15.222 15.883 16.436 16.897 17.286 17.718 18.091 18.498 18.925 19.371 19.848 20.297 20.775 21.351 22.012 22.706 23.284 23.776 24.147 24.442 24.659 24.822 24.962 24.968 24.971 25.074 25.147 25.156 25.145 25.035 24.967 24.842 24.630 24.372 24.104 23.703 23.149 22.466 21.596 20.535 19.398 18.148 16.973 15.826 14.694
0.008 0.006 0.004 0.004 0.003 0.003 0.003 0.003 0.004 0.010 0.036 0.146 0.464 1.060 1.846 2.599 3.309 4.020 4.733 5.447 6.181 6.918 7.650 8.375 9.107 9.855 10.640 11.462 12.311 13.175 14.026 14.806 15.496 16.094 16.579 17.001 17.411 17.813 18.209 18.603 18.962 19.357 19.743 20.172 20.723 21.295 21.981 22.523 23.027 23.376 23.627 23.800 23.887 23.964 23.946 23.935 23.884 23.853 23.808 23.684 23.482 23.349 23.109 22.784 22.449 22.034 21.494 20.771 19.885 18.808 17.490 16.207 14.985 13.895 12.848 11.790
0.010 0.007 0.005 0.005 0.004 0.004 0.003 0.003 0.003 0.006 0.017 0.071 0.265 0.721 1.456 2.302 3.096 3.855 4.604 5.339 6.089 6.828 7.552 8.258 8.965 9.680 10.414 11.169 11.961 12.777 13.596 14.354 15.025 15.628 16.135 16.598 17.009 17.431 17.805 18.163 18.485 18.812 19.160 19.506 19.990 20.467 21.100 21.643 22.143 22.448 22.644 22.803 22.830 22.812 22.792 22.708 22.576 22.399 22.270 22.063 21.794 21.586 21.242 20.831 20.429 19.842 19.119 18.209 17.112 15.788 14.390 13.167 12.066 11.058 10.121 9.189
0.012 0.008 0.007 0.005 0.005 0.004 0.003 0.003 0.003 0.004 0.009 0.034 0.138 0.440 1.031 1.885 2.820 3.660 4.455 5.227 5.989 6.733 7.450 8.140 8.823 9.506 10.194 10.895 11.625 12.374 13.138 13.849 14.488 15.090 15.622 16.089 16.513 16.922 17.271 17.600 17.902 18.187 18.493 18.785 19.160 19.611 20.154 20.629 21.032 21.312 21.451 21.589 21.559 21.486 21.428 21.266 21.050 20.805 20.586 20.281 19.956 19.645 19.244 18.757 18.238 17.525 16.615 15.478 14.147 12.781 11.541 10.454 9.478 8.589 7.827 7.136
0.015 0.010 0.008 0.006 0.005 0.004 0.003 0.003 0.003 0.003 0.006 0.019 0.074 0.263 0.719 1.495 2.512 3.463 4.305 5.106 5.884 6.638 7.350 8.022 8.678 9.324 9.970 10.615 11.282 11.969 12.664 13.319 13.938 14.511 15.027 15.486 15.891 16.293 16.642 16.939 17.238 17.499 17.753 18.010 18.319 18.666 19.093 19.498 19.784 19.981 20.052 20.132 20.097 20.029 19.906 19.683 19.385 19.073 18.752 18.383 18.003 17.565 17.079 16.507 15.826 14.935 13.787 12.461 11.144 9.998 8.981 8.103 7.346 6.687 6.156 5.746
0.017 0.012 0.009 0.007 0.006 0.004 0.003 0.003 0.002 0.003 0.004 0.012 0.047 0.174 0.535 1.237 2.256 3.279 4.152 4.970 5.767 6.526 7.236 7.894 8.523 9.135 9.735 10.331 10.936 11.546 12.156 12.755 13.340 13.876 14.355 14.795 15.204 15.564 15.887 16.172 16.457 16.704 16.941 17.147 17.398 17.653 17.945 18.211 18.371 18.462 18.490 18.530 18.488 18.382 18.226 17.969 17.607 17.228 16.812 16.354 15.892 15.375 14.794 14.102 13.200 12.064 10.791 9.574 8.518 7.633 6.889 6.268 5.761 5.361 5.080 4.920
0.020 0.014 0.010 0.008 0.006 0.005 0.003 0.003 0.002 0.002 0.003 0.009 0.035 0.136 0.446 1.092 2.062 3.095 3.976 4.803 5.614 6.390 7.106 7.756 8.361 8.936 9.491 10.034 10.570 11.119 11.665 12.198 12.709 13.177 13.613 14.010 14.386 14.728 15.054 15.336 15.609 15.831 16.022 16.196 16.381 16.549 16.712 16.840 16.891 16.909 16.905 16.879 16.794 16.666 16.438 16.124 15.713 15.270 14.773 14.245 13.701 13.103 12.420 11.588 10.531 9.315 8.167 7.205 6.431 5.815 5.336 4.959 4.674 4.490 4.400 4.386
0.022 0.015 0.011 0.008 0.006 0.005 0.003 0.002 0.002 0.002 0.003 0.008 0.031 0.121 0.407 1.006 1.902 2.888 3.753 4.586 5.410 6.198 6.925 7.585 8.185 8.730 9.237 9.730 10.209 10.688 11.160 11.616 12.044 12.429 12.792 13.132 13.456 13.783 14.113 14.402 14.666 14.887 15.052 15.176 15.285 15.366 15.428 15.459 15.461 15.454 15.399 15.302 15.129 14.921 14.617 14.228 13.762 13.235 12.650 12.046 11.434 10.786 10.045 9.125 8.025 6.942 6.076 5.411 4.922 4.555 4.286 4.094 3.968 3.902 3.894 3.968
0.023 0.017 0.012 0.009 0.006 0.005 0.003 0.002 0.002 0.002 0.003 0.008 0.030 0.117 0.388 0.939 1.742 2.632 3.463 4.284 5.114 5.931 6.693 7.373 7.967 8.495 8.971 9.407 9.828 10.243 10.635 10.995 11.334 11.624 11.894 12.172 12.440 12.735 13.051 13.334 13.605 13.816 13.961 14.050 14.096 14.118 14.114 14.110 14.065 14.016 13.917 13.745 13.492 13.168 12.763 12.278 11.727 11.123 10.481 9.819 9.145 8.416 7.580 6.628 5.708 4.985 4.482 4.149 3.931 3.767 3.630 3.527 3.466 3.448 3.502 3.713
0.023 0.017 0.012 0.009 0.006 0.004 0.003 0.002 0.002 0.002 0.003 0.007 0.029 0.115 0.373 0.868 1.556 2.323 3.097 3.888 4.706 5.543 6.356 7.093 7.717 8.242 8.685 9.071 9.426 9.759 10.063 10.316 10.550 10.749 10.945 11.152 11.354 11.582 11.855 12.143 12.410 12.615 12.754 12.821 12.832 12.818 12.783 12.764 12.695 12.612 12.455 12.216 11.887 11.437 10.896 10.278 9.621 8.934 8.226 7.467 6.630 5.770 4.965 4.267 3.760 3.459 3.328 3.307 3.283 3.239 3.180 3.122 3.089 3.115 3.289 3.654
