RESULTS/r.avaflow_results/14b_results/14b_ascii/14b_hflow0029.asc
ncols 506
nrows 317
xllcenter 498237.50
yllcenter 5580050.00
cellsize 12.50
NODATA_value -9999.000
[rows 204 to 237 of 317, columns 304 to 379 of 506]
0.050 0.052 0.054 0.057 0.062 0.068 0.077 0.090 0.116 0.161 0.223 0.275 0.305 0.315 0.313 0.300 0.277 0.263 0.262 0.276 0.319 0.400 0.505 0.576 0.600 0.594 0.565 0.514 0.464 0.434 0.421 0.420 0.424 0.423 0.404 0.351 0.270 0.205 0.165 0.142 0.132 0.131 0.140 0.177 0.264 0.402 0.510 0.556 0.566 0.553 0.510 0.429 0.319 0.231 0.180 0.155 0.143 0.139 0.137 0.139 0.152 0.188 0.266 0.405 0.626 0.927 1.196 1.385 1.516 1.625 1.725 1.777 1.776 1.707 1.539 1.314
0.055 0.059 0.062 0.067 0.072 0.077 0.081 0.086 0.097 0.118 0.154 0.202 0.250 0.279 0.287 0.281 0.264 0.255 0.259 0.286 0.348 0.439 0.526 0.580 0.597 0.591 0.563 0.513 0.462 0.430 0.416 0.414 0.417 0.417 0.399 0.346 0.266 0.204 0.167 0.150 0.145 0.146 0.160 0.201 0.282 0.376 0.423 0.432 0.421 0.392 0.343 0.274 0.200 0.149 0.122 0.109 0.104 0.102 0.102 0.103 0.114 0.149 0.226 0.352 0.522 0.697 0.828 0.918 0.989 1.064 1.161 1.239 1.273 1.274 1.229 1.149
0.067 0.073 0.079 0.084 0.087 0.087 0.083 0.081 0.083 0.090 0.105 0.130 0.171 0.213 0.236 0.240 0.235 0.234 0.245 0.284 0.352 0.436 0.499 0.533 0.543 0.540 0.524 0.487 0.439 0.404 0.386 0.381 0.380 0.379 0.364 0.320 0.251 0.197 0.169 0.158 0.157 0.165 0.189 0.239 0.313 0.370 0.386 0.377 0.347 0.301 0.246 0.189 0.142 0.112 0.095 0.087 0.084 0.083 0.084 0.086 0.098 0.133 0.208 0.327 0.458 0.555 0.617 0.656 0.686 0.717 0.763 0.812 0.844 0.864 0.879 0.908
0.085 0.094 0.099 0.101 0.100 0.094 0.083 0.077 0.074 0.075 0.080 0.090 0.110 0.139 0.163 0.178 0.188 0.198 0.219 0.262 0.321 0.373 0.401 0.413 0.420 0.427 0.428 0.413 0.379 0.344 0.322 0.311 0.305 0.299 0.288 0.261 0.218 0.185 0.168 0.164 0.169 0.185 0.222 0.284 0.347 0.379 0.382 0.364 0.323 0.264 0.204 0.155 0.119 0.097 0.084 0.078 0.075 0.074 0.075 0.079 0.092 0.126 0.198 0.308 0.406 0.463 0.493 0.508 0.516 0.522 0.532 0.549 0.569 0.594 0.632 0.697
0.098 0.106 0.109 0.109 0.105 0.095 0.081 0.072 0.066 0.065 0.065 0.068 0.076 0.089 0.104 0.118 0.132 0.151 0.176 0.207 0.231 0.240 0.240 0.241 0.249 0.267 0.286 0.291 0.280 0.259 0.242 0.231 0.222 0.213 0.204 0.192 0.177 0.168 0.165 0.168 0.178 0.200 0.242 0.312 0.372 0.394 0.392 0.368 0.322 0.257 0.195 0.148 0.114 0.093 0.081 0.074 0.071 0.071 0.072 0.077 0.090 0.122 0.188 0.288 0.364 0.402 0.417 0.422 0.421 0.414 0.401 0.393 0.398 0.417 0.458 0.533
0.102 0.109 0.110 0.109 0.103 0.091 0.076 0.065 0.058 0.055 0.053 0.053 0.055 0.060 0.068 0.077 0.089 0.104 0.119 0.128 0.130 0.128 0.126 0.127 0.135 0.151 0.174 0.189 0.195 0.193 0.188 0.182 0.173 0.164 0.156 0.152 0.150 0.152 0.159 0.170 0.185 0.208 0.249 0.322 0.389 0.415 0.414 0.389 0.339 0.272 0.206 0.155 0.118 0.095 0.081 0.074 0.071 0.071 0.072 0.077 0.090 0.119 0.178 0.265 0.330 0.362 0.373 0.375 0.372 0.360 0.332 0.305 0.297 0.307 0.340 0.404
0.101 0.105 0.105 0.101 0.091 0.077 0.063 0.054 0.048 0.045 0.043 0.043 0.043 0.044 0.047 0.053 0.061 0.070 0.075 0.076 0.075 0.073 0.072 0.073 0.079 0.092 0.112 0.132 0.146 0.154 0.156 0.155 0.150 0.141 0.135 0.134 0.135 0.143 0.156 0.171 0.188 0.210 0.250 0.322 0.403 0.445 0.451 0.435 0.394 0.334 0.266 0.200 0.147 0.111 0.090 0.079 0.074 0.073 0.074 0.079 0.091 0.116 0.165 0.239 0.303 0.338 0.353 0.358 0.355 0.342 0.308 0.262 0.242 0.243 0.263 0.305
0.094 0.094 0.089 0.080 0.067 0.055 0.047 0.041 0.038 0.036 0.035 0.034 0.034 0.035 0.036 0.039 0.044 0.049 0.050 0.050 0.049 0.048 0.048 0.050 0.055 0.065 0.081 0.102 0.121 0.133 0.140 0.142 0.140 0.134 0.129 0.128 0.131 0.139 0.154 0.171 0.189 0.211 0.250 0.322 0.421 0.495 0.526 0.531 0.514 0.479 0.419 0.332 0.236 0.165 0.121 0.098 0.087 0.084 0.084 0.087 0.097 0.118 0.158 0.217 0.280 0.326 0.350 0.357 0.356 0.343 0.307 0.253 0.219 0.209 0.215 0.234
0.078 0.074 0.065 0.054 0.045 0.039 0.035 0.032 0.031 0.029 0.029 0.029 0.029 0.029 0.029 0.031 0.034 0.036 0.037 0.038 0.038 0.037 0.038 0.040 0.044 0.052 0.066 0.085 0.106 0.122 0.132 0.136 0.136 0.132 0.129 0.128 0.131 0.140 0.154 0.170 0.188 0.212 0.255 0.334 0.457 0.592 0.686 0.738 0.760 0.755 0.713 0.606 0.443 0.296 0.204 0.153 0.126 0.113 0.108 0.107 0.113 0.128 0.159 0.205 0.263 0.322 0.363 0.382 0.385 0.372 0.332 0.266 0.219 0.196 0.186 0.186
0.056 0.051 0.044 0.037 0.033 0.030 0.028 0.027 0.026 0.025 0.025 0.025 0.025 0.025 0.025 0.026 0.028 0.029 0.030 0.031 0.031 0.032 0.033 0.035 0.039 0.047 0.059 0.075 0.096 0.114 0.126 0.132 0.134 0.133 0.130 0.130 0.133 0.140 0.152 0.167 0.185 0.214 0.268 0.368 0.532 0.750 0.951 1.091 1.169 1.190 1.161 1.037 0.805 0.549 0.380 0.282 0.225 0.189 0.167 0.154 0.150 0.156 0.172 0.204 0.257 0.337 0.425 0.474 0.487 0.475 0.424 0.333 0.247 0.199 0.172 0.158
0.040 0.036 0.032 0.028 0.026 0.025 0.025 0.024 0.024 0.023 0.023 0.022 0.022 0.023 0.023 0.023 0.024 0.025 0.026 0.027 0.028 0.029 0.031 0.033 0.038 0.045 0.056 0.070 0.089 0.107 0.120 0.129 0.132 0.133 0.133 0.132 0.134 0.139 0.148 0.160 0.178 0.210 0.274 0.399 0.600 0.876 1.175 1.403 1.536 1.579 1.557 1.438 1.196 0.892 0.671 0.525 0.426 0.352 0.296 0.252 0.223 0.208 0.207 0.222 0.270 0.379 0.550 0.675 0.715 0.704 0.640 0.506 0.340 0.231 0.175 0.147
0.030 0.028 0.026 0.024 0.023 0.023 0.023 0.023 0.022 0.022 0.021 0.021 0.021 0.021 0.021 0.022 0.022 0.023 0.024 0.025 0.026 0.027 0.029 0.032 0.037 0.045 0.055 0.069 0.085 0.101 0.115 0.125 0.131 0.133 0.133 0.132 0.132 0.134 0.140 0.148 0.164 0.198 0.269 0.405 0.622 0.921 1.271 1.546 1.712 1.771 1.760 1.659 1.436 1.141 0.927 0.775 0.654 0.553 0.465 0.388 0.326 0.285 0.268 0.270 0.314 0.435 0.651 0.872 0.986 1.007 0.958 0.802 0.545 0.321 0.201 0.148
0.025 0.024 0.023 0.022 0.022 0.022 0.022 0.022 0.022 0.022 0.021 0.020 0.020 0.020 0.020 0.021 0.021 0.022 0.023 0.024 0.025 0.026 0.029 0.032 0.037 0.045 0.056 0.069 0.084 0.099 0.111 0.121 0.128 0.131 0.132 0.130 0.126 0.125 0.126 0.130 0.142 0.176 0.250 0.389 0.607 0.907 1.272 1.563 1.740 1.809 1.809 1.729 1.528 1.255 1.053 0.901 0.775 0.662 0.560 0.470 0.396 0.346 0.323 0.323 0.359 0.470 0.678 0.941 1.117 1.184 1.175 1.070 0.819 0.486 0.263 0.162
0.023 0.022 0.022 0.021 0.022 0.022 0.022 0.022 0.022 0.021 0.021 0.020 0.020 0.020 0.020 0.020 0.021 0.021 0.022 0.023 0.024 0.026 0.029 0.033 0.039 0.047 0.057 0.070 0.085 0.099 0.110 0.119 0.126 0.128 0.128 0.126 0.120 0.116 0.115 0.116 0.125 0.150 0.213 0.336 0.535 0.818 1.179 1.481 1.673 1.763 1.774 1.706 1.526 1.274 1.079 0.929 0.802 0.689 0.586 0.495 0.423 0.376 0.354 0.351 0.379 0.476 0.668 0.933 1.131 1.233 1.257 1.211 1.032 0.692 0.369 0.198
0.022 0.021 0.021 0.021 0.022 0.022 0.022 0.022 0.022 0.021 0.021 0.020 0.019 0.019 0.020 0.020 0.021 0.021 0.022 0.023 0.024 0.026 0.029 0.033 0.040 0.048 0.059 0.073 0.088 0.101 0.111 0.120 0.125 0.128 0.127 0.124 0.117 0.112 0.111 0.112 0.118 0.136 0.179 0.263 0.410 0.641 0.963 1.273 1.482 1.592 1.614 1.567 1.430 1.225 1.047 0.903 0.779 0.671 0.575 0.492 0.427 0.385 0.365 0.362 0.382 0.461 0.627 0.874 1.091 1.219 1.264 1.254 1.146 0.880 0.513 0.261
0.021 0.021 0.021 0.022 0.022 0.022 0.022 0.022 0.022 0.022 0.021 0.020 0.019 0.019 0.019 0.020 0.020 0.021 0.022 0.023 0.024 0.026 0.029 0.034 0.040 0.049 0.059 0.074 0.091 0.105 0.115 0.123 0.128 0.130 0.129 0.124 0.116 0.112 0.111 0.112 0.117 0.133 0.165 0.222 0.316 0.463 0.684 0.951 1.151 1.260 1.289 1.269 1.192 1.060 0.915 0.787 0.677 0.590 0.522 0.466 0.418 0.384 0.367 0.363 0.375 0.431 0.561 0.774 1.001 1.155 1.234 1.246 1.194 1.016 0.685 0.363
0.021 0.022 0.022 0.023 0.023 0.023 0.024 0.024 0.023 0.023 0.022 0.020 0.020 0.019 0.019 0.019 0.020 0.021 0.022 0.023 0.024 0.026 0.029 0.033 0.040 0.048 0.059 0.073 0.091 0.106 0.117 0.126 0.132 0.134 0.132 0.126 0.118 0.116 0.115 0.117 0.123 0.138 0.168 0.215 0.279 0.365 0.491 0.653 0.772 0.833 0.849 0.847 0.823 0.757 0.654 0.554 0.479 0.434 0.413 0.403 0.390 0.374 0.365 0.363 0.373 0.419 0.526 0.698 0.898 1.056 1.164 1.210 1.199 1.096 0.854 0.513
0.022 0.023 0.024 0.025 0.025 0.025 0.026 0.025 0.025 0.024 0.023 0.022 0.021 0.020 0.020 0.020 0.020 0.021 0.022 0.023 0.024 0.025 0.028 0.033 0.039 0.048 0.058 0.072 0.089 0.104 0.116 0.126 0.133 0.135 0.134 0.128 0.123 0.122 0.124 0.130 0.141 0.161 0.192 0.231 0.275 0.324 0.385 0.460 0.512 0.534 0.537 0.531 0.510 0.458 0.378 0.313 0.278 0.269 0.281 0.314 0.345 0.358 0.364 0.368 0.381 0.424 0.518 0.661 0.824 0.964 1.079 1.152 1.170 1.122 0.953 0.660
0.023 0.025 0.027 0.028 0.029 0.029 0.029 0.028 0.028 0.027 0.026 0.024 0.022 0.021 0.020 0.020 0.020 0.021 0.021 0.022 0.023 0.025 0.027 0.031 0.038 0.046 0.057 0.069 0.083 0.096 0.110 0.122 0.130 0.133 0.132 0.128 0.124 0.124 0.128 0.141 0.167 0.206 0.244 0.271 0.290 0.308 0.330 0.353 0.366 0.369 0.364 0.351 0.326 0.280 0.220 0.182 0.169 0.173 0.199 0.254 0.315 0.352 0.372 0.388 0.407 0.447 0.525 0.639 0.768 0.886 0.995 1.079 1.112 1.094 0.977 0.739
0.026 0.030 0.032 0.033 0.034 0.034 0.034 0.033 0.032 0.031 0.029 0.028 0.025 0.023 0.021 0.021 0.021 0.021 0.021 0.022 0.022 0.024 0.026 0.029 0.035 0.044 0.054 0.064 0.074 0.084 0.096 0.109 0.118 0.123 0.124 0.123 0.121 0.122 0.126 0.142 0.179 0.235 0.278 0.296 0.300 0.300 0.298 0.296 0.292 0.285 0.275 0.258 0.232 0.192 0.152 0.132 0.128 0.135 0.166 0.226 0.301 0.354 0.385 0.409 0.433 0.468 0.531 0.622 0.721 0.812 0.902 0.974 1.007 1.002 0.928 0.748
0.033 0.038 0.041 0.042 0.043 0.043 0.042 0.041 0.039 0.037 0.035 0.032 0.029 0.026 0.024 0.023 0.022 0.022 0.021 0.022 0.022 0.023 0.025 0.028 0.033 0.041 0.049 0.055 0.062 0.068 0.077 0.089 0.099 0.105 0.107 0.108 0.110 0.111 0.117 0.136 0.177 0.238 0.283 0.299 0.300 0.291 0.276 0.265 0.256 0.246 0.232 0.214 0.187 0.155 0.132 0.121 0.120 0.130 0.160 0.220 0.299 0.358 0.395 0.419 0.441 0.472 0.527 0.604 0.676 0.736 0.786 0.820 0.833 0.826 0.785 0.682
0.045 0.054 0.058 0.059 0.059 0.058 0.057 0.054 0.051 0.048 0.044 0.039 0.034 0.030 0.027 0.025 0.024 0.023 0.022 0.022 0.022 0.023 0.024 0.027 0.031 0.037 0.043 0.047 0.050 0.054 0.060 0.068 0.076 0.080 0.083 0.085 0.087 0.090 0.098 0.117 0.156 0.216 0.263 0.282 0.283 0.273 0.256 0.245 0.237 0.227 0.213 0.193 0.169 0.147 0.132 0.126 0.130 0.143 0.173 0.228 0.306 0.368 0.403 0.424 0.441 0.465 0.509 0.572 0.621 0.647 0.655 0.648 0.629 0.606 0.581 0.544
0.057 0.071 0.079 0.081 0.080 0.078 0.074 0.070 0.065 0.060 0.053 0.045 0.038 0.033 0.029 0.027 0.025 0.024 0.023 0.022 0.022 0.023 0.024 0.026 0.030 0.034 0.037 0.040 0.042 0.044 0.048 0.054 0.059 0.061 0.062 0.062 0.062 0.064 0.070 0.084 0.112 0.158 0.205 0.232 0.241 0.240 0.232 0.227 0.223 0.217 0.204 0.184 0.165 0.153 0.151 0.161 0.181 0.202 0.230 0.274 0.340 0.392 0.418 0.429 0.434 0.444 0.468 0.511 0.542 0.550 0.544 0.521 0.485 0.460 0.448 0.442
0.061 0.079 0.089 0.091 0.090 0.087 0.082 0.078 0.072 0.066 0.058 0.048 0.040 0.034 0.030 0.028 0.026 0.024 0.023 0.022 0.022 0.023 0.023 0.025 0.028 0.031 0.032 0.034 0.035 0.036 0.038 0.042 0.046 0.047 0.047 0.046 0.046 0.047 0.049 0.055 0.068 0.091 0.123 0.151 0.173 0.190 0.201 0.207 0.210 0.207 0.197 0.180 0.171 0.175 0.202 0.260 0.320 0.351 0.371 0.394 0.426 0.447 0.451 0.439 0.421 0.411 0.414 0.432 0.455 0.465 0.461 0.440 0.410 0.396 0.396 0.408
0.060 0.078 0.088 0.090 0.089 0.087 0.082 0.078 0.072 0.066 0.058 0.048 0.040 0.034 0.030 0.028 0.025 0.024 0.023 0.022 0.022 0.022 0.023 0.024 0.026 0.027 0.028 0.028 0.029 0.029 0.031 0.033 0.035 0.036 0.036 0.036 0.036 0.036 0.037 0.039 0.045 0.056 0.072 0.090 0.110 0.134 0.161 0.181 0.190 0.192 0.187 0.178 0.177 0.195 0.263 0.406 0.550 0.610 0.618 0.611 0.591 0.562 0.521 0.464 0.415 0.389 0.382 0.385 0.396 0.406 0.408 0.401 0.390 0.388 0.396 0.421
0.053 0.067 0.075 0.076 0.076 0.074 0.072 0.069 0.065 0.060 0.052 0.044 0.037 0.032 0.029 0.026 0.024 0.023 0.022 0.021 0.021 0.021 0.021 0.022 0.023 0.023 0.023 0.023 0.023 0.023 0.024 0.025 0.027 0.028 0.028 0.028 0.028 0.028 0.029 0.030 0.033 0.039 0.047 0.057 0.070 0.088 0.113 0.139 0.156 0.163 0.166 0.168 0.173 0.198 0.285 0.477 0.703 0.817 0.839 0.828 0.796 0.739 0.647 0.518 0.423 0.381 0.370 0.368 0.370 0.375 0.382 0.391 0.404 0.427 0.464 0.512
0.038 0.045 0.048 0.049 0.048 0.048 0.048 0.047 0.046 0.043 0.039 0.034 0.030 0.027 0.024 0.022 0.020 0.020 0.019 0.019 0.019 0.019 0.019 0.019 0.019 0.019 0.018 0.018 0.018 0.018 0.019 0.019 0.020 0.021 0.021 0.022 0.022 0.023 0.023 0.024 0.026 0.029 0.033 0.039 0.047 0.058 0.072 0.088 0.103 0.116 0.127 0.138 0.152 0.186 0.279 0.481 0.740 0.890 0.936 0.936 0.916 0.868 0.771 0.603 0.454 0.387 0.371 0.368 0.367 0.369 0.377 0.402 0.459 0.551 0.636 0.694
0.024 0.027 0.029 0.029 0.028 0.028 0.028 0.027 0.027 0.026 0.025 0.022 0.020 0.019 0.017 0.016 0.015 0.015 0.015 0.015 0.015 0.015 0.015 0.015 0.015 0.014 0.014 0.014 0.014 0.014 0.014 0.015 0.015 0.016 0.016 0.017 0.017 0.018 0.018 0.019 0.020 0.022 0.025 0.028 0.033 0.039 0.045 0.053 0.060 0.068 0.077 0.088 0.108 0.146 0.237 0.426 0.687 0.861 0.935 0.954 0.947 0.912 0.825 0.664 0.502 0.416 0.383 0.374 0.371 0.372 0.383 0.429 0.535 0.691 0.796 0.832
0.016 0.017 0.018 0.018 0.018 0.017 0.017 0.017 0.017 0.017 0.016 0.015 0.014 0.013 0.012 0.012 0.011 0.011 0.011 0.011 0.011 0.011 0.011 0.011 0.011 0.011 0.011 0.011 0.011 0.011 0.011 0.011 0.011 0.012 0.012 0.012 0.013 0.013 0.014 0.015 0.016 0.017 0.019 0.021 0.024 0.027 0.030 0.033 0.036 0.040 0.044 0.051 0.062 0.088 0.150 0.281 0.490 0.681 0.804 0.870 0.893 0.878 0.811 0.674 0.522 0.432 0.391 0.376 0.372 0.372 0.386 0.439 0.566 0.745 0.851 0.876
0.011 0.012 0.012 0.012 0.012 0.012 0.012 0.012 0.012 0.012 0.011 0.011 0.010 0.010 0.009 0.009 0.008 0.008 0.008 0.008 0.008 0.008 0.008 0.008 0.008 0.008 0.008 0.008 0.008 0.008 0.008 0.008 0.008 0.009 0.009 0.009 0.010 0.010 0.011 0.011 0.012 0.013 0.014 0.015 0.017 0.019 0.021 0.022 0.024 0.025 0.027 0.031 0.036 0.048 0.073 0.128 0.224 0.355 0.491 0.603 0.669 0.690 0.669 0.600 0.496 0.417 0.375 0.355 0.348 0.348 0.364 0.421 0.551 0.727 0.829 0.852
0.007 0.008 0.008 0.008 0.008 0.008 0.008 0.008 0.008 0.008 0.008 0.008 0.007 0.007 0.006 0.006 0.006 0.006 0.006 0.006 0.006 0.006 0.006 0.006 0.006 0.006 0.006 0.006 0.006 0.006 0.006 0.006 0.006 0.006 0.006 0.007 0.007 0.007 0.008 0.008 0.009 0.009 0.010 0.011 0.012 0.014 0.015 0.016 0.016 0.018 0.019 0.021 0.023 0.028 0.038 0.056 0.087 0.135 0.202 0.273 0.327 0.364 0.386 0.393 0.371 0.334 0.300 0.279 0.271 0.271 0.285 0.336 0.446 0.597 0.692 0.723
0.005 0.005 0.005 0.006 0.006 0.006 0.006 0.006 0.006 0.005 0.005 0.005 0.005 0.005 0.004 0.004 0.004 0.004 0.004 0.004 0.004 0.004 0.004 0.004 0.004 0.004 0.004 0.004 0.004 0.004 0.004 0.004 0.004 0.004 0.004 0.005 0.005 0.005 0.005 0.006 0.006 0.006 0.007 0.008 0.009 0.009 0.010 0.011 0.012 0.012 0.013 0.015 0.016 0.019 0.023 0.029 0.040 0.055 0.077 0.106 0.131 0.153 0.173 0.186 0.190 0.184 0.169 0.156 0.150 0.150 0.157 0.185 0.248 0.344 0.421 0.464
0.003 0.003 0.003 0.003 0.003 0.004 0.004 0.004 0.004 0.003 0.003 0.003 0.003 0.003 0.003 0.003 0.003 0.003 0.003 0.003 0.003 0.003 0.003 0.003 0.003 0.003 0.003 0.003 0.003 0.003 0.003 0.003 0.003 0.003 0.003 0.003 0.003 0.003 0.003 0.004 0.004 0.004 0.005 0.005 0.006 0.006 0.007 0.007 0.008 0.009 0.010 0.010 0.012 0.013 0.015 0.018 0.023 0.029 0.037 0.047 0.058 0.069 0.079 0.086 0.088 0.088 0.083 0.077 0.074 0.074 0.076 0.085 0.108 0.148 0.190 0.219
0.002 0.002 0.002 0.002 0.002 0.002 0.002 0.002 0.002 0.002 0.002 0.002 0.002 0.002 0.002 0.002 0.002 0.002 0.002 0.001 0.001 0.001 0.001 0.001 0.001 0.001 0.002 0.002 0.002 0.002 0.002 0.002 0.002 0.002 0.002 0.002 0.002 0.002 0.002 0.002 0.002 0.002 0.003 0.003 0.003 0.004 0.004 0.005 0.005 0.006 0.007 0.007 0.008 0.009 0.011 0.013 0.015 0.018 0.022 0.026 0.031 0.037 0.042 0.045 0.046 0.046 0.044 0.041 0.040 0.040 0.040 0.043 0.050 0.065 0.083 0.096
