RESULTS/r.avaflow_results/14b_results/14b_ascii/14b_hflow0041.asc
ncols 506
nrows 317
xllcenter 498237.50
yllcenter 5580050.00
cellsize 12.50
NODATA_value -9999.000
[rows 170 to 203 of 317, columns 228 to 303 of 506]
3.207 3.176 3.140 3.092 3.024 2.938 2.889 2.888 2.953 3.126 3.441 3.851 4.139 4.266 4.284 4.235 4.072 3.734 3.185 2.400 1.461 0.689 0.250 0.082 0.035 0.020 0.015 0.011 0.009 0.007 0.005 0.004 0.003 0.002 0.002 0.001 0.001 0.000 0.000 0.000 0.000 0.000 0.000 0.000 0.000 0.000 0.000 0.000 0.000 0.000 0.000 0.000 0.000 0.000 0.000 0.000 0.000 0.000 0.000 0.000 0.000 0.000 0.000 0.000 0.000 0.000 0.000 0.000 0.000 0.000 0.000 0.000 0.000 0.000 0.000 0.000
3.442 3.398 3.332 3.247 3.148 3.073 3.046 3.061 3.143 3.360 3.776 4.395 4.902 5.136 5.162 5.062 4.819 4.413 3.830 3.071 2.114 1.131 0.447 0.143 0.052 0.027 0.018 0.014 0.011 0.009 0.007 0.005 0.004 0.003 0.002 0.002 0.001 0.001 0.000 0.000 0.000 0.000 0.000 0.000 0.000 0.000 0.000 0.000 0.000 0.000 0.000 0.000 0.000 0.000 0.000 0.000 0.000 0.000 0.000 0.000 0.000 0.000 0.000 0.000 0.000 0.000 0.000 0.000 0.000 0.000 0.000 0.000 0.000 0.000 0.000 0.000
3.572 3.519 3.444 3.351 3.249 3.188 3.175 3.204 3.297 3.519 3.964 4.660 5.260 5.540 5.574 5.456 5.184 4.770 4.204 3.483 2.573 1.525 0.680 0.233 0.080 0.036 0.022 0.016 0.013 0.010 0.008 0.007 0.005 0.004 0.003 0.002 0.002 0.001 0.001 0.000 0.000 0.000 0.000 0.000 0.000 0.000 0.000 0.000 0.000 0.000 0.000 0.000 0.000 0.000 0.000 0.000 0.000 0.000 0.000 0.000 0.000 0.000 0.000 0.000 0.000 0.000 0.000 0.000 0.000 0.000 0.000 0.000 0.000 0.000 0.000 0.000
3.651 3.591 3.519 3.443 3.365 3.317 3.309 3.344 3.443 3.661 4.097 4.776 5.370 5.668 5.719 5.609 5.336 4.932 4.403 3.727 2.879 1.855 0.933 0.359 0.123 0.050 0.027 0.019 0.015 0.012 0.010 0.008 0.007 0.005 0.004 0.003 0.002 0.002 0.001 0.001 0.000 0.000 0.000 0.000 0.000 0.000 0.000 0.000 0.000 0.000 0.000 0.000 0.000 0.000 0.000 0.000 0.000 0.000 0.000 0.000 0.000 0.000 0.000 0.000 0.000 0.000 0.000 0.000 0.000 0.000 0.000 0.000 0.000 0.000 0.000 0.000
3.692 3.634 3.575 3.532 3.501 3.473 3.463 3.490 3.585 3.804 4.220 4.836 5.374 5.668 5.724 5.622 5.357 4.966 4.471 3.864 3.119 2.188 1.235 0.538 0.196 0.075 0.036 0.023 0.018 0.014 0.012 0.010 0.008 0.006 0.005 0.004 0.003 0.002 0.002 0.001 0.001 0.001 0.000 0.000 0.000 0.000 0.000 0.000 0.000 0.000 0.000 0.000 0.000 0.000 0.000 0.000 0.000 0.000 0.000 0.000 0.000 0.000 0.000 0.000 0.000 0.000 0.000 0.000 0.000 0.000 0.000 0.000 0.000 0.000 0.000 0.000
3.715 3.659 3.619 3.608 3.615 3.612 3.611 3.641 3.743 3.965 4.357 4.893 5.329 5.569 5.618 5.529 5.286 4.922 4.467 3.946 3.349 2.578 1.625 0.807 0.326 0.124 0.054 0.030 0.021 0.017 0.014 0.012 0.010 0.008 0.006 0.005 0.004 0.003 0.003 0.002 0.001 0.001 0.001 0.000 0.000 0.000 0.000 0.000 0.000 0.000 0.000 0.000 0.000 0.000 0.000 0.000 0.000 0.000 0.000 0.000 0.000 0.000 0.000 0.000 0.000 0.000 0.000 0.000 0.000 0.000 0.000 0.000 0.000 0.000 0.000 0.001
3.776 3.716 3.679 3.679 3.702 3.725 3.755 3.819 3.952 4.184 4.545 4.945 5.207 5.321 5.326 5.247 5.054 4.760 4.394 3.982 3.534 2.959 2.103 1.192 0.557 0.230 0.095 0.046 0.028 0.020 0.016 0.014 0.011 0.009 0.008 0.006 0.005 0.004 0.003 0.003 0.002 0.002 0.001 0.001 0.001 0.000 0.000 0.000 0.000 0.000 0.000 0.000 0.000 0.000 0.000 0.000 0.000 0.000 0.000 0.000 0.000 0.000 0.000 0.000 0.000 0.000 0.000 0.000 0.000 0.000 0.000 0.000 0.000 0.000 0.001 0.002
3.875 3.811 3.769 3.762 3.781 3.829 3.911 4.040 4.228 4.467 4.723 4.922 4.995 4.966 4.886 4.781 4.646 4.457 4.218 3.935 3.606 3.170 2.511 1.660 0.918 0.436 0.187 0.081 0.041 0.026 0.019 0.016 0.013 0.011 0.009 0.008 0.006 0.005 0.004 0.004 0.003 0.002 0.002 0.001 0.001 0.001 0.000 0.000 0.000 0.000 0.000 0.000 0.000 0.000 0.000 0.000 0.000 0.000 0.000 0.000 0.000 0.000 0.000 0.000 0.000 0.000 0.000 0.000 0.000 0.000 0.000 0.000 0.001 0.001 0.003 0.004
3.999 3.933 3.882 3.862 3.881 3.949 4.081 4.270 4.476 4.669 4.813 4.863 4.822 4.712 4.560 4.419 4.281 4.132 3.969 3.793 3.567 3.234 2.751 2.089 1.364 0.765 0.370 0.163 0.073 0.038 0.025 0.019 0.016 0.013 0.011 0.009 0.008 0.006 0.006 0.005 0.004 0.003 0.003 0.002 0.002 0.001 0.001 0.001 0.000 0.000 0.000 0.000 0.000 0.000 0.000 0.000 0.000 0.000 0.000 0.000 0.000 0.000 0.000 0.000 0.000 0.000 0.000 0.000 0.000 0.000 0.001 0.001 0.002 0.003 0.005 0.007
4.158 4.086 4.028 3.998 4.025 4.111 4.256 4.451 4.634 4.763 4.824 4.800 4.712 4.561 4.379 4.225 4.080 3.935 3.785 3.632 3.463 3.230 2.889 2.428 1.823 1.178 0.662 0.325 0.145 0.066 0.036 0.024 0.019 0.015 0.012 0.011 0.009 0.008 0.007 0.006 0.005 0.004 0.004 0.003 0.003 0.002 0.002 0.001 0.001 0.000 0.000 0.000 0.000 0.000 0.000 0.000 0.000 0.000 0.000 0.000 0.000 0.000 0.000 0.001 0.001 0.001 0.001 0.001 0.001 0.001 0.002 0.003 0.004 0.006 0.008 0.011
4.370 4.291 4.228 4.196 4.223 4.303 4.421 4.575 4.713 4.787 4.791 4.740 4.634 4.470 4.278 4.114 3.965 3.825 3.688 3.553 3.413 3.242 3.005 2.680 2.226 1.627 1.041 0.587 0.287 0.128 0.061 0.035 0.024 0.018 0.015 0.012 0.011 0.009 0.008 0.007 0.006 0.006 0.005 0.004 0.004 0.003 0.002 0.002 0.002 0.001 0.001 0.001 0.001 0.000 0.000 0.000 0.000 0.000 0.000 0.000 0.001 0.001 0.002 0.002 0.002 0.002 0.003 0.003 0.003 0.003 0.004 0.006 0.007 0.010 0.013 0.017
4.651 4.563 4.494 4.455 4.458 4.505 4.582 4.679 4.751 4.775 4.756 4.698 4.591 4.424 4.222 4.046 3.893 3.759 3.642 3.534 3.423 3.297 3.134 2.889 2.528 2.037 1.466 0.939 0.522 0.255 0.118 0.061 0.036 0.024 0.018 0.015 0.013 0.011 0.010 0.009 0.008 0.007 0.006 0.006 0.005 0.004 0.004 0.003 0.003 0.002 0.002 0.002 0.002 0.001 0.001 0.001 0.001 0.001 0.001 0.001 0.002 0.003 0.004 0.004 0.005 0.005 0.005 0.006 0.006 0.007 0.008 0.009 0.011 0.015 0.019 0.027
4.996 4.885 4.801 4.743 4.713 4.720 4.750 4.785 4.800 4.789 4.750 4.681 4.573 4.407 4.202 4.019 3.860 3.726 3.625 3.548 3.476 3.394 3.274 3.074 2.775 2.379 1.891 1.358 0.870 0.493 0.255 0.131 0.070 0.040 0.026 0.019 0.016 0.013 0.012 0.010 0.009 0.008 0.008 0.007 0.006 0.006 0.005 0.005 0.004 0.004 0.004 0.003 0.003 0.003 0.003 0.003 0.003 0.003 0.003 0.004 0.005 0.006 0.007 0.007 0.008 0.008 0.009 0.009 0.010 0.011 0.012 0.014 0.017 0.022 0.031 0.050
5.302 5.172 5.077 5.021 4.995 4.976 4.946 4.912 4.878 4.839 4.777 4.691 4.577 4.415 4.215 4.027 3.863 3.726 3.633 3.583 3.546 3.489 3.388 3.226 2.990 2.687 2.308 1.836 1.331 0.886 0.542 0.310 0.168 0.087 0.046 0.028 0.021 0.017 0.015 0.013 0.012 0.010 0.009 0.009 0.008 0.007 0.007 0.006 0.006 0.006 0.006 0.005 0.005 0.005 0.005 0.005 0.006 0.006 0.007 0.007 0.009 0.010 0.011 0.012 0.012 0.013 0.013 0.014 0.015 0.016 0.018 0.021 0.026 0.036 0.058 0.108
5.542 5.416 5.322 5.283 5.282 5.265 5.193 5.093 5.004 4.924 4.834 4.731 4.613 4.462 4.282 4.100 3.935 3.794 3.695 3.639 3.604 3.551 3.462 3.335 3.170 2.960 2.686 2.331 1.891 1.427 0.991 0.632 0.367 0.193 0.095 0.050 0.031 0.023 0.019 0.017 0.015 0.013 0.012 0.011 0.010 0.009 0.009 0.009 0.008 0.008 0.008 0.008 0.008 0.008 0.008 0.009 0.009 0.010 0.011 0.012 0.014 0.016 0.017 0.018 0.019 0.019 0.020 0.020 0.021 0.023 0.027 0.033 0.044 0.068 0.123 0.248
5.722 5.615 5.539 5.507 5.509 5.495 5.435 5.330 5.206 5.078 4.953 4.834 4.716 4.590 4.449 4.298 4.150 4.001 3.855 3.739 3.662 3.597 3.519 3.423 3.313 3.170 2.980 2.739 2.436 2.052 1.577 1.060 0.639 0.356 0.187 0.097 0.055 0.036 0.027 0.022 0.019 0.017 0.015 0.014 0.013 0.012 0.012 0.011 0.011 0.011 0.011 0.011 0.011 0.012 0.012 0.013 0.014 0.016 0.017 0.019 0.022 0.025 0.027 0.029 0.029 0.030 0.030 0.031 0.033 0.037 0.045 0.059 0.087 0.144 0.262 0.501
5.845 5.777 5.721 5.686 5.674 5.648 5.594 5.509 5.404 5.291 5.169 5.050 4.939 4.835 4.732 4.624 4.501 4.335 4.104 3.879 3.731 3.646 3.584 3.516 3.432 3.325 3.201 3.058 2.863 2.572 2.133 1.516 0.942 0.556 0.320 0.180 0.102 0.063 0.043 0.033 0.027 0.024 0.021 0.018 0.017 0.016 0.015 0.015 0.014 0.014 0.015 0.015 0.015 0.017 0.018 0.020 0.022 0.024 0.028 0.032 0.036 0.040 0.045 0.048 0.049 0.050 0.051 0.052 0.058 0.069 0.091 0.128 0.192 0.301 0.496 0.793
5.930 5.908 5.867 5.823 5.790 5.747 5.684 5.609 5.531 5.476 5.444 5.373 5.274 5.175 5.066 4.939 4.787 4.587 4.309 4.020 3.821 3.717 3.662 3.610 3.544 3.473 3.409 3.332 3.205 2.963 2.532 1.877 1.223 0.775 0.485 0.299 0.181 0.112 0.073 0.054 0.043 0.037 0.031 0.026 0.023 0.021 0.020 0.019 0.019 0.019 0.019 0.020 0.021 0.023 0.026 0.030 0.035 0.041 0.050 0.059 0.068 0.076 0.085 0.091 0.096 0.098 0.101 0.107 0.123 0.156 0.213 0.298 0.409 0.562 0.763 0.999
5.977 5.990 5.963 5.912 5.860 5.803 5.739 5.675 5.627 5.631 5.694 5.680 5.584 5.458 5.309 5.143 4.954 4.726 4.448 4.161 3.946 3.822 3.753 3.701 3.667 3.657 3.642 3.591 3.486 3.250 2.807 2.143 1.478 1.002 0.675 0.449 0.295 0.193 0.132 0.097 0.078 0.067 0.056 0.046 0.036 0.030 0.027 0.025 0.025 0.025 0.025 0.027 0.031 0.036 0.044 0.055 0.067 0.082 0.102 0.125 0.149 0.169 0.186 0.201 0.213 0.223 0.235 0.257 0.302 0.384 0.508 0.639 0.759 0.861 0.958 1.077
5.966 6.012 6.003 5.951 5.879 5.812 5.758 5.721 5.718 5.792 5.891 5.889 5.794 5.643 5.454 5.259 5.051 4.806 4.545 4.303 4.097 3.955 3.869 3.815 3.838 3.914 3.920 3.858 3.725 3.448 2.970 2.306 1.691 1.231 0.887 0.632 0.447 0.320 0.238 0.190 0.162 0.144 0.126 0.102 0.072 0.052 0.042 0.038 0.036 0.036 0.037 0.041 0.050 0.067 0.091 0.120 0.151 0.188 0.233 0.287 0.352 0.409 0.450 0.480 0.505 0.532 0.570 0.635 0.738 0.882 1.034 1.126 1.141 1.089 1.044 1.063
5.856 5.938 5.959 5.911 5.831 5.770 5.740 5.748 5.820 5.953 6.032 6.007 5.909 5.751 5.551 5.343 5.123 4.864 4.618 4.421 4.249 4.111 4.025 4.006 4.122 4.265 4.260 4.152 3.935 3.574 3.028 2.375 1.844 1.445 1.124 0.859 0.658 0.521 0.437 0.390 0.366 0.349 0.325 0.273 0.187 0.116 0.082 0.066 0.060 0.059 0.061 0.072 0.098 0.149 0.222 0.294 0.364 0.439 0.523 0.629 0.777 0.908 0.991 1.035 1.065 1.101 1.171 1.292 1.428 1.523 1.554 1.505 1.386 1.211 1.062 0.965
5.596 5.721 5.785 5.756 5.690 5.662 5.675 5.745 5.893 6.044 6.106 6.072 5.974 5.818 5.617 5.400 5.163 4.893 4.666 4.504 4.381 4.288 4.244 4.305 4.484 4.587 4.542 4.394 4.104 3.643 3.015 2.397 1.939 1.602 1.336 1.117 0.947 0.834 0.777 0.768 0.803 0.820 0.800 0.705 0.506 0.300 0.189 0.138 0.118 0.114 0.119 0.147 0.224 0.367 0.550 0.699 0.815 0.918 1.025 1.174 1.377 1.520 1.576 1.583 1.579 1.594 1.658 1.782 1.877 1.894 1.835 1.692 1.489 1.249 1.010 0.789
5.073 5.268 5.416 5.439 5.419 5.449 5.525 5.663 5.878 6.053 6.121 6.085 5.989 5.839 5.648 5.430 5.175 4.900 4.694 4.559 4.471 4.431 4.447 4.550 4.707 4.748 4.681 4.526 4.203 3.669 2.970 2.390 1.977 1.677 1.459 1.309 1.217 1.178 1.198 1.294 1.444 1.518 1.511 1.380 1.071 0.683 0.429 0.301 0.250 0.238 0.250 0.329 0.531 0.856 1.185 1.418 1.551 1.623 1.675 1.734 1.817 1.869 1.869 1.822 1.783 1.782 1.830 1.940 2.007 2.002 1.916 1.740 1.506 1.226 0.905 0.626
4.157 4.410 4.687 4.863 4.954 5.064 5.224 5.446 5.722 5.939 6.042 6.029 5.951 5.821 5.647 5.434 5.173 4.905 4.715 4.596 4.526 4.516 4.561 4.660 4.767 4.781 4.708 4.555 4.220 3.628 2.884 2.342 1.963 1.682 1.493 1.393 1.361 1.383 1.483 1.675 1.862 1.945 1.938 1.805 1.496 1.073 0.765 0.585 0.500 0.478 0.516 0.713 1.145 1.667 2.041 2.240 2.301 2.285 2.206 2.102 2.040 1.995 1.938 1.854 1.795 1.780 1.807 1.889 1.946 1.945 1.874 1.707 1.459 1.134 0.770 0.489
3.088 3.312 3.615 3.893 4.131 4.378 4.671 5.016 5.377 5.661 5.841 5.902 5.867 5.770 5.616 5.413 5.155 4.899 4.726 4.618 4.560 4.552 4.591 4.657 4.703 4.683 4.600 4.421 4.041 3.390 2.646 2.141 1.817 1.594 1.452 1.389 1.385 1.450 1.617 1.842 2.003 2.070 2.061 1.936 1.645 1.261 0.996 0.852 0.799 0.805 0.930 1.302 1.907 2.402 2.655 2.747 2.747 2.678 2.526 2.318 2.140 2.011 1.896 1.767 1.666 1.610 1.596 1.623 1.655 1.664 1.630 1.507 1.279 0.947 0.601 0.362
2.026 2.163 2.423 2.700 2.965 3.274 3.673 4.173 4.702 5.149 5.484 5.674 5.718 5.663 5.540 5.353 5.108 4.875 4.720 4.624 4.574 4.550 4.528 4.488 4.393 4.250 4.065 3.785 3.324 2.661 2.029 1.630 1.414 1.298 1.246 1.250 1.301 1.425 1.630 1.844 1.978 2.031 2.022 1.912 1.643 1.297 1.082 0.989 0.975 1.039 1.271 1.742 2.355 2.756 2.915 2.940 2.910 2.818 2.653 2.419 2.167 1.938 1.718 1.500 1.321 1.199 1.136 1.115 1.115 1.120 1.114 1.054 0.904 0.656 0.407 0.251
1.236 1.241 1.330 1.486 1.698 1.978 2.356 2.862 3.493 4.163 4.767 5.194 5.412 5.456 5.371 5.208 4.995 4.804 4.674 4.587 4.529 4.448 4.280 4.019 3.663 3.260 2.846 2.421 1.940 1.432 1.057 0.855 0.777 0.766 0.799 0.883 1.032 1.252 1.496 1.677 1.774 1.807 1.799 1.715 1.505 1.233 1.071 1.015 1.030 1.155 1.448 1.928 2.467 2.804 2.923 2.927 2.887 2.795 2.645 2.421 2.109 1.743 1.397 1.100 0.881 0.742 0.667 0.635 0.622 0.613 0.600 0.568 0.497 0.376 0.250 0.168
0.721 0.652 0.639 0.676 0.760 0.903 1.132 1.497 2.023 2.663 3.376 4.090 4.684 4.992 5.039 4.933 4.773 4.638 4.541 4.449 4.331 4.105 3.691 3.085 2.435 1.869 1.426 1.074 0.783 0.558 0.413 0.344 0.327 0.333 0.364 0.443 0.602 0.856 1.106 1.253 1.311 1.324 1.314 1.263 1.146 1.007 0.941 0.945 1.007 1.175 1.483 1.921 2.323 2.556 2.628 2.623 2.586 2.525 2.430 2.239 1.894 1.431 1.056 0.793 0.609 0.487 0.415 0.377 0.356 0.339 0.319 0.293 0.257 0.206 0.154 0.117
0.407 0.322 0.283 0.274 0.290 0.337 0.426 0.582 0.836 1.211 1.717 2.397 3.260 4.013 4.380 4.448 4.397 4.322 4.241 4.111 3.844 3.358 2.627 1.857 1.259 0.845 0.575 0.397 0.277 0.198 0.151 0.132 0.130 0.134 0.151 0.189 0.272 0.423 0.585 0.676 0.709 0.712 0.702 0.674 0.632 0.613 0.641 0.720 0.865 1.083 1.360 1.631 1.786 1.842 1.842 1.834 1.835 1.856 1.849 1.746 1.472 1.076 0.789 0.598 0.459 0.359 0.293 0.253 0.226 0.204 0.184 0.163 0.143 0.123 0.104 0.090
0.217 0.155 0.123 0.111 0.110 0.119 0.142 0.185 0.264 0.397 0.611 0.976 1.630 2.514 3.212 3.582 3.724 3.732 3.645 3.423 2.963 2.264 1.501 0.922 0.557 0.344 0.225 0.155 0.111 0.084 0.069 0.063 0.062 0.064 0.070 0.085 0.118 0.184 0.259 0.301 0.315 0.317 0.311 0.298 0.289 0.294 0.324 0.408 0.571 0.774 0.917 0.961 0.933 0.900 0.882 0.883 0.912 0.986 1.048 1.042 0.942 0.755 0.589 0.463 0.360 0.281 0.225 0.187 0.159 0.137 0.119 0.105 0.095 0.087 0.081 0.076
0.105 0.072 0.055 0.047 0.045 0.046 0.051 0.061 0.080 0.114 0.175 0.300 0.580 1.110 1.761 2.264 2.541 2.622 2.556 2.305 1.837 1.227 0.722 0.410 0.237 0.148 0.102 0.077 0.060 0.049 0.043 0.040 0.040 0.040 0.042 0.047 0.060 0.085 0.113 0.129 0.134 0.135 0.133 0.130 0.129 0.133 0.149 0.192 0.275 0.361 0.390 0.387 0.367 0.351 0.348 0.354 0.376 0.433 0.513 0.555 0.554 0.509 0.437 0.361 0.287 0.224 0.177 0.145 0.121 0.102 0.088 0.079 0.074 0.073 0.072 0.070
0.046 0.033 0.026 0.023 0.021 0.021 0.022 0.024 0.028 0.037 0.052 0.085 0.162 0.348 0.679 1.012 1.220 1.299 1.285 1.149 0.866 0.530 0.301 0.173 0.108 0.075 0.059 0.049 0.042 0.037 0.034 0.032 0.031 0.031 0.031 0.033 0.038 0.047 0.057 0.063 0.064 0.065 0.065 0.064 0.064 0.066 0.073 0.089 0.118 0.139 0.143 0.142 0.137 0.135 0.138 0.144 0.156 0.185 0.243 0.301 0.331 0.336 0.317 0.279 0.228 0.178 0.141 0.114 0.095 0.081 0.071 0.066 0.065 0.066 0.068 0.068
0.020 0.016 0.014 0.012 0.011 0.011 0.011 0.012 0.013 0.016 0.020 0.028 0.047 0.092 0.191 0.325 0.412 0.446 0.445 0.407 0.313 0.194 0.117 0.076 0.056 0.046 0.041 0.037 0.034 0.031 0.028 0.027 0.026 0.026 0.026 0.027 0.028 0.031 0.035 0.037 0.038 0.038 0.038 0.038 0.038 0.040 0.042 0.048 0.057 0.061 0.062 0.061 0.060 0.061 0.064 0.069 0.076 0.092 0.124 0.174 0.212 0.227 0.225 0.209 0.177 0.141 0.112 0.091 0.076 0.067 0.061 0.059 0.060 0.063 0.066 0.067
0.010 0.009 0.008 0.007 0.007 0.007 0.007 0.007 0.008 0.009 0.011 0.013 0.018 0.029 0.052 0.090 0.115 0.126 0.128 0.123 0.104 0.072 0.050 0.039 0.034 0.032 0.031 0.030 0.028 0.026 0.024 0.023 0.023 0.022 0.022 0.022 0.023 0.024 0.026 0.027 0.027 0.027 0.027 0.027 0.028 0.028 0.030 0.032 0.035 0.036 0.036 0.036 0.036 0.037 0.039 0.043 0.048 0.058 0.076 0.109 0.142 0.158 0.160 0.153 0.135 0.110 0.090 0.074 0.064 0.058 0.055 0.055 0.057 0.061 0.065 0.067
