RESULTS/r.avaflow_results/14b_results/14b_ascii/14b_hflow10035.asc
ncols 506
nrows 317
xllcenter 498237.50
yllcenter 5580050.00
cellsize 12.50
NODATA_value -9999.000
[rows 170 to 203 of 317, columns 228 to 303 of 506]
0.806 0.803 0.795 0.777 0.746 0.711 0.689 0.683 0.687 0.711 0.762 0.835 0.888 0.914 0.917 0.904 0.866 0.794 0.685 0.535 0.336 0.153 0.053 0.017 0.008 0.005 0.003 0.003 0.002 0.002 0.001 0.001 0.001 0.000 0.000 0.000 0.000 0.000 0.000 0.000 0.000 0.000 0.000 0.000 0.000 0.000 0.000 0.000 0.000 0.000 0.000 0.000 0.000 0.000 0.000 0.000 0.000 0.000 0.000 0.000 0.000 0.000 0.000 0.000 0.000 0.000 0.000 0.000 0.000 0.000 0.000 0.000 0.000 0.000 0.000 0.000
0.889 0.873 0.848 0.816 0.780 0.752 0.738 0.734 0.738 0.762 0.821 0.908 0.968 0.993 0.990 0.966 0.917 0.844 0.746 0.624 0.462 0.251 0.094 0.029 0.011 0.006 0.004 0.003 0.003 0.002 0.001 0.001 0.001 0.001 0.000 0.000 0.000 0.000 0.000 0.000 0.000 0.000 0.000 0.000 0.000 0.000 0.000 0.000 0.000 0.000 0.000 0.000 0.000 0.000 0.000 0.000 0.000 0.000 0.000 0.000 0.000 0.000 0.000 0.000 0.000 0.000 0.000 0.000 0.000 0.000 0.000 0.000 0.000 0.000 0.000 0.000
0.950 0.923 0.888 0.849 0.814 0.792 0.782 0.780 0.782 0.801 0.857 0.937 0.987 1.002 0.998 0.973 0.924 0.856 0.770 0.666 0.535 0.338 0.144 0.047 0.016 0.008 0.005 0.004 0.003 0.002 0.002 0.001 0.001 0.001 0.001 0.000 0.000 0.000 0.000 0.000 0.000 0.000 0.000 0.000 0.000 0.000 0.000 0.000 0.000 0.000 0.000 0.000 0.000 0.000 0.000 0.000 0.000 0.000 0.000 0.000 0.000 0.000 0.000 0.000 0.000 0.000 0.000 0.000 0.000 0.000 0.000 0.000 0.000 0.000 0.000 0.000
1.006 0.969 0.927 0.885 0.853 0.833 0.825 0.823 0.824 0.838 0.884 0.948 0.985 0.996 0.991 0.968 0.923 0.860 0.782 0.689 0.577 0.409 0.199 0.072 0.024 0.011 0.006 0.004 0.004 0.003 0.002 0.002 0.001 0.001 0.001 0.001 0.000 0.000 0.000 0.000 0.000 0.000 0.000 0.000 0.000 0.000 0.000 0.000 0.000 0.000 0.000 0.000 0.000 0.000 0.000 0.000 0.000 0.000 0.000 0.000 0.000 0.000 0.000 0.000 0.000 0.000 0.000 0.000 0.000 0.000 0.000 0.000 0.000 0.000 0.000 0.000
1.059 1.014 0.969 0.928 0.898 0.878 0.869 0.865 0.864 0.874 0.907 0.950 0.975 0.984 0.980 0.958 0.917 0.858 0.786 0.703 0.607 0.471 0.268 0.109 0.038 0.015 0.008 0.005 0.004 0.003 0.003 0.002 0.002 0.001 0.001 0.001 0.001 0.000 0.000 0.000 0.000 0.000 0.000 0.000 0.000 0.000 0.000 0.000 0.000 0.000 0.000 0.000 0.000 0.000 0.000 0.000 0.000 0.000 0.000 0.000 0.000 0.000 0.000 0.000 0.000 0.000 0.000 0.000 0.000 0.000 0.000 0.000 0.000 0.000 0.000 0.000
1.113 1.061 1.016 0.979 0.950 0.928 0.913 0.906 0.904 0.909 0.927 0.951 0.963 0.966 0.961 0.940 0.902 0.849 0.783 0.709 0.630 0.528 0.356 0.167 0.063 0.024 0.011 0.007 0.005 0.004 0.003 0.002 0.002 0.002 0.001 0.001 0.001 0.001 0.000 0.000 0.000 0.000 0.000 0.000 0.000 0.000 0.000 0.000 0.000 0.000 0.000 0.000 0.000 0.000 0.000 0.000 0.000 0.000 0.000 0.000 0.000 0.000 0.000 0.000 0.000 0.000 0.000 0.000 0.000 0.000 0.000 0.000 0.000 0.000 0.000 0.000
1.173 1.116 1.070 1.034 1.005 0.980 0.961 0.950 0.945 0.942 0.947 0.956 0.956 0.947 0.933 0.910 0.874 0.828 0.772 0.708 0.642 0.567 0.443 0.255 0.110 0.043 0.018 0.009 0.006 0.004 0.004 0.003 0.002 0.002 0.001 0.001 0.001 0.001 0.000 0.000 0.000 0.000 0.000 0.000 0.000 0.000 0.000 0.000 0.000 0.000 0.000 0.000 0.000 0.000 0.000 0.000 0.000 0.000 0.000 0.000 0.000 0.000 0.000 0.000 0.000 0.000 0.000 0.000 0.000 0.000 0.000 0.000 0.000 0.000 0.000 0.000
1.247 1.184 1.135 1.095 1.062 1.035 1.014 0.998 0.987 0.977 0.971 0.964 0.953 0.934 0.907 0.875 0.838 0.797 0.751 0.700 0.643 0.580 0.494 0.351 0.187 0.082 0.034 0.015 0.008 0.005 0.004 0.003 0.003 0.002 0.002 0.001 0.001 0.001 0.001 0.000 0.000 0.000 0.000 0.000 0.000 0.000 0.000 0.000 0.000 0.000 0.000 0.000 0.000 0.000 0.000 0.000 0.000 0.000 0.000 0.000 0.000 0.000 0.000 0.000 0.000 0.000 0.000 0.000 0.000 0.000 0.000 0.000 0.000 0.000 0.000 0.000
1.336 1.267 1.211 1.164 1.127 1.098 1.073 1.052 1.033 1.013 0.996 0.977 0.955 0.926 0.891 0.853 0.814 0.772 0.729 0.684 0.636 0.579 0.511 0.416 0.278 0.147 0.066 0.029 0.013 0.007 0.005 0.004 0.003 0.002 0.002 0.001 0.001 0.001 0.001 0.001 0.000 0.000 0.000 0.000 0.000 0.000 0.000 0.000 0.000 0.000 0.000 0.000 0.000 0.000 0.000 0.000 0.000 0.000 0.000 0.000 0.000 0.000 0.000 0.000 0.000 0.000 0.000 0.000 0.000 0.000 0.000 0.000 0.000 0.000 0.000 0.000
1.444 1.366 1.299 1.245 1.205 1.170 1.138 1.109 1.081 1.051 1.023 0.994 0.961 0.924 0.884 0.843 0.801 0.758 0.714 0.669 0.623 0.572 0.514 0.444 0.349 0.227 0.120 0.055 0.024 0.012 0.007 0.005 0.003 0.003 0.002 0.002 0.001 0.001 0.001 0.001 0.001 0.000 0.000 0.000 0.000 0.000 0.000 0.000 0.000 0.000 0.000 0.000 0.000 0.000 0.000 0.000 0.000 0.000 0.000 0.000 0.000 0.000 0.000 0.000 0.000 0.000 0.000 0.000 0.000 0.000 0.000 0.000 0.000 0.000 0.001 0.001
1.576 1.485 1.407 1.344 1.294 1.249 1.205 1.165 1.126 1.088 1.050 1.012 0.970 0.925 0.882 0.839 0.795 0.751 0.707 0.662 0.617 0.569 0.516 0.457 0.387 0.296 0.189 0.100 0.046 0.020 0.010 0.006 0.004 0.003 0.002 0.002 0.002 0.001 0.001 0.001 0.001 0.001 0.001 0.000 0.000 0.000 0.000 0.000 0.000 0.000 0.000 0.000 0.000 0.000 0.000 0.000 0.000 0.000 0.000 0.000 0.000 0.000 0.000 0.000 0.000 0.000 0.000 0.000 0.000 0.000 0.000 0.000 0.000 0.001 0.001 0.001
1.736 1.629 1.537 1.459 1.393 1.332 1.273 1.220 1.171 1.125 1.079 1.032 0.981 0.930 0.883 0.838 0.793 0.748 0.704 0.660 0.616 0.569 0.519 0.466 0.407 0.339 0.255 0.161 0.083 0.038 0.018 0.009 0.006 0.004 0.003 0.002 0.002 0.001 0.001 0.001 0.001 0.001 0.001 0.001 0.000 0.000 0.000 0.000 0.000 0.000 0.000 0.000 0.000 0.000 0.000 0.000 0.000 0.000 0.000 0.000 0.000 0.000 0.000 0.000 0.000 0.000 0.000 0.000 0.000 0.000 0.000 0.001 0.001 0.001 0.001 0.002
1.922 1.796 1.686 1.587 1.499 1.420 1.345 1.279 1.219 1.162 1.108 1.053 0.994 0.937 0.885 0.838 0.792 0.747 0.704 0.661 0.617 0.572 0.525 0.475 0.422 0.366 0.303 0.225 0.139 0.072 0.035 0.017 0.009 0.005 0.003 0.003 0.002 0.002 0.001 0.001 0.001 0.001 0.001 0.001 0.001 0.001 0.000 0.000 0.000 0.000 0.000 0.000 0.000 0.000 0.000 0.000 0.000 0.000 0.000 0.000 0.000 0.000 0.001 0.001 0.001 0.001 0.001 0.001 0.001 0.001 0.001 0.001 0.001 0.001 0.002 0.003
2.095 1.952 1.829 1.719 1.613 1.516 1.426 1.344 1.271 1.205 1.140 1.075 1.010 0.948 0.892 0.841 0.793 0.747 0.704 0.662 0.620 0.577 0.532 0.485 0.437 0.386 0.334 0.277 0.206 0.131 0.073 0.038 0.019 0.010 0.005 0.003 0.002 0.002 0.002 0.001 0.001 0.001 0.001 0.001 0.001 0.001 0.001 0.001 0.001 0.000 0.000 0.000 0.000 0.000 0.000 0.000 0.000 0.000 0.001 0.001 0.001 0.001 0.001 0.001 0.001 0.001 0.001 0.001 0.001 0.001 0.001 0.001 0.002 0.002 0.004 0.007
2.241 2.089 1.958 1.840 1.730 1.624 1.519 1.421 1.333 1.253 1.177 1.103 1.032 0.967 0.907 0.852 0.801 0.753 0.708 0.667 0.625 0.584 0.541 0.497 0.450 0.403 0.356 0.309 0.257 0.196 0.131 0.076 0.040 0.019 0.009 0.005 0.003 0.002 0.002 0.002 0.001 0.001 0.001 0.001 0.001 0.001 0.001 0.001 0.001 0.001 0.001 0.001 0.001 0.001 0.001 0.001 0.001 0.001 0.001 0.001 0.001 0.001 0.001 0.001 0.001 0.001 0.001 0.001 0.001 0.001 0.002 0.002 0.003 0.004 0.008 0.016
2.362 2.207 2.071 1.947 1.832 1.722 1.614 1.508 1.407 1.311 1.224 1.142 1.067 0.998 0.934 0.875 0.820 0.768 0.720 0.676 0.634 0.593 0.551 0.507 0.463 0.417 0.370 0.325 0.280 0.231 0.172 0.111 0.063 0.033 0.016 0.009 0.005 0.003 0.003 0.002 0.002 0.002 0.001 0.001 0.001 0.001 0.001 0.001 0.001 0.001 0.001 0.001 0.001 0.001 0.001 0.001 0.001 0.001 0.001 0.002 0.002 0.002 0.002 0.002 0.002 0.002 0.002 0.002 0.002 0.002 0.003 0.003 0.005 0.009 0.016 0.030
2.456 2.307 2.169 2.038 1.918 1.804 1.693 1.586 1.482 1.382 1.287 1.200 1.119 1.044 0.975 0.910 0.851 0.794 0.741 0.691 0.646 0.603 0.561 0.519 0.474 0.428 0.381 0.336 0.290 0.244 0.191 0.130 0.080 0.046 0.025 0.014 0.008 0.005 0.004 0.003 0.002 0.002 0.002 0.002 0.001 0.001 0.001 0.001 0.001 0.001 0.001 0.001 0.001 0.001 0.001 0.002 0.002 0.002 0.002 0.003 0.003 0.003 0.003 0.003 0.003 0.003 0.003 0.003 0.003 0.004 0.005 0.007 0.011 0.018 0.028 0.043
2.526 2.390 2.253 2.115 1.988 1.867 1.753 1.647 1.547 1.455 1.366 1.277 1.190 1.108 1.031 0.959 0.893 0.829 0.768 0.713 0.663 0.617 0.575 0.532 0.486 0.439 0.392 0.346 0.297 0.248 0.197 0.142 0.094 0.058 0.035 0.021 0.013 0.008 0.006 0.004 0.003 0.003 0.003 0.002 0.002 0.002 0.002 0.002 0.002 0.002 0.002 0.002 0.002 0.002 0.002 0.002 0.003 0.003 0.004 0.005 0.005 0.006 0.006 0.006 0.006 0.006 0.006 0.006 0.007 0.009 0.012 0.017 0.023 0.031 0.039 0.049
2.571 2.448 2.317 2.177 2.039 1.912 1.798 1.696 1.603 1.520 1.444 1.365 1.278 1.189 1.102 1.020 0.944 0.871 0.803 0.741 0.686 0.637 0.591 0.545 0.499 0.452 0.404 0.355 0.303 0.250 0.199 0.151 0.107 0.071 0.046 0.029 0.019 0.012 0.009 0.007 0.006 0.005 0.004 0.004 0.003 0.002 0.002 0.002 0.002 0.002 0.002 0.002 0.002 0.003 0.003 0.004 0.005 0.006 0.008 0.010 0.011 0.012 0.013 0.014 0.014 0.014 0.014 0.015 0.018 0.022 0.029 0.035 0.039 0.041 0.045 0.050
2.592 2.480 2.359 2.220 2.071 1.939 1.829 1.734 1.652 1.579 1.510 1.439 1.360 1.272 1.179 1.088 1.002 0.920 0.846 0.778 0.717 0.662 0.610 0.561 0.515 0.467 0.418 0.364 0.307 0.251 0.200 0.156 0.117 0.084 0.058 0.039 0.027 0.019 0.015 0.012 0.011 0.010 0.009 0.008 0.006 0.004 0.003 0.003 0.003 0.003 0.003 0.003 0.004 0.005 0.007 0.009 0.011 0.014 0.018 0.022 0.026 0.029 0.031 0.032 0.033 0.033 0.034 0.037 0.042 0.048 0.053 0.054 0.051 0.047 0.046 0.048
2.596 2.496 2.385 2.247 2.087 1.952 1.845 1.761 1.691 1.627 1.563 1.497 1.424 1.340 1.250 1.157 1.063 0.975 0.894 0.821 0.754 0.692 0.636 0.585 0.536 0.487 0.435 0.375 0.311 0.251 0.200 0.158 0.123 0.095 0.071 0.052 0.039 0.030 0.026 0.024 0.024 0.024 0.024 0.020 0.014 0.009 0.006 0.005 0.004 0.004 0.004 0.005 0.007 0.011 0.016 0.021 0.027 0.033 0.040 0.048 0.057 0.061 0.063 0.063 0.061 0.061 0.062 0.065 0.069 0.071 0.069 0.065 0.057 0.049 0.045 0.042
2.579 2.498 2.396 2.256 2.090 1.954 1.851 1.774 1.714 1.659 1.603 1.545 1.477 1.400 1.314 1.221 1.121 1.025 0.940 0.863 0.794 0.729 0.670 0.617 0.566 0.512 0.454 0.387 0.316 0.252 0.200 0.158 0.125 0.101 0.082 0.068 0.057 0.050 0.047 0.049 0.055 0.059 0.059 0.053 0.039 0.022 0.013 0.009 0.008 0.008 0.008 0.010 0.016 0.026 0.039 0.051 0.061 0.069 0.076 0.081 0.085 0.085 0.083 0.079 0.077 0.077 0.078 0.080 0.081 0.080 0.076 0.069 0.060 0.051 0.042 0.035
2.462 2.440 2.379 2.249 2.083 1.948 1.847 1.774 1.721 1.676 1.630 1.582 1.523 1.452 1.370 1.275 1.169 1.067 0.978 0.900 0.829 0.765 0.704 0.646 0.589 0.530 0.467 0.397 0.320 0.252 0.198 0.157 0.125 0.103 0.089 0.080 0.075 0.073 0.076 0.086 0.097 0.103 0.103 0.095 0.075 0.048 0.029 0.020 0.016 0.015 0.016 0.022 0.038 0.061 0.084 0.099 0.106 0.109 0.106 0.102 0.097 0.093 0.088 0.083 0.081 0.081 0.082 0.084 0.084 0.083 0.078 0.071 0.062 0.051 0.039 0.029
2.108 2.175 2.208 2.150 2.032 1.914 1.825 1.762 1.715 1.679 1.647 1.610 1.562 1.498 1.417 1.318 1.205 1.099 1.009 0.930 0.858 0.791 0.726 0.663 0.601 0.540 0.475 0.403 0.323 0.251 0.195 0.154 0.124 0.103 0.091 0.085 0.084 0.087 0.097 0.111 0.121 0.125 0.123 0.113 0.093 0.067 0.048 0.036 0.031 0.029 0.032 0.049 0.082 0.113 0.130 0.137 0.137 0.132 0.123 0.111 0.102 0.094 0.088 0.083 0.081 0.080 0.081 0.083 0.083 0.083 0.079 0.072 0.062 0.050 0.036 0.025
1.474 1.601 1.754 1.815 1.808 1.772 1.741 1.718 1.693 1.672 1.654 1.630 1.592 1.532 1.449 1.345 1.227 1.121 1.031 0.952 0.879 0.808 0.738 0.670 0.605 0.542 0.477 0.403 0.320 0.246 0.188 0.146 0.118 0.100 0.089 0.085 0.086 0.092 0.107 0.121 0.128 0.130 0.127 0.116 0.096 0.074 0.058 0.050 0.048 0.049 0.059 0.089 0.128 0.151 0.157 0.157 0.153 0.144 0.131 0.116 0.104 0.094 0.086 0.081 0.077 0.075 0.074 0.075 0.076 0.076 0.074 0.069 0.059 0.046 0.032 0.020
0.826 0.886 1.029 1.173 1.288 1.382 1.462 1.539 1.596 1.630 1.646 1.637 1.605 1.551 1.467 1.357 1.238 1.134 1.045 0.967 0.893 0.818 0.743 0.669 0.597 0.526 0.454 0.376 0.290 0.215 0.159 0.121 0.099 0.086 0.080 0.079 0.082 0.091 0.108 0.121 0.126 0.127 0.125 0.115 0.095 0.074 0.062 0.057 0.057 0.063 0.081 0.118 0.152 0.167 0.168 0.165 0.158 0.148 0.135 0.119 0.104 0.092 0.082 0.072 0.065 0.061 0.058 0.058 0.059 0.059 0.059 0.057 0.050 0.038 0.025 0.016
0.428 0.427 0.465 0.538 0.628 0.746 0.900 1.090 1.280 1.432 1.539 1.592 1.592 1.552 1.470 1.358 1.238 1.137 1.051 0.974 0.900 0.823 0.739 0.644 0.545 0.451 0.362 0.276 0.197 0.135 0.093 0.069 0.058 0.054 0.055 0.059 0.067 0.083 0.100 0.111 0.115 0.116 0.114 0.106 0.090 0.071 0.062 0.059 0.060 0.070 0.093 0.129 0.157 0.169 0.170 0.167 0.160 0.149 0.136 0.120 0.104 0.087 0.072 0.058 0.047 0.039 0.036 0.035 0.034 0.035 0.035 0.034 0.031 0.024 0.017 0.012
0.215 0.193 0.189 0.203 0.236 0.289 0.371 0.501 0.697 0.935 1.159 1.341 1.457 1.491 1.445 1.348 1.232 1.134 1.051 0.975 0.898 0.807 0.689 0.546 0.405 0.284 0.190 0.124 0.080 0.052 0.035 0.026 0.023 0.023 0.025 0.030 0.040 0.058 0.076 0.085 0.088 0.089 0.088 0.084 0.073 0.062 0.056 0.055 0.059 0.071 0.095 0.128 0.149 0.158 0.160 0.158 0.152 0.144 0.133 0.118 0.099 0.078 0.058 0.043 0.033 0.026 0.022 0.021 0.020 0.019 0.019 0.018 0.016 0.014 0.011 0.009
0.107 0.086 0.077 0.076 0.081 0.096 0.123 0.170 0.250 0.373 0.543 0.780 1.057 1.259 1.320 1.284 1.203 1.119 1.043 0.964 0.861 0.718 0.531 0.345 0.207 0.121 0.072 0.044 0.027 0.018 0.013 0.010 0.010 0.010 0.011 0.013 0.018 0.029 0.040 0.046 0.048 0.048 0.048 0.046 0.043 0.040 0.041 0.044 0.052 0.066 0.088 0.108 0.119 0.123 0.124 0.123 0.121 0.120 0.115 0.105 0.087 0.064 0.046 0.034 0.026 0.020 0.016 0.014 0.013 0.012 0.011 0.011 0.010 0.009 0.008 0.007
0.052 0.039 0.033 0.031 0.031 0.034 0.040 0.052 0.073 0.109 0.169 0.278 0.493 0.782 1.000 1.084 1.088 1.052 0.990 0.891 0.734 0.514 0.301 0.160 0.084 0.046 0.027 0.017 0.011 0.008 0.006 0.005 0.005 0.005 0.006 0.006 0.008 0.013 0.018 0.020 0.021 0.021 0.021 0.020 0.019 0.019 0.021 0.025 0.035 0.049 0.061 0.065 0.065 0.063 0.062 0.062 0.065 0.071 0.075 0.073 0.064 0.048 0.036 0.027 0.021 0.017 0.014 0.012 0.010 0.009 0.008 0.008 0.007 0.007 0.007 0.007
0.025 0.019 0.016 0.014 0.014 0.014 0.015 0.018 0.023 0.031 0.046 0.077 0.154 0.310 0.517 0.684 0.778 0.804 0.773 0.665 0.472 0.265 0.134 0.066 0.035 0.020 0.013 0.009 0.007 0.005 0.005 0.004 0.004 0.004 0.004 0.004 0.005 0.006 0.008 0.009 0.009 0.009 0.009 0.009 0.009 0.009 0.010 0.012 0.017 0.023 0.026 0.026 0.025 0.024 0.024 0.025 0.027 0.031 0.036 0.039 0.038 0.033 0.027 0.022 0.018 0.014 0.012 0.010 0.009 0.008 0.007 0.006 0.006 0.006 0.006 0.006
0.012 0.010 0.008 0.007 0.007 0.007 0.007 0.008 0.009 0.011 0.015 0.022 0.041 0.088 0.178 0.281 0.348 0.373 0.365 0.310 0.202 0.106 0.053 0.028 0.016 0.011 0.008 0.007 0.005 0.004 0.004 0.004 0.003 0.003 0.003 0.003 0.003 0.004 0.004 0.005 0.005 0.005 0.005 0.005 0.005 0.005 0.005 0.006 0.008 0.009 0.010 0.010 0.010 0.010 0.010 0.010 0.011 0.013 0.017 0.021 0.023 0.022 0.021 0.018 0.015 0.012 0.010 0.009 0.008 0.007 0.006 0.006 0.006 0.006 0.006 0.006
0.006 0.005 0.005 0.004 0.004 0.004 0.004 0.004 0.004 0.005 0.006 0.008 0.012 0.023 0.048 0.085 0.108 0.117 0.116 0.102 0.069 0.038 0.021 0.013 0.010 0.008 0.006 0.005 0.005 0.004 0.003 0.003 0.003 0.003 0.003 0.003 0.003 0.003 0.003 0.003 0.003 0.003 0.003 0.003 0.003 0.003 0.003 0.003 0.004 0.004 0.004 0.004 0.004 0.005 0.005 0.005 0.006 0.007 0.009 0.013 0.015 0.016 0.015 0.014 0.012 0.010 0.009 0.007 0.007 0.006 0.006 0.005 0.005 0.005 0.005 0.005
0.003 0.003 0.002 0.002 0.002 0.002 0.002 0.002 0.003 0.003 0.003 0.004 0.005 0.008 0.014 0.024 0.030 0.033 0.033 0.031 0.024 0.015 0.010 0.008 0.006 0.006 0.005 0.004 0.004 0.003 0.003 0.003 0.003 0.002 0.002 0.002 0.002 0.002 0.002 0.002 0.002 0.002 0.002 0.002 0.002 0.002 0.002 0.002 0.003 0.003 0.003 0.003 0.003 0.003 0.003 0.004 0.004 0.005 0.006 0.008 0.010 0.011 0.011 0.011 0.010 0.009 0.008 0.007 0.006 0.005 0.005 0.005 0.005 0.005 0.005 0.005
