RESULTS/r.avaflow_results/14b_results/14b_ascii/14b_hflow10048.asc
ncols 506
nrows 317
xllcenter 498237.50
yllcenter 5580050.00
cellsize 12.50
NODATA_value -9999.000
[rows 170 to 203 of 317, columns 152 to 227 of 506]
47.276 47.031 46.799 46.495 46.379 46.242 45.809 45.395 45.081 44.561 44.293 44.027 43.528 43.236 43.017 42.571 41.864 41.106 40.011 38.727 37.479 36.146 34.942 33.715 32.393 31.072 29.762 28.483 27.143 25.820 24.461 22.991 21.449 19.810 18.214 16.677 15.223 13.855 12.569 11.383 10.290 9.312 8.461 7.722 7.079 6.523 6.055 5.672 5.367 5.134 4.953 4.805 4.691 4.613 4.569 4.537 4.500 4.451 4.389 4.307 4.206 4.084 3.933 3.744 3.525 3.287 3.030 2.774 2.533 2.309 2.107 1.934 1.790 1.680 1.599 1.540
49.359 49.525 49.792 49.753 49.707 49.668 49.334 48.898 48.536 47.896 47.511 47.234 46.700 46.376 46.132 45.734 45.060 44.271 43.101 41.616 40.154 38.463 36.860 35.326 33.690 32.108 30.585 29.108 27.566 26.073 24.593 23.035 21.483 19.873 18.247 16.695 15.238 13.875 12.596 11.397 10.293 9.305 8.439 7.686 7.022 6.451 5.964 5.567 5.261 5.040 4.883 4.764 4.674 4.617 4.603 4.639 4.681 4.674 4.643 4.580 4.488 4.362 4.190 3.976 3.732 3.461 3.177 2.906 2.657 2.430 2.234 2.072 1.940 1.839 1.760 1.692
51.305 51.789 52.454 52.733 52.838 52.806 52.467 52.072 51.663 50.965 50.513 50.150 49.541 49.318 49.111 48.541 47.875 47.211 45.981 44.347 42.783 40.918 39.015 37.202 35.167 33.207 31.370 29.641 27.898 26.217 24.634 23.048 21.444 19.850 18.246 16.681 15.227 13.874 12.599 11.399 10.282 9.277 8.380 7.598 6.913 6.323 5.815 5.401 5.083 4.845 4.679 4.586 4.542 4.530 4.566 4.687 4.863 4.935 4.933 4.895 4.810 4.674 4.478 4.232 3.952 3.645 3.339 3.055 2.805 2.583 2.393 2.240 2.113 2.011 1.922 1.839
52.566 53.505 54.484 54.963 55.146 55.165 54.781 54.406 54.088 53.433 52.962 52.615 52.010 51.657 51.339 50.807 50.184 49.521 48.387 46.746 45.091 43.171 41.130 39.121 36.789 34.423 32.182 30.141 28.193 26.325 24.630 23.003 21.379 19.770 18.166 16.632 15.191 13.853 12.595 11.398 10.262 9.216 8.270 7.441 6.727 6.118 5.596 5.139 4.739 4.410 4.196 4.107 4.098 4.152 4.313 4.605 4.974 5.207 5.270 5.243 5.158 5.003 4.779 4.501 4.185 3.843 3.524 3.234 2.982 2.767 2.582 2.431 2.300 2.185 2.081 1.983
53.231 54.278 55.331 56.019 56.434 56.481 56.213 56.001 55.803 55.422 55.128 54.739 54.098 53.724 53.348 52.599 51.943 51.351 50.166 48.483 46.832 44.918 42.716 40.464 37.952 35.284 32.727 30.391 28.324 26.387 24.610 22.854 21.164 19.523 17.934 16.466 15.080 13.785 12.569 11.395 10.243 9.132 8.104 7.197 6.426 5.772 5.176 4.598 4.066 3.636 3.373 3.284 3.295 3.454 3.820 4.397 5.014 5.425 5.584 5.572 5.474 5.298 5.060 4.767 4.430 4.067 3.738 3.447 3.194 2.979 2.793 2.634 2.489 2.359 2.240 2.127
53.712 54.710 55.741 56.585 57.221 57.360 57.324 57.291 57.284 57.074 56.793 56.622 55.953 55.261 54.833 54.169 53.450 52.693 51.605 50.081 48.416 46.380 44.021 41.606 38.923 35.927 33.093 30.564 28.375 26.313 24.438 22.586 20.830 19.182 17.622 16.194 14.861 13.637 12.493 11.364 10.216 9.043 7.890 6.854 5.942 5.111 4.329 3.609 3.020 2.634 2.463 2.451 2.587 2.939 3.521 4.301 5.071 5.606 5.837 5.843 5.745 5.564 5.329 5.037 4.689 4.320 3.988 3.695 3.440 3.217 3.021 2.848 2.687 2.540 2.403 2.273
53.424 54.413 55.478 56.444 57.271 57.637 57.868 58.029 58.129 58.016 57.844 57.750 57.109 56.386 55.833 55.107 54.426 53.692 52.495 50.974 49.306 47.236 44.820 42.250 39.303 36.141 33.250 30.596 28.308 26.171 24.194 22.253 20.411 18.732 17.173 15.738 14.449 13.328 12.301 11.268 10.165 8.939 7.623 6.344 5.148 4.037 3.090 2.417 2.028 1.860 1.837 1.948 2.253 2.767 3.462 4.331 5.182 5.779 6.046 6.064 5.979 5.819 5.602 5.319 4.978 4.613 4.279 3.981 3.719 3.484 3.273 3.079 2.902 2.735 2.576 2.428
52.643 53.788 54.965 56.066 57.025 57.513 57.848 58.090 58.181 58.060 57.932 57.852 57.236 56.477 55.885 55.191 54.527 53.829 52.595 51.029 49.433 47.394 45.012 42.412 39.403 36.166 33.155 30.467 28.153 25.940 23.866 21.845 19.930 18.173 16.536 15.059 13.783 12.703 11.727 10.706 9.593 8.295 6.841 5.357 3.970 2.838 2.069 1.624 1.428 1.394 1.475 1.734 2.182 2.792 3.564 4.500 5.375 5.975 6.236 6.259 6.199 6.073 5.885 5.624 5.311 4.956 4.614 4.307 4.033 3.780 3.550 3.335 3.138 2.948 2.767 2.597
51.196 52.491 53.815 55.066 56.121 56.766 57.308 57.586 57.569 57.453 57.297 57.176 56.618 55.895 55.278 54.600 53.977 53.263 52.177 50.670 49.172 47.177 44.709 42.132 39.134 35.845 32.778 30.076 27.674 25.439 23.314 21.251 19.291 17.444 15.688 14.089 12.665 11.326 10.056 8.797 7.558 6.245 4.891 3.630 2.605 1.891 1.447 1.215 1.136 1.150 1.316 1.697 2.273 3.031 3.928 4.861 5.658 6.194 6.428 6.454 6.422 6.333 6.185 5.961 5.683 5.350 4.999 4.675 4.380 4.108 3.856 3.619 3.398 3.181 2.977 2.787
49.970 51.282 52.652 53.935 55.025 55.735 56.202 56.468 56.469 56.365 56.137 55.876 55.369 54.799 54.270 53.504 52.891 52.275 51.349 49.920 48.309 46.285 43.693 41.114 38.149 34.977 32.002 29.379 26.923 24.633 22.510 20.466 18.487 16.523 14.599 12.668 10.733 8.801 7.019 5.501 4.286 3.315 2.555 1.983 1.566 1.272 1.091 1.006 0.988 1.051 1.295 1.805 2.595 3.597 4.571 5.400 6.039 6.452 6.641 6.679 6.669 6.612 6.506 6.328 6.083 5.779 5.433 5.089 4.767 4.475 4.198 3.936 3.684 3.442 3.215 3.003
48.828 50.110 51.471 52.735 53.810 54.573 54.777 55.025 55.165 55.037 54.758 54.430 54.109 53.673 53.167 52.471 51.616 50.720 49.652 48.278 46.616 44.721 42.206 39.555 36.576 33.591 30.786 28.226 25.819 23.483 21.354 19.277 17.258 15.120 12.902 10.464 7.926 5.718 4.064 2.902 2.122 1.611 1.297 1.111 0.997 0.925 0.888 0.891 0.930 1.059 1.430 2.162 3.254 4.469 5.413 6.082 6.531 6.805 6.935 6.972 6.970 6.933 6.858 6.717 6.506 6.233 5.905 5.546 5.195 4.876 4.576 4.285 4.008 3.740 3.486 3.248
47.328 48.445 49.706 50.935 51.923 52.684 52.929 53.319 53.577 53.586 53.263 52.917 52.735 52.378 51.728 51.095 49.994 48.950 47.774 46.348 44.614 42.544 39.986 37.238 34.333 31.611 29.105 26.677 24.266 21.843 19.479 17.128 14.832 12.412 9.890 7.286 5.058 3.458 2.348 1.627 1.188 0.941 0.817 0.764 0.748 0.760 0.799 0.865 0.983 1.269 1.882 2.900 4.283 5.546 6.394 6.897 7.170 7.313 7.369 7.383 7.366 7.324 7.255 7.130 6.944 6.698 6.392 6.036 5.660 5.308 4.985 4.671 4.373 4.079 3.797 3.531
45.758 46.651 47.792 48.874 49.895 50.805 51.321 51.829 52.295 52.382 52.016 51.626 51.268 50.738 49.972 49.281 48.116 46.723 45.308 43.732 41.833 39.647 37.048 34.160 31.380 28.933 26.646 24.379 21.848 18.997 16.047 13.232 10.603 8.169 6.076 4.379 3.092 2.164 1.527 1.109 0.857 0.724 0.668 0.655 0.667 0.717 0.815 0.997 1.336 1.929 2.855 4.147 5.623 6.780 7.505 7.867 7.999 8.033 8.011 7.962 7.892 7.813 7.708 7.573 7.388 7.153 6.856 6.512 6.138 5.766 5.421 5.077 4.746 4.419 4.111 3.820
44.231 44.940 45.993 46.935 47.984 48.947 49.719 50.276 50.887 50.954 50.669 50.304 49.771 48.799 47.832 46.935 45.598 43.960 42.254 40.491 38.459 36.216 33.478 30.412 27.541 25.003 22.487 19.822 16.766 13.459 10.383 7.852 5.902 4.437 3.363 2.583 2.003 1.547 1.188 0.925 0.760 0.676 0.646 0.646 0.691 0.827 1.110 1.584 2.289 3.255 4.491 5.938 7.259 8.197 8.769 9.024 9.075 9.036 8.919 8.759 8.589 8.423 8.245 8.062 7.852 7.608 7.305 6.957 6.592 6.200 5.816 5.435 5.068 4.714 4.381 4.068
42.814 43.472 44.359 45.093 45.907 46.685 47.474 47.947 48.447 48.494 48.247 47.833 47.278 46.204 44.944 43.851 42.412 40.658 38.761 36.793 34.451 31.698 28.529 25.330 22.140 18.992 15.804 12.705 9.858 7.412 5.497 4.095 3.099 2.426 2.004 1.731 1.510 1.291 1.062 0.874 0.754 0.703 0.709 0.787 0.991 1.398 2.048 2.929 4.024 5.319 6.768 8.162 9.199 9.844 10.220 10.373 10.343 10.175 9.941 9.687 9.420 9.147 8.886 8.615 8.349 8.068 7.751 7.399 7.022 6.600 6.152 5.718 5.320 4.944 4.596 4.272
41.553 42.173 42.831 43.259 43.688 44.148 44.595 44.857 45.128 45.139 44.852 44.435 43.894 42.775 41.410 40.005 38.392 36.447 34.409 32.043 29.109 25.632 22.049 18.852 15.800 12.835 10.034 7.617 5.689 4.241 3.208 2.491 2.010 1.712 1.541 1.438 1.341 1.216 1.050 0.918 0.863 0.906 1.065 1.390 1.939 2.760 3.844 5.116 6.529 8.027 9.438 10.512 11.179 11.507 11.626 11.569 11.354 11.036 10.730 10.437 10.156 9.858 9.572 9.247 8.913 8.571 8.217 7.845 7.435 6.954 6.422 5.926 5.495 5.106 4.753 4.431
40.271 40.788 41.186 41.285 41.364 41.425 41.366 41.384 41.466 41.352 40.952 40.507 39.825 38.558 37.059 35.173 33.244 31.144 28.813 25.943 22.573 19.292 16.362 13.681 11.195 8.921 6.910 5.301 4.088 3.202 2.554 2.084 1.765 1.574 1.465 1.397 1.344 1.276 1.205 1.200 1.307 1.589 2.080 2.797 3.764 4.994 6.444 8.004 9.524 10.853 11.872 12.520 12.822 12.885 12.741 12.416 11.996 11.594 11.280 10.989 10.724 10.441 10.156 9.822 9.479 9.110 8.716 8.299 7.820 7.236 6.615 6.068 5.604 5.207 4.858 4.545
38.510 38.757 38.862 38.632 38.441 38.235 37.799 37.455 37.219 36.923 36.342 35.639 34.729 33.339 31.540 29.156 26.640 24.284 21.936 19.579 17.038 14.579 12.369 10.356 8.554 7.007 5.703 4.634 3.755 3.040 2.477 2.065 1.802 1.662 1.607 1.603 1.637 1.709 1.834 2.062 2.464 3.110 4.001 5.108 6.423 7.947 9.557 11.038 12.277 13.242 13.863 14.126 14.126 13.902 13.454 12.868 12.337 11.926 11.630 11.365 11.129 10.872 10.592 10.282 9.960 9.600 9.190 8.718 8.143 7.442 6.740 6.150 5.659 5.255 4.919 4.624
36.204 36.165 35.923 35.434 35.064 34.743 34.154 33.442 32.743 32.016 31.088 29.989 28.671 26.894 24.743 22.375 20.117 18.140 16.342 14.664 12.999 11.361 9.876 8.549 7.380 6.348 5.419 4.559 3.783 3.145 2.674 2.384 2.254 2.228 2.292 2.426 2.626 2.916 3.319 3.866 4.616 5.611 6.831 8.195 9.643 11.078 12.410 13.581 14.502 15.092 15.336 15.294 14.997 14.456 13.733 13.021 12.472 12.074 11.796 11.564 11.361 11.140 10.895 10.636 10.357 10.027 9.607 9.067 8.389 7.580 6.814 6.184 5.675 5.269 4.943 4.669
33.235 33.037 32.739 32.141 31.569 31.117 30.457 29.510 28.336 27.032 25.589 23.949 22.210 20.410 18.542 16.701 15.009 13.553 12.341 11.295 10.345 9.445 8.598 7.766 6.949 6.176 5.443 4.770 4.182 3.734 3.472 3.385 3.441 3.590 3.833 4.162 4.581 5.126 5.831 6.711 7.762 8.953 10.212 11.425 12.573 13.652 14.640 15.474 16.074 16.357 16.314 15.970 15.379 14.612 13.764 13.038 12.494 12.108 11.829 11.619 11.440 11.268 11.093 10.908 10.685 10.378 9.931 9.324 8.557 7.663 6.849 6.190 5.670 5.264 4.944 4.684
30.210 29.763 29.199 28.530 27.875 27.256 26.461 25.249 23.576 21.594 19.603 17.806 16.255 14.912 13.626 12.438 11.301 10.374 9.718 9.251 8.861 8.474 8.017 7.481 6.896 6.365 5.916 5.537 5.228 5.061 5.061 5.204 5.484 5.873 6.346 6.898 7.555 8.333 9.235 10.196 11.148 12.097 13.072 13.999 14.835 15.576 16.202 16.708 17.010 17.047 16.775 16.199 15.457 14.583 13.715 12.996 12.449 12.064 11.785 11.583 11.425 11.305 11.207 11.099 10.923 10.616 10.133 9.475 8.657 7.708 6.856 6.173 5.637 5.232 4.923 4.679
26.806 26.210 25.553 24.853 24.071 23.136 21.906 20.154 17.862 15.438 13.443 12.059 11.149 10.490 9.917 9.356 8.800 8.412 8.224 8.176 8.142 8.042 7.841 7.550 7.299 7.148 7.063 7.025 7.040 7.175 7.437 7.812 8.342 9.003 9.662 10.286 10.925 11.593 12.317 13.032 13.719 14.398 15.109 15.740 16.295 16.740 17.055 17.273 17.337 17.228 16.838 16.209 15.416 14.482 13.585 12.863 12.307 11.905 11.613 11.427 11.329 11.285 11.257 11.202 11.050 10.721 10.210 9.541 8.705 7.725 6.829 6.110 5.553 5.143 4.850 4.637
22.904 22.194 21.381 20.410 19.239 17.632 15.540 13.130 10.827 9.095 8.036 7.490 7.295 7.307 7.316 7.272 7.221 7.250 7.395 7.644 7.867 7.986 8.045 8.135 8.324 8.594 8.901 9.218 9.553 9.957 10.455 10.991 11.578 12.178 12.697 13.121 13.555 14.019 14.501 14.969 15.414 15.852 16.283 16.616 16.917 17.132 17.288 17.355 17.328 17.156 16.741 16.109 15.276 14.284 13.350 12.596 12.021 11.590 11.283 11.115 11.068 11.106 11.132 11.088 10.939 10.637 10.154 9.525 8.702 7.712 6.752 5.984 5.393 4.961 4.666 4.483
18.299 17.222 15.988 14.482 12.725 10.767 8.790 7.028 5.730 4.960 4.660 4.677 4.920 5.305 5.638 5.915 6.210 6.586 7.051 7.528 7.935 8.332 8.803 9.368 9.991 10.660 11.320 11.961 12.556 13.059 13.518 13.929 14.327 14.717 15.040 15.267 15.493 15.710 15.923 16.137 16.336 16.547 16.723 16.854 16.996 17.127 17.201 17.203 17.135 16.909 16.485 15.853 14.997 13.952 12.977 12.178 11.561 11.087 10.745 10.522 10.385 10.317 10.254 10.174 10.060 9.893 9.582 9.122 8.433 7.526 6.541 5.738 5.107 4.637 4.314 4.138
13.885 12.284 10.653 9.044 7.492 6.020 4.762 3.861 3.351 3.180 3.242 3.459 3.808 4.228 4.637 5.093 5.693 6.396 7.118 7.827 8.548 9.323 10.221 11.241 12.266 13.239 14.093 14.825 15.378 15.769 16.066 16.284 16.461 16.638 16.753 16.812 16.831 16.814 16.786 16.773 16.761 16.776 16.802 16.845 16.895 16.948 16.935 16.877 16.751 16.474 16.024 15.390 14.518 13.464 12.438 11.574 10.883 10.322 9.851 9.396 8.927 8.527 8.269 8.166 8.134 8.162 8.183 8.021 7.611 6.956 6.121 5.330 4.671 4.153 3.791 3.605
10.464 8.798 7.229 5.844 4.693 3.799 3.192 2.878 2.783 2.818 2.944 3.145 3.397 3.690 4.107 4.759 5.631 6.639 7.718 8.787 9.881 11.039 12.303 13.632 14.852 15.831 16.570 17.184 17.606 17.852 17.983 17.989 17.944 17.909 17.828 17.750 17.605 17.441 17.257 17.081 16.942 16.834 16.769 16.716 16.655 16.601 16.510 16.365 16.153 15.822 15.321 14.646 13.776 12.740 11.677 10.728 9.897 9.124 8.334 7.416 6.460 5.709 5.300 5.200 5.257 5.497 5.925 6.196 6.174 5.906 5.400 4.761 4.113 3.543 3.124 2.909
7.836 6.449 5.249 4.290 3.587 3.121 2.865 2.768 2.765 2.817 2.926 3.069 3.233 3.469 3.962 4.810 6.022 7.529 9.066 10.519 11.961 13.407 14.802 16.027 17.085 17.866 18.439 18.872 19.123 19.220 19.193 18.977 18.722 18.506 18.297 18.122 17.926 17.719 17.478 17.221 17.009 16.815 16.636 16.452 16.258 16.065 15.853 15.607 15.297 14.873 14.324 13.602 12.715 11.691 10.592 9.518 8.449 7.318 6.088 4.847 3.808 3.114 2.783 2.720 2.786 3.041 3.549 4.097 4.385 4.451 4.326 3.990 3.478 2.926 2.476 2.189
5.965 5.030 4.278 3.722 3.327 3.054 2.897 2.846 2.848 2.881 2.952 3.054 3.192 3.474 4.142 5.337 7.110 9.252 11.167 12.825 14.301 15.639 16.840 17.840 18.668 19.229 19.643 19.878 19.945 19.878 19.715 19.377 19.000 18.671 18.414 18.204 18.018 17.814 17.578 17.280 16.986 16.684 16.358 16.021 15.671 15.321 14.976 14.591 14.148 13.609 12.987 12.233 11.342 10.325 9.188 7.971 6.686 5.353 4.073 2.972 2.138 1.619 1.389 1.348 1.396 1.584 1.969 2.516 2.937 3.116 3.132 3.034 2.771 2.363 1.938 1.613
4.806 4.296 3.913 3.612 3.356 3.166 3.062 3.018 3.006 3.008 3.035 3.117 3.323 3.819 4.821 6.510 8.948 11.360 13.161 14.679 16.005 17.202 18.200 18.990 19.556 19.934 20.175 20.248 20.206 20.060 19.829 19.505 19.097 18.704 18.418 18.212 18.038 17.840 17.597 17.275 16.878 16.411 15.898 15.376 14.866 14.359 13.864 13.341 12.781 12.148 11.458 10.701 9.859 8.906 7.845 6.675 5.364 4.025 2.877 1.984 1.365 0.991 0.809 0.757 0.775 0.874 1.097 1.465 1.849 2.074 2.143 2.126 2.016 1.786 1.456 1.145
4.154 3.948 3.804 3.660 3.510 3.405 3.334 3.282 3.247 3.235 3.273 3.447 3.882 4.718 6.105 8.133 10.636 12.783 14.392 15.761 16.965 18.023 18.838 19.442 19.833 20.100 20.229 20.243 20.189 20.052 19.829 19.526 19.131 18.698 18.352 18.146 17.987 17.828 17.561 17.180 16.635 15.960 15.218 14.485 13.807 13.158 12.539 11.919 11.292 10.638 9.984 9.304 8.565 7.734 6.793 5.726 4.517 3.326 2.361 1.644 1.148 0.824 0.628 0.536 0.515 0.544 0.637 0.816 1.061 1.246 1.329 1.344 1.310 1.196 0.993 0.746
3.724 3.729 3.791 3.812 3.791 3.763 3.721 3.670 3.640 3.669 3.837 4.241 4.994 6.135 7.600 9.398 11.514 13.414 14.916 16.182 17.297 18.221 18.931 19.449 19.790 20.007 20.106 20.107 20.078 19.986 19.812 19.518 19.104 18.595 18.145 17.847 17.626 17.432 17.111 16.672 16.028 15.211 14.295 13.359 12.517 11.761 11.082 10.447 9.857 9.271 8.686 8.082 7.442 6.741 5.951 5.045 4.019 3.031 2.222 1.597 1.137 0.813 0.596 0.464 0.398 0.373 0.386 0.439 0.543 0.643 0.699 0.716 0.710 0.664 0.565 0.420
3.416 3.627 3.919 4.128 4.241 4.271 4.261 4.238 4.256 4.416 4.813 5.451 6.282 7.288 8.497 9.958 11.738 13.510 14.992 16.237 17.313 18.180 18.823 19.279 19.570 19.724 19.821 19.836 19.852 19.814 19.701 19.451 18.997 18.372 17.722 17.209 16.767 16.386 15.958 15.470 14.847 14.026 13.060 12.014 11.055 10.220 9.528 8.944 8.440 7.955 7.468 6.963 6.432 5.856 5.219 4.496 3.677 2.872 2.184 1.620 1.178 0.846 0.606 0.441 0.334 0.268 0.237 0.230 0.248 0.277 0.295 0.302 0.301 0.289 0.254 0.194
3.301 3.733 4.254 4.652 4.869 4.942 4.970 5.002 5.125 5.415 5.868 6.433 7.079 7.845 8.804 10.056 11.673 13.418 14.931 16.188 17.212 18.005 18.559 18.937 19.154 19.244 19.298 19.331 19.392 19.431 19.388 19.169 18.676 17.932 17.054 16.171 15.398 14.768 14.205 13.662 13.095 12.368 11.481 10.454 9.478 8.641 7.983 7.474 7.064 6.681 6.295 5.900 5.479 5.025 4.526 3.979 3.366 2.734 2.159 1.658 1.235 0.891 0.623 0.425 0.289 0.199 0.145 0.118 0.107 0.104 0.101 0.099 0.097 0.094 0.087 0.072
3.397 4.053 4.692 5.135 5.398 5.529 5.626 5.745 5.932 6.208 6.567 6.975 7.436 8.025 8.842 9.979 11.451 13.179 14.762 16.026 16.997 17.691 18.135 18.412 18.523 18.552 18.541 18.516 18.500 18.499 18.443 18.246 17.805 17.047 16.024 14.747 13.569 12.663 11.984 11.410 10.884 10.295 9.577 8.710 7.842 7.118 6.547 6.089 5.736 5.442 5.156 4.861 4.545 4.206 3.849 3.472 3.055 2.598 2.135 1.679 1.259 0.904 0.619 0.401 0.245 0.146 0.089 0.061 0.047 0.038 0.033 0.031 0.029 0.028 0.027 0.025
