RESULTS/r.avaflow_results/14b_results/14b_ascii/14b_r3max.asc
ncols 506
nrows 317
xllcenter 498237.50
yllcenter 5580050.00
cellsize 12.50
NODATA_value -9999.000
[rows 168 to 195 of 317, columns 320 to 383 of 506]
-9999.000 -9999.000 -9999.000 -9999.000 -9999.000 -9999.000 -9999.000 -9999.000 -9999.000 -9999.000 -9999.000 -9999.000 -9999.000 -9999.000 -9999.000 -9999.000 -9999.000 -9999.000 -9999.000 -9999.000 -9999.000 -9999.000 -9999.000 -9999.000 -9999.000 -9999.000 -9999.000 -9999.000 -9999.000 -9999.000 -9999.000 -9999.000 -9999.000 -9999.000 -9999.000 -9999.000 -9999.000 -9999.000 -9999.000 -9999.000 -9999.000 -9999.000 -9999.000 -9999.000 -9999.000 -9999.000 -9999.000 -9999.000 -9999.000 -9999.000 -9999.000 -9999.000 -9999.000 -9999.000 -9999.000 -9999.000 -9999.000 -9999.000 -9999.000 -9999.000 -9999.000 -9999.000 -9999.000 -9999.000
-9999.000 -9999.000 -9999.000 -9999.000 -9999.000 -9999.000 -9999.000 -9999.000 -9999.000 -9999.000 -9999.000 -9999.000 -9999.000 -9999.000 -9999.000 -9999.000 -9999.000 -9999.000 -9999.000 -9999.000 -9999.000 -9999.000 -9999.000 -9999.000 -9999.000 -9999.000 -9999.000 -9999.000 -9999.000 -9999.000 -9999.000 -9999.000 -9999.000 -9999.000 -9999.000 -9999.000 -9999.000 -9999.000 -9999.000 -9999.000 -9999.000 -9999.000 -9999.000 -9999.000 -9999.000 -9999.000 -9999.000 -9999.000 -9999.000 -9999.000 -9999.000 -9999.000 -9999.000 -9999.000 -9999.000 -9999.000 -9999.000 -9999.000 -9999.000 -9999.000 -9999.000 -9999.000 -9999.000 -9999.000
-nan -nan -nan -nan -nan -nan -nan -nan -9999.000 -9999.000 -9999.000 -9999.000 -9999.000 -9999.000 -9999.000 -9999.000 -9999.000 -9999.000 -9999.000 -9999.000 -9999.000 -9999.000 -9999.000 -9999.000 -9999.000 -9999.000 -9999.000 -9999.000 -9999.000 -9999.000 -9999.000 -9999.000 -9999.000 -9999.000 -9999.000 -9999.000 -9999.000 -9999.000 -9999.000 -9999.000 -9999.000 -9999.000 -9999.000 -9999.000 -9999.000 -9999.000 -9999.000 -9999.000 -9999.000 -9999.000 -9999.000 -9999.000 -9999.000 -9999.000 -9999.000 -9999.000 -9999.000 -9999.000 -9999.000 -9999.000 -9999.000 -9999.000 -9999.000 -9999.000
0.978 0.979 0.979 0.971 0.971 0.969 0.967 -nan -nan -nan -9999.000 -9999.000 -9999.000 -9999.000 -9999.000 -9999.000 -9999.000 -9999.000 -9999.000 -9999.000 -9999.000 -9999.000 -9999.000 -9999.000 -9999.000 -9999.000 -9999.000 -9999.000 -9999.000 -9999.000 -9999.000 -9999.000 -9999.000 -9999.000 -9999.000 -9999.000 -9999.000 -9999.000 -9999.000 -9999.000 -9999.000 -9999.000 -9999.000 -9999.000 -9999.000 -9999.000 -9999.000 -9999.000 -9999.000 -9999.000 -9999.000 -9999.000 -9999.000 -9999.000 -9999.000 -9999.000 -9999.000 -9999.000 -9999.000 -9999.000 -9999.000 -9999.000 -9999.000 -9999.000
0.979 0.979 0.979 0.973 0.971 0.969 0.967 0.967 0.968 -nan -nan -nan -9999.000 -9999.000 -9999.000 -9999.000 -9999.000 -9999.000 -9999.000 -9999.000 -9999.000 -9999.000 -9999.000 -9999.000 -9999.000 -9999.000 -9999.000 -9999.000 -9999.000 -9999.000 -9999.000 -9999.000 -9999.000 -9999.000 -9999.000 -9999.000 -9999.000 -9999.000 -9999.000 -9999.000 -9999.000 -9999.000 -9999.000 -9999.000 -9999.000 -9999.000 -9999.000 -9999.000 -9999.000 -9999.000 -9999.000 -9999.000 -9999.000 -9999.000 -9999.000 -9999.000 -9999.000 -9999.000 -9999.000 -9999.000 -9999.000 -9999.000 -9999.000 -9999.000
0.988 0.991 0.992 0.974 0.972 0.970 0.969 0.968 0.968 0.968 0.968 -nan -nan -nan -9999.000 -9999.000 -9999.000 -9999.000 -9999.000 -9999.000 -9999.000 -9999.000 -9999.000 -9999.000 -9999.000 -9999.000 -9999.000 -9999.000 -9999.000 -9999.000 -9999.000 -9999.000 -9999.000 -9999.000 -9999.000 -9999.000 -9999.000 -9999.000 -9999.000 -9999.000 -9999.000 -9999.000 -9999.000 -9999.000 -9999.000 -9999.000 -9999.000 -9999.000 -9999.000 -9999.000 -9999.000 -9999.000 -9999.000 -9999.000 -9999.000 -9999.000 -9999.000 -9999.000 -9999.000 -9999.000 -9999.000 -9999.000 -9999.000 -9999.000
0.990 0.993 0.994 0.993 0.991 0.970 0.969 0.969 0.969 0.969 0.968 0.952 0.954 -nan -nan -nan -nan -9999.000 -9999.000 -9999.000 -9999.000 -9999.000 -9999.000 -9999.000 -9999.000 -9999.000 -9999.000 -9999.000 -9999.000 -9999.000 -9999.000 -9999.000 -9999.000 -9999.000 -9999.000 -9999.000 -9999.000 -9999.000 -9999.000 -9999.000 -9999.000 -9999.000 -9999.000 -9999.000 -9999.000 -9999.000 -9999.000 -9999.000 -9999.000 -9999.000 -9999.000 -9999.000 -9999.000 -9999.000 -9999.000 -9999.000 -9999.000 -9999.000 -9999.000 -9999.000 -9999.000 -9999.000 -9999.000 -9999.000
0.992 0.994 0.995 0.995 0.994 0.992 0.923 0.969 0.969 0.969 0.969 0.953 0.954 0.955 0.963 0.964 -nan -nan -nan -nan -nan -nan -9999.000 -9999.000 -9999.000 -9999.000 -9999.000 -9999.000 -9999.000 -9999.000 -9999.000 -9999.000 -9999.000 -9999.000 -9999.000 -9999.000 -9999.000 -9999.000 -9999.000 -9999.000 -9999.000 -9999.000 -9999.000 -9999.000 -9999.000 -9999.000 -9999.000 -9999.000 -9999.000 -9999.000 -9999.000 -9999.000 -9999.000 -9999.000 -9999.000 -9999.000 -9999.000 -9999.000 -9999.000 -9999.000 -9999.000 -9999.000 -9999.000 -9999.000
0.993 0.995 0.996 0.996 0.995 0.995 0.993 0.926 0.928 0.956 0.956 0.957 0.955 0.955 0.963 0.964 0.965 0.966 0.967 0.968 0.969 -nan -nan -nan -nan -9999.000 -9999.000 -9999.000 -9999.000 -9999.000 -9999.000 -9999.000 -9999.000 -9999.000 -9999.000 -9999.000 -9999.000 -9999.000 -9999.000 -9999.000 -9999.000 -9999.000 -9999.000 -9999.000 -9999.000 -9999.000 -9999.000 -9999.000 -9999.000 -9999.000 -9999.000 -9999.000 -9999.000 -9999.000 -9999.000 -9999.000 -9999.000 -9999.000 -9999.000 -9999.000 -9999.000 -9999.000 -9999.000 -9999.000
0.994 0.996 0.997 0.997 0.997 0.996 0.996 0.994 0.991 0.931 0.932 0.934 0.958 0.959 0.959 0.964 0.965 0.966 0.967 0.968 0.969 0.970 0.970 0.971 -nan -nan -nan -nan -nan -nan -nan -nan -nan -9999.000 -9999.000 -9999.000 -9999.000 -9999.000 -9999.000 -9999.000 -9999.000 -9999.000 -9999.000 -9999.000 -9999.000 -9999.000 -9999.000 -9999.000 -9999.000 -9999.000 -9999.000 -9999.000 -9999.000 -9999.000 -9999.000 -9999.000 -9999.000 -9999.000 -9999.000 -9999.000 -9999.000 -9999.000 -9999.000 -9999.000
0.994 0.996 0.997 0.997 0.997 0.997 0.997 0.996 0.995 0.992 0.934 0.936 0.937 0.957 0.957 0.961 0.961 0.962 0.968 0.969 0.970 0.970 0.970 0.971 0.971 0.972 0.961 0.961 0.960 0.960 0.959 0.958 -nan -nan -nan -nan -9999.000 -9999.000 -9999.000 -9999.000 -9999.000 -9999.000 -9999.000 -9999.000 -9999.000 -9999.000 -9999.000 -9999.000 -9999.000 -9999.000 -9999.000 -9999.000 -9999.000 -9999.000 -9999.000 -9999.000 -9999.000 -9999.000 -9999.000 -9999.000 -9999.000 -9999.000 -9999.000 -9999.000
0.993 0.995 0.997 0.998 0.998 0.998 0.998 0.997 0.996 0.993 0.991 0.938 0.939 0.959 0.959 0.960 0.960 0.963 0.963 0.963 0.970 0.970 0.971 0.971 0.971 0.963 0.961 0.961 0.961 0.960 0.959 0.957 0.909 0.907 0.954 -nan -nan -nan -nan -9999.000 -9999.000 -9999.000 -9999.000 -9999.000 -9999.000 -9999.000 -9999.000 -9999.000 -9999.000 -9999.000 -9999.000 -9999.000 -9999.000 -9999.000 -9999.000 -9999.000 -9999.000 -9999.000 -9999.000 -9999.000 -9999.000 -9999.000 -9999.000 -9999.000
0.993 0.994 0.996 0.997 0.998 0.998 0.998 0.998 0.996 0.994 0.992 0.992 0.994 0.995 0.997 0.998 0.999 0.999 0.999 0.973 0.973 0.960 0.961 0.964 0.964 0.964 0.964 0.963 0.963 0.963 0.962 0.958 0.955 0.954 0.954 0.953 0.953 0.952 -nan -nan -nan -nan -9999.000 -9999.000 -9999.000 -9999.000 -9999.000 -9999.000 -9999.000 -9999.000 -9999.000 -9999.000 -9999.000 -9999.000 -9999.000 -9999.000 -9999.000 -9999.000 -9999.000 -9999.000 -9999.000 -9999.000 -9999.000 -9999.000
0.992 0.992 0.995 0.997 0.998 0.999 0.999 0.998 0.997 0.995 0.992 0.996 0.997 0.997 0.998 0.999 0.999 0.999 1.000 0.999 0.999 0.974 0.975 0.963 0.963 0.963 0.962 0.962 0.962 0.934 0.959 0.961 0.960 0.960 0.954 0.953 0.953 0.952 0.952 0.952 0.953 -nan -nan -nan -nan -nan -nan -nan -9999.000 -9999.000 -9999.000 -9999.000 -9999.000 -9999.000 -9999.000 -9999.000 -9999.000 -9999.000 -9999.000 -9999.000 -9999.000 -9999.000 -9999.000 -9999.000
0.987 0.990 0.993 0.996 0.997 0.998 0.999 0.998 0.998 0.996 0.993 0.996 0.997 0.998 0.998 0.999 0.999 0.999 1.000 1.000 1.000 1.000 1.000 0.964 0.964 0.964 0.964 0.964 0.963 0.962 0.961 0.926 0.957 0.957 0.961 0.960 0.960 0.953 0.952 0.953 0.953 0.955 0.956 0.922 0.952 0.945 0.950 -nan -nan -nan -nan -9999.000 -9999.000 -9999.000 -9999.000 -9999.000 -9999.000 -9999.000 -9999.000 -9999.000 -9999.000 -9999.000 -9999.000 -9999.000
0.986 0.989 0.991 0.994 0.996 0.998 0.998 0.998 0.998 0.997 0.995 0.996 0.997 0.997 0.998 0.998 0.999 0.999 1.000 1.000 1.000 1.000 1.000 1.000 1.000 0.967 0.967 0.966 0.966 0.965 0.989 0.991 0.988 0.988 0.956 0.955 0.954 0.960 0.960 0.953 0.954 0.955 0.956 0.923 0.952 0.955 0.950 0.953 0.958 0.958 -nan -nan -nan -nan -9999.000 -9999.000 -9999.000 -9999.000 -9999.000 -9999.000 -9999.000 -9999.000 -9999.000 -9999.000
0.986 0.988 0.990 0.993 0.995 0.997 0.998 0.998 0.998 0.998 0.996 0.995 0.996 0.997 0.997 0.998 0.999 0.999 0.999 1.000 1.000 1.000 1.000 1.000 1.000 1.000 0.971 0.971 0.971 0.990 0.992 0.993 0.993 0.993 0.958 0.956 0.955 0.954 0.954 0.954 0.961 0.955 0.949 0.924 0.961 0.955 0.957 0.973 0.958 0.957 0.956 0.971 0.948 -nan -nan -nan -9999.000 -9999.000 -9999.000 -9999.000 -9999.000 -9999.000 -9999.000 -9999.000
0.986 0.987 0.989 0.992 0.994 0.996 0.997 0.998 0.998 0.998 0.997 0.995 0.997 0.996 0.996 0.996 0.997 0.998 0.999 0.999 1.000 1.000 1.000 1.000 1.000 1.000 1.000 1.000 0.990 0.992 0.993 0.994 0.995 0.995 0.995 0.958 0.956 0.955 0.925 0.927 0.929 0.932 0.935 0.941 0.942 0.946 0.972 0.974 0.974 0.973 0.972 0.970 0.968 0.947 0.953 -nan -nan -nan -nan -nan -nan -nan -nan -nan
0.985 0.987 0.988 0.990 0.993 0.995 0.997 0.997 0.998 0.997 0.997 0.996 0.994 0.995 0.995 0.995 0.996 0.997 0.998 0.999 0.999 1.000 1.000 1.000 1.000 1.000 1.000 1.000 0.993 0.994 0.995 0.995 0.996 0.996 0.996 0.997 0.959 0.957 0.956 0.928 0.930 0.933 0.936 0.939 0.943 0.947 0.950 0.953 0.953 0.974 0.974 0.970 0.968 0.968 0.953 0.970 0.971 0.941 0.940 0.937 0.936 0.935 0.934 0.936
0.986 0.987 0.988 0.989 0.992 0.994 0.996 0.997 0.997 0.997 0.996 0.996 0.994 0.993 0.994 0.994 0.995 0.996 0.997 0.998 0.999 0.999 1.000 1.000 1.000 1.000 1.000 0.993 0.994 0.996 0.997 0.997 0.997 0.997 0.997 0.997 0.998 0.960 0.959 0.958 0.958 0.935 0.938 0.941 0.944 0.948 0.960 0.961 0.953 0.952 0.951 0.974 0.975 0.968 0.969 0.970 0.971 0.941 0.940 0.937 0.936 0.935 0.934 0.936
0.987 0.987 0.988 0.989 0.990 0.993 0.995 0.996 0.996 0.996 0.996 0.996 0.995 0.994 0.993 0.993 0.994 0.995 0.996 0.998 0.998 0.999 1.000 1.000 1.000 1.000 0.993 0.994 0.995 0.996 0.997 0.998 0.998 0.998 0.998 0.998 0.998 0.999 0.962 0.962 0.962 0.962 0.963 0.964 0.966 0.960 0.961 0.962 0.960 0.952 0.951 0.950 0.949 0.976 0.969 0.970 0.972 0.972 0.940 0.937 0.936 0.935 0.935 0.937
0.987 0.987 0.988 0.988 0.989 0.991 0.994 0.995 0.996 0.996 0.996 0.996 0.995 0.994 0.994 0.993 0.993 0.994 0.995 0.996 0.998 0.998 0.999 0.994 0.994 0.994 0.994 0.995 0.996 0.997 0.998 0.998 0.998 0.999 0.999 0.999 0.999 0.999 0.999 0.963 0.964 0.965 0.966 0.968 0.969 0.963 0.964 0.964 0.962 0.960 0.952 0.951 0.950 0.949 0.947 0.945 0.944 0.943 0.942 0.941 0.940 0.939 0.938 0.937
0.986 0.987 0.988 0.989 0.989 0.990 0.992 0.994 0.995 0.996 0.996 0.996 0.995 0.995 0.994 0.994 0.994 0.994 0.994 0.994 0.994 0.994 0.994 0.994 0.994 0.994 0.995 0.995 0.996 0.997 0.998 0.999 0.999 0.999 0.999 0.999 0.999 0.999 0.999 0.964 0.965 0.967 0.968 0.970 0.971 0.965 0.966 0.966 0.964 0.968 0.966 0.965 0.951 0.949 0.948 0.946 0.944 0.943 0.942 0.941 0.940 0.940 0.939 0.938
0.985 0.987 0.988 0.989 0.989 0.990 0.991 0.993 0.994 0.995 0.995 0.995 0.995 0.995 0.994 0.994 0.994 0.994 0.994 0.994 0.994 0.994 0.994 0.994 0.994 0.994 0.995 0.995 0.996 0.997 0.998 0.999 0.999 0.999 0.999 1.000 1.000 1.000 1.000 1.000 0.967 0.968 0.970 0.971 0.973 0.967 0.968 0.967 0.965 0.971 0.969 0.967 0.966 0.951 0.949 0.947 0.946 0.945 0.944 0.942 0.941 0.941 0.940 0.939
0.991 0.992 0.992 0.993 0.993 0.992 0.992 0.992 0.992 0.994 0.994 0.995 0.995 0.995 0.994 0.994 0.994 0.994 0.994 0.994 0.994 0.994 0.994 0.994 0.994 0.994 0.994 0.995 0.996 0.997 0.998 0.998 0.999 0.999 0.999 1.000 1.000 1.000 1.000 1.000 1.000 1.000 0.971 0.973 0.968 0.969 0.969 0.969 0.966 0.974 0.972 0.970 0.969 0.968 0.967 0.949 0.948 0.947 0.945 0.944 0.942 0.942 0.941 0.940
0.991 0.992 0.992 0.992 0.992 0.991 0.991 0.991 0.991 0.992 0.992 0.994 0.994 0.994 0.994 0.994 0.994 0.994 0.994 0.994 0.994 0.994 0.994 0.994 0.994 0.994 0.994 0.995 0.995 0.996 0.997 0.998 0.999 0.999 0.999 1.000 1.000 1.000 1.000 1.000 1.000 1.000 1.000 1.000 1.000 1.000 0.971 0.970 0.967 0.965 0.973 0.972 0.972 0.971 0.971 0.970 0.969 0.949 0.947 0.945 0.943 0.942 0.942 0.940
0.991 0.991 0.991 0.991 0.991 0.991 0.991 0.991 0.992 0.992 0.993 0.995 0.997 0.998 0.994 0.993 0.993 0.993 0.993 0.993 0.993 0.993 0.993 0.993 0.993 0.993 0.993 0.994 0.995 0.995 0.996 0.997 0.998 0.999 0.999 1.000 1.000 1.000 1.000 1.000 1.000 1.000 1.000 1.000 1.000 1.000 1.000 1.000 1.000 1.000 0.974 0.973 0.973 0.973 0.973 0.973 0.972 0.972 0.959 0.957 0.955 0.944 0.943 0.941
0.990 0.990 0.990 0.990 0.990 0.990 0.991 0.991 0.991 0.993 0.995 0.996 0.998 0.998 0.999 1.000 1.000 1.000 1.000 0.992 0.992 0.992 0.992 0.992 0.992 0.998 0.999 0.999 1.000 1.000 1.000 0.996 0.997 0.998 0.999 0.999 1.000 1.000 1.000 1.000 1.000 1.000 1.000 1.000 1.000 1.000 1.000 1.000 1.000 1.000 0.975 0.974 0.974 0.974 0.974 0.975 0.975 0.974 0.962 0.960 0.958 0.956 0.953 0.942
