RESULTS/r.avaflow_results/14b_results/14b_ascii/14b_hflow0012.asc
ncols 506
nrows 317
xllcenter 498237.50
yllcenter 5580050.00
cellsize 12.50
NODATA_value -9999.000
[rows 204 to 237 of 317, columns 380 to 455 of 506]
0.955 0.824 0.737 0.660 0.584 0.499 0.402 0.295 0.203 0.140 0.100 0.076 0.064 0.060 0.058 0.058 0.058 0.060 0.068 0.083 0.089 0.088 0.079 0.063 0.048 0.039 0.034 0.032 0.032 0.031 0.030 0.026 0.019 0.014 0.010 0.007 0.005 0.004 0.003 0.002 0.001 0.000 0.000 0.000 0.000 0.000 0.000 0.000 0.000 0.000 0.000 0.000 0.000 0.000 0.000 0.000 0.000 0.000 0.000 0.000 0.000 0.000 0.000 0.000 0.000 0.000 0.000 0.000 0.000 0.000 0.000 0.000 0.000 0.000 0.000 0.000
0.880 0.828 0.814 0.815 0.798 0.753 0.656 0.493 0.320 0.205 0.136 0.098 0.079 0.073 0.072 0.072 0.074 0.078 0.090 0.114 0.133 0.136 0.128 0.110 0.085 0.066 0.056 0.053 0.053 0.053 0.051 0.043 0.030 0.020 0.014 0.011 0.008 0.006 0.004 0.003 0.002 0.001 0.000 0.000 0.000 0.000 0.000 0.000 0.000 0.000 0.000 0.000 0.000 0.000 0.000 0.000 0.000 0.000 0.000 0.000 0.000 0.000 0.000 0.000 0.000 0.000 0.000 0.000 0.000 0.000 0.000 0.000 0.000 0.000 0.000 0.000
0.724 0.771 0.837 0.898 0.925 0.920 0.869 0.728 0.505 0.312 0.196 0.133 0.103 0.093 0.092 0.093 0.097 0.103 0.121 0.158 0.200 0.215 0.213 0.196 0.163 0.128 0.110 0.104 0.105 0.106 0.101 0.080 0.049 0.030 0.020 0.015 0.011 0.008 0.006 0.004 0.003 0.002 0.001 0.001 0.000 0.000 0.000 0.000 0.000 0.000 0.000 0.000 0.000 0.000 0.000 0.000 0.000 0.000 0.000 0.000 0.000 0.000 0.000 0.000 0.000 0.000 0.000 0.000 0.000 0.000 0.000 0.000 0.000 0.000 0.000 0.000
0.541 0.658 0.808 0.918 0.980 1.001 0.986 0.904 0.720 0.479 0.297 0.195 0.146 0.129 0.126 0.128 0.132 0.143 0.168 0.222 0.299 0.350 0.364 0.354 0.319 0.267 0.236 0.228 0.230 0.232 0.217 0.163 0.090 0.049 0.030 0.020 0.015 0.011 0.009 0.006 0.005 0.003 0.002 0.001 0.001 0.000 0.000 0.000 0.000 0.000 0.000 0.000 0.000 0.000 0.000 0.000 0.000 0.000 0.000 0.000 0.000 0.000 0.000 0.000 0.000 0.000 0.000 0.000 0.000 0.000 0.000 0.000 0.000 0.000 0.000 0.000
0.389 0.517 0.714 0.887 0.984 1.024 1.029 0.996 0.885 0.683 0.457 0.305 0.226 0.195 0.187 0.187 0.193 0.208 0.242 0.314 0.438 0.552 0.607 0.615 0.590 0.527 0.481 0.470 0.476 0.479 0.446 0.333 0.177 0.086 0.046 0.029 0.020 0.015 0.011 0.009 0.007 0.005 0.004 0.003 0.002 0.001 0.000 0.000 0.000 0.000 0.000 0.000 0.000 0.000 0.000 0.000 0.000 0.000 0.000 0.000 0.000 0.000 0.000 0.000 0.000 0.000 0.000 0.000 0.000 0.000 0.000 0.000 0.000 0.000 0.000 0.000
0.274 0.370 0.548 0.772 0.934 1.013 1.033 1.023 0.967 0.839 0.646 0.474 0.366 0.313 0.293 0.289 0.293 0.307 0.343 0.425 0.576 0.742 0.839 0.871 0.862 0.808 0.751 0.738 0.755 0.777 0.748 0.591 0.330 0.155 0.075 0.042 0.027 0.020 0.015 0.012 0.010 0.008 0.006 0.004 0.003 0.002 0.001 0.001 0.000 0.000 0.000 0.000 0.000 0.000 0.000 0.000 0.000 0.000 0.000 0.000 0.000 0.000 0.000 0.000 0.000 0.000 0.000 0.000 0.000 0.000 0.000 0.000 0.000 0.000 0.000 0.000
0.193 0.250 0.362 0.562 0.791 0.942 1.006 1.015 0.987 0.910 0.780 0.629 0.518 0.452 0.418 0.401 0.395 0.399 0.425 0.506 0.664 0.844 0.956 1.001 1.004 0.967 0.910 0.895 0.921 0.970 0.963 0.830 0.538 0.267 0.126 0.065 0.039 0.026 0.020 0.016 0.013 0.011 0.009 0.007 0.005 0.004 0.002 0.001 0.001 0.000 0.000 0.000 0.000 0.000 0.000 0.000 0.000 0.000 0.000 0.000 0.000 0.000 0.000 0.000 0.000 0.000 0.000 0.000 0.000 0.000 0.000 0.000 0.000 0.000 0.000 0.000
0.138 0.169 0.230 0.348 0.554 0.777 0.913 0.965 0.964 0.921 0.834 0.716 0.609 0.537 0.492 0.464 0.448 0.446 0.466 0.545 0.700 0.869 0.977 1.028 1.037 1.016 0.970 0.958 0.995 1.076 1.094 1.010 0.764 0.436 0.215 0.107 0.059 0.038 0.027 0.021 0.018 0.015 0.012 0.010 0.008 0.006 0.004 0.003 0.002 0.001 0.000 0.000 0.000 0.000 0.000 0.000 0.000 0.000 0.000 0.000 0.000 0.000 0.000 0.000 0.000 0.000 0.000 0.000 0.000 0.000 0.000 0.000 0.000 0.000 0.000 0.000
0.105 0.118 0.150 0.213 0.330 0.524 0.723 0.841 0.884 0.879 0.831 0.743 0.642 0.567 0.517 0.481 0.460 0.455 0.473 0.549 0.695 0.838 0.929 0.983 1.005 0.998 0.970 0.968 1.028 1.146 1.196 1.165 1.005 0.689 0.372 0.188 0.099 0.058 0.040 0.030 0.025 0.021 0.017 0.014 0.011 0.008 0.006 0.005 0.003 0.002 0.001 0.000 0.000 0.000 0.000 0.000 0.000 0.000 0.000 0.000 0.000 0.000 0.000 0.000 0.000 0.000 0.000 0.000 0.000 0.000 0.000 0.000 0.000 0.000 0.000 0.000
0.088 0.091 0.105 0.135 0.194 0.296 0.455 0.614 0.715 0.755 0.753 0.712 0.635 0.561 0.507 0.468 0.445 0.438 0.453 0.518 0.631 0.721 0.779 0.828 0.870 0.895 0.912 0.948 1.053 1.215 1.307 1.320 1.234 0.987 0.621 0.335 0.174 0.097 0.062 0.046 0.037 0.031 0.025 0.020 0.016 0.012 0.009 0.007 0.005 0.003 0.002 0.001 0.001 0.000 0.000 0.000 0.000 0.000 0.000 0.000 0.000 0.000 0.000 0.000 0.000 0.000 0.000 0.000 0.000 0.000 0.000 0.000 0.000 0.000 0.000 0.000
0.080 0.078 0.081 0.093 0.118 0.163 0.239 0.346 0.455 0.537 0.580 0.588 0.558 0.503 0.446 0.406 0.385 0.380 0.389 0.426 0.479 0.507 0.528 0.559 0.608 0.674 0.761 0.892 1.099 1.317 1.441 1.466 1.400 1.183 0.818 0.483 0.273 0.157 0.101 0.075 0.061 0.051 0.042 0.033 0.024 0.018 0.013 0.010 0.007 0.005 0.003 0.002 0.001 0.001 0.000 0.000 0.000 0.000 0.000 0.000 0.000 0.000 0.000 0.000 0.000 0.000 0.000 0.000 0.000 0.000 0.000 0.000 0.000 0.000 0.000 0.000
0.078 0.071 0.069 0.071 0.079 0.095 0.125 0.174 0.242 0.312 0.361 0.384 0.388 0.368 0.322 0.289 0.278 0.278 0.282 0.290 0.300 0.305 0.311 0.326 0.359 0.426 0.558 0.797 1.133 1.395 1.527 1.551 1.482 1.266 0.903 0.562 0.344 0.220 0.155 0.123 0.105 0.092 0.079 0.063 0.043 0.028 0.019 0.014 0.010 0.007 0.005 0.004 0.002 0.001 0.001 0.000 0.000 0.000 0.000 0.000 0.000 0.000 0.000 0.000 0.000 0.000 0.000 0.000 0.000 0.000 0.000 0.000 0.000 0.000 0.000 0.000
0.082 0.068 0.062 0.060 0.061 0.065 0.075 0.093 0.125 0.171 0.207 0.224 0.227 0.220 0.200 0.188 0.189 0.199 0.204 0.204 0.199 0.197 0.199 0.207 0.229 0.285 0.416 0.694 1.114 1.417 1.551 1.570 1.495 1.274 0.911 0.585 0.386 0.278 0.224 0.201 0.191 0.183 0.168 0.139 0.093 0.052 0.031 0.020 0.014 0.011 0.008 0.006 0.004 0.003 0.002 0.001 0.000 0.000 0.000 0.000 0.000 0.000 0.000 0.000 0.000 0.000 0.000 0.000 0.000 0.000 0.000 0.000 0.000 0.000 0.000 0.000
0.093 0.069 0.059 0.054 0.053 0.053 0.056 0.062 0.076 0.099 0.123 0.135 0.139 0.138 0.134 0.135 0.144 0.161 0.168 0.167 0.161 0.157 0.156 0.161 0.177 0.223 0.338 0.599 1.040 1.385 1.525 1.535 1.447 1.219 0.866 0.579 0.416 0.341 0.316 0.326 0.362 0.378 0.369 0.325 0.227 0.116 0.058 0.032 0.021 0.014 0.011 0.008 0.006 0.004 0.003 0.002 0.001 0.000 0.000 0.000 0.000 0.000 0.000 0.000 0.000 0.000 0.000 0.000 0.000 0.000 0.000 0.000 0.000 0.000 0.000 0.000
0.117 0.076 0.059 0.053 0.050 0.050 0.050 0.053 0.059 0.071 0.086 0.096 0.101 0.104 0.108 0.113 0.125 0.144 0.155 0.157 0.154 0.150 0.149 0.151 0.165 0.206 0.304 0.526 0.924 1.269 1.407 1.409 1.312 1.079 0.767 0.554 0.449 0.418 0.441 0.534 0.670 0.740 0.745 0.677 0.491 0.256 0.117 0.055 0.030 0.020 0.014 0.010 0.008 0.006 0.004 0.003 0.002 0.001 0.000 0.000 0.000 0.000 0.000 0.000 0.000 0.000 0.000 0.000 0.000 0.000 0.000 0.000 0.000 0.000 0.000 0.000
0.165 0.093 0.065 0.055 0.051 0.050 0.050 0.051 0.056 0.064 0.075 0.083 0.089 0.095 0.101 0.108 0.118 0.135 0.151 0.158 0.159 0.156 0.155 0.157 0.170 0.208 0.300 0.495 0.820 1.090 1.200 1.202 1.117 0.916 0.682 0.547 0.499 0.516 0.618 0.839 1.049 1.138 1.132 1.009 0.725 0.391 0.185 0.086 0.044 0.026 0.018 0.014 0.010 0.008 0.006 0.004 0.003 0.002 0.001 0.000 0.000 0.000 0.000 0.000 0.000 0.000 0.000 0.000 0.000 0.000 0.000 0.000 0.000 0.000 0.000 0.000
0.254 0.134 0.084 0.064 0.057 0.054 0.054 0.055 0.058 0.065 0.074 0.082 0.089 0.095 0.101 0.108 0.117 0.131 0.150 0.168 0.177 0.181 0.183 0.188 0.202 0.239 0.324 0.501 0.771 0.961 1.038 1.041 0.981 0.827 0.657 0.579 0.577 0.653 0.854 1.120 1.297 1.357 1.327 1.152 0.811 0.447 0.221 0.108 0.057 0.035 0.024 0.018 0.013 0.010 0.008 0.006 0.004 0.003 0.002 0.001 0.000 0.000 0.000 0.000 0.000 0.000 0.000 0.000 0.000 0.000 0.000 0.000 0.000 0.000 0.000 0.000
0.383 0.210 0.124 0.088 0.073 0.069 0.068 0.068 0.071 0.076 0.083 0.090 0.096 0.101 0.106 0.111 0.119 0.131 0.152 0.184 0.210 0.227 0.242 0.259 0.285 0.329 0.408 0.555 0.764 0.899 0.950 0.951 0.910 0.799 0.686 0.655 0.694 0.843 1.090 1.297 1.405 1.429 1.372 1.171 0.815 0.455 0.235 0.124 0.072 0.046 0.032 0.023 0.018 0.014 0.011 0.008 0.006 0.005 0.003 0.002 0.001 0.000 0.000 0.000 0.000 0.000 0.000 0.000 0.000 0.000 0.000 0.000 0.000 0.000 0.000 0.000
0.492 0.301 0.187 0.129 0.106 0.099 0.098 0.102 0.107 0.110 0.115 0.119 0.121 0.122 0.122 0.123 0.127 0.137 0.162 0.207 0.258 0.298 0.334 0.372 0.419 0.477 0.554 0.665 0.796 0.880 0.911 0.911 0.884 0.811 0.759 0.764 0.852 1.046 1.260 1.387 1.436 1.436 1.362 1.145 0.783 0.445 0.243 0.141 0.091 0.063 0.045 0.033 0.024 0.019 0.015 0.011 0.009 0.007 0.005 0.003 0.002 0.001 0.001 0.000 0.000 0.000 0.000 0.000 0.000 0.000 0.000 0.000 0.000 0.000 0.000 0.000
0.542 0.362 0.247 0.184 0.157 0.151 0.156 0.174 0.186 0.188 0.189 0.187 0.183 0.175 0.164 0.158 0.158 0.166 0.192 0.249 0.322 0.378 0.422 0.462 0.510 0.571 0.648 0.743 0.829 0.880 0.900 0.901 0.882 0.852 0.848 0.887 1.009 1.203 1.350 1.419 1.436 1.419 1.315 1.073 0.713 0.422 0.252 0.166 0.123 0.095 0.073 0.054 0.037 0.027 0.020 0.016 0.012 0.009 0.007 0.005 0.004 0.002 0.001 0.001 0.000 0.000 0.000 0.000 0.000 0.000 0.000 0.000 0.000 0.000 0.000 0.000
0.545 0.391 0.297 0.245 0.227 0.229 0.256 0.307 0.337 0.343 0.339 0.329 0.313 0.291 0.263 0.243 0.236 0.240 0.265 0.325 0.399 0.443 0.471 0.498 0.537 0.596 0.672 0.762 0.837 0.884 0.905 0.911 0.911 0.918 0.943 1.007 1.137 1.292 1.382 1.415 1.414 1.365 1.223 0.955 0.635 0.411 0.281 0.220 0.189 0.166 0.141 0.109 0.071 0.044 0.030 0.022 0.017 0.013 0.010 0.008 0.006 0.004 0.003 0.002 0.001 0.000 0.000 0.000 0.000 0.000 0.000 0.000 0.000 0.000 0.000 0.000
0.496 0.403 0.342 0.316 0.314 0.336 0.401 0.502 0.569 0.589 0.586 0.570 0.543 0.504 0.453 0.407 0.382 0.374 0.386 0.423 0.462 0.480 0.489 0.502 0.532 0.586 0.660 0.747 0.829 0.894 0.938 0.965 0.991 1.021 1.063 1.127 1.229 1.325 1.371 1.375 1.339 1.246 1.070 0.818 0.593 0.447 0.373 0.349 0.342 0.329 0.302 0.249 0.165 0.092 0.054 0.035 0.024 0.018 0.014 0.010 0.008 0.006 0.004 0.003 0.002 0.001 0.000 0.000 0.000 0.000 0.000 0.000 0.000 0.000 0.000 0.000
0.432 0.408 0.392 0.397 0.419 0.463 0.539 0.660 0.761 0.807 0.816 0.809 0.787 0.745 0.682 0.606 0.541 0.500 0.483 0.485 0.491 0.491 0.488 0.488 0.501 0.539 0.602 0.685 0.789 0.895 0.980 1.043 1.088 1.128 1.168 1.215 1.274 1.317 1.321 1.277 1.180 1.037 0.870 0.710 0.599 0.547 0.561 0.626 0.677 0.683 0.657 0.574 0.417 0.234 0.122 0.067 0.040 0.027 0.019 0.014 0.011 0.008 0.006 0.004 0.003 0.002 0.001 0.000 0.000 0.000 0.000 0.000 0.000 0.000 0.000 0.000
0.411 0.431 0.454 0.486 0.523 0.565 0.628 0.741 0.857 0.920 0.939 0.939 0.922 0.882 0.815 0.723 0.629 0.561 0.521 0.503 0.493 0.484 0.466 0.446 0.439 0.452 0.491 0.568 0.698 0.864 0.988 1.071 1.129 1.173 1.212 1.247 1.274 1.275 1.226 1.113 0.970 0.840 0.739 0.673 0.650 0.699 0.845 1.063 1.218 1.283 1.277 1.187 0.957 0.617 0.330 0.163 0.082 0.046 0.029 0.020 0.015 0.011 0.009 0.006 0.004 0.003 0.002 0.001 0.000 0.000 0.000 0.000 0.000 0.000 0.000 0.000
0.434 0.486 0.535 0.573 0.599 0.624 0.668 0.765 0.883 0.951 0.975 0.976 0.962 0.922 0.853 0.756 0.653 0.574 0.524 0.494 0.471 0.445 0.407 0.364 0.337 0.328 0.341 0.400 0.542 0.759 0.938 1.047 1.115 1.162 1.197 1.218 1.218 1.181 1.077 0.933 0.816 0.743 0.703 0.693 0.739 0.888 1.152 1.440 1.659 1.815 1.893 1.880 1.712 1.333 0.839 0.428 0.199 0.093 0.049 0.030 0.021 0.016 0.012 0.009 0.006 0.004 0.003 0.001 0.001 0.000 0.000 0.000 0.000 0.000 0.000 0.000
0.524 0.586 0.627 0.642 0.640 0.643 0.672 0.757 0.871 0.936 0.958 0.959 0.943 0.901 0.832 0.737 0.635 0.555 0.495 0.447 0.403 0.356 0.299 0.250 0.224 0.217 0.223 0.262 0.369 0.572 0.787 0.929 1.014 1.062 1.086 1.089 1.071 1.008 0.894 0.788 0.730 0.709 0.714 0.751 0.865 1.096 1.403 1.664 1.877 2.067 2.210 2.266 2.217 1.998 1.554 0.958 0.468 0.209 0.095 0.050 0.031 0.022 0.016 0.012 0.009 0.006 0.004 0.002 0.001 0.000 0.000 0.000 0.000 0.000 0.000 0.000
0.670 0.698 0.703 0.686 0.650 0.635 0.648 0.709 0.803 0.856 0.871 0.864 0.838 0.789 0.721 0.636 0.548 0.472 0.406 0.344 0.284 0.230 0.187 0.161 0.150 0.148 0.154 0.181 0.261 0.422 0.618 0.752 0.833 0.874 0.886 0.883 0.863 0.812 0.740 0.693 0.681 0.700 0.749 0.842 1.016 1.295 1.582 1.790 1.962 2.132 2.288 2.379 2.392 2.297 2.013 1.518 0.917 0.452 0.204 0.094 0.050 0.032 0.022 0.016 0.012 0.008 0.006 0.004 0.002 0.001 0.000 0.000 0.000 0.000 0.000 0.000
0.770 0.765 0.743 0.700 0.637 0.591 0.579 0.602 0.653 0.681 0.682 0.659 0.611 0.550 0.486 0.423 0.364 0.308 0.254 0.208 0.170 0.139 0.120 0.110 0.107 0.109 0.116 0.141 0.208 0.349 0.530 0.649 0.712 0.739 0.745 0.742 0.724 0.687 0.653 0.642 0.659 0.713 0.810 0.956 1.172 1.459 1.698 1.858 1.988 2.125 2.263 2.354 2.378 2.328 2.140 1.805 1.343 0.836 0.426 0.195 0.091 0.049 0.032 0.022 0.016 0.012 0.008 0.005 0.003 0.001 0.000 0.000 0.000 0.000 0.000 0.000
0.801 0.784 0.750 0.692 0.601 0.510 0.455 0.431 0.425 0.418 0.404 0.374 0.329 0.283 0.244 0.212 0.184 0.159 0.137 0.119 0.102 0.089 0.082 0.080 0.080 0.084 0.095 0.121 0.186 0.323 0.502 0.614 0.666 0.682 0.684 0.676 0.654 0.629 0.618 0.624 0.664 0.760 0.911 1.101 1.334 1.585 1.768 1.886 1.979 2.068 2.151 2.210 2.230 2.207 2.090 1.867 1.571 1.201 0.766 0.392 0.178 0.085 0.048 0.031 0.022 0.016 0.011 0.007 0.004 0.002 0.001 0.000 0.000 0.000 0.000 0.000
0.781 0.763 0.722 0.651 0.536 0.405 0.315 0.265 0.237 0.219 0.203 0.183 0.158 0.136 0.119 0.105 0.095 0.086 0.079 0.072 0.066 0.061 0.060 0.060 0.062 0.068 0.081 0.109 0.176 0.316 0.499 0.611 0.659 0.671 0.670 0.656 0.630 0.614 0.613 0.637 0.723 0.884 1.091 1.299 1.495 1.666 1.794 1.878 1.922 1.938 1.926 1.918 1.914 1.908 1.879 1.789 1.623 1.391 1.060 0.648 0.325 0.153 0.079 0.047 0.031 0.021 0.014 0.009 0.005 0.003 0.001 0.000 0.000 0.000 0.000 0.000
0.672 0.662 0.625 0.552 0.429 0.294 0.207 0.159 0.132 0.115 0.103 0.092 0.080 0.071 0.064 0.059 0.055 0.052 0.050 0.047 0.046 0.045 0.045 0.046 0.049 0.056 0.069 0.099 0.168 0.311 0.499 0.615 0.664 0.675 0.673 0.656 0.629 0.620 0.636 0.712 0.885 1.124 1.336 1.486 1.603 1.700 1.774 1.808 1.782 1.691 1.552 1.456 1.422 1.434 1.501 1.570 1.543 1.425 1.191 0.823 0.453 0.224 0.114 0.064 0.039 0.026 0.017 0.010 0.006 0.003 0.001 0.000 0.000 0.000 0.000 0.000
0.450 0.452 0.434 0.379 0.280 0.183 0.127 0.096 0.078 0.067 0.059 0.052 0.047 0.042 0.039 0.037 0.036 0.035 0.034 0.034 0.033 0.034 0.034 0.036 0.040 0.046 0.059 0.088 0.157 0.299 0.488 0.608 0.661 0.676 0.675 0.660 0.646 0.656 0.719 0.876 1.118 1.342 1.485 1.570 1.630 1.669 1.670 1.619 1.491 1.258 1.009 0.865 0.824 0.850 0.986 1.205 1.326 1.324 1.189 0.889 0.513 0.259 0.130 0.071 0.043 0.027 0.018 0.011 0.006 0.003 0.001 0.000 0.000 0.000 0.000 0.000
0.222 0.228 0.224 0.200 0.150 0.103 0.075 0.059 0.050 0.043 0.038 0.034 0.031 0.028 0.027 0.026 0.026 0.026 0.026 0.025 0.025 0.026 0.027 0.029 0.032 0.038 0.049 0.075 0.135 0.258 0.433 0.554 0.615 0.641 0.650 0.653 0.669 0.722 0.841 1.035 1.255 1.414 1.508 1.550 1.549 1.497 1.390 1.223 0.979 0.708 0.514 0.420 0.399 0.421 0.525 0.746 0.966 1.057 1.029 0.841 0.515 0.262 0.131 0.072 0.043 0.028 0.018 0.011 0.006 0.003 0.001 0.000 0.000 0.000 0.000 0.000
0.100 0.104 0.103 0.095 0.076 0.057 0.045 0.038 0.033 0.030 0.027 0.024 0.022 0.021 0.020 0.019 0.019 0.019 0.020 0.020 0.020 0.020 0.021 0.023 0.026 0.031 0.039 0.057 0.097 0.181 0.312 0.427 0.499 0.544 0.578 0.614 0.665 0.754 0.898 1.092 1.262 1.362 1.394 1.356 1.250 1.074 0.864 0.655 0.462 0.315 0.223 0.182 0.174 0.185 0.239 0.365 0.537 0.643 0.671 0.614 0.429 0.226 0.117 0.066 0.041 0.026 0.017 0.011 0.006 0.003 0.001 0.000 0.000 0.000 0.000 0.000
