RESULTS/r.avaflow_results/14b_results/14b_ascii/14b_hflow30035.asc
ncols 506
nrows 317
xllcenter 498237.50
yllcenter 5580050.00
cellsize 12.50
NODATA_value -9999.000
[rows 170 to 203 of 317, columns 231 to 307 of 506]
2.038 1.940 1.827 1.760 1.750 1.793 1.932 2.196 2.556 2.832 2.961 2.984 2.954 2.833 2.561 2.098 1.432 0.762 0.326 0.111 0.039 0.019 0.012 0.009 0.007 0.006 0.004 0.003 0.003 0.002 0.001 0.001 0.001 0.000 0.000 0.000 0.000 0.000 0.000 0.000 0.000 0.000 0.000 0.000 0.000 0.000 0.000 0.000 0.000 0.000 0.000 0.000 0.000 0.000 0.000 0.000 0.000 0.000 0.000 0.000 0.000 0.000 0.000 0.000 0.000 0.000 0.000 0.000 0.000 0.000 0.000 0.000 0.000 0.000 0.000 0.000 0.000
2.157 2.024 1.924 1.884 1.887 1.947 2.138 2.529 3.134 3.659 3.905 3.934 3.847 3.634 3.273 2.745 2.052 1.241 0.585 0.208 0.065 0.026 0.015 0.011 0.009 0.007 0.005 0.004 0.003 0.003 0.002 0.001 0.001 0.001 0.000 0.000 0.000 0.000 0.000 0.000 0.000 0.000 0.000 0.000 0.000 0.000 0.000 0.000 0.000 0.000 0.000 0.000 0.000 0.000 0.000 0.000 0.000 0.000 0.000 0.000 0.000 0.000 0.000 0.000 0.000 0.000 0.000 0.000 0.000 0.000 0.000 0.000 0.000 0.000 0.000 0.000 0.000
2.203 2.078 2.002 1.983 1.998 2.069 2.271 2.708 3.426 4.077 4.384 4.423 4.310 4.052 3.663 3.135 2.460 1.621 0.838 0.334 0.106 0.038 0.019 0.013 0.010 0.008 0.007 0.005 0.004 0.003 0.002 0.002 0.001 0.001 0.001 0.000 0.000 0.000 0.000 0.000 0.000 0.000 0.000 0.000 0.000 0.000 0.000 0.000 0.000 0.000 0.000 0.000 0.000 0.000 0.000 0.000 0.000 0.000 0.000 0.000 0.000 0.000 0.000 0.000 0.000 0.000 0.000 0.000 0.000 0.000 0.000 0.000 0.000 0.000 0.000 0.000 0.000
2.232 2.144 2.093 2.085 2.107 2.184 2.389 2.828 3.546 4.207 4.543 4.602 4.496 4.229 3.843 3.340 2.698 1.890 1.059 0.472 0.165 0.056 0.025 0.016 0.012 0.009 0.008 0.006 0.005 0.004 0.003 0.002 0.002 0.001 0.001 0.001 0.000 0.000 0.000 0.000 0.000 0.000 0.000 0.000 0.000 0.000 0.000 0.000 0.000 0.000 0.000 0.000 0.000 0.000 0.000 0.000 0.000 0.000 0.000 0.000 0.000 0.000 0.000 0.000 0.000 0.000 0.000 0.000 0.000 0.000 0.000 0.000 0.000 0.000 0.000 0.000 0.001
2.252 2.224 2.203 2.198 2.216 2.298 2.511 2.941 3.602 4.212 4.550 4.620 4.522 4.263 3.884 3.410 2.829 2.113 1.294 0.637 0.249 0.086 0.035 0.020 0.014 0.011 0.009 0.007 0.006 0.005 0.004 0.003 0.003 0.002 0.001 0.001 0.001 0.000 0.000 0.000 0.000 0.000 0.000 0.000 0.000 0.000 0.000 0.000 0.000 0.000 0.000 0.000 0.000 0.000 0.000 0.000 0.000 0.000 0.000 0.000 0.000 0.000 0.000 0.000 0.000 0.000 0.000 0.000 0.000 0.000 0.000 0.000 0.000 0.000 0.001 0.001 0.002
2.240 2.270 2.283 2.292 2.324 2.425 2.651 3.066 3.658 4.157 4.442 4.510 4.434 4.199 3.846 3.408 2.912 2.339 1.608 0.867 0.380 0.141 0.054 0.026 0.017 0.013 0.010 0.009 0.007 0.006 0.005 0.004 0.003 0.003 0.002 0.001 0.001 0.001 0.000 0.000 0.000 0.000 0.000 0.000 0.000 0.000 0.000 0.000 0.000 0.000 0.000 0.000 0.000 0.000 0.000 0.000 0.000 0.000 0.000 0.000 0.000 0.000 0.000 0.000 0.000 0.000 0.000 0.000 0.000 0.000 0.000 0.000 0.001 0.001 0.002 0.003 0.005
2.221 2.279 2.328 2.378 2.453 2.597 2.849 3.245 3.703 4.013 4.163 4.195 4.139 3.965 3.686 3.339 2.953 2.529 1.968 1.210 0.589 0.246 0.095 0.042 0.023 0.016 0.012 0.010 0.009 0.007 0.006 0.005 0.004 0.003 0.003 0.002 0.002 0.001 0.001 0.001 0.000 0.000 0.000 0.000 0.000 0.000 0.000 0.000 0.000 0.000 0.000 0.000 0.000 0.000 0.000 0.000 0.000 0.000 0.000 0.000 0.000 0.000 0.000 0.000 0.000 0.000 0.000 0.000 0.000 0.000 0.000 0.001 0.002 0.003 0.004 0.006 0.008
2.213 2.275 2.358 2.468 2.620 2.832 3.107 3.413 3.660 3.765 3.762 3.711 3.639 3.536 3.377 3.165 2.910 2.608 2.194 1.565 0.884 0.427 0.184 0.077 0.037 0.021 0.015 0.012 0.010 0.009 0.007 0.006 0.005 0.004 0.003 0.003 0.002 0.002 0.001 0.001 0.001 0.001 0.000 0.000 0.000 0.000 0.000 0.000 0.000 0.000 0.000 0.000 0.000 0.000 0.000 0.000 0.000 0.000 0.000 0.000 0.000 0.000 0.000 0.000 0.000 0.000 0.000 0.000 0.000 0.001 0.001 0.002 0.004 0.005 0.007 0.009 0.012
2.214 2.285 2.396 2.565 2.788 3.036 3.279 3.475 3.568 3.560 3.478 3.355 3.249 3.147 3.035 2.909 2.768 2.573 2.268 1.810 1.216 0.691 0.345 0.154 0.068 0.034 0.020 0.015 0.012 0.010 0.009 0.007 0.006 0.005 0.004 0.004 0.003 0.003 0.002 0.002 0.001 0.001 0.001 0.001 0.000 0.000 0.000 0.000 0.000 0.000 0.000 0.000 0.000 0.000 0.000 0.000 0.000 0.000 0.000 0.000 0.000 0.000 0.000 0.000 0.000 0.000 0.000 0.000 0.001 0.002 0.003 0.005 0.006 0.009 0.011 0.014 0.019
2.238 2.325 2.465 2.658 2.900 3.140 3.327 3.443 3.467 3.421 3.303 3.154 3.037 2.930 2.824 2.713 2.599 2.467 2.269 1.963 1.538 1.031 0.586 0.296 0.137 0.062 0.032 0.020 0.015 0.012 0.010 0.009 0.007 0.006 0.006 0.005 0.004 0.003 0.003 0.002 0.002 0.002 0.001 0.001 0.001 0.001 0.000 0.000 0.000 0.000 0.000 0.000 0.000 0.000 0.000 0.000 0.000 0.000 0.000 0.000 0.001 0.001 0.001 0.001 0.001 0.001 0.001 0.002 0.003 0.004 0.005 0.007 0.010 0.013 0.018 0.024 0.033
2.306 2.406 2.555 2.736 2.952 3.157 3.297 3.363 3.369 3.316 3.193 3.037 2.911 2.803 2.704 2.608 2.513 2.414 2.283 2.085 1.800 1.392 0.905 0.514 0.264 0.123 0.056 0.030 0.020 0.015 0.012 0.010 0.009 0.008 0.007 0.006 0.005 0.005 0.004 0.003 0.003 0.003 0.002 0.002 0.001 0.001 0.001 0.001 0.000 0.000 0.000 0.000 0.000 0.000 0.000 0.000 0.000 0.000 0.001 0.001 0.002 0.002 0.002 0.002 0.002 0.003 0.003 0.004 0.005 0.007 0.009 0.011 0.015 0.021 0.031 0.047 0.070
2.419 2.516 2.650 2.809 2.982 3.132 3.229 3.281 3.292 3.248 3.128 2.966 2.833 2.722 2.630 2.556 2.490 2.421 2.337 2.215 2.012 1.695 1.253 0.802 0.462 0.236 0.110 0.054 0.031 0.021 0.016 0.012 0.011 0.009 0.008 0.007 0.006 0.006 0.005 0.005 0.004 0.004 0.003 0.003 0.002 0.002 0.002 0.002 0.001 0.001 0.001 0.001 0.001 0.001 0.001 0.001 0.001 0.002 0.002 0.003 0.004 0.004 0.004 0.004 0.005 0.005 0.006 0.007 0.008 0.010 0.013 0.017 0.025 0.038 0.065 0.110 0.173
2.554 2.641 2.755 2.887 3.014 3.117 3.190 3.231 3.240 3.203 3.092 2.933 2.797 2.683 2.593 2.536 2.501 2.470 2.432 2.356 2.201 1.942 1.581 1.147 0.740 0.429 0.223 0.110 0.059 0.035 0.022 0.016 0.013 0.011 0.010 0.009 0.008 0.007 0.007 0.006 0.005 0.005 0.004 0.004 0.004 0.003 0.003 0.003 0.003 0.002 0.002 0.002 0.002 0.002 0.002 0.003 0.003 0.004 0.005 0.006 0.006 0.007 0.007 0.007 0.008 0.008 0.009 0.011 0.012 0.015 0.020 0.028 0.045 0.084 0.168 0.305 0.455
2.683 2.790 2.898 2.989 3.063 3.128 3.185 3.213 3.213 3.177 3.078 2.930 2.795 2.679 2.589 2.540 2.533 2.540 2.530 2.477 2.358 2.160 1.889 1.534 1.118 0.737 0.444 0.247 0.133 0.072 0.040 0.024 0.017 0.014 0.012 0.011 0.010 0.009 0.008 0.008 0.007 0.006 0.006 0.005 0.005 0.005 0.005 0.004 0.004 0.004 0.004 0.004 0.004 0.005 0.005 0.005 0.006 0.007 0.008 0.009 0.010 0.011 0.011 0.011 0.012 0.013 0.014 0.016 0.018 0.023 0.032 0.051 0.098 0.213 0.453 0.814 1.115
2.816 2.962 3.083 3.143 3.165 3.187 3.211 3.220 3.211 3.176 3.097 2.979 2.855 2.743 2.651 2.597 2.589 2.600 2.595 2.554 2.471 2.347 2.173 1.929 1.591 1.198 0.827 0.520 0.299 0.160 0.082 0.043 0.026 0.019 0.016 0.014 0.013 0.011 0.010 0.010 0.009 0.008 0.008 0.007 0.007 0.007 0.006 0.006 0.006 0.006 0.006 0.007 0.007 0.008 0.008 0.009 0.010 0.011 0.013 0.014 0.015 0.016 0.016 0.017 0.017 0.018 0.020 0.023 0.028 0.038 0.059 0.108 0.227 0.498 1.009 1.685 2.174
2.928 3.086 3.220 3.299 3.324 3.321 3.307 3.289 3.268 3.240 3.196 3.128 3.042 2.952 2.857 2.756 2.687 2.657 2.641 2.613 2.566 2.501 2.401 2.251 2.043 1.756 1.388 0.970 0.579 0.312 0.158 0.081 0.045 0.029 0.022 0.018 0.016 0.015 0.014 0.012 0.011 0.010 0.010 0.009 0.009 0.009 0.009 0.009 0.009 0.009 0.009 0.010 0.011 0.012 0.013 0.014 0.015 0.017 0.020 0.022 0.023 0.024 0.025 0.025 0.026 0.028 0.032 0.038 0.051 0.074 0.124 0.234 0.466 0.888 1.538 2.315 2.860
3.010 3.159 3.285 3.375 3.427 3.450 3.459 3.451 3.438 3.426 3.414 3.396 3.365 3.310 3.201 3.011 2.825 2.724 2.690 2.680 2.665 2.633 2.579 2.506 2.411 2.256 1.988 1.550 0.972 0.524 0.272 0.144 0.080 0.049 0.034 0.026 0.022 0.020 0.018 0.017 0.015 0.014 0.013 0.012 0.012 0.012 0.012 0.012 0.012 0.012 0.013 0.014 0.016 0.017 0.019 0.022 0.025 0.028 0.031 0.035 0.038 0.040 0.041 0.042 0.044 0.048 0.058 0.076 0.108 0.164 0.264 0.451 0.751 1.172 1.766 2.511 3.046
3.064 3.195 3.304 3.387 3.450 3.503 3.573 3.668 3.714 3.727 3.732 3.720 3.677 3.598 3.457 3.220 2.965 2.810 2.759 2.760 2.765 2.758 2.751 2.752 2.735 2.662 2.458 2.034 1.372 0.777 0.421 0.234 0.135 0.082 0.055 0.040 0.033 0.029 0.027 0.024 0.021 0.018 0.017 0.016 0.015 0.015 0.015 0.015 0.016 0.017 0.018 0.021 0.023 0.027 0.031 0.037 0.043 0.050 0.058 0.065 0.072 0.076 0.079 0.082 0.089 0.103 0.132 0.183 0.258 0.361 0.509 0.714 0.962 1.280 1.779 2.442 2.910
3.083 3.200 3.299 3.377 3.447 3.526 3.656 3.853 3.961 3.979 3.963 3.915 3.838 3.728 3.565 3.338 3.094 2.928 2.859 2.850 2.860 2.896 2.966 3.027 3.045 3.004 2.809 2.374 1.687 1.031 0.604 0.356 0.215 0.135 0.091 0.067 0.055 0.049 0.045 0.041 0.035 0.028 0.023 0.021 0.020 0.019 0.019 0.020 0.021 0.023 0.027 0.033 0.040 0.049 0.059 0.073 0.089 0.108 0.127 0.145 0.159 0.171 0.182 0.194 0.217 0.261 0.338 0.454 0.579 0.701 0.811 0.917 1.045 1.262 1.638 2.060 2.309
3.068 3.174 3.264 3.348 3.436 3.552 3.756 3.988 4.099 4.108 4.060 3.971 3.871 3.751 3.584 3.392 3.210 3.062 2.982 2.961 2.978 3.090 3.265 3.354 3.368 3.300 3.061 2.585 1.893 1.262 0.813 0.515 0.329 0.217 0.153 0.120 0.104 0.096 0.092 0.086 0.074 0.054 0.039 0.031 0.028 0.027 0.027 0.027 0.030 0.036 0.048 0.065 0.086 0.108 0.134 0.165 0.206 0.261 0.319 0.363 0.394 0.421 0.450 0.493 0.564 0.671 0.816 0.972 1.073 1.102 1.057 1.011 1.030 1.122 1.258 1.333 1.298
2.987 3.094 3.195 3.298 3.422 3.608 3.867 4.065 4.141 4.138 4.074 3.968 3.859 3.738 3.568 3.405 3.287 3.188 3.124 3.113 3.181 3.413 3.672 3.756 3.723 3.562 3.224 2.669 1.990 1.442 1.034 0.723 0.497 0.352 0.269 0.231 0.219 0.222 0.226 0.220 0.193 0.135 0.082 0.057 0.046 0.042 0.041 0.043 0.049 0.067 0.103 0.157 0.213 0.267 0.324 0.389 0.476 0.613 0.753 0.848 0.905 0.947 0.993 1.076 1.218 1.376 1.484 1.523 1.478 1.364 1.189 1.030 0.923 0.836 0.759 0.684 0.593
2.792 2.926 3.066 3.213 3.392 3.646 3.916 4.083 4.137 4.124 4.053 3.941 3.826 3.698 3.526 3.393 3.323 3.290 3.284 3.333 3.505 3.819 4.038 4.082 4.010 3.769 3.318 2.664 2.028 1.560 1.214 0.944 0.730 0.577 0.488 0.458 0.471 0.534 0.577 0.578 0.522 0.376 0.215 0.129 0.092 0.077 0.074 0.078 0.097 0.151 0.259 0.411 0.539 0.637 0.725 0.817 0.959 1.183 1.363 1.444 1.468 1.479 1.504 1.586 1.736 1.853 1.880 1.823 1.679 1.472 1.227 0.973 0.738 0.551 0.426 0.339 0.270
2.430 2.621 2.825 3.039 3.288 3.608 3.893 4.051 4.087 4.064 3.992 3.890 3.777 3.641 3.474 3.371 3.338 3.349 3.413 3.540 3.770 4.063 4.213 4.236 4.160 3.886 3.353 2.625 2.032 1.611 1.303 1.079 0.925 0.834 0.798 0.813 0.908 1.091 1.204 1.218 1.124 0.868 0.524 0.306 0.201 0.161 0.151 0.159 0.216 0.372 0.647 0.951 1.175 1.310 1.389 1.453 1.533 1.651 1.740 1.762 1.729 1.699 1.704 1.766 1.901 1.989 1.991 1.906 1.726 1.486 1.196 0.857 0.567 0.369 0.252 0.185 0.143
1.853 2.130 2.411 2.706 3.035 3.420 3.742 3.924 3.970 3.953 3.898 3.818 3.718 3.583 3.430 3.349 3.339 3.377 3.483 3.651 3.883 4.118 4.238 4.256 4.186 3.902 3.310 2.539 1.984 1.597 1.311 1.116 1.009 0.973 0.993 1.091 1.298 1.543 1.675 1.690 1.586 1.309 0.899 0.594 0.417 0.336 0.316 0.341 0.495 0.867 1.378 1.786 2.016 2.093 2.093 2.028 1.938 1.898 1.878 1.839 1.767 1.712 1.700 1.735 1.837 1.913 1.919 1.850 1.680 1.424 1.082 0.705 0.424 0.252 0.162 0.116 0.093
1.132 1.421 1.762 2.142 2.563 3.022 3.405 3.663 3.781 3.806 3.785 3.732 3.652 3.527 3.390 3.330 3.332 3.387 3.501 3.670 3.866 4.025 4.101 4.104 4.006 3.680 3.032 2.271 1.760 1.437 1.213 1.069 1.002 0.993 1.052 1.216 1.477 1.709 1.827 1.843 1.746 1.481 1.092 0.808 0.649 0.584 0.577 0.664 0.982 1.575 2.136 2.440 2.561 2.576 2.522 2.380 2.175 2.007 1.893 1.791 1.667 1.565 1.507 1.493 1.527 1.573 1.590 1.560 1.439 1.207 0.863 0.518 0.294 0.172 0.112 0.084 0.071
0.583 0.760 0.996 1.328 1.779 2.311 2.819 3.222 3.483 3.600 3.632 3.615 3.561 3.456 3.342 3.301 3.316 3.382 3.480 3.578 3.641 3.625 3.557 3.452 3.254 2.862 2.225 1.600 1.217 1.015 0.912 0.865 0.862 0.904 1.016 1.220 1.485 1.689 1.790 1.806 1.725 1.486 1.129 0.886 0.769 0.739 0.777 0.962 1.390 2.038 2.512 2.720 2.766 2.751 2.673 2.517 2.285 2.033 1.806 1.586 1.362 1.177 1.053 0.989 0.969 0.975 0.988 0.988 0.936 0.791 0.548 0.322 0.190 0.119 0.083 0.067 0.059
0.251 0.337 0.462 0.646 0.925 1.337 1.878 2.445 2.917 3.222 3.370 3.405 3.383 3.316 3.250 3.233 3.258 3.311 3.337 3.255 3.060 2.756 2.433 2.133 1.825 1.454 1.038 0.726 0.553 0.480 0.463 0.481 0.539 0.651 0.834 1.083 1.320 1.474 1.548 1.561 1.506 1.332 1.057 0.869 0.789 0.784 0.868 1.112 1.565 2.160 2.562 2.722 2.742 2.716 2.639 2.502 2.281 1.962 1.578 1.219 0.920 0.712 0.586 0.523 0.501 0.496 0.494 0.488 0.463 0.401 0.291 0.185 0.121 0.085 0.066 0.057 0.052
0.090 0.120 0.170 0.252 0.386 0.599 0.911 1.347 1.896 2.459 2.849 3.015 3.055 3.049 3.046 3.061 3.078 3.053 2.907 2.549 2.030 1.536 1.171 0.911 0.703 0.516 0.358 0.252 0.200 0.184 0.186 0.200 0.241 0.328 0.494 0.729 0.904 0.996 1.032 1.038 1.015 0.934 0.807 0.731 0.715 0.753 0.876 1.138 1.561 2.015 2.295 2.392 2.396 2.370 2.325 2.246 2.063 1.709 1.221 0.844 0.600 0.440 0.342 0.291 0.268 0.257 0.249 0.239 0.222 0.193 0.150 0.108 0.081 0.064 0.055 0.051 0.048
0.032 0.040 0.054 0.080 0.126 0.207 0.338 0.539 0.853 1.354 1.935 2.341 2.528 2.618 2.670 2.695 2.661 2.484 2.082 1.510 0.997 0.664 0.454 0.322 0.232 0.166 0.118 0.089 0.076 0.074 0.076 0.083 0.101 0.141 0.223 0.349 0.438 0.481 0.492 0.492 0.483 0.457 0.435 0.448 0.501 0.606 0.779 1.026 1.298 1.481 1.552 1.559 1.553 1.559 1.590 1.595 1.503 1.232 0.841 0.576 0.411 0.300 0.228 0.186 0.163 0.150 0.139 0.128 0.115 0.101 0.085 0.071 0.061 0.053 0.049 0.047 0.047
0.013 0.015 0.019 0.026 0.038 0.060 0.098 0.164 0.290 0.539 0.947 1.395 1.733 1.944 2.035 2.035 1.915 1.599 1.135 0.702 0.414 0.251 0.164 0.116 0.086 0.065 0.050 0.042 0.039 0.038 0.039 0.043 0.049 0.064 0.096 0.148 0.183 0.200 0.203 0.202 0.198 0.192 0.194 0.209 0.253 0.355 0.513 0.653 0.708 0.707 0.692 0.677 0.677 0.700 0.764 0.815 0.810 0.715 0.539 0.396 0.295 0.221 0.168 0.133 0.113 0.099 0.088 0.078 0.069 0.063 0.058 0.054 0.051 0.049 0.047 0.046 0.046
0.007 0.007 0.008 0.011 0.014 0.020 0.029 0.046 0.081 0.166 0.348 0.626 0.887 1.058 1.126 1.119 1.021 0.803 0.507 0.285 0.160 0.097 0.067 0.052 0.043 0.036 0.031 0.028 0.027 0.026 0.027 0.028 0.031 0.036 0.048 0.067 0.080 0.085 0.086 0.086 0.085 0.085 0.087 0.094 0.115 0.161 0.227 0.262 0.266 0.261 0.254 0.252 0.255 0.270 0.310 0.364 0.390 0.382 0.337 0.277 0.219 0.168 0.129 0.102 0.084 0.072 0.063 0.055 0.050 0.048 0.048 0.048 0.047 0.047 0.046 0.046 0.046
0.004 0.004 0.005 0.006 0.007 0.009 0.012 0.016 0.025 0.046 0.099 0.209 0.346 0.435 0.470 0.467 0.425 0.324 0.192 0.108 0.065 0.045 0.036 0.031 0.028 0.026 0.024 0.022 0.021 0.021 0.021 0.022 0.023 0.025 0.030 0.037 0.041 0.043 0.044 0.044 0.044 0.044 0.045 0.049 0.056 0.072 0.090 0.096 0.097 0.097 0.096 0.098 0.102 0.109 0.127 0.162 0.195 0.210 0.210 0.194 0.165 0.130 0.101 0.080 0.066 0.056 0.049 0.044 0.042 0.042 0.043 0.045 0.046 0.047 0.046 0.046 0.046
0.003 0.003 0.003 0.004 0.005 0.005 0.007 0.008 0.011 0.016 0.029 0.057 0.103 0.134 0.147 0.147 0.138 0.110 0.069 0.044 0.031 0.026 0.023 0.022 0.022 0.021 0.019 0.019 0.018 0.018 0.018 0.018 0.019 0.020 0.022 0.025 0.027 0.027 0.028 0.028 0.028 0.028 0.029 0.030 0.033 0.039 0.042 0.044 0.044 0.044 0.045 0.047 0.050 0.054 0.062 0.080 0.107 0.128 0.135 0.134 0.122 0.100 0.079 0.063 0.052 0.045 0.041 0.038 0.038 0.039 0.042 0.045 0.046 0.046 0.046 0.046 0.047
0.002 0.002 0.002 0.003 0.003 0.004 0.005 0.006 0.007 0.008 0.012 0.019 0.031 0.040 0.044 0.045 0.044 0.039 0.029 0.022 0.019 0.018 0.017 0.017 0.017 0.017 0.016 0.016 0.016 0.016 0.016 0.016 0.016 0.017 0.018 0.019 0.020 0.020 0.020 0.021 0.021 0.021 0.022 0.023 0.024 0.026 0.027 0.027 0.027 0.027 0.028 0.030 0.032 0.035 0.040 0.049 0.066 0.084 0.093 0.093 0.088 0.076 0.062 0.051 0.043 0.038 0.036 0.035 0.035 0.037 0.041 0.044 0.046 0.047 0.047 0.048 0.049
