RESULTS/r.avaflow_results/14b_results/14b_ascii/14b_hflow0008.asc
ncols 506
nrows 317
xllcenter 498237.50
yllcenter 5580050.00
cellsize 12.50
NODATA_value -9999.000
[rows 170 to 203 of 317, columns 228 to 303 of 506]
0.739 0.450 0.265 0.171 0.125 0.104 0.098 0.099 0.112 0.160 0.293 0.599 1.072 1.388 1.519 1.539 1.478 1.263 0.857 0.435 0.192 0.083 0.041 0.025 0.017 0.013 0.011 0.008 0.007 0.005 0.004 0.003 0.003 0.002 0.001 0.001 0.001 0.000 0.000 0.000 0.000 0.000 0.000 0.000 0.000 0.000 0.000 0.000 0.000 0.000 0.000 0.000 0.000 0.000 0.000 0.000 0.000 0.000 0.000 0.000 0.000 0.000 0.000 0.000 0.000 0.000 0.000 0.000 0.000 0.000 0.000 0.000 0.000 0.000 0.000 0.000
0.947 0.725 0.470 0.285 0.193 0.154 0.145 0.149 0.179 0.284 0.570 1.219 2.151 2.745 2.949 2.944 2.787 2.385 1.691 0.913 0.412 0.161 0.065 0.033 0.022 0.016 0.013 0.010 0.008 0.007 0.005 0.004 0.003 0.003 0.002 0.001 0.001 0.001 0.000 0.000 0.000 0.000 0.000 0.000 0.000 0.000 0.000 0.000 0.000 0.000 0.000 0.000 0.000 0.000 0.000 0.000 0.000 0.000 0.000 0.000 0.000 0.000 0.000 0.000 0.000 0.000 0.000 0.000 0.000 0.000 0.000 0.000 0.000 0.000 0.000 0.000
1.026 0.936 0.739 0.484 0.305 0.233 0.218 0.228 0.284 0.465 0.944 1.926 3.157 3.883 4.091 4.033 3.779 3.292 2.527 1.540 0.748 0.295 0.107 0.047 0.027 0.019 0.015 0.012 0.010 0.008 0.007 0.005 0.004 0.003 0.003 0.002 0.001 0.001 0.001 0.000 0.000 0.000 0.000 0.000 0.000 0.000 0.000 0.000 0.000 0.000 0.000 0.000 0.000 0.000 0.000 0.000 0.000 0.000 0.000 0.000 0.000 0.000 0.000 0.000 0.000 0.000 0.000 0.000 0.000 0.000 0.000 0.000 0.000 0.000 0.000 0.000
1.031 1.006 0.908 0.699 0.470 0.358 0.336 0.353 0.445 0.710 1.326 2.450 3.721 4.463 4.670 4.582 4.277 3.771 3.043 2.053 1.094 0.468 0.168 0.066 0.034 0.023 0.017 0.014 0.011 0.009 0.008 0.006 0.005 0.004 0.003 0.003 0.002 0.001 0.001 0.001 0.000 0.000 0.000 0.000 0.000 0.000 0.000 0.000 0.000 0.000 0.000 0.000 0.000 0.000 0.000 0.000 0.000 0.000 0.000 0.000 0.000 0.000 0.000 0.000 0.000 0.000 0.000 0.000 0.000 0.000 0.000 0.000 0.000 0.000 0.000 0.000
0.988 1.002 0.963 0.854 0.676 0.557 0.530 0.559 0.695 1.037 1.737 2.852 3.978 4.637 4.825 4.729 4.416 3.926 3.266 2.393 1.403 0.661 0.252 0.094 0.044 0.027 0.020 0.016 0.013 0.011 0.009 0.008 0.006 0.005 0.004 0.003 0.003 0.002 0.002 0.001 0.001 0.000 0.000 0.000 0.000 0.000 0.000 0.000 0.000 0.000 0.000 0.000 0.000 0.000 0.000 0.000 0.000 0.000 0.000 0.000 0.000 0.000 0.000 0.000 0.000 0.000 0.000 0.000 0.000 0.000 0.000 0.000 0.000 0.000 0.000 0.000
0.851 0.935 0.960 0.949 0.898 0.848 0.843 0.904 1.094 1.501 2.221 3.234 4.103 4.611 4.765 4.674 4.374 3.909 3.317 2.604 1.729 0.907 0.379 0.139 0.060 0.034 0.023 0.018 0.015 0.012 0.010 0.009 0.008 0.006 0.005 0.004 0.004 0.003 0.002 0.002 0.001 0.001 0.001 0.000 0.000 0.000 0.000 0.000 0.000 0.000 0.000 0.000 0.000 0.000 0.000 0.000 0.000 0.000 0.000 0.000 0.000 0.000 0.000 0.000 0.000 0.000 0.000 0.000 0.000 0.000 0.000 0.000 0.000 0.000 0.000 0.001
0.644 0.791 0.909 1.014 1.108 1.197 1.291 1.442 1.716 2.166 2.836 3.598 4.133 4.416 4.478 4.385 4.131 3.742 3.256 2.703 2.054 1.259 0.585 0.224 0.089 0.045 0.028 0.021 0.017 0.014 0.012 0.010 0.009 0.008 0.006 0.005 0.004 0.004 0.003 0.002 0.002 0.001 0.001 0.001 0.001 0.000 0.000 0.000 0.000 0.000 0.000 0.000 0.000 0.000 0.000 0.000 0.000 0.000 0.000 0.000 0.000 0.000 0.000 0.000 0.000 0.000 0.000 0.000 0.000 0.000 0.000 0.000 0.000 0.000 0.001 0.002
0.529 0.697 0.876 1.076 1.298 1.548 1.830 2.144 2.504 2.933 3.408 3.805 4.007 4.044 3.960 3.820 3.630 3.376 3.060 2.680 2.225 1.598 0.863 0.371 0.147 0.066 0.038 0.026 0.020 0.016 0.014 0.012 0.010 0.009 0.008 0.007 0.006 0.005 0.004 0.003 0.003 0.002 0.002 0.001 0.001 0.001 0.000 0.000 0.000 0.000 0.000 0.000 0.000 0.000 0.000 0.000 0.000 0.000 0.000 0.000 0.000 0.000 0.000 0.000 0.000 0.000 0.000 0.000 0.000 0.000 0.000 0.000 0.001 0.001 0.002 0.004
0.508 0.686 0.894 1.159 1.491 1.880 2.311 2.727 3.105 3.448 3.716 3.843 3.831 3.697 3.485 3.290 3.112 2.932 2.746 2.537 2.245 1.788 1.144 0.582 0.255 0.111 0.056 0.035 0.025 0.020 0.016 0.014 0.012 0.010 0.009 0.008 0.007 0.006 0.005 0.004 0.004 0.003 0.003 0.002 0.002 0.001 0.001 0.000 0.000 0.000 0.000 0.000 0.000 0.000 0.000 0.000 0.000 0.000 0.000 0.000 0.000 0.000 0.000 0.000 0.000 0.000 0.000 0.000 0.000 0.000 0.001 0.001 0.002 0.004 0.005 0.008
0.544 0.734 0.975 1.294 1.710 2.190 2.669 3.090 3.426 3.661 3.788 3.797 3.697 3.479 3.210 2.996 2.817 2.655 2.500 2.345 2.160 1.865 1.397 0.850 0.434 0.200 0.095 0.052 0.034 0.025 0.020 0.017 0.014 0.012 0.011 0.009 0.008 0.007 0.006 0.005 0.005 0.004 0.004 0.003 0.002 0.002 0.001 0.001 0.001 0.000 0.000 0.000 0.000 0.000 0.000 0.000 0.000 0.000 0.000 0.000 0.000 0.000 0.000 0.001 0.001 0.001 0.001 0.001 0.001 0.001 0.002 0.003 0.005 0.007 0.009 0.012
0.665 0.880 1.155 1.509 1.957 2.447 2.877 3.237 3.508 3.675 3.738 3.712 3.579 3.338 3.056 2.835 2.657 2.507 2.373 2.244 2.106 1.918 1.619 1.175 0.699 0.362 0.175 0.090 0.052 0.035 0.026 0.021 0.017 0.015 0.012 0.011 0.010 0.008 0.008 0.007 0.006 0.005 0.005 0.004 0.003 0.003 0.002 0.002 0.001 0.001 0.001 0.001 0.000 0.000 0.000 0.000 0.000 0.000 0.000 0.000 0.001 0.001 0.002 0.002 0.002 0.003 0.003 0.003 0.003 0.004 0.005 0.006 0.008 0.011 0.014 0.019
0.889 1.127 1.420 1.778 2.203 2.633 2.987 3.274 3.480 3.593 3.626 3.604 3.489 3.257 2.971 2.746 2.569 2.429 2.317 2.219 2.118 2.002 1.823 1.511 1.051 0.619 0.331 0.171 0.092 0.056 0.038 0.028 0.022 0.018 0.015 0.013 0.011 0.010 0.009 0.008 0.007 0.007 0.006 0.005 0.005 0.004 0.004 0.003 0.003 0.002 0.002 0.002 0.001 0.001 0.001 0.001 0.001 0.001 0.001 0.001 0.002 0.003 0.004 0.004 0.005 0.005 0.006 0.006 0.007 0.007 0.009 0.010 0.013 0.017 0.022 0.031
1.186 1.428 1.717 2.058 2.441 2.795 3.079 3.292 3.431 3.505 3.532 3.519 3.425 3.214 2.932 2.709 2.532 2.396 2.301 2.238 2.186 2.131 2.036 1.831 1.457 0.987 0.600 0.340 0.187 0.107 0.066 0.044 0.032 0.023 0.018 0.015 0.013 0.012 0.011 0.010 0.009 0.008 0.008 0.007 0.006 0.006 0.005 0.004 0.004 0.004 0.003 0.003 0.003 0.003 0.003 0.003 0.003 0.003 0.003 0.004 0.005 0.006 0.007 0.008 0.008 0.009 0.009 0.010 0.011 0.012 0.013 0.016 0.019 0.025 0.035 0.057
1.527 1.755 2.018 2.340 2.689 2.979 3.188 3.324 3.414 3.470 3.488 3.469 3.384 3.194 2.929 2.709 2.534 2.401 2.324 2.302 2.303 2.294 2.250 2.119 1.857 1.459 1.025 0.669 0.410 0.240 0.140 0.085 0.053 0.035 0.025 0.019 0.016 0.014 0.013 0.012 0.011 0.010 0.009 0.009 0.008 0.007 0.007 0.006 0.006 0.006 0.005 0.005 0.005 0.005 0.005 0.005 0.005 0.006 0.006 0.007 0.008 0.010 0.011 0.012 0.013 0.014 0.015 0.015 0.016 0.018 0.020 0.023 0.029 0.040 0.064 0.120
1.848 2.082 2.335 2.651 2.988 3.235 3.378 3.441 3.475 3.493 3.488 3.459 3.378 3.223 3.006 2.806 2.641 2.513 2.443 2.430 2.450 2.458 2.432 2.355 2.208 1.968 1.610 1.216 0.861 0.562 0.335 0.188 0.104 0.059 0.037 0.026 0.021 0.018 0.016 0.015 0.014 0.013 0.012 0.011 0.010 0.009 0.009 0.008 0.008 0.008 0.008 0.008 0.008 0.008 0.008 0.008 0.009 0.010 0.011 0.012 0.013 0.015 0.017 0.019 0.020 0.021 0.022 0.022 0.024 0.026 0.030 0.036 0.048 0.073 0.130 0.262
2.108 2.390 2.678 3.009 3.339 3.572 3.684 3.703 3.684 3.644 3.603 3.557 3.492 3.394 3.256 3.109 2.975 2.848 2.727 2.648 2.618 2.610 2.594 2.561 2.505 2.402 2.217 1.927 1.559 1.158 0.750 0.420 0.214 0.109 0.060 0.038 0.028 0.023 0.020 0.018 0.017 0.016 0.015 0.014 0.013 0.012 0.011 0.011 0.011 0.011 0.011 0.011 0.011 0.011 0.012 0.012 0.013 0.015 0.016 0.018 0.020 0.023 0.027 0.029 0.031 0.032 0.033 0.034 0.037 0.041 0.049 0.064 0.091 0.148 0.270 0.524
2.304 2.672 3.001 3.322 3.621 3.842 3.966 4.003 3.987 3.935 3.892 3.863 3.829 3.784 3.723 3.654 3.574 3.437 3.196 2.949 2.811 2.767 2.762 2.767 2.770 2.756 2.701 2.593 2.377 1.993 1.428 0.817 0.412 0.200 0.104 0.062 0.042 0.032 0.026 0.023 0.022 0.020 0.019 0.018 0.017 0.016 0.015 0.014 0.014 0.014 0.014 0.014 0.014 0.015 0.016 0.018 0.020 0.022 0.025 0.028 0.032 0.037 0.042 0.048 0.051 0.053 0.055 0.058 0.064 0.076 0.097 0.134 0.199 0.315 0.525 0.889
2.440 2.907 3.266 3.557 3.807 3.991 4.103 4.159 4.186 4.231 4.330 4.397 4.417 4.420 4.410 4.359 4.246 4.034 3.675 3.280 3.034 2.945 2.942 2.972 3.024 3.099 3.155 3.159 3.080 2.804 2.225 1.380 0.711 0.350 0.181 0.103 0.066 0.047 0.037 0.032 0.029 0.027 0.026 0.024 0.022 0.020 0.019 0.018 0.018 0.018 0.018 0.018 0.019 0.021 0.023 0.026 0.030 0.035 0.041 0.048 0.056 0.065 0.077 0.089 0.097 0.103 0.109 0.118 0.136 0.168 0.224 0.314 0.444 0.629 0.898 1.235
2.505 3.045 3.427 3.692 3.891 4.035 4.137 4.217 4.308 4.491 4.827 5.042 5.090 5.073 5.002 4.869 4.671 4.382 3.985 3.574 3.290 3.161 3.139 3.173 3.288 3.485 3.637 3.695 3.662 3.420 2.845 1.939 1.098 0.575 0.306 0.173 0.107 0.073 0.056 0.047 0.043 0.041 0.039 0.036 0.033 0.029 0.026 0.024 0.024 0.024 0.024 0.024 0.026 0.029 0.034 0.042 0.052 0.064 0.078 0.094 0.113 0.138 0.167 0.192 0.214 0.234 0.254 0.283 0.334 0.419 0.553 0.721 0.899 1.081 1.256 1.428
2.491 3.064 3.464 3.717 3.891 4.018 4.124 4.240 4.420 4.775 5.244 5.499 5.541 5.469 5.304 5.097 4.850 4.525 4.157 3.820 3.554 3.405 3.364 3.404 3.620 3.972 4.183 4.239 4.172 3.873 3.253 2.336 1.480 0.876 0.501 0.291 0.179 0.121 0.091 0.077 0.071 0.069 0.068 0.064 0.057 0.047 0.039 0.035 0.033 0.032 0.032 0.034 0.038 0.046 0.060 0.081 0.108 0.137 0.168 0.207 0.261 0.337 0.410 0.468 0.519 0.568 0.627 0.711 0.833 1.003 1.206 1.381 1.476 1.493 1.465 1.477
2.266 2.866 3.327 3.608 3.789 3.932 4.070 4.243 4.548 5.060 5.522 5.730 5.741 5.616 5.391 5.149 4.885 4.553 4.240 4.001 3.805 3.676 3.646 3.757 4.144 4.617 4.817 4.800 4.609 4.178 3.460 2.549 1.781 1.210 0.787 0.492 0.311 0.212 0.163 0.142 0.137 0.140 0.144 0.141 0.125 0.096 0.071 0.057 0.050 0.048 0.048 0.051 0.061 0.085 0.130 0.193 0.258 0.323 0.393 0.482 0.622 0.803 0.952 1.063 1.148 1.229 1.335 1.495 1.690 1.850 1.937 1.953 1.882 1.735 1.544 1.402
1.657 2.225 2.779 3.148 3.417 3.656 3.894 4.176 4.614 5.204 5.628 5.784 5.765 5.622 5.391 5.149 4.883 4.549 4.281 4.120 4.027 3.985 4.042 4.308 4.830 5.233 5.342 5.256 4.941 4.358 3.510 2.639 1.979 1.478 1.085 0.774 0.543 0.394 0.318 0.293 0.296 0.333 0.361 0.359 0.321 0.238 0.156 0.112 0.091 0.084 0.083 0.090 0.117 0.189 0.329 0.496 0.631 0.747 0.863 1.016 1.269 1.540 1.700 1.777 1.825 1.875 1.971 2.141 2.312 2.382 2.358 2.252 2.068 1.817 1.523 1.212
0.817 1.194 1.706 2.176 2.599 3.012 3.427 3.891 4.501 5.162 5.590 5.731 5.697 5.560 5.359 5.137 4.870 4.536 4.303 4.202 4.189 4.258 4.444 4.811 5.299 5.568 5.618 5.510 5.132 4.435 3.487 2.667 2.072 1.617 1.260 0.985 0.786 0.659 0.593 0.579 0.633 0.767 0.851 0.857 0.778 0.590 0.376 0.251 0.188 0.164 0.161 0.178 0.258 0.462 0.810 1.141 1.360 1.505 1.627 1.767 1.949 2.100 2.161 2.159 2.147 2.159 2.224 2.376 2.516 2.548 2.492 2.334 2.100 1.799 1.406 0.971
0.302 0.455 0.716 1.045 1.434 1.916 2.495 3.161 3.964 4.766 5.291 5.497 5.499 5.421 5.285 5.104 4.848 4.519 4.314 4.256 4.291 4.434 4.688 5.059 5.440 5.637 5.667 5.561 5.169 4.409 3.397 2.619 2.067 1.640 1.309 1.068 0.911 0.831 0.810 0.846 0.997 1.245 1.384 1.403 1.316 1.088 0.768 0.533 0.402 0.344 0.333 0.379 0.587 1.055 1.668 2.125 2.354 2.422 2.425 2.384 2.356 2.349 2.310 2.243 2.193 2.180 2.215 2.329 2.447 2.479 2.434 2.282 2.027 1.662 1.177 0.729
0.109 0.153 0.243 0.385 0.586 0.876 1.309 1.953 2.844 3.810 4.553 4.986 5.158 5.196 5.148 5.030 4.805 4.490 4.312 4.281 4.342 4.502 4.754 5.056 5.302 5.421 5.431 5.302 4.880 4.073 3.059 2.333 1.860 1.515 1.248 1.053 0.932 0.885 0.891 0.969 1.180 1.470 1.631 1.659 1.583 1.372 1.058 0.817 0.681 0.624 0.624 0.743 1.149 1.863 2.517 2.887 3.025 3.022 2.933 2.749 2.544 2.402 2.282 2.157 2.053 1.991 1.976 2.016 2.085 2.119 2.105 1.994 1.749 1.356 0.864 0.497
0.048 0.061 0.087 0.132 0.202 0.317 0.517 0.864 1.440 2.294 3.260 4.064 4.557 4.810 4.889 4.847 4.686 4.421 4.284 4.276 4.346 4.475 4.607 4.678 4.655 4.591 4.496 4.285 3.828 3.058 2.207 1.636 1.311 1.118 0.986 0.893 0.846 0.844 0.878 0.982 1.209 1.494 1.656 1.691 1.627 1.440 1.163 0.951 0.841 0.811 0.848 1.061 1.595 2.379 2.940 3.207 3.280 3.257 3.138 2.904 2.599 2.323 2.078 1.843 1.647 1.505 1.421 1.390 1.395 1.410 1.415 1.364 1.192 0.878 0.529 0.309
0.028 0.032 0.040 0.054 0.076 0.111 0.174 0.298 0.545 0.989 1.681 2.568 3.433 4.033 4.327 4.404 4.352 4.217 4.146 4.156 4.198 4.184 4.013 3.691 3.318 2.988 2.712 2.414 2.016 1.494 1.033 0.754 0.616 0.556 0.538 0.550 0.589 0.651 0.735 0.870 1.100 1.349 1.492 1.529 1.490 1.355 1.138 0.966 0.886 0.878 0.951 1.215 1.773 2.512 2.996 3.206 3.252 3.230 3.124 2.893 2.524 2.077 1.664 1.310 1.041 0.869 0.774 0.733 0.721 0.717 0.714 0.691 0.614 0.461 0.291 0.183
0.019 0.021 0.024 0.029 0.036 0.047 0.067 0.102 0.174 0.326 0.619 1.112 1.848 2.647 3.231 3.525 3.646 3.692 3.707 3.707 3.626 3.342 2.774 2.121 1.638 1.329 1.110 0.922 0.728 0.518 0.358 0.268 0.231 0.223 0.229 0.250 0.290 0.354 0.447 0.588 0.788 0.963 1.061 1.094 1.088 1.038 0.940 0.865 0.841 0.863 0.963 1.233 1.740 2.331 2.695 2.842 2.876 2.868 2.807 2.609 2.208 1.639 1.150 0.816 0.603 0.473 0.402 0.370 0.358 0.350 0.342 0.326 0.291 0.229 0.159 0.112
0.013 0.014 0.016 0.018 0.022 0.026 0.033 0.044 0.064 0.104 0.184 0.351 0.679 1.195 1.752 2.186 2.493 2.683 2.754 2.708 2.451 1.935 1.318 0.869 0.609 0.464 0.372 0.300 0.231 0.169 0.124 0.100 0.093 0.094 0.099 0.110 0.130 0.163 0.213 0.291 0.402 0.483 0.527 0.545 0.550 0.554 0.560 0.591 0.645 0.724 0.860 1.094 1.424 1.716 1.870 1.936 1.975 2.010 2.009 1.898 1.576 1.091 0.725 0.504 0.364 0.277 0.228 0.204 0.191 0.183 0.174 0.162 0.144 0.120 0.094 0.076
0.010 0.010 0.011 0.013 0.015 0.017 0.020 0.025 0.032 0.043 0.064 0.106 0.200 0.395 0.698 1.011 1.263 1.418 1.458 1.400 1.180 0.816 0.486 0.300 0.209 0.163 0.134 0.111 0.089 0.070 0.057 0.050 0.049 0.050 0.052 0.057 0.065 0.079 0.100 0.132 0.177 0.207 0.222 0.229 0.234 0.243 0.260 0.293 0.351 0.443 0.571 0.698 0.788 0.834 0.861 0.885 0.920 0.977 1.014 0.997 0.870 0.638 0.444 0.318 0.232 0.176 0.143 0.125 0.114 0.106 0.098 0.090 0.082 0.073 0.066 0.060
0.007 0.007 0.008 0.009 0.011 0.012 0.014 0.017 0.020 0.024 0.031 0.043 0.068 0.122 0.225 0.373 0.499 0.573 0.589 0.557 0.455 0.294 0.173 0.112 0.084 0.070 0.062 0.054 0.047 0.041 0.036 0.034 0.033 0.033 0.034 0.036 0.040 0.046 0.054 0.067 0.083 0.093 0.098 0.102 0.105 0.110 0.119 0.135 0.162 0.207 0.262 0.297 0.313 0.321 0.329 0.340 0.359 0.394 0.433 0.447 0.427 0.360 0.276 0.208 0.157 0.121 0.098 0.084 0.076 0.069 0.064 0.059 0.056 0.054 0.054 0.053
0.004 0.005 0.005 0.006 0.007 0.009 0.010 0.012 0.014 0.016 0.019 0.024 0.032 0.048 0.079 0.131 0.176 0.199 0.204 0.196 0.165 0.111 0.072 0.053 0.044 0.040 0.037 0.035 0.033 0.030 0.028 0.026 0.026 0.026 0.027 0.028 0.029 0.032 0.035 0.040 0.046 0.050 0.052 0.054 0.055 0.058 0.062 0.068 0.078 0.093 0.109 0.118 0.123 0.127 0.132 0.138 0.147 0.162 0.187 0.207 0.213 0.204 0.178 0.144 0.112 0.088 0.072 0.062 0.056 0.051 0.048 0.045 0.045 0.047 0.049 0.051
0.002 0.003 0.003 0.004 0.005 0.006 0.007 0.008 0.010 0.012 0.013 0.016 0.020 0.025 0.036 0.053 0.068 0.076 0.077 0.076 0.067 0.051 0.038 0.032 0.029 0.028 0.027 0.027 0.026 0.024 0.023 0.022 0.022 0.022 0.022 0.023 0.023 0.025 0.026 0.029 0.031 0.032 0.033 0.034 0.035 0.037 0.039 0.041 0.045 0.050 0.054 0.057 0.059 0.061 0.064 0.068 0.072 0.079 0.092 0.109 0.120 0.123 0.119 0.104 0.084 0.068 0.057 0.050 0.045 0.042 0.040 0.040 0.041 0.044 0.048 0.051
0.001 0.001 0.002 0.002 0.003 0.004 0.005 0.006 0.007 0.008 0.010 0.012 0.014 0.017 0.021 0.028 0.033 0.036 0.037 0.036 0.034 0.029 0.025 0.022 0.022 0.021 0.021 0.021 0.021 0.021 0.020 0.019 0.019 0.019 0.019 0.020 0.020 0.020 0.021 0.023 0.024 0.024 0.025 0.025 0.026 0.027 0.028 0.030 0.032 0.033 0.035 0.036 0.037 0.038 0.040 0.043 0.046 0.050 0.057 0.068 0.077 0.082 0.082 0.077 0.065 0.055 0.047 0.042 0.039 0.037 0.037 0.037 0.039 0.043 0.048 0.051
