RESULTS/r.avaflow_results/14b_results/14b_ascii/14b_hflow30024.asc
ncols 506
nrows 317
xllcenter 498237.50
yllcenter 5580050.00
cellsize 12.50
NODATA_value -9999.000
[rows 170 to 203 of 317, columns 231 to 307 of 506]
1.585 1.435 1.268 1.151 1.106 1.118 1.208 1.418 1.761 2.088 2.261 2.310 2.305 2.220 1.977 1.530 0.923 0.448 0.180 0.064 0.028 0.016 0.012 0.009 0.007 0.006 0.004 0.003 0.003 0.002 0.001 0.001 0.001 0.000 0.000 0.000 0.000 0.000 0.000 0.000 0.000 0.000 0.000 0.000 0.000 0.000 0.000 0.000 0.000 0.000 0.000 0.000 0.000 0.000 0.000 0.000 0.000 0.000 0.000 0.000 0.000 0.000 0.000 0.000 0.000 0.000 0.000 0.000 0.000 0.000 0.000 0.000 0.000 0.000 0.000 0.000 0.000
1.757 1.551 1.382 1.292 1.268 1.295 1.447 1.817 2.453 3.074 3.381 3.433 3.367 3.173 2.816 2.269 1.536 0.825 0.352 0.120 0.043 0.021 0.014 0.011 0.008 0.007 0.005 0.004 0.003 0.002 0.002 0.001 0.001 0.001 0.000 0.000 0.000 0.000 0.000 0.000 0.000 0.000 0.000 0.000 0.000 0.000 0.000 0.000 0.000 0.000 0.000 0.000 0.000 0.000 0.000 0.000 0.000 0.000 0.000 0.000 0.000 0.000 0.000 0.000 0.000 0.000 0.000 0.000 0.000 0.000 0.000 0.000 0.000 0.000 0.000 0.000 0.000
1.814 1.614 1.476 1.414 1.405 1.440 1.612 2.053 2.843 3.620 3.995 4.052 3.947 3.689 3.287 2.731 2.004 1.180 0.553 0.201 0.067 0.029 0.017 0.013 0.010 0.008 0.006 0.005 0.004 0.003 0.002 0.002 0.001 0.001 0.001 0.000 0.000 0.000 0.000 0.000 0.000 0.000 0.000 0.000 0.000 0.000 0.000 0.000 0.000 0.000 0.000 0.000 0.000 0.000 0.000 0.000 0.000 0.000 0.000 0.000 0.000 0.000 0.000 0.000 0.000 0.000 0.000 0.000 0.000 0.000 0.000 0.000 0.000 0.000 0.000 0.000 0.000
1.840 1.684 1.579 1.539 1.538 1.579 1.760 2.217 3.026 3.818 4.218 4.290 4.183 3.908 3.503 2.973 2.290 1.450 0.738 0.298 0.102 0.040 0.022 0.015 0.011 0.009 0.008 0.006 0.005 0.004 0.003 0.002 0.002 0.001 0.001 0.001 0.000 0.000 0.000 0.000 0.000 0.000 0.000 0.000 0.000 0.000 0.000 0.000 0.000 0.000 0.000 0.000 0.000 0.000 0.000 0.000 0.000 0.000 0.000 0.000 0.000 0.000 0.000 0.000 0.000 0.000 0.000 0.000 0.000 0.000 0.000 0.000 0.000 0.000 0.000 0.000 0.001
1.852 1.765 1.699 1.669 1.668 1.718 1.914 2.369 3.123 3.844 4.236 4.318 4.220 3.951 3.555 3.060 2.449 1.687 0.932 0.415 0.152 0.057 0.028 0.018 0.013 0.011 0.009 0.007 0.006 0.005 0.004 0.003 0.002 0.002 0.001 0.001 0.001 0.000 0.000 0.000 0.000 0.000 0.000 0.000 0.000 0.000 0.000 0.000 0.000 0.000 0.000 0.000 0.000 0.000 0.000 0.000 0.000 0.000 0.000 0.000 0.000 0.000 0.000 0.000 0.000 0.000 0.000 0.000 0.000 0.000 0.000 0.000 0.000 0.000 0.001 0.002 0.002
1.829 1.815 1.794 1.780 1.794 1.872 2.093 2.540 3.210 3.795 4.126 4.205 4.130 3.888 3.520 3.067 2.550 1.934 1.200 0.584 0.232 0.086 0.038 0.022 0.016 0.012 0.010 0.009 0.007 0.006 0.005 0.004 0.003 0.003 0.002 0.001 0.001 0.001 0.000 0.000 0.000 0.000 0.000 0.000 0.000 0.000 0.000 0.000 0.000 0.000 0.000 0.000 0.000 0.000 0.000 0.000 0.000 0.000 0.000 0.000 0.000 0.000 0.000 0.000 0.000 0.000 0.000 0.000 0.000 0.000 0.000 0.000 0.001 0.001 0.002 0.003 0.005
1.801 1.832 1.854 1.881 1.939 2.074 2.335 2.769 3.287 3.653 3.834 3.875 3.822 3.646 3.360 3.000 2.600 2.153 1.549 0.845 0.371 0.145 0.060 0.030 0.019 0.015 0.012 0.010 0.008 0.007 0.006 0.005 0.004 0.003 0.003 0.002 0.002 0.001 0.001 0.001 0.000 0.000 0.000 0.000 0.000 0.000 0.000 0.000 0.000 0.000 0.000 0.000 0.000 0.000 0.000 0.000 0.000 0.000 0.000 0.000 0.000 0.000 0.000 0.000 0.000 0.000 0.000 0.000 0.000 0.000 0.000 0.001 0.002 0.003 0.005 0.006 0.008
1.790 1.836 1.897 1.987 2.125 2.341 2.642 2.988 3.270 3.399 3.415 3.372 3.303 3.201 3.041 2.826 2.563 2.249 1.805 1.155 0.583 0.256 0.107 0.048 0.027 0.018 0.014 0.011 0.010 0.008 0.007 0.006 0.005 0.004 0.003 0.003 0.002 0.002 0.001 0.001 0.001 0.001 0.000 0.000 0.000 0.000 0.000 0.000 0.000 0.000 0.000 0.000 0.000 0.000 0.000 0.000 0.000 0.000 0.000 0.000 0.000 0.000 0.000 0.000 0.000 0.000 0.000 0.000 0.000 0.001 0.001 0.003 0.004 0.006 0.008 0.010 0.013
1.791 1.850 1.947 2.101 2.316 2.582 2.857 3.082 3.193 3.195 3.126 3.009 2.905 2.805 2.695 2.570 2.427 2.225 1.903 1.417 0.852 0.435 0.199 0.088 0.043 0.025 0.017 0.014 0.012 0.010 0.008 0.007 0.006 0.005 0.004 0.004 0.003 0.003 0.002 0.002 0.001 0.001 0.001 0.001 0.000 0.000 0.000 0.000 0.000 0.000 0.000 0.000 0.000 0.000 0.000 0.000 0.000 0.000 0.000 0.000 0.000 0.000 0.000 0.000 0.000 0.000 0.000 0.000 0.001 0.002 0.003 0.005 0.007 0.009 0.012 0.016 0.021
1.813 1.893 2.025 2.211 2.454 2.721 2.935 3.071 3.108 3.069 2.958 2.810 2.695 2.591 2.487 2.379 2.265 2.131 1.924 1.597 1.145 0.681 0.353 0.166 0.077 0.039 0.024 0.017 0.014 0.012 0.010 0.008 0.007 0.006 0.005 0.005 0.004 0.003 0.003 0.002 0.002 0.002 0.001 0.001 0.001 0.001 0.000 0.000 0.000 0.000 0.000 0.000 0.000 0.000 0.000 0.000 0.000 0.000 0.000 0.000 0.001 0.001 0.001 0.001 0.001 0.001 0.001 0.002 0.003 0.004 0.006 0.008 0.011 0.015 0.020 0.027 0.038
1.881 1.978 2.126 2.311 2.536 2.766 2.932 3.019 3.032 2.983 2.861 2.704 2.579 2.472 2.374 2.279 2.184 2.083 1.946 1.735 1.423 0.993 0.579 0.302 0.145 0.069 0.037 0.024 0.018 0.014 0.012 0.010 0.008 0.007 0.007 0.006 0.005 0.004 0.004 0.003 0.003 0.003 0.002 0.002 0.001 0.001 0.001 0.001 0.000 0.000 0.000 0.000 0.000 0.000 0.000 0.000 0.000 0.000 0.001 0.001 0.002 0.002 0.002 0.002 0.002 0.003 0.003 0.004 0.005 0.007 0.009 0.012 0.017 0.024 0.035 0.055 0.084
1.996 2.098 2.239 2.407 2.599 2.775 2.897 2.963 2.977 2.934 2.812 2.645 2.512 2.402 2.310 2.234 2.165 2.092 2.004 1.871 1.651 1.307 0.872 0.508 0.268 0.131 0.064 0.036 0.024 0.018 0.014 0.012 0.010 0.009 0.008 0.007 0.006 0.006 0.005 0.005 0.004 0.004 0.003 0.003 0.002 0.002 0.002 0.001 0.001 0.001 0.001 0.001 0.001 0.001 0.001 0.001 0.001 0.002 0.002 0.003 0.003 0.004 0.004 0.004 0.005 0.005 0.006 0.007 0.009 0.011 0.014 0.019 0.027 0.044 0.078 0.137 0.218
2.142 2.242 2.370 2.515 2.662 2.786 2.879 2.932 2.944 2.907 2.790 2.622 2.485 2.371 2.280 2.220 2.181 2.146 2.104 2.025 1.862 1.584 1.198 0.788 0.468 0.252 0.128 0.067 0.040 0.026 0.019 0.015 0.012 0.011 0.009 0.009 0.008 0.007 0.006 0.006 0.005 0.005 0.004 0.004 0.004 0.003 0.003 0.003 0.003 0.002 0.002 0.002 0.002 0.002 0.002 0.003 0.003 0.004 0.005 0.006 0.006 0.007 0.007 0.008 0.008 0.009 0.010 0.011 0.013 0.016 0.021 0.031 0.051 0.101 0.212 0.393 0.579
2.303 2.425 2.549 2.656 2.743 2.819 2.886 2.925 2.931 2.894 2.786 2.626 2.488 2.373 2.282 2.234 2.226 2.234 2.226 2.175 2.052 1.840 1.536 1.154 0.778 0.481 0.272 0.146 0.079 0.046 0.029 0.020 0.015 0.013 0.011 0.010 0.010 0.009 0.008 0.008 0.007 0.006 0.006 0.005 0.005 0.005 0.004 0.004 0.004 0.004 0.004 0.004 0.004 0.004 0.005 0.005 0.006 0.007 0.008 0.009 0.010 0.010 0.011 0.012 0.012 0.013 0.014 0.016 0.019 0.024 0.034 0.057 0.116 0.264 0.577 1.031 1.391
2.480 2.654 2.793 2.862 2.888 2.913 2.939 2.950 2.941 2.905 2.821 2.695 2.568 2.456 2.364 2.314 2.310 2.326 2.326 2.290 2.206 2.074 1.881 1.601 1.238 0.877 0.568 0.331 0.177 0.092 0.050 0.030 0.021 0.016 0.014 0.013 0.012 0.011 0.010 0.009 0.009 0.008 0.008 0.007 0.007 0.006 0.006 0.006 0.006 0.006 0.006 0.006 0.007 0.007 0.008 0.008 0.009 0.011 0.012 0.014 0.015 0.016 0.016 0.017 0.018 0.019 0.021 0.024 0.030 0.040 0.064 0.124 0.270 0.612 1.263 2.071 2.624
2.632 2.832 2.995 3.088 3.113 3.103 3.083 3.061 3.039 3.010 2.964 2.892 2.803 2.713 2.617 2.516 2.449 2.424 2.413 2.389 2.346 2.282 2.182 2.024 1.785 1.456 1.078 0.687 0.374 0.185 0.091 0.049 0.031 0.022 0.018 0.016 0.015 0.014 0.013 0.012 0.011 0.010 0.010 0.009 0.009 0.009 0.009 0.008 0.009 0.009 0.009 0.009 0.010 0.011 0.012 0.013 0.014 0.016 0.018 0.021 0.023 0.024 0.025 0.025 0.026 0.029 0.033 0.039 0.052 0.078 0.136 0.267 0.551 1.080 1.892 2.788 3.398
2.745 2.940 3.104 3.218 3.279 3.304 3.308 3.298 3.288 3.280 3.268 3.249 3.220 3.169 3.056 2.849 2.645 2.537 2.503 2.497 2.491 2.473 2.439 2.380 2.281 2.099 1.767 1.249 0.693 0.338 0.160 0.082 0.048 0.033 0.025 0.021 0.019 0.018 0.017 0.016 0.015 0.014 0.013 0.012 0.011 0.011 0.011 0.011 0.011 0.012 0.012 0.013 0.014 0.016 0.018 0.020 0.022 0.025 0.029 0.033 0.036 0.039 0.040 0.042 0.044 0.049 0.060 0.078 0.112 0.174 0.292 0.517 0.892 1.426 2.160 3.008 3.607
2.817 2.995 3.143 3.256 3.343 3.414 3.509 3.630 3.694 3.718 3.730 3.726 3.689 3.607 3.445 3.164 2.858 2.677 2.618 2.621 2.641 2.662 2.696 2.727 2.719 2.641 2.394 1.876 1.125 0.561 0.269 0.138 0.079 0.051 0.037 0.030 0.026 0.024 0.023 0.022 0.020 0.018 0.017 0.015 0.015 0.014 0.014 0.015 0.015 0.016 0.017 0.019 0.021 0.024 0.028 0.032 0.037 0.043 0.050 0.059 0.067 0.073 0.077 0.082 0.089 0.106 0.136 0.189 0.272 0.393 0.573 0.835 1.158 1.561 2.170 2.926 3.454
2.845 3.006 3.143 3.257 3.363 3.482 3.670 3.938 4.089 4.120 4.107 4.055 3.967 3.839 3.643 3.361 3.058 2.854 2.770 2.762 2.789 2.868 3.004 3.107 3.139 3.100 2.872 2.347 1.537 0.839 0.429 0.225 0.128 0.080 0.056 0.045 0.039 0.037 0.035 0.034 0.032 0.027 0.023 0.021 0.019 0.019 0.019 0.019 0.020 0.021 0.024 0.028 0.034 0.041 0.049 0.059 0.071 0.087 0.107 0.129 0.148 0.164 0.178 0.195 0.223 0.272 0.356 0.482 0.631 0.786 0.942 1.098 1.269 1.543 2.000 2.489 2.778
2.834 2.985 3.117 3.242 3.376 3.553 3.846 4.168 4.326 4.347 4.293 4.182 4.055 3.908 3.704 3.464 3.233 3.050 2.953 2.932 2.971 3.148 3.413 3.553 3.581 3.507 3.224 2.655 1.834 1.119 0.640 0.359 0.207 0.130 0.091 0.073 0.065 0.063 0.064 0.064 0.059 0.049 0.037 0.030 0.027 0.025 0.025 0.025 0.027 0.030 0.038 0.050 0.066 0.085 0.106 0.130 0.160 0.207 0.273 0.332 0.377 0.415 0.454 0.507 0.594 0.721 0.888 1.070 1.209 1.273 1.255 1.225 1.259 1.377 1.549 1.647 1.611
2.754 2.907 3.053 3.204 3.384 3.649 4.018 4.303 4.419 4.419 4.337 4.198 4.059 3.909 3.703 3.506 3.360 3.239 3.164 3.156 3.263 3.599 3.966 4.095 4.063 3.870 3.461 2.798 2.000 1.362 0.896 0.562 0.345 0.222 0.159 0.133 0.127 0.132 0.146 0.150 0.142 0.114 0.075 0.053 0.042 0.038 0.036 0.037 0.040 0.050 0.073 0.113 0.162 0.209 0.256 0.310 0.385 0.513 0.679 0.807 0.898 0.967 1.038 1.146 1.320 1.519 1.663 1.723 1.698 1.598 1.426 1.254 1.134 1.031 0.936 0.845 0.736
2.547 2.729 2.917 3.118 3.359 3.702 4.094 4.342 4.427 4.414 4.326 4.185 4.045 3.891 3.682 3.521 3.438 3.400 3.402 3.475 3.722 4.164 4.471 4.540 4.453 4.153 3.601 2.817 2.077 1.532 1.123 0.807 0.564 0.397 0.305 0.271 0.271 0.315 0.382 0.403 0.387 0.312 0.192 0.116 0.080 0.065 0.061 0.061 0.070 0.101 0.173 0.301 0.429 0.527 0.612 0.701 0.835 1.075 1.329 1.466 1.527 1.566 1.616 1.725 1.916 2.080 2.131 2.083 1.942 1.731 1.473 1.186 0.897 0.665 0.512 0.407 0.326
2.133 2.383 2.642 2.917 3.238 3.659 4.071 4.313 4.380 4.355 4.269 4.147 4.017 3.859 3.652 3.523 3.486 3.507 3.602 3.784 4.105 4.510 4.721 4.757 4.657 4.309 3.655 2.789 2.100 1.608 1.240 0.959 0.753 0.618 0.547 0.524 0.564 0.719 0.898 0.958 0.926 0.767 0.493 0.282 0.177 0.131 0.117 0.117 0.143 0.237 0.448 0.760 1.014 1.173 1.275 1.358 1.468 1.641 1.789 1.844 1.839 1.829 1.847 1.931 2.106 2.238 2.257 2.179 1.997 1.743 1.427 1.033 0.670 0.428 0.289 0.211 0.163
1.447 1.783 2.133 2.501 2.912 3.412 3.877 4.156 4.244 4.231 4.172 4.085 3.977 3.822 3.625 3.522 3.511 3.569 3.720 3.953 4.271 4.593 4.757 4.783 4.688 4.327 3.606 2.698 2.048 1.597 1.254 0.999 0.830 0.739 0.712 0.738 0.869 1.150 1.405 1.492 1.456 1.268 0.919 0.585 0.381 0.278 0.242 0.245 0.320 0.572 1.056 1.576 1.915 2.062 2.089 2.051 1.978 1.960 1.965 1.941 1.888 1.847 1.843 1.893 2.029 2.144 2.166 2.104 1.929 1.651 1.268 0.818 0.477 0.277 0.174 0.124 0.098
0.743 1.008 1.349 1.774 2.273 2.848 3.401 3.793 3.993 4.051 4.042 4.000 3.921 3.779 3.597 3.516 3.519 3.598 3.757 3.984 4.242 4.448 4.544 4.549 4.428 4.029 3.258 2.370 1.778 1.404 1.138 0.943 0.817 0.759 0.754 0.819 1.010 1.336 1.597 1.691 1.662 1.488 1.154 0.817 0.607 0.499 0.462 0.484 0.670 1.160 1.846 2.333 2.570 2.634 2.605 2.483 2.276 2.095 1.981 1.885 1.770 1.672 1.618 1.609 1.659 1.732 1.764 1.741 1.618 1.364 0.969 0.566 0.312 0.177 0.113 0.083 0.070
0.308 0.450 0.645 0.921 1.324 1.878 2.522 3.123 3.538 3.762 3.851 3.861 3.819 3.705 3.554 3.495 3.512 3.598 3.725 3.844 3.894 3.856 3.774 3.663 3.453 3.008 2.279 1.573 1.144 0.915 0.790 0.715 0.676 0.675 0.708 0.807 1.018 1.342 1.580 1.673 1.655 1.504 1.202 0.896 0.716 0.637 0.628 0.703 0.993 1.598 2.281 2.670 2.817 2.836 2.789 2.647 2.402 2.122 1.872 1.638 1.406 1.215 1.087 1.023 1.005 1.020 1.046 1.052 1.005 0.849 0.578 0.331 0.190 0.115 0.079 0.063 0.056
0.104 0.160 0.245 0.375 0.580 0.901 1.376 2.013 2.664 3.172 3.466 3.576 3.581 3.524 3.438 3.412 3.440 3.496 3.495 3.343 3.031 2.657 2.323 2.045 1.758 1.410 0.990 0.657 0.473 0.392 0.364 0.363 0.386 0.439 0.526 0.666 0.890 1.168 1.356 1.434 1.429 1.330 1.109 0.868 0.727 0.676 0.687 0.803 1.131 1.737 2.348 2.676 2.779 2.784 2.740 2.616 2.382 2.022 1.587 1.195 0.881 0.672 0.553 0.497 0.482 0.483 0.490 0.491 0.473 0.410 0.291 0.180 0.114 0.078 0.061 0.052 0.049
0.035 0.052 0.079 0.123 0.201 0.338 0.564 0.909 1.426 2.078 2.668 2.991 3.111 3.146 3.153 3.166 3.175 3.102 2.845 2.320 1.716 1.267 0.981 0.783 0.619 0.463 0.314 0.213 0.160 0.143 0.142 0.148 0.167 0.204 0.269 0.387 0.570 0.749 0.855 0.903 0.909 0.879 0.794 0.692 0.639 0.636 0.675 0.813 1.128 1.641 2.091 2.308 2.365 2.370 2.352 2.285 2.089 1.689 1.146 0.747 0.508 0.364 0.282 0.245 0.232 0.230 0.229 0.225 0.214 0.188 0.144 0.100 0.074 0.058 0.050 0.046 0.045
0.014 0.019 0.028 0.041 0.063 0.104 0.178 0.308 0.538 0.931 1.489 1.997 2.318 2.498 2.586 2.612 2.545 2.262 1.720 1.127 0.713 0.471 0.335 0.252 0.192 0.141 0.101 0.075 0.063 0.060 0.061 0.065 0.074 0.090 0.120 0.174 0.262 0.339 0.380 0.397 0.400 0.397 0.387 0.385 0.412 0.469 0.559 0.710 0.944 1.203 1.359 1.418 1.434 1.458 1.493 1.498 1.398 1.100 0.699 0.448 0.303 0.215 0.164 0.138 0.127 0.122 0.118 0.114 0.106 0.094 0.078 0.063 0.054 0.048 0.045 0.043 0.043
0.008 0.010 0.013 0.017 0.024 0.034 0.054 0.088 0.158 0.313 0.599 0.971 1.300 1.536 1.652 1.657 1.526 1.207 0.773 0.439 0.252 0.161 0.115 0.089 0.071 0.056 0.045 0.037 0.034 0.034 0.035 0.037 0.040 0.047 0.058 0.079 0.113 0.141 0.154 0.159 0.159 0.160 0.163 0.172 0.195 0.242 0.326 0.432 0.518 0.558 0.570 0.573 0.581 0.605 0.655 0.688 0.675 0.573 0.398 0.270 0.191 0.140 0.108 0.090 0.081 0.076 0.071 0.066 0.061 0.056 0.051 0.048 0.045 0.044 0.042 0.042 0.042
0.005 0.006 0.008 0.009 0.012 0.015 0.021 0.030 0.048 0.090 0.188 0.360 0.562 0.706 0.768 0.767 0.692 0.513 0.293 0.158 0.093 0.064 0.050 0.043 0.037 0.033 0.029 0.026 0.025 0.025 0.025 0.026 0.027 0.030 0.035 0.043 0.055 0.064 0.069 0.070 0.071 0.071 0.074 0.079 0.090 0.110 0.145 0.181 0.199 0.204 0.205 0.206 0.211 0.223 0.252 0.283 0.293 0.277 0.226 0.171 0.129 0.099 0.078 0.065 0.058 0.054 0.050 0.046 0.043 0.041 0.041 0.042 0.042 0.042 0.042 0.042 0.042
0.004 0.004 0.005 0.006 0.008 0.009 0.011 0.014 0.020 0.030 0.056 0.110 0.191 0.250 0.275 0.276 0.251 0.185 0.106 0.062 0.042 0.033 0.029 0.027 0.026 0.024 0.022 0.021 0.020 0.020 0.020 0.021 0.021 0.023 0.025 0.028 0.033 0.036 0.037 0.038 0.039 0.039 0.040 0.043 0.047 0.054 0.065 0.074 0.078 0.079 0.080 0.082 0.085 0.090 0.102 0.122 0.136 0.140 0.133 0.115 0.093 0.074 0.060 0.051 0.045 0.042 0.038 0.036 0.035 0.035 0.037 0.040 0.041 0.042 0.042 0.042 0.042
0.002 0.003 0.004 0.004 0.005 0.006 0.008 0.009 0.011 0.015 0.022 0.036 0.061 0.079 0.087 0.088 0.083 0.067 0.044 0.030 0.025 0.022 0.021 0.021 0.020 0.020 0.019 0.018 0.017 0.017 0.017 0.018 0.018 0.018 0.019 0.021 0.023 0.024 0.025 0.025 0.026 0.026 0.027 0.028 0.030 0.033 0.036 0.038 0.038 0.039 0.040 0.042 0.044 0.047 0.052 0.062 0.074 0.082 0.084 0.081 0.070 0.058 0.048 0.042 0.037 0.034 0.032 0.031 0.031 0.032 0.036 0.039 0.041 0.042 0.042 0.042 0.043
0.001 0.002 0.002 0.003 0.004 0.005 0.005 0.007 0.008 0.010 0.012 0.017 0.024 0.030 0.032 0.033 0.032 0.029 0.023 0.019 0.017 0.017 0.016 0.016 0.016 0.016 0.016 0.015 0.015 0.015 0.015 0.015 0.015 0.016 0.016 0.017 0.018 0.019 0.019 0.019 0.020 0.020 0.021 0.022 0.023 0.024 0.025 0.025 0.025 0.026 0.027 0.028 0.030 0.032 0.035 0.040 0.048 0.055 0.059 0.058 0.054 0.046 0.040 0.035 0.032 0.030 0.029 0.029 0.029 0.032 0.035 0.039 0.041 0.042 0.043 0.044 0.046
