RESULTS/r.avaflow_results/14b_results/14b_ascii/14b_hflow0043.asc
ncols 506
nrows 317
xllcenter 498237.50
yllcenter 5580050.00
cellsize 12.50
NODATA_value -9999.000
[rows 204 to 237 of 317, columns 0 to 75 of 506]
0.000 0.000 0.000 0.000 0.000 0.000 0.000 0.000 0.000 0.000 0.000 0.000 0.000 0.000 0.000 0.000 0.000 0.000 0.000 0.000 0.000 0.000 0.000 0.000 0.000 0.000 0.000 0.000 0.000 0.000 0.000 0.000 0.000 0.000 0.000 0.000 0.000 0.000 0.000 0.000 0.000 0.000 0.000 0.001 0.001 0.001 0.003 0.011 0.040 0.125 0.293 0.524 0.751 0.920 1.039 1.129 1.195 1.240 1.265 1.271 1.259 1.217 1.143 1.036 0.901 0.765 0.652 0.556 0.470 0.393 0.322 0.259 0.204 0.159 0.124 0.097
0.000 0.000 0.000 0.000 0.000 0.000 0.000 0.000 0.000 0.000 0.000 0.000 0.000 0.000 0.000 0.000 0.000 0.000 0.000 0.000 0.000 0.000 0.000 0.000 0.000 0.000 0.000 0.000 0.000 0.000 0.000 0.000 0.000 0.000 0.000 0.000 0.000 0.000 0.000 0.000 0.000 0.000 0.000 0.001 0.001 0.001 0.001 0.002 0.007 0.024 0.071 0.164 0.301 0.453 0.606 0.753 0.893 1.013 1.089 1.121 1.122 1.096 1.039 0.954 0.845 0.728 0.628 0.542 0.464 0.391 0.323 0.259 0.202 0.153 0.115 0.086
0.000 0.000 0.000 0.000 0.000 0.000 0.000 0.000 0.000 0.000 0.000 0.000 0.000 0.000 0.000 0.000 0.000 0.000 0.000 0.000 0.000 0.000 0.000 0.000 0.000 0.000 0.000 0.000 0.000 0.000 0.000 0.000 0.000 0.000 0.000 0.000 0.000 0.000 0.000 0.000 0.000 0.001 0.001 0.001 0.001 0.001 0.001 0.002 0.002 0.005 0.013 0.035 0.077 0.138 0.215 0.311 0.440 0.602 0.740 0.809 0.828 0.824 0.804 0.768 0.717 0.652 0.584 0.518 0.452 0.388 0.324 0.261 0.203 0.152 0.111 0.079
0.000 0.000 0.000 0.000 0.000 0.000 0.000 0.000 0.000 0.000 0.000 0.000 0.000 0.000 0.000 0.000 0.000 0.000 0.000 0.000 0.000 0.000 0.000 0.000 0.000 0.000 0.000 0.000 0.000 0.000 0.000 0.000 0.000 0.000 0.000 0.000 0.000 0.000 0.000 0.000 0.001 0.001 0.002 0.002 0.002 0.002 0.002 0.002 0.002 0.002 0.004 0.008 0.017 0.034 0.058 0.095 0.159 0.266 0.393 0.478 0.515 0.532 0.544 0.550 0.547 0.536 0.513 0.478 0.433 0.381 0.325 0.266 0.208 0.156 0.112 0.078
0.000 0.000 0.000 0.000 0.000 0.000 0.000 0.000 0.000 0.000 0.000 0.000 0.000 0.000 0.000 0.000 0.000 0.000 0.000 0.000 0.000 0.000 0.000 0.000 0.000 0.000 0.000 0.000 0.000 0.000 0.000 0.000 0.000 0.000 0.000 0.000 0.000 0.000 0.000 0.001 0.002 0.002 0.002 0.002 0.002 0.002 0.002 0.002 0.002 0.002 0.003 0.004 0.007 0.010 0.017 0.029 0.053 0.107 0.198 0.283 0.335 0.370 0.401 0.426 0.441 0.446 0.442 0.428 0.404 0.370 0.326 0.275 0.218 0.164 0.118 0.081
0.000 0.000 0.000 0.000 0.000 0.000 0.000 0.000 0.000 0.000 0.000 0.000 0.000 0.000 0.000 0.000 0.000 0.000 0.000 0.000 0.000 0.000 0.000 0.000 0.000 0.000 0.000 0.000 0.000 0.000 0.000 0.000 0.000 0.000 0.000 0.000 0.000 0.000 0.001 0.002 0.003 0.004 0.004 0.003 0.003 0.003 0.003 0.003 0.003 0.003 0.004 0.004 0.005 0.007 0.009 0.013 0.023 0.051 0.109 0.187 0.251 0.299 0.338 0.368 0.387 0.394 0.394 0.389 0.376 0.354 0.324 0.284 0.234 0.180 0.131 0.091
0.000 0.000 0.000 0.000 0.000 0.000 0.000 0.000 0.000 0.000 0.000 0.000 0.000 0.000 0.000 0.000 0.000 0.000 0.000 0.000 0.000 0.000 0.000 0.000 0.000 0.000 0.000 0.000 0.000 0.000 0.000 0.000 0.000 0.000 0.000 0.000 0.000 0.001 0.002 0.004 0.005 0.005 0.005 0.005 0.005 0.004 0.004 0.004 0.004 0.005 0.005 0.005 0.006 0.007 0.008 0.011 0.017 0.034 0.074 0.141 0.214 0.269 0.310 0.338 0.355 0.362 0.364 0.362 0.355 0.341 0.320 0.290 0.250 0.201 0.150 0.107
0.000 0.000 0.000 0.000 0.000 0.000 0.000 0.000 0.000 0.000 0.000 0.000 0.000 0.000 0.000 0.000 0.000 0.000 0.000 0.000 0.000 0.000 0.000 0.000 0.000 0.000 0.000 0.000 0.000 0.000 0.000 0.000 0.000 0.000 0.000 0.000 0.001 0.002 0.004 0.006 0.007 0.008 0.008 0.007 0.007 0.006 0.006 0.006 0.006 0.007 0.008 0.008 0.008 0.009 0.009 0.011 0.016 0.030 0.062 0.120 0.196 0.253 0.293 0.320 0.335 0.343 0.345 0.345 0.342 0.333 0.317 0.294 0.261 0.219 0.170 0.126
0.000 0.000 0.000 0.000 0.000 0.000 0.000 0.000 0.000 0.000 0.000 0.000 0.000 0.000 0.000 0.000 0.000 0.000 0.000 0.000 0.000 0.000 0.000 0.000 0.000 0.000 0.000 0.000 0.000 0.000 0.000 0.000 0.000 0.000 0.000 0.001 0.001 0.003 0.006 0.009 0.011 0.011 0.011 0.011 0.011 0.010 0.010 0.010 0.010 0.011 0.012 0.012 0.012 0.012 0.013 0.014 0.018 0.030 0.060 0.113 0.186 0.243 0.282 0.308 0.324 0.332 0.335 0.336 0.334 0.328 0.316 0.297 0.268 0.230 0.185 0.142
0.000 0.000 0.000 0.000 0.000 0.000 0.000 0.000 0.000 0.000 0.000 0.000 0.000 0.000 0.000 0.000 0.000 0.000 0.000 0.000 0.000 0.000 0.000 0.000 0.000 0.000 0.000 0.000 0.000 0.000 0.000 0.000 0.000 0.000 0.001 0.001 0.003 0.005 0.008 0.012 0.014 0.016 0.017 0.017 0.017 0.016 0.016 0.015 0.016 0.016 0.018 0.019 0.019 0.019 0.019 0.019 0.023 0.034 0.062 0.112 0.181 0.237 0.275 0.301 0.317 0.326 0.330 0.331 0.330 0.326 0.316 0.298 0.272 0.237 0.195 0.153
0.000 0.000 0.000 0.000 0.000 0.000 0.000 0.000 0.000 0.000 0.000 0.000 0.000 0.000 0.000 0.000 0.000 0.000 0.000 0.000 0.000 0.000 0.000 0.000 0.000 0.000 0.000 0.000 0.000 0.000 0.000 0.000 0.000 0.001 0.001 0.003 0.005 0.007 0.010 0.015 0.019 0.022 0.024 0.025 0.026 0.026 0.025 0.025 0.025 0.025 0.027 0.028 0.028 0.028 0.028 0.028 0.031 0.042 0.068 0.114 0.179 0.233 0.271 0.297 0.313 0.323 0.327 0.328 0.327 0.324 0.314 0.298 0.273 0.241 0.202 0.159
0.000 0.000 0.000 0.000 0.000 0.000 0.000 0.000 0.000 0.000 0.000 0.000 0.000 0.000 0.000 0.000 0.000 0.000 0.000 0.000 0.000 0.000 0.000 0.000 0.000 0.000 0.000 0.000 0.000 0.000 0.000 0.000 0.001 0.001 0.003 0.005 0.007 0.010 0.014 0.019 0.025 0.030 0.034 0.037 0.038 0.039 0.039 0.039 0.039 0.039 0.040 0.041 0.042 0.042 0.042 0.042 0.045 0.055 0.079 0.122 0.181 0.232 0.269 0.295 0.311 0.320 0.324 0.326 0.325 0.322 0.313 0.297 0.273 0.243 0.205 0.163
0.000 0.000 0.000 0.000 0.000 0.000 0.000 0.000 0.000 0.000 0.000 0.000 0.000 0.000 0.000 0.000 0.000 0.000 0.000 0.000 0.000 0.000 0.000 0.000 0.000 0.000 0.000 0.000 0.000 0.000 0.000 0.001 0.001 0.003 0.005 0.007 0.010 0.014 0.018 0.024 0.032 0.039 0.046 0.051 0.055 0.057 0.058 0.058 0.059 0.059 0.059 0.060 0.061 0.062 0.062 0.063 0.065 0.074 0.096 0.135 0.187 0.234 0.269 0.294 0.310 0.319 0.323 0.324 0.324 0.320 0.311 0.296 0.273 0.244 0.207 0.165
0.000 0.000 0.000 0.000 0.000 0.000 0.000 0.000 0.000 0.000 0.000 0.000 0.000 0.000 0.000 0.000 0.000 0.000 0.000 0.000 0.000 0.000 0.000 0.000 0.000 0.000 0.000 0.000 0.000 0.000 0.001 0.001 0.003 0.005 0.007 0.011 0.014 0.019 0.024 0.031 0.040 0.050 0.060 0.069 0.075 0.079 0.082 0.083 0.084 0.085 0.085 0.086 0.088 0.089 0.089 0.090 0.093 0.100 0.119 0.153 0.198 0.239 0.271 0.294 0.309 0.318 0.322 0.323 0.322 0.319 0.310 0.294 0.272 0.243 0.207 0.165
0.000 0.000 0.000 0.000 0.000 0.000 0.000 0.000 0.000 0.000 0.000 0.000 0.000 0.000 0.000 0.000 0.000 0.000 0.000 0.000 0.000 0.000 0.000 0.000 0.000 0.000 0.000 0.000 0.000 0.000 0.001 0.003 0.005 0.007 0.011 0.014 0.019 0.025 0.032 0.040 0.050 0.062 0.076 0.090 0.100 0.107 0.111 0.114 0.115 0.116 0.118 0.119 0.120 0.122 0.124 0.126 0.129 0.136 0.150 0.177 0.213 0.250 0.277 0.297 0.311 0.318 0.322 0.322 0.322 0.318 0.309 0.293 0.270 0.242 0.206 0.165
0.000 0.000 0.000 0.000 0.000 0.000 0.000 0.000 0.000 0.000 0.000 0.000 0.000 0.000 0.000 0.000 0.000 0.000 0.000 0.000 0.000 0.000 0.000 0.000 0.000 0.000 0.000 0.000 0.000 0.001 0.003 0.005 0.007 0.010 0.014 0.019 0.025 0.032 0.040 0.049 0.061 0.075 0.090 0.107 0.123 0.135 0.143 0.149 0.152 0.154 0.156 0.157 0.159 0.162 0.165 0.169 0.173 0.180 0.191 0.209 0.236 0.265 0.287 0.304 0.315 0.321 0.323 0.323 0.322 0.317 0.307 0.291 0.268 0.239 0.204 0.163
0.000 0.000 0.000 0.000 0.000 0.000 0.000 0.000 0.000 0.000 0.000 0.000 0.000 0.000 0.000 0.000 0.000 0.000 0.000 0.000 0.000 0.000 0.000 0.000 0.000 0.000 0.000 0.000 0.001 0.002 0.004 0.007 0.010 0.014 0.019 0.025 0.031 0.039 0.049 0.060 0.072 0.086 0.103 0.121 0.140 0.157 0.170 0.180 0.186 0.191 0.194 0.197 0.201 0.204 0.208 0.213 0.219 0.226 0.235 0.248 0.266 0.285 0.302 0.314 0.322 0.326 0.327 0.326 0.323 0.317 0.305 0.287 0.264 0.234 0.198 0.157
0.000 0.000 0.000 0.000 0.000 0.000 0.000 0.000 0.000 0.000 0.000 0.000 0.000 0.000 0.000 0.000 0.000 0.000 0.000 0.000 0.000 0.000 0.000 0.000 0.000 0.000 0.000 0.001 0.002 0.004 0.006 0.009 0.013 0.018 0.023 0.030 0.038 0.047 0.057 0.069 0.082 0.097 0.114 0.132 0.152 0.173 0.191 0.205 0.215 0.222 0.227 0.232 0.236 0.241 0.246 0.251 0.258 0.266 0.275 0.287 0.299 0.311 0.320 0.328 0.332 0.334 0.334 0.331 0.326 0.317 0.303 0.283 0.258 0.226 0.189 0.148
0.000 0.000 0.000 0.000 0.000 0.000 0.000 0.000 0.000 0.000 0.000 0.000 0.000 0.000 0.000 0.000 0.000 0.000 0.000 0.000 0.000 0.000 0.000 0.000 0.000 0.000 0.000 0.001 0.003 0.005 0.008 0.011 0.016 0.021 0.028 0.035 0.043 0.053 0.064 0.077 0.090 0.106 0.123 0.141 0.161 0.183 0.206 0.225 0.239 0.248 0.256 0.261 0.267 0.272 0.278 0.284 0.292 0.300 0.310 0.319 0.328 0.335 0.341 0.344 0.346 0.345 0.342 0.338 0.330 0.317 0.300 0.278 0.250 0.215 0.176 0.135
0.000 0.000 0.000 0.000 0.000 0.000 0.000 0.000 0.000 0.000 0.000 0.000 0.000 0.000 0.000 0.000 0.000 0.000 0.000 0.000 0.000 0.000 0.000 0.000 0.000 0.000 0.001 0.002 0.003 0.006 0.009 0.013 0.018 0.024 0.031 0.039 0.048 0.059 0.071 0.084 0.098 0.114 0.130 0.148 0.168 0.190 0.215 0.238 0.257 0.270 0.279 0.286 0.293 0.299 0.306 0.313 0.321 0.330 0.339 0.346 0.352 0.356 0.360 0.361 0.361 0.358 0.352 0.343 0.331 0.316 0.296 0.270 0.239 0.201 0.158 0.117
0.000 0.000 0.000 0.000 0.000 0.000 0.000 0.000 0.000 0.000 0.000 0.000 0.000 0.000 0.000 0.000 0.000 0.000 0.000 0.000 0.000 0.000 0.000 0.000 0.000 0.000 0.001 0.002 0.004 0.007 0.010 0.015 0.020 0.027 0.034 0.043 0.053 0.064 0.076 0.090 0.104 0.120 0.137 0.155 0.174 0.196 0.220 0.246 0.270 0.287 0.298 0.307 0.315 0.323 0.331 0.339 0.347 0.355 0.363 0.369 0.373 0.375 0.376 0.376 0.374 0.368 0.360 0.347 0.331 0.312 0.289 0.260 0.224 0.182 0.137 0.097
0.000 0.000 0.000 0.000 0.000 0.000 0.000 0.000 0.000 0.000 0.000 0.000 0.000 0.000 0.000 0.000 0.000 0.000 0.000 0.000 0.000 0.000 0.000 0.000 0.000 0.000 0.001 0.002 0.004 0.007 0.011 0.016 0.022 0.029 0.037 0.046 0.056 0.068 0.081 0.095 0.110 0.126 0.143 0.161 0.180 0.200 0.223 0.249 0.277 0.298 0.312 0.324 0.334 0.343 0.352 0.361 0.369 0.377 0.383 0.388 0.390 0.391 0.390 0.388 0.383 0.376 0.364 0.348 0.329 0.306 0.278 0.245 0.204 0.157 0.114 0.079
0.000 0.000 0.000 0.000 0.000 0.000 0.000 0.000 0.000 0.000 0.000 0.000 0.000 0.000 0.000 0.000 0.000 0.000 0.000 0.000 0.000 0.000 0.000 0.000 0.000 0.000 0.001 0.002 0.005 0.008 0.012 0.017 0.023 0.031 0.039 0.049 0.059 0.072 0.085 0.099 0.115 0.131 0.148 0.166 0.185 0.205 0.226 0.250 0.278 0.304 0.323 0.339 0.351 0.362 0.372 0.381 0.389 0.396 0.401 0.404 0.405 0.404 0.402 0.398 0.391 0.380 0.366 0.347 0.325 0.298 0.265 0.226 0.179 0.132 0.094 0.064
0.000 0.000 0.000 0.000 0.000 0.000 0.000 0.000 0.000 0.000 0.000 0.000 0.000 0.000 0.000 0.000 0.000 0.000 0.000 0.000 0.000 0.000 0.000 0.000 0.000 0.000 0.001 0.002 0.005 0.009 0.013 0.018 0.025 0.032 0.041 0.051 0.062 0.074 0.088 0.102 0.118 0.135 0.153 0.171 0.190 0.210 0.230 0.251 0.277 0.307 0.331 0.351 0.367 0.379 0.390 0.398 0.406 0.411 0.415 0.416 0.416 0.415 0.411 0.405 0.396 0.383 0.366 0.344 0.318 0.287 0.249 0.203 0.153 0.110 0.077 0.053
0.000 0.000 0.000 0.000 0.000 0.000 0.000 0.000 0.000 0.000 0.000 0.000 0.000 0.000 0.000 0.000 0.000 0.000 0.000 0.000 0.000 0.000 0.000 0.000 0.000 0.000 0.001 0.003 0.005 0.009 0.013 0.019 0.026 0.033 0.042 0.052 0.064 0.076 0.090 0.105 0.121 0.138 0.156 0.175 0.194 0.214 0.234 0.255 0.279 0.308 0.338 0.362 0.380 0.394 0.405 0.414 0.420 0.424 0.426 0.426 0.426 0.423 0.419 0.411 0.399 0.383 0.364 0.340 0.310 0.274 0.229 0.178 0.130 0.092 0.064 0.045
0.000 0.000 0.000 0.000 0.000 0.000 0.000 0.000 0.000 0.000 0.000 0.000 0.000 0.000 0.000 0.000 0.000 0.000 0.000 0.000 0.000 0.000 0.000 0.000 0.000 0.000 0.001 0.003 0.005 0.009 0.014 0.020 0.026 0.034 0.043 0.054 0.065 0.078 0.092 0.107 0.123 0.140 0.158 0.177 0.197 0.218 0.239 0.261 0.284 0.312 0.343 0.370 0.391 0.407 0.418 0.426 0.431 0.435 0.435 0.435 0.433 0.430 0.424 0.414 0.400 0.382 0.360 0.333 0.298 0.257 0.206 0.154 0.111 0.078 0.055 0.042
0.000 0.000 0.000 0.000 0.000 0.000 0.000 0.000 0.000 0.000 0.000 0.000 0.000 0.000 0.000 0.000 0.000 0.000 0.000 0.000 0.000 0.000 0.000 0.000 0.000 0.000 0.001 0.003 0.006 0.009 0.014 0.020 0.027 0.035 0.044 0.055 0.067 0.079 0.093 0.108 0.124 0.141 0.160 0.179 0.199 0.220 0.242 0.265 0.289 0.316 0.347 0.376 0.399 0.415 0.427 0.434 0.439 0.442 0.443 0.442 0.440 0.436 0.428 0.416 0.400 0.380 0.354 0.323 0.284 0.236 0.182 0.134 0.096 0.068 0.051 0.044
0.000 0.000 0.000 0.000 0.000 0.000 0.000 0.000 0.000 0.000 0.000 0.000 0.000 0.000 0.000 0.000 0.000 0.000 0.000 0.000 0.000 0.000 0.000 0.000 0.000 0.000 0.001 0.003 0.006 0.010 0.014 0.020 0.028 0.036 0.045 0.056 0.067 0.080 0.094 0.109 0.125 0.142 0.161 0.180 0.200 0.221 0.244 0.267 0.292 0.319 0.350 0.379 0.403 0.421 0.433 0.441 0.445 0.447 0.448 0.448 0.445 0.440 0.431 0.417 0.399 0.375 0.346 0.310 0.266 0.213 0.160 0.117 0.084 0.063 0.052 0.057
0.000 0.000 0.000 0.000 0.000 0.000 0.000 0.000 0.000 0.000 0.000 0.000 0.000 0.000 0.000 0.000 0.000 0.000 0.000 0.000 0.000 0.000 0.000 0.000 0.000 0.000 0.001 0.003 0.006 0.010 0.015 0.021 0.028 0.036 0.046 0.056 0.068 0.081 0.095 0.110 0.126 0.143 0.161 0.181 0.201 0.222 0.244 0.268 0.293 0.320 0.351 0.380 0.404 0.424 0.437 0.445 0.449 0.451 0.451 0.451 0.448 0.442 0.432 0.417 0.396 0.370 0.336 0.295 0.244 0.189 0.140 0.103 0.076 0.061 0.058 0.111
0.000 0.000 0.000 0.000 0.000 0.000 0.000 0.000 0.000 0.000 0.000 0.000 0.000 0.000 0.000 0.000 0.000 0.000 0.000 0.000 0.000 0.000 0.000 0.000 0.000 0.000 0.001 0.003 0.006 0.010 0.015 0.021 0.028 0.037 0.046 0.057 0.069 0.081 0.095 0.110 0.126 0.144 0.162 0.181 0.201 0.222 0.244 0.268 0.293 0.320 0.350 0.379 0.404 0.424 0.439 0.448 0.452 0.453 0.454 0.453 0.449 0.443 0.432 0.415 0.392 0.362 0.323 0.276 0.221 0.166 0.123 0.092 0.072 0.064 0.081 0.246
0.000 0.000 0.000 0.000 0.000 0.000 0.000 0.000 0.000 0.000 0.000 0.000 0.000 0.000 0.000 0.000 0.000 0.000 0.000 0.000 0.000 0.000 0.000 0.000 0.000 0.000 0.001 0.003 0.006 0.010 0.015 0.021 0.029 0.037 0.047 0.057 0.069 0.082 0.096 0.111 0.127 0.144 0.162 0.181 0.201 0.222 0.244 0.268 0.293 0.319 0.348 0.377 0.402 0.424 0.439 0.449 0.453 0.455 0.455 0.453 0.450 0.442 0.430 0.411 0.386 0.352 0.309 0.256 0.198 0.148 0.110 0.085 0.072 0.076 0.166 0.514
0.000 0.000 0.000 0.000 0.000 0.000 0.000 0.000 0.000 0.000 0.000 0.000 0.000 0.000 0.000 0.000 0.000 0.000 0.000 0.000 0.000 0.000 0.000 0.000 0.000 0.000 0.001 0.003 0.006 0.010 0.015 0.021 0.029 0.037 0.047 0.058 0.069 0.082 0.096 0.111 0.127 0.144 0.161 0.180 0.200 0.222 0.244 0.267 0.291 0.317 0.344 0.372 0.398 0.421 0.438 0.448 0.454 0.455 0.455 0.453 0.449 0.440 0.426 0.405 0.377 0.339 0.291 0.234 0.177 0.132 0.100 0.081 0.076 0.116 0.361 0.810
0.000 0.000 0.000 0.000 0.000 0.000 0.000 0.000 0.000 0.000 0.000 0.000 0.000 0.000 0.000 0.000 0.000 0.000 0.000 0.000 0.000 0.000 0.000 0.000 0.000 0.000 0.001 0.003 0.006 0.010 0.015 0.022 0.029 0.038 0.047 0.058 0.070 0.082 0.096 0.111 0.127 0.144 0.161 0.180 0.199 0.220 0.242 0.264 0.288 0.313 0.339 0.366 0.392 0.415 0.434 0.447 0.453 0.454 0.454 0.452 0.446 0.436 0.419 0.396 0.365 0.323 0.271 0.211 0.159 0.119 0.094 0.082 0.090 0.212 0.588 0.961
0.000 0.000 0.000 0.000 0.000 0.000 0.000 0.000 0.000 0.000 0.000 0.000 0.000 0.000 0.000 0.000 0.000 0.000 0.000 0.000 0.000 0.000 0.000 0.000 0.000 0.000 0.001 0.003 0.006 0.010 0.016 0.022 0.030 0.038 0.048 0.058 0.070 0.082 0.096 0.111 0.126 0.143 0.161 0.179 0.198 0.218 0.239 0.260 0.283 0.306 0.331 0.356 0.382 0.406 0.428 0.444 0.451 0.453 0.452 0.448 0.441 0.428 0.410 0.384 0.349 0.304 0.247 0.188 0.142 0.109 0.090 0.089 0.151 0.410 0.781 0.989
