RESULTS/r.avaflow_results/14b_results/14b_ascii/14b_hflow0036.asc
ncols 506
nrows 317
xllcenter 498237.50
yllcenter 5580050.00
cellsize 12.50
NODATA_value -9999.000
[rows 204 to 237 of 317, columns 76 to 151 of 506]
0.111 0.083 0.060 0.042 0.029 0.019 0.013 0.010 0.010 0.013 0.040 0.183 0.770 2.227 4.104 5.316 6.239 7.157 8.068 8.969 9.826 10.656 11.475 12.203 12.769 13.149 13.385 13.528 13.566 13.577 13.560 13.472 13.364 13.237 13.133 13.095 13.103 13.173 13.295 13.512 13.772 14.011 14.161 14.231 14.238 14.209 14.128 14.022 13.836 13.614 13.289 12.828 12.187 11.377 10.430 9.393 8.394 7.450 6.501 5.565 4.683 3.989 3.505 3.206 3.071 3.059 3.036 2.974 2.858 2.670 2.384 2.079 1.913 1.901 2.033 2.373
0.096 0.071 0.051 0.036 0.025 0.017 0.012 0.010 0.009 0.010 0.027 0.134 0.623 1.952 3.810 4.987 5.821 6.648 7.478 8.296 9.093 9.859 10.629 11.332 11.907 12.307 12.600 12.801 12.845 12.844 12.809 12.685 12.512 12.299 12.111 11.994 11.923 11.926 11.976 12.097 12.297 12.583 12.793 12.926 12.965 12.962 12.884 12.771 12.527 12.212 11.797 11.243 10.463 9.462 8.298 7.017 5.785 4.659 3.691 2.907 2.313 1.943 1.783 1.797 1.974 2.202 2.317 2.346 2.318 2.229 2.053 1.864 1.798 1.863 2.137 2.665
0.083 0.058 0.041 0.029 0.021 0.016 0.012 0.009 0.007 0.007 0.011 0.058 0.355 1.381 3.135 4.410 5.226 5.976 6.713 7.432 8.133 8.797 9.438 10.017 10.538 10.966 11.309 11.564 11.673 11.728 11.727 11.644 11.491 11.269 11.027 10.820 10.669 10.601 10.590 10.640 10.762 11.009 11.318 11.557 11.659 11.668 11.608 11.461 11.182 10.771 10.228 9.484 8.524 7.339 5.932 4.514 3.313 2.359 1.656 1.185 0.916 0.817 0.859 1.042 1.367 1.647 1.806 1.882 1.906 1.887 1.812 1.734 1.745 1.916 2.307 2.885
0.079 0.054 0.037 0.026 0.020 0.015 0.012 0.009 0.007 0.005 0.006 0.019 0.137 0.717 2.091 3.525 4.418 5.118 5.762 6.366 6.924 7.429 7.892 8.321 8.753 9.207 9.623 9.909 10.076 10.217 10.313 10.315 10.241 10.069 9.844 9.588 9.367 9.228 9.138 9.126 9.190 9.374 9.725 10.085 10.271 10.314 10.264 10.078 9.714 9.122 8.328 7.313 6.115 4.789 3.473 2.376 1.530 0.942 0.590 0.419 0.367 0.397 0.508 0.732 1.040 1.271 1.419 1.517 1.576 1.605 1.611 1.625 1.713 1.956 2.371 2.922
0.083 0.055 0.037 0.026 0.020 0.015 0.011 0.008 0.006 0.004 0.004 0.007 0.044 0.296 1.085 2.340 3.377 4.093 4.656 5.129 5.521 5.837 6.091 6.338 6.636 7.052 7.540 7.890 8.123 8.327 8.519 8.636 8.693 8.648 8.517 8.283 8.015 7.784 7.602 7.510 7.506 7.612 7.932 8.399 8.713 8.832 8.789 8.530 7.979 7.110 5.945 4.685 3.521 2.498 1.635 0.984 0.556 0.320 0.217 0.191 0.211 0.275 0.399 0.595 0.826 0.996 1.116 1.211 1.288 1.353 1.417 1.503 1.664 1.940 2.340 2.827
0.097 0.063 0.041 0.028 0.020 0.015 0.011 0.008 0.006 0.004 0.003 0.004 0.013 0.095 0.452 1.230 2.188 2.934 3.435 3.769 3.981 4.105 4.149 4.153 4.256 4.547 5.017 5.477 5.819 6.077 6.323 6.556 6.759 6.876 6.883 6.770 6.545 6.269 5.989 5.764 5.622 5.586 5.733 6.094 6.492 6.690 6.664 6.341 5.616 4.543 3.364 2.384 1.606 1.007 0.583 0.322 0.186 0.129 0.116 0.130 0.170 0.243 0.355 0.510 0.670 0.787 0.874 0.950 1.025 1.106 1.205 1.343 1.547 1.832 2.197 2.606
0.123 0.082 0.053 0.035 0.024 0.016 0.011 0.008 0.005 0.004 0.003 0.002 0.004 0.024 0.141 0.502 1.153 1.822 2.276 2.525 2.610 2.606 2.526 2.372 2.316 2.408 2.653 3.035 3.458 3.814 4.070 4.267 4.445 4.615 4.742 4.789 4.714 4.513 4.241 3.961 3.674 3.410 3.280 3.345 3.553 3.708 3.702 3.463 2.960 2.253 1.517 0.951 0.557 0.311 0.174 0.108 0.082 0.079 0.090 0.116 0.160 0.227 0.321 0.442 0.549 0.624 0.680 0.729 0.781 0.851 0.958 1.116 1.329 1.592 1.896 2.229
0.159 0.110 0.074 0.048 0.031 0.020 0.013 0.008 0.006 0.004 0.003 0.002 0.002 0.006 0.031 0.149 0.455 0.908 1.281 1.502 1.582 1.571 1.491 1.329 1.195 1.164 1.239 1.450 1.812 2.230 2.510 2.656 2.741 2.821 2.900 2.972 2.992 2.940 2.804 2.596 2.324 1.993 1.696 1.537 1.485 1.484 1.455 1.356 1.164 0.873 0.547 0.312 0.169 0.095 0.062 0.052 0.054 0.064 0.082 0.110 0.151 0.210 0.289 0.380 0.451 0.496 0.525 0.547 0.566 0.595 0.661 0.781 0.942 1.123 1.317 1.549
0.192 0.140 0.099 0.067 0.043 0.027 0.016 0.010 0.006 0.004 0.003 0.002 0.001 0.002 0.006 0.031 0.126 0.332 0.583 0.812 0.998 1.089 1.086 1.002 0.862 0.773 0.762 0.843 1.087 1.504 1.821 1.947 1.970 1.972 1.995 2.055 2.098 2.099 2.045 1.922 1.727 1.456 1.109 0.777 0.568 0.459 0.407 0.377 0.342 0.278 0.179 0.100 0.056 0.037 0.032 0.035 0.044 0.057 0.076 0.104 0.141 0.191 0.256 0.322 0.367 0.391 0.402 0.404 0.396 0.381 0.383 0.410 0.459 0.522 0.596 0.713
0.216 0.161 0.117 0.083 0.057 0.037 0.022 0.013 0.008 0.005 0.003 0.002 0.001 0.001 0.002 0.006 0.028 0.097 0.239 0.472 0.791 1.035 1.132 1.114 0.988 0.837 0.791 0.829 1.030 1.449 1.800 1.924 1.928 1.893 1.887 1.922 1.965 1.971 1.942 1.856 1.703 1.472 1.106 0.608 0.287 0.146 0.099 0.089 0.087 0.080 0.058 0.034 0.022 0.019 0.022 0.028 0.037 0.051 0.070 0.094 0.127 0.168 0.219 0.265 0.293 0.303 0.304 0.295 0.271 0.229 0.193 0.173 0.166 0.171 0.186 0.225
0.231 0.175 0.129 0.093 0.065 0.044 0.028 0.017 0.010 0.006 0.003 0.002 0.001 0.001 0.001 0.002 0.010 0.044 0.147 0.400 0.863 1.335 1.630 1.688 1.504 1.217 1.096 1.109 1.323 1.833 2.277 2.416 2.398 2.299 2.233 2.231 2.249 2.253 2.232 2.165 2.036 1.814 1.340 0.595 0.187 0.056 0.024 0.019 0.020 0.021 0.018 0.012 0.010 0.011 0.015 0.022 0.031 0.044 0.060 0.081 0.106 0.137 0.175 0.206 0.223 0.227 0.223 0.210 0.179 0.130 0.087 0.061 0.049 0.045 0.046 0.053
0.240 0.182 0.135 0.098 0.069 0.047 0.030 0.019 0.011 0.006 0.003 0.002 0.001 0.001 0.001 0.002 0.009 0.039 0.152 0.519 1.261 1.819 1.998 1.952 1.662 1.329 1.191 1.202 1.427 1.969 2.454 2.606 2.577 2.443 2.334 2.309 2.305 2.298 2.271 2.207 2.091 1.879 1.377 0.549 0.126 0.023 0.005 0.004 0.004 0.005 0.005 0.004 0.004 0.006 0.010 0.016 0.024 0.035 0.048 0.063 0.079 0.096 0.118 0.139 0.151 0.154 0.151 0.138 0.109 0.067 0.037 0.021 0.014 0.011 0.010 0.011
0.243 0.185 0.138 0.100 0.070 0.048 0.031 0.019 0.011 0.007 0.004 0.002 0.002 0.002 0.002 0.005 0.020 0.078 0.284 0.771 1.453 1.811 1.821 1.606 1.261 0.987 0.878 0.879 1.035 1.453 1.869 2.016 1.995 1.867 1.740 1.687 1.650 1.608 1.558 1.496 1.416 1.275 0.926 0.350 0.063 0.006 0.001 0.001 0.001 0.001 0.001 0.001 0.002 0.003 0.005 0.009 0.015 0.024 0.032 0.040 0.046 0.052 0.060 0.071 0.082 0.086 0.084 0.075 0.055 0.030 0.014 0.007 0.004 0.002 0.002 0.002
0.244 0.186 0.138 0.100 0.070 0.048 0.031 0.019 0.012 0.007 0.004 0.003 0.004 0.006 0.015 0.045 0.113 0.250 0.472 0.818 1.098 1.109 0.943 0.657 0.438 0.337 0.299 0.296 0.342 0.502 0.695 0.773 0.772 0.717 0.649 0.611 0.576 0.533 0.489 0.453 0.420 0.377 0.272 0.091 0.011 0.001 0.001 0.001 0.001 0.001 0.001 0.001 0.001 0.001 0.002 0.004 0.007 0.012 0.016 0.019 0.021 0.022 0.023 0.027 0.033 0.036 0.035 0.031 0.022 0.011 0.005 0.002 0.001 0.001 0.001 0.001
0.243 0.185 0.137 0.099 0.069 0.046 0.030 0.019 0.012 0.008 0.007 0.011 0.025 0.061 0.130 0.256 0.394 0.484 0.529 0.523 0.428 0.319 0.221 0.138 0.092 0.071 0.063 0.061 0.067 0.101 0.156 0.183 0.186 0.176 0.157 0.144 0.130 0.111 0.094 0.083 0.075 0.066 0.047 0.012 0.001 0.001 0.001 0.001 0.001 0.001 0.001 0.001 0.001 0.001 0.001 0.001 0.002 0.004 0.006 0.007 0.007 0.007 0.007 0.007 0.009 0.010 0.010 0.009 0.006 0.003 0.001 0.001 0.001 0.001 0.001 0.001
0.240 0.181 0.133 0.094 0.065 0.042 0.027 0.018 0.014 0.016 0.036 0.095 0.206 0.362 0.521 0.628 0.621 0.546 0.401 0.236 0.133 0.081 0.052 0.034 0.023 0.016 0.012 0.011 0.011 0.016 0.029 0.036 0.038 0.037 0.034 0.030 0.026 0.020 0.016 0.013 0.011 0.010 0.006 0.001 0.001 0.001 0.001 0.001 0.001 0.001 0.001 0.001 0.001 0.001 0.001 0.001 0.001 0.001 0.002 0.002 0.002 0.002 0.002 0.002 0.002 0.002 0.002 0.002 0.002 0.001 0.001 0.001 0.001 0.001 0.001 0.001
0.233 0.173 0.124 0.086 0.057 0.037 0.026 0.022 0.038 0.118 0.288 0.546 0.796 0.935 0.919 0.792 0.626 0.446 0.254 0.128 0.070 0.043 0.029 0.019 0.011 0.007 0.004 0.002 0.002 0.002 0.004 0.006 0.007 0.007 0.006 0.006 0.005 0.003 0.002 0.002 0.002 0.001 0.001 0.001 0.001 0.001 0.001 0.001 0.001 0.001 0.001 0.001 0.001 0.001 0.001 0.001 0.001 0.001 0.001 0.001 0.001 0.001 0.001 0.001 0.001 0.001 0.001 0.001 0.001 0.001 0.001 0.001 0.001 0.001 0.001 0.001
0.218 0.158 0.110 0.072 0.047 0.034 0.032 0.076 0.274 0.680 1.087 1.351 1.414 1.268 1.018 0.765 0.524 0.319 0.180 0.102 0.062 0.040 0.027 0.017 0.010 0.005 0.002 0.001 0.001 0.001 0.001 0.001 0.001 0.001 0.001 0.001 0.001 0.001 0.001 0.001 0.001 0.001 0.001 0.001 0.001 0.001 0.001 0.001 0.001 0.001 0.001 0.001 0.001 0.001 0.001 0.001 0.001 0.001 0.001 0.001 0.001 0.001 0.001 0.001 0.001 0.001 0.001 0.001 0.001 0.001 0.001 0.001 0.001 0.001 0.001 0.001
0.196 0.137 0.091 0.060 0.042 0.038 0.087 0.412 1.098 1.673 1.893 1.845 1.659 1.355 0.998 0.689 0.448 0.276 0.166 0.102 0.065 0.043 0.029 0.018 0.010 0.005 0.002 0.001 0.001 0.000 0.000 0.000 0.000 0.000 0.000 0.000 0.001 0.001 0.001 0.001 0.001 0.001 0.001 0.001 0.001 0.001 0.001 0.001 0.001 0.001 0.001 0.001 0.001 0.001 0.001 0.001 0.001 0.001 0.001 0.001 0.001 0.001 0.001 0.001 0.001 0.001 0.001 0.001 0.001 0.001 0.001 0.001 0.001 0.001 0.001 0.001
0.166 0.112 0.074 0.052 0.044 0.071 0.353 1.256 2.091 2.304 2.246 2.070 1.783 1.397 0.992 0.671 0.436 0.277 0.177 0.116 0.078 0.052 0.034 0.020 0.010 0.005 0.002 0.001 0.001 0.000 0.000 0.000 0.000 0.000 0.000 0.000 0.000 0.001 0.001 0.001 0.001 0.001 0.001 0.001 0.001 0.001 0.001 0.001 0.001 0.001 0.001 0.001 0.001 0.001 0.001 0.001 0.001 0.001 0.001 0.001 0.001 0.001 0.001 0.001 0.001 0.001 0.001 0.001 0.001 0.001 0.001 0.001 0.001 0.001 0.001 0.001
0.136 0.090 0.062 0.050 0.063 0.273 1.111 2.175 2.588 2.583 2.446 2.213 1.887 1.457 1.022 0.693 0.464 0.315 0.219 0.155 0.107 0.071 0.043 0.023 0.010 0.004 0.002 0.001 0.000 0.000 0.000 0.000 0.000 0.000 0.000 0.000 0.000 0.000 0.001 0.001 0.001 0.001 0.001 0.001 0.001 0.001 0.001 0.001 0.001 0.001 0.001 0.001 0.001 0.001 0.001 0.001 0.001 0.001 0.001 0.001 0.001 0.001 0.001 0.001 0.001 0.001 0.001 0.001 0.001 0.001 0.001 0.001 0.001 0.001 0.001 0.001
0.111 0.075 0.057 0.057 0.168 0.859 2.099 2.749 2.812 2.726 2.561 2.318 1.988 1.557 1.119 0.790 0.565 0.415 0.310 0.228 0.157 0.097 0.052 0.024 0.010 0.004 0.001 0.001 0.000 0.000 0.000 0.000 0.000 0.000 0.000 0.000 0.000 0.000 0.000 0.001 0.001 0.001 0.001 0.001 0.001 0.001 0.001 0.001 0.001 0.001 0.001 0.001 0.001 0.001 0.001 0.001 0.001 0.001 0.001 0.001 0.001 0.001 0.001 0.001 0.001 0.001 0.001 0.001 0.001 0.001 0.001 0.001 0.001 0.001 0.001 0.001
0.093 0.068 0.060 0.101 0.475 1.656 2.719 2.942 2.897 2.790 2.628 2.401 2.098 1.704 1.296 0.985 0.760 0.592 0.453 0.326 0.211 0.117 0.055 0.022 0.008 0.003 0.001 0.001 0.000 0.000 0.000 0.000 0.000 0.000 0.000 0.000 0.000 0.000 0.000 0.000 0.001 0.001 0.001 0.001 0.001 0.001 0.001 0.001 0.001 0.001 0.001 0.001 0.001 0.001 0.001 0.001 0.001 0.001 0.001 0.001 0.001 0.001 0.001 0.001 0.001 0.001 0.001 0.001 0.001 0.001 0.001 0.001 0.001 0.001 0.001 0.001
0.083 0.069 0.087 0.324 1.181 2.363 2.911 2.962 2.912 2.814 2.667 2.466 2.203 1.870 1.509 1.210 0.968 0.760 0.569 0.391 0.237 0.122 0.052 0.019 0.006 0.002 0.001 0.000 0.000 0.000 0.000 0.000 0.000 0.000 0.000 0.000 0.000 0.000 0.000 0.000 0.000 0.001 0.001 0.001 0.001 0.001 0.001 0.001 0.001 0.001 0.001 0.001 0.001 0.001 0.001 0.001 0.001 0.001 0.001 0.001 0.001 0.001 0.001 0.001 0.001 0.001 0.001 0.001 0.001 0.001 0.001 0.001 0.001 0.001 0.001 0.001
0.080 0.086 0.263 0.999 2.091 2.750 2.920 2.935 2.900 2.815 2.686 2.511 2.282 1.993 1.663 1.362 1.097 0.853 0.621 0.409 0.236 0.114 0.044 0.014 0.004 0.001 0.001 0.000 0.000 0.000 0.000 0.000 0.000 0.000 0.000 0.000 0.000 0.000 0.000 0.000 0.000 0.000 0.000 0.000 0.000 0.001 0.001 0.001 0.001 0.001 0.001 0.001 0.001 0.001 0.001 0.001 0.001 0.001 0.001 0.001 0.001 0.001 0.001 0.001 0.001 0.001 0.001 0.001 0.001 0.001 0.001 0.001 0.001 0.001 0.001 0.001
0.088 0.182 0.775 1.902 2.634 2.837 2.877 2.881 2.862 2.801 2.689 2.530 2.322 2.061 1.758 1.452 1.165 0.887 0.623 0.391 0.209 0.090 0.030 0.008 0.002 0.001 0.000 0.000 0.000 0.000 0.000 0.000 0.000 0.000 0.000 0.000 0.000 0.000 0.000 0.000 0.001 0.001 0.001 0.001 0.001 0.001 0.001 0.001 0.001 0.001 0.001 0.001 0.001 0.001 0.001 0.001 0.001 0.001 0.001 0.001 0.001 0.001 0.001 0.001 0.001 0.001 0.001 0.001 0.001 0.001 0.001 0.001 0.001 0.001 0.001 0.001
0.136 0.477 1.522 2.500 2.785 2.832 2.847 2.847 2.827 2.776 2.680 2.533 2.332 2.087 1.803 1.496 1.189 0.883 0.587 0.334 0.153 0.054 0.016 0.004 0.001 0.001 0.000 0.000 0.000 0.000 0.000 0.000 0.000 0.000 0.000 0.000 0.000 0.000 0.000 0.000 0.000 0.000 0.000 0.000 0.000 0.001 0.001 0.001 0.001 0.001 0.001 0.001 0.001 0.001 0.001 0.001 0.001 0.001 0.001 0.001 0.001 0.001 0.001 0.001 0.001 0.001 0.001 0.001 0.001 0.001 0.001 0.001 0.001 0.001 0.001 0.001
0.356 1.170 2.228 2.717 2.809 2.827 2.832 2.828 2.806 2.755 2.665 2.525 2.331 2.091 1.815 1.510 1.189 0.848 0.515 0.256 0.099 0.031 0.009 0.003 0.001 0.001 0.000 0.000 0.000 0.000 0.000 0.000 0.000 0.000 0.000 0.000 0.000 0.000 0.000 0.000 0.000 0.001 0.001 0.001 0.001 0.001 0.001 0.001 0.001 0.001 0.001 0.001 0.001 0.001 0.001 0.001 0.001 0.001 0.001 0.001 0.001 0.001 0.001 0.001 0.001 0.001 0.001 0.001 0.001 0.001 0.001 0.000 0.001 0.001 0.001 0.001
0.923 2.003 2.605 2.764 2.810 2.826 2.826 2.817 2.792 2.739 2.647 2.508 2.320 2.087 1.814 1.508 1.170 0.786 0.436 0.194 0.067 0.020 0.006 0.002 0.001 0.001 0.000 0.000 0.000 0.000 0.000 0.000 0.000 0.000 0.000 0.000 0.000 0.000 0.000 0.000 0.001 0.001 0.001 0.001 0.001 0.001 0.001 0.001 0.001 0.001 0.001 0.001 0.001 0.001 0.001 0.001 0.001 0.001 0.001 0.001 0.001 0.001 0.001 0.001 0.001 0.001 0.001 0.001 0.001 0.001 0.001 0.001 0.000 0.001 0.001 0.001
1.600 2.450 2.688 2.765 2.809 2.826 2.827 2.815 2.784 2.721 2.623 2.485 2.301 2.072 1.803 1.491 1.125 0.705 0.360 0.145 0.046 0.013 0.004 0.001 0.001 0.001 0.000 0.000 0.000 0.000 0.000 0.000 0.000 0.000 0.000 0.000 0.001 0.000 0.000 0.000 0.001 0.001 0.001 0.001 0.001 0.001 0.001 0.001 0.001 0.001 0.001 0.001 0.001 0.001 0.001 0.001 0.001 0.001 0.001 0.001 0.001 0.001 0.000 0.001 0.001 0.001 0.001 0.001 0.001 0.001 0.001 0.001 0.000 0.000 0.001 0.001
2.132 2.557 2.681 2.758 2.808 2.828 2.831 2.817 2.779 2.708 2.598 2.450 2.266 2.040 1.771 1.449 1.047 0.606 0.282 0.102 0.030 0.008 0.002 0.001 0.001 0.001 0.001 0.000 0.000 0.000 0.000 0.000 0.000 0.000 0.000 0.000 0.000 0.000 0.000 0.000 0.001 0.001 0.001 0.001 0.001 0.001 0.001 0.001 0.001 0.001 0.001 0.001 0.001 0.001 0.001 0.001 0.001 0.001 0.001 0.001 0.001 0.001 0.000 0.000 0.001 0.001 0.001 0.001 0.001 0.001 0.001 0.001 0.001 0.000 0.000 0.001
2.348 2.530 2.645 2.736 2.803 2.833 2.838 2.823 2.777 2.694 2.572 2.411 2.217 1.989 1.716 1.369 0.916 0.481 0.199 0.063 0.017 0.005 0.001 0.001 0.001 0.001 0.001 0.001 0.000 0.000 0.000 0.000 0.000 0.000 0.000 0.000 0.000 0.000 0.000 0.000 0.001 0.001 0.001 0.001 0.001 0.001 0.001 0.001 0.001 0.001 0.001 0.001 0.001 0.001 0.001 0.001 0.001 0.001 0.001 0.001 0.001 0.001 0.001 0.000 0.000 0.000 0.001 0.001 0.001 0.001 0.001 0.001 0.001 0.001 0.000 0.000
2.350 2.465 2.569 2.677 2.784 2.840 2.850 2.831 2.776 2.679 2.542 2.366 2.153 1.902 1.592 1.186 0.703 0.322 0.113 0.032 0.008 0.002 0.001 0.001 0.001 0.001 0.001 0.001 0.001 0.001 0.000 0.000 0.000 0.000 0.000 0.000 0.000 0.000 0.000 0.000 0.001 0.001 0.001 0.001 0.001 0.001 0.001 0.001 0.001 0.001 0.001 0.001 0.001 0.001 0.001 0.001 0.001 0.001 0.001 0.001 0.001 0.001 0.001 0.001 0.000 0.000 0.000 0.001 0.001 0.001 0.001 0.001 0.001 0.001 0.001 0.000
2.284 2.359 2.440 2.548 2.690 2.796 2.839 2.830 2.772 2.661 2.500 2.290 2.027 1.702 1.305 0.835 0.411 0.157 0.048 0.013 0.003 0.001 0.001 0.001 0.001 0.001 0.001 0.001 0.001 0.001 0.001 0.000 0.000 0.000 0.000 0.000 0.000 0.000 0.000 0.000 0.000 0.000 0.000 0.000 0.000 0.001 0.001 0.001 0.001 0.001 0.001 0.001 0.001 0.001 0.001 0.001 0.001 0.001 0.001 0.001 0.001 0.001 0.001 0.001 0.001 0.000 0.000 0.000 0.001 0.001 0.001 0.001 0.001 0.001 0.001 0.000
