RESULTS/r.avaflow_results/14b_results/14b_ascii/14b_hflow0035.asc
ncols 506
nrows 317
xllcenter 498237.50
yllcenter 5580050.00
cellsize 12.50
NODATA_value -9999.000
[rows 170 to 203 of 317, columns 228 to 303 of 506]
3.006 2.961 2.902 2.815 2.687 2.539 2.450 2.432 2.480 2.643 2.957 3.391 3.721 3.876 3.902 3.858 3.699 3.355 2.784 1.967 1.098 0.479 0.164 0.056 0.027 0.017 0.013 0.010 0.008 0.006 0.005 0.003 0.003 0.002 0.001 0.001 0.000 0.000 0.000 0.000 0.000 0.000 0.000 0.000 0.000 0.000 0.000 0.000 0.000 0.000 0.000 0.000 0.000 0.000 0.000 0.000 0.000 0.000 0.000 0.000 0.000 0.000 0.000 0.000 0.000 0.000 0.000 0.000 0.000 0.000 0.000 0.000 0.000 0.000 0.000 0.000
3.253 3.208 3.113 2.973 2.805 2.677 2.623 2.621 2.684 2.900 3.351 4.042 4.627 4.897 4.925 4.813 4.551 4.117 3.492 2.676 1.703 0.836 0.302 0.094 0.038 0.021 0.015 0.012 0.009 0.007 0.006 0.004 0.003 0.002 0.002 0.001 0.001 0.000 0.000 0.000 0.000 0.000 0.000 0.000 0.000 0.000 0.000 0.000 0.000 0.000 0.000 0.000 0.000 0.000 0.000 0.000 0.000 0.000 0.000 0.000 0.000 0.000 0.000 0.000 0.000 0.000 0.000 0.000 0.000 0.000 0.000 0.000 0.000 0.000 0.000 0.000
3.348 3.301 3.199 3.052 2.893 2.794 2.765 2.779 2.851 3.072 3.565 4.363 5.064 5.387 5.421 5.283 4.976 4.519 3.905 3.126 2.156 1.176 0.478 0.153 0.054 0.027 0.018 0.014 0.011 0.009 0.007 0.006 0.004 0.003 0.002 0.002 0.001 0.001 0.000 0.000 0.000 0.000 0.000 0.000 0.000 0.000 0.000 0.000 0.000 0.000 0.000 0.000 0.000 0.000 0.000 0.000 0.000 0.000 0.000 0.000 0.000 0.000 0.000 0.000 0.000 0.000 0.000 0.000 0.000 0.000 0.000 0.000 0.000 0.000 0.000 0.000
3.383 3.333 3.240 3.117 2.997 2.926 2.910 2.930 3.009 3.228 3.712 4.494 5.193 5.539 5.593 5.464 5.152 4.703 4.122 3.386 2.466 1.468 0.671 0.237 0.081 0.036 0.022 0.016 0.013 0.011 0.009 0.007 0.005 0.004 0.003 0.002 0.002 0.001 0.001 0.000 0.000 0.000 0.000 0.000 0.000 0.000 0.000 0.000 0.000 0.000 0.000 0.000 0.000 0.000 0.000 0.000 0.000 0.000 0.000 0.000 0.000 0.000 0.000 0.000 0.000 0.000 0.000 0.000 0.000 0.000 0.000 0.000 0.000 0.000 0.000 0.000
3.359 3.314 3.250 3.180 3.122 3.082 3.067 3.081 3.162 3.385 3.847 4.553 5.187 5.534 5.599 5.481 5.180 4.742 4.196 3.532 2.720 1.764 0.904 0.358 0.124 0.050 0.027 0.019 0.015 0.012 0.010 0.008 0.007 0.005 0.004 0.003 0.002 0.002 0.001 0.001 0.000 0.000 0.000 0.000 0.000 0.000 0.000 0.000 0.000 0.000 0.000 0.000 0.000 0.000 0.000 0.000 0.000 0.000 0.000 0.000 0.000 0.000 0.000 0.000 0.000 0.000 0.000 0.000 0.000 0.000 0.000 0.000 0.000 0.000 0.000 0.000
3.315 3.269 3.233 3.219 3.219 3.211 3.206 3.230 3.329 3.560 3.993 4.608 5.121 5.407 5.471 5.375 5.101 4.694 4.191 3.621 2.969 2.136 1.223 0.547 0.204 0.078 0.038 0.024 0.018 0.014 0.012 0.010 0.008 0.007 0.005 0.004 0.003 0.002 0.002 0.001 0.001 0.001 0.000 0.000 0.000 0.000 0.000 0.000 0.000 0.000 0.000 0.000 0.000 0.000 0.000 0.000 0.000 0.000 0.000 0.000 0.000 0.000 0.000 0.000 0.000 0.000 0.000 0.000 0.000 0.000 0.000 0.000 0.000 0.000 0.000 0.001
3.322 3.273 3.245 3.255 3.283 3.308 3.339 3.403 3.542 3.791 4.193 4.659 4.970 5.110 5.127 5.048 4.839 4.514 4.111 3.660 3.171 2.535 1.653 0.845 0.356 0.138 0.060 0.032 0.022 0.017 0.014 0.011 0.010 0.008 0.006 0.005 0.004 0.003 0.003 0.002 0.001 0.001 0.001 0.000 0.000 0.000 0.000 0.000 0.000 0.000 0.000 0.000 0.000 0.000 0.000 0.000 0.000 0.000 0.000 0.000 0.000 0.000 0.000 0.000 0.000 0.000 0.000 0.000 0.000 0.000 0.000 0.000 0.000 0.000 0.001 0.002
3.376 3.329 3.303 3.308 3.337 3.393 3.483 3.618 3.819 4.085 4.384 4.624 4.718 4.696 4.618 4.513 4.374 4.174 3.917 3.610 3.251 2.774 2.059 1.235 0.614 0.266 0.111 0.052 0.030 0.020 0.016 0.013 0.011 0.009 0.008 0.006 0.005 0.004 0.003 0.003 0.002 0.002 0.001 0.001 0.001 0.000 0.000 0.000 0.000 0.000 0.000 0.000 0.000 0.000 0.000 0.000 0.000 0.000 0.000 0.000 0.000 0.000 0.000 0.000 0.000 0.000 0.000 0.000 0.000 0.000 0.000 0.000 0.001 0.001 0.003 0.004
3.460 3.415 3.384 3.378 3.412 3.494 3.639 3.840 4.069 4.292 4.471 4.545 4.515 4.404 4.246 4.102 3.961 3.807 3.637 3.452 3.209 2.848 2.321 1.631 0.968 0.491 0.221 0.097 0.047 0.028 0.020 0.016 0.013 0.011 0.009 0.008 0.006 0.005 0.005 0.004 0.003 0.002 0.002 0.002 0.001 0.001 0.001 0.000 0.000 0.000 0.000 0.000 0.000 0.000 0.000 0.000 0.000 0.000 0.000 0.000 0.000 0.000 0.000 0.000 0.000 0.000 0.000 0.000 0.000 0.000 0.000 0.001 0.002 0.003 0.005 0.007
3.577 3.530 3.494 3.483 3.530 3.635 3.796 4.010 4.220 4.378 4.466 4.461 4.382 4.227 4.037 3.880 3.731 3.582 3.427 3.268 3.090 2.842 2.477 1.983 1.381 0.813 0.416 0.192 0.087 0.043 0.027 0.020 0.016 0.013 0.011 0.009 0.008 0.007 0.006 0.005 0.004 0.003 0.003 0.002 0.002 0.002 0.001 0.001 0.001 0.000 0.000 0.000 0.000 0.000 0.000 0.000 0.000 0.000 0.000 0.000 0.000 0.000 0.000 0.001 0.001 0.001 0.001 0.001 0.001 0.001 0.002 0.003 0.004 0.006 0.008 0.011
3.747 3.697 3.659 3.650 3.700 3.804 3.941 4.117 4.283 4.385 4.414 4.382 4.286 4.118 3.919 3.750 3.599 3.455 3.315 3.175 3.031 2.852 2.601 2.257 1.780 1.201 0.703 0.364 0.169 0.077 0.041 0.026 0.019 0.015 0.013 0.011 0.009 0.008 0.007 0.006 0.005 0.005 0.004 0.003 0.003 0.002 0.002 0.002 0.001 0.001 0.001 0.001 0.000 0.000 0.000 0.000 0.000 0.000 0.000 0.000 0.000 0.001 0.001 0.002 0.002 0.002 0.002 0.003 0.003 0.003 0.004 0.005 0.007 0.009 0.012 0.016
3.988 3.931 3.892 3.878 3.909 3.983 4.082 4.202 4.303 4.354 4.360 4.324 4.229 4.058 3.848 3.671 3.515 3.379 3.260 3.150 3.036 2.906 2.734 2.478 2.102 1.593 1.057 0.623 0.320 0.148 0.071 0.040 0.027 0.019 0.015 0.013 0.011 0.010 0.008 0.007 0.007 0.006 0.005 0.005 0.004 0.004 0.003 0.003 0.002 0.002 0.002 0.001 0.001 0.001 0.001 0.001 0.001 0.001 0.001 0.001 0.002 0.003 0.003 0.004 0.004 0.004 0.005 0.005 0.006 0.006 0.007 0.009 0.011 0.014 0.019 0.026
4.299 4.221 4.170 4.141 4.139 4.175 4.232 4.293 4.336 4.352 4.339 4.293 4.197 4.029 3.818 3.635 3.475 3.340 3.239 3.161 3.086 3.003 2.881 2.676 2.364 1.947 1.450 0.965 0.568 0.295 0.145 0.076 0.044 0.028 0.020 0.016 0.013 0.011 0.010 0.009 0.008 0.007 0.007 0.006 0.006 0.005 0.004 0.004 0.004 0.003 0.003 0.003 0.003 0.003 0.002 0.002 0.002 0.003 0.003 0.003 0.004 0.005 0.006 0.007 0.007 0.008 0.008 0.009 0.009 0.010 0.011 0.013 0.016 0.021 0.030 0.048
4.587 4.491 4.427 4.402 4.404 4.414 4.415 4.407 4.400 4.389 4.353 4.288 4.187 4.026 3.822 3.636 3.473 3.336 3.244 3.195 3.160 3.107 3.009 2.843 2.597 2.275 1.868 1.395 0.943 0.575 0.320 0.170 0.091 0.049 0.030 0.021 0.017 0.014 0.013 0.011 0.010 0.009 0.009 0.008 0.007 0.007 0.006 0.006 0.005 0.005 0.005 0.005 0.005 0.005 0.005 0.005 0.005 0.005 0.006 0.007 0.008 0.009 0.010 0.011 0.011 0.012 0.012 0.013 0.014 0.015 0.017 0.020 0.025 0.034 0.055 0.105
4.811 4.721 4.663 4.656 4.692 4.706 4.662 4.586 4.519 4.464 4.397 4.314 4.208 4.064 3.886 3.707 3.544 3.404 3.305 3.255 3.225 3.179 3.095 2.968 2.797 2.576 2.285 1.900 1.455 1.023 0.651 0.375 0.200 0.101 0.053 0.032 0.023 0.018 0.016 0.014 0.013 0.012 0.011 0.010 0.009 0.009 0.008 0.008 0.007 0.007 0.007 0.007 0.007 0.007 0.007 0.008 0.008 0.009 0.010 0.011 0.012 0.014 0.016 0.017 0.017 0.018 0.018 0.019 0.020 0.022 0.025 0.030 0.041 0.063 0.116 0.243
4.975 4.910 4.872 4.876 4.918 4.942 4.913 4.832 4.728 4.619 4.513 4.410 4.307 4.194 4.062 3.916 3.772 3.625 3.476 3.363 3.291 3.234 3.164 3.074 2.963 2.818 2.621 2.368 2.037 1.619 1.143 0.690 0.376 0.191 0.097 0.054 0.034 0.025 0.021 0.018 0.017 0.015 0.014 0.013 0.012 0.011 0.010 0.010 0.010 0.010 0.010 0.010 0.010 0.010 0.011 0.012 0.013 0.014 0.015 0.017 0.019 0.022 0.024 0.025 0.026 0.027 0.027 0.028 0.030 0.034 0.041 0.054 0.079 0.132 0.250 0.496
5.086 5.063 5.049 5.049 5.077 5.089 5.068 5.012 4.933 4.841 4.739 4.638 4.546 4.458 4.371 4.275 4.161 3.994 3.752 3.517 3.370 3.293 3.242 3.185 3.107 3.007 2.887 2.746 2.546 2.232 1.740 1.102 0.604 0.318 0.169 0.094 0.057 0.039 0.030 0.025 0.022 0.020 0.018 0.017 0.015 0.014 0.013 0.013 0.013 0.013 0.013 0.013 0.014 0.014 0.016 0.017 0.019 0.021 0.024 0.027 0.031 0.034 0.039 0.042 0.043 0.044 0.045 0.047 0.052 0.062 0.082 0.116 0.175 0.282 0.479 0.794
5.162 5.188 5.189 5.179 5.183 5.171 5.140 5.097 5.050 5.029 5.034 4.991 4.917 4.839 4.751 4.636 4.491 4.285 3.988 3.678 3.473 3.376 3.334 3.297 3.244 3.190 3.144 3.080 2.959 2.705 2.231 1.515 0.871 0.480 0.269 0.156 0.095 0.063 0.046 0.037 0.033 0.030 0.027 0.023 0.020 0.018 0.017 0.017 0.016 0.016 0.017 0.017 0.018 0.020 0.023 0.026 0.030 0.034 0.041 0.048 0.056 0.063 0.071 0.078 0.082 0.085 0.089 0.095 0.110 0.141 0.195 0.275 0.384 0.539 0.753 1.011
5.202 5.264 5.276 5.260 5.238 5.210 5.175 5.143 5.129 5.177 5.297 5.326 5.257 5.152 5.017 4.858 4.671 4.436 4.142 3.836 3.614 3.496 3.440 3.405 3.395 3.418 3.430 3.400 3.306 3.059 2.573 1.838 1.138 0.676 0.402 0.245 0.154 0.103 0.076 0.062 0.054 0.050 0.045 0.039 0.031 0.026 0.023 0.022 0.021 0.021 0.022 0.023 0.026 0.030 0.036 0.044 0.054 0.066 0.081 0.099 0.119 0.139 0.157 0.173 0.185 0.196 0.209 0.233 0.279 0.360 0.483 0.614 0.740 0.853 0.962 1.095
5.184 5.277 5.307 5.289 5.244 5.203 5.177 5.170 5.204 5.335 5.498 5.537 5.468 5.332 5.150 4.959 4.753 4.504 4.237 3.988 3.779 3.644 3.571 3.540 3.605 3.732 3.772 3.733 3.607 3.311 2.785 2.049 1.379 0.897 0.573 0.368 0.244 0.172 0.134 0.116 0.107 0.102 0.096 0.082 0.059 0.043 0.035 0.031 0.030 0.030 0.030 0.033 0.040 0.052 0.071 0.094 0.120 0.148 0.183 0.228 0.287 0.348 0.394 0.426 0.454 0.483 0.527 0.601 0.713 0.864 1.025 1.127 1.153 1.104 1.057 1.078
5.054 5.186 5.247 5.234 5.181 5.147 5.144 5.183 5.299 5.494 5.628 5.638 5.561 5.415 5.218 5.016 4.801 4.543 4.300 4.108 3.942 3.816 3.749 3.766 3.949 4.159 4.191 4.098 3.873 3.476 2.869 2.148 1.565 1.129 0.794 0.549 0.390 0.299 0.256 0.243 0.246 0.250 0.244 0.213 0.149 0.091 0.063 0.051 0.046 0.046 0.047 0.054 0.074 0.113 0.173 0.235 0.294 0.357 0.429 0.525 0.669 0.814 0.911 0.968 1.009 1.054 1.139 1.283 1.445 1.555 1.592 1.542 1.421 1.238 1.075 0.965
4.755 4.932 5.041 5.049 5.017 5.020 5.064 5.166 5.360 5.575 5.686 5.681 5.601 5.453 5.255 5.047 4.818 4.551 4.333 4.186 4.083 4.013 4.003 4.122 4.385 4.550 4.536 4.397 4.084 3.570 2.864 2.186 1.686 1.315 1.027 0.798 0.633 0.538 0.505 0.520 0.589 0.636 0.637 0.575 0.415 0.237 0.142 0.101 0.085 0.082 0.085 0.106 0.166 0.285 0.451 0.589 0.697 0.794 0.893 1.041 1.267 1.448 1.527 1.548 1.556 1.581 1.663 1.816 1.935 1.961 1.899 1.748 1.533 1.278 1.015 0.773
4.155 4.401 4.610 4.680 4.704 4.774 4.886 5.063 5.329 5.569 5.682 5.669 5.586 5.444 5.260 5.052 4.809 4.541 4.348 4.238 4.179 4.178 4.244 4.416 4.652 4.742 4.703 4.557 4.206 3.606 2.824 2.188 1.736 1.406 1.168 1.004 0.908 0.871 0.889 0.994 1.188 1.307 1.321 1.218 0.942 0.572 0.335 0.221 0.176 0.166 0.175 0.238 0.410 0.708 1.035 1.274 1.416 1.497 1.559 1.634 1.749 1.833 1.850 1.812 1.780 1.785 1.848 1.985 2.073 2.074 1.984 1.797 1.548 1.247 0.897 0.596
3.160 3.441 3.772 4.003 4.161 4.326 4.531 4.797 5.135 5.421 5.570 5.580 5.515 5.396 5.235 5.036 4.788 4.530 4.358 4.268 4.235 4.273 4.377 4.546 4.720 4.778 4.731 4.588 4.225 3.561 2.734 2.138 1.721 1.414 1.206 1.094 1.057 1.080 1.188 1.408 1.664 1.800 1.814 1.699 1.402 0.966 0.642 0.453 0.367 0.345 0.373 0.543 0.949 1.491 1.916 2.153 2.231 2.225 2.151 2.049 2.000 1.973 1.927 1.850 1.793 1.780 1.816 1.920 1.996 2.002 1.929 1.751 1.486 1.132 0.741 0.448
2.061 2.300 2.642 2.947 3.229 3.534 3.883 4.280 4.716 5.077 5.317 5.412 5.397 5.317 5.182 4.997 4.754 4.511 4.361 4.284 4.266 4.309 4.408 4.535 4.630 4.643 4.581 4.409 4.000 3.278 2.458 1.906 1.555 1.313 1.159 1.087 1.079 1.144 1.322 1.597 1.837 1.956 1.970 1.862 1.578 1.165 0.866 0.700 0.632 0.626 0.723 1.071 1.704 2.287 2.597 2.718 2.729 2.665 2.511 2.291 2.111 1.987 1.877 1.748 1.641 1.582 1.567 1.602 1.649 1.666 1.635 1.508 1.267 0.909 0.549 0.314
1.132 1.237 1.475 1.756 2.048 2.378 2.790 3.318 3.907 4.449 4.868 5.119 5.205 5.182 5.082 4.918 4.693 4.476 4.346 4.283 4.275 4.298 4.321 4.309 4.222 4.083 3.906 3.630 3.152 2.440 1.759 1.338 1.114 0.998 0.945 0.941 0.986 1.108 1.328 1.606 1.815 1.917 1.930 1.839 1.581 1.203 0.948 0.827 0.796 0.840 1.043 1.509 2.190 2.679 2.888 2.931 2.910 2.822 2.652 2.404 2.138 1.898 1.667 1.435 1.242 1.114 1.048 1.027 1.034 1.047 1.047 0.993 0.841 0.586 0.347 0.206
0.579 0.588 0.657 0.788 0.965 1.207 1.546 2.015 2.616 3.310 3.984 4.509 4.814 4.922 4.875 4.741 4.555 4.387 4.284 4.232 4.210 4.160 3.993 3.705 3.301 2.884 2.495 2.101 1.651 1.174 0.819 0.622 0.538 0.517 0.536 0.597 0.718 0.917 1.183 1.430 1.589 1.664 1.675 1.613 1.422 1.128 0.931 0.848 0.844 0.937 1.205 1.694 2.317 2.731 2.892 2.908 2.876 2.789 2.638 2.402 2.065 1.665 1.290 0.978 0.758 0.626 0.559 0.535 0.530 0.529 0.523 0.497 0.431 0.315 0.202 0.132
0.287 0.263 0.263 0.293 0.356 0.459 0.623 0.887 1.296 1.846 2.506 3.237 3.916 4.340 4.460 4.403 4.281 4.181 4.112 4.053 3.952 3.715 3.238 2.576 1.941 1.455 1.101 0.827 0.596 0.409 0.287 0.226 0.208 0.209 0.225 0.270 0.368 0.553 0.805 0.989 1.084 1.121 1.127 1.099 1.008 0.868 0.787 0.770 0.812 0.947 1.233 1.689 2.164 2.453 2.552 2.553 2.522 2.469 2.379 2.181 1.809 1.299 0.902 0.643 0.473 0.368 0.313 0.288 0.277 0.269 0.258 0.239 0.210 0.164 0.119 0.090
0.141 0.116 0.107 0.108 0.121 0.150 0.203 0.296 0.457 0.711 1.082 1.634 2.412 3.194 3.661 3.812 3.821 3.788 3.738 3.625 3.345 2.801 2.041 1.342 0.870 0.575 0.394 0.276 0.193 0.136 0.102 0.086 0.084 0.086 0.094 0.113 0.159 0.252 0.388 0.484 0.528 0.540 0.540 0.529 0.500 0.475 0.489 0.544 0.657 0.845 1.114 1.406 1.600 1.675 1.682 1.676 1.680 1.709 1.710 1.609 1.320 0.905 0.622 0.445 0.326 0.248 0.202 0.178 0.163 0.151 0.139 0.126 0.111 0.094 0.079 0.068
0.068 0.053 0.046 0.044 0.046 0.053 0.066 0.090 0.132 0.206 0.332 0.568 1.032 1.729 2.396 2.817 3.032 3.087 3.025 2.805 2.333 1.649 1.003 0.574 0.335 0.210 0.143 0.103 0.076 0.059 0.048 0.044 0.044 0.045 0.048 0.056 0.072 0.109 0.166 0.203 0.220 0.224 0.223 0.218 0.211 0.213 0.229 0.279 0.390 0.563 0.714 0.773 0.771 0.754 0.739 0.740 0.765 0.835 0.890 0.883 0.779 0.587 0.432 0.323 0.242 0.184 0.147 0.124 0.109 0.097 0.086 0.077 0.070 0.065 0.061 0.058
0.033 0.026 0.022 0.021 0.021 0.023 0.026 0.032 0.042 0.060 0.092 0.158 0.320 0.658 1.143 1.571 1.836 1.930 1.892 1.686 1.275 0.772 0.420 0.226 0.132 0.087 0.065 0.052 0.043 0.036 0.032 0.031 0.030 0.031 0.032 0.035 0.041 0.055 0.075 0.088 0.094 0.096 0.095 0.094 0.093 0.096 0.104 0.127 0.178 0.251 0.288 0.292 0.286 0.278 0.276 0.280 0.297 0.341 0.401 0.429 0.419 0.370 0.304 0.241 0.186 0.143 0.113 0.094 0.081 0.070 0.062 0.057 0.055 0.054 0.054 0.053
0.016 0.014 0.012 0.012 0.012 0.012 0.013 0.015 0.018 0.022 0.031 0.047 0.087 0.187 0.387 0.626 0.783 0.842 0.833 0.735 0.526 0.298 0.161 0.093 0.061 0.047 0.039 0.035 0.031 0.028 0.026 0.025 0.025 0.024 0.025 0.026 0.029 0.034 0.041 0.046 0.048 0.049 0.049 0.049 0.049 0.050 0.054 0.062 0.080 0.099 0.106 0.107 0.106 0.106 0.108 0.112 0.120 0.140 0.179 0.216 0.232 0.232 0.214 0.183 0.145 0.113 0.090 0.074 0.064 0.056 0.050 0.048 0.048 0.049 0.051 0.052
0.009 0.008 0.007 0.007 0.007 0.007 0.008 0.009 0.010 0.012 0.014 0.019 0.029 0.052 0.105 0.188 0.242 0.263 0.263 0.240 0.179 0.107 0.065 0.045 0.035 0.031 0.029 0.027 0.025 0.023 0.022 0.021 0.021 0.021 0.021 0.022 0.023 0.025 0.028 0.030 0.030 0.031 0.031 0.031 0.031 0.032 0.034 0.037 0.042 0.047 0.048 0.048 0.049 0.050 0.052 0.055 0.060 0.069 0.089 0.119 0.142 0.151 0.149 0.136 0.112 0.089 0.072 0.060 0.052 0.047 0.044 0.043 0.044 0.047 0.050 0.051
0.005 0.004 0.004 0.004 0.004 0.004 0.005 0.006 0.006 0.007 0.009 0.010 0.014 0.020 0.033 0.055 0.070 0.077 0.078 0.075 0.063 0.044 0.032 0.026 0.024 0.023 0.022 0.022 0.021 0.020 0.019 0.018 0.018 0.018 0.018 0.018 0.019 0.020 0.021 0.022 0.023 0.023 0.023 0.023 0.023 0.024 0.025 0.026 0.028 0.029 0.030 0.030 0.030 0.031 0.033 0.036 0.039 0.045 0.055 0.074 0.094 0.104 0.105 0.099 0.086 0.070 0.058 0.050 0.044 0.041 0.040 0.040 0.042 0.046 0.049 0.051
