RESULTS/r.avaflow_results/14b_results/14b_ascii/14b_hflow30009.asc
ncols 506
nrows 317
xllcenter 498237.50
yllcenter 5580050.00
cellsize 12.50
NODATA_value -9999.000
[rows 204 to 237 of 317, columns 308 to 384 of 506]
0.073 0.081 0.091 0.105 0.131 0.180 0.256 0.333 0.382 0.402 0.402 0.386 0.354 0.330 0.324 0.340 0.395 0.507 0.668 0.789 0.836 0.835 0.803 0.741 0.670 0.626 0.609 0.609 0.619 0.622 0.600 0.526 0.404 0.288 0.210 0.161 0.134 0.125 0.126 0.145 0.204 0.318 0.439 0.501 0.519 0.513 0.480 0.411 0.313 0.227 0.173 0.143 0.125 0.113 0.107 0.104 0.104 0.107 0.119 0.149 0.218 0.362 0.610 0.890 1.111 1.291 1.434 1.519 1.546 1.511 1.385 1.167 0.958 0.825 0.736 0.656 0.580
0.100 0.106 0.109 0.110 0.118 0.137 0.175 0.238 0.305 0.349 0.363 0.357 0.334 0.318 0.320 0.350 0.429 0.556 0.701 0.797 0.834 0.833 0.804 0.743 0.671 0.624 0.605 0.605 0.614 0.619 0.599 0.528 0.405 0.291 0.218 0.176 0.155 0.148 0.149 0.166 0.217 0.299 0.355 0.372 0.367 0.346 0.306 0.247 0.181 0.133 0.106 0.092 0.084 0.078 0.075 0.073 0.073 0.077 0.089 0.113 0.155 0.230 0.349 0.494 0.625 0.753 0.883 0.982 1.038 1.056 1.036 0.964 0.874 0.825 0.819 0.829 0.817
0.144 0.141 0.127 0.110 0.104 0.106 0.117 0.145 0.195 0.251 0.284 0.293 0.287 0.284 0.296 0.342 0.430 0.553 0.663 0.729 0.757 0.760 0.744 0.701 0.635 0.584 0.561 0.556 0.562 0.566 0.552 0.493 0.387 0.284 0.220 0.187 0.174 0.172 0.177 0.196 0.241 0.296 0.317 0.313 0.291 0.255 0.209 0.161 0.120 0.092 0.077 0.068 0.064 0.061 0.059 0.059 0.059 0.064 0.075 0.095 0.124 0.167 0.224 0.293 0.359 0.425 0.496 0.555 0.596 0.622 0.642 0.664 0.699 0.759 0.843 0.921 0.963
0.182 0.166 0.135 0.108 0.093 0.088 0.088 0.097 0.117 0.151 0.180 0.198 0.211 0.224 0.250 0.303 0.384 0.467 0.521 0.552 0.571 0.588 0.595 0.580 0.536 0.487 0.458 0.445 0.443 0.443 0.434 0.402 0.336 0.263 0.217 0.196 0.190 0.191 0.204 0.234 0.276 0.306 0.312 0.299 0.265 0.218 0.168 0.127 0.097 0.077 0.065 0.059 0.055 0.053 0.053 0.053 0.054 0.059 0.069 0.087 0.110 0.138 0.168 0.199 0.229 0.257 0.287 0.315 0.339 0.362 0.388 0.427 0.500 0.630 0.806 0.944 1.027
0.197 0.173 0.135 0.103 0.083 0.074 0.070 0.071 0.077 0.090 0.106 0.120 0.135 0.153 0.181 0.223 0.265 0.287 0.296 0.304 0.319 0.345 0.372 0.382 0.371 0.343 0.320 0.306 0.298 0.291 0.284 0.273 0.254 0.227 0.208 0.199 0.198 0.203 0.221 0.259 0.304 0.323 0.322 0.303 0.264 0.211 0.160 0.121 0.093 0.074 0.063 0.056 0.052 0.051 0.051 0.051 0.053 0.057 0.067 0.084 0.105 0.125 0.142 0.157 0.168 0.177 0.184 0.192 0.202 0.216 0.239 0.276 0.344 0.478 0.699 0.909 1.033
0.193 0.164 0.123 0.092 0.072 0.061 0.056 0.054 0.055 0.059 0.066 0.074 0.085 0.099 0.115 0.131 0.140 0.142 0.144 0.148 0.158 0.178 0.205 0.224 0.232 0.231 0.225 0.217 0.208 0.198 0.191 0.189 0.188 0.188 0.192 0.197 0.201 0.208 0.228 0.270 0.323 0.346 0.346 0.325 0.283 0.226 0.172 0.129 0.098 0.077 0.064 0.056 0.052 0.051 0.051 0.051 0.053 0.058 0.067 0.083 0.103 0.120 0.132 0.140 0.143 0.144 0.141 0.135 0.135 0.141 0.157 0.186 0.235 0.331 0.522 0.782 0.980
0.164 0.130 0.096 0.072 0.057 0.048 0.044 0.042 0.042 0.043 0.045 0.049 0.056 0.065 0.072 0.075 0.076 0.076 0.076 0.078 0.083 0.096 0.116 0.138 0.156 0.167 0.171 0.169 0.164 0.154 0.149 0.148 0.151 0.161 0.178 0.191 0.200 0.209 0.230 0.273 0.338 0.379 0.388 0.375 0.340 0.288 0.230 0.174 0.129 0.096 0.075 0.063 0.057 0.054 0.053 0.054 0.055 0.059 0.068 0.083 0.103 0.119 0.131 0.137 0.138 0.137 0.130 0.116 0.107 0.108 0.116 0.133 0.164 0.221 0.337 0.558 0.825
0.107 0.080 0.062 0.050 0.042 0.038 0.035 0.034 0.033 0.034 0.034 0.037 0.041 0.045 0.048 0.048 0.048 0.047 0.047 0.048 0.052 0.061 0.075 0.095 0.116 0.134 0.144 0.146 0.144 0.138 0.134 0.133 0.136 0.147 0.167 0.185 0.197 0.210 0.231 0.277 0.354 0.430 0.470 0.479 0.466 0.435 0.382 0.305 0.219 0.152 0.110 0.085 0.072 0.065 0.062 0.061 0.061 0.065 0.072 0.085 0.103 0.120 0.134 0.141 0.144 0.142 0.133 0.115 0.101 0.096 0.097 0.104 0.118 0.149 0.213 0.342 0.574
0.061 0.050 0.042 0.037 0.033 0.031 0.029 0.029 0.028 0.028 0.029 0.030 0.032 0.034 0.035 0.036 0.035 0.035 0.035 0.036 0.040 0.046 0.057 0.073 0.095 0.116 0.130 0.136 0.137 0.135 0.131 0.130 0.132 0.142 0.159 0.177 0.193 0.210 0.237 0.290 0.387 0.522 0.636 0.702 0.728 0.726 0.686 0.586 0.433 0.290 0.197 0.144 0.114 0.096 0.085 0.079 0.076 0.077 0.082 0.091 0.105 0.125 0.150 0.167 0.174 0.172 0.159 0.133 0.108 0.095 0.090 0.088 0.092 0.106 0.139 0.208 0.339
0.040 0.035 0.032 0.030 0.028 0.027 0.026 0.025 0.025 0.025 0.025 0.026 0.027 0.028 0.029 0.029 0.029 0.030 0.030 0.032 0.035 0.040 0.049 0.063 0.082 0.105 0.122 0.132 0.135 0.134 0.132 0.131 0.133 0.140 0.153 0.168 0.186 0.208 0.246 0.321 0.459 0.673 0.915 1.089 1.185 1.212 1.183 1.060 0.829 0.565 0.388 0.282 0.218 0.175 0.144 0.123 0.109 0.104 0.103 0.107 0.118 0.145 0.195 0.242 0.261 0.260 0.242 0.197 0.140 0.106 0.090 0.082 0.079 0.083 0.098 0.132 0.197
0.030 0.029 0.028 0.027 0.026 0.025 0.024 0.024 0.023 0.023 0.024 0.024 0.024 0.025 0.025 0.026 0.026 0.027 0.028 0.030 0.033 0.038 0.047 0.059 0.075 0.097 0.116 0.128 0.134 0.136 0.136 0.134 0.134 0.138 0.145 0.157 0.174 0.201 0.249 0.347 0.526 0.805 1.160 1.445 1.614 1.672 1.655 1.538 1.291 0.962 0.715 0.552 0.437 0.349 0.279 0.224 0.182 0.156 0.144 0.142 0.152 0.193 0.288 0.405 0.457 0.461 0.433 0.353 0.233 0.145 0.101 0.082 0.075 0.073 0.077 0.090 0.119
0.026 0.026 0.026 0.026 0.025 0.024 0.023 0.023 0.023 0.023 0.023 0.023 0.023 0.024 0.024 0.024 0.025 0.026 0.028 0.030 0.033 0.038 0.046 0.058 0.073 0.092 0.112 0.126 0.134 0.138 0.138 0.136 0.133 0.132 0.134 0.140 0.154 0.182 0.240 0.351 0.549 0.858 1.267 1.615 1.827 1.911 1.907 1.811 1.583 1.261 1.019 0.847 0.709 0.590 0.484 0.387 0.304 0.243 0.212 0.205 0.215 0.263 0.383 0.583 0.739 0.786 0.758 0.642 0.435 0.240 0.136 0.092 0.075 0.068 0.066 0.069 0.079
0.025 0.025 0.025 0.025 0.025 0.024 0.023 0.023 0.022 0.022 0.022 0.023 0.023 0.023 0.024 0.024 0.025 0.026 0.027 0.030 0.033 0.039 0.047 0.058 0.073 0.091 0.110 0.124 0.134 0.138 0.138 0.135 0.128 0.122 0.120 0.121 0.129 0.154 0.215 0.332 0.536 0.849 1.272 1.641 1.869 1.969 1.979 1.905 1.701 1.403 1.174 1.004 0.861 0.731 0.609 0.496 0.395 0.319 0.275 0.262 0.268 0.308 0.424 0.649 0.903 1.035 1.051 0.973 0.744 0.424 0.212 0.118 0.081 0.067 0.061 0.059 0.061
0.025 0.025 0.026 0.026 0.025 0.025 0.024 0.023 0.022 0.022 0.022 0.023 0.023 0.023 0.024 0.024 0.025 0.026 0.028 0.030 0.035 0.041 0.049 0.061 0.076 0.093 0.110 0.124 0.133 0.137 0.137 0.133 0.124 0.113 0.109 0.108 0.113 0.130 0.178 0.281 0.468 0.765 1.178 1.559 1.805 1.926 1.948 1.886 1.704 1.430 1.210 1.043 0.901 0.771 0.647 0.533 0.432 0.354 0.307 0.290 0.291 0.323 0.429 0.646 0.938 1.135 1.206 1.181 1.018 0.677 0.341 0.168 0.097 0.070 0.059 0.055 0.053
0.025 0.026 0.026 0.027 0.026 0.026 0.025 0.023 0.022 0.022 0.023 0.023 0.024 0.024 0.024 0.024 0.025 0.026 0.028 0.032 0.037 0.044 0.053 0.066 0.083 0.100 0.115 0.127 0.135 0.139 0.138 0.133 0.122 0.111 0.105 0.104 0.107 0.119 0.150 0.219 0.354 0.590 0.951 1.334 1.597 1.740 1.775 1.733 1.595 1.375 1.174 1.013 0.873 0.749 0.634 0.528 0.434 0.361 0.315 0.296 0.296 0.322 0.414 0.612 0.907 1.140 1.257 1.275 1.187 0.920 0.529 0.253 0.128 0.079 0.061 0.054 0.051
0.027 0.028 0.029 0.029 0.028 0.028 0.026 0.025 0.023 0.023 0.023 0.023 0.024 0.025 0.025 0.026 0.026 0.028 0.030 0.034 0.040 0.048 0.058 0.073 0.092 0.111 0.126 0.137 0.144 0.146 0.144 0.136 0.123 0.111 0.106 0.105 0.107 0.116 0.140 0.187 0.272 0.419 0.660 0.977 1.226 1.366 1.409 1.393 1.317 1.177 1.018 0.872 0.745 0.643 0.559 0.484 0.413 0.352 0.312 0.293 0.290 0.305 0.377 0.549 0.831 1.097 1.251 1.303 1.276 1.108 0.758 0.389 0.187 0.102 0.069 0.057 0.053
0.031 0.032 0.033 0.033 0.032 0.032 0.030 0.028 0.026 0.025 0.024 0.024 0.025 0.026 0.027 0.027 0.028 0.029 0.032 0.036 0.042 0.051 0.062 0.077 0.096 0.116 0.132 0.145 0.153 0.156 0.154 0.144 0.128 0.118 0.114 0.112 0.113 0.121 0.143 0.183 0.242 0.327 0.461 0.649 0.797 0.877 0.903 0.905 0.883 0.818 0.710 0.592 0.499 0.438 0.403 0.379 0.353 0.321 0.293 0.278 0.274 0.287 0.351 0.499 0.743 1.016 1.206 1.298 1.309 1.228 0.982 0.595 0.296 0.152 0.093 0.069 0.060
0.038 0.040 0.040 0.040 0.040 0.038 0.036 0.033 0.030 0.027 0.026 0.026 0.026 0.027 0.028 0.029 0.030 0.031 0.033 0.037 0.043 0.052 0.064 0.079 0.096 0.115 0.132 0.147 0.156 0.159 0.158 0.149 0.136 0.129 0.128 0.129 0.133 0.145 0.168 0.201 0.243 0.291 0.354 0.440 0.504 0.535 0.542 0.539 0.522 0.474 0.394 0.315 0.266 0.243 0.239 0.249 0.264 0.267 0.263 0.262 0.266 0.285 0.346 0.478 0.683 0.934 1.140 1.266 1.307 1.276 1.120 0.802 0.459 0.248 0.144 0.098 0.081
0.053 0.054 0.054 0.054 0.053 0.051 0.048 0.044 0.039 0.033 0.030 0.029 0.029 0.029 0.030 0.030 0.031 0.032 0.034 0.037 0.044 0.054 0.066 0.079 0.094 0.109 0.126 0.142 0.153 0.157 0.156 0.150 0.139 0.133 0.134 0.140 0.158 0.189 0.222 0.246 0.263 0.280 0.301 0.326 0.342 0.347 0.344 0.334 0.313 0.273 0.215 0.170 0.148 0.143 0.149 0.169 0.201 0.228 0.244 0.255 0.267 0.289 0.351 0.470 0.645 0.865 1.069 1.212 1.275 1.269 1.163 0.919 0.598 0.365 0.224 0.151 0.122
0.082 0.083 0.083 0.082 0.079 0.076 0.071 0.065 0.054 0.044 0.038 0.035 0.033 0.033 0.032 0.032 0.032 0.033 0.035 0.039 0.045 0.056 0.067 0.078 0.087 0.098 0.110 0.126 0.138 0.144 0.145 0.142 0.135 0.131 0.132 0.141 0.168 0.216 0.258 0.277 0.280 0.278 0.273 0.270 0.264 0.257 0.247 0.232 0.210 0.176 0.137 0.113 0.105 0.105 0.114 0.135 0.172 0.210 0.236 0.255 0.272 0.300 0.359 0.466 0.618 0.805 0.984 1.118 1.185 1.193 1.127 0.939 0.663 0.446 0.303 0.222 0.187
0.145 0.146 0.146 0.142 0.136 0.128 0.118 0.103 0.082 0.063 0.052 0.045 0.041 0.038 0.036 0.035 0.035 0.035 0.037 0.040 0.047 0.057 0.066 0.072 0.077 0.082 0.088 0.099 0.111 0.118 0.121 0.121 0.119 0.119 0.121 0.133 0.165 0.219 0.264 0.281 0.282 0.272 0.255 0.240 0.228 0.216 0.203 0.187 0.164 0.136 0.113 0.100 0.097 0.099 0.108 0.129 0.164 0.205 0.235 0.256 0.277 0.305 0.362 0.459 0.593 0.743 0.872 0.962 1.007 1.014 0.981 0.868 0.667 0.484 0.367 0.302 0.278
0.284 0.284 0.279 0.271 0.257 0.239 0.213 0.177 0.133 0.098 0.077 0.064 0.054 0.047 0.042 0.039 0.038 0.038 0.040 0.043 0.049 0.058 0.063 0.065 0.065 0.066 0.069 0.075 0.082 0.086 0.088 0.089 0.090 0.092 0.097 0.112 0.144 0.198 0.244 0.264 0.265 0.255 0.236 0.221 0.211 0.200 0.186 0.168 0.147 0.126 0.111 0.104 0.104 0.108 0.117 0.137 0.170 0.210 0.239 0.260 0.279 0.305 0.355 0.442 0.560 0.664 0.725 0.751 0.757 0.751 0.734 0.694 0.607 0.498 0.425 0.393 0.389
0.460 0.455 0.444 0.428 0.405 0.372 0.322 0.252 0.182 0.132 0.101 0.082 0.068 0.057 0.049 0.044 0.042 0.041 0.042 0.045 0.050 0.056 0.059 0.058 0.055 0.054 0.055 0.058 0.061 0.063 0.063 0.062 0.062 0.063 0.067 0.077 0.100 0.141 0.186 0.212 0.220 0.219 0.211 0.203 0.198 0.191 0.179 0.161 0.143 0.131 0.125 0.131 0.143 0.154 0.164 0.179 0.206 0.238 0.260 0.272 0.282 0.297 0.331 0.400 0.496 0.555 0.573 0.572 0.561 0.547 0.539 0.537 0.529 0.503 0.487 0.495 0.523
0.540 0.533 0.519 0.500 0.473 0.432 0.370 0.281 0.200 0.145 0.111 0.089 0.073 0.061 0.052 0.046 0.043 0.042 0.043 0.045 0.050 0.053 0.053 0.051 0.047 0.045 0.044 0.045 0.047 0.048 0.047 0.045 0.044 0.045 0.046 0.051 0.061 0.080 0.108 0.132 0.150 0.166 0.177 0.183 0.185 0.182 0.173 0.158 0.149 0.149 0.166 0.208 0.257 0.281 0.290 0.297 0.307 0.316 0.314 0.301 0.289 0.286 0.296 0.332 0.394 0.439 0.455 0.455 0.447 0.445 0.453 0.474 0.503 0.530 0.563 0.606 0.652
0.528 0.523 0.511 0.494 0.468 0.428 0.364 0.275 0.195 0.142 0.109 0.088 0.072 0.060 0.052 0.046 0.043 0.042 0.042 0.044 0.047 0.048 0.047 0.043 0.038 0.036 0.035 0.035 0.036 0.036 0.036 0.035 0.034 0.034 0.034 0.036 0.040 0.049 0.062 0.077 0.093 0.111 0.134 0.155 0.166 0.169 0.165 0.156 0.154 0.166 0.214 0.327 0.465 0.531 0.541 0.533 0.513 0.480 0.430 0.358 0.305 0.281 0.277 0.289 0.319 0.354 0.376 0.390 0.404 0.421 0.443 0.478 0.531 0.600 0.665 0.714 0.747
0.402 0.402 0.398 0.389 0.372 0.343 0.291 0.219 0.157 0.117 0.091 0.073 0.061 0.052 0.047 0.043 0.041 0.040 0.040 0.041 0.041 0.041 0.038 0.034 0.030 0.028 0.028 0.027 0.027 0.028 0.028 0.027 0.027 0.026 0.026 0.027 0.030 0.034 0.041 0.049 0.059 0.072 0.091 0.114 0.133 0.143 0.146 0.147 0.151 0.168 0.232 0.387 0.616 0.761 0.804 0.802 0.778 0.723 0.620 0.463 0.339 0.285 0.273 0.275 0.286 0.306 0.332 0.364 0.403 0.449 0.504 0.569 0.647 0.729 0.785 0.805 0.801
0.186 0.186 0.187 0.188 0.185 0.174 0.150 0.115 0.087 0.069 0.056 0.046 0.040 0.036 0.035 0.034 0.034 0.034 0.033 0.033 0.033 0.031 0.029 0.025 0.023 0.022 0.021 0.021 0.021 0.021 0.021 0.021 0.021 0.021 0.021 0.022 0.023 0.025 0.029 0.034 0.040 0.048 0.058 0.072 0.087 0.100 0.110 0.120 0.132 0.157 0.228 0.393 0.654 0.846 0.929 0.945 0.935 0.890 0.781 0.587 0.401 0.308 0.280 0.276 0.280 0.292 0.315 0.359 0.438 0.560 0.683 0.775 0.841 0.878 0.886 0.864 0.817
0.072 0.071 0.072 0.073 0.073 0.071 0.064 0.053 0.043 0.036 0.031 0.027 0.024 0.023 0.023 0.023 0.023 0.023 0.023 0.023 0.023 0.022 0.021 0.019 0.018 0.017 0.016 0.016 0.016 0.016 0.016 0.016 0.016 0.016 0.017 0.017 0.018 0.019 0.022 0.024 0.028 0.033 0.038 0.044 0.052 0.059 0.067 0.078 0.094 0.125 0.196 0.352 0.605 0.822 0.935 0.974 0.975 0.944 0.848 0.660 0.460 0.346 0.299 0.286 0.284 0.291 0.313 0.373 0.503 0.709 0.877 0.956 0.976 0.969 0.942 0.887 0.805
0.033 0.032 0.033 0.033 0.033 0.033 0.031 0.028 0.024 0.021 0.019 0.017 0.016 0.015 0.015 0.015 0.016 0.016 0.016 0.016 0.016 0.016 0.015 0.014 0.013 0.013 0.012 0.012 0.012 0.012 0.012 0.012 0.012 0.012 0.013 0.013 0.014 0.015 0.016 0.018 0.020 0.023 0.026 0.029 0.032 0.035 0.040 0.046 0.056 0.077 0.127 0.237 0.431 0.649 0.804 0.890 0.919 0.905 0.829 0.669 0.480 0.363 0.308 0.288 0.285 0.289 0.312 0.379 0.531 0.773 0.951 1.018 1.021 0.998 0.953 0.881 0.767
0.018 0.018 0.018 0.019 0.019 0.018 0.018 0.017 0.015 0.014 0.013 0.012 0.011 0.011 0.011 0.011 0.011 0.011 0.011 0.011 0.011 0.011 0.011 0.011 0.010 0.009 0.009 0.009 0.009 0.009 0.009 0.009 0.009 0.009 0.010 0.010 0.011 0.011 0.012 0.013 0.015 0.017 0.018 0.020 0.021 0.023 0.025 0.029 0.034 0.044 0.065 0.111 0.199 0.335 0.489 0.613 0.680 0.699 0.671 0.583 0.451 0.350 0.295 0.272 0.266 0.269 0.291 0.360 0.515 0.756 0.930 0.995 0.997 0.975 0.924 0.837 0.695
0.012 0.012 0.012 0.012 0.012 0.012 0.011 0.011 0.010 0.010 0.009 0.008 0.008 0.008 0.008 0.008 0.008 0.008 0.008 0.008 0.008 0.008 0.008 0.008 0.007 0.007 0.007 0.007 0.006 0.006 0.006 0.007 0.007 0.007 0.007 0.007 0.008 0.008 0.009 0.010 0.011 0.012 0.013 0.014 0.015 0.016 0.018 0.019 0.022 0.027 0.035 0.051 0.080 0.128 0.200 0.276 0.328 0.356 0.370 0.364 0.328 0.276 0.235 0.213 0.206 0.207 0.226 0.285 0.415 0.618 0.776 0.847 0.861 0.850 0.806 0.718 0.568
0.008 0.008 0.008 0.008 0.008 0.008 0.008 0.007 0.007 0.006 0.006 0.006 0.006 0.005 0.005 0.005 0.005 0.005 0.005 0.005 0.005 0.005 0.005 0.005 0.005 0.005 0.005 0.005 0.005 0.004 0.005 0.005 0.005 0.005 0.005 0.005 0.005 0.006 0.006 0.007 0.007 0.008 0.009 0.010 0.011 0.012 0.013 0.014 0.015 0.018 0.022 0.028 0.038 0.053 0.078 0.108 0.132 0.149 0.161 0.166 0.165 0.151 0.132 0.120 0.116 0.117 0.125 0.156 0.228 0.351 0.469 0.542 0.576 0.583 0.563 0.496 0.373
0.005 0.005 0.005 0.005 0.005 0.005 0.005 0.005 0.004 0.004 0.004 0.004 0.004 0.003 0.003 0.003 0.003 0.003 0.003 0.003 0.003 0.003 0.003 0.003 0.003 0.003 0.003 0.003 0.003 0.003 0.003 0.003 0.003 0.003 0.003 0.003 0.004 0.004 0.004 0.004 0.005 0.005 0.006 0.007 0.007 0.008 0.009 0.010 0.011 0.013 0.015 0.018 0.022 0.028 0.037 0.049 0.059 0.067 0.074 0.077 0.078 0.075 0.068 0.063 0.061 0.061 0.064 0.074 0.100 0.149 0.208 0.252 0.278 0.288 0.284 0.255 0.193
0.003 0.003 0.003 0.003 0.003 0.003 0.003 0.003 0.003 0.002 0.002 0.002 0.002 0.002 0.002 0.002 0.002 0.002 0.002 0.002 0.002 0.002 0.002 0.002 0.002 0.002 0.002 0.002 0.002 0.002 0.002 0.002 0.002 0.002 0.002 0.002 0.002 0.002 0.002 0.003 0.003 0.003 0.004 0.004 0.005 0.005 0.006 0.007 0.008 0.009 0.010 0.012 0.015 0.018 0.022 0.027 0.032 0.037 0.040 0.042 0.042 0.041 0.039 0.036 0.035 0.035 0.036 0.039 0.048 0.064 0.088 0.107 0.119 0.124 0.124 0.115 0.091
