RESULTS/r.avaflow_results/14b_results/14b_ascii/14b_hflow10066.asc
ncols 506
nrows 317
xllcenter 498237.50
yllcenter 5580050.00
cellsize 12.50
NODATA_value -9999.000
[rows 170 to 203 of 317, columns 228 to 303 of 506]
3.535 3.406 3.294 3.198 3.120 3.056 3.011 2.987 2.978 2.980 2.989 3.012 3.054 3.079 3.079 3.045 2.956 2.801 2.587 2.321 1.997 1.561 0.976 0.487 0.213 0.093 0.044 0.023 0.014 0.009 0.007 0.005 0.004 0.003 0.002 0.001 0.001 0.001 0.000 0.000 0.000 0.000 0.000 0.000 0.000 0.000 0.000 0.000 0.000 0.000 0.000 0.000 0.000 0.000 0.000 0.000 0.000 0.000 0.000 0.000 0.000 0.000 0.000 0.000 0.000 0.000 0.000 0.000 0.000 0.000 0.000 0.000 0.000 0.000 0.000 0.000
3.762 3.612 3.475 3.356 3.257 3.177 3.120 3.084 3.068 3.066 3.071 3.085 3.108 3.118 3.105 3.057 2.963 2.821 2.632 2.403 2.137 1.784 1.246 0.682 0.325 0.148 0.070 0.036 0.021 0.013 0.009 0.006 0.005 0.004 0.003 0.002 0.001 0.001 0.000 0.000 0.000 0.000 0.000 0.000 0.000 0.000 0.000 0.000 0.000 0.000 0.000 0.000 0.000 0.000 0.000 0.000 0.000 0.000 0.000 0.000 0.000 0.000 0.000 0.000 0.000 0.000 0.000 0.000 0.000 0.000 0.000 0.000 0.000 0.000 0.000 0.000
3.993 3.818 3.656 3.514 3.393 3.297 3.228 3.182 3.154 3.143 3.141 3.142 3.145 3.140 3.113 3.054 2.959 2.826 2.655 2.449 2.214 1.922 1.467 0.887 0.461 0.223 0.107 0.054 0.030 0.018 0.012 0.008 0.006 0.005 0.003 0.003 0.002 0.001 0.001 0.001 0.000 0.000 0.000 0.000 0.000 0.000 0.000 0.000 0.000 0.000 0.000 0.000 0.000 0.000 0.000 0.000 0.000 0.000 0.000 0.000 0.000 0.000 0.000 0.000 0.000 0.000 0.000 0.000 0.000 0.000 0.000 0.000 0.000 0.000 0.000 0.000
4.220 4.022 3.838 3.676 3.537 3.425 3.342 3.282 3.241 3.217 3.204 3.192 3.178 3.158 3.123 3.055 2.955 2.824 2.663 2.473 2.257 2.007 1.643 1.113 0.627 0.322 0.159 0.080 0.043 0.025 0.016 0.011 0.008 0.006 0.004 0.003 0.002 0.002 0.001 0.001 0.001 0.000 0.000 0.000 0.000 0.000 0.000 0.000 0.000 0.000 0.000 0.000 0.000 0.000 0.000 0.000 0.000 0.000 0.000 0.000 0.000 0.000 0.000 0.000 0.000 0.000 0.000 0.000 0.000 0.000 0.000 0.000 0.000 0.000 0.000 0.000
4.448 4.228 4.027 3.850 3.696 3.569 3.468 3.391 3.334 3.294 3.265 3.238 3.208 3.175 3.128 3.053 2.949 2.818 2.661 2.482 2.284 2.065 1.778 1.347 0.837 0.460 0.236 0.119 0.062 0.035 0.021 0.014 0.010 0.007 0.005 0.004 0.003 0.002 0.002 0.001 0.001 0.001 0.000 0.000 0.000 0.000 0.000 0.000 0.000 0.000 0.000 0.000 0.000 0.000 0.000 0.000 0.000 0.000 0.000 0.000 0.000 0.000 0.000 0.000 0.000 0.000 0.000 0.000 0.000 0.000 0.000 0.000 0.000 0.000 0.000 0.000
4.681 4.441 4.227 4.038 3.873 3.728 3.607 3.510 3.435 3.376 3.329 3.285 3.239 3.190 3.129 3.045 2.936 2.804 2.653 2.485 2.302 2.108 1.875 1.542 1.085 0.650 0.356 0.183 0.093 0.050 0.029 0.019 0.013 0.009 0.007 0.005 0.004 0.003 0.002 0.002 0.001 0.001 0.001 0.000 0.000 0.000 0.000 0.000 0.000 0.000 0.000 0.000 0.000 0.000 0.000 0.000 0.000 0.000 0.000 0.000 0.000 0.000 0.000 0.000 0.000 0.000 0.000 0.000 0.000 0.000 0.000 0.000 0.000 0.000 0.000 0.000
4.928 4.669 4.441 4.240 4.061 3.901 3.758 3.642 3.549 3.468 3.401 3.338 3.273 3.201 3.119 3.023 2.909 2.779 2.635 2.479 2.311 2.134 1.934 1.673 1.324 0.903 0.537 0.292 0.148 0.075 0.041 0.025 0.017 0.011 0.008 0.006 0.005 0.003 0.003 0.002 0.001 0.001 0.001 0.001 0.000 0.000 0.000 0.000 0.000 0.000 0.000 0.000 0.000 0.000 0.000 0.000 0.000 0.000 0.000 0.000 0.000 0.000 0.000 0.000 0.000 0.000 0.000 0.000 0.000 0.000 0.000 0.000 0.000 0.000 0.000 0.000
5.199 4.921 4.676 4.458 4.259 4.083 3.926 3.793 3.678 3.577 3.486 3.398 3.307 3.211 3.108 2.998 2.879 2.750 2.612 2.466 2.311 2.143 1.960 1.747 1.483 1.155 0.785 0.464 0.249 0.124 0.063 0.036 0.022 0.014 0.010 0.007 0.005 0.004 0.003 0.002 0.002 0.001 0.001 0.001 0.001 0.000 0.000 0.000 0.000 0.000 0.000 0.000 0.000 0.000 0.000 0.000 0.000 0.000 0.000 0.000 0.000 0.000 0.000 0.000 0.000 0.000 0.000 0.000 0.000 0.000 0.000 0.000 0.000 0.000 0.000 0.001
5.506 5.208 4.937 4.694 4.474 4.281 4.109 3.960 3.822 3.698 3.581 3.464 3.344 3.225 3.108 2.988 2.863 2.732 2.595 2.453 2.305 2.145 1.970 1.780 1.568 1.322 1.026 0.697 0.408 0.215 0.107 0.055 0.031 0.019 0.012 0.008 0.006 0.005 0.004 0.003 0.002 0.002 0.001 0.001 0.001 0.001 0.000 0.000 0.000 0.000 0.000 0.000 0.000 0.000 0.000 0.000 0.000 0.000 0.000 0.000 0.000 0.000 0.000 0.000 0.000 0.000 0.000 0.000 0.000 0.000 0.000 0.000 0.000 0.001 0.001 0.001
5.860 5.530 5.226 4.955 4.715 4.502 4.310 4.139 3.978 3.827 3.681 3.534 3.389 3.249 3.116 2.988 2.859 2.726 2.588 2.445 2.299 2.144 1.978 1.803 1.618 1.417 1.192 0.928 0.628 0.362 0.190 0.095 0.049 0.026 0.015 0.010 0.007 0.006 0.005 0.004 0.003 0.002 0.002 0.002 0.001 0.001 0.001 0.001 0.000 0.000 0.000 0.000 0.000 0.000 0.000 0.000 0.000 0.000 0.000 0.000 0.000 0.000 0.000 0.000 0.000 0.000 0.000 0.000 0.000 0.000 0.001 0.001 0.001 0.001 0.001 0.002
6.266 5.896 5.557 5.251 4.983 4.742 4.523 4.323 4.138 3.958 3.783 3.609 3.441 3.284 3.138 2.999 2.863 2.726 2.587 2.444 2.297 2.146 1.988 1.826 1.656 1.479 1.297 1.100 0.858 0.573 0.330 0.175 0.087 0.043 0.022 0.013 0.009 0.007 0.005 0.004 0.004 0.003 0.003 0.002 0.002 0.002 0.001 0.001 0.001 0.001 0.001 0.001 0.001 0.000 0.000 0.000 0.000 0.000 0.000 0.001 0.001 0.001 0.001 0.001 0.001 0.001 0.001 0.001 0.001 0.001 0.001 0.001 0.001 0.002 0.002 0.003
6.668 6.274 5.913 5.579 5.273 4.993 4.739 4.509 4.295 4.088 3.888 3.692 3.504 3.331 3.171 3.021 2.875 2.732 2.590 2.446 2.301 2.154 2.002 1.846 1.687 1.528 1.371 1.215 1.038 0.807 0.543 0.322 0.173 0.083 0.038 0.019 0.012 0.009 0.007 0.005 0.004 0.004 0.003 0.003 0.002 0.002 0.002 0.002 0.002 0.001 0.001 0.001 0.001 0.001 0.001 0.001 0.001 0.001 0.001 0.001 0.002 0.002 0.002 0.002 0.002 0.002 0.002 0.002 0.002 0.002 0.002 0.002 0.002 0.003 0.004 0.005
7.009 6.599 6.226 5.880 5.551 5.244 4.958 4.696 4.451 4.219 3.998 3.784 3.580 3.392 3.216 3.052 2.896 2.745 2.599 2.456 2.313 2.168 2.019 1.866 1.714 1.568 1.428 1.295 1.158 0.996 0.791 0.564 0.350 0.184 0.084 0.037 0.020 0.013 0.009 0.007 0.006 0.005 0.004 0.004 0.003 0.003 0.003 0.003 0.002 0.002 0.002 0.002 0.002 0.002 0.002 0.002 0.002 0.002 0.002 0.003 0.003 0.003 0.003 0.003 0.003 0.003 0.003 0.003 0.003 0.003 0.003 0.003 0.004 0.005 0.007 0.010
7.284 6.865 6.486 6.137 5.803 5.483 5.174 4.882 4.609 4.355 4.115 3.886 3.668 3.464 3.274 3.096 2.929 2.770 2.620 2.476 2.334 2.190 2.041 1.890 1.743 1.605 1.473 1.350 1.231 1.106 0.961 0.793 0.596 0.377 0.192 0.087 0.042 0.023 0.015 0.011 0.008 0.006 0.005 0.005 0.004 0.004 0.004 0.004 0.004 0.003 0.003 0.003 0.003 0.003 0.003 0.004 0.004 0.004 0.004 0.005 0.005 0.005 0.005 0.005 0.005 0.005 0.005 0.004 0.004 0.004 0.005 0.005 0.006 0.009 0.013 0.022
7.502 7.080 6.700 6.352 6.020 5.696 5.381 5.070 4.774 4.500 4.244 4.000 3.770 3.554 3.351 3.160 2.981 2.813 2.656 2.508 2.364 2.218 2.067 1.918 1.776 1.640 1.511 1.388 1.270 1.154 1.033 0.900 0.747 0.562 0.355 0.191 0.097 0.052 0.030 0.019 0.013 0.009 0.007 0.006 0.006 0.005 0.005 0.005 0.005 0.005 0.005 0.005 0.005 0.005 0.005 0.006 0.006 0.006 0.007 0.008 0.008 0.008 0.009 0.009 0.008 0.008 0.007 0.007 0.007 0.007 0.008 0.009 0.012 0.017 0.027 0.045
7.665 7.250 6.871 6.526 6.197 5.877 5.565 5.252 4.948 4.659 4.389 4.134 3.895 3.668 3.455 3.252 3.061 2.882 2.715 2.556 2.402 2.250 2.098 1.949 1.808 1.672 1.540 1.414 1.291 1.170 1.048 0.922 0.790 0.650 0.490 0.330 0.200 0.115 0.066 0.039 0.025 0.016 0.012 0.009 0.008 0.007 0.007 0.007 0.007 0.007 0.007 0.007 0.007 0.008 0.008 0.009 0.010 0.011 0.012 0.013 0.014 0.015 0.015 0.015 0.015 0.013 0.012 0.012 0.012 0.013 0.014 0.018 0.024 0.035 0.052 0.074
7.786 7.377 7.001 6.656 6.333 6.020 5.716 5.416 5.122 4.834 4.558 4.297 4.050 3.812 3.588 3.373 3.170 2.977 2.794 2.619 2.452 2.292 2.136 1.986 1.839 1.698 1.563 1.432 1.304 1.177 1.051 0.926 0.803 0.684 0.567 0.447 0.328 0.220 0.136 0.083 0.050 0.032 0.021 0.015 0.012 0.011 0.010 0.010 0.010 0.010 0.010 0.011 0.012 0.013 0.014 0.015 0.017 0.021 0.024 0.026 0.027 0.028 0.028 0.028 0.027 0.024 0.022 0.022 0.022 0.024 0.028 0.036 0.048 0.064 0.080 0.095
7.870 7.468 7.093 6.748 6.431 6.127 5.832 5.547 5.273 5.009 4.748 4.491 4.237 3.989 3.752 3.525 3.307 3.096 2.893 2.699 2.517 2.346 2.185 2.027 1.872 1.724 1.583 1.446 1.312 1.181 1.054 0.931 0.816 0.710 0.612 0.520 0.429 0.336 0.240 0.157 0.101 0.064 0.042 0.028 0.021 0.018 0.016 0.016 0.016 0.016 0.016 0.018 0.019 0.022 0.025 0.029 0.035 0.043 0.050 0.054 0.055 0.055 0.054 0.053 0.050 0.046 0.043 0.042 0.043 0.047 0.057 0.069 0.081 0.090 0.097 0.104
7.922 7.528 7.153 6.807 6.493 6.201 5.924 5.661 5.410 5.170 4.939 4.702 4.454 4.201 3.950 3.706 3.467 3.234 3.010 2.798 2.600 2.416 2.242 2.074 1.911 1.753 1.603 1.458 1.318 1.184 1.056 0.939 0.831 0.734 0.647 0.568 0.496 0.425 0.349 0.265 0.187 0.130 0.087 0.059 0.042 0.034 0.030 0.029 0.028 0.028 0.029 0.032 0.036 0.042 0.049 0.060 0.074 0.091 0.103 0.109 0.110 0.109 0.106 0.101 0.095 0.088 0.083 0.082 0.084 0.090 0.099 0.105 0.105 0.103 0.103 0.105
7.941 7.555 7.184 6.838 6.525 6.244 5.989 5.752 5.527 5.314 5.107 4.894 4.667 4.424 4.169 3.910 3.651 3.394 3.148 2.918 2.702 2.502 2.312 2.130 1.957 1.787 1.624 1.469 1.322 1.186 1.060 0.948 0.847 0.757 0.677 0.607 0.546 0.492 0.440 0.383 0.316 0.247 0.184 0.131 0.095 0.074 0.064 0.059 0.056 0.056 0.057 0.062 0.071 0.085 0.103 0.125 0.150 0.174 0.189 0.194 0.194 0.189 0.182 0.172 0.160 0.149 0.142 0.138 0.135 0.133 0.131 0.124 0.115 0.108 0.104 0.103
7.941 7.566 7.200 6.852 6.538 6.265 6.028 5.817 5.623 5.436 5.249 5.057 4.849 4.624 4.383 4.128 3.859 3.579 3.308 3.057 2.823 2.602 2.396 2.201 2.013 1.829 1.650 1.481 1.326 1.187 1.062 0.954 0.860 0.777 0.704 0.640 0.586 0.542 0.506 0.475 0.440 0.398 0.344 0.276 0.209 0.163 0.137 0.123 0.116 0.113 0.115 0.123 0.141 0.171 0.203 0.232 0.256 0.269 0.270 0.264 0.256 0.246 0.233 0.218 0.202 0.190 0.181 0.172 0.165 0.156 0.145 0.131 0.118 0.109 0.103 0.098
7.921 7.564 7.208 6.855 6.539 6.269 6.045 5.855 5.688 5.526 5.363 5.193 5.006 4.801 4.579 4.338 4.073 3.781 3.479 3.201 2.946 2.707 2.485 2.276 2.073 1.872 1.679 1.496 1.332 1.187 1.062 0.956 0.867 0.792 0.726 0.668 0.620 0.581 0.553 0.532 0.516 0.496 0.466 0.417 0.349 0.290 0.252 0.227 0.214 0.209 0.210 0.223 0.252 0.289 0.317 0.331 0.337 0.331 0.317 0.300 0.284 0.269 0.252 0.235 0.219 0.206 0.196 0.186 0.175 0.163 0.148 0.132 0.119 0.108 0.099 0.090
7.817 7.519 7.204 6.852 6.530 6.263 6.042 5.866 5.721 5.585 5.449 5.304 5.142 4.961 4.757 4.525 4.260 3.959 3.633 3.327 3.051 2.796 2.558 2.332 2.115 1.904 1.702 1.511 1.338 1.187 1.060 0.956 0.871 0.801 0.741 0.690 0.646 0.611 0.584 0.565 0.551 0.537 0.515 0.478 0.424 0.371 0.336 0.315 0.303 0.299 0.302 0.319 0.351 0.376 0.387 0.389 0.382 0.365 0.340 0.315 0.293 0.274 0.255 0.237 0.222 0.209 0.198 0.187 0.176 0.163 0.148 0.132 0.118 0.106 0.093 0.081
7.547 7.325 7.090 6.799 6.496 6.240 6.030 5.860 5.726 5.612 5.506 5.391 5.258 5.100 4.908 4.681 4.413 4.106 3.766 3.440 3.142 2.868 2.611 2.368 2.139 1.924 1.717 1.523 1.343 1.186 1.057 0.954 0.871 0.803 0.749 0.704 0.666 0.633 0.606 0.584 0.565 0.545 0.521 0.488 0.444 0.405 0.379 0.364 0.357 0.355 0.361 0.382 0.410 0.423 0.425 0.419 0.405 0.383 0.353 0.322 0.296 0.274 0.254 0.237 0.222 0.209 0.197 0.186 0.174 0.161 0.147 0.131 0.116 0.101 0.087 0.074
7.083 6.921 6.765 6.578 6.353 6.148 5.978 5.835 5.717 5.622 5.540 5.456 5.351 5.211 5.026 4.799 4.528 4.218 3.878 3.542 3.224 2.925 2.645 2.385 2.149 1.931 1.726 1.529 1.345 1.184 1.050 0.946 0.866 0.802 0.751 0.711 0.677 0.647 0.620 0.594 0.569 0.543 0.517 0.483 0.445 0.417 0.400 0.391 0.388 0.389 0.398 0.422 0.441 0.446 0.444 0.434 0.418 0.393 0.360 0.326 0.297 0.274 0.253 0.235 0.219 0.206 0.193 0.181 0.170 0.157 0.144 0.128 0.112 0.095 0.080 0.067
6.442 6.312 6.204 6.096 5.972 5.858 5.772 5.706 5.653 5.603 5.554 5.496 5.411 5.282 5.101 4.873 4.603 4.296 3.965 3.631 3.301 2.973 2.666 2.390 2.147 1.928 1.721 1.521 1.332 1.165 1.029 0.926 0.851 0.794 0.749 0.712 0.682 0.655 0.628 0.599 0.569 0.539 0.507 0.474 0.442 0.421 0.410 0.406 0.406 0.409 0.422 0.442 0.454 0.456 0.453 0.443 0.425 0.398 0.363 0.327 0.297 0.272 0.250 0.231 0.214 0.199 0.186 0.173 0.160 0.148 0.135 0.121 0.104 0.087 0.073 0.062
5.640 5.507 5.415 5.351 5.305 5.280 5.288 5.330 5.400 5.466 5.505 5.495 5.433 5.311 5.133 4.907 4.639 4.344 4.031 3.707 3.369 3.010 2.674 2.381 2.124 1.885 1.657 1.441 1.246 1.080 0.952 0.863 0.803 0.759 0.728 0.703 0.681 0.658 0.632 0.601 0.567 0.532 0.496 0.463 0.437 0.420 0.414 0.413 0.415 0.421 0.435 0.450 0.458 0.459 0.457 0.447 0.427 0.399 0.364 0.327 0.295 0.268 0.244 0.224 0.205 0.188 0.173 0.159 0.146 0.133 0.120 0.107 0.092 0.078 0.066 0.057
4.720 4.529 4.425 4.382 4.377 4.408 4.491 4.629 4.815 5.014 5.183 5.306 5.358 5.295 5.137 4.910 4.649 4.371 4.080 3.767 3.418 3.030 2.665 2.341 2.038 1.748 1.477 1.237 1.037 0.884 0.777 0.715 0.685 0.669 0.662 0.661 0.658 0.647 0.627 0.598 0.561 0.520 0.482 0.451 0.429 0.417 0.413 0.413 0.418 0.428 0.441 0.452 0.458 0.459 0.455 0.444 0.425 0.397 0.362 0.324 0.290 0.261 0.236 0.213 0.193 0.175 0.158 0.142 0.128 0.115 0.102 0.090 0.078 0.068 0.059 0.052
3.761 3.486 3.320 3.248 3.239 3.279 3.383 3.558 3.797 4.075 4.369 4.681 4.970 5.104 5.054 4.882 4.645 4.387 4.115 3.808 3.442 3.025 2.608 2.219 1.848 1.504 1.207 0.971 0.792 0.662 0.573 0.523 0.509 0.516 0.535 0.564 0.587 0.597 0.592 0.573 0.540 0.496 0.456 0.427 0.410 0.402 0.402 0.407 0.416 0.428 0.439 0.444 0.442 0.437 0.429 0.417 0.401 0.379 0.351 0.316 0.280 0.250 0.224 0.201 0.179 0.160 0.142 0.127 0.113 0.100 0.089 0.078 0.069 0.061 0.055 0.049
2.858 2.551 2.342 2.210 2.141 2.117 2.140 2.219 2.381 2.644 3.013 3.511 4.112 4.562 4.737 4.708 4.579 4.378 4.127 3.817 3.429 2.968 2.471 2.015 1.609 1.272 1.010 0.810 0.659 0.547 0.465 0.411 0.383 0.377 0.387 0.416 0.459 0.492 0.503 0.497 0.476 0.438 0.399 0.375 0.364 0.363 0.368 0.381 0.396 0.405 0.407 0.398 0.381 0.365 0.353 0.344 0.337 0.330 0.317 0.294 0.263 0.234 0.208 0.185 0.164 0.144 0.127 0.113 0.100 0.089 0.079 0.070 0.063 0.057 0.052 0.047
1.985 1.713 1.521 1.382 1.280 1.211 1.174 1.168 1.208 1.325 1.563 1.996 2.707 3.490 3.993 4.209 4.262 4.190 4.009 3.710 3.302 2.801 2.252 1.778 1.400 1.111 0.892 0.724 0.594 0.494 0.417 0.360 0.320 0.296 0.287 0.293 0.314 0.340 0.355 0.357 0.348 0.324 0.297 0.283 0.280 0.285 0.298 0.314 0.324 0.324 0.309 0.281 0.251 0.233 0.224 0.223 0.228 0.242 0.252 0.248 0.234 0.212 0.190 0.168 0.147 0.128 0.113 0.100 0.089 0.079 0.071 0.064 0.058 0.054 0.049 0.046
1.175 1.005 0.873 0.767 0.675 0.600 0.545 0.518 0.514 0.545 0.645 0.867 1.277 1.938 2.645 3.143 3.400 3.477 3.413 3.213 2.877 2.432 1.933 1.518 1.204 0.971 0.794 0.654 0.542 0.453 0.383 0.328 0.285 0.252 0.231 0.221 0.219 0.224 0.225 0.221 0.211 0.195 0.180 0.174 0.173 0.177 0.189 0.197 0.196 0.185 0.163 0.139 0.123 0.117 0.118 0.123 0.135 0.155 0.177 0.188 0.188 0.181 0.167 0.149 0.130 0.113 0.100 0.088 0.078 0.070 0.063 0.058 0.054 0.051 0.048 0.045
0.570 0.493 0.428 0.367 0.309 0.259 0.224 0.205 0.199 0.202 0.225 0.296 0.454 0.743 1.173 1.597 1.906 2.080 2.138 2.110 1.986 1.761 1.465 1.199 0.991 0.826 0.694 0.583 0.489 0.411 0.347 0.297 0.256 0.224 0.199 0.181 0.168 0.159 0.151 0.142 0.131 0.118 0.108 0.103 0.102 0.102 0.104 0.103 0.098 0.089 0.075 0.065 0.061 0.062 0.066 0.074 0.086 0.105 0.127 0.141 0.146 0.145 0.139 0.128 0.114 0.100 0.087 0.077 0.069 0.063 0.058 0.054 0.051 0.049 0.047 0.044
0.216 0.196 0.176 0.155 0.131 0.108 0.092 0.082 0.077 0.076 0.080 0.094 0.133 0.216 0.366 0.561 0.719 0.827 0.896 0.941 0.965 0.944 0.880 0.804 0.736 0.663 0.586 0.508 0.433 0.366 0.311 0.265 0.228 0.198 0.174 0.155 0.139 0.125 0.114 0.103 0.091 0.081 0.073 0.068 0.065 0.063 0.061 0.057 0.053 0.048 0.042 0.039 0.039 0.040 0.045 0.053 0.065 0.081 0.098 0.110 0.115 0.116 0.113 0.108 0.098 0.087 0.077 0.068 0.061 0.056 0.053 0.050 0.049 0.047 0.046 0.044
