RESULTS/r.avaflow_results/14b_results/14b_ascii/14b_hflow30064.asc
ncols 506
nrows 317
xllcenter 498237.50
yllcenter 5580050.00
cellsize 12.50
NODATA_value -9999.000
[rows 204 to 237 of 317, columns 308 to 384 of 506]
0.233 0.252 0.276 0.313 0.376 0.466 0.543 0.589 0.610 0.613 0.601 0.570 0.528 0.501 0.492 0.499 0.528 0.582 0.644 0.681 0.689 0.677 0.639 0.579 0.519 0.475 0.446 0.428 0.414 0.399 0.371 0.321 0.261 0.218 0.190 0.172 0.163 0.160 0.162 0.175 0.210 0.259 0.287 0.295 0.293 0.280 0.254 0.215 0.170 0.138 0.120 0.112 0.108 0.106 0.105 0.105 0.109 0.122 0.151 0.204 0.290 0.419 0.566 0.682 0.770 0.841 0.899 0.930 0.931 0.894 0.802 0.700 0.643 0.620 0.609 0.595 0.574
0.269 0.280 0.289 0.304 0.335 0.384 0.443 0.499 0.543 0.566 0.568 0.550 0.513 0.492 0.491 0.510 0.557 0.616 0.661 0.684 0.687 0.673 0.635 0.576 0.515 0.470 0.440 0.422 0.407 0.392 0.364 0.315 0.258 0.217 0.193 0.180 0.175 0.175 0.179 0.194 0.225 0.256 0.266 0.264 0.252 0.231 0.201 0.165 0.133 0.111 0.100 0.095 0.093 0.092 0.091 0.091 0.095 0.110 0.142 0.192 0.259 0.334 0.404 0.460 0.509 0.559 0.614 0.659 0.684 0.691 0.672 0.641 0.631 0.649 0.689 0.710 0.710
0.308 0.303 0.292 0.287 0.293 0.309 0.338 0.379 0.434 0.482 0.501 0.499 0.479 0.468 0.475 0.507 0.563 0.613 0.641 0.650 0.647 0.632 0.602 0.553 0.496 0.449 0.417 0.396 0.380 0.363 0.339 0.296 0.247 0.213 0.195 0.188 0.187 0.190 0.201 0.220 0.244 0.259 0.262 0.253 0.233 0.205 0.171 0.140 0.115 0.099 0.090 0.086 0.084 0.084 0.084 0.085 0.090 0.107 0.141 0.192 0.248 0.292 0.325 0.349 0.371 0.393 0.421 0.452 0.477 0.497 0.516 0.543 0.586 0.649 0.725 0.774 0.789
0.335 0.315 0.286 0.266 0.258 0.258 0.266 0.284 0.316 0.362 0.399 0.415 0.419 0.424 0.441 0.480 0.528 0.553 0.559 0.555 0.549 0.540 0.525 0.495 0.450 0.404 0.371 0.346 0.326 0.308 0.287 0.258 0.227 0.207 0.197 0.195 0.196 0.204 0.219 0.244 0.262 0.268 0.266 0.253 0.229 0.196 0.160 0.130 0.108 0.094 0.086 0.082 0.080 0.080 0.080 0.083 0.089 0.107 0.143 0.196 0.243 0.272 0.289 0.299 0.306 0.312 0.320 0.333 0.350 0.372 0.403 0.448 0.520 0.625 0.728 0.792 0.818
0.345 0.315 0.274 0.242 0.223 0.213 0.210 0.214 0.227 0.249 0.277 0.304 0.331 0.356 0.379 0.405 0.421 0.413 0.400 0.390 0.387 0.392 0.398 0.390 0.368 0.335 0.305 0.282 0.262 0.245 0.230 0.216 0.205 0.199 0.197 0.198 0.203 0.212 0.230 0.258 0.277 0.282 0.278 0.261 0.233 0.196 0.159 0.129 0.107 0.093 0.085 0.081 0.079 0.079 0.080 0.083 0.091 0.110 0.147 0.202 0.242 0.263 0.273 0.277 0.278 0.275 0.270 0.268 0.275 0.291 0.321 0.370 0.449 0.569 0.696 0.779 0.818
0.340 0.301 0.252 0.213 0.187 0.170 0.161 0.158 0.160 0.167 0.181 0.201 0.230 0.258 0.274 0.276 0.264 0.244 0.231 0.228 0.233 0.249 0.269 0.277 0.275 0.265 0.252 0.238 0.221 0.206 0.195 0.190 0.188 0.190 0.194 0.200 0.206 0.215 0.233 0.263 0.289 0.298 0.296 0.280 0.250 0.211 0.171 0.137 0.112 0.096 0.086 0.081 0.079 0.079 0.080 0.084 0.094 0.114 0.152 0.205 0.242 0.261 0.268 0.270 0.269 0.263 0.248 0.235 0.232 0.240 0.263 0.304 0.371 0.477 0.610 0.720 0.786
0.308 0.259 0.209 0.172 0.146 0.128 0.118 0.113 0.111 0.111 0.117 0.128 0.148 0.164 0.168 0.164 0.153 0.140 0.134 0.134 0.142 0.160 0.186 0.206 0.215 0.218 0.216 0.210 0.200 0.187 0.179 0.177 0.178 0.183 0.192 0.200 0.207 0.215 0.232 0.264 0.301 0.320 0.323 0.313 0.290 0.255 0.214 0.171 0.134 0.108 0.093 0.086 0.083 0.083 0.084 0.089 0.099 0.119 0.155 0.205 0.241 0.261 0.269 0.270 0.269 0.262 0.244 0.221 0.210 0.212 0.225 0.251 0.292 0.360 0.467 0.597 0.702
0.235 0.184 0.146 0.120 0.102 0.091 0.083 0.079 0.076 0.076 0.077 0.083 0.094 0.101 0.102 0.100 0.094 0.088 0.086 0.088 0.095 0.112 0.139 0.165 0.182 0.191 0.195 0.194 0.189 0.179 0.173 0.172 0.173 0.180 0.190 0.199 0.206 0.215 0.232 0.266 0.315 0.354 0.372 0.376 0.367 0.346 0.311 0.257 0.194 0.146 0.116 0.101 0.094 0.093 0.094 0.098 0.108 0.126 0.158 0.203 0.241 0.264 0.275 0.279 0.278 0.271 0.251 0.221 0.203 0.197 0.201 0.211 0.230 0.263 0.323 0.427 0.557
0.143 0.112 0.092 0.078 0.069 0.063 0.058 0.056 0.054 0.054 0.054 0.057 0.062 0.066 0.067 0.066 0.065 0.063 0.063 0.065 0.073 0.088 0.113 0.141 0.161 0.175 0.182 0.184 0.182 0.176 0.171 0.170 0.172 0.178 0.188 0.196 0.204 0.215 0.235 0.274 0.339 0.416 0.471 0.503 0.515 0.513 0.488 0.425 0.326 0.232 0.172 0.139 0.124 0.117 0.115 0.118 0.125 0.139 0.164 0.199 0.239 0.275 0.300 0.311 0.313 0.305 0.280 0.238 0.208 0.193 0.186 0.183 0.188 0.201 0.230 0.288 0.384
0.084 0.069 0.060 0.053 0.049 0.045 0.043 0.042 0.041 0.041 0.041 0.042 0.044 0.047 0.048 0.049 0.049 0.050 0.051 0.055 0.062 0.076 0.098 0.126 0.147 0.163 0.172 0.177 0.177 0.174 0.171 0.170 0.172 0.177 0.184 0.192 0.200 0.213 0.240 0.294 0.385 0.510 0.630 0.713 0.759 0.771 0.754 0.683 0.547 0.390 0.284 0.224 0.190 0.171 0.160 0.156 0.156 0.163 0.177 0.202 0.242 0.300 0.361 0.392 0.399 0.391 0.357 0.296 0.236 0.200 0.180 0.168 0.163 0.165 0.177 0.204 0.252
0.053 0.046 0.043 0.040 0.037 0.035 0.034 0.033 0.033 0.033 0.033 0.034 0.035 0.036 0.038 0.039 0.041 0.043 0.045 0.049 0.057 0.071 0.092 0.117 0.137 0.152 0.163 0.170 0.172 0.172 0.171 0.170 0.171 0.174 0.178 0.184 0.192 0.208 0.241 0.309 0.421 0.581 0.760 0.894 0.972 0.996 0.983 0.913 0.773 0.590 0.455 0.368 0.312 0.273 0.245 0.224 0.209 0.203 0.206 0.219 0.259 0.344 0.463 0.542 0.566 0.558 0.515 0.426 0.312 0.230 0.186 0.163 0.151 0.146 0.148 0.156 0.175
0.038 0.035 0.034 0.032 0.031 0.029 0.028 0.028 0.028 0.028 0.028 0.029 0.029 0.031 0.032 0.034 0.036 0.038 0.042 0.047 0.056 0.070 0.091 0.114 0.131 0.144 0.155 0.162 0.167 0.169 0.169 0.168 0.166 0.166 0.168 0.171 0.178 0.196 0.235 0.310 0.432 0.607 0.815 0.978 1.074 1.108 1.100 1.040 0.908 0.726 0.590 0.497 0.429 0.376 0.333 0.299 0.272 0.255 0.249 0.255 0.296 0.390 0.540 0.678 0.749 0.761 0.730 0.630 0.462 0.302 0.210 0.167 0.146 0.135 0.130 0.129 0.133
0.031 0.030 0.029 0.028 0.027 0.026 0.025 0.024 0.024 0.024 0.025 0.025 0.026 0.027 0.028 0.030 0.032 0.035 0.039 0.046 0.056 0.071 0.092 0.113 0.129 0.140 0.149 0.157 0.162 0.164 0.164 0.162 0.157 0.153 0.152 0.153 0.158 0.176 0.219 0.298 0.423 0.600 0.817 0.989 1.092 1.131 1.129 1.079 0.959 0.788 0.655 0.559 0.485 0.426 0.379 0.341 0.312 0.293 0.287 0.292 0.329 0.416 0.563 0.730 0.839 0.881 0.875 0.809 0.650 0.426 0.263 0.183 0.148 0.130 0.120 0.114 0.112
0.027 0.027 0.026 0.026 0.025 0.024 0.023 0.022 0.022 0.022 0.022 0.023 0.024 0.025 0.026 0.028 0.030 0.033 0.038 0.045 0.056 0.072 0.093 0.114 0.129 0.140 0.147 0.154 0.158 0.159 0.159 0.155 0.148 0.142 0.140 0.140 0.144 0.157 0.193 0.265 0.382 0.552 0.769 0.946 1.056 1.105 1.108 1.066 0.956 0.798 0.668 0.572 0.497 0.438 0.391 0.355 0.331 0.316 0.311 0.315 0.345 0.423 0.559 0.730 0.854 0.920 0.936 0.907 0.795 0.576 0.347 0.216 0.156 0.129 0.116 0.108 0.104
0.025 0.025 0.025 0.025 0.024 0.023 0.021 0.021 0.020 0.020 0.020 0.021 0.022 0.023 0.025 0.026 0.029 0.032 0.037 0.045 0.057 0.073 0.094 0.115 0.131 0.141 0.148 0.153 0.157 0.158 0.157 0.152 0.144 0.138 0.135 0.135 0.138 0.148 0.173 0.223 0.312 0.453 0.649 0.829 0.946 1.005 1.015 0.985 0.901 0.771 0.652 0.560 0.487 0.430 0.387 0.356 0.336 0.327 0.324 0.328 0.352 0.418 0.538 0.703 0.838 0.917 0.947 0.942 0.877 0.710 0.461 0.271 0.175 0.134 0.116 0.107 0.102
0.024 0.024 0.024 0.024 0.023 0.022 0.021 0.020 0.019 0.019 0.019 0.020 0.020 0.021 0.023 0.025 0.027 0.031 0.036 0.045 0.057 0.073 0.093 0.115 0.132 0.143 0.150 0.155 0.158 0.159 0.158 0.152 0.143 0.138 0.135 0.135 0.138 0.146 0.166 0.202 0.259 0.351 0.489 0.642 0.752 0.811 0.826 0.812 0.764 0.680 0.584 0.504 0.441 0.395 0.366 0.347 0.336 0.331 0.331 0.336 0.357 0.410 0.509 0.656 0.796 0.890 0.937 0.945 0.915 0.805 0.590 0.356 0.216 0.152 0.124 0.112 0.106
0.024 0.024 0.023 0.023 0.022 0.021 0.020 0.019 0.019 0.018 0.018 0.018 0.019 0.020 0.022 0.024 0.026 0.030 0.035 0.044 0.056 0.072 0.091 0.114 0.132 0.144 0.152 0.158 0.161 0.162 0.160 0.152 0.144 0.141 0.139 0.140 0.143 0.151 0.169 0.199 0.240 0.295 0.374 0.465 0.530 0.563 0.571 0.569 0.552 0.511 0.448 0.390 0.350 0.327 0.319 0.323 0.329 0.333 0.338 0.346 0.364 0.409 0.497 0.624 0.749 0.843 0.906 0.932 0.926 0.863 0.710 0.475 0.290 0.196 0.154 0.134 0.126
0.023 0.023 0.023 0.023 0.022 0.021 0.020 0.019 0.018 0.018 0.018 0.018 0.018 0.019 0.020 0.022 0.025 0.028 0.033 0.041 0.053 0.069 0.088 0.109 0.127 0.141 0.150 0.157 0.162 0.163 0.161 0.154 0.147 0.146 0.147 0.151 0.157 0.169 0.188 0.212 0.241 0.273 0.311 0.352 0.380 0.391 0.392 0.387 0.372 0.341 0.296 0.262 0.246 0.245 0.258 0.289 0.319 0.336 0.348 0.361 0.380 0.422 0.501 0.612 0.714 0.797 0.864 0.905 0.914 0.884 0.781 0.592 0.397 0.277 0.216 0.188 0.176
0.023 0.023 0.023 0.022 0.021 0.020 0.019 0.019 0.018 0.018 0.017 0.017 0.018 0.018 0.019 0.021 0.023 0.026 0.030 0.038 0.049 0.064 0.082 0.101 0.118 0.131 0.143 0.152 0.158 0.160 0.159 0.154 0.148 0.147 0.149 0.159 0.177 0.204 0.227 0.243 0.253 0.265 0.278 0.289 0.295 0.296 0.292 0.283 0.267 0.238 0.205 0.187 0.184 0.192 0.219 0.268 0.314 0.344 0.367 0.388 0.413 0.452 0.519 0.608 0.688 0.756 0.820 0.867 0.885 0.873 0.802 0.658 0.492 0.378 0.310 0.275 0.262
0.023 0.023 0.023 0.022 0.021 0.020 0.019 0.018 0.018 0.017 0.017 0.017 0.017 0.018 0.018 0.019 0.021 0.023 0.027 0.033 0.043 0.057 0.073 0.089 0.102 0.115 0.128 0.139 0.147 0.150 0.150 0.148 0.145 0.145 0.148 0.159 0.185 0.225 0.251 0.262 0.263 0.262 0.259 0.256 0.253 0.247 0.240 0.230 0.213 0.188 0.167 0.158 0.158 0.171 0.205 0.262 0.318 0.359 0.390 0.417 0.445 0.481 0.536 0.606 0.665 0.718 0.768 0.808 0.826 0.822 0.778 0.674 0.544 0.457 0.406 0.383 0.378
0.023 0.023 0.022 0.022 0.021 0.020 0.019 0.018 0.017 0.017 0.017 0.017 0.017 0.017 0.017 0.018 0.020 0.022 0.025 0.030 0.037 0.048 0.061 0.072 0.082 0.093 0.106 0.118 0.126 0.131 0.132 0.133 0.133 0.133 0.138 0.152 0.183 0.227 0.255 0.265 0.264 0.257 0.246 0.238 0.231 0.224 0.216 0.204 0.189 0.170 0.158 0.153 0.155 0.170 0.206 0.264 0.329 0.378 0.411 0.437 0.462 0.493 0.540 0.600 0.644 0.676 0.702 0.720 0.726 0.722 0.700 0.644 0.561 0.508 0.486 0.485 0.507
0.023 0.023 0.022 0.022 0.021 0.020 0.019 0.018 0.017 0.017 0.016 0.016 0.016 0.017 0.017 0.017 0.018 0.020 0.023 0.026 0.032 0.040 0.049 0.057 0.065 0.073 0.083 0.092 0.099 0.104 0.106 0.107 0.108 0.111 0.117 0.133 0.164 0.210 0.242 0.254 0.254 0.247 0.234 0.226 0.220 0.214 0.205 0.194 0.181 0.169 0.162 0.162 0.170 0.190 0.225 0.282 0.350 0.400 0.432 0.452 0.471 0.495 0.535 0.585 0.616 0.630 0.633 0.627 0.615 0.604 0.594 0.580 0.559 0.548 0.555 0.581 0.634
0.024 0.023 0.023 0.022 0.021 0.020 0.019 0.018 0.017 0.016 0.016 0.016 0.016 0.016 0.016 0.017 0.017 0.018 0.020 0.023 0.028 0.033 0.039 0.045 0.051 0.057 0.064 0.072 0.076 0.079 0.079 0.079 0.079 0.080 0.086 0.099 0.124 0.163 0.199 0.219 0.225 0.224 0.218 0.214 0.212 0.208 0.200 0.190 0.182 0.178 0.186 0.205 0.231 0.258 0.290 0.336 0.393 0.434 0.456 0.467 0.476 0.489 0.514 0.551 0.576 0.582 0.578 0.563 0.543 0.532 0.531 0.541 0.560 0.585 0.622 0.677 0.746
0.024 0.023 0.023 0.022 0.021 0.020 0.019 0.017 0.017 0.016 0.016 0.016 0.016 0.016 0.016 0.016 0.016 0.017 0.018 0.020 0.024 0.027 0.032 0.036 0.040 0.045 0.050 0.055 0.059 0.060 0.060 0.059 0.058 0.058 0.060 0.066 0.079 0.101 0.131 0.158 0.177 0.189 0.196 0.201 0.203 0.202 0.197 0.191 0.190 0.203 0.242 0.311 0.371 0.404 0.426 0.449 0.474 0.490 0.492 0.485 0.479 0.477 0.484 0.502 0.525 0.537 0.537 0.526 0.512 0.507 0.512 0.533 0.572 0.628 0.694 0.761 0.825
0.024 0.023 0.022 0.021 0.020 0.019 0.018 0.017 0.016 0.016 0.015 0.015 0.015 0.015 0.015 0.015 0.015 0.015 0.016 0.018 0.020 0.022 0.025 0.028 0.032 0.035 0.039 0.042 0.045 0.046 0.046 0.045 0.044 0.043 0.044 0.046 0.052 0.064 0.080 0.100 0.121 0.144 0.166 0.181 0.189 0.192 0.191 0.190 0.196 0.222 0.297 0.435 0.560 0.615 0.626 0.622 0.606 0.583 0.551 0.510 0.480 0.468 0.466 0.472 0.488 0.504 0.511 0.512 0.510 0.513 0.527 0.562 0.621 0.697 0.766 0.819 0.864
0.022 0.022 0.021 0.020 0.019 0.018 0.017 0.016 0.015 0.015 0.014 0.014 0.014 0.014 0.014 0.014 0.014 0.014 0.014 0.015 0.016 0.018 0.020 0.022 0.025 0.027 0.030 0.032 0.033 0.034 0.034 0.034 0.034 0.034 0.034 0.035 0.038 0.044 0.053 0.065 0.080 0.099 0.124 0.146 0.161 0.170 0.176 0.182 0.193 0.226 0.315 0.489 0.668 0.753 0.769 0.762 0.740 0.702 0.639 0.550 0.487 0.463 0.461 0.464 0.472 0.486 0.500 0.516 0.536 0.566 0.608 0.664 0.730 0.790 0.826 0.848 0.872
0.019 0.018 0.018 0.017 0.017 0.016 0.015 0.014 0.013 0.013 0.012 0.012 0.012 0.012 0.012 0.012 0.012 0.012 0.012 0.012 0.013 0.014 0.015 0.017 0.019 0.021 0.022 0.023 0.024 0.025 0.026 0.026 0.026 0.026 0.027 0.027 0.029 0.033 0.038 0.045 0.054 0.066 0.081 0.099 0.115 0.130 0.143 0.156 0.174 0.214 0.308 0.491 0.689 0.797 0.829 0.829 0.814 0.780 0.715 0.604 0.508 0.469 0.463 0.466 0.472 0.483 0.501 0.537 0.604 0.695 0.772 0.825 0.855 0.867 0.861 0.855 0.859
0.014 0.013 0.013 0.013 0.013 0.013 0.012 0.011 0.011 0.010 0.010 0.009 0.009 0.009 0.009 0.009 0.009 0.009 0.009 0.010 0.010 0.011 0.012 0.013 0.014 0.015 0.016 0.017 0.018 0.019 0.019 0.019 0.020 0.020 0.021 0.022 0.023 0.025 0.028 0.032 0.037 0.044 0.052 0.061 0.070 0.080 0.092 0.108 0.131 0.174 0.266 0.438 0.644 0.770 0.823 0.836 0.831 0.806 0.749 0.643 0.539 0.489 0.476 0.476 0.479 0.488 0.511 0.568 0.678 0.813 0.898 0.927 0.925 0.905 0.873 0.842 0.818
0.009 0.009 0.009 0.009 0.009 0.009 0.009 0.008 0.008 0.007 0.007 0.007 0.007 0.007 0.007 0.007 0.007 0.007 0.007 0.007 0.008 0.008 0.009 0.010 0.011 0.012 0.012 0.013 0.013 0.014 0.014 0.014 0.015 0.015 0.016 0.017 0.018 0.019 0.021 0.023 0.027 0.031 0.035 0.038 0.042 0.047 0.053 0.062 0.078 0.109 0.176 0.304 0.481 0.627 0.719 0.770 0.789 0.780 0.738 0.650 0.552 0.500 0.481 0.478 0.481 0.489 0.514 0.578 0.704 0.855 0.938 0.957 0.945 0.911 0.865 0.811 0.749
0.006 0.006 0.006 0.006 0.006 0.006 0.006 0.006 0.005 0.005 0.005 0.005 0.005 0.005 0.005 0.005 0.005 0.005 0.005 0.005 0.006 0.006 0.007 0.007 0.008 0.008 0.009 0.009 0.010 0.010 0.010 0.011 0.011 0.011 0.012 0.012 0.013 0.014 0.015 0.017 0.019 0.022 0.024 0.025 0.027 0.029 0.032 0.037 0.044 0.059 0.089 0.148 0.242 0.357 0.471 0.565 0.622 0.644 0.636 0.595 0.530 0.485 0.465 0.458 0.458 0.465 0.490 0.558 0.686 0.836 0.917 0.935 0.923 0.887 0.831 0.757 0.663
0.004 0.004 0.004 0.004 0.004 0.004 0.004 0.004 0.003 0.003 0.003 0.003 0.003 0.003 0.003 0.003 0.003 0.003 0.003 0.004 0.004 0.004 0.005 0.005 0.006 0.006 0.006 0.007 0.007 0.007 0.007 0.008 0.008 0.008 0.009 0.009 0.010 0.010 0.011 0.012 0.014 0.015 0.017 0.018 0.019 0.020 0.022 0.024 0.028 0.034 0.046 0.067 0.102 0.150 0.212 0.280 0.338 0.384 0.416 0.433 0.423 0.404 0.388 0.379 0.376 0.380 0.402 0.463 0.576 0.712 0.792 0.819 0.816 0.792 0.743 0.666 0.555
0.002 0.002 0.002 0.002 0.002 0.002 0.002 0.002 0.002 0.002 0.002 0.002 0.002 0.002 0.002 0.002 0.002 0.002 0.002 0.002 0.003 0.003 0.003 0.004 0.004 0.004 0.004 0.005 0.005 0.005 0.005 0.005 0.005 0.006 0.006 0.006 0.007 0.007 0.008 0.009 0.010 0.011 0.012 0.013 0.014 0.014 0.016 0.017 0.019 0.022 0.027 0.035 0.047 0.064 0.088 0.117 0.147 0.176 0.206 0.229 0.241 0.245 0.240 0.233 0.230 0.230 0.242 0.279 0.351 0.449 0.528 0.573 0.592 0.591 0.567 0.507 0.404
0.001 0.001 0.001 0.001 0.001 0.001 0.001 0.001 0.001 0.001 0.001 0.001 0.001 0.001 0.001 0.001 0.001 0.001 0.001 0.001 0.002 0.002 0.002 0.002 0.003 0.003 0.003 0.003 0.003 0.003 0.003 0.003 0.004 0.004 0.004 0.004 0.004 0.005 0.005 0.006 0.007 0.008 0.008 0.009 0.010 0.011 0.011 0.012 0.013 0.015 0.018 0.021 0.026 0.033 0.042 0.054 0.067 0.082 0.098 0.111 0.118 0.120 0.119 0.116 0.113 0.113 0.116 0.129 0.158 0.205 0.257 0.294 0.317 0.324 0.320 0.292 0.235
0.000 0.000 0.000 0.000 0.000 0.000 0.000 0.000 0.000 0.000 0.000 0.000 0.000 0.000 0.000 0.000 0.000 0.000 0.001 0.001 0.001 0.001 0.001 0.001 0.001 0.002 0.002 0.002 0.002 0.002 0.002 0.002 0.002 0.002 0.002 0.002 0.003 0.003 0.003 0.004 0.004 0.005 0.006 0.006 0.007 0.007 0.008 0.009 0.010 0.011 0.012 0.014 0.017 0.021 0.025 0.030 0.036 0.044 0.052 0.058 0.061 0.061 0.060 0.058 0.057 0.056 0.057 0.061 0.071 0.089 0.114 0.133 0.146 0.152 0.152 0.142 0.119
