RESULTS/r.avaflow_results/14b_results/14b_ascii/14b_hflow_max0057.asc
ncols 506
nrows 317
xllcenter 498237.50
yllcenter 5580050.00
cellsize 12.50
NODATA_value -9999.000
[rows 170 to 203 of 317, columns 152 to 227 of 506]
87.304 87.936 88.269 88.245 88.634 87.933 86.757 85.899 84.299 82.555 81.202 79.592 77.975 76.656 75.053 73.239 71.518 69.265 66.188 63.101 59.625 55.840 52.570 50.862 48.978 47.035 45.158 43.446 41.777 40.239 38.588 36.819 34.953 32.952 30.880 28.846 26.896 25.131 23.564 22.274 21.351 20.478 19.647 18.840 18.111 17.479 16.919 16.424 16.190 15.888 15.528 15.215 14.907 14.537 14.249 13.910 13.528 13.129 12.713 12.296 11.898 11.521 11.135 10.711 10.274 9.829 9.372 8.907 8.431 7.965 7.553 7.213 6.936 6.733 6.572 6.447
92.851 94.622 95.830 96.413 96.748 96.118 94.801 93.601 91.679 89.812 87.980 86.140 84.290 82.623 80.910 79.150 77.312 74.814 71.631 68.302 64.535 60.481 56.663 52.707 50.291 47.758 45.270 43.265 41.451 39.908 38.477 36.854 35.181 33.264 31.317 29.390 27.473 25.637 23.984 22.590 21.578 20.659 19.827 19.026 18.294 17.732 17.278 16.906 16.644 16.324 15.960 15.561 15.174 14.763 14.404 14.062 13.680 13.310 12.943 12.563 12.188 11.816 11.414 10.970 10.519 10.049 9.539 9.017 8.503 8.032 7.627 7.297 7.049 6.852 6.686 6.555
96.987 99.949 102.060 102.749 103.660 102.774 100.962 99.532 97.518 95.180 93.890 91.937 89.577 88.326 86.587 84.543 82.905 80.426 76.939 73.476 69.476 65.359 61.266 56.828 52.473 49.212 46.275 43.695 41.231 39.264 37.765 36.339 34.902 33.237 31.409 29.605 27.794 26.013 24.284 22.802 21.719 20.739 19.830 19.014 18.304 17.721 17.301 17.044 16.748 16.423 16.028 15.522 14.984 14.491 14.091 13.823 13.517 13.207 12.918 12.619 12.297 11.951 11.569 11.139 10.690 10.209 9.677 9.113 8.561 8.077 7.678 7.364 7.111 6.901 6.715 6.567
99.911 103.622 105.649 106.295 106.945 106.132 104.619 103.370 101.581 99.548 97.971 96.021 93.931 92.489 90.810 88.988 87.512 85.251 81.854 78.568 74.503 70.158 65.753 60.957 56.223 51.782 47.827 44.529 41.493 38.922 36.968 35.428 34.149 32.801 31.233 29.573 27.881 26.206 24.505 22.954 21.764 20.680 19.685 18.801 18.061 17.493 17.088 16.818 16.495 16.026 15.421 14.732 14.000 13.409 13.059 12.939 12.772 12.579 12.388 12.200 11.979 11.715 11.403 11.030 10.622 10.167 9.663 9.137 8.613 8.133 7.743 7.416 7.131 6.880 6.655 6.470
100.756 103.718 105.742 107.054 107.970 107.578 106.492 105.363 103.936 102.310 100.995 99.299 97.420 95.623 94.086 92.610 91.024 88.822 86.004 82.754 78.705 74.808 70.213 65.108 59.862 54.677 49.911 45.808 42.160 39.053 36.571 34.572 33.002 31.683 30.422 29.131 27.666 26.120 24.517 23.036 21.846 20.875 19.880 18.837 17.841 17.041 16.498 16.005 15.415 14.674 13.821 12.908 12.018 11.440 11.363 11.374 11.350 11.295 11.208 11.135 11.040 10.920 10.748 10.492 10.158 9.774 9.342 8.906 8.493 8.092 7.720 7.389 7.079 6.781 6.512 6.288
99.509 102.208 104.310 106.056 106.932 106.409 106.161 105.246 104.473 103.480 102.487 101.222 99.877 98.178 96.300 95.009 93.401 91.481 89.314 86.294 82.353 78.469 73.539 67.959 62.405 57.044 51.439 46.789 42.786 39.348 36.492 34.010 31.965 30.309 29.126 28.208 26.961 25.605 24.215 22.939 21.927 20.961 19.930 18.772 17.497 16.272 15.198 14.178 13.185 12.186 11.166 10.209 9.571 9.424 9.610 9.892 10.097 10.176 10.132 10.053 9.949 9.828 9.698 9.533 9.298 9.012 8.687 8.388 8.096 7.802 7.504 7.207 6.912 6.615 6.324 6.065
95.982 98.747 100.718 101.963 103.629 103.854 103.525 104.288 104.098 103.402 103.411 102.504 100.987 99.454 97.742 96.107 94.704 92.876 90.814 87.950 84.445 80.295 75.073 69.295 64.083 58.374 52.244 47.218 43.046 39.453 36.411 33.587 31.218 29.428 28.028 26.913 25.715 24.470 23.390 22.498 21.778 20.820 19.579 18.122 16.458 14.674 12.951 11.383 10.070 8.997 8.146 7.741 7.722 7.966 8.469 9.028 9.433 9.630 9.628 9.546 9.425 9.261 9.057 8.826 8.574 8.311 8.059 7.830 7.604 7.378 7.147 6.895 6.639 6.379 6.116 5.872
90.203 92.397 94.437 96.415 98.122 99.489 100.778 101.698 102.078 102.418 102.069 101.482 100.561 98.689 97.025 95.740 94.289 92.421 90.720 87.871 84.353 80.289 74.934 69.159 64.527 58.640 52.356 47.174 42.928 39.258 36.081 33.180 30.947 29.153 27.280 25.616 24.165 22.782 21.795 21.123 20.374 19.213 17.706 15.969 14.061 12.100 10.194 8.478 7.245 6.472 6.216 6.326 6.677 7.242 7.961 8.643 9.141 9.405 9.437 9.380 9.288 9.140 8.931 8.713 8.452 8.148 7.834 7.555 7.339 7.141 6.931 6.724 6.594 6.451 6.287 6.107
83.414 85.867 88.224 91.259 93.872 95.949 98.315 99.599 99.883 100.558 100.296 99.344 98.785 97.043 94.881 94.059 92.574 90.437 88.790 86.137 82.581 78.634 73.187 68.544 63.807 57.848 51.564 46.498 42.189 38.511 35.376 32.514 30.282 28.299 26.224 24.146 21.963 19.786 18.072 16.747 15.534 14.191 12.717 11.259 9.908 8.634 7.370 6.251 5.481 5.140 5.228 5.664 6.363 7.197 7.998 8.660 9.131 9.385 9.442 9.417 9.420 9.388 9.307 9.153 8.934 8.664 8.363 8.068 7.797 7.550 7.333 7.145 6.973 6.789 6.589 6.381
76.928 80.466 83.445 86.113 89.392 91.716 93.803 95.311 95.888 96.526 96.162 95.238 94.334 92.964 91.502 90.064 88.419 86.382 84.471 81.955 78.390 74.257 69.384 65.489 60.941 55.298 49.572 44.782 40.492 36.797 33.808 31.253 28.994 26.621 24.042 21.067 17.534 14.259 11.680 9.839 8.529 7.510 6.727 6.145 5.729 5.395 5.062 4.706 4.469 4.468 4.857 5.625 6.668 7.650 8.417 8.982 9.359 9.556 9.619 9.683 9.741 9.758 9.726 9.624 9.450 9.219 8.949 8.651 8.360 8.090 7.843 7.625 7.418 7.190 6.951 6.718
71.878 74.884 78.057 81.291 84.254 86.680 88.881 90.590 91.671 92.224 91.683 90.758 89.754 88.873 87.786 85.958 83.817 81.521 79.129 76.305 72.662 68.078 64.401 60.542 56.092 51.102 46.149 41.956 37.921 34.083 30.937 28.227 25.582 22.755 19.512 15.498 11.399 8.340 6.291 5.006 4.225 3.759 3.507 3.408 3.418 3.505 3.658 3.798 3.947 4.308 5.037 6.146 7.417 8.416 9.092 9.523 9.781 9.913 10.027 10.103 10.163 10.192 10.184 10.115 9.987 9.797 9.555 9.276 8.975 8.684 8.409 8.167 7.931 7.670 7.391 7.131
67.022 69.689 72.543 75.763 78.555 80.999 83.808 86.038 87.285 88.572 88.163 86.770 86.432 85.662 83.826 81.627 78.860 76.088 73.328 70.039 65.716 61.492 58.098 53.914 49.600 45.530 41.982 38.424 34.307 29.695 25.724 22.363 19.195 16.070 12.742 9.279 6.517 4.677 3.513 2.829 2.467 2.308 2.268 2.302 2.451 2.726 3.050 3.441 3.968 4.726 5.791 7.166 8.465 9.402 9.975 10.272 10.444 10.560 10.633 10.676 10.704 10.708 10.689 10.627 10.517 10.351 10.129 9.867 9.582 9.288 8.997 8.723 8.454 8.168 7.873 7.588
61.908 64.429 66.829 69.547 72.452 74.905 77.735 80.227 82.013 83.445 83.249 82.177 81.534 80.300 78.112 75.541 72.561 69.443 66.456 62.189 57.654 54.921 50.988 46.328 42.076 38.700 35.823 32.473 28.051 22.972 18.687 15.230 12.103 9.345 6.992 5.157 3.838 2.947 2.388 2.063 1.904 1.856 1.867 1.983 2.213 2.588 3.117 3.809 4.694 5.797 7.137 8.586 9.765 10.578 11.055 11.307 11.413 11.458 11.457 11.423 11.382 11.324 11.256 11.167 11.044 10.881 10.672 10.427 10.152 9.853 9.542 9.264 8.973 8.673 8.362 8.049
57.366 59.132 61.328 63.768 66.257 68.684 71.273 73.732 75.560 76.867 76.973 76.231 74.742 72.676 70.100 67.245 64.170 60.949 57.439 53.258 50.446 46.522 41.748 36.618 32.555 29.361 26.398 23.035 18.879 14.717 11.079 8.385 6.321 4.867 3.838 3.130 2.635 2.281 2.022 1.850 1.763 1.765 1.859 2.086 2.498 3.124 3.959 4.981 6.184 7.560 9.036 10.357 11.327 11.999 12.410 12.586 12.631 12.585 12.471 12.323 12.179 12.037 11.892 11.742 11.589 11.413 11.204 10.968 10.686 10.374 10.064 9.742 9.409 9.079 8.747 8.418
53.327 54.844 56.576 58.475 59.715 61.248 63.241 65.024 66.328 67.660 67.933 67.068 65.428 62.832 59.825 56.973 54.013 50.942 47.578 44.779 41.267 36.417 31.678 27.470 23.833 20.422 17.006 13.649 10.539 7.906 5.859 4.391 3.423 2.831 2.499 2.313 2.187 2.069 1.930 1.823 1.849 1.982 2.275 2.767 3.492 4.461 5.629 6.945 8.402 9.938 11.361 12.450 13.147 13.546 13.747 13.778 13.678 13.490 13.298 13.112 12.929 12.751 12.562 12.371 12.170 11.964 11.744 11.496 11.198 10.876 10.490 10.089 9.715 9.354 9.012 8.691
49.591 50.625 51.579 52.638 52.879 53.364 54.147 54.938 55.783 56.835 56.956 56.248 54.945 52.674 49.867 47.223 44.473 41.632 39.031 35.782 31.555 27.184 23.257 19.897 16.662 13.528 10.640 8.087 6.046 4.519 3.518 2.834 2.417 2.202 2.113 2.087 2.079 2.064 2.053 2.125 2.340 2.749 3.370 4.215 5.296 6.608 8.085 9.645 11.216 12.620 13.693 14.393 14.755 14.886 14.828 14.626 14.365 14.118 13.917 13.730 13.550 13.371 13.176 12.976 12.765 12.542 12.303 12.012 11.701 11.303 10.810 10.324 9.907 9.529 9.185 8.876
46.965 47.531 47.723 47.658 47.129 46.791 46.687 46.667 46.802 46.990 46.878 46.522 45.441 43.688 41.233 38.492 35.683 33.203 30.395 27.108 23.505 20.114 17.056 14.282 11.757 9.384 7.258 5.563 4.367 3.518 2.907 2.483 2.242 2.151 2.163 2.222 2.327 2.469 2.666 2.986 3.511 4.273 5.258 6.444 7.835 9.429 11.084 12.619 13.928 14.954 15.634 15.967 16.053 15.912 15.555 15.132 14.790 14.529 14.344 14.184 14.039 13.891 13.714 13.532 13.336 13.112 12.846 12.537 12.144 11.623 11.018 10.473 10.014 9.627 9.291 9.001
44.197 43.970 43.375 42.662 42.001 41.314 40.630 39.946 39.556 39.353 38.769 38.177 37.118 35.338 33.141 30.614 27.803 25.151 22.611 20.126 17.602 15.093 12.815 10.746 8.866 7.280 5.968 4.883 4.051 3.380 2.857 2.589 2.532 2.576 2.696 2.889 3.165 3.538 4.018 4.656 5.516 6.615 7.905 9.354 10.931 12.504 13.944 15.176 16.147 16.801 17.113 17.159 16.961 16.503 16.056 15.531 15.104 14.802 14.612 14.481 14.389 14.282 14.162 14.029 13.868 13.647 13.358 12.996 12.491 11.837 11.134 10.540 10.050 9.654 9.333 9.074
41.378 40.763 39.746 38.647 37.682 36.837 35.969 34.856 33.900 33.050 32.133 31.028 29.577 27.792 25.613 23.191 20.808 18.724 16.896 15.121 13.389 11.713 10.180 8.801 7.619 6.588 5.660 4.824 4.098 3.585 3.407 3.381 3.473 3.670 3.962 4.347 4.840 5.473 6.259 7.215 8.378 9.733 11.148 12.531 13.864 15.117 16.247 17.160 17.806 18.098 18.112 17.882 17.467 16.984 16.317 15.687 15.230 14.934 14.765 14.667 14.603 14.541 14.487 14.424 14.311 14.094 13.800 13.351 12.734 11.959 11.183 10.539 10.022 9.620 9.315 9.095
38.390 37.313 36.167 35.144 33.985 33.047 31.958 30.547 28.996 27.482 25.963 24.321 22.612 20.838 19.033 17.156 15.449 14.006 12.759 11.629 10.609 9.674 8.809 7.970 7.168 6.407 5.693 5.166 4.832 4.668 4.717 4.896 5.192 5.598 6.101 6.701 7.427 8.319 9.371 10.519 11.709 12.917 14.085 15.183 16.198 17.108 17.915 18.498 18.847 18.878 18.639 18.295 17.804 17.114 16.339 15.703 15.246 14.959 14.792 14.718 14.697 14.690 14.713 14.721 14.637 14.460 14.118 13.587 12.873 11.999 11.165 10.481 9.940 9.529 9.230 9.037
35.163 33.771 32.559 31.481 30.283 29.081 27.797 26.115 24.158 22.008 19.930 18.064 16.469 15.096 13.828 12.675 11.574 10.655 9.984 9.490 9.090 8.686 8.222 7.679 7.118 6.816 6.602 6.452 6.414 6.524 6.783 7.185 7.737 8.401 9.113 9.884 10.723 11.624 12.569 13.506 14.438 15.367 16.273 17.112 17.824 18.411 18.897 19.185 19.296 19.163 18.953 18.489 17.856 17.087 16.293 15.660 15.201 14.914 14.752 14.685 14.689 14.748 14.853 14.906 14.877 14.694 14.300 13.699 12.910 11.956 11.088 10.379 9.816 9.388 9.080 8.878
31.521 30.063 28.839 27.709 26.333 24.875 23.114 20.971 18.536 15.830 13.629 12.228 11.482 10.894 10.350 9.750 9.075 8.591 8.416 8.370 8.336 8.243 8.064 7.981 8.029 8.165 8.330 8.517 8.787 9.157 9.661 10.285 11.007 11.682 12.289 12.901 13.549 14.251 14.965 15.656 16.344 17.005 17.642 18.207 18.657 19.000 19.257 19.352 19.365 19.304 19.000 18.486 17.809 16.988 16.171 15.525 15.055 14.754 14.596 14.553 14.610 14.736 14.877 14.981 14.973 14.764 14.332 13.686 12.859 11.874 10.947 10.182 9.578 9.126 8.814 8.619
27.302 26.015 24.762 23.274 21.448 19.363 16.704 13.722 10.913 9.834 9.167 8.770 8.551 8.381 8.193 7.932 7.626 7.448 7.555 7.888 8.174 8.433 8.747 9.142 9.622 10.163 10.689 11.210 11.751 12.286 12.806 13.346 13.881 14.366 14.793 15.189 15.628 16.103 16.557 16.994 17.449 17.859 18.236 18.573 18.853 19.079 19.233 19.326 19.330 19.217 18.895 18.370 17.664 16.794 15.939 15.255 14.761 14.437 14.267 14.249 14.346 14.527 14.685 14.787 14.773 14.580 14.186 13.564 12.720 11.681 10.667 9.856 9.216 8.734 8.392 8.191
22.412 20.955 19.274 17.132 14.440 11.532 9.406 8.363 7.601 7.145 6.950 6.933 6.979 6.991 6.961 6.875 6.791 6.889 7.492 8.068 8.654 9.317 10.097 10.951 11.822 12.710 13.532 14.201 14.759 15.173 15.525 15.877 16.209 16.493 16.723 16.894 17.080 17.314 17.521 17.730 17.960 18.166 18.364 18.588 18.803 18.962 19.106 19.156 19.119 18.958 18.637 18.113 17.386 16.483 15.568 14.834 14.280 13.905 13.696 13.618 13.629 13.706 13.758 13.790 13.781 13.701 13.451 12.966 12.235 11.258 10.219 9.365 8.686 8.166 7.791 7.565
16.234 14.282 12.061 10.041 8.883 7.853 6.987 6.380 6.047 5.944 5.999 6.118 6.207 6.236 6.233 6.216 6.366 7.051 7.949 8.876 9.848 10.898 12.095 13.338 14.470 15.446 16.209 16.796 17.247 17.518 17.659 17.782 17.880 17.982 18.064 18.071 18.064 18.048 18.074 18.122 18.187 18.248 18.347 18.484 18.647 18.784 18.836 18.824 18.745 18.557 18.208 17.672 16.938 16.023 15.056 14.243 13.602 13.104 12.736 12.413 12.116 11.877 11.721 11.677 11.696 11.767 11.801 11.636 11.186 10.466 9.573 8.728 8.021 7.449 7.024 6.761
12.777 10.920 8.986 7.803 6.953 6.295 5.847 5.616 5.547 5.577 5.656 5.728 5.757 5.983 6.129 6.122 6.547 7.817 9.129 10.430 11.779 13.173 14.585 15.863 16.896 17.709 18.305 18.764 19.072 19.170 19.122 19.005 18.879 18.816 18.769 18.675 18.564 18.463 18.405 18.349 18.282 18.244 18.279 18.345 18.407 18.437 18.420 18.346 18.202 17.949 17.557 16.986 16.242 15.342 14.339 13.416 12.611 11.857 11.128 10.362 9.617 9.035 8.720 8.653 8.731 8.983 9.393 9.668 9.617 9.285 8.700 7.970 7.251 6.642 6.168 5.868
10.127 8.596 7.050 6.401 5.926 5.629 5.854 6.086 6.332 6.662 7.001 7.245 7.381 7.385 7.244 6.997 7.544 9.383 11.091 12.682 14.175 15.561 16.819 17.900 18.729 19.348 19.750 20.022 20.159 20.093 19.886 19.565 19.281 19.101 18.983 18.867 18.759 18.693 18.598 18.465 18.353 18.255 18.177 18.102 18.020 17.922 17.801 17.631 17.389 17.060 16.623 16.025 15.266 14.368 13.350 12.283 11.202 10.032 8.815 7.656 6.720 6.124 5.867 5.847 5.972 6.311 6.905 7.441 7.703 7.740 7.542 7.075 6.440 5.801 5.278 4.915
8.098 6.960 5.988 6.209 6.627 7.036 7.403 7.747 8.101 8.540 8.840 8.901 8.748 8.461 8.025 7.561 9.415 11.557 13.261 14.774 16.133 17.361 18.440 19.266 19.865 20.317 20.546 20.626 20.584 20.405 20.207 19.876 19.511 19.248 19.074 18.960 18.878 18.817 18.715 18.569 18.380 18.176 17.954 17.719 17.472 17.217 16.958 16.672 16.330 15.916 15.409 14.788 14.030 13.126 12.067 10.853 9.518 8.066 6.688 5.530 4.676 4.180 4.004 4.014 4.154 4.490 5.056 5.629 5.975 6.114 6.136 5.968 5.549 4.962 4.396 3.957
6.621 6.704 7.272 7.964 8.640 9.192 9.562 9.826 10.082 10.304 10.343 10.141 9.723 9.135 8.580 8.772 11.342 13.256 14.782 16.163 17.418 18.480 19.334 19.933 20.346 20.637 20.729 20.734 20.685 20.541 20.316 20.004 19.605 19.285 19.079 18.968 18.917 18.884 18.786 18.596 18.326 17.977 17.565 17.135 16.717 16.307 15.913 15.498 15.048 14.558 14.001 13.353 12.595 11.695 10.658 9.488 8.156 6.667 5.327 4.260 3.517 3.094 2.934 2.935 3.044 3.302 3.730 4.197 4.521 4.681 4.728 4.699 4.506 4.095 3.565 3.086
7.983 8.596 9.379 10.134 10.724 11.193 11.423 11.513 11.617 11.576 11.337 10.875 10.335 9.700 8.945 10.200 12.432 14.170 15.566 16.826 17.945 18.856 19.554 20.044 20.378 20.587 20.688 20.719 20.670 20.547 20.337 20.039 19.651 19.266 19.018 18.911 18.903 18.883 18.766 18.526 18.129 17.585 16.950 16.319 15.739 15.195 14.684 14.171 13.647 13.089 12.491 11.860 11.161 10.355 9.436 8.390 7.180 5.818 4.620 3.683 3.019 2.598 2.376 2.308 2.347 2.488 2.737 3.036 3.263 3.388 3.427 3.421 3.344 3.125 2.731 2.269
10.006 10.723 11.291 11.813 12.190 12.490 12.575 12.548 12.428 12.175 11.821 11.337 10.683 9.925 9.071 10.848 12.790 14.432 15.788 16.973 18.018 18.858 19.481 19.919 20.196 20.421 20.539 20.577 20.553 20.484 20.316 20.033 19.641 19.165 18.831 18.672 18.597 18.519 18.350 18.038 17.532 16.861 16.072 15.271 14.548 13.897 13.311 12.750 12.201 11.645 11.072 10.487 9.863 9.175 8.397 7.506 6.481 5.333 4.306 3.476 2.841 2.380 2.071 1.897 1.838 1.858 1.943 2.074 2.172 2.219 2.220 2.194 2.131 2.012 1.792 1.474
11.699 12.123 12.389 12.667 12.941 13.042 13.025 12.851 12.671 12.415 12.027 11.425 10.647 9.830 9.453 10.970 12.778 14.400 15.770 16.948 17.935 18.703 19.247 19.623 19.925 20.107 20.218 20.286 20.306 20.300 20.204 19.968 19.549 18.967 18.482 18.090 17.783 17.515 17.240 16.886 16.369 15.689 14.871 13.988 13.172 12.455 11.824 11.261 10.740 10.231 9.720 9.204 8.668 8.092 7.456 6.729 5.901 4.970 4.092 3.346 2.731 2.240 1.862 1.590 1.419 1.326 1.286 1.284 1.277 1.254 1.220 1.179 1.129 1.060 0.957 0.807
12.725 12.797 12.795 12.870 13.132 13.190 13.138 13.006 12.685 12.250 11.730 11.042 10.278 9.549 9.496 10.875 12.570 14.248 15.656 16.833 17.740 18.391 18.852 19.235 19.472 19.608 19.687 19.757 19.845 19.918 19.891 19.722 19.287 18.626 17.879 17.128 16.469 15.958 15.530 15.121 14.646 14.052 13.320 12.473 11.642 10.893 10.248 9.707 9.246 8.820 8.398 7.977 7.541 7.074 6.564 5.996 5.351 4.629 3.897 3.224 2.626 2.110 1.678 1.332 1.070 0.886 0.767 0.690 0.632 0.580 0.538 0.504 0.474 0.445 0.410 0.359
13.113 12.961 12.891 12.824 12.980 13.150 13.040 12.676 12.073 11.356 10.745 10.175 9.649 9.078 9.406 10.634 12.192 13.915 15.428 16.589 17.420 17.938 18.388 18.672 18.802 18.878 18.901 18.912 18.947 18.987 18.950 18.793 18.410 17.806 16.906 15.764 14.694 13.908 13.331 12.880 12.459 11.990 11.417 10.720 9.966 9.258 8.650 8.154 7.757 7.423 7.105 6.783 6.442 6.081 5.694 5.277 4.810 4.283 3.705 3.111 2.524 1.976 1.494 1.091 0.775 0.551 0.406 0.316 0.256 0.214 0.187 0.169 0.157 0.149 0.141 0.130
