RESULTS/r.avaflow_results/14b_results/14b_ascii/14b_hflow0055.asc
ncols 506
nrows 317
xllcenter 498237.50
yllcenter 5580050.00
cellsize 12.50
NODATA_value -9999.000
[rows 204 to 237 of 317, columns 76 to 151 of 506]
0.035 0.026 0.019 0.014 0.009 0.006 0.005 0.003 0.003 0.003 0.006 0.018 0.070 0.257 0.689 1.358 2.138 2.913 3.701 4.519 5.360 6.205 7.031 7.786 8.416 8.919 9.310 9.618 9.859 10.054 10.197 10.304 10.403 10.486 10.574 10.650 10.742 10.872 11.024 11.219 11.427 11.609 11.731 11.786 11.786 11.777 11.738 11.661 11.553 11.417 11.215 10.915 10.489 9.920 9.242 8.474 7.658 6.818 5.949 5.076 4.249 3.584 3.106 2.807 2.679 2.722 2.858 2.955 2.986 2.963 2.897 2.791 2.732 2.775 2.988 3.395
0.032 0.024 0.017 0.012 0.008 0.006 0.004 0.003 0.003 0.003 0.004 0.012 0.051 0.195 0.539 1.081 1.732 2.417 3.132 3.888 4.686 5.498 6.284 7.011 7.641 8.166 8.595 8.947 9.202 9.371 9.460 9.498 9.519 9.523 9.526 9.530 9.555 9.592 9.669 9.801 9.979 10.161 10.300 10.388 10.416 10.411 10.368 10.285 10.164 10.000 9.758 9.386 8.834 8.095 7.199 6.161 5.104 4.147 3.325 2.639 2.106 1.755 1.584 1.560 1.694 1.971 2.249 2.423 2.520 2.560 2.562 2.538 2.550 2.687 3.018 3.552
0.028 0.020 0.014 0.010 0.007 0.005 0.004 0.003 0.002 0.002 0.002 0.005 0.023 0.098 0.311 0.691 1.196 1.771 2.398 3.068 3.785 4.500 5.166 5.777 6.343 6.877 7.375 7.801 8.132 8.369 8.506 8.556 8.552 8.509 8.436 8.345 8.282 8.244 8.256 8.305 8.418 8.590 8.783 8.940 9.015 9.022 8.995 8.912 8.760 8.523 8.162 7.626 6.888 5.935 4.813 3.720 2.807 2.068 1.506 1.109 0.867 0.766 0.782 0.905 1.164 1.514 1.800 1.998 2.136 2.229 2.291 2.342 2.431 2.660 3.074 3.659
0.026 0.018 0.012 0.009 0.006 0.004 0.003 0.002 0.002 0.001 0.001 0.002 0.008 0.037 0.135 0.343 0.657 1.050 1.506 2.021 2.582 3.114 3.595 4.050 4.522 5.067 5.666 6.178 6.597 6.944 7.200 7.347 7.397 7.370 7.278 7.128 6.967 6.834 6.748 6.718 6.763 6.902 7.151 7.421 7.580 7.632 7.617 7.515 7.273 6.842 6.197 5.358 4.423 3.477 2.589 1.839 1.251 0.829 0.561 0.419 0.368 0.385 0.464 0.631 0.893 1.199 1.448 1.644 1.802 1.932 2.047 2.165 2.337 2.635 3.081 3.659
0.026 0.018 0.012 0.008 0.006 0.004 0.003 0.002 0.002 0.001 0.001 0.001 0.003 0.012 0.047 0.137 0.297 0.520 0.795 1.114 1.439 1.725 1.984 2.244 2.544 2.949 3.504 4.067 4.553 5.001 5.405 5.719 5.914 5.992 5.955 5.815 5.603 5.374 5.162 5.024 4.987 5.068 5.298 5.626 5.891 6.011 6.004 5.834 5.401 4.676 3.787 2.950 2.237 1.620 1.107 0.716 0.451 0.295 0.219 0.196 0.210 0.259 0.356 0.510 0.723 0.959 1.162 1.340 1.500 1.650 1.804 1.981 2.218 2.553 2.995 3.527
0.027 0.018 0.012 0.008 0.006 0.004 0.003 0.002 0.001 0.001 0.001 0.001 0.001 0.004 0.014 0.045 0.108 0.210 0.352 0.527 0.684 0.804 0.906 1.009 1.145 1.368 1.703 2.104 2.501 2.890 3.264 3.626 3.943 4.161 4.251 4.217 4.073 3.847 3.603 3.387 3.224 3.147 3.190 3.360 3.618 3.770 3.769 3.566 3.101 2.446 1.790 1.269 0.870 0.575 0.367 0.233 0.158 0.123 0.115 0.128 0.161 0.222 0.312 0.437 0.599 0.772 0.926 1.073 1.218 1.370 1.543 1.756 2.025 2.366 2.778 3.242
0.031 0.021 0.014 0.009 0.006 0.004 0.003 0.002 0.001 0.001 0.001 0.001 0.001 0.001 0.004 0.013 0.034 0.073 0.135 0.220 0.289 0.331 0.359 0.384 0.420 0.499 0.645 0.859 1.117 1.393 1.661 1.909 2.134 2.326 2.460 2.514 2.491 2.395 2.240 2.050 1.843 1.669 1.581 1.576 1.656 1.724 1.721 1.607 1.346 0.976 0.644 0.413 0.262 0.169 0.113 0.082 0.070 0.071 0.082 0.107 0.145 0.202 0.280 0.380 0.502 0.622 0.731 0.837 0.947 1.078 1.248 1.467 1.739 2.060 2.421 2.811
0.036 0.025 0.017 0.011 0.007 0.005 0.003 0.002 0.001 0.001 0.001 0.001 0.001 0.001 0.001 0.004 0.011 0.025 0.053 0.097 0.143 0.169 0.180 0.183 0.186 0.197 0.233 0.306 0.427 0.594 0.769 0.913 1.038 1.156 1.265 1.339 1.364 1.346 1.278 1.160 0.999 0.823 0.690 0.620 0.598 0.597 0.583 0.532 0.435 0.300 0.189 0.117 0.074 0.052 0.041 0.038 0.043 0.053 0.071 0.097 0.133 0.183 0.248 0.330 0.421 0.500 0.569 0.633 0.699 0.780 0.902 1.081 1.308 1.563 1.836 2.138
0.040 0.029 0.021 0.014 0.009 0.006 0.003 0.002 0.001 0.001 0.001 0.001 0.001 0.001 0.001 0.001 0.004 0.010 0.026 0.056 0.102 0.136 0.150 0.151 0.146 0.141 0.144 0.166 0.225 0.337 0.468 0.555 0.612 0.662 0.719 0.774 0.805 0.810 0.790 0.734 0.644 0.523 0.393 0.290 0.225 0.189 0.167 0.146 0.119 0.083 0.052 0.033 0.023 0.019 0.020 0.024 0.033 0.046 0.064 0.088 0.120 0.162 0.216 0.283 0.348 0.398 0.436 0.466 0.492 0.520 0.560 0.631 0.731 0.855 1.000 1.192
0.042 0.032 0.023 0.016 0.011 0.007 0.004 0.003 0.002 0.001 0.001 0.001 0.001 0.001 0.001 0.001 0.002 0.006 0.018 0.046 0.097 0.145 0.168 0.171 0.163 0.148 0.145 0.156 0.205 0.312 0.441 0.518 0.557 0.584 0.613 0.651 0.676 0.684 0.678 0.651 0.591 0.495 0.357 0.209 0.113 0.066 0.047 0.037 0.030 0.022 0.014 0.010 0.009 0.009 0.012 0.018 0.027 0.039 0.055 0.076 0.104 0.139 0.183 0.236 0.280 0.310 0.327 0.334 0.334 0.324 0.309 0.307 0.322 0.352 0.402 0.490
0.044 0.033 0.025 0.018 0.012 0.008 0.005 0.003 0.002 0.001 0.001 0.001 0.001 0.001 0.001 0.001 0.002 0.006 0.017 0.048 0.117 0.194 0.238 0.246 0.224 0.190 0.177 0.183 0.233 0.353 0.496 0.573 0.599 0.613 0.631 0.662 0.688 0.696 0.693 0.671 0.622 0.536 0.384 0.186 0.071 0.027 0.013 0.009 0.007 0.005 0.004 0.003 0.004 0.005 0.008 0.014 0.021 0.031 0.045 0.062 0.084 0.111 0.146 0.186 0.216 0.231 0.236 0.233 0.220 0.189 0.150 0.126 0.115 0.114 0.124 0.150
0.044 0.034 0.025 0.018 0.013 0.009 0.006 0.003 0.002 0.001 0.001 0.001 0.001 0.001 0.001 0.001 0.002 0.007 0.022 0.069 0.167 0.249 0.279 0.277 0.242 0.201 0.186 0.191 0.241 0.365 0.513 0.588 0.609 0.615 0.624 0.648 0.672 0.680 0.677 0.660 0.618 0.537 0.380 0.164 0.046 0.012 0.004 0.002 0.002 0.001 0.001 0.001 0.002 0.003 0.005 0.009 0.015 0.023 0.033 0.045 0.059 0.077 0.100 0.129 0.149 0.158 0.159 0.153 0.135 0.101 0.067 0.047 0.037 0.034 0.034 0.040
0.044 0.034 0.025 0.018 0.013 0.009 0.006 0.004 0.002 0.001 0.001 0.001 0.001 0.001 0.001 0.002 0.006 0.016 0.044 0.105 0.191 0.246 0.255 0.233 0.190 0.155 0.142 0.145 0.180 0.275 0.394 0.455 0.466 0.463 0.460 0.467 0.478 0.480 0.476 0.464 0.438 0.382 0.265 0.106 0.024 0.004 0.001 0.001 0.001 0.001 0.001 0.001 0.001 0.001 0.003 0.005 0.009 0.014 0.020 0.027 0.035 0.043 0.055 0.072 0.086 0.092 0.093 0.087 0.073 0.048 0.028 0.017 0.011 0.010 0.009 0.010
0.044 0.034 0.025 0.018 0.013 0.009 0.006 0.004 0.002 0.002 0.001 0.001 0.002 0.003 0.005 0.011 0.024 0.046 0.077 0.118 0.154 0.161 0.142 0.106 0.074 0.059 0.054 0.054 0.065 0.103 0.156 0.183 0.187 0.183 0.179 0.179 0.179 0.176 0.169 0.162 0.151 0.132 0.089 0.032 0.006 0.001 0.001 0.001 0.001 0.001 0.001 0.001 0.001 0.001 0.001 0.002 0.004 0.007 0.010 0.014 0.017 0.020 0.024 0.032 0.040 0.043 0.043 0.040 0.032 0.019 0.010 0.005 0.003 0.003 0.002 0.002
0.043 0.033 0.025 0.018 0.013 0.009 0.006 0.004 0.003 0.002 0.002 0.003 0.007 0.014 0.027 0.048 0.070 0.085 0.091 0.089 0.074 0.056 0.040 0.026 0.018 0.014 0.013 0.013 0.015 0.024 0.040 0.048 0.050 0.048 0.047 0.047 0.046 0.043 0.040 0.036 0.033 0.028 0.018 0.006 0.001 0.001 0.001 0.001 0.001 0.001 0.001 0.001 0.001 0.001 0.001 0.001 0.002 0.003 0.004 0.006 0.007 0.007 0.008 0.011 0.014 0.015 0.015 0.014 0.011 0.006 0.003 0.002 0.001 0.001 0.001 0.001
0.042 0.032 0.024 0.017 0.012 0.008 0.006 0.004 0.003 0.004 0.009 0.019 0.039 0.064 0.091 0.109 0.110 0.098 0.077 0.051 0.030 0.018 0.012 0.008 0.005 0.004 0.003 0.003 0.003 0.005 0.009 0.011 0.012 0.012 0.011 0.011 0.011 0.010 0.008 0.007 0.006 0.005 0.003 0.001 0.001 0.001 0.001 0.001 0.001 0.001 0.001 0.001 0.001 0.001 0.001 0.001 0.001 0.001 0.001 0.002 0.002 0.002 0.003 0.003 0.004 0.004 0.004 0.004 0.003 0.002 0.001 0.001 0.001 0.001 0.001 0.001
0.039 0.029 0.022 0.015 0.011 0.007 0.006 0.005 0.008 0.021 0.048 0.090 0.131 0.156 0.159 0.141 0.115 0.086 0.055 0.030 0.017 0.011 0.007 0.004 0.003 0.002 0.001 0.001 0.001 0.001 0.002 0.002 0.002 0.003 0.003 0.002 0.002 0.002 0.002 0.001 0.001 0.001 0.001 0.001 0.001 0.001 0.001 0.001 0.001 0.001 0.001 0.001 0.001 0.001 0.001 0.001 0.001 0.001 0.001 0.001 0.001 0.001 0.001 0.001 0.001 0.001 0.001 0.001 0.001 0.001 0.001 0.001 0.001 0.001 0.001 0.001
0.035 0.026 0.018 0.013 0.009 0.007 0.007 0.013 0.041 0.100 0.166 0.217 0.234 0.218 0.183 0.142 0.103 0.067 0.040 0.024 0.015 0.009 0.006 0.004 0.002 0.001 0.001 0.001 0.001 0.001 0.001 0.001 0.001 0.001 0.001 0.001 0.001 0.001 0.001 0.001 0.001 0.001 0.001 0.001 0.001 0.001 0.001 0.001 0.001 0.001 0.001 0.001 0.001 0.001 0.001 0.001 0.001 0.001 0.001 0.001 0.001 0.001 0.001 0.001 0.001 0.001 0.001 0.001 0.001 0.001 0.001 0.001 0.001 0.001 0.001 0.001
0.030 0.022 0.015 0.011 0.009 0.008 0.015 0.055 0.154 0.249 0.297 0.302 0.281 0.240 0.187 0.134 0.091 0.059 0.037 0.023 0.015 0.010 0.006 0.004 0.002 0.001 0.001 0.000 0.000 0.000 0.000 0.000 0.000 0.000 0.000 0.000 0.001 0.001 0.001 0.001 0.001 0.001 0.001 0.001 0.001 0.001 0.001 0.001 0.001 0.001 0.001 0.001 0.001 0.001 0.001 0.001 0.001 0.001 0.001 0.001 0.001 0.001 0.001 0.001 0.001 0.001 0.001 0.001 0.001 0.001 0.001 0.001 0.001 0.001 0.001 0.001
0.025 0.018 0.013 0.010 0.009 0.013 0.050 0.170 0.307 0.359 0.360 0.341 0.303 0.250 0.188 0.132 0.089 0.059 0.038 0.025 0.017 0.011 0.007 0.004 0.002 0.001 0.001 0.000 0.000 0.000 0.000 0.000 0.000 0.000 0.000 0.000 0.000 0.001 0.001 0.001 0.001 0.001 0.001 0.001 0.001 0.001 0.001 0.001 0.001 0.001 0.001 0.001 0.001 0.001 0.001 0.001 0.001 0.001 0.001 0.001 0.001 0.001 0.001 0.001 0.001 0.001 0.001 0.001 0.001 0.001 0.001 0.001 0.001 0.001 0.001 0.001
0.021 0.015 0.011 0.010 0.012 0.039 0.149 0.314 0.401 0.409 0.393 0.362 0.318 0.261 0.193 0.135 0.093 0.065 0.045 0.032 0.022 0.014 0.009 0.005 0.002 0.001 0.001 0.000 0.000 0.000 0.000 0.000 0.000 0.000 0.000 0.000 0.000 0.000 0.001 0.001 0.001 0.001 0.001 0.001 0.001 0.001 0.001 0.001 0.001 0.001 0.001 0.001 0.001 0.001 0.001 0.001 0.001 0.001 0.001 0.001 0.001 0.001 0.001 0.001 0.001 0.001 0.001 0.001 0.001 0.001 0.001 0.001 0.001 0.001 0.001 0.001
0.018 0.013 0.011 0.011 0.026 0.110 0.291 0.416 0.442 0.432 0.409 0.376 0.331 0.275 0.207 0.151 0.110 0.081 0.060 0.044 0.030 0.019 0.010 0.005 0.002 0.001 0.000 0.000 0.000 0.000 0.000 0.000 0.000 0.000 0.000 0.000 0.000 0.000 0.000 0.001 0.001 0.001 0.001 0.001 0.001 0.001 0.001 0.001 0.001 0.001 0.001 0.001 0.001 0.001 0.001 0.001 0.001 0.001 0.001 0.001 0.001 0.001 0.001 0.001 0.001 0.001 0.001 0.001 0.001 0.001 0.001 0.001 0.001 0.001 0.001 0.001
0.016 0.013 0.012 0.018 0.065 0.220 0.397 0.455 0.455 0.441 0.417 0.386 0.346 0.295 0.234 0.182 0.142 0.111 0.084 0.060 0.039 0.022 0.011 0.005 0.002 0.001 0.000 0.000 0.000 0.000 0.000 0.000 0.000 0.000 0.000 0.000 0.000 0.000 0.000 0.000 0.001 0.001 0.001 0.001 0.001 0.001 0.001 0.001 0.001 0.001 0.001 0.001 0.001 0.001 0.001 0.001 0.001 0.001 0.001 0.001 0.001 0.001 0.001 0.001 0.001 0.001 0.001 0.001 0.001 0.001 0.001 0.001 0.001 0.001 0.001 0.001
0.015 0.013 0.016 0.045 0.152 0.330 0.439 0.460 0.456 0.442 0.421 0.395 0.361 0.318 0.267 0.219 0.177 0.139 0.104 0.071 0.043 0.023 0.011 0.004 0.002 0.001 0.000 0.000 0.000 0.000 0.000 0.000 0.000 0.000 0.000 0.000 0.000 0.000 0.000 0.000 0.000 0.001 0.001 0.001 0.001 0.001 0.001 0.001 0.001 0.001 0.001 0.001 0.001 0.001 0.001 0.001 0.001 0.001 0.001 0.001 0.001 0.001 0.001 0.001 0.001 0.001 0.001 0.001 0.001 0.001 0.001 0.001 0.001 0.001 0.001 0.001
0.016 0.016 0.035 0.117 0.273 0.399 0.446 0.453 0.450 0.440 0.423 0.401 0.372 0.334 0.290 0.244 0.200 0.156 0.113 0.074 0.043 0.022 0.009 0.004 0.001 0.001 0.000 0.000 0.000 0.000 0.000 0.000 0.000 0.000 0.000 0.000 0.000 0.000 0.000 0.000 0.000 0.000 0.000 0.000 0.000 0.001 0.001 0.001 0.001 0.001 0.001 0.001 0.001 0.001 0.001 0.001 0.001 0.001 0.001 0.001 0.001 0.001 0.001 0.001 0.001 0.001 0.001 0.001 0.001 0.001 0.001 0.001 0.001 0.001 0.001 0.001
0.018 0.028 0.088 0.232 0.365 0.420 0.437 0.439 0.439 0.434 0.423 0.404 0.378 0.344 0.303 0.258 0.212 0.163 0.114 0.072 0.039 0.018 0.007 0.002 0.001 0.001 0.000 0.000 0.000 0.000 0.000 0.000 0.000 0.000 0.000 0.000 0.000 0.000 0.000 0.000 0.001 0.001 0.001 0.001 0.001 0.001 0.001 0.001 0.001 0.001 0.001 0.001 0.001 0.001 0.001 0.001 0.001 0.001 0.001 0.001 0.001 0.001 0.001 0.001 0.001 0.001 0.001 0.001 0.001 0.001 0.001 0.001 0.001 0.001 0.001 0.001
0.025 0.064 0.186 0.334 0.401 0.423 0.432 0.435 0.435 0.432 0.422 0.406 0.381 0.348 0.308 0.264 0.216 0.163 0.108 0.063 0.030 0.012 0.004 0.001 0.001 0.000 0.000 0.000 0.000 0.000 0.000 0.000 0.000 0.000 0.000 0.000 0.000 0.000 0.000 0.000 0.000 0.000 0.000 0.000 0.000 0.001 0.001 0.001 0.001 0.001 0.001 0.001 0.001 0.001 0.001 0.001 0.001 0.001 0.001 0.001 0.001 0.001 0.001 0.001 0.001 0.001 0.001 0.001 0.001 0.001 0.001 0.001 0.001 0.001 0.001 0.001
0.052 0.148 0.294 0.384 0.414 0.426 0.432 0.435 0.435 0.431 0.423 0.406 0.382 0.349 0.310 0.265 0.215 0.156 0.095 0.048 0.020 0.007 0.002 0.001 0.001 0.000 0.000 0.000 0.000 0.000 0.000 0.000 0.000 0.000 0.000 0.000 0.000 0.000 0.000 0.000 0.000 0.001 0.001 0.001 0.001 0.001 0.001 0.001 0.001 0.001 0.001 0.001 0.001 0.001 0.001 0.001 0.001 0.001 0.001 0.001 0.001 0.001 0.001 0.001 0.001 0.001 0.001 0.001 0.001 0.001 0.001 0.000 0.001 0.001 0.001 0.001
0.114 0.258 0.366 0.406 0.423 0.432 0.436 0.437 0.437 0.433 0.423 0.406 0.382 0.349 0.310 0.264 0.209 0.141 0.077 0.034 0.012 0.004 0.001 0.001 0.001 0.000 0.000 0.000 0.000 0.000 0.000 0.000 0.000 0.000 0.000 0.000 0.000 0.000 0.000 0.000 0.001 0.001 0.001 0.001 0.001 0.001 0.001 0.001 0.001 0.001 0.001 0.001 0.001 0.001 0.001 0.001 0.001 0.001 0.001 0.001 0.001 0.001 0.001 0.001 0.001 0.001 0.001 0.001 0.001 0.001 0.001 0.001 0.000 0.001 0.001 0.001
0.194 0.327 0.388 0.415 0.432 0.441 0.443 0.443 0.441 0.436 0.424 0.406 0.380 0.347 0.306 0.258 0.195 0.120 0.059 0.023 0.008 0.002 0.001 0.001 0.001 0.001 0.000 0.000 0.000 0.000 0.000 0.000 0.000 0.000 0.000 0.000 0.001 0.000 0.000 0.000 0.001 0.001 0.001 0.001 0.001 0.001 0.001 0.001 0.001 0.001 0.001 0.001 0.001 0.001 0.001 0.001 0.001 0.001 0.001 0.001 0.001 0.001 0.000 0.001 0.001 0.001 0.001 0.001 0.001 0.001 0.001 0.001 0.000 0.000 0.001 0.001
0.263 0.347 0.388 0.419 0.441 0.452 0.454 0.453 0.449 0.440 0.425 0.404 0.377 0.342 0.299 0.244 0.170 0.093 0.041 0.014 0.004 0.001 0.001 0.001 0.001 0.001 0.001 0.000 0.000 0.000 0.000 0.000 0.000 0.000 0.000 0.000 0.000 0.000 0.000 0.000 0.001 0.001 0.001 0.001 0.001 0.001 0.001 0.001 0.001 0.001 0.001 0.001 0.001 0.001 0.001 0.001 0.001 0.001 0.001 0.001 0.001 0.001 0.000 0.000 0.001 0.001 0.001 0.001 0.001 0.001 0.001 0.001 0.001 0.000 0.000 0.001
0.296 0.345 0.384 0.418 0.445 0.459 0.463 0.461 0.454 0.442 0.424 0.401 0.371 0.332 0.283 0.215 0.132 0.063 0.024 0.008 0.002 0.001 0.001 0.001 0.001 0.001 0.001 0.001 0.000 0.000 0.000 0.000 0.000 0.000 0.000 0.000 0.000 0.000 0.000 0.000 0.001 0.001 0.001 0.001 0.001 0.001 0.001 0.001 0.001 0.001 0.001 0.001 0.001 0.001 0.001 0.001 0.001 0.001 0.001 0.001 0.001 0.001 0.001 0.000 0.000 0.000 0.001 0.001 0.001 0.001 0.001 0.001 0.001 0.001 0.000 0.000
0.299 0.335 0.371 0.407 0.439 0.458 0.465 0.464 0.456 0.442 0.421 0.393 0.355 0.306 0.243 0.162 0.084 0.035 0.012 0.004 0.001 0.001 0.001 0.001 0.001 0.001 0.001 0.001 0.001 0.001 0.000 0.000 0.000 0.000 0.000 0.000 0.000 0.000 0.000 0.000 0.001 0.001 0.001 0.001 0.001 0.001 0.001 0.001 0.001 0.001 0.001 0.001 0.001 0.001 0.001 0.001 0.001 0.001 0.001 0.001 0.001 0.001 0.001 0.001 0.000 0.000 0.000 0.001 0.001 0.001 0.001 0.001 0.001 0.001 0.001 0.000
0.289 0.314 0.340 0.369 0.400 0.428 0.446 0.451 0.446 0.431 0.405 0.366 0.312 0.244 0.167 0.091 0.041 0.015 0.005 0.002 0.001 0.000 0.000 0.000 0.001 0.001 0.001 0.001 0.001 0.001 0.001 0.000 0.000 0.000 0.000 0.000 0.000 0.000 0.000 0.000 0.000 0.000 0.000 0.000 0.000 0.001 0.001 0.001 0.001 0.001 0.001 0.001 0.001 0.001 0.001 0.001 0.001 0.001 0.001 0.001 0.001 0.001 0.001 0.001 0.001 0.000 0.000 0.000 0.001 0.001 0.001 0.001 0.001 0.001 0.001 0.000
