RESULTS/r.avaflow_results/14b_results/14b_ascii/14b_hflow30070.asc
ncols 506
nrows 317
xllcenter 498237.50
yllcenter 5580050.00
cellsize 12.50
NODATA_value -9999.000
[rows 204 to 237 of 317, columns 231 to 307 of 506]
0.005 0.005 0.005 0.005 0.005 0.005 0.005 0.005 0.006 0.008 0.013 0.022 0.036 0.051 0.065 0.080 0.099 0.124 0.155 0.189 0.227 0.267 0.296 0.309 0.310 0.303 0.287 0.266 0.248 0.233 0.220 0.209 0.198 0.187 0.175 0.164 0.151 0.136 0.120 0.108 0.100 0.095 0.091 0.087 0.082 0.076 0.071 0.067 0.066 0.068 0.074 0.088 0.111 0.143 0.185 0.237 0.283 0.312 0.323 0.322 0.309 0.282 0.247 0.219 0.197 0.183 0.177 0.178 0.183 0.194 0.212 0.228 0.237 0.242 0.245 0.250 0.258
0.002 0.002 0.002 0.002 0.003 0.003 0.003 0.003 0.003 0.004 0.004 0.006 0.009 0.013 0.018 0.023 0.031 0.044 0.061 0.086 0.118 0.159 0.197 0.222 0.230 0.230 0.223 0.212 0.200 0.189 0.180 0.171 0.162 0.153 0.143 0.133 0.122 0.110 0.099 0.090 0.084 0.081 0.077 0.074 0.070 0.066 0.063 0.062 0.063 0.065 0.071 0.083 0.101 0.127 0.160 0.200 0.233 0.254 0.262 0.262 0.254 0.234 0.209 0.189 0.175 0.168 0.167 0.170 0.179 0.195 0.217 0.241 0.261 0.274 0.282 0.289 0.299
0.001 0.001 0.001 0.002 0.002 0.002 0.002 0.002 0.002 0.002 0.003 0.003 0.004 0.005 0.006 0.008 0.011 0.016 0.024 0.037 0.056 0.085 0.119 0.145 0.160 0.166 0.167 0.164 0.158 0.152 0.146 0.140 0.133 0.126 0.117 0.108 0.100 0.091 0.084 0.079 0.075 0.072 0.070 0.067 0.065 0.063 0.061 0.061 0.062 0.065 0.071 0.081 0.096 0.117 0.142 0.171 0.196 0.212 0.219 0.220 0.213 0.198 0.180 0.168 0.160 0.157 0.158 0.164 0.177 0.198 0.226 0.265 0.305 0.331 0.344 0.351 0.358
0.001 0.001 0.001 0.001 0.001 0.001 0.001 0.001 0.002 0.002 0.002 0.002 0.003 0.003 0.004 0.004 0.006 0.008 0.011 0.018 0.028 0.044 0.065 0.086 0.103 0.115 0.122 0.124 0.123 0.121 0.118 0.115 0.109 0.103 0.097 0.090 0.083 0.077 0.073 0.070 0.068 0.066 0.065 0.063 0.061 0.060 0.060 0.061 0.062 0.066 0.071 0.080 0.093 0.109 0.128 0.149 0.168 0.182 0.188 0.188 0.184 0.172 0.160 0.152 0.149 0.149 0.152 0.162 0.179 0.206 0.248 0.310 0.366 0.397 0.408 0.411 0.409
0.000 0.000 0.001 0.001 0.001 0.001 0.001 0.001 0.001 0.001 0.002 0.002 0.002 0.002 0.003 0.003 0.004 0.005 0.007 0.011 0.016 0.024 0.036 0.050 0.064 0.078 0.088 0.093 0.096 0.096 0.096 0.094 0.090 0.086 0.081 0.076 0.071 0.067 0.064 0.062 0.061 0.060 0.059 0.058 0.058 0.058 0.059 0.060 0.063 0.067 0.073 0.081 0.091 0.102 0.115 0.130 0.146 0.158 0.163 0.164 0.161 0.153 0.145 0.141 0.141 0.143 0.150 0.164 0.187 0.226 0.288 0.360 0.409 0.434 0.442 0.442 0.434
0.000 0.000 0.000 0.000 0.000 0.001 0.001 0.001 0.001 0.001 0.001 0.001 0.002 0.002 0.002 0.003 0.003 0.004 0.006 0.008 0.011 0.016 0.023 0.032 0.042 0.054 0.064 0.071 0.075 0.077 0.078 0.077 0.075 0.073 0.069 0.065 0.061 0.058 0.056 0.054 0.054 0.054 0.054 0.053 0.054 0.055 0.057 0.061 0.065 0.069 0.075 0.082 0.089 0.096 0.104 0.114 0.125 0.136 0.143 0.143 0.142 0.137 0.134 0.133 0.134 0.141 0.152 0.172 0.205 0.256 0.325 0.386 0.424 0.443 0.449 0.449 0.436
0.000 0.000 0.000 0.000 0.000 0.000 0.000 0.000 0.000 0.000 0.001 0.001 0.001 0.001 0.002 0.002 0.003 0.004 0.005 0.007 0.009 0.013 0.017 0.023 0.030 0.039 0.048 0.055 0.060 0.063 0.064 0.064 0.064 0.062 0.061 0.058 0.054 0.051 0.049 0.048 0.047 0.047 0.048 0.048 0.049 0.051 0.055 0.061 0.067 0.072 0.077 0.082 0.086 0.090 0.093 0.099 0.106 0.116 0.123 0.125 0.125 0.124 0.124 0.126 0.132 0.142 0.159 0.187 0.228 0.282 0.345 0.393 0.425 0.440 0.442 0.433 0.407
0.000 0.000 0.000 0.000 0.000 0.000 0.000 0.000 0.000 0.000 0.000 0.001 0.001 0.001 0.001 0.002 0.002 0.003 0.004 0.006 0.008 0.010 0.013 0.017 0.023 0.029 0.036 0.042 0.047 0.051 0.054 0.055 0.055 0.055 0.054 0.052 0.049 0.045 0.043 0.042 0.042 0.042 0.042 0.043 0.045 0.048 0.054 0.062 0.069 0.073 0.077 0.080 0.081 0.082 0.083 0.085 0.089 0.096 0.104 0.108 0.110 0.112 0.115 0.122 0.132 0.148 0.170 0.200 0.240 0.293 0.349 0.389 0.412 0.418 0.408 0.378 0.327
0.000 0.000 0.000 0.000 0.000 0.000 0.000 0.000 0.000 0.000 0.000 0.000 0.000 0.001 0.001 0.001 0.002 0.003 0.004 0.005 0.006 0.008 0.011 0.014 0.017 0.022 0.027 0.032 0.037 0.041 0.045 0.047 0.048 0.048 0.048 0.047 0.044 0.041 0.038 0.037 0.037 0.037 0.038 0.039 0.041 0.046 0.054 0.063 0.069 0.073 0.075 0.075 0.074 0.072 0.072 0.072 0.074 0.079 0.086 0.091 0.096 0.100 0.107 0.117 0.132 0.152 0.175 0.204 0.242 0.293 0.338 0.363 0.370 0.361 0.332 0.274 0.206
0.000 0.000 0.000 0.000 0.000 0.000 0.000 0.000 0.000 0.000 0.000 0.000 0.000 0.000 0.001 0.001 0.002 0.002 0.003 0.004 0.005 0.007 0.008 0.011 0.013 0.016 0.020 0.024 0.028 0.032 0.036 0.039 0.041 0.042 0.042 0.042 0.040 0.037 0.035 0.034 0.034 0.034 0.034 0.036 0.039 0.045 0.055 0.063 0.069 0.070 0.070 0.068 0.065 0.063 0.061 0.061 0.062 0.065 0.070 0.076 0.081 0.088 0.098 0.112 0.130 0.151 0.175 0.202 0.236 0.271 0.292 0.298 0.286 0.258 0.211 0.156 0.113
0.000 0.000 0.000 0.000 0.000 0.000 0.000 0.000 0.000 0.000 0.000 0.000 0.000 0.000 0.000 0.001 0.001 0.002 0.002 0.003 0.004 0.005 0.007 0.008 0.010 0.012 0.015 0.018 0.021 0.025 0.028 0.032 0.034 0.036 0.037 0.037 0.036 0.034 0.032 0.031 0.031 0.031 0.032 0.034 0.038 0.046 0.056 0.062 0.065 0.066 0.064 0.060 0.056 0.054 0.052 0.051 0.051 0.053 0.056 0.060 0.067 0.075 0.086 0.101 0.121 0.143 0.165 0.185 0.203 0.212 0.207 0.194 0.174 0.148 0.113 0.083 0.063
0.000 0.000 0.000 0.000 0.000 0.000 0.000 0.000 0.000 0.000 0.000 0.000 0.000 0.000 0.000 0.001 0.001 0.001 0.002 0.002 0.003 0.004 0.005 0.006 0.008 0.009 0.011 0.013 0.015 0.018 0.021 0.024 0.027 0.030 0.031 0.032 0.032 0.032 0.030 0.029 0.029 0.030 0.031 0.033 0.039 0.047 0.055 0.059 0.060 0.059 0.056 0.052 0.048 0.045 0.043 0.042 0.042 0.042 0.044 0.047 0.052 0.058 0.069 0.083 0.102 0.121 0.135 0.142 0.141 0.135 0.125 0.113 0.099 0.082 0.063 0.049 0.041
0.000 0.000 0.000 0.000 0.000 0.000 0.000 0.000 0.000 0.000 0.000 0.000 0.000 0.000 0.000 0.000 0.001 0.001 0.001 0.002 0.002 0.003 0.004 0.005 0.006 0.007 0.008 0.010 0.011 0.013 0.015 0.018 0.021 0.023 0.026 0.027 0.028 0.029 0.028 0.028 0.028 0.028 0.030 0.033 0.039 0.046 0.051 0.053 0.052 0.050 0.046 0.042 0.038 0.036 0.035 0.034 0.034 0.034 0.035 0.036 0.039 0.043 0.050 0.060 0.073 0.083 0.087 0.087 0.085 0.081 0.075 0.069 0.061 0.051 0.041 0.035 0.032
0.000 0.000 0.000 0.000 0.000 0.000 0.000 0.000 0.000 0.000 0.000 0.000 0.000 0.000 0.000 0.000 0.000 0.001 0.001 0.001 0.002 0.002 0.003 0.004 0.004 0.005 0.006 0.007 0.008 0.009 0.011 0.013 0.015 0.018 0.020 0.023 0.024 0.025 0.026 0.026 0.026 0.027 0.029 0.032 0.038 0.043 0.045 0.044 0.042 0.039 0.035 0.033 0.030 0.028 0.027 0.027 0.027 0.027 0.027 0.028 0.030 0.033 0.036 0.042 0.047 0.051 0.052 0.052 0.052 0.051 0.049 0.046 0.043 0.038 0.033 0.030 0.029
0.000 0.000 0.000 0.000 0.000 0.000 0.000 0.000 0.000 0.000 0.000 0.000 0.000 0.000 0.000 0.000 0.000 0.000 0.001 0.001 0.001 0.002 0.002 0.003 0.003 0.004 0.005 0.005 0.006 0.007 0.008 0.009 0.011 0.013 0.015 0.018 0.021 0.022 0.023 0.024 0.025 0.026 0.028 0.030 0.034 0.036 0.036 0.035 0.032 0.029 0.027 0.025 0.024 0.023 0.022 0.021 0.021 0.021 0.022 0.022 0.024 0.025 0.027 0.030 0.032 0.033 0.034 0.034 0.035 0.035 0.035 0.035 0.034 0.031 0.029 0.027 0.027
0.000 0.000 0.000 0.000 0.000 0.000 0.000 0.000 0.000 0.000 0.000 0.000 0.000 0.000 0.000 0.000 0.000 0.000 0.000 0.001 0.001 0.001 0.001 0.002 0.002 0.003 0.003 0.004 0.005 0.005 0.006 0.007 0.008 0.010 0.012 0.014 0.017 0.019 0.021 0.022 0.023 0.024 0.025 0.027 0.028 0.028 0.027 0.026 0.025 0.022 0.021 0.020 0.019 0.018 0.018 0.018 0.018 0.018 0.018 0.019 0.020 0.021 0.022 0.022 0.023 0.024 0.024 0.025 0.026 0.027 0.028 0.029 0.028 0.028 0.027 0.026 0.026
0.000 0.000 0.000 0.000 0.000 0.000 0.000 0.000 0.000 0.000 0.000 0.000 0.000 0.000 0.000 0.000 0.000 0.000 0.000 0.000 0.000 0.001 0.001 0.001 0.002 0.002 0.002 0.003 0.003 0.004 0.004 0.005 0.006 0.007 0.009 0.011 0.013 0.016 0.018 0.019 0.020 0.021 0.022 0.022 0.022 0.022 0.021 0.020 0.019 0.018 0.016 0.015 0.015 0.015 0.015 0.015 0.015 0.015 0.015 0.016 0.017 0.017 0.018 0.018 0.019 0.019 0.020 0.020 0.021 0.023 0.024 0.025 0.026 0.026 0.026 0.026 0.026
0.000 0.000 0.000 0.000 0.000 0.000 0.000 0.000 0.000 0.000 0.000 0.000 0.000 0.000 0.000 0.000 0.000 0.000 0.000 0.000 0.000 0.000 0.001 0.001 0.001 0.001 0.002 0.002 0.002 0.003 0.003 0.004 0.004 0.005 0.006 0.008 0.010 0.013 0.015 0.016 0.017 0.017 0.017 0.017 0.017 0.017 0.016 0.016 0.015 0.014 0.013 0.012 0.012 0.012 0.012 0.012 0.012 0.013 0.013 0.014 0.014 0.015 0.015 0.016 0.016 0.017 0.017 0.017 0.018 0.020 0.021 0.023 0.024 0.025 0.026 0.026 0.026
0.000 0.000 0.000 0.000 0.000 0.000 0.000 0.000 0.000 0.000 0.000 0.000 0.000 0.000 0.000 0.000 0.000 0.000 0.000 0.000 0.000 0.000 0.000 0.000 0.001 0.001 0.001 0.001 0.001 0.002 0.002 0.003 0.003 0.004 0.005 0.006 0.008 0.010 0.012 0.013 0.013 0.013 0.013 0.013 0.013 0.013 0.013 0.012 0.012 0.011 0.010 0.010 0.010 0.010 0.010 0.010 0.010 0.011 0.011 0.012 0.012 0.013 0.013 0.014 0.014 0.015 0.015 0.016 0.016 0.018 0.020 0.022 0.024 0.025 0.026 0.026 0.027
0.000 0.000 0.000 0.000 0.000 0.000 0.000 0.000 0.000 0.000 0.000 0.000 0.000 0.000 0.000 0.000 0.000 0.000 0.000 0.000 0.000 0.000 0.000 0.000 0.000 0.000 0.000 0.001 0.001 0.001 0.001 0.002 0.002 0.003 0.003 0.004 0.006 0.007 0.008 0.009 0.009 0.010 0.010 0.010 0.010 0.010 0.010 0.009 0.009 0.009 0.008 0.008 0.008 0.008 0.008 0.008 0.009 0.009 0.010 0.010 0.011 0.011 0.012 0.012 0.013 0.013 0.014 0.014 0.015 0.017 0.020 0.022 0.024 0.025 0.026 0.027 0.027
0.000 0.000 0.000 0.000 0.000 0.000 0.000 0.000 0.000 0.000 0.000 0.000 0.000 0.000 0.000 0.000 0.000 0.000 0.000 0.000 0.000 0.000 0.000 0.000 0.000 0.000 0.000 0.000 0.000 0.001 0.001 0.001 0.001 0.002 0.002 0.003 0.004 0.005 0.006 0.006 0.007 0.007 0.007 0.007 0.007 0.007 0.007 0.007 0.007 0.007 0.006 0.006 0.006 0.006 0.007 0.007 0.007 0.007 0.008 0.008 0.009 0.010 0.010 0.011 0.012 0.012 0.013 0.014 0.015 0.017 0.019 0.023 0.025 0.027 0.028 0.028 0.028
0.000 0.000 0.000 0.000 0.000 0.000 0.000 0.000 0.000 0.000 0.000 0.000 0.000 0.000 0.000 0.000 0.000 0.000 0.000 0.000 0.000 0.000 0.000 0.000 0.000 0.000 0.000 0.000 0.000 0.000 0.000 0.000 0.001 0.001 0.001 0.002 0.003 0.003 0.004 0.004 0.005 0.005 0.005 0.005 0.005 0.005 0.005 0.005 0.005 0.005 0.005 0.005 0.005 0.005 0.005 0.005 0.006 0.006 0.006 0.007 0.008 0.008 0.009 0.010 0.010 0.011 0.012 0.013 0.014 0.016 0.020 0.024 0.027 0.029 0.030 0.030 0.030
0.000 0.000 0.000 0.000 0.000 0.000 0.000 0.000 0.000 0.000 0.000 0.000 0.000 0.000 0.000 0.000 0.000 0.000 0.000 0.000 0.000 0.000 0.000 0.000 0.000 0.000 0.000 0.000 0.000 0.000 0.000 0.000 0.000 0.000 0.001 0.001 0.002 0.002 0.002 0.003 0.003 0.003 0.003 0.003 0.003 0.003 0.003 0.003 0.003 0.003 0.003 0.004 0.004 0.004 0.004 0.004 0.004 0.005 0.005 0.006 0.006 0.007 0.008 0.008 0.009 0.010 0.011 0.012 0.014 0.016 0.020 0.025 0.028 0.030 0.031 0.032 0.032
0.000 0.000 0.000 0.000 0.000 0.000 0.000 0.000 0.000 0.000 0.000 0.000 0.000 0.000 0.000 0.000 0.000 0.000 0.000 0.000 0.000 0.000 0.000 0.000 0.000 0.000 0.000 0.000 0.000 0.000 0.000 0.000 0.000 0.000 0.000 0.000 0.001 0.001 0.001 0.002 0.002 0.002 0.002 0.002 0.002 0.002 0.002 0.002 0.002 0.002 0.002 0.002 0.002 0.003 0.003 0.003 0.003 0.004 0.004 0.004 0.005 0.005 0.006 0.007 0.008 0.009 0.010 0.011 0.013 0.016 0.021 0.025 0.029 0.031 0.032 0.032 0.032
0.000 0.000 0.000 0.000 0.000 0.000 0.000 0.000 0.000 0.000 0.000 0.000 0.000 0.000 0.000 0.000 0.000 0.000 0.000 0.000 0.000 0.000 0.000 0.000 0.000 0.000 0.000 0.000 0.000 0.000 0.000 0.000 0.000 0.000 0.000 0.000 0.000 0.000 0.001 0.001 0.001 0.001 0.001 0.001 0.001 0.001 0.001 0.001 0.001 0.001 0.001 0.001 0.002 0.002 0.002 0.002 0.002 0.003 0.003 0.003 0.004 0.004 0.005 0.006 0.006 0.007 0.009 0.010 0.013 0.016 0.020 0.025 0.028 0.030 0.031 0.032 0.032
0.000 0.000 0.000 0.000 0.000 0.000 0.000 0.000 0.000 0.000 0.000 0.000 0.000 0.000 0.000 0.000 0.000 0.000 0.000 0.000 0.000 0.000 0.000 0.000 0.000 0.000 0.000 0.000 0.000 0.000 0.000 0.000 0.000 0.000 0.000 0.000 0.000 0.000 0.000 0.000 0.000 0.000 0.000 0.000 0.000 0.000 0.000 0.000 0.001 0.001 0.001 0.001 0.001 0.001 0.001 0.001 0.001 0.002 0.002 0.002 0.003 0.003 0.004 0.004 0.005 0.006 0.007 0.009 0.011 0.014 0.018 0.022 0.025 0.027 0.029 0.029 0.029
0.000 0.000 0.000 0.000 0.000 0.000 0.000 0.000 0.000 0.000 0.000 0.000 0.000 0.000 0.000 0.000 0.000 0.000 0.000 0.000 0.000 0.000 0.000 0.000 0.000 0.000 0.000 0.000 0.000 0.000 0.000 0.000 0.000 0.000 0.000 0.000 0.000 0.000 0.000 0.000 0.000 0.000 0.000 0.000 0.000 0.000 0.000 0.000 0.000 0.000 0.000 0.000 0.000 0.000 0.001 0.001 0.001 0.001 0.001 0.002 0.002 0.002 0.003 0.003 0.004 0.005 0.006 0.007 0.009 0.011 0.014 0.017 0.020 0.022 0.023 0.023 0.023
0.000 0.000 0.000 0.000 0.000 0.000 0.000 0.000 0.000 0.000 0.000 0.000 0.000 0.000 0.000 0.000 0.000 0.000 0.000 0.000 0.000 0.000 0.000 0.000 0.000 0.000 0.000 0.000 0.000 0.000 0.000 0.000 0.000 0.000 0.000 0.000 0.000 0.000 0.000 0.000 0.000 0.000 0.000 0.000 0.000 0.000 0.000 0.000 0.000 0.000 0.000 0.000 0.000 0.000 0.000 0.000 0.000 0.001 0.001 0.001 0.001 0.002 0.002 0.002 0.003 0.003 0.004 0.005 0.006 0.008 0.009 0.012 0.013 0.015 0.015 0.016 0.016
0.000 0.000 0.000 0.000 0.000 0.000 0.000 0.000 0.000 0.000 0.000 0.000 0.000 0.000 0.000 0.000 0.000 0.000 0.000 0.000 0.000 0.000 0.000 0.000 0.000 0.000 0.000 0.000 0.000 0.000 0.000 0.000 0.000 0.000 0.000 0.000 0.000 0.000 0.000 0.000 0.000 0.000 0.000 0.000 0.000 0.000 0.000 0.000 0.000 0.000 0.000 0.000 0.000 0.000 0.000 0.000 0.000 0.000 0.000 0.001 0.001 0.001 0.001 0.002 0.002 0.002 0.003 0.004 0.005 0.006 0.007 0.008 0.009 0.010 0.010 0.011 0.011
0.000 0.000 0.000 0.000 0.000 0.000 0.000 0.000 0.000 0.000 0.000 0.000 0.000 0.000 0.000 0.000 0.000 0.000 0.000 0.000 0.000 0.000 0.000 0.000 0.000 0.000 0.000 0.000 0.000 0.000 0.000 0.000 0.000 0.000 0.000 0.000 0.000 0.000 0.000 0.000 0.000 0.000 0.000 0.000 0.000 0.000 0.000 0.000 0.000 0.000 0.000 0.000 0.000 0.000 0.000 0.000 0.000 0.000 0.000 0.000 0.000 0.001 0.001 0.001 0.001 0.002 0.002 0.002 0.003 0.004 0.005 0.005 0.006 0.007 0.007 0.007 0.007
0.000 0.000 0.000 0.000 0.000 0.000 0.000 0.000 0.000 0.000 0.000 0.000 0.000 0.000 0.000 0.000 0.000 0.000 0.000 0.000 0.000 0.000 0.000 0.000 0.000 0.000 0.000 0.000 0.000 0.000 0.000 0.000 0.000 0.000 0.000 0.000 0.000 0.000 0.000 0.000 0.000 0.000 0.000 0.000 0.000 0.000 0.000 0.000 0.000 0.000 0.000 0.000 0.000 0.000 0.000 0.000 0.000 0.000 0.000 0.000 0.000 0.000 0.000 0.001 0.001 0.001 0.001 0.002 0.002 0.002 0.003 0.003 0.004 0.004 0.004 0.004 0.004
0.000 0.000 0.000 0.000 0.000 0.000 0.000 0.000 0.000 0.000 0.000 0.000 0.000 0.000 0.000 0.000 0.000 0.000 0.000 0.000 0.000 0.000 0.000 0.000 0.000 0.000 0.000 0.000 0.000 0.000 0.000 0.000 0.000 0.000 0.000 0.000 0.000 0.000 0.000 0.000 0.000 0.000 0.000 0.000 0.000 0.000 0.000 0.000 0.000 0.000 0.000 0.000 0.000 0.000 0.000 0.000 0.000 0.000 0.000 0.000 0.000 0.000 0.000 0.000 0.000 0.000 0.001 0.001 0.001 0.001 0.002 0.002 0.002 0.002 0.002 0.003 0.003
0.000 0.000 0.000 0.000 0.000 0.000 0.000 0.000 0.000 0.000 0.000 0.000 0.000 0.000 0.000 0.000 0.000 0.000 0.000 0.000 0.000 0.000 0.000 0.000 0.000 0.000 0.000 0.000 0.000 0.000 0.000 0.000 0.000 0.000 0.000 0.000 0.000 0.000 0.000 0.000 0.000 0.000 0.000 0.000 0.000 0.000 0.000 0.000 0.000 0.000 0.000 0.000 0.000 0.000 0.000 0.000 0.000 0.000 0.000 0.000 0.000 0.000 0.000 0.000 0.000 0.000 0.000 0.000 0.001 0.001 0.001 0.001 0.001 0.001 0.001 0.001 0.001
0.000 0.000 0.000 0.000 0.000 0.000 0.000 0.000 0.000 0.000 0.000 0.000 0.000 0.000 0.000 0.000 0.000 0.000 0.000 0.000 0.000 0.000 0.000 0.000 0.000 0.000 0.000 0.000 0.000 0.000 0.000 0.000 0.000 0.000 0.000 0.000 0.000 0.000 0.000 0.000 0.000 0.000 0.000 0.000 0.000 0.000 0.000 0.000 0.000 0.000 0.000 0.000 0.000 0.000 0.000 0.000 0.000 0.000 0.000 0.000 0.000 0.000 0.000 0.000 0.000 0.000 0.000 0.000 0.000 0.000 0.000 0.000 0.000 0.000 0.000 0.000 0.000
