RESULTS/r.avaflow_results/14b_results/14b_ascii/14b_hflow10038.asc
ncols 506
nrows 317
xllcenter 498237.50
yllcenter 5580050.00
cellsize 12.50
NODATA_value -9999.000
[rows 170 to 203 of 317, columns 228 to 303 of 506]
0.916 0.908 0.896 0.878 0.851 0.821 0.802 0.796 0.800 0.821 0.870 0.939 0.990 1.014 1.017 1.003 0.963 0.888 0.774 0.618 0.407 0.196 0.072 0.024 0.010 0.006 0.004 0.003 0.002 0.002 0.001 0.001 0.001 0.001 0.000 0.000 0.000 0.000 0.000 0.000 0.000 0.000 0.000 0.000 0.000 0.000 0.000 0.000 0.000 0.000 0.000 0.000 0.000 0.000 0.000 0.000 0.000 0.000 0.000 0.000 0.000 0.000 0.000 0.000 0.000 0.000 0.000 0.000 0.000 0.000 0.000 0.000 0.000 0.000 0.000 0.000
1.008 0.985 0.957 0.925 0.893 0.868 0.856 0.852 0.855 0.877 0.930 1.010 1.069 1.095 1.094 1.070 1.019 0.942 0.839 0.711 0.542 0.312 0.126 0.041 0.015 0.008 0.005 0.004 0.003 0.002 0.002 0.001 0.001 0.001 0.001 0.000 0.000 0.000 0.000 0.000 0.000 0.000 0.000 0.000 0.000 0.000 0.000 0.000 0.000 0.000 0.000 0.000 0.000 0.000 0.000 0.000 0.000 0.000 0.000 0.000 0.000 0.000 0.000 0.000 0.000 0.000 0.000 0.000 0.000 0.000 0.000 0.000 0.000 0.000 0.000 0.000
1.085 1.050 1.010 0.969 0.936 0.914 0.904 0.902 0.904 0.920 0.967 1.039 1.087 1.104 1.101 1.076 1.026 0.955 0.864 0.755 0.619 0.413 0.189 0.066 0.023 0.010 0.006 0.005 0.004 0.003 0.002 0.002 0.001 0.001 0.001 0.001 0.000 0.000 0.000 0.000 0.000 0.000 0.000 0.000 0.000 0.000 0.000 0.000 0.000 0.000 0.000 0.000 0.000 0.000 0.000 0.000 0.000 0.000 0.000 0.000 0.000 0.000 0.000 0.000 0.000 0.000 0.000 0.000 0.000 0.000 0.000 0.000 0.000 0.000 0.000 0.000
1.159 1.112 1.062 1.018 0.984 0.962 0.952 0.949 0.949 0.960 0.996 1.051 1.086 1.097 1.093 1.070 1.024 0.958 0.876 0.779 0.664 0.491 0.258 0.100 0.034 0.014 0.008 0.005 0.004 0.003 0.003 0.002 0.002 0.001 0.001 0.001 0.001 0.000 0.000 0.000 0.000 0.000 0.000 0.000 0.000 0.000 0.000 0.000 0.000 0.000 0.000 0.000 0.000 0.000 0.000 0.000 0.000 0.000 0.000 0.000 0.000 0.000 0.000 0.000 0.000 0.000 0.000 0.000 0.000 0.000 0.000 0.000 0.000 0.000 0.000 0.000
1.230 1.172 1.119 1.073 1.038 1.015 1.001 0.994 0.992 0.999 1.022 1.057 1.077 1.084 1.080 1.058 1.016 0.956 0.881 0.794 0.696 0.558 0.342 0.149 0.054 0.021 0.010 0.007 0.005 0.004 0.003 0.003 0.002 0.002 0.001 0.001 0.001 0.001 0.000 0.000 0.000 0.000 0.000 0.000 0.000 0.000 0.000 0.000 0.000 0.000 0.000 0.000 0.000 0.000 0.000 0.000 0.000 0.000 0.000 0.000 0.000 0.000 0.000 0.000 0.000 0.000 0.000 0.000 0.000 0.000 0.000 0.000 0.000 0.000 0.000 0.000
1.301 1.237 1.181 1.136 1.099 1.072 1.051 1.039 1.034 1.035 1.046 1.062 1.070 1.069 1.062 1.040 1.000 0.946 0.878 0.801 0.720 0.616 0.440 0.222 0.089 0.034 0.015 0.009 0.006 0.005 0.004 0.003 0.002 0.002 0.001 0.001 0.001 0.001 0.000 0.000 0.000 0.000 0.000 0.000 0.000 0.000 0.000 0.000 0.000 0.000 0.000 0.000 0.000 0.000 0.000 0.000 0.000 0.000 0.000 0.000 0.000 0.000 0.000 0.000 0.000 0.000 0.000 0.000 0.000 0.000 0.000 0.000 0.000 0.000 0.000 0.000
1.379 1.308 1.250 1.204 1.164 1.132 1.106 1.088 1.077 1.072 1.069 1.070 1.067 1.055 1.036 1.010 0.972 0.924 0.867 0.801 0.732 0.655 0.528 0.327 0.152 0.062 0.025 0.012 0.008 0.005 0.004 0.003 0.003 0.002 0.002 0.001 0.001 0.001 0.001 0.000 0.000 0.000 0.000 0.000 0.000 0.000 0.000 0.000 0.000 0.000 0.000 0.000 0.000 0.000 0.000 0.000 0.000 0.000 0.000 0.000 0.000 0.000 0.000 0.000 0.000 0.000 0.000 0.000 0.000 0.000 0.000 0.000 0.000 0.000 0.000 0.000
1.469 1.391 1.329 1.278 1.232 1.196 1.165 1.143 1.125 1.109 1.095 1.083 1.067 1.044 1.013 0.978 0.939 0.896 0.847 0.793 0.734 0.668 0.578 0.432 0.249 0.115 0.049 0.021 0.011 0.007 0.005 0.004 0.003 0.003 0.002 0.002 0.001 0.001 0.001 0.001 0.000 0.000 0.000 0.000 0.000 0.000 0.000 0.000 0.000 0.000 0.000 0.000 0.000 0.000 0.000 0.000 0.000 0.000 0.000 0.000 0.000 0.000 0.000 0.000 0.000 0.000 0.000 0.000 0.000 0.000 0.000 0.000 0.000 0.000 0.000 0.000
1.575 1.490 1.419 1.359 1.308 1.266 1.232 1.203 1.176 1.150 1.125 1.099 1.071 1.038 1.001 0.960 0.918 0.874 0.827 0.779 0.727 0.666 0.594 0.495 0.352 0.199 0.094 0.041 0.018 0.010 0.006 0.005 0.004 0.003 0.002 0.002 0.001 0.001 0.001 0.001 0.001 0.000 0.000 0.000 0.000 0.000 0.000 0.000 0.000 0.000 0.000 0.000 0.000 0.000 0.000 0.000 0.000 0.000 0.000 0.000 0.000 0.000 0.000 0.000 0.000 0.000 0.000 0.000 0.000 0.000 0.000 0.000 0.000 0.000 0.000 0.000
1.700 1.604 1.521 1.451 1.395 1.348 1.306 1.268 1.230 1.193 1.156 1.119 1.080 1.039 0.996 0.953 0.908 0.862 0.815 0.766 0.715 0.660 0.596 0.522 0.424 0.291 0.163 0.078 0.034 0.016 0.009 0.006 0.004 0.003 0.003 0.002 0.002 0.001 0.001 0.001 0.001 0.001 0.001 0.000 0.000 0.000 0.000 0.000 0.000 0.000 0.000 0.000 0.000 0.000 0.000 0.000 0.000 0.000 0.000 0.000 0.000 0.000 0.000 0.000 0.000 0.000 0.000 0.000 0.000 0.000 0.000 0.000 0.000 0.000 0.001 0.001
1.847 1.737 1.641 1.561 1.496 1.437 1.383 1.332 1.284 1.237 1.190 1.142 1.091 1.042 0.996 0.951 0.905 0.857 0.809 0.760 0.710 0.657 0.599 0.534 0.460 0.363 0.244 0.136 0.065 0.029 0.014 0.008 0.005 0.004 0.003 0.002 0.002 0.002 0.001 0.001 0.001 0.001 0.001 0.001 0.000 0.000 0.000 0.000 0.000 0.000 0.000 0.000 0.000 0.000 0.000 0.000 0.000 0.000 0.000 0.000 0.000 0.000 0.000 0.000 0.000 0.000 0.000 0.000 0.000 0.000 0.000 0.000 0.001 0.001 0.001 0.001
2.020 1.894 1.783 1.688 1.607 1.531 1.461 1.398 1.339 1.281 1.224 1.166 1.106 1.050 1.000 0.952 0.904 0.855 0.807 0.758 0.709 0.658 0.603 0.543 0.479 0.405 0.315 0.209 0.114 0.054 0.025 0.013 0.007 0.005 0.003 0.003 0.002 0.002 0.001 0.001 0.001 0.001 0.001 0.001 0.001 0.000 0.000 0.000 0.000 0.000 0.000 0.000 0.000 0.000 0.000 0.000 0.000 0.000 0.000 0.000 0.000 0.000 0.000 0.000 0.000 0.000 0.000 0.000 0.000 0.000 0.001 0.001 0.001 0.001 0.001 0.002
2.218 2.073 1.944 1.829 1.725 1.630 1.544 1.467 1.395 1.326 1.259 1.193 1.125 1.063 1.006 0.955 0.904 0.854 0.806 0.759 0.712 0.662 0.609 0.553 0.494 0.432 0.363 0.281 0.184 0.101 0.050 0.025 0.013 0.007 0.004 0.003 0.002 0.002 0.002 0.001 0.001 0.001 0.001 0.001 0.001 0.001 0.001 0.001 0.000 0.000 0.000 0.000 0.000 0.000 0.000 0.000 0.000 0.000 0.000 0.000 0.000 0.001 0.001 0.001 0.001 0.001 0.001 0.001 0.001 0.001 0.001 0.001 0.001 0.001 0.002 0.003
2.400 2.240 2.099 1.973 1.851 1.739 1.635 1.541 1.455 1.375 1.298 1.222 1.149 1.081 1.018 0.961 0.907 0.856 0.807 0.762 0.717 0.669 0.618 0.565 0.510 0.452 0.394 0.333 0.259 0.175 0.102 0.055 0.028 0.014 0.007 0.004 0.003 0.002 0.002 0.002 0.001 0.001 0.001 0.001 0.001 0.001 0.001 0.001 0.001 0.001 0.001 0.001 0.001 0.001 0.001 0.001 0.001 0.001 0.001 0.001 0.001 0.001 0.001 0.001 0.001 0.001 0.001 0.001 0.001 0.001 0.001 0.001 0.002 0.002 0.004 0.007
2.554 2.385 2.238 2.105 1.979 1.857 1.737 1.625 1.524 1.431 1.343 1.258 1.179 1.106 1.039 0.976 0.918 0.864 0.815 0.769 0.725 0.679 0.629 0.578 0.525 0.470 0.417 0.364 0.308 0.243 0.171 0.106 0.058 0.029 0.014 0.007 0.004 0.003 0.003 0.002 0.002 0.002 0.001 0.001 0.001 0.001 0.001 0.001 0.001 0.001 0.001 0.001 0.001 0.001 0.001 0.001 0.001 0.001 0.001 0.001 0.001 0.001 0.002 0.002 0.002 0.002 0.002 0.002 0.002 0.002 0.002 0.002 0.003 0.005 0.008 0.017
2.682 2.510 2.358 2.221 2.092 1.966 1.842 1.720 1.605 1.498 1.399 1.307 1.222 1.144 1.072 1.004 0.942 0.884 0.831 0.782 0.735 0.689 0.641 0.590 0.538 0.485 0.432 0.381 0.331 0.277 0.214 0.145 0.088 0.048 0.025 0.013 0.007 0.005 0.003 0.003 0.002 0.002 0.002 0.001 0.001 0.001 0.001 0.001 0.001 0.001 0.001 0.001 0.001 0.001 0.001 0.001 0.001 0.002 0.002 0.002 0.002 0.002 0.002 0.002 0.002 0.002 0.002 0.002 0.002 0.003 0.003 0.004 0.006 0.010 0.017 0.032
2.781 2.617 2.462 2.320 2.187 2.058 1.933 1.811 1.692 1.578 1.471 1.373 1.282 1.198 1.120 1.047 0.979 0.916 0.857 0.802 0.751 0.701 0.653 0.604 0.552 0.498 0.444 0.391 0.339 0.287 0.231 0.166 0.109 0.066 0.038 0.021 0.012 0.008 0.005 0.004 0.003 0.003 0.002 0.002 0.002 0.002 0.002 0.002 0.001 0.001 0.001 0.001 0.002 0.002 0.002 0.002 0.002 0.002 0.003 0.003 0.004 0.004 0.004 0.004 0.004 0.004 0.004 0.004 0.004 0.005 0.006 0.009 0.013 0.020 0.031 0.046
2.855 2.703 2.550 2.402 2.264 2.132 2.005 1.885 1.771 1.663 1.560 1.458 1.361 1.269 1.183 1.104 1.029 0.959 0.891 0.829 0.772 0.719 0.669 0.618 0.565 0.510 0.455 0.400 0.345 0.291 0.236 0.178 0.125 0.083 0.053 0.033 0.020 0.012 0.008 0.006 0.005 0.004 0.003 0.003 0.002 0.002 0.002 0.002 0.002 0.002 0.002 0.002 0.002 0.002 0.003 0.003 0.003 0.004 0.005 0.006 0.007 0.007 0.007 0.008 0.008 0.008 0.008 0.008 0.009 0.011 0.014 0.020 0.026 0.034 0.043 0.053
2.904 2.764 2.619 2.468 2.321 2.186 2.061 1.946 1.840 1.743 1.652 1.558 1.459 1.359 1.264 1.174 1.090 1.010 0.934 0.864 0.801 0.743 0.688 0.634 0.580 0.524 0.467 0.409 0.350 0.293 0.238 0.187 0.140 0.099 0.068 0.045 0.030 0.020 0.014 0.010 0.008 0.007 0.006 0.005 0.004 0.003 0.003 0.003 0.003 0.003 0.003 0.003 0.003 0.004 0.004 0.005 0.007 0.008 0.010 0.013 0.014 0.015 0.016 0.017 0.017 0.017 0.017 0.018 0.020 0.025 0.033 0.039 0.044 0.046 0.049 0.055
2.928 2.800 2.665 2.516 2.360 2.221 2.101 1.995 1.900 1.813 1.730 1.647 1.556 1.457 1.355 1.255 1.160 1.069 0.985 0.908 0.838 0.773 0.713 0.654 0.597 0.540 0.481 0.418 0.354 0.294 0.240 0.192 0.150 0.114 0.084 0.060 0.042 0.030 0.023 0.019 0.016 0.014 0.013 0.010 0.007 0.005 0.004 0.004 0.004 0.004 0.004 0.004 0.005 0.006 0.008 0.011 0.014 0.018 0.023 0.028 0.032 0.035 0.037 0.038 0.038 0.039 0.040 0.042 0.047 0.053 0.059 0.060 0.057 0.053 0.051 0.053
2.935 2.818 2.694 2.547 2.382 2.240 2.124 2.029 1.947 1.871 1.796 1.719 1.635 1.542 1.442 1.339 1.235 1.135 1.044 0.961 0.883 0.810 0.744 0.681 0.621 0.561 0.498 0.428 0.358 0.294 0.239 0.194 0.156 0.125 0.099 0.077 0.059 0.047 0.040 0.036 0.035 0.033 0.031 0.027 0.019 0.012 0.008 0.006 0.006 0.006 0.006 0.007 0.009 0.013 0.020 0.027 0.033 0.041 0.049 0.059 0.066 0.071 0.072 0.071 0.069 0.069 0.070 0.072 0.075 0.077 0.076 0.071 0.063 0.055 0.050 0.047
2.921 2.823 2.709 2.562 2.389 2.245 2.134 2.048 1.978 1.912 1.846 1.778 1.701 1.615 1.520 1.417 1.306 1.198 1.100 1.012 0.931 0.855 0.784 0.718 0.654 0.589 0.519 0.442 0.363 0.295 0.239 0.193 0.158 0.131 0.111 0.094 0.081 0.073 0.069 0.070 0.074 0.076 0.075 0.067 0.049 0.029 0.018 0.013 0.011 0.011 0.011 0.013 0.020 0.032 0.047 0.061 0.073 0.082 0.090 0.095 0.097 0.096 0.093 0.089 0.086 0.085 0.086 0.088 0.089 0.088 0.083 0.076 0.067 0.057 0.048 0.040
2.816 2.774 2.699 2.561 2.386 2.242 2.133 2.051 1.990 1.936 1.883 1.825 1.758 1.679 1.588 1.483 1.366 1.250 1.147 1.055 0.972 0.895 0.821 0.750 0.681 0.611 0.536 0.454 0.370 0.297 0.238 0.192 0.158 0.133 0.117 0.106 0.100 0.098 0.101 0.109 0.120 0.124 0.123 0.114 0.091 0.061 0.039 0.027 0.022 0.021 0.022 0.029 0.047 0.073 0.098 0.114 0.122 0.125 0.122 0.116 0.110 0.105 0.098 0.093 0.090 0.089 0.090 0.092 0.092 0.090 0.085 0.078 0.068 0.057 0.045 0.034
2.487 2.532 2.547 2.479 2.348 2.216 2.117 2.043 1.988 1.945 1.907 1.863 1.807 1.734 1.644 1.535 1.410 1.290 1.184 1.091 1.005 0.925 0.847 0.771 0.697 0.624 0.547 0.462 0.374 0.296 0.235 0.190 0.157 0.133 0.118 0.112 0.110 0.113 0.122 0.134 0.143 0.147 0.145 0.134 0.112 0.083 0.062 0.049 0.042 0.040 0.044 0.061 0.097 0.130 0.147 0.154 0.155 0.149 0.139 0.126 0.115 0.106 0.098 0.093 0.090 0.089 0.089 0.091 0.091 0.090 0.086 0.078 0.068 0.056 0.042 0.029
1.890 2.000 2.124 2.168 2.142 2.087 2.042 2.007 1.974 1.944 1.919 1.890 1.845 1.777 1.685 1.570 1.439 1.317 1.211 1.118 1.031 0.946 0.862 0.781 0.703 0.628 0.550 0.465 0.373 0.292 0.228 0.182 0.151 0.130 0.117 0.112 0.112 0.118 0.132 0.144 0.150 0.151 0.148 0.137 0.115 0.091 0.074 0.066 0.062 0.064 0.076 0.107 0.146 0.169 0.176 0.175 0.171 0.161 0.147 0.131 0.117 0.105 0.097 0.090 0.086 0.084 0.083 0.084 0.084 0.084 0.082 0.076 0.066 0.053 0.037 0.024
1.182 1.254 1.405 1.544 1.640 1.710 1.772 1.837 1.886 1.910 1.916 1.902 1.865 1.800 1.708 1.588 1.453 1.333 1.229 1.137 1.048 0.959 0.870 0.782 0.697 0.614 0.530 0.440 0.344 0.262 0.199 0.156 0.130 0.115 0.108 0.106 0.109 0.118 0.133 0.144 0.148 0.149 0.146 0.135 0.114 0.091 0.078 0.074 0.074 0.080 0.100 0.137 0.171 0.185 0.187 0.184 0.177 0.165 0.151 0.134 0.117 0.104 0.092 0.082 0.075 0.070 0.068 0.067 0.068 0.068 0.068 0.064 0.057 0.044 0.030 0.019
0.683 0.678 0.722 0.803 0.906 1.036 1.197 1.387 1.574 1.718 1.818 1.865 1.855 1.806 1.714 1.591 1.456 1.339 1.238 1.147 1.058 0.966 0.867 0.761 0.649 0.541 0.438 0.340 0.250 0.177 0.127 0.098 0.084 0.079 0.080 0.084 0.093 0.109 0.125 0.134 0.137 0.138 0.135 0.126 0.108 0.089 0.078 0.075 0.077 0.088 0.113 0.149 0.176 0.188 0.189 0.185 0.178 0.167 0.152 0.135 0.117 0.099 0.083 0.069 0.057 0.049 0.045 0.043 0.042 0.042 0.042 0.041 0.037 0.030 0.021 0.014
0.379 0.339 0.327 0.343 0.383 0.449 0.553 0.718 0.952 1.213 1.443 1.619 1.725 1.751 1.695 1.584 1.452 1.338 1.240 1.150 1.059 0.954 0.822 0.666 0.510 0.370 0.256 0.171 0.112 0.075 0.052 0.040 0.037 0.037 0.039 0.046 0.061 0.083 0.100 0.108 0.111 0.111 0.109 0.103 0.091 0.078 0.073 0.072 0.076 0.090 0.116 0.148 0.169 0.178 0.179 0.177 0.171 0.162 0.150 0.134 0.113 0.091 0.071 0.055 0.043 0.034 0.030 0.027 0.026 0.025 0.024 0.023 0.021 0.018 0.014 0.011
0.206 0.162 0.142 0.136 0.142 0.162 0.201 0.268 0.379 0.539 0.753 1.028 1.320 1.518 1.573 1.525 1.427 1.325 1.235 1.142 1.026 0.870 0.670 0.461 0.290 0.175 0.106 0.065 0.041 0.027 0.019 0.016 0.015 0.016 0.017 0.021 0.029 0.044 0.057 0.064 0.066 0.066 0.065 0.063 0.058 0.055 0.056 0.060 0.069 0.085 0.108 0.129 0.139 0.143 0.143 0.142 0.141 0.138 0.133 0.121 0.102 0.078 0.059 0.045 0.035 0.027 0.023 0.020 0.018 0.016 0.015 0.014 0.013 0.012 0.010 0.009
0.106 0.077 0.062 0.056 0.055 0.059 0.068 0.086 0.118 0.173 0.259 0.407 0.679 1.017 1.245 1.320 1.311 1.261 1.185 1.071 0.901 0.666 0.419 0.236 0.130 0.072 0.042 0.026 0.018 0.012 0.009 0.008 0.008 0.008 0.008 0.010 0.013 0.020 0.026 0.030 0.031 0.031 0.030 0.029 0.028 0.028 0.030 0.037 0.050 0.066 0.078 0.083 0.082 0.080 0.079 0.079 0.082 0.088 0.092 0.089 0.079 0.062 0.047 0.037 0.029 0.023 0.019 0.016 0.014 0.012 0.011 0.010 0.010 0.009 0.009 0.008
0.051 0.036 0.028 0.025 0.024 0.024 0.025 0.029 0.037 0.051 0.075 0.123 0.233 0.443 0.697 0.889 0.983 1.003 0.961 0.841 0.630 0.382 0.204 0.106 0.056 0.032 0.020 0.014 0.010 0.008 0.006 0.006 0.005 0.005 0.005 0.006 0.007 0.009 0.012 0.013 0.014 0.014 0.013 0.013 0.013 0.013 0.014 0.018 0.026 0.033 0.036 0.035 0.034 0.032 0.032 0.033 0.035 0.040 0.047 0.051 0.049 0.044 0.037 0.030 0.025 0.020 0.016 0.014 0.012 0.010 0.009 0.008 0.008 0.008 0.008 0.007
0.023 0.017 0.014 0.012 0.012 0.011 0.011 0.012 0.014 0.017 0.023 0.036 0.065 0.135 0.263 0.394 0.478 0.511 0.504 0.433 0.296 0.163 0.085 0.046 0.026 0.017 0.012 0.009 0.008 0.006 0.005 0.005 0.005 0.004 0.004 0.004 0.005 0.005 0.006 0.007 0.007 0.007 0.007 0.007 0.007 0.007 0.007 0.009 0.011 0.013 0.014 0.013 0.013 0.013 0.013 0.014 0.015 0.018 0.023 0.028 0.031 0.030 0.028 0.025 0.021 0.017 0.014 0.012 0.010 0.009 0.008 0.008 0.007 0.007 0.007 0.007
0.011 0.009 0.008 0.007 0.006 0.006 0.006 0.006 0.006 0.007 0.009 0.012 0.019 0.036 0.074 0.127 0.161 0.173 0.172 0.153 0.107 0.060 0.034 0.021 0.014 0.011 0.009 0.008 0.006 0.005 0.005 0.004 0.004 0.004 0.004 0.004 0.004 0.004 0.004 0.004 0.004 0.004 0.004 0.004 0.004 0.004 0.004 0.005 0.006 0.006 0.006 0.006 0.006 0.006 0.006 0.007 0.008 0.009 0.013 0.017 0.020 0.021 0.021 0.020 0.017 0.014 0.012 0.010 0.009 0.008 0.007 0.007 0.007 0.007 0.007 0.007
0.005 0.005 0.004 0.004 0.004 0.004 0.004 0.004 0.004 0.004 0.005 0.005 0.007 0.012 0.021 0.037 0.047 0.051 0.051 0.048 0.037 0.023 0.015 0.011 0.009 0.008 0.007 0.006 0.005 0.005 0.004 0.004 0.004 0.003 0.003 0.003 0.003 0.003 0.003 0.003 0.003 0.003 0.003 0.003 0.003 0.003 0.003 0.003 0.004 0.004 0.004 0.004 0.004 0.004 0.004 0.005 0.005 0.006 0.008 0.011 0.014 0.016 0.016 0.015 0.014 0.012 0.010 0.009 0.008 0.007 0.007 0.006 0.006 0.006 0.006 0.006
