RESULTS/r.avaflow_results/14b_results/14b_ascii/14b_hflow30071.asc
ncols 506
nrows 317
xllcenter 498237.50
yllcenter 5580050.00
cellsize 12.50
NODATA_value -9999.000
[rows 204 to 237 of 317, columns 231 to 307 of 506]
0.007 0.007 0.007 0.007 0.006 0.006 0.006 0.007 0.007 0.010 0.015 0.024 0.040 0.057 0.072 0.090 0.112 0.140 0.174 0.210 0.246 0.281 0.304 0.313 0.312 0.303 0.286 0.267 0.252 0.240 0.230 0.221 0.212 0.202 0.193 0.183 0.171 0.157 0.140 0.126 0.117 0.111 0.106 0.101 0.095 0.088 0.081 0.077 0.076 0.077 0.084 0.100 0.124 0.158 0.202 0.252 0.291 0.316 0.325 0.323 0.310 0.283 0.249 0.223 0.202 0.188 0.183 0.184 0.189 0.199 0.216 0.231 0.241 0.246 0.251 0.256 0.265
0.003 0.003 0.003 0.003 0.003 0.003 0.003 0.003 0.004 0.004 0.005 0.007 0.011 0.016 0.021 0.028 0.038 0.053 0.074 0.101 0.134 0.173 0.207 0.227 0.233 0.231 0.223 0.213 0.203 0.194 0.186 0.179 0.172 0.164 0.156 0.147 0.136 0.125 0.113 0.103 0.097 0.092 0.088 0.084 0.079 0.074 0.071 0.069 0.069 0.072 0.078 0.091 0.111 0.138 0.172 0.210 0.239 0.257 0.264 0.263 0.255 0.235 0.212 0.194 0.181 0.174 0.173 0.176 0.186 0.201 0.221 0.244 0.264 0.278 0.287 0.295 0.306
0.001 0.002 0.002 0.002 0.002 0.002 0.002 0.002 0.002 0.003 0.003 0.003 0.004 0.006 0.008 0.010 0.014 0.021 0.031 0.047 0.068 0.098 0.130 0.152 0.164 0.169 0.169 0.165 0.160 0.155 0.151 0.146 0.140 0.134 0.126 0.119 0.111 0.102 0.094 0.088 0.083 0.080 0.077 0.074 0.071 0.068 0.067 0.066 0.067 0.070 0.076 0.087 0.103 0.124 0.150 0.178 0.200 0.214 0.221 0.221 0.214 0.200 0.184 0.172 0.166 0.163 0.164 0.171 0.184 0.204 0.232 0.269 0.307 0.333 0.346 0.353 0.362
0.001 0.001 0.001 0.001 0.001 0.001 0.001 0.002 0.002 0.002 0.002 0.002 0.003 0.003 0.004 0.005 0.007 0.010 0.015 0.023 0.036 0.053 0.076 0.095 0.109 0.119 0.124 0.126 0.125 0.124 0.122 0.119 0.114 0.109 0.104 0.098 0.091 0.085 0.080 0.076 0.073 0.071 0.070 0.067 0.065 0.064 0.064 0.064 0.066 0.070 0.076 0.085 0.098 0.114 0.133 0.153 0.171 0.183 0.189 0.189 0.185 0.174 0.163 0.157 0.154 0.154 0.158 0.168 0.186 0.213 0.255 0.313 0.364 0.393 0.404 0.407 0.407
0.000 0.001 0.001 0.001 0.001 0.001 0.001 0.001 0.001 0.001 0.002 0.002 0.002 0.002 0.003 0.004 0.005 0.006 0.009 0.014 0.021 0.031 0.044 0.058 0.071 0.083 0.091 0.096 0.098 0.099 0.099 0.097 0.094 0.090 0.086 0.082 0.077 0.072 0.069 0.067 0.065 0.064 0.063 0.061 0.060 0.060 0.061 0.063 0.066 0.070 0.076 0.084 0.094 0.106 0.119 0.133 0.147 0.159 0.164 0.164 0.161 0.155 0.148 0.145 0.145 0.148 0.156 0.170 0.194 0.233 0.292 0.358 0.402 0.426 0.435 0.436 0.429
0.000 0.000 0.000 0.000 0.000 0.001 0.001 0.001 0.001 0.001 0.001 0.001 0.002 0.002 0.002 0.003 0.004 0.005 0.007 0.010 0.014 0.021 0.028 0.037 0.048 0.058 0.068 0.074 0.078 0.080 0.080 0.080 0.078 0.076 0.073 0.070 0.066 0.063 0.060 0.058 0.057 0.056 0.056 0.055 0.055 0.056 0.059 0.062 0.067 0.071 0.077 0.084 0.091 0.098 0.107 0.116 0.127 0.137 0.143 0.144 0.142 0.139 0.137 0.136 0.139 0.145 0.158 0.178 0.210 0.259 0.324 0.380 0.416 0.435 0.442 0.442 0.431
0.000 0.000 0.000 0.000 0.000 0.000 0.000 0.000 0.000 0.001 0.001 0.001 0.001 0.002 0.002 0.002 0.003 0.004 0.006 0.008 0.011 0.015 0.020 0.027 0.034 0.043 0.051 0.057 0.062 0.065 0.066 0.067 0.066 0.065 0.064 0.061 0.058 0.055 0.052 0.051 0.050 0.050 0.050 0.050 0.051 0.053 0.057 0.063 0.068 0.073 0.078 0.083 0.087 0.091 0.095 0.100 0.107 0.116 0.123 0.126 0.126 0.125 0.126 0.129 0.135 0.146 0.163 0.190 0.229 0.281 0.340 0.386 0.417 0.432 0.435 0.428 0.406
0.000 0.000 0.000 0.000 0.000 0.000 0.000 0.000 0.000 0.000 0.000 0.001 0.001 0.001 0.002 0.002 0.003 0.004 0.005 0.006 0.009 0.012 0.016 0.020 0.025 0.032 0.038 0.044 0.049 0.053 0.056 0.057 0.057 0.057 0.056 0.055 0.052 0.048 0.046 0.045 0.044 0.044 0.045 0.045 0.047 0.050 0.056 0.063 0.069 0.074 0.078 0.081 0.082 0.083 0.084 0.086 0.090 0.097 0.104 0.108 0.111 0.113 0.117 0.123 0.134 0.149 0.171 0.200 0.239 0.291 0.344 0.383 0.406 0.413 0.406 0.380 0.335
0.000 0.000 0.000 0.000 0.000 0.000 0.000 0.000 0.000 0.000 0.000 0.000 0.001 0.001 0.001 0.002 0.002 0.003 0.004 0.005 0.007 0.009 0.012 0.015 0.019 0.024 0.029 0.034 0.039 0.043 0.046 0.049 0.050 0.050 0.050 0.049 0.047 0.044 0.041 0.040 0.040 0.040 0.040 0.041 0.044 0.048 0.056 0.064 0.070 0.074 0.075 0.076 0.075 0.074 0.073 0.074 0.076 0.080 0.086 0.092 0.096 0.101 0.108 0.118 0.133 0.152 0.175 0.204 0.241 0.290 0.334 0.360 0.368 0.362 0.337 0.287 0.221
0.000 0.000 0.000 0.000 0.000 0.000 0.000 0.000 0.000 0.000 0.000 0.000 0.000 0.001 0.001 0.001 0.002 0.002 0.003 0.004 0.005 0.007 0.009 0.012 0.014 0.018 0.021 0.025 0.030 0.034 0.038 0.041 0.043 0.044 0.044 0.044 0.042 0.040 0.038 0.037 0.036 0.036 0.037 0.039 0.042 0.048 0.057 0.064 0.069 0.071 0.071 0.069 0.066 0.064 0.063 0.063 0.064 0.066 0.071 0.076 0.082 0.089 0.098 0.112 0.130 0.151 0.174 0.201 0.235 0.270 0.293 0.300 0.291 0.267 0.224 0.171 0.124
0.000 0.000 0.000 0.000 0.000 0.000 0.000 0.000 0.000 0.000 0.000 0.000 0.000 0.000 0.001 0.001 0.001 0.002 0.002 0.003 0.004 0.006 0.007 0.009 0.011 0.013 0.016 0.019 0.022 0.026 0.029 0.033 0.036 0.038 0.039 0.039 0.038 0.037 0.035 0.034 0.034 0.034 0.035 0.037 0.041 0.049 0.057 0.063 0.066 0.066 0.065 0.062 0.058 0.055 0.054 0.053 0.053 0.054 0.057 0.061 0.067 0.075 0.086 0.101 0.120 0.142 0.164 0.185 0.205 0.215 0.213 0.202 0.184 0.158 0.124 0.092 0.070
0.000 0.000 0.000 0.000 0.000 0.000 0.000 0.000 0.000 0.000 0.000 0.000 0.000 0.000 0.000 0.001 0.001 0.001 0.002 0.002 0.003 0.004 0.005 0.007 0.008 0.010 0.012 0.014 0.016 0.019 0.022 0.026 0.029 0.031 0.033 0.034 0.034 0.034 0.033 0.032 0.032 0.032 0.033 0.036 0.041 0.049 0.056 0.060 0.061 0.060 0.058 0.054 0.049 0.046 0.045 0.044 0.043 0.044 0.045 0.048 0.053 0.059 0.069 0.083 0.101 0.121 0.137 0.145 0.146 0.141 0.131 0.120 0.107 0.090 0.070 0.054 0.045
0.000 0.000 0.000 0.000 0.000 0.000 0.000 0.000 0.000 0.000 0.000 0.000 0.000 0.000 0.000 0.000 0.001 0.001 0.001 0.002 0.002 0.003 0.004 0.005 0.006 0.008 0.009 0.010 0.012 0.014 0.016 0.019 0.022 0.025 0.027 0.029 0.030 0.031 0.030 0.030 0.030 0.031 0.032 0.036 0.041 0.048 0.053 0.054 0.054 0.052 0.048 0.044 0.040 0.038 0.036 0.035 0.035 0.035 0.036 0.038 0.040 0.044 0.051 0.061 0.074 0.086 0.091 0.091 0.089 0.085 0.080 0.074 0.066 0.056 0.045 0.038 0.035
0.000 0.000 0.000 0.000 0.000 0.000 0.000 0.000 0.000 0.000 0.000 0.000 0.000 0.000 0.000 0.000 0.000 0.001 0.001 0.001 0.002 0.002 0.003 0.004 0.005 0.006 0.007 0.008 0.009 0.010 0.012 0.014 0.016 0.019 0.022 0.024 0.026 0.027 0.028 0.028 0.028 0.029 0.031 0.035 0.040 0.045 0.047 0.047 0.045 0.041 0.038 0.035 0.032 0.030 0.029 0.028 0.028 0.028 0.028 0.029 0.031 0.034 0.037 0.043 0.049 0.053 0.055 0.055 0.055 0.054 0.052 0.050 0.046 0.041 0.035 0.032 0.030
0.000 0.000 0.000 0.000 0.000 0.000 0.000 0.000 0.000 0.000 0.000 0.000 0.000 0.000 0.000 0.000 0.000 0.000 0.001 0.001 0.001 0.002 0.002 0.003 0.004 0.004 0.005 0.006 0.006 0.007 0.008 0.010 0.012 0.014 0.017 0.020 0.022 0.024 0.025 0.026 0.027 0.028 0.030 0.033 0.037 0.038 0.038 0.037 0.035 0.032 0.029 0.027 0.025 0.024 0.023 0.022 0.022 0.022 0.023 0.023 0.024 0.026 0.028 0.031 0.033 0.035 0.035 0.036 0.037 0.038 0.038 0.037 0.036 0.033 0.030 0.029 0.028
0.000 0.000 0.000 0.000 0.000 0.000 0.000 0.000 0.000 0.000 0.000 0.000 0.000 0.000 0.000 0.000 0.000 0.000 0.000 0.001 0.001 0.001 0.002 0.002 0.003 0.003 0.004 0.004 0.005 0.005 0.006 0.007 0.009 0.010 0.013 0.015 0.019 0.021 0.023 0.024 0.025 0.026 0.028 0.030 0.031 0.030 0.030 0.028 0.027 0.024 0.022 0.021 0.020 0.019 0.019 0.018 0.018 0.018 0.019 0.019 0.020 0.021 0.022 0.023 0.024 0.025 0.026 0.026 0.028 0.029 0.030 0.030 0.030 0.029 0.028 0.027 0.027
0.000 0.000 0.000 0.000 0.000 0.000 0.000 0.000 0.000 0.000 0.000 0.000 0.000 0.000 0.000 0.000 0.000 0.000 0.000 0.000 0.001 0.001 0.001 0.001 0.002 0.002 0.003 0.003 0.004 0.004 0.005 0.005 0.006 0.008 0.009 0.012 0.015 0.018 0.020 0.021 0.022 0.023 0.024 0.025 0.024 0.024 0.023 0.022 0.021 0.019 0.018 0.016 0.016 0.015 0.015 0.015 0.015 0.015 0.016 0.016 0.017 0.018 0.018 0.019 0.019 0.020 0.020 0.021 0.022 0.024 0.025 0.026 0.027 0.027 0.027 0.027 0.027
0.000 0.000 0.000 0.000 0.000 0.000 0.000 0.000 0.000 0.000 0.000 0.000 0.000 0.000 0.000 0.000 0.000 0.000 0.000 0.000 0.000 0.000 0.001 0.001 0.001 0.001 0.002 0.002 0.002 0.003 0.003 0.004 0.005 0.006 0.007 0.009 0.011 0.015 0.017 0.018 0.019 0.019 0.019 0.019 0.019 0.018 0.018 0.017 0.016 0.015 0.014 0.013 0.013 0.013 0.013 0.013 0.013 0.013 0.013 0.014 0.014 0.015 0.016 0.016 0.017 0.017 0.018 0.018 0.019 0.020 0.022 0.024 0.025 0.026 0.026 0.027 0.027
0.000 0.000 0.000 0.000 0.000 0.000 0.000 0.000 0.000 0.000 0.000 0.000 0.000 0.000 0.000 0.000 0.000 0.000 0.000 0.000 0.000 0.000 0.000 0.001 0.001 0.001 0.001 0.001 0.002 0.002 0.002 0.003 0.003 0.004 0.005 0.007 0.009 0.011 0.013 0.014 0.015 0.015 0.014 0.014 0.014 0.014 0.014 0.013 0.013 0.012 0.011 0.011 0.010 0.010 0.010 0.010 0.011 0.011 0.011 0.012 0.012 0.013 0.013 0.014 0.015 0.015 0.016 0.016 0.017 0.018 0.021 0.023 0.024 0.025 0.026 0.027 0.027
0.000 0.000 0.000 0.000 0.000 0.000 0.000 0.000 0.000 0.000 0.000 0.000 0.000 0.000 0.000 0.000 0.000 0.000 0.000 0.000 0.000 0.000 0.000 0.000 0.000 0.000 0.001 0.001 0.001 0.001 0.001 0.002 0.002 0.003 0.004 0.005 0.006 0.008 0.009 0.010 0.011 0.011 0.011 0.011 0.011 0.011 0.010 0.010 0.010 0.009 0.009 0.009 0.009 0.009 0.009 0.009 0.009 0.009 0.010 0.010 0.011 0.011 0.012 0.012 0.013 0.014 0.014 0.015 0.016 0.017 0.020 0.023 0.024 0.026 0.027 0.027 0.027
0.000 0.000 0.000 0.000 0.000 0.000 0.000 0.000 0.000 0.000 0.000 0.000 0.000 0.000 0.000 0.000 0.000 0.000 0.000 0.000 0.000 0.000 0.000 0.000 0.000 0.000 0.000 0.000 0.000 0.001 0.001 0.001 0.001 0.002 0.003 0.003 0.004 0.006 0.007 0.007 0.008 0.008 0.008 0.008 0.008 0.008 0.008 0.008 0.007 0.007 0.007 0.007 0.007 0.007 0.007 0.007 0.007 0.007 0.008 0.008 0.009 0.010 0.010 0.011 0.012 0.012 0.013 0.014 0.015 0.017 0.020 0.023 0.025 0.027 0.028 0.028 0.028
0.000 0.000 0.000 0.000 0.000 0.000 0.000 0.000 0.000 0.000 0.000 0.000 0.000 0.000 0.000 0.000 0.000 0.000 0.000 0.000 0.000 0.000 0.000 0.000 0.000 0.000 0.000 0.000 0.000 0.000 0.000 0.001 0.001 0.001 0.002 0.002 0.003 0.004 0.004 0.005 0.005 0.005 0.005 0.006 0.006 0.006 0.006 0.006 0.005 0.005 0.005 0.005 0.005 0.005 0.005 0.005 0.006 0.006 0.006 0.007 0.008 0.008 0.009 0.009 0.010 0.011 0.012 0.013 0.014 0.016 0.020 0.024 0.027 0.029 0.030 0.030 0.030
0.000 0.000 0.000 0.000 0.000 0.000 0.000 0.000 0.000 0.000 0.000 0.000 0.000 0.000 0.000 0.000 0.000 0.000 0.000 0.000 0.000 0.000 0.000 0.000 0.000 0.000 0.000 0.000 0.000 0.000 0.000 0.000 0.000 0.000 0.001 0.001 0.002 0.002 0.003 0.003 0.003 0.003 0.004 0.004 0.004 0.004 0.004 0.004 0.004 0.004 0.004 0.004 0.004 0.004 0.004 0.004 0.004 0.005 0.005 0.006 0.006 0.007 0.007 0.008 0.009 0.010 0.011 0.012 0.014 0.016 0.020 0.025 0.028 0.030 0.032 0.032 0.032
0.000 0.000 0.000 0.000 0.000 0.000 0.000 0.000 0.000 0.000 0.000 0.000 0.000 0.000 0.000 0.000 0.000 0.000 0.000 0.000 0.000 0.000 0.000 0.000 0.000 0.000 0.000 0.000 0.000 0.000 0.000 0.000 0.000 0.000 0.000 0.001 0.001 0.001 0.002 0.002 0.002 0.002 0.002 0.002 0.002 0.002 0.002 0.002 0.002 0.003 0.003 0.003 0.003 0.003 0.003 0.003 0.003 0.004 0.004 0.004 0.005 0.005 0.006 0.007 0.008 0.009 0.010 0.011 0.013 0.016 0.020 0.025 0.028 0.031 0.032 0.033 0.033
0.000 0.000 0.000 0.000 0.000 0.000 0.000 0.000 0.000 0.000 0.000 0.000 0.000 0.000 0.000 0.000 0.000 0.000 0.000 0.000 0.000 0.000 0.000 0.000 0.000 0.000 0.000 0.000 0.000 0.000 0.000 0.000 0.000 0.000 0.000 0.000 0.000 0.001 0.001 0.001 0.001 0.001 0.001 0.001 0.001 0.001 0.001 0.001 0.001 0.002 0.002 0.002 0.002 0.002 0.002 0.002 0.002 0.003 0.003 0.003 0.004 0.004 0.005 0.006 0.006 0.007 0.009 0.010 0.012 0.016 0.020 0.025 0.028 0.030 0.032 0.032 0.032
0.000 0.000 0.000 0.000 0.000 0.000 0.000 0.000 0.000 0.000 0.000 0.000 0.000 0.000 0.000 0.000 0.000 0.000 0.000 0.000 0.000 0.000 0.000 0.000 0.000 0.000 0.000 0.000 0.000 0.000 0.000 0.000 0.000 0.000 0.000 0.000 0.000 0.000 0.000 0.000 0.000 0.000 0.000 0.000 0.000 0.001 0.001 0.001 0.001 0.001 0.001 0.001 0.001 0.001 0.001 0.001 0.002 0.002 0.002 0.002 0.003 0.003 0.004 0.004 0.005 0.006 0.007 0.009 0.011 0.014 0.018 0.022 0.025 0.028 0.029 0.030 0.029
0.000 0.000 0.000 0.000 0.000 0.000 0.000 0.000 0.000 0.000 0.000 0.000 0.000 0.000 0.000 0.000 0.000 0.000 0.000 0.000 0.000 0.000 0.000 0.000 0.000 0.000 0.000 0.000 0.000 0.000 0.000 0.000 0.000 0.000 0.000 0.000 0.000 0.000 0.000 0.000 0.000 0.000 0.000 0.000 0.000 0.000 0.000 0.000 0.000 0.000 0.000 0.000 0.000 0.000 0.001 0.001 0.001 0.001 0.001 0.002 0.002 0.002 0.003 0.003 0.004 0.005 0.006 0.007 0.009 0.011 0.014 0.017 0.020 0.022 0.023 0.024 0.024
0.000 0.000 0.000 0.000 0.000 0.000 0.000 0.000 0.000 0.000 0.000 0.000 0.000 0.000 0.000 0.000 0.000 0.000 0.000 0.000 0.000 0.000 0.000 0.000 0.000 0.000 0.000 0.000 0.000 0.000 0.000 0.000 0.000 0.000 0.000 0.000 0.000 0.000 0.000 0.000 0.000 0.000 0.000 0.000 0.000 0.000 0.000 0.000 0.000 0.000 0.000 0.000 0.000 0.000 0.000 0.000 0.000 0.001 0.001 0.001 0.001 0.002 0.002 0.002 0.003 0.003 0.004 0.005 0.006 0.008 0.010 0.012 0.014 0.015 0.016 0.016 0.016
0.000 0.000 0.000 0.000 0.000 0.000 0.000 0.000 0.000 0.000 0.000 0.000 0.000 0.000 0.000 0.000 0.000 0.000 0.000 0.000 0.000 0.000 0.000 0.000 0.000 0.000 0.000 0.000 0.000 0.000 0.000 0.000 0.000 0.000 0.000 0.000 0.000 0.000 0.000 0.000 0.000 0.000 0.000 0.000 0.000 0.000 0.000 0.000 0.000 0.000 0.000 0.000 0.000 0.000 0.000 0.000 0.000 0.000 0.000 0.001 0.001 0.001 0.001 0.002 0.002 0.002 0.003 0.004 0.005 0.006 0.007 0.008 0.009 0.010 0.011 0.011 0.011
0.000 0.000 0.000 0.000 0.000 0.000 0.000 0.000 0.000 0.000 0.000 0.000 0.000 0.000 0.000 0.000 0.000 0.000 0.000 0.000 0.000 0.000 0.000 0.000 0.000 0.000 0.000 0.000 0.000 0.000 0.000 0.000 0.000 0.000 0.000 0.000 0.000 0.000 0.000 0.000 0.000 0.000 0.000 0.000 0.000 0.000 0.000 0.000 0.000 0.000 0.000 0.000 0.000 0.000 0.000 0.000 0.000 0.000 0.000 0.000 0.000 0.001 0.001 0.001 0.001 0.002 0.002 0.003 0.003 0.004 0.005 0.006 0.006 0.007 0.007 0.007 0.007
0.000 0.000 0.000 0.000 0.000 0.000 0.000 0.000 0.000 0.000 0.000 0.000 0.000 0.000 0.000 0.000 0.000 0.000 0.000 0.000 0.000 0.000 0.000 0.000 0.000 0.000 0.000 0.000 0.000 0.000 0.000 0.000 0.000 0.000 0.000 0.000 0.000 0.000 0.000 0.000 0.000 0.000 0.000 0.000 0.000 0.000 0.000 0.000 0.000 0.000 0.000 0.000 0.000 0.000 0.000 0.000 0.000 0.000 0.000 0.000 0.000 0.000 0.000 0.001 0.001 0.001 0.001 0.002 0.002 0.002 0.003 0.004 0.004 0.004 0.005 0.005 0.005
0.000 0.000 0.000 0.000 0.000 0.000 0.000 0.000 0.000 0.000 0.000 0.000 0.000 0.000 0.000 0.000 0.000 0.000 0.000 0.000 0.000 0.000 0.000 0.000 0.000 0.000 0.000 0.000 0.000 0.000 0.000 0.000 0.000 0.000 0.000 0.000 0.000 0.000 0.000 0.000 0.000 0.000 0.000 0.000 0.000 0.000 0.000 0.000 0.000 0.000 0.000 0.000 0.000 0.000 0.000 0.000 0.000 0.000 0.000 0.000 0.000 0.000 0.000 0.000 0.000 0.000 0.001 0.001 0.001 0.001 0.002 0.002 0.002 0.003 0.003 0.003 0.003
0.000 0.000 0.000 0.000 0.000 0.000 0.000 0.000 0.000 0.000 0.000 0.000 0.000 0.000 0.000 0.000 0.000 0.000 0.000 0.000 0.000 0.000 0.000 0.000 0.000 0.000 0.000 0.000 0.000 0.000 0.000 0.000 0.000 0.000 0.000 0.000 0.000 0.000 0.000 0.000 0.000 0.000 0.000 0.000 0.000 0.000 0.000 0.000 0.000 0.000 0.000 0.000 0.000 0.000 0.000 0.000 0.000 0.000 0.000 0.000 0.000 0.000 0.000 0.000 0.000 0.000 0.000 0.000 0.001 0.001 0.001 0.001 0.001 0.001 0.001 0.001 0.001
0.000 0.000 0.000 0.000 0.000 0.000 0.000 0.000 0.000 0.000 0.000 0.000 0.000 0.000 0.000 0.000 0.000 0.000 0.000 0.000 0.000 0.000 0.000 0.000 0.000 0.000 0.000 0.000 0.000 0.000 0.000 0.000 0.000 0.000 0.000 0.000 0.000 0.000 0.000 0.000 0.000 0.000 0.000 0.000 0.000 0.000 0.000 0.000 0.000 0.000 0.000 0.000 0.000 0.000 0.000 0.000 0.000 0.000 0.000 0.000 0.000 0.000 0.000 0.000 0.000 0.000 0.000 0.000 0.000 0.000 0.000 0.000 0.000 0.000 0.000 0.000 0.000
