RESULTS/r.avaflow_results/14b_results/14b_ascii/14b_hflow10056.asc
ncols 506
nrows 317
xllcenter 498237.50
yllcenter 5580050.00
cellsize 12.50
NODATA_value -9999.000
[rows 170 to 203 of 317, columns 304 to 379 of 506]
0.000 0.000 0.000 0.000 0.000 0.000 0.000 0.000 0.000 0.000 0.000 0.000 0.000 0.000 0.000 0.000 0.000 0.000 0.000 0.000 0.000 0.000 0.000 0.000 0.000 0.000 0.000 0.000 0.000 0.000 0.000 0.000 0.000 0.000 0.000 0.000 0.000 0.000 0.000 0.000 0.000 0.000 0.000 0.000 0.000 0.000 0.000 0.000 0.000 0.000 0.000 0.000 0.000 0.000 0.000 0.000 0.000 0.000 0.000 0.000 0.000 0.000 0.000 0.000 0.000 0.000 0.000 0.000 0.000 0.000 0.000 0.000 0.000 0.000 0.000 0.000
0.000 0.000 0.000 0.000 0.000 0.000 0.000 0.000 0.000 0.000 0.000 0.000 0.000 0.000 0.000 0.000 0.000 0.000 0.000 0.000 0.000 0.000 0.000 0.000 0.000 0.000 0.000 0.000 0.000 0.000 0.000 0.000 0.000 0.000 0.000 0.000 0.000 0.000 0.000 0.000 0.000 0.000 0.000 0.000 0.000 0.000 0.000 0.000 0.000 0.000 0.000 0.000 0.000 0.000 0.000 0.000 0.000 0.000 0.000 0.000 0.000 0.000 0.000 0.000 0.000 0.000 0.000 0.000 0.000 0.000 0.000 0.000 0.000 0.000 0.000 0.000
0.000 0.000 0.000 0.000 0.000 0.000 0.000 0.000 0.000 0.000 0.000 0.000 0.000 0.000 0.000 0.000 0.000 0.000 0.000 0.000 0.000 0.000 0.000 0.000 0.000 0.000 0.000 0.000 0.000 0.000 0.000 0.000 0.000 0.000 0.000 0.000 0.000 0.000 0.000 0.000 0.000 0.000 0.000 0.000 0.000 0.000 0.000 0.000 0.000 0.000 0.000 0.000 0.000 0.000 0.000 0.000 0.000 0.000 0.000 0.000 0.000 0.000 0.000 0.000 0.000 0.000 0.000 0.000 0.000 0.000 0.000 0.000 0.000 0.000 0.000 0.000
0.000 0.000 0.000 0.000 0.000 0.000 0.000 0.000 0.000 0.000 0.000 0.000 0.000 0.000 0.000 0.000 0.000 0.000 0.000 0.000 0.000 0.000 0.000 0.000 0.000 0.000 0.000 0.000 0.000 0.000 0.000 0.000 0.000 0.000 0.000 0.000 0.000 0.000 0.000 0.000 0.000 0.000 0.000 0.000 0.000 0.000 0.000 0.000 0.000 0.000 0.000 0.000 0.000 0.000 0.000 0.000 0.000 0.000 0.000 0.000 0.000 0.000 0.000 0.000 0.000 0.000 0.000 0.000 0.000 0.000 0.000 0.000 0.000 0.000 0.000 0.000
0.000 0.000 0.000 0.000 0.000 0.001 0.001 0.001 0.001 0.001 0.001 0.001 0.001 0.001 0.001 0.001 0.001 0.001 0.000 0.000 0.000 0.000 0.000 0.000 0.000 0.000 0.000 0.000 0.000 0.000 0.000 0.000 0.000 0.000 0.000 0.000 0.000 0.000 0.000 0.000 0.000 0.000 0.000 0.000 0.000 0.000 0.000 0.000 0.000 0.000 0.000 0.000 0.000 0.000 0.000 0.000 0.000 0.000 0.000 0.000 0.000 0.000 0.000 0.000 0.000 0.000 0.000 0.000 0.000 0.000 0.000 0.000 0.000 0.000 0.000 0.000
0.000 0.000 0.000 0.001 0.001 0.001 0.001 0.001 0.002 0.002 0.001 0.001 0.001 0.001 0.001 0.001 0.001 0.001 0.001 0.001 0.001 0.000 0.000 0.000 0.000 0.000 0.000 0.000 0.000 0.000 0.000 0.000 0.000 0.000 0.000 0.000 0.000 0.000 0.000 0.000 0.000 0.000 0.000 0.000 0.000 0.000 0.000 0.000 0.000 0.000 0.000 0.000 0.000 0.000 0.000 0.000 0.000 0.000 0.000 0.000 0.000 0.000 0.000 0.000 0.000 0.000 0.000 0.000 0.000 0.000 0.000 0.000 0.000 0.000 0.000 0.000
0.000 0.001 0.001 0.001 0.001 0.002 0.002 0.003 0.003 0.003 0.003 0.003 0.002 0.002 0.002 0.002 0.002 0.002 0.001 0.001 0.001 0.001 0.001 0.000 0.000 0.000 0.000 0.000 0.000 0.000 0.000 0.000 0.000 0.000 0.000 0.000 0.000 0.000 0.000 0.000 0.000 0.000 0.000 0.000 0.000 0.000 0.000 0.000 0.000 0.000 0.000 0.000 0.000 0.000 0.000 0.000 0.000 0.000 0.000 0.000 0.000 0.000 0.000 0.000 0.000 0.000 0.000 0.000 0.000 0.000 0.000 0.000 0.000 0.000 0.000 0.000
0.001 0.001 0.001 0.002 0.002 0.003 0.004 0.005 0.005 0.005 0.005 0.005 0.005 0.004 0.004 0.003 0.003 0.003 0.002 0.002 0.001 0.001 0.001 0.001 0.001 0.000 0.000 0.000 0.000 0.000 0.000 0.000 0.000 0.000 0.000 0.000 0.000 0.000 0.000 0.000 0.000 0.000 0.000 0.000 0.000 0.000 0.000 0.000 0.000 0.000 0.000 0.000 0.000 0.000 0.000 0.000 0.000 0.000 0.000 0.000 0.000 0.000 0.000 0.000 0.000 0.000 0.000 0.000 0.000 0.000 0.000 0.000 0.000 0.000 0.000 0.000
0.001 0.002 0.002 0.003 0.004 0.005 0.008 0.010 0.011 0.012 0.012 0.011 0.010 0.009 0.008 0.007 0.006 0.004 0.003 0.003 0.002 0.002 0.001 0.001 0.001 0.001 0.001 0.000 0.000 0.000 0.000 0.000 0.000 0.000 0.000 0.000 0.000 0.000 0.000 0.000 0.000 0.000 0.000 0.000 0.000 0.000 0.000 0.000 0.000 0.000 0.000 0.000 0.000 0.000 0.000 0.000 0.000 0.000 0.000 0.000 0.000 0.000 0.000 0.000 0.000 0.000 0.000 0.000 0.000 0.000 0.000 0.000 0.000 0.000 0.000 0.000
0.002 0.003 0.004 0.005 0.007 0.011 0.016 0.022 0.025 0.026 0.026 0.026 0.024 0.021 0.017 0.014 0.011 0.008 0.006 0.005 0.004 0.003 0.002 0.001 0.001 0.001 0.001 0.001 0.001 0.001 0.000 0.000 0.000 0.000 0.000 0.000 0.000 0.000 0.000 0.000 0.000 0.000 0.000 0.000 0.000 0.000 0.000 0.000 0.000 0.000 0.000 0.000 0.000 0.000 0.000 0.000 0.000 0.000 0.000 0.000 0.000 0.000 0.000 0.000 0.000 0.000 0.000 0.000 0.000 0.000 0.000 0.000 0.000 0.000 0.000 0.000
0.003 0.005 0.007 0.011 0.015 0.022 0.033 0.044 0.052 0.056 0.057 0.057 0.054 0.048 0.039 0.030 0.023 0.017 0.012 0.009 0.006 0.005 0.003 0.002 0.002 0.001 0.001 0.001 0.001 0.001 0.001 0.001 0.001 0.000 0.000 0.000 0.000 0.000 0.000 0.000 0.000 0.000 0.000 0.000 0.000 0.000 0.000 0.000 0.000 0.000 0.000 0.000 0.000 0.000 0.000 0.000 0.000 0.000 0.000 0.000 0.000 0.000 0.000 0.000 0.000 0.000 0.000 0.000 0.000 0.000 0.000 0.000 0.000 0.000 0.000 0.000
0.007 0.010 0.016 0.023 0.031 0.043 0.061 0.077 0.087 0.092 0.093 0.092 0.088 0.081 0.070 0.056 0.043 0.032 0.024 0.018 0.012 0.008 0.006 0.004 0.003 0.002 0.001 0.001 0.001 0.001 0.001 0.001 0.001 0.001 0.001 0.001 0.001 0.000 0.000 0.000 0.000 0.000 0.000 0.000 0.000 0.000 0.000 0.000 0.000 0.000 0.000 0.000 0.000 0.000 0.000 0.000 0.000 0.000 0.000 0.000 0.000 0.000 0.000 0.000 0.000 0.000 0.000 0.000 0.000 0.000 0.000 0.000 0.000 0.000 0.000 0.000
0.014 0.023 0.035 0.047 0.061 0.077 0.095 0.106 0.111 0.112 0.111 0.108 0.104 0.097 0.087 0.073 0.058 0.047 0.037 0.029 0.021 0.015 0.010 0.006 0.004 0.003 0.002 0.002 0.002 0.001 0.001 0.001 0.001 0.001 0.001 0.001 0.001 0.001 0.001 0.001 0.001 0.001 0.001 0.001 0.001 0.001 0.001 0.000 0.000 0.000 0.000 0.000 0.000 0.000 0.000 0.000 0.000 0.000 0.000 0.000 0.000 0.000 0.000 0.000 0.000 0.000 0.000 0.000 0.000 0.000 0.000 0.000 0.000 0.000 0.000 0.000
0.030 0.050 0.071 0.088 0.101 0.112 0.120 0.123 0.122 0.119 0.116 0.112 0.107 0.101 0.092 0.079 0.065 0.054 0.044 0.036 0.029 0.022 0.016 0.011 0.007 0.005 0.004 0.003 0.003 0.002 0.002 0.002 0.002 0.001 0.001 0.001 0.001 0.001 0.001 0.001 0.001 0.001 0.001 0.001 0.001 0.001 0.001 0.001 0.001 0.001 0.001 0.000 0.000 0.000 0.000 0.000 0.000 0.000 0.000 0.000 0.000 0.000 0.000 0.000 0.000 0.000 0.000 0.000 0.000 0.000 0.000 0.000 0.000 0.000 0.000 0.000
0.056 0.085 0.107 0.122 0.130 0.134 0.134 0.132 0.126 0.120 0.115 0.111 0.106 0.099 0.091 0.080 0.067 0.056 0.047 0.040 0.033 0.028 0.022 0.016 0.012 0.009 0.007 0.006 0.005 0.005 0.004 0.004 0.003 0.003 0.002 0.002 0.001 0.001 0.001 0.001 0.001 0.001 0.001 0.001 0.001 0.001 0.001 0.001 0.001 0.001 0.001 0.001 0.001 0.000 0.000 0.000 0.000 0.000 0.000 0.000 0.000 0.000 0.000 0.000 0.000 0.000 0.000 0.000 0.000 0.000 0.000 0.000 0.000 0.000 0.000 0.000
0.080 0.106 0.126 0.138 0.143 0.143 0.140 0.135 0.126 0.119 0.113 0.107 0.102 0.096 0.088 0.078 0.067 0.056 0.048 0.041 0.036 0.031 0.027 0.023 0.019 0.015 0.012 0.011 0.010 0.010 0.009 0.008 0.007 0.005 0.004 0.003 0.002 0.002 0.002 0.002 0.002 0.002 0.002 0.002 0.002 0.002 0.002 0.002 0.001 0.001 0.001 0.001 0.001 0.001 0.001 0.001 0.000 0.000 0.000 0.000 0.000 0.000 0.000 0.000 0.000 0.000 0.000 0.000 0.000 0.000 0.000 0.000 0.000 0.000 0.000 0.000
0.091 0.112 0.131 0.142 0.145 0.145 0.141 0.135 0.125 0.115 0.106 0.100 0.094 0.088 0.082 0.075 0.066 0.056 0.048 0.042 0.036 0.033 0.030 0.028 0.025 0.024 0.022 0.022 0.021 0.021 0.021 0.019 0.015 0.011 0.008 0.006 0.005 0.004 0.004 0.004 0.003 0.003 0.004 0.004 0.004 0.003 0.003 0.003 0.002 0.002 0.002 0.001 0.001 0.001 0.001 0.001 0.001 0.001 0.001 0.001 0.000 0.000 0.000 0.000 0.000 0.000 0.000 0.000 0.000 0.000 0.000 0.000 0.000 0.000 0.000 0.000
0.094 0.112 0.129 0.139 0.142 0.142 0.139 0.131 0.119 0.105 0.093 0.085 0.079 0.075 0.071 0.067 0.062 0.056 0.048 0.042 0.037 0.033 0.031 0.030 0.030 0.030 0.031 0.032 0.032 0.033 0.032 0.031 0.027 0.022 0.016 0.012 0.010 0.008 0.008 0.007 0.007 0.007 0.007 0.007 0.007 0.007 0.006 0.004 0.003 0.003 0.002 0.002 0.002 0.002 0.001 0.001 0.001 0.001 0.001 0.001 0.001 0.001 0.001 0.000 0.000 0.000 0.000 0.000 0.000 0.000 0.000 0.000 0.000 0.000 0.000 0.000
0.092 0.106 0.119 0.126 0.128 0.127 0.124 0.116 0.104 0.086 0.071 0.062 0.058 0.056 0.056 0.057 0.056 0.053 0.048 0.042 0.037 0.034 0.032 0.031 0.032 0.033 0.035 0.037 0.037 0.038 0.037 0.036 0.033 0.029 0.024 0.021 0.018 0.016 0.015 0.014 0.013 0.013 0.013 0.013 0.013 0.012 0.010 0.007 0.005 0.004 0.004 0.003 0.003 0.002 0.002 0.002 0.002 0.001 0.001 0.001 0.001 0.001 0.001 0.001 0.001 0.000 0.000 0.000 0.000 0.000 0.000 0.000 0.000 0.000 0.000 0.000
0.086 0.092 0.097 0.098 0.096 0.093 0.090 0.084 0.074 0.060 0.049 0.044 0.042 0.042 0.044 0.047 0.049 0.049 0.046 0.042 0.037 0.034 0.032 0.032 0.032 0.034 0.037 0.038 0.038 0.038 0.038 0.037 0.035 0.032 0.028 0.025 0.023 0.022 0.022 0.021 0.021 0.021 0.021 0.021 0.020 0.019 0.016 0.012 0.009 0.007 0.006 0.005 0.004 0.004 0.003 0.003 0.002 0.002 0.002 0.002 0.001 0.001 0.001 0.001 0.001 0.001 0.001 0.000 0.000 0.000 0.000 0.000 0.000 0.000 0.000 0.000
0.074 0.072 0.068 0.063 0.058 0.055 0.053 0.050 0.046 0.040 0.036 0.034 0.034 0.034 0.036 0.040 0.043 0.044 0.043 0.041 0.036 0.033 0.032 0.031 0.032 0.034 0.036 0.037 0.038 0.038 0.038 0.037 0.035 0.032 0.029 0.027 0.025 0.025 0.025 0.025 0.025 0.025 0.025 0.024 0.024 0.022 0.020 0.017 0.014 0.012 0.010 0.009 0.007 0.006 0.005 0.004 0.003 0.003 0.003 0.002 0.002 0.002 0.002 0.001 0.001 0.001 0.001 0.001 0.001 0.001 0.001 0.000 0.000 0.000 0.000 0.000
0.061 0.053 0.047 0.041 0.037 0.034 0.033 0.032 0.031 0.030 0.030 0.030 0.030 0.031 0.033 0.036 0.039 0.040 0.039 0.038 0.036 0.033 0.031 0.030 0.030 0.032 0.034 0.036 0.036 0.036 0.036 0.035 0.034 0.032 0.029 0.027 0.025 0.025 0.025 0.026 0.026 0.026 0.026 0.025 0.025 0.023 0.021 0.019 0.018 0.016 0.015 0.013 0.011 0.010 0.008 0.007 0.005 0.005 0.004 0.003 0.003 0.003 0.002 0.002 0.001 0.001 0.001 0.001 0.001 0.001 0.001 0.001 0.001 0.001 0.001 0.001
0.051 0.042 0.036 0.031 0.028 0.026 0.025 0.025 0.025 0.026 0.026 0.027 0.028 0.029 0.031 0.035 0.036 0.037 0.036 0.036 0.034 0.031 0.029 0.028 0.028 0.029 0.030 0.032 0.032 0.032 0.032 0.032 0.031 0.030 0.028 0.026 0.025 0.025 0.025 0.026 0.026 0.026 0.026 0.025 0.024 0.023 0.022 0.020 0.019 0.018 0.017 0.015 0.014 0.012 0.011 0.009 0.008 0.007 0.006 0.005 0.005 0.004 0.004 0.003 0.002 0.002 0.001 0.001 0.001 0.001 0.001 0.001 0.001 0.001 0.001 0.001
0.044 0.036 0.030 0.027 0.025 0.023 0.023 0.023 0.023 0.024 0.025 0.026 0.027 0.029 0.031 0.033 0.034 0.034 0.034 0.033 0.032 0.030 0.027 0.026 0.025 0.025 0.026 0.026 0.027 0.027 0.027 0.027 0.027 0.026 0.026 0.024 0.024 0.024 0.024 0.025 0.025 0.025 0.025 0.025 0.024 0.023 0.021 0.020 0.020 0.019 0.018 0.017 0.015 0.014 0.012 0.011 0.010 0.009 0.009 0.008 0.007 0.006 0.005 0.004 0.003 0.002 0.002 0.002 0.001 0.001 0.001 0.001 0.001 0.001 0.001 0.001
0.039 0.032 0.028 0.025 0.023 0.022 0.022 0.022 0.022 0.023 0.023 0.025 0.027 0.029 0.031 0.033 0.033 0.033 0.032 0.031 0.030 0.028 0.026 0.024 0.023 0.022 0.022 0.023 0.023 0.022 0.022 0.022 0.022 0.021 0.021 0.021 0.020 0.020 0.021 0.022 0.023 0.024 0.024 0.024 0.023 0.022 0.021 0.020 0.020 0.019 0.018 0.017 0.016 0.014 0.013 0.012 0.011 0.010 0.010 0.010 0.010 0.009 0.008 0.007 0.005 0.004 0.003 0.002 0.002 0.002 0.002 0.002 0.002 0.002 0.002 0.002
0.035 0.030 0.026 0.024 0.022 0.021 0.021 0.021 0.021 0.022 0.023 0.025 0.027 0.029 0.031 0.032 0.032 0.032 0.031 0.030 0.028 0.026 0.024 0.023 0.022 0.021 0.021 0.021 0.020 0.020 0.020 0.019 0.018 0.018 0.017 0.017 0.017 0.017 0.017 0.018 0.020 0.021 0.021 0.022 0.021 0.021 0.020 0.020 0.020 0.019 0.019 0.018 0.016 0.015 0.013 0.012 0.011 0.011 0.011 0.011 0.011 0.012 0.012 0.011 0.009 0.007 0.005 0.004 0.003 0.003 0.003 0.003 0.002 0.002 0.002 0.003
0.032 0.027 0.024 0.022 0.021 0.021 0.021 0.021 0.021 0.022 0.023 0.025 0.027 0.030 0.032 0.032 0.032 0.031 0.030 0.028 0.027 0.025 0.023 0.022 0.021 0.021 0.020 0.020 0.020 0.019 0.019 0.018 0.017 0.016 0.016 0.015 0.014 0.014 0.014 0.015 0.016 0.017 0.018 0.018 0.019 0.019 0.019 0.020 0.020 0.020 0.019 0.018 0.017 0.015 0.013 0.012 0.012 0.011 0.011 0.011 0.012 0.014 0.016 0.016 0.015 0.012 0.009 0.007 0.006 0.005 0.005 0.004 0.004 0.004 0.003 0.004
0.029 0.025 0.023 0.022 0.021 0.021 0.021 0.021 0.022 0.023 0.025 0.027 0.030 0.032 0.032 0.032 0.032 0.031 0.029 0.027 0.026 0.024 0.023 0.022 0.021 0.020 0.020 0.019 0.019 0.019 0.018 0.018 0.017 0.016 0.015 0.014 0.014 0.013 0.013 0.013 0.013 0.014 0.015 0.015 0.016 0.017 0.019 0.020 0.020 0.020 0.020 0.018 0.017 0.015 0.013 0.012 0.012 0.011 0.011 0.011 0.012 0.015 0.019 0.021 0.022 0.020 0.017 0.013 0.011 0.010 0.009 0.008 0.007 0.006 0.005 0.005
0.027 0.024 0.022 0.021 0.021 0.021 0.021 0.023 0.025 0.027 0.030 0.032 0.034 0.035 0.034 0.034 0.032 0.031 0.029 0.027 0.025 0.023 0.022 0.021 0.021 0.020 0.020 0.019 0.019 0.019 0.018 0.018 0.017 0.016 0.015 0.014 0.014 0.013 0.012 0.012 0.012 0.012 0.013 0.014 0.015 0.017 0.019 0.020 0.020 0.020 0.019 0.018 0.017 0.015 0.013 0.012 0.012 0.011 0.011 0.011 0.012 0.015 0.020 0.024 0.026 0.026 0.025 0.022 0.020 0.018 0.016 0.015 0.013 0.010 0.009 0.008
0.025 0.023 0.022 0.021 0.021 0.021 0.022 0.026 0.030 0.034 0.036 0.037 0.038 0.038 0.036 0.034 0.032 0.030 0.028 0.026 0.025 0.023 0.022 0.021 0.021 0.020 0.020 0.020 0.019 0.019 0.018 0.018 0.017 0.016 0.015 0.014 0.014 0.013 0.012 0.012 0.012 0.012 0.012 0.012 0.014 0.016 0.019 0.020 0.020 0.020 0.019 0.018 0.017 0.015 0.013 0.012 0.012 0.011 0.011 0.011 0.012 0.015 0.019 0.025 0.028 0.029 0.029 0.028 0.027 0.026 0.025 0.023 0.020 0.017 0.014 0.012
0.025 0.023 0.022 0.021 0.021 0.021 0.024 0.028 0.034 0.038 0.040 0.041 0.040 0.039 0.037 0.035 0.032 0.030 0.028 0.026 0.025 0.023 0.022 0.022 0.022 0.022 0.022 0.022 0.021 0.021 0.020 0.019 0.018 0.017 0.016 0.015 0.014 0.013 0.012 0.012 0.011 0.011 0.011 0.012 0.013 0.016 0.019 0.020 0.020 0.020 0.019 0.018 0.016 0.014 0.013 0.012 0.011 0.011 0.011 0.011 0.012 0.014 0.018 0.024 0.028 0.030 0.031 0.031 0.031 0.030 0.029 0.027 0.025 0.022 0.019 0.016
0.025 0.023 0.022 0.022 0.022 0.022 0.025 0.030 0.036 0.040 0.041 0.042 0.041 0.040 0.037 0.035 0.032 0.030 0.028 0.026 0.025 0.024 0.024 0.024 0.025 0.026 0.026 0.026 0.025 0.023 0.022 0.021 0.019 0.018 0.017 0.015 0.014 0.013 0.012 0.012 0.011 0.011 0.011 0.012 0.013 0.017 0.019 0.019 0.019 0.019 0.018 0.017 0.016 0.014 0.013 0.012 0.011 0.011 0.011 0.011 0.011 0.013 0.017 0.022 0.027 0.030 0.031 0.031 0.031 0.031 0.030 0.028 0.026 0.024 0.021 0.018
0.025 0.023 0.023 0.022 0.023 0.024 0.026 0.030 0.036 0.040 0.041 0.041 0.041 0.040 0.037 0.035 0.032 0.030 0.028 0.027 0.026 0.026 0.027 0.028 0.029 0.029 0.029 0.028 0.027 0.025 0.023 0.022 0.020 0.019 0.017 0.016 0.014 0.013 0.012 0.012 0.011 0.011 0.011 0.012 0.014 0.016 0.018 0.018 0.018 0.018 0.017 0.016 0.015 0.013 0.012 0.011 0.010 0.010 0.010 0.010 0.010 0.011 0.014 0.019 0.025 0.028 0.030 0.031 0.031 0.030 0.029 0.028 0.026 0.024 0.022 0.020
0.025 0.024 0.024 0.024 0.024 0.025 0.027 0.030 0.035 0.039 0.041 0.041 0.040 0.039 0.037 0.035 0.032 0.030 0.029 0.028 0.028 0.029 0.030 0.031 0.031 0.031 0.030 0.029 0.027 0.026 0.024 0.022 0.021 0.019 0.017 0.016 0.014 0.013 0.012 0.012 0.011 0.011 0.011 0.012 0.014 0.016 0.017 0.017 0.017 0.016 0.016 0.015 0.013 0.012 0.011 0.010 0.009 0.009 0.009 0.009 0.009 0.010 0.012 0.016 0.021 0.025 0.028 0.029 0.029 0.029 0.029 0.028 0.026 0.024 0.022 0.020
