RESULTS/r.avaflow_results/14b_results/14b_ascii/14b_hflow0010.asc
ncols 506
nrows 317
xllcenter 498237.50
yllcenter 5580050.00
cellsize 12.50
NODATA_value -9999.000
[rows 170 to 203 of 317, columns 152 to 227 of 506]
45.249 44.356 43.082 41.847 40.683 39.242 37.835 36.204 34.652 32.804 30.983 29.391 27.833 26.424 25.088 23.676 22.192 20.612 19.097 17.640 16.275 15.028 13.897 12.845 11.818 10.828 9.865 9.016 8.329 7.756 7.244 6.775 6.334 5.926 5.538 5.148 4.758 4.416 4.118 3.824 3.495 3.093 2.725 2.473 2.270 2.064 1.823 1.518 1.185 0.914 0.692 0.514 0.396 0.329 0.287 0.254 0.233 0.226 0.239 0.268 0.300 0.320 0.325 0.320 0.313 0.313 0.322 0.343 0.385 0.478 0.672 0.922 1.071 1.112 1.061 0.877
47.485 46.981 46.053 45.178 44.250 42.790 41.369 39.825 38.072 36.158 34.377 32.676 30.952 29.334 27.864 26.452 24.910 23.247 21.522 19.788 18.153 16.662 15.295 14.032 12.808 11.611 10.455 9.424 8.574 7.911 7.385 6.951 6.567 6.203 5.842 5.443 4.998 4.590 4.230 3.883 3.524 3.109 2.723 2.445 2.207 1.961 1.670 1.292 0.877 0.546 0.332 0.220 0.166 0.141 0.129 0.125 0.129 0.146 0.181 0.227 0.261 0.274 0.273 0.263 0.249 0.237 0.231 0.234 0.253 0.306 0.429 0.655 0.883 1.010 1.062 1.041
49.648 49.467 48.871 48.156 47.331 45.999 44.472 42.876 41.035 39.185 37.406 35.584 33.819 32.160 30.682 29.393 27.828 26.068 24.207 22.263 20.406 18.696 17.099 15.589 14.128 12.673 11.244 9.947 8.870 8.043 7.444 7.003 6.638 6.301 5.956 5.553 5.084 4.638 4.253 3.880 3.481 3.019 2.553 2.183 1.855 1.529 1.164 0.759 0.424 0.230 0.135 0.092 0.073 0.066 0.064 0.067 0.077 0.103 0.150 0.201 0.229 0.236 0.233 0.224 0.209 0.195 0.184 0.180 0.186 0.213 0.281 0.415 0.628 0.843 1.021 1.146
51.519 51.551 50.976 50.537 49.852 48.413 46.972 45.522 43.635 41.871 40.222 38.380 36.609 34.917 33.284 31.955 30.483 28.770 26.865 24.772 22.750 20.854 19.106 17.432 15.761 14.064 12.341 10.701 9.344 8.291 7.525 6.993 6.604 6.270 5.935 5.552 5.100 4.631 4.209 3.793 3.331 2.756 2.125 1.592 1.151 0.798 0.512 0.293 0.159 0.090 0.058 0.043 0.037 0.035 0.036 0.041 0.052 0.081 0.133 0.181 0.203 0.207 0.205 0.198 0.187 0.174 0.163 0.158 0.159 0.172 0.207 0.274 0.394 0.594 0.882 1.174
52.612 52.759 52.227 51.799 51.300 50.066 48.631 47.348 45.744 44.124 42.490 40.610 38.800 37.146 35.452 34.045 32.645 31.004 29.154 27.031 24.946 22.967 21.111 19.371 17.580 15.688 13.676 11.671 10.010 8.699 7.705 6.978 6.449 6.055 5.740 5.429 5.027 4.527 4.036 3.547 2.980 2.230 1.444 0.870 0.519 0.311 0.183 0.105 0.062 0.041 0.030 0.025 0.023 0.023 0.024 0.028 0.040 0.071 0.124 0.167 0.185 0.190 0.190 0.186 0.179 0.170 0.160 0.154 0.154 0.160 0.178 0.212 0.276 0.407 0.682 1.097
53.040 53.086 52.489 52.113 51.702 50.706 49.623 48.465 46.922 45.497 44.030 42.229 40.494 38.768 36.922 35.391 33.963 32.418 30.754 28.753 26.642 24.570 22.610 20.816 18.940 16.895 14.665 12.406 10.549 9.077 7.920 7.025 6.348 5.859 5.500 5.169 4.725 4.156 3.582 2.993 2.275 1.440 0.780 0.402 0.210 0.117 0.070 0.044 0.030 0.023 0.019 0.017 0.016 0.016 0.018 0.023 0.036 0.070 0.123 0.162 0.179 0.186 0.189 0.188 0.185 0.179 0.171 0.164 0.162 0.164 0.174 0.195 0.240 0.340 0.566 0.979
53.061 53.096 52.485 52.126 51.930 51.048 50.189 49.239 47.877 46.579 45.141 43.329 41.570 39.763 37.851 36.229 34.830 33.327 31.698 29.718 27.628 25.559 23.543 21.657 19.709 17.558 15.174 12.770 10.814 9.276 8.054 7.079 6.322 5.742 5.248 4.701 4.004 3.270 2.603 1.953 1.277 0.695 0.343 0.166 0.085 0.049 0.032 0.023 0.018 0.015 0.013 0.012 0.012 0.013 0.015 0.021 0.037 0.076 0.129 0.167 0.185 0.195 0.201 0.204 0.204 0.201 0.193 0.184 0.178 0.178 0.185 0.203 0.244 0.338 0.541 0.903
51.684 51.755 51.414 51.040 51.087 50.341 49.783 48.931 47.711 46.340 45.064 43.336 41.646 39.766 37.906 36.232 34.919 33.492 31.907 30.042 28.020 25.923 23.888 21.970 19.971 17.760 15.313 12.862 10.881 9.333 8.103 7.103 6.270 5.530 4.742 3.761 2.716 1.865 1.275 0.836 0.487 0.252 0.126 0.065 0.038 0.025 0.019 0.015 0.013 0.011 0.010 0.009 0.009 0.010 0.013 0.021 0.042 0.089 0.145 0.183 0.205 0.219 0.228 0.235 0.237 0.234 0.225 0.213 0.206 0.205 0.211 0.230 0.274 0.370 0.562 0.877
50.157 50.143 50.136 49.934 50.148 49.586 49.351 48.568 47.532 46.224 44.857 43.049 41.520 39.542 37.623 35.946 34.619 33.278 31.726 29.913 27.981 25.875 23.838 21.914 19.897 17.674 15.230 12.802 10.834 9.289 8.058 7.006 6.017 4.955 3.655 2.310 1.297 0.721 0.418 0.246 0.140 0.079 0.046 0.029 0.021 0.016 0.013 0.011 0.009 0.008 0.008 0.007 0.008 0.009 0.013 0.024 0.051 0.108 0.173 0.215 0.241 0.259 0.272 0.281 0.285 0.281 0.271 0.256 0.247 0.247 0.258 0.284 0.335 0.434 0.612 0.885
48.916 48.816 48.955 48.971 49.015 48.674 48.492 47.783 46.927 45.810 44.177 42.421 40.886 38.878 36.978 35.223 33.785 32.487 30.990 29.260 27.375 25.301 23.283 21.347 19.347 17.166 14.815 12.520 10.583 8.978 7.635 6.379 5.080 3.598 2.088 1.005 0.441 0.204 0.111 0.068 0.044 0.030 0.022 0.017 0.014 0.011 0.010 0.008 0.007 0.006 0.006 0.006 0.007 0.009 0.015 0.030 0.067 0.136 0.213 0.265 0.297 0.319 0.336 0.347 0.350 0.345 0.330 0.312 0.304 0.308 0.326 0.362 0.424 0.528 0.693 0.926
47.266 47.111 47.108 47.250 47.072 46.909 46.926 46.556 45.937 44.944 43.413 41.730 39.968 37.901 36.091 34.193 32.615 31.278 29.775 28.118 26.211 24.126 22.120 20.194 18.231 16.158 14.019 11.944 9.992 8.063 6.277 4.617 3.048 1.696 0.784 0.310 0.119 0.058 0.036 0.026 0.020 0.017 0.014 0.012 0.010 0.008 0.007 0.006 0.005 0.005 0.004 0.005 0.006 0.010 0.019 0.043 0.095 0.181 0.272 0.336 0.377 0.405 0.425 0.437 0.439 0.428 0.406 0.385 0.378 0.387 0.413 0.460 0.534 0.646 0.803 1.005
45.774 45.521 45.153 45.305 45.116 44.945 45.105 44.792 44.286 43.531 42.254 40.484 38.664 36.563 34.805 32.947 31.219 29.822 28.232 26.478 24.492 22.405 20.390 18.475 16.533 14.598 12.722 10.833 8.612 5.998 3.732 2.123 1.102 0.502 0.202 0.079 0.037 0.023 0.018 0.015 0.013 0.011 0.010 0.008 0.007 0.006 0.005 0.005 0.004 0.004 0.004 0.005 0.008 0.016 0.034 0.076 0.153 0.259 0.360 0.438 0.492 0.527 0.548 0.558 0.554 0.534 0.502 0.477 0.471 0.484 0.518 0.575 0.664 0.788 0.947 1.135
44.118 43.638 43.207 43.240 43.112 42.978 43.090 42.715 42.241 41.720 40.614 38.999 37.296 35.173 33.182 31.289 29.460 27.936 26.231 24.388 22.358 20.240 18.111 15.967 13.801 11.791 9.922 7.901 5.356 2.851 1.336 0.606 0.263 0.112 0.051 0.026 0.017 0.014 0.012 0.010 0.009 0.008 0.007 0.006 0.005 0.005 0.004 0.004 0.004 0.004 0.005 0.009 0.019 0.039 0.082 0.165 0.284 0.408 0.513 0.598 0.658 0.693 0.711 0.714 0.698 0.664 0.619 0.589 0.584 0.601 0.644 0.714 0.817 0.956 1.128 1.315
42.419 41.798 41.314 41.194 40.958 40.744 40.802 40.475 40.034 39.639 38.655 37.249 35.549 33.439 31.284 29.308 27.380 25.619 23.722 21.760 19.649 17.245 14.562 11.719 9.106 6.920 5.021 3.285 1.730 0.722 0.281 0.120 0.057 0.031 0.019 0.014 0.011 0.010 0.009 0.008 0.007 0.006 0.005 0.005 0.004 0.004 0.004 0.004 0.005 0.007 0.014 0.029 0.061 0.122 0.229 0.389 0.555 0.685 0.781 0.851 0.895 0.917 0.923 0.910 0.875 0.818 0.758 0.723 0.717 0.740 0.793 0.881 1.005 1.166 1.360 1.546
41.262 40.446 39.822 39.578 39.051 38.528 38.228 37.735 37.271 36.800 35.911 34.710 33.072 31.024 28.863 26.946 25.069 23.190 21.087 18.845 16.117 12.631 9.143 6.160 3.926 2.413 1.401 0.710 0.293 0.110 0.051 0.029 0.019 0.014 0.011 0.009 0.008 0.007 0.006 0.006 0.005 0.005 0.004 0.004 0.004 0.004 0.004 0.006 0.011 0.023 0.051 0.111 0.220 0.385 0.603 0.835 1.011 1.119 1.179 1.208 1.213 1.208 1.192 1.155 1.091 1.002 0.922 0.878 0.873 0.900 0.958 1.052 1.188 1.364 1.574 1.781
40.034 39.214 38.439 37.860 36.929 36.073 35.462 34.755 34.104 33.544 32.635 31.549 30.049 28.137 26.071 24.191 22.218 20.136 17.596 14.419 10.463 6.429 3.529 1.886 0.991 0.510 0.246 0.107 0.046 0.024 0.017 0.013 0.011 0.009 0.008 0.007 0.006 0.006 0.005 0.004 0.004 0.004 0.004 0.004 0.005 0.006 0.010 0.019 0.041 0.093 0.204 0.403 0.685 0.992 1.287 1.511 1.620 1.649 1.640 1.625 1.600 1.569 1.530 1.463 1.354 1.220 1.115 1.058 1.041 1.057 1.103 1.185 1.313 1.489 1.707 1.951
38.585 37.747 36.708 35.678 34.472 33.322 32.369 31.435 30.515 29.798 28.735 27.635 26.291 24.551 22.528 20.260 17.677 14.912 11.713 7.953 4.427 2.107 0.887 0.383 0.182 0.089 0.043 0.023 0.015 0.011 0.010 0.008 0.007 0.007 0.006 0.005 0.005 0.005 0.004 0.004 0.004 0.005 0.006 0.008 0.011 0.019 0.036 0.074 0.166 0.361 0.695 1.135 1.582 1.929 2.107 2.153 2.112 2.055 2.010 1.980 1.957 1.929 1.871 1.766 1.620 1.457 1.325 1.238 1.192 1.182 1.209 1.276 1.389 1.555 1.778 2.057
37.105 36.066 34.656 33.171 31.799 30.376 29.033 27.758 26.564 25.579 24.373 23.108 21.618 19.799 17.462 14.412 11.049 7.939 5.204 2.917 1.330 0.498 0.177 0.072 0.036 0.021 0.014 0.010 0.009 0.008 0.007 0.006 0.006 0.005 0.005 0.005 0.005 0.005 0.006 0.007 0.008 0.011 0.016 0.026 0.043 0.077 0.144 0.292 0.602 1.116 1.743 2.296 2.610 2.710 2.648 2.527 2.405 2.322 2.280 2.254 2.232 2.196 2.114 1.984 1.830 1.667 1.512 1.391 1.312 1.273 1.277 1.327 1.425 1.580 1.805 2.113
35.039 33.657 32.015 30.284 28.712 27.176 25.785 24.263 22.699 21.209 19.506 17.767 15.785 13.518 10.839 7.921 5.250 3.141 1.656 0.757 0.298 0.103 0.038 0.018 0.012 0.010 0.008 0.007 0.007 0.006 0.006 0.006 0.006 0.006 0.007 0.008 0.010 0.012 0.015 0.021 0.029 0.043 0.065 0.105 0.177 0.304 0.534 0.965 1.691 2.489 3.055 3.284 3.278 3.119 2.888 2.688 2.554 2.479 2.446 2.425 2.399 2.344 2.248 2.125 1.987 1.835 1.667 1.512 1.400 1.334 1.315 1.346 1.433 1.582 1.807 2.129
32.122 30.471 28.869 27.183 25.617 24.044 22.445 20.743 18.819 16.776 14.537 12.282 9.988 7.745 5.539 3.514 1.951 0.947 0.411 0.167 0.065 0.026 0.013 0.009 0.008 0.007 0.007 0.007 0.007 0.007 0.008 0.009 0.011 0.014 0.018 0.024 0.032 0.043 0.059 0.084 0.122 0.178 0.268 0.419 0.657 1.008 1.542 2.356 3.230 3.771 3.938 3.853 3.604 3.269 2.974 2.763 2.630 2.555 2.514 2.482 2.448 2.394 2.315 2.217 2.096 1.951 1.776 1.595 1.458 1.370 1.332 1.346 1.418 1.556 1.774 2.101
28.949 27.117 25.420 23.788 22.241 20.740 19.082 17.116 14.720 11.955 9.238 6.984 5.139 3.565 2.249 1.236 0.582 0.243 0.100 0.044 0.022 0.013 0.009 0.008 0.007 0.007 0.008 0.010 0.012 0.016 0.021 0.028 0.037 0.050 0.069 0.096 0.130 0.175 0.245 0.346 0.482 0.661 0.922 1.302 1.808 2.405 3.073 3.768 4.262 4.437 4.355 4.098 3.724 3.327 3.020 2.803 2.663 2.580 2.526 2.484 2.448 2.407 2.351 2.269 2.156 2.011 1.834 1.643 1.491 1.384 1.325 1.315 1.357 1.460 1.637 1.921
25.020 23.157 21.511 19.961 18.431 16.720 14.614 11.921 8.978 6.256 4.266 2.914 1.942 1.220 0.709 0.372 0.172 0.075 0.037 0.022 0.015 0.012 0.010 0.009 0.010 0.013 0.019 0.027 0.040 0.057 0.079 0.106 0.145 0.201 0.279 0.376 0.493 0.646 0.857 1.118 1.419 1.786 2.245 2.756 3.243 3.682 4.108 4.462 4.637 4.622 4.463 4.172 3.779 3.359 3.035 2.811 2.668 2.581 2.519 2.474 2.440 2.404 2.353 2.274 2.159 2.011 1.841 1.655 1.489 1.360 1.269 1.213 1.192 1.213 1.283 1.442
20.455 18.756 17.124 15.342 13.282 10.834 8.158 5.579 3.593 2.204 1.350 0.856 0.559 0.365 0.232 0.139 0.078 0.045 0.029 0.021 0.017 0.015 0.015 0.019 0.027 0.041 0.065 0.100 0.151 0.217 0.299 0.403 0.541 0.724 0.943 1.176 1.429 1.747 2.134 2.517 2.866 3.188 3.494 3.769 4.003 4.221 4.453 4.619 4.663 4.619 4.472 4.202 3.813 3.371 3.031 2.800 2.653 2.561 2.488 2.420 2.346 2.260 2.162 2.054 1.937 1.813 1.686 1.546 1.384 1.216 1.071 0.950 0.847 0.765 0.724 0.753
15.676 13.607 11.565 9.462 7.271 5.098 3.219 1.849 1.029 0.605 0.401 0.297 0.231 0.178 0.133 0.095 0.066 0.045 0.033 0.027 0.025 0.028 0.036 0.054 0.089 0.147 0.239 0.370 0.543 0.753 0.989 1.254 1.564 1.930 2.308 2.657 2.986 3.313 3.593 3.772 3.887 3.988 4.072 4.136 4.203 4.307 4.472 4.585 4.610 4.582 4.464 4.216 3.829 3.366 3.005 2.749 2.573 2.449 2.325 2.154 1.919 1.673 1.460 1.303 1.213 1.168 1.143 1.101 0.998 0.837 0.674 0.541 0.431 0.349 0.304 0.295
11.665 9.433 7.255 5.250 3.497 2.113 1.174 0.661 0.423 0.318 0.264 0.229 0.196 0.161 0.126 0.096 0.073 0.058 0.051 0.050 0.055 0.070 0.105 0.177 0.308 0.516 0.804 1.170 1.596 2.029 2.459 2.878 3.284 3.658 3.948 4.157 4.313 4.421 4.470 4.440 4.359 4.281 4.223 4.193 4.206 4.274 4.404 4.500 4.533 4.519 4.410 4.169 3.776 3.291 2.886 2.572 2.317 2.085 1.824 1.468 1.066 0.749 0.554 0.455 0.421 0.426 0.449 0.464 0.442 0.377 0.292 0.222 0.170 0.133 0.113 0.108
8.431 6.399 4.545 3.008 1.873 1.133 0.711 0.493 0.380 0.319 0.282 0.251 0.220 0.186 0.149 0.120 0.103 0.097 0.100 0.113 0.142 0.201 0.324 0.564 0.954 1.477 2.090 2.776 3.450 3.977 4.325 4.548 4.720 4.860 4.959 5.013 5.020 4.975 4.880 4.731 4.542 4.368 4.242 4.166 4.138 4.163 4.238 4.287 4.275 4.201 4.031 3.756 3.363 2.899 2.474 2.098 1.735 1.362 0.984 0.634 0.375 0.220 0.143 0.112 0.106 0.111 0.126 0.141 0.145 0.133 0.107 0.083 0.066 0.054 0.048 0.046
5.839 4.269 2.967 1.998 1.350 0.943 0.689 0.534 0.452 0.405 0.370 0.336 0.299 0.254 0.213 0.189 0.182 0.192 0.224 0.282 0.382 0.576 0.937 1.514 2.314 3.176 3.962 4.621 5.111 5.392 5.486 5.479 5.438 5.406 5.382 5.347 5.286 5.192 5.053 4.859 4.622 4.400 4.222 4.074 3.959 3.877 3.804 3.692 3.520 3.300 3.025 2.701 2.347 1.982 1.626 1.272 0.929 0.622 0.375 0.203 0.104 0.056 0.035 0.028 0.027 0.029 0.035 0.042 0.047 0.048 0.044 0.037 0.032 0.028 0.026 0.025
4.059 3.022 2.245 1.696 1.290 0.996 0.810 0.700 0.631 0.581 0.537 0.491 0.441 0.386 0.348 0.336 0.352 0.410 0.516 0.683 0.965 1.446 2.191 3.132 4.042 4.779 5.357 5.761 5.981 6.041 5.998 5.891 5.739 5.604 5.514 5.445 5.375 5.287 5.144 4.923 4.648 4.382 4.131 3.870 3.583 3.260 2.906 2.537 2.184 1.880 1.632 1.415 1.206 0.999 0.791 0.585 0.394 0.235 0.127 0.065 0.034 0.019 0.013 0.011 0.010 0.011 0.013 0.016 0.018 0.020 0.021 0.020 0.019 0.018 0.017 0.017
3.085 2.489 2.056 1.704 1.416 1.216 1.085 0.991 0.914 0.846 0.785 0.727 0.668 0.618 0.596 0.604 0.671 0.820 1.064 1.447 2.019 2.794 3.666 4.469 5.117 5.635 6.029 6.250 6.309 6.292 6.234 6.111 5.905 5.688 5.551 5.476 5.419 5.338 5.182 4.935 4.616 4.240 3.822 3.352 2.802 2.219 1.697 1.306 1.040 0.872 0.761 0.670 0.578 0.476 0.365 0.258 0.167 0.099 0.056 0.032 0.020 0.013 0.009 0.007 0.007 0.007 0.007 0.009 0.010 0.011 0.012 0.013 0.013 0.012 0.012 0.012
2.679 2.355 2.091 1.871 1.712 1.595 1.501 1.408 1.307 1.207 1.123 1.056 1.006 0.981 0.982 1.028 1.169 1.432 1.837 2.380 3.049 3.801 4.506 5.081 5.549 5.945 6.241 6.400 6.445 6.440 6.390 6.253 5.998 5.713 5.539 5.457 5.400 5.313 5.134 4.827 4.391 3.825 3.153 2.421 1.727 1.196 0.842 0.618 0.488 0.418 0.378 0.344 0.307 0.259 0.201 0.144 0.098 0.064 0.041 0.027 0.018 0.013 0.009 0.007 0.006 0.005 0.006 0.006 0.006 0.007 0.008 0.008 0.008 0.008 0.008 0.008
2.482 2.342 2.248 2.206 2.178 2.138 2.073 1.973 1.832 1.679 1.561 1.489 1.466 1.473 1.502 1.569 1.714 1.992 2.430 2.983 3.609 4.252 4.807 5.272 5.673 6.024 6.299 6.472 6.545 6.554 6.498 6.326 6.026 5.685 5.434 5.253 5.096 4.907 4.638 4.237 3.680 2.949 2.118 1.405 0.910 0.598 0.421 0.328 0.279 0.252 0.234 0.218 0.201 0.177 0.146 0.110 0.080 0.056 0.039 0.027 0.019 0.014 0.010 0.007 0.006 0.005 0.005 0.004 0.004 0.005 0.005 0.005 0.005 0.005 0.005 0.006
2.385 2.428 2.562 2.744 2.849 2.870 2.830 2.711 2.505 2.274 2.105 2.005 1.960 1.948 1.962 2.004 2.107 2.344 2.746 3.257 3.836 4.412 4.912 5.339 5.710 6.036 6.308 6.499 6.589 6.599 6.533 6.342 6.002 5.569 5.145 4.722 4.272 3.830 3.393 2.901 2.330 1.685 1.113 0.716 0.463 0.322 0.252 0.219 0.202 0.190 0.180 0.170 0.158 0.143 0.122 0.096 0.072 0.053 0.038 0.027 0.020 0.014 0.010 0.008 0.006 0.005 0.004 0.003 0.003 0.003 0.003 0.003 0.003 0.003 0.003 0.004
2.435 2.702 3.133 3.520 3.719 3.745 3.659 3.469 3.201 2.916 2.681 2.498 2.368 2.297 2.276 2.292 2.355 2.532 2.875 3.354 3.934 4.495 4.972 5.369 5.712 6.006 6.238 6.384 6.439 6.411 6.307 6.082 5.712 5.198 4.572 3.806 2.941 2.224 1.728 1.355 1.027 0.732 0.501 0.347 0.254 0.205 0.182 0.170 0.163 0.157 0.149 0.141 0.132 0.120 0.104 0.084 0.065 0.049 0.037 0.027 0.020 0.014 0.010 0.008 0.006 0.004 0.003 0.002 0.002 0.002 0.001 0.001 0.001 0.002 0.002 0.002
2.696 3.263 3.861 4.249 4.412 4.411 4.275 4.039 3.752 3.460 3.187 2.926 2.701 2.545 2.466 2.448 2.475 2.599 2.905 3.381 3.984 4.537 4.986 5.348 5.620 5.789 5.862 5.806 5.661 5.489 5.297 5.042 4.702 4.218 3.498 2.467 1.553 1.001 0.681 0.489 0.365 0.279 0.221 0.183 0.161 0.148 0.142 0.138 0.134 0.129 0.124 0.118 0.110 0.100 0.088 0.073 0.057 0.045 0.034 0.026 0.019 0.014 0.010 0.008 0.005 0.004 0.003 0.002 0.001 0.001 0.000 0.000 0.000 0.000 0.001 0.001
