RESULTS/r.avaflow_results/14b_results/14b_ascii/14b_hflow10063.asc
ncols 506
nrows 317
xllcenter 498237.50
yllcenter 5580050.00
cellsize 12.50
NODATA_value -9999.000
[rows 170 to 203 of 317, columns 304 to 379 of 506]
0.000 0.000 0.000 0.000 0.000 0.000 0.000 0.000 0.000 0.000 0.000 0.000 0.000 0.000 0.000 0.000 0.000 0.000 0.000 0.000 0.000 0.000 0.000 0.000 0.000 0.000 0.000 0.000 0.000 0.000 0.000 0.000 0.000 0.000 0.000 0.000 0.000 0.000 0.000 0.000 0.000 0.000 0.000 0.000 0.000 0.000 0.000 0.000 0.000 0.000 0.000 0.000 0.000 0.000 0.000 0.000 0.000 0.000 0.000 0.000 0.000 0.000 0.000 0.000 0.000 0.000 0.000 0.000 0.000 0.000 0.000 0.000 0.000 0.000 0.000 0.000
0.000 0.000 0.000 0.000 0.000 0.000 0.000 0.000 0.000 0.000 0.000 0.000 0.000 0.000 0.000 0.000 0.000 0.000 0.000 0.000 0.000 0.000 0.000 0.000 0.000 0.000 0.000 0.000 0.000 0.000 0.000 0.000 0.000 0.000 0.000 0.000 0.000 0.000 0.000 0.000 0.000 0.000 0.000 0.000 0.000 0.000 0.000 0.000 0.000 0.000 0.000 0.000 0.000 0.000 0.000 0.000 0.000 0.000 0.000 0.000 0.000 0.000 0.000 0.000 0.000 0.000 0.000 0.000 0.000 0.000 0.000 0.000 0.000 0.000 0.000 0.000
0.000 0.000 0.000 0.000 0.000 0.000 0.000 0.000 0.000 0.000 0.000 0.000 0.000 0.000 0.000 0.000 0.000 0.000 0.000 0.000 0.000 0.000 0.000 0.000 0.000 0.000 0.000 0.000 0.000 0.000 0.000 0.000 0.000 0.000 0.000 0.000 0.000 0.000 0.000 0.000 0.000 0.000 0.000 0.000 0.000 0.000 0.000 0.000 0.000 0.000 0.000 0.000 0.000 0.000 0.000 0.000 0.000 0.000 0.000 0.000 0.000 0.000 0.000 0.000 0.000 0.000 0.000 0.000 0.000 0.000 0.000 0.000 0.000 0.000 0.000 0.000
0.000 0.000 0.000 0.000 0.000 0.000 0.000 0.000 0.000 0.000 0.000 0.000 0.000 0.000 0.000 0.000 0.000 0.000 0.000 0.000 0.000 0.000 0.000 0.000 0.000 0.000 0.000 0.000 0.000 0.000 0.000 0.000 0.000 0.000 0.000 0.000 0.000 0.000 0.000 0.000 0.000 0.000 0.000 0.000 0.000 0.000 0.000 0.000 0.000 0.000 0.000 0.000 0.000 0.000 0.000 0.000 0.000 0.000 0.000 0.000 0.000 0.000 0.000 0.000 0.000 0.000 0.000 0.000 0.000 0.000 0.000 0.000 0.000 0.000 0.000 0.000
0.000 0.000 0.000 0.000 0.000 0.001 0.001 0.001 0.001 0.001 0.001 0.001 0.001 0.001 0.001 0.001 0.001 0.001 0.001 0.000 0.000 0.000 0.000 0.000 0.000 0.000 0.000 0.000 0.000 0.000 0.000 0.000 0.000 0.000 0.000 0.000 0.000 0.000 0.000 0.000 0.000 0.000 0.000 0.000 0.000 0.000 0.000 0.000 0.000 0.000 0.000 0.000 0.000 0.000 0.000 0.000 0.000 0.000 0.000 0.000 0.000 0.000 0.000 0.000 0.000 0.000 0.000 0.000 0.000 0.000 0.000 0.000 0.000 0.000 0.000 0.000
0.000 0.000 0.000 0.001 0.001 0.001 0.001 0.001 0.001 0.001 0.001 0.001 0.001 0.001 0.001 0.001 0.001 0.001 0.001 0.001 0.001 0.001 0.000 0.000 0.000 0.000 0.000 0.000 0.000 0.000 0.000 0.000 0.000 0.000 0.000 0.000 0.000 0.000 0.000 0.000 0.000 0.000 0.000 0.000 0.000 0.000 0.000 0.000 0.000 0.000 0.000 0.000 0.000 0.000 0.000 0.000 0.000 0.000 0.000 0.000 0.000 0.000 0.000 0.000 0.000 0.000 0.000 0.000 0.000 0.000 0.000 0.000 0.000 0.000 0.000 0.000
0.000 0.001 0.001 0.001 0.001 0.002 0.002 0.003 0.003 0.003 0.003 0.002 0.002 0.002 0.002 0.002 0.002 0.002 0.001 0.001 0.001 0.001 0.001 0.001 0.000 0.000 0.000 0.000 0.000 0.000 0.000 0.000 0.000 0.000 0.000 0.000 0.000 0.000 0.000 0.000 0.000 0.000 0.000 0.000 0.000 0.000 0.000 0.000 0.000 0.000 0.000 0.000 0.000 0.000 0.000 0.000 0.000 0.000 0.000 0.000 0.000 0.000 0.000 0.000 0.000 0.000 0.000 0.000 0.000 0.000 0.000 0.000 0.000 0.000 0.000 0.000
0.001 0.001 0.001 0.002 0.002 0.003 0.004 0.005 0.005 0.005 0.005 0.005 0.004 0.004 0.004 0.003 0.003 0.003 0.002 0.002 0.001 0.001 0.001 0.001 0.001 0.000 0.000 0.000 0.000 0.000 0.000 0.000 0.000 0.000 0.000 0.000 0.000 0.000 0.000 0.000 0.000 0.000 0.000 0.000 0.000 0.000 0.000 0.000 0.000 0.000 0.000 0.000 0.000 0.000 0.000 0.000 0.000 0.000 0.000 0.000 0.000 0.000 0.000 0.000 0.000 0.000 0.000 0.000 0.000 0.000 0.000 0.000 0.000 0.000 0.000 0.000
0.001 0.002 0.002 0.003 0.004 0.005 0.008 0.011 0.012 0.012 0.011 0.011 0.010 0.008 0.007 0.006 0.006 0.005 0.004 0.003 0.002 0.002 0.001 0.001 0.001 0.001 0.001 0.000 0.000 0.000 0.000 0.000 0.000 0.000 0.000 0.000 0.000 0.000 0.000 0.000 0.000 0.000 0.000 0.000 0.000 0.000 0.000 0.000 0.000 0.000 0.000 0.000 0.000 0.000 0.000 0.000 0.000 0.000 0.000 0.000 0.000 0.000 0.000 0.000 0.000 0.000 0.000 0.000 0.000 0.000 0.000 0.000 0.000 0.000 0.000 0.000
0.002 0.003 0.004 0.005 0.007 0.011 0.017 0.024 0.027 0.028 0.028 0.027 0.024 0.021 0.017 0.014 0.011 0.009 0.007 0.005 0.004 0.003 0.002 0.002 0.001 0.001 0.001 0.001 0.001 0.001 0.000 0.000 0.000 0.000 0.000 0.000 0.000 0.000 0.000 0.000 0.000 0.000 0.000 0.000 0.000 0.000 0.000 0.000 0.000 0.000 0.000 0.000 0.000 0.000 0.000 0.000 0.000 0.000 0.000 0.000 0.000 0.000 0.000 0.000 0.000 0.000 0.000 0.000 0.000 0.000 0.000 0.000 0.000 0.000 0.000 0.000
0.003 0.005 0.008 0.011 0.016 0.023 0.036 0.050 0.059 0.063 0.064 0.063 0.059 0.051 0.041 0.032 0.025 0.019 0.014 0.011 0.007 0.005 0.004 0.003 0.002 0.001 0.001 0.001 0.001 0.001 0.001 0.001 0.001 0.000 0.000 0.000 0.000 0.000 0.000 0.000 0.000 0.000 0.000 0.000 0.000 0.000 0.000 0.000 0.000 0.000 0.000 0.000 0.000 0.000 0.000 0.000 0.000 0.000 0.000 0.000 0.000 0.000 0.000 0.000 0.000 0.000 0.000 0.000 0.000 0.000 0.000 0.000 0.000 0.000 0.000 0.000
0.007 0.011 0.017 0.024 0.033 0.047 0.068 0.088 0.099 0.103 0.105 0.104 0.100 0.091 0.078 0.062 0.048 0.037 0.028 0.021 0.015 0.010 0.006 0.004 0.003 0.002 0.001 0.001 0.001 0.001 0.001 0.001 0.001 0.001 0.001 0.001 0.001 0.000 0.000 0.000 0.000 0.000 0.000 0.000 0.000 0.000 0.000 0.000 0.000 0.000 0.000 0.000 0.000 0.000 0.000 0.000 0.000 0.000 0.000 0.000 0.000 0.000 0.000 0.000 0.000 0.000 0.000 0.000 0.000 0.000 0.000 0.000 0.000 0.000 0.000 0.000
0.015 0.025 0.038 0.052 0.066 0.085 0.106 0.119 0.124 0.124 0.124 0.122 0.118 0.111 0.099 0.083 0.066 0.053 0.043 0.034 0.025 0.017 0.011 0.007 0.005 0.003 0.002 0.002 0.002 0.001 0.001 0.001 0.001 0.001 0.001 0.001 0.001 0.001 0.001 0.001 0.001 0.001 0.001 0.001 0.001 0.001 0.001 0.000 0.000 0.000 0.000 0.000 0.000 0.000 0.000 0.000 0.000 0.000 0.000 0.000 0.000 0.000 0.000 0.000 0.000 0.000 0.000 0.000 0.000 0.000 0.000 0.000 0.000 0.000 0.000 0.000
0.034 0.058 0.082 0.100 0.114 0.126 0.134 0.137 0.135 0.131 0.128 0.125 0.121 0.115 0.105 0.090 0.074 0.061 0.050 0.041 0.033 0.026 0.018 0.012 0.008 0.005 0.004 0.003 0.003 0.002 0.002 0.002 0.002 0.001 0.001 0.001 0.001 0.001 0.001 0.001 0.001 0.001 0.001 0.001 0.001 0.001 0.001 0.001 0.001 0.001 0.001 0.000 0.000 0.000 0.000 0.000 0.000 0.000 0.000 0.000 0.000 0.000 0.000 0.000 0.000 0.000 0.000 0.000 0.000 0.000 0.000 0.000 0.000 0.000 0.000 0.000
0.067 0.100 0.125 0.140 0.148 0.151 0.151 0.146 0.138 0.131 0.127 0.123 0.119 0.113 0.104 0.091 0.076 0.063 0.053 0.045 0.038 0.032 0.025 0.019 0.013 0.009 0.007 0.005 0.005 0.004 0.004 0.004 0.003 0.002 0.002 0.002 0.001 0.001 0.001 0.001 0.001 0.001 0.001 0.001 0.001 0.001 0.001 0.001 0.001 0.001 0.001 0.001 0.001 0.000 0.000 0.000 0.000 0.000 0.000 0.000 0.000 0.000 0.000 0.000 0.000 0.000 0.000 0.000 0.000 0.000 0.000 0.000 0.000 0.000 0.000 0.000
0.095 0.123 0.145 0.158 0.163 0.162 0.158 0.149 0.138 0.130 0.124 0.119 0.114 0.108 0.100 0.089 0.076 0.064 0.054 0.047 0.041 0.035 0.031 0.026 0.021 0.016 0.013 0.011 0.010 0.010 0.009 0.008 0.007 0.005 0.003 0.003 0.002 0.002 0.002 0.002 0.002 0.002 0.002 0.002 0.002 0.002 0.002 0.002 0.001 0.001 0.001 0.001 0.001 0.001 0.001 0.001 0.000 0.000 0.000 0.000 0.000 0.000 0.000 0.000 0.000 0.000 0.000 0.000 0.000 0.000 0.000 0.000 0.000 0.000 0.000 0.000
0.107 0.129 0.150 0.162 0.165 0.164 0.159 0.150 0.137 0.126 0.117 0.110 0.104 0.098 0.092 0.084 0.074 0.064 0.055 0.048 0.042 0.037 0.034 0.031 0.029 0.026 0.024 0.023 0.023 0.023 0.022 0.020 0.016 0.011 0.007 0.005 0.004 0.004 0.004 0.003 0.003 0.003 0.003 0.004 0.004 0.003 0.003 0.002 0.002 0.002 0.002 0.001 0.001 0.001 0.001 0.001 0.001 0.001 0.001 0.001 0.000 0.000 0.000 0.000 0.000 0.000 0.000 0.000 0.000 0.000 0.000 0.000 0.000 0.000 0.000 0.000
0.109 0.127 0.147 0.158 0.162 0.161 0.156 0.146 0.132 0.116 0.102 0.093 0.087 0.082 0.079 0.076 0.071 0.063 0.055 0.048 0.042 0.038 0.036 0.035 0.034 0.034 0.035 0.036 0.037 0.037 0.037 0.035 0.030 0.023 0.017 0.012 0.010 0.008 0.008 0.007 0.007 0.007 0.007 0.007 0.007 0.007 0.006 0.004 0.003 0.003 0.002 0.002 0.002 0.002 0.001 0.001 0.001 0.001 0.001 0.001 0.001 0.001 0.001 0.000 0.000 0.000 0.000 0.000 0.000 0.000 0.000 0.000 0.000 0.000 0.000 0.000
0.106 0.120 0.134 0.142 0.144 0.143 0.139 0.131 0.116 0.096 0.079 0.068 0.064 0.063 0.063 0.064 0.064 0.061 0.055 0.048 0.042 0.039 0.037 0.036 0.037 0.038 0.041 0.042 0.043 0.043 0.043 0.042 0.038 0.033 0.027 0.023 0.020 0.017 0.016 0.015 0.014 0.014 0.014 0.014 0.014 0.013 0.010 0.007 0.005 0.004 0.004 0.003 0.003 0.002 0.002 0.002 0.001 0.001 0.001 0.001 0.001 0.001 0.001 0.001 0.001 0.000 0.000 0.000 0.000 0.000 0.000 0.000 0.000 0.000 0.000 0.000
0.099 0.104 0.108 0.107 0.104 0.101 0.099 0.094 0.084 0.068 0.057 0.051 0.049 0.049 0.051 0.054 0.056 0.056 0.053 0.048 0.042 0.039 0.037 0.036 0.037 0.039 0.042 0.044 0.044 0.044 0.044 0.043 0.040 0.037 0.032 0.029 0.027 0.025 0.024 0.024 0.023 0.023 0.023 0.023 0.022 0.021 0.017 0.013 0.010 0.008 0.006 0.005 0.004 0.004 0.003 0.003 0.002 0.002 0.002 0.002 0.001 0.001 0.001 0.001 0.001 0.001 0.001 0.000 0.000 0.000 0.000 0.000 0.000 0.000 0.000 0.000
0.086 0.081 0.075 0.068 0.061 0.058 0.057 0.056 0.053 0.048 0.044 0.043 0.042 0.043 0.044 0.048 0.050 0.051 0.050 0.047 0.042 0.039 0.037 0.036 0.037 0.039 0.042 0.043 0.043 0.043 0.043 0.042 0.040 0.037 0.033 0.030 0.029 0.028 0.028 0.028 0.028 0.028 0.028 0.027 0.026 0.024 0.021 0.018 0.015 0.013 0.011 0.009 0.007 0.006 0.005 0.004 0.003 0.003 0.002 0.002 0.002 0.002 0.001 0.001 0.001 0.001 0.001 0.001 0.001 0.001 0.001 0.000 0.000 0.000 0.000 0.000
0.072 0.062 0.054 0.046 0.041 0.039 0.038 0.038 0.038 0.038 0.038 0.039 0.039 0.040 0.041 0.044 0.046 0.047 0.046 0.045 0.041 0.038 0.036 0.035 0.035 0.037 0.040 0.041 0.041 0.041 0.040 0.040 0.039 0.036 0.033 0.030 0.029 0.029 0.029 0.029 0.029 0.029 0.029 0.028 0.027 0.025 0.023 0.021 0.019 0.017 0.015 0.013 0.011 0.009 0.008 0.006 0.005 0.004 0.004 0.003 0.003 0.003 0.002 0.002 0.001 0.001 0.001 0.001 0.001 0.001 0.001 0.001 0.001 0.001 0.001 0.001
0.062 0.052 0.044 0.038 0.034 0.033 0.032 0.032 0.033 0.034 0.035 0.036 0.037 0.039 0.040 0.042 0.044 0.044 0.043 0.042 0.040 0.037 0.034 0.033 0.032 0.033 0.035 0.036 0.036 0.036 0.036 0.035 0.035 0.034 0.032 0.030 0.028 0.028 0.029 0.029 0.029 0.029 0.029 0.028 0.027 0.025 0.023 0.021 0.020 0.019 0.017 0.015 0.013 0.012 0.010 0.009 0.007 0.007 0.006 0.005 0.005 0.004 0.003 0.002 0.002 0.001 0.001 0.001 0.001 0.001 0.001 0.001 0.001 0.001 0.001 0.001
0.055 0.046 0.039 0.035 0.033 0.031 0.031 0.031 0.031 0.032 0.033 0.035 0.036 0.038 0.040 0.041 0.042 0.042 0.041 0.040 0.038 0.035 0.032 0.031 0.030 0.029 0.030 0.031 0.031 0.030 0.030 0.030 0.030 0.030 0.029 0.027 0.027 0.027 0.027 0.028 0.029 0.029 0.028 0.028 0.026 0.025 0.023 0.021 0.020 0.019 0.018 0.016 0.015 0.013 0.011 0.010 0.009 0.009 0.008 0.008 0.007 0.006 0.005 0.004 0.003 0.002 0.002 0.001 0.001 0.001 0.001 0.001 0.001 0.001 0.001 0.001
0.050 0.042 0.037 0.034 0.032 0.031 0.030 0.030 0.030 0.031 0.032 0.034 0.036 0.038 0.040 0.041 0.041 0.041 0.040 0.038 0.036 0.033 0.031 0.029 0.028 0.027 0.027 0.027 0.027 0.027 0.026 0.025 0.025 0.024 0.024 0.023 0.023 0.023 0.024 0.025 0.026 0.027 0.027 0.026 0.025 0.023 0.022 0.021 0.020 0.019 0.018 0.017 0.015 0.014 0.012 0.011 0.010 0.010 0.009 0.009 0.009 0.009 0.008 0.006 0.005 0.003 0.002 0.002 0.002 0.002 0.002 0.002 0.002 0.002 0.002 0.002
0.046 0.040 0.035 0.032 0.031 0.030 0.030 0.030 0.030 0.031 0.032 0.034 0.036 0.038 0.040 0.040 0.040 0.040 0.038 0.037 0.034 0.032 0.030 0.028 0.027 0.026 0.026 0.026 0.025 0.025 0.024 0.023 0.022 0.021 0.020 0.019 0.019 0.019 0.019 0.020 0.022 0.023 0.024 0.024 0.023 0.022 0.021 0.020 0.020 0.020 0.019 0.018 0.016 0.014 0.012 0.011 0.011 0.010 0.010 0.010 0.010 0.011 0.011 0.010 0.008 0.006 0.004 0.003 0.003 0.003 0.002 0.002 0.002 0.002 0.002 0.002
0.043 0.037 0.034 0.031 0.030 0.029 0.029 0.030 0.030 0.031 0.032 0.034 0.037 0.039 0.040 0.040 0.040 0.039 0.037 0.035 0.033 0.031 0.029 0.028 0.027 0.026 0.025 0.025 0.025 0.024 0.023 0.022 0.021 0.020 0.019 0.017 0.017 0.016 0.016 0.017 0.018 0.019 0.020 0.020 0.020 0.020 0.020 0.020 0.020 0.020 0.019 0.018 0.016 0.014 0.013 0.012 0.011 0.010 0.010 0.010 0.011 0.013 0.015 0.016 0.014 0.011 0.008 0.006 0.005 0.004 0.004 0.004 0.003 0.003 0.003 0.003
0.040 0.036 0.033 0.031 0.029 0.029 0.029 0.030 0.031 0.032 0.034 0.036 0.039 0.041 0.041 0.041 0.040 0.039 0.037 0.034 0.032 0.030 0.029 0.027 0.026 0.026 0.025 0.025 0.024 0.024 0.023 0.022 0.021 0.019 0.018 0.017 0.016 0.016 0.015 0.015 0.015 0.016 0.017 0.017 0.017 0.018 0.019 0.020 0.020 0.020 0.020 0.018 0.016 0.014 0.013 0.012 0.011 0.010 0.010 0.010 0.011 0.014 0.018 0.021 0.021 0.020 0.015 0.011 0.009 0.008 0.007 0.007 0.006 0.005 0.005 0.005
0.038 0.035 0.032 0.030 0.029 0.029 0.030 0.032 0.035 0.037 0.039 0.042 0.044 0.045 0.044 0.043 0.041 0.039 0.036 0.034 0.031 0.030 0.028 0.027 0.026 0.026 0.025 0.025 0.024 0.024 0.023 0.022 0.020 0.019 0.018 0.017 0.016 0.015 0.015 0.014 0.014 0.014 0.015 0.015 0.016 0.017 0.019 0.020 0.021 0.020 0.020 0.018 0.016 0.014 0.013 0.012 0.011 0.010 0.010 0.010 0.011 0.014 0.019 0.024 0.027 0.026 0.024 0.021 0.018 0.016 0.015 0.013 0.011 0.009 0.008 0.007
0.037 0.034 0.032 0.030 0.030 0.030 0.032 0.036 0.041 0.045 0.048 0.049 0.050 0.049 0.047 0.044 0.041 0.039 0.036 0.033 0.031 0.029 0.028 0.027 0.026 0.026 0.025 0.025 0.025 0.024 0.023 0.022 0.021 0.019 0.018 0.017 0.016 0.015 0.014 0.014 0.013 0.013 0.013 0.014 0.015 0.017 0.019 0.021 0.021 0.020 0.019 0.018 0.016 0.014 0.013 0.012 0.011 0.010 0.010 0.010 0.011 0.014 0.019 0.025 0.029 0.030 0.030 0.029 0.027 0.026 0.024 0.022 0.020 0.017 0.013 0.011
0.036 0.034 0.032 0.031 0.030 0.031 0.033 0.039 0.046 0.051 0.053 0.053 0.053 0.051 0.048 0.045 0.042 0.039 0.036 0.033 0.031 0.029 0.028 0.028 0.028 0.028 0.028 0.027 0.027 0.026 0.024 0.023 0.022 0.021 0.019 0.018 0.016 0.015 0.014 0.014 0.013 0.013 0.013 0.013 0.014 0.017 0.020 0.021 0.021 0.020 0.019 0.018 0.016 0.014 0.013 0.011 0.011 0.010 0.010 0.010 0.011 0.013 0.017 0.024 0.029 0.031 0.032 0.031 0.031 0.030 0.029 0.027 0.025 0.022 0.019 0.015
0.036 0.034 0.032 0.032 0.031 0.032 0.035 0.041 0.048 0.053 0.054 0.054 0.053 0.051 0.048 0.045 0.042 0.039 0.036 0.034 0.031 0.030 0.030 0.030 0.031 0.033 0.033 0.032 0.031 0.029 0.027 0.025 0.024 0.022 0.020 0.018 0.017 0.015 0.014 0.014 0.013 0.013 0.013 0.013 0.014 0.017 0.020 0.020 0.020 0.020 0.019 0.017 0.016 0.014 0.012 0.011 0.010 0.010 0.010 0.010 0.010 0.012 0.015 0.021 0.027 0.030 0.032 0.032 0.032 0.031 0.030 0.029 0.027 0.024 0.021 0.018
0.036 0.035 0.033 0.033 0.033 0.034 0.037 0.041 0.048 0.053 0.054 0.054 0.053 0.051 0.048 0.045 0.042 0.039 0.036 0.034 0.033 0.033 0.034 0.036 0.037 0.038 0.037 0.036 0.034 0.031 0.029 0.027 0.025 0.023 0.021 0.019 0.017 0.015 0.014 0.014 0.013 0.013 0.013 0.013 0.015 0.018 0.019 0.019 0.019 0.019 0.018 0.016 0.015 0.013 0.012 0.010 0.010 0.009 0.009 0.009 0.009 0.010 0.012 0.017 0.023 0.028 0.030 0.031 0.031 0.031 0.030 0.029 0.027 0.025 0.022 0.019
0.037 0.036 0.035 0.035 0.035 0.036 0.038 0.041 0.047 0.052 0.053 0.053 0.053 0.051 0.048 0.045 0.042 0.039 0.037 0.036 0.036 0.036 0.038 0.040 0.041 0.040 0.039 0.037 0.034 0.031 0.029 0.027 0.025 0.023 0.021 0.019 0.017 0.015 0.014 0.014 0.013 0.013 0.013 0.013 0.015 0.017 0.018 0.018 0.018 0.017 0.016 0.015 0.013 0.012 0.011 0.010 0.009 0.009 0.008 0.008 0.009 0.009 0.011 0.014 0.019 0.024 0.027 0.029 0.029 0.029 0.029 0.028 0.027 0.024 0.022 0.020
