RESULTS/r.avaflow_results/14b_results/14b_ascii/14b_hflow0040.asc
ncols 506
nrows 317
xllcenter 498237.50
yllcenter 5580050.00
cellsize 12.50
NODATA_value -9999.000
[rows 204 to 237 of 317, columns 76 to 151 of 506]
0.089 0.066 0.048 0.034 0.023 0.015 0.010 0.008 0.007 0.008 0.022 0.102 0.481 1.567 3.276 4.495 5.384 6.257 7.151 8.032 8.896 9.730 10.548 11.290 11.870 12.258 12.501 12.667 12.741 12.781 12.778 12.729 12.655 12.586 12.506 12.471 12.502 12.564 12.711 12.922 13.155 13.338 13.495 13.546 13.558 13.521 13.450 13.320 13.168 12.941 12.638 12.203 11.612 10.867 9.995 9.036 8.091 7.186 6.265 5.350 4.465 3.763 3.277 2.987 2.867 2.897 2.924 2.897 2.821 2.679 2.447 2.175 2.027 2.030 2.194 2.583
0.075 0.056 0.040 0.028 0.019 0.013 0.009 0.007 0.006 0.007 0.015 0.075 0.383 1.357 2.983 4.158 4.968 5.764 6.581 7.387 8.170 8.955 9.715 10.426 11.009 11.421 11.717 11.935 12.018 12.041 12.021 11.926 11.780 11.637 11.467 11.362 11.302 11.288 11.341 11.457 11.654 11.876 12.080 12.201 12.252 12.226 12.156 12.021 11.810 11.516 11.131 10.591 9.857 8.927 7.848 6.659 5.481 4.402 3.462 2.694 2.106 1.739 1.583 1.607 1.798 2.076 2.243 2.303 2.305 2.254 2.123 1.957 1.902 1.987 2.298 2.874
0.064 0.044 0.031 0.021 0.015 0.011 0.009 0.007 0.005 0.005 0.006 0.030 0.204 0.917 2.337 3.581 4.386 5.114 5.837 6.546 7.235 7.898 8.516 9.089 9.621 10.083 10.454 10.719 10.853 10.923 10.956 10.895 10.775 10.579 10.348 10.164 10.020 9.953 9.935 9.968 10.081 10.297 10.570 10.776 10.867 10.879 10.817 10.659 10.392 10.013 9.512 8.825 7.943 6.817 5.488 4.163 3.035 2.137 1.473 1.027 0.773 0.681 0.722 0.901 1.233 1.557 1.756 1.863 1.911 1.921 1.881 1.822 1.845 2.041 2.468 3.091
0.060 0.040 0.027 0.019 0.014 0.011 0.008 0.006 0.005 0.004 0.004 0.009 0.070 0.433 1.431 2.706 3.605 4.297 4.934 5.525 6.070 6.564 7.008 7.413 7.826 8.273 8.723 9.052 9.256 9.418 9.536 9.547 9.513 9.368 9.165 8.927 8.699 8.536 8.436 8.417 8.453 8.616 8.927 9.274 9.461 9.503 9.455 9.276 8.912 8.358 7.594 6.621 5.497 4.271 3.075 2.085 1.323 0.797 0.484 0.334 0.291 0.319 0.422 0.633 0.944 1.207 1.384 1.506 1.589 1.642 1.675 1.708 1.815 2.080 2.527 3.118
0.062 0.041 0.027 0.019 0.014 0.010 0.008 0.006 0.004 0.003 0.003 0.004 0.020 0.158 0.674 1.643 2.597 3.302 3.863 4.327 4.709 5.001 5.228 5.442 5.710 6.107 6.610 6.994 7.273 7.522 7.749 7.893 7.983 7.952 7.840 7.616 7.344 7.092 6.890 6.772 6.745 6.846 7.126 7.545 7.850 7.962 7.922 7.680 7.145 6.310 5.164 4.008 2.972 2.082 1.344 0.795 0.440 0.248 0.166 0.146 0.165 0.224 0.338 0.520 0.758 0.950 1.089 1.204 1.302 1.388 1.475 1.584 1.763 2.057 2.481 2.996
0.072 0.046 0.030 0.020 0.014 0.010 0.008 0.005 0.004 0.003 0.002 0.002 0.006 0.045 0.253 0.778 1.535 2.196 2.674 2.998 3.202 3.304 3.330 3.318 3.397 3.637 4.072 4.552 4.942 5.256 5.542 5.807 6.046 6.178 6.214 6.113 5.885 5.592 5.286 5.020 4.837 4.769 4.878 5.174 5.547 5.761 5.749 5.438 4.741 3.753 2.697 1.867 1.224 0.749 0.424 0.231 0.133 0.094 0.087 0.101 0.138 0.204 0.307 0.452 0.620 0.751 0.853 0.945 1.036 1.136 1.255 1.414 1.634 1.932 2.308 2.731
0.089 0.059 0.038 0.025 0.016 0.011 0.008 0.005 0.004 0.003 0.002 0.002 0.002 0.011 0.070 0.286 0.724 1.243 1.615 1.827 1.901 1.894 1.825 1.691 1.641 1.714 1.934 2.294 2.712 3.083 3.358 3.573 3.765 3.934 4.075 4.130 4.062 3.865 3.582 3.280 2.972 2.702 2.567 2.599 2.770 2.911 2.910 2.715 2.283 1.670 1.076 0.646 0.364 0.199 0.112 0.070 0.055 0.056 0.068 0.093 0.133 0.194 0.281 0.396 0.511 0.595 0.661 0.723 0.787 0.872 0.996 1.172 1.399 1.674 1.985 2.322
0.113 0.078 0.051 0.033 0.021 0.013 0.009 0.006 0.004 0.003 0.002 0.001 0.001 0.003 0.014 0.075 0.250 0.548 0.801 0.953 1.009 1.001 0.944 0.825 0.727 0.704 0.764 0.938 1.246 1.620 1.892 2.043 2.133 2.213 2.298 2.374 2.396 2.347 2.213 2.006 1.740 1.440 1.190 1.061 1.024 1.036 1.019 0.944 0.789 0.555 0.328 0.179 0.094 0.053 0.036 0.032 0.036 0.046 0.064 0.091 0.129 0.183 0.255 0.343 0.420 0.471 0.508 0.537 0.566 0.606 0.684 0.819 0.996 1.192 1.397 1.633
0.133 0.097 0.068 0.046 0.030 0.018 0.011 0.007 0.004 0.003 0.002 0.001 0.001 0.001 0.003 0.014 0.060 0.170 0.308 0.434 0.559 0.642 0.653 0.608 0.520 0.453 0.440 0.489 0.662 0.989 1.269 1.389 1.415 1.422 1.447 1.508 1.551 1.554 1.507 1.396 1.225 0.998 0.733 0.498 0.355 0.284 0.251 0.230 0.203 0.154 0.091 0.048 0.027 0.019 0.018 0.022 0.030 0.043 0.061 0.087 0.122 0.168 0.227 0.292 0.341 0.369 0.385 0.391 0.390 0.384 0.392 0.427 0.487 0.559 0.642 0.764
0.147 0.110 0.080 0.056 0.038 0.025 0.015 0.009 0.005 0.003 0.002 0.001 0.001 0.001 0.001 0.003 0.012 0.044 0.111 0.232 0.430 0.634 0.727 0.729 0.652 0.529 0.483 0.500 0.632 0.948 1.250 1.364 1.372 1.345 1.343 1.379 1.420 1.429 1.408 1.337 1.212 1.029 0.747 0.395 0.177 0.085 0.056 0.049 0.046 0.040 0.025 0.014 0.010 0.010 0.012 0.018 0.026 0.039 0.056 0.079 0.109 0.147 0.194 0.240 0.270 0.283 0.286 0.281 0.262 0.227 0.195 0.178 0.174 0.182 0.200 0.243
0.156 0.118 0.087 0.063 0.044 0.029 0.019 0.011 0.006 0.004 0.002 0.001 0.001 0.001 0.001 0.001 0.004 0.019 0.068 0.200 0.500 0.908 1.182 1.248 1.118 0.867 0.743 0.734 0.872 1.261 1.645 1.774 1.761 1.678 1.624 1.625 1.647 1.655 1.644 1.596 1.499 1.329 0.959 0.404 0.117 0.032 0.012 0.009 0.009 0.009 0.007 0.005 0.005 0.006 0.009 0.014 0.022 0.033 0.048 0.067 0.090 0.118 0.153 0.185 0.203 0.209 0.207 0.197 0.171 0.127 0.086 0.061 0.049 0.046 0.047 0.055
0.160 0.122 0.091 0.066 0.046 0.031 0.020 0.012 0.007 0.004 0.002 0.001 0.001 0.001 0.001 0.001 0.003 0.017 0.073 0.287 0.816 1.316 1.501 1.485 1.268 0.971 0.829 0.819 0.966 1.383 1.801 1.941 1.919 1.806 1.714 1.697 1.700 1.699 1.684 1.641 1.557 1.394 1.000 0.380 0.080 0.013 0.003 0.002 0.002 0.002 0.002 0.002 0.002 0.003 0.006 0.011 0.017 0.026 0.037 0.050 0.064 0.080 0.100 0.122 0.136 0.141 0.139 0.128 0.103 0.065 0.036 0.020 0.013 0.011 0.010 0.011
0.162 0.124 0.092 0.067 0.047 0.032 0.021 0.013 0.008 0.004 0.002 0.001 0.001 0.001 0.001 0.003 0.011 0.045 0.166 0.470 0.983 1.317 1.357 1.211 0.947 0.711 0.604 0.592 0.691 0.997 1.338 1.466 1.451 1.344 1.241 1.201 1.178 1.150 1.117 1.078 1.024 0.921 0.656 0.237 0.039 0.003 0.001 0.001 0.001 0.001 0.001 0.001 0.001 0.002 0.003 0.006 0.011 0.017 0.024 0.030 0.036 0.042 0.049 0.062 0.073 0.078 0.077 0.070 0.052 0.028 0.013 0.006 0.003 0.002 0.002 0.002
0.163 0.124 0.092 0.067 0.047 0.032 0.021 0.013 0.008 0.004 0.003 0.002 0.002 0.003 0.008 0.027 0.075 0.170 0.312 0.523 0.730 0.766 0.664 0.471 0.310 0.229 0.195 0.189 0.213 0.318 0.463 0.525 0.523 0.479 0.427 0.401 0.378 0.350 0.322 0.301 0.282 0.254 0.180 0.056 0.006 0.001 0.001 0.001 0.001 0.001 0.001 0.001 0.001 0.001 0.001 0.003 0.005 0.008 0.011 0.014 0.016 0.017 0.019 0.023 0.029 0.032 0.032 0.029 0.020 0.010 0.004 0.002 0.001 0.001 0.001 0.001
0.162 0.123 0.091 0.066 0.046 0.031 0.020 0.012 0.008 0.005 0.004 0.005 0.013 0.036 0.084 0.176 0.283 0.351 0.370 0.342 0.268 0.200 0.144 0.091 0.060 0.045 0.038 0.036 0.038 0.057 0.094 0.112 0.114 0.106 0.093 0.085 0.077 0.066 0.057 0.051 0.047 0.043 0.030 0.007 0.001 0.001 0.001 0.001 0.001 0.001 0.001 0.001 0.001 0.001 0.001 0.001 0.002 0.003 0.004 0.005 0.005 0.005 0.005 0.006 0.008 0.009 0.009 0.008 0.006 0.003 0.001 0.001 0.001 0.001 0.001 0.001
0.160 0.121 0.089 0.063 0.043 0.028 0.018 0.011 0.008 0.008 0.017 0.054 0.132 0.244 0.364 0.452 0.457 0.402 0.289 0.161 0.084 0.051 0.034 0.022 0.014 0.010 0.007 0.006 0.006 0.008 0.016 0.020 0.021 0.020 0.018 0.016 0.014 0.011 0.009 0.007 0.007 0.006 0.004 0.001 0.001 0.001 0.001 0.001 0.001 0.001 0.001 0.001 0.001 0.001 0.001 0.001 0.001 0.001 0.001 0.001 0.001 0.001 0.001 0.001 0.002 0.002 0.002 0.002 0.001 0.001 0.001 0.001 0.001 0.001 0.001 0.001
0.154 0.115 0.083 0.057 0.037 0.024 0.016 0.013 0.019 0.064 0.175 0.365 0.558 0.670 0.670 0.580 0.460 0.328 0.184 0.089 0.048 0.030 0.020 0.013 0.008 0.004 0.002 0.001 0.001 0.001 0.002 0.003 0.003 0.003 0.003 0.003 0.002 0.002 0.001 0.001 0.001 0.001 0.001 0.001 0.001 0.001 0.001 0.001 0.001 0.001 0.001 0.001 0.001 0.001 0.001 0.001 0.001 0.001 0.001 0.001 0.001 0.001 0.001 0.001 0.001 0.001 0.001 0.001 0.001 0.001 0.001 0.001 0.001 0.001 0.001 0.001
0.144 0.105 0.073 0.048 0.031 0.021 0.018 0.038 0.158 0.438 0.740 0.965 1.033 0.929 0.746 0.559 0.381 0.230 0.128 0.072 0.044 0.028 0.019 0.012 0.007 0.003 0.002 0.001 0.001 0.001 0.001 0.001 0.001 0.001 0.001 0.001 0.001 0.001 0.001 0.001 0.001 0.001 0.001 0.001 0.001 0.001 0.001 0.001 0.001 0.001 0.001 0.001 0.001 0.001 0.001 0.001 0.001 0.001 0.001 0.001 0.001 0.001 0.001 0.001 0.001 0.001 0.001 0.001 0.001 0.001 0.001 0.001 0.001 0.001 0.001 0.001
0.129 0.090 0.059 0.038 0.026 0.021 0.043 0.239 0.725 1.166 1.356 1.341 1.214 0.994 0.730 0.501 0.323 0.198 0.119 0.073 0.047 0.031 0.021 0.013 0.007 0.003 0.001 0.001 0.001 0.000 0.000 0.000 0.000 0.000 0.000 0.000 0.001 0.001 0.001 0.001 0.001 0.001 0.001 0.001 0.001 0.001 0.001 0.001 0.001 0.001 0.001 0.001 0.001 0.001 0.001 0.001 0.001 0.001 0.001 0.001 0.001 0.001 0.001 0.001 0.001 0.001 0.001 0.001 0.001 0.001 0.001 0.001 0.001 0.001 0.001 0.001
0.108 0.072 0.046 0.031 0.024 0.034 0.200 0.814 1.464 1.653 1.621 1.500 1.297 1.020 0.724 0.486 0.314 0.199 0.128 0.085 0.057 0.038 0.025 0.014 0.007 0.003 0.001 0.001 0.000 0.000 0.000 0.000 0.000 0.000 0.000 0.000 0.000 0.001 0.001 0.001 0.001 0.001 0.001 0.001 0.001 0.001 0.001 0.001 0.001 0.001 0.001 0.001 0.001 0.001 0.001 0.001 0.001 0.001 0.001 0.001 0.001 0.001 0.001 0.001 0.001 0.001 0.001 0.001 0.001 0.001 0.001 0.001 0.001 0.001 0.001 0.001
0.087 0.056 0.036 0.028 0.030 0.147 0.702 1.498 1.853 1.858 1.761 1.595 1.363 1.058 0.743 0.503 0.336 0.229 0.162 0.115 0.080 0.052 0.031 0.016 0.007 0.003 0.001 0.001 0.000 0.000 0.000 0.000 0.000 0.000 0.000 0.000 0.000 0.000 0.001 0.001 0.001 0.001 0.001 0.001 0.001 0.001 0.001 0.001 0.001 0.001 0.001 0.001 0.001 0.001 0.001 0.001 0.001 0.001 0.001 0.001 0.001 0.001 0.001 0.001 0.001 0.001 0.001 0.001 0.001 0.001 0.001 0.001 0.001 0.001 0.001 0.001
0.069 0.045 0.032 0.029 0.083 0.514 1.422 1.958 2.020 1.958 1.838 1.664 1.429 1.122 0.809 0.576 0.415 0.309 0.233 0.172 0.118 0.072 0.038 0.017 0.007 0.003 0.001 0.000 0.000 0.000 0.000 0.000 0.000 0.000 0.000 0.000 0.000 0.000 0.000 0.001 0.001 0.001 0.001 0.001 0.001 0.001 0.001 0.001 0.001 0.001 0.001 0.001 0.001 0.001 0.001 0.001 0.001 0.001 0.001 0.001 0.001 0.001 0.001 0.001 0.001 0.001 0.001 0.001 0.001 0.001 0.001 0.001 0.001 0.001 0.001 0.001
0.055 0.038 0.031 0.047 0.262 1.069 1.911 2.106 2.077 2.000 1.881 1.719 1.502 1.221 0.937 0.724 0.568 0.448 0.346 0.250 0.160 0.087 0.040 0.016 0.006 0.002 0.001 0.000 0.000 0.000 0.000 0.000 0.000 0.000 0.000 0.000 0.000 0.000 0.000 0.000 0.001 0.001 0.001 0.001 0.001 0.001 0.001 0.001 0.001 0.001 0.001 0.001 0.001 0.001 0.001 0.001 0.001 0.001 0.001 0.001 0.001 0.001 0.001 0.001 0.001 0.001 0.001 0.001 0.001 0.001 0.001 0.001 0.001 0.001 0.001 0.001
0.046 0.036 0.040 0.170 0.721 1.596 2.063 2.115 2.083 2.012 1.906 1.764 1.579 1.343 1.099 0.900 0.734 0.585 0.441 0.301 0.180 0.091 0.038 0.013 0.004 0.001 0.001 0.000 0.000 0.000 0.000 0.000 0.000 0.000 0.000 0.000 0.000 0.000 0.000 0.000 0.000 0.001 0.001 0.001 0.001 0.001 0.001 0.001 0.001 0.001 0.001 0.001 0.001 0.001 0.001 0.001 0.001 0.001 0.001 0.001 0.001 0.001 0.001 0.001 0.001 0.001 0.001 0.001 0.001 0.001 0.001 0.001 0.001 0.001 0.001 0.001
0.041 0.041 0.131 0.587 1.376 1.917 2.068 2.086 2.066 2.008 1.917 1.794 1.634 1.435 1.216 1.018 0.839 0.665 0.484 0.315 0.179 0.084 0.032 0.010 0.003 0.001 0.001 0.000 0.000 0.000 0.000 0.000 0.000 0.000 0.000 0.000 0.000 0.000 0.000 0.000 0.000 0.000 0.000 0.000 0.000 0.001 0.001 0.001 0.001 0.001 0.001 0.001 0.001 0.001 0.001 0.001 0.001 0.001 0.001 0.001 0.001 0.001 0.001 0.001 0.001 0.001 0.001 0.001 0.001 0.001 0.001 0.001 0.001 0.001 0.001 0.001
0.043 0.087 0.432 1.225 1.817 1.994 2.032 2.038 2.028 1.989 1.915 1.807 1.664 1.488 1.287 1.087 0.893 0.694 0.485 0.300 0.156 0.064 0.020 0.005 0.001 0.001 0.000 0.000 0.000 0.000 0.000 0.000 0.000 0.000 0.000 0.000 0.000 0.000 0.000 0.000 0.001 0.001 0.001 0.001 0.001 0.001 0.001 0.001 0.001 0.001 0.001 0.001 0.001 0.001 0.001 0.001 0.001 0.001 0.001 0.001 0.001 0.001 0.001 0.001 0.001 0.001 0.001 0.001 0.001 0.001 0.001 0.001 0.001 0.001 0.001 0.001
0.064 0.259 0.948 1.701 1.948 1.995 2.012 2.013 2.002 1.968 1.906 1.808 1.677 1.513 1.323 1.120 0.911 0.692 0.454 0.251 0.109 0.036 0.010 0.003 0.001 0.001 0.000 0.000 0.000 0.000 0.000 0.000 0.000 0.000 0.000 0.000 0.000 0.000 0.000 0.000 0.000 0.000 0.000 0.000 0.000 0.001 0.001 0.001 0.001 0.001 0.001 0.001 0.001 0.001 0.001 0.001 0.001 0.001 0.001 0.001 0.001 0.001 0.001 0.001 0.001 0.001 0.001 0.001 0.001 0.001 0.001 0.001 0.001 0.001 0.001 0.001
0.186 0.718 1.485 1.890 1.978 1.998 2.005 2.004 1.989 1.953 1.891 1.800 1.675 1.519 1.336 1.129 0.910 0.661 0.392 0.186 0.067 0.019 0.005 0.001 0.001 0.001 0.000 0.000 0.000 0.000 0.000 0.000 0.000 0.000 0.000 0.000 0.000 0.000 0.000 0.000 0.000 0.001 0.001 0.001 0.001 0.001 0.001 0.001 0.001 0.001 0.001 0.001 0.001 0.001 0.001 0.001 0.001 0.001 0.001 0.001 0.001 0.001 0.001 0.001 0.001 0.001 0.001 0.001 0.001 0.001 0.001 0.000 0.001 0.001 0.001 0.001
0.541 1.325 1.810 1.946 1.988 2.003 2.005 2.002 1.985 1.945 1.880 1.789 1.669 1.517 1.335 1.127 0.890 0.603 0.322 0.135 0.043 0.012 0.003 0.001 0.001 0.001 0.000 0.000 0.000 0.000 0.000 0.000 0.000 0.000 0.000 0.000 0.000 0.000 0.000 0.000 0.001 0.001 0.001 0.001 0.001 0.001 0.001 0.001 0.001 0.001 0.001 0.001 0.001 0.001 0.001 0.001 0.001 0.001 0.001 0.001 0.001 0.001 0.001 0.001 0.001 0.001 0.001 0.001 0.001 0.001 0.001 0.001 0.000 0.001 0.001 0.001
1.009 1.683 1.887 1.955 1.996 2.011 2.012 2.007 1.987 1.947 1.879 1.781 1.656 1.505 1.324 1.109 0.847 0.524 0.254 0.095 0.028 0.007 0.002 0.001 0.001 0.001 0.000 0.000 0.000 0.000 0.000 0.000 0.000 0.000 0.000 0.000 0.001 0.000 0.000 0.000 0.001 0.001 0.001 0.001 0.001 0.001 0.001 0.001 0.001 0.001 0.001 0.001 0.001 0.001 0.001 0.001 0.001 0.001 0.001 0.001 0.001 0.001 0.000 0.001 0.001 0.001 0.001 0.001 0.001 0.001 0.001 0.001 0.000 0.000 0.001 0.001
1.406 1.769 1.881 1.955 2.005 2.025 2.029 2.021 1.996 1.949 1.874 1.770 1.640 1.483 1.298 1.071 0.771 0.430 0.187 0.061 0.017 0.004 0.001 0.001 0.001 0.001 0.001 0.000 0.000 0.000 0.000 0.000 0.000 0.000 0.000 0.000 0.000 0.000 0.000 0.000 0.001 0.001 0.001 0.001 0.001 0.001 0.001 0.001 0.001 0.001 0.001 0.001 0.001 0.001 0.001 0.001 0.001 0.001 0.001 0.001 0.001 0.001 0.000 0.000 0.001 0.001 0.001 0.001 0.001 0.001 0.001 0.001 0.001 0.000 0.000 0.001
1.588 1.748 1.851 1.941 2.011 2.047 2.054 2.044 2.010 1.951 1.865 1.753 1.615 1.451 1.253 0.995 0.646 0.318 0.119 0.034 0.009 0.002 0.001 0.001 0.001 0.001 0.001 0.001 0.000 0.000 0.000 0.000 0.000 0.000 0.000 0.000 0.000 0.000 0.000 0.000 0.001 0.001 0.001 0.001 0.001 0.001 0.001 0.001 0.001 0.001 0.001 0.001 0.001 0.001 0.001 0.001 0.001 0.001 0.001 0.001 0.001 0.001 0.001 0.000 0.000 0.000 0.001 0.001 0.001 0.001 0.001 0.001 0.001 0.001 0.000 0.000
1.596 1.696 1.789 1.892 1.999 2.059 2.072 2.060 2.019 1.950 1.852 1.725 1.570 1.381 1.143 0.826 0.459 0.191 0.060 0.016 0.004 0.001 0.001 0.001 0.001 0.001 0.001 0.001 0.001 0.001 0.000 0.000 0.000 0.000 0.000 0.000 0.000 0.000 0.000 0.000 0.001 0.001 0.001 0.001 0.001 0.001 0.001 0.001 0.001 0.001 0.001 0.001 0.001 0.001 0.001 0.001 0.001 0.001 0.001 0.001 0.001 0.001 0.001 0.001 0.000 0.000 0.000 0.001 0.001 0.001 0.001 0.001 0.001 0.001 0.001 0.000
1.542 1.608 1.681 1.778 1.907 2.010 2.058 2.057 2.018 1.938 1.820 1.662 1.458 1.201 0.883 0.528 0.239 0.084 0.024 0.006 0.002 0.001 0.001 0.001 0.001 0.001 0.001 0.001 0.001 0.001 0.001 0.000 0.000 0.000 0.000 0.000 0.000 0.000 0.000 0.000 0.000 0.000 0.000 0.000 0.000 0.001 0.001 0.001 0.001 0.001 0.001 0.001 0.001 0.001 0.001 0.001 0.001 0.001 0.001 0.001 0.001 0.001 0.001 0.001 0.001 0.000 0.000 0.000 0.001 0.001 0.001 0.001 0.001 0.001 0.001 0.000
