RESULTS/r.avaflow_results/14b_results/14b_ascii/14b_hflow10040.asc
ncols 506
nrows 317
xllcenter 498237.50
yllcenter 5580050.00
cellsize 12.50
NODATA_value -9999.000
[rows 136 to 169 of 317, columns 152 to 227 of 506]
0.001 0.001 0.001 0.002 0.002 0.003 0.003 0.003 0.003 0.002 0.002 0.002 0.001 0.001 0.001 0.001 0.001 0.001 0.001 0.001 0.001 0.001 0.001 0.000 0.000 0.000 0.000 0.000 0.000 0.000 0.000 0.000 0.000 0.000 0.000 0.000 0.000 0.000 0.000 0.000 0.000 0.000 0.000 0.000 0.000 0.000 0.000 0.000 0.000 0.000 0.000 0.000 0.000 0.000 0.000 0.000 0.000 0.000 0.000 0.000 0.000 0.000 0.000 0.000 0.000 0.000 0.000 0.000 0.000 0.000 0.000 0.000 0.000 0.000 0.000 0.000
0.002 0.003 0.004 0.006 0.008 0.008 0.008 0.008 0.007 0.006 0.005 0.005 0.004 0.004 0.004 0.003 0.003 0.003 0.003 0.003 0.003 0.002 0.001 0.001 0.001 0.001 0.001 0.001 0.001 0.001 0.000 0.000 0.000 0.000 0.000 0.000 0.000 0.000 0.000 0.000 0.000 0.000 0.000 0.000 0.000 0.000 0.000 0.000 0.000 0.000 0.000 0.000 0.000 0.000 0.000 0.000 0.000 0.000 0.000 0.000 0.000 0.000 0.000 0.000 0.000 0.000 0.000 0.000 0.000 0.000 0.000 0.000 0.000 0.000 0.000 0.000
0.007 0.009 0.012 0.017 0.021 0.022 0.022 0.021 0.019 0.016 0.014 0.012 0.011 0.010 0.010 0.010 0.009 0.009 0.008 0.007 0.007 0.005 0.004 0.003 0.003 0.002 0.002 0.002 0.002 0.002 0.001 0.001 0.001 0.000 0.000 0.000 0.000 0.000 0.000 0.000 0.000 0.000 0.000 0.000 0.000 0.000 0.000 0.000 0.000 0.000 0.000 0.000 0.000 0.000 0.000 0.000 0.000 0.000 0.000 0.000 0.000 0.000 0.000 0.000 0.000 0.000 0.000 0.000 0.000 0.000 0.000 0.000 0.000 0.000 0.000 0.000
0.016 0.021 0.029 0.038 0.044 0.047 0.047 0.046 0.042 0.037 0.032 0.029 0.027 0.027 0.026 0.026 0.025 0.023 0.020 0.019 0.017 0.015 0.013 0.010 0.009 0.008 0.007 0.007 0.007 0.006 0.004 0.002 0.001 0.001 0.000 0.000 0.000 0.000 0.000 0.000 0.000 0.000 0.000 0.000 0.000 0.000 0.000 0.000 0.000 0.000 0.000 0.000 0.000 0.000 0.000 0.000 0.000 0.000 0.000 0.000 0.000 0.000 0.000 0.000 0.000 0.000 0.000 0.000 0.000 0.000 0.000 0.000 0.000 0.000 0.000 0.000
0.032 0.042 0.056 0.067 0.074 0.078 0.079 0.079 0.077 0.072 0.066 0.062 0.061 0.062 0.064 0.064 0.062 0.058 0.053 0.049 0.045 0.041 0.037 0.031 0.027 0.024 0.022 0.020 0.018 0.016 0.013 0.008 0.004 0.002 0.001 0.001 0.000 0.000 0.000 0.000 0.000 0.000 0.000 0.000 0.000 0.000 0.000 0.000 0.000 0.000 0.000 0.000 0.000 0.000 0.000 0.000 0.000 0.000 0.000 0.000 0.000 0.000 0.000 0.000 0.000 0.000 0.000 0.000 0.000 0.000 0.000 0.000 0.000 0.000 0.000 0.000
0.054 0.069 0.084 0.096 0.104 0.110 0.113 0.116 0.117 0.116 0.114 0.113 0.116 0.122 0.129 0.131 0.129 0.123 0.116 0.110 0.104 0.098 0.090 0.080 0.071 0.063 0.056 0.049 0.043 0.037 0.029 0.019 0.010 0.005 0.002 0.001 0.001 0.000 0.000 0.000 0.000 0.000 0.000 0.000 0.000 0.000 0.000 0.000 0.000 0.000 0.000 0.000 0.000 0.000 0.000 0.000 0.000 0.000 0.000 0.000 0.000 0.000 0.000 0.000 0.000 0.000 0.000 0.000 0.000 0.000 0.000 0.000 0.000 0.000 0.000 0.000
0.078 0.096 0.111 0.123 0.134 0.142 0.149 0.155 0.160 0.164 0.169 0.176 0.188 0.203 0.214 0.219 0.219 0.215 0.209 0.202 0.195 0.186 0.175 0.161 0.146 0.130 0.113 0.097 0.082 0.068 0.052 0.035 0.021 0.012 0.006 0.003 0.001 0.001 0.001 0.000 0.000 0.000 0.000 0.000 0.000 0.000 0.000 0.000 0.000 0.000 0.000 0.000 0.000 0.000 0.000 0.000 0.000 0.000 0.000 0.000 0.000 0.000 0.000 0.000 0.000 0.000 0.000 0.000 0.000 0.000 0.000 0.000 0.000 0.000 0.000 0.000
0.103 0.121 0.137 0.151 0.163 0.175 0.185 0.195 0.206 0.216 0.230 0.247 0.269 0.292 0.307 0.314 0.317 0.318 0.316 0.311 0.303 0.293 0.279 0.262 0.241 0.217 0.189 0.160 0.131 0.103 0.077 0.054 0.035 0.021 0.011 0.006 0.003 0.002 0.001 0.001 0.001 0.001 0.000 0.000 0.000 0.000 0.000 0.000 0.000 0.000 0.000 0.000 0.000 0.000 0.000 0.000 0.000 0.000 0.000 0.000 0.000 0.000 0.000 0.000 0.000 0.000 0.000 0.000 0.000 0.000 0.000 0.000 0.000 0.000 0.000 0.000
0.128 0.147 0.163 0.178 0.193 0.207 0.222 0.237 0.253 0.271 0.294 0.322 0.355 0.382 0.401 0.413 0.420 0.423 0.424 0.421 0.415 0.403 0.388 0.368 0.343 0.312 0.274 0.230 0.184 0.141 0.104 0.074 0.050 0.031 0.019 0.011 0.006 0.004 0.003 0.002 0.002 0.002 0.001 0.001 0.001 0.000 0.000 0.000 0.000 0.000 0.000 0.000 0.000 0.000 0.000 0.000 0.000 0.000 0.000 0.000 0.000 0.000 0.000 0.000 0.000 0.000 0.000 0.000 0.000 0.000 0.000 0.000 0.000 0.000 0.000 0.000
0.153 0.173 0.190 0.206 0.223 0.239 0.256 0.276 0.299 0.327 0.361 0.402 0.442 0.475 0.499 0.516 0.527 0.532 0.533 0.532 0.527 0.517 0.502 0.481 0.452 0.414 0.366 0.307 0.241 0.182 0.133 0.094 0.064 0.042 0.028 0.018 0.011 0.008 0.007 0.006 0.005 0.004 0.003 0.002 0.001 0.001 0.001 0.000 0.000 0.000 0.000 0.000 0.000 0.000 0.000 0.000 0.000 0.000 0.000 0.000 0.000 0.000 0.000 0.000 0.000 0.000 0.000 0.000 0.000 0.000 0.000 0.000 0.000 0.000 0.000 0.000
0.180 0.200 0.218 0.235 0.252 0.270 0.290 0.315 0.345 0.384 0.432 0.484 0.530 0.567 0.597 0.620 0.635 0.643 0.645 0.645 0.642 0.635 0.622 0.600 0.569 0.525 0.466 0.391 0.304 0.228 0.165 0.116 0.081 0.057 0.040 0.029 0.022 0.018 0.016 0.015 0.014 0.012 0.009 0.005 0.003 0.002 0.001 0.001 0.001 0.001 0.001 0.000 0.000 0.000 0.000 0.000 0.000 0.000 0.000 0.000 0.000 0.000 0.000 0.000 0.000 0.000 0.000 0.000 0.000 0.000 0.000 0.000 0.000 0.000 0.000 0.000
0.211 0.231 0.249 0.266 0.283 0.301 0.323 0.352 0.391 0.441 0.505 0.569 0.620 0.662 0.695 0.723 0.743 0.756 0.763 0.765 0.764 0.760 0.750 0.730 0.696 0.646 0.575 0.483 0.373 0.279 0.204 0.147 0.109 0.084 0.067 0.056 0.050 0.046 0.045 0.045 0.044 0.039 0.028 0.015 0.008 0.004 0.003 0.002 0.002 0.001 0.001 0.001 0.001 0.001 0.001 0.000 0.000 0.000 0.000 0.000 0.000 0.000 0.000 0.000 0.000 0.000 0.000 0.000 0.000 0.000 0.000 0.000 0.000 0.000 0.000 0.000
0.251 0.270 0.285 0.299 0.313 0.331 0.356 0.390 0.437 0.502 0.583 0.658 0.717 0.763 0.799 0.829 0.854 0.873 0.887 0.895 0.898 0.897 0.891 0.873 0.839 0.782 0.698 0.583 0.454 0.347 0.266 0.210 0.174 0.152 0.141 0.136 0.137 0.140 0.143 0.144 0.141 0.127 0.095 0.050 0.024 0.012 0.007 0.005 0.004 0.003 0.002 0.002 0.002 0.001 0.001 0.001 0.001 0.001 0.000 0.000 0.000 0.000 0.000 0.000 0.000 0.000 0.000 0.000 0.000 0.000 0.000 0.000 0.000 0.000 0.000 0.000
0.331 0.343 0.345 0.345 0.353 0.368 0.394 0.433 0.491 0.572 0.672 0.761 0.828 0.878 0.916 0.947 0.974 0.999 1.023 1.044 1.056 1.058 1.054 1.039 1.003 0.940 0.840 0.704 0.569 0.466 0.397 0.357 0.340 0.339 0.351 0.372 0.394 0.413 0.422 0.421 0.406 0.365 0.287 0.171 0.084 0.040 0.021 0.013 0.009 0.007 0.006 0.005 0.003 0.003 0.002 0.001 0.001 0.001 0.001 0.001 0.001 0.000 0.000 0.000 0.000 0.000 0.000 0.000 0.000 0.000 0.000 0.000 0.000 0.000 0.000 0.000
0.564 0.553 0.507 0.468 0.457 0.465 0.489 0.533 0.599 0.688 0.797 0.897 0.971 1.024 1.060 1.087 1.110 1.135 1.168 1.214 1.245 1.255 1.253 1.241 1.204 1.131 1.021 0.894 0.782 0.707 0.675 0.676 0.704 0.754 0.810 0.865 0.910 0.937 0.943 0.928 0.883 0.800 0.661 0.456 0.257 0.133 0.070 0.042 0.030 0.023 0.019 0.014 0.010 0.007 0.004 0.003 0.002 0.002 0.001 0.001 0.001 0.001 0.001 0.001 0.001 0.001 0.000 0.000 0.000 0.000 0.000 0.000 0.000 0.000 0.000 0.000
1.221 1.137 0.978 0.850 0.789 0.770 0.781 0.816 0.877 0.959 1.061 1.163 1.234 1.275 1.295 1.303 1.303 1.314 1.350 1.424 1.487 1.511 1.513 1.503 1.463 1.386 1.301 1.229 1.179 1.158 1.177 1.233 1.325 1.436 1.532 1.602 1.647 1.663 1.645 1.595 1.509 1.381 1.188 0.911 0.602 0.370 0.222 0.144 0.107 0.086 0.070 0.055 0.038 0.023 0.014 0.008 0.005 0.003 0.002 0.002 0.001 0.001 0.001 0.001 0.001 0.001 0.001 0.001 0.001 0.001 0.001 0.001 0.001 0.001 0.000 0.000
2.625 2.415 2.107 1.841 1.671 1.571 1.521 1.505 1.526 1.573 1.647 1.735 1.787 1.804 1.794 1.759 1.710 1.689 1.707 1.772 1.853 1.894 1.902 1.893 1.851 1.796 1.769 1.774 1.810 1.867 1.941 2.045 2.192 2.331 2.419 2.458 2.456 2.414 2.332 2.222 2.086 1.920 1.712 1.440 1.105 0.807 0.591 0.454 0.372 0.316 0.269 0.219 0.158 0.093 0.050 0.026 0.013 0.007 0.005 0.003 0.002 0.002 0.002 0.002 0.001 0.001 0.001 0.001 0.001 0.001 0.001 0.001 0.001 0.001 0.001 0.001
4.864 4.525 4.103 3.680 3.346 3.088 2.901 2.771 2.696 2.668 2.689 2.735 2.755 2.744 2.700 2.620 2.528 2.467 2.440 2.445 2.485 2.517 2.526 2.515 2.484 2.470 2.498 2.574 2.694 2.822 2.937 3.063 3.201 3.297 3.328 3.306 3.241 3.133 2.988 2.816 2.626 2.420 2.192 1.945 1.679 1.433 1.241 1.106 1.005 0.917 0.825 0.709 0.548 0.351 0.192 0.095 0.045 0.022 0.012 0.007 0.005 0.004 0.003 0.003 0.003 0.002 0.002 0.003 0.003 0.003 0.003 0.002 0.002 0.001 0.001 0.001
7.769 7.348 6.867 6.325 5.786 5.305 4.917 4.617 4.396 4.252 4.179 4.156 4.133 4.089 4.019 3.928 3.823 3.733 3.648 3.556 3.495 3.471 3.457 3.448 3.440 3.465 3.539 3.666 3.819 3.957 4.071 4.173 4.241 4.267 4.239 4.157 4.022 3.845 3.634 3.401 3.164 2.923 2.679 2.447 2.246 2.101 2.008 1.934 1.853 1.757 1.641 1.483 1.242 0.904 0.553 0.303 0.153 0.074 0.036 0.020 0.012 0.009 0.007 0.006 0.005 0.005 0.005 0.006 0.006 0.006 0.006 0.005 0.003 0.002 0.002 0.002
10.985 10.521 10.004 9.400 8.673 7.938 7.328 6.843 6.472 6.194 5.999 5.875 5.791 5.725 5.655 5.586 5.510 5.417 5.286 5.096 4.910 4.794 4.739 4.730 4.743 4.792 4.883 5.004 5.112 5.204 5.274 5.320 5.312 5.266 5.174 5.019 4.803 4.548 4.268 3.981 3.706 3.438 3.188 2.965 2.782 2.650 2.560 2.477 2.382 2.265 2.123 1.946 1.713 1.403 1.029 0.677 0.400 0.220 0.119 0.065 0.038 0.025 0.018 0.014 0.013 0.013 0.013 0.016 0.018 0.018 0.016 0.012 0.007 0.004 0.003 0.002
14.389 13.868 13.285 12.575 11.692 10.715 9.895 9.229 8.709 8.309 8.018 7.805 7.659 7.564 7.491 7.431 7.367 7.270 7.120 6.886 6.620 6.435 6.347 6.334 6.349 6.384 6.426 6.485 6.526 6.557 6.551 6.528 6.446 6.318 6.137 5.898 5.597 5.249 4.901 4.567 4.261 3.976 3.717 3.480 3.279 3.107 2.955 2.810 2.665 2.509 2.335 2.134 1.903 1.632 1.327 1.017 0.729 0.482 0.303 0.191 0.123 0.081 0.057 0.045 0.039 0.038 0.041 0.051 0.059 0.059 0.052 0.034 0.017 0.009 0.006 0.004
17.943 17.426 16.772 15.898 14.814 13.604 12.569 11.730 11.078 10.576 10.208 9.937 9.742 9.601 9.501 9.414 9.320 9.199 9.032 8.779 8.495 8.293 8.192 8.161 8.155 8.145 8.117 8.094 8.066 8.022 7.938 7.828 7.653 7.435 7.149 6.804 6.395 5.959 5.551 5.172 4.825 4.510 4.226 3.962 3.725 3.506 3.293 3.093 2.895 2.693 2.483 2.256 2.011 1.748 1.479 1.223 0.985 0.768 0.575 0.421 0.313 0.234 0.179 0.146 0.131 0.128 0.141 0.175 0.193 0.192 0.165 0.103 0.047 0.021 0.011 0.007
21.710 21.208 20.450 19.384 18.070 16.621 15.370 14.360 13.583 12.995 12.560 12.238 12.000 11.811 11.668 11.542 11.410 11.259 11.072 10.827 10.556 10.349 10.236 10.159 10.109 10.052 9.959 9.852 9.736 9.609 9.437 9.227 8.949 8.625 8.225 7.756 7.228 6.702 6.222 5.787 5.381 5.016 4.695 4.398 4.120 3.858 3.600 3.352 3.112 2.870 2.625 2.374 2.116 1.857 1.607 1.375 1.166 0.984 0.829 0.703 0.598 0.504 0.428 0.381 0.362 0.364 0.399 0.467 0.500 0.490 0.421 0.275 0.127 0.051 0.022 0.011
25.390 24.806 23.978 22.778 21.316 19.705 18.299 17.157 16.264 15.585 15.079 14.698 14.405 14.193 14.001 13.825 13.662 13.471 13.248 13.013 12.784 12.596 12.441 12.318 12.216 12.090 11.939 11.758 11.559 11.324 11.048 10.732 10.346 9.896 9.366 8.772 8.125 7.491 6.907 6.388 5.917 5.498 5.122 4.781 4.466 4.168 3.876 3.593 3.316 3.037 2.761 2.489 2.224 1.972 1.739 1.525 1.336 1.172 1.039 0.938 0.863 0.805 0.761 0.735 0.729 0.744 0.794 0.862 0.890 0.878 0.787 0.572 0.297 0.123 0.047 0.021
28.776 28.096 27.170 25.899 24.400 22.734 21.274 20.058 19.086 18.305 17.740 17.323 17.002 16.742 16.503 16.276 16.066 15.834 15.586 15.345 15.144 14.978 14.807 14.638 14.464 14.279 14.060 13.810 13.525 13.183 12.788 12.337 11.822 11.229 10.542 9.789 9.017 8.279 7.597 6.980 6.433 5.948 5.507 5.116 4.764 4.437 4.121 3.814 3.508 3.200 2.897 2.608 2.340 2.098 1.878 1.680 1.509 1.363 1.243 1.150 1.084 1.046 1.031 1.030 1.037 1.057 1.089 1.122 1.133 1.117 1.041 0.861 0.556 0.264 0.106 0.042
31.765 30.935 29.918 28.714 27.240 25.615 24.170 22.936 21.918 21.057 20.432 19.957 19.614 19.362 19.135 18.900 18.648 18.363 18.095 17.868 17.657 17.479 17.304 17.099 16.876 16.628 16.347 16.019 15.635 15.177 14.621 13.987 13.284 12.504 11.648 10.744 9.846 9.027 8.257 7.559 6.922 6.356 5.850 5.408 5.016 4.660 4.327 4.005 3.686 3.362 3.041 2.744 2.475 2.239 2.029 1.847 1.690 1.559 1.449 1.362 1.299 1.260 1.242 1.238 1.243 1.254 1.266 1.270 1.259 1.226 1.160 1.031 0.798 0.476 0.219 0.089
34.490 33.532 32.435 31.233 29.792 28.251 26.880 25.629 24.548 23.705 23.011 22.457 22.117 21.938 21.782 21.641 21.408 21.114 20.857 20.599 20.377 20.190 19.971 19.717 19.462 19.138 18.771 18.293 17.759 17.124 16.374 15.547 14.653 13.696 12.692 11.658 10.641 9.726 8.878 8.095 7.372 6.723 6.153 5.660 5.229 4.844 4.491 4.158 3.838 3.522 3.203 2.906 2.635 2.402 2.202 2.031 1.888 1.766 1.662 1.578 1.511 1.461 1.426 1.404 1.391 1.381 1.370 1.353 1.321 1.268 1.197 1.098 0.932 0.672 0.375 0.174
36.956 35.822 34.696 33.490 32.105 30.648 29.386 28.177 27.104 26.335 25.627 25.024 24.656 24.492 24.392 24.349 24.188 23.963 23.732 23.434 23.157 22.930 22.671 22.361 22.026 21.586 21.069 20.433 19.710 18.895 17.993 16.997 15.933 14.813 13.666 12.526 11.430 10.393 9.448 8.578 7.777 7.051 6.422 5.876 5.399 4.982 4.611 4.274 3.961 3.660 3.362 3.080 2.818 2.587 2.396 2.233 2.093 1.973 1.871 1.787 1.714 1.652 1.599 1.555 1.517 1.481 1.445 1.406 1.354 1.286 1.204 1.106 0.973 0.779 0.516 0.281
39.020 37.678 36.458 35.324 34.052 32.724 31.635 30.529 29.523 28.796 28.099 27.488 27.145 26.980 26.861 26.896 26.801 26.590 26.353 26.040 25.733 25.482 25.180 24.825 24.373 23.775 23.096 22.371 21.484 20.502 19.461 18.339 17.127 15.851 14.578 13.342 12.170 11.028 9.976 9.019 8.140 7.347 6.658 6.060 5.537 5.086 4.696 4.353 4.046 3.762 3.487 3.229 2.988 2.769 2.582 2.421 2.282 2.167 2.068 1.983 1.906 1.833 1.765 1.700 1.637 1.577 1.517 1.453 1.380 1.298 1.207 1.104 0.978 0.817 0.607 0.380
40.890 39.319 38.051 37.062 35.901 34.741 33.866 32.944 32.045 31.365 30.741 30.173 29.842 29.636 29.476 29.467 29.286 29.040 28.790 28.466 28.179 27.919 27.527 27.059 26.468 25.711 24.880 24.030 23.003 21.918 20.794 19.560 18.224 16.802 15.423 14.104 12.827 11.602 10.454 9.406 8.465 7.615 6.872 6.219 5.649 5.163 4.755 4.406 4.101 3.829 3.579 3.347 3.129 2.927 2.746 2.589 2.455 2.344 2.250 2.164 2.084 2.004 1.926 1.842 1.759 1.675 1.589 1.497 1.403 1.309 1.212 1.105 0.981 0.835 0.663 0.467
42.445 40.803 39.421 38.489 37.535 36.620 35.943 35.246 34.567 33.951 33.422 33.018 32.777 32.542 32.334 32.178 31.762 31.286 30.978 30.668 30.360 30.071 29.563 28.922 28.173 27.321 26.424 25.451 24.363 23.193 21.960 20.621 19.203 17.662 16.174 14.758 13.376 12.078 10.868 9.753 8.753 7.849 7.051 6.349 5.739 5.223 4.792 4.434 4.129 3.864 3.634 3.429 3.239 3.060 2.890 2.742 2.615 2.510 2.419 2.334 2.250 2.167 2.080 1.985 1.883 1.773 1.660 1.543 1.433 1.328 1.223 1.111 0.989 0.856 0.710 0.554
43.645 42.126 40.676 39.756 39.085 38.454 38.016 37.510 36.920 36.485 36.116 35.742 35.585 35.406 35.108 34.784 34.123 33.274 32.885 32.594 32.212 31.842 31.236 30.484 29.627 28.653 27.638 26.579 25.443 24.244 22.987 21.562 20.011 18.386 16.809 15.298 13.834 12.471 11.210 10.047 8.985 8.035 7.192 6.451 5.810 5.269 4.817 4.444 4.136 3.877 3.659 3.476 3.315 3.163 3.015 2.881 2.766 2.669 2.584 2.500 2.415 2.329 2.233 2.127 2.007 1.873 1.732 1.596 1.472 1.357 1.242 1.125 1.006 0.885 0.763 0.651
44.933 43.717 42.508 41.725 41.204 40.730 40.430 39.859 39.245 38.979 38.649 38.313 38.228 38.020 37.682 37.274 36.487 35.538 34.935 34.445 33.927 33.464 32.685 31.786 30.850 29.766 28.628 27.571 26.373 25.123 23.802 22.289 20.657 18.942 17.296 15.720 14.182 12.778 11.478 10.271 9.164 8.173 7.297 6.530 5.867 5.301 4.828 4.443 4.133 3.878 3.666 3.493 3.353 3.230 3.115 3.008 2.914 2.830 2.753 2.671 2.585 2.496 2.392 2.271 2.133 1.977 1.813 1.663 1.526 1.397 1.274 1.153 1.037 0.929 0.836 0.768
46.208 45.486 44.744 44.261 43.899 43.522 43.206 42.627 42.100 41.869 41.506 41.145 41.023 40.753 40.417 39.988 39.140 38.232 37.331 36.400 35.567 34.933 34.023 32.946 31.829 30.605 29.389 28.276 27.036 25.725 24.361 22.789 21.121 19.347 17.621 16.002 14.441 13.010 11.680 10.429 9.290 8.270 7.371 6.584 5.900 5.315 4.828 4.435 4.119 3.867 3.662 3.494 3.363 3.266 3.192 3.124 3.058 2.995 2.930 2.856 2.772 2.677 2.566 2.427 2.267 2.086 1.905 1.742 1.592 1.451 1.321 1.200 1.090 0.999 0.935 0.897
