RESULTS/r.avaflow_results/14b_results/14b_ascii/14b_hflow30061.asc
ncols 506
nrows 317
xllcenter 498237.50
yllcenter 5580050.00
cellsize 12.50
NODATA_value -9999.000
[rows 204 to 237 of 317, columns 231 to 307 of 506]
0.005 0.005 0.005 0.005 0.005 0.005 0.006 0.007 0.008 0.011 0.016 0.026 0.042 0.056 0.065 0.073 0.081 0.089 0.098 0.110 0.127 0.151 0.173 0.182 0.181 0.174 0.160 0.142 0.125 0.111 0.099 0.090 0.082 0.076 0.071 0.067 0.063 0.059 0.055 0.053 0.053 0.053 0.054 0.056 0.056 0.056 0.055 0.053 0.053 0.054 0.058 0.068 0.082 0.104 0.134 0.176 0.220 0.248 0.259 0.259 0.251 0.231 0.202 0.175 0.155 0.142 0.135 0.135 0.138 0.147 0.162 0.176 0.185 0.191 0.196 0.201 0.209
0.002 0.003 0.003 0.003 0.003 0.003 0.003 0.004 0.004 0.005 0.007 0.009 0.014 0.018 0.021 0.025 0.028 0.033 0.039 0.047 0.060 0.080 0.105 0.120 0.126 0.125 0.120 0.110 0.099 0.089 0.080 0.073 0.067 0.061 0.057 0.053 0.049 0.046 0.044 0.043 0.042 0.042 0.043 0.044 0.044 0.044 0.044 0.044 0.045 0.047 0.052 0.060 0.073 0.091 0.114 0.145 0.176 0.196 0.205 0.206 0.200 0.187 0.167 0.148 0.135 0.127 0.125 0.127 0.134 0.147 0.165 0.187 0.205 0.218 0.227 0.236 0.246
0.001 0.001 0.002 0.002 0.002 0.002 0.002 0.002 0.003 0.003 0.004 0.005 0.006 0.007 0.009 0.010 0.012 0.014 0.017 0.022 0.029 0.041 0.058 0.073 0.081 0.085 0.085 0.082 0.076 0.070 0.065 0.059 0.054 0.050 0.046 0.043 0.041 0.039 0.037 0.036 0.036 0.036 0.037 0.038 0.038 0.039 0.039 0.040 0.042 0.045 0.050 0.057 0.068 0.083 0.101 0.123 0.146 0.160 0.167 0.168 0.164 0.155 0.141 0.129 0.121 0.117 0.117 0.121 0.132 0.149 0.175 0.209 0.242 0.265 0.278 0.286 0.293
0.001 0.001 0.001 0.001 0.001 0.001 0.001 0.002 0.002 0.002 0.003 0.003 0.003 0.004 0.005 0.006 0.006 0.008 0.009 0.012 0.016 0.022 0.031 0.041 0.049 0.055 0.058 0.059 0.057 0.055 0.052 0.048 0.044 0.041 0.038 0.036 0.034 0.033 0.032 0.032 0.032 0.032 0.033 0.034 0.034 0.035 0.037 0.038 0.041 0.044 0.049 0.056 0.065 0.076 0.090 0.107 0.123 0.135 0.140 0.141 0.138 0.132 0.122 0.115 0.111 0.110 0.112 0.120 0.134 0.158 0.197 0.248 0.291 0.315 0.325 0.328 0.326
0.000 0.001 0.001 0.001 0.001 0.001 0.001 0.001 0.001 0.001 0.002 0.002 0.002 0.003 0.003 0.004 0.004 0.005 0.006 0.008 0.010 0.013 0.017 0.023 0.029 0.035 0.039 0.042 0.043 0.042 0.041 0.039 0.037 0.034 0.032 0.031 0.030 0.029 0.029 0.029 0.029 0.029 0.029 0.030 0.031 0.033 0.035 0.037 0.040 0.044 0.049 0.055 0.062 0.071 0.081 0.092 0.105 0.115 0.120 0.120 0.119 0.115 0.109 0.105 0.104 0.106 0.111 0.122 0.142 0.177 0.230 0.286 0.323 0.342 0.349 0.349 0.342
0.000 0.000 0.000 0.000 0.000 0.000 0.000 0.001 0.001 0.001 0.001 0.001 0.002 0.002 0.002 0.003 0.003 0.004 0.005 0.006 0.007 0.009 0.011 0.015 0.019 0.023 0.027 0.031 0.032 0.033 0.032 0.032 0.030 0.029 0.028 0.027 0.026 0.025 0.025 0.025 0.025 0.026 0.026 0.027 0.028 0.030 0.033 0.037 0.041 0.045 0.050 0.055 0.060 0.066 0.072 0.080 0.089 0.098 0.103 0.104 0.103 0.102 0.099 0.098 0.099 0.104 0.113 0.129 0.157 0.201 0.258 0.306 0.335 0.350 0.354 0.352 0.342
0.000 0.000 0.000 0.000 0.000 0.000 0.000 0.000 0.000 0.000 0.001 0.001 0.001 0.001 0.002 0.002 0.002 0.003 0.004 0.004 0.005 0.007 0.008 0.010 0.013 0.016 0.020 0.023 0.025 0.026 0.026 0.026 0.026 0.025 0.024 0.024 0.023 0.023 0.022 0.022 0.023 0.023 0.023 0.025 0.026 0.028 0.032 0.036 0.041 0.046 0.050 0.054 0.057 0.061 0.064 0.069 0.075 0.082 0.087 0.090 0.091 0.091 0.091 0.093 0.097 0.105 0.118 0.140 0.174 0.220 0.272 0.311 0.336 0.346 0.348 0.341 0.321
0.000 0.000 0.000 0.000 0.000 0.000 0.000 0.000 0.000 0.000 0.000 0.000 0.000 0.001 0.001 0.001 0.002 0.002 0.003 0.003 0.004 0.005 0.006 0.008 0.010 0.012 0.015 0.017 0.019 0.020 0.021 0.022 0.022 0.022 0.021 0.021 0.020 0.020 0.020 0.020 0.020 0.020 0.021 0.022 0.024 0.027 0.031 0.037 0.042 0.046 0.049 0.052 0.053 0.055 0.056 0.059 0.062 0.068 0.073 0.077 0.079 0.082 0.084 0.089 0.097 0.109 0.125 0.149 0.182 0.227 0.273 0.306 0.324 0.328 0.322 0.301 0.265
0.000 0.000 0.000 0.000 0.000 0.000 0.000 0.000 0.000 0.000 0.000 0.000 0.000 0.000 0.000 0.001 0.001 0.001 0.002 0.002 0.003 0.004 0.005 0.006 0.007 0.009 0.011 0.013 0.015 0.016 0.017 0.018 0.018 0.019 0.019 0.019 0.018 0.018 0.018 0.018 0.018 0.019 0.019 0.021 0.023 0.026 0.031 0.037 0.042 0.045 0.047 0.048 0.048 0.049 0.049 0.050 0.052 0.056 0.060 0.065 0.069 0.073 0.078 0.085 0.096 0.111 0.129 0.152 0.184 0.226 0.262 0.283 0.289 0.284 0.265 0.226 0.177
0.000 0.000 0.000 0.000 0.000 0.000 0.000 0.000 0.000 0.000 0.000 0.000 0.000 0.000 0.000 0.000 0.001 0.001 0.001 0.002 0.002 0.003 0.004 0.005 0.006 0.007 0.008 0.010 0.011 0.013 0.014 0.015 0.015 0.016 0.016 0.016 0.016 0.016 0.016 0.016 0.016 0.017 0.018 0.020 0.022 0.026 0.031 0.037 0.041 0.043 0.044 0.043 0.043 0.042 0.042 0.042 0.043 0.046 0.049 0.054 0.058 0.063 0.071 0.081 0.094 0.110 0.128 0.150 0.178 0.207 0.225 0.231 0.224 0.207 0.176 0.138 0.103
0.000 0.000 0.000 0.000 0.000 0.000 0.000 0.000 0.000 0.000 0.000 0.000 0.000 0.000 0.000 0.000 0.000 0.000 0.001 0.001 0.001 0.002 0.003 0.003 0.004 0.005 0.006 0.007 0.009 0.010 0.011 0.012 0.013 0.013 0.014 0.014 0.014 0.015 0.015 0.015 0.015 0.016 0.017 0.019 0.022 0.026 0.031 0.036 0.039 0.039 0.039 0.038 0.037 0.036 0.036 0.036 0.036 0.038 0.040 0.043 0.048 0.054 0.062 0.073 0.087 0.104 0.121 0.138 0.154 0.162 0.161 0.154 0.143 0.126 0.103 0.079 0.062
0.000 0.000 0.000 0.000 0.000 0.000 0.000 0.000 0.000 0.000 0.000 0.000 0.000 0.000 0.000 0.000 0.000 0.000 0.000 0.001 0.001 0.001 0.002 0.002 0.003 0.004 0.004 0.005 0.006 0.007 0.008 0.009 0.010 0.011 0.011 0.012 0.013 0.013 0.013 0.014 0.014 0.015 0.016 0.018 0.021 0.026 0.031 0.033 0.035 0.034 0.034 0.032 0.031 0.030 0.030 0.030 0.030 0.031 0.032 0.035 0.038 0.043 0.050 0.061 0.074 0.089 0.101 0.108 0.109 0.107 0.102 0.096 0.087 0.076 0.062 0.049 0.042
0.000 0.000 0.000 0.000 0.000 0.000 0.000 0.000 0.000 0.000 0.000 0.000 0.000 0.000 0.000 0.000 0.000 0.000 0.000 0.000 0.000 0.001 0.001 0.001 0.002 0.002 0.003 0.004 0.005 0.005 0.006 0.007 0.008 0.008 0.009 0.010 0.011 0.011 0.012 0.013 0.013 0.014 0.016 0.018 0.021 0.025 0.028 0.029 0.029 0.028 0.027 0.026 0.025 0.025 0.025 0.024 0.024 0.025 0.026 0.027 0.030 0.033 0.038 0.046 0.056 0.065 0.069 0.070 0.070 0.068 0.065 0.062 0.057 0.050 0.042 0.036 0.033
0.000 0.000 0.000 0.000 0.000 0.000 0.000 0.000 0.000 0.000 0.000 0.000 0.000 0.000 0.000 0.000 0.000 0.000 0.000 0.000 0.000 0.000 0.001 0.001 0.001 0.002 0.002 0.003 0.003 0.004 0.005 0.005 0.006 0.007 0.007 0.008 0.009 0.010 0.011 0.011 0.012 0.013 0.015 0.017 0.020 0.023 0.024 0.024 0.023 0.023 0.022 0.021 0.020 0.020 0.020 0.020 0.020 0.020 0.021 0.022 0.024 0.026 0.029 0.034 0.039 0.043 0.045 0.046 0.046 0.045 0.045 0.043 0.041 0.037 0.032 0.029 0.028
0.000 0.000 0.000 0.000 0.000 0.000 0.000 0.000 0.000 0.000 0.000 0.000 0.000 0.000 0.000 0.000 0.000 0.000 0.000 0.000 0.000 0.000 0.000 0.000 0.001 0.001 0.001 0.002 0.002 0.003 0.003 0.004 0.004 0.005 0.006 0.006 0.007 0.008 0.009 0.010 0.011 0.012 0.014 0.016 0.018 0.019 0.019 0.019 0.018 0.018 0.017 0.017 0.017 0.016 0.016 0.016 0.016 0.016 0.017 0.018 0.019 0.021 0.023 0.025 0.028 0.030 0.031 0.032 0.033 0.033 0.033 0.033 0.032 0.030 0.028 0.026 0.025
0.000 0.000 0.000 0.000 0.000 0.000 0.000 0.000 0.000 0.000 0.000 0.000 0.000 0.000 0.000 0.000 0.000 0.000 0.000 0.000 0.000 0.000 0.000 0.000 0.000 0.000 0.001 0.001 0.001 0.002 0.002 0.003 0.003 0.004 0.004 0.005 0.006 0.007 0.008 0.009 0.010 0.011 0.013 0.014 0.015 0.015 0.015 0.015 0.015 0.014 0.014 0.014 0.013 0.013 0.013 0.013 0.013 0.014 0.014 0.015 0.016 0.017 0.019 0.020 0.021 0.022 0.023 0.024 0.026 0.026 0.027 0.027 0.027 0.026 0.025 0.024 0.024
0.000 0.000 0.000 0.000 0.000 0.000 0.000 0.000 0.000 0.000 0.000 0.000 0.000 0.000 0.000 0.000 0.000 0.000 0.000 0.000 0.000 0.000 0.000 0.000 0.000 0.000 0.000 0.000 0.001 0.001 0.001 0.002 0.002 0.003 0.003 0.004 0.004 0.005 0.006 0.007 0.008 0.010 0.011 0.011 0.011 0.012 0.012 0.012 0.012 0.011 0.011 0.011 0.011 0.011 0.011 0.011 0.011 0.012 0.012 0.013 0.014 0.015 0.015 0.017 0.017 0.018 0.019 0.020 0.021 0.022 0.023 0.023 0.024 0.023 0.023 0.023 0.023
0.000 0.000 0.000 0.000 0.000 0.000 0.000 0.000 0.000 0.000 0.000 0.000 0.000 0.000 0.000 0.000 0.000 0.000 0.000 0.000 0.000 0.000 0.000 0.000 0.000 0.000 0.000 0.000 0.000 0.000 0.001 0.001 0.001 0.002 0.002 0.003 0.003 0.004 0.005 0.006 0.007 0.008 0.008 0.009 0.009 0.009 0.009 0.009 0.009 0.009 0.009 0.009 0.009 0.009 0.009 0.009 0.009 0.010 0.010 0.011 0.012 0.012 0.013 0.014 0.015 0.016 0.016 0.017 0.018 0.019 0.021 0.021 0.022 0.022 0.022 0.022 0.022
0.000 0.000 0.000 0.000 0.000 0.000 0.000 0.000 0.000 0.000 0.000 0.000 0.000 0.000 0.000 0.000 0.000 0.000 0.000 0.000 0.000 0.000 0.000 0.000 0.000 0.000 0.000 0.000 0.000 0.000 0.000 0.001 0.001 0.001 0.002 0.002 0.002 0.003 0.003 0.004 0.005 0.006 0.006 0.006 0.007 0.007 0.007 0.007 0.007 0.007 0.007 0.007 0.007 0.007 0.007 0.008 0.008 0.008 0.009 0.009 0.010 0.011 0.011 0.012 0.013 0.014 0.015 0.015 0.016 0.018 0.019 0.020 0.021 0.021 0.022 0.022 0.022
0.000 0.000 0.000 0.000 0.000 0.000 0.000 0.000 0.000 0.000 0.000 0.000 0.000 0.000 0.000 0.000 0.000 0.000 0.000 0.000 0.000 0.000 0.000 0.000 0.000 0.000 0.000 0.000 0.000 0.000 0.000 0.000 0.000 0.001 0.001 0.001 0.001 0.002 0.002 0.003 0.003 0.004 0.004 0.005 0.005 0.005 0.005 0.005 0.005 0.005 0.005 0.005 0.006 0.006 0.006 0.006 0.006 0.007 0.007 0.008 0.009 0.009 0.010 0.011 0.012 0.012 0.013 0.014 0.015 0.016 0.018 0.020 0.021 0.021 0.022 0.022 0.022
0.000 0.000 0.000 0.000 0.000 0.000 0.000 0.000 0.000 0.000 0.000 0.000 0.000 0.000 0.000 0.000 0.000 0.000 0.000 0.000 0.000 0.000 0.000 0.000 0.000 0.000 0.000 0.000 0.000 0.000 0.000 0.000 0.000 0.000 0.000 0.001 0.001 0.001 0.001 0.002 0.002 0.003 0.003 0.003 0.003 0.003 0.004 0.004 0.004 0.004 0.004 0.004 0.004 0.004 0.005 0.005 0.005 0.006 0.006 0.007 0.007 0.008 0.009 0.009 0.010 0.011 0.012 0.013 0.014 0.016 0.018 0.020 0.021 0.021 0.022 0.022 0.022
0.000 0.000 0.000 0.000 0.000 0.000 0.000 0.000 0.000 0.000 0.000 0.000 0.000 0.000 0.000 0.000 0.000 0.000 0.000 0.000 0.000 0.000 0.000 0.000 0.000 0.000 0.000 0.000 0.000 0.000 0.000 0.000 0.000 0.000 0.000 0.000 0.000 0.001 0.001 0.001 0.001 0.001 0.002 0.002 0.002 0.002 0.002 0.002 0.003 0.003 0.003 0.003 0.003 0.003 0.003 0.004 0.004 0.004 0.005 0.005 0.006 0.007 0.007 0.008 0.009 0.010 0.011 0.012 0.013 0.015 0.018 0.020 0.021 0.022 0.022 0.022 0.022
0.000 0.000 0.000 0.000 0.000 0.000 0.000 0.000 0.000 0.000 0.000 0.000 0.000 0.000 0.000 0.000 0.000 0.000 0.000 0.000 0.000 0.000 0.000 0.000 0.000 0.000 0.000 0.000 0.000 0.000 0.000 0.000 0.000 0.000 0.000 0.000 0.000 0.000 0.000 0.000 0.001 0.001 0.001 0.001 0.001 0.001 0.001 0.002 0.002 0.002 0.002 0.002 0.002 0.002 0.003 0.003 0.003 0.003 0.004 0.004 0.005 0.005 0.006 0.007 0.008 0.009 0.010 0.011 0.013 0.015 0.018 0.020 0.021 0.022 0.022 0.022 0.022
0.000 0.000 0.000 0.000 0.000 0.000 0.000 0.000 0.000 0.000 0.000 0.000 0.000 0.000 0.000 0.000 0.000 0.000 0.000 0.000 0.000 0.000 0.000 0.000 0.000 0.000 0.000 0.000 0.000 0.000 0.000 0.000 0.000 0.000 0.000 0.000 0.000 0.000 0.000 0.000 0.000 0.000 0.000 0.000 0.001 0.001 0.001 0.001 0.001 0.001 0.001 0.001 0.001 0.002 0.002 0.002 0.002 0.003 0.003 0.003 0.004 0.004 0.005 0.006 0.007 0.008 0.009 0.010 0.012 0.014 0.017 0.019 0.021 0.022 0.022 0.022 0.022
0.000 0.000 0.000 0.000 0.000 0.000 0.000 0.000 0.000 0.000 0.000 0.000 0.000 0.000 0.000 0.000 0.000 0.000 0.000 0.000 0.000 0.000 0.000 0.000 0.000 0.000 0.000 0.000 0.000 0.000 0.000 0.000 0.000 0.000 0.000 0.000 0.000 0.000 0.000 0.000 0.000 0.000 0.000 0.000 0.000 0.000 0.000 0.000 0.000 0.000 0.001 0.001 0.001 0.001 0.001 0.001 0.002 0.002 0.002 0.002 0.003 0.003 0.004 0.005 0.005 0.006 0.008 0.009 0.011 0.013 0.016 0.018 0.020 0.021 0.021 0.021 0.021
0.000 0.000 0.000 0.000 0.000 0.000 0.000 0.000 0.000 0.000 0.000 0.000 0.000 0.000 0.000 0.000 0.000 0.000 0.000 0.000 0.000 0.000 0.000 0.000 0.000 0.000 0.000 0.000 0.000 0.000 0.000 0.000 0.000 0.000 0.000 0.000 0.000 0.000 0.000 0.000 0.000 0.000 0.000 0.000 0.000 0.000 0.000 0.000 0.000 0.000 0.000 0.000 0.000 0.000 0.001 0.001 0.001 0.001 0.001 0.002 0.002 0.003 0.003 0.004 0.004 0.005 0.006 0.008 0.010 0.012 0.015 0.017 0.018 0.019 0.019 0.020 0.020
0.000 0.000 0.000 0.000 0.000 0.000 0.000 0.000 0.000 0.000 0.000 0.000 0.000 0.000 0.000 0.000 0.000 0.000 0.000 0.000 0.000 0.000 0.000 0.000 0.000 0.000 0.000 0.000 0.000 0.000 0.000 0.000 0.000 0.000 0.000 0.000 0.000 0.000 0.000 0.000 0.000 0.000 0.000 0.000 0.000 0.000 0.000 0.000 0.000 0.000 0.000 0.000 0.000 0.000 0.000 0.000 0.001 0.001 0.001 0.001 0.001 0.002 0.002 0.003 0.003 0.004 0.005 0.006 0.008 0.010 0.012 0.013 0.015 0.016 0.016 0.016 0.016
0.000 0.000 0.000 0.000 0.000 0.000 0.000 0.000 0.000 0.000 0.000 0.000 0.000 0.000 0.000 0.000 0.000 0.000 0.000 0.000 0.000 0.000 0.000 0.000 0.000 0.000 0.000 0.000 0.000 0.000 0.000 0.000 0.000 0.000 0.000 0.000 0.000 0.000 0.000 0.000 0.000 0.000 0.000 0.000 0.000 0.000 0.000 0.000 0.000 0.000 0.000 0.000 0.000 0.000 0.000 0.000 0.000 0.000 0.001 0.001 0.001 0.001 0.002 0.002 0.002 0.003 0.004 0.005 0.006 0.007 0.009 0.010 0.011 0.012 0.012 0.012 0.012
0.000 0.000 0.000 0.000 0.000 0.000 0.000 0.000 0.000 0.000 0.000 0.000 0.000 0.000 0.000 0.000 0.000 0.000 0.000 0.000 0.000 0.000 0.000 0.000 0.000 0.000 0.000 0.000 0.000 0.000 0.000 0.000 0.000 0.000 0.000 0.000 0.000 0.000 0.000 0.000 0.000 0.000 0.000 0.000 0.000 0.000 0.000 0.000 0.000 0.000 0.000 0.000 0.000 0.000 0.000 0.000 0.000 0.000 0.000 0.000 0.001 0.001 0.001 0.001 0.002 0.002 0.003 0.003 0.004 0.005 0.006 0.007 0.008 0.008 0.008 0.009 0.009
0.000 0.000 0.000 0.000 0.000 0.000 0.000 0.000 0.000 0.000 0.000 0.000 0.000 0.000 0.000 0.000 0.000 0.000 0.000 0.000 0.000 0.000 0.000 0.000 0.000 0.000 0.000 0.000 0.000 0.000 0.000 0.000 0.000 0.000 0.000 0.000 0.000 0.000 0.000 0.000 0.000 0.000 0.000 0.000 0.000 0.000 0.000 0.000 0.000 0.000 0.000 0.000 0.000 0.000 0.000 0.000 0.000 0.000 0.000 0.000 0.000 0.000 0.001 0.001 0.001 0.001 0.002 0.002 0.003 0.004 0.004 0.005 0.005 0.006 0.006 0.006 0.006
0.000 0.000 0.000 0.000 0.000 0.000 0.000 0.000 0.000 0.000 0.000 0.000 0.000 0.000 0.000 0.000 0.000 0.000 0.000 0.000 0.000 0.000 0.000 0.000 0.000 0.000 0.000 0.000 0.000 0.000 0.000 0.000 0.000 0.000 0.000 0.000 0.000 0.000 0.000 0.000 0.000 0.000 0.000 0.000 0.000 0.000 0.000 0.000 0.000 0.000 0.000 0.000 0.000 0.000 0.000 0.000 0.000 0.000 0.000 0.000 0.000 0.000 0.000 0.000 0.001 0.001 0.001 0.001 0.002 0.002 0.003 0.003 0.003 0.004 0.004 0.004 0.004
0.000 0.000 0.000 0.000 0.000 0.000 0.000 0.000 0.000 0.000 0.000 0.000 0.000 0.000 0.000 0.000 0.000 0.000 0.000 0.000 0.000 0.000 0.000 0.000 0.000 0.000 0.000 0.000 0.000 0.000 0.000 0.000 0.000 0.000 0.000 0.000 0.000 0.000 0.000 0.000 0.000 0.000 0.000 0.000 0.000 0.000 0.000 0.000 0.000 0.000 0.000 0.000 0.000 0.000 0.000 0.000 0.000 0.000 0.000 0.000 0.000 0.000 0.000 0.000 0.000 0.000 0.001 0.001 0.001 0.001 0.002 0.002 0.002 0.002 0.002 0.002 0.002
0.000 0.000 0.000 0.000 0.000 0.000 0.000 0.000 0.000 0.000 0.000 0.000 0.000 0.000 0.000 0.000 0.000 0.000 0.000 0.000 0.000 0.000 0.000 0.000 0.000 0.000 0.000 0.000 0.000 0.000 0.000 0.000 0.000 0.000 0.000 0.000 0.000 0.000 0.000 0.000 0.000 0.000 0.000 0.000 0.000 0.000 0.000 0.000 0.000 0.000 0.000 0.000 0.000 0.000 0.000 0.000 0.000 0.000 0.000 0.000 0.000 0.000 0.000 0.000 0.000 0.000 0.000 0.000 0.001 0.001 0.001 0.001 0.001 0.001 0.001 0.001 0.001
0.000 0.000 0.000 0.000 0.000 0.000 0.000 0.000 0.000 0.000 0.000 0.000 0.000 0.000 0.000 0.000 0.000 0.000 0.000 0.000 0.000 0.000 0.000 0.000 0.000 0.000 0.000 0.000 0.000 0.000 0.000 0.000 0.000 0.000 0.000 0.000 0.000 0.000 0.000 0.000 0.000 0.000 0.000 0.000 0.000 0.000 0.000 0.000 0.000 0.000 0.000 0.000 0.000 0.000 0.000 0.000 0.000 0.000 0.000 0.000 0.000 0.000 0.000 0.000 0.000 0.000 0.000 0.000 0.000 0.000 0.000 0.000 0.000 0.000 0.000 0.000 0.000
