RESULTS/r.avaflow_results/14b_results/14b_ascii/14b_hflow10065.asc
ncols 506
nrows 317
xllcenter 498237.50
yllcenter 5580050.00
cellsize 12.50
NODATA_value -9999.000
[rows 170 to 203 of 317, columns 228 to 303 of 506]
3.392 3.270 3.163 3.073 3.000 2.943 2.902 2.881 2.873 2.874 2.882 2.906 2.948 2.973 2.974 2.941 2.854 2.704 2.496 2.234 1.914 1.480 0.907 0.444 0.191 0.083 0.039 0.021 0.013 0.009 0.006 0.005 0.003 0.003 0.002 0.001 0.001 0.000 0.000 0.000 0.000 0.000 0.000 0.000 0.000 0.000 0.000 0.000 0.000 0.000 0.000 0.000 0.000 0.000 0.000 0.000 0.000 0.000 0.000 0.000 0.000 0.000 0.000 0.000 0.000 0.000 0.000 0.000 0.000 0.000 0.000 0.000 0.000 0.000 0.000 0.000
3.613 3.470 3.339 3.226 3.134 3.060 3.008 2.975 2.959 2.957 2.962 2.976 3.001 3.013 3.002 2.955 2.863 2.725 2.540 2.316 2.055 1.705 1.172 0.629 0.294 0.132 0.062 0.032 0.019 0.012 0.008 0.006 0.004 0.003 0.002 0.002 0.001 0.001 0.000 0.000 0.000 0.000 0.000 0.000 0.000 0.000 0.000 0.000 0.000 0.000 0.000 0.000 0.000 0.000 0.000 0.000 0.000 0.000 0.000 0.000 0.000 0.000 0.000 0.000 0.000 0.000 0.000 0.000 0.000 0.000 0.000 0.000 0.000 0.000 0.000 0.000
3.837 3.670 3.515 3.380 3.265 3.176 3.113 3.069 3.042 3.031 3.030 3.033 3.038 3.033 3.009 2.951 2.858 2.729 2.562 2.362 2.132 1.844 1.392 0.826 0.421 0.200 0.095 0.048 0.026 0.016 0.011 0.008 0.006 0.004 0.003 0.002 0.002 0.001 0.001 0.000 0.000 0.000 0.000 0.000 0.000 0.000 0.000 0.000 0.000 0.000 0.000 0.000 0.000 0.000 0.000 0.000 0.000 0.000 0.000 0.000 0.000 0.000 0.000 0.000 0.000 0.000 0.000 0.000 0.000 0.000 0.000 0.000 0.000 0.000 0.000 0.000
4.057 3.868 3.693 3.538 3.405 3.299 3.221 3.165 3.127 3.104 3.092 3.082 3.070 3.052 3.018 2.953 2.854 2.727 2.571 2.386 2.176 1.931 1.568 1.044 0.577 0.291 0.141 0.070 0.038 0.022 0.015 0.010 0.007 0.005 0.004 0.003 0.002 0.002 0.001 0.001 0.000 0.000 0.000 0.000 0.000 0.000 0.000 0.000 0.000 0.000 0.000 0.000 0.000 0.000 0.000 0.000 0.000 0.000 0.000 0.000 0.000 0.000 0.000 0.000 0.000 0.000 0.000 0.000 0.000 0.000 0.000 0.000 0.000 0.000 0.000 0.000
4.278 4.068 3.877 3.707 3.560 3.438 3.342 3.270 3.217 3.181 3.154 3.127 3.099 3.070 3.024 2.950 2.848 2.721 2.569 2.396 2.204 1.991 1.705 1.274 0.776 0.418 0.211 0.105 0.055 0.031 0.019 0.013 0.009 0.007 0.005 0.004 0.003 0.002 0.002 0.001 0.001 0.000 0.000 0.000 0.000 0.000 0.000 0.000 0.000 0.000 0.000 0.000 0.000 0.000 0.000 0.000 0.000 0.000 0.000 0.000 0.000 0.000 0.000 0.000 0.000 0.000 0.000 0.000 0.000 0.000 0.000 0.000 0.000 0.000 0.000 0.000
4.506 4.277 4.071 3.890 3.732 3.593 3.476 3.383 3.313 3.261 3.217 3.175 3.132 3.084 3.024 2.942 2.836 2.708 2.562 2.399 2.223 2.035 1.805 1.472 1.018 0.599 0.321 0.163 0.082 0.044 0.026 0.017 0.012 0.009 0.006 0.005 0.004 0.003 0.002 0.001 0.001 0.001 0.000 0.000 0.000 0.000 0.000 0.000 0.000 0.000 0.000 0.000 0.000 0.000 0.000 0.000 0.000 0.000 0.000 0.000 0.000 0.000 0.000 0.000 0.000 0.000 0.000 0.000 0.000 0.000 0.000 0.000 0.000 0.000 0.000 0.000
4.748 4.500 4.280 4.087 3.915 3.760 3.623 3.512 3.424 3.349 3.286 3.227 3.165 3.094 3.015 2.922 2.811 2.685 2.546 2.394 2.233 2.061 1.866 1.607 1.257 0.843 0.492 0.264 0.132 0.067 0.037 0.023 0.015 0.011 0.008 0.006 0.004 0.003 0.002 0.002 0.001 0.001 0.001 0.001 0.000 0.000 0.000 0.000 0.000 0.000 0.000 0.000 0.000 0.000 0.000 0.000 0.000 0.000 0.000 0.000 0.000 0.000 0.000 0.000 0.000 0.000 0.000 0.000 0.000 0.000 0.000 0.000 0.000 0.000 0.000 0.000
5.017 4.748 4.510 4.299 4.107 3.937 3.788 3.659 3.549 3.452 3.367 3.285 3.198 3.105 3.005 2.898 2.783 2.658 2.524 2.383 2.233 2.070 1.892 1.682 1.420 1.092 0.730 0.425 0.225 0.111 0.057 0.032 0.020 0.013 0.009 0.007 0.005 0.004 0.003 0.002 0.002 0.001 0.001 0.001 0.001 0.000 0.000 0.000 0.000 0.000 0.000 0.000 0.000 0.000 0.000 0.000 0.000 0.000 0.000 0.000 0.000 0.000 0.000 0.000 0.000 0.000 0.000 0.000 0.000 0.000 0.000 0.000 0.000 0.000 0.000 0.001
5.321 5.029 4.766 4.533 4.318 4.130 3.968 3.820 3.689 3.569 3.458 3.347 3.233 3.118 3.004 2.889 2.768 2.642 2.509 2.371 2.227 2.072 1.901 1.715 1.507 1.263 0.969 0.647 0.374 0.195 0.096 0.050 0.028 0.017 0.011 0.008 0.006 0.005 0.004 0.003 0.002 0.002 0.001 0.001 0.001 0.001 0.000 0.000 0.000 0.000 0.000 0.000 0.000 0.000 0.000 0.000 0.000 0.000 0.000 0.000 0.000 0.000 0.000 0.000 0.000 0.000 0.000 0.000 0.000 0.000 0.000 0.000 0.000 0.001 0.001 0.001
5.670 5.347 5.053 4.792 4.556 4.347 4.164 3.997 3.844 3.698 3.556 3.415 3.275 3.142 3.013 2.890 2.765 2.637 2.503 2.364 2.222 2.071 1.909 1.738 1.556 1.359 1.137 0.874 0.583 0.332 0.172 0.086 0.044 0.024 0.014 0.009 0.007 0.005 0.004 0.003 0.003 0.002 0.002 0.002 0.001 0.001 0.001 0.001 0.000 0.000 0.000 0.000 0.000 0.000 0.000 0.000 0.000 0.000 0.000 0.000 0.000 0.000 0.000 0.000 0.000 0.000 0.000 0.000 0.000 0.000 0.001 0.001 0.001 0.001 0.001 0.002
6.073 5.711 5.379 5.084 4.821 4.581 4.370 4.179 4.000 3.826 3.656 3.489 3.327 3.176 3.035 2.901 2.769 2.637 2.502 2.363 2.220 2.073 1.919 1.760 1.594 1.421 1.242 1.048 0.807 0.530 0.301 0.158 0.079 0.039 0.020 0.012 0.009 0.006 0.005 0.004 0.003 0.003 0.002 0.002 0.002 0.002 0.001 0.001 0.001 0.001 0.001 0.001 0.000 0.000 0.000 0.000 0.000 0.000 0.000 0.001 0.001 0.001 0.001 0.001 0.001 0.001 0.001 0.001 0.001 0.001 0.001 0.001 0.001 0.002 0.002 0.003
6.478 6.092 5.734 5.408 5.108 4.833 4.586 4.364 4.155 3.954 3.760 3.571 3.389 3.223 3.068 2.923 2.782 2.643 2.505 2.366 2.225 2.081 1.933 1.781 1.625 1.470 1.317 1.164 0.988 0.758 0.501 0.294 0.156 0.075 0.035 0.018 0.011 0.008 0.006 0.005 0.004 0.004 0.003 0.003 0.002 0.002 0.002 0.002 0.002 0.001 0.001 0.001 0.001 0.001 0.001 0.001 0.001 0.001 0.001 0.001 0.002 0.002 0.002 0.002 0.002 0.002 0.002 0.002 0.002 0.002 0.002 0.002 0.002 0.003 0.004 0.005
6.823 6.419 6.051 5.709 5.387 5.086 4.807 4.551 4.311 4.085 3.870 3.663 3.466 3.283 3.113 2.955 2.804 2.657 2.516 2.376 2.237 2.096 1.951 1.801 1.653 1.511 1.374 1.243 1.108 0.946 0.741 0.521 0.319 0.166 0.076 0.035 0.019 0.012 0.009 0.007 0.005 0.004 0.004 0.003 0.003 0.003 0.003 0.003 0.002 0.002 0.002 0.002 0.002 0.002 0.002 0.002 0.002 0.002 0.002 0.003 0.003 0.003 0.003 0.003 0.003 0.003 0.003 0.003 0.003 0.003 0.003 0.003 0.004 0.005 0.006 0.010
7.101 6.686 6.315 5.968 5.641 5.328 5.023 4.736 4.469 4.221 3.988 3.765 3.554 3.356 3.171 3.000 2.838 2.683 2.536 2.397 2.259 2.118 1.973 1.826 1.683 1.547 1.418 1.297 1.180 1.056 0.912 0.745 0.552 0.344 0.175 0.080 0.039 0.022 0.014 0.010 0.008 0.006 0.005 0.004 0.004 0.004 0.004 0.003 0.003 0.003 0.003 0.003 0.003 0.003 0.003 0.003 0.004 0.004 0.004 0.004 0.005 0.005 0.005 0.005 0.005 0.005 0.004 0.004 0.004 0.004 0.005 0.005 0.006 0.008 0.013 0.021
7.317 6.904 6.530 6.186 5.860 5.542 5.228 4.922 4.634 4.367 4.116 3.878 3.656 3.446 3.249 3.064 2.890 2.727 2.574 2.430 2.289 2.147 2.000 1.854 1.715 1.583 1.456 1.335 1.219 1.105 0.985 0.853 0.702 0.523 0.326 0.175 0.090 0.048 0.028 0.018 0.012 0.009 0.007 0.006 0.005 0.005 0.005 0.005 0.005 0.005 0.005 0.005 0.005 0.005 0.005 0.005 0.006 0.006 0.007 0.007 0.008 0.008 0.008 0.008 0.008 0.007 0.007 0.007 0.007 0.007 0.008 0.009 0.012 0.017 0.026 0.043
7.485 7.074 6.700 6.359 6.036 5.720 5.412 5.106 4.808 4.525 4.262 4.012 3.780 3.560 3.352 3.155 2.969 2.796 2.632 2.478 2.328 2.180 2.031 1.886 1.748 1.614 1.485 1.361 1.240 1.121 1.001 0.877 0.748 0.611 0.457 0.306 0.185 0.107 0.062 0.037 0.023 0.016 0.011 0.009 0.007 0.007 0.007 0.007 0.007 0.007 0.007 0.007 0.007 0.007 0.008 0.009 0.009 0.010 0.012 0.013 0.014 0.014 0.014 0.014 0.014 0.013 0.012 0.011 0.012 0.012 0.014 0.017 0.023 0.034 0.050 0.072
7.603 7.197 6.827 6.489 6.171 5.861 5.563 5.268 4.980 4.699 4.429 4.174 3.932 3.702 3.482 3.275 3.078 2.890 2.712 2.542 2.378 2.222 2.070 1.922 1.779 1.641 1.508 1.380 1.253 1.129 1.006 0.883 0.763 0.648 0.535 0.419 0.306 0.203 0.126 0.077 0.047 0.030 0.020 0.014 0.011 0.010 0.010 0.009 0.009 0.010 0.010 0.010 0.011 0.012 0.013 0.014 0.016 0.020 0.023 0.025 0.026 0.026 0.026 0.026 0.025 0.023 0.021 0.021 0.021 0.023 0.027 0.035 0.046 0.061 0.077 0.093
7.689 7.289 6.918 6.582 6.269 5.969 5.682 5.402 5.132 4.872 4.617 4.364 4.116 3.875 3.645 3.424 3.212 3.007 2.810 2.621 2.444 2.277 2.119 1.964 1.812 1.666 1.528 1.394 1.262 1.134 1.010 0.890 0.778 0.675 0.581 0.492 0.404 0.314 0.222 0.146 0.094 0.060 0.039 0.027 0.020 0.017 0.016 0.015 0.015 0.015 0.015 0.016 0.018 0.020 0.023 0.027 0.032 0.040 0.047 0.050 0.051 0.051 0.051 0.050 0.047 0.043 0.041 0.040 0.041 0.045 0.054 0.067 0.078 0.087 0.094 0.101
7.742 7.351 6.981 6.643 6.332 6.044 5.773 5.515 5.268 5.032 4.805 4.573 4.329 4.081 3.838 3.602 3.370 3.144 2.927 2.720 2.527 2.347 2.176 2.011 1.851 1.695 1.548 1.406 1.269 1.138 1.014 0.900 0.795 0.701 0.617 0.540 0.470 0.402 0.328 0.246 0.174 0.121 0.082 0.055 0.040 0.032 0.028 0.027 0.026 0.026 0.027 0.029 0.033 0.039 0.046 0.055 0.068 0.084 0.096 0.102 0.103 0.102 0.099 0.096 0.090 0.083 0.079 0.078 0.080 0.086 0.096 0.102 0.102 0.100 0.101 0.103
7.763 7.380 7.013 6.672 6.364 6.089 5.838 5.605 5.385 5.175 4.970 4.762 4.540 4.302 4.053 3.802 3.551 3.302 3.064 2.839 2.628 2.432 2.245 2.067 1.896 1.730 1.569 1.417 1.274 1.141 1.019 0.910 0.812 0.724 0.647 0.579 0.520 0.468 0.417 0.361 0.297 0.232 0.174 0.124 0.089 0.069 0.059 0.054 0.052 0.051 0.053 0.057 0.066 0.079 0.096 0.116 0.139 0.162 0.177 0.183 0.183 0.180 0.174 0.164 0.153 0.143 0.137 0.133 0.130 0.129 0.127 0.121 0.112 0.105 0.102 0.101
7.764 7.391 7.030 6.687 6.378 6.110 5.878 5.672 5.480 5.295 5.111 4.923 4.719 4.499 4.264 4.017 3.757 3.485 3.222 2.978 2.747 2.531 2.329 2.136 1.952 1.771 1.594 1.429 1.278 1.142 1.021 0.915 0.824 0.744 0.673 0.612 0.560 0.518 0.484 0.453 0.420 0.379 0.327 0.262 0.197 0.153 0.128 0.114 0.106 0.104 0.106 0.113 0.130 0.158 0.190 0.219 0.243 0.256 0.259 0.254 0.246 0.236 0.225 0.210 0.195 0.184 0.175 0.167 0.160 0.152 0.142 0.128 0.115 0.107 0.100 0.096
7.741 7.391 7.038 6.689 6.379 6.116 5.895 5.710 5.546 5.385 5.224 5.057 4.874 4.674 4.458 4.223 3.966 3.682 3.389 3.117 2.866 2.633 2.414 2.209 2.010 1.813 1.623 1.445 1.284 1.142 1.020 0.917 0.832 0.759 0.695 0.639 0.593 0.557 0.530 0.511 0.496 0.476 0.448 0.401 0.333 0.275 0.236 0.212 0.199 0.194 0.195 0.208 0.236 0.273 0.302 0.318 0.324 0.319 0.307 0.290 0.275 0.260 0.244 0.228 0.213 0.200 0.190 0.181 0.171 0.159 0.145 0.129 0.116 0.106 0.097 0.087
7.640 7.349 7.031 6.686 6.370 6.111 5.895 5.721 5.577 5.443 5.310 5.169 5.011 4.832 4.633 4.407 4.149 3.856 3.538 3.239 2.968 2.719 2.484 2.263 2.051 1.844 1.646 1.460 1.291 1.143 1.019 0.917 0.835 0.767 0.710 0.661 0.620 0.587 0.561 0.544 0.532 0.518 0.497 0.461 0.408 0.356 0.320 0.299 0.288 0.284 0.287 0.304 0.335 0.361 0.374 0.377 0.370 0.354 0.330 0.306 0.285 0.265 0.247 0.230 0.215 0.203 0.193 0.182 0.172 0.160 0.145 0.129 0.116 0.104 0.091 0.079
7.372 7.160 6.923 6.639 6.344 6.091 5.879 5.715 5.582 5.473 5.369 5.257 5.125 4.969 4.782 4.559 4.298 3.998 3.665 3.346 3.054 2.786 2.535 2.298 2.074 1.863 1.661 1.471 1.296 1.142 1.016 0.915 0.835 0.770 0.718 0.675 0.639 0.608 0.583 0.563 0.545 0.527 0.504 0.471 0.428 0.390 0.364 0.349 0.342 0.340 0.346 0.368 0.396 0.410 0.412 0.407 0.394 0.372 0.343 0.313 0.287 0.266 0.247 0.230 0.215 0.203 0.192 0.181 0.170 0.158 0.144 0.129 0.114 0.099 0.085 0.072
6.909 6.752 6.600 6.419 6.201 5.997 5.826 5.686 5.571 5.481 5.402 5.321 5.218 5.078 4.897 4.674 4.409 4.106 3.772 3.443 3.132 2.840 2.568 2.315 2.083 1.871 1.670 1.477 1.298 1.140 1.009 0.908 0.830 0.768 0.720 0.682 0.650 0.622 0.597 0.573 0.549 0.526 0.500 0.467 0.429 0.402 0.385 0.376 0.373 0.374 0.383 0.407 0.428 0.433 0.431 0.422 0.406 0.382 0.350 0.316 0.288 0.265 0.245 0.228 0.213 0.200 0.188 0.177 0.165 0.154 0.141 0.126 0.110 0.093 0.078 0.065
6.268 6.140 6.037 5.934 5.816 5.708 5.621 5.560 5.512 5.464 5.417 5.361 5.276 5.148 4.970 4.745 4.481 4.180 3.855 3.528 3.205 2.886 2.587 2.319 2.082 1.868 1.665 1.470 1.284 1.121 0.988 0.888 0.815 0.760 0.718 0.683 0.655 0.630 0.605 0.579 0.550 0.522 0.491 0.458 0.427 0.405 0.395 0.391 0.391 0.394 0.406 0.428 0.440 0.442 0.439 0.430 0.413 0.387 0.353 0.318 0.288 0.263 0.242 0.224 0.207 0.193 0.180 0.168 0.156 0.145 0.133 0.119 0.103 0.086 0.071 0.060
5.460 5.332 5.249 5.190 5.149 5.128 5.138 5.188 5.259 5.326 5.365 5.360 5.299 5.179 5.002 4.777 4.516 4.227 3.918 3.600 3.271 2.922 2.595 2.310 2.059 1.825 1.600 1.389 1.197 1.035 0.910 0.824 0.766 0.725 0.696 0.674 0.654 0.633 0.609 0.580 0.549 0.516 0.481 0.448 0.422 0.405 0.398 0.397 0.399 0.405 0.419 0.435 0.443 0.445 0.443 0.433 0.415 0.388 0.354 0.317 0.286 0.259 0.236 0.216 0.198 0.182 0.167 0.153 0.141 0.129 0.117 0.104 0.090 0.076 0.064 0.055
4.537 4.349 4.253 4.220 4.220 4.255 4.343 4.487 4.671 4.872 5.040 5.168 5.222 5.161 5.003 4.782 4.527 4.251 3.963 3.656 3.317 2.941 2.586 2.270 1.973 1.687 1.420 1.185 0.989 0.839 0.736 0.677 0.649 0.634 0.629 0.630 0.629 0.621 0.603 0.577 0.544 0.505 0.467 0.436 0.414 0.402 0.397 0.397 0.401 0.411 0.425 0.436 0.443 0.444 0.441 0.431 0.412 0.385 0.352 0.315 0.281 0.252 0.228 0.206 0.186 0.168 0.151 0.136 0.123 0.110 0.098 0.087 0.076 0.066 0.057 0.050
3.585 3.317 3.158 3.088 3.081 3.124 3.232 3.412 3.652 3.933 4.227 4.542 4.833 4.970 4.923 4.753 4.521 4.265 3.997 3.694 3.339 2.935 2.527 2.146 1.782 1.444 1.151 0.920 0.745 0.618 0.533 0.486 0.474 0.480 0.501 0.531 0.558 0.570 0.567 0.551 0.521 0.480 0.440 0.412 0.394 0.387 0.386 0.391 0.400 0.412 0.423 0.428 0.427 0.421 0.414 0.403 0.388 0.367 0.341 0.307 0.271 0.241 0.216 0.193 0.172 0.153 0.136 0.121 0.108 0.096 0.085 0.074 0.066 0.058 0.052 0.047
2.700 2.401 2.200 2.074 2.010 1.989 2.014 2.091 2.250 2.510 2.878 3.375 3.976 4.426 4.604 4.582 4.455 4.255 4.008 3.702 3.323 2.873 2.386 1.939 1.540 1.209 0.953 0.759 0.612 0.503 0.425 0.374 0.349 0.344 0.354 0.384 0.428 0.463 0.476 0.472 0.454 0.420 0.382 0.359 0.348 0.347 0.352 0.365 0.379 0.388 0.390 0.382 0.365 0.350 0.338 0.330 0.324 0.318 0.306 0.284 0.254 0.226 0.201 0.178 0.157 0.138 0.122 0.108 0.096 0.085 0.075 0.067 0.060 0.054 0.049 0.045
1.850 1.591 1.408 1.277 1.183 1.121 1.089 1.085 1.124 1.238 1.470 1.890 2.583 3.355 3.859 4.077 4.132 4.061 3.884 3.590 3.190 2.699 2.161 1.696 1.326 1.045 0.833 0.672 0.548 0.452 0.378 0.324 0.286 0.265 0.258 0.265 0.286 0.313 0.328 0.331 0.325 0.304 0.279 0.265 0.263 0.268 0.282 0.298 0.308 0.308 0.294 0.267 0.239 0.221 0.213 0.211 0.217 0.230 0.241 0.238 0.225 0.204 0.182 0.160 0.140 0.122 0.108 0.095 0.084 0.075 0.067 0.061 0.055 0.051 0.047 0.044
1.082 0.920 0.796 0.697 0.613 0.545 0.498 0.474 0.472 0.502 0.599 0.811 1.205 1.840 2.526 3.017 3.272 3.346 3.284 3.089 2.759 2.321 1.832 1.428 1.125 0.902 0.733 0.601 0.495 0.411 0.344 0.293 0.252 0.223 0.204 0.196 0.195 0.201 0.203 0.200 0.192 0.178 0.166 0.160 0.159 0.164 0.175 0.184 0.183 0.173 0.154 0.131 0.116 0.111 0.111 0.116 0.127 0.146 0.168 0.178 0.180 0.173 0.160 0.142 0.124 0.108 0.095 0.083 0.074 0.066 0.060 0.055 0.052 0.049 0.046 0.043
0.518 0.446 0.384 0.328 0.277 0.233 0.203 0.187 0.183 0.186 0.209 0.276 0.425 0.700 1.111 1.517 1.812 1.976 2.028 1.996 1.871 1.646 1.355 1.103 0.908 0.754 0.631 0.529 0.441 0.369 0.310 0.263 0.225 0.196 0.173 0.157 0.146 0.139 0.133 0.126 0.116 0.105 0.098 0.094 0.092 0.093 0.095 0.095 0.091 0.083 0.071 0.061 0.058 0.058 0.061 0.069 0.080 0.098 0.120 0.134 0.138 0.138 0.132 0.122 0.108 0.094 0.083 0.073 0.065 0.059 0.054 0.051 0.049 0.047 0.045 0.042
0.194 0.175 0.157 0.138 0.117 0.098 0.083 0.075 0.072 0.071 0.075 0.089 0.126 0.204 0.346 0.532 0.681 0.781 0.841 0.875 0.892 0.864 0.796 0.720 0.655 0.590 0.523 0.453 0.385 0.325 0.274 0.232 0.199 0.172 0.151 0.133 0.119 0.108 0.098 0.089 0.080 0.071 0.064 0.061 0.059 0.057 0.055 0.053 0.049 0.045 0.039 0.036 0.036 0.037 0.042 0.049 0.060 0.075 0.091 0.103 0.109 0.109 0.107 0.102 0.093 0.082 0.073 0.064 0.058 0.053 0.050 0.047 0.046 0.045 0.044 0.042
