RESULTS/r.avaflow_results/14b_results/14b_ascii/14b_hflow30054.asc
ncols 506
nrows 317
xllcenter 498237.50
yllcenter 5580050.00
cellsize 12.50
NODATA_value -9999.000
[rows 170 to 203 of 317, columns 154 to 230 of 506]
0.064 0.068 0.071 0.073 0.075 0.077 0.078 0.078 0.079 0.079 0.078 0.078 0.077 0.075 0.074 0.074 0.074 0.074 0.075 0.076 0.077 0.079 0.082 0.085 0.089 0.094 0.102 0.112 0.125 0.140 0.159 0.181 0.207 0.239 0.275 0.316 0.363 0.417 0.475 0.537 0.602 0.669 0.735 0.793 0.844 0.886 0.921 0.951 0.972 0.983 0.985 0.984 0.983 0.985 0.993 1.012 1.042 1.084 1.129 1.162 1.180 1.191 1.202 1.216 1.236 1.266 1.316 1.392 1.499 1.617 1.716 1.799 1.865 1.912 1.945 1.967 1.985
0.049 0.053 0.056 0.058 0.060 0.062 0.062 0.063 0.063 0.064 0.063 0.063 0.063 0.063 0.062 0.063 0.063 0.064 0.065 0.067 0.069 0.072 0.075 0.078 0.083 0.090 0.098 0.108 0.122 0.139 0.158 0.182 0.209 0.240 0.276 0.318 0.365 0.418 0.476 0.537 0.602 0.668 0.727 0.776 0.812 0.838 0.857 0.871 0.879 0.882 0.883 0.881 0.882 0.889 0.908 0.941 0.985 1.029 1.065 1.086 1.096 1.104 1.116 1.132 1.154 1.191 1.252 1.342 1.462 1.595 1.710 1.812 1.901 1.976 2.029 2.060 2.080
0.038 0.041 0.044 0.046 0.048 0.049 0.050 0.051 0.051 0.051 0.051 0.052 0.052 0.052 0.053 0.054 0.055 0.056 0.058 0.060 0.063 0.066 0.070 0.075 0.080 0.087 0.095 0.106 0.119 0.136 0.157 0.181 0.209 0.241 0.277 0.318 0.365 0.418 0.475 0.535 0.596 0.654 0.702 0.736 0.756 0.764 0.762 0.752 0.741 0.736 0.736 0.739 0.747 0.766 0.802 0.859 0.919 0.963 0.990 1.006 1.017 1.029 1.043 1.063 1.092 1.138 1.205 1.299 1.420 1.558 1.690 1.807 1.910 1.998 2.064 2.107 2.136
0.028 0.031 0.034 0.036 0.037 0.039 0.040 0.041 0.041 0.042 0.042 0.042 0.043 0.044 0.045 0.046 0.048 0.050 0.052 0.055 0.058 0.062 0.067 0.072 0.078 0.085 0.094 0.104 0.117 0.133 0.154 0.179 0.208 0.240 0.276 0.318 0.365 0.417 0.473 0.527 0.577 0.619 0.650 0.665 0.669 0.656 0.624 0.582 0.552 0.541 0.540 0.549 0.570 0.609 0.672 0.763 0.839 0.883 0.910 0.929 0.946 0.964 0.984 1.011 1.050 1.105 1.178 1.272 1.385 1.512 1.649 1.784 1.902 1.997 2.068 2.120 2.166
0.021 0.023 0.025 0.027 0.029 0.030 0.031 0.032 0.033 0.034 0.034 0.035 0.036 0.037 0.038 0.040 0.042 0.044 0.047 0.050 0.054 0.059 0.064 0.070 0.076 0.084 0.093 0.103 0.115 0.130 0.150 0.174 0.203 0.237 0.275 0.316 0.364 0.416 0.465 0.507 0.539 0.559 0.568 0.562 0.542 0.501 0.446 0.402 0.380 0.374 0.376 0.390 0.422 0.474 0.552 0.661 0.749 0.800 0.835 0.862 0.887 0.912 0.940 0.976 1.026 1.089 1.167 1.258 1.362 1.478 1.606 1.749 1.880 1.983 2.060 2.122 2.182
0.015 0.017 0.019 0.020 0.022 0.023 0.025 0.026 0.027 0.027 0.028 0.029 0.030 0.031 0.033 0.035 0.037 0.040 0.043 0.046 0.051 0.056 0.061 0.068 0.075 0.083 0.091 0.101 0.114 0.128 0.146 0.169 0.198 0.232 0.270 0.312 0.361 0.407 0.444 0.468 0.479 0.476 0.460 0.425 0.379 0.332 0.294 0.270 0.260 0.259 0.267 0.288 0.327 0.385 0.468 0.577 0.670 0.729 0.770 0.805 0.839 0.873 0.910 0.957 1.015 1.085 1.165 1.254 1.353 1.464 1.590 1.734 1.865 1.969 2.050 2.120 2.192
0.011 0.012 0.014 0.015 0.017 0.018 0.019 0.020 0.021 0.022 0.023 0.024 0.025 0.026 0.028 0.030 0.032 0.035 0.038 0.042 0.047 0.052 0.059 0.066 0.073 0.081 0.090 0.100 0.112 0.126 0.143 0.165 0.193 0.225 0.261 0.302 0.347 0.382 0.402 0.407 0.399 0.376 0.336 0.287 0.244 0.212 0.192 0.183 0.181 0.187 0.202 0.231 0.274 0.334 0.414 0.515 0.603 0.666 0.715 0.760 0.804 0.848 0.896 0.951 1.015 1.086 1.166 1.256 1.353 1.462 1.589 1.733 1.861 1.965 2.047 2.122 2.201
0.008 0.009 0.010 0.011 0.012 0.014 0.015 0.016 0.017 0.018 0.019 0.020 0.021 0.022 0.024 0.025 0.028 0.030 0.034 0.038 0.043 0.049 0.056 0.063 0.071 0.079 0.087 0.097 0.109 0.123 0.140 0.161 0.186 0.213 0.244 0.278 0.307 0.323 0.324 0.313 0.291 0.259 0.221 0.184 0.156 0.138 0.129 0.128 0.132 0.145 0.169 0.205 0.251 0.309 0.381 0.468 0.549 0.612 0.669 0.723 0.777 0.832 0.890 0.952 1.018 1.091 1.173 1.261 1.358 1.468 1.596 1.737 1.861 1.965 2.051 2.132 2.218
0.006 0.007 0.008 0.009 0.010 0.011 0.012 0.013 0.013 0.014 0.015 0.016 0.017 0.018 0.020 0.021 0.023 0.026 0.029 0.034 0.039 0.045 0.052 0.059 0.067 0.075 0.084 0.094 0.106 0.120 0.136 0.155 0.175 0.194 0.212 0.225 0.226 0.218 0.205 0.189 0.172 0.155 0.136 0.117 0.103 0.095 0.093 0.094 0.104 0.124 0.156 0.197 0.245 0.299 0.361 0.434 0.507 0.570 0.631 0.692 0.755 0.820 0.888 0.957 1.027 1.103 1.186 1.274 1.372 1.483 1.611 1.746 1.866 1.971 2.065 2.155 2.248
0.005 0.005 0.006 0.007 0.007 0.008 0.009 0.010 0.011 0.012 0.013 0.013 0.014 0.016 0.017 0.018 0.020 0.022 0.025 0.029 0.033 0.039 0.046 0.054 0.062 0.070 0.079 0.089 0.101 0.114 0.129 0.144 0.155 0.162 0.160 0.149 0.134 0.120 0.108 0.099 0.092 0.086 0.081 0.075 0.072 0.070 0.071 0.076 0.090 0.116 0.152 0.196 0.244 0.296 0.351 0.413 0.477 0.540 0.603 0.667 0.737 0.812 0.889 0.965 1.042 1.122 1.206 1.296 1.395 1.506 1.634 1.765 1.884 1.992 2.093 2.193 2.293
0.004 0.004 0.005 0.005 0.006 0.007 0.007 0.008 0.009 0.010 0.011 0.011 0.012 0.013 0.014 0.015 0.017 0.019 0.021 0.024 0.028 0.033 0.039 0.047 0.055 0.064 0.073 0.082 0.093 0.104 0.115 0.121 0.122 0.116 0.103 0.088 0.073 0.062 0.054 0.050 0.048 0.048 0.049 0.050 0.052 0.054 0.059 0.068 0.087 0.115 0.152 0.196 0.244 0.295 0.347 0.402 0.460 0.520 0.583 0.650 0.724 0.806 0.890 0.974 1.059 1.145 1.232 1.325 1.425 1.537 1.666 1.800 1.920 2.033 2.141 2.250 2.360
0.003 0.004 0.004 0.004 0.005 0.006 0.006 0.007 0.008 0.008 0.009 0.010 0.011 0.011 0.012 0.013 0.015 0.016 0.018 0.020 0.023 0.027 0.032 0.039 0.047 0.056 0.064 0.071 0.078 0.084 0.086 0.084 0.079 0.071 0.061 0.049 0.039 0.033 0.030 0.029 0.029 0.030 0.032 0.036 0.040 0.046 0.055 0.068 0.088 0.116 0.153 0.196 0.244 0.295 0.346 0.398 0.452 0.509 0.572 0.640 0.717 0.801 0.890 0.983 1.075 1.167 1.261 1.357 1.459 1.574 1.709 1.853 1.980 2.098 2.215 2.332 2.452
0.003 0.003 0.003 0.004 0.004 0.005 0.005 0.006 0.006 0.007 0.008 0.008 0.009 0.010 0.010 0.011 0.012 0.013 0.015 0.016 0.018 0.021 0.024 0.030 0.038 0.045 0.050 0.053 0.054 0.053 0.051 0.048 0.044 0.040 0.034 0.028 0.023 0.021 0.019 0.019 0.020 0.021 0.024 0.029 0.036 0.045 0.056 0.072 0.093 0.121 0.155 0.197 0.244 0.294 0.346 0.397 0.450 0.506 0.568 0.637 0.715 0.799 0.890 0.987 1.087 1.188 1.290 1.393 1.501 1.623 1.766 1.922 2.061 2.185 2.301 2.415 2.535
0.003 0.003 0.003 0.003 0.004 0.004 0.004 0.005 0.006 0.006 0.007 0.007 0.008 0.008 0.009 0.010 0.010 0.011 0.012 0.013 0.014 0.016 0.018 0.021 0.026 0.029 0.031 0.030 0.030 0.028 0.026 0.025 0.023 0.021 0.019 0.018 0.016 0.015 0.014 0.015 0.016 0.018 0.023 0.029 0.037 0.049 0.063 0.081 0.103 0.129 0.162 0.200 0.245 0.295 0.346 0.398 0.450 0.507 0.569 0.637 0.714 0.799 0.891 0.992 1.098 1.208 1.320 1.433 1.552 1.685 1.835 1.989 2.128 2.251 2.364 2.476 2.595
0.002 0.003 0.003 0.003 0.003 0.004 0.004 0.004 0.005 0.005 0.006 0.006 0.006 0.007 0.007 0.008 0.008 0.009 0.009 0.010 0.010 0.011 0.012 0.014 0.016 0.016 0.016 0.016 0.015 0.014 0.013 0.012 0.012 0.012 0.012 0.012 0.012 0.012 0.013 0.014 0.015 0.019 0.024 0.032 0.043 0.057 0.074 0.093 0.115 0.142 0.172 0.208 0.249 0.297 0.347 0.399 0.453 0.510 0.572 0.641 0.717 0.801 0.895 0.999 1.111 1.229 1.353 1.477 1.602 1.736 1.881 2.027 2.162 2.287 2.404 2.519 2.641
0.002 0.002 0.003 0.003 0.003 0.003 0.003 0.004 0.004 0.004 0.005 0.005 0.005 0.006 0.006 0.006 0.007 0.007 0.007 0.007 0.007 0.008 0.008 0.009 0.009 0.009 0.009 0.008 0.008 0.007 0.007 0.007 0.008 0.008 0.009 0.010 0.011 0.011 0.012 0.014 0.017 0.022 0.030 0.040 0.054 0.070 0.088 0.108 0.131 0.157 0.188 0.222 0.260 0.304 0.352 0.403 0.458 0.517 0.580 0.649 0.727 0.813 0.909 1.014 1.131 1.258 1.392 1.520 1.644 1.770 1.903 2.038 2.169 2.298 2.423 2.548 2.677
0.002 0.002 0.002 0.002 0.003 0.003 0.003 0.003 0.003 0.004 0.004 0.004 0.004 0.004 0.005 0.005 0.005 0.005 0.005 0.005 0.005 0.005 0.006 0.006 0.006 0.006 0.006 0.005 0.005 0.005 0.006 0.006 0.007 0.007 0.009 0.010 0.011 0.012 0.014 0.017 0.022 0.029 0.039 0.052 0.067 0.084 0.103 0.125 0.150 0.178 0.210 0.244 0.280 0.320 0.364 0.412 0.466 0.526 0.594 0.668 0.750 0.841 0.940 1.048 1.168 1.300 1.432 1.553 1.671 1.789 1.911 2.038 2.167 2.297 2.429 2.566 2.704
0.002 0.002 0.002 0.002 0.002 0.003 0.003 0.003 0.003 0.003 0.003 0.003 0.003 0.003 0.004 0.004 0.004 0.004 0.004 0.004 0.004 0.004 0.004 0.004 0.004 0.004 0.005 0.005 0.005 0.005 0.005 0.006 0.007 0.008 0.009 0.010 0.012 0.015 0.018 0.023 0.030 0.040 0.051 0.065 0.081 0.100 0.121 0.146 0.174 0.205 0.238 0.270 0.304 0.340 0.381 0.427 0.481 0.544 0.618 0.700 0.790 0.886 0.991 1.103 1.220 1.342 1.460 1.572 1.682 1.796 1.912 2.032 2.158 2.288 2.428 2.579 2.720
0.002 0.002 0.002 0.002 0.002 0.002 0.002 0.003 0.003 0.003 0.003 0.003 0.003 0.003 0.003 0.003 0.003 0.003 0.003 0.003 0.003 0.003 0.003 0.003 0.004 0.004 0.004 0.005 0.005 0.005 0.006 0.006 0.007 0.009 0.011 0.013 0.016 0.020 0.025 0.032 0.041 0.052 0.065 0.080 0.098 0.119 0.144 0.173 0.202 0.231 0.259 0.288 0.319 0.353 0.392 0.438 0.495 0.563 0.642 0.731 0.827 0.931 1.042 1.152 1.260 1.367 1.473 1.578 1.684 1.794 1.905 2.019 2.139 2.271 2.422 2.583 2.725
0.002 0.002 0.002 0.002 0.002 0.002 0.002 0.002 0.002 0.002 0.002 0.002 0.002 0.002 0.002 0.002 0.002 0.002 0.002 0.002 0.003 0.003 0.003 0.003 0.004 0.004 0.005 0.005 0.005 0.006 0.007 0.008 0.010 0.012 0.015 0.018 0.022 0.028 0.035 0.044 0.055 0.067 0.082 0.099 0.119 0.143 0.172 0.200 0.224 0.248 0.272 0.297 0.325 0.358 0.396 0.443 0.501 0.571 0.654 0.746 0.848 0.957 1.071 1.178 1.278 1.375 1.475 1.577 1.679 1.782 1.884 1.990 2.106 2.239 2.399 2.569 2.713
0.002 0.002 0.002 0.002 0.002 0.002 0.002 0.002 0.002 0.002 0.002 0.002 0.002 0.002 0.002 0.002 0.002 0.002 0.002 0.002 0.002 0.003 0.003 0.003 0.004 0.004 0.005 0.006 0.007 0.008 0.009 0.011 0.014 0.017 0.020 0.025 0.031 0.038 0.047 0.058 0.071 0.086 0.103 0.122 0.143 0.167 0.194 0.217 0.237 0.256 0.277 0.300 0.327 0.359 0.396 0.443 0.502 0.572 0.655 0.750 0.856 0.969 1.081 1.184 1.281 1.374 1.469 1.564 1.658 1.748 1.838 1.934 2.042 2.171 2.330 2.508 2.657
0.001 0.002 0.002 0.002 0.002 0.002 0.002 0.001 0.001 0.001 0.001 0.001 0.001 0.001 0.001 0.001 0.001 0.002 0.002 0.002 0.002 0.003 0.003 0.004 0.004 0.005 0.006 0.007 0.009 0.011 0.013 0.016 0.019 0.023 0.028 0.034 0.042 0.052 0.063 0.076 0.090 0.105 0.122 0.140 0.159 0.182 0.205 0.224 0.241 0.259 0.278 0.300 0.327 0.358 0.395 0.442 0.499 0.568 0.650 0.746 0.854 0.969 1.077 1.178 1.272 1.361 1.446 1.526 1.603 1.677 1.752 1.833 1.925 2.038 2.186 2.369 2.531
0.001 0.001 0.001 0.001 0.001 0.001 0.001 0.001 0.001 0.001 0.001 0.001 0.001 0.001 0.001 0.001 0.001 0.002 0.002 0.002 0.002 0.003 0.003 0.004 0.005 0.006 0.008 0.009 0.012 0.014 0.017 0.021 0.026 0.031 0.038 0.046 0.056 0.066 0.078 0.090 0.103 0.118 0.133 0.149 0.167 0.188 0.208 0.225 0.242 0.258 0.277 0.298 0.323 0.352 0.388 0.433 0.488 0.553 0.631 0.723 0.826 0.933 1.035 1.135 1.229 1.312 1.382 1.442 1.497 1.552 1.608 1.667 1.731 1.814 1.941 2.120 2.304
0.001 0.001 0.001 0.001 0.001 0.001 0.001 0.001 0.001 0.001 0.001 0.001 0.001 0.001 0.001 0.001 0.001 0.002 0.002 0.002 0.003 0.003 0.004 0.005 0.006 0.008 0.010 0.012 0.015 0.018 0.023 0.028 0.034 0.041 0.049 0.058 0.067 0.077 0.088 0.099 0.111 0.124 0.137 0.152 0.169 0.189 0.207 0.224 0.240 0.256 0.272 0.290 0.312 0.339 0.371 0.412 0.462 0.519 0.581 0.652 0.730 0.812 0.900 1.001 1.102 1.184 1.243 1.285 1.322 1.357 1.390 1.420 1.448 1.487 1.575 1.736 1.938
0.001 0.001 0.001 0.001 0.001 0.001 0.001 0.001 0.001 0.001 0.001 0.001 0.001 0.001 0.001 0.001 0.001 0.002 0.002 0.003 0.003 0.004 0.005 0.006 0.008 0.010 0.013 0.016 0.019 0.024 0.029 0.036 0.043 0.050 0.058 0.067 0.076 0.085 0.094 0.104 0.114 0.126 0.138 0.152 0.169 0.187 0.204 0.220 0.234 0.247 0.261 0.275 0.292 0.314 0.341 0.375 0.414 0.452 0.486 0.519 0.553 0.597 0.661 0.755 0.869 0.959 1.015 1.050 1.074 1.091 1.102 1.107 1.111 1.122 1.169 1.276 1.450
0.001 0.001 0.001 0.001 0.001 0.001 0.001 0.001 0.001 0.001 0.001 0.001 0.001 0.001 0.001 0.001 0.002 0.002 0.002 0.003 0.004 0.005 0.006 0.008 0.010 0.013 0.016 0.020 0.025 0.030 0.036 0.043 0.050 0.057 0.065 0.073 0.081 0.088 0.097 0.105 0.115 0.126 0.137 0.151 0.166 0.182 0.196 0.208 0.219 0.229 0.238 0.248 0.261 0.276 0.295 0.317 0.335 0.345 0.346 0.347 0.353 0.372 0.414 0.485 0.588 0.687 0.754 0.795 0.819 0.833 0.839 0.839 0.836 0.836 0.857 0.916 1.020
0.001 0.001 0.001 0.001 0.001 0.001 0.001 0.001 0.001 0.001 0.001 0.001 0.001 0.001 0.001 0.001 0.002 0.003 0.003 0.004 0.005 0.007 0.008 0.010 0.013 0.016 0.020 0.025 0.030 0.035 0.041 0.047 0.054 0.061 0.069 0.076 0.083 0.090 0.097 0.105 0.114 0.124 0.134 0.146 0.159 0.170 0.180 0.187 0.193 0.199 0.203 0.209 0.215 0.223 0.232 0.237 0.237 0.229 0.218 0.212 0.212 0.221 0.248 0.300 0.379 0.475 0.549 0.596 0.621 0.633 0.636 0.635 0.627 0.618 0.622 0.647 0.700
0.001 0.001 0.001 0.001 0.001 0.001 0.001 0.001 0.001 0.001 0.001 0.001 0.001 0.001 0.001 0.002 0.003 0.003 0.004 0.005 0.007 0.008 0.011 0.013 0.016 0.020 0.024 0.028 0.033 0.038 0.044 0.050 0.056 0.063 0.071 0.077 0.084 0.090 0.097 0.104 0.112 0.120 0.128 0.136 0.144 0.151 0.155 0.158 0.160 0.162 0.164 0.166 0.169 0.172 0.173 0.170 0.162 0.147 0.133 0.126 0.125 0.130 0.149 0.184 0.242 0.321 0.393 0.440 0.465 0.475 0.477 0.475 0.466 0.449 0.439 0.443 0.462
0.001 0.001 0.001 0.001 0.001 0.001 0.001 0.001 0.001 0.001 0.001 0.001 0.001 0.001 0.002 0.003 0.003 0.004 0.006 0.007 0.008 0.010 0.013 0.015 0.018 0.022 0.026 0.030 0.035 0.040 0.045 0.051 0.057 0.063 0.071 0.077 0.083 0.089 0.094 0.100 0.105 0.111 0.117 0.121 0.124 0.125 0.126 0.128 0.130 0.132 0.133 0.133 0.134 0.134 0.131 0.125 0.114 0.097 0.085 0.079 0.078 0.081 0.092 0.116 0.155 0.211 0.271 0.313 0.336 0.345 0.346 0.344 0.335 0.316 0.296 0.287 0.287
0.001 0.001 0.001 0.001 0.001 0.001 0.001 0.001 0.001 0.001 0.001 0.001 0.001 0.002 0.002 0.003 0.004 0.005 0.006 0.008 0.010 0.011 0.014 0.016 0.019 0.023 0.027 0.031 0.036 0.041 0.046 0.051 0.056 0.063 0.070 0.076 0.081 0.085 0.089 0.092 0.095 0.098 0.100 0.100 0.100 0.101 0.102 0.104 0.106 0.107 0.108 0.108 0.108 0.106 0.103 0.097 0.086 0.072 0.061 0.056 0.054 0.055 0.060 0.073 0.097 0.133 0.176 0.207 0.225 0.232 0.234 0.232 0.225 0.209 0.187 0.171 0.165
0.001 0.001 0.001 0.001 0.001 0.001 0.001 0.001 0.001 0.001 0.001 0.001 0.002 0.002 0.003 0.004 0.005 0.006 0.007 0.008 0.010 0.012 0.014 0.017 0.020 0.023 0.027 0.031 0.036 0.041 0.045 0.050 0.055 0.061 0.067 0.071 0.075 0.077 0.079 0.080 0.081 0.081 0.080 0.080 0.080 0.082 0.084 0.086 0.087 0.087 0.088 0.088 0.087 0.086 0.083 0.078 0.070 0.059 0.050 0.043 0.040 0.039 0.040 0.046 0.058 0.078 0.103 0.122 0.133 0.137 0.138 0.137 0.133 0.123 0.107 0.093 0.085
0.001 0.001 0.001 0.001 0.001 0.001 0.001 0.001 0.001 0.001 0.001 0.002 0.002 0.002 0.003 0.004 0.005 0.006 0.007 0.009 0.010 0.012 0.015 0.017 0.020 0.023 0.027 0.031 0.036 0.040 0.044 0.048 0.052 0.056 0.060 0.062 0.064 0.064 0.065 0.064 0.064 0.063 0.063 0.064 0.065 0.066 0.068 0.070 0.070 0.071 0.071 0.071 0.071 0.070 0.068 0.064 0.059 0.050 0.042 0.035 0.030 0.027 0.026 0.027 0.032 0.040 0.052 0.061 0.066 0.067 0.068 0.067 0.065 0.061 0.053 0.046 0.041
0.001 0.001 0.001 0.001 0.001 0.001 0.001 0.001 0.001 0.001 0.002 0.002 0.002 0.003 0.003 0.004 0.005 0.006 0.007 0.009 0.010 0.012 0.015 0.017 0.020 0.023 0.026 0.030 0.035 0.038 0.042 0.045 0.047 0.048 0.049 0.049 0.049 0.049 0.049 0.049 0.049 0.049 0.050 0.051 0.051 0.053 0.054 0.056 0.056 0.057 0.057 0.057 0.057 0.056 0.054 0.052 0.047 0.041 0.034 0.027 0.022 0.018 0.016 0.015 0.016 0.018 0.022 0.024 0.026 0.026 0.026 0.026 0.026 0.025 0.023 0.020 0.018
0.001 0.001 0.001 0.001 0.001 0.001 0.001 0.001 0.001 0.001 0.002 0.002 0.002 0.003 0.003 0.004 0.005 0.006 0.007 0.009 0.010 0.012 0.014 0.017 0.019 0.022 0.025 0.028 0.032 0.034 0.037 0.038 0.039 0.038 0.037 0.036 0.035 0.035 0.036 0.036 0.037 0.038 0.039 0.040 0.040 0.041 0.043 0.043 0.044 0.044 0.044 0.044 0.044 0.043 0.042 0.040 0.037 0.032 0.026 0.020 0.015 0.012 0.009 0.008 0.007 0.007 0.008 0.008 0.008 0.008 0.008 0.008 0.009 0.009 0.009 0.009 0.008
