RESULTS/r.avaflow_results/14b_results/14b_ascii/14b_hflow_max0050.asc
ncols 506
nrows 317
xllcenter 498237.50
yllcenter 5580050.00
cellsize 12.50
NODATA_value -9999.000
[rows 136 to 169 of 317, columns 152 to 227 of 506]
0.007 0.011 0.016 0.020 0.023 0.025 0.025 0.025 0.024 0.021 0.018 0.017 0.016 0.015 0.015 0.015 0.015 0.015 0.015 0.015 0.014 0.013 0.012 0.011 0.010 0.009 0.008 0.007 0.006 0.006 0.005 0.004 0.003 0.002 0.001 0.000 0.000 0.000 0.000 0.000 0.000 0.000 0.000 0.000 0.000 0.000 0.000 0.000 0.000 0.000 0.000 0.000 0.000 0.000 0.000 0.000 0.000 0.000 0.000 0.000 0.000 0.000 0.000 0.000 0.000 0.000 0.000 0.000 0.000 0.000 0.000 0.000 0.000 0.000 0.000 0.000
0.017 0.025 0.036 0.047 0.056 0.060 0.061 0.060 0.055 0.049 0.042 0.038 0.036 0.035 0.034 0.035 0.035 0.035 0.034 0.034 0.032 0.029 0.026 0.023 0.020 0.018 0.016 0.015 0.013 0.012 0.009 0.007 0.006 0.004 0.003 0.001 0.001 0.000 0.000 0.000 0.000 0.000 0.000 0.000 0.000 0.000 0.000 0.000 0.000 0.000 0.000 0.000 0.000 0.000 0.000 0.000 0.000 0.000 0.000 0.000 0.000 0.000 0.000 0.000 0.000 0.000 0.000 0.000 0.000 0.000 0.000 0.000 0.000 0.000 0.000 0.000
0.039 0.055 0.078 0.103 0.123 0.136 0.141 0.138 0.129 0.115 0.101 0.091 0.086 0.085 0.087 0.090 0.089 0.087 0.084 0.081 0.077 0.071 0.064 0.056 0.049 0.043 0.038 0.034 0.031 0.027 0.021 0.015 0.011 0.007 0.005 0.003 0.002 0.001 0.001 0.000 0.000 0.000 0.000 0.000 0.000 0.000 0.000 0.000 0.000 0.000 0.000 0.000 0.000 0.000 0.000 0.000 0.000 0.000 0.000 0.000 0.000 0.000 0.000 0.000 0.000 0.000 0.000 0.000 0.000 0.000 0.000 0.000 0.000 0.000 0.000 0.000
0.077 0.108 0.151 0.196 0.233 0.260 0.273 0.275 0.265 0.247 0.224 0.207 0.202 0.206 0.219 0.230 0.230 0.224 0.217 0.210 0.201 0.189 0.172 0.151 0.130 0.113 0.099 0.087 0.077 0.067 0.054 0.037 0.023 0.014 0.009 0.006 0.004 0.003 0.002 0.001 0.000 0.000 0.000 0.000 0.000 0.000 0.000 0.000 0.000 0.000 0.000 0.000 0.000 0.000 0.000 0.000 0.000 0.000 0.000 0.000 0.000 0.000 0.000 0.000 0.000 0.000 0.000 0.000 0.000 0.000 0.000 0.000 0.000 0.000 0.000 0.000
0.132 0.181 0.237 0.293 0.336 0.369 0.392 0.405 0.409 0.404 0.394 0.390 0.398 0.425 0.467 0.500 0.512 0.512 0.508 0.502 0.491 0.472 0.441 0.398 0.350 0.301 0.255 0.218 0.189 0.163 0.133 0.094 0.057 0.031 0.017 0.010 0.007 0.005 0.003 0.002 0.001 0.000 0.000 0.000 0.000 0.000 0.000 0.000 0.000 0.000 0.000 0.000 0.000 0.000 0.000 0.000 0.000 0.000 0.000 0.000 0.000 0.000 0.000 0.000 0.000 0.000 0.000 0.000 0.000 0.000 0.000 0.000 0.000 0.000 0.000 0.000
0.189 0.243 0.301 0.359 0.407 0.444 0.472 0.500 0.525 0.542 0.558 0.583 0.630 0.699 0.766 0.815 0.850 0.877 0.899 0.917 0.922 0.909 0.879 0.832 0.766 0.684 0.589 0.500 0.423 0.358 0.291 0.212 0.132 0.070 0.035 0.019 0.011 0.007 0.005 0.004 0.002 0.001 0.001 0.000 0.000 0.000 0.000 0.000 0.000 0.000 0.000 0.000 0.000 0.000 0.000 0.000 0.000 0.000 0.000 0.000 0.000 0.000 0.000 0.000 0.000 0.000 0.000 0.000 0.000 0.000 0.000 0.000 0.000 0.000 0.000 0.000
0.238 0.293 0.351 0.408 0.457 0.509 0.568 0.618 0.659 0.695 0.734 0.791 0.873 0.954 1.023 1.076 1.121 1.166 1.207 1.240 1.256 1.251 1.230 1.198 1.150 1.078 0.982 0.872 0.761 0.654 0.543 0.412 0.272 0.151 0.076 0.038 0.021 0.013 0.009 0.006 0.004 0.003 0.002 0.001 0.000 0.000 0.000 0.000 0.000 0.000 0.000 0.000 0.000 0.000 0.000 0.000 0.000 0.000 0.000 0.000 0.000 0.000 0.000 0.000 0.000 0.000 0.000 0.000 0.000 0.000 0.000 0.000 0.000 0.000 0.000 0.000
0.287 0.342 0.398 0.474 0.556 0.630 0.702 0.768 0.825 0.878 0.939 1.020 1.110 1.186 1.247 1.297 1.341 1.380 1.414 1.446 1.463 1.468 1.457 1.436 1.399 1.339 1.250 1.135 1.006 0.874 0.739 0.597 0.448 0.290 0.156 0.078 0.041 0.024 0.016 0.011 0.008 0.006 0.004 0.003 0.002 0.001 0.000 0.000 0.000 0.000 0.000 0.000 0.000 0.000 0.000 0.000 0.000 0.000 0.000 0.000 0.000 0.000 0.000 0.000 0.000 0.000 0.000 0.000 0.000 0.000 0.000 0.000 0.000 0.000 0.000 0.000
0.339 0.412 0.502 0.608 0.709 0.797 0.878 0.956 1.027 1.097 1.175 1.268 1.357 1.428 1.482 1.525 1.561 1.592 1.609 1.620 1.633 1.634 1.624 1.615 1.597 1.549 1.469 1.350 1.204 1.043 0.878 0.726 0.578 0.432 0.279 0.152 0.082 0.048 0.032 0.024 0.018 0.014 0.009 0.006 0.004 0.002 0.002 0.002 0.001 0.001 0.001 0.000 0.000 0.000 0.000 0.000 0.000 0.000 0.000 0.000 0.000 0.000 0.000 0.000 0.000 0.000 0.000 0.000 0.000 0.000 0.000 0.000 0.000 0.000 0.000 0.000
0.432 0.536 0.665 0.806 0.931 1.032 1.119 1.201 1.281 1.363 1.456 1.554 1.637 1.702 1.749 1.782 1.806 1.824 1.832 1.832 1.821 1.802 1.772 1.758 1.758 1.716 1.634 1.510 1.350 1.165 0.986 0.816 0.662 0.528 0.401 0.269 0.161 0.101 0.072 0.057 0.047 0.038 0.026 0.015 0.009 0.006 0.005 0.004 0.003 0.003 0.002 0.002 0.002 0.001 0.001 0.001 0.001 0.001 0.001 0.001 0.000 0.000 0.000 0.000 0.000 0.000 0.000 0.000 0.000 0.000 0.000 0.000 0.000 0.000 0.000 0.000
0.597 0.764 0.942 1.113 1.261 1.376 1.466 1.546 1.625 1.709 1.806 1.897 1.967 2.018 2.051 2.070 2.087 2.101 2.106 2.101 2.085 2.059 2.024 1.977 1.927 1.881 1.787 1.647 1.466 1.261 1.072 0.891 0.736 0.620 0.521 0.417 0.305 0.220 0.176 0.152 0.136 0.115 0.083 0.048 0.027 0.016 0.011 0.009 0.008 0.007 0.006 0.005 0.004 0.004 0.004 0.003 0.003 0.003 0.002 0.002 0.002 0.001 0.001 0.001 0.001 0.001 0.000 0.000 0.000 0.000 0.000 0.000 0.000 0.000 0.000 0.000
0.919 1.170 1.404 1.604 1.764 1.890 1.981 2.054 2.124 2.197 2.277 2.341 2.376 2.391 2.401 2.425 2.450 2.469 2.478 2.470 2.444 2.408 2.363 2.308 2.238 2.143 2.012 1.841 1.632 1.400 1.171 1.000 0.878 0.785 0.711 0.648 0.575 0.499 0.448 0.418 0.397 0.358 0.274 0.165 0.089 0.050 0.032 0.024 0.019 0.016 0.013 0.011 0.009 0.008 0.007 0.007 0.006 0.006 0.005 0.005 0.004 0.004 0.003 0.003 0.002 0.002 0.002 0.001 0.001 0.001 0.001 0.000 0.000 0.000 0.000 0.000
1.534 1.875 2.151 2.363 2.524 2.649 2.741 2.805 2.854 2.899 2.937 2.936 2.912 2.918 2.927 2.938 2.952 2.964 2.965 2.946 2.907 2.856 2.798 2.730 2.648 2.535 2.381 2.181 1.940 1.688 1.478 1.321 1.206 1.122 1.099 1.094 1.091 1.067 1.025 1.005 0.993 0.929 0.772 0.519 0.295 0.166 0.103 0.072 0.055 0.044 0.035 0.028 0.021 0.016 0.014 0.013 0.012 0.011 0.010 0.009 0.008 0.007 0.006 0.006 0.005 0.004 0.004 0.003 0.003 0.002 0.002 0.002 0.002 0.002 0.001 0.001
2.659 3.059 3.326 3.516 3.658 3.765 3.844 3.893 3.907 3.892 3.844 3.758 3.720 3.695 3.672 3.653 3.640 3.631 3.618 3.586 3.534 3.464 3.384 3.298 3.196 3.062 2.887 2.672 2.417 2.187 2.019 1.906 1.837 1.805 1.807 1.840 1.921 1.965 1.953 1.967 1.954 1.872 1.650 1.274 0.837 0.516 0.331 0.233 0.178 0.142 0.113 0.088 0.064 0.045 0.032 0.026 0.023 0.021 0.018 0.016 0.014 0.013 0.012 0.010 0.009 0.008 0.007 0.006 0.006 0.005 0.005 0.004 0.004 0.004 0.004 0.004
4.579 4.940 5.111 5.226 5.323 5.388 5.426 5.427 5.375 5.252 5.071 4.940 4.853 4.771 4.697 4.631 4.572 4.515 4.475 4.438 4.380 4.297 4.197 4.094 3.972 3.819 3.645 3.445 3.223 3.046 2.926 2.862 2.845 2.865 2.938 3.036 3.124 3.168 3.171 3.156 3.130 3.060 2.872 2.482 1.893 1.337 0.960 0.725 0.575 0.468 0.382 0.303 0.225 0.152 0.099 0.069 0.055 0.047 0.040 0.034 0.029 0.025 0.022 0.020 0.018 0.016 0.014 0.012 0.011 0.010 0.009 0.008 0.008 0.007 0.007 0.007
7.516 7.716 7.732 7.728 7.735 7.724 7.665 7.537 7.339 7.065 6.761 6.596 6.439 6.273 6.115 5.972 5.837 5.709 5.634 5.604 5.553 5.470 5.364 5.247 5.105 4.948 4.790 4.625 4.467 4.353 4.277 4.285 4.354 4.449 4.538 4.594 4.613 4.604 4.579 4.542 4.488 4.387 4.209 3.921 3.456 2.833 2.306 1.940 1.662 1.432 1.224 1.013 0.779 0.532 0.342 0.218 0.163 0.129 0.105 0.085 0.069 0.058 0.050 0.044 0.039 0.034 0.029 0.025 0.021 0.019 0.017 0.015 0.014 0.014 0.014 0.014
11.160 11.230 11.172 11.102 11.011 10.861 10.625 10.287 9.896 9.428 8.979 8.733 8.502 8.257 8.003 7.768 7.566 7.401 7.299 7.276 7.245 7.181 7.085 6.954 6.786 6.599 6.416 6.290 6.234 6.222 6.242 6.298 6.393 6.474 6.521 6.542 6.531 6.499 6.449 6.379 6.266 6.085 5.847 5.585 5.284 4.902 4.502 4.147 3.824 3.503 3.162 2.753 2.237 1.641 1.103 0.713 0.516 0.391 0.308 0.244 0.193 0.157 0.132 0.115 0.101 0.088 0.074 0.060 0.049 0.041 0.036 0.032 0.030 0.029 0.028 0.029
15.384 15.387 15.298 15.130 14.858 14.493 14.023 13.482 12.877 12.155 11.490 11.131 10.830 10.545 10.281 10.037 9.859 9.765 9.729 9.717 9.692 9.628 9.515 9.348 9.114 8.893 8.752 8.689 8.702 8.758 8.823 8.900 8.979 9.017 9.020 8.997 8.943 8.871 8.773 8.628 8.415 8.134 7.833 7.561 7.326 7.114 6.927 6.742 6.520 6.238 5.874 5.381 4.708 3.837 2.868 1.996 1.493 1.142 0.895 0.710 0.562 0.456 0.385 0.334 0.293 0.254 0.208 0.167 0.135 0.112 0.095 0.082 0.076 0.074 0.074 0.076
20.062 20.035 19.952 19.653 19.100 18.432 17.696 16.910 16.040 15.061 14.246 13.762 13.413 13.131 12.931 12.814 12.841 12.941 12.986 12.952 12.885 12.765 12.576 12.328 12.031 11.821 11.735 11.734 11.768 11.809 11.841 11.860 11.844 11.789 11.710 11.592 11.439 11.259 11.029 10.721 10.359 9.977 9.634 9.341 9.100 8.926 8.807 8.702 8.559 8.349 8.057 7.665 7.127 6.388 5.462 4.399 3.351 2.720 2.230 1.830 1.486 1.238 1.075 0.951 0.844 0.725 0.592 0.490 0.410 0.346 0.295 0.255 0.234 0.228 0.231 0.236
24.952 24.905 24.783 24.287 23.425 22.419 21.386 20.272 19.120 18.018 17.191 16.612 16.234 16.038 15.988 16.061 16.189 16.287 16.300 16.222 16.119 15.956 15.704 15.406 15.142 14.960 14.896 14.881 14.863 14.823 14.772 14.711 14.611 14.473 14.311 14.105 13.838 13.481 13.046 12.558 12.070 11.623 11.226 10.867 10.557 10.311 10.113 9.934 9.743 9.518 9.285 8.998 8.625 8.128 7.494 6.709 5.833 4.958 4.080 3.374 2.995 2.686 2.452 2.273 2.087 1.835 1.562 1.372 1.222 1.079 0.943 0.824 0.754 0.726 0.724 0.722
30.163 30.103 29.732 28.923 27.702 26.315 24.954 23.537 22.176 21.064 20.308 19.774 19.467 19.363 19.371 19.389 19.393 19.404 19.386 19.315 19.192 19.015 18.754 18.467 18.279 18.166 18.052 17.919 17.782 17.650 17.508 17.376 17.218 17.017 16.787 16.495 16.066 15.499 14.882 14.261 13.681 13.151 12.649 12.183 11.767 11.402 11.070 10.757 10.487 10.243 9.997 9.721 9.389 8.997 8.545 8.007 7.387 6.738 6.176 5.572 4.908 4.163 3.869 3.735 3.586 3.372 3.176 3.050 2.912 2.746 2.530 2.283 2.106 2.006 1.956 1.883
35.980 35.646 34.763 33.485 31.831 30.094 28.449 26.861 25.434 24.363 23.651 23.206 22.950 22.790 22.668 22.550 22.437 22.342 22.276 22.144 21.975 21.806 21.582 21.351 21.225 21.171 21.036 20.823 20.576 20.317 20.084 19.871 19.657 19.414 19.091 18.628 18.015 17.298 16.558 15.841 15.155 14.497 13.878 13.301 12.776 12.285 11.824 11.402 11.024 10.696 10.400 10.093 9.746 9.357 8.947 8.516 8.068 7.632 7.217 6.882 6.551 6.179 5.731 5.204 4.798 4.684 4.634 4.643 4.628 4.556 4.402 4.189 3.992 3.848 3.798 3.671
41.824 41.107 39.785 37.940 35.797 33.735 31.906 30.315 29.005 28.000 27.227 26.698 26.383 26.139 25.871 25.627 25.424 25.230 25.026 24.769 24.538 24.354 24.166 24.014 23.946 23.883 23.745 23.517 23.237 22.924 22.588 22.269 21.939 21.553 21.055 20.420 19.692 18.884 18.034 17.215 16.415 15.622 14.869 14.201 13.594 13.018 12.472 11.941 11.454 11.030 10.639 10.258 9.857 9.453 9.035 8.630 8.262 7.937 7.638 7.420 7.255 7.120 6.963 6.804 6.584 6.237 5.741 5.656 5.701 5.728 5.699 5.587 5.349 5.122 4.990 4.878
47.003 45.875 44.112 42.044 39.749 37.395 35.372 33.842 32.575 31.582 30.782 30.149 29.666 29.278 28.955 28.701 28.482 28.234 27.901 27.499 27.121 26.893 26.732 26.634 26.581 26.471 26.302 26.086 25.802 25.451 25.034 24.560 24.013 23.367 22.635 21.855 21.045 20.186 19.260 18.296 17.362 16.485 15.660 14.928 14.246 13.604 12.989 12.385 11.825 11.298 10.815 10.366 9.919 9.481 9.052 8.653 8.319 8.044 7.812 7.639 7.514 7.442 7.409 7.392 7.359 7.253 7.073 6.782 6.355 6.278 6.424 6.574 6.400 6.038 5.749 5.549
51.579 49.916 47.934 45.707 43.313 41.005 38.984 37.300 35.909 34.897 34.062 33.314 32.635 32.108 31.838 31.769 31.618 31.374 31.054 30.584 30.055 29.727 29.564 29.450 29.295 29.123 28.905 28.642 28.285 27.817 27.236 26.546 25.772 24.912 23.945 22.953 22.037 21.102 20.134 19.135 18.138 17.188 16.323 15.525 14.789 14.093 13.427 12.784 12.166 11.581 11.019 10.479 9.957 9.466 9.017 8.605 8.260 7.995 7.800 7.687 7.618 7.585 7.588 7.601 7.597 7.560 7.498 7.385 7.206 6.959 6.809 7.150 7.169 6.819 6.409 6.032
55.686 53.635 51.294 48.842 46.491 44.215 42.258 40.666 39.162 37.916 36.996 36.199 35.444 34.840 34.589 34.784 34.780 34.631 34.444 34.125 33.596 33.077 32.746 32.438 32.085 31.792 31.490 31.035 30.493 29.860 29.119 28.231 27.250 26.211 25.094 23.962 22.852 21.784 20.750 19.712 18.690 17.729 16.851 16.032 15.249 14.499 13.788 13.122 12.480 11.852 11.244 10.655 10.085 9.550 9.062 8.607 8.213 7.905 7.697 7.559 7.486 7.463 7.504 7.588 7.657 7.668 7.628 7.578 7.518 7.429 7.290 7.475 7.671 7.441 7.001 6.501
59.364 56.784 54.113 51.582 49.388 47.235 45.290 43.675 42.153 40.833 39.790 38.809 37.958 37.380 37.206 37.635 37.882 37.940 37.830 37.614 37.209 36.688 36.126 35.532 34.866 34.319 33.803 33.178 32.473 31.676 30.792 29.748 28.568 27.320 26.089 24.810 23.451 22.184 21.074 20.032 19.025 18.084 17.210 16.388 15.596 14.843 14.126 13.435 12.748 12.087 11.462 10.874 10.312 9.777 9.274 8.804 8.388 8.044 7.759 7.525 7.355 7.242 7.216 7.269 7.397 7.542 7.621 7.631 7.644 7.612 7.564 7.646 7.973 7.889 7.491 6.946
62.739 59.754 56.713 54.155 52.009 49.977 48.140 46.407 44.855 43.537 42.452 41.400 40.452 39.823 39.674 40.084 40.639 40.812 40.816 40.671 40.340 39.903 39.445 38.641 37.702 36.750 35.873 35.087 34.257 33.319 32.301 31.108 29.719 28.316 26.891 25.413 23.892 22.426 21.176 20.113 19.154 18.243 17.382 16.556 15.795 15.088 14.421 13.762 13.094 12.426 11.787 11.229 10.704 10.194 9.719 9.278 8.874 8.486 8.115 7.806 7.542 7.309 7.133 6.992 7.002 7.085 7.277 7.481 7.595 7.619 7.623 7.648 8.099 8.130 7.834 7.345
65.461 61.815 58.751 56.297 54.215 52.342 50.748 49.133 47.602 46.325 45.311 44.171 43.193 42.621 42.448 42.605 42.975 43.317 43.379 43.259 42.996 42.710 42.345 41.637 40.543 39.269 37.974 36.816 35.769 34.687 33.537 32.183 30.704 29.114 27.479 25.806 24.171 22.630 21.237 20.072 19.078 18.193 17.365 16.590 15.863 15.181 14.548 13.924 13.297 12.687 12.093 11.538 11.028 10.567 10.153 9.770 9.418 9.082 8.753 8.439 8.145 7.880 7.618 7.347 7.108 6.993 7.083 7.118 7.173 7.366 7.459 7.489 7.973 8.159 7.956 7.606
67.819 63.502 60.353 58.143 56.255 54.793 53.625 52.364 50.980 49.744 48.797 47.802 47.057 46.654 46.121 45.659 45.291 45.343 45.423 45.502 45.342 45.096 44.736 44.116 43.004 41.625 39.978 38.427 37.129 35.847 34.530 33.129 31.511 29.713 27.871 26.055 24.364 22.830 21.406 20.112 18.995 18.051 17.230 16.506 15.841 15.194 14.580 13.983 13.388 12.840 12.313 11.796 11.325 10.900 10.509 10.168 9.848 9.524 9.203 8.902 8.611 8.349 8.084 7.805 7.531 7.268 7.024 6.814 6.770 6.723 6.839 7.052 7.600 7.926 7.949 7.710
69.841 65.697 62.724 60.916 59.530 58.371 57.388 56.477 55.358 54.251 53.465 52.622 52.013 51.529 50.911 49.964 48.946 47.623 47.129 47.457 47.534 47.428 47.005 46.097 44.950 43.637 41.931 40.064 38.448 36.929 35.500 33.947 32.225 30.319 28.277 26.318 24.568 23.002 21.588 20.282 19.099 18.099 17.226 16.474 15.813 15.201 14.593 14.000 13.433 12.920 12.440 11.977 11.540 11.142 10.797 10.495 10.195 9.888 9.568 9.257 8.950 8.665 8.390 8.099 7.812 7.533 7.250 6.963 6.673 6.439 6.263 6.256 6.774 7.438 7.719 7.633
72.323 69.202 66.893 65.220 64.479 63.603 62.488 61.730 60.571 59.419 58.678 57.851 57.198 56.700 55.975 54.665 53.327 51.607 49.926 49.217 49.303 49.177 48.655 47.623 46.475 45.163 43.462 41.613 39.772 38.099 36.472 34.748 32.900 30.905 28.777 26.734 24.872 23.207 21.749 20.604 19.561 18.583 17.668 16.802 15.998 15.274 14.632 14.001 13.436 12.934 12.472 12.189 11.907 11.572 11.197 10.779 10.461 10.155 9.839 9.514 9.196 8.888 8.587 8.316 8.050 7.783 7.492 7.174 6.831 6.497 6.185 5.899 5.733 6.581 7.214 7.415
76.070 73.941 72.459 71.505 70.963 70.392 69.361 68.402 67.094 66.033 65.231 64.217 63.360 62.551 61.538 60.017 58.498 56.598 54.390 52.512 50.784 50.407 49.779 48.773 47.606 46.177 44.502 42.799 40.949 39.197 37.458 35.583 33.641 31.587 29.419 27.303 25.373 23.664 22.240 21.118 20.119 19.162 18.231 17.323 16.472 15.682 14.933 14.215 13.691 13.336 13.022 12.757 12.447 12.099 11.726 11.448 11.207 10.881 10.519 10.133 9.760 9.440 9.129 8.789 8.446 8.110 7.758 7.401 7.038 6.666 6.324 6.015 5.745 5.541 6.428 6.923
81.410 80.630 80.086 79.606 79.640 79.067 77.969 77.093 75.702 74.335 73.315 72.097 70.859 69.732 68.456 66.685 65.111 63.025 60.302 57.681 54.671 51.811 51.001 49.750 48.368 46.845 45.106 43.404 41.670 39.968 38.249 36.361 34.369 32.300 30.180 28.110 26.152 24.431 22.952 21.736 20.668 19.671 18.702 17.761 16.896 16.100 15.378 14.714 14.326 13.990 13.667 13.355 12.978 12.738 12.510 12.201 11.832 11.459 11.072 10.667 10.263 9.896 9.550 9.177 8.781 8.393 8.002 7.599 7.202 6.798 6.442 6.143 5.890 5.714 5.596 6.212
