RESULTS/r.avaflow_results/14b_results/14b_ascii/14b_hflow_fin.asc
ncols 506
nrows 317
xllcenter 498237.50
yllcenter 5580050.00
cellsize 12.50
NODATA_value -9999.000
[rows 170 to 203 of 317, columns 228 to 303 of 506]
5.933 5.812 5.710 5.628 5.573 5.535 5.524 5.569 5.685 5.868 6.111 6.334 6.501 6.593 6.605 6.557 6.408 6.115 5.663 5.065 4.330 3.369 2.180 1.195 0.595 0.290 0.146 0.078 0.045 0.027 0.018 0.013 0.009 0.007 0.005 0.003 0.002 0.001 0.001 0.000 0.000 0.000 0.000 0.000 0.000 0.000 0.000 0.000 0.000 0.000 0.000 0.000 0.000 0.000 0.000 0.000 0.000 0.000 0.000 0.000 0.000 0.000 0.000 0.000 0.000 0.000 0.000 0.000 0.000 0.000 0.000 0.000 0.000 0.000 0.000 0.000
6.264 6.130 6.000 5.889 5.805 5.748 5.734 5.776 5.886 6.077 6.358 6.647 6.852 6.942 6.931 6.845 6.671 6.384 5.962 5.416 4.751 3.881 2.697 1.588 0.864 0.457 0.242 0.130 0.073 0.043 0.027 0.018 0.012 0.009 0.007 0.005 0.003 0.002 0.001 0.001 0.000 0.000 0.000 0.000 0.000 0.000 0.000 0.000 0.000 0.000 0.000 0.000 0.000 0.000 0.000 0.000 0.000 0.000 0.000 0.000 0.000 0.000 0.000 0.000 0.000 0.000 0.000 0.000 0.000 0.000 0.000 0.000 0.000 0.000 0.000 0.000
6.550 6.405 6.256 6.125 6.019 5.950 5.936 5.977 6.077 6.259 6.544 6.858 7.072 7.161 7.140 7.030 6.834 6.547 6.154 5.649 5.028 4.238 3.142 1.993 1.163 0.656 0.363 0.200 0.112 0.064 0.039 0.025 0.017 0.012 0.009 0.006 0.005 0.003 0.002 0.001 0.001 0.000 0.000 0.000 0.000 0.000 0.000 0.000 0.000 0.000 0.000 0.000 0.000 0.000 0.000 0.000 0.000 0.000 0.000 0.000 0.000 0.000 0.000 0.000 0.000 0.000 0.000 0.000 0.000 0.000 0.000 0.000 0.000 0.000 0.000 0.000
6.803 6.645 6.489 6.358 6.247 6.172 6.149 6.184 6.273 6.437 6.703 6.995 7.193 7.279 7.254 7.130 6.916 6.630 6.261 5.789 5.202 4.487 3.538 2.433 1.507 0.890 0.510 0.288 0.162 0.093 0.055 0.035 0.023 0.016 0.011 0.008 0.006 0.004 0.003 0.002 0.001 0.001 0.000 0.000 0.000 0.000 0.000 0.000 0.000 0.000 0.000 0.000 0.000 0.000 0.000 0.000 0.000 0.000 0.000 0.000 0.000 0.000 0.000 0.000 0.000 0.000 0.000 0.000 0.000 0.000 0.000 0.000 0.000 0.000 0.000 0.000
7.043 6.871 6.713 6.594 6.499 6.428 6.394 6.407 6.476 6.622 6.863 7.099 7.253 7.322 7.286 7.154 6.936 6.653 6.300 5.867 5.337 4.702 3.904 2.907 1.928 1.184 0.697 0.400 0.227 0.129 0.076 0.047 0.031 0.021 0.015 0.011 0.008 0.006 0.004 0.003 0.002 0.001 0.001 0.000 0.000 0.000 0.000 0.000 0.000 0.000 0.000 0.000 0.000 0.000 0.000 0.000 0.000 0.000 0.000 0.000 0.000 0.000 0.000 0.000 0.000 0.000 0.000 0.000 0.000 0.000 0.000 0.000 0.000 0.000 0.000 0.000
7.282 7.098 6.941 6.831 6.754 6.690 6.652 6.652 6.704 6.828 7.029 7.197 7.294 7.321 7.266 7.131 6.912 6.632 6.297 5.911 5.467 4.934 4.257 3.370 2.408 1.568 0.958 0.556 0.313 0.175 0.102 0.062 0.040 0.027 0.018 0.013 0.010 0.007 0.005 0.004 0.003 0.002 0.001 0.001 0.001 0.000 0.000 0.000 0.000 0.000 0.000 0.000 0.000 0.000 0.000 0.000 0.000 0.000 0.000 0.000 0.000 0.000 0.000 0.000 0.000 0.000 0.000 0.000 0.000 0.000 0.000 0.000 0.000 0.000 0.000 0.001
7.543 7.342 7.183 7.074 7.001 6.949 6.921 6.931 6.979 7.072 7.198 7.286 7.306 7.261 7.165 7.024 6.819 6.559 6.258 5.928 5.570 5.133 4.554 3.793 2.912 2.057 1.332 0.800 0.448 0.243 0.137 0.083 0.052 0.034 0.022 0.016 0.012 0.009 0.007 0.005 0.004 0.003 0.002 0.002 0.001 0.001 0.000 0.000 0.000 0.000 0.000 0.000 0.000 0.000 0.000 0.000 0.000 0.000 0.000 0.000 0.000 0.000 0.000 0.000 0.000 0.000 0.000 0.000 0.000 0.000 0.000 0.000 0.000 0.001 0.001 0.002
7.834 7.618 7.448 7.330 7.249 7.209 7.205 7.231 7.265 7.315 7.350 7.343 7.272 7.146 6.992 6.827 6.643 6.425 6.177 5.907 5.612 5.247 4.757 4.134 3.388 2.596 1.833 1.171 0.679 0.365 0.196 0.113 0.068 0.042 0.027 0.019 0.014 0.011 0.008 0.007 0.005 0.004 0.003 0.002 0.002 0.001 0.001 0.000 0.000 0.000 0.000 0.000 0.000 0.000 0.000 0.000 0.000 0.000 0.000 0.000 0.000 0.000 0.000 0.000 0.000 0.000 0.000 0.000 0.000 0.000 0.000 0.001 0.001 0.002 0.003 0.005
8.163 7.937 7.748 7.613 7.524 7.487 7.500 7.518 7.526 7.519 7.476 7.378 7.232 7.052 6.857 6.671 6.481 6.282 6.070 5.849 5.600 5.290 4.885 4.382 3.797 3.117 2.388 1.672 1.043 0.587 0.310 0.167 0.094 0.054 0.033 0.022 0.016 0.012 0.010 0.008 0.007 0.005 0.004 0.004 0.003 0.002 0.002 0.001 0.001 0.000 0.000 0.000 0.000 0.000 0.000 0.000 0.000 0.000 0.000 0.000 0.000 0.000 0.000 0.000 0.000 0.000 0.000 0.000 0.000 0.001 0.001 0.002 0.003 0.005 0.006 0.008
8.542 8.300 8.089 7.935 7.842 7.802 7.792 7.776 7.744 7.677 7.568 7.408 7.218 7.008 6.794 6.598 6.403 6.201 5.994 5.785 5.564 5.305 4.982 4.594 4.129 3.570 2.918 2.231 1.547 0.942 0.524 0.276 0.143 0.074 0.041 0.026 0.019 0.015 0.012 0.010 0.008 0.007 0.006 0.005 0.004 0.003 0.003 0.002 0.002 0.001 0.001 0.001 0.001 0.001 0.001 0.001 0.001 0.001 0.001 0.001 0.001 0.001 0.001 0.001 0.001 0.001 0.001 0.001 0.002 0.002 0.003 0.005 0.006 0.008 0.010 0.014
8.988 8.727 8.495 8.326 8.210 8.140 8.068 7.999 7.916 7.795 7.635 7.439 7.223 6.998 6.773 6.565 6.365 6.165 5.964 5.761 5.551 5.327 5.074 4.777 4.404 3.936 3.390 2.779 2.120 1.445 0.876 0.489 0.248 0.117 0.057 0.033 0.022 0.017 0.014 0.012 0.010 0.009 0.007 0.007 0.006 0.005 0.004 0.004 0.003 0.003 0.003 0.003 0.003 0.003 0.003 0.003 0.003 0.003 0.003 0.003 0.004 0.004 0.004 0.004 0.004 0.004 0.004 0.005 0.005 0.006 0.007 0.008 0.010 0.013 0.016 0.021
9.448 9.183 8.949 8.760 8.603 8.468 8.337 8.208 8.064 7.894 7.703 7.487 7.255 7.016 6.777 6.556 6.347 6.147 5.954 5.764 5.575 5.384 5.175 4.925 4.613 4.230 3.781 3.276 2.689 2.039 1.406 0.873 0.481 0.227 0.098 0.048 0.030 0.022 0.018 0.015 0.012 0.011 0.010 0.009 0.008 0.007 0.007 0.006 0.006 0.005 0.005 0.005 0.005 0.005 0.005 0.006 0.006 0.006 0.007 0.007 0.008 0.008 0.009 0.009 0.009 0.009 0.009 0.009 0.009 0.010 0.011 0.013 0.016 0.020 0.026 0.036
9.872 9.594 9.368 9.169 8.976 8.786 8.599 8.410 8.213 8.005 7.787 7.552 7.306 7.056 6.802 6.568 6.350 6.145 5.959 5.790 5.633 5.464 5.275 5.049 4.776 4.462 4.104 3.694 3.224 2.662 2.069 1.498 0.962 0.507 0.222 0.093 0.049 0.032 0.024 0.020 0.016 0.014 0.012 0.011 0.010 0.010 0.009 0.009 0.009 0.009 0.009 0.009 0.009 0.009 0.009 0.010 0.010 0.011 0.011 0.012 0.014 0.015 0.015 0.016 0.016 0.016 0.015 0.015 0.016 0.016 0.018 0.020 0.025 0.032 0.045 0.070
10.236 9.944 9.710 9.516 9.314 9.104 8.863 8.616 8.374 8.138 7.894 7.637 7.378 7.115 6.851 6.603 6.374 6.164 5.983 5.832 5.699 5.539 5.358 5.152 4.918 4.660 4.374 4.044 3.673 3.249 2.765 2.253 1.689 1.061 0.537 0.236 0.111 0.063 0.042 0.031 0.024 0.019 0.016 0.015 0.014 0.013 0.013 0.013 0.013 0.013 0.013 0.013 0.014 0.014 0.015 0.015 0.016 0.017 0.018 0.020 0.022 0.024 0.026 0.026 0.026 0.025 0.025 0.024 0.025 0.025 0.028 0.032 0.041 0.057 0.090 0.156
10.513 10.220 9.978 9.787 9.592 9.381 9.123 8.842 8.560 8.290 8.019 7.744 7.474 7.209 6.943 6.689 6.453 6.239 6.051 5.892 5.755 5.597 5.417 5.227 5.033 4.827 4.595 4.324 4.017 3.676 3.295 2.861 2.345 1.698 1.044 0.558 0.285 0.153 0.090 0.059 0.041 0.030 0.024 0.020 0.019 0.018 0.018 0.018 0.018 0.018 0.019 0.020 0.020 0.021 0.022 0.024 0.025 0.026 0.029 0.033 0.037 0.041 0.044 0.045 0.044 0.042 0.040 0.039 0.039 0.041 0.047 0.057 0.077 0.118 0.198 0.341
10.715 10.431 10.192 9.992 9.795 9.586 9.348 9.074 8.783 8.480 8.182 7.902 7.626 7.365 7.108 6.861 6.627 6.407 6.192 5.990 5.813 5.643 5.466 5.289 5.118 4.941 4.746 4.525 4.272 3.979 3.630 3.202 2.687 2.112 1.537 1.018 0.626 0.371 0.219 0.131 0.082 0.054 0.038 0.031 0.027 0.026 0.026 0.026 0.026 0.027 0.028 0.029 0.031 0.033 0.035 0.038 0.041 0.045 0.051 0.060 0.068 0.074 0.079 0.080 0.078 0.073 0.069 0.067 0.068 0.074 0.087 0.113 0.162 0.251 0.401 0.625
10.851 10.585 10.346 10.134 9.934 9.725 9.496 9.250 8.985 8.705 8.414 8.135 7.864 7.603 7.350 7.107 6.875 6.635 6.373 6.108 5.884 5.697 5.527 5.357 5.183 5.010 4.837 4.659 4.454 4.200 3.866 3.422 2.884 2.362 1.903 1.471 1.073 0.737 0.474 0.293 0.179 0.112 0.073 0.053 0.043 0.040 0.039 0.039 0.040 0.041 0.042 0.045 0.050 0.055 0.060 0.066 0.074 0.088 0.106 0.123 0.135 0.143 0.149 0.150 0.147 0.136 0.128 0.126 0.130 0.144 0.178 0.240 0.336 0.477 0.663 0.870
10.938 10.696 10.452 10.224 10.017 9.812 9.590 9.365 9.134 8.914 8.689 8.438 8.169 7.894 7.623 7.356 7.099 6.829 6.533 6.229 5.973 5.767 5.592 5.421 5.243 5.073 4.919 4.762 4.584 4.353 4.024 3.575 3.039 2.570 2.182 1.831 1.492 1.159 0.845 0.575 0.375 0.240 0.154 0.103 0.079 0.070 0.067 0.067 0.067 0.068 0.072 0.079 0.089 0.101 0.114 0.130 0.154 0.192 0.237 0.267 0.281 0.287 0.291 0.290 0.283 0.266 0.253 0.251 0.261 0.298 0.371 0.479 0.605 0.740 0.870 0.997
10.990 10.758 10.508 10.272 10.057 9.852 9.645 9.443 9.251 9.086 8.932 8.732 8.474 8.186 7.890 7.592 7.301 6.997 6.681 6.365 6.091 5.863 5.665 5.482 5.312 5.160 5.016 4.856 4.679 4.447 4.117 3.678 3.176 2.755 2.415 2.116 1.834 1.551 1.264 0.972 0.708 0.497 0.337 0.226 0.165 0.140 0.131 0.128 0.128 0.129 0.136 0.151 0.174 0.203 0.236 0.278 0.336 0.416 0.494 0.541 0.560 0.563 0.562 0.555 0.543 0.523 0.508 0.506 0.526 0.589 0.704 0.817 0.886 0.930 0.973 1.033
10.994 10.767 10.521 10.276 10.049 9.846 9.663 9.500 9.360 9.248 9.128 8.953 8.714 8.431 8.127 7.819 7.503 7.169 6.834 6.515 6.228 5.976 5.755 5.556 5.405 5.282 5.127 4.947 4.748 4.498 4.161 3.732 3.281 2.911 2.611 2.353 2.123 1.908 1.689 1.451 1.202 0.958 0.728 0.523 0.385 0.316 0.287 0.274 0.269 0.269 0.280 0.309 0.359 0.426 0.500 0.581 0.679 0.788 0.882 0.943 0.975 0.988 0.989 0.978 0.956 0.939 0.929 0.931 0.956 1.016 1.086 1.109 1.075 1.028 1.006 1.019
10.945 10.728 10.488 10.236 10.006 9.809 9.653 9.539 9.461 9.388 9.275 9.107 8.887 8.622 8.329 8.029 7.709 7.355 6.999 6.675 6.377 6.104 5.871 5.674 5.549 5.438 5.257 5.044 4.804 4.520 4.167 3.742 3.348 3.036 2.776 2.554 2.367 2.211 2.076 1.948 1.803 1.625 1.411 1.141 0.874 0.708 0.624 0.580 0.557 0.552 0.566 0.614 0.704 0.832 0.955 1.058 1.156 1.253 1.335 1.403 1.452 1.469 1.461 1.427 1.380 1.355 1.346 1.351 1.362 1.367 1.339 1.272 1.170 1.069 1.001 0.955
10.800 10.599 10.378 10.132 9.912 9.741 9.616 9.551 9.523 9.471 9.372 9.216 9.011 8.765 8.491 8.202 7.886 7.525 7.153 6.817 6.517 6.244 6.009 5.835 5.720 5.566 5.357 5.120 4.847 4.526 4.142 3.729 3.391 3.128 2.906 2.716 2.565 2.451 2.369 2.319 2.288 2.236 2.133 1.923 1.594 1.312 1.150 1.062 1.011 0.991 1.002 1.065 1.200 1.386 1.541 1.644 1.708 1.742 1.752 1.763 1.779 1.775 1.743 1.676 1.611 1.580 1.570 1.570 1.566 1.536 1.457 1.339 1.205 1.079 0.964 0.845
10.491 10.335 10.153 9.921 9.728 9.605 9.529 9.512 9.523 9.497 9.415 9.273 9.089 8.868 8.616 8.336 8.018 7.652 7.272 6.925 6.620 6.359 6.136 5.964 5.820 5.624 5.399 5.157 4.871 4.514 4.094 3.709 3.411 3.174 2.982 2.828 2.710 2.626 2.570 2.548 2.565 2.569 2.524 2.382 2.107 1.814 1.633 1.538 1.491 1.473 1.488 1.586 1.784 1.983 2.107 2.167 2.174 2.139 2.071 2.003 1.957 1.912 1.849 1.757 1.684 1.647 1.632 1.627 1.614 1.575 1.484 1.353 1.208 1.058 0.894 0.732
9.904 9.793 9.697 9.548 9.415 9.349 9.341 9.379 9.425 9.441 9.394 9.281 9.125 8.934 8.706 8.432 8.109 7.742 7.361 7.005 6.698 6.439 6.216 6.025 5.845 5.638 5.407 5.167 4.876 4.487 4.031 3.675 3.402 3.179 3.006 2.882 2.792 2.732 2.692 2.674 2.686 2.685 2.646 2.529 2.309 2.070 1.919 1.846 1.820 1.818 1.865 2.033 2.277 2.433 2.503 2.522 2.502 2.431 2.301 2.156 2.049 1.961 1.868 1.766 1.688 1.642 1.618 1.603 1.586 1.548 1.466 1.340 1.185 1.003 0.804 0.630
9.101 8.994 8.948 8.913 8.888 8.914 8.999 9.120 9.217 9.278 9.292 9.243 9.130 8.967 8.754 8.486 8.161 7.797 7.423 7.069 6.760 6.489 6.250 6.027 5.814 5.602 5.376 5.131 4.821 4.402 3.930 3.585 3.340 3.145 2.994 2.889 2.817 2.771 2.744 2.727 2.715 2.694 2.652 2.544 2.352 2.172 2.073 2.030 2.021 2.040 2.132 2.359 2.605 2.724 2.754 2.745 2.703 2.604 2.443 2.252 2.094 1.970 1.853 1.740 1.649 1.583 1.539 1.505 1.475 1.438 1.373 1.262 1.105 0.906 0.698 0.538
8.191 8.076 8.024 8.010 8.043 8.165 8.364 8.609 8.838 9.007 9.120 9.151 9.088 8.949 8.750 8.487 8.169 7.818 7.458 7.119 6.811 6.512 6.225 5.947 5.688 5.447 5.205 4.929 4.578 4.135 3.691 3.378 3.172 3.028 2.923 2.848 2.804 2.776 2.753 2.727 2.698 2.663 2.614 2.516 2.343 2.198 2.136 2.119 2.127 2.182 2.319 2.561 2.775 2.870 2.881 2.853 2.783 2.666 2.502 2.306 2.110 1.942 1.789 1.647 1.531 1.442 1.376 1.323 1.275 1.227 1.170 1.081 0.944 0.761 0.582 0.455
7.176 7.041 6.971 6.951 6.993 7.122 7.348 7.691 8.101 8.485 8.775 8.936 8.956 8.856 8.672 8.418 8.119 7.798 7.467 7.147 6.834 6.477 6.106 5.751 5.414 5.079 4.732 4.363 3.960 3.536 3.184 2.962 2.833 2.754 2.716 2.708 2.729 2.735 2.711 2.671 2.624 2.574 2.517 2.428 2.289 2.180 2.141 2.138 2.170 2.264 2.430 2.649 2.820 2.903 2.910 2.872 2.787 2.662 2.504 2.316 2.090 1.863 1.665 1.488 1.342 1.231 1.147 1.082 1.023 0.964 0.898 0.818 0.716 0.588 0.471 0.386
6.088 5.889 5.781 5.750 5.795 5.912 6.121 6.458 6.920 7.462 7.947 8.354 8.606 8.643 8.503 8.274 8.006 7.728 7.444 7.136 6.774 6.325 5.856 5.391 4.912 4.397 3.878 3.396 2.977 2.638 2.405 2.289 2.254 2.260 2.310 2.407 2.521 2.577 2.568 2.526 2.466 2.400 2.332 2.250 2.151 2.093 2.083 2.110 2.177 2.299 2.472 2.651 2.773 2.824 2.822 2.776 2.686 2.567 2.429 2.250 2.004 1.727 1.501 1.316 1.168 1.053 0.964 0.892 0.827 0.763 0.692 0.615 0.536 0.457 0.388 0.335
4.954 4.673 4.503 4.441 4.468 4.558 4.724 5.000 5.400 5.901 6.444 7.086 7.729 8.126 8.181 8.039 7.832 7.606 7.357 7.033 6.589 6.031 5.434 4.808 4.157 3.538 3.000 2.558 2.206 1.946 1.772 1.681 1.661 1.695 1.778 1.924 2.110 2.236 2.272 2.244 2.186 2.109 2.028 1.954 1.902 1.889 1.922 2.008 2.137 2.282 2.423 2.509 2.532 2.507 2.472 2.421 2.359 2.286 2.195 2.048 1.821 1.546 1.331 1.165 1.028 0.914 0.823 0.749 0.681 0.615 0.547 0.480 0.421 0.373 0.334 0.302
3.857 3.546 3.328 3.192 3.130 3.126 3.184 3.322 3.582 3.982 4.520 5.248 6.205 7.071 7.505 7.592 7.538 7.388 7.151 6.789 6.266 5.591 4.841 4.108 3.446 2.892 2.445 2.090 1.809 1.594 1.439 1.340 1.290 1.287 1.329 1.423 1.576 1.716 1.781 1.775 1.731 1.657 1.573 1.523 1.515 1.547 1.633 1.780 1.945 2.061 2.104 2.061 1.961 1.856 1.789 1.756 1.754 1.771 1.761 1.688 1.537 1.335 1.163 1.024 0.901 0.793 0.704 0.631 0.566 0.503 0.444 0.393 0.354 0.326 0.304 0.286
2.800 2.508 2.302 2.145 2.015 1.918 1.862 1.857 1.931 2.119 2.482 3.136 4.169 5.352 6.209 6.668 6.863 6.855 6.665 6.288 5.719 4.977 4.173 3.476 2.910 2.461 2.109 1.828 1.597 1.409 1.264 1.159 1.087 1.045 1.034 1.059 1.130 1.210 1.246 1.244 1.210 1.145 1.085 1.058 1.059 1.098 1.200 1.348 1.449 1.465 1.399 1.263 1.132 1.060 1.032 1.041 1.089 1.180 1.251 1.256 1.203 1.106 0.998 0.890 0.783 0.682 0.599 0.532 0.474 0.420 0.373 0.338 0.316 0.302 0.290 0.281
1.737 1.558 1.416 1.291 1.164 1.035 0.932 0.873 0.863 0.911 1.065 1.410 2.049 3.052 4.132 4.910 5.347 5.504 5.440 5.184 4.739 4.141 3.476 2.909 2.465 2.118 1.844 1.621 1.428 1.260 1.127 1.027 0.952 0.896 0.858 0.838 0.839 0.851 0.849 0.829 0.790 0.735 0.694 0.675 0.673 0.693 0.747 0.803 0.809 0.765 0.679 0.586 0.534 0.520 0.535 0.576 0.643 0.750 0.863 0.920 0.926 0.896 0.840 0.764 0.674 0.584 0.509 0.450 0.401 0.359 0.325 0.304 0.294 0.290 0.286 0.281
0.868 0.805 0.741 0.671 0.586 0.485 0.402 0.351 0.330 0.330 0.362 0.468 0.715 1.164 1.828 2.504 3.010 3.300 3.427 3.444 3.333 3.082 2.713 2.351 2.051 1.805 1.601 1.426 1.268 1.122 1.003 0.911 0.838 0.782 0.737 0.699 0.667 0.641 0.615 0.582 0.537 0.486 0.449 0.427 0.416 0.414 0.420 0.418 0.397 0.355 0.302 0.267 0.257 0.266 0.294 0.344 0.413 0.507 0.614 0.686 0.714 0.714 0.691 0.642 0.572 0.497 0.433 0.383 0.343 0.313 0.293 0.283 0.280 0.285 0.286 0.284
0.328 0.326 0.315 0.292 0.257 0.208 0.167 0.140 0.126 0.120 0.121 0.137 0.190 0.313 0.537 0.835 1.095 1.301 1.471 1.625 1.753 1.831 1.822 1.745 1.632 1.500 1.366 1.236 1.109 0.989 0.885 0.802 0.734 0.679 0.633 0.591 0.553 0.517 0.482 0.445 0.402 0.357 0.320 0.295 0.280 0.266 0.252 0.236 0.216 0.191 0.169 0.159 0.160 0.171 0.199 0.244 0.307 0.384 0.466 0.528 0.561 0.569 0.560 0.530 0.479 0.421 0.371 0.331 0.301 0.282 0.272 0.269 0.273 0.283 0.290 0.292
