RESULTS/r.avaflow_results/14b_results/14b_ascii/14b_hflow10012.asc
ncols 506
nrows 317
xllcenter 498237.50
yllcenter 5580050.00
cellsize 12.50
NODATA_value -9999.000
[rows 170 to 203 of 317, columns 228 to 303 of 506]
0.173 0.168 0.164 0.154 0.134 0.105 0.085 0.078 0.079 0.091 0.129 0.196 0.258 0.292 0.304 0.303 0.289 0.254 0.192 0.112 0.051 0.020 0.008 0.004 0.002 0.002 0.001 0.001 0.001 0.001 0.000 0.000 0.000 0.000 0.000 0.000 0.000 0.000 0.000 0.000 0.000 0.000 0.000 0.000 0.000 0.000 0.000 0.000 0.000 0.000 0.000 0.000 0.000 0.000 0.000 0.000 0.000 0.000 0.000 0.000 0.000 0.000 0.000 0.000 0.000 0.000 0.000 0.000 0.000 0.000 0.000 0.000 0.000 0.000 0.000 0.000
0.271 0.270 0.258 0.232 0.189 0.148 0.125 0.117 0.120 0.142 0.204 0.299 0.366 0.395 0.399 0.388 0.362 0.319 0.257 0.176 0.093 0.038 0.013 0.005 0.003 0.002 0.001 0.001 0.001 0.001 0.001 0.000 0.000 0.000 0.000 0.000 0.000 0.000 0.000 0.000 0.000 0.000 0.000 0.000 0.000 0.000 0.000 0.000 0.000 0.000 0.000 0.000 0.000 0.000 0.000 0.000 0.000 0.000 0.000 0.000 0.000 0.000 0.000 0.000 0.000 0.000 0.000 0.000 0.000 0.000 0.000 0.000 0.000 0.000 0.000 0.000
0.326 0.325 0.309 0.274 0.223 0.183 0.163 0.157 0.160 0.187 0.259 0.360 0.419 0.439 0.436 0.418 0.386 0.342 0.286 0.216 0.129 0.059 0.021 0.008 0.004 0.002 0.002 0.001 0.001 0.001 0.001 0.001 0.000 0.000 0.000 0.000 0.000 0.000 0.000 0.000 0.000 0.000 0.000 0.000 0.000 0.000 0.000 0.000 0.000 0.000 0.000 0.000 0.000 0.000 0.000 0.000 0.000 0.000 0.000 0.000 0.000 0.000 0.000 0.000 0.000 0.000 0.000 0.000 0.000 0.000 0.000 0.000 0.000 0.000 0.000 0.000
0.342 0.340 0.324 0.292 0.248 0.216 0.199 0.194 0.198 0.227 0.303 0.393 0.439 0.450 0.445 0.424 0.391 0.348 0.297 0.236 0.157 0.078 0.030 0.011 0.005 0.003 0.002 0.001 0.001 0.001 0.001 0.001 0.000 0.000 0.000 0.000 0.000 0.000 0.000 0.000 0.000 0.000 0.000 0.000 0.000 0.000 0.000 0.000 0.000 0.000 0.000 0.000 0.000 0.000 0.000 0.000 0.000 0.000 0.000 0.000 0.000 0.000 0.000 0.000 0.000 0.000 0.000 0.000 0.000 0.000 0.000 0.000 0.000 0.000 0.000 0.000
0.341 0.338 0.324 0.299 0.268 0.246 0.233 0.230 0.236 0.268 0.340 0.409 0.442 0.450 0.444 0.423 0.391 0.349 0.301 0.246 0.178 0.097 0.041 0.015 0.006 0.003 0.002 0.002 0.001 0.001 0.001 0.001 0.001 0.000 0.000 0.000 0.000 0.000 0.000 0.000 0.000 0.000 0.000 0.000 0.000 0.000 0.000 0.000 0.000 0.000 0.000 0.000 0.000 0.000 0.000 0.000 0.000 0.000 0.000 0.000 0.000 0.000 0.000 0.000 0.000 0.000 0.000 0.000 0.000 0.000 0.000 0.000 0.000 0.000 0.000 0.000
0.330 0.327 0.317 0.301 0.283 0.270 0.264 0.264 0.276 0.312 0.372 0.418 0.438 0.443 0.437 0.419 0.387 0.347 0.301 0.252 0.196 0.121 0.056 0.021 0.008 0.004 0.002 0.002 0.001 0.001 0.001 0.001 0.001 0.001 0.000 0.000 0.000 0.000 0.000 0.000 0.000 0.000 0.000 0.000 0.000 0.000 0.000 0.000 0.000 0.000 0.000 0.000 0.000 0.000 0.000 0.000 0.000 0.000 0.000 0.000 0.000 0.000 0.000 0.000 0.000 0.000 0.000 0.000 0.000 0.000 0.000 0.000 0.000 0.000 0.000 0.000
0.316 0.315 0.310 0.302 0.293 0.289 0.291 0.299 0.319 0.352 0.393 0.418 0.428 0.428 0.422 0.405 0.378 0.341 0.299 0.254 0.207 0.147 0.078 0.032 0.012 0.005 0.003 0.002 0.001 0.001 0.001 0.001 0.001 0.001 0.001 0.000 0.000 0.000 0.000 0.000 0.000 0.000 0.000 0.000 0.000 0.000 0.000 0.000 0.000 0.000 0.000 0.000 0.000 0.000 0.000 0.000 0.000 0.000 0.000 0.000 0.000 0.000 0.000 0.000 0.000 0.000 0.000 0.000 0.000 0.000 0.000 0.000 0.000 0.000 0.000 0.000
0.310 0.309 0.307 0.304 0.302 0.305 0.315 0.331 0.352 0.377 0.399 0.410 0.412 0.407 0.398 0.382 0.358 0.328 0.292 0.252 0.211 0.164 0.102 0.049 0.020 0.008 0.004 0.002 0.002 0.001 0.001 0.001 0.001 0.001 0.001 0.000 0.000 0.000 0.000 0.000 0.000 0.000 0.000 0.000 0.000 0.000 0.000 0.000 0.000 0.000 0.000 0.000 0.000 0.000 0.000 0.000 0.000 0.000 0.000 0.000 0.000 0.000 0.000 0.000 0.000 0.000 0.000 0.000 0.000 0.000 0.000 0.000 0.000 0.000 0.000 0.000
0.308 0.309 0.307 0.307 0.310 0.320 0.335 0.353 0.369 0.384 0.394 0.396 0.392 0.382 0.368 0.351 0.331 0.306 0.278 0.245 0.209 0.170 0.123 0.070 0.033 0.014 0.006 0.003 0.002 0.002 0.001 0.001 0.001 0.001 0.001 0.001 0.000 0.000 0.000 0.000 0.000 0.000 0.000 0.000 0.000 0.000 0.000 0.000 0.000 0.000 0.000 0.000 0.000 0.000 0.000 0.000 0.000 0.000 0.000 0.000 0.000 0.000 0.000 0.000 0.000 0.000 0.000 0.000 0.000 0.000 0.000 0.000 0.000 0.000 0.000 0.000
0.310 0.311 0.311 0.313 0.321 0.334 0.349 0.361 0.372 0.379 0.381 0.379 0.371 0.359 0.343 0.325 0.305 0.283 0.259 0.233 0.204 0.172 0.136 0.093 0.052 0.025 0.011 0.005 0.003 0.002 0.001 0.001 0.001 0.001 0.001 0.001 0.001 0.000 0.000 0.000 0.000 0.000 0.000 0.000 0.000 0.000 0.000 0.000 0.000 0.000 0.000 0.000 0.000 0.000 0.000 0.000 0.000 0.000 0.000 0.000 0.000 0.000 0.000 0.000 0.000 0.000 0.000 0.000 0.000 0.000 0.000 0.000 0.000 0.000 0.000 0.001
0.319 0.320 0.320 0.324 0.333 0.345 0.353 0.361 0.367 0.368 0.366 0.361 0.352 0.339 0.323 0.305 0.285 0.265 0.244 0.221 0.197 0.171 0.144 0.113 0.075 0.041 0.020 0.010 0.005 0.003 0.002 0.001 0.001 0.001 0.001 0.001 0.001 0.001 0.000 0.000 0.000 0.000 0.000 0.000 0.000 0.000 0.000 0.000 0.000 0.000 0.000 0.000 0.000 0.000 0.000 0.000 0.000 0.000 0.000 0.000 0.000 0.000 0.000 0.000 0.000 0.000 0.000 0.000 0.000 0.000 0.000 0.000 0.000 0.001 0.001 0.001
0.338 0.337 0.337 0.340 0.345 0.351 0.355 0.358 0.358 0.356 0.352 0.346 0.336 0.323 0.307 0.289 0.271 0.252 0.233 0.213 0.193 0.171 0.149 0.125 0.097 0.064 0.036 0.018 0.009 0.005 0.003 0.002 0.001 0.001 0.001 0.001 0.001 0.001 0.001 0.001 0.000 0.000 0.000 0.000 0.000 0.000 0.000 0.000 0.000 0.000 0.000 0.000 0.000 0.000 0.000 0.000 0.000 0.000 0.000 0.000 0.000 0.000 0.000 0.000 0.000 0.000 0.000 0.000 0.000 0.000 0.000 0.000 0.001 0.001 0.001 0.001
0.365 0.359 0.357 0.356 0.356 0.356 0.356 0.355 0.352 0.348 0.342 0.334 0.324 0.311 0.295 0.279 0.262 0.244 0.226 0.208 0.190 0.172 0.153 0.134 0.114 0.089 0.059 0.034 0.018 0.009 0.005 0.003 0.002 0.001 0.001 0.001 0.001 0.001 0.001 0.001 0.001 0.000 0.000 0.000 0.000 0.000 0.000 0.000 0.000 0.000 0.000 0.000 0.000 0.000 0.000 0.000 0.000 0.000 0.000 0.000 0.000 0.000 0.000 0.000 0.000 0.000 0.000 0.000 0.000 0.001 0.001 0.001 0.001 0.001 0.002 0.003
0.397 0.385 0.377 0.371 0.367 0.363 0.359 0.354 0.349 0.342 0.335 0.326 0.315 0.303 0.289 0.274 0.257 0.240 0.222 0.205 0.188 0.172 0.155 0.140 0.125 0.108 0.088 0.062 0.038 0.021 0.011 0.006 0.003 0.002 0.001 0.001 0.001 0.001 0.001 0.001 0.001 0.001 0.000 0.000 0.000 0.000 0.000 0.000 0.000 0.000 0.000 0.000 0.000 0.000 0.000 0.000 0.000 0.000 0.000 0.000 0.000 0.000 0.000 0.001 0.001 0.001 0.001 0.001 0.001 0.001 0.001 0.001 0.001 0.002 0.003 0.007
0.431 0.411 0.396 0.387 0.379 0.371 0.364 0.356 0.348 0.340 0.331 0.321 0.311 0.299 0.286 0.272 0.256 0.239 0.220 0.203 0.187 0.171 0.157 0.144 0.132 0.120 0.108 0.091 0.069 0.046 0.026 0.013 0.007 0.003 0.002 0.001 0.001 0.001 0.001 0.001 0.001 0.001 0.001 0.001 0.000 0.000 0.000 0.000 0.000 0.000 0.000 0.000 0.000 0.000 0.000 0.000 0.000 0.000 0.000 0.001 0.001 0.001 0.001 0.001 0.001 0.001 0.001 0.001 0.001 0.001 0.001 0.001 0.002 0.003 0.007 0.015
0.459 0.434 0.415 0.401 0.389 0.378 0.369 0.359 0.349 0.339 0.330 0.320 0.309 0.298 0.286 0.272 0.256 0.239 0.220 0.202 0.185 0.171 0.157 0.146 0.135 0.126 0.116 0.105 0.091 0.072 0.048 0.027 0.013 0.006 0.003 0.002 0.001 0.001 0.001 0.001 0.001 0.001 0.001 0.001 0.001 0.001 0.001 0.000 0.000 0.000 0.000 0.000 0.000 0.000 0.001 0.001 0.001 0.001 0.001 0.001 0.001 0.001 0.001 0.001 0.001 0.001 0.001 0.001 0.001 0.002 0.002 0.003 0.004 0.007 0.014 0.027
0.484 0.456 0.432 0.413 0.397 0.383 0.371 0.360 0.349 0.339 0.329 0.319 0.309 0.298 0.286 0.272 0.257 0.239 0.220 0.201 0.184 0.170 0.158 0.147 0.137 0.128 0.119 0.109 0.099 0.084 0.063 0.039 0.020 0.010 0.005 0.003 0.002 0.001 0.001 0.001 0.001 0.001 0.001 0.001 0.001 0.001 0.001 0.001 0.001 0.001 0.001 0.001 0.001 0.001 0.001 0.001 0.001 0.001 0.001 0.001 0.001 0.001 0.002 0.002 0.002 0.002 0.002 0.002 0.003 0.003 0.004 0.006 0.009 0.014 0.023 0.037
0.503 0.475 0.448 0.424 0.403 0.386 0.371 0.359 0.348 0.338 0.328 0.319 0.309 0.299 0.287 0.273 0.257 0.239 0.219 0.200 0.184 0.170 0.159 0.148 0.139 0.130 0.121 0.111 0.100 0.087 0.068 0.045 0.026 0.014 0.007 0.004 0.002 0.002 0.001 0.001 0.001 0.001 0.001 0.001 0.001 0.001 0.001 0.001 0.001 0.001 0.001 0.001 0.001 0.001 0.001 0.001 0.001 0.001 0.002 0.002 0.002 0.003 0.003 0.004 0.004 0.004 0.004 0.005 0.006 0.007 0.010 0.013 0.018 0.025 0.033 0.042
0.517 0.490 0.462 0.432 0.407 0.386 0.370 0.356 0.344 0.335 0.327 0.319 0.310 0.300 0.287 0.273 0.257 0.238 0.218 0.199 0.184 0.170 0.159 0.149 0.140 0.132 0.123 0.114 0.102 0.087 0.069 0.049 0.031 0.018 0.010 0.006 0.004 0.002 0.002 0.001 0.001 0.001 0.001 0.001 0.001 0.001 0.001 0.001 0.001 0.001 0.001 0.001 0.001 0.001 0.001 0.002 0.002 0.003 0.003 0.004 0.005 0.006 0.007 0.008 0.009 0.010 0.011 0.012 0.014 0.018 0.023 0.027 0.031 0.034 0.038 0.044
0.523 0.499 0.471 0.437 0.408 0.385 0.367 0.352 0.341 0.333 0.326 0.319 0.311 0.300 0.287 0.272 0.256 0.237 0.217 0.199 0.183 0.170 0.159 0.150 0.142 0.135 0.127 0.116 0.103 0.087 0.068 0.050 0.035 0.022 0.014 0.008 0.005 0.003 0.002 0.002 0.002 0.002 0.002 0.002 0.001 0.001 0.001 0.001 0.001 0.001 0.001 0.001 0.001 0.002 0.002 0.003 0.005 0.006 0.007 0.009 0.011 0.015 0.017 0.019 0.021 0.023 0.025 0.029 0.033 0.038 0.042 0.044 0.042 0.040 0.039 0.041
0.520 0.500 0.474 0.440 0.406 0.380 0.362 0.348 0.339 0.332 0.325 0.319 0.310 0.299 0.286 0.271 0.253 0.234 0.215 0.198 0.183 0.170 0.160 0.152 0.145 0.139 0.131 0.119 0.104 0.086 0.067 0.050 0.036 0.026 0.018 0.012 0.008 0.005 0.004 0.003 0.003 0.003 0.004 0.003 0.003 0.002 0.002 0.001 0.001 0.001 0.001 0.002 0.002 0.004 0.006 0.008 0.011 0.013 0.016 0.020 0.026 0.032 0.036 0.039 0.041 0.043 0.046 0.051 0.055 0.057 0.057 0.054 0.048 0.042 0.038 0.036
0.482 0.475 0.461 0.434 0.400 0.373 0.354 0.344 0.337 0.331 0.325 0.318 0.309 0.298 0.284 0.268 0.250 0.230 0.212 0.197 0.183 0.172 0.163 0.156 0.150 0.143 0.133 0.120 0.104 0.084 0.065 0.048 0.036 0.027 0.021 0.015 0.011 0.008 0.007 0.006 0.007 0.008 0.009 0.009 0.008 0.006 0.004 0.003 0.002 0.002 0.002 0.003 0.004 0.008 0.015 0.021 0.025 0.029 0.033 0.038 0.044 0.049 0.052 0.053 0.054 0.056 0.059 0.063 0.066 0.066 0.064 0.059 0.051 0.043 0.036 0.030
0.363 0.377 0.391 0.387 0.371 0.353 0.341 0.335 0.332 0.328 0.323 0.316 0.307 0.295 0.280 0.264 0.245 0.226 0.210 0.196 0.184 0.175 0.167 0.160 0.153 0.145 0.135 0.121 0.103 0.082 0.062 0.047 0.036 0.028 0.022 0.018 0.014 0.013 0.012 0.012 0.014 0.017 0.019 0.019 0.018 0.014 0.009 0.006 0.005 0.004 0.004 0.006 0.010 0.020 0.033 0.043 0.048 0.051 0.052 0.053 0.055 0.057 0.058 0.058 0.059 0.060 0.063 0.067 0.069 0.069 0.066 0.060 0.052 0.043 0.033 0.025
0.175 0.196 0.233 0.263 0.283 0.294 0.302 0.309 0.316 0.320 0.318 0.313 0.303 0.291 0.276 0.259 0.240 0.223 0.208 0.196 0.186 0.177 0.170 0.163 0.155 0.146 0.135 0.120 0.101 0.079 0.059 0.045 0.035 0.028 0.022 0.018 0.016 0.015 0.015 0.016 0.020 0.025 0.028 0.028 0.026 0.022 0.015 0.011 0.009 0.008 0.009 0.012 0.023 0.042 0.058 0.066 0.069 0.069 0.066 0.062 0.060 0.060 0.059 0.059 0.059 0.059 0.062 0.065 0.067 0.068 0.065 0.060 0.052 0.042 0.030 0.021
0.066 0.073 0.092 0.116 0.144 0.175 0.211 0.245 0.275 0.296 0.305 0.305 0.298 0.286 0.272 0.254 0.236 0.219 0.206 0.196 0.187 0.179 0.171 0.163 0.155 0.145 0.134 0.118 0.098 0.074 0.055 0.041 0.032 0.026 0.021 0.018 0.016 0.016 0.016 0.018 0.023 0.029 0.031 0.032 0.030 0.025 0.019 0.016 0.014 0.014 0.015 0.022 0.039 0.061 0.075 0.080 0.080 0.079 0.075 0.068 0.063 0.060 0.058 0.057 0.056 0.055 0.056 0.058 0.060 0.061 0.060 0.057 0.049 0.039 0.026 0.017
0.026 0.028 0.033 0.042 0.054 0.072 0.097 0.135 0.186 0.235 0.268 0.284 0.286 0.279 0.266 0.249 0.231 0.216 0.204 0.195 0.187 0.179 0.170 0.160 0.148 0.136 0.122 0.106 0.085 0.062 0.044 0.032 0.025 0.020 0.017 0.015 0.015 0.015 0.016 0.018 0.023 0.029 0.031 0.032 0.030 0.026 0.021 0.018 0.016 0.017 0.019 0.028 0.048 0.070 0.082 0.085 0.085 0.083 0.079 0.072 0.064 0.059 0.054 0.050 0.047 0.045 0.044 0.044 0.045 0.046 0.047 0.045 0.040 0.031 0.020 0.012
0.012 0.012 0.013 0.016 0.020 0.025 0.035 0.051 0.081 0.128 0.184 0.230 0.253 0.261 0.255 0.242 0.226 0.212 0.202 0.194 0.186 0.177 0.162 0.144 0.125 0.106 0.089 0.071 0.052 0.036 0.024 0.017 0.013 0.011 0.010 0.010 0.011 0.012 0.013 0.016 0.020 0.026 0.028 0.029 0.028 0.024 0.020 0.018 0.017 0.017 0.021 0.031 0.051 0.071 0.082 0.085 0.086 0.084 0.080 0.073 0.064 0.055 0.046 0.038 0.032 0.028 0.026 0.025 0.026 0.026 0.026 0.026 0.024 0.019 0.012 0.008
0.007 0.007 0.007 0.007 0.008 0.010 0.012 0.017 0.027 0.046 0.078 0.125 0.176 0.211 0.224 0.223 0.215 0.204 0.196 0.188 0.177 0.160 0.133 0.102 0.074 0.054 0.039 0.028 0.020 0.013 0.009 0.006 0.005 0.005 0.005 0.005 0.005 0.006 0.008 0.011 0.014 0.018 0.020 0.021 0.020 0.019 0.017 0.016 0.016 0.017 0.021 0.030 0.047 0.065 0.074 0.078 0.080 0.080 0.077 0.072 0.062 0.048 0.036 0.027 0.020 0.016 0.014 0.014 0.014 0.014 0.013 0.013 0.012 0.010 0.008 0.006
0.004 0.004 0.004 0.004 0.004 0.005 0.005 0.007 0.009 0.014 0.024 0.043 0.076 0.119 0.156 0.175 0.181 0.180 0.176 0.166 0.146 0.112 0.074 0.045 0.028 0.019 0.013 0.009 0.006 0.004 0.003 0.002 0.002 0.002 0.002 0.002 0.003 0.003 0.004 0.005 0.007 0.009 0.010 0.010 0.010 0.011 0.011 0.011 0.012 0.014 0.018 0.025 0.036 0.046 0.053 0.058 0.062 0.064 0.064 0.061 0.052 0.038 0.026 0.018 0.014 0.011 0.009 0.008 0.008 0.008 0.007 0.007 0.007 0.006 0.005 0.004
0.003 0.003 0.003 0.003 0.003 0.003 0.003 0.003 0.004 0.005 0.007 0.012 0.023 0.044 0.071 0.095 0.113 0.120 0.120 0.109 0.083 0.051 0.028 0.016 0.010 0.006 0.005 0.003 0.003 0.002 0.001 0.001 0.001 0.001 0.001 0.001 0.001 0.002 0.002 0.003 0.003 0.004 0.004 0.004 0.005 0.005 0.005 0.006 0.007 0.009 0.011 0.014 0.018 0.022 0.025 0.028 0.032 0.036 0.038 0.038 0.034 0.026 0.018 0.013 0.010 0.007 0.006 0.006 0.005 0.005 0.005 0.004 0.004 0.004 0.004 0.004
0.002 0.002 0.002 0.002 0.002 0.002 0.002 0.002 0.002 0.002 0.003 0.004 0.007 0.013 0.024 0.037 0.047 0.052 0.052 0.046 0.033 0.018 0.010 0.006 0.004 0.003 0.002 0.002 0.001 0.001 0.001 0.001 0.001 0.001 0.001 0.001 0.001 0.001 0.001 0.001 0.002 0.002 0.002 0.002 0.002 0.002 0.002 0.003 0.003 0.004 0.005 0.006 0.007 0.008 0.009 0.011 0.012 0.015 0.017 0.018 0.018 0.015 0.012 0.009 0.007 0.006 0.005 0.004 0.004 0.004 0.003 0.003 0.003 0.003 0.003 0.003
0.001 0.001 0.001 0.001 0.001 0.001 0.001 0.001 0.001 0.001 0.002 0.002 0.003 0.004 0.008 0.013 0.016 0.018 0.018 0.016 0.012 0.007 0.004 0.003 0.002 0.002 0.001 0.001 0.001 0.001 0.001 0.001 0.001 0.001 0.001 0.001 0.001 0.001 0.001 0.001 0.001 0.001 0.001 0.001 0.001 0.001 0.001 0.001 0.002 0.002 0.002 0.002 0.003 0.003 0.004 0.004 0.005 0.006 0.008 0.009 0.009 0.009 0.008 0.007 0.006 0.005 0.004 0.004 0.003 0.003 0.003 0.003 0.003 0.003 0.003 0.003
0.001 0.001 0.001 0.001 0.001 0.001 0.001 0.001 0.001 0.001 0.001 0.001 0.001 0.002 0.003 0.005 0.006 0.006 0.006 0.006 0.005 0.003 0.002 0.002 0.001 0.001 0.001 0.001 0.001 0.001 0.001 0.001 0.001 0.001 0.001 0.001 0.001 0.001 0.001 0.001 0.001 0.001 0.001 0.001 0.001 0.001 0.001 0.001 0.001 0.001 0.001 0.001 0.001 0.002 0.002 0.002 0.003 0.003 0.004 0.005 0.006 0.006 0.006 0.005 0.004 0.004 0.003 0.003 0.003 0.003 0.003 0.003 0.003 0.003 0.003 0.003
0.000 0.000 0.000 0.000 0.000 0.000 0.001 0.001 0.001 0.001 0.001 0.001 0.001 0.001 0.001 0.002 0.002 0.003 0.003 0.003 0.002 0.002 0.001 0.001 0.001 0.001 0.001 0.001 0.001 0.001 0.001 0.001 0.001 0.001 0.001 0.001 0.001 0.001 0.001 0.001 0.001 0.001 0.001 0.001 0.001 0.001 0.001 0.001 0.001 0.001 0.001 0.001 0.001 0.001 0.001 0.001 0.002 0.002 0.003 0.003 0.004 0.004 0.004 0.004 0.004 0.003 0.003 0.003 0.003 0.002 0.002 0.002 0.002 0.002 0.003 0.003
