RESULTS/r.avaflow_results/14b_results/14b_ascii/14b_hflow0064.asc
ncols 506
nrows 317
xllcenter 498237.50
yllcenter 5580050.00
cellsize 12.50
NODATA_value -9999.000
[rows 204 to 237 of 317, columns 76 to 151 of 506]
0.019 0.014 0.010 0.007 0.005 0.003 0.002 0.002 0.001 0.001 0.001 0.003 0.012 0.053 0.196 0.507 0.978 1.547 2.172 2.852 3.590 4.384 5.232 6.033 6.718 7.277 7.730 8.101 8.413 8.675 8.875 9.043 9.183 9.326 9.445 9.571 9.701 9.865 10.051 10.290 10.532 10.741 10.886 10.947 10.956 10.942 10.899 10.822 10.711 10.566 10.355 10.042 9.594 8.994 8.274 7.473 6.617 5.736 4.846 3.962 3.160 2.536 2.101 1.837 1.726 1.787 1.964 2.172 2.315 2.396 2.434 2.452 2.472 2.594 2.907 3.424
0.016 0.012 0.008 0.006 0.004 0.003 0.002 0.001 0.001 0.001 0.001 0.002 0.008 0.038 0.137 0.353 0.689 1.121 1.633 2.220 2.883 3.616 4.416 5.197 5.891 6.481 6.987 7.408 7.734 7.972 8.130 8.219 8.274 8.321 8.365 8.407 8.462 8.541 8.647 8.807 9.012 9.230 9.392 9.490 9.516 9.516 9.474 9.389 9.260 9.078 8.829 8.451 7.885 7.125 6.173 5.102 4.059 3.141 2.369 1.740 1.263 0.963 0.831 0.831 0.953 1.208 1.530 1.797 1.986 2.116 2.202 2.267 2.348 2.559 2.983 3.626
0.013 0.009 0.006 0.004 0.003 0.002 0.002 0.001 0.001 0.001 0.001 0.001 0.003 0.015 0.059 0.169 0.357 0.621 0.963 1.392 1.913 2.519 3.187 3.854 4.490 5.117 5.721 6.232 6.642 6.955 7.163 7.267 7.291 7.279 7.248 7.206 7.169 7.157 7.188 7.257 7.388 7.592 7.816 7.989 8.074 8.092 8.061 7.970 7.807 7.554 7.176 6.627 5.854 4.870 3.774 2.760 1.942 1.308 0.852 0.549 0.378 0.313 0.331 0.426 0.622 0.912 1.235 1.499 1.709 1.877 2.013 2.135 2.292 2.595 3.090 3.751
0.012 0.008 0.005 0.004 0.003 0.002 0.001 0.001 0.001 0.001 0.001 0.001 0.001 0.004 0.019 0.061 0.143 0.270 0.444 0.671 0.961 1.314 1.710 2.127 2.598 3.202 3.909 4.544 5.062 5.496 5.835 6.051 6.141 6.139 6.084 5.976 5.847 5.726 5.649 5.627 5.691 5.860 6.138 6.428 6.608 6.671 6.653 6.542 6.276 5.816 5.120 4.268 3.375 2.517 1.753 1.138 0.689 0.399 0.235 0.156 0.130 0.142 0.191 0.300 0.484 0.733 1.007 1.253 1.467 1.659 1.837 2.020 2.255 2.613 3.116 3.746
0.012 0.008 0.005 0.004 0.002 0.002 0.001 0.001 0.001 0.001 0.001 0.001 0.001 0.001 0.005 0.017 0.044 0.090 0.158 0.252 0.377 0.531 0.701 0.886 1.122 1.481 1.988 2.521 3.015 3.498 3.956 4.354 4.628 4.753 4.756 4.660 4.491 4.289 4.107 3.978 3.933 4.008 4.223 4.554 4.857 4.998 4.993 4.807 4.331 3.581 2.754 2.033 1.438 0.957 0.589 0.336 0.185 0.107 0.074 0.066 0.077 0.106 0.162 0.260 0.409 0.603 0.822 1.039 1.246 1.447 1.657 1.893 2.186 2.569 3.051 3.618
0.013 0.009 0.005 0.004 0.002 0.002 0.001 0.001 0.001 0.001 0.001 0.001 0.001 0.001 0.001 0.004 0.012 0.026 0.047 0.077 0.119 0.170 0.220 0.273 0.350 0.494 0.736 1.045 1.360 1.676 2.007 2.351 2.674 2.926 3.054 3.069 2.983 2.824 2.645 2.464 2.310 2.230 2.247 2.368 2.595 2.752 2.757 2.578 2.166 1.593 1.074 0.692 0.428 0.254 0.145 0.083 0.051 0.039 0.040 0.049 0.070 0.104 0.157 0.239 0.355 0.503 0.670 0.849 1.033 1.230 1.451 1.716 2.037 2.425 2.877 3.384
0.015 0.010 0.006 0.004 0.003 0.002 0.001 0.001 0.001 0.001 0.001 0.001 0.001 0.001 0.001 0.001 0.003 0.007 0.014 0.024 0.040 0.057 0.069 0.080 0.094 0.125 0.193 0.304 0.446 0.606 0.779 0.969 1.162 1.339 1.479 1.554 1.566 1.519 1.420 1.281 1.117 0.979 0.905 0.894 0.961 1.034 1.041 0.961 0.765 0.495 0.293 0.169 0.097 0.057 0.035 0.025 0.022 0.025 0.034 0.049 0.072 0.105 0.153 0.221 0.311 0.421 0.543 0.674 0.819 0.990 1.201 1.466 1.789 2.164 2.578 3.028
0.018 0.012 0.008 0.005 0.003 0.002 0.001 0.001 0.001 0.001 0.001 0.001 0.000 0.000 0.000 0.001 0.001 0.002 0.005 0.010 0.020 0.030 0.035 0.037 0.038 0.042 0.053 0.079 0.123 0.186 0.262 0.338 0.411 0.487 0.569 0.638 0.669 0.670 0.637 0.568 0.468 0.366 0.296 0.264 0.259 0.271 0.270 0.247 0.193 0.117 0.065 0.036 0.021 0.014 0.012 0.013 0.016 0.023 0.034 0.050 0.073 0.105 0.147 0.203 0.274 0.353 0.434 0.515 0.604 0.719 0.883 1.105 1.377 1.686 2.023 2.407
0.020 0.014 0.010 0.007 0.004 0.002 0.002 0.001 0.001 0.001 0.001 0.001 0.000 0.000 0.000 0.000 0.001 0.001 0.003 0.007 0.015 0.028 0.034 0.034 0.034 0.032 0.033 0.039 0.056 0.093 0.145 0.183 0.206 0.227 0.254 0.288 0.312 0.319 0.314 0.293 0.254 0.203 0.148 0.103 0.076 0.064 0.059 0.053 0.041 0.025 0.014 0.008 0.006 0.006 0.007 0.010 0.016 0.023 0.035 0.050 0.072 0.101 0.137 0.184 0.240 0.294 0.341 0.382 0.420 0.464 0.526 0.623 0.756 0.919 1.119 1.397
0.021 0.016 0.011 0.008 0.005 0.003 0.002 0.001 0.001 0.001 0.001 0.000 0.000 0.000 0.000 0.000 0.000 0.001 0.002 0.006 0.016 0.037 0.052 0.056 0.053 0.044 0.039 0.041 0.055 0.091 0.145 0.179 0.193 0.203 0.216 0.237 0.256 0.264 0.264 0.256 0.234 0.197 0.141 0.074 0.034 0.017 0.012 0.010 0.008 0.005 0.003 0.003 0.003 0.004 0.006 0.010 0.015 0.023 0.034 0.049 0.068 0.093 0.124 0.164 0.207 0.240 0.263 0.275 0.281 0.276 0.269 0.274 0.296 0.337 0.405 0.534
0.022 0.017 0.012 0.009 0.006 0.004 0.003 0.002 0.001 0.001 0.001 0.000 0.000 0.000 0.000 0.000 0.000 0.001 0.002 0.008 0.028 0.070 0.102 0.110 0.099 0.076 0.063 0.062 0.076 0.122 0.190 0.226 0.235 0.236 0.239 0.251 0.270 0.279 0.281 0.278 0.265 0.235 0.166 0.071 0.021 0.006 0.003 0.002 0.002 0.001 0.001 0.001 0.002 0.003 0.005 0.009 0.015 0.022 0.032 0.045 0.061 0.081 0.107 0.142 0.171 0.189 0.196 0.194 0.182 0.153 0.119 0.098 0.090 0.092 0.105 0.141
0.022 0.017 0.012 0.009 0.006 0.004 0.003 0.002 0.001 0.001 0.001 0.001 0.000 0.000 0.000 0.000 0.001 0.001 0.004 0.017 0.055 0.104 0.128 0.129 0.111 0.083 0.070 0.068 0.083 0.133 0.205 0.241 0.247 0.244 0.244 0.251 0.268 0.277 0.279 0.277 0.267 0.239 0.168 0.064 0.014 0.003 0.001 0.001 0.001 0.001 0.001 0.001 0.001 0.002 0.004 0.008 0.013 0.019 0.028 0.038 0.049 0.063 0.082 0.109 0.128 0.135 0.134 0.127 0.109 0.077 0.048 0.032 0.025 0.023 0.024 0.030
0.022 0.017 0.013 0.009 0.006 0.004 0.003 0.002 0.001 0.001 0.001 0.001 0.000 0.000 0.000 0.000 0.001 0.004 0.013 0.033 0.069 0.103 0.113 0.104 0.081 0.060 0.050 0.049 0.058 0.094 0.147 0.174 0.177 0.172 0.167 0.169 0.176 0.179 0.179 0.177 0.172 0.155 0.107 0.038 0.007 0.001 0.001 0.001 0.001 0.001 0.001 0.001 0.001 0.001 0.003 0.006 0.010 0.015 0.021 0.026 0.031 0.037 0.046 0.060 0.072 0.076 0.076 0.070 0.055 0.034 0.018 0.010 0.006 0.005 0.005 0.006
0.022 0.017 0.013 0.009 0.006 0.004 0.003 0.002 0.001 0.001 0.001 0.001 0.001 0.001 0.001 0.003 0.007 0.016 0.027 0.040 0.053 0.059 0.052 0.039 0.025 0.019 0.016 0.015 0.017 0.028 0.048 0.058 0.059 0.055 0.052 0.052 0.052 0.051 0.049 0.048 0.046 0.042 0.028 0.009 0.001 0.001 0.001 0.001 0.001 0.000 0.000 0.000 0.001 0.001 0.001 0.003 0.005 0.008 0.011 0.013 0.014 0.016 0.018 0.023 0.029 0.032 0.032 0.029 0.022 0.012 0.006 0.003 0.002 0.001 0.001 0.001
0.022 0.017 0.012 0.009 0.006 0.004 0.003 0.002 0.001 0.001 0.001 0.001 0.002 0.004 0.008 0.017 0.027 0.034 0.035 0.030 0.023 0.016 0.012 0.007 0.005 0.004 0.003 0.003 0.003 0.005 0.009 0.012 0.012 0.011 0.010 0.010 0.010 0.010 0.009 0.008 0.008 0.007 0.005 0.001 0.001 0.001 0.001 0.001 0.001 0.001 0.000 0.000 0.001 0.001 0.001 0.001 0.002 0.003 0.004 0.005 0.005 0.005 0.005 0.006 0.008 0.009 0.010 0.009 0.006 0.003 0.002 0.001 0.001 0.001 0.001 0.001
0.021 0.016 0.012 0.008 0.006 0.004 0.003 0.002 0.001 0.001 0.002 0.005 0.012 0.023 0.034 0.044 0.045 0.040 0.030 0.017 0.008 0.005 0.003 0.002 0.001 0.001 0.001 0.001 0.001 0.001 0.002 0.002 0.002 0.002 0.002 0.002 0.002 0.002 0.002 0.001 0.001 0.001 0.001 0.001 0.001 0.001 0.001 0.001 0.001 0.001 0.001 0.001 0.001 0.001 0.001 0.001 0.001 0.001 0.001 0.001 0.001 0.001 0.001 0.002 0.002 0.002 0.002 0.002 0.002 0.001 0.001 0.001 0.001 0.001 0.001 0.001
0.020 0.015 0.011 0.008 0.005 0.003 0.002 0.002 0.002 0.005 0.015 0.032 0.051 0.064 0.066 0.058 0.046 0.034 0.020 0.009 0.005 0.003 0.002 0.001 0.001 0.001 0.000 0.000 0.000 0.000 0.000 0.001 0.001 0.001 0.001 0.001 0.001 0.001 0.001 0.001 0.001 0.001 0.001 0.001 0.001 0.001 0.001 0.001 0.001 0.001 0.001 0.001 0.001 0.001 0.001 0.001 0.001 0.001 0.001 0.001 0.001 0.001 0.001 0.001 0.001 0.001 0.001 0.001 0.001 0.001 0.001 0.001 0.001 0.001 0.001 0.001
0.018 0.013 0.009 0.006 0.004 0.003 0.002 0.003 0.012 0.035 0.064 0.090 0.100 0.092 0.076 0.057 0.039 0.024 0.013 0.007 0.004 0.003 0.002 0.001 0.001 0.001 0.000 0.000 0.000 0.000 0.000 0.000 0.000 0.000 0.000 0.001 0.001 0.001 0.001 0.001 0.001 0.001 0.001 0.001 0.001 0.001 0.001 0.001 0.001 0.001 0.001 0.001 0.001 0.001 0.001 0.001 0.001 0.001 0.001 0.001 0.001 0.001 0.001 0.001 0.001 0.001 0.001 0.001 0.001 0.001 0.001 0.001 0.001 0.001 0.001 0.001
0.015 0.011 0.007 0.005 0.003 0.003 0.004 0.017 0.058 0.102 0.127 0.131 0.120 0.100 0.075 0.051 0.033 0.020 0.012 0.007 0.004 0.003 0.002 0.001 0.001 0.000 0.000 0.000 0.000 0.000 0.000 0.000 0.000 0.000 0.000 0.000 0.001 0.001 0.001 0.001 0.001 0.001 0.001 0.001 0.001 0.001 0.001 0.001 0.001 0.001 0.001 0.001 0.001 0.001 0.001 0.001 0.001 0.001 0.001 0.001 0.001 0.001 0.001 0.001 0.001 0.001 0.001 0.001 0.001 0.001 0.001 0.001 0.001 0.001 0.001 0.001
0.012 0.009 0.006 0.004 0.003 0.003 0.015 0.064 0.128 0.155 0.156 0.146 0.127 0.102 0.073 0.049 0.032 0.020 0.012 0.008 0.005 0.004 0.002 0.001 0.001 0.000 0.000 0.000 0.000 0.000 0.000 0.000 0.000 0.000 0.000 0.000 0.000 0.001 0.001 0.001 0.001 0.001 0.001 0.001 0.001 0.001 0.001 0.001 0.001 0.001 0.001 0.001 0.001 0.001 0.001 0.001 0.001 0.001 0.001 0.001 0.001 0.001 0.001 0.001 0.001 0.001 0.001 0.001 0.001 0.001 0.001 0.001 0.001 0.001 0.001 0.001
0.010 0.007 0.004 0.003 0.003 0.011 0.053 0.129 0.173 0.177 0.168 0.152 0.131 0.105 0.075 0.051 0.033 0.022 0.015 0.011 0.007 0.005 0.003 0.001 0.001 0.000 0.000 0.000 0.000 0.000 0.000 0.000 0.000 0.000 0.000 0.000 0.000 0.000 0.001 0.001 0.001 0.001 0.001 0.001 0.001 0.001 0.001 0.001 0.001 0.001 0.001 0.001 0.001 0.001 0.001 0.001 0.001 0.001 0.001 0.001 0.001 0.001 0.001 0.001 0.001 0.001 0.001 0.001 0.001 0.001 0.001 0.001 0.001 0.001 0.001 0.001
0.008 0.005 0.004 0.003 0.006 0.035 0.116 0.179 0.192 0.186 0.173 0.157 0.136 0.110 0.080 0.056 0.040 0.029 0.021 0.015 0.010 0.006 0.003 0.001 0.001 0.000 0.000 0.000 0.000 0.000 0.000 0.000 0.000 0.000 0.000 0.000 0.000 0.000 0.000 0.001 0.001 0.001 0.001 0.001 0.001 0.001 0.001 0.001 0.001 0.001 0.001 0.001 0.001 0.001 0.001 0.001 0.001 0.001 0.001 0.001 0.001 0.001 0.001 0.001 0.001 0.001 0.001 0.001 0.001 0.001 0.001 0.001 0.001 0.001 0.001 0.001
0.006 0.004 0.003 0.004 0.019 0.081 0.167 0.196 0.196 0.188 0.175 0.160 0.141 0.117 0.090 0.069 0.053 0.041 0.031 0.022 0.014 0.007 0.003 0.001 0.001 0.000 0.000 0.000 0.000 0.000 0.000 0.000 0.000 0.000 0.000 0.000 0.000 0.000 0.000 0.000 0.001 0.001 0.001 0.001 0.001 0.001 0.001 0.001 0.001 0.001 0.001 0.001 0.001 0.001 0.001 0.001 0.001 0.001 0.001 0.001 0.001 0.001 0.001 0.001 0.001 0.001 0.001 0.001 0.001 0.001 0.001 0.001 0.001 0.001 0.001 0.001
0.005 0.004 0.004 0.012 0.051 0.130 0.185 0.197 0.195 0.187 0.176 0.163 0.147 0.127 0.104 0.084 0.067 0.052 0.039 0.026 0.015 0.008 0.003 0.001 0.001 0.000 0.000 0.000 0.000 0.000 0.000 0.000 0.000 0.000 0.000 0.000 0.000 0.000 0.000 0.000 0.000 0.001 0.001 0.001 0.001 0.001 0.001 0.001 0.001 0.001 0.001 0.001 0.001 0.001 0.001 0.001 0.001 0.001 0.001 0.001 0.001 0.001 0.001 0.001 0.001 0.001 0.001 0.001 0.001 0.001 0.001 0.001 0.001 0.001 0.001 0.001
0.004 0.004 0.009 0.036 0.103 0.164 0.187 0.191 0.190 0.184 0.175 0.164 0.151 0.134 0.113 0.094 0.076 0.059 0.042 0.027 0.015 0.007 0.003 0.001 0.001 0.000 0.000 0.000 0.000 0.000 0.000 0.000 0.000 0.000 0.000 0.000 0.000 0.000 0.000 0.000 0.000 0.000 0.000 0.000 0.000 0.001 0.001 0.001 0.001 0.001 0.001 0.001 0.001 0.001 0.001 0.001 0.001 0.001 0.001 0.001 0.001 0.001 0.001 0.001 0.001 0.001 0.001 0.001 0.001 0.001 0.001 0.001 0.001 0.001 0.001 0.001
0.004 0.007 0.026 0.085 0.147 0.173 0.181 0.182 0.182 0.179 0.174 0.165 0.153 0.137 0.119 0.099 0.080 0.061 0.042 0.025 0.013 0.005 0.002 0.001 0.000 0.000 0.000 0.000 0.000 0.000 0.000 0.000 0.000 0.000 0.000 0.000 0.000 0.000 0.000 0.000 0.001 0.001 0.001 0.001 0.001 0.001 0.001 0.001 0.001 0.001 0.001 0.001 0.001 0.001 0.001 0.001 0.001 0.001 0.001 0.001 0.001 0.001 0.001 0.001 0.001 0.001 0.001 0.001 0.001 0.001 0.001 0.001 0.001 0.001 0.001 0.001
0.006 0.018 0.066 0.131 0.164 0.174 0.178 0.179 0.179 0.177 0.173 0.165 0.154 0.139 0.121 0.101 0.081 0.060 0.038 0.020 0.008 0.003 0.001 0.001 0.000 0.000 0.000 0.000 0.000 0.000 0.000 0.000 0.000 0.000 0.000 0.000 0.000 0.000 0.000 0.000 0.000 0.000 0.000 0.000 0.000 0.001 0.001 0.001 0.001 0.001 0.001 0.001 0.001 0.001 0.001 0.001 0.001 0.001 0.001 0.001 0.001 0.001 0.001 0.001 0.001 0.001 0.001 0.001 0.001 0.001 0.001 0.001 0.001 0.001 0.001 0.001
0.013 0.049 0.113 0.156 0.169 0.174 0.177 0.178 0.178 0.177 0.173 0.165 0.154 0.139 0.122 0.102 0.080 0.056 0.031 0.014 0.005 0.001 0.001 0.001 0.000 0.000 0.000 0.000 0.000 0.000 0.000 0.000 0.000 0.000 0.000 0.000 0.000 0.000 0.000 0.000 0.000 0.001 0.001 0.001 0.001 0.001 0.001 0.001 0.001 0.001 0.001 0.001 0.001 0.001 0.001 0.001 0.001 0.001 0.001 0.001 0.001 0.001 0.001 0.001 0.001 0.001 0.001 0.001 0.001 0.001 0.001 0.000 0.001 0.001 0.001 0.001
0.034 0.096 0.147 0.165 0.172 0.176 0.178 0.179 0.179 0.177 0.173 0.165 0.154 0.139 0.121 0.101 0.077 0.048 0.024 0.009 0.003 0.001 0.001 0.001 0.001 0.000 0.000 0.000 0.000 0.000 0.000 0.000 0.000 0.000 0.000 0.000 0.000 0.000 0.000 0.000 0.001 0.001 0.001 0.001 0.001 0.001 0.001 0.001 0.001 0.001 0.001 0.001 0.001 0.001 0.001 0.001 0.001 0.001 0.001 0.001 0.001 0.001 0.001 0.001 0.001 0.001 0.001 0.001 0.001 0.001 0.001 0.001 0.000 0.001 0.001 0.001
0.068 0.129 0.157 0.169 0.176 0.179 0.180 0.181 0.180 0.177 0.172 0.164 0.152 0.137 0.119 0.098 0.070 0.039 0.017 0.006 0.002 0.001 0.001 0.001 0.001 0.001 0.000 0.000 0.000 0.000 0.000 0.000 0.000 0.000 0.000 0.000 0.001 0.000 0.000 0.000 0.001 0.001 0.001 0.001 0.001 0.001 0.001 0.001 0.001 0.001 0.001 0.001 0.001 0.001 0.001 0.001 0.001 0.001 0.001 0.001 0.001 0.001 0.000 0.001 0.001 0.001 0.001 0.001 0.001 0.001 0.001 0.001 0.000 0.000 0.001 0.001
0.099 0.139 0.157 0.170 0.179 0.184 0.185 0.184 0.182 0.178 0.171 0.162 0.150 0.134 0.115 0.091 0.059 0.029 0.011 0.003 0.001 0.001 0.001 0.001 0.001 0.001 0.001 0.000 0.000 0.000 0.000 0.000 0.000 0.000 0.000 0.000 0.000 0.000 0.000 0.000 0.001 0.001 0.001 0.001 0.001 0.001 0.001 0.001 0.001 0.001 0.001 0.001 0.001 0.001 0.001 0.001 0.001 0.001 0.001 0.001 0.001 0.001 0.000 0.000 0.001 0.001 0.001 0.001 0.001 0.001 0.001 0.001 0.001 0.000 0.000 0.001
0.115 0.137 0.153 0.169 0.181 0.188 0.189 0.188 0.184 0.178 0.170 0.159 0.146 0.129 0.108 0.078 0.044 0.019 0.006 0.002 0.001 0.001 0.001 0.001 0.001 0.001 0.001 0.001 0.000 0.000 0.000 0.000 0.000 0.000 0.000 0.000 0.000 0.000 0.000 0.000 0.001 0.001 0.001 0.001 0.001 0.001 0.001 0.001 0.001 0.001 0.001 0.001 0.001 0.001 0.001 0.001 0.001 0.001 0.001 0.001 0.001 0.001 0.001 0.000 0.000 0.000 0.001 0.001 0.001 0.001 0.001 0.001 0.001 0.001 0.000 0.000
0.116 0.131 0.145 0.161 0.177 0.187 0.190 0.189 0.185 0.178 0.167 0.154 0.138 0.116 0.089 0.055 0.026 0.009 0.003 0.001 0.001 0.000 0.000 0.001 0.001 0.001 0.001 0.001 0.001 0.001 0.000 0.000 0.000 0.000 0.000 0.000 0.000 0.000 0.000 0.000 0.001 0.001 0.001 0.001 0.001 0.001 0.001 0.001 0.001 0.001 0.001 0.001 0.001 0.001 0.001 0.001 0.001 0.001 0.001 0.001 0.001 0.001 0.001 0.001 0.000 0.000 0.000 0.001 0.001 0.001 0.001 0.001 0.001 0.001 0.001 0.000
0.111 0.120 0.129 0.141 0.155 0.169 0.179 0.182 0.180 0.172 0.159 0.141 0.117 0.087 0.055 0.028 0.011 0.004 0.001 0.001 0.000 0.000 0.000 0.000 0.001 0.001 0.001 0.001 0.001 0.001 0.001 0.000 0.000 0.000 0.000 0.000 0.000 0.000 0.000 0.000 0.000 0.000 0.000 0.000 0.000 0.001 0.001 0.001 0.001 0.001 0.001 0.001 0.001 0.001 0.001 0.001 0.001 0.001 0.001 0.001 0.001 0.001 0.001 0.001 0.001 0.000 0.000 0.000 0.001 0.001 0.001 0.001 0.001 0.001 0.001 0.000
