RESULTS/r.avaflow_results/14b_results/14b_ascii/14b_hflow0016.asc
ncols 506
nrows 317
xllcenter 498237.50
yllcenter 5580050.00
cellsize 12.50
NODATA_value -9999.000
[rows 204 to 237 of 317, columns 76 to 151 of 506]
0.273 0.212 0.158 0.112 0.077 0.054 0.043 0.042 0.062 0.237 1.144 3.647 7.506 10.467 12.200 13.352 14.419 15.421 16.382 17.356 18.283 19.203 20.135 20.916 21.505 21.940 22.131 22.279 22.247 22.261 22.087 21.937 21.672 21.426 21.223 20.994 20.890 21.012 21.062 21.244 21.589 21.871 22.229 22.442 22.469 22.549 22.441 22.291 22.207 21.836 21.314 20.621 19.565 18.280 16.867 15.481 14.249 13.127 11.979 10.808 9.680 8.663 7.817 7.161 6.671 6.308 5.986 5.636 5.235 4.730 4.170 3.752 3.551 3.550 3.714 4.104
0.234 0.181 0.136 0.099 0.070 0.052 0.042 0.039 0.046 0.142 0.767 2.879 6.696 10.155 12.123 13.178 14.069 14.931 15.750 16.592 17.407 18.215 19.049 19.885 20.521 20.955 21.226 21.417 21.379 21.430 21.251 21.099 20.775 20.470 20.169 19.816 19.579 19.600 19.582 19.669 19.952 20.227 20.709 21.057 21.237 21.313 21.208 21.019 20.765 20.237 19.593 18.823 17.621 16.159 14.514 12.929 11.506 10.171 8.945 7.819 6.870 6.149 5.676 5.436 5.323 5.240 5.126 4.955 4.698 4.335 3.906 3.609 3.517 3.606 3.943 4.571
0.209 0.153 0.114 0.087 0.067 0.052 0.043 0.038 0.038 0.068 0.357 1.773 5.132 9.172 11.564 12.666 13.430 14.181 14.859 15.552 16.271 16.946 17.631 18.364 18.982 19.451 19.832 20.043 20.080 20.085 19.942 19.850 19.548 19.231 18.914 18.538 18.270 18.208 18.117 18.124 18.328 18.591 19.150 19.667 19.895 20.034 19.948 19.679 19.248 18.555 17.697 16.698 15.356 13.718 11.925 10.246 8.783 7.461 6.354 5.458 4.819 4.434 4.267 4.294 4.424 4.486 4.474 4.411 4.264 4.027 3.740 3.571 3.565 3.783 4.259 4.923
0.208 0.148 0.109 0.085 0.068 0.055 0.045 0.038 0.034 0.039 0.133 0.826 3.250 7.428 10.426 11.754 12.529 13.202 13.769 14.335 14.889 15.389 15.850 16.382 16.909 17.453 17.934 18.123 18.233 18.302 18.244 18.232 18.043 17.825 17.589 17.191 16.788 16.603 16.490 16.460 16.626 16.879 17.376 18.032 18.366 18.520 18.451 18.203 17.664 16.777 15.617 14.295 12.765 11.088 9.400 7.851 6.517 5.398 4.554 3.972 3.636 3.511 3.523 3.663 3.866 3.956 3.970 3.956 3.886 3.748 3.606 3.557 3.631 3.900 4.373 4.987
0.236 0.161 0.116 0.090 0.074 0.061 0.049 0.039 0.032 0.030 0.052 0.306 1.665 5.117 8.720 10.451 11.360 12.016 12.477 12.906 13.269 13.616 13.864 14.170 14.526 15.084 15.663 15.895 16.002 16.104 16.080 16.136 16.116 16.036 15.937 15.679 15.287 14.999 14.789 14.697 14.791 14.995 15.471 16.209 16.664 16.830 16.805 16.475 15.764 14.671 13.265 11.708 10.138 8.635 7.217 5.932 4.868 4.052 3.515 3.223 3.113 3.110 3.163 3.303 3.466 3.541 3.554 3.558 3.534 3.482 3.460 3.504 3.633 3.903 4.347 4.882
0.313 0.211 0.146 0.111 0.088 0.071 0.055 0.041 0.031 0.026 0.029 0.096 0.674 2.826 6.365 8.795 9.971 10.649 11.077 11.367 11.528 11.650 11.667 11.735 11.952 12.414 12.990 13.295 13.435 13.502 13.495 13.652 13.849 13.963 13.970 13.848 13.530 13.180 12.912 12.772 12.808 12.935 13.288 14.013 14.664 14.863 14.824 14.407 13.592 12.376 10.834 9.281 7.886 6.628 5.517 4.574 3.843 3.336 3.039 2.908 2.879 2.886 2.926 3.023 3.129 3.176 3.182 3.184 3.185 3.197 3.241 3.351 3.535 3.813 4.203 4.622
0.451 0.314 0.216 0.155 0.116 0.086 0.062 0.045 0.032 0.025 0.023 0.035 0.199 1.162 3.674 6.651 8.403 9.233 9.656 9.867 9.913 9.867 9.665 9.411 9.394 9.626 10.074 10.472 10.810 11.030 11.105 11.188 11.347 11.526 11.677 11.739 11.570 11.260 10.975 10.744 10.621 10.576 10.753 11.342 12.070 12.334 12.304 11.892 11.094 9.938 8.585 7.301 6.152 5.157 4.346 3.724 3.281 2.981 2.796 2.707 2.682 2.683 2.701 2.763 2.822 2.837 2.830 2.813 2.818 2.849 2.926 3.082 3.307 3.580 3.892 4.193
0.654 0.481 0.340 0.238 0.167 0.115 0.077 0.052 0.036 0.026 0.021 0.021 0.047 0.328 1.505 4.024 6.489 7.742 8.252 8.453 8.455 8.338 8.035 7.588 7.328 7.326 7.527 7.883 8.425 8.924 9.185 9.268 9.333 9.358 9.444 9.547 9.545 9.443 9.268 9.010 8.755 8.458 8.261 8.440 8.942 9.274 9.303 9.029 8.439 7.639 6.721 5.778 4.912 4.188 3.629 3.222 2.923 2.709 2.577 2.508 2.484 2.475 2.477 2.506 2.529 2.525 2.493 2.437 2.402 2.410 2.475 2.632 2.841 3.034 3.216 3.399
0.931 0.716 0.526 0.373 0.257 0.170 0.108 0.069 0.045 0.031 0.022 0.019 0.021 0.063 0.432 1.744 4.064 5.893 6.719 7.070 7.262 7.326 7.149 6.727 6.297 6.142 6.181 6.439 7.001 7.703 8.127 8.236 8.233 8.127 8.131 8.210 8.280 8.275 8.189 7.962 7.698 7.301 6.760 6.183 5.818 5.749 5.805 5.904 5.837 5.553 5.100 4.546 3.965 3.473 3.091 2.802 2.590 2.443 2.350 2.296 2.271 2.252 2.246 2.249 2.251 2.231 2.176 2.074 1.946 1.849 1.815 1.846 1.896 1.921 1.950 2.032
1.264 1.023 0.779 0.569 0.398 0.264 0.165 0.100 0.062 0.039 0.026 0.019 0.017 0.021 0.087 0.561 1.927 3.716 5.071 5.982 6.578 7.009 7.181 6.952 6.550 6.265 6.230 6.427 6.950 7.743 8.240 8.366 8.329 8.138 8.083 8.124 8.208 8.213 8.167 7.982 7.733 7.320 6.590 5.023 3.464 2.821 2.762 3.046 3.508 3.714 3.627 3.400 3.083 2.790 2.564 2.387 2.258 2.168 2.103 2.056 2.027 2.007 1.995 1.989 1.979 1.950 1.880 1.745 1.537 1.283 1.079 0.937 0.836 0.774 0.755 0.785
1.565 1.326 1.053 0.799 0.581 0.397 0.253 0.152 0.090 0.054 0.033 0.021 0.017 0.016 0.029 0.162 0.812 2.234 4.002 5.561 6.679 7.684 8.685 9.006 8.669 8.155 7.990 8.146 8.693 9.641 10.265 10.394 10.273 9.918 9.691 9.653 9.686 9.710 9.698 9.578 9.347 8.853 7.653 4.706 2.087 1.098 0.914 1.087 1.624 2.128 2.324 2.331 2.237 2.126 2.040 1.969 1.913 1.868 1.821 1.776 1.740 1.717 1.710 1.716 1.711 1.682 1.600 1.443 1.190 0.849 0.573 0.385 0.273 0.219 0.203 0.207
1.808 1.559 1.265 0.980 0.733 0.523 0.351 0.219 0.129 0.074 0.043 0.026 0.018 0.016 0.022 0.085 0.466 1.721 3.881 6.190 8.264 9.588 10.137 10.114 9.553 8.949 8.740 8.897 9.467 10.463 11.129 11.245 11.078 10.670 10.356 10.259 10.237 10.259 10.237 10.137 9.917 9.419 8.144 4.583 1.455 0.439 0.226 0.247 0.487 0.895 1.199 1.357 1.432 1.477 1.517 1.536 1.537 1.524 1.495 1.449 1.395 1.367 1.368 1.399 1.427 1.411 1.326 1.152 0.865 0.519 0.279 0.144 0.079 0.053 0.045 0.044
1.997 1.727 1.408 1.099 0.835 0.608 0.421 0.274 0.168 0.098 0.057 0.035 0.024 0.020 0.025 0.081 0.437 1.949 5.182 7.920 9.478 10.086 9.866 9.207 8.409 7.833 7.637 7.762 8.269 9.191 9.883 10.032 9.877 9.495 9.118 8.919 8.767 8.610 8.431 8.227 7.961 7.549 6.634 3.884 1.052 0.172 0.043 0.037 0.081 0.222 0.408 0.570 0.710 0.845 0.971 1.064 1.111 1.121 1.106 1.059 0.978 0.914 0.897 0.932 1.004 1.025 0.972 0.806 0.526 0.268 0.121 0.051 0.022 0.012 0.009 0.008
2.140 1.840 1.490 1.165 0.890 0.658 0.465 0.312 0.199 0.123 0.075 0.049 0.039 0.038 0.059 0.192 0.837 3.064 6.398 8.210 8.729 8.420 7.504 6.266 5.319 4.861 4.735 4.813 5.181 5.935 6.677 6.974 6.932 6.669 6.278 5.921 5.538 5.037 4.500 4.055 3.705 3.420 3.073 1.925 0.458 0.032 0.004 0.004 0.008 0.027 0.072 0.142 0.231 0.341 0.460 0.552 0.600 0.614 0.610 0.580 0.516 0.443 0.411 0.416 0.462 0.486 0.469 0.383 0.228 0.104 0.042 0.016 0.006 0.003 0.002 0.001
2.244 1.905 1.523 1.189 0.911 0.680 0.492 0.342 0.228 0.152 0.109 0.092 0.114 0.204 0.411 0.893 1.948 3.882 5.635 6.087 5.504 4.457 3.347 2.509 2.048 1.858 1.809 1.831 1.996 2.391 2.912 3.250 3.368 3.341 3.191 2.958 2.632 2.136 1.614 1.262 1.046 0.901 0.758 0.423 0.059 0.000 0.001 0.001 0.001 0.002 0.007 0.019 0.041 0.080 0.141 0.195 0.223 0.231 0.232 0.224 0.197 0.155 0.132 0.128 0.140 0.153 0.149 0.120 0.066 0.028 0.011 0.004 0.002 0.001 0.001 0.001
2.313 1.930 1.528 1.190 0.912 0.685 0.507 0.372 0.277 0.229 0.253 0.398 0.694 1.161 1.670 2.103 2.631 3.222 3.153 2.597 1.900 1.288 0.885 0.653 0.538 0.486 0.464 0.461 0.497 0.610 0.810 0.998 1.128 1.200 1.221 1.166 1.019 0.741 0.461 0.303 0.223 0.176 0.128 0.049 0.001 0.000 0.001 0.001 0.001 0.001 0.001 0.002 0.004 0.011 0.025 0.042 0.052 0.055 0.056 0.055 0.050 0.038 0.031 0.030 0.032 0.036 0.035 0.028 0.014 0.006 0.002 0.001 0.001 0.001 0.001 0.001
2.342 1.926 1.520 1.178 0.897 0.681 0.527 0.445 0.472 0.695 1.140 1.841 2.514 2.871 2.815 2.549 2.286 1.888 1.333 0.840 0.515 0.322 0.215 0.155 0.121 0.101 0.090 0.087 0.090 0.108 0.147 0.198 0.247 0.293 0.326 0.336 0.307 0.210 0.108 0.060 0.039 0.027 0.016 0.003 0.000 0.000 0.001 0.001 0.001 0.001 0.001 0.001 0.001 0.001 0.003 0.007 0.009 0.010 0.010 0.010 0.009 0.007 0.006 0.006 0.006 0.007 0.007 0.005 0.003 0.001 0.001 0.001 0.001 0.001 0.001 0.001
2.343 1.901 1.490 1.143 0.871 0.690 0.622 0.843 1.528 2.594 3.570 4.103 4.105 3.652 2.968 2.302 1.658 1.096 0.672 0.401 0.245 0.152 0.096 0.060 0.037 0.023 0.016 0.014 0.013 0.015 0.021 0.030 0.041 0.056 0.069 0.076 0.073 0.049 0.021 0.010 0.006 0.003 0.001 0.000 0.000 0.001 0.001 0.001 0.001 0.001 0.001 0.001 0.001 0.001 0.001 0.001 0.001 0.001 0.002 0.002 0.002 0.001 0.001 0.001 0.001 0.001 0.001 0.001 0.001 0.001 0.001 0.001 0.001 0.001 0.001 0.001
2.314 1.845 1.434 1.105 0.870 0.762 1.005 2.393 4.249 5.300 5.556 5.228 4.584 3.734 2.791 1.969 1.326 0.852 0.534 0.339 0.218 0.137 0.083 0.046 0.023 0.010 0.004 0.002 0.002 0.002 0.002 0.003 0.005 0.008 0.012 0.014 0.014 0.009 0.004 0.002 0.001 0.001 0.001 0.001 0.001 0.001 0.001 0.001 0.001 0.001 0.001 0.001 0.001 0.001 0.001 0.001 0.001 0.001 0.001 0.001 0.001 0.001 0.001 0.001 0.001 0.001 0.001 0.001 0.001 0.001 0.001 0.001 0.001 0.001 0.001 0.001
2.251 1.768 1.380 1.097 0.946 1.039 2.144 4.861 6.599 6.700 6.337 5.694 4.806 3.722 2.687 1.856 1.245 0.821 0.538 0.355 0.233 0.146 0.085 0.044 0.020 0.008 0.003 0.001 0.001 0.001 0.001 0.001 0.001 0.001 0.002 0.002 0.002 0.002 0.001 0.001 0.001 0.001 0.001 0.001 0.001 0.001 0.001 0.001 0.001 0.001 0.001 0.001 0.001 0.001 0.001 0.001 0.001 0.001 0.001 0.001 0.001 0.001 0.001 0.001 0.001 0.001 0.001 0.001 0.001 0.001 0.001 0.001 0.001 0.001 0.001 0.001
2.178 1.711 1.358 1.162 1.186 2.016 4.659 7.051 7.606 7.362 6.811 6.010 4.981 3.760 2.686 1.858 1.270 0.880 0.620 0.433 0.291 0.180 0.098 0.046 0.018 0.006 0.002 0.001 0.001 0.000 0.000 0.000 0.000 0.000 0.000 0.001 0.001 0.001 0.001 0.001 0.001 0.001 0.001 0.001 0.001 0.001 0.001 0.001 0.001 0.001 0.001 0.001 0.001 0.001 0.001 0.001 0.001 0.001 0.001 0.001 0.001 0.001 0.001 0.001 0.001 0.001 0.001 0.001 0.001 0.001 0.001 0.001 0.001 0.001 0.001 0.001
2.118 1.690 1.400 1.313 1.788 4.264 7.337 8.227 8.119 7.724 7.088 6.222 5.136 3.867 2.788 1.987 1.443 1.085 0.823 0.600 0.403 0.235 0.113 0.045 0.016 0.005 0.002 0.001 0.000 0.000 0.000 0.000 0.000 0.000 0.000 0.000 0.000 0.000 0.000 0.001 0.001 0.001 0.001 0.001 0.001 0.001 0.001 0.001 0.001 0.001 0.001 0.001 0.001 0.001 0.001 0.001 0.001 0.001 0.001 0.001 0.001 0.001 0.001 0.001 0.001 0.001 0.001 0.001 0.001 0.001 0.001 0.001 0.001 0.001 0.001 0.001
2.084 1.725 1.540 1.650 3.045 6.486 8.518 8.615 8.367 7.920 7.260 6.376 5.275 4.050 3.046 2.325 1.835 1.476 1.154 0.829 0.519 0.271 0.114 0.041 0.013 0.004 0.001 0.001 0.000 0.000 0.000 0.000 0.000 0.000 0.000 0.000 0.000 0.000 0.000 0.000 0.001 0.001 0.001 0.001 0.001 0.001 0.001 0.001 0.001 0.001 0.001 0.001 0.001 0.001 0.001 0.001 0.001 0.001 0.001 0.001 0.001 0.001 0.001 0.001 0.001 0.001 0.001 0.001 0.001 0.001 0.001 0.001 0.001 0.001 0.001 0.001
2.096 1.853 1.852 2.680 5.401 8.089 8.814 8.735 8.457 8.004 7.367 6.525 5.450 4.319 3.444 2.816 2.325 1.876 1.424 0.969 0.568 0.274 0.106 0.034 0.010 0.003 0.001 0.000 0.000 0.000 0.000 0.000 0.000 0.000 0.000 0.000 0.000 0.000 0.000 0.000 0.000 0.001 0.001 0.001 0.001 0.001 0.001 0.001 0.001 0.001 0.001 0.001 0.001 0.001 0.001 0.001 0.001 0.001 0.001 0.001 0.001 0.001 0.001 0.001 0.001 0.001 0.001 0.001 0.001 0.001 0.001 0.001 0.001 0.001 0.001 0.001
2.182 2.123 2.789 5.235 7.871 8.755 8.810 8.731 8.475 8.037 7.432 6.658 5.675 4.665 3.860 3.216 2.651 2.098 1.534 0.999 0.559 0.251 0.086 0.024 0.006 0.002 0.001 0.000 0.000 0.000 0.000 0.000 0.000 0.000 0.000 0.000 0.000 0.000 0.000 0.000 0.000 0.000 0.000 0.000 0.000 0.001 0.001 0.001 0.001 0.001 0.001 0.001 0.001 0.001 0.001 0.001 0.001 0.001 0.001 0.001 0.001 0.001 0.001 0.001 0.001 0.001 0.001 0.001 0.001 0.001 0.001 0.001 0.001 0.001 0.001 0.001
2.371 2.707 4.909 7.819 8.847 8.918 8.846 8.724 8.457 8.042 7.480 6.789 5.946 5.035 4.221 3.505 2.837 2.179 1.533 0.950 0.487 0.191 0.055 0.014 0.004 0.001 0.001 0.000 0.000 0.000 0.000 0.000 0.000 0.000 0.000 0.000 0.000 0.000 0.000 0.000 0.001 0.001 0.001 0.001 0.001 0.001 0.001 0.001 0.001 0.001 0.001 0.001 0.001 0.001 0.001 0.001 0.001 0.001 0.001 0.001 0.001 0.001 0.001 0.001 0.001 0.001 0.001 0.001 0.001 0.001 0.001 0.001 0.001 0.001 0.001 0.001
2.764 3.935 7.054 8.956 9.127 9.069 8.914 8.722 8.450 8.046 7.528 6.892 6.144 5.319 4.502 3.714 2.941 2.184 1.454 0.818 0.361 0.119 0.033 0.010 0.003 0.001 0.001 0.000 0.000 0.000 0.000 0.000 0.000 0.000 0.000 0.000 0.000 0.000 0.000 0.000 0.000 0.000 0.000 0.000 0.000 0.001 0.001 0.001 0.001 0.001 0.001 0.001 0.001 0.001 0.001 0.001 0.001 0.001 0.001 0.001 0.001 0.001 0.001 0.001 0.001 0.001 0.001 0.001 0.001 0.001 0.001 0.001 0.001 0.001 0.001 0.001
3.828 6.353 8.737 9.324 9.291 9.186 9.001 8.755 8.461 8.060 7.575 6.977 6.280 5.507 4.696 3.860 2.997 2.135 1.324 0.673 0.266 0.083 0.025 0.008 0.003 0.001 0.001 0.000 0.000 0.000 0.000 0.000 0.000 0.000 0.000 0.000 0.000 0.000 0.000 0.000 0.000 0.001 0.001 0.001 0.001 0.001 0.001 0.001 0.001 0.001 0.001 0.001 0.001 0.001 0.001 0.001 0.001 0.001 0.001 0.001 0.001 0.001 0.001 0.001 0.001 0.001 0.001 0.001 0.001 0.001 0.001 0.000 0.001 0.001 0.001 0.001
5.974 8.683 9.454 9.447 9.389 9.275 9.087 8.822 8.510 8.120 7.637 7.061 6.381 5.625 4.811 3.944 3.016 2.068 1.214 0.579 0.216 0.068 0.021 0.007 0.003 0.001 0.001 0.000 0.000 0.000 0.000 0.000 0.000 0.000 0.000 0.000 0.000 0.000 0.000 0.000 0.001 0.001 0.001 0.001 0.001 0.001 0.001 0.001 0.001 0.001 0.001 0.001 0.001 0.001 0.001 0.001 0.001 0.001 0.001 0.001 0.001 0.001 0.001 0.001 0.001 0.001 0.001 0.001 0.001 0.001 0.001 0.001 0.000 0.001 0.001 0.001
7.922 9.530 9.584 9.526 9.455 9.352 9.172 8.932 8.601 8.200 7.704 7.121 6.451 5.696 4.874 3.994 3.019 1.995 1.119 0.510 0.184 0.059 0.019 0.007 0.003 0.001 0.001 0.000 0.000 0.000 0.000 0.000 0.000 0.000 0.000 0.000 0.001 0.000 0.000 0.000 0.001 0.001 0.001 0.001 0.001 0.001 0.001 0.001 0.001 0.001 0.001 0.001 0.001 0.001 0.001 0.001 0.001 0.001 0.001 0.001 0.001 0.001 0.000 0.001 0.001 0.001 0.001 0.001 0.001 0.001 0.001 0.001 0.000 0.000 0.001 0.001
9.232 9.679 9.618 9.537 9.473 9.380 9.239 9.022 8.683 8.277 7.763 7.152 6.480 5.727 4.917 4.025 3.004 1.913 1.024 0.446 0.157 0.051 0.017 0.006 0.002 0.001 0.001 0.000 0.000 0.000 0.000 0.000 0.000 0.000 0.000 0.000 0.000 0.000 0.000 0.000 0.001 0.001 0.001 0.001 0.001 0.001 0.001 0.001 0.001 0.001 0.001 0.001 0.001 0.001 0.001 0.001 0.001 0.001 0.001 0.001 0.001 0.001 0.000 0.000 0.001 0.001 0.001 0.001 0.001 0.001 0.001 0.001 0.001 0.000 0.000 0.001
9.670 9.647 9.584 9.511 9.469 9.399 9.275 9.065 8.742 8.319 7.788 7.160 6.476 5.729 4.932 4.034 2.956 1.807 0.923 0.382 0.131 0.042 0.013 0.004 0.001 0.001 0.001 0.001 0.000 0.000 0.000 0.000 0.000 0.000 0.000 0.000 0.000 0.000 0.000 0.000 0.001 0.001 0.001 0.001 0.001 0.001 0.001 0.001 0.001 0.001 0.001 0.001 0.001 0.001 0.001 0.001 0.001 0.001 0.001 0.001 0.001 0.001 0.001 0.000 0.000 0.000 0.001 0.001 0.001 0.001 0.001 0.001 0.001 0.001 0.000 0.000
9.622 9.575 9.489 9.441 9.419 9.371 9.270 9.069 8.761 8.326 7.782 7.138 6.434 5.699 4.898 3.958 2.802 1.632 0.787 0.305 0.098 0.029 0.008 0.002 0.001 0.001 0.001 0.001 0.001 0.001 0.000 0.000 0.000 0.000 0.000 0.000 0.000 0.000 0.000 0.000 0.001 0.001 0.001 0.001 0.001 0.001 0.001 0.001 0.001 0.001 0.001 0.001 0.001 0.001 0.001 0.001 0.001 0.001 0.001 0.001 0.001 0.001 0.001 0.001 0.000 0.000 0.000 0.001 0.001 0.001 0.001 0.001 0.001 0.001 0.001 0.000
9.542 9.417 9.290 9.245 9.253 9.263 9.212 9.038 8.741 8.292 7.726 7.053 6.313 5.537 4.663 3.614 2.386 1.292 0.562 0.189 0.052 0.013 0.003 0.001 0.001 0.001 0.001 0.001 0.001 0.001 0.001 0.000 0.000 0.000 0.000 0.000 0.000 0.000 0.000 0.000 0.000 0.000 0.000 0.000 0.000 0.001 0.001 0.001 0.001 0.001 0.001 0.001 0.001 0.001 0.001 0.001 0.001 0.001 0.001 0.001 0.001 0.001 0.001 0.001 0.001 0.000 0.000 0.000 0.001 0.001 0.001 0.001 0.001 0.001 0.001 0.000
