RESULTS/r.avaflow_results/14b_results/14b_ascii/14b_hflow0024.asc
ncols 506
nrows 317
xllcenter 498237.50
yllcenter 5580050.00
cellsize 12.50
NODATA_value -9999.000
[rows 170 to 203 of 317, columns 76 to 151 of 506]
0.411 0.543 0.774 1.161 1.721 2.386 3.039 3.602 4.095 4.563 5.046 5.558 6.109 6.720 7.404 8.120 8.784 9.390 9.959 10.530 11.074 11.627 12.230 12.808 13.429 14.038 14.541 14.903 15.180 15.469 15.810 16.195 16.673 17.229 17.871 18.580 19.378 20.279 21.194 22.127 22.888 23.686 24.487 25.371 26.435 27.569 29.083 30.424 31.624 33.074 34.456 35.978 37.882 39.817 41.560 43.712 45.501 46.966 48.898 50.246 51.598 53.460 54.716 55.662 56.700 56.814 56.515 56.201 55.667 55.199 54.670 53.574 52.384 51.513 50.635 49.769
0.912 1.154 1.502 1.953 2.489 3.070 3.624 4.141 4.639 5.146 5.684 6.269 6.905 7.616 8.413 9.243 10.014 10.739 11.413 12.073 12.661 13.276 13.883 14.442 14.997 15.476 15.861 16.154 16.391 16.638 16.925 17.273 17.698 18.189 18.809 19.545 20.394 21.347 22.275 23.309 24.149 25.032 25.847 26.903 28.007 29.273 30.898 32.309 33.538 35.164 36.682 37.953 39.744 41.457 42.998 44.467 45.512 46.695 49.124 51.284 53.103 54.914 55.907 56.621 57.334 57.093 56.749 56.243 55.778 54.984 54.443 53.736 52.968 52.734 52.474 52.061
1.404 1.691 2.050 2.472 2.949 3.459 3.987 4.529 5.070 5.615 6.189 6.823 7.527 8.304 9.163 10.074 10.987 11.858 12.645 13.409 14.094 14.750 15.383 15.959 16.406 16.768 17.068 17.283 17.468 17.686 17.913 18.224 18.617 19.086 19.664 20.366 21.186 22.157 23.152 24.310 25.266 26.257 27.175 28.388 29.662 30.993 32.596 34.042 35.250 36.974 38.525 39.821 41.576 42.968 43.844 44.969 45.821 46.949 49.263 51.994 53.890 55.999 56.792 57.311 57.834 57.334 56.983 56.482 56.011 55.286 55.068 54.708 54.507 54.762 54.717 54.377
1.691 1.995 2.351 2.758 3.217 3.715 4.255 4.830 5.410 5.986 6.594 7.242 7.968 8.778 9.700 10.677 11.704 12.721 13.658 14.523 15.304 16.012 16.676 17.226 17.626 17.929 18.140 18.333 18.478 18.656 18.833 19.113 19.375 19.791 20.342 21.042 21.883 22.842 23.839 25.067 26.233 27.391 28.542 29.846 31.227 32.612 34.176 35.636 37.050 38.765 40.123 41.370 42.808 43.934 44.179 44.926 45.768 46.932 48.448 50.259 51.822 54.988 56.493 56.824 57.276 56.902 56.576 56.301 55.975 55.736 56.064 55.989 55.918 55.989 55.894 55.734
1.858 2.176 2.538 2.948 3.411 3.920 4.469 5.049 5.648 6.263 6.886 7.532 8.256 9.104 10.050 11.080 12.201 13.334 14.409 15.407 16.339 17.128 17.808 18.269 18.632 18.898 19.050 19.208 19.357 19.492 19.594 19.843 20.088 20.469 20.982 21.601 22.390 23.321 24.392 25.644 26.960 28.279 29.747 31.266 32.594 33.987 35.582 37.036 38.364 40.041 41.516 42.868 44.228 44.883 44.867 45.370 45.858 47.063 48.722 50.194 51.462 53.541 54.786 55.450 56.651 56.678 56.702 56.849 56.575 56.555 56.883 56.618 56.548 56.686 56.499 56.888
1.971 2.301 2.674 3.095 3.563 4.077 4.627 5.201 5.797 6.419 7.053 7.711 8.453 9.320 10.299 11.389 12.543 13.733 14.913 16.050 17.095 17.971 18.701 19.183 19.521 19.753 19.898 19.997 20.101 20.228 20.355 20.523 20.713 20.996 21.400 21.914 22.646 23.623 24.673 25.877 27.449 28.972 30.505 32.127 33.559 34.925 36.562 38.076 39.278 40.929 42.353 43.510 44.844 45.415 45.151 45.471 45.748 46.633 48.401 50.014 51.108 52.345 53.052 53.617 55.507 56.212 56.975 57.410 57.121 57.166 57.459 57.091 57.035 57.306 57.130 57.839
2.047 2.385 2.767 3.197 3.675 4.197 4.744 5.290 5.861 6.474 7.111 7.791 8.571 9.430 10.424 11.549 12.725 13.935 15.203 16.455 17.602 18.565 19.342 19.888 20.243 20.479 20.635 20.708 20.756 20.879 20.947 21.070 21.215 21.411 21.742 22.230 22.824 23.767 24.802 26.046 27.622 29.286 31.099 32.899 34.500 35.932 37.556 38.891 39.951 41.555 42.969 43.878 44.773 45.191 45.004 45.280 45.317 45.613 47.419 49.380 50.388 51.587 52.168 51.994 52.837 53.701 55.343 56.631 56.492 56.476 56.613 56.201 56.098 56.344 56.344 57.040
2.085 2.428 2.816 3.258 3.751 4.285 4.813 5.335 5.881 6.481 7.118 7.814 8.612 9.493 10.493 11.621 12.811 14.033 15.315 16.630 17.847 18.912 19.783 20.403 20.838 21.073 21.260 21.305 21.324 21.410 21.411 21.510 21.637 21.778 22.032 22.432 22.893 23.823 24.841 26.194 27.784 29.458 31.445 33.481 35.220 36.629 38.221 39.594 40.691 42.200 43.573 44.419 45.105 45.246 45.304 45.582 45.527 45.743 47.290 49.042 50.356 51.620 52.058 52.052 52.655 52.937 53.581 55.008 55.148 55.276 55.226 54.890 54.684 54.830 54.959 55.655
2.088 2.437 2.831 3.286 3.801 4.330 4.841 5.349 5.888 6.465 7.112 7.810 8.612 9.515 10.515 11.633 12.815 14.047 15.329 16.677 17.932 19.038 20.002 20.715 21.260 21.573 21.734 21.772 21.809 21.871 21.890 21.911 21.979 22.042 22.234 22.564 23.033 23.829 24.785 26.074 27.669 29.477 31.523 33.807 35.655 37.055 38.585 39.820 40.938 42.316 43.438 44.238 45.055 45.300 45.285 45.650 45.607 45.670 47.063 48.773 49.917 51.040 51.433 51.382 51.940 52.028 51.729 52.142 52.504 52.873 52.991 52.698 52.671 53.118 53.281 54.037
2.019 2.409 2.827 3.300 3.828 4.339 4.845 5.346 5.877 6.444 7.086 7.785 8.584 9.497 10.525 11.627 12.783 14.016 15.296 16.643 17.933 19.058 20.068 20.850 21.498 21.847 22.070 22.138 22.136 22.116 22.136 22.171 22.210 22.235 22.334 22.568 22.992 23.648 24.727 25.999 27.552 29.494 31.582 33.956 35.846 37.271 38.760 39.996 41.097 42.428 43.514 44.301 44.937 45.150 45.086 45.444 45.420 45.385 46.644 48.286 49.048 49.936 50.282 50.081 50.600 50.707 50.265 50.263 50.118 49.476 49.252 49.010 48.780 49.564 50.930 52.307
1.809 2.311 2.802 3.312 3.839 4.336 4.829 5.321 5.832 6.393 7.009 7.711 8.516 9.428 10.428 11.508 12.678 13.900 15.156 16.490 17.812 19.002 20.029 20.865 21.552 21.984 22.326 22.402 22.482 22.472 22.462 22.424 22.367 22.378 22.407 22.580 22.931 23.567 24.607 25.796 27.414 29.387 31.717 34.134 36.150 37.687 39.042 40.206 41.168 42.581 43.648 44.242 44.976 45.285 45.444 45.757 45.616 45.668 46.805 48.067 48.720 49.311 49.281 49.181 49.641 49.609 49.354 49.435 49.034 48.415 48.200 47.838 47.531 48.008 49.028 50.759
1.395 2.105 2.752 3.320 3.834 4.309 4.781 5.254 5.745 6.288 6.883 7.573 8.352 9.243 10.233 11.305 12.435 13.611 14.826 16.130 17.485 18.753 19.864 20.833 21.539 22.032 22.377 22.571 22.649 22.655 22.648 22.592 22.529 22.415 22.374 22.506 22.810 23.313 24.163 25.289 26.938 28.935 31.372 33.794 35.851 37.429 38.880 39.947 40.717 42.105 43.270 43.878 44.788 45.328 45.473 45.852 45.761 45.609 46.527 47.632 48.127 48.644 48.508 48.168 48.410 48.319 48.007 48.125 47.801 47.304 47.226 46.973 46.720 47.280 48.290 49.857
0.832 1.660 2.583 3.293 3.812 4.253 4.691 5.135 5.601 6.130 6.711 7.370 8.101 8.931 9.862 10.876 11.972 13.102 14.280 15.523 16.861 18.238 19.507 20.637 21.425 22.042 22.395 22.628 22.744 22.803 22.753 22.660 22.538 22.376 22.352 22.407 22.602 23.044 23.927 25.034 26.564 28.588 30.938 33.529 35.737 37.393 38.874 39.884 40.519 41.719 42.608 43.108 44.139 44.862 45.046 45.527 45.563 45.254 45.864 46.750 47.186 47.656 47.531 46.965 46.971 46.871 46.455 46.606 46.490 45.998 46.042 46.016 45.678 46.128 46.904 48.192
0.357 1.006 2.079 3.085 3.720 4.150 4.553 4.968 5.413 5.924 6.478 7.096 7.752 8.484 9.313 10.243 11.274 12.328 13.462 14.633 15.939 17.454 18.972 20.266 21.197 21.919 22.371 22.655 22.773 22.835 22.821 22.731 22.572 22.417 22.338 22.380 22.548 22.899 23.703 24.730 26.205 28.278 30.682 33.183 35.274 37.054 38.578 39.728 40.431 41.384 42.003 42.639 43.631 44.216 44.853 45.503 45.521 45.401 45.769 46.022 46.543 47.029 46.799 46.399 46.357 46.044 45.756 45.909 45.649 45.338 45.478 45.334 45.255 45.644 46.176 46.995
0.117 0.447 1.298 2.530 3.454 3.964 4.356 4.759 5.197 5.670 6.192 6.754 7.327 7.941 8.639 9.461 10.397 11.392 12.473 13.599 14.881 16.431 18.210 19.814 20.948 21.722 22.222 22.566 22.770 22.921 22.915 22.808 22.595 22.473 22.395 22.407 22.576 22.910 23.652 24.650 26.070 27.892 30.204 32.685 34.822 36.567 38.040 39.199 39.877 40.639 41.093 41.557 42.377 43.040 43.748 44.610 45.032 45.051 45.472 45.608 45.703 46.156 46.174 45.870 45.934 45.677 45.321 45.363 45.060 44.689 44.826 44.618 44.332 44.741 45.718 46.468
0.041 0.156 0.605 1.665 2.925 3.645 4.080 4.493 4.932 5.389 5.875 6.386 6.917 7.480 8.122 8.860 9.725 10.691 11.756 12.847 14.049 15.474 17.277 19.063 20.398 21.399 22.035 22.473 22.742 22.922 22.971 22.955 22.776 22.643 22.638 22.635 22.749 23.058 23.683 24.597 26.013 27.761 29.874 32.312 34.243 35.847 37.422 38.630 39.351 40.006 40.272 40.262 40.751 41.287 41.961 43.061 43.920 44.238 44.858 45.109 44.910 45.254 45.379 45.135 45.306 45.194 44.739 44.646 44.332 43.818 43.963 43.775 43.264 43.879 44.899 45.339
0.026 0.053 0.223 0.838 2.059 3.121 3.708 4.158 4.610 5.069 5.543 6.046 6.568 7.117 7.734 8.457 9.320 10.264 11.300 12.357 13.499 14.780 16.423 18.208 19.756 20.900 21.699 22.257 22.674 22.938 23.116 23.186 23.154 23.070 23.149 23.134 23.250 23.625 24.149 25.003 26.266 27.752 29.551 31.811 33.743 35.275 36.707 37.646 38.350 38.958 39.058 38.960 39.171 39.270 40.019 41.440 42.587 43.613 44.581 44.912 44.929 45.199 45.028 44.884 45.147 44.962 44.659 44.504 43.931 43.431 43.500 43.100 42.582 43.423 44.178 44.268
0.024 0.029 0.072 0.332 1.110 2.255 3.145 3.729 4.224 4.706 5.200 5.715 6.254 6.848 7.514 8.288 9.152 10.068 11.050 12.080 13.162 14.280 15.658 17.171 18.804 20.090 21.124 21.817 22.408 22.872 23.270 23.536 23.645 23.683 23.773 23.811 24.000 24.417 24.916 25.652 26.685 27.908 29.461 31.267 33.036 34.315 35.649 36.541 36.933 37.472 37.677 37.492 37.579 37.740 38.230 39.541 41.044 42.304 43.481 44.123 44.240 44.666 44.696 44.563 44.839 44.627 44.218 44.065 43.636 43.129 42.936 42.440 42.127 43.175 43.090 43.024
0.023 0.022 0.029 0.102 0.433 1.194 2.179 3.044 3.708 4.282 4.827 5.390 5.991 6.667 7.428 8.253 9.115 10.016 10.986 11.990 12.953 13.911 15.004 16.221 17.702 19.115 20.414 21.350 22.099 22.681 23.198 23.676 23.914 24.045 24.268 24.477 24.716 25.181 25.623 26.187 27.091 28.003 29.143 30.546 32.027 33.154 34.312 35.137 35.654 36.252 36.415 36.169 36.216 36.298 36.643 37.757 39.242 40.579 41.882 42.758 42.960 43.506 43.775 43.851 44.186 43.882 43.273 43.187 43.014 42.515 42.124 41.579 41.116 41.913 41.443 41.161
0.022 0.018 0.018 0.031 0.123 0.437 1.059 1.933 2.868 3.709 4.408 5.089 5.808 6.591 7.432 8.283 9.150 10.059 11.017 11.988 12.878 13.748 14.628 15.560 16.698 18.034 19.505 20.705 21.671 22.465 23.098 23.711 24.097 24.375 24.657 24.881 25.157 25.617 26.026 26.536 27.376 28.104 28.990 30.131 31.302 32.391 33.400 34.030 34.583 35.210 35.417 35.395 35.455 35.360 35.684 36.603 37.642 39.025 40.363 41.205 41.720 42.270 42.388 42.686 43.076 42.695 42.224 42.214 42.053 41.747 41.396 40.519 39.855 40.355 39.770 38.960
0.020 0.016 0.015 0.017 0.034 0.120 0.381 0.925 1.798 2.891 3.928 4.822 5.702 6.601 7.506 8.393 9.268 10.174 11.101 12.037 12.888 13.662 14.382 15.116 15.996 17.081 18.464 19.811 21.014 22.009 22.845 23.623 24.177 24.634 24.970 25.204 25.460 25.862 26.250 26.790 27.573 28.168 28.880 29.789 30.783 31.701 32.580 33.255 33.828 34.488 34.794 34.760 34.971 34.991 35.118 35.816 36.595 37.435 38.502 39.257 39.578 40.160 40.381 40.341 40.681 40.638 40.330 40.331 40.227 39.949 39.693 38.717 37.845 37.989 37.341 36.210
0.019 0.016 0.014 0.014 0.017 0.036 0.119 0.383 0.996 2.048 3.389 4.615 5.667 6.682 7.670 8.609 9.515 10.414 11.305 12.173 12.973 13.675 14.286 14.909 15.612 16.518 17.642 18.880 20.150 21.295 22.358 23.301 24.039 24.576 25.012 25.277 25.452 25.790 26.174 26.692 27.375 27.912 28.540 29.334 30.099 30.959 31.852 32.458 33.027 33.747 34.116 34.099 34.443 34.624 34.646 35.133 35.589 35.948 36.628 37.107 37.224 37.806 38.127 37.941 38.194 38.297 38.060 38.070 37.934 37.499 37.223 36.386 35.249 34.717 33.789 32.576
0.020 0.016 0.015 0.014 0.015 0.019 0.047 0.163 0.546 1.432 2.887 4.467 5.717 6.836 7.922 8.940 9.875 10.743 11.574 12.360 13.066 13.715 14.282 14.838 15.412 16.159 17.060 18.144 19.323 20.474 21.710 22.936 23.862 24.471 25.004 25.267 25.416 25.804 26.176 26.639 27.280 27.766 28.189 28.872 29.520 30.337 31.289 31.899 32.473 33.208 33.558 33.609 33.944 34.124 34.150 34.457 34.684 34.997 35.443 35.591 35.725 36.038 36.051 36.009 36.176 36.029 35.845 35.787 35.387 34.894 34.373 33.278 31.978 30.831 29.592 28.424
0.023 0.018 0.016 0.015 0.015 0.017 0.028 0.083 0.314 1.022 2.449 4.323 5.782 6.957 8.085 9.189 10.207 11.109 11.911 12.630 13.288 13.877 14.380 14.866 15.398 16.036 16.787 17.663 18.688 19.782 20.979 22.270 23.406 24.130 24.732 25.033 25.236 25.641 25.992 26.412 26.994 27.395 27.710 28.235 28.860 29.748 30.698 31.402 32.056 32.697 32.946 33.112 33.423 33.344 33.407 33.681 33.708 33.912 34.157 34.073 34.136 34.219 34.098 33.926 33.943 33.641 33.347 33.056 32.398 31.605 30.722 29.297 27.745 26.138 24.654 23.393
0.028 0.022 0.018 0.017 0.016 0.017 0.023 0.053 0.196 0.743 2.066 4.084 5.762 7.002 8.150 9.305 10.390 11.359 12.215 12.947 13.564 14.081 14.559 15.016 15.490 16.054 16.742 17.490 18.348 19.236 20.229 21.420 22.594 23.433 24.081 24.483 24.789 25.187 25.589 26.005 26.423 26.659 26.948 27.428 28.013 28.918 29.829 30.548 31.205 31.749 31.987 32.172 32.402 32.282 32.281 32.421 32.368 32.501 32.605 32.418 32.355 32.278 32.082 31.752 31.606 31.170 30.743 30.117 29.154 27.910 26.559 24.783 22.833 20.820 18.969 17.417
0.038 0.028 0.023 0.020 0.020 0.020 0.023 0.041 0.131 0.530 1.676 3.650 5.553 6.938 8.144 9.331 10.483 11.548 12.484 13.262 13.912 14.441 14.863 15.289 15.694 16.162 16.737 17.388 18.122 18.927 19.727 20.767 21.763 22.640 23.369 23.861 24.234 24.757 25.183 25.539 25.913 26.066 26.233 26.706 27.184 27.953 28.982 29.696 30.241 30.828 31.075 31.153 31.361 31.283 31.134 31.091 31.020 30.947 30.954 30.776 30.547 30.327 29.967 29.574 29.311 28.720 28.037 26.918 25.521 23.867 22.081 20.142 18.180 16.232 14.158 12.107
0.052 0.037 0.029 0.026 0.024 0.024 0.026 0.036 0.093 0.369 1.277 3.038 5.105 6.699 8.047 9.307 10.514 11.667 12.706 13.603 14.326 14.867 15.293 15.678 16.029 16.436 16.894 17.435 18.032 18.694 19.374 20.221 21.042 21.874 22.616 23.098 23.541 24.152 24.568 24.857 25.169 25.354 25.519 25.895 26.273 26.888 27.808 28.494 28.978 29.586 29.822 29.879 30.080 29.957 29.691 29.500 29.311 29.091 28.975 28.696 28.365 28.126 27.707 27.255 26.843 26.050 25.047 23.551 21.690 19.795 17.942 16.082 14.216 12.389 10.412 8.368
0.071 0.049 0.037 0.032 0.029 0.028 0.028 0.033 0.068 0.257 0.963 2.454 4.505 6.291 7.808 9.221 10.520 11.751 12.873 13.869 14.682 15.293 15.784 16.143 16.458 16.777 17.115 17.508 17.978 18.476 19.049 19.720 20.414 21.151 21.890 22.393 22.839 23.342 23.713 24.034 24.355 24.548 24.692 24.942 25.205 25.683 26.372 26.974 27.448 27.914 28.073 28.180 28.355 28.200 27.931 27.658 27.254 26.921 26.758 26.404 25.996 25.719 25.196 24.592 23.982 22.988 21.629 19.828 17.872 16.064 14.388 12.738 11.056 9.354 7.616 5.900
0.094 0.063 0.046 0.038 0.034 0.031 0.029 0.031 0.051 0.181 0.734 2.039 4.010 5.947 7.602 9.134 10.517 11.801 12.992 14.048 14.940 15.643 16.134 16.506 16.830 17.112 17.364 17.646 17.984 18.385 18.836 19.379 19.977 20.619 21.288 21.782 22.170 22.636 22.985 23.282 23.621 23.821 23.931 24.153 24.281 24.534 25.029 25.452 25.759 26.129 26.253 26.291 26.403 26.258 25.987 25.647 25.203 24.766 24.440 23.980 23.514 23.090 22.475 21.714 20.799 19.557 17.959 16.184 14.464 12.879 11.399 9.938 8.518 7.091 5.699 4.440
0.119 0.079 0.057 0.046 0.039 0.034 0.030 0.030 0.042 0.130 0.561 1.727 3.676 5.789 7.545 9.106 10.530 11.830 13.013 14.110 15.044 15.846 16.402 16.796 17.094 17.340 17.563 17.757 17.988 18.280 18.654 19.110 19.612 20.114 20.631 21.048 21.412 21.850 22.194 22.498 22.864 23.088 23.189 23.369 23.447 23.517 23.749 23.988 24.176 24.399 24.397 24.383 24.388 24.208 23.875 23.468 22.878 22.280 21.871 21.413 20.889 20.315 19.563 18.634 17.531 16.179 14.593 13.031 11.565 10.201 8.948 7.736 6.569 5.470 4.488 3.688
0.148 0.100 0.071 0.056 0.046 0.037 0.031 0.029 0.036 0.097 0.429 1.482 3.460 5.774 7.600 9.145 10.555 11.854 13.024 14.131 15.074 15.862 16.471 16.914 17.250 17.488 17.682 17.837 18.003 18.212 18.499 18.802 19.201 19.535 19.925 20.214 20.526 20.915 21.269 21.639 22.010 22.254 22.382 22.491 22.470 22.462 22.608 22.659 22.731 22.866 22.780 22.700 22.569 22.227 21.754 21.254 20.621 19.992 19.407 18.885 18.292 17.610 16.783 15.773 14.538 13.130 11.719 10.432 9.216 8.082 7.031 6.042 5.134 4.346 3.720 3.271
0.178 0.126 0.091 0.068 0.052 0.038 0.030 0.027 0.031 0.078 0.341 1.318 3.366 5.882 7.768 9.251 10.576 11.834 12.983 14.076 15.058 15.876 16.534 16.995 17.336 17.562 17.730 17.859 17.977 18.137 18.366 18.596 18.867 19.008 19.219 19.341 19.549 19.907 20.260 20.662 21.110 21.399 21.541 21.620 21.562 21.499 21.497 21.475 21.474 21.495 21.356 21.146 20.848 20.420 19.784 19.115 18.410 17.719 17.029 16.370 15.730 14.980 14.091 13.011 11.744 10.515 9.386 8.368 7.402 6.480 5.599 4.801 4.124 3.585 3.213 3.008
0.198 0.145 0.106 0.077 0.054 0.038 0.028 0.025 0.028 0.065 0.288 1.218 3.386 6.129 8.023 9.372 10.573 11.767 12.862 13.895 14.855 15.732 16.472 16.991 17.325 17.563 17.743 17.877 17.955 18.045 18.162 18.314 18.420 18.410 18.441 18.443 18.512 18.792 19.108 19.522 20.002 20.380 20.565 20.622 20.594 20.491 20.409 20.347 20.262 20.162 19.942 19.633 19.161 18.577 17.796 16.986 16.188 15.416 14.655 13.896 13.158 12.362 11.441 10.361 9.235 8.295 7.498 6.773 6.069 5.334 4.586 3.940 3.444 3.114 2.941 2.908
0.203 0.152 0.111 0.079 0.054 0.036 0.026 0.022 0.024 0.055 0.250 1.141 3.384 6.311 8.201 9.414 10.487 11.572 12.602 13.604 14.523 15.415 16.218 16.837 17.254 17.502 17.647 17.761 17.833 17.861 17.887 17.863 17.796 17.689 17.573 17.450 17.407 17.565 17.808 18.215 18.630 19.046 19.339 19.473 19.509 19.408 19.320 19.195 19.050 18.908 18.597 18.100 17.511 16.711 15.770 14.813 13.912 13.090 12.274 11.437 10.576 9.704 8.772 7.844 7.064 6.474 6.003 5.562 5.089 4.533 3.911 3.388 3.037 2.883 2.868 2.997
