RESULTS/r.avaflow_results/14b_results/14b_ascii/14b_hflow10055.asc
ncols 506
nrows 317
xllcenter 498237.50
yllcenter 5580050.00
cellsize 12.50
NODATA_value -9999.000
[rows 204 to 237 of 317, columns 0 to 75 of 506]
0.000 0.000 0.000 0.000 0.000 0.000 0.000 0.000 0.000 0.000 0.000 0.000 0.000 0.000 0.000 0.000 0.000 0.000 0.000 0.000 0.000 0.000 0.000 0.000 0.000 0.000 0.000 0.000 0.000 0.000 0.000 0.000 0.000 0.000 0.000 0.000 0.000 0.000 0.000 0.000 0.000 0.000 0.000 0.000 0.001 0.001 0.002 0.007 0.022 0.060 0.132 0.231 0.331 0.409 0.467 0.512 0.548 0.575 0.591 0.598 0.594 0.576 0.542 0.492 0.429 0.364 0.310 0.263 0.221 0.184 0.151 0.122 0.096 0.076 0.059 0.046
0.000 0.000 0.000 0.000 0.000 0.000 0.000 0.000 0.000 0.000 0.000 0.000 0.000 0.000 0.000 0.000 0.000 0.000 0.000 0.000 0.000 0.000 0.000 0.000 0.000 0.000 0.000 0.000 0.000 0.000 0.000 0.000 0.000 0.000 0.000 0.000 0.000 0.000 0.000 0.000 0.000 0.000 0.000 0.001 0.001 0.001 0.001 0.002 0.005 0.013 0.036 0.077 0.136 0.200 0.266 0.331 0.394 0.454 0.497 0.520 0.524 0.516 0.492 0.454 0.402 0.345 0.297 0.255 0.217 0.182 0.150 0.121 0.095 0.073 0.055 0.042
0.000 0.000 0.000 0.000 0.000 0.000 0.000 0.000 0.000 0.000 0.000 0.000 0.000 0.000 0.000 0.000 0.000 0.000 0.000 0.000 0.000 0.000 0.000 0.000 0.000 0.000 0.000 0.000 0.000 0.000 0.000 0.000 0.000 0.000 0.000 0.000 0.000 0.000 0.000 0.000 0.000 0.000 0.001 0.001 0.001 0.001 0.001 0.001 0.002 0.003 0.008 0.019 0.038 0.065 0.098 0.137 0.187 0.253 0.319 0.359 0.376 0.380 0.376 0.363 0.340 0.308 0.274 0.241 0.210 0.179 0.149 0.121 0.095 0.072 0.053 0.038
0.000 0.000 0.000 0.000 0.000 0.000 0.000 0.000 0.000 0.000 0.000 0.000 0.000 0.000 0.000 0.000 0.000 0.000 0.000 0.000 0.000 0.000 0.000 0.000 0.000 0.000 0.000 0.000 0.000 0.000 0.000 0.000 0.000 0.000 0.000 0.000 0.000 0.000 0.000 0.000 0.001 0.001 0.001 0.001 0.001 0.001 0.001 0.001 0.001 0.001 0.002 0.005 0.010 0.018 0.029 0.044 0.068 0.108 0.159 0.199 0.222 0.235 0.245 0.252 0.253 0.248 0.238 0.220 0.199 0.174 0.148 0.121 0.095 0.072 0.053 0.037
0.000 0.000 0.000 0.000 0.000 0.000 0.000 0.000 0.000 0.000 0.000 0.000 0.000 0.000 0.000 0.000 0.000 0.000 0.000 0.000 0.000 0.000 0.000 0.000 0.000 0.000 0.000 0.000 0.000 0.000 0.000 0.000 0.000 0.000 0.000 0.000 0.000 0.000 0.000 0.001 0.001 0.001 0.001 0.001 0.001 0.001 0.001 0.001 0.001 0.001 0.002 0.002 0.004 0.006 0.009 0.015 0.024 0.044 0.077 0.112 0.137 0.155 0.171 0.186 0.195 0.199 0.198 0.193 0.183 0.166 0.146 0.122 0.097 0.074 0.054 0.038
0.000 0.000 0.000 0.000 0.000 0.000 0.000 0.000 0.000 0.000 0.000 0.000 0.000 0.000 0.000 0.000 0.000 0.000 0.000 0.000 0.000 0.000 0.000 0.000 0.000 0.000 0.000 0.000 0.000 0.000 0.000 0.000 0.000 0.000 0.000 0.000 0.000 0.000 0.001 0.001 0.002 0.002 0.002 0.002 0.002 0.001 0.001 0.001 0.001 0.002 0.002 0.002 0.003 0.004 0.005 0.007 0.011 0.022 0.042 0.072 0.098 0.120 0.138 0.154 0.164 0.169 0.170 0.168 0.164 0.155 0.141 0.122 0.100 0.077 0.057 0.040
0.000 0.000 0.000 0.000 0.000 0.000 0.000 0.000 0.000 0.000 0.000 0.000 0.000 0.000 0.000 0.000 0.000 0.000 0.000 0.000 0.000 0.000 0.000 0.000 0.000 0.000 0.000 0.000 0.000 0.000 0.000 0.000 0.000 0.000 0.000 0.000 0.000 0.000 0.001 0.002 0.003 0.003 0.003 0.003 0.002 0.002 0.002 0.002 0.002 0.002 0.002 0.003 0.003 0.003 0.004 0.005 0.008 0.015 0.029 0.053 0.081 0.104 0.123 0.137 0.145 0.149 0.150 0.150 0.147 0.142 0.134 0.120 0.103 0.081 0.061 0.044
0.000 0.000 0.000 0.000 0.000 0.000 0.000 0.000 0.000 0.000 0.000 0.000 0.000 0.000 0.000 0.000 0.000 0.000 0.000 0.000 0.000 0.000 0.000 0.000 0.000 0.000 0.000 0.000 0.000 0.000 0.000 0.000 0.000 0.000 0.000 0.000 0.000 0.001 0.002 0.003 0.004 0.004 0.004 0.004 0.003 0.003 0.003 0.003 0.003 0.003 0.003 0.004 0.004 0.004 0.004 0.005 0.008 0.013 0.025 0.045 0.073 0.096 0.113 0.125 0.132 0.135 0.137 0.136 0.135 0.132 0.126 0.117 0.103 0.085 0.066 0.049
0.000 0.000 0.000 0.000 0.000 0.000 0.000 0.000 0.000 0.000 0.000 0.000 0.000 0.000 0.000 0.000 0.000 0.000 0.000 0.000 0.000 0.000 0.000 0.000 0.000 0.000 0.000 0.000 0.000 0.000 0.000 0.000 0.000 0.000 0.000 0.000 0.001 0.002 0.003 0.005 0.006 0.006 0.006 0.006 0.005 0.005 0.005 0.005 0.005 0.005 0.005 0.005 0.005 0.005 0.006 0.006 0.008 0.013 0.024 0.043 0.069 0.091 0.106 0.116 0.122 0.126 0.127 0.127 0.126 0.124 0.120 0.113 0.102 0.087 0.069 0.053
0.000 0.000 0.000 0.000 0.000 0.000 0.000 0.000 0.000 0.000 0.000 0.000 0.000 0.000 0.000 0.000 0.000 0.000 0.000 0.000 0.000 0.000 0.000 0.000 0.000 0.000 0.000 0.000 0.000 0.000 0.000 0.000 0.000 0.000 0.000 0.001 0.002 0.003 0.005 0.007 0.008 0.008 0.008 0.008 0.008 0.008 0.007 0.007 0.007 0.008 0.008 0.008 0.008 0.008 0.008 0.008 0.010 0.015 0.025 0.042 0.067 0.087 0.101 0.110 0.116 0.119 0.120 0.120 0.120 0.118 0.115 0.109 0.100 0.087 0.071 0.055
0.000 0.000 0.000 0.000 0.000 0.000 0.000 0.000 0.000 0.000 0.000 0.000 0.000 0.000 0.000 0.000 0.000 0.000 0.000 0.000 0.000 0.000 0.000 0.000 0.000 0.000 0.000 0.000 0.000 0.000 0.000 0.000 0.000 0.000 0.001 0.002 0.003 0.004 0.006 0.009 0.010 0.011 0.012 0.012 0.012 0.012 0.012 0.011 0.011 0.011 0.012 0.012 0.012 0.012 0.012 0.012 0.013 0.017 0.027 0.043 0.066 0.084 0.097 0.106 0.111 0.114 0.115 0.115 0.115 0.114 0.111 0.106 0.097 0.086 0.072 0.057
0.000 0.000 0.000 0.000 0.000 0.000 0.000 0.000 0.000 0.000 0.000 0.000 0.000 0.000 0.000 0.000 0.000 0.000 0.000 0.000 0.000 0.000 0.000 0.000 0.000 0.000 0.000 0.000 0.000 0.000 0.000 0.000 0.000 0.001 0.002 0.003 0.004 0.006 0.008 0.011 0.014 0.016 0.017 0.017 0.018 0.018 0.017 0.017 0.017 0.017 0.017 0.017 0.018 0.018 0.018 0.018 0.019 0.022 0.031 0.046 0.066 0.083 0.095 0.103 0.108 0.110 0.111 0.112 0.112 0.111 0.108 0.103 0.095 0.085 0.072 0.057
0.000 0.000 0.000 0.000 0.000 0.000 0.000 0.000 0.000 0.000 0.000 0.000 0.000 0.000 0.000 0.000 0.000 0.000 0.000 0.000 0.000 0.000 0.000 0.000 0.000 0.000 0.000 0.000 0.000 0.000 0.000 0.000 0.001 0.002 0.003 0.004 0.006 0.008 0.011 0.014 0.018 0.021 0.023 0.024 0.025 0.025 0.025 0.025 0.025 0.025 0.025 0.025 0.025 0.025 0.025 0.026 0.026 0.029 0.037 0.050 0.068 0.083 0.094 0.101 0.106 0.108 0.109 0.109 0.109 0.108 0.105 0.100 0.093 0.084 0.072 0.057
0.000 0.000 0.000 0.000 0.000 0.000 0.000 0.000 0.000 0.000 0.000 0.000 0.000 0.000 0.000 0.000 0.000 0.000 0.000 0.000 0.000 0.000 0.000 0.000 0.000 0.000 0.000 0.000 0.000 0.000 0.000 0.001 0.002 0.003 0.004 0.006 0.008 0.011 0.014 0.018 0.022 0.026 0.030 0.032 0.033 0.034 0.035 0.035 0.035 0.035 0.035 0.035 0.036 0.036 0.036 0.036 0.037 0.039 0.045 0.056 0.071 0.084 0.094 0.101 0.105 0.107 0.107 0.107 0.107 0.106 0.103 0.098 0.091 0.082 0.070 0.057
0.000 0.000 0.000 0.000 0.000 0.000 0.000 0.000 0.000 0.000 0.000 0.000 0.000 0.000 0.000 0.000 0.000 0.000 0.000 0.000 0.000 0.000 0.000 0.000 0.000 0.000 0.000 0.000 0.000 0.000 0.001 0.002 0.003 0.004 0.006 0.008 0.011 0.014 0.018 0.022 0.027 0.033 0.038 0.041 0.044 0.046 0.047 0.047 0.047 0.047 0.048 0.048 0.048 0.049 0.049 0.050 0.050 0.052 0.057 0.065 0.076 0.087 0.095 0.101 0.104 0.106 0.107 0.107 0.106 0.105 0.101 0.096 0.089 0.080 0.069 0.056
0.000 0.000 0.000 0.000 0.000 0.000 0.000 0.000 0.000 0.000 0.000 0.000 0.000 0.000 0.000 0.000 0.000 0.000 0.000 0.000 0.000 0.000 0.000 0.000 0.000 0.000 0.000 0.000 0.000 0.001 0.001 0.003 0.004 0.006 0.008 0.011 0.014 0.018 0.022 0.027 0.032 0.038 0.045 0.050 0.055 0.058 0.060 0.061 0.062 0.062 0.062 0.063 0.063 0.064 0.064 0.065 0.066 0.068 0.071 0.075 0.083 0.091 0.098 0.102 0.105 0.106 0.107 0.106 0.105 0.103 0.100 0.094 0.087 0.077 0.066 0.054
0.000 0.000 0.000 0.000 0.000 0.000 0.000 0.000 0.000 0.000 0.000 0.000 0.000 0.000 0.000 0.000 0.000 0.000 0.000 0.000 0.000 0.000 0.000 0.000 0.000 0.000 0.000 0.000 0.001 0.001 0.002 0.004 0.006 0.008 0.010 0.014 0.017 0.021 0.026 0.031 0.037 0.043 0.050 0.057 0.064 0.069 0.072 0.074 0.076 0.077 0.077 0.078 0.078 0.079 0.080 0.081 0.082 0.083 0.085 0.088 0.092 0.097 0.101 0.104 0.106 0.107 0.107 0.106 0.105 0.102 0.098 0.092 0.084 0.074 0.063 0.051
0.000 0.000 0.000 0.000 0.000 0.000 0.000 0.000 0.000 0.000 0.000 0.000 0.000 0.000 0.000 0.000 0.000 0.000 0.000 0.000 0.000 0.000 0.000 0.000 0.000 0.000 0.000 0.000 0.001 0.002 0.003 0.005 0.007 0.010 0.013 0.016 0.020 0.024 0.029 0.035 0.041 0.048 0.055 0.063 0.070 0.077 0.082 0.086 0.088 0.090 0.091 0.091 0.092 0.092 0.093 0.094 0.094 0.095 0.097 0.099 0.101 0.104 0.106 0.107 0.108 0.108 0.108 0.107 0.104 0.101 0.096 0.089 0.081 0.070 0.059 0.046
0.000 0.000 0.000 0.000 0.000 0.000 0.000 0.000 0.000 0.000 0.000 0.000 0.000 0.000 0.000 0.000 0.000 0.000 0.000 0.000 0.000 0.000 0.000 0.000 0.000 0.000 0.000 0.001 0.001 0.003 0.004 0.006 0.008 0.011 0.014 0.018 0.022 0.027 0.032 0.038 0.044 0.051 0.059 0.067 0.075 0.083 0.090 0.095 0.099 0.101 0.102 0.103 0.103 0.104 0.104 0.105 0.105 0.106 0.107 0.109 0.110 0.111 0.111 0.112 0.112 0.111 0.109 0.107 0.104 0.100 0.094 0.086 0.077 0.066 0.053 0.041
0.000 0.000 0.000 0.000 0.000 0.000 0.000 0.000 0.000 0.000 0.000 0.000 0.000 0.000 0.000 0.000 0.000 0.000 0.000 0.000 0.000 0.000 0.000 0.000 0.000 0.000 0.000 0.001 0.002 0.003 0.005 0.007 0.009 0.012 0.016 0.020 0.024 0.029 0.035 0.041 0.048 0.055 0.062 0.070 0.078 0.087 0.095 0.102 0.107 0.110 0.111 0.112 0.113 0.113 0.113 0.114 0.114 0.115 0.116 0.117 0.117 0.118 0.118 0.117 0.116 0.114 0.112 0.108 0.104 0.098 0.091 0.083 0.072 0.060 0.047 0.035
0.000 0.000 0.000 0.000 0.000 0.000 0.000 0.000 0.000 0.000 0.000 0.000 0.000 0.000 0.000 0.000 0.000 0.000 0.000 0.000 0.000 0.000 0.000 0.000 0.000 0.000 0.000 0.001 0.002 0.003 0.005 0.008 0.010 0.013 0.017 0.021 0.026 0.031 0.037 0.044 0.050 0.057 0.065 0.073 0.081 0.090 0.099 0.107 0.114 0.117 0.119 0.120 0.120 0.121 0.121 0.122 0.122 0.123 0.123 0.124 0.124 0.124 0.123 0.122 0.120 0.118 0.114 0.109 0.103 0.097 0.088 0.078 0.067 0.053 0.040 0.029
0.000 0.000 0.000 0.000 0.000 0.000 0.000 0.000 0.000 0.000 0.000 0.000 0.000 0.000 0.000 0.000 0.000 0.000 0.000 0.000 0.000 0.000 0.000 0.000 0.000 0.000 0.000 0.001 0.002 0.004 0.006 0.008 0.011 0.014 0.018 0.023 0.028 0.033 0.039 0.046 0.053 0.060 0.068 0.076 0.084 0.092 0.101 0.110 0.118 0.123 0.125 0.126 0.127 0.128 0.128 0.129 0.129 0.129 0.130 0.130 0.129 0.129 0.128 0.126 0.124 0.120 0.116 0.110 0.103 0.094 0.085 0.073 0.060 0.046 0.035 0.025
0.000 0.000 0.000 0.000 0.000 0.000 0.000 0.000 0.000 0.000 0.000 0.000 0.000 0.000 0.000 0.000 0.000 0.000 0.000 0.000 0.000 0.000 0.000 0.000 0.000 0.000 0.000 0.001 0.002 0.004 0.006 0.009 0.012 0.015 0.019 0.024 0.029 0.035 0.041 0.047 0.055 0.062 0.070 0.078 0.086 0.095 0.103 0.112 0.120 0.126 0.129 0.131 0.133 0.133 0.134 0.134 0.135 0.135 0.135 0.134 0.134 0.133 0.132 0.130 0.126 0.122 0.116 0.109 0.101 0.092 0.081 0.068 0.053 0.040 0.030 0.022
0.000 0.000 0.000 0.000 0.000 0.000 0.000 0.000 0.000 0.000 0.000 0.000 0.000 0.000 0.000 0.000 0.000 0.000 0.000 0.000 0.000 0.000 0.000 0.000 0.000 0.000 0.000 0.001 0.002 0.004 0.006 0.009 0.012 0.016 0.020 0.025 0.030 0.036 0.042 0.049 0.056 0.064 0.072 0.080 0.089 0.097 0.105 0.113 0.121 0.128 0.133 0.135 0.137 0.138 0.139 0.139 0.139 0.139 0.139 0.139 0.138 0.137 0.135 0.132 0.128 0.123 0.116 0.109 0.099 0.089 0.076 0.062 0.048 0.036 0.026 0.020
0.000 0.000 0.000 0.000 0.000 0.000 0.000 0.000 0.000 0.000 0.000 0.000 0.000 0.000 0.000 0.000 0.000 0.000 0.000 0.000 0.000 0.000 0.000 0.000 0.000 0.000 0.000 0.001 0.003 0.004 0.007 0.009 0.013 0.016 0.021 0.025 0.031 0.037 0.043 0.050 0.057 0.065 0.073 0.082 0.091 0.099 0.107 0.115 0.123 0.130 0.135 0.139 0.141 0.142 0.143 0.143 0.143 0.143 0.143 0.142 0.141 0.140 0.138 0.134 0.129 0.123 0.116 0.107 0.097 0.085 0.071 0.056 0.043 0.032 0.024 0.019
0.000 0.000 0.000 0.000 0.000 0.000 0.000 0.000 0.000 0.000 0.000 0.000 0.000 0.000 0.000 0.000 0.000 0.000 0.000 0.000 0.000 0.000 0.000 0.000 0.000 0.000 0.000 0.001 0.003 0.004 0.007 0.010 0.013 0.017 0.021 0.026 0.031 0.037 0.044 0.051 0.058 0.066 0.074 0.083 0.092 0.101 0.109 0.117 0.124 0.131 0.137 0.141 0.144 0.146 0.146 0.146 0.146 0.146 0.146 0.145 0.144 0.142 0.139 0.135 0.130 0.123 0.115 0.106 0.094 0.081 0.066 0.051 0.039 0.030 0.023 0.019
0.000 0.000 0.000 0.000 0.000 0.000 0.000 0.000 0.000 0.000 0.000 0.000 0.000 0.000 0.000 0.000 0.000 0.000 0.000 0.000 0.000 0.000 0.000 0.000 0.000 0.000 0.000 0.001 0.003 0.005 0.007 0.010 0.013 0.017 0.021 0.026 0.032 0.038 0.044 0.051 0.059 0.066 0.075 0.084 0.093 0.102 0.110 0.118 0.125 0.132 0.138 0.143 0.146 0.148 0.149 0.149 0.149 0.149 0.148 0.148 0.146 0.144 0.141 0.136 0.130 0.123 0.114 0.103 0.091 0.077 0.061 0.047 0.036 0.028 0.023 0.020
0.000 0.000 0.000 0.000 0.000 0.000 0.000 0.000 0.000 0.000 0.000 0.000 0.000 0.000 0.000 0.000 0.000 0.000 0.000 0.000 0.000 0.000 0.000 0.000 0.000 0.000 0.000 0.001 0.003 0.005 0.007 0.010 0.013 0.017 0.022 0.027 0.032 0.038 0.045 0.052 0.059 0.067 0.075 0.084 0.093 0.102 0.110 0.118 0.125 0.132 0.138 0.143 0.147 0.149 0.150 0.151 0.151 0.151 0.151 0.150 0.148 0.146 0.142 0.136 0.130 0.122 0.112 0.101 0.087 0.072 0.057 0.044 0.034 0.028 0.024 0.026
0.000 0.000 0.000 0.000 0.000 0.000 0.000 0.000 0.000 0.000 0.000 0.000 0.000 0.000 0.000 0.000 0.000 0.000 0.000 0.000 0.000 0.000 0.000 0.000 0.000 0.000 0.000 0.001 0.003 0.005 0.007 0.010 0.013 0.017 0.022 0.027 0.032 0.038 0.045 0.052 0.059 0.067 0.076 0.084 0.093 0.102 0.111 0.118 0.126 0.132 0.138 0.143 0.147 0.150 0.151 0.152 0.152 0.152 0.152 0.151 0.149 0.146 0.142 0.136 0.129 0.120 0.110 0.097 0.082 0.067 0.053 0.042 0.033 0.029 0.028 0.041
0.000 0.000 0.000 0.000 0.000 0.000 0.000 0.000 0.000 0.000 0.000 0.000 0.000 0.000 0.000 0.000 0.000 0.000 0.000 0.000 0.000 0.000 0.000 0.000 0.000 0.000 0.000 0.001 0.003 0.005 0.007 0.010 0.014 0.018 0.022 0.027 0.033 0.039 0.045 0.052 0.059 0.067 0.076 0.084 0.094 0.102 0.111 0.118 0.125 0.132 0.138 0.143 0.147 0.150 0.152 0.153 0.153 0.153 0.153 0.152 0.150 0.147 0.142 0.136 0.128 0.118 0.107 0.093 0.077 0.062 0.049 0.040 0.033 0.031 0.036 0.075
0.000 0.000 0.000 0.000 0.000 0.000 0.000 0.000 0.000 0.000 0.000 0.000 0.000 0.000 0.000 0.000 0.000 0.000 0.000 0.000 0.000 0.000 0.000 0.000 0.000 0.000 0.000 0.001 0.003 0.005 0.007 0.010 0.014 0.018 0.022 0.027 0.033 0.039 0.045 0.052 0.059 0.067 0.076 0.084 0.094 0.102 0.110 0.118 0.125 0.131 0.137 0.142 0.146 0.150 0.152 0.154 0.154 0.154 0.154 0.152 0.150 0.147 0.142 0.135 0.126 0.116 0.103 0.088 0.071 0.057 0.046 0.038 0.035 0.035 0.057 0.137
0.000 0.000 0.000 0.000 0.000 0.000 0.000 0.000 0.000 0.000 0.000 0.000 0.000 0.000 0.000 0.000 0.000 0.000 0.000 0.000 0.000 0.000 0.000 0.000 0.000 0.000 0.000 0.001 0.003 0.005 0.007 0.010 0.014 0.018 0.022 0.027 0.033 0.039 0.045 0.052 0.059 0.067 0.076 0.084 0.093 0.102 0.110 0.117 0.124 0.130 0.135 0.140 0.145 0.149 0.152 0.154 0.154 0.154 0.154 0.153 0.150 0.146 0.141 0.133 0.124 0.112 0.098 0.082 0.066 0.053 0.043 0.038 0.036 0.045 0.099 0.207
0.000 0.000 0.000 0.000 0.000 0.000 0.000 0.000 0.000 0.000 0.000 0.000 0.000 0.000 0.000 0.000 0.000 0.000 0.000 0.000 0.000 0.000 0.000 0.000 0.000 0.000 0.000 0.001 0.003 0.005 0.007 0.010 0.014 0.018 0.022 0.027 0.033 0.039 0.045 0.052 0.059 0.067 0.075 0.084 0.093 0.101 0.108 0.115 0.122 0.127 0.133 0.137 0.142 0.146 0.151 0.153 0.154 0.154 0.154 0.152 0.149 0.145 0.139 0.131 0.121 0.108 0.093 0.075 0.060 0.049 0.041 0.038 0.040 0.067 0.152 0.248
0.000 0.000 0.000 0.000 0.000 0.000 0.000 0.000 0.000 0.000 0.000 0.000 0.000 0.000 0.000 0.000 0.000 0.000 0.000 0.000 0.000 0.000 0.000 0.000 0.000 0.000 0.000 0.001 0.003 0.005 0.007 0.010 0.014 0.018 0.022 0.027 0.033 0.039 0.045 0.052 0.059 0.067 0.075 0.084 0.092 0.099 0.106 0.113 0.119 0.124 0.129 0.134 0.138 0.143 0.148 0.152 0.154 0.154 0.153 0.151 0.148 0.143 0.137 0.128 0.117 0.103 0.086 0.068 0.055 0.045 0.039 0.039 0.052 0.110 0.200 0.259
