RESULTS/r.avaflow_results/14b_results/14b_ascii/14b_hflow0030.asc
ncols 506
nrows 317
xllcenter 498237.50
yllcenter 5580050.00
cellsize 12.50
NODATA_value -9999.000
[rows 204 to 237 of 317, columns 380 to 455 of 506]
1.152 1.074 1.031 0.994 0.946 0.875 0.765 0.608 0.432 0.300 0.213 0.161 0.133 0.121 0.118 0.119 0.126 0.148 0.202 0.263 0.282 0.265 0.206 0.127 0.078 0.056 0.047 0.044 0.044 0.044 0.042 0.034 0.023 0.016 0.012 0.009 0.007 0.005 0.004 0.002 0.001 0.001 0.000 0.000 0.000 0.000 0.000 0.000 0.000 0.000 0.000 0.000 0.000 0.000 0.000 0.000 0.000 0.000 0.000 0.000 0.000 0.000 0.000 0.000 0.000 0.000 0.000 0.000 0.000 0.000 0.000 0.000 0.000 0.000 0.000 0.000
1.091 1.107 1.161 1.196 1.194 1.155 1.043 0.837 0.571 0.372 0.249 0.181 0.147 0.136 0.136 0.141 0.157 0.196 0.282 0.389 0.432 0.422 0.360 0.251 0.159 0.111 0.091 0.087 0.088 0.089 0.085 0.065 0.038 0.024 0.017 0.012 0.009 0.007 0.005 0.004 0.003 0.002 0.001 0.000 0.000 0.000 0.000 0.000 0.000 0.000 0.000 0.000 0.000 0.000 0.000 0.000 0.000 0.000 0.000 0.000 0.000 0.000 0.000 0.000 0.000 0.000 0.000 0.000 0.000 0.000 0.000 0.000 0.000 0.000 0.000 0.000
0.958 1.076 1.213 1.300 1.327 1.311 1.223 1.026 0.730 0.466 0.301 0.211 0.169 0.158 0.159 0.170 0.199 0.261 0.387 0.550 0.631 0.638 0.588 0.471 0.333 0.249 0.214 0.208 0.215 0.220 0.205 0.145 0.073 0.038 0.024 0.017 0.013 0.010 0.008 0.006 0.004 0.003 0.002 0.001 0.001 0.000 0.000 0.000 0.000 0.000 0.000 0.000 0.000 0.000 0.000 0.000 0.000 0.000 0.000 0.000 0.000 0.000 0.000 0.000 0.000 0.000 0.000 0.000 0.000 0.000 0.000 0.000 0.000 0.000 0.000 0.000
0.804 1.003 1.207 1.326 1.369 1.367 1.309 1.158 0.896 0.592 0.382 0.263 0.209 0.195 0.198 0.215 0.258 0.348 0.518 0.747 0.889 0.931 0.910 0.818 0.662 0.550 0.508 0.510 0.544 0.557 0.512 0.355 0.164 0.072 0.038 0.024 0.017 0.013 0.010 0.008 0.006 0.005 0.004 0.002 0.002 0.001 0.000 0.000 0.000 0.000 0.000 0.000 0.000 0.000 0.000 0.000 0.000 0.000 0.000 0.000 0.000 0.000 0.000 0.000 0.000 0.000 0.000 0.000 0.000 0.000 0.000 0.000 0.000 0.000 0.000 0.000
0.659 0.882 1.136 1.295 1.361 1.366 1.331 1.226 1.032 0.753 0.508 0.358 0.287 0.268 0.270 0.291 0.346 0.465 0.676 0.965 1.184 1.297 1.324 1.283 1.158 1.036 0.999 1.020 1.109 1.150 1.073 0.777 0.368 0.149 0.067 0.037 0.024 0.018 0.014 0.011 0.009 0.007 0.005 0.004 0.003 0.002 0.001 0.000 0.000 0.000 0.000 0.000 0.000 0.000 0.000 0.000 0.000 0.000 0.000 0.000 0.000 0.000 0.000 0.000 0.000 0.000 0.000 0.000 0.000 0.000 0.000 0.000 0.000 0.000 0.000 0.000
0.511 0.701 0.956 1.168 1.286 1.323 1.310 1.240 1.101 0.890 0.662 0.505 0.421 0.395 0.394 0.414 0.475 0.603 0.828 1.145 1.417 1.584 1.649 1.644 1.574 1.459 1.409 1.431 1.563 1.667 1.620 1.295 0.708 0.297 0.125 0.061 0.035 0.024 0.018 0.015 0.012 0.010 0.008 0.006 0.005 0.003 0.002 0.001 0.001 0.000 0.000 0.000 0.000 0.000 0.000 0.000 0.000 0.000 0.000 0.000 0.000 0.000 0.000 0.000 0.000 0.000 0.000 0.000 0.000 0.000 0.000 0.000 0.000 0.000 0.000 0.000
0.371 0.486 0.675 0.915 1.110 1.210 1.236 1.207 1.114 0.960 0.773 0.631 0.550 0.520 0.519 0.536 0.588 0.704 0.932 1.273 1.564 1.739 1.814 1.825 1.790 1.690 1.623 1.631 1.767 1.922 1.919 1.666 1.091 0.531 0.236 0.108 0.057 0.036 0.026 0.020 0.017 0.014 0.011 0.009 0.007 0.005 0.004 0.003 0.002 0.001 0.000 0.000 0.000 0.000 0.000 0.000 0.000 0.000 0.000 0.000 0.000 0.000 0.000 0.000 0.000 0.000 0.000 0.000 0.000 0.000 0.000 0.000 0.000 0.000 0.000 0.000
0.264 0.321 0.423 0.597 0.820 1.003 1.093 1.112 1.074 0.971 0.821 0.694 0.616 0.585 0.583 0.599 0.643 0.750 0.980 1.339 1.621 1.775 1.843 1.859 1.843 1.769 1.699 1.700 1.831 2.022 2.058 1.902 1.461 0.864 0.434 0.207 0.104 0.059 0.040 0.030 0.024 0.020 0.016 0.013 0.010 0.008 0.006 0.004 0.003 0.002 0.001 0.000 0.000 0.000 0.000 0.000 0.000 0.000 0.000 0.000 0.000 0.000 0.000 0.000 0.000 0.000 0.000 0.000 0.000 0.000 0.000 0.000 0.000 0.000 0.000 0.000
0.193 0.217 0.266 0.357 0.506 0.697 0.861 0.943 0.960 0.920 0.822 0.706 0.631 0.600 0.597 0.611 0.651 0.753 0.984 1.349 1.606 1.721 1.768 1.793 1.798 1.757 1.705 1.712 1.854 2.076 2.152 2.090 1.831 1.337 0.782 0.411 0.212 0.116 0.072 0.051 0.039 0.031 0.024 0.018 0.014 0.011 0.008 0.006 0.005 0.003 0.002 0.001 0.001 0.000 0.000 0.000 0.000 0.000 0.000 0.000 0.000 0.000 0.000 0.000 0.000 0.000 0.000 0.000 0.000 0.000 0.000 0.000 0.000 0.000 0.000 0.000
0.152 0.158 0.178 0.219 0.292 0.406 0.551 0.680 0.754 0.775 0.745 0.674 0.609 0.578 0.573 0.581 0.615 0.712 0.938 1.266 1.460 1.520 1.540 1.568 1.609 1.636 1.649 1.706 1.891 2.144 2.272 2.285 2.169 1.835 1.278 0.762 0.429 0.245 0.152 0.104 0.077 0.057 0.041 0.029 0.021 0.016 0.012 0.009 0.007 0.005 0.003 0.002 0.001 0.001 0.000 0.000 0.000 0.000 0.000 0.000 0.000 0.000 0.000 0.000 0.000 0.000 0.000 0.000 0.000 0.000 0.000 0.000 0.000 0.000 0.000 0.000
0.131 0.127 0.131 0.145 0.173 0.221 0.294 0.387 0.475 0.536 0.564 0.554 0.521 0.491 0.480 0.482 0.508 0.600 0.796 1.021 1.125 1.142 1.144 1.167 1.235 1.343 1.484 1.700 2.020 2.311 2.476 2.511 2.423 2.137 1.643 1.117 0.728 0.470 0.318 0.229 0.174 0.132 0.094 0.060 0.037 0.024 0.017 0.013 0.010 0.007 0.005 0.004 0.002 0.001 0.001 0.000 0.000 0.000 0.000 0.000 0.000 0.000 0.000 0.000 0.000 0.000 0.000 0.000 0.000 0.000 0.000 0.000 0.000 0.000 0.000 0.000
0.121 0.108 0.104 0.105 0.112 0.126 0.152 0.196 0.255 0.311 0.346 0.358 0.356 0.337 0.323 0.322 0.351 0.438 0.570 0.671 0.714 0.727 0.738 0.763 0.829 0.968 1.233 1.664 2.163 2.495 2.640 2.655 2.547 2.248 1.776 1.314 0.976 0.742 0.587 0.484 0.406 0.336 0.258 0.166 0.088 0.046 0.027 0.018 0.013 0.010 0.008 0.006 0.004 0.003 0.002 0.001 0.000 0.000 0.000 0.000 0.000 0.000 0.000 0.000 0.000 0.000 0.000 0.000 0.000 0.000 0.000 0.000 0.000 0.000 0.000 0.000
0.118 0.098 0.088 0.084 0.082 0.084 0.091 0.106 0.134 0.172 0.200 0.212 0.213 0.208 0.205 0.214 0.257 0.342 0.420 0.454 0.466 0.476 0.492 0.523 0.589 0.734 1.036 1.579 2.188 2.554 2.688 2.685 2.555 2.239 1.767 1.380 1.138 1.002 0.931 0.901 0.864 0.803 0.690 0.506 0.274 0.120 0.055 0.030 0.019 0.014 0.010 0.008 0.006 0.004 0.003 0.002 0.001 0.000 0.000 0.000 0.000 0.000 0.000 0.000 0.000 0.000 0.000 0.000 0.000 0.000 0.000 0.000 0.000 0.000 0.000 0.000
0.124 0.094 0.080 0.073 0.069 0.068 0.069 0.073 0.084 0.104 0.124 0.135 0.140 0.143 0.148 0.166 0.215 0.297 0.351 0.364 0.367 0.371 0.384 0.415 0.486 0.632 0.921 1.453 2.113 2.518 2.654 2.631 2.462 2.109 1.678 1.398 1.270 1.243 1.313 1.480 1.599 1.612 1.526 1.270 0.813 0.367 0.141 0.057 0.030 0.019 0.014 0.010 0.008 0.006 0.004 0.003 0.002 0.001 0.000 0.000 0.000 0.000 0.000 0.000 0.000 0.000 0.000 0.000 0.000 0.000 0.000 0.000 0.000 0.000 0.000 0.000
0.142 0.097 0.078 0.069 0.065 0.063 0.063 0.064 0.068 0.078 0.093 0.103 0.111 0.118 0.128 0.149 0.195 0.271 0.327 0.345 0.350 0.353 0.364 0.393 0.464 0.609 0.876 1.342 1.955 2.358 2.490 2.449 2.247 1.891 1.578 1.427 1.398 1.478 1.721 2.117 2.405 2.516 2.494 2.260 1.693 0.909 0.368 0.128 0.052 0.028 0.019 0.014 0.010 0.008 0.006 0.004 0.003 0.002 0.001 0.001 0.000 0.000 0.000 0.000 0.000 0.000 0.000 0.000 0.000 0.000 0.000 0.000 0.000 0.000 0.000 0.000
0.184 0.110 0.082 0.070 0.065 0.063 0.062 0.063 0.066 0.073 0.084 0.094 0.103 0.112 0.125 0.144 0.182 0.248 0.318 0.355 0.369 0.377 0.387 0.416 0.486 0.627 0.881 1.308 1.818 2.132 2.234 2.208 2.055 1.773 1.556 1.490 1.537 1.736 2.129 2.609 2.935 3.078 3.067 2.836 2.282 1.418 0.670 0.256 0.093 0.042 0.025 0.018 0.014 0.011 0.008 0.006 0.005 0.004 0.002 0.002 0.001 0.000 0.000 0.000 0.000 0.000 0.000 0.000 0.000 0.000 0.000 0.000 0.000 0.000 0.000 0.000
0.267 0.149 0.100 0.080 0.072 0.069 0.067 0.068 0.069 0.075 0.084 0.093 0.103 0.113 0.125 0.143 0.174 0.230 0.313 0.391 0.437 0.463 0.488 0.527 0.602 0.738 0.968 1.347 1.769 2.007 2.084 2.074 1.977 1.763 1.622 1.616 1.741 2.056 2.512 2.918 3.178 3.282 3.250 3.000 2.464 1.641 0.860 0.377 0.152 0.067 0.037 0.024 0.018 0.014 0.011 0.009 0.007 0.005 0.004 0.003 0.002 0.001 0.000 0.000 0.000 0.000 0.000 0.000 0.000 0.000 0.000 0.000 0.000 0.000 0.000 0.000
0.390 0.227 0.146 0.110 0.094 0.088 0.086 0.085 0.086 0.089 0.093 0.101 0.109 0.118 0.128 0.144 0.169 0.219 0.311 0.441 0.552 0.629 0.697 0.774 0.880 1.022 1.212 1.490 1.795 1.976 2.035 2.032 1.966 1.833 1.776 1.827 2.040 2.417 2.798 3.062 3.225 3.286 3.237 2.977 2.454 1.683 0.961 0.488 0.231 0.112 0.059 0.036 0.024 0.018 0.014 0.012 0.009 0.007 0.006 0.004 0.003 0.002 0.001 0.001 0.000 0.000 0.000 0.000 0.000 0.000 0.000 0.000 0.000 0.000 0.000 0.000
0.492 0.319 0.216 0.162 0.139 0.131 0.129 0.129 0.128 0.127 0.126 0.125 0.128 0.132 0.138 0.148 0.169 0.216 0.316 0.477 0.655 0.803 0.944 1.096 1.274 1.442 1.587 1.736 1.885 1.989 2.032 2.032 2.001 1.963 1.976 2.080 2.344 2.700 2.953 3.105 3.190 3.211 3.133 2.855 2.350 1.653 1.038 0.617 0.358 0.203 0.113 0.064 0.038 0.026 0.020 0.016 0.013 0.010 0.008 0.006 0.005 0.004 0.002 0.002 0.001 0.000 0.000 0.000 0.000 0.000 0.000 0.000 0.000 0.000 0.000 0.000
0.535 0.378 0.281 0.228 0.206 0.202 0.209 0.216 0.217 0.211 0.199 0.184 0.172 0.166 0.164 0.168 0.183 0.228 0.335 0.508 0.716 0.902 1.083 1.280 1.506 1.697 1.837 1.934 1.997 2.039 2.063 2.072 2.079 2.098 2.146 2.278 2.556 2.849 3.009 3.087 3.111 3.086 2.964 2.668 2.201 1.623 1.144 0.814 0.585 0.406 0.258 0.145 0.076 0.043 0.029 0.021 0.017 0.014 0.011 0.009 0.007 0.005 0.004 0.003 0.002 0.001 0.000 0.000 0.000 0.000 0.000 0.000 0.000 0.000 0.000 0.000
0.533 0.406 0.334 0.298 0.289 0.302 0.339 0.370 0.376 0.367 0.343 0.305 0.268 0.243 0.230 0.228 0.238 0.280 0.382 0.548 0.751 0.939 1.124 1.327 1.566 1.774 1.927 2.037 2.099 2.130 2.153 2.174 2.201 2.242 2.309 2.448 2.697 2.907 3.002 3.028 3.005 2.937 2.786 2.512 2.132 1.710 1.390 1.175 1.003 0.828 0.622 0.388 0.196 0.094 0.052 0.033 0.024 0.018 0.015 0.012 0.010 0.008 0.006 0.004 0.003 0.002 0.001 0.000 0.000 0.000 0.000 0.000 0.000 0.000 0.000 0.000
0.487 0.422 0.386 0.374 0.386 0.428 0.502 0.573 0.602 0.599 0.570 0.516 0.449 0.395 0.363 0.353 0.358 0.388 0.465 0.595 0.764 0.942 1.121 1.312 1.540 1.756 1.926 2.072 2.197 2.284 2.338 2.375 2.408 2.449 2.508 2.617 2.791 2.913 2.945 2.912 2.832 2.729 2.587 2.395 2.166 1.982 1.886 1.819 1.736 1.597 1.359 0.986 0.555 0.264 0.125 0.066 0.039 0.027 0.020 0.016 0.013 0.010 0.008 0.006 0.005 0.003 0.002 0.001 0.001 0.000 0.000 0.000 0.000 0.000 0.000 0.000
0.443 0.438 0.440 0.458 0.493 0.542 0.616 0.711 0.771 0.785 0.773 0.735 0.673 0.601 0.538 0.500 0.485 0.491 0.529 0.617 0.757 0.921 1.081 1.243 1.432 1.644 1.850 2.050 2.254 2.430 2.541 2.594 2.625 2.655 2.691 2.750 2.833 2.870 2.828 2.697 2.564 2.480 2.414 2.343 2.304 2.415 2.623 2.749 2.782 2.715 2.505 2.065 1.399 0.770 0.378 0.179 0.087 0.047 0.030 0.022 0.017 0.014 0.011 0.009 0.007 0.005 0.004 0.002 0.001 0.001 0.000 0.000 0.000 0.000 0.000 0.000
0.434 0.466 0.504 0.544 0.581 0.618 0.675 0.774 0.853 0.881 0.880 0.857 0.808 0.733 0.648 0.583 0.546 0.535 0.550 0.612 0.723 0.856 0.981 1.103 1.239 1.419 1.657 1.947 2.247 2.475 2.614 2.677 2.707 2.732 2.759 2.792 2.814 2.779 2.643 2.469 2.376 2.350 2.352 2.387 2.519 2.844 3.230 3.462 3.589 3.648 3.600 3.363 2.762 1.878 1.081 0.555 0.253 0.111 0.055 0.033 0.024 0.018 0.014 0.012 0.009 0.007 0.005 0.004 0.003 0.002 0.001 0.000 0.000 0.000 0.000 0.000
0.469 0.529 0.581 0.614 0.633 0.651 0.693 0.786 0.874 0.908 0.911 0.895 0.851 0.778 0.683 0.607 0.557 0.537 0.540 0.573 0.641 0.726 0.802 0.875 0.959 1.095 1.338 1.710 2.124 2.415 2.575 2.643 2.674 2.696 2.716 2.725 2.705 2.616 2.451 2.337 2.313 2.338 2.397 2.522 2.780 3.196 3.576 3.813 3.979 4.138 4.255 4.232 3.951 3.322 2.414 1.460 0.724 0.310 0.129 0.062 0.037 0.026 0.019 0.015 0.012 0.010 0.008 0.006 0.004 0.003 0.002 0.001 0.000 0.000 0.000 0.000
0.580 0.636 0.664 0.660 0.650 0.654 0.686 0.774 0.861 0.896 0.899 0.883 0.839 0.765 0.670 0.591 0.535 0.500 0.484 0.482 0.498 0.522 0.548 0.583 0.641 0.749 0.961 1.336 1.823 2.179 2.371 2.453 2.486 2.501 2.505 2.496 2.460 2.382 2.297 2.272 2.309 2.404 2.554 2.762 3.057 3.452 3.756 3.946 4.098 4.279 4.511 4.626 4.572 4.283 3.693 2.750 1.647 0.800 0.342 0.143 0.069 0.040 0.028 0.021 0.016 0.013 0.010 0.008 0.006 0.004 0.003 0.002 0.001 0.000 0.000 0.000
0.746 0.754 0.729 0.680 0.642 0.631 0.648 0.716 0.793 0.824 0.824 0.802 0.751 0.674 0.585 0.509 0.448 0.400 0.362 0.335 0.323 0.322 0.333 0.360 0.413 0.509 0.686 1.002 1.479 1.898 2.136 2.236 2.270 2.279 2.279 2.270 2.249 2.222 2.211 2.243 2.350 2.536 2.756 2.980 3.248 3.599 3.851 3.999 4.124 4.281 4.530 4.701 4.736 4.639 4.306 3.673 2.733 1.686 0.847 0.370 0.155 0.075 0.043 0.029 0.022 0.017 0.014 0.011 0.008 0.006 0.004 0.003 0.001 0.001 0.000 0.000
0.858 0.822 0.759 0.677 0.608 0.569 0.564 0.595 0.644 0.663 0.656 0.619 0.550 0.469 0.396 0.336 0.285 0.243 0.213 0.198 0.194 0.194 0.201 0.225 0.275 0.364 0.520 0.800 1.269 1.767 2.058 2.172 2.202 2.206 2.200 2.185 2.172 2.168 2.183 2.249 2.413 2.669 2.913 3.129 3.372 3.687 3.908 4.027 4.122 4.242 4.445 4.627 4.684 4.635 4.425 4.046 3.499 2.727 1.766 0.893 0.388 0.163 0.080 0.046 0.032 0.024 0.019 0.015 0.011 0.009 0.006 0.004 0.002 0.001 0.000 0.000
0.895 0.840 0.760 0.660 0.550 0.470 0.428 0.415 0.418 0.414 0.397 0.357 0.298 0.241 0.200 0.169 0.146 0.129 0.119 0.116 0.117 0.119 0.127 0.148 0.192 0.275 0.421 0.689 1.168 1.742 2.082 2.204 2.226 2.222 2.204 2.178 2.166 2.166 2.191 2.291 2.510 2.818 3.065 3.267 3.487 3.763 3.951 4.041 4.099 4.161 4.265 4.393 4.448 4.434 4.326 4.122 3.861 3.471 2.799 1.809 0.891 0.382 0.167 0.085 0.051 0.035 0.026 0.020 0.016 0.012 0.009 0.006 0.003 0.002 0.001 0.000
0.872 0.817 0.733 0.619 0.479 0.367 0.296 0.257 0.235 0.218 0.200 0.176 0.144 0.117 0.099 0.086 0.078 0.073 0.071 0.072 0.074 0.077 0.085 0.102 0.139 0.211 0.349 0.615 1.117 1.783 2.201 2.348 2.360 2.339 2.290 2.227 2.201 2.203 2.257 2.422 2.726 3.057 3.281 3.452 3.634 3.840 3.974 4.030 4.046 4.035 4.009 4.019 4.031 4.039 4.055 4.041 3.966 3.816 3.448 2.696 1.637 0.801 0.364 0.174 0.094 0.057 0.039 0.029 0.021 0.016 0.011 0.007 0.004 0.002 0.001 0.000
0.748 0.713 0.643 0.536 0.392 0.273 0.199 0.157 0.132 0.115 0.100 0.087 0.073 0.063 0.055 0.050 0.047 0.047 0.047 0.048 0.050 0.053 0.060 0.073 0.101 0.161 0.287 0.548 1.075 1.822 2.299 2.482 2.511 2.498 2.450 2.362 2.312 2.321 2.436 2.720 3.126 3.446 3.620 3.719 3.806 3.897 3.960 3.979 3.937 3.818 3.627 3.496 3.455 3.482 3.624 3.836 3.926 3.894 3.703 3.175 2.228 1.230 0.607 0.297 0.155 0.090 0.057 0.039 0.027 0.019 0.013 0.009 0.005 0.002 0.001 0.000
0.497 0.493 0.460 0.386 0.271 0.178 0.125 0.096 0.078 0.066 0.057 0.050 0.043 0.038 0.035 0.033 0.033 0.033 0.033 0.034 0.036 0.039 0.044 0.054 0.074 0.121 0.228 0.476 1.004 1.789 2.302 2.500 2.540 2.536 2.512 2.482 2.484 2.556 2.781 3.167 3.533 3.745 3.833 3.861 3.877 3.888 3.874 3.815 3.666 3.375 2.990 2.739 2.670 2.745 3.030 3.482 3.755 3.820 3.720 3.315 2.490 1.437 0.724 0.355 0.186 0.107 0.067 0.045 0.031 0.021 0.014 0.009 0.005 0.003 0.001 0.000
0.241 0.247 0.241 0.208 0.149 0.102 0.074 0.059 0.049 0.042 0.037 0.033 0.029 0.027 0.025 0.024 0.024 0.025 0.025 0.026 0.027 0.029 0.033 0.041 0.055 0.087 0.168 0.375 0.845 1.596 2.148 2.378 2.437 2.454 2.465 2.503 2.617 2.829 3.144 3.485 3.721 3.838 3.871 3.860 3.807 3.705 3.551 3.338 3.013 2.506 1.984 1.691 1.634 1.770 2.187 2.837 3.318 3.510 3.498 3.203 2.472 1.441 0.727 0.357 0.188 0.109 0.068 0.046 0.032 0.022 0.015 0.009 0.005 0.003 0.001 0.000
0.105 0.109 0.108 0.097 0.075 0.055 0.044 0.037 0.033 0.029 0.026 0.023 0.021 0.020 0.019 0.019 0.019 0.019 0.020 0.021 0.022 0.023 0.026 0.032 0.042 0.062 0.110 0.241 0.569 1.168 1.721 2.007 2.134 2.220 2.310 2.443 2.663 2.970 3.306 3.572 3.723 3.768 3.718 3.584 3.354 3.036 2.676 2.276 1.808 1.306 0.938 0.772 0.748 0.839 1.147 1.746 2.374 2.699 2.752 2.573 2.030 1.193 0.603 0.300 0.162 0.097 0.063 0.044 0.031 0.021 0.014 0.009 0.005 0.003 0.001 0.000
