RESULTS/r.avaflow_results/14b_results/14b_ascii/14b_hflow10072.asc
ncols 506
nrows 317
xllcenter 498237.50
yllcenter 5580050.00
cellsize 12.50
NODATA_value -9999.000
[rows 170 to 203 of 317, columns 76 to 151 of 506]
0.037 0.047 0.064 0.098 0.166 0.289 0.484 0.735 0.977 1.194 1.409 1.655 1.984 2.449 3.066 3.729 4.273 4.672 5.005 5.341 5.707 6.105 6.522 6.961 7.421 7.906 8.342 8.710 9.044 9.378 9.723 10.116 10.536 11.066 11.637 12.263 12.976 13.787 14.643 15.491 16.304 17.089 17.885 18.720 19.625 20.663 21.718 22.818 23.922 25.133 26.493 28.176 30.268 32.370 34.456 36.375 37.831 39.092 40.845 42.679 44.732 46.818 48.448 49.795 50.865 50.953 50.878 50.870 50.320 49.960 49.430 48.543 47.445 46.805 46.057 45.315
0.110 0.140 0.192 0.283 0.432 0.647 0.912 1.177 1.412 1.648 1.912 2.244 2.682 3.244 3.918 4.523 4.996 5.395 5.792 6.203 6.624 7.054 7.492 7.941 8.354 8.762 9.139 9.471 9.775 10.087 10.424 10.811 11.219 11.719 12.253 12.885 13.636 14.448 15.336 16.274 17.156 18.029 18.893 19.833 20.866 21.986 23.151 24.326 25.477 26.760 28.238 29.911 32.081 34.090 35.916 37.548 38.906 40.298 42.194 44.131 46.211 48.358 49.784 50.627 51.322 51.280 51.078 50.900 50.128 49.604 49.095 48.467 47.743 47.552 47.221 46.879
0.242 0.310 0.410 0.549 0.730 0.947 1.190 1.431 1.671 1.933 2.233 2.605 3.076 3.650 4.300 4.878 5.386 5.883 6.409 6.925 7.416 7.893 8.368 8.816 9.192 9.531 9.852 10.152 10.432 10.716 11.039 11.409 11.803 12.275 12.809 13.437 14.194 15.038 15.958 16.922 17.860 18.835 19.806 20.841 22.013 23.194 24.432 25.699 26.931 28.357 29.813 31.297 33.351 35.197 36.630 38.068 39.457 41.019 42.970 45.007 47.133 49.127 50.293 50.905 51.420 51.390 51.008 50.736 50.118 49.535 49.291 48.933 48.480 48.641 48.630 48.435
0.358 0.450 0.568 0.716 0.897 1.103 1.333 1.583 1.846 2.129 2.442 2.811 3.259 3.796 4.402 5.008 5.608 6.224 6.880 7.496 8.069 8.596 9.088 9.536 9.899 10.204 10.490 10.763 11.024 11.279 11.577 11.918 12.286 12.725 13.256 13.888 14.640 15.487 16.437 17.423 18.466 19.519 20.646 21.807 23.014 24.285 25.662 27.025 28.353 29.909 31.337 32.617 34.140 35.585 36.946 38.207 39.558 41.294 43.391 45.560 47.617 49.501 50.637 51.090 51.498 51.424 50.983 50.855 50.539 50.137 50.312 50.229 49.880 49.940 49.833 49.728
0.415 0.518 0.644 0.797 0.981 1.192 1.429 1.688 1.961 2.251 2.568 2.929 3.359 3.872 4.463 5.103 5.770 6.469 7.207 7.923 8.583 9.175 9.704 10.161 10.492 10.788 11.044 11.298 11.543 11.786 12.046 12.350 12.703 13.121 13.623 14.244 14.994 15.818 16.754 17.786 18.914 20.094 21.372 22.640 23.946 25.262 26.693 28.120 29.575 31.162 32.449 33.690 34.973 35.935 37.058 38.310 39.548 40.984 42.981 45.137 47.063 48.761 49.824 50.289 50.792 50.863 50.722 50.961 50.959 50.760 50.987 50.757 50.285 50.333 50.346 50.558
0.439 0.549 0.685 0.850 1.042 1.260 1.501 1.756 2.023 2.310 2.630 2.993 3.421 3.927 4.514 5.167 5.866 6.613 7.404 8.195 8.952 9.625 10.181 10.642 10.998 11.281 11.524 11.761 11.991 12.234 12.468 12.739 13.070 13.455 13.924 14.504 15.212 16.044 16.976 18.019 19.189 20.500 21.880 23.322 24.701 26.077 27.620 29.083 30.393 31.899 33.298 34.438 35.421 35.885 36.267 37.500 38.902 40.428 42.496 44.554 46.372 47.874 48.872 49.409 50.146 50.551 50.722 51.109 51.156 50.965 51.124 50.819 50.308 50.420 50.505 50.913
0.449 0.563 0.709 0.886 1.089 1.312 1.549 1.792 2.050 2.331 2.649 3.020 3.454 3.958 4.545 5.207 5.927 6.700 7.520 8.381 9.202 9.948 10.576 11.053 11.413 11.694 11.920 12.137 12.359 12.594 12.831 13.088 13.374 13.716 14.151 14.697 15.369 16.173 17.092 18.186 19.414 20.789 22.226 23.795 25.286 26.809 28.359 29.794 31.122 32.642 33.902 34.816 35.669 36.126 36.171 36.854 37.927 39.456 41.686 43.893 45.741 47.250 48.264 48.845 49.787 50.345 50.701 51.115 51.122 50.849 50.920 50.518 49.924 50.092 50.307 50.831
0.451 0.567 0.717 0.906 1.125 1.348 1.573 1.803 2.055 2.334 2.651 3.025 3.462 3.972 4.564 5.233 5.960 6.742 7.562 8.453 9.320 10.113 10.804 11.347 11.746 12.049 12.275 12.485 12.697 12.910 13.122 13.377 13.639 13.940 14.331 14.831 15.455 16.219 17.125 18.196 19.433 20.905 22.535 24.234 25.820 27.420 28.964 30.402 31.689 33.085 34.251 35.102 35.857 36.163 36.154 36.513 37.026 38.355 40.726 43.002 44.781 46.307 47.272 47.918 48.904 49.402 49.763 50.088 49.948 49.604 49.515 49.013 48.416 48.597 48.805 49.367
0.432 0.554 0.708 0.906 1.144 1.365 1.577 1.803 2.051 2.327 2.641 3.017 3.459 3.978 4.578 5.251 5.976 6.750 7.569 8.460 9.361 10.177 10.917 11.523 11.980 12.320 12.572 12.788 12.983 13.173 13.368 13.593 13.840 14.117 14.465 14.927 15.508 16.225 17.123 18.199 19.475 20.956 22.673 24.494 26.156 27.758 29.234 30.647 31.895 33.155 34.240 35.061 35.752 36.049 36.050 36.332 36.468 37.060 39.294 41.856 43.849 45.480 46.362 47.017 47.863 48.247 48.519 48.783 48.481 48.053 47.687 47.106 46.524 46.760 47.035 47.640
0.354 0.488 0.656 0.879 1.144 1.365 1.569 1.788 2.029 2.299 2.612 2.990 3.442 3.975 4.584 5.252 5.972 6.743 7.559 8.436 9.352 10.190 10.954 11.610 12.132 12.530 12.825 13.046 13.225 13.409 13.591 13.793 14.016 14.262 14.557 14.944 15.484 16.199 17.067 18.141 19.448 20.988 22.750 24.664 26.420 27.947 29.360 30.718 31.985 33.229 34.278 35.084 35.782 36.127 36.254 36.541 36.596 36.757 38.160 40.329 42.673 44.307 45.021 45.648 46.429 46.809 46.950 47.175 46.782 46.235 45.602 45.027 44.648 45.039 45.545 46.345
0.217 0.361 0.554 0.816 1.109 1.336 1.535 1.745 1.974 2.233 2.538 2.920 3.389 3.947 4.578 5.252 5.961 6.713 7.507 8.357 9.285 10.166 10.956 11.630 12.192 12.645 12.977 13.236 13.429 13.604 13.780 13.967 14.146 14.349 14.612 14.977 15.466 16.125 16.971 18.051 19.352 20.931 22.712 24.727 26.588 28.161 29.535 30.770 31.979 33.315 34.373 35.033 35.807 36.278 36.367 36.603 36.614 36.647 37.604 39.039 41.178 42.892 43.492 44.032 44.552 44.895 44.947 45.118 44.765 44.035 43.408 43.046 42.843 43.341 44.005 44.875
0.099 0.215 0.417 0.712 1.026 1.260 1.458 1.661 1.878 2.117 2.397 2.760 3.230 3.802 4.469 5.190 5.901 6.621 7.385 8.211 9.107 10.029 10.893 11.607 12.191 12.679 13.068 13.368 13.596 13.775 13.938 14.107 14.257 14.423 14.653 14.979 15.420 16.018 16.796 17.848 19.158 20.798 22.629 24.667 26.498 28.056 29.413 30.522 31.548 32.861 33.887 34.568 35.414 35.973 36.148 36.467 36.479 36.363 37.072 37.925 39.249 40.947 41.828 42.310 42.582 42.664 42.534 42.624 42.416 41.970 41.745 41.616 41.575 42.099 42.766 43.603
0.035 0.103 0.269 0.556 0.888 1.131 1.332 1.530 1.734 1.952 2.195 2.505 2.928 3.471 4.136 4.908 5.676 6.391 7.124 7.920 8.805 9.789 10.755 11.529 12.154 12.673 13.101 13.441 13.707 13.910 14.076 14.230 14.377 14.531 14.718 15.012 15.426 15.979 16.674 17.657 18.900 20.507 22.388 24.457 26.354 27.950 29.322 30.293 31.171 32.310 33.337 34.119 35.074 35.781 36.195 36.588 36.596 36.468 36.894 37.401 38.104 39.096 39.887 40.507 40.723 40.752 40.678 40.785 40.642 40.388 40.387 40.438 40.627 41.161 41.617 42.162
0.010 0.038 0.137 0.363 0.689 0.954 1.159 1.352 1.544 1.739 1.939 2.174 2.503 2.963 3.570 4.331 5.152 5.911 6.658 7.442 8.327 9.349 10.466 11.397 12.102 12.649 13.105 13.463 13.766 14.006 14.197 14.348 14.489 14.638 14.801 15.063 15.452 15.971 16.630 17.531 18.679 20.211 22.085 24.192 26.082 27.662 29.033 29.987 30.909 31.859 32.684 33.399 34.392 35.094 35.621 36.226 36.395 36.260 36.539 36.812 37.130 37.656 38.068 38.683 39.272 39.298 39.196 39.329 39.279 38.997 39.023 39.065 39.312 39.821 40.134 40.472
0.003 0.012 0.055 0.191 0.452 0.734 0.947 1.136 1.315 1.485 1.648 1.823 2.058 2.401 2.885 3.539 4.331 5.146 5.948 6.765 7.656 8.729 10.022 11.165 12.012 12.587 13.059 13.468 13.798 14.068 14.289 14.454 14.602 14.757 14.923 15.157 15.515 16.015 16.658 17.480 18.538 19.904 21.672 23.721 25.568 27.053 28.366 29.407 30.311 31.129 31.804 32.286 33.127 33.872 34.514 35.283 35.727 35.713 35.994 36.174 36.221 36.553 36.662 36.802 37.643 37.983 38.012 38.072 38.002 37.784 37.910 37.905 37.958 38.369 38.680 39.032
0.002 0.004 0.018 0.083 0.245 0.487 0.705 0.888 1.055 1.208 1.358 1.515 1.705 1.970 2.353 2.883 3.555 4.321 5.129 5.982 6.897 8.002 9.394 10.771 11.801 12.460 12.969 13.392 13.763 14.101 14.362 14.569 14.725 14.895 15.088 15.326 15.668 16.141 16.735 17.512 18.517 19.737 21.283 23.191 25.031 26.453 27.762 28.807 29.613 30.366 30.911 31.180 31.734 32.316 33.153 34.116 34.814 35.305 35.817 35.966 35.939 36.136 36.105 36.002 36.425 36.798 37.040 37.098 37.024 36.859 36.965 36.805 36.573 36.857 37.217 37.700
0.002 0.002 0.006 0.028 0.108 0.264 0.450 0.620 0.777 0.928 1.079 1.239 1.422 1.656 1.978 2.428 3.019 3.721 4.504 5.354 6.274 7.344 8.674 10.175 11.374 12.196 12.818 13.297 13.725 14.085 14.375 14.646 14.864 15.069 15.297 15.565 15.899 16.330 16.890 17.627 18.537 19.632 20.996 22.628 24.293 25.684 26.990 27.962 28.691 29.358 29.741 29.910 30.243 30.625 31.292 32.416 33.572 34.447 35.207 35.514 35.522 35.701 35.624 35.492 35.662 35.805 36.068 36.293 36.088 35.845 35.885 35.586 35.253 35.369 35.609 36.116
0.002 0.002 0.003 0.008 0.035 0.110 0.228 0.360 0.496 0.640 0.797 0.975 1.181 1.427 1.741 2.155 2.688 3.333 4.073 4.895 5.792 6.793 7.967 9.389 10.742 11.766 12.534 13.116 13.614 14.038 14.401 14.708 14.972 15.242 15.517 15.839 16.198 16.631 17.173 17.834 18.617 19.596 20.752 22.080 23.531 24.824 25.990 26.885 27.534 28.161 28.452 28.596 28.808 29.065 29.581 30.675 32.006 33.100 34.074 34.615 34.734 35.017 35.011 34.840 34.914 34.731 34.605 35.099 35.056 34.841 34.732 34.489 34.160 34.087 34.127 34.521
0.002 0.002 0.002 0.003 0.009 0.032 0.083 0.158 0.254 0.376 0.533 0.728 0.966 1.248 1.588 2.005 2.510 3.108 3.798 4.573 5.425 6.352 7.393 8.593 9.936 11.160 12.117 12.838 13.446 13.946 14.355 14.731 15.038 15.359 15.683 16.034 16.423 16.881 17.387 18.000 18.730 19.588 20.584 21.744 23.035 24.213 25.143 25.872 26.458 27.091 27.433 27.632 27.819 27.956 28.392 29.302 30.417 31.693 32.795 33.426 33.828 34.207 34.224 34.199 34.341 33.991 33.626 33.856 33.698 33.628 33.638 33.363 32.920 32.705 32.435 32.484
0.002 0.002 0.002 0.002 0.002 0.007 0.020 0.048 0.097 0.183 0.320 0.516 0.775 1.094 1.466 1.901 2.406 2.976 3.619 4.341 5.140 6.007 6.941 7.955 9.114 10.403 11.567 12.481 13.219 13.796 14.273 14.703 15.081 15.447 15.800 16.162 16.558 17.003 17.509 18.071 18.769 19.582 20.461 21.434 22.532 23.524 24.379 25.048 25.622 26.256 26.560 26.759 26.986 27.173 27.465 28.149 29.060 30.134 31.179 31.927 32.397 32.843 32.993 32.988 33.168 32.858 32.388 32.325 32.161 32.010 32.205 31.883 31.360 30.956 30.396 30.001
0.002 0.002 0.001 0.001 0.001 0.002 0.004 0.011 0.028 0.074 0.174 0.350 0.611 0.953 1.357 1.813 2.320 2.876 3.486 4.163 4.913 5.730 6.592 7.492 8.484 9.641 10.895 11.984 12.842 13.563 14.139 14.640 15.076 15.483 15.843 16.234 16.619 17.049 17.544 18.098 18.762 19.492 20.291 21.146 22.122 22.993 23.752 24.410 24.943 25.453 25.748 25.992 26.301 26.505 26.690 27.201 27.824 28.617 29.485 30.115 30.527 31.058 31.293 31.235 31.448 31.329 30.916 30.680 30.431 30.165 30.215 29.919 29.445 28.800 28.022 27.288
0.002 0.002 0.001 0.001 0.001 0.001 0.001 0.003 0.008 0.029 0.090 0.229 0.474 0.825 1.255 1.730 2.238 2.784 3.372 4.014 4.726 5.494 6.305 7.146 8.050 9.068 10.239 11.366 12.354 13.225 13.919 14.514 15.027 15.478 15.864 16.253 16.632 17.078 17.564 18.108 18.741 19.425 20.132 20.887 21.720 22.514 23.232 23.827 24.428 24.844 25.211 25.462 25.778 25.948 26.142 26.521 26.888 27.430 28.010 28.399 28.758 29.181 29.357 29.380 29.511 29.367 29.188 29.044 28.629 28.235 27.945 27.497 26.886 26.137 25.238 24.289
0.002 0.002 0.001 0.001 0.001 0.001 0.001 0.001 0.003 0.012 0.045 0.144 0.362 0.709 1.155 1.646 2.156 2.692 3.265 3.887 4.576 5.312 6.085 6.884 7.730 8.660 9.699 10.771 11.821 12.779 13.608 14.330 14.943 15.440 15.856 16.228 16.604 17.047 17.519 18.049 18.623 19.225 19.856 20.470 21.172 21.977 22.737 23.305 23.907 24.292 24.685 24.998 25.315 25.410 25.550 25.822 25.999 26.318 26.706 26.954 27.126 27.351 27.403 27.393 27.483 27.364 27.164 26.989 26.552 26.045 25.511 24.776 23.891 23.003 21.944 20.825
0.002 0.002 0.002 0.001 0.001 0.001 0.001 0.001 0.002 0.005 0.021 0.086 0.265 0.595 1.044 1.546 2.060 2.592 3.155 3.768 4.442 5.158 5.911 6.683 7.489 8.361 9.306 10.303 11.329 12.323 13.252 14.058 14.740 15.301 15.757 16.165 16.543 16.982 17.427 17.908 18.458 18.972 19.538 20.078 20.749 21.468 22.181 22.807 23.289 23.734 24.091 24.348 24.600 24.670 24.753 24.929 25.017 25.223 25.440 25.526 25.556 25.649 25.614 25.464 25.426 25.302 25.040 24.761 24.280 23.613 22.812 21.814 20.736 19.605 18.435 17.241
0.003 0.002 0.002 0.001 0.001 0.001 0.001 0.001 0.001 0.002 0.010 0.044 0.174 0.466 0.904 1.414 1.936 2.472 3.036 3.649 4.317 5.025 5.763 6.521 7.304 8.130 9.010 9.941 10.901 11.872 12.813 13.666 14.425 15.048 15.528 15.962 16.369 16.779 17.207 17.679 18.167 18.597 19.090 19.551 20.185 20.851 21.589 22.203 22.702 23.150 23.479 23.675 23.877 23.913 23.914 23.975 23.995 24.079 24.201 24.142 24.072 23.969 23.804 23.563 23.404 23.188 22.874 22.378 21.701 20.860 19.815 18.579 17.361 16.188 15.091 13.960
0.003 0.003 0.002 0.002 0.002 0.001 0.001 0.001 0.001 0.002 0.004 0.019 0.090 0.308 0.706 1.219 1.762 2.317 2.905 3.528 4.200 4.907 5.638 6.385 7.146 7.933 8.762 9.629 10.517 11.454 12.371 13.227 13.997 14.668 15.197 15.663 16.089 16.543 16.961 17.372 17.777 18.157 18.557 19.010 19.536 20.139 20.865 21.485 22.023 22.421 22.722 22.848 22.979 22.945 22.890 22.868 22.832 22.786 22.789 22.622 22.442 22.219 21.982 21.636 21.333 20.970 20.514 19.835 18.927 17.843 16.582 15.257 14.119 13.064 12.043 11.007
0.004 0.003 0.002 0.002 0.002 0.002 0.001 0.001 0.001 0.001 0.002 0.007 0.038 0.160 0.458 0.936 1.509 2.116 2.753 3.411 4.093 4.805 5.533 6.262 6.995 7.748 8.525 9.327 10.164 11.044 11.909 12.741 13.500 14.178 14.720 15.221 15.662 16.119 16.527 16.921 17.267 17.622 17.953 18.393 18.828 19.359 19.985 20.616 21.043 21.421 21.654 21.758 21.859 21.794 21.687 21.542 21.428 21.309 21.190 20.930 20.635 20.369 20.034 19.595 19.141 18.621 17.962 17.090 15.983 14.675 13.373 12.179 11.131 10.169 9.248 8.326
0.006 0.004 0.003 0.002 0.002 0.002 0.001 0.001 0.001 0.001 0.001 0.003 0.014 0.070 0.250 0.626 1.189 1.868 2.591 3.298 3.993 4.708 5.433 6.144 6.851 7.566 8.291 9.032 9.808 10.632 11.451 12.228 12.949 13.612 14.162 14.684 15.145 15.585 15.989 16.348 16.663 16.988 17.291 17.628 18.013 18.477 18.986 19.549 19.925 20.264 20.405 20.454 20.529 20.453 20.306 20.100 19.876 19.627 19.403 19.055 18.682 18.346 17.928 17.416 16.844 16.136 15.275 14.185 12.920 11.628 10.461 9.409 8.465 7.601 6.828 6.163
0.007 0.005 0.003 0.003 0.002 0.002 0.001 0.001 0.001 0.001 0.001 0.002 0.006 0.030 0.128 0.402 0.921 1.645 2.448 3.182 3.891 4.611 5.328 6.018 6.699 7.377 8.053 8.739 9.452 10.206 10.955 11.676 12.356 12.995 13.549 14.073 14.526 14.932 15.305 15.648 15.955 16.239 16.512 16.778 17.097 17.473 17.912 18.336 18.622 18.852 18.922 18.942 19.011 18.932 18.741 18.502 18.166 17.786 17.465 17.060 16.629 16.134 15.607 14.990 14.299 13.416 12.333 11.085 9.870 8.794 7.839 6.986 6.252 5.618 5.093 4.728
0.008 0.005 0.004 0.003 0.002 0.002 0.001 0.001 0.001 0.001 0.001 0.001 0.004 0.017 0.074 0.276 0.741 1.467 2.310 3.057 3.775 4.500 5.207 5.878 6.530 7.172 7.805 8.439 9.087 9.762 10.442 11.115 11.739 12.321 12.844 13.348 13.794 14.183 14.528 14.853 15.148 15.424 15.675 15.895 16.151 16.430 16.732 17.001 17.165 17.297 17.336 17.318 17.297 17.189 16.984 16.706 16.314 15.856 15.416 14.913 14.390 13.807 13.176 12.459 11.585 10.483 9.272 8.134 7.151 6.328 5.657 5.086 4.631 4.279 4.041 3.938
0.009 0.006 0.004 0.003 0.003 0.002 0.001 0.001 0.001 0.001 0.001 0.001 0.003 0.013 0.056 0.219 0.635 1.323 2.158 2.903 3.625 4.358 5.058 5.717 6.346 6.951 7.542 8.127 8.712 9.306 9.918 10.517 11.087 11.612 12.093 12.524 12.925 13.319 13.654 13.980 14.242 14.490 14.733 14.898 15.084 15.268 15.443 15.611 15.673 15.663 15.671 15.621 15.523 15.370 15.121 14.774 14.339 13.824 13.279 12.692 12.075 11.419 10.713 9.888 8.867 7.666 6.553 5.643 4.942 4.416 4.043 3.759 3.560 3.453 3.424 3.481
0.010 0.007 0.005 0.004 0.003 0.002 0.001 0.001 0.001 0.001 0.001 0.001 0.003 0.012 0.051 0.196 0.569 1.195 1.971 2.699 3.419 4.158 4.870 5.532 6.147 6.720 7.269 7.800 8.325 8.855 9.396 9.922 10.408 10.826 11.224 11.580 11.946 12.306 12.649 12.985 13.249 13.476 13.679 13.821 13.941 14.034 14.112 14.147 14.134 14.094 14.026 13.904 13.743 13.503 13.188 12.785 12.282 11.694 11.039 10.376 9.707 9.018 8.285 7.390 6.306 5.225 4.374 3.771 3.380 3.142 3.011 2.944 2.920 2.934 2.988 3.137
0.011 0.008 0.005 0.004 0.003 0.002 0.001 0.001 0.001 0.001 0.001 0.001 0.003 0.012 0.050 0.184 0.512 1.053 1.735 2.429 3.130 3.868 4.610 5.296 5.916 6.466 6.973 7.463 7.932 8.394 8.863 9.287 9.668 9.994 10.290 10.572 10.875 11.184 11.537 11.860 12.127 12.349 12.514 12.619 12.696 12.718 12.716 12.684 12.639 12.572 12.425 12.211 11.941 11.595 11.171 10.670 10.090 9.449 8.752 8.049 7.337 6.583 5.757 4.847 3.959 3.258 2.794 2.547 2.445 2.430 2.443 2.468 2.500 2.547 2.655 2.921
0.011 0.008 0.006 0.004 0.003 0.002 0.001 0.001 0.001 0.001 0.001 0.001 0.003 0.012 0.049 0.168 0.438 0.872 1.440 2.076 2.744 3.464 4.239 4.985 5.638 6.190 6.668 7.100 7.511 7.903 8.273 8.577 8.840 9.081 9.302 9.512 9.731 9.983 10.270 10.565 10.842 11.066 11.233 11.313 11.330 11.318 11.286 11.207 11.128 11.024 10.827 10.548 10.188 9.711 9.142 8.504 7.819 7.117 6.380 5.569 4.710 3.908 3.203 2.596 2.141 1.881 1.789 1.851 1.954 2.040 2.098 2.143 2.186 2.264 2.473 2.875
