RESULTS/r.avaflow_results/14b_results/14b_ascii/14b_hflow30016.asc
ncols 506
nrows 317
xllcenter 498237.50
yllcenter 5580050.00
cellsize 12.50
NODATA_value -9999.000
[rows 170 to 203 of 317, columns 308 to 384 of 506]
0.000 0.000 0.000 0.000 0.000 0.000 0.000 0.000 0.000 0.000 0.000 0.000 0.000 0.000 0.000 0.000 0.000 0.000 0.000 0.000 0.000 0.000 0.000 0.000 0.000 0.000 0.000 0.000 0.000 0.000 0.000 0.000 0.000 0.000 0.000 0.000 0.000 0.000 0.000 0.000 0.000 0.000 0.000 0.000 0.000 0.000 0.000 0.000 0.000 0.000 0.000 0.000 0.000 0.000 0.000 0.000 0.000 0.000 0.000 0.000 0.000 0.000 0.000 0.000 0.000 0.000 0.000 0.000 0.000 0.000 0.000 0.000 0.000 0.000 0.000 0.000 0.000
0.000 0.000 0.000 0.000 0.000 0.000 0.000 0.000 0.000 0.000 0.000 0.000 0.000 0.000 0.000 0.000 0.000 0.000 0.000 0.000 0.000 0.000 0.000 0.000 0.000 0.000 0.000 0.000 0.000 0.000 0.000 0.000 0.000 0.000 0.000 0.000 0.000 0.000 0.000 0.000 0.000 0.000 0.000 0.000 0.000 0.000 0.000 0.000 0.000 0.000 0.000 0.000 0.000 0.000 0.000 0.000 0.000 0.000 0.000 0.000 0.000 0.000 0.000 0.000 0.000 0.000 0.000 0.000 0.000 0.000 0.000 0.000 0.000 0.000 0.000 0.000 0.000
0.000 0.001 0.001 0.001 0.001 0.001 0.001 0.001 0.001 0.001 0.001 0.001 0.001 0.001 0.001 0.001 0.001 0.000 0.000 0.000 0.000 0.000 0.000 0.000 0.000 0.000 0.000 0.000 0.000 0.000 0.000 0.000 0.000 0.000 0.000 0.000 0.000 0.000 0.000 0.000 0.000 0.000 0.000 0.000 0.000 0.000 0.000 0.000 0.000 0.000 0.000 0.000 0.000 0.000 0.000 0.000 0.000 0.000 0.000 0.000 0.000 0.000 0.000 0.000 0.000 0.000 0.000 0.000 0.000 0.000 0.000 0.000 0.000 0.000 0.000 0.000 0.000
0.002 0.003 0.003 0.004 0.004 0.004 0.004 0.004 0.004 0.004 0.003 0.003 0.003 0.003 0.002 0.002 0.002 0.001 0.001 0.001 0.000 0.000 0.000 0.000 0.000 0.000 0.000 0.000 0.000 0.000 0.000 0.000 0.000 0.000 0.000 0.000 0.000 0.000 0.000 0.000 0.000 0.000 0.000 0.000 0.000 0.000 0.000 0.000 0.000 0.000 0.000 0.000 0.000 0.000 0.000 0.000 0.000 0.000 0.000 0.000 0.000 0.000 0.000 0.000 0.000 0.000 0.000 0.000 0.000 0.000 0.000 0.000 0.000 0.000 0.000 0.000 0.000
0.004 0.005 0.007 0.008 0.008 0.008 0.008 0.008 0.008 0.007 0.007 0.007 0.006 0.006 0.005 0.004 0.003 0.003 0.002 0.002 0.001 0.001 0.000 0.000 0.000 0.000 0.000 0.000 0.000 0.000 0.000 0.000 0.000 0.000 0.000 0.000 0.000 0.000 0.000 0.000 0.000 0.000 0.000 0.000 0.000 0.000 0.000 0.000 0.000 0.000 0.000 0.000 0.000 0.000 0.000 0.000 0.000 0.000 0.000 0.000 0.000 0.000 0.000 0.000 0.000 0.000 0.000 0.000 0.000 0.000 0.000 0.000 0.000 0.000 0.000 0.000 0.000
0.007 0.009 0.012 0.013 0.014 0.014 0.014 0.014 0.013 0.013 0.012 0.012 0.011 0.009 0.008 0.007 0.006 0.005 0.004 0.003 0.002 0.002 0.001 0.001 0.001 0.000 0.000 0.000 0.000 0.000 0.000 0.000 0.000 0.000 0.000 0.000 0.000 0.000 0.000 0.000 0.000 0.000 0.000 0.000 0.000 0.000 0.000 0.000 0.000 0.000 0.000 0.000 0.000 0.000 0.000 0.000 0.000 0.000 0.000 0.000 0.000 0.000 0.000 0.000 0.000 0.000 0.000 0.000 0.000 0.000 0.000 0.000 0.000 0.000 0.000 0.000 0.000
0.011 0.014 0.018 0.022 0.024 0.024 0.024 0.023 0.023 0.021 0.020 0.018 0.017 0.014 0.012 0.010 0.009 0.007 0.006 0.005 0.004 0.003 0.003 0.002 0.002 0.001 0.001 0.000 0.000 0.000 0.000 0.000 0.000 0.000 0.000 0.000 0.000 0.000 0.000 0.000 0.000 0.000 0.000 0.000 0.000 0.000 0.000 0.000 0.000 0.000 0.000 0.000 0.000 0.000 0.000 0.000 0.000 0.000 0.000 0.000 0.000 0.000 0.000 0.000 0.000 0.000 0.000 0.000 0.000 0.000 0.000 0.000 0.000 0.000 0.000 0.000 0.000
0.017 0.022 0.030 0.041 0.046 0.048 0.047 0.046 0.043 0.040 0.035 0.030 0.026 0.022 0.018 0.015 0.012 0.011 0.009 0.008 0.006 0.005 0.005 0.004 0.003 0.002 0.002 0.002 0.001 0.001 0.001 0.001 0.000 0.000 0.000 0.000 0.000 0.000 0.000 0.000 0.000 0.000 0.000 0.000 0.000 0.000 0.000 0.000 0.000 0.000 0.000 0.000 0.000 0.000 0.000 0.000 0.000 0.000 0.000 0.000 0.000 0.000 0.000 0.000 0.000 0.000 0.000 0.000 0.000 0.000 0.000 0.000 0.000 0.000 0.000 0.000 0.000
0.029 0.039 0.058 0.089 0.110 0.116 0.116 0.113 0.106 0.094 0.076 0.059 0.046 0.036 0.028 0.022 0.018 0.015 0.013 0.011 0.009 0.008 0.007 0.006 0.005 0.005 0.004 0.003 0.003 0.002 0.002 0.002 0.001 0.001 0.001 0.001 0.000 0.000 0.000 0.000 0.000 0.000 0.000 0.000 0.000 0.000 0.000 0.000 0.000 0.000 0.000 0.000 0.000 0.000 0.000 0.000 0.000 0.000 0.000 0.000 0.000 0.000 0.000 0.000 0.000 0.000 0.000 0.000 0.000 0.000 0.000 0.000 0.000 0.000 0.000 0.000 0.000
0.059 0.085 0.135 0.222 0.303 0.337 0.341 0.335 0.313 0.272 0.208 0.143 0.099 0.069 0.049 0.036 0.028 0.023 0.019 0.015 0.013 0.011 0.010 0.009 0.008 0.007 0.006 0.006 0.005 0.004 0.004 0.003 0.003 0.002 0.002 0.002 0.001 0.001 0.001 0.001 0.001 0.001 0.001 0.000 0.000 0.000 0.000 0.000 0.000 0.000 0.000 0.000 0.000 0.000 0.000 0.000 0.000 0.000 0.000 0.000 0.000 0.000 0.000 0.000 0.000 0.000 0.000 0.000 0.000 0.000 0.000 0.000 0.000 0.000 0.000 0.000 0.000
0.145 0.212 0.338 0.552 0.776 0.910 0.961 0.961 0.920 0.808 0.621 0.405 0.252 0.157 0.101 0.070 0.050 0.038 0.029 0.023 0.018 0.015 0.013 0.012 0.011 0.010 0.010 0.009 0.008 0.007 0.007 0.006 0.005 0.004 0.004 0.003 0.003 0.003 0.002 0.002 0.002 0.002 0.002 0.002 0.001 0.001 0.001 0.000 0.000 0.000 0.000 0.000 0.000 0.000 0.000 0.000 0.000 0.000 0.000 0.000 0.000 0.000 0.000 0.000 0.000 0.000 0.000 0.000 0.000 0.000 0.000 0.000 0.000 0.000 0.000 0.000 0.000
0.374 0.518 0.768 1.164 1.604 1.919 2.087 2.135 2.099 1.925 1.566 1.069 0.648 0.385 0.233 0.150 0.101 0.070 0.049 0.036 0.027 0.021 0.018 0.017 0.016 0.015 0.014 0.013 0.013 0.011 0.010 0.009 0.008 0.007 0.006 0.006 0.005 0.005 0.005 0.005 0.004 0.004 0.004 0.003 0.003 0.002 0.002 0.001 0.001 0.000 0.000 0.000 0.000 0.000 0.000 0.000 0.000 0.000 0.000 0.000 0.000 0.000 0.000 0.000 0.000 0.000 0.000 0.000 0.000 0.000 0.000 0.000 0.000 0.000 0.000 0.000 0.000
0.912 1.150 1.512 2.042 2.511 2.811 3.003 3.084 3.080 2.954 2.602 2.007 1.333 0.831 0.511 0.323 0.211 0.139 0.092 0.062 0.043 0.032 0.026 0.024 0.023 0.022 0.021 0.020 0.019 0.017 0.015 0.013 0.012 0.011 0.010 0.009 0.009 0.008 0.008 0.008 0.007 0.007 0.006 0.006 0.005 0.004 0.003 0.003 0.002 0.002 0.001 0.001 0.001 0.000 0.000 0.000 0.000 0.000 0.000 0.000 0.000 0.000 0.000 0.000 0.000 0.000 0.000 0.000 0.000 0.000 0.000 0.000 0.000 0.000 0.000 0.000 0.000
1.966 2.252 2.582 2.900 3.091 3.219 3.337 3.414 3.426 3.349 3.076 2.546 1.848 1.297 0.899 0.610 0.409 0.272 0.179 0.117 0.078 0.055 0.044 0.039 0.037 0.036 0.035 0.033 0.031 0.026 0.021 0.019 0.017 0.015 0.014 0.013 0.013 0.013 0.012 0.012 0.012 0.011 0.010 0.009 0.008 0.007 0.006 0.005 0.004 0.003 0.003 0.002 0.002 0.001 0.001 0.001 0.001 0.000 0.000 0.000 0.000 0.000 0.000 0.000 0.000 0.000 0.000 0.000 0.000 0.000 0.000 0.000 0.000 0.000 0.000 0.000 0.000
3.358 3.502 3.562 3.498 3.374 3.319 3.351 3.405 3.416 3.356 3.133 2.684 2.072 1.575 1.205 0.921 0.691 0.497 0.345 0.233 0.156 0.110 0.086 0.077 0.075 0.074 0.073 0.070 0.061 0.045 0.034 0.028 0.024 0.022 0.020 0.019 0.019 0.018 0.018 0.018 0.018 0.017 0.015 0.013 0.011 0.010 0.009 0.008 0.007 0.006 0.005 0.004 0.003 0.003 0.002 0.002 0.002 0.001 0.001 0.001 0.001 0.000 0.000 0.000 0.000 0.000 0.000 0.000 0.000 0.000 0.000 0.000 0.000 0.000 0.000 0.000 0.000
4.205 4.251 4.131 3.807 3.448 3.261 3.189 3.167 3.142 3.077 2.914 2.591 2.122 1.705 1.391 1.142 0.941 0.770 0.607 0.451 0.323 0.240 0.199 0.188 0.192 0.201 0.203 0.193 0.159 0.104 0.069 0.051 0.041 0.035 0.032 0.030 0.029 0.028 0.029 0.029 0.029 0.027 0.023 0.019 0.016 0.014 0.012 0.011 0.010 0.009 0.008 0.007 0.006 0.005 0.005 0.004 0.004 0.003 0.003 0.002 0.002 0.001 0.001 0.001 0.000 0.000 0.000 0.000 0.000 0.000 0.000 0.000 0.000 0.000 0.000 0.000 0.000
4.433 4.462 4.280 3.862 3.360 2.994 2.753 2.601 2.500 2.424 2.347 2.229 2.018 1.735 1.482 1.273 1.094 0.949 0.830 0.723 0.614 0.519 0.477 0.487 0.546 0.598 0.608 0.578 0.469 0.300 0.184 0.123 0.091 0.073 0.062 0.055 0.052 0.051 0.052 0.053 0.053 0.049 0.040 0.029 0.023 0.020 0.018 0.016 0.014 0.012 0.011 0.010 0.009 0.008 0.008 0.007 0.007 0.006 0.006 0.005 0.004 0.003 0.002 0.002 0.001 0.001 0.000 0.000 0.000 0.000 0.000 0.000 0.000 0.000 0.000 0.000 0.000
4.233 4.253 4.065 3.633 3.019 2.438 2.006 1.715 1.554 1.492 1.501 1.590 1.691 1.632 1.493 1.325 1.164 1.038 0.954 0.906 0.881 0.884 0.936 1.054 1.238 1.368 1.403 1.353 1.153 0.818 0.527 0.353 0.250 0.190 0.153 0.131 0.119 0.115 0.116 0.118 0.118 0.106 0.077 0.050 0.036 0.029 0.026 0.022 0.020 0.017 0.016 0.014 0.013 0.012 0.011 0.011 0.010 0.010 0.009 0.008 0.007 0.006 0.004 0.003 0.003 0.002 0.001 0.001 0.001 0.000 0.000 0.000 0.000 0.000 0.000 0.000 0.000
3.387 3.357 3.204 2.868 2.288 1.616 1.162 0.918 0.810 0.788 0.815 0.931 1.169 1.352 1.391 1.313 1.179 1.066 1.007 0.991 1.010 1.091 1.251 1.494 1.753 1.918 1.978 1.959 1.821 1.534 1.175 0.877 0.664 0.512 0.411 0.348 0.312 0.300 0.299 0.303 0.296 0.253 0.166 0.097 0.063 0.048 0.040 0.035 0.030 0.026 0.023 0.020 0.018 0.017 0.016 0.016 0.015 0.015 0.014 0.013 0.011 0.009 0.007 0.006 0.005 0.004 0.003 0.002 0.002 0.001 0.001 0.001 0.001 0.001 0.001 0.001 0.001
1.923 1.830 1.738 1.586 1.275 0.863 0.596 0.458 0.405 0.399 0.422 0.509 0.705 0.971 1.144 1.192 1.141 1.057 1.012 1.005 1.034 1.145 1.353 1.639 1.896 2.058 2.131 2.141 2.088 1.931 1.667 1.373 1.150 0.994 0.880 0.794 0.742 0.723 0.727 0.732 0.700 0.576 0.368 0.209 0.127 0.089 0.071 0.060 0.050 0.042 0.036 0.031 0.027 0.025 0.023 0.023 0.022 0.022 0.021 0.019 0.016 0.013 0.010 0.009 0.007 0.006 0.005 0.004 0.004 0.003 0.003 0.003 0.002 0.002 0.002 0.002 0.002
0.843 0.770 0.722 0.672 0.574 0.412 0.298 0.240 0.219 0.216 0.230 0.287 0.426 0.650 0.844 0.962 1.002 0.979 0.953 0.950 0.979 1.093 1.315 1.603 1.834 1.987 2.075 2.112 2.103 2.020 1.829 1.553 1.349 1.245 1.197 1.172 1.164 1.184 1.225 1.240 1.191 1.015 0.710 0.432 0.269 0.186 0.143 0.116 0.095 0.077 0.063 0.051 0.043 0.038 0.036 0.034 0.034 0.033 0.031 0.027 0.022 0.017 0.014 0.012 0.011 0.009 0.008 0.007 0.006 0.006 0.005 0.005 0.005 0.005 0.005 0.004 0.004
0.362 0.318 0.292 0.271 0.245 0.199 0.162 0.142 0.135 0.135 0.146 0.187 0.290 0.456 0.604 0.708 0.775 0.802 0.798 0.792 0.807 0.899 1.108 1.376 1.567 1.705 1.820 1.910 1.951 1.926 1.790 1.542 1.354 1.285 1.278 1.296 1.329 1.391 1.463 1.483 1.434 1.262 0.984 0.721 0.525 0.389 0.301 0.239 0.192 0.152 0.120 0.094 0.077 0.066 0.061 0.058 0.056 0.054 0.050 0.042 0.031 0.024 0.020 0.017 0.015 0.013 0.012 0.010 0.010 0.009 0.009 0.009 0.008 0.008 0.008 0.007 0.007
0.178 0.154 0.140 0.130 0.123 0.112 0.102 0.098 0.097 0.099 0.112 0.148 0.227 0.347 0.445 0.509 0.551 0.568 0.568 0.552 0.548 0.594 0.734 0.938 1.094 1.216 1.341 1.475 1.572 1.600 1.546 1.384 1.241 1.205 1.219 1.259 1.320 1.414 1.497 1.519 1.473 1.324 1.108 0.934 0.798 0.676 0.562 0.459 0.371 0.295 0.231 0.181 0.146 0.126 0.116 0.109 0.103 0.097 0.087 0.070 0.048 0.034 0.027 0.022 0.020 0.018 0.016 0.015 0.014 0.013 0.013 0.013 0.013 0.013 0.012 0.012 0.011
0.108 0.095 0.087 0.082 0.080 0.078 0.076 0.077 0.079 0.085 0.100 0.133 0.194 0.274 0.333 0.369 0.388 0.393 0.387 0.367 0.353 0.363 0.419 0.530 0.641 0.728 0.809 0.905 1.003 1.063 1.077 1.033 0.969 0.958 0.981 1.046 1.154 1.301 1.405 1.436 1.407 1.293 1.132 1.032 0.967 0.904 0.838 0.753 0.644 0.527 0.418 0.335 0.280 0.248 0.231 0.218 0.205 0.189 0.164 0.127 0.084 0.055 0.038 0.031 0.027 0.024 0.022 0.021 0.019 0.019 0.018 0.018 0.019 0.019 0.018 0.017 0.016
0.078 0.071 0.067 0.065 0.065 0.065 0.065 0.067 0.071 0.080 0.098 0.127 0.169 0.215 0.248 0.268 0.277 0.278 0.273 0.255 0.238 0.235 0.251 0.300 0.368 0.421 0.465 0.509 0.559 0.595 0.609 0.604 0.582 0.576 0.594 0.660 0.795 0.991 1.140 1.206 1.214 1.169 1.089 1.053 1.053 1.062 1.056 1.029 0.962 0.845 0.700 0.575 0.491 0.438 0.409 0.392 0.377 0.351 0.307 0.245 0.167 0.102 0.064 0.047 0.039 0.035 0.032 0.030 0.027 0.026 0.025 0.026 0.026 0.026 0.026 0.025 0.023
0.063 0.061 0.060 0.060 0.060 0.061 0.062 0.064 0.070 0.080 0.099 0.124 0.149 0.171 0.187 0.198 0.205 0.206 0.203 0.191 0.175 0.169 0.171 0.188 0.223 0.254 0.275 0.292 0.309 0.323 0.328 0.325 0.316 0.314 0.323 0.358 0.438 0.577 0.726 0.830 0.894 0.934 0.960 1.012 1.102 1.187 1.233 1.240 1.206 1.117 0.976 0.812 0.681 0.592 0.542 0.524 0.525 0.541 0.524 0.461 0.349 0.218 0.130 0.085 0.066 0.058 0.052 0.047 0.042 0.038 0.036 0.036 0.037 0.037 0.036 0.034 0.032
0.056 0.055 0.057 0.059 0.060 0.061 0.062 0.065 0.072 0.084 0.104 0.123 0.137 0.145 0.151 0.157 0.161 0.163 0.162 0.156 0.144 0.136 0.134 0.139 0.154 0.171 0.181 0.187 0.191 0.193 0.192 0.188 0.183 0.183 0.188 0.205 0.243 0.314 0.411 0.499 0.577 0.659 0.766 0.937 1.144 1.289 1.364 1.380 1.359 1.283 1.146 0.959 0.790 0.674 0.610 0.590 0.597 0.656 0.762 0.787 0.691 0.496 0.298 0.187 0.137 0.115 0.101 0.089 0.076 0.064 0.057 0.055 0.053 0.052 0.049 0.046 0.042
0.051 0.053 0.056 0.060 0.062 0.064 0.067 0.072 0.081 0.095 0.113 0.126 0.133 0.136 0.137 0.137 0.139 0.140 0.140 0.138 0.131 0.123 0.120 0.120 0.127 0.136 0.140 0.142 0.142 0.142 0.142 0.138 0.133 0.130 0.130 0.136 0.151 0.185 0.238 0.303 0.377 0.476 0.638 0.904 1.187 1.364 1.441 1.454 1.433 1.359 1.221 1.023 0.835 0.706 0.635 0.613 0.620 0.691 0.907 1.145 1.183 1.012 0.695 0.445 0.322 0.265 0.231 0.200 0.165 0.131 0.106 0.091 0.081 0.074 0.067 0.061 0.056
0.049 0.051 0.056 0.063 0.071 0.078 0.086 0.096 0.107 0.120 0.130 0.135 0.136 0.135 0.134 0.132 0.131 0.131 0.131 0.131 0.129 0.122 0.118 0.117 0.120 0.125 0.127 0.128 0.129 0.130 0.130 0.127 0.122 0.114 0.109 0.108 0.113 0.127 0.155 0.199 0.266 0.381 0.591 0.926 1.234 1.408 1.472 1.479 1.454 1.376 1.235 1.032 0.840 0.709 0.637 0.614 0.621 0.694 0.926 1.332 1.593 1.597 1.359 1.002 0.770 0.652 0.571 0.492 0.399 0.302 0.224 0.170 0.134 0.110 0.093 0.081 0.074
0.048 0.051 0.058 0.070 0.088 0.111 0.133 0.149 0.160 0.165 0.165 0.160 0.151 0.143 0.137 0.133 0.130 0.129 0.129 0.132 0.133 0.129 0.125 0.124 0.125 0.127 0.128 0.129 0.131 0.133 0.133 0.130 0.124 0.113 0.105 0.100 0.100 0.104 0.118 0.150 0.215 0.348 0.600 0.979 1.272 1.422 1.473 1.477 1.447 1.363 1.210 0.997 0.811 0.685 0.618 0.598 0.605 0.673 0.894 1.330 1.760 1.943 1.917 1.746 1.552 1.402 1.273 1.121 0.920 0.699 0.502 0.345 0.238 0.171 0.132 0.109 0.095
0.048 0.051 0.060 0.079 0.111 0.161 0.210 0.237 0.245 0.242 0.229 0.209 0.185 0.165 0.151 0.141 0.136 0.134 0.135 0.145 0.156 0.161 0.160 0.159 0.155 0.152 0.151 0.152 0.156 0.160 0.159 0.153 0.141 0.122 0.108 0.100 0.097 0.097 0.105 0.132 0.199 0.349 0.639 1.024 1.282 1.407 1.443 1.439 1.395 1.286 1.105 0.884 0.717 0.613 0.560 0.545 0.552 0.608 0.791 1.191 1.709 2.036 2.167 2.187 2.133 2.057 1.963 1.824 1.615 1.339 1.012 0.679 0.431 0.279 0.194 0.149 0.125
0.049 0.053 0.063 0.084 0.124 0.191 0.266 0.308 0.319 0.316 0.300 0.273 0.238 0.206 0.180 0.163 0.156 0.155 0.166 0.197 0.230 0.248 0.254 0.252 0.241 0.229 0.224 0.225 0.231 0.235 0.231 0.214 0.183 0.146 0.120 0.104 0.097 0.097 0.103 0.128 0.199 0.367 0.672 1.025 1.246 1.335 1.348 1.323 1.245 1.101 0.890 0.686 0.552 0.481 0.451 0.444 0.450 0.486 0.606 0.915 1.440 1.915 2.186 2.306 2.333 2.311 2.256 2.163 2.015 1.788 1.466 1.067 0.711 0.451 0.297 0.216 0.174
0.050 0.056 0.067 0.088 0.127 0.198 0.284 0.336 0.353 0.352 0.340 0.315 0.281 0.250 0.224 0.206 0.200 0.211 0.259 0.338 0.397 0.421 0.425 0.412 0.383 0.360 0.350 0.350 0.355 0.358 0.346 0.309 0.248 0.186 0.141 0.114 0.101 0.099 0.104 0.130 0.208 0.381 0.673 0.962 1.118 1.164 1.155 1.094 0.966 0.778 0.582 0.440 0.357 0.317 0.303 0.302 0.307 0.328 0.396 0.585 0.993 1.554 1.993 2.223 2.300 2.307 2.280 2.220 2.122 1.945 1.652 1.278 0.944 0.665 0.461 0.339 0.272
0.054 0.060 0.071 0.089 0.125 0.190 0.276 0.332 0.356 0.358 0.350 0.329 0.297 0.272 0.258 0.253 0.266 0.316 0.422 0.533 0.583 0.589 0.571 0.529 0.479 0.449 0.436 0.436 0.442 0.444 0.427 0.373 0.288 0.211 0.159 0.126 0.110 0.107 0.111 0.138 0.219 0.386 0.624 0.801 0.876 0.885 0.855 0.764 0.612 0.449 0.333 0.260 0.219 0.198 0.191 0.190 0.194 0.210 0.255 0.368 0.619 1.068 1.557 1.870 2.019 2.083 2.109 2.102 2.054 1.917 1.658 1.322 1.060 0.857 0.685 0.552 0.461
