RESULTS/r.avaflow_results/14b_results/14b_ascii/14b_hflow30011.asc
ncols 506
nrows 317
xllcenter 498237.50
yllcenter 5580050.00
cellsize 12.50
NODATA_value -9999.000
[rows 204 to 237 of 317, columns 308 to 384 of 506]
0.066 0.073 0.082 0.095 0.120 0.164 0.232 0.297 0.336 0.352 0.351 0.337 0.308 0.289 0.285 0.299 0.347 0.444 0.581 0.684 0.723 0.721 0.693 0.637 0.576 0.539 0.524 0.523 0.531 0.533 0.513 0.448 0.342 0.245 0.182 0.144 0.125 0.120 0.123 0.147 0.214 0.339 0.465 0.528 0.546 0.540 0.506 0.434 0.330 0.237 0.180 0.147 0.129 0.118 0.112 0.110 0.111 0.117 0.136 0.181 0.278 0.469 0.760 1.024 1.218 1.371 1.492 1.562 1.578 1.530 1.386 1.154 0.943 0.809 0.719 0.639 0.563
0.086 0.091 0.094 0.097 0.105 0.124 0.159 0.214 0.271 0.307 0.319 0.313 0.292 0.279 0.281 0.308 0.377 0.487 0.610 0.691 0.722 0.720 0.693 0.639 0.576 0.537 0.520 0.519 0.527 0.530 0.511 0.448 0.342 0.246 0.188 0.156 0.142 0.139 0.143 0.166 0.227 0.317 0.375 0.392 0.387 0.367 0.326 0.264 0.193 0.141 0.111 0.096 0.087 0.082 0.079 0.077 0.078 0.084 0.102 0.137 0.200 0.305 0.456 0.595 0.708 0.820 0.936 1.023 1.069 1.079 1.048 0.960 0.863 0.809 0.798 0.804 0.789
0.118 0.116 0.106 0.095 0.092 0.095 0.107 0.132 0.176 0.224 0.252 0.259 0.254 0.251 0.262 0.302 0.378 0.484 0.578 0.633 0.655 0.657 0.643 0.603 0.546 0.503 0.482 0.478 0.482 0.485 0.471 0.418 0.325 0.240 0.190 0.165 0.158 0.158 0.168 0.196 0.251 0.310 0.332 0.328 0.306 0.270 0.223 0.172 0.127 0.097 0.080 0.071 0.066 0.064 0.062 0.062 0.063 0.069 0.085 0.115 0.160 0.224 0.300 0.366 0.423 0.480 0.543 0.597 0.631 0.652 0.664 0.675 0.698 0.748 0.821 0.893 0.929
0.146 0.134 0.111 0.092 0.082 0.079 0.081 0.089 0.108 0.138 0.164 0.180 0.191 0.202 0.224 0.270 0.341 0.412 0.457 0.482 0.497 0.510 0.516 0.502 0.463 0.421 0.395 0.384 0.381 0.379 0.370 0.340 0.282 0.222 0.187 0.172 0.170 0.175 0.194 0.232 0.284 0.317 0.324 0.311 0.278 0.229 0.178 0.135 0.102 0.081 0.068 0.061 0.057 0.055 0.055 0.055 0.057 0.063 0.078 0.104 0.141 0.182 0.221 0.252 0.277 0.300 0.326 0.351 0.372 0.391 0.414 0.447 0.511 0.628 0.788 0.915 0.990
0.157 0.139 0.110 0.087 0.073 0.067 0.065 0.066 0.073 0.085 0.099 0.112 0.126 0.142 0.167 0.203 0.239 0.257 0.263 0.269 0.281 0.303 0.326 0.335 0.325 0.300 0.280 0.268 0.260 0.252 0.245 0.234 0.214 0.193 0.180 0.175 0.177 0.186 0.210 0.257 0.308 0.331 0.331 0.313 0.275 0.222 0.168 0.127 0.097 0.077 0.065 0.058 0.054 0.053 0.053 0.053 0.056 0.062 0.076 0.099 0.131 0.160 0.180 0.194 0.203 0.209 0.214 0.220 0.228 0.241 0.263 0.298 0.361 0.486 0.688 0.882 0.995
0.155 0.132 0.102 0.079 0.064 0.056 0.052 0.051 0.052 0.056 0.063 0.071 0.081 0.094 0.109 0.122 0.129 0.130 0.131 0.134 0.142 0.160 0.184 0.201 0.208 0.206 0.201 0.194 0.185 0.176 0.169 0.165 0.163 0.163 0.167 0.173 0.180 0.191 0.217 0.267 0.324 0.350 0.350 0.331 0.290 0.234 0.177 0.133 0.101 0.079 0.066 0.058 0.054 0.052 0.052 0.053 0.056 0.062 0.075 0.097 0.126 0.147 0.161 0.168 0.170 0.169 0.163 0.155 0.154 0.160 0.176 0.205 0.253 0.343 0.520 0.760 0.943
0.134 0.107 0.081 0.063 0.052 0.045 0.042 0.040 0.040 0.041 0.044 0.048 0.054 0.063 0.069 0.071 0.072 0.071 0.071 0.072 0.078 0.089 0.108 0.128 0.144 0.153 0.156 0.154 0.149 0.141 0.135 0.133 0.135 0.143 0.156 0.170 0.181 0.193 0.218 0.268 0.337 0.378 0.386 0.374 0.341 0.290 0.231 0.174 0.128 0.096 0.075 0.063 0.057 0.055 0.055 0.055 0.057 0.063 0.075 0.095 0.122 0.142 0.155 0.160 0.161 0.158 0.148 0.130 0.121 0.121 0.130 0.148 0.177 0.231 0.339 0.544 0.792
0.091 0.070 0.055 0.046 0.039 0.036 0.034 0.033 0.032 0.032 0.033 0.036 0.039 0.044 0.046 0.046 0.046 0.046 0.045 0.047 0.050 0.058 0.072 0.091 0.111 0.126 0.134 0.136 0.134 0.128 0.123 0.122 0.124 0.133 0.150 0.166 0.179 0.194 0.219 0.270 0.351 0.425 0.461 0.469 0.456 0.425 0.373 0.297 0.212 0.148 0.107 0.084 0.071 0.065 0.062 0.062 0.063 0.067 0.077 0.095 0.118 0.140 0.155 0.162 0.163 0.161 0.149 0.127 0.111 0.105 0.106 0.113 0.128 0.156 0.215 0.334 0.547
0.055 0.045 0.039 0.034 0.031 0.029 0.028 0.028 0.027 0.027 0.028 0.029 0.031 0.033 0.034 0.035 0.035 0.034 0.034 0.036 0.039 0.045 0.056 0.072 0.093 0.111 0.123 0.127 0.128 0.125 0.121 0.120 0.122 0.130 0.145 0.161 0.176 0.195 0.224 0.281 0.382 0.512 0.618 0.677 0.701 0.698 0.659 0.562 0.414 0.276 0.188 0.137 0.109 0.093 0.083 0.077 0.076 0.078 0.085 0.098 0.118 0.142 0.167 0.182 0.186 0.184 0.169 0.140 0.114 0.101 0.095 0.093 0.097 0.110 0.140 0.203 0.323
0.037 0.033 0.030 0.029 0.027 0.026 0.025 0.025 0.024 0.024 0.025 0.025 0.026 0.027 0.028 0.028 0.029 0.029 0.030 0.031 0.034 0.040 0.049 0.063 0.081 0.102 0.116 0.124 0.126 0.125 0.122 0.121 0.123 0.129 0.140 0.154 0.171 0.194 0.234 0.311 0.449 0.656 0.884 1.045 1.133 1.158 1.130 1.011 0.787 0.534 0.365 0.265 0.204 0.163 0.135 0.116 0.105 0.101 0.102 0.108 0.124 0.155 0.205 0.245 0.259 0.257 0.237 0.191 0.139 0.108 0.092 0.084 0.082 0.085 0.098 0.128 0.188
0.029 0.027 0.027 0.026 0.025 0.024 0.023 0.023 0.023 0.023 0.023 0.023 0.023 0.024 0.025 0.025 0.026 0.027 0.028 0.030 0.033 0.038 0.046 0.058 0.075 0.095 0.111 0.121 0.125 0.126 0.126 0.124 0.124 0.128 0.135 0.146 0.162 0.189 0.238 0.336 0.513 0.782 1.119 1.387 1.546 1.600 1.583 1.467 1.228 0.909 0.671 0.513 0.403 0.321 0.256 0.206 0.169 0.146 0.137 0.137 0.149 0.193 0.286 0.388 0.428 0.429 0.399 0.322 0.214 0.138 0.100 0.082 0.075 0.073 0.077 0.089 0.114
0.025 0.025 0.025 0.025 0.024 0.024 0.023 0.022 0.022 0.022 0.022 0.022 0.022 0.023 0.023 0.024 0.024 0.025 0.027 0.029 0.032 0.038 0.046 0.058 0.072 0.090 0.106 0.118 0.125 0.127 0.127 0.125 0.123 0.123 0.126 0.132 0.146 0.174 0.231 0.340 0.534 0.831 1.221 1.550 1.751 1.829 1.825 1.729 1.507 1.194 0.957 0.788 0.653 0.539 0.439 0.350 0.275 0.223 0.196 0.191 0.201 0.251 0.369 0.549 0.678 0.714 0.683 0.572 0.383 0.215 0.126 0.089 0.073 0.067 0.065 0.068 0.076
0.024 0.024 0.025 0.025 0.024 0.024 0.023 0.022 0.021 0.021 0.022 0.022 0.022 0.022 0.023 0.023 0.024 0.025 0.027 0.029 0.033 0.039 0.047 0.058 0.072 0.089 0.105 0.116 0.124 0.127 0.127 0.124 0.118 0.114 0.113 0.114 0.123 0.149 0.209 0.324 0.522 0.822 1.225 1.575 1.791 1.884 1.893 1.819 1.620 1.330 1.104 0.935 0.794 0.668 0.552 0.447 0.356 0.289 0.252 0.242 0.249 0.291 0.402 0.610 0.831 0.940 0.950 0.871 0.656 0.369 0.188 0.109 0.078 0.065 0.059 0.058 0.059
0.024 0.025 0.025 0.025 0.025 0.024 0.023 0.022 0.021 0.021 0.022 0.022 0.022 0.023 0.023 0.023 0.024 0.025 0.027 0.030 0.034 0.040 0.049 0.061 0.075 0.091 0.105 0.116 0.123 0.126 0.126 0.122 0.114 0.106 0.103 0.103 0.108 0.126 0.175 0.277 0.457 0.741 1.135 1.496 1.729 1.843 1.862 1.801 1.622 1.356 1.138 0.972 0.831 0.703 0.586 0.480 0.389 0.320 0.281 0.267 0.270 0.303 0.405 0.606 0.864 1.034 1.094 1.066 0.910 0.595 0.298 0.149 0.089 0.066 0.057 0.053 0.052
0.025 0.025 0.026 0.026 0.026 0.025 0.024 0.022 0.022 0.022 0.022 0.022 0.023 0.023 0.023 0.024 0.024 0.025 0.028 0.031 0.037 0.044 0.053 0.066 0.082 0.096 0.108 0.118 0.124 0.127 0.127 0.122 0.112 0.103 0.099 0.099 0.102 0.115 0.147 0.215 0.347 0.574 0.917 1.280 1.529 1.663 1.695 1.654 1.518 1.303 1.104 0.943 0.805 0.684 0.575 0.476 0.391 0.327 0.288 0.273 0.274 0.300 0.389 0.572 0.837 1.040 1.141 1.155 1.069 0.818 0.462 0.221 0.114 0.073 0.058 0.052 0.050
0.026 0.027 0.028 0.028 0.027 0.027 0.025 0.024 0.023 0.022 0.022 0.022 0.023 0.024 0.024 0.024 0.025 0.026 0.029 0.033 0.039 0.047 0.057 0.071 0.089 0.105 0.117 0.125 0.131 0.133 0.131 0.124 0.113 0.104 0.100 0.099 0.102 0.112 0.137 0.184 0.266 0.408 0.638 0.939 1.174 1.305 1.345 1.329 1.254 1.117 0.958 0.813 0.689 0.589 0.509 0.438 0.374 0.320 0.286 0.271 0.269 0.285 0.353 0.511 0.766 1.002 1.137 1.182 1.154 0.994 0.668 0.339 0.164 0.092 0.064 0.054 0.050
0.030 0.031 0.031 0.031 0.031 0.030 0.029 0.026 0.025 0.023 0.023 0.023 0.024 0.024 0.025 0.026 0.027 0.028 0.030 0.034 0.040 0.048 0.059 0.073 0.091 0.108 0.122 0.132 0.139 0.141 0.139 0.130 0.117 0.110 0.107 0.106 0.108 0.117 0.139 0.179 0.236 0.319 0.447 0.625 0.765 0.839 0.863 0.864 0.842 0.777 0.670 0.554 0.464 0.406 0.373 0.350 0.326 0.297 0.272 0.260 0.257 0.271 0.329 0.463 0.682 0.928 1.097 1.177 1.186 1.106 0.874 0.519 0.256 0.133 0.083 0.063 0.056
0.037 0.038 0.038 0.038 0.038 0.036 0.034 0.031 0.028 0.026 0.025 0.024 0.025 0.026 0.026 0.027 0.028 0.029 0.031 0.035 0.041 0.049 0.060 0.074 0.091 0.108 0.122 0.134 0.142 0.144 0.143 0.135 0.124 0.119 0.119 0.121 0.126 0.139 0.163 0.196 0.236 0.283 0.344 0.426 0.486 0.515 0.521 0.518 0.500 0.452 0.373 0.297 0.250 0.229 0.227 0.238 0.252 0.255 0.252 0.251 0.254 0.270 0.325 0.441 0.623 0.849 1.035 1.149 1.184 1.152 1.002 0.704 0.396 0.213 0.125 0.088 0.073
0.049 0.050 0.050 0.050 0.049 0.047 0.045 0.041 0.036 0.031 0.028 0.027 0.027 0.027 0.028 0.028 0.029 0.030 0.031 0.035 0.041 0.050 0.061 0.074 0.087 0.102 0.116 0.129 0.139 0.142 0.141 0.135 0.127 0.123 0.124 0.131 0.150 0.181 0.214 0.238 0.254 0.272 0.292 0.317 0.332 0.337 0.334 0.324 0.303 0.263 0.206 0.162 0.141 0.137 0.144 0.167 0.201 0.227 0.241 0.249 0.257 0.276 0.329 0.432 0.584 0.780 0.967 1.098 1.155 1.146 1.043 0.810 0.518 0.313 0.193 0.132 0.107
0.074 0.075 0.075 0.074 0.071 0.068 0.064 0.058 0.048 0.039 0.034 0.032 0.031 0.030 0.029 0.029 0.030 0.031 0.032 0.036 0.042 0.051 0.062 0.072 0.081 0.091 0.102 0.116 0.126 0.131 0.132 0.129 0.124 0.121 0.123 0.133 0.160 0.208 0.248 0.266 0.269 0.268 0.265 0.262 0.258 0.251 0.242 0.228 0.205 0.171 0.133 0.110 0.102 0.103 0.112 0.136 0.176 0.214 0.237 0.252 0.266 0.287 0.336 0.425 0.554 0.720 0.886 1.010 1.070 1.076 1.010 0.830 0.575 0.382 0.258 0.190 0.161
0.128 0.129 0.128 0.125 0.119 0.112 0.103 0.089 0.071 0.055 0.045 0.040 0.037 0.034 0.032 0.031 0.031 0.032 0.034 0.037 0.043 0.052 0.060 0.066 0.071 0.075 0.082 0.092 0.103 0.109 0.111 0.112 0.110 0.110 0.113 0.126 0.158 0.211 0.254 0.270 0.271 0.262 0.247 0.234 0.223 0.212 0.200 0.184 0.161 0.133 0.110 0.098 0.095 0.097 0.107 0.130 0.170 0.211 0.237 0.255 0.271 0.292 0.337 0.416 0.527 0.659 0.778 0.861 0.902 0.909 0.876 0.767 0.579 0.414 0.312 0.256 0.236
0.245 0.245 0.241 0.233 0.220 0.203 0.180 0.149 0.112 0.084 0.066 0.055 0.047 0.042 0.038 0.035 0.034 0.035 0.036 0.039 0.044 0.052 0.057 0.059 0.060 0.061 0.064 0.070 0.077 0.081 0.083 0.084 0.085 0.087 0.093 0.107 0.139 0.191 0.236 0.255 0.256 0.247 0.229 0.215 0.206 0.196 0.183 0.165 0.144 0.124 0.109 0.102 0.101 0.106 0.116 0.138 0.175 0.216 0.242 0.258 0.272 0.290 0.329 0.397 0.493 0.583 0.638 0.662 0.669 0.663 0.648 0.609 0.527 0.427 0.361 0.332 0.329
0.398 0.393 0.383 0.368 0.346 0.315 0.271 0.210 0.152 0.111 0.086 0.070 0.059 0.050 0.043 0.039 0.037 0.037 0.038 0.040 0.045 0.050 0.053 0.052 0.051 0.051 0.052 0.055 0.058 0.060 0.060 0.060 0.060 0.061 0.065 0.076 0.098 0.138 0.181 0.206 0.214 0.213 0.205 0.198 0.193 0.187 0.175 0.157 0.140 0.128 0.122 0.127 0.138 0.148 0.159 0.177 0.207 0.240 0.260 0.268 0.272 0.280 0.304 0.356 0.431 0.480 0.497 0.497 0.488 0.475 0.468 0.465 0.456 0.431 0.415 0.420 0.443
0.468 0.461 0.448 0.430 0.405 0.368 0.312 0.235 0.167 0.122 0.094 0.076 0.063 0.053 0.045 0.041 0.038 0.038 0.038 0.040 0.045 0.047 0.047 0.046 0.043 0.042 0.042 0.043 0.045 0.046 0.045 0.044 0.043 0.044 0.045 0.050 0.060 0.080 0.107 0.131 0.149 0.163 0.174 0.179 0.180 0.178 0.169 0.154 0.145 0.144 0.159 0.198 0.243 0.266 0.276 0.284 0.298 0.309 0.307 0.293 0.275 0.267 0.272 0.296 0.343 0.379 0.392 0.390 0.383 0.380 0.387 0.407 0.432 0.454 0.481 0.518 0.558
0.459 0.454 0.443 0.426 0.402 0.365 0.308 0.230 0.164 0.121 0.093 0.075 0.062 0.053 0.045 0.041 0.038 0.038 0.038 0.040 0.042 0.043 0.042 0.039 0.035 0.034 0.034 0.034 0.035 0.035 0.035 0.034 0.033 0.033 0.034 0.036 0.040 0.049 0.062 0.077 0.093 0.111 0.133 0.153 0.162 0.164 0.160 0.152 0.149 0.159 0.204 0.307 0.435 0.497 0.507 0.501 0.483 0.455 0.409 0.343 0.287 0.260 0.254 0.260 0.281 0.307 0.323 0.332 0.343 0.357 0.376 0.408 0.455 0.514 0.571 0.613 0.642
0.353 0.353 0.349 0.339 0.323 0.296 0.249 0.186 0.134 0.101 0.079 0.064 0.054 0.046 0.042 0.038 0.037 0.036 0.036 0.037 0.037 0.037 0.034 0.031 0.028 0.027 0.026 0.026 0.026 0.027 0.027 0.027 0.026 0.026 0.026 0.027 0.030 0.034 0.041 0.049 0.059 0.073 0.092 0.114 0.131 0.139 0.142 0.143 0.146 0.162 0.221 0.363 0.575 0.711 0.752 0.751 0.729 0.679 0.583 0.437 0.317 0.263 0.249 0.248 0.254 0.267 0.285 0.310 0.341 0.378 0.426 0.484 0.554 0.625 0.673 0.691 0.689
0.167 0.167 0.168 0.168 0.166 0.155 0.133 0.102 0.078 0.062 0.050 0.042 0.036 0.033 0.032 0.031 0.031 0.031 0.031 0.030 0.030 0.028 0.026 0.024 0.022 0.021 0.020 0.020 0.020 0.020 0.020 0.020 0.020 0.021 0.021 0.021 0.023 0.025 0.029 0.034 0.040 0.048 0.059 0.073 0.086 0.098 0.108 0.117 0.128 0.151 0.217 0.369 0.610 0.791 0.870 0.887 0.878 0.837 0.736 0.553 0.375 0.284 0.255 0.249 0.250 0.257 0.273 0.306 0.368 0.469 0.577 0.659 0.718 0.750 0.758 0.740 0.702
0.066 0.066 0.067 0.068 0.068 0.065 0.059 0.048 0.040 0.034 0.029 0.025 0.023 0.021 0.021 0.022 0.022 0.022 0.022 0.022 0.021 0.020 0.019 0.018 0.017 0.016 0.015 0.015 0.015 0.015 0.015 0.016 0.016 0.016 0.016 0.017 0.018 0.019 0.022 0.025 0.028 0.033 0.038 0.045 0.052 0.059 0.067 0.076 0.092 0.120 0.186 0.331 0.566 0.769 0.877 0.916 0.917 0.890 0.800 0.623 0.431 0.320 0.273 0.257 0.254 0.257 0.272 0.317 0.422 0.594 0.741 0.812 0.831 0.826 0.803 0.757 0.689
0.031 0.031 0.031 0.032 0.032 0.031 0.029 0.026 0.023 0.020 0.018 0.016 0.015 0.015 0.015 0.015 0.015 0.015 0.015 0.015 0.015 0.015 0.014 0.013 0.013 0.012 0.012 0.012 0.012 0.012 0.012 0.012 0.012 0.012 0.013 0.013 0.014 0.015 0.016 0.018 0.020 0.023 0.026 0.029 0.032 0.035 0.040 0.045 0.055 0.075 0.122 0.225 0.405 0.609 0.757 0.838 0.866 0.854 0.783 0.632 0.450 0.336 0.281 0.260 0.255 0.256 0.272 0.323 0.446 0.648 0.804 0.864 0.867 0.849 0.811 0.750 0.651
0.018 0.018 0.018 0.018 0.018 0.018 0.017 0.016 0.015 0.013 0.012 0.011 0.011 0.011 0.010 0.010 0.010 0.011 0.011 0.011 0.011 0.011 0.010 0.010 0.009 0.009 0.009 0.009 0.009 0.009 0.009 0.009 0.009 0.009 0.010 0.010 0.010 0.011 0.012 0.013 0.015 0.017 0.018 0.020 0.021 0.023 0.025 0.028 0.033 0.043 0.063 0.107 0.189 0.317 0.463 0.581 0.645 0.663 0.636 0.552 0.425 0.325 0.270 0.246 0.238 0.239 0.255 0.308 0.433 0.634 0.785 0.843 0.845 0.826 0.782 0.706 0.582
0.011 0.011 0.011 0.012 0.012 0.011 0.011 0.011 0.010 0.009 0.009 0.008 0.008 0.008 0.007 0.007 0.007 0.007 0.007 0.008 0.008 0.007 0.007 0.007 0.007 0.007 0.006 0.006 0.006 0.006 0.006 0.006 0.007 0.007 0.007 0.007 0.008 0.008 0.009 0.010 0.011 0.012 0.013 0.014 0.015 0.016 0.017 0.019 0.022 0.026 0.034 0.050 0.077 0.123 0.191 0.264 0.313 0.340 0.353 0.346 0.310 0.258 0.217 0.195 0.186 0.187 0.200 0.246 0.351 0.519 0.654 0.714 0.725 0.715 0.676 0.598 0.468
0.008 0.008 0.008 0.008 0.008 0.008 0.007 0.007 0.007 0.006 0.006 0.006 0.005 0.005 0.005 0.005 0.005 0.005 0.005 0.005 0.005 0.005 0.005 0.005 0.005 0.005 0.004 0.004 0.004 0.004 0.004 0.004 0.004 0.005 0.005 0.005 0.005 0.006 0.006 0.007 0.007 0.008 0.009 0.010 0.011 0.012 0.013 0.014 0.015 0.018 0.021 0.027 0.037 0.052 0.075 0.104 0.127 0.144 0.155 0.159 0.157 0.143 0.124 0.112 0.107 0.107 0.114 0.138 0.197 0.297 0.394 0.454 0.480 0.484 0.466 0.408 0.303
0.005 0.005 0.005 0.005 0.005 0.005 0.005 0.005 0.004 0.004 0.004 0.004 0.003 0.003 0.003 0.003 0.003 0.003 0.003 0.003 0.003 0.003 0.003 0.003 0.003 0.003 0.003 0.003 0.003 0.003 0.003 0.003 0.003 0.003 0.003 0.003 0.003 0.004 0.004 0.004 0.005 0.005 0.006 0.007 0.007 0.008 0.009 0.010 0.011 0.012 0.015 0.018 0.022 0.028 0.036 0.047 0.057 0.066 0.072 0.075 0.075 0.072 0.065 0.060 0.058 0.057 0.059 0.068 0.089 0.129 0.178 0.213 0.233 0.240 0.237 0.212 0.159
0.003 0.003 0.003 0.003 0.003 0.003 0.003 0.003 0.002 0.002 0.002 0.002 0.002 0.002 0.002 0.002 0.002 0.002 0.002 0.002 0.002 0.002 0.002 0.002 0.002 0.002 0.002 0.002 0.002 0.002 0.002 0.002 0.002 0.002 0.002 0.002 0.002 0.002 0.002 0.003 0.003 0.003 0.004 0.004 0.005 0.005 0.006 0.007 0.008 0.009 0.010 0.012 0.015 0.018 0.022 0.027 0.032 0.036 0.039 0.040 0.041 0.040 0.037 0.035 0.034 0.034 0.034 0.037 0.044 0.058 0.078 0.093 0.103 0.107 0.107 0.098 0.079
