RESULTS/r.avaflow_results/14b_results/14b_ascii/14b_hflow30012.asc
ncols 506
nrows 317
xllcenter 498237.50
yllcenter 5580050.00
cellsize 12.50
NODATA_value -9999.000
[rows 136 to 169 of 317, columns 154 to 230 of 506]
0.000 0.000 0.000 0.000 0.000 0.000 0.000 0.000 0.000 0.000 0.000 0.000 0.000 0.000 0.000 0.000 0.000 0.000 0.000 0.000 0.000 0.000 0.000 0.000 0.000 0.000 0.000 0.000 0.000 0.000 0.000 0.000 0.000 0.000 0.000 0.000 0.000 0.000 0.000 0.000 0.000 0.000 0.000 0.000 0.000 0.000 0.000 0.000 0.000 0.000 0.000 0.000 0.000 0.000 0.000 0.000 0.000 0.000 0.000 0.000 0.000 0.000 0.000 0.000 0.000 0.000 0.000 0.000 0.000 0.000 0.000 0.000 0.000 0.000 0.000 0.000 0.000
0.000 0.000 0.000 0.000 0.000 0.000 0.000 0.000 0.000 0.000 0.000 0.000 0.000 0.000 0.000 0.000 0.000 0.000 0.000 0.000 0.000 0.000 0.000 0.000 0.000 0.000 0.000 0.000 0.000 0.000 0.000 0.000 0.000 0.000 0.000 0.000 0.000 0.000 0.000 0.000 0.000 0.000 0.000 0.000 0.000 0.000 0.000 0.000 0.000 0.000 0.000 0.000 0.000 0.000 0.000 0.000 0.000 0.000 0.000 0.000 0.000 0.000 0.000 0.000 0.000 0.000 0.000 0.000 0.000 0.000 0.000 0.000 0.000 0.000 0.000 0.000 0.000
0.000 0.000 0.000 0.000 0.000 0.000 0.000 0.001 0.001 0.001 0.001 0.001 0.001 0.001 0.001 0.001 0.001 0.001 0.001 0.001 0.001 0.001 0.001 0.001 0.001 0.001 0.000 0.000 0.000 0.000 0.000 0.000 0.000 0.000 0.000 0.000 0.000 0.000 0.000 0.000 0.000 0.000 0.000 0.000 0.000 0.000 0.000 0.000 0.000 0.000 0.000 0.000 0.000 0.000 0.000 0.000 0.000 0.000 0.000 0.000 0.000 0.000 0.000 0.000 0.000 0.000 0.000 0.000 0.000 0.000 0.000 0.000 0.000 0.000 0.000 0.000 0.000
0.000 0.000 0.000 0.000 0.001 0.001 0.001 0.001 0.002 0.002 0.002 0.002 0.002 0.002 0.002 0.002 0.002 0.002 0.002 0.002 0.002 0.002 0.002 0.002 0.002 0.001 0.001 0.001 0.001 0.000 0.000 0.000 0.000 0.000 0.000 0.000 0.000 0.000 0.000 0.000 0.000 0.000 0.000 0.000 0.000 0.000 0.000 0.000 0.000 0.000 0.000 0.000 0.000 0.000 0.000 0.000 0.000 0.000 0.000 0.000 0.000 0.000 0.000 0.000 0.000 0.000 0.000 0.000 0.000 0.000 0.000 0.000 0.000 0.000 0.000 0.000 0.000
0.000 0.000 0.001 0.001 0.001 0.001 0.002 0.002 0.003 0.003 0.003 0.004 0.004 0.004 0.004 0.004 0.004 0.004 0.004 0.004 0.004 0.003 0.003 0.003 0.003 0.002 0.002 0.001 0.001 0.001 0.000 0.000 0.000 0.000 0.000 0.000 0.000 0.000 0.000 0.000 0.000 0.000 0.000 0.000 0.000 0.000 0.000 0.000 0.000 0.000 0.000 0.000 0.000 0.000 0.000 0.000 0.000 0.000 0.000 0.000 0.000 0.000 0.000 0.000 0.000 0.000 0.000 0.000 0.000 0.000 0.000 0.000 0.000 0.000 0.000 0.000 0.000
0.001 0.001 0.001 0.001 0.002 0.002 0.003 0.003 0.004 0.004 0.004 0.005 0.005 0.005 0.005 0.005 0.005 0.005 0.005 0.005 0.005 0.005 0.005 0.004 0.004 0.003 0.003 0.002 0.002 0.001 0.001 0.001 0.000 0.000 0.000 0.000 0.000 0.000 0.000 0.000 0.000 0.000 0.000 0.000 0.000 0.000 0.000 0.000 0.000 0.000 0.000 0.000 0.000 0.000 0.000 0.000 0.000 0.000 0.000 0.000 0.000 0.000 0.000 0.000 0.000 0.000 0.000 0.000 0.000 0.000 0.000 0.000 0.000 0.000 0.000 0.000 0.000
0.001 0.001 0.002 0.002 0.002 0.003 0.003 0.004 0.004 0.005 0.005 0.006 0.006 0.006 0.006 0.006 0.006 0.006 0.006 0.006 0.006 0.006 0.006 0.005 0.005 0.005 0.004 0.003 0.003 0.002 0.002 0.001 0.001 0.001 0.000 0.000 0.000 0.000 0.000 0.000 0.000 0.000 0.000 0.000 0.000 0.000 0.000 0.000 0.000 0.000 0.000 0.000 0.000 0.000 0.000 0.000 0.000 0.000 0.000 0.000 0.000 0.000 0.000 0.000 0.000 0.000 0.000 0.000 0.000 0.000 0.000 0.000 0.000 0.000 0.000 0.000 0.000
0.002 0.002 0.002 0.003 0.003 0.003 0.004 0.004 0.004 0.005 0.005 0.006 0.006 0.007 0.007 0.007 0.007 0.007 0.007 0.007 0.007 0.007 0.006 0.006 0.006 0.005 0.005 0.004 0.003 0.003 0.002 0.002 0.001 0.001 0.001 0.001 0.000 0.000 0.000 0.000 0.000 0.000 0.000 0.000 0.000 0.000 0.000 0.000 0.000 0.000 0.000 0.000 0.000 0.000 0.000 0.000 0.000 0.000 0.000 0.000 0.000 0.000 0.000 0.000 0.000 0.000 0.000 0.000 0.000 0.000 0.000 0.000 0.000 0.000 0.000 0.000 0.000
0.002 0.003 0.003 0.003 0.003 0.004 0.004 0.004 0.005 0.005 0.006 0.006 0.007 0.007 0.007 0.007 0.007 0.007 0.007 0.007 0.007 0.007 0.007 0.007 0.006 0.006 0.005 0.005 0.004 0.004 0.003 0.003 0.002 0.002 0.001 0.001 0.001 0.001 0.000 0.000 0.000 0.000 0.000 0.000 0.000 0.000 0.000 0.000 0.000 0.000 0.000 0.000 0.000 0.000 0.000 0.000 0.000 0.000 0.000 0.000 0.000 0.000 0.000 0.000 0.000 0.000 0.000 0.000 0.000 0.000 0.000 0.000 0.000 0.000 0.000 0.000 0.000
0.003 0.003 0.004 0.004 0.004 0.004 0.004 0.005 0.005 0.005 0.006 0.006 0.007 0.007 0.007 0.007 0.007 0.007 0.007 0.007 0.007 0.007 0.007 0.007 0.007 0.006 0.006 0.005 0.005 0.004 0.004 0.003 0.003 0.003 0.002 0.002 0.002 0.001 0.001 0.001 0.001 0.000 0.000 0.000 0.000 0.000 0.000 0.000 0.000 0.000 0.000 0.000 0.000 0.000 0.000 0.000 0.000 0.000 0.000 0.000 0.000 0.000 0.000 0.000 0.000 0.000 0.000 0.000 0.000 0.000 0.000 0.000 0.000 0.000 0.000 0.000 0.000
0.004 0.004 0.004 0.004 0.004 0.004 0.004 0.005 0.005 0.005 0.006 0.006 0.007 0.007 0.007 0.007 0.007 0.007 0.007 0.007 0.007 0.007 0.007 0.007 0.007 0.007 0.006 0.006 0.006 0.005 0.005 0.004 0.004 0.003 0.003 0.003 0.002 0.002 0.002 0.002 0.001 0.001 0.001 0.001 0.001 0.000 0.000 0.000 0.000 0.000 0.000 0.000 0.000 0.000 0.000 0.000 0.000 0.000 0.000 0.000 0.000 0.000 0.000 0.000 0.000 0.000 0.000 0.000 0.000 0.000 0.000 0.000 0.000 0.000 0.000 0.000 0.000
0.004 0.004 0.004 0.004 0.004 0.004 0.005 0.005 0.005 0.005 0.006 0.006 0.006 0.007 0.007 0.007 0.007 0.007 0.007 0.007 0.007 0.007 0.007 0.007 0.007 0.007 0.007 0.006 0.006 0.006 0.005 0.005 0.005 0.004 0.004 0.004 0.003 0.003 0.003 0.003 0.002 0.002 0.002 0.001 0.001 0.001 0.001 0.001 0.001 0.001 0.000 0.000 0.000 0.000 0.000 0.000 0.000 0.000 0.000 0.000 0.000 0.000 0.000 0.000 0.000 0.000 0.000 0.000 0.000 0.000 0.000 0.000 0.000 0.000 0.000 0.000 0.000
0.005 0.005 0.005 0.005 0.005 0.005 0.005 0.005 0.005 0.005 0.006 0.006 0.006 0.007 0.007 0.007 0.007 0.007 0.007 0.007 0.007 0.008 0.008 0.008 0.007 0.007 0.007 0.007 0.007 0.007 0.006 0.006 0.006 0.006 0.005 0.005 0.005 0.004 0.004 0.004 0.003 0.003 0.003 0.002 0.002 0.002 0.002 0.002 0.001 0.001 0.001 0.001 0.001 0.001 0.001 0.000 0.000 0.000 0.000 0.000 0.000 0.000 0.000 0.000 0.000 0.000 0.000 0.000 0.000 0.000 0.000 0.000 0.000 0.000 0.000 0.000 0.000
0.008 0.006 0.005 0.005 0.005 0.005 0.005 0.005 0.005 0.005 0.006 0.006 0.006 0.007 0.007 0.007 0.007 0.007 0.007 0.007 0.008 0.008 0.008 0.008 0.008 0.008 0.008 0.008 0.007 0.007 0.007 0.007 0.007 0.007 0.007 0.006 0.006 0.006 0.006 0.005 0.005 0.005 0.004 0.004 0.003 0.003 0.003 0.003 0.003 0.002 0.002 0.002 0.002 0.002 0.001 0.001 0.001 0.001 0.001 0.001 0.000 0.000 0.000 0.000 0.000 0.000 0.000 0.000 0.000 0.000 0.000 0.000 0.000 0.000 0.000 0.000 0.000
0.016 0.011 0.009 0.007 0.006 0.006 0.006 0.005 0.005 0.006 0.006 0.006 0.006 0.007 0.007 0.007 0.007 0.007 0.007 0.008 0.008 0.008 0.008 0.008 0.008 0.008 0.008 0.008 0.008 0.008 0.008 0.008 0.008 0.008 0.008 0.008 0.008 0.008 0.008 0.007 0.007 0.006 0.006 0.005 0.005 0.005 0.005 0.004 0.004 0.004 0.004 0.004 0.003 0.003 0.002 0.002 0.002 0.002 0.001 0.001 0.001 0.001 0.001 0.001 0.001 0.001 0.001 0.001 0.001 0.001 0.001 0.001 0.000 0.000 0.000 0.000 0.000
0.048 0.031 0.022 0.016 0.013 0.010 0.008 0.007 0.007 0.006 0.006 0.007 0.007 0.007 0.007 0.007 0.007 0.008 0.008 0.008 0.008 0.008 0.008 0.008 0.008 0.009 0.009 0.009 0.009 0.009 0.010 0.010 0.011 0.011 0.011 0.011 0.010 0.010 0.010 0.010 0.009 0.009 0.008 0.007 0.007 0.007 0.007 0.006 0.006 0.006 0.006 0.006 0.005 0.005 0.004 0.003 0.003 0.003 0.002 0.002 0.002 0.002 0.002 0.002 0.002 0.002 0.002 0.002 0.002 0.002 0.002 0.001 0.001 0.001 0.001 0.000 0.000
0.165 0.113 0.077 0.054 0.038 0.027 0.019 0.014 0.011 0.010 0.009 0.009 0.008 0.008 0.008 0.008 0.008 0.008 0.008 0.009 0.009 0.009 0.009 0.009 0.009 0.010 0.010 0.010 0.011 0.011 0.012 0.013 0.014 0.014 0.014 0.014 0.013 0.013 0.013 0.013 0.012 0.012 0.011 0.010 0.010 0.009 0.009 0.009 0.009 0.009 0.009 0.008 0.008 0.007 0.006 0.005 0.005 0.004 0.004 0.004 0.003 0.003 0.003 0.003 0.003 0.003 0.004 0.004 0.003 0.003 0.003 0.002 0.002 0.001 0.001 0.001 0.001
0.482 0.376 0.277 0.198 0.137 0.093 0.062 0.042 0.030 0.022 0.018 0.016 0.014 0.014 0.013 0.012 0.012 0.011 0.011 0.010 0.010 0.010 0.010 0.011 0.011 0.012 0.012 0.013 0.014 0.015 0.016 0.018 0.019 0.019 0.018 0.018 0.017 0.017 0.017 0.017 0.017 0.016 0.014 0.014 0.013 0.013 0.013 0.013 0.013 0.013 0.013 0.012 0.011 0.010 0.008 0.007 0.006 0.006 0.006 0.005 0.005 0.005 0.005 0.005 0.005 0.006 0.006 0.006 0.006 0.005 0.005 0.004 0.003 0.002 0.002 0.001 0.001
0.967 0.872 0.729 0.567 0.416 0.297 0.206 0.139 0.094 0.068 0.052 0.043 0.036 0.033 0.030 0.027 0.024 0.020 0.017 0.016 0.015 0.015 0.015 0.015 0.016 0.016 0.017 0.018 0.020 0.022 0.024 0.026 0.027 0.026 0.025 0.023 0.023 0.023 0.023 0.023 0.022 0.021 0.020 0.019 0.019 0.019 0.019 0.020 0.020 0.020 0.019 0.018 0.016 0.014 0.012 0.010 0.009 0.008 0.008 0.007 0.007 0.007 0.007 0.008 0.008 0.009 0.009 0.009 0.009 0.008 0.007 0.006 0.005 0.004 0.003 0.002 0.002
1.277 1.265 1.205 1.084 0.907 0.708 0.526 0.387 0.285 0.214 0.167 0.137 0.117 0.104 0.093 0.082 0.070 0.055 0.042 0.034 0.030 0.028 0.028 0.028 0.028 0.029 0.030 0.031 0.034 0.037 0.041 0.042 0.042 0.039 0.034 0.032 0.032 0.032 0.032 0.032 0.030 0.029 0.027 0.027 0.027 0.028 0.029 0.031 0.031 0.031 0.030 0.028 0.024 0.020 0.017 0.014 0.013 0.011 0.011 0.010 0.010 0.010 0.010 0.011 0.012 0.014 0.015 0.015 0.014 0.013 0.010 0.008 0.007 0.005 0.004 0.004 0.003
1.410 1.451 1.461 1.428 1.347 1.212 1.024 0.831 0.676 0.559 0.472 0.409 0.363 0.325 0.291 0.256 0.217 0.172 0.131 0.100 0.083 0.075 0.072 0.069 0.065 0.063 0.064 0.065 0.069 0.074 0.076 0.076 0.072 0.061 0.051 0.047 0.045 0.045 0.045 0.044 0.042 0.040 0.039 0.039 0.040 0.042 0.046 0.049 0.050 0.050 0.048 0.044 0.038 0.031 0.025 0.021 0.018 0.016 0.015 0.015 0.014 0.014 0.014 0.015 0.018 0.023 0.026 0.026 0.025 0.021 0.015 0.012 0.009 0.007 0.006 0.005 0.004
1.461 1.539 1.598 1.628 1.620 1.578 1.504 1.399 1.279 1.156 1.043 0.946 0.860 0.780 0.701 0.620 0.535 0.442 0.355 0.286 0.241 0.217 0.201 0.185 0.165 0.152 0.148 0.148 0.150 0.153 0.152 0.145 0.129 0.105 0.085 0.075 0.071 0.069 0.066 0.062 0.059 0.056 0.056 0.056 0.057 0.061 0.068 0.076 0.078 0.077 0.074 0.068 0.059 0.048 0.039 0.032 0.027 0.024 0.022 0.021 0.021 0.021 0.021 0.024 0.032 0.046 0.054 0.055 0.051 0.039 0.024 0.016 0.012 0.010 0.008 0.006 0.005
1.476 1.573 1.669 1.751 1.806 1.838 1.858 1.871 1.878 1.867 1.817 1.725 1.603 1.463 1.317 1.169 1.023 0.878 0.747 0.640 0.562 0.510 0.468 0.422 0.373 0.338 0.319 0.310 0.305 0.300 0.288 0.265 0.229 0.186 0.153 0.131 0.117 0.107 0.098 0.090 0.083 0.080 0.079 0.079 0.080 0.085 0.097 0.109 0.113 0.112 0.108 0.099 0.088 0.075 0.062 0.051 0.043 0.038 0.035 0.033 0.032 0.032 0.034 0.042 0.066 0.107 0.129 0.132 0.120 0.083 0.042 0.024 0.016 0.012 0.010 0.008 0.007
1.475 1.579 1.693 1.811 1.921 2.017 2.109 2.200 2.295 2.390 2.446 2.439 2.374 2.241 2.053 1.838 1.627 1.440 1.285 1.158 1.053 0.965 0.880 0.789 0.707 0.645 0.601 0.569 0.542 0.516 0.484 0.438 0.376 0.316 0.267 0.227 0.193 0.167 0.147 0.132 0.120 0.113 0.109 0.108 0.109 0.115 0.129 0.146 0.154 0.153 0.149 0.140 0.129 0.115 0.099 0.083 0.070 0.062 0.057 0.055 0.054 0.055 0.063 0.090 0.158 0.262 0.320 0.331 0.299 0.198 0.089 0.041 0.023 0.016 0.012 0.010 0.009
1.456 1.570 1.694 1.829 1.972 2.117 2.263 2.410 2.562 2.732 2.888 2.983 3.006 2.953 2.814 2.592 2.333 2.112 1.940 1.803 1.678 1.551 1.415 1.281 1.166 1.074 0.995 0.923 0.856 0.793 0.728 0.654 0.570 0.494 0.428 0.364 0.306 0.258 0.224 0.198 0.177 0.161 0.151 0.147 0.146 0.151 0.164 0.184 0.198 0.203 0.202 0.197 0.188 0.175 0.158 0.139 0.120 0.106 0.098 0.096 0.096 0.104 0.135 0.218 0.401 0.630 0.759 0.785 0.714 0.482 0.212 0.082 0.037 0.022 0.016 0.013 0.011
1.396 1.530 1.672 1.822 1.983 2.154 2.332 2.517 2.709 2.919 3.141 3.356 3.512 3.575 3.534 3.392 3.171 2.938 2.738 2.577 2.424 2.255 2.066 1.899 1.753 1.617 1.487 1.358 1.231 1.115 1.008 0.904 0.801 0.705 0.616 0.533 0.457 0.393 0.343 0.300 0.261 0.229 0.208 0.198 0.195 0.196 0.205 0.224 0.250 0.275 0.287 0.289 0.285 0.274 0.260 0.239 0.210 0.188 0.177 0.176 0.183 0.215 0.309 0.531 0.944 1.345 1.546 1.580 1.451 1.050 0.499 0.186 0.069 0.033 0.021 0.016 0.013
1.274 1.436 1.606 1.786 1.969 2.155 2.347 2.549 2.763 2.997 3.253 3.555 3.866 4.071 4.147 4.121 4.035 3.890 3.712 3.523 3.321 3.094 2.855 2.652 2.464 2.270 2.073 1.870 1.666 1.484 1.328 1.189 1.060 0.938 0.825 0.728 0.650 0.579 0.513 0.444 0.378 0.324 0.288 0.267 0.257 0.255 0.259 0.277 0.322 0.390 0.436 0.453 0.455 0.450 0.439 0.412 0.367 0.338 0.327 0.328 0.352 0.434 0.644 1.065 1.644 2.055 2.222 2.228 2.074 1.648 0.943 0.394 0.140 0.055 0.029 0.020 0.016
1.077 1.277 1.484 1.700 1.913 2.121 2.328 2.543 2.769 3.018 3.298 3.642 4.058 4.397 4.606 4.706 4.731 4.690 4.604 4.481 4.313 4.077 3.799 3.538 3.284 3.024 2.752 2.467 2.169 1.904 1.688 1.505 1.342 1.198 1.072 0.970 0.889 0.814 0.730 0.631 0.532 0.452 0.395 0.358 0.337 0.330 0.332 0.354 0.425 0.563 0.674 0.721 0.734 0.735 0.715 0.654 0.588 0.556 0.549 0.557 0.599 0.718 0.983 1.457 2.011 2.347 2.465 2.451 2.303 1.932 1.283 0.632 0.256 0.095 0.043 0.026 0.021
0.841 1.055 1.295 1.544 1.788 2.024 2.255 2.493 2.741 3.008 3.313 3.685 4.149 4.583 4.904 5.121 5.243 5.290 5.279 5.235 5.148 5.000 4.770 4.481 4.169 3.848 3.510 3.145 2.743 2.376 2.081 1.847 1.659 1.514 1.399 1.296 1.196 1.097 0.990 0.861 0.731 0.623 0.537 0.475 0.440 0.427 0.430 0.465 0.578 0.800 0.975 1.043 1.055 1.029 0.942 0.818 0.737 0.705 0.702 0.717 0.769 0.897 1.162 1.600 2.073 2.355 2.447 2.432 2.305 1.992 1.446 0.802 0.370 0.151 0.065 0.036 0.027
0.628 0.808 1.036 1.297 1.570 1.840 2.104 2.377 2.659 2.965 3.309 3.724 4.221 4.700 5.082 5.381 5.600 5.738 5.799 5.812 5.788 5.717 5.554 5.291 4.974 4.637 4.280 3.871 3.380 2.905 2.526 2.244 2.053 1.927 1.826 1.720 1.591 1.451 1.309 1.156 0.996 0.851 0.725 0.630 0.577 0.562 0.571 0.632 0.780 1.010 1.174 1.240 1.243 1.181 1.033 0.875 0.789 0.757 0.755 0.774 0.831 0.961 1.213 1.611 1.987 2.193 2.258 2.254 2.176 1.939 1.497 0.914 0.469 0.213 0.094 0.050 0.037
0.464 0.597 0.771 0.992 1.260 1.560 1.868 2.183 2.514 2.873 3.276 3.743 4.275 4.771 5.175 5.518 5.813 6.043 6.184 6.244 6.253 6.217 6.100 5.899 5.634 5.324 4.978 4.574 4.068 3.516 3.078 2.769 2.577 2.453 2.341 2.218 2.075 1.917 1.747 1.562 1.356 1.158 0.986 0.852 0.777 0.760 0.782 0.849 0.958 1.115 1.242 1.296 1.291 1.207 1.029 0.865 0.776 0.744 0.742 0.761 0.821 0.955 1.202 1.525 1.750 1.850 1.885 1.899 1.876 1.750 1.449 0.991 0.565 0.284 0.136 0.075 0.055
0.342 0.441 0.572 0.739 0.950 1.216 1.532 1.887 2.278 2.705 3.178 3.706 4.282 4.802 5.228 5.590 5.921 6.211 6.417 6.519 6.544 6.519 6.430 6.277 6.071 5.824 5.533 5.178 4.740 4.223 3.781 3.468 3.260 3.090 2.924 2.779 2.655 2.523 2.343 2.100 1.820 1.566 1.357 1.193 1.081 1.024 1.002 1.008 1.041 1.128 1.225 1.263 1.249 1.144 0.949 0.790 0.704 0.669 0.665 0.684 0.751 0.888 1.107 1.301 1.379 1.392 1.404 1.446 1.488 1.458 1.324 1.047 0.679 0.381 0.205 0.124 0.097
0.251 0.326 0.425 0.554 0.718 0.924 1.183 1.512 1.922 2.399 2.942 3.551 4.202 4.780 5.264 5.667 6.013 6.315 6.531 6.653 6.687 6.671 6.603 6.469 6.284 6.092 5.876 5.605 5.267 4.863 4.492 4.202 3.970 3.748 3.530 3.363 3.235 3.093 2.874 2.551 2.219 1.966 1.767 1.592 1.424 1.256 1.127 1.055 1.037 1.065 1.100 1.101 1.059 0.938 0.760 0.630 0.558 0.529 0.526 0.552 0.623 0.742 0.883 0.957 0.974 0.983 1.002 1.067 1.188 1.257 1.233 1.107 0.845 0.542 0.340 0.240 0.204
0.182 0.240 0.316 0.416 0.546 0.714 0.928 1.207 1.566 2.023 2.589 3.260 4.008 4.728 5.337 5.808 6.162 6.439 6.630 6.745 6.786 6.775 6.713 6.589 6.402 6.201 6.024 5.831 5.593 5.308 5.018 4.764 4.529 4.294 4.054 3.843 3.661 3.467 3.198 2.823 2.473 2.227 2.033 1.841 1.626 1.371 1.154 1.015 0.928 0.867 0.813 0.752 0.677 0.575 0.473 0.411 0.387 0.391 0.412 0.448 0.496 0.559 0.619 0.651 0.665 0.675 0.698 0.771 0.934 1.117 1.205 1.203 1.090 0.857 0.648 0.531 0.477
