RESULTS/r.avaflow_results/14b_results/14b_ascii/14b_hflow_max0015.asc
ncols 506
nrows 317
xllcenter 498237.50
yllcenter 5580050.00
cellsize 12.50
NODATA_value -9999.000
[rows 170 to 203 of 317, columns 228 to 303 of 506]
4.537 4.650 4.460 4.442 4.770 5.204 5.452 5.548 5.576 5.609 5.670 5.721 5.790 5.837 5.741 5.517 5.188 4.785 4.253 3.510 2.682 1.976 1.431 1.018 0.713 0.494 0.338 0.226 0.146 0.092 0.056 0.035 0.022 0.015 0.010 0.007 0.005 0.003 0.002 0.001 0.000 0.000 0.000 0.000 0.000 0.000 0.000 0.000 0.000 0.000 0.000 0.000 0.000 0.000 0.000 0.000 0.000 0.000 0.000 0.000 0.000 0.000 0.000 0.000 0.000 0.000 0.000 0.000 0.000 0.000 0.000 0.000 0.000 0.000 0.000 0.000
4.233 4.241 4.250 4.308 4.434 4.637 4.924 5.257 5.448 5.590 5.728 5.821 5.954 6.127 6.236 6.228 6.095 5.832 5.443 4.991 4.474 3.861 3.113 2.318 1.642 1.148 0.783 0.519 0.334 0.207 0.123 0.072 0.042 0.026 0.017 0.011 0.007 0.005 0.003 0.002 0.001 0.000 0.000 0.000 0.000 0.000 0.000 0.000 0.000 0.000 0.000 0.000 0.000 0.000 0.000 0.000 0.000 0.000 0.000 0.000 0.000 0.000 0.000 0.000 0.000 0.000 0.000 0.000 0.000 0.000 0.000 0.000 0.000 0.000 0.000 0.000
4.081 4.111 4.127 4.130 4.161 4.279 4.488 4.719 5.013 5.326 5.601 5.792 5.912 6.137 6.364 6.477 6.533 6.489 6.321 6.045 5.670 5.290 4.848 4.160 3.281 2.392 1.653 1.112 0.723 0.452 0.270 0.155 0.087 0.050 0.029 0.018 0.012 0.008 0.005 0.003 0.002 0.001 0.000 0.000 0.000 0.000 0.000 0.000 0.000 0.000 0.000 0.000 0.000 0.000 0.000 0.000 0.000 0.000 0.000 0.000 0.000 0.000 0.000 0.000 0.000 0.000 0.000 0.000 0.000 0.000 0.000 0.000 0.000 0.000 0.000 0.000
3.795 3.825 3.851 3.859 3.854 3.879 3.973 4.156 4.411 4.715 5.136 5.489 5.735 5.948 6.257 6.488 6.643 6.722 6.752 6.669 6.469 6.145 5.856 5.455 4.852 4.011 3.042 2.134 1.427 0.915 0.560 0.327 0.185 0.102 0.057 0.032 0.019 0.012 0.008 0.005 0.003 0.002 0.001 0.000 0.000 0.000 0.000 0.000 0.000 0.000 0.000 0.000 0.000 0.000 0.000 0.000 0.000 0.000 0.000 0.000 0.000 0.000 0.000 0.000 0.000 0.000 0.000 0.000 0.000 0.000 0.000 0.000 0.000 0.000 0.000 0.000
3.397 3.403 3.438 3.485 3.465 3.505 3.569 3.665 3.807 4.021 4.336 4.752 5.153 5.549 5.934 6.257 6.547 6.745 6.846 6.877 6.846 6.699 6.529 6.252 5.812 5.203 4.402 3.435 2.487 1.672 1.062 0.648 0.380 0.212 0.114 0.060 0.033 0.019 0.012 0.008 0.005 0.003 0.002 0.001 0.000 0.000 0.000 0.000 0.000 0.000 0.000 0.000 0.000 0.000 0.000 0.000 0.000 0.000 0.000 0.000 0.000 0.000 0.000 0.000 0.000 0.000 0.000 0.000 0.000 0.000 0.000 0.000 0.000 0.000 0.000 0.000
2.948 2.935 3.163 3.276 3.290 3.219 3.215 3.315 3.422 3.563 3.733 4.305 4.829 5.107 5.219 5.769 6.178 6.517 6.732 6.861 6.945 6.955 6.906 6.808 6.530 6.038 5.365 4.561 3.630 2.673 1.806 1.168 0.725 0.421 0.228 0.118 0.061 0.033 0.019 0.012 0.007 0.005 0.003 0.002 0.001 0.000 0.000 0.000 0.000 0.000 0.000 0.000 0.000 0.000 0.000 0.000 0.000 0.000 0.000 0.000 0.000 0.000 0.000 0.000 0.000 0.000 0.000 0.000 0.000 0.000 0.000 0.000 0.000 0.000 0.001 0.002
2.548 2.614 2.879 3.060 3.141 3.131 3.012 2.932 3.044 3.253 3.805 4.250 4.508 4.758 4.802 4.710 5.330 5.898 6.328 6.626 6.828 6.998 7.028 7.045 6.963 6.700 6.208 5.498 4.647 3.682 2.698 1.880 1.257 0.778 0.438 0.230 0.117 0.059 0.031 0.018 0.011 0.007 0.005 0.003 0.002 0.001 0.000 0.000 0.000 0.000 0.000 0.000 0.000 0.000 0.000 0.000 0.000 0.000 0.000 0.000 0.000 0.000 0.000 0.000 0.000 0.000 0.000 0.000 0.000 0.000 0.000 0.000 0.001 0.002 0.003 0.004
2.194 2.341 2.616 2.839 2.976 3.014 2.960 2.982 3.304 3.651 3.940 4.078 4.222 4.226 4.153 4.233 4.301 4.640 5.303 5.886 6.370 6.763 6.969 7.056 7.087 7.019 6.778 6.321 5.598 4.678 3.664 2.702 1.951 1.315 0.789 0.435 0.224 0.111 0.056 0.029 0.017 0.010 0.007 0.004 0.003 0.002 0.001 0.000 0.000 0.000 0.000 0.000 0.000 0.000 0.000 0.000 0.000 0.000 0.000 0.000 0.000 0.000 0.000 0.000 0.000 0.000 0.000 0.000 0.000 0.000 0.000 0.001 0.002 0.004 0.006 0.008
1.909 2.090 2.372 2.612 2.791 2.872 2.996 3.344 3.625 3.830 3.929 3.968 3.946 3.814 3.678 4.070 4.238 4.275 4.269 4.483 5.218 5.961 6.530 6.853 7.040 7.079 7.006 6.778 6.350 5.624 4.668 3.616 2.726 1.984 1.322 0.774 0.413 0.207 0.101 0.050 0.027 0.015 0.010 0.006 0.004 0.003 0.001 0.001 0.000 0.000 0.000 0.000 0.000 0.000 0.000 0.000 0.000 0.000 0.000 0.000 0.000 0.000 0.000 0.000 0.000 0.000 0.000 0.001 0.001 0.001 0.002 0.003 0.005 0.007 0.010 0.013
1.921 1.966 2.144 2.384 2.588 2.807 3.175 3.486 3.705 3.829 3.880 3.879 3.762 3.555 3.321 3.800 4.074 4.187 4.238 4.306 4.432 4.620 5.308 6.081 6.632 6.921 6.999 6.927 6.739 6.333 5.600 4.624 3.597 2.722 1.961 1.264 0.713 0.371 0.182 0.088 0.044 0.024 0.014 0.009 0.006 0.004 0.003 0.002 0.001 0.001 0.000 0.000 0.000 0.000 0.000 0.000 0.000 0.000 0.000 0.000 0.000 0.001 0.002 0.002 0.002 0.002 0.003 0.003 0.003 0.003 0.004 0.006 0.008 0.011 0.016 0.022
1.974 2.036 2.110 2.216 2.563 2.924 3.229 3.482 3.656 3.750 3.796 3.770 3.637 3.406 3.146 3.427 3.803 4.032 4.139 4.242 4.393 4.581 4.749 4.826 5.532 6.289 6.707 6.857 6.816 6.640 6.216 5.481 4.529 3.530 2.621 1.811 1.121 0.617 0.313 0.152 0.073 0.038 0.021 0.013 0.008 0.005 0.004 0.003 0.003 0.002 0.002 0.001 0.001 0.001 0.001 0.000 0.000 0.000 0.001 0.001 0.002 0.003 0.004 0.005 0.006 0.006 0.006 0.006 0.007 0.007 0.008 0.010 0.013 0.018 0.025 0.039
2.080 2.160 2.254 2.372 2.716 3.010 3.253 3.433 3.549 3.637 3.671 3.653 3.543 3.325 3.053 3.047 3.465 3.767 3.947 4.100 4.313 4.529 4.707 4.814 4.822 5.010 5.888 6.464 6.678 6.647 6.441 5.991 5.258 4.328 3.314 2.374 1.578 0.941 0.506 0.253 0.122 0.060 0.032 0.018 0.011 0.008 0.006 0.005 0.005 0.004 0.004 0.003 0.003 0.003 0.002 0.002 0.002 0.002 0.003 0.003 0.005 0.007 0.008 0.010 0.011 0.011 0.012 0.012 0.012 0.013 0.013 0.016 0.020 0.029 0.045 0.079
2.238 2.322 2.429 2.592 2.879 3.112 3.305 3.443 3.521 3.557 3.577 3.571 3.482 3.286 3.020 2.851 3.084 3.431 3.672 3.896 4.170 4.436 4.646 4.756 4.801 4.774 4.813 5.532 6.196 6.437 6.400 6.165 5.708 4.995 4.066 3.034 2.076 1.315 0.759 0.401 0.198 0.096 0.049 0.027 0.016 0.010 0.009 0.008 0.007 0.007 0.007 0.006 0.006 0.005 0.005 0.005 0.005 0.006 0.006 0.007 0.009 0.012 0.016 0.019 0.021 0.022 0.023 0.023 0.023 0.023 0.023 0.025 0.033 0.050 0.090 0.184
2.435 2.515 2.636 2.841 3.126 3.339 3.469 3.528 3.551 3.559 3.552 3.532 3.452 3.276 3.023 2.854 2.747 3.046 3.318 3.606 3.971 4.296 4.543 4.685 4.736 4.739 4.651 4.642 5.204 5.895 6.138 6.110 5.914 5.514 4.820 3.827 2.715 1.762 1.072 0.602 0.311 0.153 0.075 0.040 0.023 0.014 0.012 0.011 0.011 0.011 0.010 0.010 0.010 0.010 0.010 0.010 0.010 0.010 0.011 0.013 0.017 0.022 0.031 0.040 0.044 0.046 0.046 0.046 0.045 0.045 0.046 0.049 0.064 0.103 0.195 0.420
2.629 2.735 2.920 3.257 3.555 3.749 3.815 3.816 3.775 3.714 3.634 3.551 3.463 3.314 3.138 3.003 2.883 2.777 2.939 3.246 3.700 4.102 4.395 4.575 4.665 4.665 4.607 4.466 4.489 4.993 5.603 5.873 5.913 5.786 5.425 4.675 3.535 2.345 1.470 0.867 0.472 0.239 0.117 0.060 0.033 0.020 0.017 0.017 0.017 0.017 0.017 0.017 0.016 0.016 0.016 0.016 0.016 0.017 0.018 0.023 0.032 0.047 0.070 0.093 0.104 0.108 0.108 0.105 0.101 0.100 0.102 0.112 0.148 0.246 0.406 0.829
2.796 3.064 3.352 3.668 3.952 4.128 4.190 4.184 4.124 4.055 3.989 3.902 3.799 3.680 3.576 3.500 3.399 3.229 3.012 2.895 3.341 3.823 4.196 4.429 4.563 4.602 4.675 4.733 4.692 4.505 4.858 5.415 5.743 5.805 5.681 5.284 4.441 3.190 2.008 1.220 0.695 0.366 0.182 0.091 0.048 0.028 0.026 0.026 0.027 0.027 0.028 0.028 0.029 0.028 0.028 0.027 0.027 0.028 0.035 0.050 0.075 0.114 0.173 0.229 0.257 0.263 0.261 0.252 0.240 0.237 0.245 0.281 0.379 0.578 0.865 1.315
3.104 3.445 3.730 4.003 4.223 4.354 4.398 4.402 4.401 4.480 4.535 4.534 4.519 4.497 4.444 4.350 4.192 3.907 3.511 3.245 3.168 3.475 3.942 4.262 4.790 5.299 5.649 5.761 5.737 5.524 4.940 4.784 5.345 5.635 5.667 5.517 5.070 4.160 2.858 1.724 1.007 0.552 0.282 0.140 0.072 0.045 0.047 0.048 0.049 0.051 0.053 0.054 0.055 0.054 0.052 0.051 0.051 0.058 0.080 0.124 0.190 0.285 0.417 0.538 0.605 0.622 0.616 0.592 0.564 0.561 0.591 0.687 0.884 1.180 1.446 1.667
3.357 3.773 4.036 4.228 4.366 4.440 4.474 4.503 4.582 4.860 5.126 5.241 5.248 5.203 5.094 4.929 4.698 4.349 3.926 3.598 3.560 3.745 4.157 4.815 5.553 6.208 6.602 6.695 6.628 6.311 5.686 4.816 4.726 5.242 5.479 5.489 5.318 4.839 3.878 2.566 1.480 0.827 0.437 0.220 0.111 0.101 0.104 0.107 0.109 0.112 0.116 0.119 0.120 0.116 0.110 0.109 0.115 0.144 0.203 0.308 0.466 0.678 0.922 1.130 1.258 1.308 1.310 1.265 1.209 1.212 1.280 1.435 1.625 1.784 1.860 1.872
3.465 3.927 4.182 4.321 4.403 4.453 4.503 4.587 4.774 5.196 5.588 5.749 5.738 5.630 5.446 5.225 4.981 4.673 4.263 4.101 4.091 4.233 4.706 5.564 6.522 7.235 7.540 7.547 7.338 6.844 6.273 5.318 4.198 4.679 5.107 5.308 5.300 5.101 4.586 3.582 2.276 1.265 0.681 0.349 0.269 0.273 0.277 0.280 0.282 0.282 0.284 0.286 0.283 0.272 0.262 0.261 0.293 0.370 0.503 0.723 1.073 1.455 1.794 2.028 2.156 2.195 2.169 2.091 2.021 2.020 2.088 2.202 2.300 2.321 2.294 2.362
3.364 3.886 4.169 4.301 4.367 4.420 4.498 4.662 5.022 5.563 5.919 6.007 5.952 5.814 5.624 5.395 5.140 4.817 4.735 4.697 4.744 5.005 5.598 6.614 7.662 8.281 8.423 8.293 7.867 7.360 6.595 5.545 4.385 4.172 4.599 4.972 5.132 5.093 4.850 4.278 3.236 1.992 1.084 0.769 0.779 0.778 0.766 0.749 0.731 0.711 0.696 0.683 0.667 0.647 0.634 0.633 0.711 0.891 1.147 1.517 1.956 2.326 2.647 2.873 2.989 3.030 3.024 2.993 2.953 2.945 2.967 3.011 3.046 3.069 3.093 3.110
2.864 3.462 3.903 4.122 4.230 4.310 4.436 4.724 5.242 5.799 6.079 6.114 6.045 5.896 5.670 5.427 5.225 5.229 5.276 5.401 5.650 6.080 6.774 7.788 8.647 9.044 9.070 8.823 8.370 7.667 6.694 5.546 4.487 3.804 4.150 4.513 4.826 4.942 4.867 4.578 3.965 2.924 1.846 1.939 1.942 1.903 1.820 1.726 1.638 1.561 1.491 1.434 1.390 1.362 1.346 1.351 1.583 1.916 2.237 2.546 2.853 3.126 3.355 3.502 3.577 3.612 3.644 3.684 3.745 3.780 3.793 3.790 3.766 3.732 3.672 3.560
2.291 2.739 3.275 3.593 3.800 4.003 4.218 4.662 5.301 5.843 6.089 6.123 6.065 5.886 5.659 5.573 5.685 5.767 5.916 6.202 6.646 7.204 7.908 8.665 9.179 9.355 9.325 9.154 8.668 7.781 6.629 5.435 4.480 3.767 3.793 4.102 4.409 4.669 4.741 4.637 4.327 3.701 2.955 3.139 3.150 3.059 2.902 2.744 2.632 2.494 2.337 2.247 2.210 2.205 2.246 2.432 2.738 2.967 3.111 3.222 3.328 3.457 3.589 3.690 3.753 3.802 3.861 3.984 4.102 4.158 4.150 4.122 4.086 4.026 3.921 3.763
1.548 1.829 2.221 2.594 2.974 3.353 3.739 4.249 5.049 5.654 5.951 6.053 5.982 5.818 5.728 6.060 6.256 6.432 6.687 7.108 7.668 8.228 8.708 9.069 9.262 9.338 9.366 9.222 8.707 7.712 6.389 5.203 4.369 3.737 3.535 3.763 4.027 4.301 4.500 4.535 4.428 4.113 3.478 3.575 3.592 3.507 3.351 3.255 3.149 2.940 2.765 2.704 2.704 2.743 2.877 3.138 3.339 3.431 3.460 3.441 3.428 3.473 3.559 3.643 3.716 3.771 3.816 3.918 4.072 4.172 4.196 4.182 4.153 4.102 4.024 3.863
0.777 0.950 1.230 1.564 1.936 2.365 2.853 3.445 4.272 5.095 5.611 5.789 5.771 5.678 5.992 6.497 6.844 7.153 7.549 8.074 8.597 8.967 9.111 9.087 9.156 9.194 9.146 8.950 8.368 7.266 5.830 4.708 4.020 3.525 3.361 3.526 3.736 3.964 4.181 4.333 4.364 4.262 3.938 3.487 3.590 3.563 3.455 3.384 3.297 3.113 2.893 2.812 2.839 2.921 3.110 3.310 3.440 3.481 3.495 3.473 3.426 3.407 3.449 3.513 3.567 3.592 3.609 3.683 3.828 3.974 4.066 4.099 4.089 4.051 3.973 3.810
0.316 0.382 0.519 0.722 0.983 1.335 1.769 2.374 3.136 4.071 4.818 5.254 5.425 5.465 6.050 6.769 7.372 7.873 8.396 8.938 9.296 9.388 9.231 9.090 8.858 8.607 8.341 7.901 7.064 6.114 5.432 4.739 4.213 3.841 3.458 3.390 3.536 3.719 3.895 4.081 4.216 4.241 4.126 3.778 3.449 3.463 3.461 3.415 3.287 3.066 2.868 2.802 2.808 2.912 3.304 3.469 3.480 3.403 3.397 3.344 3.261 3.197 3.187 3.207 3.224 3.194 3.134 3.094 3.157 3.293 3.453 3.583 3.648 3.653 3.615 3.482
0.125 0.145 0.192 0.273 0.427 0.721 1.092 1.457 1.815 2.617 3.498 4.323 4.815 5.102 5.853 6.824 7.734 8.458 9.076 9.546 9.699 9.556 9.336 8.842 8.157 7.392 6.561 6.287 6.106 5.844 5.524 5.134 4.759 4.398 4.004 3.623 3.427 3.565 3.705 3.851 4.027 4.145 4.154 4.023 3.638 3.445 3.381 3.293 3.109 2.870 2.722 2.677 2.697 3.104 3.453 3.558 3.559 3.520 3.365 3.142 3.129 3.039 2.845 2.833 2.795 2.716 2.585 2.411 2.287 2.265 2.351 2.506 2.685 2.798 2.823 2.771
0.055 0.061 0.075 0.102 0.172 0.297 0.502 0.819 1.237 1.708 2.341 3.088 3.666 4.313 5.274 6.657 7.915 8.869 9.509 9.795 9.781 9.667 9.152 8.205 6.895 5.980 5.901 6.195 6.305 6.248 6.002 5.614 5.221 4.796 4.392 3.975 3.617 3.507 3.611 3.716 3.840 4.007 4.099 4.094 3.933 3.522 3.203 3.020 2.801 2.611 2.510 2.473 2.480 2.987 3.290 3.473 3.501 3.465 3.332 3.056 2.880 2.630 2.548 2.488 2.385 2.235 2.025 1.758 1.508 1.342 1.283 1.317 1.436 1.603 1.722 1.765
0.029 0.031 0.035 0.044 0.069 0.117 0.201 0.345 0.597 1.014 1.616 2.510 3.416 4.008 4.675 6.308 7.924 9.012 9.602 9.742 9.772 9.455 8.522 6.926 5.851 5.672 5.816 6.180 6.313 6.339 6.206 5.874 5.424 4.945 4.476 4.081 3.709 3.545 3.611 3.672 3.759 3.896 4.037 4.075 4.034 3.833 3.354 2.773 2.479 2.366 2.403 2.445 2.471 2.549 2.885 3.003 3.027 3.016 2.948 2.719 2.467 2.424 2.332 2.203 2.035 1.823 1.556 1.264 1.002 0.806 0.684 0.646 0.660 0.754 0.871 0.949
0.019 0.020 0.022 0.024 0.031 0.048 0.079 0.136 0.240 0.434 0.804 1.469 2.505 3.579 4.470 5.995 7.727 8.860 9.378 9.614 9.491 8.746 7.177 5.661 5.053 4.955 5.441 5.858 6.081 6.120 6.003 5.673 5.223 4.743 4.314 3.910 3.678 3.687 3.731 3.768 3.802 3.866 3.979 4.047 4.048 3.966 3.722 3.219 2.451 2.339 2.368 2.397 2.396 2.350 2.234 2.002 1.981 2.011 2.023 2.179 2.209 2.173 2.074 1.933 1.758 1.537 1.262 0.973 0.731 0.638 0.622 0.602 0.560 0.501 0.437 0.478
0.013 0.014 0.015 0.016 0.018 0.023 0.033 0.053 0.092 0.168 0.318 0.625 1.293 2.417 3.738 5.379 7.151 8.280 8.944 9.112 8.717 7.435 5.314 3.989 3.563 4.227 4.847 5.208 5.353 5.358 5.229 4.947 4.574 4.195 3.836 3.761 3.799 3.883 3.931 3.963 3.981 3.970 3.967 4.008 4.027 3.994 3.892 3.633 3.189 2.609 2.088 2.090 2.036 1.891 1.632 1.318 1.263 1.276 1.377 1.542 1.643 1.665 1.633 1.565 1.465 1.309 1.078 0.805 0.668 0.657 0.640 0.608 0.549 0.478 0.417 0.368
0.009 0.009 0.010 0.011 0.012 0.014 0.017 0.024 0.036 0.063 0.118 0.236 0.504 1.111 2.322 4.167 5.857 7.238 7.873 7.881 7.151 5.368 3.195 2.228 2.419 3.188 3.959 4.437 4.592 4.558 4.365 4.030 3.713 3.690 3.714 3.730 3.834 3.998 4.092 4.142 4.153 4.151 4.114 4.038 4.001 4.000 3.972 3.905 3.710 3.329 2.814 2.310 1.808 1.367 1.097 0.968 0.847 0.761 0.709 0.771 0.910 1.007 1.058 1.082 1.075 1.016 0.866 0.698 0.687 0.673 0.654 0.609 0.538 0.473 0.422 0.394
0.005 0.006 0.007 0.007 0.009 0.010 0.011 0.013 0.017 0.026 0.044 0.084 0.179 0.412 1.011 2.348 4.054 5.180 5.544 5.390 4.504 2.914 1.567 1.233 1.704 2.404 3.074 3.608 3.826 3.823 3.674 3.441 3.316 3.354 3.468 3.581 3.757 3.989 4.156 4.222 4.257 4.255 4.237 4.167 4.072 4.025 4.041 4.026 3.974 3.804 3.478 2.999 2.535 2.094 1.711 1.400 1.157 0.973 0.842 0.753 0.693 0.673 0.685 0.709 0.728 0.734 0.730 0.720 0.706 0.688 0.659 0.601 0.530 0.478 0.450 0.437
0.003 0.003 0.004 0.005 0.006 0.007 0.008 0.009 0.011 0.013 0.019 0.032 0.062 0.140 0.369 0.984 1.875 2.422 2.573 2.481 1.999 1.209 0.646 0.757 1.226 1.886 2.449 2.904 3.087 3.089 2.971 2.824 2.801 2.896 3.077 3.279 3.509 3.824 4.074 4.207 4.265 4.281 4.268 4.236 4.161 4.075 4.071 4.077 4.054 3.991 3.823 3.508 3.047 2.602 2.204 1.860 1.571 1.334 1.149 1.014 0.920 0.858 0.819 0.790 0.768 0.757 0.755 0.744 0.724 0.699 0.657 0.590 0.528 0.495 0.483 0.473
0.001 0.002 0.002 0.003 0.003 0.004 0.005 0.006 0.007 0.009 0.010 0.015 0.024 0.048 0.118 0.330 0.647 0.834 0.884 0.853 0.690 0.427 0.252 0.452 0.832 1.441 2.022 2.396 2.554 2.554 2.453 2.304 2.290 2.421 2.627 2.857 3.137 3.480 3.824 4.067 4.199 4.254 4.255 4.227 4.182 4.129 4.060 4.078 4.073 4.045 3.961 3.762 3.431 2.988 2.573 2.200 1.874 1.611 1.396 1.230 1.112 1.033 0.978 0.936 0.900 0.866 0.835 0.803 0.761 0.710 0.653 0.603 0.561 0.529 0.509 0.496
