RESULTS/r.avaflow_results/14b_results/14b_ascii/14b_hflow30056.asc
ncols 506
nrows 317
xllcenter 498237.50
yllcenter 5580050.00
cellsize 12.50
NODATA_value -9999.000
[rows 136 to 169 of 317, columns 154 to 230 of 506]
0.001 0.001 0.001 0.001 0.001 0.001 0.001 0.001 0.001 0.001 0.001 0.001 0.001 0.001 0.001 0.001 0.001 0.001 0.001 0.001 0.001 0.000 0.000 0.000 0.000 0.000 0.000 0.000 0.000 0.000 0.000 0.000 0.000 0.000 0.000 0.000 0.000 0.000 0.000 0.000 0.000 0.000 0.000 0.000 0.000 0.000 0.000 0.000 0.000 0.000 0.000 0.000 0.000 0.000 0.000 0.000 0.000 0.000 0.000 0.000 0.000 0.000 0.000 0.000 0.000 0.000 0.000 0.000 0.000 0.000 0.000 0.000 0.000 0.000 0.000 0.000 0.000
0.001 0.002 0.003 0.003 0.003 0.003 0.003 0.002 0.002 0.002 0.002 0.002 0.002 0.002 0.002 0.002 0.001 0.001 0.001 0.001 0.001 0.001 0.001 0.001 0.001 0.001 0.000 0.000 0.000 0.000 0.000 0.000 0.000 0.000 0.000 0.000 0.000 0.000 0.000 0.000 0.000 0.000 0.000 0.000 0.000 0.000 0.000 0.000 0.000 0.000 0.000 0.000 0.000 0.000 0.000 0.000 0.000 0.000 0.000 0.000 0.000 0.000 0.000 0.000 0.000 0.000 0.000 0.000 0.000 0.000 0.000 0.000 0.000 0.000 0.000 0.000 0.000
0.003 0.005 0.007 0.008 0.008 0.007 0.006 0.005 0.004 0.004 0.004 0.004 0.004 0.004 0.004 0.003 0.003 0.003 0.003 0.002 0.002 0.002 0.001 0.001 0.001 0.001 0.001 0.001 0.001 0.001 0.000 0.000 0.000 0.000 0.000 0.000 0.000 0.000 0.000 0.000 0.000 0.000 0.000 0.000 0.000 0.000 0.000 0.000 0.000 0.000 0.000 0.000 0.000 0.000 0.000 0.000 0.000 0.000 0.000 0.000 0.000 0.000 0.000 0.000 0.000 0.000 0.000 0.000 0.000 0.000 0.000 0.000 0.000 0.000 0.000 0.000 0.000
0.007 0.010 0.012 0.013 0.014 0.014 0.013 0.011 0.010 0.009 0.009 0.009 0.009 0.009 0.009 0.008 0.008 0.007 0.006 0.006 0.005 0.004 0.003 0.002 0.002 0.002 0.002 0.001 0.001 0.001 0.001 0.000 0.000 0.000 0.000 0.000 0.000 0.000 0.000 0.000 0.000 0.000 0.000 0.000 0.000 0.000 0.000 0.000 0.000 0.000 0.000 0.000 0.000 0.000 0.000 0.000 0.000 0.000 0.000 0.000 0.000 0.000 0.000 0.000 0.000 0.000 0.000 0.000 0.000 0.000 0.000 0.000 0.000 0.000 0.000 0.000 0.000
0.010 0.013 0.015 0.016 0.017 0.017 0.017 0.017 0.017 0.017 0.018 0.019 0.021 0.021 0.021 0.020 0.018 0.017 0.015 0.014 0.012 0.009 0.007 0.006 0.005 0.004 0.004 0.003 0.002 0.001 0.001 0.001 0.001 0.000 0.000 0.000 0.000 0.000 0.000 0.000 0.000 0.000 0.000 0.000 0.000 0.000 0.000 0.000 0.000 0.000 0.000 0.000 0.000 0.000 0.000 0.000 0.000 0.000 0.000 0.000 0.000 0.000 0.000 0.000 0.000 0.000 0.000 0.000 0.000 0.000 0.000 0.000 0.000 0.000 0.000 0.000 0.000
0.012 0.014 0.015 0.017 0.018 0.019 0.019 0.020 0.021 0.023 0.025 0.028 0.031 0.033 0.033 0.033 0.032 0.031 0.029 0.027 0.024 0.020 0.016 0.013 0.011 0.009 0.007 0.006 0.004 0.003 0.002 0.001 0.001 0.001 0.001 0.000 0.000 0.000 0.000 0.000 0.000 0.000 0.000 0.000 0.000 0.000 0.000 0.000 0.000 0.000 0.000 0.000 0.000 0.000 0.000 0.000 0.000 0.000 0.000 0.000 0.000 0.000 0.000 0.000 0.000 0.000 0.000 0.000 0.000 0.000 0.000 0.000 0.000 0.000 0.000 0.000 0.000
0.013 0.014 0.016 0.017 0.018 0.019 0.020 0.021 0.023 0.025 0.028 0.033 0.036 0.038 0.039 0.039 0.039 0.039 0.038 0.036 0.034 0.030 0.027 0.023 0.019 0.016 0.013 0.010 0.008 0.005 0.004 0.002 0.001 0.001 0.001 0.001 0.001 0.000 0.000 0.000 0.000 0.000 0.000 0.000 0.000 0.000 0.000 0.000 0.000 0.000 0.000 0.000 0.000 0.000 0.000 0.000 0.000 0.000 0.000 0.000 0.000 0.000 0.000 0.000 0.000 0.000 0.000 0.000 0.000 0.000 0.000 0.000 0.000 0.000 0.000 0.000 0.000
0.013 0.014 0.015 0.017 0.018 0.019 0.020 0.022 0.023 0.026 0.030 0.034 0.037 0.039 0.041 0.041 0.042 0.041 0.041 0.040 0.038 0.035 0.032 0.029 0.025 0.021 0.018 0.014 0.011 0.008 0.006 0.004 0.002 0.001 0.001 0.001 0.001 0.001 0.001 0.001 0.000 0.000 0.000 0.000 0.000 0.000 0.000 0.000 0.000 0.000 0.000 0.000 0.000 0.000 0.000 0.000 0.000 0.000 0.000 0.000 0.000 0.000 0.000 0.000 0.000 0.000 0.000 0.000 0.000 0.000 0.000 0.000 0.000 0.000 0.000 0.000 0.000
0.013 0.014 0.015 0.016 0.018 0.019 0.020 0.022 0.024 0.026 0.030 0.034 0.037 0.040 0.041 0.042 0.042 0.042 0.042 0.041 0.040 0.038 0.036 0.033 0.029 0.025 0.022 0.018 0.014 0.011 0.008 0.006 0.004 0.003 0.002 0.001 0.001 0.001 0.001 0.001 0.001 0.001 0.000 0.000 0.000 0.000 0.000 0.000 0.000 0.000 0.000 0.000 0.000 0.000 0.000 0.000 0.000 0.000 0.000 0.000 0.000 0.000 0.000 0.000 0.000 0.000 0.000 0.000 0.000 0.000 0.000 0.000 0.000 0.000 0.000 0.000 0.000
0.013 0.014 0.015 0.016 0.017 0.018 0.020 0.021 0.023 0.026 0.030 0.034 0.037 0.039 0.041 0.042 0.042 0.042 0.042 0.041 0.041 0.039 0.038 0.035 0.032 0.029 0.025 0.022 0.018 0.014 0.011 0.009 0.006 0.005 0.004 0.003 0.003 0.003 0.002 0.002 0.002 0.001 0.001 0.001 0.000 0.000 0.000 0.000 0.000 0.000 0.000 0.000 0.000 0.000 0.000 0.000 0.000 0.000 0.000 0.000 0.000 0.000 0.000 0.000 0.000 0.000 0.000 0.000 0.000 0.000 0.000 0.000 0.000 0.000 0.000 0.000 0.000
0.013 0.014 0.015 0.016 0.017 0.018 0.019 0.021 0.023 0.026 0.029 0.033 0.036 0.039 0.040 0.041 0.042 0.042 0.042 0.041 0.041 0.040 0.039 0.038 0.035 0.032 0.029 0.025 0.021 0.018 0.015 0.012 0.010 0.009 0.008 0.008 0.007 0.007 0.007 0.006 0.005 0.003 0.002 0.001 0.001 0.001 0.001 0.001 0.000 0.000 0.000 0.000 0.000 0.000 0.000 0.000 0.000 0.000 0.000 0.000 0.000 0.000 0.000 0.000 0.000 0.000 0.000 0.000 0.000 0.000 0.000 0.000 0.000 0.000 0.000 0.000 0.000
0.014 0.014 0.015 0.016 0.016 0.017 0.019 0.021 0.023 0.026 0.029 0.032 0.035 0.037 0.039 0.040 0.041 0.041 0.041 0.041 0.041 0.041 0.041 0.040 0.038 0.036 0.033 0.029 0.026 0.022 0.019 0.018 0.017 0.016 0.017 0.019 0.020 0.020 0.020 0.019 0.015 0.010 0.006 0.003 0.002 0.001 0.001 0.001 0.001 0.001 0.001 0.001 0.001 0.000 0.000 0.000 0.000 0.000 0.000 0.000 0.000 0.000 0.000 0.000 0.000 0.000 0.000 0.000 0.000 0.000 0.000 0.000 0.000 0.000 0.000 0.000 0.000
0.014 0.015 0.015 0.016 0.017 0.017 0.019 0.021 0.023 0.026 0.029 0.032 0.034 0.037 0.038 0.039 0.040 0.041 0.041 0.042 0.042 0.042 0.042 0.042 0.041 0.039 0.037 0.034 0.031 0.029 0.027 0.027 0.029 0.032 0.037 0.044 0.049 0.051 0.052 0.049 0.043 0.031 0.019 0.010 0.006 0.004 0.003 0.002 0.002 0.002 0.001 0.001 0.001 0.001 0.001 0.001 0.000 0.000 0.000 0.000 0.000 0.000 0.000 0.000 0.000 0.000 0.000 0.000 0.000 0.000 0.000 0.000 0.000 0.000 0.000 0.000 0.000
0.016 0.016 0.016 0.016 0.017 0.018 0.019 0.021 0.023 0.026 0.029 0.032 0.035 0.036 0.038 0.039 0.040 0.041 0.042 0.042 0.043 0.044 0.044 0.044 0.044 0.043 0.042 0.040 0.039 0.039 0.041 0.044 0.050 0.059 0.072 0.088 0.100 0.105 0.105 0.101 0.091 0.074 0.052 0.032 0.019 0.012 0.009 0.006 0.005 0.004 0.004 0.003 0.002 0.002 0.001 0.001 0.001 0.001 0.001 0.001 0.000 0.000 0.000 0.000 0.000 0.000 0.000 0.000 0.000 0.000 0.000 0.000 0.000 0.000 0.000 0.000 0.000
0.019 0.019 0.018 0.018 0.019 0.020 0.021 0.023 0.025 0.027 0.030 0.033 0.035 0.037 0.038 0.039 0.040 0.042 0.043 0.044 0.045 0.046 0.047 0.048 0.048 0.049 0.049 0.049 0.051 0.054 0.060 0.069 0.081 0.095 0.112 0.131 0.146 0.158 0.165 0.166 0.158 0.139 0.110 0.079 0.054 0.038 0.028 0.022 0.018 0.015 0.012 0.010 0.007 0.004 0.003 0.002 0.002 0.001 0.001 0.001 0.001 0.001 0.001 0.001 0.001 0.001 0.001 0.001 0.001 0.001 0.001 0.000 0.000 0.000 0.000 0.000 0.000
0.029 0.026 0.025 0.024 0.024 0.025 0.026 0.027 0.029 0.031 0.034 0.036 0.038 0.039 0.040 0.041 0.042 0.044 0.046 0.047 0.049 0.050 0.051 0.052 0.054 0.056 0.059 0.062 0.067 0.075 0.085 0.097 0.109 0.123 0.139 0.156 0.172 0.189 0.205 0.218 0.223 0.215 0.192 0.158 0.123 0.099 0.081 0.069 0.060 0.052 0.044 0.035 0.024 0.015 0.009 0.005 0.003 0.003 0.002 0.002 0.002 0.002 0.002 0.002 0.002 0.002 0.002 0.002 0.002 0.001 0.001 0.001 0.001 0.001 0.001 0.000 0.000
0.049 0.044 0.041 0.038 0.037 0.036 0.036 0.036 0.037 0.039 0.041 0.043 0.044 0.045 0.045 0.046 0.047 0.048 0.050 0.052 0.054 0.056 0.057 0.059 0.062 0.066 0.072 0.079 0.087 0.096 0.106 0.116 0.128 0.141 0.156 0.171 0.189 0.209 0.232 0.257 0.276 0.287 0.284 0.265 0.233 0.207 0.189 0.174 0.161 0.148 0.131 0.109 0.082 0.052 0.030 0.017 0.010 0.006 0.005 0.004 0.003 0.003 0.003 0.003 0.003 0.003 0.003 0.003 0.003 0.003 0.002 0.002 0.002 0.001 0.001 0.001 0.001
0.079 0.073 0.068 0.063 0.058 0.055 0.053 0.052 0.052 0.052 0.054 0.055 0.056 0.056 0.057 0.057 0.057 0.058 0.060 0.061 0.063 0.065 0.067 0.070 0.074 0.080 0.088 0.096 0.104 0.111 0.120 0.130 0.142 0.154 0.168 0.184 0.203 0.225 0.253 0.285 0.318 0.347 0.370 0.382 0.380 0.370 0.360 0.349 0.337 0.321 0.295 0.258 0.209 0.150 0.097 0.058 0.033 0.020 0.013 0.009 0.008 0.007 0.006 0.006 0.006 0.006 0.006 0.006 0.006 0.005 0.004 0.003 0.003 0.002 0.002 0.002 0.002
0.101 0.098 0.093 0.088 0.083 0.079 0.076 0.073 0.072 0.072 0.072 0.073 0.074 0.075 0.076 0.076 0.076 0.075 0.075 0.075 0.076 0.078 0.081 0.084 0.089 0.095 0.102 0.109 0.115 0.122 0.131 0.140 0.151 0.163 0.177 0.194 0.215 0.240 0.272 0.309 0.351 0.393 0.436 0.477 0.512 0.534 0.545 0.548 0.545 0.537 0.516 0.475 0.412 0.330 0.241 0.164 0.106 0.067 0.043 0.030 0.023 0.019 0.017 0.017 0.017 0.018 0.019 0.019 0.018 0.014 0.010 0.007 0.005 0.004 0.004 0.003 0.003
0.112 0.111 0.108 0.104 0.099 0.096 0.094 0.092 0.091 0.091 0.091 0.092 0.093 0.094 0.095 0.095 0.095 0.094 0.093 0.092 0.092 0.094 0.096 0.099 0.103 0.108 0.112 0.117 0.123 0.130 0.138 0.148 0.158 0.171 0.185 0.203 0.226 0.254 0.289 0.330 0.376 0.427 0.484 0.545 0.600 0.641 0.666 0.679 0.683 0.682 0.674 0.653 0.615 0.555 0.468 0.365 0.268 0.192 0.137 0.099 0.076 0.062 0.056 0.054 0.055 0.061 0.065 0.064 0.059 0.045 0.028 0.017 0.011 0.008 0.006 0.005 0.004
0.119 0.118 0.116 0.113 0.110 0.108 0.106 0.105 0.105 0.105 0.105 0.106 0.106 0.107 0.108 0.108 0.107 0.107 0.106 0.105 0.105 0.105 0.107 0.109 0.112 0.115 0.118 0.122 0.128 0.135 0.143 0.153 0.164 0.177 0.193 0.212 0.236 0.267 0.305 0.348 0.397 0.453 0.518 0.591 0.654 0.703 0.736 0.755 0.763 0.765 0.764 0.757 0.743 0.719 0.678 0.613 0.523 0.425 0.339 0.273 0.224 0.192 0.177 0.173 0.179 0.198 0.209 0.208 0.188 0.143 0.085 0.047 0.027 0.018 0.012 0.009 0.008
0.124 0.123 0.122 0.120 0.118 0.116 0.115 0.115 0.115 0.115 0.116 0.116 0.116 0.116 0.116 0.115 0.115 0.114 0.113 0.112 0.112 0.113 0.114 0.115 0.117 0.119 0.121 0.125 0.130 0.137 0.146 0.156 0.168 0.183 0.200 0.220 0.247 0.279 0.317 0.361 0.412 0.472 0.542 0.620 0.688 0.742 0.781 0.804 0.816 0.820 0.821 0.822 0.822 0.819 0.807 0.783 0.744 0.692 0.635 0.573 0.510 0.464 0.442 0.441 0.464 0.504 0.520 0.512 0.462 0.359 0.222 0.125 0.069 0.041 0.026 0.018 0.014
0.127 0.127 0.126 0.125 0.124 0.123 0.122 0.122 0.122 0.123 0.123 0.123 0.123 0.123 0.122 0.120 0.119 0.118 0.117 0.117 0.116 0.117 0.117 0.118 0.119 0.120 0.122 0.126 0.131 0.138 0.147 0.158 0.171 0.187 0.206 0.229 0.257 0.289 0.328 0.372 0.425 0.487 0.560 0.640 0.711 0.769 0.812 0.839 0.854 0.861 0.865 0.871 0.878 0.884 0.887 0.883 0.874 0.863 0.858 0.849 0.833 0.823 0.827 0.848 0.897 0.946 0.959 0.944 0.864 0.697 0.463 0.271 0.154 0.089 0.055 0.037 0.026
0.130 0.130 0.129 0.129 0.128 0.127 0.127 0.127 0.127 0.127 0.128 0.128 0.127 0.127 0.126 0.124 0.121 0.120 0.119 0.119 0.118 0.118 0.118 0.119 0.119 0.121 0.123 0.126 0.132 0.139 0.148 0.159 0.173 0.190 0.211 0.236 0.264 0.297 0.336 0.383 0.437 0.500 0.573 0.653 0.728 0.789 0.835 0.865 0.882 0.892 0.901 0.910 0.921 0.932 0.942 0.949 0.955 0.964 0.979 1.001 1.028 1.063 1.107 1.154 1.203 1.238 1.250 1.240 1.176 1.024 0.768 0.484 0.289 0.173 0.107 0.071 0.050
0.131 0.131 0.131 0.131 0.130 0.130 0.130 0.130 0.129 0.130 0.130 0.130 0.130 0.129 0.128 0.126 0.123 0.121 0.120 0.119 0.119 0.119 0.119 0.119 0.119 0.121 0.123 0.127 0.131 0.138 0.148 0.159 0.173 0.191 0.214 0.240 0.270 0.304 0.344 0.393 0.448 0.511 0.583 0.663 0.739 0.803 0.853 0.887 0.907 0.921 0.932 0.944 0.957 0.969 0.982 0.997 1.012 1.029 1.053 1.089 1.138 1.199 1.263 1.317 1.357 1.381 1.390 1.387 1.348 1.236 1.029 0.734 0.469 0.295 0.190 0.128 0.090
0.131 0.132 0.132 0.132 0.132 0.132 0.131 0.131 0.131 0.130 0.130 0.130 0.130 0.130 0.129 0.128 0.125 0.122 0.121 0.120 0.119 0.119 0.119 0.119 0.119 0.121 0.123 0.126 0.131 0.138 0.147 0.159 0.173 0.192 0.215 0.242 0.274 0.311 0.353 0.403 0.459 0.521 0.591 0.670 0.747 0.813 0.866 0.905 0.932 0.949 0.962 0.974 0.987 0.999 1.014 1.032 1.051 1.073 1.104 1.148 1.207 1.280 1.349 1.401 1.437 1.456 1.461 1.457 1.432 1.358 1.204 0.960 0.673 0.450 0.305 0.214 0.155
0.131 0.132 0.132 0.132 0.132 0.132 0.132 0.131 0.131 0.130 0.130 0.130 0.130 0.130 0.130 0.128 0.126 0.123 0.121 0.120 0.119 0.118 0.118 0.118 0.119 0.120 0.123 0.126 0.131 0.137 0.146 0.158 0.173 0.192 0.215 0.243 0.277 0.316 0.361 0.412 0.467 0.529 0.598 0.676 0.752 0.818 0.874 0.919 0.952 0.974 0.987 0.998 1.010 1.022 1.037 1.054 1.074 1.101 1.138 1.187 1.249 1.324 1.391 1.442 1.475 1.492 1.496 1.491 1.471 1.418 1.307 1.120 0.864 0.621 0.446 0.331 0.253
0.129 0.131 0.132 0.132 0.132 0.132 0.131 0.131 0.130 0.129 0.129 0.129 0.129 0.130 0.129 0.128 0.126 0.123 0.121 0.119 0.118 0.117 0.117 0.117 0.118 0.120 0.122 0.125 0.130 0.136 0.145 0.157 0.172 0.191 0.215 0.244 0.280 0.321 0.367 0.418 0.474 0.536 0.604 0.680 0.755 0.821 0.879 0.927 0.963 0.988 1.003 1.013 1.024 1.036 1.049 1.065 1.086 1.117 1.159 1.211 1.272 1.342 1.404 1.453 1.486 1.501 1.504 1.500 1.484 1.444 1.362 1.222 1.020 0.788 0.603 0.474 0.388
0.127 0.129 0.130 0.131 0.131 0.131 0.130 0.129 0.128 0.127 0.126 0.126 0.127 0.127 0.127 0.127 0.125 0.123 0.120 0.118 0.117 0.116 0.115 0.115 0.116 0.118 0.120 0.124 0.129 0.135 0.143 0.155 0.171 0.192 0.217 0.247 0.283 0.326 0.373 0.425 0.481 0.543 0.610 0.682 0.755 0.822 0.882 0.930 0.967 0.994 1.011 1.021 1.031 1.041 1.052 1.067 1.090 1.125 1.170 1.225 1.284 1.347 1.404 1.449 1.480 1.495 1.498 1.496 1.485 1.459 1.400 1.298 1.145 0.945 0.765 0.640 0.563
0.123 0.126 0.127 0.128 0.128 0.128 0.127 0.126 0.125 0.124 0.123 0.123 0.123 0.123 0.123 0.123 0.122 0.120 0.118 0.116 0.114 0.114 0.113 0.113 0.114 0.115 0.118 0.122 0.127 0.133 0.142 0.155 0.172 0.193 0.220 0.252 0.289 0.331 0.379 0.432 0.489 0.551 0.616 0.684 0.755 0.823 0.882 0.930 0.967 0.994 1.012 1.024 1.033 1.041 1.050 1.066 1.090 1.126 1.173 1.228 1.288 1.345 1.395 1.432 1.457 1.470 1.477 1.482 1.483 1.472 1.436 1.369 1.260 1.102 0.941 0.836 0.788
0.117 0.119 0.121 0.122 0.122 0.123 0.122 0.122 0.120 0.119 0.118 0.118 0.118 0.118 0.118 0.117 0.117 0.116 0.114 0.112 0.111 0.110 0.110 0.110 0.110 0.112 0.115 0.119 0.125 0.132 0.142 0.156 0.173 0.196 0.224 0.258 0.296 0.340 0.388 0.441 0.499 0.559 0.622 0.687 0.755 0.823 0.882 0.929 0.964 0.991 1.010 1.022 1.029 1.035 1.043 1.057 1.082 1.119 1.167 1.224 1.282 1.333 1.374 1.401 1.418 1.430 1.443 1.461 1.481 1.487 1.475 1.441 1.376 1.268 1.148 1.081 1.071
0.108 0.110 0.112 0.113 0.114 0.115 0.115 0.115 0.114 0.113 0.113 0.112 0.111 0.111 0.110 0.109 0.109 0.108 0.107 0.106 0.106 0.105 0.105 0.106 0.107 0.108 0.111 0.116 0.123 0.132 0.143 0.158 0.177 0.201 0.231 0.265 0.306 0.351 0.401 0.454 0.511 0.569 0.630 0.692 0.756 0.821 0.878 0.923 0.957 0.983 1.002 1.013 1.017 1.020 1.024 1.037 1.062 1.099 1.148 1.206 1.259 1.303 1.335 1.355 1.369 1.383 1.402 1.434 1.478 1.512 1.527 1.524 1.502 1.449 1.386 1.358 1.364
0.097 0.099 0.101 0.102 0.103 0.104 0.104 0.105 0.105 0.104 0.104 0.103 0.102 0.101 0.099 0.098 0.097 0.097 0.098 0.098 0.098 0.098 0.099 0.099 0.101 0.104 0.108 0.113 0.121 0.132 0.145 0.162 0.182 0.208 0.238 0.274 0.315 0.362 0.412 0.464 0.520 0.577 0.637 0.697 0.756 0.814 0.867 0.910 0.943 0.966 0.982 0.989 0.991 0.991 0.993 1.005 1.031 1.067 1.116 1.172 1.218 1.253 1.279 1.298 1.314 1.332 1.359 1.404 1.474 1.545 1.596 1.623 1.630 1.617 1.598 1.594 1.609
0.083 0.085 0.087 0.089 0.090 0.091 0.092 0.092 0.092 0.092 0.092 0.092 0.091 0.089 0.087 0.085 0.085 0.085 0.085 0.086 0.087 0.088 0.089 0.091 0.093 0.097 0.103 0.110 0.120 0.132 0.147 0.166 0.188 0.214 0.245 0.281 0.322 0.368 0.418 0.470 0.525 0.582 0.641 0.698 0.752 0.802 0.846 0.885 0.914 0.933 0.942 0.945 0.945 0.945 0.950 0.963 0.989 1.027 1.077 1.126 1.161 1.186 1.207 1.228 1.249 1.275 1.313 1.374 1.463 1.562 1.642 1.701 1.738 1.757 1.769 1.783 1.803
