RESULTS/r.avaflow_results/14b_results/14b_ascii/14b_hflow10047.asc
ncols 506
nrows 317
xllcenter 498237.50
yllcenter 5580050.00
cellsize 12.50
NODATA_value -9999.000
[rows 204 to 237 of 317, columns 76 to 151 of 506]
0.059 0.044 0.032 0.023 0.015 0.010 0.007 0.005 0.005 0.005 0.011 0.046 0.203 0.730 1.753 2.916 3.829 4.702 5.584 6.451 7.286 8.100 8.885 9.598 10.155 10.552 10.812 11.002 11.130 11.235 11.288 11.318 11.331 11.349 11.356 11.379 11.428 11.511 11.651 11.828 12.018 12.159 12.265 12.300 12.301 12.256 12.180 12.059 11.918 11.708 11.424 11.027 10.505 9.833 9.034 8.148 7.234 6.332 5.448 4.580 3.796 3.185 2.764 2.525 2.436 2.526 2.676 2.766 2.786 2.748 2.649 2.488 2.390 2.411 2.608 3.018
0.052 0.038 0.028 0.019 0.013 0.009 0.006 0.005 0.004 0.004 0.008 0.033 0.160 0.611 1.521 2.579 3.414 4.220 5.035 5.834 6.606 7.357 8.085 8.769 9.332 9.757 10.064 10.302 10.437 10.507 10.514 10.486 10.429 10.363 10.273 10.216 10.199 10.212 10.266 10.366 10.519 10.687 10.821 10.903 10.930 10.902 10.829 10.689 10.494 10.232 9.895 9.426 8.774 7.923 6.899 5.753 4.654 3.688 2.876 2.215 1.717 1.406 1.273 1.297 1.465 1.778 2.062 2.230 2.314 2.340 2.312 2.243 2.228 2.345 2.676 3.246
0.044 0.031 0.022 0.015 0.011 0.008 0.006 0.004 0.003 0.003 0.004 0.013 0.079 0.373 1.076 2.036 2.858 3.604 4.337 5.043 5.717 6.359 6.948 7.498 7.991 8.432 8.816 9.121 9.320 9.447 9.493 9.488 9.432 9.324 9.176 9.016 8.903 8.829 8.823 8.851 8.933 9.084 9.274 9.429 9.500 9.509 9.458 9.312 9.075 8.745 8.281 7.641 6.794 5.718 4.505 3.365 2.434 1.703 1.167 0.807 0.603 0.528 0.560 0.700 0.974 1.336 1.621 1.814 1.940 2.017 2.055 2.074 2.138 2.362 2.795 3.412
0.041 0.028 0.019 0.013 0.010 0.007 0.005 0.004 0.003 0.002 0.002 0.004 0.025 0.153 0.559 1.284 2.094 2.809 3.451 4.041 4.580 5.059 5.469 5.842 6.219 6.644 7.113 7.491 7.774 8.001 8.153 8.224 8.222 8.156 8.003 7.791 7.580 7.404 7.294 7.242 7.266 7.381 7.622 7.896 8.047 8.088 8.050 7.893 7.572 7.056 6.307 5.356 4.305 3.266 2.332 1.562 0.985 0.595 0.367 0.256 0.223 0.243 0.318 0.478 0.735 1.039 1.284 1.473 1.620 1.736 1.833 1.928 2.081 2.373 2.830 3.428
0.042 0.028 0.019 0.013 0.009 0.007 0.005 0.004 0.003 0.002 0.002 0.002 0.008 0.049 0.229 0.632 1.215 1.826 2.360 2.804 3.165 3.436 3.639 3.827 4.058 4.419 4.938 5.418 5.792 6.113 6.391 6.602 6.724 6.762 6.684 6.488 6.222 5.949 5.708 5.542 5.491 5.559 5.774 6.099 6.366 6.485 6.464 6.246 5.743 4.916 3.880 2.915 2.115 1.449 0.920 0.542 0.306 0.179 0.124 0.110 0.123 0.165 0.249 0.388 0.590 0.820 1.016 1.185 1.335 1.473 1.614 1.775 1.999 2.325 2.768 3.302
0.046 0.030 0.020 0.014 0.010 0.007 0.005 0.003 0.002 0.002 0.001 0.001 0.003 0.014 0.073 0.249 0.573 0.999 1.377 1.655 1.836 1.934 1.984 2.022 2.104 2.304 2.659 3.090 3.491 3.848 4.181 4.492 4.758 4.944 5.012 4.937 4.728 4.421 4.092 3.814 3.611 3.512 3.557 3.740 4.018 4.190 4.181 3.932 3.367 2.577 1.804 1.208 0.770 0.464 0.266 0.151 0.091 0.067 0.063 0.073 0.100 0.149 0.226 0.337 0.487 0.654 0.800 0.937 1.071 1.214 1.377 1.578 1.836 2.168 2.573 3.025
0.054 0.036 0.024 0.016 0.010 0.007 0.005 0.003 0.002 0.002 0.001 0.001 0.001 0.004 0.019 0.076 0.214 0.447 0.686 0.843 0.918 0.932 0.913 0.880 0.875 0.941 1.110 1.374 1.693 2.004 2.262 2.482 2.684 2.859 2.980 3.019 2.964 2.810 2.583 2.328 2.063 1.842 1.725 1.709 1.799 1.883 1.880 1.744 1.435 0.999 0.619 0.363 0.207 0.119 0.070 0.046 0.037 0.040 0.048 0.067 0.097 0.143 0.208 0.297 0.410 0.524 0.624 0.721 0.821 0.942 1.102 1.311 1.574 1.883 2.230 2.601
0.066 0.046 0.030 0.020 0.013 0.008 0.005 0.003 0.002 0.002 0.001 0.001 0.001 0.001 0.005 0.019 0.063 0.156 0.277 0.369 0.421 0.436 0.426 0.398 0.370 0.363 0.400 0.499 0.673 0.905 1.105 1.241 1.344 1.439 1.531 1.598 1.616 1.579 1.476 1.315 1.108 0.888 0.722 0.636 0.611 0.614 0.601 0.546 0.437 0.287 0.167 0.093 0.052 0.032 0.023 0.021 0.024 0.032 0.046 0.066 0.095 0.136 0.190 0.262 0.347 0.420 0.482 0.538 0.595 0.665 0.775 0.942 1.155 1.392 1.642 1.920
0.076 0.055 0.039 0.026 0.017 0.011 0.006 0.004 0.002 0.002 0.001 0.001 0.001 0.001 0.001 0.004 0.016 0.046 0.098 0.164 0.244 0.306 0.325 0.317 0.287 0.253 0.244 0.265 0.342 0.503 0.671 0.761 0.799 0.829 0.869 0.922 0.953 0.955 0.921 0.841 0.722 0.573 0.417 0.292 0.216 0.177 0.155 0.136 0.110 0.073 0.042 0.023 0.014 0.011 0.012 0.015 0.021 0.030 0.044 0.064 0.090 0.126 0.171 0.229 0.289 0.335 0.367 0.391 0.410 0.429 0.460 0.519 0.605 0.707 0.825 0.984
0.082 0.062 0.045 0.032 0.022 0.014 0.008 0.005 0.003 0.002 0.001 0.001 0.001 0.001 0.001 0.001 0.005 0.016 0.044 0.104 0.208 0.318 0.371 0.376 0.346 0.284 0.259 0.264 0.322 0.475 0.649 0.731 0.751 0.758 0.771 0.805 0.831 0.836 0.820 0.772 0.688 0.569 0.405 0.223 0.108 0.057 0.038 0.030 0.025 0.017 0.010 0.007 0.005 0.006 0.008 0.012 0.019 0.028 0.042 0.059 0.083 0.112 0.149 0.195 0.235 0.261 0.274 0.279 0.274 0.258 0.239 0.232 0.240 0.259 0.293 0.359
0.086 0.065 0.048 0.035 0.024 0.016 0.010 0.006 0.003 0.002 0.001 0.001 0.001 0.001 0.001 0.001 0.003 0.010 0.033 0.097 0.246 0.448 0.575 0.604 0.542 0.420 0.357 0.350 0.411 0.594 0.803 0.889 0.895 0.874 0.858 0.867 0.885 0.889 0.882 0.851 0.787 0.679 0.478 0.213 0.070 0.022 0.009 0.006 0.005 0.004 0.003 0.002 0.002 0.004 0.006 0.011 0.017 0.025 0.037 0.052 0.070 0.093 0.123 0.158 0.183 0.195 0.197 0.194 0.178 0.146 0.109 0.086 0.075 0.073 0.078 0.094
0.088 0.067 0.050 0.036 0.026 0.017 0.011 0.007 0.004 0.002 0.001 0.001 0.001 0.001 0.001 0.001 0.003 0.010 0.038 0.137 0.380 0.618 0.710 0.705 0.603 0.459 0.388 0.381 0.446 0.640 0.861 0.949 0.949 0.912 0.881 0.880 0.889 0.892 0.884 0.858 0.803 0.700 0.490 0.195 0.046 0.009 0.002 0.001 0.001 0.001 0.001 0.001 0.001 0.002 0.005 0.008 0.014 0.021 0.030 0.041 0.053 0.068 0.087 0.111 0.127 0.133 0.133 0.126 0.108 0.075 0.046 0.029 0.022 0.019 0.019 0.021
0.089 0.068 0.051 0.037 0.026 0.018 0.012 0.007 0.004 0.002 0.001 0.001 0.001 0.001 0.001 0.003 0.008 0.027 0.085 0.223 0.455 0.615 0.643 0.583 0.457 0.340 0.288 0.281 0.325 0.469 0.645 0.718 0.717 0.678 0.639 0.627 0.622 0.614 0.601 0.581 0.546 0.479 0.330 0.123 0.023 0.003 0.001 0.001 0.001 0.001 0.001 0.001 0.001 0.001 0.003 0.005 0.009 0.014 0.020 0.026 0.032 0.038 0.046 0.059 0.071 0.075 0.075 0.070 0.056 0.034 0.018 0.010 0.006 0.005 0.004 0.005
0.089 0.068 0.051 0.037 0.026 0.018 0.012 0.007 0.004 0.003 0.002 0.001 0.002 0.003 0.007 0.018 0.044 0.093 0.163 0.258 0.352 0.374 0.330 0.239 0.156 0.115 0.098 0.095 0.107 0.158 0.232 0.265 0.265 0.247 0.226 0.217 0.209 0.199 0.187 0.176 0.164 0.144 0.097 0.032 0.004 0.001 0.001 0.001 0.001 0.001 0.001 0.001 0.001 0.001 0.001 0.002 0.004 0.007 0.010 0.013 0.015 0.017 0.019 0.024 0.030 0.033 0.033 0.030 0.023 0.013 0.006 0.003 0.002 0.001 0.001 0.001
0.088 0.067 0.050 0.036 0.025 0.017 0.011 0.007 0.004 0.003 0.003 0.004 0.009 0.023 0.049 0.098 0.154 0.189 0.199 0.187 0.149 0.110 0.079 0.050 0.032 0.024 0.021 0.020 0.021 0.031 0.050 0.060 0.061 0.057 0.051 0.048 0.045 0.041 0.036 0.033 0.030 0.026 0.017 0.005 0.001 0.001 0.001 0.001 0.001 0.001 0.001 0.001 0.001 0.001 0.001 0.001 0.002 0.003 0.004 0.005 0.005 0.006 0.006 0.007 0.009 0.010 0.010 0.009 0.007 0.004 0.002 0.001 0.001 0.001 0.001 0.001
0.086 0.065 0.048 0.034 0.024 0.016 0.010 0.007 0.005 0.006 0.012 0.032 0.074 0.133 0.197 0.244 0.249 0.220 0.166 0.100 0.053 0.032 0.021 0.013 0.009 0.006 0.004 0.004 0.004 0.005 0.009 0.012 0.012 0.012 0.011 0.010 0.009 0.008 0.006 0.005 0.005 0.004 0.003 0.001 0.001 0.001 0.001 0.001 0.001 0.001 0.001 0.001 0.001 0.001 0.001 0.001 0.001 0.001 0.001 0.001 0.002 0.002 0.002 0.002 0.002 0.003 0.003 0.002 0.002 0.001 0.001 0.001 0.001 0.001 0.001 0.001
0.082 0.062 0.044 0.031 0.021 0.014 0.010 0.008 0.012 0.036 0.093 0.192 0.293 0.355 0.363 0.319 0.256 0.188 0.112 0.057 0.030 0.019 0.012 0.008 0.005 0.003 0.002 0.001 0.001 0.001 0.002 0.002 0.002 0.002 0.002 0.002 0.002 0.001 0.001 0.001 0.001 0.001 0.001 0.001 0.001 0.001 0.001 0.001 0.001 0.001 0.001 0.001 0.001 0.001 0.001 0.001 0.001 0.001 0.001 0.001 0.001 0.001 0.001 0.001 0.001 0.001 0.001 0.001 0.001 0.001 0.001 0.001 0.001 0.001 0.001 0.001
0.076 0.055 0.039 0.026 0.017 0.012 0.011 0.021 0.081 0.217 0.375 0.502 0.547 0.501 0.412 0.315 0.220 0.138 0.079 0.045 0.027 0.017 0.011 0.007 0.004 0.002 0.001 0.001 0.001 0.001 0.001 0.001 0.001 0.001 0.001 0.001 0.001 0.001 0.001 0.001 0.001 0.001 0.001 0.001 0.001 0.001 0.001 0.001 0.001 0.001 0.001 0.001 0.001 0.001 0.001 0.001 0.001 0.001 0.001 0.001 0.001 0.001 0.001 0.001 0.001 0.001 0.001 0.001 0.001 0.001 0.001 0.001 0.001 0.001 0.001 0.001
0.067 0.047 0.031 0.021 0.015 0.013 0.024 0.115 0.355 0.586 0.699 0.709 0.652 0.545 0.412 0.288 0.189 0.118 0.072 0.044 0.028 0.018 0.012 0.008 0.004 0.002 0.001 0.001 0.000 0.000 0.000 0.000 0.000 0.000 0.000 0.000 0.001 0.001 0.001 0.001 0.001 0.001 0.001 0.001 0.001 0.001 0.001 0.001 0.001 0.001 0.001 0.001 0.001 0.001 0.001 0.001 0.001 0.001 0.001 0.001 0.001 0.001 0.001 0.001 0.001 0.001 0.001 0.001 0.001 0.001 0.001 0.001 0.001 0.001 0.001 0.001
0.055 0.037 0.025 0.017 0.015 0.020 0.100 0.393 0.734 0.852 0.847 0.795 0.698 0.565 0.410 0.280 0.184 0.118 0.075 0.049 0.033 0.022 0.014 0.008 0.004 0.002 0.001 0.001 0.000 0.000 0.000 0.000 0.000 0.000 0.000 0.000 0.000 0.001 0.001 0.001 0.001 0.001 0.001 0.001 0.001 0.001 0.001 0.001 0.001 0.001 0.001 0.001 0.001 0.001 0.001 0.001 0.001 0.001 0.001 0.001 0.001 0.001 0.001 0.001 0.001 0.001 0.001 0.001 0.001 0.001 0.001 0.001 0.001 0.001 0.001 0.001
0.044 0.030 0.020 0.016 0.018 0.073 0.337 0.748 0.956 0.968 0.923 0.842 0.731 0.585 0.420 0.288 0.194 0.132 0.092 0.064 0.044 0.029 0.018 0.009 0.004 0.002 0.001 0.001 0.000 0.000 0.000 0.000 0.000 0.000 0.000 0.000 0.000 0.000 0.001 0.001 0.001 0.001 0.001 0.001 0.001 0.001 0.001 0.001 0.001 0.001 0.001 0.001 0.001 0.001 0.001 0.001 0.001 0.001 0.001 0.001 0.001 0.001 0.001 0.001 0.001 0.001 0.001 0.001 0.001 0.001 0.001 0.001 0.001 0.001 0.001 0.001
0.036 0.024 0.018 0.018 0.044 0.240 0.694 1.001 1.051 1.022 0.961 0.874 0.761 0.615 0.452 0.323 0.233 0.171 0.128 0.093 0.064 0.040 0.021 0.010 0.004 0.002 0.001 0.000 0.000 0.000 0.000 0.000 0.000 0.000 0.000 0.000 0.000 0.000 0.000 0.001 0.001 0.001 0.001 0.001 0.001 0.001 0.001 0.001 0.001 0.001 0.001 0.001 0.001 0.001 0.001 0.001 0.001 0.001 0.001 0.001 0.001 0.001 0.001 0.001 0.001 0.001 0.001 0.001 0.001 0.001 0.001 0.001 0.001 0.001 0.001 0.001
0.030 0.022 0.019 0.028 0.130 0.513 0.958 1.088 1.079 1.041 0.981 0.899 0.795 0.662 0.514 0.396 0.309 0.241 0.184 0.132 0.085 0.047 0.022 0.009 0.004 0.001 0.001 0.000 0.000 0.000 0.000 0.000 0.000 0.000 0.000 0.000 0.000 0.000 0.000 0.000 0.001 0.001 0.001 0.001 0.001 0.001 0.001 0.001 0.001 0.001 0.001 0.001 0.001 0.001 0.001 0.001 0.001 0.001 0.001 0.001 0.001 0.001 0.001 0.001 0.001 0.001 0.001 0.001 0.001 0.001 0.001 0.001 0.001 0.001 0.001 0.001
0.026 0.021 0.024 0.084 0.343 0.787 1.052 1.094 1.081 1.045 0.992 0.922 0.834 0.723 0.597 0.486 0.394 0.311 0.232 0.158 0.095 0.049 0.022 0.008 0.003 0.001 0.001 0.000 0.000 0.000 0.000 0.000 0.000 0.000 0.000 0.000 0.000 0.000 0.000 0.000 0.000 0.001 0.001 0.001 0.001 0.001 0.001 0.001 0.001 0.001 0.001 0.001 0.001 0.001 0.001 0.001 0.001 0.001 0.001 0.001 0.001 0.001 0.001 0.001 0.001 0.001 0.001 0.001 0.001 0.001 0.001 0.001 0.001 0.001 0.001 0.001
0.024 0.025 0.064 0.264 0.656 0.962 1.062 1.075 1.067 1.040 0.996 0.939 0.864 0.769 0.658 0.549 0.448 0.351 0.254 0.166 0.095 0.046 0.018 0.006 0.002 0.001 0.000 0.000 0.000 0.000 0.000 0.000 0.000 0.000 0.000 0.000 0.000 0.000 0.000 0.000 0.000 0.000 0.000 0.000 0.000 0.001 0.001 0.001 0.001 0.001 0.001 0.001 0.001 0.001 0.001 0.001 0.001 0.001 0.001 0.001 0.001 0.001 0.001 0.001 0.001 0.001 0.001 0.001 0.001 0.001 0.001 0.001 0.001 0.001 0.001 0.001
0.026 0.046 0.191 0.562 0.888 1.008 1.040 1.046 1.043 1.028 0.997 0.950 0.883 0.795 0.692 0.584 0.477 0.366 0.255 0.158 0.084 0.036 0.013 0.004 0.001 0.001 0.000 0.000 0.000 0.000 0.000 0.000 0.000 0.000 0.000 0.000 0.000 0.000 0.000 0.000 0.001 0.001 0.001 0.001 0.001 0.001 0.001 0.001 0.001 0.001 0.001 0.001 0.001 0.001 0.001 0.001 0.001 0.001 0.001 0.001 0.001 0.001 0.001 0.001 0.001 0.001 0.001 0.001 0.001 0.001 0.001 0.001 0.001 0.001 0.001 0.001
0.037 0.126 0.434 0.814 0.969 1.012 1.030 1.036 1.034 1.023 0.998 0.954 0.891 0.808 0.709 0.600 0.486 0.365 0.239 0.135 0.061 0.022 0.006 0.002 0.001 0.000 0.000 0.000 0.000 0.000 0.000 0.000 0.000 0.000 0.000 0.000 0.000 0.000 0.000 0.000 0.000 0.000 0.000 0.000 0.000 0.001 0.001 0.001 0.001 0.001 0.001 0.001 0.001 0.001 0.001 0.001 0.001 0.001 0.001 0.001 0.001 0.001 0.001 0.001 0.001 0.001 0.001 0.001 0.001 0.001 0.001 0.001 0.001 0.001 0.001 0.001
0.093 0.334 0.707 0.931 0.994 1.018 1.031 1.036 1.034 1.024 0.999 0.956 0.893 0.811 0.714 0.604 0.485 0.349 0.208 0.101 0.038 0.012 0.003 0.001 0.001 0.000 0.000 0.000 0.000 0.000 0.000 0.000 0.000 0.000 0.000 0.000 0.000 0.000 0.000 0.000 0.000 0.001 0.001 0.001 0.001 0.001 0.001 0.001 0.001 0.001 0.001 0.001 0.001 0.001 0.001 0.001 0.001 0.001 0.001 0.001 0.001 0.001 0.001 0.001 0.001 0.001 0.001 0.001 0.001 0.001 0.001 0.000 0.001 0.001 0.001 0.001
0.245 0.620 0.887 0.976 1.011 1.030 1.037 1.039 1.037 1.026 1.001 0.956 0.892 0.811 0.714 0.602 0.473 0.316 0.169 0.071 0.024 0.007 0.002 0.001 0.001 0.000 0.000 0.000 0.000 0.000 0.000 0.000 0.000 0.000 0.000 0.000 0.000 0.000 0.000 0.000 0.001 0.001 0.001 0.001 0.001 0.001 0.001 0.001 0.001 0.001 0.001 0.001 0.001 0.001 0.001 0.001 0.001 0.001 0.001 0.001 0.001 0.001 0.001 0.001 0.001 0.001 0.001 0.001 0.001 0.001 0.001 0.001 0.000 0.001 0.001 0.001
0.455 0.802 0.938 0.993 1.028 1.045 1.050 1.050 1.045 1.030 1.001 0.954 0.889 0.807 0.708 0.590 0.445 0.271 0.130 0.049 0.015 0.004 0.001 0.001 0.001 0.001 0.000 0.000 0.000 0.000 0.000 0.000 0.000 0.000 0.000 0.000 0.001 0.000 0.000 0.000 0.001 0.001 0.001 0.001 0.001 0.001 0.001 0.001 0.001 0.001 0.001 0.001 0.001 0.001 0.001 0.001 0.001 0.001 0.001 0.001 0.001 0.001 0.000 0.001 0.001 0.001 0.001 0.001 0.001 0.001 0.001 0.001 0.000 0.000 0.001 0.001
0.641 0.850 0.937 1.000 1.045 1.066 1.070 1.068 1.058 1.035 0.999 0.948 0.880 0.796 0.693 0.565 0.395 0.215 0.092 0.030 0.009 0.002 0.001 0.001 0.001 0.001 0.001 0.000 0.000 0.000 0.000 0.000 0.000 0.000 0.000 0.000 0.000 0.000 0.000 0.000 0.001 0.001 0.001 0.001 0.001 0.001 0.001 0.001 0.001 0.001 0.001 0.001 0.001 0.001 0.001 0.001 0.001 0.001 0.001 0.001 0.001 0.001 0.000 0.000 0.001 0.001 0.001 0.001 0.001 0.001 0.001 0.001 0.001 0.000 0.000 0.001
0.731 0.842 0.924 0.997 1.053 1.084 1.091 1.086 1.069 1.038 0.995 0.937 0.865 0.776 0.664 0.512 0.317 0.151 0.055 0.016 0.005 0.001 0.001 0.001 0.001 0.001 0.001 0.001 0.000 0.000 0.000 0.000 0.000 0.000 0.000 0.000 0.000 0.000 0.000 0.000 0.001 0.001 0.001 0.001 0.001 0.001 0.001 0.001 0.001 0.001 0.001 0.001 0.001 0.001 0.001 0.001 0.001 0.001 0.001 0.001 0.001 0.001 0.001 0.000 0.000 0.000 0.001 0.001 0.001 0.001 0.001 0.001 0.001 0.001 0.000 0.000
0.739 0.816 0.891 0.970 1.043 1.086 1.099 1.093 1.072 1.036 0.985 0.918 0.833 0.726 0.586 0.400 0.209 0.084 0.027 0.008 0.002 0.001 0.001 0.001 0.001 0.001 0.001 0.001 0.001 0.001 0.000 0.000 0.000 0.000 0.000 0.000 0.000 0.000 0.000 0.000 0.001 0.001 0.001 0.001 0.001 0.001 0.001 0.001 0.001 0.001 0.001 0.001 0.001 0.001 0.001 0.001 0.001 0.001 0.001 0.001 0.001 0.001 0.001 0.001 0.000 0.000 0.000 0.001 0.001 0.001 0.001 0.001 0.001 0.001 0.001 0.000
0.710 0.765 0.823 0.892 0.968 1.034 1.071 1.078 1.061 1.021 0.958 0.868 0.749 0.600 0.420 0.234 0.102 0.036 0.011 0.003 0.001 0.001 0.000 0.000 0.001 0.001 0.001 0.001 0.001 0.001 0.001 0.000 0.000 0.000 0.000 0.000 0.000 0.000 0.000 0.000 0.000 0.000 0.000 0.000 0.000 0.001 0.001 0.001 0.001 0.001 0.001 0.001 0.001 0.001 0.001 0.001 0.001 0.001 0.001 0.001 0.001 0.001 0.001 0.001 0.001 0.000 0.000 0.000 0.001 0.001 0.001 0.001 0.001 0.001 0.001 0.000
