RESULTS/r.avaflow_results/14b_results/14b_ascii/14b_hflow30068.asc
ncols 506
nrows 317
xllcenter 498237.50
yllcenter 5580050.00
cellsize 12.50
NODATA_value -9999.000
[rows 204 to 237 of 317, columns 308 to 384 of 506]
0.263 0.282 0.308 0.346 0.409 0.494 0.560 0.599 0.615 0.616 0.605 0.576 0.536 0.511 0.503 0.508 0.531 0.575 0.625 0.653 0.659 0.647 0.613 0.561 0.506 0.465 0.436 0.417 0.402 0.384 0.357 0.311 0.259 0.221 0.195 0.179 0.171 0.169 0.171 0.184 0.216 0.259 0.283 0.289 0.286 0.273 0.249 0.211 0.169 0.139 0.122 0.114 0.111 0.109 0.108 0.108 0.113 0.126 0.155 0.207 0.290 0.411 0.548 0.657 0.739 0.803 0.850 0.874 0.873 0.838 0.755 0.664 0.615 0.595 0.587 0.575 0.555
0.297 0.307 0.318 0.336 0.369 0.419 0.473 0.521 0.556 0.574 0.574 0.557 0.523 0.503 0.501 0.516 0.554 0.602 0.638 0.656 0.657 0.644 0.610 0.558 0.502 0.460 0.431 0.411 0.395 0.377 0.350 0.306 0.255 0.220 0.198 0.187 0.183 0.183 0.187 0.201 0.229 0.256 0.265 0.263 0.251 0.231 0.202 0.166 0.136 0.115 0.103 0.098 0.096 0.095 0.094 0.095 0.099 0.115 0.146 0.195 0.259 0.331 0.398 0.452 0.499 0.547 0.597 0.637 0.657 0.663 0.645 0.616 0.607 0.624 0.661 0.680 0.680
0.332 0.327 0.319 0.317 0.325 0.343 0.371 0.411 0.459 0.498 0.514 0.511 0.492 0.481 0.486 0.512 0.558 0.599 0.621 0.627 0.624 0.609 0.581 0.536 0.484 0.441 0.410 0.388 0.370 0.352 0.328 0.288 0.245 0.216 0.201 0.195 0.194 0.198 0.208 0.225 0.247 0.260 0.262 0.254 0.235 0.208 0.175 0.143 0.119 0.103 0.094 0.089 0.088 0.087 0.087 0.089 0.094 0.111 0.145 0.195 0.249 0.291 0.323 0.347 0.368 0.390 0.417 0.444 0.466 0.486 0.505 0.531 0.570 0.626 0.694 0.739 0.753
0.354 0.336 0.311 0.293 0.286 0.287 0.296 0.314 0.346 0.388 0.420 0.434 0.436 0.440 0.454 0.487 0.526 0.546 0.550 0.546 0.539 0.529 0.512 0.484 0.441 0.399 0.367 0.342 0.322 0.303 0.282 0.255 0.228 0.211 0.202 0.200 0.202 0.210 0.225 0.247 0.263 0.268 0.266 0.254 0.232 0.201 0.165 0.135 0.113 0.098 0.090 0.086 0.084 0.084 0.084 0.087 0.094 0.112 0.147 0.199 0.244 0.273 0.289 0.299 0.306 0.312 0.320 0.332 0.347 0.369 0.398 0.442 0.510 0.605 0.697 0.756 0.782
0.362 0.335 0.297 0.266 0.248 0.238 0.236 0.240 0.253 0.275 0.302 0.328 0.353 0.374 0.394 0.416 0.429 0.423 0.410 0.401 0.397 0.398 0.399 0.389 0.367 0.335 0.307 0.284 0.264 0.247 0.231 0.218 0.208 0.203 0.202 0.204 0.208 0.218 0.235 0.260 0.276 0.281 0.277 0.262 0.236 0.202 0.165 0.134 0.112 0.098 0.089 0.085 0.083 0.083 0.083 0.087 0.095 0.114 0.152 0.205 0.244 0.265 0.275 0.279 0.280 0.277 0.272 0.271 0.277 0.293 0.321 0.368 0.443 0.554 0.669 0.745 0.782
0.357 0.320 0.272 0.234 0.208 0.191 0.182 0.179 0.181 0.189 0.203 0.223 0.251 0.278 0.292 0.293 0.282 0.262 0.249 0.245 0.249 0.261 0.278 0.284 0.280 0.270 0.256 0.242 0.226 0.211 0.200 0.195 0.194 0.195 0.199 0.205 0.211 0.221 0.238 0.266 0.288 0.297 0.294 0.280 0.253 0.217 0.177 0.143 0.117 0.101 0.091 0.085 0.083 0.083 0.084 0.088 0.098 0.119 0.157 0.208 0.244 0.263 0.271 0.273 0.272 0.266 0.252 0.239 0.237 0.245 0.266 0.305 0.369 0.469 0.592 0.693 0.754
0.326 0.278 0.228 0.190 0.162 0.144 0.134 0.128 0.126 0.128 0.133 0.145 0.165 0.180 0.184 0.180 0.169 0.155 0.149 0.149 0.156 0.173 0.197 0.215 0.223 0.225 0.222 0.216 0.205 0.193 0.185 0.183 0.184 0.188 0.196 0.205 0.212 0.221 0.238 0.267 0.301 0.318 0.321 0.313 0.291 0.259 0.219 0.177 0.140 0.114 0.098 0.090 0.087 0.087 0.088 0.093 0.104 0.124 0.160 0.209 0.245 0.264 0.271 0.273 0.272 0.265 0.249 0.227 0.216 0.217 0.229 0.254 0.294 0.359 0.463 0.583 0.680
0.255 0.204 0.163 0.134 0.115 0.103 0.095 0.090 0.088 0.087 0.089 0.095 0.106 0.113 0.115 0.112 0.105 0.099 0.097 0.099 0.107 0.124 0.150 0.175 0.190 0.198 0.201 0.200 0.194 0.185 0.179 0.178 0.179 0.185 0.194 0.203 0.211 0.221 0.238 0.270 0.316 0.353 0.370 0.374 0.365 0.346 0.312 0.260 0.200 0.152 0.122 0.106 0.099 0.098 0.099 0.103 0.113 0.132 0.164 0.208 0.245 0.268 0.279 0.282 0.282 0.275 0.256 0.228 0.209 0.204 0.206 0.216 0.234 0.267 0.327 0.427 0.547
0.161 0.127 0.104 0.089 0.079 0.072 0.067 0.064 0.062 0.062 0.062 0.065 0.070 0.074 0.075 0.075 0.073 0.071 0.071 0.074 0.082 0.098 0.124 0.150 0.169 0.181 0.188 0.189 0.187 0.181 0.177 0.176 0.178 0.183 0.191 0.200 0.209 0.220 0.240 0.279 0.341 0.413 0.466 0.494 0.505 0.502 0.478 0.419 0.326 0.236 0.178 0.146 0.130 0.123 0.121 0.123 0.130 0.145 0.170 0.205 0.245 0.281 0.304 0.315 0.316 0.308 0.285 0.246 0.215 0.200 0.192 0.189 0.193 0.207 0.236 0.293 0.385
0.096 0.079 0.068 0.061 0.055 0.052 0.049 0.047 0.046 0.046 0.047 0.048 0.050 0.053 0.054 0.055 0.056 0.056 0.058 0.061 0.070 0.085 0.109 0.136 0.155 0.169 0.178 0.181 0.181 0.179 0.176 0.175 0.176 0.181 0.188 0.195 0.204 0.218 0.245 0.297 0.383 0.502 0.613 0.688 0.728 0.738 0.722 0.657 0.534 0.388 0.287 0.229 0.196 0.177 0.166 0.161 0.162 0.169 0.184 0.209 0.249 0.306 0.363 0.392 0.398 0.391 0.360 0.303 0.244 0.208 0.187 0.174 0.169 0.171 0.183 0.210 0.257
0.060 0.053 0.048 0.045 0.042 0.040 0.038 0.037 0.037 0.037 0.037 0.038 0.039 0.041 0.042 0.044 0.046 0.048 0.051 0.055 0.064 0.080 0.103 0.127 0.145 0.159 0.168 0.174 0.176 0.176 0.175 0.174 0.174 0.177 0.182 0.187 0.196 0.213 0.245 0.309 0.414 0.564 0.727 0.847 0.916 0.937 0.925 0.863 0.740 0.573 0.447 0.365 0.311 0.274 0.247 0.227 0.215 0.209 0.212 0.227 0.267 0.349 0.460 0.531 0.553 0.546 0.506 0.425 0.318 0.238 0.193 0.170 0.157 0.152 0.153 0.162 0.180
0.043 0.040 0.038 0.037 0.035 0.033 0.032 0.031 0.031 0.031 0.031 0.032 0.033 0.034 0.036 0.038 0.040 0.043 0.046 0.052 0.062 0.079 0.102 0.124 0.139 0.151 0.160 0.167 0.171 0.172 0.172 0.171 0.169 0.169 0.171 0.175 0.183 0.201 0.239 0.310 0.424 0.587 0.777 0.922 1.007 1.036 1.029 0.976 0.860 0.697 0.569 0.481 0.417 0.368 0.329 0.298 0.274 0.260 0.255 0.263 0.303 0.392 0.531 0.656 0.719 0.730 0.702 0.614 0.460 0.308 0.218 0.174 0.153 0.141 0.135 0.135 0.138
0.035 0.034 0.033 0.032 0.031 0.029 0.028 0.027 0.027 0.027 0.027 0.028 0.029 0.030 0.032 0.034 0.036 0.039 0.044 0.051 0.062 0.079 0.103 0.123 0.137 0.147 0.155 0.161 0.165 0.167 0.167 0.164 0.160 0.157 0.156 0.158 0.163 0.182 0.223 0.298 0.415 0.581 0.779 0.932 1.023 1.057 1.055 1.011 0.906 0.752 0.627 0.537 0.469 0.415 0.372 0.338 0.312 0.297 0.292 0.298 0.333 0.417 0.554 0.706 0.804 0.841 0.836 0.776 0.633 0.427 0.270 0.191 0.155 0.136 0.126 0.120 0.118
0.030 0.030 0.030 0.029 0.028 0.027 0.025 0.025 0.024 0.024 0.025 0.025 0.026 0.028 0.029 0.031 0.033 0.037 0.042 0.051 0.063 0.081 0.104 0.124 0.137 0.147 0.153 0.158 0.161 0.162 0.162 0.159 0.152 0.147 0.145 0.145 0.149 0.163 0.198 0.267 0.378 0.538 0.738 0.896 0.993 1.035 1.037 1.000 0.903 0.761 0.639 0.549 0.480 0.426 0.383 0.352 0.331 0.319 0.315 0.319 0.350 0.424 0.552 0.708 0.821 0.880 0.894 0.867 0.765 0.567 0.353 0.225 0.164 0.136 0.122 0.114 0.110
0.028 0.028 0.028 0.027 0.027 0.025 0.024 0.023 0.022 0.022 0.023 0.023 0.024 0.025 0.027 0.029 0.032 0.035 0.041 0.050 0.064 0.082 0.105 0.125 0.139 0.148 0.153 0.158 0.160 0.161 0.160 0.156 0.148 0.143 0.141 0.141 0.144 0.154 0.179 0.228 0.314 0.450 0.634 0.794 0.897 0.947 0.955 0.928 0.853 0.736 0.624 0.538 0.471 0.419 0.380 0.353 0.337 0.329 0.327 0.332 0.357 0.422 0.536 0.689 0.809 0.880 0.907 0.902 0.842 0.691 0.462 0.280 0.185 0.142 0.123 0.113 0.109
0.027 0.027 0.027 0.026 0.025 0.024 0.023 0.022 0.021 0.021 0.021 0.022 0.022 0.024 0.025 0.027 0.030 0.034 0.040 0.050 0.064 0.082 0.104 0.125 0.140 0.149 0.155 0.159 0.162 0.162 0.161 0.155 0.147 0.142 0.141 0.141 0.143 0.153 0.172 0.207 0.264 0.354 0.487 0.627 0.724 0.775 0.788 0.775 0.731 0.653 0.563 0.488 0.430 0.388 0.362 0.346 0.337 0.334 0.335 0.342 0.364 0.416 0.511 0.651 0.778 0.860 0.900 0.906 0.879 0.778 0.584 0.363 0.227 0.161 0.132 0.119 0.113
0.026 0.026 0.026 0.026 0.025 0.023 0.022 0.021 0.020 0.020 0.020 0.020 0.021 0.022 0.024 0.026 0.029 0.033 0.039 0.049 0.063 0.081 0.102 0.123 0.139 0.150 0.156 0.161 0.164 0.164 0.162 0.156 0.148 0.145 0.144 0.145 0.148 0.157 0.175 0.205 0.245 0.299 0.376 0.460 0.519 0.549 0.556 0.554 0.538 0.499 0.439 0.386 0.349 0.328 0.321 0.324 0.331 0.336 0.343 0.352 0.372 0.417 0.501 0.623 0.740 0.824 0.876 0.896 0.890 0.831 0.692 0.475 0.300 0.207 0.163 0.143 0.135
0.026 0.026 0.026 0.025 0.024 0.023 0.022 0.021 0.020 0.020 0.019 0.019 0.020 0.021 0.022 0.024 0.027 0.031 0.036 0.046 0.060 0.077 0.098 0.118 0.135 0.147 0.155 0.160 0.164 0.165 0.163 0.157 0.151 0.149 0.150 0.154 0.161 0.173 0.192 0.216 0.244 0.275 0.314 0.353 0.378 0.388 0.389 0.384 0.370 0.340 0.298 0.267 0.253 0.251 0.264 0.293 0.322 0.340 0.354 0.368 0.389 0.430 0.505 0.611 0.709 0.785 0.841 0.874 0.880 0.851 0.756 0.583 0.400 0.286 0.226 0.198 0.186
0.026 0.026 0.025 0.025 0.024 0.022 0.021 0.020 0.020 0.019 0.019 0.019 0.019 0.020 0.021 0.022 0.025 0.028 0.033 0.042 0.054 0.071 0.091 0.110 0.125 0.137 0.148 0.156 0.160 0.162 0.161 0.156 0.151 0.150 0.153 0.161 0.179 0.204 0.226 0.242 0.254 0.266 0.280 0.292 0.297 0.297 0.294 0.285 0.270 0.242 0.213 0.197 0.193 0.202 0.228 0.275 0.319 0.348 0.372 0.394 0.420 0.459 0.522 0.607 0.684 0.748 0.802 0.840 0.854 0.841 0.775 0.645 0.491 0.383 0.318 0.286 0.275
0.026 0.026 0.025 0.024 0.023 0.022 0.021 0.020 0.019 0.019 0.018 0.018 0.019 0.019 0.020 0.021 0.023 0.026 0.030 0.037 0.048 0.063 0.081 0.096 0.110 0.122 0.133 0.143 0.150 0.153 0.153 0.151 0.148 0.148 0.151 0.162 0.186 0.221 0.247 0.258 0.260 0.261 0.261 0.259 0.256 0.251 0.244 0.234 0.218 0.195 0.176 0.168 0.169 0.182 0.216 0.269 0.323 0.363 0.395 0.423 0.451 0.486 0.538 0.605 0.662 0.711 0.755 0.788 0.802 0.797 0.755 0.660 0.542 0.461 0.416 0.396 0.393
0.026 0.026 0.025 0.024 0.023 0.022 0.021 0.020 0.019 0.018 0.018 0.018 0.018 0.018 0.019 0.020 0.021 0.023 0.027 0.032 0.041 0.053 0.067 0.079 0.089 0.100 0.112 0.123 0.130 0.134 0.136 0.136 0.136 0.137 0.141 0.155 0.183 0.223 0.250 0.260 0.260 0.256 0.247 0.241 0.235 0.228 0.220 0.209 0.195 0.178 0.167 0.163 0.166 0.181 0.217 0.272 0.334 0.382 0.416 0.442 0.468 0.499 0.543 0.599 0.641 0.671 0.694 0.708 0.713 0.708 0.687 0.635 0.561 0.515 0.496 0.499 0.524
0.026 0.026 0.025 0.024 0.023 0.022 0.021 0.020 0.019 0.018 0.018 0.018 0.018 0.018 0.018 0.019 0.020 0.022 0.024 0.029 0.035 0.044 0.054 0.062 0.070 0.079 0.088 0.098 0.104 0.108 0.110 0.112 0.113 0.115 0.121 0.136 0.166 0.208 0.238 0.250 0.250 0.245 0.234 0.227 0.222 0.217 0.209 0.199 0.187 0.177 0.171 0.172 0.181 0.202 0.237 0.292 0.357 0.405 0.437 0.458 0.477 0.501 0.539 0.585 0.614 0.627 0.629 0.624 0.614 0.605 0.596 0.583 0.564 0.557 0.566 0.595 0.651
0.027 0.026 0.025 0.024 0.023 0.022 0.020 0.019 0.019 0.018 0.018 0.017 0.017 0.017 0.018 0.018 0.019 0.020 0.022 0.025 0.030 0.036 0.043 0.049 0.055 0.061 0.069 0.076 0.081 0.083 0.083 0.083 0.083 0.085 0.090 0.103 0.128 0.165 0.199 0.218 0.224 0.223 0.218 0.215 0.213 0.210 0.203 0.195 0.189 0.187 0.195 0.215 0.243 0.270 0.302 0.347 0.401 0.440 0.462 0.473 0.483 0.496 0.520 0.553 0.576 0.581 0.578 0.567 0.551 0.543 0.542 0.552 0.570 0.595 0.633 0.689 0.760
0.027 0.026 0.025 0.024 0.023 0.022 0.020 0.019 0.018 0.018 0.017 0.017 0.017 0.017 0.017 0.017 0.017 0.018 0.020 0.022 0.026 0.030 0.034 0.039 0.044 0.048 0.054 0.059 0.062 0.063 0.063 0.062 0.061 0.061 0.064 0.070 0.083 0.106 0.135 0.160 0.178 0.190 0.197 0.201 0.203 0.202 0.199 0.195 0.196 0.210 0.249 0.317 0.378 0.413 0.435 0.458 0.482 0.497 0.498 0.492 0.486 0.486 0.492 0.509 0.529 0.541 0.542 0.534 0.523 0.521 0.527 0.547 0.585 0.638 0.703 0.769 0.836
0.027 0.026 0.025 0.024 0.023 0.021 0.020 0.019 0.018 0.017 0.017 0.016 0.016 0.016 0.016 0.016 0.016 0.017 0.018 0.019 0.021 0.024 0.027 0.031 0.034 0.038 0.042 0.045 0.047 0.048 0.048 0.047 0.046 0.046 0.047 0.049 0.056 0.067 0.084 0.103 0.124 0.146 0.166 0.180 0.188 0.192 0.192 0.194 0.200 0.228 0.300 0.429 0.549 0.605 0.620 0.620 0.608 0.588 0.557 0.517 0.490 0.478 0.476 0.482 0.495 0.511 0.519 0.522 0.523 0.526 0.542 0.576 0.633 0.705 0.772 0.825 0.873
0.025 0.024 0.023 0.022 0.021 0.020 0.019 0.017 0.016 0.016 0.015 0.015 0.015 0.015 0.015 0.015 0.015 0.015 0.015 0.016 0.017 0.019 0.021 0.024 0.027 0.029 0.032 0.034 0.035 0.036 0.036 0.036 0.036 0.036 0.036 0.037 0.040 0.047 0.056 0.068 0.083 0.102 0.125 0.147 0.161 0.170 0.177 0.185 0.197 0.230 0.316 0.477 0.643 0.726 0.746 0.742 0.726 0.695 0.639 0.557 0.497 0.474 0.471 0.474 0.481 0.494 0.509 0.526 0.547 0.578 0.619 0.673 0.736 0.792 0.828 0.853 0.881
0.021 0.020 0.020 0.019 0.019 0.018 0.016 0.015 0.014 0.014 0.013 0.013 0.013 0.013 0.012 0.012 0.012 0.012 0.013 0.013 0.014 0.015 0.017 0.019 0.020 0.022 0.024 0.025 0.026 0.027 0.027 0.027 0.028 0.028 0.028 0.029 0.031 0.034 0.040 0.047 0.056 0.068 0.084 0.101 0.117 0.131 0.145 0.159 0.178 0.219 0.310 0.478 0.661 0.764 0.797 0.799 0.788 0.760 0.703 0.603 0.516 0.478 0.473 0.475 0.480 0.491 0.509 0.546 0.610 0.695 0.768 0.818 0.847 0.860 0.860 0.859 0.868
0.015 0.015 0.015 0.014 0.014 0.014 0.013 0.012 0.012 0.011 0.010 0.010 0.010 0.010 0.010 0.010 0.010 0.010 0.010 0.010 0.011 0.012 0.013 0.014 0.015 0.016 0.017 0.018 0.019 0.020 0.020 0.020 0.021 0.021 0.022 0.023 0.024 0.026 0.029 0.033 0.039 0.046 0.054 0.063 0.073 0.083 0.095 0.112 0.136 0.180 0.270 0.430 0.620 0.739 0.790 0.805 0.801 0.780 0.729 0.634 0.541 0.494 0.482 0.481 0.485 0.494 0.517 0.571 0.673 0.797 0.876 0.905 0.907 0.893 0.870 0.847 0.829
0.010 0.010 0.010 0.010 0.010 0.010 0.009 0.009 0.008 0.008 0.008 0.007 0.007 0.007 0.007 0.007 0.007 0.007 0.007 0.008 0.008 0.009 0.010 0.011 0.012 0.012 0.013 0.013 0.014 0.014 0.015 0.015 0.016 0.016 0.017 0.017 0.018 0.020 0.022 0.024 0.028 0.032 0.036 0.040 0.044 0.049 0.056 0.066 0.082 0.115 0.184 0.307 0.474 0.610 0.696 0.743 0.761 0.754 0.717 0.638 0.550 0.502 0.485 0.482 0.484 0.493 0.517 0.578 0.694 0.831 0.910 0.930 0.922 0.897 0.862 0.816 0.762
0.007 0.007 0.007 0.007 0.007 0.007 0.006 0.006 0.006 0.005 0.005 0.005 0.005 0.005 0.005 0.005 0.005 0.005 0.005 0.006 0.006 0.007 0.007 0.008 0.009 0.009 0.009 0.010 0.010 0.010 0.011 0.011 0.011 0.012 0.012 0.013 0.014 0.015 0.016 0.018 0.020 0.022 0.025 0.027 0.029 0.031 0.034 0.039 0.047 0.063 0.096 0.156 0.251 0.363 0.471 0.558 0.609 0.629 0.622 0.586 0.526 0.485 0.467 0.461 0.461 0.468 0.493 0.557 0.676 0.813 0.890 0.908 0.900 0.872 0.825 0.761 0.675
0.005 0.004 0.004 0.004 0.004 0.004 0.004 0.004 0.004 0.004 0.003 0.003 0.003 0.003 0.003 0.003 0.003 0.004 0.004 0.004 0.004 0.005 0.005 0.006 0.006 0.006 0.007 0.007 0.007 0.007 0.008 0.008 0.008 0.009 0.009 0.009 0.010 0.011 0.012 0.013 0.014 0.016 0.017 0.019 0.020 0.021 0.023 0.025 0.029 0.036 0.049 0.073 0.109 0.160 0.224 0.290 0.347 0.390 0.420 0.434 0.424 0.406 0.391 0.383 0.381 0.386 0.408 0.466 0.573 0.698 0.773 0.799 0.798 0.778 0.736 0.666 0.563
0.003 0.003 0.003 0.003 0.003 0.002 0.002 0.002 0.002 0.002 0.002 0.002 0.002 0.002 0.002 0.002 0.002 0.002 0.002 0.003 0.003 0.003 0.004 0.004 0.004 0.004 0.005 0.005 0.005 0.005 0.005 0.006 0.006 0.006 0.006 0.007 0.007 0.008 0.008 0.009 0.010 0.011 0.012 0.013 0.014 0.015 0.016 0.018 0.020 0.023 0.029 0.037 0.051 0.070 0.095 0.126 0.157 0.187 0.216 0.238 0.249 0.253 0.249 0.243 0.240 0.241 0.254 0.290 0.361 0.456 0.530 0.571 0.587 0.586 0.563 0.506 0.409
0.001 0.001 0.001 0.001 0.001 0.001 0.001 0.001 0.001 0.001 0.001 0.001 0.001 0.001 0.001 0.001 0.001 0.001 0.001 0.002 0.002 0.002 0.002 0.003 0.003 0.003 0.003 0.003 0.003 0.003 0.003 0.004 0.004 0.004 0.004 0.004 0.005 0.005 0.006 0.006 0.007 0.008 0.009 0.009 0.010 0.011 0.012 0.013 0.014 0.016 0.019 0.023 0.028 0.036 0.046 0.058 0.073 0.089 0.106 0.119 0.125 0.127 0.127 0.124 0.121 0.121 0.125 0.139 0.169 0.217 0.268 0.304 0.324 0.330 0.324 0.297 0.242
0.000 0.000 0.000 0.000 0.000 0.000 0.000 0.000 0.000 0.000 0.000 0.000 0.000 0.000 0.000 0.000 0.000 0.001 0.001 0.001 0.001 0.001 0.001 0.001 0.002 0.002 0.002 0.002 0.002 0.002 0.002 0.002 0.002 0.002 0.002 0.003 0.003 0.003 0.003 0.004 0.004 0.005 0.006 0.006 0.007 0.008 0.008 0.009 0.010 0.011 0.013 0.015 0.018 0.022 0.027 0.032 0.039 0.047 0.056 0.062 0.065 0.065 0.065 0.063 0.062 0.061 0.062 0.067 0.078 0.097 0.122 0.142 0.154 0.159 0.159 0.149 0.126
