RESULTS/r.avaflow_results/14b_results/14b_ascii/14b_hflow30007.asc
ncols 506
nrows 317
xllcenter 498237.50
yllcenter 5580050.00
cellsize 12.50
NODATA_value -9999.000
[rows 204 to 237 of 317, columns 231 to 307 of 506]
0.001 0.001 0.002 0.002 0.003 0.004 0.005 0.006 0.008 0.009 0.011 0.013 0.016 0.018 0.019 0.019 0.019 0.019 0.018 0.016 0.016 0.015 0.016 0.016 0.016 0.016 0.016 0.016 0.016 0.016 0.016 0.016 0.016 0.017 0.017 0.017 0.018 0.019 0.019 0.020 0.020 0.021 0.021 0.023 0.024 0.025 0.026 0.027 0.027 0.028 0.030 0.032 0.034 0.036 0.039 0.042 0.048 0.054 0.058 0.058 0.056 0.049 0.043 0.038 0.035 0.033 0.033 0.033 0.035 0.037 0.041 0.045 0.050 0.056 0.062 0.070 0.078
0.000 0.000 0.001 0.001 0.002 0.002 0.003 0.004 0.005 0.006 0.008 0.010 0.011 0.012 0.013 0.013 0.013 0.013 0.013 0.012 0.012 0.012 0.012 0.013 0.013 0.013 0.014 0.014 0.014 0.014 0.014 0.014 0.015 0.015 0.015 0.016 0.016 0.017 0.017 0.017 0.018 0.018 0.019 0.020 0.022 0.023 0.024 0.025 0.026 0.027 0.028 0.030 0.033 0.034 0.036 0.038 0.042 0.046 0.049 0.049 0.047 0.043 0.039 0.036 0.034 0.033 0.033 0.033 0.035 0.038 0.042 0.048 0.057 0.069 0.085 0.099 0.114
0.000 0.000 0.000 0.000 0.001 0.001 0.002 0.003 0.003 0.004 0.005 0.007 0.008 0.009 0.009 0.010 0.010 0.010 0.010 0.010 0.010 0.010 0.010 0.010 0.011 0.011 0.012 0.012 0.012 0.013 0.013 0.013 0.013 0.014 0.014 0.014 0.015 0.015 0.016 0.016 0.017 0.018 0.018 0.020 0.021 0.022 0.023 0.024 0.025 0.027 0.028 0.031 0.033 0.034 0.036 0.037 0.039 0.042 0.044 0.044 0.043 0.040 0.036 0.034 0.033 0.033 0.033 0.034 0.036 0.040 0.046 0.056 0.074 0.102 0.133 0.159 0.178
0.000 0.000 0.000 0.000 0.000 0.000 0.001 0.001 0.002 0.003 0.004 0.005 0.005 0.006 0.007 0.007 0.007 0.007 0.007 0.008 0.008 0.008 0.008 0.009 0.009 0.009 0.010 0.010 0.011 0.011 0.012 0.012 0.012 0.013 0.013 0.013 0.014 0.014 0.015 0.016 0.016 0.017 0.018 0.019 0.020 0.022 0.023 0.024 0.026 0.027 0.029 0.032 0.033 0.035 0.036 0.037 0.038 0.040 0.042 0.042 0.041 0.038 0.035 0.034 0.033 0.033 0.033 0.035 0.038 0.044 0.054 0.072 0.108 0.159 0.203 0.229 0.241
0.000 0.000 0.000 0.000 0.000 0.000 0.000 0.000 0.001 0.001 0.002 0.003 0.003 0.004 0.004 0.005 0.005 0.005 0.006 0.006 0.006 0.006 0.007 0.007 0.007 0.008 0.008 0.009 0.010 0.010 0.011 0.011 0.011 0.012 0.012 0.013 0.013 0.014 0.014 0.015 0.016 0.017 0.018 0.019 0.020 0.022 0.023 0.025 0.027 0.030 0.032 0.034 0.036 0.036 0.037 0.037 0.038 0.040 0.041 0.041 0.040 0.038 0.035 0.034 0.033 0.033 0.034 0.037 0.042 0.051 0.068 0.100 0.150 0.208 0.248 0.267 0.270
0.000 0.000 0.000 0.000 0.000 0.000 0.000 0.000 0.000 0.000 0.001 0.001 0.002 0.002 0.003 0.003 0.003 0.004 0.004 0.004 0.004 0.005 0.005 0.006 0.006 0.007 0.007 0.008 0.008 0.009 0.010 0.010 0.011 0.011 0.012 0.012 0.013 0.013 0.014 0.015 0.015 0.016 0.018 0.019 0.020 0.022 0.024 0.028 0.031 0.034 0.037 0.039 0.040 0.039 0.038 0.038 0.038 0.040 0.041 0.041 0.040 0.037 0.035 0.034 0.034 0.035 0.037 0.041 0.049 0.062 0.085 0.123 0.177 0.228 0.259 0.273 0.272
0.000 0.000 0.000 0.000 0.000 0.000 0.000 0.000 0.000 0.000 0.000 0.001 0.001 0.001 0.001 0.002 0.002 0.002 0.003 0.003 0.003 0.004 0.004 0.004 0.005 0.005 0.006 0.007 0.008 0.008 0.009 0.010 0.010 0.011 0.012 0.012 0.013 0.013 0.014 0.014 0.015 0.016 0.017 0.019 0.020 0.023 0.026 0.032 0.037 0.041 0.044 0.045 0.043 0.041 0.039 0.038 0.038 0.039 0.041 0.041 0.040 0.037 0.036 0.036 0.036 0.038 0.041 0.048 0.058 0.073 0.098 0.135 0.185 0.226 0.249 0.254 0.247
0.000 0.000 0.000 0.000 0.000 0.000 0.000 0.000 0.000 0.000 0.000 0.000 0.000 0.000 0.001 0.001 0.001 0.001 0.002 0.002 0.002 0.003 0.003 0.003 0.004 0.004 0.005 0.006 0.007 0.008 0.008 0.009 0.010 0.011 0.011 0.012 0.013 0.013 0.014 0.014 0.015 0.016 0.017 0.019 0.021 0.024 0.029 0.037 0.044 0.048 0.049 0.048 0.044 0.041 0.038 0.038 0.038 0.039 0.040 0.040 0.039 0.038 0.037 0.038 0.040 0.043 0.047 0.054 0.064 0.079 0.103 0.138 0.178 0.204 0.211 0.203 0.182
0.000 0.000 0.000 0.000 0.000 0.000 0.000 0.000 0.000 0.000 0.000 0.000 0.000 0.000 0.000 0.000 0.000 0.001 0.001 0.001 0.001 0.002 0.002 0.002 0.003 0.004 0.004 0.005 0.006 0.007 0.008 0.009 0.010 0.011 0.011 0.012 0.012 0.013 0.013 0.014 0.015 0.016 0.017 0.019 0.021 0.026 0.033 0.043 0.049 0.051 0.051 0.048 0.044 0.040 0.038 0.037 0.037 0.038 0.039 0.039 0.039 0.038 0.038 0.040 0.042 0.046 0.051 0.057 0.066 0.080 0.102 0.128 0.148 0.153 0.146 0.129 0.105
0.000 0.000 0.000 0.000 0.000 0.000 0.000 0.000 0.000 0.000 0.000 0.000 0.000 0.000 0.000 0.000 0.000 0.000 0.000 0.000 0.001 0.001 0.001 0.002 0.002 0.003 0.003 0.004 0.005 0.006 0.007 0.008 0.009 0.011 0.011 0.012 0.012 0.013 0.013 0.014 0.015 0.016 0.017 0.019 0.022 0.028 0.037 0.046 0.051 0.052 0.051 0.048 0.043 0.039 0.036 0.035 0.035 0.036 0.037 0.037 0.037 0.038 0.038 0.040 0.043 0.047 0.051 0.057 0.065 0.076 0.090 0.099 0.100 0.096 0.088 0.075 0.061
0.000 0.000 0.000 0.000 0.000 0.000 0.000 0.000 0.000 0.000 0.000 0.000 0.000 0.000 0.000 0.000 0.000 0.000 0.000 0.000 0.000 0.000 0.001 0.001 0.001 0.002 0.003 0.003 0.004 0.005 0.006 0.008 0.009 0.010 0.011 0.012 0.012 0.013 0.013 0.014 0.015 0.016 0.017 0.020 0.024 0.030 0.040 0.047 0.051 0.052 0.051 0.047 0.042 0.037 0.034 0.033 0.032 0.033 0.033 0.034 0.035 0.036 0.037 0.039 0.042 0.046 0.050 0.054 0.059 0.063 0.066 0.065 0.063 0.060 0.055 0.047 0.040
0.000 0.000 0.000 0.000 0.000 0.000 0.000 0.000 0.000 0.000 0.000 0.000 0.000 0.000 0.000 0.000 0.000 0.000 0.000 0.000 0.000 0.000 0.000 0.001 0.001 0.001 0.002 0.003 0.003 0.005 0.006 0.007 0.009 0.010 0.011 0.012 0.013 0.013 0.014 0.014 0.015 0.016 0.018 0.021 0.025 0.032 0.041 0.047 0.049 0.050 0.048 0.045 0.039 0.035 0.032 0.030 0.029 0.029 0.029 0.030 0.031 0.032 0.034 0.036 0.039 0.042 0.044 0.045 0.046 0.046 0.045 0.045 0.044 0.042 0.039 0.035 0.032
0.000 0.000 0.000 0.000 0.000 0.000 0.000 0.000 0.000 0.000 0.000 0.000 0.000 0.000 0.000 0.000 0.000 0.000 0.000 0.000 0.000 0.000 0.000 0.000 0.000 0.001 0.001 0.002 0.003 0.004 0.005 0.006 0.008 0.009 0.010 0.012 0.012 0.013 0.014 0.015 0.015 0.017 0.018 0.021 0.026 0.033 0.040 0.044 0.045 0.045 0.043 0.040 0.035 0.031 0.028 0.026 0.025 0.024 0.024 0.025 0.025 0.027 0.029 0.031 0.032 0.034 0.034 0.034 0.034 0.034 0.034 0.034 0.034 0.033 0.031 0.029 0.028
0.000 0.000 0.000 0.000 0.000 0.000 0.000 0.000 0.000 0.000 0.000 0.000 0.000 0.000 0.000 0.000 0.000 0.000 0.000 0.000 0.000 0.000 0.000 0.000 0.000 0.000 0.001 0.001 0.002 0.003 0.004 0.005 0.007 0.008 0.010 0.011 0.012 0.013 0.014 0.015 0.016 0.017 0.019 0.022 0.026 0.033 0.037 0.039 0.039 0.037 0.035 0.032 0.029 0.026 0.023 0.022 0.021 0.021 0.021 0.021 0.021 0.022 0.024 0.025 0.026 0.026 0.026 0.026 0.027 0.027 0.028 0.029 0.029 0.029 0.028 0.027 0.027
0.000 0.000 0.000 0.000 0.000 0.000 0.000 0.000 0.000 0.000 0.000 0.000 0.000 0.000 0.000 0.000 0.000 0.000 0.000 0.000 0.000 0.000 0.000 0.000 0.000 0.000 0.000 0.001 0.001 0.002 0.003 0.004 0.006 0.007 0.009 0.010 0.012 0.013 0.014 0.015 0.016 0.017 0.019 0.022 0.026 0.030 0.031 0.031 0.030 0.029 0.027 0.025 0.023 0.021 0.019 0.019 0.018 0.018 0.018 0.018 0.019 0.019 0.020 0.021 0.021 0.021 0.021 0.022 0.022 0.023 0.024 0.026 0.027 0.027 0.027 0.027 0.027
0.000 0.000 0.000 0.000 0.000 0.000 0.000 0.000 0.000 0.000 0.000 0.000 0.000 0.000 0.000 0.000 0.000 0.000 0.000 0.000 0.000 0.000 0.000 0.000 0.000 0.000 0.000 0.000 0.001 0.001 0.002 0.003 0.005 0.006 0.008 0.009 0.011 0.012 0.014 0.015 0.016 0.017 0.019 0.021 0.024 0.025 0.025 0.025 0.024 0.022 0.021 0.020 0.019 0.018 0.017 0.017 0.016 0.016 0.016 0.017 0.017 0.017 0.018 0.018 0.018 0.018 0.019 0.019 0.020 0.021 0.022 0.024 0.026 0.027 0.027 0.028 0.029
0.000 0.000 0.000 0.000 0.000 0.000 0.000 0.000 0.000 0.000 0.000 0.000 0.000 0.000 0.000 0.000 0.000 0.000 0.000 0.000 0.000 0.000 0.000 0.000 0.000 0.000 0.000 0.000 0.000 0.001 0.002 0.002 0.004 0.005 0.006 0.008 0.010 0.012 0.013 0.015 0.016 0.017 0.018 0.020 0.020 0.020 0.020 0.020 0.019 0.018 0.017 0.017 0.016 0.016 0.015 0.015 0.015 0.015 0.015 0.016 0.016 0.016 0.016 0.016 0.017 0.017 0.017 0.018 0.018 0.020 0.021 0.024 0.026 0.027 0.029 0.031 0.032
0.000 0.000 0.000 0.000 0.000 0.000 0.000 0.000 0.000 0.000 0.000 0.000 0.000 0.000 0.000 0.000 0.000 0.000 0.000 0.000 0.000 0.000 0.000 0.000 0.000 0.000 0.000 0.000 0.000 0.000 0.001 0.002 0.003 0.004 0.005 0.007 0.009 0.011 0.013 0.014 0.015 0.016 0.017 0.017 0.017 0.017 0.017 0.016 0.016 0.016 0.015 0.014 0.014 0.014 0.014 0.014 0.014 0.015 0.015 0.015 0.015 0.015 0.015 0.016 0.016 0.016 0.016 0.017 0.018 0.019 0.021 0.024 0.026 0.029 0.033 0.037 0.041
0.000 0.000 0.000 0.000 0.000 0.000 0.000 0.000 0.000 0.000 0.000 0.000 0.000 0.000 0.000 0.000 0.000 0.000 0.000 0.000 0.000 0.000 0.000 0.000 0.000 0.000 0.000 0.000 0.000 0.000 0.001 0.001 0.002 0.003 0.004 0.006 0.008 0.010 0.011 0.013 0.014 0.014 0.014 0.014 0.014 0.014 0.014 0.014 0.013 0.013 0.013 0.012 0.012 0.012 0.013 0.013 0.013 0.014 0.014 0.015 0.015 0.015 0.015 0.015 0.015 0.016 0.016 0.017 0.018 0.019 0.021 0.025 0.029 0.034 0.042 0.051 0.057
0.000 0.000 0.000 0.000 0.000 0.000 0.000 0.000 0.000 0.000 0.000 0.000 0.000 0.000 0.000 0.000 0.000 0.000 0.000 0.000 0.000 0.000 0.000 0.000 0.000 0.000 0.000 0.000 0.000 0.000 0.000 0.001 0.001 0.002 0.003 0.004 0.006 0.008 0.010 0.011 0.011 0.011 0.011 0.011 0.011 0.011 0.011 0.011 0.011 0.011 0.011 0.011 0.011 0.011 0.012 0.012 0.013 0.013 0.014 0.014 0.014 0.015 0.015 0.015 0.015 0.016 0.016 0.017 0.018 0.020 0.023 0.028 0.035 0.046 0.064 0.080 0.090
0.000 0.000 0.000 0.000 0.000 0.000 0.000 0.000 0.000 0.000 0.000 0.000 0.000 0.000 0.000 0.000 0.000 0.000 0.000 0.000 0.000 0.000 0.000 0.000 0.000 0.000 0.000 0.000 0.000 0.000 0.000 0.000 0.001 0.001 0.002 0.003 0.005 0.006 0.007 0.008 0.008 0.008 0.008 0.008 0.008 0.008 0.009 0.009 0.009 0.009 0.009 0.009 0.010 0.010 0.011 0.011 0.012 0.013 0.014 0.014 0.014 0.014 0.015 0.015 0.015 0.016 0.016 0.017 0.019 0.022 0.027 0.035 0.051 0.077 0.115 0.146 0.163
0.000 0.000 0.000 0.000 0.000 0.000 0.000 0.000 0.000 0.000 0.000 0.000 0.000 0.000 0.000 0.000 0.000 0.000 0.000 0.000 0.000 0.000 0.000 0.000 0.000 0.000 0.000 0.000 0.000 0.000 0.000 0.000 0.000 0.001 0.001 0.002 0.003 0.004 0.005 0.005 0.006 0.006 0.006 0.006 0.006 0.006 0.006 0.007 0.007 0.007 0.008 0.008 0.008 0.009 0.009 0.010 0.011 0.012 0.013 0.014 0.014 0.014 0.015 0.015 0.015 0.016 0.016 0.018 0.021 0.026 0.035 0.052 0.085 0.144 0.228 0.288 0.318
0.000 0.000 0.000 0.000 0.000 0.000 0.000 0.000 0.000 0.000 0.000 0.000 0.000 0.000 0.000 0.000 0.000 0.000 0.000 0.000 0.000 0.000 0.000 0.000 0.000 0.000 0.000 0.000 0.000 0.000 0.000 0.000 0.000 0.000 0.001 0.001 0.002 0.003 0.003 0.003 0.004 0.004 0.004 0.004 0.004 0.004 0.005 0.005 0.005 0.006 0.006 0.006 0.007 0.008 0.008 0.009 0.010 0.011 0.012 0.013 0.014 0.014 0.014 0.015 0.015 0.016 0.017 0.019 0.023 0.030 0.044 0.071 0.123 0.218 0.356 0.459 0.504
0.000 0.000 0.000 0.000 0.000 0.000 0.000 0.000 0.000 0.000 0.000 0.000 0.000 0.000 0.000 0.000 0.000 0.000 0.000 0.000 0.000 0.000 0.000 0.000 0.000 0.000 0.000 0.000 0.000 0.000 0.000 0.000 0.000 0.000 0.000 0.000 0.001 0.001 0.002 0.002 0.002 0.002 0.002 0.002 0.003 0.003 0.003 0.003 0.004 0.004 0.005 0.005 0.006 0.006 0.007 0.008 0.009 0.010 0.011 0.012 0.013 0.013 0.014 0.014 0.015 0.015 0.017 0.019 0.024 0.032 0.048 0.079 0.138 0.247 0.411 0.535 0.588
0.000 0.000 0.000 0.000 0.000 0.000 0.000 0.000 0.000 0.000 0.000 0.000 0.000 0.000 0.000 0.000 0.000 0.000 0.000 0.000 0.000 0.000 0.000 0.000 0.000 0.000 0.000 0.000 0.000 0.000 0.000 0.000 0.000 0.000 0.000 0.000 0.000 0.001 0.001 0.001 0.001 0.001 0.001 0.001 0.001 0.002 0.002 0.002 0.002 0.003 0.003 0.004 0.004 0.005 0.006 0.007 0.008 0.009 0.010 0.011 0.011 0.012 0.013 0.013 0.014 0.015 0.017 0.019 0.024 0.032 0.048 0.078 0.136 0.243 0.405 0.527 0.579
0.000 0.000 0.000 0.000 0.000 0.000 0.000 0.000 0.000 0.000 0.000 0.000 0.000 0.000 0.000 0.000 0.000 0.000 0.000 0.000 0.000 0.000 0.000 0.000 0.000 0.000 0.000 0.000 0.000 0.000 0.000 0.000 0.000 0.000 0.000 0.000 0.000 0.000 0.000 0.000 0.000 0.000 0.000 0.000 0.000 0.001 0.001 0.001 0.001 0.002 0.002 0.003 0.003 0.004 0.004 0.005 0.006 0.007 0.008 0.009 0.010 0.011 0.011 0.012 0.013 0.014 0.016 0.018 0.022 0.029 0.042 0.066 0.112 0.197 0.325 0.417 0.456
0.000 0.000 0.000 0.000 0.000 0.000 0.000 0.000 0.000 0.000 0.000 0.000 0.000 0.000 0.000 0.000 0.000 0.000 0.000 0.000 0.000 0.000 0.000 0.000 0.000 0.000 0.000 0.000 0.000 0.000 0.000 0.000 0.000 0.000 0.000 0.000 0.000 0.000 0.000 0.000 0.000 0.000 0.000 0.000 0.000 0.000 0.000 0.000 0.001 0.001 0.001 0.002 0.002 0.003 0.003 0.004 0.004 0.005 0.006 0.007 0.008 0.008 0.009 0.010 0.011 0.012 0.014 0.016 0.018 0.022 0.030 0.042 0.065 0.108 0.171 0.211 0.226
0.000 0.000 0.000 0.000 0.000 0.000 0.000 0.000 0.000 0.000 0.000 0.000 0.000 0.000 0.000 0.000 0.000 0.000 0.000 0.000 0.000 0.000 0.000 0.000 0.000 0.000 0.000 0.000 0.000 0.000 0.000 0.000 0.000 0.000 0.000 0.000 0.000 0.000 0.000 0.000 0.000 0.000 0.000 0.000 0.000 0.000 0.000 0.000 0.000 0.000 0.001 0.001 0.001 0.002 0.002 0.003 0.003 0.004 0.004 0.005 0.006 0.006 0.007 0.008 0.008 0.009 0.010 0.012 0.013 0.015 0.019 0.024 0.034 0.051 0.075 0.088 0.090
0.000 0.000 0.000 0.000 0.000 0.000 0.000 0.000 0.000 0.000 0.000 0.000 0.000 0.000 0.000 0.000 0.000 0.000 0.000 0.000 0.000 0.000 0.000 0.000 0.000 0.000 0.000 0.000 0.000 0.000 0.000 0.000 0.000 0.000 0.000 0.000 0.000 0.000 0.000 0.000 0.000 0.000 0.000 0.000 0.000 0.000 0.000 0.000 0.000 0.000 0.000 0.000 0.001 0.001 0.001 0.002 0.002 0.002 0.003 0.003 0.004 0.005 0.005 0.006 0.006 0.007 0.008 0.008 0.009 0.011 0.013 0.015 0.020 0.028 0.036 0.040 0.041
0.000 0.000 0.000 0.000 0.000 0.000 0.000 0.000 0.000 0.000 0.000 0.000 0.000 0.000 0.000 0.000 0.000 0.000 0.000 0.000 0.000 0.000 0.000 0.000 0.000 0.000 0.000 0.000 0.000 0.000 0.000 0.000 0.000 0.000 0.000 0.000 0.000 0.000 0.000 0.000 0.000 0.000 0.000 0.000 0.000 0.000 0.000 0.000 0.000 0.000 0.000 0.000 0.000 0.000 0.001 0.001 0.001 0.001 0.002 0.002 0.003 0.003 0.003 0.004 0.004 0.005 0.005 0.006 0.007 0.008 0.009 0.011 0.013 0.017 0.020 0.022 0.022
0.000 0.000 0.000 0.000 0.000 0.000 0.000 0.000 0.000 0.000 0.000 0.000 0.000 0.000 0.000 0.000 0.000 0.000 0.000 0.000 0.000 0.000 0.000 0.000 0.000 0.000 0.000 0.000 0.000 0.000 0.000 0.000 0.000 0.000 0.000 0.000 0.000 0.000 0.000 0.000 0.000 0.000 0.000 0.000 0.000 0.000 0.000 0.000 0.000 0.000 0.000 0.000 0.000 0.000 0.000 0.000 0.000 0.001 0.001 0.001 0.002 0.002 0.002 0.003 0.003 0.003 0.004 0.004 0.005 0.005 0.006 0.007 0.009 0.011 0.013 0.013 0.013
0.000 0.000 0.000 0.000 0.000 0.000 0.000 0.000 0.000 0.000 0.000 0.000 0.000 0.000 0.000 0.000 0.000 0.000 0.000 0.000 0.000 0.000 0.000 0.000 0.000 0.000 0.000 0.000 0.000 0.000 0.000 0.000 0.000 0.000 0.000 0.000 0.000 0.000 0.000 0.000 0.000 0.000 0.000 0.000 0.000 0.000 0.000 0.000 0.000 0.000 0.000 0.000 0.000 0.000 0.000 0.000 0.000 0.000 0.000 0.001 0.001 0.001 0.001 0.001 0.002 0.002 0.002 0.003 0.003 0.003 0.004 0.005 0.006 0.007 0.008 0.008 0.009
0.000 0.000 0.000 0.000 0.000 0.000 0.000 0.000 0.000 0.000 0.000 0.000 0.000 0.000 0.000 0.000 0.000 0.000 0.000 0.000 0.000 0.000 0.000 0.000 0.000 0.000 0.000 0.000 0.000 0.000 0.000 0.000 0.000 0.000 0.000 0.000 0.000 0.000 0.000 0.000 0.000 0.000 0.000 0.000 0.000 0.000 0.000 0.000 0.000 0.000 0.000 0.000 0.000 0.000 0.000 0.000 0.000 0.000 0.000 0.000 0.000 0.001 0.001 0.001 0.001 0.001 0.001 0.001 0.002 0.002 0.002 0.003 0.004 0.004 0.005 0.005 0.005
0.000 0.000 0.000 0.000 0.000 0.000 0.000 0.000 0.000 0.000 0.000 0.000 0.000 0.000 0.000 0.000 0.000 0.000 0.000 0.000 0.000 0.000 0.000 0.000 0.000 0.000 0.000 0.000 0.000 0.000 0.000 0.000 0.000 0.000 0.000 0.000 0.000 0.000 0.000 0.000 0.000 0.000 0.000 0.000 0.000 0.000 0.000 0.000 0.000 0.000 0.000 0.000 0.000 0.000 0.000 0.000 0.000 0.000 0.000 0.000 0.000 0.000 0.000 0.000 0.000 0.000 0.000 0.001 0.001 0.001 0.001 0.002 0.002 0.002 0.003 0.003 0.003
