RESULTS/r.avaflow_results/14b_results/14b_ascii/14b_hflow_max0014.asc
ncols 506
nrows 317
xllcenter 498237.50
yllcenter 5580050.00
cellsize 12.50
NODATA_value -9999.000
[rows 204 to 237 of 317, columns 0 to 75 of 506]
0.000 0.000 0.000 0.000 0.000 0.000 0.000 0.000 0.000 0.000 0.000 0.000 0.000 0.000 0.000 0.000 0.000 0.000 0.000 0.000 0.000 0.000 0.000 0.000 0.000 0.000 0.000 0.000 0.000 0.000 0.000 0.000 0.000 0.000 0.000 0.000 0.000 0.000 0.000 0.000 0.000 0.000 0.000 0.000 0.001 0.002 0.005 0.018 0.073 0.237 0.578 1.066 1.552 1.944 2.251 2.489 2.650 2.740 2.778 2.783 2.763 2.690 2.557 2.366 2.143 1.909 1.709 1.528 1.356 1.493 1.901 2.231 2.479 2.671 2.827 2.951
0.000 0.000 0.000 0.000 0.000 0.000 0.000 0.000 0.000 0.000 0.000 0.000 0.000 0.000 0.000 0.000 0.000 0.000 0.000 0.000 0.000 0.000 0.000 0.000 0.000 0.000 0.000 0.000 0.000 0.000 0.000 0.000 0.000 0.000 0.000 0.000 0.000 0.000 0.000 0.000 0.000 0.000 0.000 0.001 0.001 0.002 0.002 0.004 0.013 0.048 0.157 0.384 0.741 1.157 1.573 1.957 2.273 2.490 2.599 2.630 2.618 2.554 2.439 2.279 2.096 1.897 1.723 1.568 1.416 1.975 2.453 2.788 3.005 3.141 3.223 3.276
0.000 0.000 0.000 0.000 0.000 0.000 0.000 0.000 0.000 0.000 0.000 0.000 0.000 0.000 0.000 0.000 0.000 0.000 0.000 0.000 0.000 0.000 0.000 0.000 0.000 0.000 0.000 0.000 0.000 0.000 0.000 0.000 0.000 0.000 0.000 0.000 0.000 0.000 0.000 0.000 0.000 0.001 0.002 0.002 0.002 0.002 0.002 0.003 0.004 0.010 0.030 0.089 0.212 0.408 0.677 1.040 1.489 1.922 2.180 2.265 2.260 2.210 2.131 2.038 1.942 1.837 1.726 1.612 1.823 2.536 3.096 3.452 3.652 3.738 3.759 3.738
0.000 0.000 0.000 0.000 0.000 0.000 0.000 0.000 0.000 0.000 0.000 0.000 0.000 0.000 0.000 0.000 0.000 0.000 0.000 0.000 0.000 0.000 0.000 0.000 0.000 0.000 0.000 0.000 0.000 0.000 0.000 0.000 0.000 0.000 0.000 0.000 0.000 0.000 0.000 0.001 0.002 0.002 0.003 0.003 0.003 0.003 0.003 0.003 0.004 0.006 0.009 0.021 0.049 0.106 0.207 0.387 0.700 1.160 1.558 1.745 1.786 1.786 1.778 1.768 1.770 1.755 1.723 1.819 2.320 3.184 3.835 4.239 4.431 4.479 4.433 4.357
0.000 0.000 0.000 0.000 0.000 0.000 0.000 0.000 0.000 0.000 0.000 0.000 0.000 0.000 0.000 0.000 0.000 0.000 0.000 0.000 0.000 0.000 0.000 0.000 0.000 0.000 0.000 0.000 0.000 0.000 0.000 0.000 0.000 0.000 0.000 0.000 0.000 0.000 0.001 0.002 0.004 0.004 0.004 0.004 0.004 0.004 0.004 0.004 0.005 0.006 0.009 0.013 0.021 0.034 0.065 0.132 0.297 0.632 1.033 1.329 1.462 1.532 1.600 1.673 1.720 1.754 1.944 2.304 2.909 3.932 4.695 5.149 5.334 5.343 5.246 5.164
0.000 0.000 0.000 0.000 0.000 0.000 0.000 0.000 0.000 0.000 0.000 0.000 0.000 0.000 0.000 0.000 0.000 0.000 0.000 0.000 0.000 0.000 0.000 0.000 0.000 0.000 0.000 0.000 0.000 0.000 0.000 0.000 0.000 0.000 0.000 0.000 0.000 0.001 0.002 0.005 0.006 0.006 0.006 0.006 0.006 0.006 0.006 0.007 0.008 0.009 0.011 0.014 0.020 0.029 0.045 0.081 0.179 0.409 0.784 1.113 1.327 1.482 1.600 1.686 1.763 1.973 2.419 2.896 3.631 4.803 5.682 6.173 6.337 6.323 6.223 6.198
0.000 0.000 0.000 0.000 0.000 0.000 0.000 0.000 0.000 0.000 0.000 0.000 0.000 0.000 0.000 0.000 0.000 0.000 0.000 0.000 0.000 0.000 0.000 0.000 0.000 0.000 0.000 0.000 0.000 0.000 0.000 0.000 0.000 0.000 0.000 0.000 0.001 0.002 0.005 0.008 0.009 0.010 0.010 0.009 0.009 0.009 0.010 0.010 0.012 0.014 0.017 0.020 0.025 0.032 0.046 0.077 0.152 0.328 0.646 1.022 1.296 1.489 1.633 1.762 1.946 2.411 3.005 3.628 4.605 5.848 6.788 7.298 7.464 7.478 7.468 7.549
0.000 0.000 0.000 0.000 0.000 0.000 0.000 0.000 0.000 0.000 0.000 0.000 0.000 0.000 0.000 0.000 0.000 0.000 0.000 0.000 0.000 0.000 0.000 0.000 0.000 0.000 0.000 0.000 0.000 0.000 0.000 0.000 0.000 0.000 0.000 0.000 0.001 0.004 0.008 0.012 0.013 0.014 0.014 0.015 0.015 0.015 0.015 0.017 0.019 0.022 0.027 0.033 0.038 0.046 0.060 0.087 0.153 0.311 0.593 0.978 1.295 1.533 1.749 1.972 2.397 2.970 3.714 4.607 5.949 7.113 7.985 8.478 8.728 8.905 9.069 9.263
0.000 0.000 0.000 0.000 0.000 0.000 0.000 0.000 0.000 0.000 0.000 0.000 0.000 0.000 0.000 0.000 0.000 0.000 0.000 0.000 0.000 0.000 0.000 0.000 0.000 0.000 0.000 0.000 0.000 0.000 0.000 0.000 0.000 0.000 0.000 0.001 0.003 0.006 0.011 0.016 0.019 0.021 0.022 0.023 0.024 0.024 0.025 0.027 0.030 0.036 0.043 0.052 0.062 0.072 0.089 0.119 0.181 0.321 0.589 0.969 1.335 1.672 1.983 2.412 2.938 3.625 4.640 6.179 7.414 8.361 9.077 9.627 10.105 10.590 11.001 11.293
0.000 0.000 0.000 0.000 0.000 0.000 0.000 0.000 0.000 0.000 0.000 0.000 0.000 0.000 0.000 0.000 0.000 0.000 0.000 0.000 0.000 0.000 0.000 0.000 0.000 0.000 0.000 0.000 0.000 0.000 0.000 0.000 0.000 0.000 0.001 0.003 0.005 0.009 0.014 0.020 0.025 0.029 0.033 0.035 0.038 0.040 0.042 0.045 0.050 0.058 0.068 0.082 0.097 0.114 0.137 0.173 0.244 0.385 0.628 1.000 1.453 1.887 2.352 2.933 3.560 4.340 5.837 7.409 8.594 9.410 10.056 10.696 11.393 12.175 12.871 13.373
0.000 0.000 0.000 0.000 0.000 0.000 0.000 0.000 0.000 0.000 0.000 0.000 0.000 0.000 0.000 0.000 0.000 0.000 0.000 0.000 0.000 0.000 0.000 0.000 0.000 0.000 0.000 0.000 0.000 0.000 0.000 0.000 0.000 0.001 0.003 0.005 0.008 0.013 0.019 0.026 0.034 0.040 0.047 0.052 0.058 0.063 0.069 0.075 0.082 0.093 0.108 0.126 0.148 0.174 0.209 0.258 0.346 0.506 0.769 1.153 1.637 2.175 2.777 3.500 4.234 5.045 6.666 8.298 9.482 10.315 11.014 11.730 12.581 13.613 14.520 15.196
0.000 0.000 0.000 0.000 0.000 0.000 0.000 0.000 0.000 0.000 0.000 0.000 0.000 0.000 0.000 0.000 0.000 0.000 0.000 0.000 0.000 0.000 0.000 0.000 0.000 0.000 0.000 0.000 0.000 0.000 0.000 0.000 0.001 0.003 0.005 0.009 0.013 0.018 0.025 0.034 0.044 0.054 0.064 0.075 0.085 0.095 0.106 0.118 0.132 0.148 0.169 0.195 0.227 0.264 0.314 0.383 0.492 0.681 0.979 1.392 1.904 2.519 3.229 4.054 4.882 5.734 7.225 8.933 10.183 11.104 11.929 12.761 13.812 15.021 16.008 16.781
0.000 0.000 0.000 0.000 0.000 0.000 0.000 0.000 0.000 0.000 0.000 0.000 0.000 0.000 0.000 0.000 0.000 0.000 0.000 0.000 0.000 0.000 0.000 0.000 0.000 0.000 0.000 0.000 0.000 0.000 0.000 0.001 0.003 0.005 0.009 0.014 0.019 0.026 0.035 0.045 0.058 0.072 0.086 0.102 0.119 0.137 0.156 0.177 0.199 0.225 0.256 0.294 0.340 0.395 0.464 0.559 0.695 0.913 1.248 1.698 2.252 2.922 3.711 4.601 5.490 6.402 7.580 9.384 10.762 11.812 12.773 13.760 15.047 16.392 17.395 18.215
0.000 0.000 0.000 0.000 0.000 0.000 0.000 0.000 0.000 0.000 0.000 0.000 0.000 0.000 0.000 0.000 0.000 0.000 0.000 0.000 0.000 0.000 0.000 0.000 0.000 0.000 0.000 0.000 0.000 0.000 0.001 0.003 0.005 0.009 0.014 0.020 0.027 0.036 0.047 0.059 0.075 0.093 0.113 0.136 0.160 0.187 0.217 0.250 0.285 0.324 0.370 0.424 0.490 0.569 0.665 0.795 0.967 1.213 1.574 2.057 2.658 3.375 4.220 5.159 6.099 7.060 8.138 9.770 11.244 12.445 13.585 14.709 16.113 17.569 18.673 19.555
0.000 0.000 0.000 0.000 0.000 0.000 0.000 0.000 0.000 0.000 0.000 0.000 0.000 0.000 0.000 0.000 0.000 0.000 0.000 0.000 0.000 0.000 0.000 0.000 0.000 0.000 0.000 0.000 0.000 0.001 0.002 0.005 0.009 0.013 0.020 0.027 0.037 0.048 0.061 0.077 0.096 0.119 0.145 0.176 0.210 0.248 0.291 0.338 0.389 0.444 0.510 0.585 0.676 0.785 0.920 1.091 1.308 1.591 1.973 2.478 3.114 3.873 4.755 5.737 6.721 7.733 8.860 10.173 11.775 13.122 14.407 15.640 17.029 18.520 19.758 20.785
0.000 0.000 0.000 0.000 0.000 0.000 0.000 0.000 0.000 0.000 0.000 0.000 0.000 0.000 0.000 0.000 0.000 0.000 0.000 0.000 0.000 0.000 0.000 0.000 0.000 0.000 0.000 0.000 0.000 0.002 0.004 0.008 0.013 0.019 0.027 0.037 0.048 0.062 0.079 0.099 0.122 0.150 0.184 0.223 0.268 0.319 0.376 0.440 0.510 0.586 0.675 0.776 0.895 1.040 1.219 1.439 1.712 2.043 2.446 2.964 3.624 4.416 5.326 6.334 7.373 8.438 9.606 10.891 12.446 13.929 15.290 16.583 17.967 19.401 20.689 21.759
0.000 0.000 0.000 0.000 0.000 0.000 0.000 0.000 0.000 0.000 0.000 0.000 0.000 0.000 0.000 0.000 0.000 0.000 0.000 0.000 0.000 0.000 0.000 0.000 0.000 0.000 0.000 0.000 0.001 0.003 0.007 0.011 0.018 0.026 0.035 0.047 0.062 0.079 0.099 0.123 0.152 0.187 0.228 0.276 0.330 0.393 0.463 0.544 0.634 0.735 0.852 0.982 1.133 1.312 1.527 1.793 2.115 2.495 2.950 3.505 4.193 5.015 5.941 6.953 8.027 9.166 10.378 11.711 13.366 15.001 16.434 17.761 19.067 20.361 21.561 22.564
0.000 0.000 0.000 0.000 0.000 0.000 0.000 0.000 0.000 0.000 0.000 0.000 0.000 0.000 0.000 0.000 0.000 0.000 0.000 0.000 0.000 0.000 0.000 0.000 0.000 0.000 0.000 0.000 0.002 0.005 0.009 0.015 0.023 0.033 0.045 0.060 0.077 0.098 0.122 0.151 0.185 0.226 0.272 0.326 0.387 0.458 0.540 0.634 0.742 0.866 1.010 1.169 1.348 1.557 1.804 2.109 2.475 2.903 3.414 4.024 4.759 5.639 6.596 7.598 8.692 9.898 11.191 12.610 14.629 16.475 18.028 19.378 20.461 21.474 22.435 23.309
0.000 0.000 0.000 0.000 0.000 0.000 0.000 0.000 0.000 0.000 0.000 0.000 0.000 0.000 0.000 0.000 0.000 0.000 0.000 0.000 0.000 0.000 0.000 0.000 0.000 0.000 0.000 0.001 0.003 0.006 0.012 0.019 0.029 0.041 0.055 0.072 0.093 0.117 0.145 0.179 0.217 0.261 0.312 0.370 0.437 0.515 0.606 0.712 0.836 0.980 1.146 1.330 1.535 1.774 2.054 2.393 2.800 3.275 3.840 4.502 5.287 6.236 7.259 8.265 9.390 10.663 12.045 13.868 16.067 17.986 19.508 20.790 21.761 22.587 23.381 24.123
0.000 0.000 0.000 0.000 0.000 0.000 0.000 0.000 0.000 0.000 0.000 0.000 0.000 0.000 0.000 0.000 0.000 0.000 0.000 0.000 0.000 0.000 0.000 0.000 0.000 0.000 0.000 0.001 0.003 0.008 0.014 0.023 0.033 0.047 0.063 0.083 0.107 0.134 0.166 0.203 0.245 0.293 0.347 0.410 0.482 0.566 0.665 0.781 0.917 1.077 1.261 1.466 1.697 1.967 2.281 2.654 3.097 3.618 4.236 4.948 5.791 6.816 7.896 8.963 10.141 11.484 12.969 15.145 17.304 19.185 20.581 21.710 22.651 23.483 24.301 25.006
0.000 0.000 0.000 0.000 0.000 0.000 0.000 0.000 0.000 0.000 0.000 0.000 0.000 0.000 0.000 0.000 0.000 0.000 0.000 0.000 0.000 0.000 0.000 0.000 0.000 0.000 0.000 0.001 0.004 0.009 0.016 0.025 0.037 0.053 0.071 0.093 0.119 0.149 0.184 0.224 0.269 0.321 0.379 0.446 0.523 0.612 0.717 0.841 0.987 1.159 1.359 1.585 1.842 2.141 2.488 2.896 3.376 3.941 4.605 5.371 6.282 7.369 8.518 9.683 10.960 12.411 14.206 16.432 18.447 20.177 21.491 22.476 23.284 24.055 24.967 25.876
0.000 0.000 0.000 0.000 0.000 0.000 0.000 0.000 0.000 0.000 0.000 0.000 0.000 0.000 0.000 0.000 0.000 0.000 0.000 0.000 0.000 0.000 0.000 0.000 0.000 0.000 0.000 0.001 0.004 0.009 0.017 0.028 0.041 0.057 0.077 0.101 0.129 0.161 0.199 0.242 0.291 0.346 0.409 0.480 0.561 0.655 0.763 0.891 1.045 1.228 1.442 1.691 1.970 2.297 2.678 3.121 3.642 4.244 4.950 5.770 6.758 7.902 9.110 10.405 11.851 13.458 15.627 17.763 19.640 21.238 22.347 23.158 23.866 24.539 25.490 26.662
0.000 0.000 0.000 0.000 0.000 0.000 0.000 0.000 0.000 0.000 0.000 0.000 0.000 0.000 0.000 0.000 0.000 0.000 0.000 0.000 0.000 0.000 0.000 0.000 0.000 0.000 0.000 0.002 0.005 0.010 0.019 0.030 0.044 0.061 0.082 0.107 0.137 0.172 0.211 0.257 0.309 0.368 0.435 0.511 0.597 0.694 0.806 0.938 1.095 1.286 1.513 1.782 2.087 2.442 2.853 3.328 3.886 4.526 5.271 6.148 7.210 8.398 9.675 11.120 12.810 14.584 16.991 19.133 20.853 22.257 23.145 23.771 24.380 25.094 26.002 27.292
0.000 0.000 0.000 0.000 0.000 0.000 0.000 0.000 0.000 0.000 0.000 0.000 0.000 0.000 0.000 0.000 0.000 0.000 0.000 0.000 0.000 0.000 0.000 0.000 0.000 0.000 0.000 0.002 0.005 0.011 0.020 0.031 0.046 0.065 0.087 0.113 0.144 0.180 0.221 0.268 0.322 0.385 0.456 0.537 0.628 0.730 0.846 0.982 1.144 1.340 1.577 1.864 2.193 2.575 3.018 3.520 4.107 4.783 5.575 6.500 7.632 8.868 10.225 11.841 13.720 15.802 18.289 20.404 21.930 23.098 23.802 24.328 24.942 25.590 26.602 27.878
0.000 0.000 0.000 0.000 0.000 0.000 0.000 0.000 0.000 0.000 0.000 0.000 0.000 0.000 0.000 0.000 0.000 0.000 0.000 0.000 0.000 0.000 0.000 0.000 0.000 0.000 0.000 0.002 0.005 0.011 0.020 0.033 0.048 0.067 0.090 0.117 0.149 0.186 0.228 0.277 0.333 0.398 0.473 0.558 0.653 0.761 0.883 1.024 1.189 1.389 1.634 1.937 2.288 2.694 3.164 3.694 4.304 5.016 5.855 6.843 8.014 9.296 10.759 12.542 14.541 16.879 19.352 21.397 22.864 23.848 24.428 24.978 25.644 26.250 27.326 28.560
0.000 0.000 0.000 0.000 0.000 0.000 0.000 0.000 0.000 0.000 0.000 0.000 0.000 0.000 0.000 0.000 0.000 0.000 0.000 0.000 0.000 0.000 0.000 0.000 0.000 0.000 0.000 0.002 0.006 0.012 0.021 0.034 0.050 0.069 0.093 0.121 0.153 0.191 0.234 0.284 0.341 0.408 0.485 0.573 0.673 0.785 0.914 1.060 1.230 1.436 1.685 1.996 2.361 2.787 3.281 3.837 4.475 5.227 6.115 7.154 8.366 9.702 11.264 13.183 15.360 17.879 20.201 22.169 23.626 24.683 25.187 25.814 26.459 27.087 28.370 29.876
0.000 0.000 0.000 0.000 0.000 0.000 0.000 0.000 0.000 0.000 0.000 0.000 0.000 0.000 0.000 0.000 0.000 0.000 0.000 0.000 0.000 0.000 0.000 0.000 0.000 0.000 0.000 0.002 0.006 0.012 0.021 0.034 0.051 0.071 0.095 0.123 0.156 0.194 0.238 0.288 0.347 0.415 0.494 0.585 0.687 0.804 0.937 1.089 1.265 1.476 1.730 2.046 2.417 2.853 3.367 3.948 4.615 5.408 6.340 7.428 8.688 10.091 11.739 13.723 16.374 18.752 20.873 22.763 24.219 25.378 26.121 26.804 27.479 28.224 29.776 32.511
0.000 0.000 0.000 0.000 0.000 0.000 0.000 0.000 0.000 0.000 0.000 0.000 0.000 0.000 0.000 0.000 0.000 0.000 0.000 0.000 0.000 0.000 0.000 0.000 0.000 0.000 0.000 0.002 0.006 0.012 0.022 0.035 0.052 0.072 0.096 0.124 0.158 0.196 0.241 0.292 0.351 0.421 0.501 0.592 0.697 0.816 0.953 1.109 1.291 1.506 1.764 2.081 2.455 2.896 3.428 4.035 4.727 5.556 6.527 7.649 8.946 10.406 12.252 14.700 17.179 19.401 21.389 23.144 24.606 25.696 26.597 27.692 28.563 29.580 31.579 37.238
0.000 0.000 0.000 0.000 0.000 0.000 0.000 0.000 0.000 0.000 0.000 0.000 0.000 0.000 0.000 0.000 0.000 0.000 0.000 0.000 0.000 0.000 0.000 0.000 0.000 0.000 0.000 0.002 0.006 0.012 0.022 0.035 0.052 0.073 0.097 0.125 0.159 0.198 0.243 0.294 0.354 0.424 0.505 0.597 0.702 0.824 0.963 1.123 1.307 1.524 1.783 2.098 2.472 2.920 3.467 4.097 4.813 5.673 6.678 7.815 9.129 10.644 13.203 15.535 17.786 19.874 21.758 23.448 24.802 25.876 26.901 28.146 29.342 30.831 34.032 41.699
0.000 0.000 0.000 0.000 0.000 0.000 0.000 0.000 0.000 0.000 0.000 0.000 0.000 0.000 0.000 0.000 0.000 0.000 0.000 0.000 0.000 0.000 0.000 0.000 0.000 0.000 0.000 0.002 0.006 0.013 0.022 0.035 0.052 0.073 0.097 0.126 0.159 0.198 0.244 0.296 0.357 0.426 0.506 0.599 0.706 0.828 0.969 1.130 1.316 1.533 1.791 2.106 2.481 2.935 3.490 4.136 4.877 5.766 6.794 7.931 9.246 11.391 13.808 16.061 18.211 20.230 21.991 23.516 24.720 25.703 26.747 28.155 29.844 32.645 38.473 45.312
0.000 0.000 0.000 0.000 0.000 0.000 0.000 0.000 0.000 0.000 0.000 0.000 0.000 0.000 0.000 0.000 0.000 0.000 0.000 0.000 0.000 0.000 0.000 0.000 0.000 0.000 0.000 0.003 0.006 0.013 0.022 0.036 0.053 0.073 0.098 0.126 0.159 0.199 0.244 0.297 0.358 0.427 0.506 0.599 0.707 0.830 0.971 1.132 1.319 1.539 1.796 2.109 2.485 2.943 3.498 4.155 4.918 5.828 6.870 7.989 9.292 11.906 14.249 16.423 18.448 20.376 22.130 23.616 24.671 25.629 26.797 28.013 30.299 36.204 43.675 50.000
0.000 0.000 0.000 0.000 0.000 0.000 0.000 0.000 0.000 0.000 0.000 0.000 0.000 0.000 0.000 0.000 0.000 0.000 0.000 0.000 0.000 0.000 0.000 0.000 0.000 0.000 0.000 0.003 0.007 0.013 0.022 0.036 0.053 0.073 0.098 0.126 0.160 0.199 0.244 0.297 0.357 0.427 0.507 0.599 0.707 0.830 0.971 1.133 1.321 1.542 1.799 2.111 2.486 2.942 3.501 4.166 4.940 5.864 6.906 8.005 9.681 12.200 14.477 16.599 18.591 20.423 22.094 23.420 24.409 25.677 26.904 28.357 31.640 40.010 50.000 50.000
0.000 0.000 0.000 0.000 0.000 0.000 0.000 0.000 0.000 0.000 0.000 0.000 0.000 0.000 0.000 0.000 0.000 0.000 0.000 0.000 0.000 0.000 0.000 0.000 0.000 0.000 0.001 0.003 0.007 0.013 0.023 0.036 0.053 0.073 0.098 0.126 0.160 0.199 0.244 0.297 0.357 0.427 0.507 0.599 0.705 0.829 0.969 1.130 1.317 1.538 1.797 2.108 2.482 2.938 3.500 4.171 4.953 5.884 6.909 7.998 9.924 12.273 14.457 16.541 18.493 20.288 21.789 22.988 24.390 25.663 27.092 29.316 35.870 43.646 50.000 50.548
0.000 0.000 0.000 0.000 0.000 0.000 0.000 0.000 0.000 0.000 0.000 0.000 0.000 0.000 0.000 0.000 0.000 0.000 0.000 0.000 0.000 0.000 0.000 0.000 0.000 0.000 0.001 0.003 0.007 0.013 0.023 0.036 0.053 0.073 0.098 0.126 0.160 0.199 0.244 0.296 0.356 0.426 0.505 0.597 0.702 0.825 0.965 1.126 1.312 1.533 1.794 2.107 2.479 2.937 3.498 4.172 4.961 5.901 6.905 7.985 10.077 12.298 14.387 16.405 18.313 19.962 21.293 22.773 24.224 25.612 27.342 33.119 41.466 50.000 50.000 51.641
