RESULTS/r.avaflow_results/14b_results/14b_ascii/14b_hflow10037.asc
ncols 506
nrows 317
xllcenter 498237.50
yllcenter 5580050.00
cellsize 12.50
NODATA_value -9999.000
[rows 136 to 169 of 317, columns 152 to 227 of 506]
0.001 0.001 0.001 0.001 0.002 0.002 0.002 0.002 0.002 0.002 0.001 0.001 0.001 0.001 0.001 0.001 0.001 0.001 0.001 0.001 0.001 0.000 0.000 0.000 0.000 0.000 0.000 0.000 0.000 0.000 0.000 0.000 0.000 0.000 0.000 0.000 0.000 0.000 0.000 0.000 0.000 0.000 0.000 0.000 0.000 0.000 0.000 0.000 0.000 0.000 0.000 0.000 0.000 0.000 0.000 0.000 0.000 0.000 0.000 0.000 0.000 0.000 0.000 0.000 0.000 0.000 0.000 0.000 0.000 0.000 0.000 0.000 0.000 0.000 0.000 0.000
0.002 0.003 0.003 0.004 0.005 0.006 0.006 0.006 0.005 0.005 0.004 0.003 0.003 0.003 0.003 0.002 0.002 0.002 0.002 0.002 0.002 0.001 0.001 0.001 0.001 0.001 0.001 0.001 0.000 0.000 0.000 0.000 0.000 0.000 0.000 0.000 0.000 0.000 0.000 0.000 0.000 0.000 0.000 0.000 0.000 0.000 0.000 0.000 0.000 0.000 0.000 0.000 0.000 0.000 0.000 0.000 0.000 0.000 0.000 0.000 0.000 0.000 0.000 0.000 0.000 0.000 0.000 0.000 0.000 0.000 0.000 0.000 0.000 0.000 0.000 0.000
0.006 0.007 0.009 0.012 0.014 0.015 0.015 0.015 0.013 0.011 0.010 0.009 0.008 0.007 0.007 0.007 0.006 0.006 0.005 0.005 0.004 0.004 0.003 0.002 0.002 0.002 0.002 0.002 0.001 0.001 0.001 0.001 0.000 0.000 0.000 0.000 0.000 0.000 0.000 0.000 0.000 0.000 0.000 0.000 0.000 0.000 0.000 0.000 0.000 0.000 0.000 0.000 0.000 0.000 0.000 0.000 0.000 0.000 0.000 0.000 0.000 0.000 0.000 0.000 0.000 0.000 0.000 0.000 0.000 0.000 0.000 0.000 0.000 0.000 0.000 0.000
0.013 0.016 0.021 0.026 0.030 0.032 0.032 0.031 0.029 0.025 0.022 0.020 0.019 0.018 0.018 0.018 0.017 0.015 0.014 0.013 0.011 0.010 0.008 0.007 0.006 0.005 0.005 0.004 0.004 0.004 0.003 0.002 0.001 0.001 0.000 0.000 0.000 0.000 0.000 0.000 0.000 0.000 0.000 0.000 0.000 0.000 0.000 0.000 0.000 0.000 0.000 0.000 0.000 0.000 0.000 0.000 0.000 0.000 0.000 0.000 0.000 0.000 0.000 0.000 0.000 0.000 0.000 0.000 0.000 0.000 0.000 0.000 0.000 0.000 0.000 0.000
0.025 0.032 0.039 0.046 0.050 0.052 0.053 0.053 0.051 0.048 0.044 0.042 0.041 0.041 0.042 0.042 0.041 0.038 0.034 0.032 0.029 0.026 0.023 0.019 0.016 0.014 0.013 0.012 0.011 0.009 0.007 0.005 0.002 0.001 0.001 0.000 0.000 0.000 0.000 0.000 0.000 0.000 0.000 0.000 0.000 0.000 0.000 0.000 0.000 0.000 0.000 0.000 0.000 0.000 0.000 0.000 0.000 0.000 0.000 0.000 0.000 0.000 0.000 0.000 0.000 0.000 0.000 0.000 0.000 0.000 0.000 0.000 0.000 0.000 0.000 0.000
0.041 0.051 0.060 0.067 0.071 0.074 0.076 0.077 0.078 0.077 0.075 0.075 0.076 0.080 0.083 0.084 0.082 0.078 0.073 0.069 0.065 0.060 0.055 0.048 0.042 0.036 0.031 0.027 0.024 0.020 0.015 0.010 0.006 0.003 0.002 0.001 0.001 0.000 0.000 0.000 0.000 0.000 0.000 0.000 0.000 0.000 0.000 0.000 0.000 0.000 0.000 0.000 0.000 0.000 0.000 0.000 0.000 0.000 0.000 0.000 0.000 0.000 0.000 0.000 0.000 0.000 0.000 0.000 0.000 0.000 0.000 0.000 0.000 0.000 0.000 0.000
0.060 0.071 0.081 0.088 0.093 0.097 0.100 0.104 0.107 0.109 0.112 0.116 0.123 0.131 0.136 0.138 0.138 0.135 0.130 0.125 0.120 0.114 0.105 0.096 0.085 0.074 0.062 0.052 0.043 0.035 0.027 0.019 0.012 0.007 0.004 0.002 0.001 0.001 0.001 0.000 0.000 0.000 0.000 0.000 0.000 0.000 0.000 0.000 0.000 0.000 0.000 0.000 0.000 0.000 0.000 0.000 0.000 0.000 0.000 0.000 0.000 0.000 0.000 0.000 0.000 0.000 0.000 0.000 0.000 0.000 0.000 0.000 0.000 0.000 0.000 0.000
0.081 0.092 0.102 0.109 0.115 0.121 0.126 0.132 0.138 0.145 0.153 0.163 0.176 0.188 0.195 0.198 0.199 0.199 0.197 0.193 0.187 0.179 0.168 0.156 0.141 0.123 0.103 0.085 0.068 0.053 0.039 0.028 0.019 0.012 0.007 0.004 0.002 0.002 0.001 0.001 0.001 0.001 0.000 0.000 0.000 0.000 0.000 0.000 0.000 0.000 0.000 0.000 0.000 0.000 0.000 0.000 0.000 0.000 0.000 0.000 0.000 0.000 0.000 0.000 0.000 0.000 0.000 0.000 0.000 0.000 0.000 0.000 0.000 0.000 0.000 0.000
0.103 0.114 0.124 0.132 0.139 0.146 0.153 0.162 0.171 0.183 0.198 0.215 0.234 0.248 0.257 0.262 0.265 0.266 0.265 0.263 0.257 0.248 0.236 0.221 0.202 0.179 0.151 0.121 0.095 0.072 0.053 0.038 0.026 0.017 0.011 0.007 0.004 0.003 0.002 0.002 0.002 0.001 0.001 0.001 0.000 0.000 0.000 0.000 0.000 0.000 0.000 0.000 0.000 0.000 0.000 0.000 0.000 0.000 0.000 0.000 0.000 0.000 0.000 0.000 0.000 0.000 0.000 0.000 0.000 0.000 0.000 0.000 0.000 0.000 0.000 0.000
0.126 0.138 0.147 0.156 0.164 0.173 0.182 0.193 0.208 0.225 0.247 0.273 0.295 0.312 0.324 0.332 0.336 0.337 0.337 0.335 0.330 0.321 0.308 0.291 0.269 0.240 0.205 0.163 0.125 0.093 0.068 0.048 0.033 0.023 0.016 0.011 0.008 0.006 0.005 0.004 0.004 0.003 0.002 0.002 0.001 0.001 0.001 0.000 0.000 0.000 0.000 0.000 0.000 0.000 0.000 0.000 0.000 0.000 0.000 0.000 0.000 0.000 0.000 0.000 0.000 0.000 0.000 0.000 0.000 0.000 0.000 0.000 0.000 0.000 0.000 0.000
0.153 0.165 0.174 0.183 0.192 0.202 0.213 0.227 0.246 0.271 0.303 0.335 0.361 0.381 0.396 0.406 0.412 0.414 0.414 0.412 0.408 0.400 0.388 0.370 0.344 0.309 0.265 0.210 0.159 0.117 0.084 0.059 0.042 0.030 0.023 0.018 0.014 0.012 0.011 0.011 0.010 0.009 0.006 0.004 0.002 0.001 0.001 0.001 0.001 0.001 0.001 0.000 0.000 0.000 0.000 0.000 0.000 0.000 0.000 0.000 0.000 0.000 0.000 0.000 0.000 0.000 0.000 0.000 0.000 0.000 0.000 0.000 0.000 0.000 0.000 0.000
0.185 0.197 0.206 0.215 0.223 0.233 0.246 0.263 0.288 0.321 0.364 0.404 0.434 0.456 0.472 0.484 0.493 0.497 0.499 0.498 0.495 0.489 0.477 0.458 0.430 0.389 0.334 0.264 0.198 0.145 0.105 0.076 0.057 0.045 0.038 0.034 0.031 0.030 0.030 0.029 0.028 0.025 0.017 0.009 0.005 0.003 0.002 0.002 0.001 0.001 0.001 0.001 0.001 0.001 0.001 0.000 0.000 0.000 0.000 0.000 0.000 0.000 0.000 0.000 0.000 0.000 0.000 0.000 0.000 0.000 0.000 0.000 0.000 0.000 0.000 0.000
0.228 0.239 0.246 0.252 0.258 0.268 0.282 0.303 0.334 0.379 0.435 0.483 0.518 0.542 0.560 0.572 0.582 0.589 0.594 0.596 0.595 0.591 0.581 0.562 0.531 0.482 0.414 0.326 0.246 0.186 0.142 0.113 0.095 0.086 0.082 0.083 0.085 0.088 0.089 0.090 0.087 0.075 0.052 0.028 0.014 0.008 0.005 0.003 0.003 0.002 0.002 0.002 0.001 0.001 0.001 0.001 0.001 0.001 0.000 0.000 0.000 0.000 0.000 0.000 0.000 0.000 0.000 0.000 0.000 0.000 0.000 0.000 0.000 0.000 0.000 0.000
0.314 0.321 0.315 0.306 0.307 0.313 0.328 0.353 0.392 0.449 0.521 0.580 0.621 0.649 0.666 0.678 0.687 0.695 0.704 0.713 0.717 0.716 0.708 0.689 0.653 0.595 0.510 0.408 0.324 0.263 0.224 0.203 0.195 0.201 0.216 0.236 0.255 0.267 0.272 0.269 0.253 0.218 0.158 0.087 0.043 0.022 0.012 0.008 0.006 0.005 0.004 0.003 0.003 0.002 0.002 0.001 0.001 0.001 0.001 0.001 0.001 0.000 0.000 0.000 0.000 0.000 0.000 0.000 0.000 0.000 0.000 0.000 0.000 0.000 0.000 0.000
0.555 0.542 0.491 0.441 0.423 0.422 0.433 0.461 0.506 0.569 0.648 0.715 0.762 0.790 0.806 0.812 0.814 0.820 0.833 0.856 0.871 0.874 0.869 0.850 0.808 0.737 0.642 0.550 0.479 0.434 0.415 0.420 0.447 0.495 0.550 0.598 0.632 0.648 0.649 0.629 0.582 0.505 0.391 0.243 0.130 0.066 0.036 0.023 0.017 0.014 0.011 0.009 0.007 0.005 0.004 0.002 0.002 0.001 0.001 0.001 0.001 0.001 0.001 0.001 0.001 0.001 0.000 0.000 0.000 0.000 0.000 0.000 0.000 0.000 0.000 0.000
1.220 1.137 0.976 0.837 0.765 0.736 0.731 0.749 0.787 0.841 0.911 0.978 1.021 1.039 1.043 1.029 1.003 0.995 1.006 1.044 1.080 1.089 1.086 1.067 1.019 0.941 0.868 0.821 0.793 0.786 0.804 0.852 0.933 1.037 1.126 1.186 1.216 1.222 1.200 1.143 1.053 0.925 0.750 0.524 0.324 0.188 0.109 0.071 0.054 0.044 0.037 0.030 0.022 0.014 0.009 0.006 0.004 0.003 0.002 0.002 0.001 0.001 0.001 0.001 0.001 0.001 0.001 0.001 0.001 0.001 0.001 0.001 0.001 0.001 0.000 0.000
2.622 2.417 2.110 1.834 1.650 1.534 1.466 1.432 1.427 1.448 1.490 1.541 1.565 1.563 1.537 1.480 1.402 1.355 1.346 1.373 1.415 1.432 1.431 1.411 1.360 1.302 1.281 1.294 1.333 1.388 1.450 1.537 1.666 1.800 1.885 1.920 1.909 1.857 1.766 1.649 1.514 1.355 1.155 0.898 0.639 0.441 0.306 0.226 0.182 0.155 0.132 0.110 0.082 0.050 0.028 0.016 0.009 0.005 0.004 0.003 0.002 0.002 0.001 0.001 0.001 0.001 0.001 0.001 0.001 0.001 0.001 0.001 0.001 0.001 0.001 0.001
4.848 4.518 4.094 3.663 3.315 3.039 2.831 2.677 2.576 2.526 2.514 2.524 2.519 2.490 2.427 2.323 2.197 2.103 2.045 2.017 2.019 2.023 2.017 1.995 1.953 1.937 1.961 2.028 2.136 2.248 2.345 2.450 2.577 2.670 2.697 2.662 2.577 2.445 2.283 2.104 1.922 1.731 1.521 1.283 1.042 0.843 0.700 0.604 0.538 0.486 0.436 0.375 0.287 0.180 0.099 0.051 0.025 0.013 0.008 0.005 0.004 0.003 0.003 0.002 0.002 0.002 0.002 0.002 0.002 0.002 0.002 0.002 0.002 0.001 0.001 0.001
7.745 7.327 6.842 6.294 5.744 5.241 4.828 4.498 4.254 4.087 3.987 3.934 3.884 3.818 3.722 3.603 3.463 3.335 3.213 3.092 3.007 2.956 2.926 2.904 2.889 2.905 2.965 3.070 3.201 3.315 3.407 3.486 3.541 3.552 3.503 3.392 3.228 3.018 2.788 2.555 2.328 2.107 1.884 1.667 1.485 1.359 1.277 1.211 1.148 1.078 0.999 0.890 0.728 0.506 0.298 0.161 0.081 0.040 0.021 0.012 0.008 0.006 0.005 0.004 0.004 0.004 0.004 0.005 0.005 0.005 0.005 0.004 0.003 0.002 0.002 0.001
10.983 10.500 9.974 9.359 8.630 7.876 7.241 6.723 6.321 6.016 5.796 5.648 5.537 5.444 5.340 5.236 5.121 4.988 4.819 4.602 4.404 4.266 4.196 4.180 4.183 4.213 4.286 4.378 4.454 4.505 4.546 4.557 4.528 4.449 4.317 4.125 3.872 3.582 3.289 3.009 2.744 2.496 2.269 2.077 1.933 1.840 1.778 1.717 1.646 1.560 1.457 1.328 1.154 0.914 0.633 0.388 0.220 0.120 0.065 0.037 0.023 0.016 0.012 0.010 0.009 0.009 0.010 0.012 0.013 0.014 0.013 0.010 0.006 0.004 0.003 0.002
14.394 13.869 13.291 12.572 11.691 10.699 9.834 9.129 8.573 8.153 7.831 7.589 7.413 7.283 7.175 7.076 6.970 6.838 6.645 6.380 6.106 5.910 5.805 5.780 5.782 5.792 5.815 5.830 5.824 5.798 5.755 5.679 5.563 5.382 5.148 4.864 4.517 4.144 3.795 3.473 3.177 2.916 2.693 2.515 2.372 2.252 2.145 2.042 1.934 1.820 1.692 1.543 1.364 1.149 0.903 0.660 0.444 0.278 0.171 0.107 0.069 0.047 0.035 0.029 0.026 0.026 0.028 0.036 0.041 0.042 0.038 0.026 0.013 0.007 0.005 0.003
17.983 17.467 16.805 15.944 14.880 13.647 12.551 11.676 10.975 10.451 10.042 9.729 9.495 9.320 9.190 9.063 8.930 8.770 8.564 8.287 7.995 7.780 7.657 7.601 7.570 7.533 7.485 7.410 7.321 7.208 7.060 6.879 6.656 6.364 6.017 5.621 5.169 4.722 4.325 3.962 3.640 3.371 3.150 2.963 2.794 2.631 2.474 2.318 2.164 2.009 1.845 1.672 1.480 1.273 1.060 0.856 0.664 0.489 0.346 0.247 0.183 0.138 0.108 0.090 0.083 0.082 0.093 0.119 0.133 0.132 0.116 0.075 0.034 0.016 0.008 0.005
21.790 21.281 20.556 19.532 18.243 16.751 15.412 14.363 13.530 12.904 12.418 12.056 11.782 11.559 11.375 11.203 11.038 10.840 10.630 10.359 10.080 9.864 9.717 9.610 9.534 9.429 9.307 9.141 8.954 8.735 8.481 8.182 7.830 7.409 6.939 6.407 5.853 5.342 4.893 4.492 4.145 3.856 3.615 3.396 3.191 2.987 2.783 2.587 2.390 2.194 1.995 1.796 1.592 1.385 1.185 0.999 0.831 0.681 0.552 0.450 0.374 0.316 0.272 0.247 0.238 0.241 0.272 0.329 0.355 0.351 0.306 0.201 0.091 0.037 0.016 0.009
25.515 24.909 24.085 22.941 21.546 19.915 18.441 17.237 16.266 15.529 14.976 14.549 14.227 13.967 13.735 13.511 13.310 13.090 12.869 12.604 12.355 12.152 11.970 11.814 11.666 11.487 11.282 11.032 10.739 10.395 10.017 9.593 9.096 8.538 7.912 7.246 6.606 6.025 5.506 5.059 4.680 4.357 4.066 3.802 3.555 3.315 3.075 2.842 2.608 2.374 2.145 1.922 1.706 1.501 1.311 1.138 0.983 0.849 0.743 0.664 0.608 0.564 0.533 0.518 0.519 0.538 0.592 0.665 0.699 0.693 0.618 0.441 0.218 0.088 0.034 0.016
28.943 28.187 27.270 26.069 24.586 22.950 21.448 20.183 19.145 18.324 17.701 17.216 16.860 16.566 16.294 16.029 15.782 15.537 15.281 15.019 14.790 14.591 14.388 14.184 13.952 13.700 13.413 13.082 12.680 12.213 11.694 11.108 10.454 9.743 8.953 8.162 7.438 6.776 6.179 5.673 5.235 4.852 4.495 4.178 3.885 3.611 3.343 3.079 2.816 2.551 2.294 2.052 1.828 1.625 1.443 1.279 1.137 1.017 0.923 0.857 0.819 0.803 0.800 0.806 0.821 0.850 0.895 0.937 0.954 0.945 0.878 0.711 0.435 0.196 0.076 0.030
31.923 31.000 30.005 28.813 27.340 25.820 24.354 23.120 22.054 21.187 20.527 20.008 19.605 19.298 19.025 18.753 18.481 18.200 17.912 17.660 17.411 17.187 16.975 16.717 16.412 16.084 15.732 15.313 14.808 14.209 13.523 12.747 11.910 11.014 10.063 9.155 8.326 7.591 6.923 6.334 5.803 5.325 4.893 4.517 4.180 3.870 3.577 3.292 3.009 2.724 2.448 2.193 1.964 1.762 1.584 1.429 1.298 1.191 1.107 1.047 1.012 1.001 1.002 1.011 1.029 1.055 1.081 1.096 1.094 1.070 1.010 0.885 0.662 0.373 0.162 0.064
34.731 33.681 32.610 31.339 29.953 28.608 27.165 25.926 24.822 23.940 23.264 22.734 22.306 22.052 21.845 21.608 21.360 21.078 20.763 20.500 20.248 19.997 19.741 19.413 19.057 18.647 18.195 17.640 16.985 16.223 15.375 14.421 13.411 12.340 11.236 10.221 9.276 8.433 7.676 6.980 6.341 5.768 5.261 4.820 4.433 4.088 3.771 3.472 3.181 2.893 2.616 2.354 2.120 1.916 1.741 1.595 1.474 1.375 1.296 1.238 1.198 1.174 1.163 1.161 1.167 1.178 1.183 1.178 1.158 1.115 1.051 0.959 0.801 0.554 0.293 0.129
37.264 36.011 34.802 33.513 32.306 31.129 29.788 28.597 27.532 26.653 25.975 25.417 24.945 24.754 24.654 24.482 24.298 24.029 23.724 23.459 23.158 22.843 22.515 22.119 21.672 21.133 20.496 19.776 18.985 18.070 17.081 15.983 14.823 13.581 12.364 11.255 10.198 9.230 8.362 7.565 6.828 6.166 5.591 5.087 4.648 4.265 3.925 3.614 3.323 3.043 2.777 2.528 2.295 2.090 1.919 1.778 1.662 1.565 1.486 1.424 1.375 1.338 1.309 1.288 1.271 1.257 1.242 1.218 1.179 1.125 1.055 0.969 0.849 0.665 0.423 0.219
39.381 38.028 36.715 35.463 34.353 33.321 32.151 31.122 30.160 29.300 28.650 28.069 27.562 27.404 27.345 27.217 27.027 26.746 26.369 26.074 25.808 25.522 25.098 24.608 24.019 23.353 22.567 21.710 20.796 19.774 18.636 17.421 16.099 14.726 13.416 12.204 11.050 9.984 8.986 8.088 7.267 6.525 5.881 5.319 4.828 4.407 4.043 3.722 3.432 3.165 2.913 2.681 2.462 2.266 2.097 1.955 1.839 1.744 1.665 1.600 1.544 1.494 1.449 1.408 1.369 1.330 1.290 1.246 1.192 1.128 1.053 0.965 0.856 0.710 0.513 0.306
41.210 39.738 38.436 37.241 36.245 35.332 34.314 33.493 32.687 31.905 31.331 30.826 30.365 30.147 29.997 29.864 29.575 29.226 28.851 28.589 28.323 27.950 27.412 26.847 26.141 25.336 24.429 23.463 22.428 21.308 20.044 18.717 17.252 15.768 14.358 13.045 11.793 10.632 9.542 8.549 7.657 6.851 6.138 5.519 4.976 4.515 4.130 3.801 3.511 3.252 3.017 2.803 2.604 2.421 2.256 2.117 2.002 1.908 1.831 1.764 1.702 1.643 1.584 1.526 1.467 1.403 1.338 1.272 1.202 1.129 1.051 0.963 0.858 0.729 0.570 0.385
42.945 41.390 40.031 38.835 38.032 37.302 36.496 35.887 35.267 34.511 33.988 33.559 33.165 33.005 32.855 32.589 32.157 31.700 31.257 30.941 30.669 30.228 29.604 28.905 28.034 27.080 26.089 25.070 23.932 22.681 21.305 19.840 18.297 16.700 15.190 13.764 12.425 11.169 10.025 8.959 7.997 7.135 6.363 5.691 5.104 4.604 4.190 3.851 3.561 3.308 3.088 2.894 2.718 2.552 2.397 2.264 2.152 2.061 1.985 1.918 1.851 1.786 1.717 1.643 1.566 1.479 1.388 1.300 1.217 1.135 1.053 0.965 0.864 0.749 0.615 0.461
44.410 43.006 41.658 40.489 39.860 39.306 38.637 38.139 37.710 37.089 36.718 36.451 36.156 36.028 35.869 35.470 34.815 34.069 33.508 33.164 32.747 32.208 31.464 30.615 29.598 28.565 27.490 26.358 25.126 23.796 22.376 20.805 19.177 17.486 15.899 14.372 12.947 11.629 10.419 9.301 8.281 7.367 6.551 5.834 5.208 4.680 4.236 3.880 3.585 3.338 3.128 2.952 2.799 2.656 2.520 2.397 2.294 2.209 2.137 2.068 1.998 1.928 1.848 1.762 1.665 1.555 1.442 1.336 1.240 1.149 1.063 0.973 0.879 0.776 0.662 0.546
45.651 44.574 43.573 42.530 42.055 41.699 41.179 40.587 40.002 39.564 39.436 39.252 38.964 38.773 38.586 38.074 37.318 36.544 35.731 35.110 34.534 33.875 32.947 32.013 30.922 29.742 28.569 27.338 26.027 24.678 23.224 21.584 19.868 18.117 16.449 14.867 13.374 11.985 10.727 9.569 8.501 7.540 6.692 5.949 5.290 4.737 4.270 3.892 3.591 3.347 3.145 2.979 2.843 2.725 2.619 2.521 2.434 2.359 2.291 2.222 2.151 2.074 1.986 1.884 1.768 1.637 1.503 1.382 1.274 1.175 1.085 0.993 0.902 0.811 0.722 0.650
46.944 46.274 45.725 44.967 44.655 44.472 44.012 43.458 42.953 42.587 42.497 42.287 41.876 41.589 41.391 40.838 40.019 39.244 38.205 37.237 36.349 35.422 34.406 33.320 32.126 30.844 29.539 28.193 26.771 25.353 23.852 22.185 20.338 18.549 16.837 15.219 13.707 12.269 10.961 9.766 8.658 7.674 6.799 6.034 5.355 4.771 4.286 3.895 3.587 3.344 3.149 2.988 2.860 2.763 2.690 2.627 2.567 2.511 2.453 2.389 2.318 2.236 2.137 2.017 1.876 1.722 1.573 1.440 1.321 1.215 1.120 1.028 0.941 0.864 0.805 0.771
