RESULTS/r.avaflow_results/14b_results/14b_ascii/14b_hflow10034.asc
ncols 506
nrows 317
xllcenter 498237.50
yllcenter 5580050.00
cellsize 12.50
NODATA_value -9999.000
[rows 204 to 237 of 317, columns 76 to 151 of 506]
0.121 0.091 0.066 0.046 0.031 0.020 0.014 0.010 0.010 0.012 0.040 0.205 0.934 2.736 4.744 5.927 6.840 7.778 8.711 9.618 10.492 11.336 12.157 12.926 13.481 13.875 14.055 14.153 14.222 14.233 14.217 14.119 13.966 13.810 13.649 13.548 13.545 13.589 13.717 13.959 14.239 14.580 14.778 14.896 14.917 14.900 14.814 14.703 14.536 14.285 13.932 13.454 12.793 11.965 10.986 9.924 8.970 8.059 7.128 6.169 5.218 4.420 3.851 3.489 3.308 3.244 3.177 3.081 2.933 2.702 2.359 2.008 1.818 1.803 1.933 2.288
0.100 0.074 0.053 0.037 0.025 0.017 0.013 0.010 0.009 0.009 0.025 0.144 0.742 2.401 4.447 5.606 6.421 7.259 8.084 8.895 9.705 10.499 11.280 12.011 12.554 13.004 13.254 13.418 13.504 13.483 13.461 13.338 13.164 12.904 12.637 12.457 12.390 12.365 12.411 12.554 12.775 13.151 13.437 13.618 13.707 13.691 13.614 13.452 13.219 12.901 12.463 11.858 11.027 10.015 8.847 7.600 6.387 5.217 4.164 3.283 2.596 2.158 1.963 1.964 2.149 2.361 2.450 2.459 2.409 2.288 2.060 1.826 1.743 1.803 2.092 2.674
0.085 0.058 0.040 0.029 0.021 0.016 0.012 0.010 0.008 0.007 0.010 0.055 0.407 1.691 3.723 5.014 5.808 6.557 7.287 7.994 8.690 9.369 10.025 10.640 11.156 11.616 11.937 12.161 12.309 12.333 12.341 12.249 12.120 11.845 11.569 11.314 11.138 11.059 11.061 11.118 11.260 11.565 11.915 12.190 12.353 12.368 12.308 12.128 11.801 11.350 10.789 10.046 9.084 7.900 6.505 5.054 3.761 2.701 1.894 1.343 1.021 0.900 0.943 1.148 1.507 1.791 1.938 1.996 2.004 1.965 1.849 1.733 1.728 1.906 2.337 2.966
0.081 0.054 0.036 0.026 0.020 0.015 0.012 0.010 0.007 0.006 0.005 0.016 0.149 0.875 2.559 4.079 4.948 5.637 6.285 6.877 7.440 7.970 8.442 8.892 9.336 9.818 10.220 10.492 10.684 10.796 10.867 10.852 10.812 10.630 10.404 10.106 9.843 9.690 9.621 9.607 9.678 9.916 10.305 10.713 10.948 11.010 10.945 10.713 10.302 9.699 8.911 7.909 6.740 5.395 4.008 2.768 1.793 1.100 0.675 0.467 0.405 0.440 0.570 0.830 1.168 1.405 1.550 1.635 1.678 1.692 1.671 1.659 1.740 1.992 2.436 3.020
0.086 0.056 0.037 0.026 0.020 0.015 0.012 0.009 0.007 0.005 0.004 0.006 0.043 0.353 1.352 2.795 3.852 4.559 5.124 5.600 5.998 6.318 6.590 6.863 7.181 7.625 8.105 8.432 8.656 8.844 9.001 9.121 9.190 9.144 9.030 8.796 8.505 8.256 8.099 8.015 8.027 8.178 8.530 9.036 9.361 9.486 9.434 9.157 8.589 7.719 6.593 5.321 4.096 2.957 1.969 1.191 0.667 0.374 0.248 0.217 0.242 0.320 0.469 0.700 0.948 1.121 1.239 1.327 1.394 1.446 1.496 1.570 1.719 1.994 2.413 2.920
0.105 0.067 0.043 0.029 0.021 0.016 0.011 0.008 0.006 0.004 0.003 0.003 0.011 0.105 0.552 1.511 2.583 3.343 3.846 4.188 4.418 4.554 4.613 4.627 4.761 5.091 5.579 6.031 6.336 6.572 6.796 7.052 7.263 7.375 7.395 7.276 7.033 6.742 6.483 6.292 6.190 6.193 6.372 6.783 7.206 7.416 7.379 7.040 6.314 5.220 3.976 2.869 1.976 1.263 0.734 0.397 0.222 0.153 0.139 0.157 0.208 0.297 0.433 0.616 0.786 0.902 0.986 1.057 1.126 1.200 1.294 1.428 1.626 1.907 2.276 2.685
0.138 0.090 0.058 0.038 0.025 0.017 0.012 0.008 0.006 0.004 0.003 0.002 0.004 0.022 0.163 0.619 1.415 2.149 2.622 2.880 2.968 2.959 2.859 2.671 2.604 2.710 2.988 3.410 3.854 4.221 4.476 4.692 4.898 5.094 5.233 5.288 5.205 5.002 4.711 4.421 4.136 3.870 3.740 3.840 4.140 4.372 4.382 4.118 3.555 2.769 1.918 1.228 0.729 0.403 0.219 0.133 0.102 0.100 0.114 0.147 0.203 0.286 0.403 0.543 0.656 0.729 0.780 0.823 0.870 0.938 1.046 1.208 1.422 1.682 1.979 2.298
0.183 0.127 0.084 0.054 0.034 0.022 0.014 0.009 0.006 0.004 0.003 0.002 0.002 0.005 0.031 0.178 0.567 1.104 1.507 1.732 1.803 1.779 1.671 1.463 1.293 1.253 1.340 1.581 1.994 2.460 2.767 2.925 3.012 3.093 3.177 3.267 3.299 3.247 3.103 2.886 2.605 2.257 1.933 1.766 1.739 1.773 1.768 1.685 1.484 1.157 0.746 0.425 0.226 0.123 0.080 0.068 0.072 0.086 0.110 0.146 0.199 0.273 0.372 0.474 0.547 0.589 0.612 0.626 0.636 0.661 0.730 0.858 1.025 1.200 1.376 1.585
0.226 0.164 0.115 0.078 0.050 0.031 0.018 0.011 0.007 0.005 0.003 0.002 0.002 0.002 0.005 0.031 0.148 0.401 0.678 0.908 1.101 1.200 1.187 1.070 0.887 0.774 0.762 0.861 1.152 1.635 1.996 2.134 2.148 2.134 2.153 2.227 2.292 2.300 2.248 2.122 1.921 1.636 1.253 0.868 0.627 0.512 0.472 0.461 0.441 0.378 0.255 0.141 0.077 0.051 0.045 0.050 0.062 0.081 0.107 0.143 0.191 0.255 0.335 0.406 0.451 0.472 0.477 0.470 0.447 0.418 0.411 0.437 0.484 0.538 0.597 0.696
0.257 0.192 0.140 0.099 0.067 0.043 0.026 0.015 0.009 0.005 0.003 0.002 0.001 0.001 0.001 0.005 0.026 0.101 0.253 0.489 0.833 1.131 1.261 1.237 1.080 0.888 0.828 0.872 1.111 1.607 2.015 2.151 2.144 2.079 2.066 2.113 2.180 2.195 2.171 2.089 1.938 1.706 1.303 0.687 0.301 0.144 0.101 0.098 0.105 0.105 0.083 0.049 0.032 0.029 0.032 0.041 0.055 0.074 0.100 0.134 0.176 0.228 0.290 0.337 0.364 0.371 0.368 0.349 0.308 0.247 0.199 0.173 0.161 0.161 0.169 0.199
0.277 0.210 0.155 0.112 0.078 0.052 0.033 0.020 0.011 0.006 0.004 0.002 0.001 0.001 0.001 0.001 0.007 0.036 0.137 0.401 0.931 1.571 2.027 2.141 1.915 1.524 1.347 1.355 1.621 2.270 2.823 2.983 2.938 2.774 2.676 2.674 2.706 2.718 2.707 2.653 2.542 2.330 1.762 0.729 0.196 0.051 0.021 0.018 0.022 0.025 0.025 0.018 0.015 0.017 0.024 0.033 0.047 0.066 0.089 0.117 0.150 0.189 0.232 0.264 0.280 0.282 0.275 0.251 0.205 0.138 0.086 0.056 0.042 0.037 0.037 0.041
0.290 0.220 0.164 0.119 0.083 0.056 0.036 0.022 0.013 0.007 0.004 0.002 0.001 0.001 0.001 0.001 0.005 0.030 0.141 0.581 1.575 2.376 2.645 2.592 2.208 1.743 1.535 1.542 1.832 2.542 3.162 3.340 3.280 3.064 2.902 2.864 2.861 2.855 2.835 2.782 2.685 2.482 1.869 0.698 0.134 0.020 0.004 0.003 0.004 0.005 0.006 0.006 0.007 0.010 0.016 0.025 0.038 0.054 0.073 0.093 0.112 0.132 0.154 0.177 0.191 0.194 0.187 0.166 0.124 0.070 0.035 0.018 0.010 0.008 0.007 0.008
0.295 0.224 0.167 0.121 0.085 0.058 0.037 0.023 0.013 0.007 0.004 0.002 0.001 0.001 0.001 0.002 0.013 0.068 0.313 0.955 1.917 2.424 2.422 2.114 1.653 1.274 1.112 1.105 1.303 1.844 2.382 2.565 2.524 2.327 2.140 2.058 2.001 1.937 1.873 1.808 1.739 1.614 1.218 0.441 0.067 0.004 0.001 0.001 0.001 0.001 0.001 0.002 0.003 0.004 0.008 0.015 0.026 0.039 0.051 0.059 0.065 0.069 0.075 0.087 0.100 0.105 0.102 0.089 0.061 0.030 0.013 0.005 0.003 0.002 0.001 0.001
0.296 0.225 0.168 0.122 0.085 0.058 0.037 0.023 0.013 0.007 0.004 0.003 0.002 0.003 0.009 0.035 0.107 0.266 0.542 1.013 1.410 1.424 1.200 0.820 0.536 0.402 0.349 0.342 0.393 0.588 0.834 0.935 0.931 0.851 0.754 0.698 0.647 0.583 0.527 0.486 0.457 0.425 0.325 0.103 0.009 0.000 0.000 0.001 0.001 0.001 0.001 0.001 0.001 0.002 0.003 0.006 0.012 0.019 0.025 0.027 0.028 0.028 0.028 0.030 0.037 0.040 0.040 0.035 0.022 0.010 0.004 0.002 0.001 0.001 0.001 0.001
0.296 0.225 0.166 0.120 0.083 0.056 0.036 0.022 0.013 0.008 0.005 0.006 0.015 0.048 0.120 0.265 0.441 0.555 0.605 0.592 0.476 0.355 0.248 0.153 0.099 0.074 0.064 0.062 0.067 0.103 0.169 0.201 0.206 0.192 0.167 0.149 0.131 0.108 0.090 0.080 0.074 0.068 0.051 0.012 0.000 0.000 0.001 0.001 0.001 0.001 0.001 0.001 0.001 0.001 0.001 0.002 0.004 0.006 0.008 0.009 0.009 0.008 0.007 0.007 0.009 0.010 0.010 0.009 0.006 0.002 0.001 0.001 0.001 0.001 0.001 0.001
0.293 0.221 0.162 0.115 0.078 0.050 0.031 0.020 0.013 0.011 0.023 0.078 0.198 0.380 0.574 0.711 0.718 0.630 0.444 0.238 0.125 0.076 0.051 0.033 0.021 0.015 0.011 0.009 0.009 0.014 0.027 0.035 0.037 0.036 0.032 0.028 0.023 0.017 0.013 0.011 0.010 0.009 0.006 0.001 0.001 0.001 0.001 0.001 0.001 0.001 0.001 0.001 0.001 0.001 0.001 0.001 0.001 0.002 0.002 0.002 0.002 0.002 0.002 0.002 0.002 0.002 0.002 0.002 0.001 0.001 0.001 0.001 0.001 0.001 0.001 0.001
0.285 0.212 0.152 0.104 0.067 0.041 0.026 0.020 0.027 0.102 0.284 0.593 0.901 1.075 1.058 0.905 0.710 0.494 0.263 0.122 0.065 0.041 0.027 0.018 0.011 0.006 0.003 0.002 0.001 0.002 0.003 0.005 0.006 0.006 0.005 0.005 0.004 0.002 0.002 0.001 0.001 0.001 0.001 0.001 0.001 0.001 0.001 0.001 0.001 0.001 0.001 0.001 0.001 0.001 0.001 0.001 0.001 0.001 0.001 0.001 0.001 0.001 0.001 0.001 0.001 0.001 0.001 0.001 0.001 0.001 0.001 0.001 0.001 0.001 0.001 0.001
0.268 0.195 0.135 0.088 0.054 0.034 0.027 0.064 0.276 0.755 1.251 1.584 1.660 1.469 1.156 0.854 0.569 0.333 0.180 0.100 0.060 0.039 0.026 0.017 0.010 0.004 0.002 0.001 0.001 0.001 0.001 0.001 0.001 0.001 0.001 0.001 0.001 0.001 0.001 0.001 0.001 0.001 0.001 0.001 0.001 0.001 0.001 0.001 0.001 0.001 0.001 0.001 0.001 0.001 0.001 0.001 0.001 0.001 0.001 0.001 0.001 0.001 0.001 0.001 0.001 0.001 0.001 0.001 0.001 0.001 0.001 0.001 0.001 0.001 0.001 0.001
0.242 0.170 0.112 0.069 0.044 0.034 0.071 0.439 1.275 1.977 2.244 2.171 1.928 1.547 1.114 0.750 0.474 0.284 0.168 0.102 0.065 0.043 0.029 0.018 0.010 0.004 0.002 0.001 0.001 0.000 0.000 0.000 0.000 0.000 0.000 0.000 0.001 0.001 0.001 0.001 0.001 0.001 0.001 0.001 0.001 0.001 0.001 0.001 0.001 0.001 0.001 0.001 0.001 0.001 0.001 0.001 0.001 0.001 0.001 0.001 0.001 0.001 0.001 0.001 0.001 0.001 0.001 0.001 0.001 0.001 0.001 0.001 0.001 0.001 0.001 0.001
0.208 0.138 0.087 0.055 0.041 0.056 0.354 1.450 2.490 2.729 2.643 2.416 2.056 1.577 1.097 0.725 0.461 0.287 0.182 0.121 0.081 0.054 0.035 0.020 0.010 0.004 0.001 0.001 0.000 0.000 0.000 0.000 0.000 0.000 0.000 0.000 0.000 0.001 0.001 0.001 0.001 0.001 0.001 0.001 0.001 0.001 0.001 0.001 0.001 0.001 0.001 0.001 0.001 0.001 0.001 0.001 0.001 0.001 0.001 0.001 0.001 0.001 0.001 0.001 0.001 0.001 0.001 0.001 0.001 0.001 0.001 0.001 0.001 0.001 0.001 0.001
0.170 0.108 0.068 0.049 0.052 0.268 1.259 2.555 3.055 3.039 2.863 2.571 2.167 1.637 1.126 0.749 0.493 0.333 0.234 0.167 0.116 0.076 0.045 0.022 0.010 0.004 0.001 0.001 0.000 0.000 0.000 0.000 0.000 0.000 0.000 0.000 0.000 0.000 0.001 0.001 0.001 0.001 0.001 0.001 0.001 0.001 0.001 0.001 0.001 0.001 0.001 0.001 0.001 0.001 0.001 0.001 0.001 0.001 0.001 0.001 0.001 0.001 0.001 0.001 0.001 0.001 0.001 0.001 0.001 0.001 0.001 0.001 0.001 0.001 0.001 0.001
0.135 0.086 0.058 0.051 0.151 0.965 2.486 3.252 3.306 3.193 2.988 2.686 2.278 1.749 1.238 0.865 0.616 0.456 0.344 0.254 0.174 0.106 0.054 0.023 0.009 0.003 0.001 0.001 0.000 0.000 0.000 0.000 0.000 0.000 0.000 0.000 0.000 0.000 0.000 0.001 0.001 0.001 0.001 0.001 0.001 0.001 0.001 0.001 0.001 0.001 0.001 0.001 0.001 0.001 0.001 0.001 0.001 0.001 0.001 0.001 0.001 0.001 0.001 0.001 0.001 0.001 0.001 0.001 0.001 0.001 0.001 0.001 0.001 0.001 0.001 0.001
0.108 0.071 0.056 0.082 0.485 1.925 3.235 3.470 3.401 3.260 3.057 2.775 2.400 1.920 1.452 1.105 0.857 0.673 0.519 0.374 0.239 0.128 0.056 0.021 0.007 0.002 0.001 0.000 0.000 0.000 0.000 0.000 0.000 0.000 0.000 0.000 0.000 0.000 0.000 0.000 0.001 0.001 0.001 0.001 0.001 0.001 0.001 0.001 0.001 0.001 0.001 0.001 0.001 0.001 0.001 0.001 0.001 0.001 0.001 0.001 0.001 0.001 0.001 0.001 0.001 0.001 0.001 0.001 0.001 0.001 0.001 0.001 0.001 0.001 0.001 0.001
0.088 0.066 0.071 0.318 1.332 2.781 3.443 3.490 3.416 3.284 3.094 2.842 2.519 2.114 1.707 1.381 1.115 0.882 0.663 0.453 0.269 0.133 0.053 0.018 0.005 0.001 0.001 0.000 0.000 0.000 0.000 0.000 0.000 0.000 0.000 0.000 0.000 0.000 0.000 0.000 0.000 0.001 0.001 0.001 0.001 0.001 0.001 0.001 0.001 0.001 0.001 0.001 0.001 0.001 0.001 0.001 0.001 0.001 0.001 0.001 0.001 0.001 0.001 0.001 0.001 0.001 0.001 0.001 0.001 0.001 0.001 0.001 0.001 0.001 0.001 0.001
0.078 0.075 0.258 1.149 2.479 3.257 3.438 3.452 3.401 3.283 3.109 2.886 2.602 2.253 1.883 1.559 1.270 0.996 0.726 0.473 0.267 0.122 0.043 0.012 0.003 0.001 0.000 0.000 0.000 0.000 0.000 0.000 0.000 0.000 0.000 0.000 0.000 0.000 0.000 0.000 0.000 0.000 0.000 0.000 0.000 0.001 0.001 0.001 0.001 0.001 0.001 0.001 0.001 0.001 0.001 0.001 0.001 0.001 0.001 0.001 0.001 0.001 0.001 0.001 0.001 0.001 0.001 0.001 0.001 0.001 0.001 0.001 0.001 0.001 0.001 0.001
0.081 0.166 0.883 2.295 3.154 3.355 3.390 3.387 3.351 3.261 3.109 2.904 2.644 2.329 1.980 1.651 1.343 1.036 0.725 0.447 0.229 0.090 0.026 0.006 0.001 0.001 0.000 0.000 0.000 0.000 0.000 0.000 0.000 0.000 0.000 0.000 0.000 0.000 0.000 0.000 0.001 0.001 0.001 0.001 0.001 0.001 0.001 0.001 0.001 0.001 0.001 0.001 0.001 0.001 0.001 0.001 0.001 0.001 0.001 0.001 0.001 0.001 0.001 0.001 0.001 0.001 0.001 0.001 0.001 0.001 0.001 0.001 0.001 0.001 0.001 0.001
0.118 0.498 1.812 3.032 3.324 3.348 3.358 3.345 3.305 3.226 3.095 2.905 2.656 2.359 2.032 1.699 1.368 1.031 0.676 0.370 0.156 0.049 0.012 0.003 0.001 0.001 0.000 0.000 0.000 0.000 0.000 0.000 0.000 0.000 0.000 0.000 0.000 0.000 0.000 0.000 0.000 0.000 0.000 0.000 0.000 0.001 0.001 0.001 0.001 0.001 0.001 0.001 0.001 0.001 0.001 0.001 0.001 0.001 0.001 0.001 0.001 0.001 0.001 0.001 0.001 0.001 0.001 0.001 0.001 0.001 0.001 0.001 0.001 0.001 0.001 0.001
0.360 1.366 2.699 3.274 3.343 3.341 3.340 3.319 3.277 3.201 3.076 2.894 2.653 2.366 2.050 1.714 1.365 0.986 0.585 0.275 0.097 0.027 0.007 0.002 0.001 0.001 0.000 0.000 0.000 0.000 0.000 0.000 0.000 0.000 0.000 0.000 0.000 0.000 0.000 0.000 0.000 0.001 0.001 0.001 0.001 0.001 0.001 0.001 0.001 0.001 0.001 0.001 0.001 0.001 0.001 0.001 0.001 0.001 0.001 0.001 0.001 0.001 0.001 0.001 0.001 0.001 0.001 0.001 0.001 0.001 0.001 0.000 0.001 0.001 0.001 0.001
1.073 2.458 3.176 3.317 3.341 3.340 3.332 3.306 3.260 3.181 3.054 2.875 2.644 2.370 2.058 1.715 1.342 0.909 0.490 0.206 0.065 0.017 0.005 0.001 0.001 0.001 0.000 0.000 0.000 0.000 0.000 0.000 0.000 0.000 0.000 0.000 0.000 0.000 0.000 0.000 0.001 0.001 0.001 0.001 0.001 0.001 0.001 0.001 0.001 0.001 0.001 0.001 0.001 0.001 0.001 0.001 0.001 0.001 0.001 0.001 0.001 0.001 0.001 0.001 0.001 0.001 0.001 0.001 0.001 0.001 0.001 0.001 0.000 0.001 0.001 0.001
1.958 3.037 3.265 3.313 3.334 3.339 3.331 3.303 3.250 3.161 3.029 2.853 2.631 2.363 2.051 1.700 1.295 0.812 0.403 0.153 0.045 0.012 0.003 0.001 0.001 0.001 0.000 0.000 0.000 0.000 0.000 0.000 0.000 0.000 0.000 0.000 0.001 0.000 0.000 0.000 0.001 0.001 0.001 0.001 0.001 0.001 0.001 0.001 0.001 0.001 0.001 0.001 0.001 0.001 0.001 0.001 0.001 0.001 0.001 0.001 0.001 0.001 0.000 0.001 0.001 0.001 0.001 0.001 0.001 0.001 0.001 0.001 0.000 0.000 0.001 0.001
2.668 3.161 3.247 3.295 3.325 3.336 3.330 3.304 3.244 3.143 3.000 2.817 2.594 2.333 2.028 1.667 1.213 0.697 0.315 0.107 0.029 0.007 0.002 0.001 0.001 0.001 0.001 0.000 0.000 0.000 0.000 0.000 0.000 0.000 0.000 0.000 0.000 0.000 0.000 0.000 0.001 0.001 0.001 0.001 0.001 0.001 0.001 0.001 0.001 0.001 0.001 0.001 0.001 0.001 0.001 0.001 0.001 0.001 0.001 0.001 0.001 0.001 0.000 0.000 0.001 0.001 0.001 0.001 0.001 0.001 0.001 0.001 0.001 0.000 0.000 0.001
2.958 3.113 3.190 3.252 3.307 3.329 3.327 3.304 3.238 3.125 2.968 2.774 2.547 2.286 1.981 1.596 1.076 0.558 0.223 0.066 0.016 0.004 0.001 0.001 0.001 0.001 0.001 0.001 0.000 0.000 0.000 0.000 0.000 0.000 0.000 0.000 0.000 0.000 0.000 0.000 0.001 0.001 0.001 0.001 0.001 0.001 0.001 0.001 0.001 0.001 0.001 0.001 0.001 0.001 0.001 0.001 0.001 0.001 0.001 0.001 0.001 0.001 0.001 0.000 0.000 0.000 0.001 0.001 0.001 0.001 0.001 0.001 0.001 0.001 0.000 0.000
2.944 3.023 3.088 3.164 3.264 3.319 3.326 3.303 3.230 3.108 2.939 2.727 2.484 2.206 1.866 1.412 0.845 0.381 0.127 0.033 0.008 0.002 0.001 0.001 0.001 0.001 0.001 0.001 0.001 0.001 0.000 0.000 0.000 0.000 0.000 0.000 0.000 0.000 0.000 0.000 0.001 0.001 0.001 0.001 0.001 0.001 0.001 0.001 0.001 0.001 0.001 0.001 0.001 0.001 0.001 0.001 0.001 0.001 0.001 0.001 0.001 0.001 0.001 0.001 0.000 0.000 0.000 0.001 0.001 0.001 0.001 0.001 0.001 0.001 0.001 0.000
2.852 2.886 2.927 3.004 3.144 3.267 3.310 3.293 3.216 3.080 2.886 2.644 2.352 1.997 1.564 1.019 0.500 0.184 0.052 0.012 0.003 0.001 0.001 0.001 0.001 0.001 0.001 0.001 0.001 0.001 0.001 0.000 0.000 0.000 0.000 0.000 0.000 0.000 0.000 0.000 0.000 0.000 0.000 0.000 0.000 0.001 0.001 0.001 0.001 0.001 0.001 0.001 0.001 0.001 0.001 0.001 0.001 0.001 0.001 0.001 0.001 0.001 0.001 0.001 0.001 0.000 0.000 0.000 0.001 0.001 0.001 0.001 0.001 0.001 0.001 0.000
