RESULTS/r.avaflow_results/14b_results/14b_ascii/14b_hflow0031.asc
ncols 506
nrows 317
xllcenter 498237.50
yllcenter 5580050.00
cellsize 12.50
NODATA_value -9999.000
[rows 136 to 169 of 317, columns 152 to 227 of 506]
0.001 0.001 0.001 0.001 0.001 0.001 0.001 0.001 0.001 0.001 0.001 0.001 0.001 0.001 0.000 0.000 0.000 0.000 0.000 0.000 0.000 0.000 0.000 0.000 0.000 0.000 0.000 0.000 0.000 0.000 0.000 0.000 0.000 0.000 0.000 0.000 0.000 0.000 0.000 0.000 0.000 0.000 0.000 0.000 0.000 0.000 0.000 0.000 0.000 0.000 0.000 0.000 0.000 0.000 0.000 0.000 0.000 0.000 0.000 0.000 0.000 0.000 0.000 0.000 0.000 0.000 0.000 0.000 0.000 0.000 0.000 0.000 0.000 0.000 0.000 0.000
0.002 0.002 0.003 0.003 0.004 0.004 0.004 0.004 0.004 0.003 0.002 0.002 0.002 0.002 0.001 0.001 0.001 0.001 0.001 0.001 0.001 0.001 0.001 0.000 0.000 0.000 0.000 0.000 0.000 0.000 0.000 0.000 0.000 0.000 0.000 0.000 0.000 0.000 0.000 0.000 0.000 0.000 0.000 0.000 0.000 0.000 0.000 0.000 0.000 0.000 0.000 0.000 0.000 0.000 0.000 0.000 0.000 0.000 0.000 0.000 0.000 0.000 0.000 0.000 0.000 0.000 0.000 0.000 0.000 0.000 0.000 0.000 0.000 0.000 0.000 0.000
0.005 0.006 0.008 0.009 0.010 0.011 0.011 0.010 0.009 0.007 0.006 0.005 0.004 0.004 0.004 0.004 0.003 0.003 0.003 0.003 0.002 0.002 0.001 0.001 0.001 0.001 0.000 0.000 0.000 0.000 0.000 0.000 0.000 0.000 0.000 0.000 0.000 0.000 0.000 0.000 0.000 0.000 0.000 0.000 0.000 0.000 0.000 0.000 0.000 0.000 0.000 0.000 0.000 0.000 0.000 0.000 0.000 0.000 0.000 0.000 0.000 0.000 0.000 0.000 0.000 0.000 0.000 0.000 0.000 0.000 0.000 0.000 0.000 0.000 0.000 0.000
0.012 0.014 0.017 0.020 0.022 0.023 0.022 0.021 0.019 0.016 0.013 0.011 0.010 0.009 0.009 0.009 0.008 0.007 0.007 0.006 0.005 0.004 0.003 0.002 0.002 0.002 0.001 0.001 0.001 0.001 0.000 0.000 0.000 0.000 0.000 0.000 0.000 0.000 0.000 0.000 0.000 0.000 0.000 0.000 0.000 0.000 0.000 0.000 0.000 0.000 0.000 0.000 0.000 0.000 0.000 0.000 0.000 0.000 0.000 0.000 0.000 0.000 0.000 0.000 0.000 0.000 0.000 0.000 0.000 0.000 0.000 0.000 0.000 0.000 0.000 0.000
0.023 0.028 0.032 0.036 0.037 0.038 0.038 0.036 0.034 0.029 0.025 0.022 0.021 0.020 0.020 0.020 0.019 0.017 0.015 0.012 0.010 0.008 0.007 0.005 0.004 0.004 0.003 0.003 0.002 0.002 0.001 0.001 0.001 0.000 0.000 0.000 0.000 0.000 0.000 0.000 0.000 0.000 0.000 0.000 0.000 0.000 0.000 0.000 0.000 0.000 0.000 0.000 0.000 0.000 0.000 0.000 0.000 0.000 0.000 0.000 0.000 0.000 0.000 0.000 0.000 0.000 0.000 0.000 0.000 0.000 0.000 0.000 0.000 0.000 0.000 0.000
0.038 0.044 0.049 0.052 0.053 0.053 0.053 0.052 0.050 0.046 0.042 0.039 0.038 0.038 0.039 0.039 0.037 0.034 0.030 0.025 0.021 0.017 0.013 0.010 0.008 0.007 0.006 0.005 0.004 0.003 0.002 0.002 0.001 0.001 0.001 0.000 0.000 0.000 0.000 0.000 0.000 0.000 0.000 0.000 0.000 0.000 0.000 0.000 0.000 0.000 0.000 0.000 0.000 0.000 0.000 0.000 0.000 0.000 0.000 0.000 0.000 0.000 0.000 0.000 0.000 0.000 0.000 0.000 0.000 0.000 0.000 0.000 0.000 0.000 0.000 0.000
0.055 0.061 0.065 0.068 0.068 0.069 0.069 0.068 0.067 0.064 0.061 0.061 0.061 0.063 0.063 0.063 0.062 0.058 0.052 0.045 0.037 0.030 0.024 0.019 0.015 0.012 0.009 0.007 0.006 0.005 0.004 0.003 0.002 0.002 0.001 0.001 0.001 0.000 0.000 0.000 0.000 0.000 0.000 0.000 0.000 0.000 0.000 0.000 0.000 0.000 0.000 0.000 0.000 0.000 0.000 0.000 0.000 0.000 0.000 0.000 0.000 0.000 0.000 0.000 0.000 0.000 0.000 0.000 0.000 0.000 0.000 0.000 0.000 0.000 0.000 0.000
0.072 0.078 0.082 0.083 0.084 0.084 0.084 0.084 0.083 0.083 0.082 0.083 0.086 0.088 0.089 0.089 0.087 0.084 0.077 0.068 0.057 0.046 0.037 0.029 0.023 0.018 0.014 0.011 0.009 0.007 0.005 0.004 0.003 0.003 0.002 0.002 0.001 0.001 0.001 0.001 0.000 0.000 0.000 0.000 0.000 0.000 0.000 0.000 0.000 0.000 0.000 0.000 0.000 0.000 0.000 0.000 0.000 0.000 0.000 0.000 0.000 0.000 0.000 0.000 0.000 0.000 0.000 0.000 0.000 0.000 0.000 0.000 0.000 0.000 0.000 0.000
0.090 0.095 0.098 0.099 0.100 0.100 0.100 0.101 0.101 0.102 0.104 0.108 0.111 0.114 0.115 0.115 0.113 0.109 0.102 0.091 0.077 0.063 0.051 0.041 0.032 0.025 0.019 0.015 0.012 0.009 0.007 0.006 0.005 0.004 0.003 0.003 0.003 0.002 0.002 0.002 0.002 0.001 0.001 0.001 0.001 0.001 0.000 0.000 0.000 0.000 0.000 0.000 0.000 0.000 0.000 0.000 0.000 0.000 0.000 0.000 0.000 0.000 0.000 0.000 0.000 0.000 0.000 0.000 0.000 0.000 0.000 0.000 0.000 0.000 0.000 0.000
0.107 0.112 0.114 0.115 0.116 0.116 0.116 0.117 0.119 0.123 0.128 0.133 0.137 0.140 0.141 0.141 0.139 0.134 0.126 0.114 0.098 0.081 0.067 0.054 0.043 0.033 0.026 0.020 0.016 0.012 0.010 0.008 0.007 0.006 0.005 0.005 0.004 0.004 0.004 0.004 0.003 0.003 0.003 0.002 0.002 0.001 0.001 0.001 0.001 0.001 0.001 0.000 0.000 0.000 0.000 0.000 0.000 0.000 0.000 0.000 0.000 0.000 0.000 0.000 0.000 0.000 0.000 0.000 0.000 0.000 0.000 0.000 0.000 0.000 0.000 0.000
0.125 0.130 0.131 0.132 0.132 0.132 0.132 0.134 0.138 0.143 0.152 0.159 0.164 0.166 0.168 0.168 0.166 0.160 0.151 0.137 0.119 0.101 0.083 0.068 0.054 0.042 0.033 0.025 0.020 0.016 0.013 0.010 0.009 0.008 0.008 0.008 0.008 0.007 0.007 0.007 0.007 0.006 0.005 0.004 0.003 0.003 0.002 0.002 0.002 0.002 0.001 0.001 0.001 0.001 0.001 0.001 0.000 0.000 0.000 0.000 0.000 0.000 0.000 0.000 0.000 0.000 0.000 0.000 0.000 0.000 0.000 0.000 0.000 0.000 0.000 0.000
0.146 0.150 0.151 0.150 0.149 0.148 0.149 0.151 0.156 0.165 0.177 0.187 0.192 0.195 0.196 0.196 0.193 0.187 0.176 0.160 0.141 0.121 0.101 0.083 0.067 0.052 0.040 0.031 0.024 0.019 0.016 0.014 0.013 0.012 0.012 0.013 0.013 0.014 0.014 0.014 0.013 0.012 0.009 0.007 0.006 0.005 0.004 0.004 0.003 0.003 0.003 0.002 0.002 0.002 0.002 0.001 0.001 0.001 0.001 0.000 0.000 0.000 0.000 0.000 0.000 0.000 0.000 0.000 0.000 0.000 0.000 0.000 0.000 0.000 0.000 0.000
0.173 0.176 0.175 0.170 0.166 0.165 0.165 0.168 0.175 0.188 0.205 0.217 0.225 0.228 0.229 0.228 0.224 0.214 0.201 0.184 0.164 0.143 0.122 0.101 0.082 0.064 0.049 0.038 0.030 0.025 0.022 0.020 0.020 0.021 0.024 0.028 0.031 0.032 0.033 0.033 0.031 0.027 0.019 0.013 0.009 0.007 0.006 0.006 0.005 0.005 0.004 0.004 0.004 0.003 0.003 0.003 0.002 0.002 0.001 0.001 0.001 0.001 0.001 0.001 0.000 0.000 0.000 0.000 0.000 0.000 0.000 0.000 0.000 0.000 0.000 0.000
0.239 0.238 0.223 0.201 0.190 0.187 0.188 0.191 0.200 0.216 0.239 0.256 0.266 0.271 0.273 0.270 0.260 0.244 0.227 0.210 0.191 0.170 0.147 0.122 0.100 0.079 0.062 0.050 0.043 0.038 0.037 0.038 0.042 0.051 0.066 0.081 0.091 0.097 0.098 0.095 0.086 0.069 0.048 0.029 0.018 0.013 0.010 0.009 0.008 0.007 0.007 0.007 0.006 0.006 0.005 0.004 0.004 0.003 0.003 0.002 0.002 0.002 0.002 0.001 0.001 0.001 0.001 0.001 0.001 0.001 0.001 0.001 0.001 0.000 0.000 0.000
0.460 0.438 0.370 0.303 0.272 0.260 0.258 0.261 0.270 0.285 0.305 0.325 0.337 0.342 0.341 0.330 0.305 0.277 0.257 0.241 0.225 0.206 0.181 0.154 0.128 0.106 0.090 0.081 0.077 0.077 0.081 0.093 0.116 0.157 0.210 0.253 0.278 0.287 0.283 0.265 0.231 0.187 0.132 0.079 0.045 0.027 0.018 0.015 0.013 0.012 0.011 0.011 0.010 0.009 0.007 0.006 0.005 0.005 0.004 0.004 0.003 0.003 0.003 0.003 0.002 0.002 0.002 0.002 0.002 0.002 0.002 0.002 0.002 0.001 0.001 0.001
1.139 1.030 0.830 0.661 0.569 0.522 0.499 0.489 0.487 0.491 0.500 0.516 0.524 0.522 0.503 0.464 0.401 0.347 0.318 0.304 0.292 0.274 0.249 0.219 0.193 0.173 0.164 0.164 0.174 0.194 0.225 0.274 0.355 0.470 0.572 0.634 0.658 0.654 0.623 0.572 0.506 0.425 0.322 0.211 0.122 0.070 0.045 0.033 0.029 0.027 0.025 0.024 0.021 0.017 0.012 0.009 0.008 0.007 0.006 0.005 0.005 0.005 0.004 0.004 0.004 0.004 0.004 0.004 0.004 0.003 0.003 0.003 0.003 0.002 0.002 0.001
2.648 2.389 2.010 1.673 1.447 1.296 1.192 1.118 1.067 1.038 1.025 1.024 1.018 0.992 0.929 0.828 0.693 0.584 0.522 0.493 0.475 0.454 0.426 0.392 0.366 0.354 0.359 0.387 0.446 0.529 0.623 0.737 0.896 1.070 1.182 1.224 1.214 1.162 1.079 0.990 0.895 0.779 0.627 0.458 0.303 0.192 0.128 0.097 0.086 0.081 0.079 0.074 0.064 0.045 0.028 0.018 0.012 0.010 0.008 0.008 0.007 0.006 0.006 0.006 0.006 0.006 0.006 0.006 0.006 0.006 0.005 0.005 0.005 0.004 0.003 0.002
5.036 4.643 4.148 3.638 3.217 2.878 2.607 2.390 2.227 2.119 2.057 2.021 1.983 1.916 1.803 1.638 1.432 1.253 1.119 1.023 0.958 0.909 0.866 0.826 0.803 0.807 0.843 0.928 1.067 1.232 1.391 1.558 1.749 1.899 1.953 1.920 1.825 1.692 1.559 1.437 1.315 1.176 1.002 0.808 0.616 0.467 0.371 0.318 0.294 0.284 0.277 0.260 0.220 0.150 0.084 0.046 0.027 0.017 0.013 0.011 0.010 0.009 0.009 0.008 0.008 0.008 0.008 0.008 0.008 0.008 0.008 0.007 0.007 0.006 0.005 0.004
8.039 7.573 7.041 6.424 5.788 5.204 4.707 4.304 3.994 3.761 3.607 3.512 3.422 3.308 3.159 2.978 2.759 2.536 2.318 2.109 1.939 1.814 1.734 1.692 1.683 1.713 1.796 1.942 2.134 2.336 2.513 2.665 2.773 2.803 2.739 2.602 2.414 2.221 2.049 1.890 1.735 1.578 1.406 1.225 1.058 0.947 0.890 0.856 0.833 0.817 0.800 0.755 0.648 0.467 0.271 0.143 0.073 0.040 0.025 0.018 0.015 0.014 0.013 0.012 0.012 0.012 0.012 0.013 0.014 0.014 0.013 0.011 0.009 0.008 0.006 0.005
11.344 10.814 10.252 9.587 8.761 7.905 7.187 6.600 6.143 5.782 5.515 5.323 5.171 5.033 4.884 4.728 4.554 4.330 4.059 3.740 3.447 3.224 3.094 3.052 3.063 3.117 3.222 3.357 3.491 3.631 3.745 3.798 3.767 3.669 3.506 3.277 3.006 2.768 2.562 2.369 2.187 2.014 1.848 1.702 1.609 1.595 1.627 1.649 1.647 1.629 1.592 1.507 1.332 1.041 0.681 0.394 0.210 0.110 0.061 0.039 0.029 0.024 0.022 0.020 0.020 0.020 0.021 0.026 0.028 0.028 0.026 0.021 0.014 0.011 0.009 0.007
14.834 14.262 13.617 12.839 11.843 10.737 9.811 9.052 8.451 7.984 7.622 7.338 7.118 6.949 6.797 6.655 6.494 6.280 5.997 5.621 5.249 4.972 4.810 4.763 4.767 4.794 4.821 4.843 4.862 4.898 4.912 4.863 4.733 4.529 4.273 3.961 3.624 3.340 3.100 2.884 2.684 2.504 2.352 2.242 2.191 2.196 2.236 2.280 2.300 2.290 2.248 2.144 1.943 1.627 1.210 0.802 0.490 0.282 0.163 0.100 0.069 0.054 0.046 0.043 0.041 0.042 0.048 0.065 0.074 0.075 0.068 0.046 0.026 0.017 0.013 0.010
18.565 17.958 17.200 16.260 15.041 13.705 12.558 11.631 10.906 10.338 9.899 9.550 9.278 9.058 8.867 8.702 8.505 8.283 7.987 7.586 7.186 6.889 6.712 6.626 6.571 6.528 6.437 6.329 6.238 6.153 6.060 5.914 5.692 5.401 5.060 4.677 4.287 3.961 3.690 3.450 3.228 3.036 2.891 2.790 2.729 2.698 2.689 2.706 2.723 2.706 2.653 2.536 2.325 2.029 1.664 1.256 0.877 0.582 0.378 0.257 0.188 0.147 0.124 0.114 0.111 0.116 0.147 0.206 0.235 0.236 0.204 0.126 0.057 0.029 0.019 0.014
22.542 21.937 21.094 19.924 18.412 16.836 15.496 14.391 13.540 12.866 12.354 11.938 11.613 11.348 11.105 10.878 10.640 10.376 10.068 9.684 9.293 8.976 8.758 8.594 8.445 8.310 8.107 7.875 7.653 7.431 7.219 6.967 6.646 6.270 5.856 5.428 5.009 4.647 4.325 4.035 3.783 3.575 3.425 3.312 3.226 3.152 3.094 3.072 3.067 3.029 2.952 2.820 2.610 2.331 2.008 1.659 1.294 0.966 0.714 0.551 0.455 0.392 0.350 0.333 0.333 0.365 0.471 0.630 0.704 0.699 0.597 0.360 0.149 0.061 0.030 0.019
26.558 25.853 24.882 23.522 21.829 20.082 18.597 17.353 16.380 15.597 14.994 14.517 14.148 13.825 13.531 13.236 12.954 12.643 12.303 11.935 11.573 11.254 10.963 10.702 10.446 10.176 9.859 9.511 9.143 8.762 8.392 8.015 7.591 7.125 6.647 6.193 5.756 5.345 4.957 4.613 4.338 4.124 3.950 3.807 3.684 3.573 3.481 3.422 3.383 3.311 3.208 3.061 2.857 2.604 2.322 2.021 1.699 1.389 1.143 0.982 0.894 0.850 0.830 0.844 0.890 0.995 1.214 1.493 1.628 1.620 1.411 0.907 0.391 0.144 0.057 0.029
30.117 29.299 28.232 26.803 25.099 23.295 21.794 20.468 19.403 18.527 17.847 17.302 16.880 16.498 16.158 15.816 15.468 15.109 14.754 14.373 14.004 13.660 13.317 12.964 12.584 12.171 11.723 11.249 10.731 10.184 9.610 9.072 8.534 7.987 7.453 6.961 6.490 6.030 5.593 5.210 4.907 4.675 4.467 4.279 4.118 3.978 3.861 3.770 3.693 3.587 3.455 3.295 3.100 2.875 2.636 2.377 2.103 1.846 1.651 1.536 1.496 1.519 1.597 1.721 1.880 2.096 2.404 2.701 2.842 2.833 2.557 1.838 0.912 0.355 0.126 0.052
33.033 32.117 31.045 29.687 28.081 26.340 24.892 23.528 22.394 21.476 20.725 20.128 19.685 19.300 18.960 18.598 18.241 17.810 17.431 17.049 16.644 16.244 15.835 15.388 14.877 14.334 13.755 13.134 12.429 11.704 10.904 10.165 9.508 8.882 8.290 7.726 7.191 6.699 6.245 5.837 5.501 5.223 4.966 4.732 4.542 4.382 4.241 4.117 4.004 3.876 3.728 3.565 3.382 3.182 2.969 2.741 2.518 2.331 2.203 2.149 2.164 2.259 2.436 2.671 2.941 3.227 3.505 3.703 3.772 3.732 3.484 2.847 1.765 0.794 0.295 0.107
35.640 34.633 33.571 32.334 30.772 29.172 27.768 26.385 25.212 24.300 23.476 22.788 22.339 22.055 21.838 21.553 21.222 20.793 20.370 19.979 19.516 19.048 18.524 17.981 17.364 16.704 15.976 15.172 14.260 13.304 12.283 11.338 10.545 9.829 9.161 8.521 7.917 7.383 6.917 6.487 6.102 5.760 5.443 5.172 4.958 4.774 4.606 4.449 4.309 4.189 4.060 3.907 3.731 3.531 3.312 3.095 2.911 2.771 2.695 2.682 2.725 2.839 3.024 3.274 3.582 3.889 4.111 4.228 4.239 4.156 3.931 3.453 2.577 1.442 0.624 0.232
37.980 36.930 35.874 34.787 33.290 31.806 30.460 29.090 27.932 27.040 26.156 25.458 25.022 24.760 24.583 24.426 24.193 23.891 23.483 23.071 22.536 22.019 21.421 20.760 20.039 19.239 18.360 17.356 16.234 15.022 13.744 12.606 11.649 10.829 10.078 9.378 8.721 8.124 7.616 7.141 6.691 6.280 5.917 5.607 5.349 5.126 4.926 4.746 4.607 4.498 4.371 4.222 4.050 3.845 3.623 3.406 3.239 3.133 3.096 3.107 3.163 3.264 3.403 3.594 3.848 4.117 4.296 4.360 4.338 4.232 4.017 3.645 2.994 2.004 1.048 0.449
40.163 38.884 37.729 36.761 35.424 33.994 32.853 31.613 30.420 29.609 28.782 28.023 27.567 27.342 27.183 27.138 26.974 26.709 26.341 25.865 25.314 24.782 24.140 23.433 22.664 21.721 20.685 19.530 18.204 16.797 15.286 13.955 12.823 11.880 11.060 10.326 9.636 8.965 8.355 7.804 7.288 6.817 6.404 6.043 5.718 5.440 5.207 5.013 4.881 4.781 4.643 4.486 4.320 4.123 3.894 3.654 3.489 3.410 3.391 3.408 3.464 3.549 3.643 3.762 3.936 4.140 4.268 4.300 4.260 4.150 3.957 3.634 3.107 2.328 1.412 0.709
42.193 40.609 39.312 38.407 37.147 35.898 35.006 33.940 32.905 32.145 31.374 30.748 30.398 30.116 29.897 29.866 29.623 29.251 28.866 28.371 27.828 27.329 26.663 25.896 25.024 23.898 22.712 21.465 20.006 18.441 16.798 15.351 14.078 13.020 12.140 11.367 10.630 9.883 9.153 8.500 7.905 7.371 6.892 6.470 6.072 5.728 5.461 5.257 5.123 5.005 4.856 4.696 4.543 4.361 4.117 3.843 3.670 3.599 3.580 3.592 3.639 3.711 3.778 3.854 3.970 4.074 4.103 4.073 4.008 3.913 3.777 3.533 3.106 2.486 1.699 0.974
43.776 41.945 40.497 39.595 38.569 37.613 37.004 36.236 35.427 34.765 34.168 33.707 33.464 33.135 32.839 32.671 32.153 31.536 31.136 30.627 30.081 29.618 28.902 28.039 27.081 25.864 24.556 23.172 21.565 19.888 18.171 16.643 15.323 14.205 13.236 12.374 11.542 10.720 9.934 9.194 8.523 7.924 7.374 6.881 6.419 6.006 5.694 5.469 5.321 5.171 5.006 4.849 4.702 4.525 4.271 3.979 3.800 3.726 3.700 3.704 3.738 3.797 3.849 3.896 3.937 3.929 3.856 3.752 3.664 3.595 3.512 3.351 3.048 2.587 1.959 1.261
44.798 43.218 41.577 40.614 39.900 39.184 38.799 38.265 37.630 37.252 36.863 36.425 36.271 36.014 35.603 35.235 34.429 33.407 32.942 32.539 31.980 31.506 30.728 29.671 28.584 27.306 25.900 24.464 22.839 21.147 19.405 17.825 16.471 15.286 14.247 13.282 12.333 11.445 10.628 9.832 9.090 8.417 7.802 7.247 6.746 6.292 5.920 5.641 5.449 5.275 5.102 4.949 4.804 4.626 4.371 4.071 3.888 3.812 3.778 3.763 3.774 3.812 3.842 3.850 3.821 3.741 3.613 3.490 3.413 3.368 3.317 3.210 3.009 2.689 2.216 1.607
46.037 44.817 43.518 42.686 42.077 41.469 41.165 40.555 39.905 39.697 39.313 38.906 38.827 38.566 38.170 37.734 36.750 35.639 34.974 34.353 33.685 33.129 32.185 31.074 29.926 28.504 27.039 25.559 23.868 22.155 20.421 18.825 17.450 16.228 15.131 14.060 13.028 12.082 11.209 10.352 9.543 8.812 8.153 7.558 7.023 6.549 6.126 5.771 5.513 5.319 5.152 4.999 4.843 4.649 4.384 4.106 3.934 3.852 3.811 3.781 3.761 3.772 3.770 3.727 3.647 3.533 3.393 3.285 3.222 3.204 3.206 3.150 3.029 2.825 2.503 2.050
47.132 46.429 45.688 45.181 44.708 44.242 43.977 43.293 42.650 42.502 42.090 41.709 41.661 41.293 40.855 40.462 39.442 38.357 37.398 36.279 35.273 34.582 33.548 32.291 31.007 29.484 27.938 26.339 24.616 22.935 21.226 19.635 18.255 17.014 15.844 14.709 13.635 12.608 11.650 10.740 9.885 9.112 8.412 7.790 7.236 6.733 6.271 5.857 5.532 5.309 5.139 4.973 4.782 4.550 4.284 4.069 3.939 3.862 3.813 3.780 3.746 3.724 3.679 3.578 3.442 3.308 3.187 3.101 3.049 3.060 3.128 3.132 3.074 2.970 2.804 2.564
