RESULTS/r.avaflow_results/14b_results/14b_ascii/14b_hflow30066.asc
ncols 506
nrows 317
xllcenter 498237.50
yllcenter 5580050.00
cellsize 12.50
NODATA_value -9999.000
[rows 136 to 169 of 317, columns 154 to 230 of 506]
0.000 0.001 0.001 0.001 0.001 0.001 0.001 0.001 0.001 0.001 0.001 0.000 0.000 0.000 0.000 0.000 0.000 0.000 0.000 0.000 0.000 0.000 0.000 0.000 0.000 0.000 0.000 0.000 0.000 0.000 0.000 0.000 0.000 0.000 0.000 0.000 0.000 0.000 0.000 0.000 0.000 0.000 0.000 0.000 0.000 0.000 0.000 0.000 0.000 0.000 0.000 0.000 0.000 0.000 0.000 0.000 0.000 0.000 0.000 0.000 0.000 0.000 0.000 0.000 0.000 0.000 0.000 0.000 0.000 0.000 0.000 0.000 0.000 0.000 0.000 0.000 0.000
0.001 0.001 0.001 0.001 0.002 0.001 0.001 0.001 0.001 0.001 0.001 0.001 0.001 0.001 0.001 0.001 0.001 0.001 0.001 0.001 0.001 0.001 0.001 0.001 0.000 0.000 0.000 0.000 0.000 0.000 0.000 0.000 0.000 0.000 0.000 0.000 0.000 0.000 0.000 0.000 0.000 0.000 0.000 0.000 0.000 0.000 0.000 0.000 0.000 0.000 0.000 0.000 0.000 0.000 0.000 0.000 0.000 0.000 0.000 0.000 0.000 0.000 0.000 0.000 0.000 0.000 0.000 0.000 0.000 0.000 0.000 0.000 0.000 0.000 0.000 0.000 0.000
0.002 0.003 0.004 0.004 0.004 0.004 0.003 0.003 0.002 0.002 0.002 0.002 0.002 0.002 0.002 0.002 0.002 0.002 0.001 0.001 0.001 0.001 0.001 0.001 0.001 0.001 0.001 0.001 0.001 0.000 0.000 0.000 0.000 0.000 0.000 0.000 0.000 0.000 0.000 0.000 0.000 0.000 0.000 0.000 0.000 0.000 0.000 0.000 0.000 0.000 0.000 0.000 0.000 0.000 0.000 0.000 0.000 0.000 0.000 0.000 0.000 0.000 0.000 0.000 0.000 0.000 0.000 0.000 0.000 0.000 0.000 0.000 0.000 0.000 0.000 0.000 0.000
0.004 0.006 0.008 0.009 0.009 0.008 0.008 0.007 0.006 0.005 0.005 0.005 0.005 0.005 0.005 0.005 0.005 0.004 0.004 0.003 0.003 0.002 0.002 0.002 0.001 0.001 0.001 0.001 0.001 0.001 0.001 0.000 0.000 0.000 0.000 0.000 0.000 0.000 0.000 0.000 0.000 0.000 0.000 0.000 0.000 0.000 0.000 0.000 0.000 0.000 0.000 0.000 0.000 0.000 0.000 0.000 0.000 0.000 0.000 0.000 0.000 0.000 0.000 0.000 0.000 0.000 0.000 0.000 0.000 0.000 0.000 0.000 0.000 0.000 0.000 0.000 0.000
0.007 0.009 0.010 0.011 0.011 0.011 0.011 0.011 0.011 0.010 0.011 0.012 0.013 0.013 0.013 0.013 0.012 0.011 0.010 0.009 0.008 0.006 0.005 0.004 0.004 0.003 0.003 0.002 0.002 0.001 0.001 0.001 0.000 0.000 0.000 0.000 0.000 0.000 0.000 0.000 0.000 0.000 0.000 0.000 0.000 0.000 0.000 0.000 0.000 0.000 0.000 0.000 0.000 0.000 0.000 0.000 0.000 0.000 0.000 0.000 0.000 0.000 0.000 0.000 0.000 0.000 0.000 0.000 0.000 0.000 0.000 0.000 0.000 0.000 0.000 0.000 0.000
0.008 0.010 0.011 0.011 0.012 0.012 0.013 0.013 0.013 0.014 0.016 0.018 0.020 0.022 0.022 0.022 0.021 0.021 0.020 0.019 0.017 0.015 0.012 0.010 0.008 0.007 0.006 0.005 0.003 0.002 0.001 0.001 0.001 0.001 0.000 0.000 0.000 0.000 0.000 0.000 0.000 0.000 0.000 0.000 0.000 0.000 0.000 0.000 0.000 0.000 0.000 0.000 0.000 0.000 0.000 0.000 0.000 0.000 0.000 0.000 0.000 0.000 0.000 0.000 0.000 0.000 0.000 0.000 0.000 0.000 0.000 0.000 0.000 0.000 0.000 0.000 0.000
0.009 0.010 0.011 0.011 0.012 0.012 0.013 0.014 0.014 0.016 0.018 0.021 0.024 0.025 0.026 0.026 0.026 0.026 0.026 0.025 0.024 0.022 0.020 0.017 0.014 0.012 0.010 0.008 0.006 0.004 0.003 0.002 0.001 0.001 0.001 0.001 0.000 0.000 0.000 0.000 0.000 0.000 0.000 0.000 0.000 0.000 0.000 0.000 0.000 0.000 0.000 0.000 0.000 0.000 0.000 0.000 0.000 0.000 0.000 0.000 0.000 0.000 0.000 0.000 0.000 0.000 0.000 0.000 0.000 0.000 0.000 0.000 0.000 0.000 0.000 0.000 0.000
0.009 0.010 0.010 0.011 0.012 0.012 0.013 0.014 0.015 0.016 0.019 0.022 0.024 0.026 0.027 0.028 0.028 0.028 0.028 0.027 0.026 0.025 0.023 0.021 0.019 0.016 0.013 0.011 0.008 0.006 0.004 0.003 0.002 0.001 0.001 0.001 0.001 0.001 0.001 0.000 0.000 0.000 0.000 0.000 0.000 0.000 0.000 0.000 0.000 0.000 0.000 0.000 0.000 0.000 0.000 0.000 0.000 0.000 0.000 0.000 0.000 0.000 0.000 0.000 0.000 0.000 0.000 0.000 0.000 0.000 0.000 0.000 0.000 0.000 0.000 0.000 0.000
0.008 0.009 0.010 0.010 0.011 0.012 0.013 0.014 0.015 0.016 0.019 0.022 0.024 0.026 0.028 0.028 0.028 0.029 0.028 0.028 0.027 0.026 0.025 0.023 0.021 0.018 0.016 0.013 0.010 0.008 0.006 0.004 0.003 0.002 0.001 0.001 0.001 0.001 0.001 0.001 0.001 0.000 0.000 0.000 0.000 0.000 0.000 0.000 0.000 0.000 0.000 0.000 0.000 0.000 0.000 0.000 0.000 0.000 0.000 0.000 0.000 0.000 0.000 0.000 0.000 0.000 0.000 0.000 0.000 0.000 0.000 0.000 0.000 0.000 0.000 0.000 0.000
0.008 0.008 0.009 0.010 0.010 0.011 0.012 0.013 0.014 0.016 0.019 0.021 0.024 0.026 0.027 0.028 0.028 0.028 0.028 0.028 0.028 0.027 0.026 0.025 0.023 0.020 0.018 0.015 0.012 0.010 0.008 0.006 0.004 0.003 0.002 0.002 0.002 0.002 0.001 0.001 0.001 0.001 0.001 0.000 0.000 0.000 0.000 0.000 0.000 0.000 0.000 0.000 0.000 0.000 0.000 0.000 0.000 0.000 0.000 0.000 0.000 0.000 0.000 0.000 0.000 0.000 0.000 0.000 0.000 0.000 0.000 0.000 0.000 0.000 0.000 0.000 0.000
0.007 0.008 0.008 0.009 0.009 0.010 0.011 0.012 0.014 0.016 0.018 0.021 0.023 0.025 0.027 0.028 0.028 0.028 0.028 0.028 0.028 0.027 0.027 0.026 0.024 0.022 0.020 0.017 0.014 0.012 0.010 0.008 0.006 0.005 0.005 0.005 0.005 0.004 0.004 0.004 0.003 0.002 0.001 0.001 0.001 0.001 0.000 0.000 0.000 0.000 0.000 0.000 0.000 0.000 0.000 0.000 0.000 0.000 0.000 0.000 0.000 0.000 0.000 0.000 0.000 0.000 0.000 0.000 0.000 0.000 0.000 0.000 0.000 0.000 0.000 0.000 0.000
0.007 0.008 0.008 0.008 0.009 0.010 0.010 0.012 0.013 0.015 0.017 0.020 0.022 0.024 0.025 0.026 0.027 0.027 0.027 0.028 0.028 0.028 0.027 0.027 0.026 0.024 0.022 0.020 0.017 0.014 0.013 0.011 0.010 0.010 0.011 0.012 0.013 0.014 0.013 0.013 0.010 0.007 0.004 0.002 0.001 0.001 0.001 0.001 0.001 0.001 0.000 0.000 0.000 0.000 0.000 0.000 0.000 0.000 0.000 0.000 0.000 0.000 0.000 0.000 0.000 0.000 0.000 0.000 0.000 0.000 0.000 0.000 0.000 0.000 0.000 0.000 0.000
0.007 0.008 0.008 0.008 0.009 0.009 0.010 0.011 0.013 0.015 0.017 0.019 0.021 0.023 0.024 0.025 0.026 0.027 0.027 0.027 0.028 0.028 0.028 0.028 0.027 0.026 0.024 0.022 0.020 0.018 0.018 0.017 0.018 0.020 0.023 0.028 0.033 0.035 0.036 0.034 0.030 0.022 0.013 0.007 0.004 0.002 0.002 0.001 0.001 0.001 0.001 0.001 0.001 0.001 0.000 0.000 0.000 0.000 0.000 0.000 0.000 0.000 0.000 0.000 0.000 0.000 0.000 0.000 0.000 0.000 0.000 0.000 0.000 0.000 0.000 0.000 0.000
0.008 0.008 0.008 0.008 0.009 0.009 0.010 0.011 0.013 0.015 0.017 0.019 0.021 0.022 0.024 0.025 0.026 0.026 0.027 0.028 0.028 0.028 0.029 0.029 0.029 0.028 0.027 0.026 0.025 0.025 0.026 0.028 0.032 0.038 0.046 0.057 0.067 0.072 0.073 0.071 0.065 0.053 0.037 0.023 0.013 0.008 0.006 0.004 0.003 0.003 0.002 0.002 0.001 0.001 0.001 0.001 0.001 0.000 0.000 0.000 0.000 0.000 0.000 0.000 0.000 0.000 0.000 0.000 0.000 0.000 0.000 0.000 0.000 0.000 0.000 0.000 0.000
0.009 0.009 0.009 0.009 0.009 0.010 0.011 0.012 0.014 0.015 0.018 0.020 0.021 0.023 0.024 0.025 0.026 0.027 0.028 0.028 0.029 0.030 0.030 0.031 0.031 0.031 0.031 0.032 0.032 0.035 0.038 0.044 0.052 0.061 0.072 0.085 0.096 0.105 0.112 0.114 0.110 0.098 0.079 0.057 0.039 0.027 0.020 0.015 0.012 0.010 0.008 0.007 0.004 0.003 0.002 0.001 0.001 0.001 0.001 0.001 0.001 0.000 0.000 0.000 0.000 0.000 0.000 0.000 0.000 0.000 0.000 0.000 0.000 0.000 0.000 0.000 0.000
0.015 0.013 0.013 0.012 0.012 0.013 0.013 0.014 0.016 0.017 0.019 0.021 0.023 0.024 0.024 0.025 0.026 0.028 0.029 0.030 0.031 0.032 0.033 0.034 0.035 0.036 0.038 0.040 0.043 0.048 0.054 0.062 0.070 0.079 0.089 0.100 0.112 0.124 0.136 0.146 0.151 0.147 0.134 0.112 0.089 0.071 0.059 0.050 0.043 0.038 0.032 0.026 0.018 0.011 0.006 0.003 0.002 0.001 0.001 0.001 0.001 0.001 0.001 0.001 0.001 0.001 0.001 0.001 0.001 0.001 0.001 0.001 0.001 0.001 0.000 0.000 0.000
0.028 0.025 0.023 0.021 0.020 0.020 0.020 0.020 0.021 0.023 0.024 0.026 0.027 0.027 0.028 0.028 0.029 0.031 0.032 0.034 0.035 0.036 0.037 0.038 0.040 0.043 0.046 0.051 0.056 0.062 0.068 0.075 0.083 0.091 0.100 0.110 0.122 0.135 0.151 0.168 0.183 0.192 0.194 0.184 0.164 0.146 0.133 0.124 0.115 0.107 0.096 0.082 0.063 0.041 0.024 0.013 0.007 0.004 0.003 0.002 0.002 0.002 0.002 0.002 0.002 0.002 0.002 0.002 0.002 0.001 0.001 0.001 0.001 0.001 0.001 0.001 0.001
0.051 0.046 0.042 0.038 0.035 0.033 0.032 0.031 0.032 0.032 0.034 0.035 0.035 0.036 0.036 0.036 0.037 0.038 0.038 0.040 0.041 0.042 0.044 0.045 0.048 0.052 0.057 0.062 0.067 0.073 0.078 0.085 0.092 0.099 0.108 0.118 0.130 0.145 0.163 0.184 0.207 0.228 0.245 0.255 0.257 0.254 0.249 0.243 0.237 0.227 0.211 0.186 0.154 0.114 0.076 0.046 0.026 0.015 0.009 0.007 0.005 0.005 0.004 0.004 0.004 0.004 0.004 0.004 0.004 0.003 0.003 0.003 0.002 0.002 0.002 0.002 0.002
0.071 0.067 0.063 0.059 0.055 0.052 0.049 0.048 0.047 0.047 0.047 0.048 0.049 0.050 0.051 0.051 0.051 0.050 0.050 0.050 0.050 0.052 0.053 0.056 0.059 0.064 0.068 0.072 0.076 0.080 0.085 0.091 0.098 0.105 0.113 0.123 0.136 0.153 0.173 0.198 0.225 0.254 0.283 0.312 0.337 0.355 0.364 0.368 0.367 0.363 0.351 0.327 0.290 0.239 0.181 0.128 0.085 0.055 0.036 0.025 0.019 0.016 0.015 0.015 0.015 0.016 0.017 0.017 0.016 0.013 0.010 0.008 0.007 0.006 0.005 0.004 0.003
0.081 0.080 0.077 0.073 0.070 0.067 0.065 0.064 0.063 0.063 0.063 0.064 0.065 0.066 0.067 0.067 0.067 0.066 0.064 0.063 0.063 0.064 0.066 0.068 0.070 0.073 0.076 0.079 0.082 0.086 0.091 0.096 0.103 0.110 0.118 0.129 0.142 0.160 0.183 0.209 0.239 0.272 0.309 0.351 0.390 0.418 0.436 0.445 0.448 0.448 0.444 0.432 0.412 0.382 0.334 0.272 0.209 0.155 0.116 0.089 0.071 0.060 0.055 0.053 0.055 0.061 0.066 0.066 0.061 0.051 0.038 0.028 0.022 0.018 0.014 0.011 0.008
0.088 0.087 0.085 0.082 0.080 0.078 0.077 0.076 0.076 0.076 0.076 0.077 0.077 0.078 0.078 0.078 0.077 0.076 0.075 0.074 0.074 0.074 0.075 0.077 0.078 0.079 0.081 0.083 0.086 0.090 0.094 0.100 0.106 0.114 0.122 0.133 0.148 0.168 0.191 0.218 0.249 0.285 0.327 0.376 0.420 0.454 0.477 0.491 0.497 0.499 0.498 0.495 0.489 0.479 0.460 0.430 0.385 0.330 0.277 0.234 0.203 0.182 0.171 0.169 0.177 0.198 0.210 0.210 0.195 0.162 0.118 0.085 0.064 0.048 0.037 0.028 0.021
0.093 0.092 0.091 0.090 0.088 0.086 0.086 0.086 0.086 0.086 0.087 0.087 0.087 0.087 0.086 0.085 0.084 0.083 0.081 0.080 0.080 0.080 0.081 0.082 0.082 0.082 0.084 0.085 0.088 0.092 0.096 0.102 0.109 0.117 0.126 0.139 0.155 0.174 0.198 0.225 0.257 0.294 0.339 0.390 0.438 0.476 0.503 0.521 0.530 0.533 0.535 0.537 0.539 0.541 0.539 0.531 0.518 0.501 0.483 0.460 0.431 0.409 0.398 0.400 0.427 0.468 0.485 0.481 0.445 0.369 0.268 0.190 0.139 0.103 0.078 0.060 0.046
0.097 0.097 0.096 0.095 0.094 0.093 0.093 0.093 0.093 0.094 0.094 0.094 0.094 0.093 0.092 0.091 0.089 0.087 0.085 0.084 0.084 0.084 0.084 0.084 0.084 0.084 0.085 0.087 0.089 0.093 0.097 0.103 0.111 0.119 0.130 0.144 0.160 0.180 0.203 0.230 0.263 0.301 0.347 0.399 0.449 0.490 0.521 0.541 0.552 0.558 0.562 0.568 0.575 0.583 0.590 0.595 0.598 0.604 0.616 0.630 0.641 0.653 0.671 0.699 0.744 0.783 0.796 0.787 0.742 0.642 0.489 0.343 0.246 0.182 0.138 0.107 0.082
0.101 0.101 0.100 0.100 0.099 0.099 0.099 0.099 0.098 0.099 0.099 0.099 0.099 0.098 0.097 0.095 0.092 0.089 0.087 0.086 0.086 0.085 0.085 0.085 0.085 0.085 0.086 0.087 0.089 0.093 0.098 0.104 0.111 0.121 0.133 0.148 0.165 0.184 0.207 0.235 0.268 0.307 0.352 0.404 0.456 0.500 0.533 0.555 0.568 0.576 0.584 0.592 0.602 0.614 0.626 0.637 0.650 0.665 0.688 0.718 0.755 0.800 0.849 0.897 0.940 0.969 0.979 0.974 0.937 0.849 0.703 0.524 0.379 0.281 0.214 0.166 0.129
0.102 0.103 0.103 0.103 0.103 0.103 0.102 0.102 0.102 0.102 0.102 0.102 0.101 0.101 0.099 0.097 0.094 0.091 0.089 0.087 0.086 0.086 0.085 0.085 0.085 0.085 0.086 0.087 0.090 0.093 0.098 0.104 0.112 0.122 0.135 0.150 0.168 0.188 0.211 0.240 0.274 0.313 0.357 0.407 0.461 0.506 0.542 0.567 0.583 0.594 0.603 0.614 0.625 0.637 0.651 0.666 0.685 0.706 0.733 0.771 0.822 0.884 0.950 1.004 1.044 1.066 1.074 1.073 1.049 0.982 0.862 0.691 0.521 0.394 0.304 0.238 0.188
0.103 0.104 0.105 0.105 0.105 0.105 0.105 0.104 0.104 0.103 0.103 0.102 0.102 0.102 0.101 0.099 0.097 0.093 0.090 0.088 0.087 0.086 0.085 0.085 0.085 0.085 0.086 0.087 0.090 0.093 0.097 0.104 0.112 0.122 0.135 0.151 0.170 0.191 0.216 0.246 0.280 0.318 0.361 0.410 0.463 0.510 0.548 0.578 0.598 0.612 0.622 0.633 0.644 0.656 0.670 0.687 0.707 0.731 0.763 0.807 0.865 0.937 1.008 1.065 1.105 1.129 1.136 1.134 1.118 1.071 0.977 0.832 0.659 0.513 0.404 0.323 0.260
0.103 0.104 0.105 0.106 0.106 0.106 0.105 0.105 0.104 0.103 0.103 0.102 0.102 0.102 0.102 0.100 0.098 0.094 0.091 0.088 0.087 0.085 0.085 0.085 0.085 0.085 0.086 0.087 0.089 0.092 0.097 0.103 0.111 0.122 0.135 0.151 0.171 0.194 0.221 0.251 0.285 0.322 0.365 0.413 0.465 0.513 0.553 0.585 0.610 0.627 0.638 0.648 0.658 0.670 0.684 0.700 0.720 0.746 0.783 0.830 0.890 0.963 1.037 1.096 1.138 1.164 1.173 1.172 1.160 1.127 1.057 0.942 0.788 0.633 0.513 0.422 0.351
0.102 0.104 0.105 0.106 0.106 0.106 0.106 0.105 0.104 0.103 0.102 0.102 0.102 0.102 0.102 0.100 0.098 0.095 0.091 0.089 0.086 0.085 0.084 0.084 0.084 0.085 0.086 0.087 0.089 0.092 0.096 0.102 0.110 0.121 0.135 0.151 0.172 0.197 0.224 0.255 0.289 0.326 0.368 0.415 0.466 0.513 0.555 0.590 0.617 0.636 0.649 0.658 0.667 0.678 0.691 0.705 0.726 0.755 0.794 0.844 0.903 0.973 1.045 1.104 1.148 1.174 1.186 1.188 1.182 1.162 1.113 1.027 0.904 0.756 0.629 0.535 0.465
0.101 0.104 0.105 0.106 0.106 0.106 0.105 0.105 0.104 0.102 0.101 0.101 0.101 0.101 0.101 0.100 0.098 0.095 0.091 0.088 0.086 0.084 0.083 0.083 0.083 0.084 0.085 0.086 0.088 0.091 0.095 0.101 0.109 0.121 0.135 0.153 0.174 0.199 0.227 0.259 0.293 0.331 0.372 0.417 0.465 0.513 0.556 0.591 0.619 0.639 0.653 0.663 0.672 0.681 0.692 0.706 0.728 0.759 0.800 0.851 0.909 0.975 1.044 1.100 1.142 1.169 1.184 1.193 1.195 1.186 1.157 1.099 1.008 0.880 0.753 0.664 0.606
0.100 0.103 0.104 0.104 0.105 0.104 0.104 0.103 0.102 0.101 0.099 0.099 0.099 0.099 0.099 0.098 0.097 0.094 0.090 0.087 0.085 0.083 0.082 0.082 0.082 0.082 0.083 0.085 0.087 0.090 0.094 0.100 0.109 0.121 0.137 0.156 0.177 0.202 0.231 0.263 0.297 0.335 0.376 0.419 0.465 0.513 0.556 0.591 0.619 0.639 0.654 0.664 0.673 0.681 0.690 0.705 0.727 0.759 0.801 0.852 0.910 0.974 1.035 1.084 1.121 1.148 1.170 1.191 1.208 1.211 1.199 1.166 1.106 1.008 0.894 0.819 0.786
0.098 0.100 0.101 0.102 0.102 0.102 0.102 0.101 0.100 0.099 0.098 0.098 0.097 0.096 0.096 0.095 0.094 0.092 0.089 0.086 0.084 0.082 0.081 0.081 0.080 0.081 0.082 0.083 0.086 0.089 0.094 0.101 0.110 0.123 0.139 0.159 0.182 0.207 0.236 0.269 0.304 0.341 0.380 0.421 0.465 0.513 0.556 0.590 0.617 0.637 0.652 0.663 0.670 0.676 0.684 0.697 0.720 0.752 0.795 0.846 0.904 0.964 1.016 1.056 1.087 1.115 1.145 1.180 1.218 1.239 1.245 1.236 1.207 1.145 1.062 1.014 1.008
0.094 0.095 0.096 0.097 0.098 0.098 0.098 0.098 0.098 0.097 0.096 0.096 0.095 0.093 0.092 0.091 0.090 0.088 0.086 0.084 0.081 0.080 0.079 0.079 0.079 0.079 0.080 0.082 0.085 0.089 0.094 0.102 0.113 0.126 0.143 0.164 0.188 0.215 0.245 0.277 0.312 0.348 0.386 0.425 0.467 0.512 0.554 0.587 0.612 0.632 0.647 0.657 0.662 0.665 0.670 0.682 0.703 0.735 0.777 0.829 0.885 0.938 0.981 1.016 1.046 1.076 1.111 1.159 1.219 1.271 1.306 1.320 1.318 1.297 1.258 1.240 1.248
0.089 0.090 0.090 0.091 0.092 0.092 0.093 0.093 0.093 0.093 0.092 0.092 0.090 0.089 0.086 0.085 0.083 0.082 0.081 0.080 0.078 0.077 0.076 0.076 0.076 0.077 0.078 0.080 0.084 0.089 0.096 0.105 0.117 0.131 0.149 0.170 0.195 0.223 0.254 0.286 0.320 0.355 0.392 0.430 0.468 0.509 0.546 0.578 0.602 0.621 0.633 0.640 0.642 0.643 0.646 0.657 0.677 0.708 0.748 0.800 0.852 0.896 0.934 0.967 0.999 1.032 1.074 1.132 1.211 1.294 1.363 1.410 1.433 1.441 1.440 1.444 1.463
0.084 0.084 0.084 0.085 0.085 0.086 0.086 0.086 0.087 0.087 0.086 0.086 0.084 0.082 0.080 0.077 0.076 0.075 0.074 0.074 0.073 0.072 0.072 0.072 0.072 0.073 0.076 0.079 0.083 0.090 0.098 0.108 0.121 0.136 0.155 0.176 0.201 0.229 0.259 0.291 0.324 0.359 0.395 0.431 0.467 0.502 0.534 0.561 0.583 0.598 0.606 0.609 0.609 0.610 0.613 0.623 0.642 0.673 0.713 0.762 0.805 0.840 0.874 0.908 0.943 0.982 1.033 1.103 1.197 1.303 1.396 1.472 1.526 1.562 1.589 1.613 1.641
