RESULTS/r.avaflow_results/14b_results/14b_ascii/14b_hflow_max0044.asc
ncols 506
nrows 317
xllcenter 498237.50
yllcenter 5580050.00
cellsize 12.50
NODATA_value -9999.000
[rows 170 to 203 of 317, columns 228 to 303 of 506]
5.429 5.519 5.320 5.309 5.654 6.113 6.378 6.477 6.501 6.516 6.548 6.580 6.640 6.680 6.576 6.331 5.976 5.545 4.966 4.152 3.181 2.247 1.532 1.046 0.719 0.495 0.338 0.226 0.147 0.093 0.057 0.035 0.023 0.015 0.010 0.007 0.005 0.003 0.002 0.001 0.000 0.000 0.000 0.000 0.000 0.000 0.000 0.000 0.000 0.000 0.000 0.000 0.000 0.000 0.000 0.000 0.000 0.000 0.000 0.000 0.000 0.000 0.000 0.000 0.000 0.000 0.000 0.000 0.000 0.000 0.000 0.000 0.000 0.000 0.000 0.000
5.181 5.151 5.143 5.197 5.344 5.577 5.877 6.211 6.391 6.499 6.580 6.638 6.756 6.925 7.037 7.031 6.877 6.580 6.148 5.652 5.062 4.248 3.263 2.354 1.643 1.148 0.783 0.519 0.334 0.207 0.124 0.072 0.043 0.026 0.017 0.011 0.008 0.005 0.003 0.002 0.001 0.000 0.000 0.000 0.000 0.000 0.000 0.000 0.000 0.000 0.000 0.000 0.000 0.000 0.000 0.000 0.000 0.000 0.000 0.000 0.000 0.000 0.000 0.000 0.000 0.000 0.000 0.000 0.000 0.000 0.000 0.000 0.000 0.000 0.000 0.000
5.117 5.090 5.074 5.070 5.119 5.255 5.466 5.693 5.973 6.242 6.445 6.590 6.692 6.919 7.150 7.257 7.297 7.226 7.022 6.704 6.289 5.773 5.055 4.206 3.281 2.392 1.653 1.112 0.723 0.452 0.270 0.155 0.088 0.050 0.030 0.018 0.012 0.008 0.005 0.003 0.002 0.001 0.000 0.000 0.000 0.000 0.000 0.000 0.000 0.000 0.000 0.000 0.000 0.000 0.000 0.000 0.000 0.000 0.000 0.000 0.000 0.000 0.000 0.000 0.000 0.000 0.000 0.000 0.000 0.000 0.000 0.000 0.000 0.000 0.000 0.000
4.927 4.891 4.876 4.868 4.864 4.890 4.975 5.149 5.386 5.639 5.983 6.287 6.512 6.723 7.032 7.260 7.403 7.459 7.458 7.335 7.100 6.703 6.144 5.532 4.852 4.011 3.042 2.134 1.427 0.915 0.560 0.327 0.185 0.103 0.057 0.032 0.019 0.012 0.008 0.005 0.003 0.002 0.001 0.000 0.000 0.000 0.000 0.000 0.000 0.000 0.000 0.000 0.000 0.000 0.000 0.000 0.000 0.000 0.000 0.000 0.000 0.000 0.000 0.000 0.000 0.000 0.000 0.000 0.000 0.000 0.000 0.000 0.000 0.000 0.000 0.000
4.633 4.567 4.552 4.570 4.534 4.554 4.598 4.675 4.791 4.952 5.193 5.564 5.942 6.326 6.706 7.023 7.302 7.480 7.555 7.552 7.487 7.300 6.926 6.396 5.816 5.203 4.402 3.435 2.487 1.672 1.062 0.648 0.380 0.212 0.114 0.061 0.033 0.019 0.012 0.008 0.005 0.003 0.002 0.001 0.000 0.000 0.000 0.000 0.000 0.000 0.000 0.000 0.000 0.000 0.000 0.000 0.000 0.000 0.000 0.000 0.000 0.000 0.000 0.000 0.000 0.000 0.000 0.000 0.000 0.000 0.000 0.000 0.000 0.000 0.000 0.001
4.294 4.202 4.372 4.442 4.423 4.314 4.277 4.346 4.416 4.501 4.857 5.256 5.641 5.901 5.999 6.536 6.929 7.249 7.441 7.539 7.592 7.580 7.419 7.060 6.590 6.038 5.365 4.561 3.630 2.673 1.806 1.168 0.725 0.421 0.228 0.118 0.061 0.033 0.019 0.012 0.008 0.005 0.003 0.002 0.001 0.000 0.000 0.000 0.000 0.000 0.000 0.000 0.000 0.000 0.000 0.000 0.000 0.000 0.000 0.000 0.000 0.000 0.000 0.000 0.000 0.000 0.000 0.000 0.000 0.000 0.000 0.000 0.000 0.000 0.001 0.002
4.058 3.999 4.187 4.313 4.342 4.282 4.124 4.246 4.429 4.676 4.960 5.182 5.354 5.579 5.598 5.482 6.080 6.626 7.034 7.305 7.478 7.625 7.618 7.432 7.119 6.716 6.208 5.498 4.647 3.682 2.698 1.880 1.257 0.778 0.438 0.230 0.117 0.060 0.032 0.018 0.011 0.007 0.005 0.003 0.002 0.001 0.000 0.000 0.000 0.000 0.000 0.000 0.000 0.000 0.000 0.000 0.000 0.000 0.000 0.000 0.000 0.000 0.000 0.000 0.000 0.000 0.000 0.000 0.000 0.000 0.000 0.000 0.001 0.002 0.003 0.005
4.191 4.129 4.093 4.185 4.254 4.231 4.325 4.492 4.674 4.856 5.008 5.070 5.134 5.099 5.019 5.022 5.059 5.369 6.006 6.563 7.020 7.385 7.566 7.554 7.374 7.121 6.778 6.321 5.598 4.678 3.664 2.702 1.951 1.315 0.789 0.435 0.224 0.111 0.056 0.030 0.017 0.011 0.007 0.005 0.003 0.002 0.001 0.000 0.000 0.000 0.000 0.000 0.000 0.000 0.000 0.000 0.000 0.000 0.000 0.000 0.000 0.000 0.000 0.000 0.000 0.000 0.000 0.000 0.000 0.000 0.000 0.001 0.002 0.004 0.006 0.009
4.357 4.289 4.240 4.230 4.269 4.367 4.523 4.696 4.840 4.957 5.002 5.016 4.965 4.860 4.725 4.887 5.020 5.023 4.983 5.164 5.868 6.579 7.117 7.405 7.448 7.303 7.077 6.778 6.350 5.624 4.668 3.616 2.726 1.984 1.322 0.774 0.413 0.207 0.102 0.051 0.027 0.016 0.010 0.007 0.004 0.003 0.002 0.001 0.000 0.000 0.000 0.000 0.000 0.000 0.000 0.000 0.000 0.000 0.000 0.000 0.000 0.000 0.000 0.000 0.000 0.000 0.001 0.001 0.001 0.001 0.002 0.003 0.005 0.008 0.011 0.015
4.568 4.489 4.434 4.420 4.463 4.556 4.690 4.832 4.930 4.984 4.991 4.958 4.864 4.721 4.558 4.642 4.880 4.958 4.970 5.000 5.088 5.239 5.888 6.625 7.105 7.258 7.178 6.977 6.739 6.333 5.600 4.624 3.597 2.722 1.961 1.264 0.713 0.371 0.182 0.088 0.044 0.024 0.014 0.009 0.006 0.004 0.003 0.002 0.001 0.001 0.001 0.000 0.000 0.000 0.000 0.000 0.000 0.000 0.000 0.000 0.000 0.001 0.002 0.002 0.002 0.003 0.003 0.003 0.003 0.003 0.005 0.007 0.009 0.013 0.018 0.026
4.837 4.749 4.687 4.664 4.689 4.750 4.837 4.926 4.975 4.979 4.968 4.906 4.798 4.646 4.476 4.310 4.631 4.822 4.890 4.951 5.060 5.206 5.332 5.366 6.033 6.695 6.992 7.003 6.850 6.640 6.216 5.481 4.529 3.530 2.621 1.811 1.121 0.617 0.313 0.152 0.074 0.038 0.021 0.013 0.009 0.006 0.004 0.004 0.003 0.002 0.002 0.002 0.001 0.001 0.001 0.000 0.000 0.000 0.001 0.001 0.002 0.003 0.004 0.005 0.006 0.006 0.006 0.007 0.007 0.007 0.009 0.011 0.015 0.021 0.031 0.049
5.172 5.071 4.995 4.944 4.929 4.948 4.988 5.016 5.017 4.987 4.947 4.878 4.769 4.618 4.439 4.263 4.311 4.572 4.710 4.821 4.991 5.163 5.297 5.359 5.323 5.452 6.243 6.710 6.799 6.670 6.441 5.991 5.258 4.328 3.314 2.374 1.578 0.941 0.506 0.253 0.122 0.061 0.032 0.019 0.012 0.008 0.006 0.006 0.005 0.004 0.004 0.004 0.003 0.003 0.003 0.002 0.002 0.003 0.003 0.004 0.005 0.007 0.009 0.010 0.011 0.012 0.012 0.012 0.013 0.013 0.014 0.018 0.024 0.035 0.056 0.101
5.500 5.378 5.292 5.233 5.194 5.167 5.148 5.124 5.087 5.032 4.959 4.880 4.769 4.618 4.436 4.252 4.087 4.250 4.447 4.628 4.860 5.082 5.247 5.311 5.308 5.236 5.209 5.852 6.416 6.546 6.430 6.165 5.708 4.995 4.066 3.034 2.076 1.315 0.759 0.401 0.198 0.097 0.049 0.027 0.017 0.011 0.009 0.008 0.008 0.007 0.007 0.007 0.006 0.006 0.006 0.006 0.006 0.006 0.007 0.008 0.010 0.013 0.017 0.020 0.022 0.023 0.023 0.023 0.023 0.024 0.024 0.028 0.040 0.063 0.114 0.228
5.797 5.657 5.563 5.517 5.486 5.426 5.342 5.258 5.182 5.102 5.007 4.909 4.792 4.642 4.460 4.272 4.100 3.954 4.107 4.353 4.675 4.957 5.159 5.254 5.255 5.208 5.076 5.008 5.502 6.105 6.258 6.155 5.914 5.514 4.820 3.827 2.715 1.762 1.072 0.602 0.311 0.153 0.076 0.041 0.024 0.015 0.013 0.012 0.012 0.011 0.011 0.011 0.011 0.010 0.010 0.010 0.011 0.011 0.012 0.014 0.018 0.024 0.032 0.041 0.045 0.047 0.047 0.047 0.046 0.046 0.047 0.051 0.072 0.124 0.240 0.491
6.034 5.901 5.814 5.775 5.749 5.714 5.642 5.510 5.350 5.208 5.090 4.970 4.844 4.699 4.530 4.358 4.195 4.051 3.944 4.012 4.424 4.783 5.030 5.161 5.200 5.146 5.039 4.853 4.827 5.268 5.801 5.992 5.959 5.786 5.425 4.675 3.535 2.345 1.470 0.867 0.472 0.239 0.118 0.061 0.034 0.021 0.018 0.018 0.018 0.018 0.018 0.017 0.017 0.017 0.017 0.017 0.017 0.018 0.020 0.025 0.034 0.049 0.072 0.095 0.106 0.109 0.109 0.106 0.103 0.102 0.104 0.115 0.152 0.251 0.472 0.917
6.214 6.101 6.024 6.022 6.165 6.202 6.128 5.986 5.795 5.605 5.426 5.235 5.038 4.878 4.749 4.613 4.460 4.282 4.097 3.959 4.088 4.526 4.851 5.035 5.116 5.100 5.110 5.107 5.014 4.778 5.080 5.575 5.832 5.833 5.681 5.284 4.441 3.190 2.008 1.220 0.695 0.366 0.183 0.092 0.049 0.029 0.027 0.027 0.028 0.028 0.029 0.030 0.030 0.030 0.029 0.029 0.029 0.031 0.038 0.053 0.078 0.116 0.175 0.230 0.258 0.264 0.262 0.253 0.242 0.240 0.249 0.286 0.385 0.589 0.880 1.371
6.349 6.265 6.307 6.437 6.521 6.517 6.431 6.304 6.174 6.128 6.064 5.954 5.838 5.723 5.585 5.415 5.188 4.841 4.390 4.075 3.945 4.202 4.619 4.887 5.349 5.788 6.068 6.116 6.033 5.769 5.142 4.946 5.460 5.693 5.680 5.517 5.070 4.160 2.858 1.724 1.007 0.552 0.284 0.142 0.074 0.047 0.048 0.049 0.051 0.052 0.054 0.056 0.057 0.056 0.054 0.054 0.055 0.063 0.085 0.129 0.195 0.288 0.419 0.539 0.605 0.622 0.616 0.592 0.567 0.567 0.597 0.694 0.894 1.194 1.465 1.709
6.448 6.559 6.671 6.723 6.731 6.679 6.587 6.493 6.451 6.611 6.762 6.764 6.664 6.519 6.318 6.070 5.763 5.345 4.858 4.468 4.372 4.502 4.861 5.449 6.111 6.689 7.008 7.031 6.901 6.531 5.863 4.960 4.848 5.325 5.519 5.496 5.318 4.839 3.878 2.566 1.480 0.830 0.440 0.223 0.112 0.102 0.105 0.108 0.110 0.113 0.117 0.121 0.121 0.118 0.114 0.114 0.121 0.152 0.213 0.317 0.474 0.682 0.923 1.130 1.258 1.308 1.310 1.267 1.215 1.222 1.292 1.447 1.637 1.798 1.878 1.892
6.504 6.753 6.860 6.864 6.820 6.749 6.681 6.651 6.727 7.043 7.334 7.393 7.272 7.055 6.769 6.456 6.129 5.743 5.258 5.025 4.949 5.029 5.434 6.207 7.078 7.709 7.935 7.868 7.595 7.048 6.433 5.451 4.316 4.780 5.171 5.338 5.305 5.101 4.586 3.582 2.281 1.274 0.688 0.353 0.269 0.273 0.277 0.280 0.282 0.282 0.284 0.286 0.284 0.276 0.269 0.271 0.306 0.387 0.522 0.741 1.088 1.466 1.801 2.031 2.157 2.196 2.171 2.098 2.036 2.039 2.107 2.219 2.313 2.333 2.308 2.381
6.478 6.740 6.882 6.880 6.822 6.758 6.727 6.788 7.049 7.495 7.760 7.755 7.600 7.357 7.061 6.732 6.383 5.970 5.804 5.686 5.659 5.849 6.348 7.265 8.219 8.752 8.812 8.605 8.114 7.550 6.745 5.674 4.500 4.272 4.684 5.026 5.163 5.110 4.861 4.293 3.258 2.015 1.098 0.774 0.779 0.778 0.766 0.749 0.731 0.711 0.696 0.683 0.667 0.653 0.646 0.653 0.738 0.924 1.184 1.554 1.990 2.354 2.669 2.890 3.003 3.044 3.040 3.013 2.977 2.968 2.986 3.023 3.054 3.075 3.096 3.114
6.325 6.361 6.648 6.731 6.710 6.675 6.699 6.895 7.329 7.803 8.002 7.952 7.793 7.547 7.222 6.879 6.573 6.475 6.428 6.465 6.630 6.957 7.545 8.455 9.216 9.525 9.464 9.133 8.608 7.850 6.841 5.674 4.602 3.906 4.240 4.592 4.889 4.996 4.919 4.634 4.026 2.974 1.880 1.952 1.942 1.903 1.820 1.726 1.638 1.561 1.491 1.434 1.390 1.376 1.376 1.395 1.637 1.974 2.297 2.604 2.905 3.171 3.390 3.530 3.602 3.637 3.669 3.709 3.770 3.802 3.809 3.800 3.769 3.732 3.672 3.560
6.066 6.149 6.179 6.225 6.293 6.379 6.498 6.862 7.430 7.901 8.076 8.034 7.897 7.632 7.314 7.129 7.131 7.098 7.141 7.331 7.667 8.114 8.708 9.361 9.779 9.863 9.738 9.470 8.906 7.963 6.777 5.564 4.596 3.872 3.890 4.193 4.500 4.758 4.834 4.742 4.434 3.794 3.027 3.183 3.157 3.059 2.902 2.744 2.632 2.494 2.337 2.247 2.226 2.250 2.313 2.513 2.821 3.048 3.186 3.288 3.386 3.504 3.626 3.721 3.781 3.830 3.887 4.009 4.124 4.177 4.164 4.130 4.086 4.026 3.921 3.763
5.588 5.731 5.837 5.826 5.787 5.805 6.029 6.460 7.200 7.747 7.986 8.026 7.887 7.647 7.471 7.703 7.782 7.830 7.970 8.281 8.718 9.163 9.536 9.797 9.894 9.873 9.801 9.556 8.954 7.899 6.542 5.336 4.487 3.845 3.638 3.866 4.136 4.414 4.621 4.667 4.558 4.230 3.573 3.643 3.629 3.510 3.351 3.255 3.149 2.940 2.765 2.733 2.771 2.838 2.986 3.249 3.443 3.526 3.542 3.512 3.490 3.522 3.599 3.676 3.746 3.799 3.844 3.943 4.095 4.193 4.211 4.190 4.153 4.102 4.024 3.863
4.752 4.950 5.181 5.317 5.381 5.468 5.606 5.825 6.438 7.211 7.683 7.813 7.740 7.579 7.807 8.207 8.428 8.603 8.876 9.270 9.668 9.924 9.964 9.839 9.810 9.752 9.606 9.306 8.631 7.465 5.995 4.852 4.145 3.638 3.470 3.635 3.851 4.086 4.314 4.472 4.497 4.381 4.046 3.575 3.649 3.590 3.464 3.389 3.304 3.131 2.938 2.898 2.959 3.055 3.238 3.432 3.554 3.586 3.589 3.551 3.488 3.457 3.489 3.546 3.597 3.621 3.638 3.711 3.854 3.996 4.083 4.108 4.089 4.051 3.973 3.810
3.732 3.910 4.167 4.416 4.636 4.856 5.118 5.433 5.742 6.216 6.924 7.325 7.450 7.423 7.917 8.525 8.994 9.357 9.747 10.151 10.385 10.364 10.099 9.859 9.536 9.195 8.833 8.291 7.362 6.342 5.604 4.875 4.325 3.939 3.551 3.487 3.641 3.835 4.022 4.212 4.347 4.359 4.231 3.868 3.514 3.502 3.484 3.437 3.315 3.113 2.951 2.928 2.958 3.052 3.436 3.593 3.597 3.510 3.494 3.425 3.325 3.247 3.227 3.242 3.254 3.223 3.163 3.125 3.187 3.321 3.476 3.598 3.653 3.653 3.615 3.482
2.677 2.793 3.017 3.263 3.511 3.808 4.193 4.669 5.154 5.544 5.834 6.435 6.881 7.096 7.752 8.606 9.377 9.963 10.439 10.774 10.806 10.545 10.217 9.630 8.862 8.010 7.083 6.702 6.408 6.052 5.663 5.231 4.835 4.466 4.074 3.701 3.517 3.670 3.821 3.973 4.148 4.259 4.255 4.109 3.700 3.488 3.412 3.325 3.153 2.939 2.831 2.822 2.850 3.245 3.587 3.686 3.679 3.628 3.460 3.225 3.194 3.090 2.887 2.868 2.823 2.740 2.611 2.441 2.319 2.297 2.381 2.529 2.698 2.798 2.823 2.771
1.763 1.764 1.852 2.011 2.228 2.512 2.887 3.393 4.024 4.659 5.201 5.568 5.768 6.335 7.192 8.448 9.564 10.384 10.883 11.038 10.899 10.668 10.048 9.006 7.598 6.563 6.350 6.511 6.504 6.353 6.045 5.628 5.229 4.810 4.417 4.018 3.683 3.596 3.715 3.824 3.949 4.113 4.195 4.171 3.989 3.563 3.241 3.061 2.858 2.697 2.633 2.625 2.638 3.131 3.428 3.603 3.621 3.573 3.428 3.138 2.949 2.685 2.590 2.517 2.404 2.250 2.040 1.779 1.534 1.370 1.312 1.342 1.454 1.610 1.722 1.765
1.108 1.024 1.007 1.046 1.138 1.301 1.563 1.962 2.519 3.185 3.889 4.569 5.493 6.043 6.617 8.113 9.579 10.532 10.986 10.994 10.901 10.466 9.410 7.682 6.441 6.084 6.065 6.299 6.337 6.339 6.206 5.874 5.424 4.945 4.476 4.081 3.733 3.602 3.685 3.753 3.842 3.977 4.112 4.140 4.082 3.871 3.392 2.820 2.545 2.460 2.524 2.584 2.623 2.694 3.021 3.132 3.147 3.125 3.044 2.802 2.538 2.477 2.367 2.225 2.048 1.832 1.566 1.279 1.020 0.827 0.704 0.664 0.675 0.764 0.874 0.949
0.667 0.552 0.496 0.484 0.506 0.567 0.682 0.875 1.178 1.613 2.173 2.998 4.315 5.509 6.387 7.813 9.403 10.398 10.775 10.881 10.622 9.721 7.973 6.239 5.413 5.143 5.503 5.858 6.081 6.120 6.003 5.673 5.223 4.743 4.314 3.910 3.678 3.690 3.753 3.799 3.835 3.899 4.009 4.072 4.070 3.990 3.756 3.261 2.509 2.417 2.469 2.514 2.521 2.478 2.355 2.117 2.090 2.114 2.118 2.263 2.280 2.220 2.104 1.952 1.770 1.545 1.272 0.986 0.745 0.653 0.638 0.617 0.573 0.511 0.444 0.482
0.376 0.283 0.233 0.213 0.212 0.225 0.260 0.325 0.439 0.622 0.902 1.377 2.417 3.930 5.443 7.103 8.789 9.799 10.341 10.363 9.783 8.275 5.897 4.334 3.740 4.287 4.847 5.208 5.353 5.358 5.229 4.947 4.574 4.195 3.836 3.761 3.799 3.883 3.931 3.963 3.981 3.970 3.967 4.008 4.027 3.994 3.904 3.663 3.234 2.668 2.157 2.160 2.105 1.960 1.706 1.396 1.340 1.355 1.460 1.621 1.708 1.711 1.663 1.584 1.477 1.317 1.087 0.816 0.681 0.671 0.651 0.619 0.559 0.488 0.426 0.375
0.191 0.137 0.107 0.094 0.089 0.091 0.098 0.115 0.148 0.205 0.305 0.514 0.977 1.912 3.443 5.466 7.196 8.548 9.112 8.968 8.008 5.942 3.534 2.410 2.502 3.200 3.959 4.437 4.592 4.558 4.365 4.030 3.713 3.690 3.714 3.730 3.834 3.998 4.092 4.142 4.153 4.151 4.114 4.038 4.001 4.000 3.972 3.905 3.724 3.355 2.841 2.336 1.832 1.393 1.128 1.003 0.886 0.806 0.761 0.827 0.961 1.049 1.090 1.104 1.090 1.026 0.875 0.709 0.699 0.683 0.662 0.617 0.546 0.481 0.431 0.402
0.086 0.063 0.050 0.043 0.040 0.039 0.040 0.044 0.053 0.069 0.100 0.172 0.335 0.706 1.508 3.006 4.801 5.957 6.305 6.054 4.988 3.201 1.731 1.320 1.740 2.404 3.074 3.608 3.826 3.823 3.674 3.441 3.316 3.354 3.468 3.581 3.757 3.989 4.156 4.222 4.257 4.255 4.237 4.167 4.072 4.025 4.041 4.026 3.974 3.804 3.478 2.999 2.535 2.096 1.716 1.408 1.170 0.992 0.871 0.789 0.731 0.707 0.714 0.732 0.746 0.746 0.741 0.730 0.715 0.696 0.665 0.608 0.537 0.485 0.458 0.444
0.037 0.029 0.024 0.021 0.020 0.019 0.020 0.021 0.023 0.028 0.038 0.059 0.108 0.229 0.535 1.228 2.161 2.720 2.867 2.746 2.198 1.330 0.717 0.797 1.240 1.886 2.449 2.904 3.087 3.089 2.971 2.824 2.801 2.896 3.077 3.279 3.509 3.824 4.074 4.207 4.265 4.281 4.268 4.236 4.161 4.075 4.071 4.077 4.054 3.991 3.823 3.508 3.047 2.602 2.204 1.860 1.572 1.339 1.161 1.035 0.946 0.885 0.844 0.812 0.786 0.771 0.766 0.753 0.731 0.705 0.662 0.596 0.534 0.502 0.490 0.479
0.016 0.014 0.013 0.012 0.011 0.011 0.011 0.012 0.013 0.015 0.018 0.025 0.039 0.074 0.166 0.405 0.736 0.928 0.978 0.941 0.762 0.475 0.283 0.470 0.839 1.441 2.022 2.396 2.554 2.554 2.453 2.304 2.290 2.421 2.627 2.857 3.137 3.480 3.824 4.067 4.199 4.254 4.255 4.227 4.182 4.129 4.060 4.078 4.073 4.045 3.961 3.762 3.431 2.988 2.573 2.200 1.874 1.611 1.400 1.240 1.128 1.051 0.996 0.953 0.914 0.878 0.844 0.810 0.767 0.714 0.657 0.608 0.566 0.534 0.515 0.502
