RESULTS/r.avaflow_results/14b_results/14b_ascii/14b_hflow30027.asc
ncols 506
nrows 317
xllcenter 498237.50
yllcenter 5580050.00
cellsize 12.50
NODATA_value -9999.000
[rows 204 to 237 of 317, columns 385 to 461 of 506]
0.890 0.778 0.619 0.441 0.307 0.218 0.164 0.134 0.120 0.115 0.115 0.119 0.132 0.169 0.212 0.226 0.215 0.176 0.118 0.078 0.057 0.048 0.046 0.045 0.044 0.042 0.035 0.024 0.016 0.012 0.009 0.007 0.005 0.003 0.002 0.001 0.001 0.000 0.000 0.000 0.000 0.000 0.000 0.000 0.000 0.000 0.000 0.000 0.000 0.000 0.000 0.000 0.000 0.000 0.000 0.000 0.000 0.000 0.000 0.000 0.000 0.000 0.000 0.000 0.000 0.000 0.000 0.000 0.000 0.000 0.000 0.000 0.000 0.000 0.000 0.000 0.000
1.150 1.044 0.848 0.589 0.388 0.261 0.189 0.152 0.138 0.136 0.138 0.148 0.174 0.234 0.312 0.345 0.341 0.300 0.224 0.152 0.110 0.092 0.087 0.087 0.087 0.082 0.064 0.039 0.025 0.017 0.012 0.009 0.007 0.005 0.004 0.003 0.002 0.001 0.000 0.000 0.000 0.000 0.000 0.000 0.000 0.000 0.000 0.000 0.000 0.000 0.000 0.000 0.000 0.000 0.000 0.000 0.000 0.000 0.000 0.000 0.000 0.000 0.000 0.000 0.000 0.000 0.000 0.000 0.000 0.000 0.000 0.000 0.000 0.000 0.000 0.000 0.000
1.295 1.214 1.034 0.754 0.490 0.321 0.225 0.178 0.164 0.163 0.169 0.188 0.230 0.320 0.446 0.513 0.522 0.491 0.410 0.305 0.235 0.203 0.196 0.198 0.200 0.185 0.135 0.072 0.040 0.025 0.017 0.013 0.010 0.008 0.006 0.004 0.003 0.002 0.001 0.001 0.000 0.000 0.000 0.000 0.000 0.000 0.000 0.000 0.000 0.000 0.000 0.000 0.000 0.000 0.000 0.000 0.000 0.000 0.000 0.000 0.000 0.000 0.000 0.000 0.000 0.000 0.000 0.000 0.000 0.000 0.000 0.000 0.000 0.000 0.000 0.000 0.000
1.346 1.296 1.159 0.919 0.626 0.409 0.284 0.224 0.207 0.206 0.216 0.244 0.308 0.433 0.617 0.741 0.782 0.772 0.710 0.592 0.496 0.457 0.453 0.466 0.470 0.431 0.307 0.153 0.072 0.039 0.025 0.018 0.013 0.010 0.008 0.006 0.005 0.003 0.002 0.001 0.001 0.000 0.000 0.000 0.000 0.000 0.000 0.000 0.000 0.000 0.000 0.000 0.000 0.000 0.000 0.000 0.000 0.000 0.000 0.000 0.000 0.000 0.000 0.000 0.000 0.000 0.000 0.000 0.000 0.000 0.000 0.000 0.000 0.000 0.000 0.000 0.000
1.347 1.316 1.221 1.042 0.781 0.540 0.385 0.308 0.284 0.282 0.293 0.329 0.414 0.575 0.810 1.008 1.114 1.143 1.116 1.021 0.916 0.877 0.884 0.927 0.941 0.873 0.641 0.322 0.142 0.068 0.038 0.025 0.018 0.014 0.011 0.009 0.007 0.005 0.004 0.003 0.002 0.001 0.001 0.000 0.000 0.000 0.000 0.000 0.000 0.000 0.000 0.000 0.000 0.000 0.000 0.000 0.000 0.000 0.000 0.000 0.000 0.000 0.000 0.000 0.000 0.000 0.000 0.000 0.000 0.000 0.000 0.000 0.000 0.000 0.000 0.000 0.000
1.306 1.296 1.231 1.101 0.903 0.684 0.527 0.439 0.406 0.401 0.410 0.448 0.535 0.702 0.961 1.211 1.365 1.428 1.429 1.378 1.285 1.241 1.251 1.328 1.384 1.335 1.068 0.604 0.271 0.122 0.062 0.036 0.025 0.019 0.015 0.012 0.010 0.008 0.006 0.005 0.003 0.002 0.001 0.001 0.000 0.000 0.000 0.000 0.000 0.000 0.000 0.000 0.000 0.000 0.000 0.000 0.000 0.000 0.000 0.000 0.000 0.000 0.000 0.000 0.000 0.000 0.000 0.000 0.000 0.000 0.000 0.000 0.000 0.000 0.000 0.000 0.000
1.198 1.224 1.197 1.109 0.961 0.780 0.637 0.551 0.514 0.508 0.514 0.542 0.619 0.786 1.061 1.328 1.494 1.570 1.585 1.562 1.489 1.438 1.442 1.533 1.632 1.619 1.408 0.942 0.477 0.222 0.106 0.058 0.037 0.026 0.021 0.017 0.014 0.012 0.009 0.007 0.005 0.004 0.003 0.002 0.001 0.000 0.000 0.000 0.000 0.000 0.000 0.000 0.000 0.000 0.000 0.000 0.000 0.000 0.000 0.000 0.000 0.000 0.000 0.000 0.000 0.000 0.000 0.000 0.000 0.000 0.000 0.000 0.000 0.000 0.000 0.000 0.000
1.000 1.084 1.102 1.067 0.967 0.821 0.692 0.608 0.569 0.561 0.565 0.587 0.656 0.823 1.108 1.369 1.520 1.593 1.614 1.606 1.557 1.512 1.518 1.621 1.760 1.782 1.652 1.288 0.780 0.400 0.196 0.101 0.060 0.041 0.031 0.025 0.020 0.017 0.013 0.010 0.008 0.006 0.004 0.003 0.002 0.001 0.000 0.000 0.000 0.000 0.000 0.000 0.000 0.000 0.000 0.000 0.000 0.000 0.000 0.000 0.000 0.000 0.000 0.000 0.000 0.000 0.000 0.000 0.000 0.000 0.000 0.000 0.000 0.000 0.000 0.000 0.000
0.706 0.857 0.934 0.950 0.913 0.818 0.701 0.620 0.581 0.572 0.574 0.593 0.658 0.824 1.110 1.349 1.470 1.528 1.558 1.568 1.545 1.518 1.540 1.673 1.853 1.912 1.861 1.641 1.208 0.707 0.372 0.195 0.111 0.072 0.053 0.041 0.032 0.025 0.019 0.015 0.012 0.009 0.007 0.005 0.003 0.002 0.001 0.001 0.000 0.000 0.000 0.000 0.000 0.000 0.000 0.000 0.000 0.000 0.000 0.000 0.000 0.000 0.000 0.000 0.000 0.000 0.000 0.000 0.000 0.000 0.000 0.000 0.000 0.000 0.000 0.000 0.000
0.418 0.556 0.676 0.746 0.767 0.739 0.668 0.598 0.559 0.547 0.548 0.562 0.623 0.780 1.038 1.218 1.291 1.328 1.365 1.405 1.437 1.470 1.546 1.734 1.954 2.060 2.069 1.955 1.642 1.130 0.664 0.373 0.219 0.142 0.102 0.078 0.060 0.044 0.032 0.023 0.017 0.013 0.009 0.007 0.005 0.003 0.002 0.001 0.001 0.000 0.000 0.000 0.000 0.000 0.000 0.000 0.000 0.000 0.000 0.000 0.000 0.000 0.000 0.000 0.000 0.000 0.000 0.000 0.000 0.000 0.000 0.000 0.000 0.000 0.000 0.000 0.000
0.231 0.305 0.394 0.477 0.534 0.560 0.550 0.514 0.479 0.462 0.459 0.471 0.527 0.659 0.836 0.932 0.962 0.981 1.015 1.081 1.182 1.324 1.543 1.853 2.114 2.248 2.268 2.177 1.904 1.441 0.957 0.615 0.400 0.280 0.211 0.167 0.132 0.098 0.064 0.040 0.027 0.018 0.013 0.010 0.007 0.005 0.004 0.002 0.001 0.001 0.000 0.000 0.000 0.000 0.000 0.000 0.000 0.000 0.000 0.000 0.000 0.000 0.000 0.000 0.000 0.000 0.000 0.000 0.000 0.000 0.000 0.000 0.000 0.000 0.000 0.000 0.000
0.133 0.162 0.207 0.264 0.316 0.348 0.359 0.357 0.335 0.318 0.313 0.327 0.378 0.468 0.549 0.589 0.609 0.627 0.658 0.724 0.854 1.099 1.495 1.946 2.244 2.371 2.381 2.280 2.004 1.564 1.133 0.828 0.628 0.504 0.424 0.365 0.312 0.249 0.168 0.093 0.050 0.030 0.020 0.014 0.010 0.008 0.006 0.004 0.003 0.002 0.001 0.000 0.000 0.000 0.000 0.000 0.000 0.000 0.000 0.000 0.000 0.000 0.000 0.000 0.000 0.000 0.000 0.000 0.000 0.000 0.000 0.000 0.000 0.000 0.000 0.000 0.000
0.088 0.096 0.114 0.142 0.179 0.205 0.215 0.216 0.209 0.203 0.207 0.230 0.281 0.337 0.366 0.381 0.395 0.415 0.448 0.512 0.647 0.921 1.410 1.955 2.281 2.404 2.403 2.287 2.001 1.570 1.211 0.988 0.865 0.804 0.781 0.755 0.713 0.625 0.472 0.267 0.123 0.058 0.032 0.020 0.014 0.011 0.008 0.006 0.004 0.003 0.002 0.001 0.000 0.000 0.000 0.000 0.000 0.000 0.000 0.000 0.000 0.000 0.000 0.000 0.000 0.000 0.000 0.000 0.000 0.000 0.000 0.000 0.000 0.000 0.000 0.000 0.000
0.070 0.071 0.077 0.089 0.110 0.128 0.137 0.141 0.142 0.145 0.155 0.183 0.232 0.271 0.286 0.294 0.305 0.322 0.355 0.422 0.557 0.820 1.300 1.886 2.246 2.370 2.354 2.212 1.903 1.513 1.254 1.133 1.104 1.159 1.297 1.399 1.415 1.346 1.128 0.732 0.340 0.138 0.060 0.032 0.020 0.014 0.011 0.008 0.006 0.004 0.003 0.002 0.001 0.000 0.000 0.000 0.000 0.000 0.000 0.000 0.000 0.000 0.000 0.000 0.000 0.000 0.000 0.000 0.000 0.000 0.000 0.000 0.000 0.000 0.000 0.000 0.000
0.064 0.064 0.065 0.070 0.082 0.095 0.104 0.109 0.115 0.122 0.134 0.160 0.204 0.243 0.263 0.275 0.287 0.304 0.336 0.404 0.537 0.783 1.210 1.753 2.106 2.225 2.196 2.034 1.731 1.445 1.304 1.275 1.345 1.563 1.908 2.153 2.243 2.216 1.995 1.481 0.789 0.330 0.124 0.053 0.030 0.020 0.014 0.011 0.008 0.006 0.004 0.003 0.002 0.001 0.001 0.000 0.000 0.000 0.000 0.000 0.000 0.000 0.000 0.000 0.000 0.000 0.000 0.000 0.000 0.000 0.000 0.000 0.000 0.000 0.000 0.000 0.000
0.063 0.063 0.064 0.067 0.074 0.084 0.093 0.100 0.107 0.116 0.128 0.149 0.185 0.229 0.261 0.282 0.299 0.319 0.353 0.423 0.554 0.790 1.184 1.639 1.915 2.008 1.990 1.868 1.632 1.442 1.381 1.424 1.608 1.970 2.391 2.664 2.774 2.750 2.518 1.992 1.208 0.575 0.231 0.092 0.045 0.027 0.019 0.014 0.011 0.009 0.007 0.005 0.003 0.002 0.001 0.001 0.000 0.000 0.000 0.000 0.000 0.000 0.000 0.000 0.000 0.000 0.000 0.000 0.000 0.000 0.000 0.000 0.000 0.000 0.000 0.000 0.000
0.069 0.068 0.068 0.070 0.075 0.084 0.092 0.099 0.107 0.115 0.126 0.143 0.174 0.221 0.272 0.316 0.353 0.391 0.440 0.519 0.652 0.869 1.222 1.599 1.812 1.881 1.876 1.798 1.622 1.506 1.504 1.622 1.918 2.337 2.692 2.907 2.981 2.936 2.683 2.166 1.404 0.738 0.337 0.147 0.070 0.040 0.026 0.019 0.015 0.011 0.009 0.007 0.005 0.004 0.003 0.002 0.001 0.000 0.000 0.000 0.000 0.000 0.000 0.000 0.000 0.000 0.000 0.000 0.000 0.000 0.000 0.000 0.000 0.000 0.000 0.000 0.000
0.086 0.084 0.084 0.085 0.087 0.092 0.099 0.105 0.111 0.117 0.127 0.141 0.169 0.220 0.293 0.378 0.462 0.545 0.635 0.747 0.892 1.081 1.347 1.623 1.786 1.842 1.842 1.789 1.683 1.642 1.694 1.894 2.249 2.601 2.834 2.963 3.000 2.941 2.679 2.173 1.458 0.841 0.442 0.222 0.114 0.063 0.039 0.027 0.020 0.015 0.012 0.010 0.008 0.006 0.004 0.003 0.002 0.001 0.001 0.000 0.000 0.000 0.000 0.000 0.000 0.000 0.000 0.000 0.000 0.000 0.000 0.000 0.000 0.000 0.000 0.000 0.000
0.124 0.122 0.122 0.122 0.122 0.121 0.122 0.122 0.123 0.126 0.132 0.143 0.170 0.226 0.322 0.451 0.594 0.738 0.893 1.071 1.247 1.405 1.559 1.701 1.800 1.843 1.846 1.824 1.797 1.817 1.923 2.173 2.506 2.746 2.880 2.945 2.955 2.872 2.602 2.119 1.471 0.933 0.569 0.343 0.204 0.118 0.069 0.042 0.029 0.021 0.017 0.013 0.011 0.008 0.007 0.005 0.003 0.002 0.001 0.001 0.000 0.000 0.000 0.000 0.000 0.000 0.000 0.000 0.000 0.000 0.000 0.000 0.000 0.000 0.000 0.000 0.000
0.187 0.193 0.199 0.200 0.196 0.188 0.177 0.164 0.155 0.151 0.152 0.159 0.184 0.248 0.360 0.511 0.678 0.851 1.044 1.265 1.467 1.624 1.735 1.805 1.851 1.878 1.892 1.905 1.930 1.987 2.120 2.377 2.646 2.798 2.870 2.890 2.863 2.743 2.462 2.020 1.486 1.058 0.763 0.557 0.395 0.258 0.151 0.083 0.048 0.032 0.023 0.018 0.014 0.012 0.009 0.007 0.005 0.004 0.003 0.002 0.001 0.000 0.000 0.000 0.000 0.000 0.000 0.000 0.000 0.000 0.000 0.000 0.000 0.000 0.000 0.000 0.000
0.276 0.306 0.332 0.338 0.333 0.316 0.288 0.255 0.227 0.211 0.206 0.210 0.233 0.296 0.407 0.552 0.712 0.885 1.084 1.319 1.536 1.706 1.832 1.907 1.946 1.974 2.002 2.035 2.082 2.156 2.290 2.512 2.700 2.792 2.819 2.799 2.733 2.583 2.322 1.967 1.590 1.307 1.111 0.949 0.786 0.595 0.381 0.204 0.103 0.058 0.037 0.026 0.020 0.016 0.012 0.010 0.008 0.006 0.004 0.003 0.002 0.001 0.000 0.000 0.000 0.000 0.000 0.000 0.000 0.000 0.000 0.000 0.000 0.000 0.000 0.000 0.000
0.390 0.450 0.508 0.533 0.533 0.514 0.475 0.422 0.367 0.329 0.313 0.312 0.326 0.370 0.453 0.571 0.715 0.881 1.072 1.299 1.522 1.706 1.865 1.998 2.093 2.154 2.197 2.236 2.282 2.344 2.444 2.595 2.703 2.736 2.708 2.636 2.537 2.401 2.225 2.019 1.859 1.778 1.715 1.633 1.497 1.271 0.932 0.544 0.273 0.135 0.073 0.044 0.029 0.021 0.017 0.013 0.011 0.008 0.006 0.005 0.003 0.002 0.001 0.000 0.000 0.000 0.000 0.000 0.000 0.000 0.000 0.000 0.000 0.000 0.000 0.000 0.000
0.493 0.553 0.630 0.679 0.692 0.684 0.658 0.609 0.543 0.477 0.432 0.409 0.405 0.422 0.474 0.569 0.697 0.844 1.010 1.205 1.424 1.637 1.845 2.043 2.209 2.317 2.375 2.413 2.448 2.489 2.548 2.625 2.658 2.622 2.511 2.394 2.317 2.255 2.193 2.165 2.272 2.468 2.585 2.613 2.543 2.339 1.931 1.327 0.750 0.382 0.187 0.094 0.052 0.033 0.023 0.018 0.014 0.011 0.009 0.007 0.005 0.003 0.002 0.001 0.001 0.000 0.000 0.000 0.000 0.000 0.000 0.000 0.000 0.000 0.000 0.000 0.000
0.562 0.608 0.687 0.750 0.773 0.773 0.757 0.716 0.650 0.567 0.498 0.454 0.436 0.439 0.472 0.544 0.643 0.757 0.883 1.032 1.221 1.461 1.748 2.028 2.239 2.371 2.438 2.475 2.506 2.537 2.574 2.597 2.566 2.449 2.304 2.227 2.204 2.208 2.246 2.381 2.687 3.043 3.266 3.392 3.444 3.391 3.156 2.594 1.778 1.032 0.538 0.254 0.117 0.060 0.036 0.026 0.019 0.015 0.012 0.009 0.007 0.005 0.003 0.002 0.001 0.001 0.000 0.000 0.000 0.000 0.000 0.000 0.000 0.000 0.000 0.000 0.000
0.593 0.626 0.699 0.767 0.795 0.798 0.785 0.748 0.683 0.595 0.516 0.463 0.436 0.431 0.446 0.484 0.541 0.608 0.683 0.778 0.926 1.170 1.527 1.910 2.181 2.336 2.409 2.447 2.474 2.497 2.508 2.488 2.408 2.272 2.184 2.166 2.192 2.253 2.379 2.632 3.023 3.377 3.609 3.781 3.934 4.027 3.988 3.713 3.118 2.252 1.352 0.682 0.304 0.134 0.067 0.040 0.027 0.021 0.016 0.012 0.010 0.007 0.005 0.004 0.002 0.001 0.001 0.000 0.000 0.000 0.000 0.000 0.000 0.000 0.000 0.000 0.000
0.596 0.621 0.688 0.756 0.783 0.786 0.773 0.735 0.670 0.582 0.502 0.445 0.408 0.387 0.378 0.380 0.391 0.410 0.447 0.512 0.626 0.835 1.189 1.640 1.974 2.163 2.250 2.289 2.308 2.313 2.305 2.271 2.203 2.138 2.122 2.159 2.248 2.390 2.596 2.890 3.263 3.552 3.745 3.907 4.090 4.286 4.372 4.307 4.019 3.440 2.530 1.506 0.746 0.333 0.147 0.073 0.043 0.029 0.022 0.017 0.013 0.010 0.008 0.006 0.004 0.002 0.001 0.001 0.000 0.000 0.000 0.000 0.000 0.000 0.000 0.000 0.000
0.578 0.589 0.638 0.696 0.718 0.718 0.699 0.656 0.590 0.508 0.434 0.376 0.330 0.294 0.266 0.252 0.249 0.256 0.280 0.331 0.427 0.599 0.898 1.341 1.732 1.962 2.067 2.106 2.117 2.118 2.112 2.093 2.070 2.064 2.096 2.193 2.359 2.571 2.801 3.076 3.406 3.645 3.799 3.934 4.097 4.317 4.451 4.472 4.367 4.031 3.412 2.509 1.539 0.787 0.357 0.158 0.079 0.046 0.031 0.023 0.018 0.014 0.011 0.008 0.006 0.004 0.002 0.001 0.000 0.000 0.000 0.000 0.000 0.000 0.000 0.000 0.000
0.524 0.516 0.536 0.567 0.579 0.571 0.540 0.484 0.415 0.348 0.293 0.246 0.207 0.179 0.163 0.157 0.156 0.161 0.181 0.226 0.310 0.459 0.725 1.159 1.616 1.892 2.009 2.045 2.051 2.049 2.038 2.027 2.024 2.040 2.103 2.253 2.487 2.730 2.956 3.207 3.496 3.700 3.822 3.929 4.058 4.246 4.391 4.432 4.377 4.170 3.797 3.252 2.496 1.602 0.822 0.371 0.164 0.083 0.049 0.033 0.025 0.019 0.015 0.011 0.008 0.006 0.004 0.002 0.001 0.000 0.000 0.000 0.000 0.000 0.000 0.000 0.000
0.439 0.398 0.381 0.375 0.367 0.349 0.316 0.268 0.220 0.183 0.154 0.132 0.115 0.105 0.101 0.100 0.101 0.107 0.124 0.164 0.239 0.376 0.627 1.066 1.587 1.905 2.030 2.059 2.061 2.051 2.031 2.021 2.023 2.051 2.150 2.356 2.643 2.890 3.101 3.326 3.569 3.736 3.829 3.897 3.970 4.075 4.181 4.222 4.206 4.096 3.890 3.613 3.204 2.540 1.627 0.814 0.362 0.166 0.087 0.053 0.036 0.027 0.020 0.015 0.011 0.008 0.005 0.003 0.001 0.000 0.000 0.000 0.000 0.000 0.000 0.000 0.000
0.343 0.277 0.239 0.216 0.199 0.182 0.161 0.135 0.111 0.095 0.083 0.074 0.068 0.066 0.065 0.066 0.069 0.075 0.090 0.123 0.189 0.316 0.561 1.011 1.602 1.983 2.132 2.155 2.145 2.116 2.073 2.055 2.060 2.120 2.284 2.574 2.885 3.108 3.285 3.462 3.632 3.748 3.806 3.827 3.820 3.807 3.820 3.833 3.843 3.857 3.818 3.719 3.535 3.141 2.409 1.446 0.719 0.339 0.169 0.094 0.058 0.040 0.029 0.021 0.015 0.010 0.007 0.004 0.002 0.001 0.000 0.000 0.000 0.000 0.000 0.000 0.000
0.253 0.186 0.148 0.125 0.109 0.096 0.084 0.072 0.062 0.054 0.049 0.046 0.045 0.045 0.045 0.046 0.049 0.055 0.067 0.094 0.149 0.264 0.500 0.961 1.611 2.040 2.221 2.263 2.263 2.240 2.186 2.157 2.175 2.298 2.576 2.950 3.239 3.399 3.496 3.581 3.662 3.717 3.731 3.685 3.564 3.398 3.295 3.267 3.302 3.442 3.614 3.670 3.606 3.373 2.830 1.926 1.054 0.527 0.265 0.143 0.084 0.054 0.037 0.026 0.018 0.012 0.008 0.004 0.002 0.001 0.000 0.000 0.000 0.000 0.000 0.000 0.000
0.164 0.118 0.092 0.076 0.065 0.056 0.049 0.043 0.038 0.035 0.033 0.032 0.032 0.032 0.033 0.034 0.037 0.042 0.051 0.071 0.115 0.214 0.435 0.891 1.567 2.028 2.224 2.280 2.290 2.289 2.284 2.307 2.395 2.617 2.970 3.291 3.479 3.561 3.594 3.616 3.627 3.601 3.529 3.370 3.079 2.739 2.534 2.485 2.564 2.840 3.244 3.471 3.511 3.378 2.943 2.132 1.208 0.611 0.307 0.165 0.097 0.061 0.041 0.028 0.019 0.013 0.008 0.005 0.002 0.001 0.000 0.000 0.000 0.000 0.000 0.000 0.000
0.096 0.072 0.058 0.049 0.042 0.037 0.033 0.029 0.026 0.025 0.024 0.024 0.024 0.025 0.025 0.026 0.029 0.032 0.040 0.054 0.086 0.161 0.346 0.747 1.384 1.875 2.102 2.182 2.219 2.251 2.301 2.413 2.613 2.905 3.218 3.433 3.544 3.579 3.570 3.516 3.407 3.244 3.021 2.691 2.206 1.759 1.524 1.483 1.608 1.992 2.578 2.995 3.154 3.125 2.814 2.105 1.205 0.611 0.307 0.166 0.098 0.062 0.042 0.029 0.020 0.013 0.008 0.005 0.002 0.001 0.000 0.000 0.000 0.000 0.000 0.000 0.000
0.054 0.044 0.037 0.032 0.029 0.026 0.023 0.021 0.020 0.019 0.019 0.019 0.019 0.019 0.020 0.021 0.023 0.026 0.031 0.041 0.062 0.108 0.226 0.505 1.003 1.486 1.758 1.901 2.006 2.111 2.244 2.440 2.709 3.014 3.264 3.409 3.451 3.402 3.270 3.047 2.742 2.390 2.000 1.560 1.124 0.836 0.707 0.691 0.769 1.027 1.536 2.064 2.338 2.384 2.217 1.724 1.006 0.514 0.262 0.145 0.088 0.058 0.040 0.028 0.019 0.013 0.008 0.005 0.002 0.001 0.000 0.000 0.000 0.000 0.000 0.000 0.000
