RESULTS/r.avaflow_results/14b_results/14b_ascii/14b_hflow30045.asc
ncols 506
nrows 317
xllcenter 498237.50
yllcenter 5580050.00
cellsize 12.50
NODATA_value -9999.000
[rows 170 to 203 of 317, columns 308 to 384 of 506]
0.000 0.000 0.000 0.000 0.000 0.000 0.000 0.000 0.000 0.000 0.000 0.000 0.000 0.000 0.000 0.000 0.000 0.000 0.000 0.000 0.000 0.000 0.000 0.000 0.000 0.000 0.000 0.000 0.000 0.000 0.000 0.000 0.000 0.000 0.000 0.000 0.000 0.000 0.000 0.000 0.000 0.000 0.000 0.000 0.000 0.000 0.000 0.000 0.000 0.000 0.000 0.000 0.000 0.000 0.000 0.000 0.000 0.000 0.000 0.000 0.000 0.000 0.000 0.000 0.000 0.000 0.000 0.000 0.000 0.000 0.000 0.000 0.000 0.000 0.000 0.000 0.000
0.000 0.000 0.000 0.000 0.000 0.000 0.000 0.000 0.000 0.000 0.000 0.000 0.000 0.000 0.000 0.000 0.000 0.000 0.000 0.000 0.000 0.000 0.000 0.000 0.000 0.000 0.000 0.000 0.000 0.000 0.000 0.000 0.000 0.000 0.000 0.000 0.000 0.000 0.000 0.000 0.000 0.000 0.000 0.000 0.000 0.000 0.000 0.000 0.000 0.000 0.000 0.000 0.000 0.000 0.000 0.000 0.000 0.000 0.000 0.000 0.000 0.000 0.000 0.000 0.000 0.000 0.000 0.000 0.000 0.000 0.000 0.000 0.000 0.000 0.000 0.000 0.000
0.000 0.001 0.001 0.001 0.001 0.001 0.001 0.001 0.001 0.001 0.001 0.001 0.001 0.001 0.001 0.001 0.001 0.000 0.000 0.000 0.000 0.000 0.000 0.000 0.000 0.000 0.000 0.000 0.000 0.000 0.000 0.000 0.000 0.000 0.000 0.000 0.000 0.000 0.000 0.000 0.000 0.000 0.000 0.000 0.000 0.000 0.000 0.000 0.000 0.000 0.000 0.000 0.000 0.000 0.000 0.000 0.000 0.000 0.000 0.000 0.000 0.000 0.000 0.000 0.000 0.000 0.000 0.000 0.000 0.000 0.000 0.000 0.000 0.000 0.000 0.000 0.000
0.002 0.003 0.003 0.004 0.004 0.004 0.004 0.004 0.004 0.004 0.004 0.003 0.003 0.003 0.002 0.002 0.002 0.001 0.001 0.001 0.000 0.000 0.000 0.000 0.000 0.000 0.000 0.000 0.000 0.000 0.000 0.000 0.000 0.000 0.000 0.000 0.000 0.000 0.000 0.000 0.000 0.000 0.000 0.000 0.000 0.000 0.000 0.000 0.000 0.000 0.000 0.000 0.000 0.000 0.000 0.000 0.000 0.000 0.000 0.000 0.000 0.000 0.000 0.000 0.000 0.000 0.000 0.000 0.000 0.000 0.000 0.000 0.000 0.000 0.000 0.000 0.000
0.004 0.006 0.007 0.008 0.008 0.008 0.008 0.008 0.008 0.008 0.007 0.007 0.006 0.006 0.005 0.004 0.003 0.003 0.002 0.002 0.001 0.001 0.000 0.000 0.000 0.000 0.000 0.000 0.000 0.000 0.000 0.000 0.000 0.000 0.000 0.000 0.000 0.000 0.000 0.000 0.000 0.000 0.000 0.000 0.000 0.000 0.000 0.000 0.000 0.000 0.000 0.000 0.000 0.000 0.000 0.000 0.000 0.000 0.000 0.000 0.000 0.000 0.000 0.000 0.000 0.000 0.000 0.000 0.000 0.000 0.000 0.000 0.000 0.000 0.000 0.000 0.000
0.007 0.010 0.012 0.014 0.014 0.015 0.015 0.014 0.014 0.013 0.013 0.012 0.011 0.010 0.008 0.007 0.006 0.005 0.004 0.003 0.002 0.002 0.001 0.001 0.001 0.000 0.000 0.000 0.000 0.000 0.000 0.000 0.000 0.000 0.000 0.000 0.000 0.000 0.000 0.000 0.000 0.000 0.000 0.000 0.000 0.000 0.000 0.000 0.000 0.000 0.000 0.000 0.000 0.000 0.000 0.000 0.000 0.000 0.000 0.000 0.000 0.000 0.000 0.000 0.000 0.000 0.000 0.000 0.000 0.000 0.000 0.000 0.000 0.000 0.000 0.000 0.000
0.012 0.015 0.020 0.024 0.025 0.025 0.025 0.025 0.023 0.022 0.021 0.019 0.017 0.015 0.012 0.010 0.009 0.007 0.006 0.005 0.004 0.003 0.003 0.002 0.002 0.001 0.001 0.000 0.000 0.000 0.000 0.000 0.000 0.000 0.000 0.000 0.000 0.000 0.000 0.000 0.000 0.000 0.000 0.000 0.000 0.000 0.000 0.000 0.000 0.000 0.000 0.000 0.000 0.000 0.000 0.000 0.000 0.000 0.000 0.000 0.000 0.000 0.000 0.000 0.000 0.000 0.000 0.000 0.000 0.000 0.000 0.000 0.000 0.000 0.000 0.000 0.000
0.018 0.024 0.033 0.043 0.047 0.048 0.048 0.046 0.044 0.040 0.036 0.032 0.027 0.023 0.019 0.016 0.013 0.011 0.009 0.008 0.006 0.005 0.005 0.004 0.003 0.002 0.002 0.002 0.001 0.001 0.001 0.001 0.000 0.000 0.000 0.000 0.000 0.000 0.000 0.000 0.000 0.000 0.000 0.000 0.000 0.000 0.000 0.000 0.000 0.000 0.000 0.000 0.000 0.000 0.000 0.000 0.000 0.000 0.000 0.000 0.000 0.000 0.000 0.000 0.000 0.000 0.000 0.000 0.000 0.000 0.000 0.000 0.000 0.000 0.000 0.000 0.000
0.030 0.041 0.061 0.087 0.102 0.106 0.106 0.103 0.097 0.087 0.073 0.059 0.047 0.038 0.030 0.024 0.019 0.016 0.013 0.011 0.009 0.008 0.007 0.006 0.005 0.004 0.004 0.003 0.003 0.002 0.002 0.002 0.001 0.001 0.001 0.000 0.000 0.000 0.000 0.000 0.000 0.000 0.000 0.000 0.000 0.000 0.000 0.000 0.000 0.000 0.000 0.000 0.000 0.000 0.000 0.000 0.000 0.000 0.000 0.000 0.000 0.000 0.000 0.000 0.000 0.000 0.000 0.000 0.000 0.000 0.000 0.000 0.000 0.000 0.000 0.000 0.000
0.057 0.083 0.128 0.194 0.244 0.265 0.268 0.264 0.248 0.218 0.174 0.128 0.094 0.070 0.052 0.039 0.031 0.024 0.020 0.016 0.013 0.011 0.010 0.009 0.008 0.007 0.006 0.006 0.005 0.004 0.004 0.003 0.003 0.002 0.002 0.002 0.001 0.001 0.001 0.001 0.001 0.001 0.001 0.000 0.000 0.000 0.000 0.000 0.000 0.000 0.000 0.000 0.000 0.000 0.000 0.000 0.000 0.000 0.000 0.000 0.000 0.000 0.000 0.000 0.000 0.000 0.000 0.000 0.000 0.000 0.000 0.000 0.000 0.000 0.000 0.000 0.000
0.124 0.182 0.281 0.432 0.570 0.649 0.678 0.676 0.647 0.572 0.452 0.314 0.214 0.146 0.103 0.074 0.054 0.041 0.031 0.024 0.019 0.016 0.014 0.012 0.011 0.011 0.010 0.009 0.008 0.007 0.006 0.006 0.005 0.004 0.004 0.003 0.003 0.003 0.002 0.002 0.002 0.002 0.002 0.002 0.001 0.001 0.000 0.000 0.000 0.000 0.000 0.000 0.000 0.000 0.000 0.000 0.000 0.000 0.000 0.000 0.000 0.000 0.000 0.000 0.000 0.000 0.000 0.000 0.000 0.000 0.000 0.000 0.000 0.000 0.000 0.000 0.000
0.282 0.398 0.584 0.860 1.131 1.313 1.401 1.421 1.390 1.271 1.045 0.742 0.486 0.321 0.218 0.151 0.105 0.074 0.052 0.038 0.028 0.022 0.019 0.017 0.016 0.015 0.014 0.013 0.012 0.011 0.010 0.009 0.008 0.007 0.006 0.006 0.005 0.005 0.005 0.005 0.004 0.004 0.004 0.003 0.003 0.002 0.002 0.001 0.001 0.000 0.000 0.000 0.000 0.000 0.000 0.000 0.000 0.000 0.000 0.000 0.000 0.000 0.000 0.000 0.000 0.000 0.000 0.000 0.000 0.000 0.000 0.000 0.000 0.000 0.000 0.000 0.000
0.633 0.819 1.091 1.440 1.720 1.888 1.982 2.014 2.000 1.901 1.670 1.302 0.909 0.622 0.430 0.297 0.203 0.138 0.093 0.064 0.045 0.034 0.028 0.025 0.023 0.022 0.021 0.020 0.019 0.016 0.014 0.013 0.012 0.011 0.010 0.009 0.009 0.009 0.008 0.008 0.008 0.007 0.006 0.006 0.005 0.004 0.003 0.003 0.002 0.001 0.001 0.001 0.000 0.000 0.000 0.000 0.000 0.000 0.000 0.000 0.000 0.000 0.000 0.000 0.000 0.000 0.000 0.000 0.000 0.000 0.000 0.000 0.000 0.000 0.000 0.000 0.000
1.311 1.534 1.768 1.968 2.082 2.149 2.202 2.229 2.223 2.152 1.960 1.623 1.208 0.892 0.669 0.497 0.355 0.245 0.167 0.113 0.078 0.057 0.045 0.040 0.038 0.036 0.034 0.032 0.029 0.025 0.021 0.018 0.017 0.015 0.014 0.014 0.013 0.013 0.013 0.012 0.012 0.011 0.010 0.009 0.008 0.006 0.005 0.005 0.004 0.003 0.003 0.002 0.002 0.001 0.001 0.001 0.001 0.001 0.000 0.000 0.000 0.000 0.000 0.000 0.000 0.000 0.000 0.000 0.000 0.000 0.000 0.000 0.000 0.000 0.000 0.000 0.000
2.163 2.281 2.333 2.308 2.235 2.201 2.213 2.228 2.222 2.162 1.999 1.711 1.341 1.044 0.824 0.654 0.515 0.393 0.286 0.202 0.143 0.105 0.085 0.075 0.071 0.069 0.067 0.062 0.054 0.041 0.033 0.028 0.024 0.022 0.021 0.020 0.020 0.019 0.019 0.019 0.018 0.017 0.015 0.013 0.011 0.010 0.008 0.007 0.006 0.005 0.005 0.004 0.003 0.003 0.002 0.002 0.002 0.002 0.001 0.001 0.001 0.000 0.000 0.000 0.000 0.000 0.000 0.000 0.000 0.000 0.000 0.000 0.000 0.000 0.000 0.000 0.000
2.659 2.699 2.637 2.458 2.253 2.142 2.093 2.071 2.047 1.994 1.877 1.665 1.375 1.114 0.911 0.751 0.626 0.524 0.432 0.342 0.262 0.205 0.175 0.165 0.162 0.161 0.159 0.147 0.120 0.083 0.059 0.046 0.040 0.035 0.033 0.031 0.030 0.030 0.030 0.030 0.030 0.028 0.024 0.019 0.016 0.014 0.012 0.011 0.009 0.008 0.007 0.006 0.006 0.005 0.005 0.004 0.004 0.004 0.003 0.003 0.002 0.002 0.001 0.001 0.000 0.000 0.000 0.000 0.000 0.000 0.000 0.000 0.000 0.000 0.000 0.000 0.000
2.781 2.801 2.702 2.463 2.157 1.923 1.774 1.686 1.632 1.592 1.544 1.464 1.322 1.133 0.953 0.804 0.687 0.600 0.538 0.486 0.435 0.392 0.368 0.374 0.397 0.408 0.405 0.376 0.303 0.202 0.134 0.097 0.078 0.067 0.060 0.055 0.053 0.053 0.053 0.054 0.053 0.049 0.039 0.029 0.023 0.020 0.018 0.015 0.014 0.012 0.011 0.010 0.009 0.008 0.008 0.007 0.007 0.006 0.006 0.005 0.004 0.003 0.002 0.002 0.001 0.001 0.001 0.000 0.000 0.000 0.000 0.000 0.000 0.000 0.000 0.000 0.000
2.643 2.648 2.530 2.261 1.865 1.495 1.242 1.095 1.029 1.014 1.039 1.102 1.137 1.079 0.958 0.822 0.709 0.632 0.591 0.574 0.571 0.589 0.636 0.716 0.796 0.836 0.839 0.795 0.672 0.485 0.329 0.236 0.182 0.150 0.130 0.117 0.111 0.109 0.109 0.110 0.108 0.096 0.071 0.048 0.036 0.030 0.026 0.022 0.020 0.017 0.016 0.014 0.013 0.012 0.012 0.011 0.011 0.010 0.009 0.008 0.007 0.006 0.004 0.003 0.003 0.002 0.002 0.001 0.001 0.001 0.000 0.000 0.000 0.000 0.000 0.000 0.000
2.094 2.064 1.947 1.706 1.318 0.939 0.713 0.606 0.572 0.576 0.621 0.729 0.863 0.925 0.902 0.814 0.708 0.637 0.608 0.607 0.629 0.691 0.796 0.935 1.049 1.112 1.127 1.104 1.015 0.852 0.660 0.514 0.415 0.347 0.300 0.269 0.253 0.247 0.246 0.245 0.235 0.199 0.137 0.087 0.061 0.048 0.040 0.034 0.030 0.026 0.023 0.020 0.019 0.018 0.017 0.016 0.016 0.015 0.014 0.013 0.011 0.009 0.007 0.006 0.005 0.004 0.003 0.003 0.002 0.002 0.001 0.001 0.001 0.001 0.001 0.001 0.001
1.189 1.120 1.039 0.919 0.717 0.511 0.391 0.336 0.323 0.331 0.376 0.479 0.630 0.731 0.769 0.751 0.684 0.625 0.603 0.605 0.635 0.713 0.841 0.995 1.112 1.181 1.205 1.201 1.155 1.051 0.891 0.750 0.657 0.599 0.560 0.531 0.515 0.509 0.510 0.506 0.476 0.393 0.265 0.165 0.112 0.084 0.069 0.058 0.049 0.041 0.035 0.031 0.028 0.026 0.024 0.024 0.023 0.022 0.021 0.019 0.015 0.013 0.011 0.009 0.008 0.007 0.006 0.005 0.004 0.004 0.003 0.003 0.003 0.003 0.003 0.003 0.002
0.562 0.509 0.466 0.421 0.351 0.274 0.228 0.209 0.205 0.213 0.249 0.337 0.474 0.569 0.615 0.630 0.615 0.582 0.565 0.568 0.598 0.680 0.816 0.966 1.075 1.143 1.177 1.184 1.164 1.094 0.966 0.833 0.756 0.725 0.717 0.720 0.731 0.744 0.753 0.748 0.703 0.597 0.437 0.298 0.209 0.159 0.128 0.106 0.087 0.071 0.059 0.050 0.044 0.040 0.037 0.035 0.034 0.033 0.031 0.027 0.022 0.018 0.015 0.013 0.011 0.010 0.009 0.008 0.007 0.006 0.006 0.006 0.006 0.006 0.005 0.005 0.005
0.276 0.243 0.221 0.203 0.184 0.164 0.152 0.149 0.151 0.161 0.192 0.267 0.379 0.452 0.483 0.496 0.501 0.495 0.484 0.482 0.501 0.571 0.697 0.831 0.923 0.989 1.040 1.070 1.076 1.044 0.948 0.826 0.760 0.745 0.754 0.780 0.814 0.840 0.854 0.850 0.803 0.700 0.562 0.446 0.356 0.286 0.234 0.194 0.159 0.129 0.105 0.087 0.073 0.065 0.061 0.058 0.055 0.052 0.048 0.040 0.031 0.024 0.020 0.017 0.015 0.014 0.012 0.011 0.011 0.010 0.010 0.010 0.010 0.010 0.009 0.009 0.009
0.162 0.142 0.131 0.123 0.119 0.116 0.116 0.119 0.125 0.138 0.170 0.234 0.318 0.366 0.383 0.387 0.388 0.383 0.369 0.358 0.362 0.400 0.486 0.587 0.659 0.718 0.777 0.832 0.865 0.869 0.828 0.748 0.704 0.701 0.722 0.763 0.812 0.847 0.863 0.859 0.815 0.723 0.621 0.548 0.488 0.434 0.380 0.325 0.272 0.223 0.182 0.150 0.128 0.115 0.107 0.101 0.095 0.089 0.079 0.064 0.047 0.035 0.028 0.024 0.021 0.019 0.017 0.016 0.015 0.015 0.015 0.015 0.015 0.015 0.015 0.014 0.013
0.116 0.104 0.098 0.094 0.094 0.095 0.098 0.104 0.113 0.131 0.163 0.217 0.272 0.300 0.308 0.308 0.305 0.297 0.281 0.265 0.262 0.274 0.311 0.368 0.416 0.453 0.489 0.529 0.564 0.586 0.591 0.573 0.561 0.568 0.599 0.659 0.735 0.790 0.814 0.812 0.779 0.706 0.636 0.598 0.572 0.547 0.517 0.476 0.421 0.355 0.292 0.245 0.215 0.199 0.190 0.181 0.170 0.157 0.137 0.110 0.077 0.054 0.040 0.033 0.029 0.026 0.024 0.023 0.021 0.021 0.021 0.021 0.022 0.022 0.022 0.021 0.020
0.095 0.088 0.085 0.083 0.084 0.086 0.090 0.098 0.109 0.129 0.162 0.205 0.235 0.248 0.251 0.251 0.247 0.240 0.226 0.211 0.204 0.204 0.216 0.243 0.272 0.292 0.308 0.325 0.343 0.356 0.361 0.361 0.359 0.366 0.396 0.461 0.558 0.641 0.684 0.696 0.685 0.650 0.621 0.615 0.625 0.631 0.625 0.606 0.566 0.503 0.425 0.361 0.318 0.295 0.286 0.282 0.278 0.264 0.237 0.197 0.143 0.094 0.065 0.050 0.043 0.039 0.036 0.033 0.031 0.030 0.029 0.030 0.031 0.031 0.031 0.030 0.029
0.083 0.080 0.079 0.079 0.081 0.084 0.089 0.096 0.110 0.132 0.166 0.195 0.209 0.214 0.214 0.211 0.208 0.203 0.194 0.181 0.172 0.168 0.170 0.181 0.196 0.207 0.213 0.217 0.222 0.226 0.227 0.225 0.225 0.228 0.244 0.283 0.349 0.427 0.484 0.517 0.537 0.551 0.572 0.614 0.667 0.701 0.712 0.706 0.675 0.616 0.530 0.447 0.389 0.356 0.344 0.345 0.361 0.390 0.385 0.348 0.275 0.186 0.122 0.088 0.073 0.065 0.059 0.053 0.048 0.044 0.042 0.043 0.044 0.044 0.044 0.043 0.041
0.077 0.076 0.077 0.079 0.081 0.085 0.090 0.099 0.115 0.141 0.172 0.190 0.196 0.196 0.193 0.189 0.185 0.181 0.175 0.165 0.156 0.151 0.150 0.153 0.161 0.166 0.168 0.169 0.168 0.167 0.166 0.162 0.160 0.161 0.168 0.187 0.221 0.270 0.318 0.358 0.395 0.440 0.507 0.609 0.702 0.756 0.773 0.770 0.742 0.683 0.593 0.496 0.426 0.385 0.370 0.371 0.399 0.478 0.566 0.575 0.511 0.386 0.256 0.179 0.143 0.124 0.111 0.098 0.084 0.073 0.067 0.065 0.064 0.063 0.061 0.059 0.057
0.073 0.073 0.076 0.081 0.086 0.093 0.101 0.113 0.132 0.159 0.181 0.192 0.194 0.192 0.186 0.179 0.174 0.170 0.165 0.159 0.151 0.146 0.143 0.144 0.148 0.151 0.151 0.150 0.149 0.148 0.146 0.142 0.138 0.135 0.136 0.142 0.156 0.183 0.218 0.255 0.300 0.365 0.471 0.618 0.732 0.791 0.806 0.801 0.772 0.712 0.618 0.514 0.438 0.394 0.377 0.378 0.408 0.506 0.694 0.840 0.850 0.740 0.545 0.390 0.310 0.268 0.236 0.205 0.171 0.139 0.117 0.104 0.096 0.090 0.085 0.080 0.077
0.071 0.073 0.078 0.088 0.101 0.117 0.133 0.150 0.171 0.190 0.199 0.202 0.199 0.194 0.186 0.178 0.171 0.166 0.162 0.158 0.152 0.146 0.143 0.143 0.146 0.147 0.147 0.147 0.146 0.145 0.144 0.141 0.135 0.128 0.124 0.124 0.128 0.141 0.162 0.194 0.243 0.325 0.463 0.633 0.751 0.805 0.816 0.809 0.779 0.716 0.620 0.514 0.437 0.392 0.376 0.377 0.407 0.507 0.719 0.996 1.144 1.142 1.007 0.809 0.673 0.591 0.526 0.458 0.378 0.293 0.226 0.180 0.150 0.130 0.117 0.108 0.101
0.070 0.073 0.082 0.101 0.131 0.167 0.197 0.220 0.234 0.239 0.235 0.227 0.214 0.202 0.190 0.180 0.172 0.166 0.163 0.161 0.159 0.156 0.153 0.152 0.153 0.152 0.151 0.151 0.151 0.152 0.151 0.147 0.139 0.129 0.122 0.119 0.119 0.123 0.135 0.162 0.214 0.311 0.474 0.651 0.759 0.806 0.814 0.806 0.772 0.705 0.603 0.497 0.423 0.380 0.365 0.367 0.396 0.490 0.695 1.008 1.271 1.389 1.392 1.315 1.220 1.135 1.046 0.936 0.788 0.613 0.449 0.325 0.241 0.190 0.161 0.143 0.132
0.071 0.075 0.089 0.117 0.163 0.226 0.274 0.299 0.306 0.303 0.290 0.268 0.242 0.219 0.202 0.188 0.178 0.173 0.172 0.177 0.185 0.189 0.188 0.187 0.184 0.178 0.176 0.176 0.178 0.179 0.177 0.170 0.155 0.137 0.125 0.118 0.116 0.117 0.125 0.148 0.203 0.312 0.489 0.658 0.755 0.791 0.794 0.780 0.738 0.661 0.551 0.449 0.383 0.349 0.337 0.340 0.365 0.445 0.623 0.927 1.256 1.466 1.570 1.602 1.583 1.546 1.489 1.395 1.248 1.050 0.807 0.567 0.391 0.283 0.223 0.190 0.171
0.072 0.079 0.095 0.126 0.180 0.257 0.318 0.347 0.352 0.348 0.333 0.308 0.278 0.249 0.225 0.208 0.199 0.197 0.205 0.227 0.251 0.263 0.267 0.266 0.256 0.243 0.236 0.235 0.237 0.237 0.231 0.213 0.183 0.153 0.133 0.121 0.117 0.117 0.123 0.145 0.202 0.318 0.496 0.646 0.723 0.744 0.739 0.713 0.656 0.565 0.454 0.367 0.316 0.293 0.288 0.291 0.310 0.366 0.496 0.751 1.110 1.407 1.587 1.676 1.703 1.698 1.669 1.606 1.495 1.323 1.084 0.814 0.585 0.418 0.318 0.263 0.232
0.075 0.083 0.100 0.131 0.184 0.263 0.330 0.363 0.370 0.366 0.353 0.330 0.302 0.278 0.259 0.245 0.240 0.250 0.287 0.338 0.372 0.384 0.383 0.368 0.342 0.320 0.309 0.304 0.303 0.300 0.287 0.256 0.211 0.172 0.144 0.127 0.120 0.119 0.124 0.146 0.206 0.321 0.479 0.593 0.642 0.649 0.635 0.591 0.511 0.410 0.319 0.260 0.229 0.218 0.217 0.220 0.233 0.267 0.347 0.522 0.833 1.202 1.471 1.619 1.676 1.688 1.676 1.636 1.556 1.412 1.192 0.950 0.750 0.584 0.462 0.386 0.339
0.081 0.090 0.105 0.132 0.180 0.254 0.322 0.358 0.369 0.368 0.357 0.337 0.310 0.293 0.284 0.282 0.294 0.332 0.400 0.454 0.476 0.475 0.459 0.426 0.387 0.360 0.346 0.340 0.337 0.332 0.315 0.277 0.223 0.181 0.152 0.134 0.126 0.124 0.130 0.153 0.212 0.318 0.428 0.489 0.508 0.505 0.480 0.423 0.339 0.260 0.208 0.178 0.163 0.158 0.157 0.159 0.168 0.193 0.249 0.362 0.569 0.889 1.193 1.386 1.485 1.533 1.553 1.546 1.503 1.389 1.193 0.987 0.843 0.736 0.646 0.575 0.517
