RESULTS/r.avaflow_results/14b_results/14b_ascii/14b_hflow0045.asc
ncols 506
nrows 317
xllcenter 498237.50
yllcenter 5580050.00
cellsize 12.50
NODATA_value -9999.000
[rows 136 to 169 of 317, columns 152 to 227 of 506]
0.001 0.002 0.003 0.004 0.005 0.005 0.005 0.005 0.005 0.004 0.004 0.003 0.003 0.003 0.003 0.002 0.002 0.002 0.002 0.002 0.002 0.002 0.001 0.001 0.001 0.001 0.001 0.000 0.000 0.000 0.000 0.000 0.000 0.000 0.000 0.000 0.000 0.000 0.000 0.000 0.000 0.000 0.000 0.000 0.000 0.000 0.000 0.000 0.000 0.000 0.000 0.000 0.000 0.000 0.000 0.000 0.000 0.000 0.000 0.000 0.000 0.000 0.000 0.000 0.000 0.000 0.000 0.000 0.000 0.000 0.000 0.000 0.000 0.000 0.000 0.000
0.004 0.005 0.008 0.011 0.014 0.015 0.015 0.015 0.013 0.011 0.009 0.008 0.007 0.007 0.007 0.006 0.006 0.006 0.006 0.005 0.005 0.004 0.003 0.003 0.002 0.002 0.002 0.002 0.001 0.001 0.001 0.001 0.000 0.000 0.000 0.000 0.000 0.000 0.000 0.000 0.000 0.000 0.000 0.000 0.000 0.000 0.000 0.000 0.000 0.000 0.000 0.000 0.000 0.000 0.000 0.000 0.000 0.000 0.000 0.000 0.000 0.000 0.000 0.000 0.000 0.000 0.000 0.000 0.000 0.000 0.000 0.000 0.000 0.000 0.000 0.000
0.010 0.014 0.021 0.031 0.038 0.040 0.040 0.038 0.034 0.028 0.023 0.021 0.019 0.018 0.017 0.017 0.016 0.015 0.014 0.013 0.012 0.011 0.009 0.007 0.006 0.005 0.005 0.005 0.005 0.004 0.003 0.002 0.001 0.001 0.000 0.000 0.000 0.000 0.000 0.000 0.000 0.000 0.000 0.000 0.000 0.000 0.000 0.000 0.000 0.000 0.000 0.000 0.000 0.000 0.000 0.000 0.000 0.000 0.000 0.000 0.000 0.000 0.000 0.000 0.000 0.000 0.000 0.000 0.000 0.000 0.000 0.000 0.000 0.000 0.000 0.000
0.023 0.033 0.049 0.067 0.079 0.084 0.085 0.081 0.074 0.064 0.056 0.051 0.049 0.048 0.047 0.047 0.045 0.041 0.038 0.035 0.032 0.028 0.024 0.020 0.017 0.015 0.015 0.014 0.013 0.012 0.010 0.006 0.003 0.001 0.001 0.001 0.000 0.000 0.000 0.000 0.000 0.000 0.000 0.000 0.000 0.000 0.000 0.000 0.000 0.000 0.000 0.000 0.000 0.000 0.000 0.000 0.000 0.000 0.000 0.000 0.000 0.000 0.000 0.000 0.000 0.000 0.000 0.000 0.000 0.000 0.000 0.000 0.000 0.000 0.000 0.000
0.046 0.065 0.090 0.112 0.127 0.135 0.137 0.136 0.131 0.122 0.113 0.109 0.108 0.112 0.116 0.116 0.112 0.105 0.097 0.090 0.084 0.076 0.067 0.057 0.050 0.045 0.042 0.040 0.037 0.034 0.027 0.018 0.009 0.004 0.002 0.001 0.001 0.000 0.000 0.000 0.000 0.000 0.000 0.000 0.000 0.000 0.000 0.000 0.000 0.000 0.000 0.000 0.000 0.000 0.000 0.000 0.000 0.000 0.000 0.000 0.000 0.000 0.000 0.000 0.000 0.000 0.000 0.000 0.000 0.000 0.000 0.000 0.000 0.000 0.000 0.000
0.075 0.099 0.126 0.147 0.164 0.176 0.186 0.191 0.193 0.191 0.189 0.192 0.199 0.215 0.226 0.230 0.227 0.218 0.208 0.198 0.188 0.175 0.160 0.142 0.126 0.113 0.103 0.094 0.086 0.076 0.062 0.043 0.024 0.012 0.005 0.002 0.001 0.001 0.001 0.000 0.000 0.000 0.000 0.000 0.000 0.000 0.000 0.000 0.000 0.000 0.000 0.000 0.000 0.000 0.000 0.000 0.000 0.000 0.000 0.000 0.000 0.000 0.000 0.000 0.000 0.000 0.000 0.000 0.000 0.000 0.000 0.000 0.000 0.000 0.000 0.000
0.103 0.130 0.155 0.178 0.198 0.215 0.230 0.243 0.254 0.264 0.274 0.288 0.312 0.341 0.360 0.368 0.369 0.364 0.356 0.346 0.334 0.319 0.300 0.276 0.252 0.227 0.204 0.182 0.161 0.138 0.112 0.079 0.048 0.026 0.012 0.006 0.003 0.002 0.001 0.001 0.001 0.000 0.000 0.000 0.000 0.000 0.000 0.000 0.000 0.000 0.000 0.000 0.000 0.000 0.000 0.000 0.000 0.000 0.000 0.000 0.000 0.000 0.000 0.000 0.000 0.000 0.000 0.000 0.000 0.000 0.000 0.000 0.000 0.000 0.000 0.000
0.130 0.158 0.184 0.208 0.231 0.252 0.272 0.292 0.313 0.334 0.358 0.389 0.431 0.470 0.496 0.510 0.516 0.518 0.516 0.508 0.496 0.480 0.459 0.434 0.405 0.370 0.332 0.293 0.253 0.211 0.165 0.119 0.078 0.046 0.025 0.012 0.006 0.003 0.002 0.002 0.002 0.001 0.001 0.001 0.001 0.000 0.000 0.000 0.000 0.000 0.000 0.000 0.000 0.000 0.000 0.000 0.000 0.000 0.000 0.000 0.000 0.000 0.000 0.000 0.000 0.000 0.000 0.000 0.000 0.000 0.000 0.000 0.000 0.000 0.000 0.000
0.158 0.187 0.213 0.239 0.263 0.287 0.312 0.339 0.368 0.401 0.439 0.486 0.542 0.590 0.627 0.650 0.663 0.668 0.669 0.665 0.657 0.642 0.622 0.596 0.563 0.522 0.472 0.415 0.354 0.287 0.220 0.159 0.109 0.070 0.041 0.023 0.013 0.008 0.006 0.005 0.004 0.003 0.003 0.002 0.001 0.001 0.001 0.000 0.000 0.000 0.000 0.000 0.000 0.000 0.000 0.000 0.000 0.000 0.000 0.000 0.000 0.000 0.000 0.000 0.000 0.000 0.000 0.000 0.000 0.000 0.000 0.000 0.000 0.000 0.000 0.000
0.186 0.215 0.243 0.269 0.296 0.322 0.351 0.383 0.420 0.464 0.517 0.580 0.646 0.704 0.751 0.785 0.807 0.818 0.821 0.821 0.816 0.806 0.788 0.763 0.729 0.682 0.622 0.548 0.462 0.368 0.279 0.203 0.141 0.095 0.062 0.039 0.025 0.017 0.013 0.012 0.010 0.009 0.007 0.005 0.003 0.002 0.002 0.001 0.001 0.001 0.000 0.000 0.000 0.000 0.000 0.000 0.000 0.000 0.000 0.000 0.000 0.000 0.000 0.000 0.000 0.000 0.000 0.000 0.000 0.000 0.000 0.000 0.000 0.000 0.000 0.000
0.216 0.246 0.274 0.301 0.328 0.357 0.388 0.425 0.471 0.527 0.595 0.674 0.749 0.814 0.870 0.914 0.947 0.967 0.976 0.978 0.978 0.973 0.960 0.937 0.902 0.851 0.781 0.691 0.581 0.457 0.345 0.252 0.181 0.129 0.093 0.067 0.050 0.040 0.036 0.034 0.032 0.028 0.022 0.013 0.007 0.004 0.003 0.002 0.002 0.001 0.001 0.001 0.001 0.001 0.000 0.000 0.000 0.000 0.000 0.000 0.000 0.000 0.000 0.000 0.000 0.000 0.000 0.000 0.000 0.000 0.000 0.000 0.000 0.000 0.000 0.000
0.250 0.280 0.308 0.335 0.362 0.391 0.425 0.467 0.521 0.590 0.675 0.769 0.852 0.925 0.988 1.041 1.084 1.115 1.134 1.143 1.147 1.146 1.139 1.120 1.086 1.032 0.953 0.846 0.711 0.558 0.426 0.321 0.245 0.193 0.156 0.131 0.116 0.108 0.106 0.105 0.103 0.095 0.075 0.044 0.022 0.012 0.007 0.005 0.004 0.003 0.003 0.002 0.002 0.002 0.001 0.001 0.001 0.001 0.001 0.000 0.000 0.000 0.000 0.000 0.000 0.000 0.000 0.000 0.000 0.000 0.000 0.000 0.000 0.000 0.000 0.000
0.293 0.322 0.347 0.371 0.396 0.425 0.462 0.509 0.573 0.657 0.762 0.870 0.962 1.042 1.110 1.170 1.222 1.266 1.298 1.319 1.329 1.333 1.331 1.318 1.287 1.231 1.142 1.017 0.855 0.686 0.548 0.448 0.381 0.338 0.314 0.303 0.304 0.316 0.326 0.331 0.328 0.308 0.253 0.160 0.080 0.039 0.021 0.013 0.009 0.008 0.006 0.005 0.005 0.004 0.003 0.003 0.002 0.002 0.001 0.001 0.001 0.001 0.001 0.001 0.000 0.000 0.000 0.000 0.000 0.000 0.000 0.000 0.000 0.000 0.000 0.000
0.382 0.401 0.412 0.424 0.441 0.467 0.505 0.559 0.635 0.736 0.863 0.986 1.089 1.175 1.248 1.312 1.370 1.424 1.475 1.516 1.540 1.550 1.551 1.542 1.514 1.456 1.358 1.217 1.042 0.884 0.773 0.708 0.678 0.672 0.688 0.719 0.764 0.812 0.841 0.848 0.838 0.795 0.689 0.498 0.278 0.139 0.072 0.043 0.029 0.022 0.018 0.014 0.011 0.008 0.006 0.005 0.004 0.003 0.003 0.002 0.002 0.002 0.002 0.001 0.001 0.001 0.001 0.001 0.001 0.001 0.001 0.001 0.001 0.000 0.000 0.000
0.629 0.623 0.587 0.561 0.560 0.576 0.612 0.673 0.758 0.869 1.006 1.142 1.252 1.341 1.413 1.475 1.534 1.594 1.662 1.738 1.789 1.811 1.815 1.810 1.785 1.723 1.623 1.493 1.345 1.235 1.187 1.184 1.221 1.285 1.365 1.458 1.556 1.632 1.668 1.671 1.643 1.569 1.415 1.139 0.759 0.439 0.246 0.151 0.105 0.080 0.064 0.050 0.037 0.025 0.016 0.010 0.007 0.006 0.005 0.004 0.004 0.003 0.003 0.003 0.003 0.002 0.002 0.002 0.002 0.002 0.002 0.002 0.002 0.001 0.001 0.001
1.311 1.231 1.084 0.973 0.924 0.913 0.934 0.986 1.066 1.170 1.298 1.435 1.541 1.618 1.674 1.718 1.758 1.806 1.884 2.003 2.096 2.138 2.149 2.147 2.122 2.064 1.993 1.917 1.849 1.817 1.843 1.916 2.035 2.182 2.322 2.448 2.549 2.605 2.622 2.613 2.574 2.491 2.322 2.021 1.565 1.071 0.714 0.497 0.375 0.302 0.248 0.200 0.150 0.097 0.056 0.031 0.017 0.011 0.008 0.007 0.006 0.005 0.005 0.004 0.004 0.004 0.004 0.004 0.004 0.004 0.004 0.003 0.003 0.002 0.002 0.002
2.750 2.546 2.254 2.008 1.853 1.763 1.723 1.721 1.756 1.822 1.920 2.041 2.129 2.179 2.200 2.205 2.205 2.223 2.283 2.404 2.526 2.591 2.613 2.614 2.592 2.560 2.546 2.552 2.588 2.657 2.756 2.892 3.072 3.251 3.386 3.474 3.519 3.526 3.507 3.467 3.405 3.304 3.142 2.900 2.543 2.061 1.628 1.337 1.144 1.000 0.875 0.746 0.589 0.397 0.225 0.116 0.056 0.029 0.017 0.012 0.010 0.008 0.007 0.007 0.007 0.007 0.006 0.006 0.006 0.006 0.006 0.006 0.005 0.004 0.003 0.003
5.018 4.693 4.293 3.892 3.576 3.333 3.156 3.033 2.969 2.958 2.996 3.076 3.129 3.147 3.135 3.101 3.065 3.051 3.067 3.123 3.210 3.274 3.300 3.304 3.295 3.302 3.344 3.432 3.568 3.722 3.869 4.026 4.201 4.340 4.418 4.458 4.459 4.426 4.372 4.299 4.202 4.074 3.894 3.674 3.442 3.188 2.938 2.738 2.575 2.422 2.256 2.037 1.710 1.260 0.781 0.428 0.212 0.100 0.050 0.029 0.020 0.015 0.013 0.011 0.011 0.011 0.011 0.011 0.011 0.011 0.011 0.010 0.008 0.006 0.005 0.004
7.942 7.536 7.078 6.553 6.039 5.577 5.202 4.912 4.706 4.576 4.523 4.529 4.533 4.520 4.489 4.446 4.401 4.365 4.327 4.280 4.261 4.270 4.278 4.286 4.297 4.341 4.435 4.581 4.762 4.932 5.084 5.226 5.346 5.422 5.450 5.447 5.404 5.327 5.233 5.116 4.974 4.804 4.598 4.394 4.226 4.126 4.085 4.051 3.987 3.880 3.730 3.503 3.139 2.598 1.890 1.193 0.676 0.355 0.180 0.095 0.056 0.037 0.028 0.024 0.022 0.021 0.022 0.024 0.025 0.025 0.024 0.019 0.013 0.010 0.008 0.006
11.172 10.712 10.221 9.629 8.921 8.212 7.626 7.157 6.799 6.540 6.371 6.274 6.219 6.187 6.160 6.138 6.116 6.075 5.995 5.853 5.705 5.620 5.590 5.596 5.625 5.690 5.805 5.951 6.102 6.243 6.366 6.463 6.516 6.533 6.514 6.458 6.357 6.224 6.078 5.907 5.709 5.486 5.258 5.063 4.922 4.858 4.849 4.834 4.782 4.677 4.523 4.310 3.997 3.547 2.953 2.248 1.548 0.965 0.568 0.329 0.194 0.121 0.084 0.066 0.058 0.056 0.058 0.067 0.074 0.075 0.067 0.047 0.027 0.017 0.012 0.009
14.556 14.063 13.505 12.807 11.934 10.983 10.186 9.541 9.040 8.670 8.406 8.221 8.105 8.048 8.019 8.001 7.987 7.941 7.837 7.650 7.423 7.273 7.208 7.204 7.234 7.286 7.358 7.455 7.553 7.648 7.712 7.750 7.744 7.702 7.621 7.502 7.330 7.131 6.913 6.665 6.390 6.121 5.874 5.672 5.525 5.439 5.372 5.297 5.192 5.053 4.873 4.639 4.338 3.964 3.515 2.992 2.426 1.845 1.307 0.888 0.602 0.411 0.290 0.223 0.193 0.186 0.195 0.231 0.254 0.252 0.218 0.139 0.069 0.036 0.021 0.015
18.105 17.629 16.996 16.132 15.073 13.883 12.865 12.055 11.425 10.952 10.609 10.358 10.191 10.097 10.039 9.994 9.941 9.863 9.738 9.543 9.297 9.127 9.044 9.026 9.031 9.043 9.055 9.083 9.121 9.149 9.147 9.118 9.052 8.941 8.788 8.590 8.340 8.054 7.732 7.372 7.017 6.705 6.437 6.217 6.044 5.910 5.783 5.653 5.494 5.308 5.088 4.827 4.519 4.167 3.781 3.375 2.969 2.554 2.127 1.733 1.384 1.080 0.843 0.694 0.623 0.609 0.649 0.747 0.792 0.775 0.658 0.419 0.196 0.086 0.042 0.025
21.879 21.400 20.677 19.643 18.347 16.883 15.658 14.700 13.946 13.379 12.963 12.658 12.452 12.306 12.187 12.093 12.002 11.892 11.745 11.555 11.329 11.162 11.053 11.005 10.980 10.944 10.906 10.853 10.815 10.763 10.694 10.595 10.444 10.257 10.024 9.735 9.376 8.956 8.484 8.016 7.606 7.239 6.939 6.691 6.484 6.304 6.128 5.952 5.753 5.525 5.265 4.978 4.663 4.324 3.977 3.633 3.306 2.991 2.695 2.447 2.232 2.009 1.777 1.602 1.522 1.520 1.617 1.775 1.828 1.775 1.524 1.033 0.512 0.219 0.092 0.045
25.573 25.012 24.160 22.968 21.530 19.954 18.590 17.491 16.617 15.972 15.483 15.129 14.867 14.656 14.471 14.339 14.195 14.048 13.886 13.697 13.498 13.364 13.233 13.143 13.073 12.985 12.889 12.770 12.650 12.514 12.353 12.171 11.935 11.652 11.293 10.864 10.366 9.793 9.173 8.618 8.147 7.733 7.386 7.098 6.851 6.634 6.425 6.213 5.977 5.708 5.414 5.106 4.788 4.468 4.158 3.859 3.584 3.326 3.100 2.925 2.791 2.685 2.604 2.565 2.577 2.629 2.737 2.857 2.895 2.838 2.551 1.921 1.090 0.501 0.208 0.090
28.921 28.234 27.244 25.958 24.488 22.920 21.545 20.383 19.423 18.715 18.147 17.740 17.430 17.152 16.916 16.739 16.557 16.376 16.172 15.990 15.818 15.692 15.557 15.422 15.304 15.160 15.007 14.829 14.633 14.409 14.138 13.843 13.476 13.029 12.498 11.891 11.240 10.534 9.819 9.187 8.645 8.179 7.778 7.441 7.156 6.910 6.675 6.429 6.166 5.872 5.555 5.232 4.916 4.616 4.338 4.074 3.840 3.628 3.451 3.308 3.205 3.151 3.149 3.194 3.271 3.359 3.442 3.499 3.510 3.459 3.245 2.731 1.865 0.982 0.442 0.188
31.863 31.019 29.947 28.693 27.278 25.752 24.373 23.167 22.154 21.424 20.783 20.335 20.037 19.742 19.483 19.281 19.071 18.851 18.637 18.451 18.288 18.144 18.009 17.842 17.690 17.500 17.290 17.038 16.739 16.377 15.954 15.468 14.920 14.302 13.612 12.838 12.017 11.199 10.427 9.723 9.110 8.579 8.119 7.727 7.402 7.130 6.869 6.606 6.328 6.026 5.705 5.380 5.067 4.784 4.526 4.293 4.091 3.916 3.767 3.646 3.563 3.532 3.549 3.610 3.700 3.781 3.832 3.847 3.822 3.754 3.597 3.239 2.568 1.626 0.831 0.381
34.511 33.431 32.327 31.165 29.842 28.387 27.073 25.866 24.815 24.027 23.329 22.827 22.542 22.303 22.095 21.914 21.735 21.530 21.338 21.134 20.952 20.787 20.600 20.388 20.135 19.872 19.574 19.202 18.756 18.208 17.628 16.976 16.253 15.463 14.625 13.697 12.744 11.828 10.988 10.217 9.530 8.934 8.405 7.961 7.597 7.289 7.006 6.736 6.461 6.170 5.862 5.546 5.241 4.969 4.726 4.521 4.342 4.188 4.055 3.951 3.881 3.852 3.861 3.903 3.972 4.025 4.044 4.025 3.971 3.877 3.727 3.465 2.979 2.203 1.320 0.684
36.722 35.488 34.337 33.296 32.101 30.802 29.616 28.413 27.351 26.572 25.854 25.286 24.986 24.783 24.639 24.566 24.419 24.231 24.108 23.883 23.583 23.385 23.096 22.830 22.507 22.140 21.667 21.129 20.552 19.912 19.170 18.334 17.455 16.515 15.543 14.496 13.431 12.416 11.494 10.664 9.904 9.232 8.651 8.157 7.749 7.404 7.097 6.822 6.563 6.294 6.010 5.717 5.427 5.164 4.937 4.750 4.583 4.437 4.316 4.225 4.162 4.126 4.112 4.121 4.150 4.170 4.158 4.110 4.029 3.914 3.749 3.510 3.128 2.536 1.746 1.036
38.762 37.351 36.180 35.317 34.127 32.891 31.885 30.788 29.719 29.017 28.290 27.715 27.411 27.177 27.027 27.077 26.991 26.784 26.681 26.410 26.030 25.842 25.489 25.085 24.685 24.180 23.560 22.913 22.184 21.418 20.555 19.589 18.557 17.483 16.375 15.225 14.070 12.969 11.954 11.043 10.227 9.496 8.866 8.324 7.859 7.470 7.147 6.874 6.629 6.384 6.126 5.864 5.605 5.360 5.142 4.953 4.792 4.655 4.545 4.462 4.404 4.360 4.326 4.300 4.290 4.274 4.226 4.143 4.037 3.905 3.734 3.499 3.158 2.680 2.044 1.366
40.763 39.156 37.861 37.059 35.944 34.875 34.140 33.178 32.180 31.561 30.832 30.270 30.044 29.773 29.594 29.683 29.578 29.300 29.130 28.756 28.331 28.121 27.757 27.249 26.743 26.074 25.302 24.533 23.688 22.807 21.788 20.691 19.521 18.334 17.122 15.870 14.630 13.453 12.364 11.375 10.506 9.734 9.049 8.456 7.942 7.515 7.174 6.902 6.663 6.434 6.203 5.972 5.743 5.522 5.312 5.124 4.971 4.844 4.743 4.663 4.605 4.558 4.511 4.460 4.412 4.343 4.243 4.122 3.990 3.847 3.683 3.464 3.163 2.768 2.263 1.679
42.098 40.517 39.195 38.476 37.525 36.602 36.109 35.358 34.533 34.046 33.442 32.988 32.847 32.535 32.261 32.262 32.009 31.509 31.267 30.858 30.432 30.213 29.789 29.127 28.475 27.676 26.796 25.933 24.973 23.987 22.856 21.660 20.402 19.109 17.785 16.417 15.098 13.851 12.716 11.677 10.763 9.940 9.204 8.564 8.012 7.552 7.188 6.911 6.673 6.452 6.243 6.043 5.847 5.650 5.452 5.269 5.124 5.006 4.914 4.838 4.779 4.730 4.671 4.598 4.505 4.380 4.226 4.066 3.910 3.762 3.607 3.416 3.170 2.859 2.468 2.007
43.238 41.697 40.363 39.728 38.944 38.194 37.923 37.372 36.728 36.508 36.031 35.587 35.564 35.299 34.847 34.704 34.268 33.460 33.125 32.734 32.311 32.044 31.490 30.651 29.891 28.957 27.989 27.048 26.030 24.954 23.763 22.498 21.159 19.759 18.322 16.856 15.470 14.173 13.006 11.932 10.971 10.091 9.313 8.636 8.063 7.585 7.200 6.906 6.666 6.447 6.250 6.076 5.909 5.739 5.560 5.386 5.249 5.142 5.057 4.982 4.923 4.868 4.792 4.693 4.560 4.392 4.198 4.011 3.845 3.703 3.566 3.401 3.207 2.973 2.696 2.376
44.779 43.481 42.284 41.769 41.112 40.493 40.322 39.798 39.156 39.085 38.718 38.328 38.401 38.174 37.639 37.383 36.808 35.839 35.295 34.685 34.123 33.739 33.023 32.036 31.137 30.093 28.986 27.953 26.892 25.759 24.520 23.175 21.746 20.292 18.729 17.191 15.754 14.432 13.236 12.120 11.114 10.187 9.387 8.696 8.099 7.603 7.201 6.884 6.633 6.419 6.229 6.062 5.917 5.775 5.620 5.470 5.350 5.257 5.178 5.107 5.046 4.979 4.881 4.750 4.585 4.391 4.173 3.975 3.806 3.671 3.563 3.432 3.288 3.132 2.960 2.769
46.390 45.514 44.620 44.328 43.811 43.277 43.187 42.685 42.057 42.031 41.679 41.303 41.387 41.101 40.566 40.304 39.653 38.626 37.818 36.817 35.904 35.324 34.411 33.227 32.167 30.991 29.788 28.690 27.477 26.288 25.021 23.640 22.135 20.629 18.983 17.407 15.937 14.597 13.374 12.235 11.192 10.239 9.421 8.718 8.116 7.603 7.178 6.836 6.562 6.344 6.159 5.996 5.858 5.737 5.620 5.514 5.431 5.358 5.289 5.230 5.169 5.084 4.958 4.789 4.590 4.376 4.152 3.950 3.782 3.660 3.583 3.501 3.409 3.316 3.221 3.122
