RESULTS/r.avaflow_results/14b_results/14b_ascii/14b_hflow30050.asc
ncols 506
nrows 317
xllcenter 498237.50
yllcenter 5580050.00
cellsize 12.50
NODATA_value -9999.000
[rows 170 to 203 of 317, columns 308 to 384 of 506]
0.000 0.000 0.000 0.000 0.000 0.000 0.000 0.000 0.000 0.000 0.000 0.000 0.000 0.000 0.000 0.000 0.000 0.000 0.000 0.000 0.000 0.000 0.000 0.000 0.000 0.000 0.000 0.000 0.000 0.000 0.000 0.000 0.000 0.000 0.000 0.000 0.000 0.000 0.000 0.000 0.000 0.000 0.000 0.000 0.000 0.000 0.000 0.000 0.000 0.000 0.000 0.000 0.000 0.000 0.000 0.000 0.000 0.000 0.000 0.000 0.000 0.000 0.000 0.000 0.000 0.000 0.000 0.000 0.000 0.000 0.000 0.000 0.000 0.000 0.000 0.000 0.000
0.000 0.000 0.000 0.000 0.000 0.000 0.000 0.000 0.000 0.000 0.000 0.000 0.000 0.000 0.000 0.000 0.000 0.000 0.000 0.000 0.000 0.000 0.000 0.000 0.000 0.000 0.000 0.000 0.000 0.000 0.000 0.000 0.000 0.000 0.000 0.000 0.000 0.000 0.000 0.000 0.000 0.000 0.000 0.000 0.000 0.000 0.000 0.000 0.000 0.000 0.000 0.000 0.000 0.000 0.000 0.000 0.000 0.000 0.000 0.000 0.000 0.000 0.000 0.000 0.000 0.000 0.000 0.000 0.000 0.000 0.000 0.000 0.000 0.000 0.000 0.000 0.000
0.001 0.001 0.001 0.001 0.001 0.001 0.001 0.001 0.001 0.001 0.001 0.001 0.001 0.001 0.001 0.001 0.001 0.000 0.000 0.000 0.000 0.000 0.000 0.000 0.000 0.000 0.000 0.000 0.000 0.000 0.000 0.000 0.000 0.000 0.000 0.000 0.000 0.000 0.000 0.000 0.000 0.000 0.000 0.000 0.000 0.000 0.000 0.000 0.000 0.000 0.000 0.000 0.000 0.000 0.000 0.000 0.000 0.000 0.000 0.000 0.000 0.000 0.000 0.000 0.000 0.000 0.000 0.000 0.000 0.000 0.000 0.000 0.000 0.000 0.000 0.000 0.000
0.002 0.003 0.004 0.004 0.004 0.004 0.004 0.004 0.004 0.004 0.004 0.004 0.003 0.003 0.003 0.002 0.002 0.001 0.001 0.001 0.000 0.000 0.000 0.000 0.000 0.000 0.000 0.000 0.000 0.000 0.000 0.000 0.000 0.000 0.000 0.000 0.000 0.000 0.000 0.000 0.000 0.000 0.000 0.000 0.000 0.000 0.000 0.000 0.000 0.000 0.000 0.000 0.000 0.000 0.000 0.000 0.000 0.000 0.000 0.000 0.000 0.000 0.000 0.000 0.000 0.000 0.000 0.000 0.000 0.000 0.000 0.000 0.000 0.000 0.000 0.000 0.000
0.004 0.006 0.008 0.008 0.009 0.009 0.009 0.009 0.009 0.008 0.008 0.008 0.007 0.006 0.005 0.004 0.004 0.003 0.002 0.002 0.001 0.001 0.001 0.000 0.000 0.000 0.000 0.000 0.000 0.000 0.000 0.000 0.000 0.000 0.000 0.000 0.000 0.000 0.000 0.000 0.000 0.000 0.000 0.000 0.000 0.000 0.000 0.000 0.000 0.000 0.000 0.000 0.000 0.000 0.000 0.000 0.000 0.000 0.000 0.000 0.000 0.000 0.000 0.000 0.000 0.000 0.000 0.000 0.000 0.000 0.000 0.000 0.000 0.000 0.000 0.000 0.000
0.008 0.010 0.013 0.015 0.016 0.016 0.016 0.016 0.015 0.015 0.014 0.013 0.012 0.010 0.009 0.007 0.006 0.005 0.004 0.003 0.003 0.002 0.001 0.001 0.001 0.000 0.000 0.000 0.000 0.000 0.000 0.000 0.000 0.000 0.000 0.000 0.000 0.000 0.000 0.000 0.000 0.000 0.000 0.000 0.000 0.000 0.000 0.000 0.000 0.000 0.000 0.000 0.000 0.000 0.000 0.000 0.000 0.000 0.000 0.000 0.000 0.000 0.000 0.000 0.000 0.000 0.000 0.000 0.000 0.000 0.000 0.000 0.000 0.000 0.000 0.000 0.000
0.013 0.017 0.022 0.026 0.028 0.028 0.028 0.027 0.026 0.025 0.023 0.021 0.019 0.017 0.014 0.011 0.010 0.008 0.007 0.006 0.005 0.004 0.003 0.002 0.002 0.001 0.001 0.001 0.000 0.000 0.000 0.000 0.000 0.000 0.000 0.000 0.000 0.000 0.000 0.000 0.000 0.000 0.000 0.000 0.000 0.000 0.000 0.000 0.000 0.000 0.000 0.000 0.000 0.000 0.000 0.000 0.000 0.000 0.000 0.000 0.000 0.000 0.000 0.000 0.000 0.000 0.000 0.000 0.000 0.000 0.000 0.000 0.000 0.000 0.000 0.000 0.000
0.020 0.027 0.038 0.048 0.053 0.054 0.054 0.052 0.050 0.046 0.041 0.036 0.031 0.026 0.021 0.017 0.014 0.012 0.010 0.008 0.007 0.006 0.005 0.004 0.003 0.003 0.002 0.002 0.001 0.001 0.001 0.001 0.000 0.000 0.000 0.000 0.000 0.000 0.000 0.000 0.000 0.000 0.000 0.000 0.000 0.000 0.000 0.000 0.000 0.000 0.000 0.000 0.000 0.000 0.000 0.000 0.000 0.000 0.000 0.000 0.000 0.000 0.000 0.000 0.000 0.000 0.000 0.000 0.000 0.000 0.000 0.000 0.000 0.000 0.000 0.000 0.000
0.034 0.048 0.070 0.097 0.112 0.117 0.117 0.115 0.108 0.098 0.083 0.067 0.054 0.043 0.034 0.027 0.022 0.018 0.015 0.012 0.010 0.009 0.007 0.006 0.006 0.005 0.004 0.003 0.003 0.002 0.002 0.002 0.001 0.001 0.001 0.001 0.000 0.000 0.000 0.000 0.000 0.000 0.000 0.000 0.000 0.000 0.000 0.000 0.000 0.000 0.000 0.000 0.000 0.000 0.000 0.000 0.000 0.000 0.000 0.000 0.000 0.000 0.000 0.000 0.000 0.000 0.000 0.000 0.000 0.000 0.000 0.000 0.000 0.000 0.000 0.000 0.000
0.066 0.095 0.144 0.210 0.258 0.279 0.283 0.279 0.264 0.235 0.192 0.144 0.107 0.080 0.060 0.045 0.035 0.027 0.022 0.018 0.014 0.012 0.011 0.009 0.008 0.008 0.007 0.006 0.005 0.005 0.004 0.004 0.003 0.003 0.002 0.002 0.001 0.001 0.001 0.001 0.001 0.001 0.001 0.000 0.000 0.000 0.000 0.000 0.000 0.000 0.000 0.000 0.000 0.000 0.000 0.000 0.000 0.000 0.000 0.000 0.000 0.000 0.000 0.000 0.000 0.000 0.000 0.000 0.000 0.000 0.000 0.000 0.000 0.000 0.000 0.000 0.000
0.138 0.201 0.302 0.447 0.572 0.644 0.669 0.668 0.642 0.575 0.466 0.334 0.234 0.164 0.117 0.085 0.062 0.046 0.035 0.027 0.021 0.017 0.015 0.013 0.012 0.011 0.010 0.009 0.009 0.008 0.007 0.006 0.005 0.005 0.004 0.004 0.003 0.003 0.003 0.002 0.002 0.002 0.002 0.002 0.001 0.001 0.001 0.000 0.000 0.000 0.000 0.000 0.000 0.000 0.000 0.000 0.000 0.000 0.000 0.000 0.000 0.000 0.000 0.000 0.000 0.000 0.000 0.000 0.000 0.000 0.000 0.000 0.000 0.000 0.000 0.000 0.000
0.303 0.421 0.602 0.858 1.093 1.246 1.317 1.331 1.303 1.199 1.005 0.738 0.501 0.342 0.239 0.168 0.119 0.084 0.059 0.043 0.032 0.025 0.021 0.019 0.017 0.016 0.015 0.014 0.013 0.012 0.010 0.009 0.008 0.008 0.007 0.006 0.006 0.005 0.005 0.005 0.005 0.004 0.004 0.003 0.003 0.002 0.002 0.001 0.001 0.000 0.000 0.000 0.000 0.000 0.000 0.000 0.000 0.000 0.000 0.000 0.000 0.000 0.000 0.000 0.000 0.000 0.000 0.000 0.000 0.000 0.000 0.000 0.000 0.000 0.000 0.000 0.000
0.648 0.831 1.088 1.395 1.625 1.756 1.823 1.842 1.825 1.735 1.536 1.223 0.882 0.627 0.448 0.318 0.222 0.153 0.105 0.072 0.051 0.038 0.031 0.028 0.026 0.024 0.023 0.022 0.020 0.018 0.015 0.014 0.012 0.011 0.010 0.010 0.009 0.009 0.009 0.008 0.008 0.007 0.007 0.006 0.005 0.004 0.003 0.003 0.002 0.002 0.001 0.001 0.001 0.000 0.000 0.000 0.000 0.000 0.000 0.000 0.000 0.000 0.000 0.000 0.000 0.000 0.000 0.000 0.000 0.000 0.000 0.000 0.000 0.000 0.000 0.000 0.000
1.279 1.489 1.694 1.858 1.948 1.995 2.025 2.036 2.024 1.953 1.782 1.494 1.139 0.864 0.664 0.507 0.374 0.264 0.182 0.126 0.088 0.064 0.051 0.045 0.041 0.039 0.037 0.035 0.032 0.027 0.023 0.020 0.018 0.016 0.015 0.015 0.014 0.014 0.013 0.013 0.013 0.012 0.011 0.009 0.008 0.007 0.006 0.005 0.004 0.003 0.003 0.002 0.002 0.001 0.001 0.001 0.001 0.001 0.000 0.000 0.000 0.000 0.000 0.000 0.000 0.000 0.000 0.000 0.000 0.000 0.000 0.000 0.000 0.000 0.000 0.000 0.000
2.001 2.113 2.161 2.147 2.084 2.045 2.042 2.042 2.029 1.967 1.819 1.570 1.253 0.994 0.799 0.646 0.519 0.405 0.301 0.216 0.156 0.116 0.094 0.083 0.078 0.074 0.071 0.066 0.057 0.045 0.035 0.030 0.026 0.024 0.022 0.021 0.021 0.021 0.020 0.020 0.020 0.018 0.016 0.014 0.012 0.010 0.009 0.008 0.007 0.006 0.005 0.004 0.003 0.003 0.003 0.002 0.002 0.002 0.001 0.001 0.001 0.001 0.000 0.000 0.000 0.000 0.000 0.000 0.000 0.000 0.000 0.000 0.000 0.000 0.000 0.000 0.000
2.406 2.447 2.404 2.270 2.099 1.998 1.948 1.920 1.891 1.837 1.726 1.536 1.281 1.051 0.870 0.728 0.614 0.521 0.435 0.351 0.274 0.219 0.188 0.174 0.169 0.166 0.161 0.149 0.123 0.088 0.064 0.050 0.043 0.038 0.035 0.033 0.033 0.032 0.032 0.032 0.031 0.029 0.025 0.020 0.017 0.015 0.013 0.011 0.010 0.009 0.008 0.007 0.006 0.005 0.005 0.005 0.004 0.004 0.003 0.003 0.002 0.002 0.001 0.001 0.000 0.000 0.000 0.000 0.000 0.000 0.000 0.000 0.000 0.000 0.000 0.000 0.000
2.504 2.525 2.452 2.268 2.015 1.813 1.684 1.605 1.554 1.513 1.461 1.376 1.236 1.064 0.902 0.768 0.664 0.587 0.530 0.482 0.435 0.396 0.373 0.373 0.383 0.387 0.381 0.354 0.290 0.202 0.138 0.102 0.083 0.071 0.064 0.059 0.057 0.056 0.057 0.057 0.055 0.051 0.041 0.031 0.025 0.021 0.019 0.016 0.014 0.013 0.011 0.010 0.009 0.009 0.008 0.008 0.007 0.007 0.006 0.005 0.004 0.003 0.003 0.002 0.001 0.001 0.001 0.000 0.000 0.000 0.000 0.000 0.000 0.000 0.000 0.000 0.000
2.389 2.396 2.305 2.089 1.760 1.445 1.229 1.102 1.043 1.027 1.041 1.077 1.083 1.020 0.905 0.781 0.681 0.614 0.577 0.561 0.556 0.569 0.604 0.665 0.719 0.744 0.743 0.704 0.603 0.449 0.315 0.232 0.182 0.152 0.133 0.121 0.115 0.112 0.112 0.112 0.109 0.097 0.073 0.051 0.039 0.032 0.027 0.024 0.021 0.018 0.016 0.015 0.014 0.013 0.012 0.012 0.011 0.010 0.010 0.009 0.007 0.006 0.005 0.004 0.003 0.002 0.002 0.001 0.001 0.001 0.001 0.000 0.000 0.000 0.000 0.000 0.000
1.940 1.914 1.816 1.612 1.278 0.945 0.744 0.648 0.617 0.621 0.661 0.750 0.849 0.890 0.859 0.774 0.679 0.618 0.592 0.590 0.607 0.656 0.738 0.843 0.923 0.965 0.972 0.951 0.877 0.745 0.589 0.468 0.385 0.328 0.287 0.261 0.246 0.239 0.237 0.235 0.224 0.191 0.136 0.090 0.064 0.051 0.042 0.036 0.031 0.027 0.024 0.021 0.020 0.018 0.018 0.017 0.016 0.016 0.015 0.013 0.011 0.009 0.007 0.006 0.005 0.004 0.003 0.003 0.002 0.002 0.002 0.001 0.001 0.001 0.001 0.001 0.001
1.179 1.115 1.033 0.914 0.728 0.543 0.433 0.384 0.372 0.382 0.427 0.523 0.646 0.722 0.746 0.723 0.659 0.608 0.589 0.589 0.613 0.675 0.776 0.894 0.978 1.025 1.038 1.032 0.992 0.903 0.772 0.657 0.582 0.535 0.504 0.481 0.466 0.460 0.457 0.451 0.423 0.356 0.250 0.163 0.114 0.087 0.071 0.059 0.050 0.042 0.037 0.032 0.029 0.027 0.026 0.025 0.024 0.023 0.021 0.019 0.016 0.013 0.011 0.009 0.008 0.007 0.006 0.005 0.005 0.004 0.004 0.003 0.003 0.003 0.003 0.003 0.003
0.600 0.546 0.501 0.451 0.381 0.310 0.269 0.251 0.249 0.260 0.301 0.389 0.506 0.580 0.612 0.621 0.603 0.572 0.558 0.560 0.584 0.650 0.758 0.873 0.953 1.000 1.020 1.021 1.001 0.940 0.832 0.725 0.664 0.638 0.630 0.629 0.634 0.639 0.642 0.636 0.600 0.518 0.394 0.280 0.203 0.156 0.127 0.105 0.087 0.072 0.060 0.051 0.045 0.041 0.039 0.037 0.036 0.034 0.032 0.028 0.023 0.018 0.015 0.013 0.011 0.010 0.009 0.008 0.008 0.007 0.007 0.006 0.006 0.006 0.006 0.006 0.005
0.317 0.281 0.256 0.236 0.215 0.197 0.187 0.185 0.189 0.203 0.240 0.319 0.417 0.474 0.497 0.505 0.508 0.501 0.490 0.489 0.506 0.563 0.666 0.771 0.841 0.889 0.921 0.937 0.936 0.904 0.820 0.722 0.670 0.657 0.661 0.678 0.699 0.714 0.720 0.715 0.678 0.601 0.495 0.401 0.326 0.266 0.220 0.183 0.151 0.125 0.103 0.087 0.075 0.067 0.063 0.059 0.056 0.053 0.048 0.041 0.032 0.025 0.021 0.018 0.016 0.014 0.013 0.012 0.011 0.011 0.011 0.010 0.010 0.010 0.010 0.010 0.009
0.197 0.174 0.160 0.152 0.147 0.145 0.146 0.151 0.160 0.179 0.216 0.284 0.357 0.395 0.407 0.410 0.408 0.403 0.391 0.382 0.387 0.422 0.494 0.576 0.634 0.680 0.722 0.757 0.775 0.771 0.733 0.666 0.630 0.627 0.639 0.667 0.699 0.720 0.728 0.723 0.689 0.620 0.542 0.482 0.433 0.388 0.342 0.295 0.249 0.207 0.172 0.145 0.126 0.114 0.107 0.100 0.094 0.087 0.078 0.064 0.048 0.036 0.029 0.025 0.022 0.020 0.018 0.017 0.016 0.016 0.016 0.016 0.016 0.016 0.015 0.015 0.014
0.145 0.131 0.123 0.120 0.119 0.121 0.126 0.134 0.148 0.170 0.208 0.264 0.311 0.333 0.338 0.338 0.334 0.324 0.308 0.295 0.292 0.303 0.335 0.383 0.423 0.453 0.481 0.510 0.535 0.549 0.551 0.534 0.523 0.526 0.549 0.592 0.644 0.679 0.693 0.691 0.665 0.609 0.556 0.524 0.501 0.479 0.453 0.420 0.374 0.320 0.268 0.230 0.204 0.190 0.181 0.172 0.161 0.148 0.130 0.106 0.077 0.055 0.042 0.035 0.031 0.028 0.026 0.024 0.023 0.022 0.022 0.022 0.023 0.023 0.023 0.022 0.021
0.121 0.113 0.108 0.107 0.108 0.111 0.118 0.128 0.144 0.169 0.207 0.249 0.276 0.286 0.288 0.286 0.280 0.271 0.256 0.241 0.234 0.235 0.245 0.268 0.292 0.308 0.320 0.333 0.345 0.354 0.357 0.357 0.356 0.364 0.389 0.441 0.513 0.570 0.599 0.606 0.596 0.569 0.546 0.540 0.545 0.546 0.540 0.522 0.488 0.436 0.372 0.321 0.287 0.268 0.260 0.256 0.253 0.240 0.217 0.182 0.136 0.094 0.067 0.053 0.046 0.042 0.038 0.035 0.033 0.031 0.031 0.031 0.032 0.033 0.032 0.032 0.030
0.108 0.103 0.102 0.103 0.105 0.109 0.116 0.127 0.145 0.173 0.211 0.239 0.252 0.255 0.254 0.250 0.244 0.236 0.225 0.212 0.202 0.199 0.200 0.209 0.221 0.229 0.233 0.236 0.238 0.240 0.239 0.237 0.236 0.240 0.255 0.288 0.342 0.402 0.445 0.470 0.485 0.495 0.511 0.543 0.579 0.600 0.606 0.599 0.572 0.522 0.450 0.385 0.341 0.316 0.308 0.309 0.323 0.346 0.341 0.309 0.250 0.177 0.122 0.092 0.077 0.069 0.062 0.056 0.050 0.046 0.045 0.045 0.046 0.046 0.045 0.044 0.042
0.100 0.099 0.100 0.102 0.106 0.111 0.119 0.132 0.152 0.184 0.217 0.236 0.241 0.240 0.236 0.229 0.222 0.216 0.208 0.197 0.187 0.182 0.180 0.182 0.188 0.191 0.192 0.191 0.189 0.186 0.183 0.178 0.175 0.176 0.183 0.199 0.228 0.268 0.307 0.339 0.370 0.408 0.463 0.541 0.606 0.642 0.652 0.647 0.623 0.572 0.497 0.421 0.369 0.339 0.329 0.332 0.356 0.421 0.489 0.495 0.445 0.348 0.243 0.179 0.146 0.128 0.114 0.101 0.087 0.076 0.070 0.067 0.066 0.065 0.063 0.060 0.058
0.096 0.096 0.100 0.106 0.114 0.123 0.135 0.151 0.176 0.206 0.229 0.238 0.240 0.237 0.230 0.220 0.213 0.206 0.200 0.192 0.183 0.176 0.173 0.173 0.176 0.177 0.177 0.175 0.172 0.169 0.165 0.160 0.154 0.151 0.151 0.156 0.169 0.191 0.220 0.252 0.291 0.347 0.435 0.547 0.627 0.667 0.676 0.670 0.645 0.593 0.515 0.434 0.378 0.346 0.335 0.338 0.365 0.446 0.593 0.708 0.720 0.638 0.492 0.369 0.301 0.263 0.233 0.203 0.171 0.141 0.119 0.106 0.098 0.092 0.086 0.082 0.078
0.094 0.096 0.103 0.116 0.134 0.156 0.177 0.199 0.223 0.243 0.251 0.251 0.247 0.239 0.230 0.219 0.210 0.203 0.197 0.191 0.184 0.177 0.174 0.173 0.174 0.175 0.174 0.172 0.169 0.167 0.164 0.159 0.151 0.143 0.139 0.138 0.142 0.153 0.171 0.199 0.242 0.313 0.428 0.556 0.639 0.677 0.683 0.676 0.649 0.596 0.516 0.434 0.377 0.345 0.334 0.337 0.364 0.448 0.616 0.834 0.958 0.966 0.875 0.730 0.620 0.550 0.493 0.432 0.360 0.282 0.220 0.177 0.149 0.130 0.118 0.109 0.103
0.094 0.097 0.109 0.135 0.174 0.220 0.256 0.282 0.296 0.300 0.294 0.282 0.266 0.249 0.234 0.222 0.211 0.204 0.199 0.196 0.193 0.188 0.185 0.184 0.183 0.181 0.179 0.177 0.176 0.174 0.172 0.166 0.156 0.144 0.136 0.132 0.132 0.136 0.147 0.170 0.216 0.301 0.435 0.566 0.644 0.676 0.681 0.673 0.644 0.587 0.503 0.421 0.366 0.336 0.326 0.329 0.356 0.435 0.600 0.847 1.063 1.172 1.190 1.141 1.073 1.008 0.935 0.841 0.715 0.563 0.417 0.307 0.233 0.188 0.161 0.144 0.134
0.094 0.100 0.119 0.156 0.216 0.288 0.339 0.365 0.371 0.367 0.353 0.328 0.297 0.270 0.248 0.232 0.220 0.213 0.211 0.215 0.222 0.224 0.224 0.222 0.217 0.210 0.204 0.203 0.203 0.202 0.198 0.188 0.170 0.151 0.138 0.132 0.129 0.130 0.137 0.158 0.207 0.300 0.442 0.568 0.638 0.664 0.665 0.652 0.616 0.552 0.463 0.386 0.336 0.312 0.304 0.307 0.331 0.400 0.546 0.788 1.056 1.238 1.337 1.372 1.363 1.339 1.294 1.217 1.095 0.927 0.720 0.516 0.365 0.273 0.221 0.192 0.174
0.097 0.106 0.128 0.169 0.236 0.323 0.384 0.412 0.416 0.411 0.394 0.367 0.333 0.302 0.275 0.255 0.245 0.242 0.249 0.269 0.290 0.301 0.305 0.302 0.291 0.275 0.264 0.260 0.258 0.256 0.247 0.226 0.195 0.165 0.145 0.134 0.129 0.129 0.135 0.155 0.205 0.303 0.445 0.556 0.612 0.626 0.621 0.599 0.552 0.478 0.390 0.324 0.285 0.268 0.265 0.268 0.286 0.337 0.449 0.658 0.951 1.198 1.353 1.434 1.462 1.462 1.441 1.390 1.297 1.150 0.948 0.723 0.534 0.395 0.310 0.263 0.234
0.102 0.113 0.136 0.176 0.241 0.331 0.396 0.427 0.432 0.428 0.413 0.388 0.357 0.331 0.310 0.296 0.290 0.300 0.333 0.378 0.407 0.417 0.415 0.399 0.372 0.347 0.331 0.322 0.316 0.308 0.292 0.260 0.217 0.180 0.154 0.138 0.132 0.131 0.136 0.156 0.208 0.305 0.429 0.512 0.547 0.552 0.539 0.504 0.440 0.358 0.287 0.241 0.216 0.208 0.207 0.210 0.222 0.253 0.325 0.476 0.739 1.044 1.266 1.392 1.444 1.457 1.449 1.417 1.348 1.224 1.040 0.841 0.677 0.542 0.441 0.376 0.334
0.111 0.123 0.144 0.179 0.237 0.321 0.388 0.422 0.431 0.429 0.417 0.393 0.365 0.345 0.336 0.334 0.345 0.379 0.437 0.482 0.500 0.498 0.483 0.452 0.412 0.383 0.364 0.353 0.344 0.334 0.313 0.276 0.226 0.188 0.162 0.145 0.137 0.136 0.141 0.161 0.212 0.300 0.385 0.429 0.442 0.440 0.419 0.372 0.304 0.239 0.197 0.172 0.160 0.155 0.155 0.157 0.166 0.189 0.239 0.340 0.520 0.793 1.048 1.211 1.297 1.339 1.355 1.348 1.307 1.208 1.043 0.876 0.761 0.675 0.603 0.544 0.493
