RESULTS/r.avaflow_results/14b_results/14b_ascii/14b_hflow0007.asc
ncols 506
nrows 317
xllcenter 498237.50
yllcenter 5580050.00
cellsize 12.50
NODATA_value -9999.000
[rows 204 to 237 of 317, columns 0 to 75 of 506]
0.000 0.000 0.000 0.000 0.000 0.000 0.000 0.000 0.000 0.000 0.000 0.000 0.000 0.000 0.000 0.000 0.000 0.000 0.000 0.000 0.000 0.000 0.000 0.000 0.000 0.000 0.000 0.000 0.000 0.000 0.000 0.000 0.000 0.000 0.000 0.000 0.000 0.000 0.000 0.000 0.000 0.000 0.000 0.000 0.000 0.000 0.001 0.003 0.012 0.049 0.142 0.322 0.584 0.887 1.196 1.490 1.745 1.942 2.075 2.143 2.159 2.146 2.096 2.001 1.868 1.711 1.548 1.402 1.267 1.134 0.999 0.859 0.721 0.599 0.500 0.415
0.000 0.000 0.000 0.000 0.000 0.000 0.000 0.000 0.000 0.000 0.000 0.000 0.000 0.000 0.000 0.000 0.000 0.000 0.000 0.000 0.000 0.000 0.000 0.000 0.000 0.000 0.000 0.000 0.000 0.000 0.000 0.000 0.000 0.000 0.000 0.000 0.000 0.000 0.000 0.000 0.000 0.000 0.000 0.000 0.000 0.000 0.000 0.001 0.002 0.009 0.035 0.102 0.234 0.447 0.734 1.072 1.417 1.713 1.916 2.019 2.047 2.038 2.005 1.944 1.848 1.723 1.593 1.472 1.354 1.231 1.097 0.948 0.783 0.629 0.504 0.405
0.000 0.000 0.000 0.000 0.000 0.000 0.000 0.000 0.000 0.000 0.000 0.000 0.000 0.000 0.000 0.000 0.000 0.000 0.000 0.000 0.000 0.000 0.000 0.000 0.000 0.000 0.000 0.000 0.000 0.000 0.000 0.000 0.000 0.000 0.000 0.000 0.000 0.000 0.000 0.000 0.000 0.000 0.000 0.000 0.000 0.000 0.000 0.000 0.001 0.002 0.008 0.023 0.061 0.134 0.263 0.471 0.790 1.187 1.509 1.674 1.725 1.736 1.744 1.754 1.740 1.694 1.623 1.541 1.447 1.339 1.214 1.063 0.881 0.688 0.528 0.407
0.000 0.000 0.000 0.000 0.000 0.000 0.000 0.000 0.000 0.000 0.000 0.000 0.000 0.000 0.000 0.000 0.000 0.000 0.000 0.000 0.000 0.000 0.000 0.000 0.000 0.000 0.000 0.000 0.000 0.000 0.000 0.000 0.000 0.000 0.000 0.000 0.000 0.000 0.000 0.000 0.000 0.000 0.000 0.000 0.000 0.000 0.000 0.000 0.001 0.002 0.004 0.008 0.017 0.037 0.075 0.154 0.320 0.620 0.976 1.208 1.316 1.388 1.467 1.557 1.626 1.659 1.650 1.614 1.552 1.466 1.353 1.208 1.024 0.806 0.602 0.442
0.000 0.000 0.000 0.000 0.000 0.000 0.000 0.000 0.000 0.000 0.000 0.000 0.000 0.000 0.000 0.000 0.000 0.000 0.000 0.000 0.000 0.000 0.000 0.000 0.000 0.000 0.000 0.000 0.000 0.000 0.000 0.000 0.000 0.000 0.000 0.000 0.000 0.000 0.000 0.000 0.000 0.000 0.000 0.000 0.000 0.000 0.000 0.001 0.002 0.003 0.004 0.007 0.011 0.018 0.031 0.061 0.135 0.312 0.617 0.898 1.073 1.209 1.347 1.484 1.595 1.664 1.693 1.693 1.668 1.611 1.518 1.387 1.214 0.995 0.753 0.543
0.000 0.000 0.000 0.000 0.000 0.000 0.000 0.000 0.000 0.000 0.000 0.000 0.000 0.000 0.000 0.000 0.000 0.000 0.000 0.000 0.000 0.000 0.000 0.000 0.000 0.000 0.000 0.000 0.000 0.000 0.000 0.000 0.000 0.000 0.000 0.000 0.000 0.000 0.000 0.000 0.000 0.000 0.000 0.000 0.000 0.001 0.001 0.002 0.003 0.004 0.006 0.008 0.011 0.017 0.026 0.044 0.087 0.202 0.435 0.739 0.977 1.166 1.340 1.498 1.627 1.721 1.777 1.801 1.801 1.776 1.714 1.607 1.452 1.247 0.992 0.735
0.000 0.000 0.000 0.000 0.000 0.000 0.000 0.000 0.000 0.000 0.000 0.000 0.000 0.000 0.000 0.000 0.000 0.000 0.000 0.000 0.000 0.000 0.000 0.000 0.000 0.000 0.000 0.000 0.000 0.000 0.000 0.000 0.000 0.000 0.000 0.000 0.000 0.000 0.000 0.000 0.000 0.000 0.000 0.001 0.001 0.002 0.003 0.004 0.005 0.007 0.009 0.012 0.015 0.020 0.028 0.045 0.082 0.175 0.369 0.666 0.957 1.189 1.396 1.581 1.733 1.849 1.923 1.961 1.974 1.971 1.941 1.867 1.741 1.557 1.313 1.031
0.000 0.000 0.000 0.000 0.000 0.000 0.000 0.000 0.000 0.000 0.000 0.000 0.000 0.000 0.000 0.000 0.000 0.000 0.000 0.000 0.000 0.000 0.000 0.000 0.000 0.000 0.000 0.000 0.000 0.000 0.000 0.000 0.000 0.000 0.000 0.000 0.000 0.000 0.000 0.000 0.000 0.001 0.001 0.002 0.003 0.005 0.006 0.007 0.009 0.011 0.015 0.019 0.023 0.029 0.038 0.054 0.089 0.176 0.356 0.642 0.975 1.267 1.522 1.740 1.917 2.051 2.141 2.192 2.214 2.218 2.210 2.170 2.078 1.922 1.703 1.427
0.000 0.000 0.000 0.000 0.000 0.000 0.000 0.000 0.000 0.000 0.000 0.000 0.000 0.000 0.000 0.000 0.000 0.000 0.000 0.000 0.000 0.000 0.000 0.000 0.000 0.000 0.000 0.000 0.000 0.000 0.000 0.000 0.000 0.000 0.000 0.000 0.000 0.000 0.000 0.000 0.001 0.002 0.003 0.005 0.007 0.009 0.010 0.012 0.015 0.018 0.023 0.030 0.038 0.047 0.058 0.076 0.112 0.197 0.370 0.651 1.022 1.393 1.708 1.970 2.179 2.333 2.439 2.505 2.536 2.545 2.545 2.527 2.463 2.341 2.157 1.909
0.000 0.000 0.000 0.000 0.000 0.000 0.000 0.000 0.000 0.000 0.000 0.000 0.000 0.000 0.000 0.000 0.000 0.000 0.000 0.000 0.000 0.000 0.000 0.000 0.000 0.000 0.000 0.000 0.000 0.000 0.000 0.000 0.000 0.000 0.000 0.000 0.000 0.000 0.000 0.001 0.002 0.004 0.007 0.009 0.012 0.015 0.018 0.021 0.025 0.030 0.038 0.048 0.061 0.075 0.092 0.115 0.158 0.249 0.426 0.714 1.114 1.562 1.950 2.267 2.514 2.697 2.825 2.905 2.949 2.962 2.961 2.949 2.907 2.818 2.671 2.458
0.000 0.000 0.000 0.000 0.000 0.000 0.000 0.000 0.000 0.000 0.000 0.000 0.000 0.000 0.000 0.000 0.000 0.000 0.000 0.000 0.000 0.000 0.000 0.000 0.000 0.000 0.000 0.000 0.000 0.000 0.000 0.000 0.000 0.000 0.000 0.000 0.000 0.000 0.001 0.002 0.005 0.008 0.011 0.015 0.020 0.024 0.029 0.034 0.041 0.049 0.061 0.076 0.095 0.117 0.143 0.176 0.232 0.341 0.537 0.846 1.271 1.775 2.243 2.628 2.927 3.147 3.300 3.398 3.451 3.468 3.466 3.450 3.419 3.353 3.242 3.068
0.000 0.000 0.000 0.000 0.000 0.000 0.000 0.000 0.000 0.000 0.000 0.000 0.000 0.000 0.000 0.000 0.000 0.000 0.000 0.000 0.000 0.000 0.000 0.000 0.000 0.000 0.000 0.000 0.000 0.000 0.000 0.000 0.000 0.000 0.000 0.000 0.000 0.001 0.003 0.005 0.009 0.013 0.018 0.024 0.031 0.038 0.046 0.056 0.066 0.080 0.097 0.119 0.147 0.180 0.218 0.266 0.342 0.477 0.706 1.048 1.497 2.039 2.581 3.039 3.404 3.677 3.865 3.985 4.047 4.061 4.055 4.033 4.001 3.954 3.872 3.734
0.000 0.000 0.000 0.000 0.000 0.000 0.000 0.000 0.000 0.000 0.000 0.000 0.000 0.000 0.000 0.000 0.000 0.000 0.000 0.000 0.000 0.000 0.000 0.000 0.000 0.000 0.000 0.000 0.000 0.000 0.000 0.000 0.000 0.000 0.000 0.000 0.001 0.002 0.005 0.009 0.013 0.019 0.027 0.035 0.045 0.057 0.070 0.085 0.104 0.125 0.151 0.183 0.223 0.271 0.328 0.399 0.498 0.663 0.929 1.310 1.789 2.363 2.969 3.494 3.924 4.256 4.495 4.648 4.721 4.738 4.731 4.703 4.669 4.630 4.568 4.457
0.000 0.000 0.000 0.000 0.000 0.000 0.000 0.000 0.000 0.000 0.000 0.000 0.000 0.000 0.000 0.000 0.000 0.000 0.000 0.000 0.000 0.000 0.000 0.000 0.000 0.000 0.000 0.000 0.000 0.000 0.000 0.000 0.000 0.000 0.000 0.001 0.002 0.005 0.009 0.013 0.020 0.028 0.037 0.049 0.063 0.080 0.100 0.124 0.152 0.185 0.224 0.272 0.329 0.398 0.481 0.582 0.714 0.910 1.208 1.623 2.139 2.749 3.409 3.990 4.475 4.865 5.153 5.342 5.438 5.461 5.456 5.433 5.401 5.369 5.305 5.182
0.000 0.000 0.000 0.000 0.000 0.000 0.000 0.000 0.000 0.000 0.000 0.000 0.000 0.000 0.000 0.000 0.000 0.000 0.000 0.000 0.000 0.000 0.000 0.000 0.000 0.000 0.000 0.000 0.000 0.000 0.000 0.000 0.000 0.000 0.001 0.002 0.004 0.008 0.013 0.019 0.028 0.038 0.051 0.067 0.086 0.110 0.138 0.172 0.213 0.260 0.316 0.383 0.463 0.560 0.676 0.817 0.994 1.228 1.554 1.994 2.544 3.193 3.895 4.524 5.057 5.483 5.794 5.997 6.109 6.143 6.143 6.125 6.096 6.052 5.970 5.824
0.000 0.000 0.000 0.000 0.000 0.000 0.000 0.000 0.000 0.000 0.000 0.000 0.000 0.000 0.000 0.000 0.000 0.000 0.000 0.000 0.000 0.000 0.000 0.000 0.000 0.000 0.000 0.000 0.000 0.000 0.000 0.000 0.000 0.000 0.002 0.004 0.007 0.012 0.019 0.027 0.037 0.051 0.068 0.088 0.114 0.146 0.184 0.230 0.285 0.350 0.426 0.517 0.625 0.754 0.910 1.098 1.328 1.613 1.976 2.438 3.009 3.691 4.430 5.086 5.647 6.095 6.419 6.633 6.748 6.787 6.786 6.772 6.740 6.682 6.571 6.388
0.000 0.000 0.000 0.000 0.000 0.000 0.000 0.000 0.000 0.000 0.000 0.000 0.000 0.000 0.000 0.000 0.000 0.000 0.000 0.000 0.000 0.000 0.000 0.000 0.000 0.000 0.000 0.000 0.000 0.000 0.000 0.000 0.000 0.001 0.003 0.006 0.011 0.017 0.025 0.036 0.049 0.066 0.087 0.114 0.147 0.188 0.238 0.298 0.370 0.455 0.555 0.673 0.813 0.978 1.177 1.415 1.699 2.040 2.448 2.943 3.543 4.250 5.007 5.669 6.222 6.666 7.001 7.225 7.343 7.389 7.390 7.373 7.326 7.248 7.095 6.864
0.000 0.000 0.000 0.000 0.000 0.000 0.000 0.000 0.000 0.000 0.000 0.000 0.000 0.000 0.000 0.000 0.000 0.000 0.000 0.000 0.000 0.000 0.000 0.000 0.000 0.000 0.000 0.000 0.000 0.000 0.000 0.000 0.001 0.002 0.005 0.009 0.015 0.023 0.033 0.046 0.062 0.083 0.110 0.143 0.184 0.235 0.296 0.370 0.460 0.568 0.694 0.841 1.013 1.213 1.447 1.726 2.056 2.445 2.908 3.457 4.100 4.841 5.601 6.248 6.772 7.191 7.528 7.764 7.895 7.939 7.944 7.922 7.860 7.752 7.542 7.252
0.000 0.000 0.000 0.000 0.000 0.000 0.000 0.000 0.000 0.000 0.000 0.000 0.000 0.000 0.000 0.000 0.000 0.000 0.000 0.000 0.000 0.000 0.000 0.000 0.000 0.000 0.000 0.000 0.000 0.000 0.000 0.000 0.001 0.003 0.007 0.012 0.019 0.029 0.041 0.057 0.077 0.102 0.134 0.172 0.219 0.277 0.348 0.435 0.540 0.668 0.818 0.992 1.193 1.424 1.693 2.008 2.379 2.814 3.326 3.928 4.615 5.396 6.159 6.797 7.301 7.691 8.002 8.219 8.363 8.420 8.435 8.406 8.328 8.183 7.930 7.575
0.000 0.000 0.000 0.000 0.000 0.000 0.000 0.000 0.000 0.000 0.000 0.000 0.000 0.000 0.000 0.000 0.000 0.000 0.000 0.000 0.000 0.000 0.000 0.000 0.000 0.000 0.000 0.000 0.000 0.000 0.000 0.000 0.001 0.004 0.009 0.016 0.024 0.036 0.051 0.069 0.092 0.121 0.155 0.198 0.250 0.314 0.394 0.491 0.611 0.756 0.927 1.125 1.352 1.611 1.912 2.262 2.671 3.152 3.713 4.365 5.104 5.920 6.675 7.303 7.791 8.166 8.460 8.673 8.812 8.850 8.855 8.822 8.729 8.547 8.240 7.813
0.000 0.000 0.000 0.000 0.000 0.000 0.000 0.000 0.000 0.000 0.000 0.000 0.000 0.000 0.000 0.000 0.000 0.000 0.000 0.000 0.000 0.000 0.000 0.000 0.000 0.000 0.000 0.000 0.000 0.000 0.000 0.000 0.002 0.005 0.011 0.019 0.029 0.042 0.059 0.080 0.106 0.137 0.175 0.222 0.279 0.348 0.434 0.541 0.673 0.832 1.021 1.240 1.491 1.779 2.113 2.499 2.946 3.466 4.072 4.771 5.559 6.393 7.134 7.754 8.238 8.613 8.881 9.066 9.189 9.229 9.229 9.179 9.061 8.835 8.475 7.998
0.000 0.000 0.000 0.000 0.000 0.000 0.000 0.000 0.000 0.000 0.000 0.000 0.000 0.000 0.000 0.000 0.000 0.000 0.000 0.000 0.000 0.000 0.000 0.000 0.000 0.000 0.000 0.000 0.000 0.000 0.000 0.000 0.002 0.006 0.012 0.021 0.033 0.048 0.066 0.090 0.118 0.152 0.193 0.244 0.305 0.380 0.471 0.584 0.725 0.897 1.102 1.340 1.614 1.929 2.296 2.719 3.204 3.761 4.409 5.156 5.997 6.828 7.551 8.168 8.652 9.007 9.260 9.434 9.533 9.553 9.534 9.482 9.336 9.060 8.641 8.117
0.000 0.000 0.000 0.000 0.000 0.000 0.000 0.000 0.000 0.000 0.000 0.000 0.000 0.000 0.000 0.000 0.000 0.000 0.000 0.000 0.000 0.000 0.000 0.000 0.000 0.000 0.000 0.000 0.000 0.000 0.000 0.000 0.002 0.007 0.013 0.023 0.036 0.052 0.073 0.098 0.128 0.165 0.210 0.265 0.330 0.409 0.505 0.623 0.769 0.951 1.169 1.424 1.721 2.063 2.460 2.916 3.440 4.036 4.720 5.511 6.400 7.211 7.911 8.522 9.006 9.350 9.596 9.756 9.827 9.844 9.814 9.740 9.543 9.214 8.757 8.191
0.000 0.000 0.000 0.000 0.000 0.000 0.000 0.000 0.000 0.000 0.000 0.000 0.000 0.000 0.000 0.000 0.000 0.000 0.000 0.000 0.000 0.000 0.000 0.000 0.000 0.000 0.000 0.000 0.000 0.000 0.000 0.000 0.002 0.007 0.015 0.025 0.039 0.056 0.078 0.104 0.136 0.176 0.224 0.283 0.353 0.436 0.537 0.659 0.811 0.999 1.228 1.499 1.817 2.186 2.612 3.100 3.656 4.291 5.013 5.850 6.755 7.541 8.232 8.822 9.285 9.635 9.877 10.023 10.068 10.077 10.043 9.943 9.707 9.337 8.837 8.256
0.000 0.000 0.000 0.000 0.000 0.000 0.000 0.000 0.000 0.000 0.000 0.000 0.000 0.000 0.000 0.000 0.000 0.000 0.000 0.000 0.000 0.000 0.000 0.000 0.000 0.000 0.000 0.000 0.000 0.000 0.000 0.001 0.003 0.007 0.015 0.026 0.041 0.059 0.082 0.109 0.143 0.185 0.236 0.297 0.371 0.460 0.566 0.694 0.851 1.044 1.280 1.565 1.902 2.297 2.751 3.268 3.856 4.524 5.286 6.159 7.058 7.840 8.511 9.068 9.510 9.851 10.097 10.227 10.275 10.278 10.221 10.092 9.835 9.445 8.914 8.370
0.000 0.000 0.000 0.000 0.000 0.000 0.000 0.000 0.000 0.000 0.000 0.000 0.000 0.000 0.000 0.000 0.000 0.000 0.000 0.000 0.000 0.000 0.000 0.000 0.000 0.000 0.000 0.000 0.000 0.000 0.000 0.001 0.003 0.008 0.016 0.027 0.042 0.061 0.085 0.113 0.148 0.192 0.245 0.309 0.387 0.480 0.591 0.725 0.887 1.085 1.327 1.622 1.976 2.392 2.869 3.414 4.032 4.734 5.536 6.441 7.326 8.099 8.724 9.263 9.684 10.011 10.261 10.397 10.446 10.439 10.388 10.244 9.974 9.571 9.026 8.557
0.000 0.000 0.000 0.000 0.000 0.000 0.000 0.000 0.000 0.000 0.000 0.000 0.000 0.000 0.000 0.000 0.000 0.000 0.000 0.000 0.000 0.000 0.000 0.000 0.000 0.000 0.000 0.000 0.000 0.000 0.000 0.001 0.003 0.008 0.016 0.028 0.044 0.063 0.087 0.116 0.152 0.197 0.252 0.318 0.398 0.495 0.610 0.750 0.917 1.121 1.370 1.672 2.036 2.465 2.961 3.528 4.175 4.914 5.752 6.686 7.557 8.309 8.890 9.403 9.814 10.122 10.359 10.490 10.536 10.539 10.498 10.363 10.102 9.688 9.200 8.874
0.000 0.000 0.000 0.000 0.000 0.000 0.000 0.000 0.000 0.000 0.000 0.000 0.000 0.000 0.000 0.000 0.000 0.000 0.000 0.000 0.000 0.000 0.000 0.000 0.000 0.000 0.000 0.000 0.000 0.000 0.000 0.001 0.003 0.008 0.017 0.029 0.045 0.064 0.089 0.119 0.155 0.201 0.257 0.325 0.407 0.506 0.625 0.769 0.941 1.150 1.404 1.712 2.080 2.516 3.025 3.613 4.287 5.059 5.933 6.882 7.736 8.463 9.038 9.506 9.895 10.191 10.420 10.549 10.602 10.613 10.581 10.464 10.233 9.836 9.481 9.378
0.000 0.000 0.000 0.000 0.000 0.000 0.000 0.000 0.000 0.000 0.000 0.000 0.000 0.000 0.000 0.000 0.000 0.000 0.000 0.000 0.000 0.000 0.000 0.000 0.000 0.000 0.000 0.000 0.000 0.000 0.000 0.001 0.003 0.008 0.017 0.029 0.045 0.065 0.090 0.120 0.158 0.204 0.260 0.329 0.412 0.513 0.635 0.782 0.958 1.171 1.428 1.738 2.107 2.547 3.067 3.673 4.374 5.175 6.082 7.030 7.864 8.569 9.135 9.585 9.949 10.232 10.429 10.581 10.644 10.649 10.621 10.532 10.354 10.053 9.838 10.138
0.000 0.000 0.000 0.000 0.000 0.000 0.000 0.000 0.000 0.000 0.000 0.000 0.000 0.000 0.000 0.000 0.000 0.000 0.000 0.000 0.000 0.000 0.000 0.000 0.000 0.000 0.000 0.000 0.000 0.000 0.000 0.001 0.004 0.009 0.017 0.029 0.045 0.066 0.091 0.121 0.159 0.205 0.262 0.331 0.415 0.517 0.641 0.790 0.969 1.183 1.442 1.752 2.122 2.566 3.094 3.714 4.435 5.263 6.196 7.129 7.944 8.627 9.179 9.618 9.973 10.241 10.439 10.574 10.629 10.645 10.628 10.547 10.403 10.270 10.256 11.366
0.000 0.000 0.000 0.000 0.000 0.000 0.000 0.000 0.000 0.000 0.000 0.000 0.000 0.000 0.000 0.000 0.000 0.000 0.000 0.000 0.000 0.000 0.000 0.000 0.000 0.000 0.000 0.000 0.000 0.000 0.000 0.001 0.004 0.009 0.017 0.029 0.045 0.066 0.091 0.122 0.160 0.207 0.263 0.332 0.417 0.520 0.644 0.794 0.974 1.191 1.450 1.760 2.131 2.576 3.108 3.734 4.470 5.322 6.275 7.189 7.980 8.643 9.190 9.631 9.979 10.248 10.443 10.553 10.621 10.628 10.599 10.519 10.424 10.451 11.161 13.694
0.000 0.000 0.000 0.000 0.000 0.000 0.000 0.000 0.000 0.000 0.000 0.000 0.000 0.000 0.000 0.000 0.000 0.000 0.000 0.000 0.000 0.000 0.000 0.000 0.000 0.000 0.000 0.000 0.000 0.000 0.000 0.001 0.004 0.009 0.017 0.029 0.046 0.066 0.091 0.122 0.161 0.207 0.264 0.333 0.418 0.521 0.645 0.795 0.977 1.194 1.455 1.765 2.136 2.582 3.117 3.745 4.489 5.353 6.318 7.216 7.987 8.637 9.176 9.622 9.971 10.238 10.425 10.538 10.587 10.594 10.554 10.451 10.362 10.738 13.103 15.835
0.000 0.000 0.000 0.000 0.000 0.000 0.000 0.000 0.000 0.000 0.000 0.000 0.000 0.000 0.000 0.000 0.000 0.000 0.000 0.000 0.000 0.000 0.000 0.000 0.000 0.000 0.000 0.000 0.000 0.000 0.000 0.001 0.004 0.009 0.017 0.029 0.046 0.066 0.091 0.122 0.161 0.207 0.264 0.333 0.417 0.521 0.645 0.796 0.977 1.195 1.457 1.768 2.139 2.585 3.119 3.754 4.502 5.375 6.341 7.217 7.971 8.607 9.148 9.596 9.932 10.182 10.360 10.458 10.488 10.474 10.419 10.346 10.334 11.459 14.767 16.454
0.000 0.000 0.000 0.000 0.000 0.000 0.000 0.000 0.000 0.000 0.000 0.000 0.000 0.000 0.000 0.000 0.000 0.000 0.000 0.000 0.000 0.000 0.000 0.000 0.000 0.000 0.000 0.000 0.000 0.000 0.000 0.001 0.004 0.009 0.017 0.029 0.046 0.066 0.091 0.122 0.160 0.207 0.264 0.333 0.417 0.520 0.645 0.795 0.976 1.194 1.456 1.767 2.139 2.584 3.120 3.758 4.513 5.394 6.342 7.191 7.932 8.553 9.081 9.510 9.834 10.074 10.241 10.309 10.340 10.320 10.259 10.251 10.910 13.488 15.960 16.440
