RESULTS/r.avaflow_results/14b_results/14b_ascii/14b_hflow30029.asc
ncols 506
nrows 317
xllcenter 498237.50
yllcenter 5580050.00
cellsize 12.50
NODATA_value -9999.000
[rows 170 to 203 of 317, columns 231 to 307 of 506]
1.868 1.729 1.574 1.474 1.442 1.464 1.573 1.805 2.158 2.454 2.598 2.633 2.618 2.518 2.260 1.799 1.155 0.588 0.246 0.087 0.034 0.018 0.012 0.010 0.008 0.006 0.005 0.004 0.003 0.002 0.001 0.001 0.001 0.000 0.000 0.000 0.000 0.000 0.000 0.000 0.000 0.000 0.000 0.000 0.000 0.000 0.000 0.000 0.000 0.000 0.000 0.000 0.000 0.000 0.000 0.000 0.000 0.000 0.000 0.000 0.000 0.000 0.000 0.000 0.000 0.000 0.000 0.000 0.000 0.000 0.000 0.000 0.000 0.000 0.000 0.000 0.000
2.020 1.834 1.687 1.615 1.601 1.639 1.805 2.179 2.792 3.350 3.615 3.653 3.575 3.373 3.017 2.486 1.779 1.016 0.458 0.161 0.054 0.025 0.015 0.011 0.009 0.007 0.006 0.005 0.004 0.003 0.002 0.001 0.001 0.001 0.000 0.000 0.000 0.000 0.000 0.000 0.000 0.000 0.000 0.000 0.000 0.000 0.000 0.000 0.000 0.000 0.000 0.000 0.000 0.000 0.000 0.000 0.000 0.000 0.000 0.000 0.000 0.000 0.000 0.000 0.000 0.000 0.000 0.000 0.000 0.000 0.000 0.000 0.000 0.000 0.000 0.000 0.000
2.072 1.895 1.779 1.734 1.733 1.778 1.957 2.390 3.132 3.824 4.148 4.190 4.080 3.824 3.434 2.902 2.212 1.382 0.685 0.264 0.086 0.034 0.019 0.013 0.010 0.008 0.007 0.006 0.004 0.003 0.003 0.002 0.001 0.001 0.001 0.000 0.000 0.000 0.000 0.000 0.000 0.000 0.000 0.000 0.000 0.000 0.000 0.000 0.000 0.000 0.000 0.000 0.000 0.000 0.000 0.000 0.000 0.000 0.000 0.000 0.000 0.000 0.000 0.000 0.000 0.000 0.000 0.000 0.000 0.000 0.000 0.000 0.000 0.000 0.000 0.000 0.000
2.098 1.966 1.881 1.854 1.859 1.909 2.094 2.533 3.282 3.981 4.327 4.386 4.279 4.013 3.624 3.118 2.469 1.655 0.889 0.381 0.132 0.049 0.024 0.016 0.012 0.010 0.008 0.007 0.005 0.004 0.003 0.003 0.002 0.001 0.001 0.001 0.000 0.000 0.000 0.000 0.000 0.000 0.000 0.000 0.000 0.000 0.000 0.000 0.000 0.000 0.000 0.000 0.000 0.000 0.000 0.000 0.000 0.000 0.000 0.000 0.000 0.000 0.000 0.000 0.000 0.000 0.000 0.000 0.000 0.000 0.000 0.000 0.000 0.000 0.000 0.000 0.001
2.112 2.046 1.996 1.975 1.980 2.038 2.235 2.667 3.358 3.995 4.337 4.405 4.307 4.048 3.669 3.194 2.613 1.889 1.101 0.521 0.198 0.071 0.032 0.019 0.014 0.011 0.009 0.008 0.006 0.005 0.004 0.003 0.003 0.002 0.002 0.001 0.001 0.000 0.000 0.000 0.000 0.000 0.000 0.000 0.000 0.000 0.000 0.000 0.000 0.000 0.000 0.000 0.000 0.000 0.000 0.000 0.000 0.000 0.000 0.000 0.000 0.000 0.000 0.000 0.000 0.000 0.000 0.000 0.000 0.000 0.000 0.000 0.000 0.000 0.001 0.001 0.002
2.090 2.092 2.083 2.077 2.096 2.180 2.397 2.817 3.427 3.943 4.230 4.297 4.220 3.987 3.634 3.199 2.703 2.122 1.391 0.718 0.301 0.112 0.046 0.025 0.017 0.013 0.011 0.009 0.008 0.006 0.005 0.004 0.003 0.003 0.002 0.002 0.001 0.001 0.001 0.000 0.000 0.000 0.000 0.000 0.000 0.000 0.000 0.000 0.000 0.000 0.000 0.000 0.000 0.000 0.000 0.000 0.000 0.000 0.000 0.000 0.000 0.000 0.000 0.000 0.000 0.000 0.000 0.000 0.000 0.000 0.000 0.000 0.001 0.001 0.002 0.003 0.005
2.062 2.103 2.135 2.168 2.231 2.365 2.615 3.015 3.481 3.800 3.954 3.986 3.930 3.758 3.481 3.134 2.747 2.317 1.740 1.014 0.471 0.190 0.076 0.036 0.022 0.016 0.012 0.010 0.009 0.008 0.006 0.005 0.004 0.004 0.003 0.002 0.002 0.001 0.001 0.001 0.000 0.000 0.000 0.000 0.000 0.000 0.000 0.000 0.000 0.000 0.000 0.000 0.000 0.000 0.000 0.000 0.000 0.000 0.000 0.000 0.000 0.000 0.000 0.000 0.000 0.000 0.000 0.000 0.000 0.000 0.000 0.001 0.002 0.003 0.004 0.006 0.008
2.049 2.102 2.169 2.264 2.403 2.609 2.886 3.195 3.445 3.555 3.559 3.512 3.440 3.337 3.179 2.966 2.708 2.401 1.976 1.340 0.717 0.331 0.141 0.062 0.032 0.020 0.015 0.012 0.010 0.009 0.007 0.006 0.005 0.004 0.004 0.003 0.002 0.002 0.002 0.001 0.001 0.001 0.000 0.000 0.000 0.000 0.000 0.000 0.000 0.000 0.000 0.000 0.000 0.000 0.000 0.000 0.000 0.000 0.000 0.000 0.000 0.000 0.000 0.000 0.000 0.000 0.000 0.000 0.000 0.001 0.001 0.002 0.004 0.006 0.008 0.010 0.013
2.048 2.111 2.211 2.365 2.575 2.820 3.066 3.265 3.360 3.355 3.280 3.163 3.057 2.956 2.844 2.717 2.574 2.373 2.062 1.593 1.016 0.548 0.262 0.117 0.055 0.030 0.019 0.015 0.012 0.010 0.009 0.007 0.006 0.005 0.005 0.004 0.003 0.003 0.002 0.002 0.002 0.001 0.001 0.001 0.000 0.000 0.000 0.000 0.000 0.000 0.000 0.000 0.000 0.000 0.000 0.000 0.000 0.000 0.000 0.000 0.000 0.000 0.000 0.000 0.000 0.000 0.000 0.000 0.001 0.002 0.003 0.005 0.007 0.009 0.012 0.016 0.020
2.067 2.149 2.280 2.461 2.693 2.934 3.123 3.240 3.266 3.224 3.112 2.965 2.849 2.743 2.637 2.527 2.412 2.277 2.074 1.759 1.323 0.838 0.453 0.221 0.102 0.049 0.028 0.019 0.015 0.012 0.010 0.009 0.008 0.007 0.006 0.005 0.004 0.004 0.003 0.003 0.002 0.002 0.002 0.001 0.001 0.001 0.000 0.000 0.000 0.000 0.000 0.000 0.000 0.000 0.000 0.000 0.000 0.000 0.000 0.000 0.001 0.001 0.001 0.001 0.001 0.001 0.001 0.002 0.003 0.004 0.006 0.008 0.011 0.014 0.019 0.026 0.037
2.128 2.224 2.368 2.543 2.754 2.959 3.102 3.171 3.178 3.128 3.008 2.854 2.729 2.621 2.522 2.425 2.329 2.227 2.092 1.887 1.589 1.170 0.716 0.390 0.194 0.091 0.045 0.027 0.019 0.015 0.012 0.010 0.009 0.008 0.007 0.006 0.005 0.005 0.004 0.004 0.003 0.003 0.002 0.002 0.002 0.001 0.001 0.001 0.000 0.000 0.000 0.000 0.000 0.000 0.000 0.000 0.000 0.000 0.001 0.001 0.002 0.002 0.002 0.002 0.002 0.003 0.003 0.004 0.005 0.007 0.009 0.012 0.016 0.023 0.034 0.052 0.079
2.232 2.329 2.462 2.620 2.794 2.945 3.046 3.099 3.110 3.067 2.950 2.789 2.656 2.545 2.453 2.376 2.308 2.235 2.146 2.016 1.803 1.475 1.033 0.630 0.347 0.173 0.083 0.044 0.028 0.020 0.015 0.012 0.011 0.009 0.008 0.007 0.007 0.006 0.005 0.005 0.004 0.004 0.003 0.003 0.003 0.002 0.002 0.002 0.001 0.001 0.001 0.001 0.001 0.001 0.001 0.001 0.001 0.002 0.002 0.003 0.004 0.004 0.004 0.005 0.005 0.005 0.006 0.007 0.009 0.011 0.014 0.018 0.027 0.042 0.073 0.126 0.200
2.360 2.452 2.569 2.702 2.832 2.939 3.014 3.057 3.066 3.029 2.920 2.761 2.625 2.510 2.419 2.359 2.319 2.283 2.239 2.159 1.998 1.730 1.358 0.938 0.578 0.322 0.165 0.084 0.047 0.030 0.021 0.016 0.013 0.011 0.010 0.009 0.008 0.008 0.007 0.006 0.006 0.005 0.005 0.004 0.004 0.003 0.003 0.003 0.003 0.002 0.002 0.002 0.002 0.002 0.002 0.003 0.003 0.004 0.005 0.006 0.006 0.007 0.007 0.008 0.008 0.009 0.010 0.011 0.013 0.016 0.021 0.030 0.049 0.094 0.192 0.351 0.522
2.491 2.604 2.716 2.811 2.887 2.955 3.012 3.043 3.044 3.009 2.910 2.761 2.625 2.509 2.417 2.366 2.356 2.359 2.347 2.290 2.167 1.963 1.677 1.309 0.913 0.580 0.337 0.182 0.098 0.055 0.033 0.022 0.016 0.014 0.012 0.011 0.010 0.009 0.009 0.008 0.007 0.007 0.006 0.006 0.005 0.005 0.005 0.004 0.004 0.004 0.004 0.004 0.004 0.004 0.005 0.005 0.006 0.007 0.008 0.009 0.010 0.011 0.011 0.012 0.012 0.013 0.014 0.016 0.019 0.024 0.034 0.055 0.108 0.238 0.510 0.915 1.249
2.626 2.784 2.909 2.973 2.997 3.020 3.045 3.055 3.047 3.013 2.934 2.815 2.690 2.578 2.485 2.431 2.422 2.432 2.427 2.385 2.300 2.170 1.986 1.724 1.371 0.995 0.661 0.396 0.217 0.113 0.060 0.034 0.023 0.018 0.015 0.014 0.012 0.012 0.011 0.010 0.009 0.009 0.008 0.007 0.007 0.007 0.007 0.006 0.006 0.006 0.006 0.007 0.007 0.007 0.008 0.009 0.010 0.011 0.013 0.014 0.015 0.016 0.017 0.017 0.018 0.019 0.021 0.024 0.030 0.040 0.063 0.117 0.246 0.545 1.111 1.844 2.362
2.739 2.914 3.058 3.143 3.170 3.166 3.153 3.136 3.117 3.090 3.046 2.977 2.889 2.798 2.702 2.601 2.535 2.507 2.492 2.465 2.418 2.350 2.248 2.093 1.870 1.559 1.181 0.779 0.440 0.224 0.111 0.058 0.035 0.025 0.020 0.017 0.016 0.015 0.014 0.013 0.012 0.011 0.010 0.010 0.009 0.009 0.009 0.009 0.009 0.009 0.009 0.010 0.011 0.011 0.012 0.014 0.015 0.017 0.019 0.022 0.023 0.025 0.025 0.026 0.027 0.029 0.033 0.040 0.053 0.078 0.130 0.247 0.495 0.954 1.664 2.487 3.058
2.821 2.989 3.131 3.232 3.290 3.316 3.327 3.321 3.312 3.303 3.290 3.271 3.240 3.185 3.074 2.880 2.693 2.593 2.561 2.552 2.540 2.513 2.467 2.399 2.300 2.130 1.826 1.344 0.779 0.396 0.194 0.100 0.058 0.038 0.028 0.023 0.021 0.019 0.018 0.017 0.015 0.014 0.013 0.012 0.012 0.012 0.012 0.012 0.012 0.012 0.013 0.014 0.015 0.017 0.019 0.021 0.024 0.027 0.030 0.035 0.038 0.040 0.042 0.043 0.045 0.051 0.061 0.080 0.113 0.170 0.275 0.470 0.792 1.252 1.898 2.680 3.239
2.874 3.025 3.152 3.250 3.326 3.390 3.474 3.578 3.631 3.649 3.657 3.649 3.609 3.530 3.382 3.131 2.863 2.704 2.652 2.654 2.666 2.672 2.684 2.696 2.680 2.602 2.375 1.906 1.197 0.628 0.316 0.166 0.095 0.060 0.043 0.034 0.029 0.027 0.025 0.024 0.022 0.019 0.017 0.016 0.015 0.015 0.015 0.015 0.016 0.017 0.018 0.020 0.023 0.026 0.030 0.035 0.041 0.047 0.054 0.063 0.071 0.076 0.080 0.085 0.092 0.108 0.139 0.190 0.267 0.374 0.529 0.749 1.020 1.367 1.905 2.602 3.091
2.893 3.030 3.147 3.243 3.331 3.430 3.588 3.809 3.930 3.954 3.939 3.893 3.815 3.701 3.529 3.285 3.024 2.848 2.778 2.771 2.790 2.847 2.947 3.023 3.046 3.003 2.790 2.311 1.566 0.894 0.482 0.264 0.153 0.096 0.067 0.052 0.045 0.042 0.040 0.038 0.035 0.029 0.024 0.021 0.020 0.020 0.019 0.020 0.021 0.023 0.026 0.031 0.037 0.045 0.055 0.066 0.080 0.097 0.118 0.139 0.156 0.171 0.184 0.200 0.227 0.274 0.354 0.471 0.601 0.731 0.855 0.976 1.115 1.348 1.749 2.194 2.458
2.877 3.004 3.115 3.219 3.329 3.475 3.716 3.977 4.101 4.115 4.068 3.976 3.870 3.745 3.569 3.364 3.169 3.013 2.931 2.914 2.943 3.087 3.300 3.409 3.428 3.356 3.093 2.571 1.817 1.149 0.689 0.404 0.242 0.155 0.110 0.089 0.080 0.078 0.078 0.076 0.068 0.053 0.039 0.031 0.028 0.027 0.026 0.027 0.029 0.034 0.043 0.057 0.076 0.097 0.120 0.146 0.181 0.232 0.295 0.347 0.386 0.420 0.456 0.506 0.587 0.703 0.854 1.014 1.122 1.165 1.129 1.086 1.103 1.198 1.341 1.423 1.392
2.796 2.925 3.048 3.175 3.326 3.548 3.847 4.072 4.161 4.160 4.094 3.981 3.867 3.739 3.561 3.394 3.271 3.171 3.109 3.103 3.192 3.472 3.774 3.875 3.843 3.666 3.293 2.683 1.947 1.355 0.921 0.603 0.387 0.260 0.195 0.168 0.162 0.170 0.183 0.184 0.168 0.127 0.080 0.056 0.045 0.040 0.039 0.040 0.045 0.058 0.087 0.134 0.186 0.235 0.286 0.344 0.424 0.554 0.705 0.814 0.889 0.946 1.007 1.105 1.262 1.435 1.552 1.596 1.557 1.452 1.280 1.111 0.992 0.893 0.808 0.729 0.636
2.601 2.758 2.920 3.092 3.300 3.590 3.904 4.098 4.162 4.151 4.079 3.964 3.846 3.713 3.534 3.399 3.331 3.301 3.305 3.370 3.578 3.945 4.195 4.248 4.171 3.904 3.406 2.691 2.001 1.492 1.112 0.822 0.602 0.450 0.368 0.340 0.348 0.410 0.472 0.484 0.450 0.343 0.203 0.122 0.086 0.071 0.067 0.068 0.082 0.123 0.212 0.352 0.477 0.573 0.657 0.746 0.881 1.107 1.317 1.424 1.465 1.489 1.529 1.624 1.792 1.926 1.962 1.912 1.775 1.570 1.322 1.051 0.791 0.585 0.451 0.359 0.288
2.231 2.449 2.675 2.915 3.194 3.552 3.882 4.071 4.119 4.098 4.026 3.924 3.811 3.673 3.499 3.394 3.364 3.383 3.463 3.617 3.889 4.226 4.399 4.427 4.340 4.032 3.448 2.658 2.012 1.549 1.207 0.955 0.780 0.676 0.632 0.630 0.702 0.885 1.031 1.064 1.004 0.804 0.501 0.289 0.186 0.142 0.131 0.134 0.173 0.295 0.538 0.844 1.077 1.221 1.311 1.383 1.476 1.618 1.728 1.764 1.742 1.721 1.734 1.806 1.957 2.062 2.072 1.995 1.823 1.583 1.285 0.920 0.602 0.387 0.263 0.193 0.150
1.625 1.930 2.238 2.562 2.922 3.351 3.724 3.942 4.006 3.993 3.942 3.865 3.768 3.631 3.470 3.386 3.378 3.427 3.553 3.749 4.020 4.290 4.427 4.448 4.364 4.043 3.396 2.564 1.959 1.534 1.215 0.989 0.854 0.798 0.798 0.863 1.044 1.324 1.506 1.548 1.481 1.255 0.884 0.572 0.386 0.297 0.269 0.282 0.390 0.693 1.199 1.654 1.928 2.036 2.052 2.005 1.929 1.898 1.885 1.849 1.784 1.736 1.728 1.771 1.887 1.978 1.991 1.929 1.764 1.506 1.151 0.744 0.440 0.259 0.165 0.118 0.095
0.912 1.194 1.540 1.942 2.396 2.904 3.350 3.659 3.810 3.849 3.834 3.789 3.714 3.589 3.441 3.378 3.382 3.446 3.579 3.773 3.995 4.171 4.251 4.250 4.136 3.772 3.072 2.258 1.709 1.356 1.109 0.939 0.844 0.816 0.841 0.960 1.203 1.498 1.672 1.715 1.656 1.441 1.085 0.779 0.599 0.517 0.497 0.546 0.788 1.319 1.950 2.335 2.507 2.545 2.508 2.385 2.190 2.017 1.900 1.798 1.678 1.579 1.525 1.514 1.555 1.612 1.635 1.609 1.492 1.256 0.896 0.530 0.297 0.172 0.111 0.083 0.070
0.423 0.585 0.804 1.113 1.545 2.096 2.663 3.142 3.466 3.627 3.680 3.674 3.628 3.525 3.402 3.357 3.373 3.445 3.553 3.658 3.710 3.678 3.597 3.480 3.269 2.849 2.175 1.526 1.127 0.911 0.796 0.735 0.711 0.729 0.798 0.953 1.215 1.487 1.644 1.686 1.640 1.449 1.124 0.850 0.703 0.652 0.662 0.782 1.131 1.753 2.332 2.627 2.721 2.723 2.668 2.528 2.301 2.042 1.804 1.578 1.354 1.170 1.047 0.985 0.966 0.976 0.993 0.995 0.947 0.800 0.551 0.320 0.187 0.115 0.081 0.065 0.058
0.159 0.232 0.338 0.497 0.741 1.105 1.619 2.229 2.788 3.174 3.383 3.448 3.437 3.378 3.306 3.287 3.312 3.363 3.370 3.250 2.995 2.648 2.314 2.027 1.730 1.377 0.973 0.661 0.486 0.409 0.385 0.391 0.423 0.494 0.618 0.814 1.074 1.290 1.411 1.448 1.421 1.289 1.044 0.828 0.716 0.689 0.725 0.892 1.273 1.877 2.382 2.624 2.684 2.677 2.624 2.501 2.283 1.954 1.553 1.182 0.881 0.676 0.557 0.500 0.481 0.479 0.482 0.479 0.458 0.397 0.285 0.180 0.116 0.081 0.063 0.054 0.051
0.054 0.077 0.115 0.177 0.282 0.455 0.725 1.114 1.662 2.278 2.760 2.993 3.066 3.077 3.077 3.090 3.101 3.048 2.841 2.391 1.820 1.349 1.036 0.817 0.638 0.472 0.324 0.224 0.172 0.155 0.154 0.163 0.188 0.238 0.339 0.511 0.712 0.842 0.909 0.932 0.925 0.876 0.772 0.678 0.639 0.651 0.718 0.904 1.263 1.755 2.119 2.276 2.305 2.300 2.275 2.207 2.024 1.661 1.157 0.773 0.536 0.388 0.302 0.260 0.243 0.238 0.234 0.228 0.214 0.188 0.145 0.103 0.076 0.061 0.053 0.049 0.047
0.020 0.027 0.038 0.057 0.089 0.147 0.248 0.414 0.691 1.144 1.717 2.187 2.442 2.566 2.629 2.652 2.597 2.356 1.871 1.284 0.824 0.544 0.379 0.278 0.207 0.150 0.107 0.080 0.068 0.065 0.067 0.071 0.082 0.105 0.152 0.238 0.334 0.391 0.417 0.424 0.423 0.413 0.395 0.396 0.429 0.497 0.611 0.797 1.049 1.278 1.394 1.430 1.436 1.454 1.491 1.496 1.403 1.128 0.742 0.489 0.337 0.242 0.185 0.154 0.140 0.132 0.125 0.118 0.109 0.096 0.081 0.067 0.057 0.051 0.047 0.046 0.045
0.010 0.012 0.015 0.021 0.030 0.045 0.073 0.121 0.219 0.421 0.768 1.184 1.526 1.755 1.855 1.852 1.717 1.387 0.925 0.548 0.318 0.198 0.136 0.101 0.077 0.060 0.048 0.040 0.037 0.036 0.037 0.039 0.044 0.053 0.071 0.105 0.143 0.164 0.172 0.174 0.173 0.171 0.173 0.183 0.210 0.271 0.375 0.494 0.571 0.597 0.601 0.599 0.602 0.626 0.683 0.722 0.711 0.615 0.443 0.311 0.224 0.165 0.126 0.104 0.092 0.084 0.077 0.071 0.065 0.059 0.054 0.051 0.048 0.046 0.045 0.044 0.044
0.006 0.007 0.008 0.010 0.013 0.018 0.025 0.037 0.063 0.125 0.262 0.487 0.720 0.877 0.941 0.935 0.844 0.640 0.381 0.210 0.120 0.078 0.058 0.047 0.040 0.034 0.030 0.027 0.026 0.026 0.026 0.027 0.029 0.033 0.040 0.053 0.066 0.073 0.076 0.077 0.077 0.077 0.079 0.085 0.098 0.124 0.168 0.205 0.219 0.221 0.220 0.221 0.225 0.239 0.272 0.310 0.324 0.310 0.262 0.205 0.157 0.120 0.094 0.077 0.067 0.060 0.054 0.049 0.046 0.044 0.044 0.044 0.045 0.045 0.044 0.044 0.044
0.004 0.004 0.005 0.006 0.008 0.009 0.012 0.016 0.023 0.039 0.077 0.155 0.263 0.336 0.365 0.364 0.328 0.243 0.141 0.081 0.052 0.039 0.033 0.030 0.027 0.025 0.023 0.022 0.021 0.021 0.021 0.022 0.023 0.024 0.027 0.032 0.037 0.040 0.041 0.041 0.042 0.042 0.043 0.046 0.051 0.060 0.073 0.081 0.085 0.086 0.087 0.089 0.092 0.098 0.112 0.136 0.156 0.163 0.158 0.140 0.115 0.091 0.073 0.060 0.052 0.047 0.042 0.039 0.038 0.038 0.040 0.042 0.044 0.044 0.044 0.044 0.044
0.003 0.003 0.004 0.004 0.005 0.006 0.007 0.009 0.012 0.016 0.026 0.047 0.082 0.105 0.115 0.116 0.108 0.085 0.054 0.036 0.028 0.024 0.023 0.022 0.021 0.021 0.020 0.019 0.018 0.018 0.018 0.018 0.019 0.020 0.021 0.023 0.025 0.026 0.027 0.027 0.027 0.028 0.028 0.030 0.032 0.035 0.038 0.040 0.041 0.042 0.043 0.044 0.047 0.050 0.056 0.069 0.085 0.096 0.100 0.097 0.086 0.071 0.058 0.049 0.042 0.038 0.036 0.034 0.034 0.035 0.039 0.042 0.044 0.044 0.044 0.045 0.045
0.002 0.002 0.002 0.003 0.004 0.004 0.005 0.006 0.008 0.010 0.013 0.019 0.029 0.036 0.039 0.040 0.039 0.034 0.026 0.020 0.018 0.017 0.017 0.017 0.017 0.017 0.016 0.016 0.016 0.016 0.016 0.016 0.016 0.017 0.017 0.019 0.020 0.020 0.020 0.020 0.021 0.021 0.022 0.023 0.024 0.025 0.026 0.026 0.026 0.027 0.028 0.029 0.031 0.034 0.037 0.044 0.054 0.065 0.069 0.069 0.065 0.056 0.047 0.041 0.036 0.033 0.032 0.031 0.032 0.034 0.038 0.042 0.044 0.045 0.045 0.046 0.048
