RESULTS/r.avaflow_results/14b_results/14b_ascii/14b_hflow_max0010.asc
ncols 506
nrows 317
xllcenter 498237.50
yllcenter 5580050.00
cellsize 12.50
NODATA_value -9999.000
[rows 170 to 203 of 317, columns 152 to 227 of 506]
81.806 81.444 81.091 80.189 78.967 77.303 75.004 72.344 69.317 65.944 62.523 59.003 55.514 51.896 48.409 45.138 41.956 38.790 35.531 32.225 28.903 25.622 22.509 21.414 20.237 19.068 17.964 16.967 16.187 15.559 14.986 14.460 13.944 13.467 13.033 12.604 12.162 11.779 11.489 11.290 11.163 11.011 10.801 10.537 10.285 10.068 9.859 9.649 9.637 9.501 9.266 9.051 8.811 8.481 8.193 7.862 7.502 7.145 6.791 6.458 6.169 5.935 5.727 5.516 5.308 5.113 4.933 4.769 4.600 4.424 4.281 4.193 4.121 4.068 4.040 4.055
87.454 88.025 88.576 88.163 87.109 85.450 82.843 79.814 76.483 72.908 69.318 65.590 61.735 57.815 53.946 50.273 46.762 43.193 39.584 35.903 32.305 28.832 25.485 22.310 20.729 19.147 17.621 16.422 15.647 15.188 14.826 14.486 14.141 13.772 13.469 13.158 12.745 12.291 11.909 11.614 11.407 11.226 11.034 10.784 10.538 10.400 10.307 10.225 10.180 10.008 9.742 9.411 9.071 8.679 8.269 7.833 7.414 7.051 6.721 6.414 6.150 5.933 5.727 5.517 5.319 5.121 4.913 4.715 4.518 4.337 4.193 4.084 4.020 3.975 3.944 3.950
91.727 92.955 94.094 94.064 93.045 91.294 88.444 85.277 81.940 78.260 74.649 70.955 67.078 63.141 59.157 55.241 51.475 47.667 43.716 39.650 35.698 31.992 28.443 25.031 21.782 19.782 17.927 16.381 15.195 14.481 14.196 14.072 13.981 13.822 13.627 13.412 13.099 12.685 12.222 11.837 11.578 11.362 11.123 10.873 10.658 10.507 10.454 10.493 10.418 10.251 9.955 9.492 8.961 8.449 7.947 7.441 6.987 6.630 6.355 6.120 5.914 5.737 5.573 5.402 5.231 5.048 4.843 4.620 4.385 4.187 4.035 3.918 3.842 3.802 3.776 3.772
94.322 95.872 97.097 97.057 96.122 94.324 91.813 88.947 85.760 82.220 78.694 75.144 71.379 67.600 63.656 59.824 55.892 51.839 47.715 43.458 39.287 35.211 31.264 27.579 24.014 21.060 18.773 16.840 15.285 14.167 13.517 13.305 13.381 13.523 13.558 13.467 13.245 12.916 12.458 11.994 11.660 11.386 11.100 10.817 10.585 10.447 10.414 10.475 10.441 10.202 9.734 9.080 8.322 7.636 7.023 6.458 5.981 5.644 5.440 5.310 5.213 5.140 5.069 4.981 4.877 4.746 4.593 4.417 4.206 4.000 3.840 3.717 3.613 3.544 3.509 3.506
95.296 96.672 97.733 97.899 97.507 96.010 93.597 91.010 88.074 84.919 81.828 78.450 74.893 71.210 67.334 63.539 59.476 55.327 51.137 46.797 42.479 38.300 34.168 30.107 26.090 22.759 20.092 17.743 15.787 14.264 13.220 12.674 12.548 12.736 13.036 13.230 13.172 12.911 12.502 12.062 11.761 11.666 11.455 11.078 10.629 10.297 10.190 10.130 9.937 9.507 8.824 7.942 6.981 6.140 5.415 4.789 4.311 4.006 3.867 3.852 3.890 3.969 4.051 4.096 4.092 4.055 3.996 3.910 3.800 3.663 3.531 3.416 3.304 3.207 3.152 3.143
93.611 95.354 96.311 96.530 96.315 94.939 93.090 90.991 88.528 86.035 83.440 80.423 77.265 73.755 69.777 65.814 61.707 57.592 53.491 49.292 45.052 40.719 36.295 31.852 27.601 24.423 21.252 18.566 16.367 14.612 13.295 12.421 11.950 11.826 12.156 12.644 12.726 12.563 12.259 11.928 11.837 11.817 11.694 11.328 10.738 10.139 9.657 9.186 8.631 7.903 6.969 5.945 4.995 4.220 3.626 3.162 2.806 2.561 2.467 2.445 2.468 2.535 2.653 2.793 2.903 2.976 3.020 3.045 3.055 3.041 2.998 2.935 2.864 2.795 2.743 2.726
90.721 92.279 92.822 93.203 93.120 92.119 90.965 89.758 88.120 86.379 84.296 81.623 78.598 75.097 71.030 67.002 62.909 58.726 54.677 50.470 46.210 41.820 37.183 32.442 28.732 25.395 21.936 19.024 16.717 14.908 13.500 12.436 11.728 11.509 11.590 11.875 11.917 11.708 11.499 11.468 11.692 11.754 11.601 11.175 10.457 9.539 8.543 7.467 6.403 5.399 4.478 3.731 3.154 2.699 2.350 2.082 1.868 1.748 1.687 1.649 1.630 1.632 1.658 1.718 1.804 1.908 2.016 2.112 2.195 2.259 2.300 2.309 2.307 2.302 2.302 2.319
84.751 86.105 86.869 87.525 88.035 88.054 88.101 87.780 86.760 85.304 83.473 81.049 78.151 74.679 70.676 66.641 62.569 58.460 54.442 50.319 46.097 41.644 36.893 32.274 29.116 25.689 22.112 19.102 16.757 14.972 13.589 12.529 12.052 11.897 11.563 11.279 10.957 10.473 10.341 10.582 10.797 10.749 10.477 9.965 9.170 8.079 6.719 5.266 4.097 3.261 2.676 2.267 1.961 1.718 1.527 1.379 1.285 1.254 1.233 1.209 1.189 1.175 1.166 1.165 1.174 1.213 1.286 1.399 1.526 1.637 1.722 1.778 1.820 1.863 1.906 1.956
77.853 79.280 80.548 82.058 83.553 84.542 85.303 85.408 84.748 83.551 81.730 79.312 76.577 73.059 69.079 65.045 60.914 56.800 52.743 48.637 44.467 39.956 35.128 31.800 28.680 25.249 21.711 18.750 16.444 14.729 13.458 12.528 12.097 11.831 11.349 10.630 9.695 8.701 8.109 7.887 7.751 7.544 7.230 6.814 6.258 5.472 4.445 3.387 2.571 1.994 1.631 1.405 1.249 1.129 1.031 0.956 0.936 0.956 0.972 0.971 0.962 0.952 0.944 0.936 0.926 0.910 0.892 0.907 1.013 1.147 1.267 1.366 1.447 1.520 1.586 1.651
71.802 73.511 75.465 77.456 79.229 80.538 81.604 81.947 81.629 80.703 78.873 76.420 73.650 70.207 66.443 62.323 57.965 53.744 49.697 45.544 41.351 36.783 32.587 30.009 27.028 23.728 20.480 17.778 15.590 13.918 12.798 12.131 11.632 10.992 10.007 8.716 7.006 5.447 4.429 3.901 3.638 3.444 3.277 3.127 2.978 2.768 2.446 2.013 1.579 1.243 1.029 0.902 0.825 0.773 0.732 0.723 0.749 0.804 0.846 0.865 0.870 0.867 0.864 0.863 0.855 0.834 0.801 0.769 0.746 0.773 0.902 1.025 1.136 1.233 1.318 1.399
66.302 68.093 70.221 72.325 73.986 75.462 76.860 77.610 77.839 77.203 75.462 72.995 70.177 66.862 63.372 59.152 54.528 50.135 45.968 41.811 37.437 32.525 29.578 27.053 24.221 21.257 18.586 16.316 14.273 12.428 11.093 10.119 9.170 8.089 6.880 5.198 3.480 2.386 1.773 1.465 1.318 1.241 1.196 1.179 1.188 1.200 1.172 1.083 0.931 0.774 0.661 0.595 0.559 0.540 0.547 0.584 0.651 0.738 0.804 0.843 0.862 0.867 0.867 0.866 0.854 0.828 0.792 0.761 0.738 0.722 0.709 0.746 0.868 0.987 1.093 1.184
61.287 63.016 64.751 66.746 68.358 70.034 71.552 72.604 73.169 72.965 71.512 69.096 66.383 63.289 59.806 55.557 50.792 46.337 42.030 37.614 32.712 28.527 26.051 23.404 20.678 18.392 16.500 14.638 12.298 9.538 7.378 5.857 4.720 3.850 2.989 2.024 1.270 0.825 0.589 0.476 0.426 0.407 0.404 0.412 0.437 0.479 0.512 0.527 0.513 0.474 0.431 0.402 0.391 0.406 0.451 0.532 0.643 0.752 0.836 0.893 0.923 0.931 0.930 0.920 0.896 0.857 0.812 0.778 0.754 0.738 0.724 0.714 0.798 0.946 1.123 1.318
56.409 57.727 59.276 60.842 62.610 64.159 65.754 66.785 67.553 67.763 66.628 64.443 61.893 58.660 54.903 50.580 45.879 41.487 37.133 32.403 27.906 25.490 22.671 19.478 16.679 14.625 12.839 10.752 7.832 4.781 2.976 2.095 1.600 1.238 0.897 0.589 0.376 0.251 0.185 0.152 0.139 0.137 0.140 0.147 0.162 0.190 0.225 0.255 0.274 0.283 0.282 0.291 0.316 0.371 0.473 0.620 0.770 0.887 0.972 1.031 1.058 1.061 1.050 1.021 0.975 0.913 0.853 0.811 0.782 0.762 0.751 0.846 0.976 1.143 1.331 1.517
51.561 52.502 53.618 54.929 56.274 57.517 59.026 60.026 60.801 61.161 60.230 58.259 55.522 51.989 47.997 43.675 39.275 35.032 30.637 26.445 24.132 21.119 17.292 13.305 10.293 8.116 6.256 4.473 2.646 1.343 0.764 0.560 0.435 0.335 0.247 0.177 0.126 0.092 0.071 0.059 0.054 0.055 0.057 0.061 0.069 0.083 0.105 0.131 0.157 0.185 0.219 0.271 0.360 0.498 0.696 0.907 1.070 1.175 1.238 1.269 1.275 1.261 1.228 1.170 1.090 0.992 0.912 0.857 0.819 0.842 0.918 1.031 1.184 1.373 1.578 1.755
47.494 47.964 48.577 49.383 49.841 50.296 51.010 51.574 51.929 52.141 51.381 49.628 46.888 43.229 39.201 35.199 31.363 27.816 23.996 21.511 18.384 14.131 9.828 6.400 4.140 2.688 1.714 1.012 0.580 0.357 0.259 0.203 0.163 0.130 0.103 0.081 0.064 0.051 0.041 0.034 0.030 0.028 0.030 0.032 0.037 0.044 0.056 0.080 0.118 0.177 0.274 0.437 0.663 0.927 1.201 1.419 1.547 1.604 1.618 1.607 1.576 1.533 1.472 1.377 1.244 1.101 0.993 0.956 0.965 1.004 1.074 1.184 1.341 1.538 1.764 1.986
43.842 43.966 43.934 43.928 43.400 42.796 42.584 42.393 42.329 42.178 41.362 40.021 37.794 34.604 31.032 27.798 24.626 21.480 18.698 15.347 11.015 6.633 3.660 1.970 1.054 0.736 0.567 0.416 0.303 0.230 0.182 0.148 0.121 0.097 0.078 0.063 0.052 0.042 0.034 0.028 0.022 0.021 0.021 0.022 0.025 0.035 0.054 0.094 0.177 0.342 0.617 0.990 1.378 1.708 1.927 2.025 2.031 2.010 1.985 1.958 1.920 1.864 1.771 1.626 1.437 1.274 1.180 1.130 1.117 1.140 1.197 1.294 1.439 1.635 1.883 2.188
40.810 40.591 39.953 38.987 37.603 36.431 35.521 34.675 33.977 33.414 32.403 31.166 29.469 27.039 24.111 21.091 17.998 15.163 11.902 8.091 4.503 2.151 1.098 0.889 0.728 0.593 0.479 0.383 0.312 0.256 0.210 0.171 0.139 0.112 0.089 0.070 0.056 0.044 0.035 0.027 0.024 0.025 0.026 0.027 0.039 0.066 0.121 0.243 0.498 0.929 1.478 1.997 2.348 2.498 2.498 2.429 2.350 2.297 2.265 2.236 2.201 2.133 2.006 1.827 1.655 1.499 1.376 1.298 1.259 1.255 1.290 1.368 1.495 1.682 1.957 2.332
37.936 37.047 35.725 34.288 32.889 31.423 30.051 28.767 27.579 26.608 25.394 24.041 22.404 20.320 17.653 14.541 11.148 8.013 5.249 2.938 1.373 1.193 1.045 0.904 0.770 0.660 0.564 0.482 0.409 0.341 0.282 0.231 0.188 0.151 0.120 0.093 0.072 0.055 0.043 0.044 0.047 0.050 0.052 0.074 0.125 0.217 0.402 0.777 1.403 2.124 2.707 2.990 3.052 2.949 2.781 2.629 2.528 2.479 2.454 2.428 2.385 2.295 2.156 2.010 1.863 1.707 1.559 1.444 1.369 1.335 1.345 1.403 1.517 1.697 1.983 2.411
35.338 33.987 32.377 30.616 29.062 27.538 26.060 24.523 22.938 21.428 19.736 17.936 15.906 13.589 10.907 7.968 5.279 3.153 1.661 1.500 1.394 1.294 1.188 1.071 0.946 0.835 0.744 0.662 0.578 0.490 0.409 0.338 0.276 0.223 0.177 0.138 0.106 0.104 0.106 0.111 0.116 0.121 0.176 0.280 0.453 0.736 1.217 2.012 2.882 3.439 3.641 3.595 3.396 3.170 2.946 2.750 2.619 2.567 2.540 2.511 2.458 2.386 2.267 2.150 2.017 1.871 1.708 1.557 1.449 1.387 1.374 1.415 1.515 1.688 1.975 2.423
32.243 30.587 29.007 27.326 25.739 24.174 22.606 20.843 18.912 16.847 14.591 12.318 10.020 7.772 5.559 3.523 2.026 1.918 1.786 1.686 1.605 1.525 1.426 1.314 1.202 1.099 1.014 0.930 0.833 0.723 0.615 0.517 0.426 0.347 0.276 0.255 0.253 0.253 0.256 0.263 0.307 0.435 0.634 0.938 1.367 1.944 2.714 3.532 4.056 4.222 4.136 3.880 3.636 3.307 3.017 2.809 2.676 2.602 2.562 2.529 2.489 2.419 2.333 2.240 2.124 1.983 1.812 1.635 1.502 1.417 1.381 1.398 1.475 1.628 1.884 2.314
28.994 27.165 25.468 23.835 22.298 20.819 19.155 17.167 14.757 11.974 9.257 7.001 5.152 3.574 2.331 2.351 2.301 2.196 2.083 2.008 1.941 1.869 1.782 1.682 1.581 1.491 1.406 1.310 1.195 1.065 0.926 0.789 0.661 0.573 0.565 0.554 0.545 0.540 0.573 0.764 0.995 1.305 1.747 2.291 2.857 3.413 3.960 4.391 4.575 4.531 4.368 4.116 3.748 3.356 3.051 2.834 2.694 2.611 2.557 2.518 2.480 2.429 2.368 2.290 2.181 2.040 1.868 1.679 1.526 1.415 1.347 1.325 1.357 1.460 1.637 1.929
25.075 23.179 21.557 20.016 18.510 16.782 14.638 11.959 8.997 6.274 4.276 2.921 2.412 2.471 2.632 2.716 2.700 2.622 2.525 2.472 2.427 2.362 2.285 2.207 2.129 2.054 1.964 1.842 1.702 1.544 1.366 1.179 1.109 1.104 1.091 1.066 1.067 1.273 1.589 1.945 2.328 2.741 3.161 3.543 3.876 4.195 4.482 4.647 4.663 4.629 4.474 4.184 3.795 3.378 3.053 2.829 2.684 2.595 2.533 2.490 2.458 2.417 2.362 2.284 2.171 2.026 1.861 1.671 1.494 1.360 1.269 1.213 1.192 1.213 1.283 1.442
20.630 18.819 17.255 15.404 13.293 10.872 8.168 5.590 3.601 2.796 2.752 2.765 2.810 2.889 3.056 3.226 3.263 3.230 3.186 3.147 3.101 3.052 3.001 2.924 2.835 2.726 2.586 2.432 2.260 2.070 1.909 1.907 1.944 2.006 2.043 2.103 2.401 2.746 3.092 3.350 3.566 3.768 3.940 4.083 4.217 4.385 4.557 4.637 4.664 4.624 4.479 4.212 3.823 3.381 3.040 2.806 2.656 2.561 2.488 2.420 2.346 2.260 2.162 2.054 1.937 1.813 1.686 1.546 1.384 1.216 1.071 0.950 0.847 0.765 0.724 0.753
15.726 13.746 11.652 9.472 7.276 5.107 3.468 3.391 3.302 3.265 3.288 3.357 3.449 3.562 3.735 3.949 4.089 4.120 4.111 4.059 3.950 3.837 3.736 3.605 3.441 3.264 3.094 3.040 3.110 3.151 3.186 3.222 3.252 3.247 3.513 3.740 3.915 4.058 4.163 4.184 4.176 4.180 4.179 4.194 4.246 4.369 4.507 4.585 4.610 4.584 4.468 4.221 3.833 3.370 3.007 2.749 2.573 2.449 2.325 2.154 1.919 1.673 1.460 1.303 1.213 1.168 1.143 1.101 0.998 0.837 0.674 0.541 0.431 0.349 0.304 0.299
11.668 9.434 7.263 5.253 3.863 3.979 4.007 3.972 3.948 3.985 4.079 4.212 4.359 4.577 4.799 4.986 5.125 5.114 5.010 4.889 4.711 4.503 4.305 4.103 3.902 4.130 4.348 4.511 4.608 4.656 4.673 4.644 4.555 4.722 4.837 4.891 4.884 4.812 4.713 4.557 4.399 4.283 4.224 4.194 4.206 4.282 4.405 4.500 4.533 4.519 4.410 4.170 3.776 3.291 2.886 2.572 2.317 2.085 1.824 1.468 1.066 0.750 0.557 0.456 0.421 0.426 0.449 0.464 0.442 0.377 0.292 0.222 0.170 0.133 0.117 0.115
8.431 6.399 4.545 4.301 4.453 4.671 4.793 4.869 4.973 5.123 5.288 5.485 5.733 5.978 6.123 6.115 6.047 5.940 5.767 5.557 5.327 5.055 4.778 4.862 5.100 5.389 5.693 5.904 6.046 6.210 6.170 5.982 5.681 5.553 5.519 5.458 5.341 5.180 4.955 4.751 4.545 4.368 4.242 4.166 4.138 4.163 4.238 4.287 4.275 4.201 4.031 3.756 3.364 2.899 2.474 2.098 1.735 1.362 0.984 0.635 0.379 0.226 0.152 0.121 0.114 0.117 0.127 0.141 0.145 0.133 0.107 0.083 0.068 0.058 0.052 0.051
5.839 4.729 4.821 5.028 5.287 5.593 5.854 6.086 6.332 6.661 7.001 7.244 7.379 7.383 7.241 6.993 6.761 6.562 6.333 6.066 5.791 5.511 5.732 5.978 6.225 6.492 6.816 7.132 7.300 7.253 6.991 6.568 6.168 5.955 5.825 5.688 5.539 5.378 5.166 4.937 4.675 4.401 4.222 4.074 3.959 3.877 3.804 3.692 3.520 3.300 3.025 2.701 2.347 1.982 1.626 1.272 0.929 0.622 0.376 0.207 0.116 0.068 0.046 0.037 0.035 0.037 0.041 0.045 0.048 0.049 0.045 0.039 0.034 0.031 0.029 0.029
5.441 5.549 5.816 6.209 6.626 7.036 7.402 7.747 8.101 8.540 8.840 8.901 8.748 8.460 8.022 7.556 7.247 6.973 6.697 6.414 6.366 6.886 7.464 8.004 8.458 8.836 9.080 9.152 9.044 8.782 8.320 7.727 7.134 6.582 6.109 5.837 5.681 5.515 5.299 5.056 4.738 4.408 4.131 3.870 3.583 3.260 2.906 2.537 2.195 1.893 1.632 1.415 1.206 0.999 0.791 0.585 0.394 0.236 0.134 0.074 0.041 0.025 0.018 0.016 0.015 0.016 0.017 0.020 0.021 0.022 0.023 0.022 0.021 0.020 0.019 0.019
6.403 6.704 7.271 7.964 8.639 9.191 9.562 9.826 10.082 10.304 10.343 10.140 9.722 9.133 8.576 7.979 7.540 7.251 7.034 7.805 8.559 9.185 9.673 10.019 10.268 10.435 10.515 10.464 10.232 9.836 9.241 8.525 7.841 7.145 6.509 5.993 5.765 5.595 5.372 5.093 4.729 4.308 3.854 3.363 2.837 2.275 1.776 1.390 1.114 0.921 0.778 0.670 0.578 0.476 0.365 0.258 0.167 0.100 0.059 0.035 0.022 0.015 0.012 0.010 0.009 0.010 0.010 0.011 0.012 0.012 0.013 0.014 0.014 0.014 0.014 0.014
7.982 8.595 9.379 10.134 10.723 11.192 11.422 11.513 11.617 11.576 11.337 10.874 10.334 9.696 8.938 8.197 7.708 8.004 8.885 9.642 10.292 10.745 11.043 11.180 11.224 11.221 11.157 10.998 10.714 10.361 9.828 9.095 8.265 7.375 6.591 5.973 5.771 5.591 5.325 4.978 4.511 3.912 3.231 2.516 1.841 1.306 0.938 0.694 0.542 0.449 0.387 0.344 0.307 0.259 0.201 0.144 0.098 0.064 0.042 0.028 0.019 0.014 0.010 0.008 0.007 0.007 0.007 0.007 0.007 0.007 0.008 0.009 0.009 0.009 0.009 0.010
10.006 10.722 11.290 11.812 12.190 12.489 12.575 12.548 12.428 12.174 11.819 11.335 10.680 9.919 9.062 8.253 8.123 9.142 9.998 10.660 11.140 11.431 11.589 11.604 11.523 11.414 11.329 11.174 10.915 10.550 9.984 9.215 8.309 7.341 6.461 5.796 5.506 5.198 4.844 4.386 3.817 3.098 2.277 1.552 1.029 0.690 0.488 0.372 0.305 0.264 0.236 0.218 0.201 0.177 0.146 0.110 0.080 0.056 0.039 0.027 0.019 0.014 0.010 0.008 0.006 0.005 0.005 0.004 0.005 0.005 0.005 0.006 0.006 0.006 0.006 0.007
11.698 12.122 12.388 12.666 12.941 13.042 13.024 12.851 12.670 12.414 12.025 11.421 10.642 9.823 8.931 8.146 8.573 9.563 10.387 10.955 11.320 11.549 11.629 11.652 11.592 11.464 11.313 11.100 10.807 10.391 9.807 9.028 8.073 7.013 5.959 5.342 4.743 4.168 3.629 3.118 2.523 1.861 1.259 0.829 0.557 0.413 0.306 0.239 0.211 0.192 0.181 0.170 0.158 0.143 0.122 0.096 0.072 0.053 0.038 0.027 0.020 0.014 0.010 0.008 0.006 0.005 0.004 0.003 0.003 0.003 0.003 0.003 0.003 0.003 0.004 0.004
12.725 12.797 12.794 12.870 13.131 13.189 13.138 13.005 12.684 12.248 11.727 11.038 10.273 9.541 8.718 7.999 8.577 9.536 10.316 10.849 11.154 11.398 11.527 11.534 11.425 11.220 10.937 10.568 10.148 9.630 8.999 8.209 7.250 6.228 5.492 4.538 3.491 2.644 2.186 1.788 1.429 1.121 0.857 0.647 0.485 0.363 0.272 0.204 0.166 0.158 0.150 0.141 0.132 0.120 0.104 0.084 0.065 0.049 0.037 0.027 0.020 0.014 0.010 0.008 0.006 0.004 0.003 0.002 0.002 0.002 0.001 0.002 0.002 0.002 0.002 0.002
13.113 12.960 12.890 12.823 12.979 13.150 13.039 12.674 12.071 11.354 10.742 10.170 9.643 9.070 8.361 7.758 8.296 9.145 9.842 10.426 10.807 11.005 11.064 11.014 10.832 10.490 10.002 9.368 8.688 8.003 7.308 6.551 5.933 5.422 4.604 3.444 2.696 2.204 1.809 1.476 1.185 0.929 0.715 0.547 0.421 0.324 0.249 0.189 0.142 0.130 0.124 0.118 0.110 0.100 0.088 0.073 0.057 0.045 0.034 0.026 0.019 0.014 0.010 0.008 0.005 0.004 0.003 0.002 0.001 0.001 0.000 0.000 0.001 0.001 0.001 0.001
