RESULTS/r.avaflow_results/14b_results/14b_ascii/14b_hflow10020.asc
ncols 506
nrows 317
xllcenter 498237.50
yllcenter 5580050.00
cellsize 12.50
NODATA_value -9999.000
[rows 170 to 203 of 317, columns 76 to 151 of 506]
0.350 0.465 0.668 1.012 1.519 2.139 2.772 3.328 3.830 4.322 4.836 5.385 5.989 6.634 7.353 8.123 8.837 9.479 10.121 10.717 11.308 11.944 12.560 13.216 13.920 14.598 15.174 15.617 15.975 16.313 16.695 17.157 17.705 18.341 19.067 19.854 20.741 21.669 22.597 23.470 24.277 25.074 25.861 26.801 27.810 29.062 30.586 31.924 33.067 34.502 35.797 37.136 38.847 40.620 42.878 45.920 47.281 48.171 49.891 51.252 52.390 53.869 55.109 56.074 57.217 57.368 57.088 56.795 56.129 55.634 55.036 53.687 52.377 51.481 50.650 49.683
0.801 1.029 1.359 1.790 2.300 2.853 3.397 3.920 4.446 4.979 5.548 6.162 6.834 7.565 8.385 9.267 10.105 10.893 11.639 12.319 12.969 13.634 14.287 14.926 15.531 16.079 16.540 16.890 17.189 17.508 17.861 18.283 18.770 19.357 20.056 20.843 21.745 22.740 23.770 24.707 25.630 26.432 27.305 28.428 29.515 30.755 32.348 33.779 35.005 36.602 38.030 39.096 40.655 42.299 43.842 45.811 47.127 48.549 50.958 52.639 54.027 55.366 56.312 57.117 57.925 57.657 57.340 56.975 56.266 55.495 54.823 53.962 52.999 52.761 52.482 52.024
1.286 1.569 1.920 2.332 2.795 3.295 3.829 4.384 4.953 5.530 6.140 6.796 7.501 8.300 9.188 10.142 11.116 12.048 12.928 13.737 14.458 15.157 15.839 16.491 17.028 17.481 17.802 18.115 18.319 18.581 18.883 19.257 19.702 20.255 20.938 21.734 22.623 23.610 24.731 25.765 26.825 27.779 28.689 29.919 31.215 32.500 34.052 35.431 36.630 38.306 39.775 40.871 42.580 44.081 44.880 46.168 47.226 48.597 51.304 53.186 55.086 56.622 57.433 57.948 58.448 57.963 57.617 57.229 56.572 55.795 55.434 55.031 54.574 54.791 54.672 54.286
1.587 1.893 2.250 2.658 3.121 3.624 4.173 4.757 5.359 5.966 6.597 7.263 7.990 8.828 9.776 10.795 11.869 12.941 13.983 14.932 15.779 16.554 17.258 17.848 18.318 18.663 18.883 19.182 19.369 19.580 19.873 20.172 20.551 21.064 21.679 22.406 23.276 24.267 25.400 26.545 27.687 28.918 30.106 31.404 32.741 34.141 35.675 36.976 38.348 40.001 41.278 42.511 43.999 45.063 45.236 46.026 46.837 47.907 49.756 51.531 53.974 56.214 57.201 57.462 57.877 57.603 57.139 56.934 56.608 56.217 56.439 56.309 55.922 55.990 55.770 55.527
1.771 2.103 2.478 2.899 3.375 3.891 4.449 5.040 5.658 6.280 6.920 7.593 8.342 9.212 10.200 11.275 12.418 13.609 14.779 15.867 16.853 17.697 18.418 19.002 19.426 19.737 19.914 20.127 20.326 20.518 20.742 20.982 21.306 21.741 22.262 22.944 23.785 24.773 25.899 27.163 28.546 29.952 31.267 32.802 34.201 35.513 37.068 38.369 39.592 41.210 42.511 43.862 45.349 46.061 45.982 46.445 46.822 47.936 49.597 51.078 52.612 54.617 56.070 56.671 57.494 57.483 57.106 57.264 57.212 56.976 57.252 57.058 56.571 56.628 56.582 56.613
1.900 2.252 2.648 3.089 3.572 4.102 4.661 5.237 5.845 6.474 7.121 7.821 8.582 9.468 10.488 11.613 12.814 14.056 15.323 16.559 17.656 18.645 19.444 20.011 20.366 20.637 20.843 21.026 21.145 21.366 21.469 21.635 21.908 22.280 22.723 23.332 24.077 25.024 26.131 27.449 29.064 30.675 32.160 33.822 35.232 36.488 38.170 39.531 40.533 42.086 43.525 44.805 46.087 46.534 46.243 46.510 46.665 47.410 49.145 50.710 51.613 53.008 54.124 54.821 56.694 57.389 57.388 57.835 57.938 57.646 57.831 57.631 57.073 57.186 57.340 57.547
1.987 2.351 2.765 3.225 3.720 4.259 4.810 5.366 5.940 6.566 7.225 7.927 8.724 9.619 10.648 11.813 13.056 14.330 15.636 16.982 18.237 19.316 20.177 20.781 21.174 21.446 21.632 21.767 21.834 22.049 22.144 22.347 22.571 22.774 23.068 23.582 24.254 25.189 26.292 27.579 29.277 30.955 32.745 34.542 36.109 37.494 39.078 40.318 41.230 42.761 44.094 44.908 45.893 46.300 46.012 46.255 46.293 46.562 48.254 50.035 50.948 52.178 52.772 52.508 53.602 54.441 55.785 57.045 57.233 56.991 56.972 56.699 56.159 56.300 56.482 56.801
2.035 2.408 2.831 3.307 3.822 4.367 4.904 5.439 5.990 6.596 7.262 7.963 8.790 9.710 10.751 11.924 13.175 14.459 15.801 17.176 18.508 19.692 20.682 21.448 21.892 22.136 22.334 22.458 22.478 22.623 22.699 22.845 23.044 23.145 23.378 23.810 24.441 25.301 26.424 27.770 29.443 31.176 33.201 35.237 36.905 38.211 39.789 41.052 42.032 43.519 44.688 45.463 46.209 46.348 46.304 46.595 46.423 46.544 48.068 49.768 51.013 52.285 52.692 52.596 53.231 53.249 53.879 55.164 55.580 55.783 55.753 55.428 54.860 54.945 55.060 55.504
2.043 2.427 2.861 3.352 3.893 4.431 4.953 5.470 6.010 6.598 7.257 7.971 8.812 9.749 10.804 11.971 13.203 14.479 15.833 17.235 18.607 19.871 20.954 21.849 22.342 22.716 22.929 23.040 23.080 23.119 23.146 23.214 23.355 23.448 23.616 23.946 24.430 25.148 26.292 27.578 29.304 31.091 33.201 35.447 37.289 38.607 40.085 41.246 42.274 43.620 44.655 45.551 46.327 46.430 46.293 46.663 46.550 46.548 47.916 49.511 50.560 51.689 52.055 51.951 52.497 52.485 52.055 52.474 52.848 53.428 53.936 53.659 52.988 53.061 53.255 53.814
1.987 2.412 2.869 3.384 3.940 4.461 4.970 5.476 6.006 6.588 7.229 7.960 8.810 9.767 10.828 11.969 13.185 14.460 15.819 17.228 18.610 19.884 20.956 21.888 22.577 23.115 23.387 23.493 23.523 23.491 23.517 23.561 23.600 23.655 23.712 23.996 24.462 25.121 26.196 27.451 29.246 31.060 33.241 35.508 37.384 38.773 40.274 41.486 42.474 43.758 44.724 45.348 46.014 46.207 46.058 46.415 46.341 46.208 47.445 48.988 49.648 50.534 50.857 50.574 51.096 51.183 50.697 50.745 50.507 49.936 49.954 49.810 50.164 51.325 51.757 52.166
1.800 2.340 2.871 3.420 3.966 4.469 4.967 5.465 5.984 6.552 7.189 7.908 8.742 9.693 10.759 11.904 13.106 14.369 15.728 17.099 18.510 19.821 20.995 21.935 22.687 23.255 23.646 23.802 23.898 23.899 23.916 23.873 23.830 23.814 23.814 23.985 24.344 25.018 25.982 27.324 29.122 31.021 33.401 35.668 37.601 39.132 40.528 41.668 42.555 43.935 44.891 45.472 46.185 46.370 46.444 46.785 46.563 46.533 47.668 48.822 49.363 49.965 49.882 49.711 50.196 50.110 49.808 49.911 49.420 48.763 48.635 48.028 48.005 49.885 50.629 51.014
1.418 2.167 2.849 3.445 3.975 4.460 4.941 5.421 5.925 6.479 7.105 7.815 8.645 9.576 10.626 11.756 12.912 14.128 15.453 16.765 18.178 19.561 20.843 21.860 22.687 23.322 23.748 24.044 24.163 24.181 24.117 24.092 23.943 23.848 23.900 23.992 24.212 24.792 25.638 26.918 28.681 30.737 33.362 35.649 37.456 38.940 40.337 41.337 42.010 43.460 44.610 45.059 45.946 46.483 46.493 46.867 46.714 46.478 47.386 48.402 48.763 49.272 49.100 48.700 48.942 48.812 48.443 48.560 48.187 47.637 47.582 47.232 47.043 48.903 49.439 49.908
0.872 1.751 2.716 3.443 3.977 4.433 4.885 5.339 5.825 6.367 6.974 7.648 8.419 9.296 10.286 11.374 12.533 13.724 14.968 16.220 17.608 19.059 20.460 21.712 22.649 23.344 23.768 24.148 24.269 24.363 24.312 24.275 24.020 23.763 23.794 23.854 24.033 24.558 25.382 26.540 28.295 30.385 32.895 35.416 37.483 39.026 40.390 41.263 41.775 42.976 43.880 44.263 45.291 45.949 46.024 46.493 46.480 46.089 46.692 47.489 47.775 48.238 48.089 47.470 47.467 47.338 46.863 46.999 46.851 46.300 46.337 46.276 46.172 47.866 48.102 48.317
0.384 1.092 2.238 3.275 3.928 4.372 4.793 5.222 5.688 6.218 6.798 7.419 8.124 8.912 9.803 10.807 11.885 13.035 14.204 15.370 16.721 18.251 19.863 21.378 22.433 23.253 23.810 24.176 24.389 24.500 24.455 24.372 24.091 23.865 23.873 23.859 24.027 24.528 25.218 26.332 28.011 30.016 32.527 35.144 37.174 38.712 40.088 41.002 41.608 42.555 43.113 43.814 44.837 45.299 45.828 46.511 46.457 46.261 46.639 46.789 47.171 47.657 47.378 46.929 46.891 46.529 46.184 46.337 46.036 45.666 45.784 45.622 45.786 47.362 47.118 46.943
0.130 0.502 1.441 2.756 3.715 4.242 4.649 5.070 5.526 6.028 6.562 7.131 7.757 8.451 9.221 10.097 11.075 12.155 13.269 14.393 15.700 17.235 19.068 20.845 22.143 23.096 23.717 24.072 24.340 24.488 24.530 24.525 24.263 23.970 23.928 23.904 24.063 24.537 25.268 26.375 27.959 29.849 32.227 34.707 36.697 38.367 39.851 40.685 41.207 41.981 42.458 42.742 43.529 44.181 44.733 45.597 45.987 45.913 46.307 46.361 46.347 46.774 46.759 46.405 46.459 46.161 45.748 45.774 45.429 45.013 45.114 44.857 44.796 46.021 45.946 45.871
0.045 0.182 0.702 1.888 3.235 3.988 4.442 4.878 5.335 5.811 6.332 6.876 7.438 8.049 8.739 9.554 10.463 11.483 12.547 13.650 14.890 16.282 18.132 20.085 21.664 22.747 23.512 23.987 24.375 24.597 24.620 24.658 24.500 24.233 24.209 24.192 24.288 24.634 25.295 26.292 27.752 29.493 31.635 34.003 35.859 37.432 38.927 39.969 40.682 41.224 41.484 41.360 41.889 42.415 42.930 44.015 44.836 45.068 45.655 45.818 45.535 45.843 45.942 45.644 45.800 45.655 45.141 45.035 44.679 44.098 44.208 43.956 43.318 43.927 44.335 44.429
0.027 0.063 0.277 1.018 2.395 3.526 4.148 4.627 5.104 5.587 6.097 6.629 7.195 7.790 8.462 9.243 10.124 11.095 12.111 13.189 14.358 15.637 17.282 19.223 20.986 22.287 23.196 23.809 24.295 24.666 24.850 24.998 24.904 24.718 24.713 24.740 24.917 25.296 25.825 26.709 28.024 29.501 31.349 33.612 35.326 36.755 38.211 39.188 39.850 40.339 40.365 40.230 40.503 40.548 41.152 42.468 43.510 44.475 45.429 45.654 45.578 45.840 45.616 45.412 45.685 45.447 45.089 44.947 44.294 43.699 43.760 43.257 42.669 43.122 43.530 43.298
0.025 0.032 0.093 0.432 1.393 2.703 3.658 4.291 4.824 5.335 5.855 6.400 6.984 7.603 8.307 9.107 9.975 10.916 11.908 12.942 14.051 15.194 16.515 18.148 19.876 21.500 22.617 23.424 24.067 24.512 24.940 25.315 25.378 25.345 25.469 25.543 25.758 26.205 26.713 27.472 28.510 29.682 31.221 33.112 34.802 36.153 37.394 38.245 38.674 39.082 39.101 38.804 38.936 39.087 39.470 40.623 41.986 43.173 44.329 44.886 44.886 45.308 45.305 45.098 45.372 45.123 44.655 44.489 43.978 43.384 43.172 42.468 41.832 42.053 42.222 42.072
0.024 0.023 0.035 0.141 0.587 1.563 2.719 3.672 4.392 4.998 5.571 6.166 6.801 7.495 8.279 9.116 9.969 10.877 11.870 12.858 13.904 14.890 15.984 17.284 18.785 20.540 21.919 22.888 23.780 24.419 24.978 25.508 25.742 25.823 26.059 26.204 26.456 26.948 27.422 28.020 28.956 29.931 31.063 32.458 33.941 35.145 36.235 36.877 37.226 37.733 37.786 37.489 37.543 37.594 37.840 38.848 40.189 41.423 42.697 43.493 43.579 44.121 44.359 44.355 44.692 44.354 43.686 43.575 43.338 42.731 42.315 41.556 40.614 40.563 40.387 40.248
0.022 0.020 0.020 0.042 0.184 0.630 1.469 2.541 3.600 4.480 5.220 5.930 6.681 7.476 8.315 9.171 10.031 10.942 11.908 12.892 13.880 14.765 15.668 16.683 17.868 19.439 21.015 22.265 23.377 24.223 24.912 25.540 25.941 26.209 26.492 26.658 26.953 27.482 27.890 28.422 29.329 30.144 30.978 32.157 33.329 34.305 35.282 35.825 36.309 36.883 36.936 36.797 36.861 36.706 36.905 37.761 38.673 39.907 41.215 41.960 42.367 42.921 42.981 43.198 43.608 43.174 42.647 42.636 42.392 41.956 41.573 40.522 39.434 39.071 38.442 38.033
0.020 0.017 0.017 0.021 0.051 0.195 0.593 1.347 2.462 3.713 4.799 5.727 6.633 7.538 8.458 9.364 10.231 11.124 12.056 13.001 13.917 14.752 15.488 16.262 17.137 18.469 19.952 21.352 22.635 23.682 24.591 25.458 26.083 26.524 26.845 27.042 27.286 27.753 28.158 28.759 29.577 30.253 30.899 31.848 32.820 33.765 34.629 35.148 35.546 36.084 36.306 36.209 36.420 36.426 36.436 37.001 37.649 38.341 39.347 40.026 40.256 40.801 40.938 40.853 41.198 41.136 40.767 40.734 40.564 40.168 39.844 38.631 37.398 36.583 35.868 35.356
0.020 0.017 0.016 0.016 0.024 0.062 0.214 0.645 1.523 2.864 4.361 5.602 6.683 7.712 8.730 9.687 10.581 11.463 12.364 13.218 14.032 14.793 15.461 16.111 16.801 17.904 19.085 20.421 21.813 23.106 24.216 25.198 25.949 26.497 26.931 27.150 27.288 27.646 28.068 28.672 29.385 29.962 30.520 31.317 32.111 33.023 33.881 34.425 34.785 35.345 35.588 35.560 35.907 36.042 35.975 36.339 36.604 36.837 37.467 37.851 37.893 38.412 38.636 38.440 38.693 38.755 38.456 38.423 38.231 37.690 37.310 36.161 34.691 33.372 32.608 32.052
0.020 0.017 0.016 0.016 0.018 0.032 0.093 0.324 0.964 2.208 3.961 5.552 6.833 7.994 9.119 10.166 11.095 11.941 12.759 13.550 14.268 14.914 15.512 16.101 16.713 17.574 18.555 19.670 20.951 22.282 23.577 24.842 25.815 26.457 26.987 27.181 27.261 27.612 28.040 28.602 29.302 29.796 30.148 30.818 31.589 32.473 33.367 33.929 34.274 34.911 35.085 35.147 35.487 35.497 35.430 35.752 35.833 35.963 36.337 36.392 36.423 36.697 36.647 36.572 36.712 36.468 36.246 36.206 35.708 35.076 34.479 33.096 31.425 29.775 28.662 27.916
0.023 0.019 0.017 0.017 0.018 0.024 0.054 0.186 0.644 1.755 3.590 5.522 6.980 8.217 9.414 10.538 11.572 12.483 13.259 13.965 14.606 15.178 15.695 16.167 16.708 17.410 18.249 19.194 20.369 21.554 22.884 24.228 25.379 26.159 26.771 27.007 27.154 27.525 27.916 28.385 28.987 29.406 29.653 30.221 30.989 31.891 32.764 33.409 33.852 34.457 34.557 34.664 34.970 34.851 34.786 34.959 34.971 34.955 35.155 35.085 34.897 34.897 34.759 34.556 34.588 34.269 33.826 33.498 32.743 31.825 30.901 29.407 27.591 25.672 24.055 22.816
0.030 0.023 0.020 0.019 0.019 0.022 0.040 0.122 0.455 1.427 3.233 5.398 7.007 8.303 9.547 10.737 11.873 12.900 13.746 14.445 14.999 15.528 15.995 16.424 16.912 17.489 18.238 18.977 19.898 20.926 22.112 23.412 24.606 25.484 26.126 26.470 26.723 27.121 27.510 27.946 28.381 28.635 28.869 29.388 30.095 30.960 31.856 32.507 33.044 33.557 33.684 33.818 34.055 33.858 33.746 33.729 33.684 33.607 33.719 33.576 33.267 33.036 32.770 32.444 32.337 31.919 31.280 30.534 29.444 28.150 26.741 24.988 23.076 21.170 19.293 17.494
0.040 0.030 0.025 0.023 0.022 0.024 0.035 0.088 0.329 1.148 2.827 5.080 6.880 8.286 9.576 10.845 12.067 13.194 14.171 14.969 15.537 16.028 16.427 16.826 17.235 17.693 18.311 18.994 19.763 20.632 21.593 22.730 23.866 24.749 25.481 25.906 26.211 26.744 27.134 27.460 27.849 27.974 28.157 28.682 29.233 29.949 30.961 31.640 32.133 32.689 32.861 32.891 33.114 32.921 32.656 32.509 32.373 32.227 32.199 31.959 31.636 31.354 30.851 30.375 30.149 29.509 28.692 27.496 25.947 24.279 22.522 20.707 18.863 17.015 15.115 13.176
0.056 0.040 0.032 0.028 0.028 0.028 0.034 0.068 0.235 0.881 2.358 4.561 6.554 8.123 9.524 10.856 12.139 13.342 14.458 15.407 16.117 16.620 17.037 17.401 17.728 18.079 18.523 19.097 19.730 20.436 21.266 22.172 23.157 23.991 24.762 25.240 25.607 26.195 26.533 26.867 27.223 27.310 27.454 27.879 28.276 28.887 29.787 30.441 30.901 31.454 31.599 31.606 31.820 31.574 31.219 30.980 30.674 30.430 30.217 29.895 29.544 29.259 28.684 28.122 27.639 26.706 25.588 24.063 22.157 20.294 18.558 16.831 15.147 13.467 11.729 9.913
0.078 0.053 0.041 0.035 0.033 0.033 0.036 0.055 0.166 0.655 1.907 3.938 6.061 7.817 9.397 10.854 12.215 13.484 14.697 15.748 16.611 17.228 17.701 18.051 18.341 18.631 18.913 19.278 19.764 20.304 20.931 21.687 22.485 23.281 24.057 24.564 24.950 25.512 25.813 26.128 26.424 26.523 26.660 26.931 27.172 27.684 28.325 28.875 29.357 29.788 29.897 29.985 30.159 29.848 29.442 29.081 28.664 28.385 28.081 27.671 27.188 26.930 26.336 25.579 24.799 23.717 22.253 20.367 18.384 16.637 15.067 13.566 12.087 10.590 9.059 7.492
0.104 0.070 0.051 0.042 0.038 0.037 0.037 0.047 0.117 0.480 1.546 3.429 5.654 7.548 9.261 10.829 12.268 13.611 14.872 15.982 16.908 17.641 18.166 18.488 18.806 19.084 19.295 19.513 19.899 20.281 20.735 21.381 22.060 22.770 23.496 23.997 24.335 24.827 25.119 25.404 25.762 25.911 25.981 26.186 26.284 26.529 27.020 27.417 27.674 27.998 28.052 28.060 28.203 27.994 27.622 27.204 26.566 26.084 25.687 25.210 24.696 24.224 23.520 22.705 21.661 20.266 18.566 16.717 15.017 13.497 12.095 10.797 9.553 8.317 7.085 5.888
0.135 0.090 0.064 0.051 0.044 0.040 0.039 0.043 0.088 0.350 1.257 3.039 5.394 7.454 9.239 10.835 12.321 13.685 14.945 16.085 17.096 17.907 18.498 18.884 19.195 19.406 19.557 19.736 19.994 20.269 20.627 21.153 21.755 22.356 22.928 23.369 23.658 24.098 24.376 24.654 25.043 25.219 25.265 25.440 25.461 25.516 25.776 25.965 26.123 26.337 26.311 26.256 26.237 25.995 25.546 25.037 24.356 23.734 23.220 22.634 22.066 21.496 20.655 19.626 18.405 16.882 15.211 13.579 12.120 10.826 9.673 8.586 7.563 6.606 5.720 4.950
0.170 0.115 0.082 0.064 0.052 0.044 0.039 0.040 0.070 0.259 1.026 2.747 5.252 7.478 9.304 10.893 12.385 13.721 14.984 16.120 17.171 17.996 18.597 19.038 19.378 19.645 19.817 19.919 20.038 20.193 20.487 20.945 21.410 21.828 22.213 22.508 22.764 23.160 23.475 23.804 24.165 24.346 24.426 24.542 24.480 24.432 24.519 24.551 24.635 24.745 24.683 24.594 24.406 23.976 23.418 22.853 22.120 21.378 20.764 20.126 19.487 18.761 17.820 16.716 15.383 13.846 12.368 11.014 9.798 8.706 7.734 6.850 6.052 5.361 4.795 4.366
0.207 0.147 0.106 0.079 0.060 0.045 0.038 0.037 0.057 0.198 0.850 2.540 5.240 7.680 9.534 11.051 12.454 13.727 14.986 16.086 17.088 17.952 18.643 19.141 19.514 19.724 19.839 19.962 20.062 20.215 20.443 20.838 21.142 21.317 21.525 21.641 21.824 22.181 22.479 22.804 23.270 23.536 23.610 23.716 23.608 23.494 23.505 23.428 23.396 23.405 23.260 23.075 22.758 22.159 21.430 20.691 19.859 19.066 18.376 17.644 16.896 16.079 15.119 13.952 12.601 11.244 10.048 8.973 7.996 7.104 6.288 5.570 4.969 4.495 4.170 3.997
0.232 0.171 0.124 0.090 0.064 0.045 0.035 0.033 0.047 0.157 0.717 2.404 5.347 8.035 9.859 11.232 12.484 13.667 14.848 15.940 16.950 17.834 18.575 19.143 19.514 19.748 19.873 19.984 20.107 20.226 20.371 20.614 20.715 20.687 20.698 20.685 20.730 21.006 21.285 21.632 22.139 22.512 22.618 22.730 22.650 22.520 22.492 22.391 22.277 22.221 21.935 21.571 21.048 20.332 19.406 18.541 17.634 16.769 15.980 15.147 14.306 13.412 12.437 11.297 10.098 9.057 8.180 7.427 6.694 5.952 5.258 4.676 4.238 3.955 3.824 3.834
0.238 0.179 0.131 0.093 0.063 0.043 0.032 0.029 0.038 0.124 0.606 2.276 5.420 8.336 10.097 11.304 12.436 13.519 14.607 15.650 16.607 17.496 18.285 18.927 19.391 19.692 19.816 19.870 19.997 20.061 20.139 20.180 20.062 19.896 19.754 19.627 19.577 19.743 19.965 20.301 20.711 21.121 21.363 21.542 21.498 21.412 21.396 21.245 21.098 20.972 20.542 20.063 19.319 18.458 17.388 16.342 15.342 14.416 13.527 12.621 11.708 10.753 9.759 8.767 7.904 7.252 6.734 6.252 5.735 5.161 4.574 4.103 3.801 3.683 3.710 3.881
