RESULTS/r.avaflow_results/14b_results/14b_ascii/14b_hflow30031.asc
ncols 506
nrows 317
xllcenter 498237.50
yllcenter 5580050.00
cellsize 12.50
NODATA_value -9999.000
[rows 170 to 203 of 317, columns 231 to 307 of 506]
1.954 1.826 1.681 1.585 1.559 1.588 1.708 1.951 2.312 2.604 2.742 2.773 2.755 2.649 2.383 1.910 1.243 0.635 0.262 0.089 0.033 0.017 0.012 0.009 0.007 0.006 0.004 0.003 0.003 0.002 0.001 0.001 0.001 0.000 0.000 0.000 0.000 0.000 0.000 0.000 0.000 0.000 0.000 0.000 0.000 0.000 0.000 0.000 0.000 0.000 0.000 0.000 0.000 0.000 0.000 0.000 0.000 0.000 0.000 0.000 0.000 0.000 0.000 0.000 0.000 0.000 0.000 0.000 0.000 0.000 0.000 0.000 0.000 0.000 0.000 0.000 0.000
2.096 1.921 1.783 1.717 1.708 1.752 1.928 2.313 2.936 3.503 3.772 3.807 3.722 3.508 3.139 2.596 1.878 1.083 0.489 0.168 0.054 0.024 0.015 0.011 0.009 0.007 0.005 0.004 0.003 0.003 0.002 0.001 0.001 0.001 0.000 0.000 0.000 0.000 0.000 0.000 0.000 0.000 0.000 0.000 0.000 0.000 0.000 0.000 0.000 0.000 0.000 0.000 0.000 0.000 0.000 0.000 0.000 0.000 0.000 0.000 0.000 0.000 0.000 0.000 0.000 0.000 0.000 0.000 0.000 0.000 0.000 0.000 0.000 0.000 0.000 0.000 0.000
2.142 1.974 1.865 1.826 1.830 1.882 2.069 2.508 3.260 3.968 4.302 4.344 4.226 3.956 3.552 3.005 2.306 1.455 0.724 0.275 0.087 0.033 0.018 0.013 0.010 0.008 0.006 0.005 0.004 0.003 0.002 0.002 0.001 0.001 0.001 0.000 0.000 0.000 0.000 0.000 0.000 0.000 0.000 0.000 0.000 0.000 0.000 0.000 0.000 0.000 0.000 0.000 0.000 0.000 0.000 0.000 0.000 0.000 0.000 0.000 0.000 0.000 0.000 0.000 0.000 0.000 0.000 0.000 0.000 0.000 0.000 0.000 0.000 0.000 0.000 0.000 0.000
2.164 2.037 1.959 1.938 1.948 2.005 2.195 2.638 3.395 4.114 4.475 4.538 4.425 4.144 3.740 3.218 2.554 1.725 0.930 0.396 0.134 0.047 0.023 0.015 0.011 0.009 0.008 0.006 0.005 0.004 0.003 0.002 0.002 0.001 0.001 0.001 0.000 0.000 0.000 0.000 0.000 0.000 0.000 0.000 0.000 0.000 0.000 0.000 0.000 0.000 0.000 0.000 0.000 0.000 0.000 0.000 0.000 0.000 0.000 0.000 0.000 0.000 0.000 0.000 0.000 0.000 0.000 0.000 0.000 0.000 0.000 0.000 0.000 0.000 0.000 0.000 0.001
2.178 2.117 2.073 2.056 2.063 2.127 2.327 2.762 3.458 4.119 4.481 4.555 4.452 4.179 3.782 3.289 2.691 1.953 1.145 0.540 0.202 0.070 0.030 0.018 0.013 0.011 0.009 0.007 0.006 0.005 0.004 0.003 0.003 0.002 0.001 0.001 0.001 0.000 0.000 0.000 0.000 0.000 0.000 0.000 0.000 0.000 0.000 0.000 0.000 0.000 0.000 0.000 0.000 0.000 0.000 0.000 0.000 0.000 0.000 0.000 0.000 0.000 0.000 0.000 0.000 0.000 0.000 0.000 0.000 0.000 0.000 0.000 0.000 0.000 0.001 0.001 0.002
2.155 2.163 2.158 2.154 2.175 2.261 2.479 2.900 3.520 4.059 4.364 4.437 4.357 4.111 3.742 3.289 2.777 2.185 1.442 0.745 0.310 0.112 0.045 0.024 0.016 0.012 0.010 0.009 0.007 0.006 0.005 0.004 0.003 0.003 0.002 0.001 0.001 0.001 0.001 0.000 0.000 0.000 0.000 0.000 0.000 0.000 0.000 0.000 0.000 0.000 0.000 0.000 0.000 0.000 0.000 0.000 0.000 0.000 0.000 0.000 0.000 0.000 0.000 0.000 0.000 0.000 0.000 0.000 0.000 0.000 0.000 0.000 0.001 0.001 0.002 0.003 0.005
2.124 2.170 2.206 2.242 2.306 2.441 2.690 3.093 3.572 3.905 4.066 4.102 4.044 3.864 3.575 3.217 2.820 2.385 1.803 1.058 0.489 0.194 0.076 0.035 0.021 0.015 0.012 0.010 0.008 0.007 0.006 0.005 0.004 0.003 0.003 0.002 0.002 0.001 0.001 0.001 0.000 0.000 0.000 0.000 0.000 0.000 0.000 0.000 0.000 0.000 0.000 0.000 0.000 0.000 0.000 0.000 0.000 0.000 0.000 0.000 0.000 0.000 0.000 0.000 0.000 0.000 0.000 0.000 0.000 0.000 0.000 0.001 0.002 0.003 0.004 0.006 0.008
2.110 2.165 2.236 2.335 2.476 2.683 2.960 3.276 3.534 3.646 3.647 3.596 3.522 3.416 3.254 3.038 2.778 2.470 2.044 1.399 0.750 0.345 0.144 0.062 0.031 0.019 0.014 0.012 0.010 0.008 0.007 0.006 0.005 0.004 0.003 0.003 0.002 0.002 0.001 0.001 0.001 0.001 0.000 0.000 0.000 0.000 0.000 0.000 0.000 0.000 0.000 0.000 0.000 0.000 0.000 0.000 0.000 0.000 0.000 0.000 0.000 0.000 0.000 0.000 0.000 0.000 0.000 0.000 0.000 0.001 0.001 0.002 0.004 0.005 0.007 0.009 0.012
2.109 2.172 2.274 2.433 2.647 2.895 3.143 3.347 3.444 3.438 3.356 3.231 3.123 3.019 2.905 2.777 2.635 2.438 2.126 1.654 1.063 0.576 0.275 0.121 0.055 0.029 0.019 0.014 0.012 0.010 0.008 0.007 0.006 0.005 0.004 0.004 0.003 0.003 0.002 0.002 0.001 0.001 0.001 0.001 0.000 0.000 0.000 0.000 0.000 0.000 0.000 0.000 0.000 0.000 0.000 0.000 0.000 0.000 0.000 0.000 0.000 0.000 0.000 0.000 0.000 0.000 0.000 0.000 0.001 0.002 0.003 0.005 0.006 0.009 0.011 0.015 0.019
2.128 2.208 2.341 2.526 2.763 3.007 3.200 3.320 3.347 3.300 3.179 3.026 2.907 2.799 2.691 2.580 2.465 2.332 2.130 1.815 1.378 0.884 0.480 0.233 0.106 0.050 0.027 0.018 0.014 0.012 0.010 0.008 0.007 0.006 0.005 0.005 0.004 0.003 0.003 0.003 0.002 0.002 0.001 0.001 0.001 0.001 0.000 0.000 0.000 0.000 0.000 0.000 0.000 0.000 0.000 0.000 0.000 0.000 0.000 0.000 0.001 0.001 0.001 0.001 0.001 0.001 0.001 0.002 0.003 0.004 0.005 0.008 0.010 0.013 0.018 0.024 0.033
2.191 2.286 2.429 2.606 2.819 3.029 3.175 3.246 3.252 3.197 3.069 2.908 2.781 2.672 2.571 2.474 2.378 2.277 2.144 1.939 1.644 1.227 0.760 0.415 0.205 0.095 0.045 0.026 0.018 0.014 0.012 0.010 0.009 0.008 0.007 0.006 0.005 0.005 0.004 0.003 0.003 0.003 0.002 0.002 0.001 0.001 0.001 0.001 0.000 0.000 0.000 0.000 0.000 0.000 0.000 0.000 0.000 0.000 0.001 0.001 0.002 0.002 0.002 0.002 0.002 0.003 0.003 0.004 0.005 0.007 0.009 0.012 0.015 0.021 0.031 0.046 0.070
2.299 2.393 2.524 2.679 2.854 3.008 3.111 3.165 3.176 3.130 3.006 2.838 2.703 2.591 2.498 2.422 2.354 2.283 2.196 2.068 1.858 1.533 1.088 0.668 0.369 0.183 0.085 0.044 0.027 0.019 0.015 0.012 0.010 0.009 0.008 0.007 0.006 0.006 0.005 0.005 0.004 0.004 0.003 0.003 0.002 0.002 0.002 0.001 0.001 0.001 0.001 0.001 0.001 0.001 0.001 0.001 0.001 0.002 0.002 0.003 0.003 0.004 0.004 0.004 0.005 0.005 0.006 0.007 0.008 0.010 0.013 0.017 0.024 0.038 0.064 0.111 0.176
2.430 2.517 2.629 2.760 2.890 2.997 3.074 3.117 3.126 3.087 2.972 2.806 2.668 2.552 2.462 2.402 2.365 2.331 2.290 2.212 2.053 1.786 1.415 0.987 0.613 0.341 0.173 0.086 0.047 0.029 0.020 0.015 0.012 0.011 0.010 0.009 0.008 0.007 0.007 0.006 0.005 0.005 0.004 0.004 0.004 0.003 0.003 0.003 0.003 0.002 0.002 0.002 0.002 0.002 0.002 0.003 0.003 0.004 0.005 0.006 0.006 0.007 0.007 0.007 0.008 0.008 0.009 0.010 0.012 0.015 0.020 0.027 0.044 0.083 0.169 0.313 0.469
2.559 2.667 2.775 2.868 2.943 3.011 3.070 3.100 3.101 3.064 2.959 2.805 2.667 2.550 2.458 2.409 2.400 2.407 2.397 2.342 2.220 2.016 1.732 1.365 0.960 0.612 0.355 0.191 0.102 0.056 0.033 0.021 0.016 0.013 0.012 0.011 0.010 0.009 0.008 0.008 0.007 0.006 0.006 0.005 0.005 0.005 0.004 0.004 0.004 0.004 0.004 0.004 0.004 0.004 0.005 0.005 0.006 0.007 0.008 0.009 0.010 0.010 0.011 0.011 0.012 0.013 0.014 0.015 0.018 0.023 0.031 0.050 0.097 0.214 0.465 0.847 1.165
2.695 2.847 2.971 3.033 3.054 3.076 3.100 3.110 3.102 3.065 2.982 2.858 2.731 2.618 2.525 2.472 2.464 2.476 2.472 2.431 2.347 2.218 2.036 1.777 1.424 1.041 0.695 0.419 0.230 0.120 0.062 0.035 0.023 0.017 0.015 0.013 0.012 0.011 0.010 0.010 0.009 0.008 0.008 0.007 0.007 0.007 0.006 0.006 0.006 0.006 0.006 0.007 0.007 0.007 0.008 0.009 0.010 0.011 0.012 0.014 0.015 0.015 0.016 0.016 0.017 0.018 0.020 0.023 0.028 0.037 0.057 0.106 0.226 0.506 1.048 1.769 2.289
2.813 2.980 3.122 3.205 3.230 3.224 3.208 3.188 3.167 3.138 3.092 3.020 2.930 2.840 2.744 2.642 2.574 2.546 2.531 2.503 2.456 2.389 2.288 2.133 1.914 1.610 1.232 0.822 0.467 0.239 0.117 0.061 0.036 0.025 0.020 0.017 0.015 0.014 0.013 0.012 0.011 0.010 0.010 0.009 0.009 0.009 0.009 0.009 0.009 0.009 0.009 0.010 0.010 0.011 0.012 0.013 0.015 0.017 0.019 0.021 0.023 0.023 0.024 0.024 0.025 0.027 0.031 0.037 0.049 0.071 0.120 0.230 0.468 0.914 1.613 2.443 3.023
2.900 3.061 3.197 3.293 3.348 3.371 3.379 3.370 3.356 3.346 3.332 3.313 3.282 3.228 3.117 2.922 2.730 2.626 2.592 2.583 2.570 2.541 2.491 2.421 2.324 2.160 1.869 1.398 0.823 0.419 0.205 0.106 0.060 0.039 0.028 0.023 0.020 0.019 0.017 0.016 0.015 0.013 0.013 0.012 0.011 0.011 0.011 0.011 0.011 0.012 0.013 0.014 0.015 0.016 0.018 0.020 0.023 0.026 0.029 0.033 0.036 0.038 0.039 0.040 0.042 0.046 0.056 0.073 0.103 0.157 0.258 0.448 0.764 1.218 1.859 2.653 3.224
2.957 3.101 3.220 3.310 3.379 3.437 3.514 3.617 3.669 3.685 3.693 3.684 3.643 3.563 3.416 3.166 2.893 2.729 2.675 2.677 2.687 2.687 2.691 2.699 2.684 2.610 2.391 1.935 1.234 0.654 0.331 0.175 0.100 0.062 0.043 0.034 0.029 0.026 0.025 0.023 0.021 0.018 0.016 0.015 0.015 0.015 0.014 0.015 0.015 0.016 0.017 0.019 0.022 0.025 0.029 0.033 0.039 0.045 0.052 0.060 0.067 0.071 0.074 0.077 0.084 0.098 0.126 0.174 0.249 0.353 0.505 0.723 0.993 1.337 1.873 2.580 3.080
2.979 3.107 3.215 3.302 3.381 3.469 3.616 3.836 3.958 3.981 3.965 3.916 3.837 3.723 3.552 3.310 3.046 2.866 2.792 2.784 2.800 2.847 2.936 3.008 3.031 2.990 2.785 2.318 1.583 0.912 0.497 0.275 0.160 0.100 0.069 0.053 0.045 0.042 0.039 0.037 0.033 0.027 0.023 0.020 0.019 0.019 0.019 0.019 0.020 0.022 0.025 0.030 0.036 0.044 0.053 0.064 0.077 0.094 0.114 0.132 0.147 0.159 0.170 0.183 0.207 0.251 0.328 0.443 0.572 0.701 0.825 0.946 1.086 1.320 1.722 2.173 2.441
2.964 3.081 3.182 3.275 3.374 3.506 3.735 3.997 4.124 4.137 4.087 3.990 3.884 3.760 3.584 3.378 3.181 3.021 2.935 2.915 2.938 3.069 3.271 3.377 3.395 3.325 3.072 2.563 1.821 1.157 0.700 0.415 0.252 0.162 0.114 0.091 0.081 0.078 0.077 0.075 0.066 0.050 0.036 0.030 0.027 0.025 0.025 0.026 0.028 0.033 0.042 0.056 0.074 0.094 0.116 0.142 0.177 0.228 0.289 0.336 0.370 0.399 0.429 0.473 0.549 0.662 0.813 0.975 1.086 1.130 1.094 1.052 1.073 1.172 1.316 1.398 1.363
2.881 3.000 3.112 3.227 3.365 3.573 3.865 4.091 4.180 4.178 4.108 3.991 3.876 3.749 3.572 3.399 3.273 3.168 3.100 3.091 3.171 3.435 3.731 3.830 3.798 3.627 3.264 2.668 1.944 1.360 0.929 0.613 0.398 0.270 0.203 0.174 0.167 0.176 0.187 0.187 0.168 0.122 0.075 0.052 0.042 0.038 0.037 0.038 0.043 0.057 0.086 0.133 0.183 0.231 0.282 0.340 0.421 0.553 0.703 0.807 0.874 0.924 0.978 1.069 1.222 1.396 1.520 1.567 1.527 1.418 1.240 1.074 0.960 0.866 0.784 0.706 0.612
2.681 2.828 2.980 3.141 3.337 3.616 3.924 4.116 4.179 4.166 4.091 3.970 3.849 3.715 3.535 3.394 3.322 3.288 3.286 3.343 3.540 3.900 4.152 4.206 4.129 3.866 3.376 2.672 1.995 1.497 1.126 0.841 0.620 0.466 0.383 0.357 0.367 0.433 0.494 0.504 0.462 0.340 0.194 0.116 0.081 0.068 0.064 0.066 0.080 0.122 0.213 0.353 0.476 0.571 0.655 0.744 0.882 1.114 1.326 1.429 1.465 1.484 1.519 1.611 1.777 1.913 1.950 1.895 1.749 1.536 1.282 1.013 0.761 0.561 0.431 0.341 0.272
2.303 2.511 2.730 2.960 3.229 3.578 3.902 4.086 4.131 4.107 4.030 3.922 3.806 3.666 3.488 3.379 3.346 3.362 3.438 3.585 3.848 4.184 4.357 4.386 4.302 4.000 3.420 2.637 2.005 1.556 1.226 0.982 0.812 0.711 0.668 0.671 0.753 0.950 1.095 1.124 1.049 0.818 0.491 0.279 0.178 0.137 0.127 0.131 0.173 0.302 0.552 0.857 1.087 1.228 1.315 1.384 1.476 1.621 1.738 1.774 1.751 1.725 1.734 1.804 1.955 2.060 2.069 1.984 1.800 1.550 1.246 0.886 0.576 0.369 0.249 0.181 0.140
1.693 1.991 2.291 2.606 2.957 3.377 3.742 3.952 4.010 3.994 3.937 3.854 3.752 3.614 3.451 3.365 3.355 3.401 3.524 3.716 3.980 4.250 4.387 4.409 4.330 4.018 3.374 2.548 1.955 1.543 1.236 1.020 0.894 0.846 0.854 0.937 1.140 1.429 1.604 1.639 1.553 1.293 0.886 0.566 0.379 0.291 0.266 0.281 0.402 0.728 1.243 1.691 1.958 2.060 2.068 2.009 1.923 1.895 1.890 1.860 1.795 1.741 1.730 1.771 1.886 1.977 1.989 1.921 1.746 1.478 1.117 0.716 0.421 0.246 0.156 0.111 0.089
0.967 1.252 1.599 1.997 2.443 2.940 3.373 3.667 3.808 3.841 3.821 3.771 3.692 3.564 3.416 3.351 3.354 3.418 3.549 3.739 3.960 4.138 4.223 4.226 4.118 3.764 3.065 2.253 1.711 1.368 1.130 0.970 0.886 0.866 0.906 1.052 1.323 1.616 1.779 1.815 1.736 1.488 1.097 0.785 0.605 0.523 0.503 0.563 0.835 1.407 2.035 2.398 2.554 2.583 2.534 2.394 2.184 2.014 1.904 1.809 1.688 1.582 1.523 1.510 1.550 1.605 1.628 1.601 1.477 1.235 0.871 0.512 0.284 0.164 0.105 0.079 0.067
0.457 0.625 0.849 1.165 1.603 2.153 2.708 3.167 3.472 3.618 3.664 3.654 3.603 3.497 3.373 3.327 3.343 3.417 3.525 3.632 3.693 3.670 3.594 3.483 3.277 2.860 2.185 1.531 1.132 0.921 0.812 0.760 0.746 0.775 0.865 1.050 1.338 1.602 1.747 1.781 1.719 1.497 1.140 0.863 0.720 0.673 0.690 0.834 1.226 1.886 2.441 2.705 2.777 2.770 2.699 2.542 2.301 2.039 1.806 1.583 1.354 1.163 1.035 0.970 0.951 0.960 0.979 0.982 0.933 0.785 0.535 0.310 0.179 0.110 0.077 0.062 0.056
0.175 0.251 0.362 0.527 0.779 1.156 1.681 2.282 2.821 3.184 3.375 3.430 3.414 3.351 3.279 3.259 3.287 3.342 3.360 3.253 3.016 2.674 2.339 2.047 1.745 1.386 0.975 0.660 0.485 0.411 0.389 0.400 0.441 0.527 0.679 0.910 1.183 1.388 1.497 1.525 1.488 1.332 1.060 0.843 0.736 0.715 0.767 0.967 1.392 2.023 2.498 2.708 2.747 2.729 2.659 2.521 2.292 1.956 1.551 1.179 0.875 0.668 0.546 0.488 0.470 0.468 0.470 0.468 0.447 0.386 0.277 0.174 0.112 0.078 0.061 0.053 0.049
0.058 0.082 0.122 0.188 0.299 0.481 0.760 1.161 1.710 2.317 2.778 2.991 3.053 3.058 3.058 3.073 3.090 3.050 2.864 2.439 1.875 1.387 1.056 0.825 0.639 0.469 0.320 0.219 0.169 0.153 0.153 0.163 0.191 0.253 0.376 0.579 0.782 0.902 0.959 0.975 0.964 0.903 0.783 0.692 0.659 0.679 0.766 0.988 1.389 1.890 2.226 2.356 2.369 2.351 2.312 2.234 2.044 1.671 1.159 0.774 0.535 0.385 0.298 0.254 0.238 0.232 0.228 0.221 0.207 0.181 0.140 0.100 0.074 0.059 0.051 0.047 0.046
0.021 0.027 0.039 0.058 0.092 0.154 0.260 0.431 0.714 1.179 1.758 2.217 2.455 2.571 2.634 2.661 2.616 2.394 1.930 1.343 0.860 0.562 0.386 0.278 0.203 0.146 0.103 0.077 0.065 0.063 0.064 0.069 0.082 0.108 0.165 0.266 0.363 0.415 0.436 0.440 0.436 0.421 0.398 0.403 0.441 0.523 0.662 0.882 1.153 1.369 1.463 1.482 1.479 1.486 1.518 1.524 1.430 1.148 0.753 0.496 0.343 0.246 0.186 0.153 0.138 0.130 0.123 0.115 0.105 0.093 0.078 0.065 0.055 0.049 0.046 0.044 0.044
0.009 0.011 0.015 0.020 0.029 0.045 0.073 0.123 0.224 0.434 0.796 1.224 1.571 1.803 1.905 1.905 1.773 1.441 0.972 0.578 0.332 0.202 0.135 0.098 0.075 0.057 0.045 0.038 0.035 0.035 0.035 0.038 0.043 0.053 0.074 0.114 0.150 0.169 0.176 0.176 0.175 0.171 0.173 0.183 0.214 0.287 0.413 0.548 0.618 0.631 0.625 0.615 0.615 0.635 0.692 0.737 0.728 0.630 0.455 0.321 0.233 0.171 0.130 0.106 0.092 0.084 0.076 0.069 0.063 0.057 0.053 0.049 0.047 0.045 0.044 0.043 0.043
0.005 0.006 0.007 0.009 0.012 0.016 0.023 0.036 0.062 0.127 0.271 0.509 0.753 0.918 0.985 0.979 0.885 0.673 0.402 0.219 0.123 0.078 0.056 0.045 0.038 0.033 0.029 0.026 0.025 0.025 0.025 0.026 0.028 0.032 0.040 0.055 0.067 0.074 0.076 0.076 0.076 0.076 0.077 0.083 0.097 0.129 0.181 0.219 0.230 0.228 0.224 0.223 0.226 0.238 0.271 0.314 0.332 0.320 0.272 0.215 0.166 0.127 0.098 0.080 0.068 0.061 0.054 0.049 0.045 0.043 0.043 0.044 0.044 0.044 0.043 0.043 0.043
0.004 0.004 0.005 0.006 0.007 0.008 0.011 0.014 0.021 0.037 0.077 0.160 0.275 0.353 0.384 0.383 0.345 0.254 0.146 0.082 0.051 0.037 0.031 0.028 0.026 0.024 0.022 0.021 0.021 0.020 0.020 0.021 0.022 0.023 0.027 0.032 0.037 0.039 0.040 0.040 0.040 0.040 0.042 0.044 0.050 0.060 0.075 0.083 0.085 0.085 0.086 0.087 0.090 0.095 0.110 0.136 0.159 0.168 0.165 0.149 0.124 0.098 0.077 0.063 0.053 0.047 0.042 0.039 0.037 0.037 0.039 0.042 0.043 0.043 0.043 0.043 0.043
0.003 0.003 0.003 0.004 0.005 0.006 0.007 0.008 0.010 0.015 0.024 0.046 0.082 0.107 0.117 0.118 0.110 0.086 0.054 0.035 0.027 0.023 0.022 0.021 0.020 0.020 0.019 0.018 0.018 0.017 0.017 0.018 0.018 0.019 0.020 0.023 0.025 0.026 0.026 0.026 0.026 0.027 0.027 0.029 0.031 0.034 0.038 0.039 0.040 0.040 0.041 0.043 0.045 0.048 0.055 0.068 0.087 0.100 0.105 0.103 0.093 0.076 0.061 0.050 0.043 0.039 0.035 0.034 0.034 0.035 0.038 0.041 0.043 0.043 0.044 0.044 0.044
0.002 0.002 0.002 0.003 0.003 0.004 0.005 0.006 0.007 0.009 0.012 0.017 0.027 0.034 0.038 0.038 0.037 0.033 0.025 0.019 0.017 0.017 0.016 0.017 0.017 0.016 0.016 0.015 0.015 0.015 0.015 0.015 0.016 0.016 0.017 0.018 0.019 0.020 0.020 0.020 0.020 0.020 0.021 0.022 0.023 0.024 0.025 0.025 0.026 0.026 0.027 0.028 0.030 0.033 0.036 0.043 0.055 0.067 0.073 0.073 0.069 0.059 0.049 0.042 0.036 0.033 0.032 0.031 0.032 0.034 0.038 0.041 0.043 0.044 0.044 0.045 0.047
