RESULTS/r.avaflow_results/14b_results/14b_ascii/14b_hflow0066.asc
ncols 506
nrows 317
xllcenter 498237.50
yllcenter 5580050.00
cellsize 12.50
NODATA_value -9999.000
[rows 170 to 203 of 317, columns 76 to 151 of 506]
0.074 0.093 0.126 0.188 0.304 0.496 0.777 1.110 1.428 1.721 2.017 2.348 2.757 3.277 3.917 4.568 5.091 5.482 5.809 6.139 6.493 6.879 7.295 7.725 8.193 8.666 9.085 9.452 9.802 10.142 10.488 10.897 11.339 11.814 12.379 13.009 13.689 14.445 15.253 16.102 16.944 17.769 18.571 19.410 20.359 21.361 22.486 23.602 24.735 25.947 27.335 28.981 30.965 33.087 35.055 36.880 38.358 39.751 41.361 43.173 45.026 46.829 48.221 49.126 49.837 50.210 50.083 49.653 49.607 49.532 48.852 48.175 47.666 46.853 46.396 45.985
0.193 0.243 0.327 0.465 0.675 0.955 1.282 1.603 1.895 2.190 2.518 2.910 3.405 4.009 4.704 5.318 5.798 6.194 6.573 6.957 7.360 7.781 8.226 8.655 9.090 9.499 9.874 10.211 10.537 10.865 11.192 11.570 12.007 12.465 13.020 13.651 14.360 15.139 15.986 16.881 17.787 18.682 19.571 20.505 21.547 22.631 23.816 25.015 26.241 27.560 29.004 30.590 32.569 34.545 36.271 37.880 39.277 40.820 42.561 44.486 46.402 48.035 49.172 49.774 50.166 50.312 50.172 49.719 49.646 49.578 48.987 48.511 48.099 47.580 47.466 47.471
0.384 0.481 0.616 0.797 1.026 1.295 1.590 1.883 2.176 2.489 2.841 3.261 3.774 4.380 5.055 5.653 6.174 6.670 7.163 7.640 8.113 8.569 9.043 9.477 9.877 10.237 10.566 10.880 11.182 11.488 11.817 12.179 12.585 13.034 13.580 14.197 14.914 15.709 16.607 17.553 18.490 19.472 20.464 21.526 22.649 23.842 25.110 26.393 27.686 29.036 30.444 31.888 33.741 35.530 37.054 38.503 39.885 41.606 43.493 45.475 47.320 48.830 49.759 50.086 50.192 50.120 50.069 49.709 49.631 49.574 49.167 48.916 48.779 48.494 48.438 48.738
0.534 0.656 0.809 0.997 1.221 1.476 1.755 2.055 2.367 2.698 3.058 3.470 3.951 4.513 5.144 5.772 6.384 7.007 7.619 8.195 8.740 9.241 9.732 10.167 10.541 10.873 11.172 11.462 11.751 12.042 12.356 12.701 13.077 13.512 14.044 14.648 15.373 16.194 17.093 18.073 19.098 20.177 21.256 22.434 23.644 24.923 26.248 27.651 29.014 30.359 31.749 32.992 34.475 36.032 37.431 38.692 40.074 41.846 43.818 45.932 47.627 49.068 49.913 50.058 50.044 49.983 49.982 49.734 49.759 49.794 49.633 49.578 49.585 49.368 49.280 49.587
0.610 0.745 0.907 1.100 1.327 1.585 1.869 2.176 2.496 2.832 3.193 3.595 4.049 4.581 5.191 5.847 6.525 7.231 7.951 8.619 9.246 9.814 10.315 10.751 11.114 11.422 11.715 11.993 12.258 12.535 12.831 13.144 13.498 13.917 14.427 15.005 15.723 16.538 17.446 18.458 19.562 20.727 21.971 23.239 24.550 25.927 27.290 28.703 29.986 31.345 32.684 33.781 34.892 35.954 37.238 38.625 39.989 41.706 43.683 45.809 47.413 48.758 49.569 49.740 49.768 49.785 49.859 49.818 49.864 49.931 49.850 49.823 49.789 49.562 49.509 49.894
0.646 0.791 0.964 1.169 1.406 1.671 1.957 2.258 2.572 2.900 3.260 3.657 4.103 4.631 5.236 5.903 6.617 7.361 8.151 8.916 9.626 10.255 10.799 11.250 11.598 11.902 12.177 12.436 12.696 12.958 13.236 13.531 13.868 14.264 14.738 15.287 15.971 16.789 17.702 18.725 19.898 21.123 22.492 23.878 25.375 26.820 28.237 29.609 30.849 32.183 33.432 34.427 35.278 36.026 36.919 38.221 39.465 41.068 42.962 45.072 46.725 48.047 48.796 49.026 49.176 49.410 49.681 49.848 49.917 49.964 49.854 49.812 49.778 49.596 49.642 50.130
0.662 0.814 1.000 1.218 1.469 1.738 2.017 2.303 2.602 2.924 3.281 3.678 4.132 4.660 5.265 5.940 6.674 7.447 8.254 9.093 9.885 10.573 11.168 11.655 12.012 12.297 12.562 12.819 13.078 13.330 13.592 13.872 14.180 14.535 14.976 15.510 16.155 16.938 17.831 18.877 20.090 21.396 22.870 24.409 26.003 27.458 28.899 30.285 31.547 32.840 33.975 34.855 35.557 36.090 36.576 37.389 38.413 39.974 41.904 44.147 45.882 47.297 48.164 48.489 48.788 49.247 49.478 49.581 49.655 49.635 49.495 49.461 49.436 49.252 49.330 49.892
0.665 0.822 1.015 1.250 1.517 1.785 2.049 2.320 2.608 2.927 3.280 3.679 4.141 4.673 5.280 5.960 6.698 7.481 8.295 9.163 10.014 10.770 11.413 11.931 12.343 12.653 12.914 13.157 13.394 13.636 13.876 14.135 14.425 14.750 15.153 15.656 16.265 17.011 17.888 18.935 20.168 21.566 23.113 24.773 26.405 27.882 29.314 30.670 31.871 33.078 34.070 34.892 35.552 36.103 36.592 36.864 37.360 38.695 40.832 43.181 45.008 46.520 47.521 47.907 48.305 48.895 49.030 49.025 49.127 49.153 49.042 49.011 48.984 48.829 48.879 49.469
0.649 0.814 1.014 1.262 1.547 1.808 2.060 2.321 2.604 2.918 3.269 3.672 4.137 4.674 5.287 5.970 6.708 7.486 8.303 9.168 10.053 10.848 11.554 12.136 12.589 12.937 13.208 13.444 13.668 13.897 14.118 14.355 14.626 14.926 15.286 15.744 16.315 17.025 17.895 18.946 20.199 21.633 23.316 25.122 26.748 28.250 29.695 31.000 32.116 33.207 34.120 34.912 35.545 36.079 36.550 36.729 36.998 37.868 39.725 41.979 43.920 45.386 46.342 46.776 47.186 47.746 47.831 47.717 47.775 47.882 47.835 47.826 47.813 47.725 47.757 48.367
0.567 0.755 0.973 1.246 1.552 1.812 2.055 2.309 2.585 2.890 3.238 3.644 4.115 4.665 5.287 5.972 6.703 7.479 8.291 9.149 10.054 10.866 11.596 12.228 12.738 13.134 13.443 13.686 13.900 14.118 14.336 14.557 14.804 15.072 15.388 15.809 16.344 17.015 17.885 18.912 20.182 21.675 23.383 25.314 27.041 28.510 29.921 31.258 32.327 33.365 34.280 35.019 35.592 36.183 36.609 36.715 36.841 37.299 38.562 40.578 42.572 43.929 44.814 45.227 45.582 46.110 46.236 46.126 46.214 46.281 46.155 46.104 46.109 46.267 46.561 47.283
0.401 0.617 0.876 1.198 1.528 1.791 2.026 2.270 2.534 2.830 3.169 3.576 4.062 4.631 5.273 5.962 6.684 7.446 8.246 9.091 10.000 10.853 11.603 12.264 12.818 13.261 13.613 13.890 14.113 14.317 14.528 14.733 14.948 15.191 15.466 15.837 16.334 16.974 17.808 18.847 20.103 21.626 23.379 25.326 27.093 28.566 29.941 31.247 32.273 33.335 34.284 35.017 35.493 36.049 36.472 36.493 36.560 36.964 37.813 39.178 40.974 42.449 43.262 43.549 43.752 44.260 44.465 44.406 44.445 44.445 44.274 44.225 44.417 44.830 45.349 46.150
0.215 0.420 0.720 1.100 1.454 1.722 1.955 2.193 2.445 2.725 3.044 3.436 3.922 4.502 5.166 5.886 6.611 7.351 8.128 8.948 9.845 10.751 11.565 12.255 12.838 13.320 13.709 14.027 14.276 14.491 14.691 14.876 15.070 15.284 15.538 15.854 16.311 16.901 17.677 18.692 19.947 21.512 23.311 25.264 27.063 28.566 29.868 31.055 32.020 33.011 33.913 34.672 35.212 35.770 36.147 36.221 36.301 36.668 37.319 38.176 39.392 40.732 41.451 41.731 41.907 42.285 42.524 42.506 42.583 42.660 42.487 42.435 42.785 43.312 43.893 44.795
0.092 0.234 0.516 0.930 1.318 1.596 1.832 2.068 2.312 2.575 2.866 3.216 3.662 4.216 4.869 5.618 6.391 7.127 7.878 8.682 9.573 10.535 11.442 12.203 12.820 13.331 13.755 14.105 14.384 14.624 14.826 14.999 15.184 15.374 15.596 15.890 16.324 16.866 17.597 18.536 19.741 21.292 23.115 25.153 26.939 28.444 29.756 30.865 31.769 32.682 33.593 34.362 34.953 35.500 35.937 36.106 36.258 36.552 36.907 37.411 38.115 38.822 39.529 40.124 40.407 40.779 40.964 41.008 41.140 41.229 41.146 41.184 41.605 42.103 42.621 43.361
0.031 0.105 0.303 0.674 1.106 1.412 1.656 1.892 2.131 2.380 2.639 2.931 3.301 3.778 4.370 5.090 5.891 6.661 7.426 8.234 9.119 10.146 11.218 12.118 12.796 13.318 13.765 14.139 14.451 14.720 14.932 15.117 15.298 15.475 15.679 15.966 16.359 16.868 17.554 18.434 19.570 21.019 22.834 24.926 26.762 28.288 29.593 30.660 31.550 32.343 33.135 33.819 34.484 35.112 35.642 35.861 36.074 36.325 36.380 36.586 37.214 37.503 37.838 38.524 39.048 39.377 39.502 39.565 39.687 39.844 39.885 39.980 40.391 40.854 41.346 41.968
0.010 0.038 0.143 0.399 0.810 1.169 1.430 1.671 1.906 2.139 2.369 2.605 2.884 3.253 3.740 4.367 5.119 5.922 6.735 7.578 8.486 9.576 10.814 11.912 12.723 13.279 13.747 14.144 14.486 14.774 15.010 15.216 15.405 15.596 15.804 16.068 16.437 16.935 17.560 18.384 19.434 20.788 22.525 24.535 26.365 27.884 29.144 30.197 31.047 31.795 32.521 33.142 33.685 34.294 34.887 35.261 35.589 35.845 35.980 36.214 36.592 36.744 36.903 37.269 37.867 38.304 38.397 38.401 38.468 38.596 38.595 38.664 39.059 39.474 39.898 40.484
0.005 0.013 0.055 0.196 0.492 0.863 1.162 1.408 1.640 1.860 2.072 2.285 2.519 2.815 3.206 3.721 4.371 5.123 5.938 6.815 7.759 8.888 10.260 11.565 12.542 13.197 13.697 14.109 14.480 14.799 15.080 15.317 15.522 15.729 15.954 16.213 16.570 17.037 17.623 18.410 19.379 20.605 22.151 24.015 25.810 27.355 28.651 29.707 30.478 31.199 31.815 32.257 32.611 33.127 33.767 34.382 34.982 35.313 35.597 35.885 36.014 36.077 36.162 36.198 36.523 37.041 37.309 37.354 37.399 37.461 37.461 37.473 37.633 37.896 38.198 38.712
0.004 0.006 0.018 0.078 0.244 0.532 0.845 1.108 1.339 1.556 1.766 1.980 2.207 2.471 2.812 3.265 3.847 4.545 5.339 6.209 7.157 8.251 9.598 11.047 12.195 13.005 13.566 14.029 14.438 14.797 15.114 15.401 15.648 15.888 16.145 16.432 16.780 17.227 17.784 18.514 19.417 20.514 21.868 23.476 25.215 26.690 27.991 29.095 29.824 30.428 30.959 31.285 31.395 31.623 32.275 33.218 34.165 34.661 35.067 35.329 35.377 35.311 35.279 35.357 35.564 35.881 36.251 36.444 36.453 36.410 36.350 36.270 36.216 36.263 36.444 36.939
0.004 0.004 0.007 0.025 0.096 0.255 0.492 0.747 0.993 1.225 1.451 1.680 1.924 2.200 2.540 2.975 3.521 4.177 4.937 5.780 6.702 7.731 8.927 10.342 11.636 12.636 13.343 13.891 14.355 14.765 15.125 15.445 15.735 16.026 16.327 16.657 17.034 17.486 18.023 18.691 19.496 20.477 21.660 23.019 24.594 25.982 27.200 28.197 28.939 29.556 29.971 30.104 30.152 30.283 30.867 31.834 32.949 33.638 34.137 34.414 34.502 34.525 34.534 34.548 34.562 34.678 34.906 35.235 35.348 35.268 35.158 35.015 34.851 34.681 34.725 35.050
0.004 0.003 0.004 0.008 0.029 0.092 0.214 0.386 0.594 0.833 1.093 1.364 1.650 1.971 2.349 2.804 3.343 3.970 4.689 5.490 6.368 7.323 8.377 9.598 10.906 12.081 12.986 13.660 14.211 14.671 15.096 15.459 15.798 16.136 16.465 16.819 17.217 17.672 18.197 18.829 19.556 20.445 21.470 22.691 24.050 25.288 26.386 27.275 27.950 28.487 28.912 29.041 29.106 29.256 29.709 30.506 31.581 32.450 33.029 33.335 33.437 33.520 33.565 33.660 33.669 33.632 33.684 33.847 33.991 33.939 33.858 33.604 33.311 32.978 32.864 32.879
0.004 0.003 0.003 0.003 0.008 0.024 0.068 0.151 0.285 0.479 0.733 1.039 1.381 1.761 2.191 2.681 3.235 3.849 4.534 5.291 6.124 7.018 7.964 8.994 10.158 11.393 12.486 13.318 13.997 14.542 15.020 15.432 15.809 16.188 16.552 16.921 17.319 17.771 18.275 18.876 19.583 20.414 21.305 22.347 23.467 24.571 25.584 26.388 27.037 27.525 27.927 28.116 28.196 28.333 28.684 29.357 30.291 31.141 31.780 32.165 32.298 32.444 32.479 32.521 32.557 32.390 32.340 32.213 32.241 32.183 32.215 31.972 31.607 31.106 30.730 30.378
0.004 0.003 0.002 0.002 0.003 0.006 0.017 0.044 0.109 0.236 0.450 0.752 1.129 1.565 2.048 2.573 3.143 3.755 4.414 5.134 5.919 6.764 7.640 8.555 9.550 10.693 11.870 12.866 13.675 14.331 14.890 15.371 15.796 16.195 16.579 16.958 17.361 17.811 18.300 18.880 19.557 20.302 21.111 22.021 22.998 24.007 24.899 25.647 26.248 26.707 27.096 27.302 27.426 27.552 27.876 28.355 28.990 29.745 30.311 30.690 30.865 30.982 31.029 31.007 31.033 30.926 30.867 30.539 30.393 30.306 30.248 30.069 29.668 28.991 28.282 27.648
0.003 0.003 0.002 0.002 0.002 0.003 0.005 0.012 0.036 0.103 0.254 0.521 0.905 1.382 1.912 2.470 3.054 3.667 4.310 5.004 5.756 6.556 7.379 8.228 9.117 10.124 11.245 12.317 13.256 14.038 14.698 15.269 15.767 16.183 16.585 16.967 17.369 17.812 18.300 18.861 19.480 20.169 20.892 21.664 22.512 23.420 24.226 24.943 25.522 26.002 26.374 26.597 26.748 26.899 27.139 27.518 27.963 28.505 28.933 29.287 29.466 29.543 29.619 29.578 29.485 29.358 29.231 28.882 28.561 28.289 27.924 27.582 27.098 26.452 25.558 24.614
0.003 0.003 0.002 0.002 0.002 0.002 0.002 0.004 0.013 0.044 0.136 0.348 0.714 1.210 1.778 2.365 2.963 3.576 4.213 4.890 5.616 6.382 7.173 7.976 8.809 9.717 10.717 11.761 12.760 13.650 14.420 15.101 15.662 16.123 16.556 16.942 17.331 17.775 18.254 18.779 19.361 19.987 20.605 21.280 22.032 22.834 23.615 24.302 24.875 25.327 25.699 25.987 26.148 26.299 26.457 26.739 27.040 27.333 27.637 27.854 27.947 27.931 27.957 27.941 27.839 27.647 27.418 27.047 26.617 26.180 25.530 24.886 24.232 23.423 22.365 21.258
0.004 0.003 0.002 0.002 0.002 0.002 0.002 0.002 0.005 0.019 0.069 0.223 0.547 1.039 1.633 2.246 2.857 3.474 4.113 4.781 5.490 6.235 7.002 7.776 8.573 9.423 10.327 11.295 12.279 13.227 14.077 14.837 15.469 16.005 16.455 16.850 17.249 17.683 18.125 18.602 19.137 19.690 20.255 20.843 21.506 22.260 22.994 23.651 24.210 24.686 25.078 25.334 25.436 25.592 25.750 25.877 26.043 26.153 26.331 26.376 26.419 26.319 26.265 26.212 26.052 25.775 25.496 25.036 24.434 23.817 22.998 22.053 21.071 20.063 18.939 17.766
0.004 0.003 0.003 0.002 0.002 0.002 0.002 0.002 0.003 0.009 0.033 0.128 0.389 0.850 1.453 2.092 2.719 3.353 4.001 4.668 5.370 6.104 6.855 7.611 8.382 9.187 10.038 10.935 11.875 12.822 13.697 14.483 15.176 15.761 16.253 16.662 17.066 17.485 17.919 18.369 18.840 19.304 19.794 20.311 20.908 21.634 22.321 22.969 23.488 23.931 24.280 24.528 24.635 24.767 24.863 24.903 24.969 24.925 24.958 24.896 24.842 24.675 24.551 24.443 24.213 23.829 23.393 22.827 22.108 21.235 20.187 19.031 17.860 16.726 15.636 14.531
0.005 0.004 0.003 0.003 0.002 0.002 0.002 0.002 0.002 0.004 0.015 0.064 0.236 0.622 1.205 1.870 2.533 3.198 3.869 4.552 5.250 5.983 6.725 7.461 8.213 8.985 9.788 10.624 11.505 12.395 13.275 14.079 14.802 15.412 15.906 16.337 16.776 17.208 17.616 18.038 18.439 18.836 19.247 19.705 20.239 20.886 21.596 22.187 22.656 23.050 23.349 23.612 23.696 23.736 23.743 23.695 23.639 23.534 23.478 23.353 23.186 22.969 22.745 22.497 22.152 21.745 21.188 20.475 19.547 18.415 17.154 15.864 14.709 13.652 12.638 11.592
0.007 0.005 0.004 0.003 0.003 0.003 0.002 0.002 0.002 0.003 0.007 0.029 0.121 0.385 0.880 1.551 2.277 2.998 3.712 4.424 5.134 5.869 6.609 7.332 8.057 8.795 9.556 10.340 11.158 11.998 12.827 13.600 14.314 14.928 15.467 15.948 16.380 16.804 17.207 17.610 17.944 18.272 18.640 19.048 19.517 20.055 20.705 21.259 21.680 22.010 22.289 22.485 22.522 22.526 22.462 22.355 22.186 22.026 21.885 21.697 21.421 21.148 20.839 20.492 20.022 19.509 18.781 17.903 16.799 15.444 14.063 12.834 11.776 10.801 9.865 8.938
0.009 0.006 0.005 0.004 0.003 0.003 0.002 0.002 0.002 0.002 0.004 0.013 0.057 0.211 0.574 1.175 1.946 2.762 3.534 4.284 5.019 5.759 6.489 7.199 7.901 8.607 9.322 10.052 10.814 11.600 12.367 13.098 13.788 14.381 14.936 15.418 15.864 16.278 16.668 17.028 17.360 17.664 17.969 18.301 18.689 19.154 19.693 20.183 20.567 20.834 21.054 21.164 21.169 21.137 21.018 20.849 20.571 20.335 20.113 19.837 19.475 19.146 18.764 18.336 17.752 17.089 16.210 15.129 13.806 12.430 11.197 10.109 9.145 8.270 7.494 6.812
0.010 0.007 0.005 0.004 0.004 0.003 0.002 0.002 0.002 0.002 0.002 0.007 0.028 0.113 0.361 0.869 1.633 2.535 3.366 4.143 4.902 5.651 6.373 7.062 7.740 8.415 9.085 9.759 10.453 11.179 11.885 12.566 13.219 13.797 14.342 14.827 15.260 15.636 16.016 16.345 16.644 16.928 17.196 17.484 17.791 18.157 18.607 19.005 19.300 19.474 19.593 19.656 19.651 19.585 19.412 19.186 18.863 18.539 18.205 17.842 17.434 17.012 16.510 15.964 15.265 14.433 13.350 12.071 10.774 9.608 8.596 7.715 6.954 6.304 5.766 5.361
0.012 0.008 0.006 0.005 0.004 0.003 0.002 0.002 0.002 0.002 0.002 0.005 0.017 0.069 0.243 0.672 1.400 2.336 3.206 3.998 4.772 5.526 6.246 6.922 7.572 8.211 8.839 9.465 10.103 10.753 11.387 12.011 12.608 13.153 13.663 14.117 14.529 14.896 15.242 15.562 15.857 16.121 16.349 16.584 16.818 17.082 17.406 17.679 17.875 17.974 18.001 17.991 17.957 17.876 17.675 17.395 17.017 16.616 16.173 15.717 15.232 14.735 14.129 13.457 12.608 11.541 10.313 9.108 8.065 7.168 6.433 5.820 5.322 4.933 4.660 4.514
0.014 0.010 0.007 0.005 0.004 0.003 0.002 0.002 0.001 0.001 0.002 0.003 0.013 0.052 0.190 0.566 1.241 2.152 3.032 3.828 4.612 5.376 6.098 6.765 7.396 7.998 8.582 9.155 9.723 10.298 10.871 11.426 11.962 12.444 12.897 13.325 13.707 14.051 14.378 14.702 14.963 15.219 15.427 15.610 15.765 15.945 16.130 16.247 16.329 16.342 16.348 16.297 16.217 16.081 15.840 15.515 15.092 14.600 14.069 13.524 12.966 12.375 11.698 10.901 9.905 8.737 7.608 6.648 5.886 5.280 4.822 4.468 4.208 4.045 3.975 3.986
0.015 0.011 0.008 0.006 0.004 0.003 0.002 0.002 0.001 0.001 0.002 0.003 0.011 0.045 0.169 0.510 1.128 1.972 2.825 3.613 4.398 5.177 5.910 6.584 7.203 7.777 8.317 8.839 9.343 9.853 10.367 10.835 11.295 11.704 12.081 12.438 12.766 13.096 13.425 13.727 14.000 14.231 14.405 14.551 14.632 14.716 14.792 14.807 14.831 14.803 14.752 14.645 14.479 14.262 13.953 13.552 13.069 12.508 11.909 11.282 10.653 10.003 9.279 8.400 7.352 6.293 5.426 4.773 4.303 3.971 3.745 3.593 3.502 3.464 3.479 3.583
0.017 0.012 0.009 0.006 0.005 0.003 0.002 0.002 0.001 0.001 0.001 0.003 0.011 0.043 0.160 0.473 1.025 1.768 2.559 3.326 4.103 4.894 5.654 6.350 6.973 7.526 8.032 8.505 8.958 9.395 9.825 10.220 10.581 10.884 11.180 11.453 11.739 12.040 12.355 12.632 12.905 13.115 13.274 13.370 13.418 13.438 13.445 13.423 13.377 13.316 13.202 13.016 12.749 12.424 12.028 11.536 10.969 10.341 9.672 8.987 8.300 7.581 6.786 5.885 4.992 4.277 3.778 3.469 3.285 3.174 3.101 3.051 3.026 3.027 3.101 3.333
0.017 0.012 0.009 0.006 0.004 0.003 0.002 0.002 0.001 0.001 0.001 0.003 0.011 0.042 0.154 0.433 0.905 1.526 2.222 2.948 3.700 4.490 5.297 6.046 6.696 7.241 7.717 8.144 8.542 8.903 9.234 9.525 9.782 10.006 10.225 10.422 10.626 10.866 11.139 11.409 11.661 11.868 12.020 12.081 12.102 12.088 12.070 12.019 11.943 11.832 11.657 11.400 11.057 10.607 10.071 9.461 8.799 8.103 7.379 6.595 5.754 4.924 4.184 3.545 3.058 2.761 2.635 2.642 2.675 2.690 2.687 2.676 2.669 2.710 2.897 3.271
