RESULTS/r.avaflow_results/14b_results/14b_ascii/14b_hflow0051.asc
ncols 506
nrows 317
xllcenter 498237.50
yllcenter 5580050.00
cellsize 12.50
NODATA_value -9999.000
[rows 204 to 237 of 317, columns 228 to 303 of 506]
0.016 0.016 0.016 0.015 0.014 0.014 0.013 0.013 0.013 0.014 0.015 0.017 0.022 0.032 0.052 0.083 0.105 0.117 0.122 0.123 0.117 0.100 0.083 0.075 0.074 0.076 0.077 0.075 0.070 0.062 0.054 0.048 0.044 0.041 0.039 0.037 0.037 0.037 0.038 0.038 0.038 0.037 0.037 0.037 0.038 0.039 0.041 0.043 0.044 0.045 0.045 0.045 0.045 0.048 0.053 0.061 0.073 0.091 0.120 0.162 0.196 0.211 0.213 0.208 0.192 0.168 0.142 0.122 0.109 0.101 0.099 0.100 0.105 0.114 0.123 0.127
0.007 0.007 0.008 0.008 0.008 0.008 0.008 0.008 0.008 0.009 0.009 0.010 0.012 0.015 0.021 0.030 0.037 0.042 0.045 0.046 0.046 0.044 0.041 0.041 0.044 0.049 0.052 0.053 0.052 0.048 0.044 0.039 0.036 0.034 0.032 0.031 0.031 0.030 0.030 0.030 0.030 0.030 0.030 0.030 0.031 0.032 0.034 0.035 0.036 0.037 0.037 0.038 0.039 0.042 0.047 0.054 0.063 0.078 0.098 0.127 0.150 0.162 0.164 0.161 0.151 0.135 0.118 0.104 0.096 0.092 0.092 0.095 0.103 0.114 0.126 0.137
0.003 0.003 0.004 0.004 0.004 0.005 0.005 0.005 0.005 0.006 0.006 0.006 0.007 0.009 0.011 0.014 0.017 0.019 0.020 0.022 0.023 0.023 0.024 0.025 0.028 0.032 0.035 0.037 0.037 0.036 0.034 0.032 0.030 0.028 0.027 0.026 0.026 0.025 0.025 0.025 0.026 0.026 0.026 0.026 0.027 0.028 0.029 0.031 0.032 0.033 0.034 0.035 0.037 0.040 0.044 0.050 0.058 0.069 0.084 0.104 0.120 0.128 0.130 0.128 0.122 0.112 0.100 0.091 0.087 0.085 0.087 0.093 0.103 0.118 0.138 0.158
0.001 0.001 0.002 0.002 0.002 0.003 0.003 0.003 0.003 0.003 0.004 0.004 0.005 0.005 0.006 0.008 0.009 0.011 0.012 0.013 0.014 0.015 0.016 0.018 0.020 0.022 0.024 0.026 0.027 0.027 0.026 0.025 0.024 0.023 0.023 0.022 0.022 0.021 0.021 0.022 0.022 0.022 0.023 0.023 0.024 0.025 0.026 0.027 0.029 0.030 0.032 0.033 0.035 0.038 0.042 0.048 0.054 0.063 0.074 0.088 0.099 0.105 0.106 0.105 0.101 0.094 0.087 0.082 0.080 0.081 0.084 0.093 0.106 0.128 0.160 0.189
0.000 0.000 0.001 0.001 0.001 0.001 0.001 0.001 0.002 0.002 0.002 0.002 0.003 0.003 0.004 0.005 0.006 0.007 0.007 0.008 0.009 0.010 0.012 0.013 0.014 0.016 0.017 0.019 0.019 0.020 0.020 0.020 0.020 0.019 0.019 0.018 0.018 0.018 0.018 0.019 0.019 0.019 0.020 0.020 0.021 0.022 0.023 0.025 0.026 0.028 0.030 0.032 0.035 0.038 0.041 0.046 0.051 0.057 0.065 0.075 0.084 0.088 0.089 0.089 0.086 0.082 0.078 0.076 0.076 0.078 0.084 0.096 0.116 0.147 0.184 0.211
0.000 0.000 0.000 0.000 0.000 0.000 0.000 0.000 0.000 0.001 0.001 0.001 0.001 0.002 0.002 0.003 0.003 0.004 0.005 0.006 0.006 0.007 0.008 0.009 0.011 0.012 0.013 0.014 0.015 0.015 0.016 0.016 0.016 0.016 0.015 0.015 0.015 0.015 0.016 0.016 0.016 0.017 0.017 0.018 0.019 0.020 0.021 0.023 0.024 0.026 0.029 0.031 0.034 0.037 0.040 0.043 0.047 0.051 0.057 0.063 0.071 0.075 0.076 0.076 0.075 0.073 0.072 0.072 0.074 0.079 0.087 0.103 0.129 0.165 0.198 0.219
0.000 0.000 0.000 0.000 0.000 0.000 0.000 0.000 0.000 0.000 0.000 0.000 0.000 0.001 0.001 0.001 0.002 0.002 0.003 0.003 0.004 0.005 0.006 0.007 0.008 0.009 0.010 0.010 0.011 0.012 0.012 0.012 0.013 0.013 0.013 0.013 0.013 0.013 0.013 0.014 0.014 0.015 0.015 0.016 0.017 0.018 0.019 0.021 0.023 0.025 0.028 0.031 0.034 0.036 0.039 0.041 0.043 0.046 0.049 0.054 0.059 0.063 0.065 0.066 0.067 0.067 0.068 0.070 0.074 0.081 0.093 0.113 0.141 0.174 0.202 0.219
0.000 0.000 0.000 0.000 0.000 0.000 0.000 0.000 0.000 0.000 0.000 0.000 0.000 0.000 0.000 0.000 0.001 0.001 0.001 0.002 0.002 0.003 0.004 0.004 0.005 0.006 0.007 0.008 0.008 0.009 0.009 0.010 0.010 0.010 0.010 0.011 0.011 0.011 0.011 0.012 0.012 0.013 0.013 0.014 0.015 0.016 0.017 0.019 0.021 0.024 0.027 0.030 0.033 0.035 0.037 0.038 0.039 0.040 0.042 0.045 0.049 0.053 0.056 0.058 0.059 0.061 0.064 0.068 0.075 0.084 0.098 0.118 0.145 0.176 0.198 0.211
0.000 0.000 0.000 0.000 0.000 0.000 0.000 0.000 0.000 0.000 0.000 0.000 0.000 0.000 0.000 0.000 0.000 0.000 0.000 0.001 0.001 0.001 0.002 0.003 0.003 0.004 0.005 0.006 0.006 0.007 0.007 0.007 0.008 0.008 0.008 0.009 0.009 0.009 0.010 0.010 0.010 0.011 0.012 0.012 0.013 0.014 0.016 0.018 0.020 0.023 0.026 0.029 0.031 0.033 0.033 0.034 0.034 0.035 0.036 0.038 0.041 0.044 0.047 0.050 0.053 0.056 0.061 0.067 0.076 0.086 0.100 0.118 0.144 0.168 0.183 0.187
0.000 0.000 0.000 0.000 0.000 0.000 0.000 0.000 0.000 0.000 0.000 0.000 0.000 0.000 0.000 0.000 0.000 0.000 0.000 0.000 0.000 0.001 0.001 0.001 0.002 0.003 0.003 0.004 0.004 0.005 0.005 0.005 0.006 0.006 0.006 0.007 0.007 0.008 0.008 0.008 0.009 0.009 0.010 0.011 0.012 0.013 0.014 0.016 0.019 0.022 0.025 0.028 0.029 0.030 0.030 0.030 0.030 0.030 0.031 0.032 0.034 0.037 0.040 0.043 0.047 0.051 0.057 0.065 0.075 0.085 0.098 0.114 0.132 0.145 0.149 0.146
0.000 0.000 0.000 0.000 0.000 0.000 0.000 0.000 0.000 0.000 0.000 0.000 0.000 0.000 0.000 0.000 0.000 0.000 0.000 0.000 0.000 0.000 0.000 0.001 0.001 0.001 0.002 0.002 0.003 0.003 0.004 0.004 0.004 0.005 0.005 0.005 0.006 0.006 0.006 0.007 0.007 0.008 0.009 0.010 0.011 0.012 0.013 0.015 0.018 0.021 0.023 0.025 0.026 0.026 0.026 0.026 0.026 0.026 0.027 0.027 0.029 0.031 0.033 0.036 0.040 0.045 0.052 0.060 0.070 0.080 0.090 0.100 0.106 0.106 0.103 0.097
0.000 0.000 0.000 0.000 0.000 0.000 0.000 0.000 0.000 0.000 0.000 0.000 0.000 0.000 0.000 0.000 0.000 0.000 0.000 0.000 0.000 0.000 0.000 0.000 0.000 0.001 0.001 0.001 0.002 0.002 0.002 0.003 0.003 0.003 0.004 0.004 0.004 0.005 0.005 0.006 0.006 0.007 0.007 0.008 0.009 0.010 0.012 0.014 0.016 0.019 0.021 0.021 0.022 0.022 0.022 0.022 0.022 0.022 0.023 0.023 0.024 0.026 0.027 0.030 0.033 0.038 0.044 0.052 0.061 0.069 0.073 0.074 0.073 0.071 0.068 0.064
0.000 0.000 0.000 0.000 0.000 0.000 0.000 0.000 0.000 0.000 0.000 0.000 0.000 0.000 0.000 0.000 0.000 0.000 0.000 0.000 0.000 0.000 0.000 0.000 0.000 0.000 0.000 0.001 0.001 0.001 0.001 0.002 0.002 0.002 0.002 0.003 0.003 0.003 0.004 0.004 0.005 0.005 0.006 0.007 0.008 0.009 0.011 0.013 0.015 0.016 0.017 0.017 0.018 0.018 0.018 0.018 0.018 0.019 0.019 0.019 0.020 0.021 0.023 0.025 0.027 0.031 0.035 0.041 0.047 0.051 0.051 0.051 0.051 0.049 0.048 0.045
0.000 0.000 0.000 0.000 0.000 0.000 0.000 0.000 0.000 0.000 0.000 0.000 0.000 0.000 0.000 0.000 0.000 0.000 0.000 0.000 0.000 0.000 0.000 0.000 0.000 0.000 0.000 0.000 0.000 0.001 0.001 0.001 0.001 0.001 0.002 0.002 0.002 0.002 0.003 0.003 0.004 0.004 0.005 0.006 0.007 0.008 0.010 0.011 0.013 0.013 0.014 0.014 0.014 0.014 0.015 0.015 0.015 0.015 0.016 0.016 0.017 0.018 0.019 0.021 0.022 0.025 0.028 0.032 0.034 0.036 0.037 0.037 0.037 0.037 0.036 0.035
0.000 0.000 0.000 0.000 0.000 0.000 0.000 0.000 0.000 0.000 0.000 0.000 0.000 0.000 0.000 0.000 0.000 0.000 0.000 0.000 0.000 0.000 0.000 0.000 0.000 0.000 0.000 0.000 0.000 0.000 0.000 0.000 0.001 0.001 0.001 0.001 0.001 0.002 0.002 0.002 0.003 0.003 0.004 0.005 0.006 0.007 0.008 0.009 0.010 0.011 0.011 0.011 0.011 0.012 0.012 0.012 0.013 0.013 0.013 0.014 0.014 0.015 0.016 0.017 0.019 0.020 0.022 0.024 0.026 0.027 0.028 0.029 0.029 0.029 0.029 0.029
0.000 0.000 0.000 0.000 0.000 0.000 0.000 0.000 0.000 0.000 0.000 0.000 0.000 0.000 0.000 0.000 0.000 0.000 0.000 0.000 0.000 0.000 0.000 0.000 0.000 0.000 0.000 0.000 0.000 0.000 0.000 0.000 0.000 0.000 0.000 0.001 0.001 0.001 0.001 0.002 0.002 0.002 0.003 0.003 0.004 0.005 0.006 0.007 0.008 0.008 0.009 0.009 0.009 0.009 0.010 0.010 0.010 0.011 0.011 0.012 0.012 0.013 0.014 0.015 0.016 0.017 0.019 0.020 0.021 0.022 0.023 0.024 0.025 0.025 0.025 0.025
0.000 0.000 0.000 0.000 0.000 0.000 0.000 0.000 0.000 0.000 0.000 0.000 0.000 0.000 0.000 0.000 0.000 0.000 0.000 0.000 0.000 0.000 0.000 0.000 0.000 0.000 0.000 0.000 0.000 0.000 0.000 0.000 0.000 0.000 0.000 0.000 0.000 0.000 0.001 0.001 0.001 0.002 0.002 0.002 0.003 0.004 0.005 0.005 0.006 0.006 0.007 0.007 0.007 0.007 0.008 0.008 0.008 0.009 0.009 0.010 0.010 0.011 0.012 0.013 0.014 0.015 0.016 0.017 0.018 0.019 0.020 0.021 0.021 0.022 0.022 0.022
0.000 0.000 0.000 0.000 0.000 0.000 0.000 0.000 0.000 0.000 0.000 0.000 0.000 0.000 0.000 0.000 0.000 0.000 0.000 0.000 0.000 0.000 0.000 0.000 0.000 0.000 0.000 0.000 0.000 0.000 0.000 0.000 0.000 0.000 0.000 0.000 0.000 0.000 0.000 0.000 0.001 0.001 0.001 0.002 0.002 0.003 0.003 0.004 0.004 0.005 0.005 0.005 0.006 0.006 0.006 0.006 0.007 0.007 0.008 0.008 0.009 0.009 0.010 0.011 0.012 0.013 0.014 0.014 0.015 0.016 0.017 0.018 0.019 0.020 0.020 0.021
0.000 0.000 0.000 0.000 0.000 0.000 0.000 0.000 0.000 0.000 0.000 0.000 0.000 0.000 0.000 0.000 0.000 0.000 0.000 0.000 0.000 0.000 0.000 0.000 0.000 0.000 0.000 0.000 0.000 0.000 0.000 0.000 0.000 0.000 0.000 0.000 0.000 0.000 0.000 0.000 0.000 0.000 0.001 0.001 0.001 0.002 0.002 0.003 0.003 0.003 0.004 0.004 0.004 0.004 0.005 0.005 0.005 0.006 0.006 0.007 0.007 0.008 0.009 0.009 0.010 0.011 0.012 0.013 0.014 0.014 0.015 0.016 0.017 0.019 0.019 0.020
0.000 0.000 0.000 0.000 0.000 0.000 0.000 0.000 0.000 0.000 0.000 0.000 0.000 0.000 0.000 0.000 0.000 0.000 0.000 0.000 0.000 0.000 0.000 0.000 0.000 0.000 0.000 0.000 0.000 0.000 0.000 0.000 0.000 0.000 0.000 0.000 0.000 0.000 0.000 0.000 0.000 0.000 0.000 0.001 0.001 0.001 0.001 0.002 0.002 0.002 0.002 0.003 0.003 0.003 0.004 0.004 0.004 0.005 0.005 0.005 0.006 0.007 0.007 0.008 0.009 0.009 0.010 0.011 0.012 0.013 0.014 0.015 0.016 0.018 0.019 0.019
0.000 0.000 0.000 0.000 0.000 0.000 0.000 0.000 0.000 0.000 0.000 0.000 0.000 0.000 0.000 0.000 0.000 0.000 0.000 0.000 0.000 0.000 0.000 0.000 0.000 0.000 0.000 0.000 0.000 0.000 0.000 0.000 0.000 0.000 0.000 0.000 0.000 0.000 0.000 0.000 0.000 0.000 0.000 0.000 0.000 0.000 0.001 0.001 0.001 0.001 0.002 0.002 0.002 0.002 0.003 0.003 0.003 0.003 0.004 0.004 0.005 0.005 0.006 0.007 0.007 0.008 0.009 0.010 0.011 0.012 0.013 0.014 0.015 0.017 0.018 0.019
0.000 0.000 0.000 0.000 0.000 0.000 0.000 0.000 0.000 0.000 0.000 0.000 0.000 0.000 0.000 0.000 0.000 0.000 0.000 0.000 0.000 0.000 0.000 0.000 0.000 0.000 0.000 0.000 0.000 0.000 0.000 0.000 0.000 0.000 0.000 0.000 0.000 0.000 0.000 0.000 0.000 0.000 0.000 0.000 0.000 0.000 0.000 0.000 0.001 0.001 0.001 0.001 0.001 0.001 0.002 0.002 0.002 0.002 0.003 0.003 0.004 0.004 0.005 0.005 0.006 0.007 0.008 0.009 0.010 0.011 0.012 0.013 0.015 0.016 0.018 0.019
0.000 0.000 0.000 0.000 0.000 0.000 0.000 0.000 0.000 0.000 0.000 0.000 0.000 0.000 0.000 0.000 0.000 0.000 0.000 0.000 0.000 0.000 0.000 0.000 0.000 0.000 0.000 0.000 0.000 0.000 0.000 0.000 0.000 0.000 0.000 0.000 0.000 0.000 0.000 0.000 0.000 0.000 0.000 0.000 0.000 0.000 0.000 0.000 0.000 0.000 0.000 0.001 0.001 0.001 0.001 0.001 0.001 0.002 0.002 0.002 0.003 0.003 0.004 0.004 0.005 0.006 0.007 0.007 0.008 0.009 0.011 0.012 0.014 0.016 0.017 0.018
0.000 0.000 0.000 0.000 0.000 0.000 0.000 0.000 0.000 0.000 0.000 0.000 0.000 0.000 0.000 0.000 0.000 0.000 0.000 0.000 0.000 0.000 0.000 0.000 0.000 0.000 0.000 0.000 0.000 0.000 0.000 0.000 0.000 0.000 0.000 0.000 0.000 0.000 0.000 0.000 0.000 0.000 0.000 0.000 0.000 0.000 0.000 0.000 0.000 0.000 0.000 0.000 0.000 0.000 0.001 0.001 0.001 0.001 0.001 0.002 0.002 0.002 0.003 0.003 0.004 0.005 0.005 0.006 0.007 0.008 0.010 0.011 0.013 0.015 0.017 0.018
0.000 0.000 0.000 0.000 0.000 0.000 0.000 0.000 0.000 0.000 0.000 0.000 0.000 0.000 0.000 0.000 0.000 0.000 0.000 0.000 0.000 0.000 0.000 0.000 0.000 0.000 0.000 0.000 0.000 0.000 0.000 0.000 0.000 0.000 0.000 0.000 0.000 0.000 0.000 0.000 0.000 0.000 0.000 0.000 0.000 0.000 0.000 0.000 0.000 0.000 0.000 0.000 0.000 0.000 0.000 0.000 0.000 0.001 0.001 0.001 0.001 0.002 0.002 0.003 0.003 0.004 0.004 0.005 0.006 0.007 0.008 0.010 0.012 0.014 0.016 0.017
0.000 0.000 0.000 0.000 0.000 0.000 0.000 0.000 0.000 0.000 0.000 0.000 0.000 0.000 0.000 0.000 0.000 0.000 0.000 0.000 0.000 0.000 0.000 0.000 0.000 0.000 0.000 0.000 0.000 0.000 0.000 0.000 0.000 0.000 0.000 0.000 0.000 0.000 0.000 0.000 0.000 0.000 0.000 0.000 0.000 0.000 0.000 0.000 0.000 0.000 0.000 0.000 0.000 0.000 0.000 0.000 0.000 0.000 0.000 0.001 0.001 0.001 0.001 0.002 0.002 0.003 0.003 0.004 0.005 0.006 0.007 0.009 0.011 0.013 0.014 0.015
0.000 0.000 0.000 0.000 0.000 0.000 0.000 0.000 0.000 0.000 0.000 0.000 0.000 0.000 0.000 0.000 0.000 0.000 0.000 0.000 0.000 0.000 0.000 0.000 0.000 0.000 0.000 0.000 0.000 0.000 0.000 0.000 0.000 0.000 0.000 0.000 0.000 0.000 0.000 0.000 0.000 0.000 0.000 0.000 0.000 0.000 0.000 0.000 0.000 0.000 0.000 0.000 0.000 0.000 0.000 0.000 0.000 0.000 0.000 0.000 0.000 0.001 0.001 0.001 0.002 0.002 0.003 0.003 0.004 0.005 0.006 0.007 0.009 0.010 0.012 0.013
0.000 0.000 0.000 0.000 0.000 0.000 0.000 0.000 0.000 0.000 0.000 0.000 0.000 0.000 0.000 0.000 0.000 0.000 0.000 0.000 0.000 0.000 0.000 0.000 0.000 0.000 0.000 0.000 0.000 0.000 0.000 0.000 0.000 0.000 0.000 0.000 0.000 0.000 0.000 0.000 0.000 0.000 0.000 0.000 0.000 0.000 0.000 0.000 0.000 0.000 0.000 0.000 0.000 0.000 0.000 0.000 0.000 0.000 0.000 0.000 0.000 0.000 0.000 0.001 0.001 0.001 0.002 0.002 0.003 0.004 0.004 0.005 0.007 0.008 0.009 0.010
0.000 0.000 0.000 0.000 0.000 0.000 0.000 0.000 0.000 0.000 0.000 0.000 0.000 0.000 0.000 0.000 0.000 0.000 0.000 0.000 0.000 0.000 0.000 0.000 0.000 0.000 0.000 0.000 0.000 0.000 0.000 0.000 0.000 0.000 0.000 0.000 0.000 0.000 0.000 0.000 0.000 0.000 0.000 0.000 0.000 0.000 0.000 0.000 0.000 0.000 0.000 0.000 0.000 0.000 0.000 0.000 0.000 0.000 0.000 0.000 0.000 0.000 0.000 0.000 0.001 0.001 0.001 0.002 0.002 0.003 0.003 0.004 0.005 0.006 0.006 0.007
0.000 0.000 0.000 0.000 0.000 0.000 0.000 0.000 0.000 0.000 0.000 0.000 0.000 0.000 0.000 0.000 0.000 0.000 0.000 0.000 0.000 0.000 0.000 0.000 0.000 0.000 0.000 0.000 0.000 0.000 0.000 0.000 0.000 0.000 0.000 0.000 0.000 0.000 0.000 0.000 0.000 0.000 0.000 0.000 0.000 0.000 0.000 0.000 0.000 0.000 0.000 0.000 0.000 0.000 0.000 0.000 0.000 0.000 0.000 0.000 0.000 0.000 0.000 0.000 0.000 0.000 0.001 0.001 0.001 0.002 0.002 0.003 0.003 0.004 0.004 0.005
0.000 0.000 0.000 0.000 0.000 0.000 0.000 0.000 0.000 0.000 0.000 0.000 0.000 0.000 0.000 0.000 0.000 0.000 0.000 0.000 0.000 0.000 0.000 0.000 0.000 0.000 0.000 0.000 0.000 0.000 0.000 0.000 0.000 0.000 0.000 0.000 0.000 0.000 0.000 0.000 0.000 0.000 0.000 0.000 0.000 0.000 0.000 0.000 0.000 0.000 0.000 0.000 0.000 0.000 0.000 0.000 0.000 0.000 0.000 0.000 0.000 0.000 0.000 0.000 0.000 0.000 0.000 0.001 0.001 0.001 0.001 0.002 0.002 0.003 0.003 0.003
0.000 0.000 0.000 0.000 0.000 0.000 0.000 0.000 0.000 0.000 0.000 0.000 0.000 0.000 0.000 0.000 0.000 0.000 0.000 0.000 0.000 0.000 0.000 0.000 0.000 0.000 0.000 0.000 0.000 0.000 0.000 0.000 0.000 0.000 0.000 0.000 0.000 0.000 0.000 0.000 0.000 0.000 0.000 0.000 0.000 0.000 0.000 0.000 0.000 0.000 0.000 0.000 0.000 0.000 0.000 0.000 0.000 0.000 0.000 0.000 0.000 0.000 0.000 0.000 0.000 0.000 0.000 0.000 0.000 0.001 0.001 0.001 0.001 0.001 0.002 0.002
0.000 0.000 0.000 0.000 0.000 0.000 0.000 0.000 0.000 0.000 0.000 0.000 0.000 0.000 0.000 0.000 0.000 0.000 0.000 0.000 0.000 0.000 0.000 0.000 0.000 0.000 0.000 0.000 0.000 0.000 0.000 0.000 0.000 0.000 0.000 0.000 0.000 0.000 0.000 0.000 0.000 0.000 0.000 0.000 0.000 0.000 0.000 0.000 0.000 0.000 0.000 0.000 0.000 0.000 0.000 0.000 0.000 0.000 0.000 0.000 0.000 0.000 0.000 0.000 0.000 0.000 0.000 0.000 0.000 0.000 0.000 0.000 0.001 0.001 0.001 0.001
0.000 0.000 0.000 0.000 0.000 0.000 0.000 0.000 0.000 0.000 0.000 0.000 0.000 0.000 0.000 0.000 0.000 0.000 0.000 0.000 0.000 0.000 0.000 0.000 0.000 0.000 0.000 0.000 0.000 0.000 0.000 0.000 0.000 0.000 0.000 0.000 0.000 0.000 0.000 0.000 0.000 0.000 0.000 0.000 0.000 0.000 0.000 0.000 0.000 0.000 0.000 0.000 0.000 0.000 0.000 0.000 0.000 0.000 0.000 0.000 0.000 0.000 0.000 0.000 0.000 0.000 0.000 0.000 0.000 0.000 0.000 0.000 0.000 0.000 0.000 0.000
