RESULTS/r.avaflow_results/14b_results/14b_ascii/14b_hflow10006.asc
ncols 506
nrows 317
xllcenter 498237.50
yllcenter 5580050.00
cellsize 12.50
NODATA_value -9999.000
[rows 204 to 237 of 317, columns 77 to 153 of 506]
0.262 0.193 0.142 0.113 0.106 0.130 0.329 1.246 3.598 7.372 11.809 15.683 18.819 20.990 22.516 23.732 24.894 26.112 27.120 27.991 28.901 29.627 30.497 31.231 31.466 31.553 31.672 31.459 31.345 31.214 30.717 30.224 29.760 29.049 28.470 28.190 27.928 27.854 27.992 27.935 28.024 28.341 28.520 28.548 28.540 28.238 27.931 27.674 27.138 26.474 25.504 24.057 22.287 20.369 18.210 16.236 14.479 12.836 11.309 9.913 8.686 7.629 6.735 5.974 5.290 4.640 3.977 3.272 2.588 2.009 1.575 1.318 1.234 1.276 1.516 2.052 2.742
0.242 0.181 0.135 0.108 0.100 0.112 0.249 0.973 3.083 6.741 11.327 15.515 18.834 21.116 22.533 23.684 24.668 25.740 26.566 27.243 27.967 28.514 29.230 29.962 30.266 30.446 30.663 30.466 30.318 30.162 29.683 29.212 28.741 27.987 27.257 26.837 26.463 26.251 26.307 26.260 26.387 26.748 27.098 27.269 27.380 27.145 26.738 26.242 25.491 24.686 23.628 21.992 19.918 17.588 15.268 13.236 11.402 9.785 8.352 7.144 6.185 5.492 4.996 4.593 4.205 3.793 3.321 2.761 2.204 1.752 1.440 1.297 1.298 1.484 1.948 2.602 3.162
0.230 0.173 0.133 0.108 0.099 0.102 0.169 0.628 2.292 5.564 10.026 14.626 18.343 20.880 22.372 23.479 24.224 25.080 25.686 26.182 26.803 27.182 27.543 28.125 28.443 28.689 29.006 28.868 28.728 28.704 28.353 27.946 27.538 26.830 26.064 25.499 24.987 24.673 24.662 24.581 24.710 25.122 25.527 25.809 26.049 25.874 25.423 24.771 23.757 22.564 21.212 19.418 17.207 14.735 12.468 10.491 8.730 7.240 6.018 5.091 4.436 4.031 3.803 3.620 3.415 3.150 2.797 2.350 1.928 1.605 1.409 1.363 1.473 1.800 2.327 2.880 3.282
0.233 0.175 0.136 0.113 0.103 0.102 0.125 0.326 1.330 3.876 7.949 12.902 17.223 20.096 21.712 22.815 23.394 23.947 24.318 24.721 25.159 25.341 25.459 25.773 26.133 26.532 26.797 26.699 26.658 26.703 26.456 26.202 25.906 25.352 24.702 23.981 23.336 22.944 22.813 22.712 22.854 23.266 23.789 24.219 24.432 24.255 23.841 23.028 21.782 20.277 18.569 16.511 14.296 12.052 10.037 8.253 6.723 5.484 4.538 3.870 3.445 3.207 3.078 2.970 2.837 2.642 2.360 2.015 1.721 1.521 1.440 1.465 1.641 1.993 2.469 2.905 3.244
0.270 0.200 0.157 0.131 0.115 0.108 0.113 0.179 0.626 2.207 5.495 10.423 15.424 18.783 20.699 21.883 22.365 22.710 22.881 23.103 23.347 23.251 23.157 23.326 23.713 24.236 24.481 24.356 24.266 24.354 24.266 24.180 24.073 23.678 23.124 22.428 21.696 21.169 20.958 20.851 20.942 21.246 21.706 22.316 22.674 22.539 22.018 21.020 19.608 17.817 15.839 13.759 11.750 9.829 8.108 6.621 5.387 4.437 3.754 3.280 2.964 2.755 2.619 2.519 2.402 2.227 1.984 1.734 1.553 1.460 1.446 1.509 1.702 2.035 2.455 2.806 3.090
0.378 0.273 0.211 0.170 0.139 0.121 0.117 0.134 0.285 1.070 3.330 7.580 12.964 16.930 19.273 20.672 21.180 21.414 21.377 21.278 21.131 20.691 20.404 20.543 20.899 21.412 21.682 21.594 21.556 21.585 21.474 21.473 21.564 21.410 21.121 20.634 19.874 19.214 18.834 18.610 18.632 18.866 19.347 20.085 20.458 20.302 19.797 18.792 17.222 15.289 13.295 11.400 9.666 8.086 6.676 5.505 4.572 3.867 3.343 2.946 2.649 2.436 2.301 2.199 2.075 1.885 1.656 1.486 1.396 1.377 1.409 1.504 1.690 1.982 2.309 2.571 2.805
0.584 0.422 0.316 0.243 0.186 0.147 0.128 0.128 0.168 0.455 1.682 4.755 9.797 14.482 17.437 19.134 19.751 19.900 19.769 19.491 19.131 18.554 18.033 18.010 18.222 18.593 18.965 19.034 19.034 19.039 18.928 18.892 18.957 18.873 18.737 18.438 17.827 17.227 16.804 16.343 16.058 16.121 16.529 17.331 17.770 17.728 17.223 16.213 14.757 13.001 11.176 9.537 8.063 6.771 5.657 4.756 4.029 3.455 3.006 2.654 2.384 2.190 2.065 1.956 1.822 1.615 1.384 1.253 1.218 1.231 1.293 1.397 1.539 1.724 1.927 2.107 2.280
0.912 0.674 0.498 0.371 0.271 0.198 0.155 0.140 0.147 0.222 0.677 2.360 6.116 11.120 15.060 17.362 18.262 18.386 18.273 17.949 17.632 17.084 16.372 16.054 16.058 16.213 16.580 16.905 17.149 17.261 17.148 17.055 16.915 16.778 16.696 16.564 16.182 15.683 15.188 14.576 14.006 13.719 13.846 14.420 14.759 14.758 14.356 13.581 12.409 10.967 9.428 8.042 6.831 5.790 4.910 4.166 3.554 3.067 2.680 2.378 2.145 1.979 1.865 1.756 1.620 1.419 1.179 1.026 0.975 0.978 1.013 1.056 1.088 1.124 1.186 1.286 1.402
1.372 1.054 0.791 0.586 0.419 0.293 0.212 0.174 0.166 0.186 0.297 0.906 2.940 7.031 11.894 15.139 16.489 16.822 16.913 16.850 16.714 16.375 15.681 15.135 14.898 14.881 15.127 15.563 16.059 16.303 16.251 16.119 15.742 15.484 15.410 15.343 15.079 14.705 14.201 13.559 12.869 12.078 11.460 11.392 11.481 11.504 11.317 10.874 10.120 9.113 7.939 6.804 5.814 4.968 4.243 3.622 3.105 2.689 2.359 2.106 1.913 1.778 1.679 1.579 1.453 1.273 1.038 0.835 0.703 0.621 0.562 0.511 0.470 0.452 0.460 0.510 0.586
1.967 1.584 1.224 0.919 0.662 0.458 0.320 0.246 0.218 0.218 0.257 0.420 1.230 3.697 8.163 12.218 14.275 15.227 15.845 16.233 16.475 16.586 16.146 15.624 15.180 15.075 15.225 15.623 16.267 16.525 16.538 16.362 15.867 15.451 15.376 15.293 15.055 14.768 14.299 13.670 12.927 11.811 9.916 8.256 7.693 7.731 7.965 8.081 7.786 7.222 6.457 5.607 4.830 4.176 3.602 3.106 2.675 2.319 2.040 1.830 1.679 1.577 1.500 1.420 1.313 1.155 0.935 0.695 0.503 0.357 0.251 0.179 0.139 0.125 0.124 0.140 0.175
2.671 2.259 1.813 1.392 1.023 0.723 0.509 0.383 0.324 0.304 0.313 0.394 0.704 1.971 5.065 9.169 12.067 13.926 15.407 16.416 17.367 18.604 18.945 18.512 17.789 17.539 17.610 17.964 18.714 19.040 19.067 18.773 18.085 17.391 17.185 17.045 16.827 16.636 16.277 15.695 14.779 13.023 9.324 5.720 4.227 3.964 4.263 4.926 5.301 5.223 4.905 4.396 3.844 3.382 2.969 2.602 2.263 1.965 1.723 1.544 1.428 1.364 1.320 1.270 1.190 1.050 0.842 0.580 0.359 0.202 0.107 0.057 0.036 0.029 0.028 0.031 0.041
3.474 3.067 2.559 2.007 1.511 1.105 0.804 0.613 0.512 0.468 0.458 0.489 0.689 1.439 3.481 7.079 10.946 13.736 16.028 18.370 19.741 20.363 20.220 19.504 18.708 18.449 18.523 18.888 19.593 19.945 19.951 19.604 18.865 18.103 17.834 17.640 17.411 17.254 16.932 16.404 15.479 13.625 9.196 4.264 2.061 1.486 1.560 2.117 2.809 3.147 3.223 3.085 2.833 2.577 2.336 2.101 1.864 1.628 1.411 1.245 1.145 1.107 1.098 1.090 1.051 0.939 0.739 0.462 0.240 0.109 0.046 0.019 0.009 0.006 0.006 0.006 0.008
4.329 3.925 3.390 2.733 2.104 1.597 1.214 0.956 0.810 0.740 0.714 0.723 0.862 1.463 3.147 6.402 11.106 15.273 18.003 19.765 20.383 20.119 19.227 18.254 17.538 17.299 17.387 17.714 18.333 18.669 18.703 18.353 17.686 16.879 16.494 16.123 15.705 15.332 14.929 14.406 13.585 12.136 8.589 3.437 1.016 0.407 0.352 0.525 0.956 1.347 1.582 1.699 1.735 1.713 1.661 1.574 1.444 1.278 1.082 0.901 0.780 0.732 0.737 0.766 0.775 0.715 0.548 0.301 0.131 0.050 0.018 0.006 0.003 0.001 0.001 0.001 0.001
5.107 4.673 4.106 3.413 2.735 2.173 1.733 1.423 1.238 1.151 1.127 1.157 1.356 2.070 3.907 7.458 12.727 16.675 18.474 19.000 18.770 17.966 16.622 15.467 14.839 14.617 14.702 14.912 15.390 15.739 15.855 15.666 15.209 14.442 13.818 13.111 12.276 11.354 10.588 9.839 9.078 8.191 6.137 2.233 0.396 0.082 0.056 0.069 0.158 0.327 0.495 0.648 0.772 0.853 0.891 0.898 0.868 0.784 0.642 0.483 0.375 0.326 0.320 0.338 0.351 0.333 0.253 0.125 0.049 0.017 0.006 0.002 0.001 0.001 0.001 0.001 0.001
5.778 5.292 4.676 3.994 3.354 2.806 2.357 2.025 1.831 1.762 1.797 2.047 2.742 4.235 7.013 10.538 13.916 15.826 16.425 16.075 15.290 14.099 12.672 11.576 10.960 10.680 10.646 10.715 11.023 11.465 11.698 11.644 11.399 10.851 10.160 9.269 8.167 6.848 5.724 4.791 4.072 3.420 2.349 0.686 0.071 0.009 0.007 0.007 0.013 0.037 0.082 0.143 0.217 0.286 0.328 0.342 0.337 0.310 0.255 0.179 0.126 0.099 0.094 0.098 0.104 0.100 0.076 0.035 0.013 0.005 0.002 0.001 0.001 0.001 0.001 0.001 0.001
6.335 5.783 5.123 4.500 3.952 3.480 3.099 2.827 2.697 2.820 3.324 4.355 6.059 7.895 9.778 11.721 12.841 13.076 12.546 11.512 10.323 9.108 7.935 7.004 6.344 5.969 5.825 5.828 5.982 6.370 6.792 7.046 7.105 6.939 6.568 5.907 4.844 3.480 2.424 1.722 1.278 0.921 0.486 0.090 0.003 0.001 0.001 0.001 0.001 0.003 0.008 0.018 0.034 0.058 0.075 0.082 0.083 0.079 0.066 0.045 0.030 0.023 0.022 0.022 0.024 0.024 0.018 0.008 0.003 0.001 0.001 0.001 0.001 0.001 0.001 0.001 0.001
6.756 6.142 5.498 4.957 4.538 4.218 4.016 4.045 4.444 5.351 6.908 8.303 9.178 9.639 10.068 10.506 10.181 9.327 8.081 6.714 5.500 4.542 3.773 3.157 2.687 2.388 2.259 2.241 2.295 2.497 2.862 3.262 3.519 3.607 3.525 3.144 2.326 1.354 0.749 0.447 0.294 0.176 0.060 0.005 0.000 0.001 0.001 0.001 0.001 0.001 0.001 0.002 0.004 0.008 0.013 0.015 0.015 0.015 0.013 0.009 0.006 0.005 0.004 0.004 0.005 0.005 0.004 0.002 0.001 0.001 0.001 0.001 0.001 0.001 0.001 0.001 0.001
7.054 6.421 5.848 5.393 5.127 5.099 5.574 6.698 8.303 9.644 10.414 10.575 10.184 9.663 9.096 8.344 7.349 6.141 4.764 3.456 2.452 1.776 1.325 0.993 0.749 0.601 0.540 0.529 0.538 0.597 0.748 0.992 1.203 1.314 1.332 1.197 0.793 0.371 0.173 0.093 0.054 0.025 0.006 0.000 0.000 0.001 0.001 0.001 0.001 0.001 0.001 0.001 0.001 0.001 0.002 0.002 0.002 0.002 0.002 0.002 0.001 0.001 0.001 0.001 0.001 0.001 0.001 0.001 0.001 0.001 0.001 0.001 0.001 0.001 0.001 0.001 0.001
7.267 6.672 6.197 5.858 5.733 6.353 8.860 11.048 11.997 12.266 11.870 11.235 10.353 9.241 8.000 6.745 5.463 4.150 2.900 1.886 1.189 0.764 0.497 0.310 0.187 0.123 0.098 0.092 0.092 0.101 0.130 0.189 0.256 0.296 0.310 0.291 0.186 0.077 0.033 0.016 0.008 0.003 0.001 0.001 0.001 0.001 0.001 0.001 0.001 0.001 0.001 0.001 0.001 0.001 0.001 0.001 0.001 0.001 0.001 0.001 0.001 0.001 0.001 0.001 0.001 0.001 0.001 0.001 0.001 0.001 0.001 0.001 0.001 0.001 0.001 0.001 0.001
7.442 6.916 6.561 6.384 6.626 8.547 12.229 13.810 13.671 13.269 12.527 11.573 10.305 8.856 7.311 5.843 4.473 3.234 2.207 1.432 0.896 0.543 0.310 0.159 0.074 0.036 0.022 0.017 0.016 0.016 0.020 0.029 0.042 0.050 0.054 0.053 0.036 0.014 0.005 0.002 0.001 0.001 0.001 0.001 0.001 0.001 0.001 0.001 0.001 0.001 0.001 0.001 0.001 0.001 0.001 0.001 0.001 0.001 0.001 0.001 0.001 0.001 0.001 0.001 0.001 0.001 0.001 0.001 0.001 0.001 0.001 0.001 0.001 0.001 0.001 0.001 0.001
7.625 7.160 6.929 7.075 8.657 12.090 14.580 14.939 14.575 13.894 12.935 11.779 10.284 8.610 6.906 5.400 4.092 2.987 2.083 1.382 0.865 0.501 0.259 0.118 0.049 0.021 0.010 0.006 0.005 0.004 0.004 0.004 0.006 0.007 0.008 0.008 0.006 0.002 0.001 0.001 0.001 0.001 0.001 0.001 0.001 0.001 0.001 0.001 0.001 0.001 0.001 0.001 0.001 0.001 0.001 0.001 0.001 0.001 0.001 0.001 0.001 0.001 0.001 0.001 0.001 0.001 0.001 0.001 0.001 0.001 0.001 0.001 0.001 0.001 0.001 0.001 0.001
7.837 7.435 7.299 8.186 11.879 15.115 15.737 15.472 14.983 14.185 13.109 11.856 10.283 8.512 6.785 5.309 4.063 3.019 2.151 1.447 0.895 0.492 0.235 0.099 0.039 0.017 0.008 0.005 0.003 0.002 0.001 0.001 0.001 0.001 0.001 0.001 0.001 0.001 0.001 0.001 0.001 0.001 0.001 0.001 0.001 0.001 0.001 0.001 0.001 0.001 0.001 0.001 0.001 0.001 0.001 0.001 0.001 0.001 0.001 0.001 0.001 0.001 0.001 0.001 0.001 0.001 0.001 0.001 0.001 0.001 0.001 0.001 0.001 0.001 0.001 0.001 0.001
8.106 7.831 7.983 10.061 14.406 16.237 16.198 15.828 15.203 14.337 13.192 11.890 10.303 8.531 6.873 5.467 4.282 3.270 2.390 1.613 0.963 0.493 0.214 0.083 0.032 0.014 0.007 0.004 0.003 0.002 0.001 0.001 0.001 0.000 0.000 0.000 0.000 0.000 0.000 0.001 0.001 0.001 0.001 0.001 0.001 0.001 0.001 0.001 0.001 0.001 0.001 0.001 0.001 0.001 0.001 0.001 0.001 0.001 0.001 0.001 0.001 0.001 0.001 0.001 0.001 0.001 0.001 0.001 0.001 0.001 0.001 0.001 0.001 0.001 0.001 0.001 0.001
8.456 8.482 9.751 13.182 16.037 16.561 16.361 15.950 15.287 14.377 13.214 11.877 10.298 8.646 7.149 5.849 4.664 3.587 2.604 1.720 0.989 0.479 0.192 0.070 0.027 0.012 0.007 0.004 0.003 0.002 0.001 0.001 0.000 0.000 0.000 0.000 0.000 0.000 0.000 0.000 0.001 0.001 0.001 0.001 0.001 0.001 0.001 0.001 0.001 0.001 0.001 0.001 0.001 0.001 0.001 0.001 0.001 0.001 0.001 0.001 0.001 0.001 0.001 0.001 0.001 0.001 0.001 0.001 0.001 0.001 0.001 0.001 0.001 0.001 0.001 0.001 0.001
8.943 10.024 13.112 15.866 16.528 16.548 16.346 15.903 15.185 14.257 13.188 11.878 10.357 8.822 7.401 6.100 4.860 3.706 2.657 1.725 0.961 0.438 0.162 0.056 0.022 0.012 0.007 0.004 0.003 0.002 0.001 0.001 0.000 0.000 0.000 0.000 0.000 0.000 0.000 0.000 0.000 0.000 0.000 0.000 0.001 0.001 0.001 0.001 0.001 0.001 0.001 0.001 0.001 0.001 0.001 0.001 0.001 0.001 0.001 0.001 0.001 0.001 0.001 0.001 0.001 0.001 0.001 0.001 0.001 0.001 0.001 0.001 0.001 0.001 0.001 0.001 0.001
9.768 12.813 15.924 16.718 16.657 16.599 16.295 15.789 15.044 14.115 13.137 11.913 10.468 8.989 7.571 6.213 4.922 3.704 2.602 1.623 0.845 0.351 0.120 0.043 0.020 0.011 0.007 0.004 0.003 0.001 0.001 0.000 0.000 0.000 0.000 0.000 0.000 0.000 0.000 0.001 0.001 0.001 0.001 0.001 0.001 0.001 0.001 0.001 0.001 0.001 0.001 0.001 0.001 0.001 0.001 0.001 0.001 0.001 0.001 0.001 0.001 0.001 0.001 0.001 0.001 0.001 0.001 0.001 0.001 0.001 0.001 0.001 0.001 0.001 0.001 0.001 0.001
11.344 15.172 16.946 16.980 16.837 16.605 16.203 15.652 14.874 13.957 12.996 11.852 10.521 9.110 7.685 6.270 4.906 3.596 2.391 1.362 0.629 0.238 0.086 0.037 0.019 0.011 0.007 0.004 0.002 0.001 0.001 0.000 0.000 0.000 0.000 0.000 0.000 0.000 0.000 0.000 0.000 0.000 0.000 0.000 0.001 0.001 0.001 0.001 0.001 0.001 0.001 0.001 0.001 0.001 0.001 0.001 0.001 0.001 0.001 0.001 0.001 0.001 0.001 0.001 0.001 0.001 0.001 0.001 0.001 0.001 0.001 0.001 0.001 0.001 0.001 0.001 0.001
14.354 16.831 17.286 17.182 16.977 16.601 16.136 15.587 14.802 13.878 12.881 11.716 10.455 9.142 7.741 6.289 4.811 3.374 2.079 1.079 0.466 0.179 0.073 0.035 0.019 0.011 0.007 0.004 0.002 0.001 0.000 0.000 0.000 0.000 0.000 0.000 0.000 0.000 0.000 0.000 0.001 0.001 0.001 0.001 0.001 0.001 0.001 0.001 0.001 0.001 0.001 0.001 0.001 0.001 0.001 0.001 0.001 0.001 0.001 0.001 0.001 0.001 0.001 0.001 0.001 0.001 0.001 0.001 0.001 0.001 0.000 0.001 0.001 0.001 0.001 0.001 0.001
16.866 17.466 17.460 17.347 17.138 16.731 16.222 15.647 14.881 13.938 12.879 11.682 10.445 9.159 7.755 6.265 4.667 3.146 1.849 0.922 0.394 0.159 0.069 0.034 0.019 0.011 0.006 0.003 0.001 0.001 0.000 0.000 0.000 0.000 0.000 0.000 0.000 0.000 0.000 0.001 0.001 0.001 0.001 0.001 0.001 0.001 0.001 0.001 0.001 0.001 0.001 0.001 0.001 0.001 0.001 0.001 0.001 0.001 0.001 0.001 0.001 0.001 0.001 0.001 0.001 0.001 0.001 0.001 0.001 0.001 0.001 0.000 0.001 0.001 0.001 0.001 0.001
17.656 17.651 17.531 17.378 17.231 16.882 16.362 15.735 14.946 13.980 12.904 11.697 10.452 9.166 7.738 6.191 4.501 2.947 1.684 0.828 0.356 0.149 0.066 0.032 0.017 0.009 0.005 0.002 0.001 0.001 0.000 0.000 0.000 0.000 0.000 0.001 0.000 0.000 0.000 0.001 0.001 0.001 0.001 0.001 0.001 0.001 0.001 0.001 0.001 0.001 0.001 0.001 0.001 0.001 0.001 0.001 0.001 0.001 0.001 0.001 0.001 0.000 0.001 0.001 0.001 0.001 0.001 0.001 0.001 0.001 0.001 0.000 0.000 0.001 0.001 0.001 0.001
17.727 17.705 17.565 17.394 17.213 16.897 16.450 15.828 14.998 14.016 12.936 11.735 10.475 9.157 7.687 6.066 4.312 2.755 1.542 0.750 0.325 0.139 0.062 0.030 0.014 0.007 0.003 0.001 0.001 0.000 0.000 0.000 0.000 0.000 0.000 0.000 0.000 0.000 0.000 0.001 0.001 0.001 0.001 0.001 0.001 0.001 0.001 0.001 0.001 0.001 0.001 0.001 0.001 0.001 0.001 0.001 0.001 0.001 0.001 0.001 0.001 0.000 0.000 0.001 0.001 0.001 0.001 0.001 0.001 0.001 0.001 0.001 0.000 0.000 0.001 0.001 0.001
17.704 17.673 17.536 17.380 17.254 16.960 16.521 15.915 15.071 14.070 12.960 11.731 10.467 9.113 7.597 5.891 4.100 2.562 1.405 0.671 0.289 0.123 0.054 0.024 0.010 0.004 0.001 0.001 0.001 0.000 0.000 0.000 0.000 0.000 0.000 0.000 0.000 0.000 0.000 0.001 0.001 0.001 0.001 0.001 0.001 0.001 0.001 0.001 0.001 0.001 0.001 0.001 0.001 0.001 0.001 0.001 0.001 0.001 0.001 0.001 0.001 0.001 0.000 0.000 0.000 0.001 0.001 0.001 0.001 0.001 0.001 0.001 0.001 0.000 0.000 0.001 0.001
17.589 17.447 17.311 17.198 17.130 16.879 16.516 15.941 15.100 14.061 12.905 11.640 10.344 8.961 7.413 5.649 3.855 2.353 1.253 0.574 0.235 0.094 0.037 0.014 0.005 0.002 0.001 0.001 0.001 0.000 0.000 0.000 0.000 0.000 0.000 0.000 0.000 0.000 0.000 0.001 0.001 0.001 0.001 0.001 0.001 0.001 0.001 0.001 0.001 0.001 0.001 0.001 0.001 0.001 0.001 0.001 0.001 0.001 0.001 0.001 0.001 0.001 0.001 0.000 0.000 0.000 0.001 0.001 0.001 0.001 0.001 0.001 0.001 0.001 0.000 0.001 0.001
17.418 17.179 17.001 16.911 16.897 16.688 16.377 15.851 15.024 13.968 12.752 11.402 10.035 8.613 7.016 5.223 3.481 2.044 1.021 0.424 0.151 0.050 0.017 0.006 0.002 0.001 0.001 0.001 0.001 0.001 0.000 0.000 0.000 0.000 0.000 0.000 0.000 0.000 0.000 0.000 0.000 0.000 0.000 0.000 0.001 0.001 0.001 0.001 0.001 0.001 0.001 0.001 0.001 0.001 0.001 0.001 0.001 0.001 0.001 0.001 0.001 0.001 0.001 0.001 0.000 0.000 0.000 0.001 0.001 0.001 0.001 0.001 0.001 0.001 0.000 0.001 0.001
