RESULTS/r.avaflow_results/14b_results/14b_ascii/14b_hflow10010.asc
ncols 506
nrows 317
xllcenter 498237.50
yllcenter 5580050.00
cellsize 12.50
NODATA_value -9999.000
[rows 170 to 203 of 317, columns 76 to 151 of 506]
0.079 0.106 0.155 0.247 0.407 0.655 1.002 1.419 1.855 2.294 2.761 3.281 3.870 4.534 5.271 6.066 6.871 7.660 8.409 9.153 9.935 10.766 11.628 12.546 13.511 14.563 15.483 16.234 16.903 17.560 18.212 18.951 19.729 20.581 21.550 22.558 23.689 24.884 26.048 27.079 28.080 28.867 29.853 30.883 32.124 33.676 34.954 35.771 36.950 38.082 39.174 40.840 42.524 44.940 47.605 49.353 50.214 51.304 51.886 53.254 54.067 54.906 56.191 56.846 57.130 57.434 56.660 56.069 55.900 54.794 53.554 52.284 50.456 48.757 47.548 46.194
0.218 0.293 0.412 0.601 0.879 1.239 1.649 2.081 2.535 3.026 3.575 4.194 4.891 5.674 6.536 7.461 8.429 9.401 10.307 11.184 12.023 12.862 13.750 14.681 15.573 16.461 17.231 17.889 18.469 19.059 19.649 20.314 21.023 21.857 22.764 23.790 24.969 26.242 27.548 28.728 29.711 30.561 31.669 32.742 34.071 35.690 36.895 37.727 39.006 40.201 41.394 42.934 44.206 46.114 48.508 49.908 51.435 53.058 53.858 55.484 56.244 57.096 58.132 58.321 58.365 58.467 57.526 56.669 55.915 54.671 53.564 52.422 50.857 49.770 49.312 48.340
0.458 0.601 0.799 1.056 1.370 1.736 2.150 2.612 3.122 3.684 4.310 5.010 5.789 6.662 7.626 8.660 9.760 10.903 11.994 13.025 13.970 14.878 15.790 16.706 17.510 18.254 18.857 19.419 19.928 20.472 20.973 21.556 22.218 22.979 23.801 24.782 25.922 27.262 28.643 30.011 31.197 32.192 33.435 34.620 36.001 37.629 38.826 39.561 40.834 42.201 43.334 44.756 45.818 46.834 48.208 49.144 50.945 53.314 54.421 56.186 57.113 57.841 58.665 58.474 58.226 58.081 57.132 56.391 55.950 54.909 53.685 53.087 52.301 51.723 51.227 50.298
0.693 0.879 1.110 1.391 1.726 2.114 2.564 3.079 3.653 4.283 4.970 5.717 6.548 7.486 8.536 9.671 10.874 12.158 13.436 14.619 15.698 16.701 17.629 18.482 19.201 19.831 20.365 20.881 21.304 21.720 22.133 22.657 23.209 23.831 24.639 25.587 26.750 28.076 29.403 30.909 32.326 33.611 35.058 36.271 37.425 38.838 40.039 40.902 42.288 43.559 44.612 46.209 47.373 47.891 48.780 49.119 49.993 52.505 54.080 55.980 57.394 57.988 58.677 58.498 58.034 57.812 57.150 56.633 56.342 55.692 55.021 54.857 54.013 53.346 52.827 52.012
0.850 1.070 1.333 1.645 2.014 2.442 2.933 3.490 4.106 4.784 5.512 6.300 7.178 8.159 9.257 10.469 11.772 13.162 14.599 15.930 17.161 18.239 19.233 20.076 20.717 21.284 21.760 22.173 22.587 22.962 23.236 23.640 24.088 24.625 25.416 26.207 27.389 28.679 30.051 31.744 33.238 34.702 36.271 37.617 38.909 40.298 41.367 42.282 43.644 44.747 45.773 47.388 48.344 48.300 48.676 48.744 49.218 51.120 52.930 55.140 57.166 57.864 58.272 58.372 57.800 57.680 57.358 56.767 56.698 56.249 55.583 55.440 54.679 53.860 53.511 53.093
0.963 1.216 1.515 1.865 2.269 2.734 3.260 3.844 4.488 5.191 5.951 6.769 7.669 8.686 9.842 11.111 12.469 13.920 15.450 16.939 18.330 19.533 20.610 21.426 22.087 22.645 23.026 23.346 23.724 23.996 24.203 24.550 24.904 25.365 26.068 26.710 27.898 29.161 30.542 32.271 33.946 35.621 37.324 38.740 39.919 41.270 42.386 43.383 44.804 45.981 46.938 48.128 48.729 48.658 48.991 48.805 48.634 49.819 51.156 52.112 54.091 55.931 56.919 57.367 56.905 56.880 57.234 56.739 56.684 56.323 55.580 55.463 54.881 54.017 53.726 53.508
1.044 1.328 1.662 2.048 2.489 2.990 3.547 4.146 4.795 5.505 6.274 7.113 8.043 9.084 10.266 11.585 12.997 14.478 16.031 17.629 19.165 20.508 21.652 22.511 23.209 23.791 24.186 24.486 24.810 24.976 25.112 25.357 25.564 25.816 26.386 26.947 28.080 29.369 30.776 32.481 34.195 35.923 37.829 39.442 40.607 42.007 43.184 44.104 45.332 46.329 47.287 48.541 49.211 49.074 49.421 49.187 48.735 49.482 50.511 51.668 53.187 54.338 55.291 56.088 56.351 56.539 57.157 56.852 56.519 56.301 55.572 55.289 54.664 53.790 53.591 53.424
1.091 1.403 1.769 2.193 2.676 3.215 3.792 4.388 5.022 5.723 6.494 7.348 8.303 9.374 10.582 11.917 13.347 14.838 16.391 18.043 19.664 21.150 22.422 23.432 24.147 24.718 25.108 25.301 25.605 25.767 25.874 26.105 26.205 26.361 26.818 27.329 28.371 29.574 30.931 32.645 34.400 36.148 38.300 40.128 41.343 42.856 44.059 44.851 46.022 46.898 47.632 48.549 48.816 48.603 49.053 48.970 48.688 49.310 50.101 51.358 52.688 53.304 53.355 54.317 55.400 55.924 56.606 56.107 55.688 55.572 54.651 53.842 53.198 52.251 52.026 51.865
1.101 1.436 1.834 2.301 2.833 3.402 3.982 4.568 5.194 5.880 6.642 7.497 8.464 9.556 10.782 12.114 13.535 15.025 16.591 18.239 19.914 21.483 22.870 24.041 24.882 25.518 25.927 26.178 26.419 26.469 26.561 26.729 26.777 26.955 27.238 27.700 28.606 29.712 31.042 32.748 34.531 36.466 38.780 40.766 42.192 43.730 44.837 45.628 46.817 47.553 47.959 48.642 48.794 48.578 49.028 48.917 48.425 48.897 49.590 50.655 51.863 52.394 52.074 52.518 52.711 52.795 54.256 54.392 54.277 54.056 52.973 51.862 51.319 50.565 50.239 50.097
1.055 1.430 1.864 2.385 2.967 3.544 4.117 4.694 5.302 5.971 6.721 7.570 8.544 9.652 10.881 12.208 13.622 15.093 16.671 18.284 20.011 21.637 23.094 24.408 25.429 26.149 26.609 26.934 27.041 26.963 27.077 27.133 27.156 27.389 27.500 27.815 28.586 29.556 30.810 32.476 34.296 36.359 38.750 40.890 42.369 43.842 44.857 45.612 46.751 47.531 48.056 48.902 49.174 48.921 49.436 49.342 48.820 49.298 49.763 50.679 51.684 51.838 51.615 51.997 51.761 51.246 51.997 52.400 52.840 52.560 51.475 50.397 49.629 49.045 48.770 48.742
0.902 1.362 1.876 2.464 3.067 3.633 4.197 4.769 5.365 6.025 6.768 7.618 8.586 9.682 10.913 12.236 13.630 15.090 16.666 18.271 19.986 21.631 23.200 24.557 25.621 26.448 26.995 27.450 27.591 27.620 27.765 27.698 27.646 27.758 27.814 28.061 28.720 29.567 30.784 32.497 34.299 36.339 38.887 41.071 42.560 44.076 45.032 45.695 46.773 47.443 47.670 48.335 48.689 48.565 49.083 48.957 48.720 49.277 49.781 50.284 51.014 51.014 50.628 50.902 50.573 50.023 50.241 50.133 50.850 50.913 49.922 48.808 47.860 47.570 47.282 47.123
0.641 1.190 1.842 2.519 3.126 3.688 4.251 4.817 5.410 6.066 6.789 7.610 8.569 9.667 10.899 12.216 13.609 15.073 16.593 18.158 19.822 21.503 23.159 24.602 25.763 26.745 27.373 27.924 28.171 28.209 28.269 28.197 28.093 28.094 28.123 28.323 28.844 29.628 30.788 32.482 34.280 36.372 38.937 41.085 42.847 44.461 45.274 45.954 46.883 47.134 47.384 48.215 48.600 48.614 49.170 48.996 48.676 48.898 49.255 49.401 50.010 49.936 49.454 49.425 49.131 48.470 48.455 48.183 48.505 49.017 48.336 47.609 46.722 46.572 46.221 45.766
0.357 0.891 1.697 2.522 3.159 3.722 4.281 4.841 5.432 6.084 6.800 7.603 8.520 9.571 10.762 12.075 13.483 14.907 16.358 17.866 19.465 21.174 22.956 24.535 25.826 26.938 27.722 28.355 28.643 28.758 28.842 28.704 28.452 28.314 28.231 28.357 28.851 29.494 30.478 32.122 33.876 35.929 38.431 40.601 42.367 44.000 44.865 45.467 46.343 46.704 47.285 48.125 48.366 48.756 49.293 48.997 48.960 49.202 49.037 49.120 49.731 49.474 49.120 48.837 48.161 47.496 47.349 46.651 46.314 47.334 47.143 46.738 46.072 45.907 45.171 44.419
0.151 0.535 1.342 2.383 3.157 3.729 4.285 4.850 5.450 6.102 6.798 7.570 8.429 9.412 10.530 11.775 13.134 14.509 15.917 17.371 18.919 20.640 22.601 24.289 25.739 26.890 27.780 28.507 28.851 29.046 29.158 28.986 28.773 28.718 28.583 28.653 29.104 29.636 30.465 31.959 33.593 35.605 38.185 40.411 42.070 43.800 44.731 45.176 45.993 46.213 46.466 47.121 47.322 47.825 48.633 48.701 48.725 48.957 48.565 48.489 48.982 48.669 48.383 48.211 47.416 46.710 46.440 45.582 45.174 45.753 45.841 45.447 45.048 44.681 43.881 42.913
0.056 0.251 0.864 1.986 3.044 3.718 4.283 4.859 5.466 6.108 6.794 7.529 8.323 9.207 10.202 11.323 12.581 13.936 15.273 16.650 18.198 19.932 22.061 24.009 25.710 26.922 27.809 28.703 29.188 29.398 29.568 29.435 29.236 29.169 29.054 29.029 29.327 29.824 30.580 31.914 33.449 35.520 38.017 40.135 41.827 43.396 44.280 45.119 45.868 45.804 45.780 46.313 46.529 46.821 47.602 47.800 47.870 48.291 47.859 47.617 47.886 47.543 47.337 47.332 46.581 45.965 45.640 44.510 44.156 43.941 44.252 44.323 44.193 43.563 42.888 41.815
0.026 0.102 0.452 1.393 2.709 3.633 4.264 4.866 5.485 6.129 6.806 7.517 8.268 9.080 9.995 11.038 12.183 13.474 14.789 16.130 17.635 19.316 21.396 23.587 25.447 26.844 27.868 28.850 29.458 29.821 30.063 29.939 29.692 29.658 29.601 29.537 29.754 30.100 30.737 31.914 33.327 35.148 37.409 39.396 41.026 42.478 43.322 44.197 45.030 45.141 45.241 45.527 45.391 45.656 46.484 46.976 47.446 48.018 47.783 47.627 47.673 47.221 47.069 47.149 46.509 45.991 45.607 44.342 43.767 43.155 42.959 43.399 43.189 42.463 41.822 40.765
0.019 0.044 0.200 0.807 2.086 3.373 4.193 4.848 5.484 6.129 6.792 7.487 8.225 9.029 9.909 10.906 11.996 13.212 14.530 15.886 17.331 18.896 20.744 22.876 24.851 26.447 27.674 28.651 29.370 29.979 30.437 30.556 30.453 30.501 30.472 30.415 30.695 30.961 31.515 32.584 33.771 35.166 37.084 38.850 40.266 41.889 42.718 43.288 43.978 43.940 43.934 44.094 43.781 43.888 44.505 45.024 46.013 47.096 47.261 47.228 47.426 46.958 46.678 46.743 46.189 45.729 45.362 44.186 43.145 42.575 41.956 42.227 41.976 41.131 40.367 39.451
0.020 0.027 0.079 0.382 1.310 2.731 3.897 4.733 5.437 6.100 6.767 7.476 8.225 9.032 9.897 10.866 11.938 13.117 14.387 15.736 17.179 18.674 20.342 22.163 24.182 25.979 27.363 28.542 29.375 30.070 30.806 31.188 31.358 31.496 31.540 31.588 31.906 32.147 32.609 33.453 34.347 35.517 37.073 38.460 39.785 41.260 41.961 42.386 42.987 42.917 42.724 42.909 42.661 42.527 43.099 43.622 44.497 45.658 46.078 46.147 46.545 46.206 45.942 46.052 45.556 45.122 44.715 43.617 42.492 41.762 40.671 40.339 40.563 40.069 38.942 38.083
0.021 0.021 0.036 0.145 0.613 1.690 3.053 4.222 5.136 5.922 6.661 7.421 8.213 9.067 9.971 10.950 12.007 13.160 14.413 15.761 17.189 18.567 20.017 21.558 23.389 25.271 26.860 28.267 29.301 30.145 31.079 31.568 31.847 32.137 32.288 32.386 32.778 33.045 33.497 34.300 35.026 35.796 36.925 37.860 39.071 40.312 40.926 41.224 41.746 41.937 42.101 42.277 41.880 41.806 42.162 42.329 43.212 44.416 44.934 45.208 45.698 45.542 45.537 45.830 45.396 44.881 44.264 43.193 42.314 41.498 40.099 39.249 39.078 38.672 37.346 36.303
0.020 0.020 0.023 0.053 0.227 0.772 1.803 3.113 4.406 5.503 6.438 7.345 8.260 9.201 10.176 11.196 12.238 13.368 14.592 15.894 17.271 18.624 19.950 21.225 22.651 24.345 26.085 27.703 28.963 29.992 31.054 31.802 32.266 32.747 32.967 33.115 33.569 33.788 34.173 34.963 35.619 36.106 37.015 37.667 38.588 39.797 40.290 40.435 40.953 41.120 41.195 41.416 41.063 40.928 41.224 41.374 42.046 43.003 43.472 43.770 44.285 44.171 44.190 44.567 44.197 43.656 43.026 42.144 41.384 40.604 39.160 37.885 37.170 36.433 35.109 33.731
0.019 0.019 0.020 0.030 0.087 0.314 0.900 1.931 3.346 4.869 6.172 7.312 8.395 9.460 10.551 11.637 12.700 13.810 14.995 16.196 17.476 18.720 19.900 21.036 22.253 23.686 25.301 27.094 28.562 29.751 30.961 31.875 32.597 33.229 33.476 33.637 34.017 34.233 34.722 35.436 35.938 36.421 37.151 37.640 38.401 39.446 39.946 40.235 40.645 40.609 40.609 40.977 40.814 40.571 40.768 40.717 40.959 41.574 41.783 41.940 42.376 42.239 42.169 42.331 41.949 41.564 41.123 40.300 39.544 38.799 37.548 36.086 34.697 33.464 32.219 30.798
0.019 0.018 0.019 0.025 0.053 0.157 0.487 1.254 2.560 4.316 6.006 7.408 8.692 9.938 11.172 12.320 13.421 14.523 15.650 16.759 17.912 19.003 20.069 21.066 22.136 23.376 24.776 26.401 27.916 29.338 30.736 31.837 32.604 33.274 33.599 33.736 34.016 34.161 34.625 35.300 35.804 36.246 36.801 37.157 37.855 38.771 39.281 39.595 40.200 40.462 40.621 40.852 40.657 40.644 40.801 40.548 40.488 40.752 40.621 40.561 40.749 40.517 40.384 40.324 39.862 39.517 39.187 38.342 37.541 36.752 35.461 33.907 32.148 30.273 28.456 26.944
0.020 0.019 0.020 0.025 0.045 0.114 0.338 0.944 2.141 3.945 5.965 7.650 9.171 10.616 11.990 13.257 14.410 15.487 16.521 17.503 18.505 19.399 20.312 21.145 22.062 23.178 24.345 25.750 27.200 28.638 30.166 31.506 32.462 33.391 33.703 33.760 34.073 34.198 34.583 35.315 35.811 36.125 36.639 36.859 37.465 38.475 38.958 39.232 39.852 40.024 40.098 40.293 40.079 40.044 40.188 40.010 39.956 40.047 39.763 39.551 39.476 39.047 38.709 38.535 37.954 37.368 36.817 35.889 34.982 34.029 32.658 30.930 28.952 26.596 24.271 22.366
0.023 0.021 0.022 0.026 0.043 0.100 0.281 0.801 1.931 3.737 5.993 7.971 9.680 11.255 12.756 14.147 15.425 16.540 17.532 18.413 19.260 20.007 20.750 21.407 22.190 23.219 24.218 25.436 26.840 28.163 29.756 31.219 32.240 33.261 33.620 33.720 34.060 34.184 34.580 35.246 35.596 35.786 36.212 36.358 37.035 38.097 38.666 39.057 39.618 39.680 39.670 39.979 39.823 39.606 39.650 39.323 39.126 39.160 38.784 38.443 38.180 37.509 36.957 36.653 35.932 35.193 34.528 33.441 32.187 30.893 29.274 27.323 25.188 22.673 20.133 17.872
0.029 0.026 0.026 0.029 0.043 0.093 0.254 0.731 1.827 3.633 5.956 8.124 9.995 11.696 13.310 14.806 16.223 17.512 18.611 19.490 20.248 20.883 21.483 21.990 22.580 23.356 24.239 25.353 26.622 27.871 29.229 30.506 31.585 32.608 33.060 33.287 33.614 33.752 34.207 34.739 34.941 35.061 35.342 35.447 36.158 37.154 37.852 38.369 39.032 39.264 39.337 39.565 39.315 39.034 38.911 38.508 38.271 38.389 37.927 37.379 37.069 36.291 35.530 34.947 33.968 32.986 32.043 30.675 29.128 27.517 25.528 23.296 20.929 18.466 16.148 13.893
0.041 0.033 0.032 0.034 0.045 0.088 0.234 0.690 1.770 3.567 5.891 8.132 10.107 11.952 13.667 15.290 16.780 18.202 19.517 20.531 21.355 21.976 22.442 22.890 23.358 23.903 24.605 25.432 26.418 27.639 28.781 29.966 31.062 32.034 32.497 32.681 33.144 33.408 33.792 34.310 34.402 34.377 34.667 34.781 35.260 36.215 37.053 37.632 38.281 38.402 38.436 38.557 38.255 38.099 37.928 37.367 37.042 37.011 36.478 35.899 35.396 34.543 33.688 32.834 31.723 30.610 29.355 27.682 25.722 23.642 21.280 18.902 16.675 14.531 12.511 10.477
0.058 0.045 0.040 0.040 0.048 0.084 0.215 0.647 1.705 3.476 5.785 8.084 10.147 12.080 13.933 15.652 17.261 18.764 20.196 21.407 22.408 23.102 23.550 23.976 24.301 24.679 25.258 25.819 26.548 27.608 28.625 29.624 30.636 31.531 31.994 32.190 32.577 32.894 33.247 33.717 33.768 33.748 33.985 34.042 34.427 35.207 35.923 36.547 37.273 37.419 37.328 37.480 37.210 36.858 36.414 35.685 35.207 35.007 34.362 33.704 33.050 32.176 31.353 30.454 29.260 27.984 26.348 24.348 21.981 19.592 17.251 15.069 13.058 11.144 9.333 7.568
0.083 0.060 0.051 0.049 0.053 0.078 0.185 0.565 1.562 3.296 5.600 7.949 10.125 12.156 14.107 15.920 17.632 19.261 20.826 22.210 23.412 24.222 24.738 25.161 25.424 25.684 26.031 26.313 26.779 27.547 28.285 29.081 30.058 30.855 31.353 31.748 31.922 32.213 32.546 32.816 32.866 32.911 33.064 33.027 33.332 33.896 34.406 34.958 35.584 35.772 35.790 35.965 35.671 35.267 34.828 34.069 33.376 32.945 32.204 31.435 30.654 29.664 28.720 27.687 26.353 24.888 22.937 20.606 18.123 15.847 13.765 11.823 10.028 8.335 6.773 5.338
0.116 0.081 0.063 0.057 0.058 0.072 0.144 0.438 1.321 3.003 5.340 7.809 10.084 12.204 14.243 16.182 17.992 19.711 21.348 22.831 24.166 25.118 25.701 26.081 26.344 26.525 26.684 26.705 26.891 27.513 28.095 28.733 29.680 30.442 30.915 31.413 31.573 31.735 32.036 32.145 32.167 32.239 32.365 32.287 32.328 32.743 33.098 33.406 33.893 33.971 33.901 34.012 33.803 33.472 32.926 31.972 31.120 30.447 29.531 28.576 27.651 26.583 25.580 24.465 23.027 21.302 19.157 16.821 14.638 12.647 10.831 9.145 7.622 6.212 4.957 3.907
0.159 0.109 0.080 0.068 0.066 0.074 0.119 0.327 1.066 2.661 5.052 7.728 10.125 12.337 14.401 16.391 18.261 20.030 21.664 23.175 24.569 25.581 26.245 26.664 26.886 27.002 27.171 27.173 27.207 27.656 28.073 28.568 29.363 29.995 30.355 30.809 31.060 31.168 31.488 31.547 31.544 31.702 31.727 31.656 31.582 31.753 31.857 31.959 32.243 32.209 32.083 32.016 31.602 31.179 30.641 29.641 28.616 27.713 26.691 25.761 24.808 23.646 22.427 21.094 19.523 17.719 15.675 13.587 11.701 9.979 8.437 7.034 5.790 4.700 3.805 3.138
0.214 0.146 0.104 0.084 0.078 0.081 0.108 0.257 0.874 2.387 4.822 7.704 10.263 12.590 14.698 16.748 18.589 20.361 21.945 23.374 24.737 25.783 26.517 27.102 27.333 27.367 27.552 27.519 27.422 27.588 27.871 28.306 28.905 29.295 29.509 29.869 30.076 30.237 30.593 30.636 30.687 30.876 30.831 30.795 30.759 30.658 30.624 30.653 30.839 30.686 30.567 30.441 29.913 29.204 28.416 27.338 26.215 25.164 24.053 23.020 21.965 20.800 19.506 18.053 16.404 14.593 12.699 10.903 9.311 7.863 6.568 5.430 4.453 3.663 3.086 2.708
0.275 0.196 0.140 0.107 0.090 0.085 0.099 0.205 0.712 2.150 4.667 7.803 10.595 13.032 15.177 17.187 18.928 20.596 22.114 23.496 24.820 25.880 26.679 27.331 27.596 27.662 27.816 27.719 27.622 27.724 27.872 28.208 28.640 28.758 28.727 28.910 29.003 29.182 29.598 29.667 29.779 30.014 30.020 29.977 30.000 29.824 29.688 29.491 29.492 29.204 29.009 28.711 28.027 27.193 26.263 25.061 23.839 22.681 21.465 20.332 19.163 17.947 16.651 15.175 13.565 11.908 10.325 8.846 7.474 6.250 5.164 4.252 3.512 2.961 2.609 2.437
0.316 0.235 0.171 0.124 0.095 0.084 0.089 0.161 0.566 1.916 4.547 8.075 11.191 13.702 15.763 17.586 19.111 20.601 22.021 23.354 24.608 25.668 26.506 27.177 27.486 27.624 27.758 27.692 27.686 27.854 27.882 28.028 28.233 28.116 27.911 27.916 27.878 27.990 28.372 28.459 28.653 28.927 29.004 28.974 29.031 28.861 28.706 28.556 28.505 28.123 27.701 27.233 26.360 25.251 24.079 22.708 21.366 20.136 18.826 17.594 16.400 15.138 13.871 12.459 11.028 9.700 8.442 7.257 6.121 5.085 4.173 3.431 2.877 2.523 2.350 2.326
0.327 0.250 0.183 0.130 0.095 0.079 0.078 0.125 0.436 1.662 4.368 8.246 11.690 14.321 16.263 17.843 19.196 20.610 21.924 23.122 24.282 25.267 26.110 26.934 27.342 27.551 27.753 27.663 27.569 27.644 27.586 27.560 27.482 27.169 26.886 26.720 26.548 26.557 26.840 26.920 27.135 27.425 27.617 27.694 27.787 27.608 27.513 27.438 27.242 26.917 26.318 25.677 24.664 23.349 21.965 20.412 18.915 17.571 16.181 14.823 13.539 12.279 11.118 9.955 8.854 7.891 6.979 6.080 5.161 4.276 3.506 2.904 2.503 2.315 2.281 2.380
