RESULTS/r.avaflow_results/14b_results/14b_ascii/14b_hflow10016.asc
ncols 506
nrows 317
xllcenter 498237.50
yllcenter 5580050.00
cellsize 12.50
NODATA_value -9999.000
[rows 170 to 203 of 317, columns 152 to 227 of 506]
49.425 48.388 47.332 46.845 46.178 45.276 44.596 43.513 42.359 41.448 40.032 38.708 37.300 35.676 33.912 32.112 29.826 27.476 24.860 22.153 19.582 17.184 15.074 13.155 11.473 9.996 8.700 7.552 6.573 5.718 4.976 4.333 3.762 3.250 2.795 2.385 2.017 1.688 1.400 1.155 0.951 0.791 0.671 0.584 0.512 0.440 0.364 0.301 0.256 0.227 0.211 0.202 0.197 0.192 0.188 0.192 0.209 0.242 0.292 0.344 0.380 0.394 0.394 0.387 0.372 0.348 0.323 0.308 0.307 0.320 0.347 0.365 0.372 0.374 0.368 0.355
51.356 50.810 50.340 50.404 49.808 48.972 48.390 47.266 46.038 45.196 43.888 42.437 40.968 39.303 37.480 35.738 33.568 31.154 28.386 25.333 22.330 19.512 17.037 14.806 12.862 11.118 9.579 8.248 7.102 6.128 5.307 4.606 3.994 3.452 2.975 2.550 2.166 1.822 1.513 1.243 1.017 0.838 0.704 0.608 0.528 0.448 0.363 0.278 0.203 0.146 0.111 0.096 0.092 0.093 0.101 0.123 0.170 0.248 0.330 0.379 0.398 0.400 0.395 0.386 0.370 0.345 0.322 0.309 0.310 0.327 0.356 0.375 0.389 0.401 0.410 0.414
53.298 53.284 53.165 53.437 52.945 52.128 51.498 50.445 49.262 48.523 47.315 45.824 44.492 42.817 40.998 39.194 36.917 34.288 31.498 28.267 25.021 21.909 19.038 16.453 14.188 12.148 10.391 8.880 7.577 6.483 5.572 4.804 4.156 3.593 3.100 2.666 2.279 1.934 1.613 1.327 1.075 0.869 0.715 0.605 0.512 0.418 0.316 0.207 0.119 0.067 0.045 0.038 0.037 0.040 0.050 0.075 0.135 0.250 0.358 0.405 0.414 0.411 0.402 0.389 0.370 0.346 0.325 0.315 0.316 0.333 0.361 0.378 0.392 0.408 0.424 0.433
55.310 55.705 55.437 55.658 55.285 54.467 53.944 53.057 51.916 51.256 50.088 48.673 47.602 45.846 43.985 42.118 39.775 36.988 34.205 30.884 27.433 23.986 20.804 17.906 15.322 13.031 11.094 9.411 7.987 6.789 5.791 4.963 4.268 3.680 3.175 2.736 2.357 2.017 1.698 1.400 1.124 0.888 0.705 0.563 0.437 0.315 0.198 0.104 0.050 0.026 0.017 0.015 0.016 0.018 0.026 0.048 0.111 0.247 0.377 0.426 0.431 0.426 0.415 0.398 0.376 0.353 0.336 0.328 0.330 0.343 0.364 0.378 0.390 0.407 0.425 0.434
56.246 56.606 56.764 57.391 57.150 56.432 56.147 55.381 54.337 53.896 52.849 51.310 50.087 48.182 46.186 44.354 42.035 39.376 36.527 32.999 29.453 25.669 22.207 19.032 16.202 13.719 11.621 9.822 8.313 7.045 5.989 5.103 4.357 3.736 3.217 2.774 2.396 2.065 1.757 1.454 1.155 0.887 0.658 0.460 0.292 0.164 0.083 0.039 0.019 0.011 0.008 0.008 0.008 0.011 0.017 0.038 0.099 0.246 0.393 0.448 0.452 0.447 0.435 0.416 0.391 0.370 0.357 0.351 0.351 0.358 0.369 0.379 0.388 0.404 0.423 0.430
56.755 57.037 56.955 57.411 57.291 56.824 56.866 56.388 55.593 55.245 54.333 53.107 51.973 50.079 47.935 46.057 43.607 41.012 38.061 34.467 30.929 26.887 23.232 19.863 16.852 14.218 11.982 10.101 8.552 7.242 6.153 5.227 4.446 3.797 3.256 2.793 2.401 2.076 1.776 1.471 1.153 0.835 0.547 0.309 0.151 0.069 0.031 0.015 0.008 0.006 0.005 0.005 0.006 0.009 0.015 0.036 0.097 0.251 0.412 0.473 0.479 0.475 0.464 0.444 0.420 0.402 0.390 0.383 0.380 0.378 0.380 0.384 0.390 0.406 0.423 0.428
56.746 56.782 56.759 57.296 57.307 56.957 57.103 56.812 56.243 56.047 55.157 53.941 52.828 51.010 49.065 47.356 44.794 42.316 39.334 35.722 32.072 27.847 23.988 20.415 17.240 14.533 12.209 10.280 8.697 7.379 6.277 5.335 4.536 3.862 3.286 2.791 2.371 2.023 1.709 1.389 1.032 0.660 0.355 0.159 0.065 0.027 0.012 0.007 0.005 0.004 0.004 0.005 0.006 0.008 0.016 0.038 0.107 0.272 0.441 0.507 0.515 0.513 0.505 0.488 0.467 0.450 0.436 0.425 0.415 0.406 0.400 0.399 0.403 0.414 0.426 0.428
55.541 56.153 56.395 56.971 57.109 56.995 57.392 57.256 56.736 56.588 55.785 54.462 53.158 51.159 49.006 47.288 44.781 42.338 39.482 36.055 32.234 28.017 24.116 20.621 17.422 14.685 12.322 10.373 8.768 7.455 6.352 5.407 4.587 3.884 3.267 2.703 2.189 1.743 1.362 1.000 0.638 0.332 0.146 0.060 0.024 0.011 0.006 0.004 0.004 0.004 0.004 0.004 0.006 0.009 0.019 0.048 0.135 0.318 0.486 0.554 0.567 0.568 0.564 0.552 0.536 0.518 0.499 0.480 0.461 0.445 0.433 0.427 0.427 0.431 0.434 0.432
53.911 54.523 54.926 55.744 56.051 56.064 56.561 56.447 55.930 55.711 54.957 53.822 52.779 50.995 48.876 47.203 44.712 42.067 39.265 35.928 32.046 28.061 24.138 20.623 17.468 14.728 12.379 10.402 8.797 7.474 6.378 5.440 4.605 3.840 3.091 2.336 1.643 1.073 0.660 0.382 0.200 0.092 0.041 0.018 0.009 0.005 0.004 0.003 0.003 0.003 0.003 0.004 0.006 0.011 0.027 0.073 0.190 0.394 0.555 0.623 0.642 0.647 0.647 0.641 0.628 0.608 0.583 0.553 0.523 0.499 0.481 0.470 0.463 0.457 0.450 0.441
52.762 53.261 53.677 54.582 55.056 55.043 55.509 55.388 54.817 54.603 53.919 52.955 52.091 50.343 48.347 46.583 44.002 41.261 38.473 35.202 31.487 27.719 23.910 20.483 17.424 14.707 12.392 10.415 8.800 7.446 6.352 5.393 4.477 3.541 2.541 1.565 0.821 0.391 0.185 0.089 0.043 0.021 0.011 0.007 0.005 0.004 0.003 0.003 0.003 0.003 0.003 0.004 0.008 0.017 0.045 0.120 0.279 0.501 0.654 0.723 0.749 0.759 0.762 0.759 0.747 0.723 0.689 0.647 0.605 0.571 0.546 0.526 0.509 0.491 0.475 0.458
51.134 51.925 52.463 53.151 53.609 53.599 53.944 53.849 53.319 53.315 52.621 51.605 50.930 49.673 47.830 45.836 43.012 40.080 37.176 34.000 30.430 26.817 23.279 20.084 17.206 14.625 12.383 10.420 8.733 7.291 6.047 4.886 3.734 2.571 1.469 0.676 0.266 0.100 0.042 0.020 0.011 0.007 0.005 0.004 0.003 0.003 0.003 0.003 0.003 0.003 0.003 0.005 0.011 0.028 0.081 0.205 0.419 0.645 0.788 0.860 0.893 0.909 0.916 0.913 0.897 0.865 0.820 0.764 0.708 0.664 0.627 0.596 0.566 0.537 0.509 0.484
49.480 50.067 50.486 50.722 51.275 51.351 51.618 51.996 51.748 51.664 51.135 50.043 49.158 48.345 46.611 44.529 41.695 38.825 35.986 32.708 29.268 25.803 22.447 19.434 16.764 14.424 12.322 10.391 8.489 6.628 4.948 3.422 2.108 1.123 0.501 0.187 0.063 0.024 0.011 0.007 0.005 0.004 0.003 0.003 0.003 0.002 0.002 0.002 0.002 0.003 0.004 0.008 0.020 0.056 0.157 0.361 0.630 0.842 0.973 1.048 1.089 1.111 1.117 1.109 1.082 1.038 0.978 0.904 0.833 0.774 0.724 0.679 0.637 0.596 0.557 0.522
48.183 48.592 48.710 48.609 49.197 49.296 49.700 50.443 50.498 50.314 49.931 48.741 47.496 46.520 44.772 42.669 40.167 37.360 34.543 31.171 27.824 24.330 21.144 18.358 15.885 13.700 11.613 9.457 7.034 4.627 2.700 1.419 0.681 0.291 0.111 0.040 0.016 0.008 0.005 0.004 0.003 0.003 0.003 0.002 0.002 0.002 0.002 0.002 0.003 0.004 0.008 0.018 0.048 0.132 0.326 0.646 0.947 1.136 1.246 1.318 1.361 1.376 1.373 1.348 1.303 1.240 1.161 1.067 0.979 0.904 0.839 0.780 0.723 0.669 0.618 0.573
46.352 46.764 46.992 47.002 47.393 47.354 47.827 48.483 48.553 48.537 48.336 47.108 45.649 44.178 42.289 40.273 37.993 35.152 32.251 29.013 25.848 22.597 19.507 16.485 13.688 11.105 8.529 5.917 3.461 1.704 0.767 0.331 0.139 0.057 0.024 0.011 0.006 0.004 0.004 0.003 0.003 0.003 0.002 0.002 0.002 0.002 0.002 0.003 0.005 0.010 0.025 0.061 0.152 0.349 0.701 1.128 1.428 1.586 1.667 1.709 1.726 1.715 1.683 1.632 1.561 1.472 1.368 1.252 1.143 1.050 0.972 0.900 0.830 0.760 0.695 0.638
44.973 45.245 45.107 44.984 45.108 44.947 45.124 45.450 45.410 45.436 45.239 44.149 42.821 41.279 39.171 37.139 34.771 32.136 29.303 26.275 23.069 19.472 15.884 12.424 9.121 6.107 3.646 1.886 0.814 0.308 0.122 0.055 0.026 0.013 0.007 0.005 0.004 0.004 0.003 0.003 0.003 0.002 0.002 0.002 0.002 0.003 0.004 0.007 0.016 0.040 0.099 0.234 0.489 0.884 1.394 1.844 2.103 2.209 2.241 2.227 2.187 2.128 2.055 1.966 1.859 1.735 1.599 1.458 1.327 1.212 1.113 1.023 0.938 0.857 0.781 0.711
43.889 43.929 43.380 42.981 42.906 42.492 42.142 42.155 41.939 41.834 41.647 40.656 39.380 37.601 35.487 33.449 30.906 28.253 25.378 22.180 18.445 14.113 10.025 6.691 4.086 2.180 0.976 0.363 0.122 0.045 0.021 0.012 0.007 0.005 0.004 0.004 0.003 0.003 0.003 0.003 0.003 0.002 0.003 0.003 0.004 0.006 0.012 0.027 0.066 0.165 0.379 0.753 1.277 1.859 2.382 2.695 2.807 2.813 2.773 2.719 2.657 2.580 2.484 2.358 2.204 2.035 1.861 1.692 1.528 1.377 1.241 1.124 1.023 0.934 0.853 0.779
42.339 42.186 41.508 40.793 40.326 39.478 38.745 38.440 38.019 37.714 37.299 36.302 35.212 33.365 31.201 28.680 25.863 23.073 20.034 16.401 12.146 8.138 5.007 2.760 1.342 0.561 0.200 0.064 0.023 0.011 0.007 0.005 0.004 0.004 0.004 0.003 0.003 0.003 0.003 0.003 0.003 0.003 0.004 0.007 0.011 0.023 0.049 0.112 0.270 0.597 1.131 1.827 2.506 2.984 3.238 3.327 3.303 3.233 3.163 3.103 3.047 2.981 2.878 2.725 2.548 2.357 2.158 1.955 1.737 1.527 1.350 1.204 1.086 0.989 0.907 0.834
40.669 40.302 39.328 38.198 37.237 36.143 35.249 34.440 33.689 33.148 32.354 31.306 30.029 28.029 25.692 22.642 19.364 16.281 13.218 10.133 6.942 4.162 2.172 0.977 0.386 0.141 0.049 0.018 0.009 0.006 0.005 0.004 0.004 0.004 0.004 0.004 0.004 0.004 0.004 0.005 0.006 0.009 0.015 0.026 0.049 0.096 0.200 0.434 0.899 1.646 2.487 3.174 3.559 3.719 3.739 3.670 3.574 3.486 3.433 3.390 3.348 3.286 3.172 3.013 2.840 2.650 2.440 2.201 1.923 1.656 1.437 1.263 1.128 1.024 0.943 0.876
38.275 37.826 36.584 35.194 33.841 32.646 31.601 30.405 29.237 28.144 26.851 25.445 23.762 21.576 18.959 15.940 12.913 10.144 7.648 5.419 3.441 1.872 0.869 0.354 0.136 0.053 0.023 0.012 0.007 0.005 0.005 0.004 0.004 0.004 0.005 0.006 0.007 0.009 0.011 0.016 0.024 0.038 0.064 0.113 0.209 0.388 0.716 1.308 2.256 3.228 3.853 4.111 4.171 4.089 3.940 3.789 3.679 3.616 3.591 3.570 3.540 3.473 3.364 3.230 3.076 2.894 2.672 2.396 2.072 1.760 1.504 1.302 1.150 1.039 0.961 0.902
35.250 34.488 33.237 31.954 30.444 29.180 28.089 26.745 25.187 23.405 21.496 19.611 17.571 15.398 13.047 10.514 7.966 5.752 3.953 2.561 1.514 0.797 0.374 0.163 0.072 0.034 0.018 0.011 0.008 0.007 0.006 0.007 0.008 0.010 0.013 0.017 0.023 0.032 0.046 0.070 0.108 0.170 0.276 0.462 0.766 1.222 1.910 2.908 3.910 4.486 4.670 4.624 4.474 4.240 3.998 3.821 3.715 3.666 3.646 3.630 3.607 3.561 3.488 3.387 3.249 3.069 2.828 2.527 2.178 1.837 1.551 1.325 1.156 1.041 0.965 0.912
31.815 30.908 29.517 28.175 26.738 25.402 24.170 22.593 20.639 18.296 15.884 13.766 11.830 10.084 8.369 6.556 4.671 3.112 1.980 1.216 0.713 0.394 0.203 0.102 0.053 0.030 0.019 0.014 0.012 0.013 0.015 0.020 0.026 0.036 0.051 0.071 0.098 0.137 0.202 0.304 0.449 0.651 0.954 1.407 2.022 2.751 3.546 4.348 4.909 5.105 5.051 4.872 4.612 4.294 4.021 3.834 3.726 3.674 3.648 3.630 3.618 3.601 3.566 3.488 3.356 3.162 2.905 2.596 2.243 1.888 1.581 1.333 1.153 1.033 0.959 0.912
27.771 26.701 25.327 23.950 22.508 21.108 19.555 17.493 14.876 12.082 9.704 8.022 6.836 5.855 4.906 3.884 2.735 1.768 1.101 0.675 0.407 0.237 0.134 0.078 0.049 0.033 0.027 0.027 0.032 0.043 0.059 0.080 0.109 0.152 0.213 0.293 0.395 0.536 0.743 1.017 1.350 1.765 2.291 2.888 3.479 4.034 4.578 5.025 5.255 5.269 5.167 4.965 4.674 4.308 4.016 3.825 3.717 3.661 3.629 3.615 3.616 3.614 3.592 3.522 3.387 3.185 2.924 2.616 2.273 1.915 1.594 1.332 1.135 0.999 0.915 0.869
23.446 21.915 20.390 18.912 17.293 15.456 13.106 10.403 7.799 5.774 4.454 3.708 3.289 2.974 2.644 2.231 1.659 1.087 0.679 0.418 0.259 0.163 0.107 0.074 0.057 0.052 0.061 0.083 0.120 0.172 0.238 0.320 0.429 0.577 0.761 0.973 1.212 1.515 1.916 2.347 2.761 3.154 3.533 3.893 4.222 4.552 4.911 5.175 5.275 5.267 5.184 4.994 4.689 4.300 3.990 3.786 3.674 3.616 3.579 3.556 3.524 3.473 3.396 3.297 3.169 3.006 2.803 2.551 2.244 1.897 1.569 1.289 1.061 0.884 0.764 0.711
19.350 17.330 15.281 13.275 11.173 9.014 6.768 4.717 3.159 2.156 1.640 1.458 1.425 1.421 1.386 1.274 1.022 0.680 0.429 0.275 0.186 0.136 0.106 0.092 0.102 0.136 0.204 0.312 0.460 0.639 0.838 1.060 1.319 1.628 1.969 2.318 2.660 3.015 3.342 3.578 3.767 3.949 4.115 4.264 4.423 4.638 4.933 5.147 5.232 5.236 5.178 5.001 4.686 4.265 3.924 3.694 3.554 3.473 3.394 3.251 3.012 2.738 2.505 2.343 2.267 2.232 2.193 2.090 1.911 1.653 1.357 1.068 0.817 0.609 0.467 0.408
15.651 13.570 11.398 9.197 7.050 5.095 3.439 2.189 1.410 0.996 0.809 0.753 0.753 0.776 0.782 0.743 0.621 0.432 0.296 0.215 0.168 0.144 0.145 0.186 0.288 0.465 0.721 1.049 1.435 1.820 2.192 2.560 2.928 3.290 3.590 3.818 4.001 4.140 4.220 4.235 4.234 4.256 4.291 4.338 4.434 4.610 4.869 5.061 5.153 5.170 5.114 4.933 4.600 4.147 3.761 3.472 3.245 3.044 2.789 2.376 1.831 1.350 1.061 0.942 0.923 0.960 1.055 1.116 1.102 1.013 0.846 0.627 0.427 0.283 0.197 0.162
12.431 10.504 8.539 6.602 4.849 3.395 2.315 1.579 1.134 0.874 0.722 0.630 0.572 0.538 0.512 0.473 0.407 0.317 0.252 0.213 0.197 0.229 0.335 0.556 0.923 1.413 1.981 2.626 3.266 3.760 4.077 4.258 4.396 4.523 4.628 4.695 4.722 4.703 4.639 4.531 4.423 4.357 4.326 4.327 4.374 4.490 4.685 4.815 4.864 4.829 4.705 4.473 4.124 3.685 3.283 2.925 2.568 2.153 1.648 1.123 0.686 0.419 0.292 0.252 0.249 0.270 0.329 0.382 0.400 0.391 0.346 0.263 0.172 0.110 0.074 0.060
9.782 8.198 6.617 5.139 3.864 2.863 2.113 1.562 1.187 0.940 0.770 0.642 0.540 0.465 0.414 0.374 0.333 0.291 0.265 0.288 0.388 0.615 1.010 1.597 2.375 3.208 3.974 4.608 5.053 5.279 5.326 5.237 5.134 5.083 5.060 5.035 4.992 4.923 4.817 4.662 4.501 4.384 4.300 4.233 4.187 4.182 4.208 4.163 4.045 3.863 3.624 3.330 2.994 2.637 2.289 1.923 1.506 1.063 0.668 0.371 0.192 0.105 0.071 0.061 0.060 0.065 0.083 0.108 0.121 0.126 0.121 0.101 0.070 0.046 0.032 0.026
7.740 6.587 5.481 4.480 3.598 2.835 2.207 1.734 1.384 1.110 0.888 0.704 0.559 0.462 0.401 0.360 0.334 0.332 0.420 0.660 1.084 1.709 2.547 3.485 4.349 5.024 5.530 5.864 6.015 6.010 5.897 5.678 5.436 5.277 5.183 5.125 5.073 5.009 4.898 4.720 4.517 4.344 4.181 3.999 3.787 3.534 3.237 2.906 2.577 2.291 2.049 1.835 1.629 1.417 1.196 0.952 0.674 0.411 0.223 0.112 0.057 0.032 0.021 0.018 0.017 0.018 0.022 0.031 0.038 0.042 0.044 0.041 0.033 0.023 0.017 0.014
6.264 5.545 4.882 4.264 3.630 3.016 2.503 2.077 1.705 1.375 1.085 0.840 0.648 0.519 0.445 0.412 0.427 0.581 0.987 1.683 2.581 3.540 4.428 5.123 5.628 6.005 6.274 6.393 6.386 6.303 6.148 5.902 5.581 5.342 5.207 5.143 5.102 5.045 4.922 4.721 4.464 4.166 3.831 3.441 2.962 2.412 1.894 1.501 1.236 1.074 0.972 0.890 0.802 0.695 0.569 0.428 0.278 0.160 0.088 0.049 0.029 0.019 0.013 0.010 0.009 0.008 0.009 0.011 0.015 0.017 0.018 0.019 0.017 0.014 0.011 0.009
5.267 4.901 4.570 4.220 3.809 3.382 2.976 2.578 2.166 1.756 1.389 1.082 0.847 0.691 0.614 0.606 0.741 1.237 2.161 3.203 4.125 4.877 5.457 5.852 6.122 6.338 6.478 6.520 6.508 6.443 6.294 6.026 5.647 5.349 5.180 5.109 5.070 5.004 4.855 4.589 4.208 3.707 3.108 2.443 1.789 1.268 0.911 0.683 0.554 0.489 0.458 0.436 0.407 0.361 0.298 0.221 0.146 0.092 0.059 0.039 0.026 0.018 0.013 0.009 0.007 0.006 0.006 0.006 0.007 0.009 0.009 0.010 0.009 0.009 0.007 0.006
4.599 4.513 4.451 4.334 4.154 3.926 3.633 3.266 2.811 2.288 1.817 1.442 1.176 1.020 0.964 1.011 1.357 2.190 3.322 4.211 4.872 5.388 5.758 6.015 6.214 6.384 6.503 6.556 6.563 6.518 6.368 6.074 5.660 5.291 5.042 4.874 4.729 4.558 4.319 3.960 3.456 2.782 2.018 1.362 0.897 0.594 0.421 0.331 0.287 0.267 0.256 0.249 0.239 0.222 0.194 0.154 0.112 0.080 0.057 0.040 0.028 0.020 0.014 0.010 0.008 0.006 0.005 0.005 0.005 0.005 0.005 0.005 0.005 0.005 0.004 0.004
4.220 4.371 4.555 4.678 4.726 4.676 4.496 4.150 3.632 2.976 2.366 1.914 1.625 1.486 1.458 1.551 1.981 2.850 3.879 4.574 5.076 5.476 5.776 6.016 6.209 6.368 6.491 6.564 6.584 6.543 6.381 6.071 5.617 5.132 4.700 4.284 3.847 3.423 3.012 2.576 2.075 1.509 1.007 0.652 0.421 0.290 0.227 0.201 0.190 0.186 0.182 0.179 0.175 0.167 0.154 0.132 0.104 0.078 0.057 0.042 0.031 0.023 0.016 0.012 0.009 0.007 0.005 0.004 0.004 0.003 0.003 0.003 0.003 0.003 0.003 0.002
4.132 4.500 4.943 5.304 5.507 5.520 5.337 4.960 4.405 3.711 3.006 2.465 2.105 1.909 1.847 1.930 2.329 3.119 4.025 4.638 5.097 5.467 5.751 5.980 6.153 6.285 6.374 6.424 6.404 6.318 6.125 5.795 5.323 4.738 4.089 3.310 2.484 1.848 1.426 1.118 0.854 0.612 0.418 0.289 0.212 0.173 0.156 0.151 0.151 0.151 0.150 0.149 0.146 0.141 0.132 0.118 0.098 0.075 0.057 0.043 0.032 0.024 0.017 0.013 0.009 0.007 0.005 0.004 0.003 0.002 0.002 0.002 0.002 0.001 0.001 0.001
4.300 4.920 5.519 5.932 6.124 6.126 5.923 5.531 4.993 4.347 3.634 2.998 2.522 2.227 2.102 2.134 2.441 3.144 4.023 4.634 5.080 5.420 5.673 5.854 5.962 6.003 5.953 5.803 5.569 5.328 5.057 4.723 4.306 3.762 3.004 2.021 1.230 0.769 0.514 0.369 0.277 0.213 0.168 0.141 0.128 0.123 0.123 0.124 0.125 0.126 0.126 0.125 0.123 0.119 0.113 0.104 0.090 0.072 0.056 0.043 0.032 0.024 0.018 0.013 0.010 0.007 0.005 0.004 0.002 0.002 0.001 0.001 0.001 0.001 0.001 0.001
