RESULTS/r.avaflow_results/14b_results/14b_ascii/14b_hflow30004.asc
ncols 506
nrows 317
xllcenter 498237.50
yllcenter 5580050.00
cellsize 12.50
NODATA_value -9999.000
[rows 170 to 203 of 317, columns 154 to 230 of 506]
1.153 1.520 1.970 2.509 3.144 3.885 4.727 5.665 6.709 7.744 8.579 9.131 9.430 9.573 9.613 9.564 9.396 9.102 8.710 8.254 7.745 7.130 6.378 5.638 5.025 4.545 4.217 4.017 3.890 3.800 3.729 3.674 3.623 3.555 3.462 3.394 3.356 3.309 3.204 2.998 2.712 2.509 2.368 2.233 2.071 1.851 1.557 1.237 0.950 0.692 0.486 0.350 0.270 0.222 0.191 0.171 0.160 0.158 0.162 0.168 0.173 0.175 0.176 0.179 0.185 0.198 0.230 0.316 0.527 0.945 1.350 1.526 1.545 1.427 1.088 0.658 0.369
0.893 1.204 1.599 2.089 2.691 3.432 4.336 5.403 6.602 7.853 8.995 9.908 10.539 10.896 11.024 11.024 10.906 10.612 10.142 9.516 8.789 7.983 7.062 6.144 5.380 4.762 4.311 4.043 3.934 3.916 3.933 3.946 3.931 3.865 3.722 3.578 3.469 3.363 3.223 2.992 2.681 2.451 2.272 2.093 1.879 1.585 1.182 0.778 0.479 0.298 0.200 0.148 0.120 0.105 0.099 0.097 0.100 0.106 0.116 0.122 0.123 0.123 0.120 0.119 0.119 0.125 0.144 0.198 0.332 0.622 1.045 1.331 1.428 1.419 1.293 0.982 0.611
0.699 0.964 1.310 1.752 2.310 3.015 3.907 5.016 6.316 7.734 9.156 10.425 11.436 12.139 12.519 12.630 12.572 12.344 11.895 11.211 10.338 9.325 8.190 7.008 5.987 5.141 4.487 4.078 3.914 3.900 3.942 3.992 3.997 3.934 3.777 3.593 3.451 3.307 3.121 2.830 2.440 2.118 1.850 1.588 1.294 0.934 0.568 0.319 0.185 0.118 0.085 0.068 0.059 0.056 0.056 0.059 0.066 0.077 0.087 0.091 0.091 0.089 0.085 0.082 0.082 0.084 0.094 0.127 0.208 0.385 0.719 1.099 1.315 1.383 1.370 1.246 0.957
0.549 0.776 1.080 1.477 1.990 2.654 3.502 4.580 5.905 7.455 9.136 10.746 12.117 13.158 13.844 14.155 14.194 14.077 13.755 13.171 12.305 11.186 9.857 8.387 7.008 5.839 4.908 4.265 3.921 3.817 3.840 3.895 3.910 3.868 3.728 3.513 3.306 3.100 2.840 2.435 1.894 1.428 1.064 0.785 0.554 0.349 0.201 0.117 0.074 0.052 0.042 0.036 0.034 0.034 0.036 0.039 0.047 0.058 0.066 0.068 0.068 0.066 0.062 0.060 0.060 0.061 0.067 0.086 0.132 0.233 0.435 0.791 1.153 1.330 1.371 1.340 1.203
0.429 0.620 0.886 1.242 1.716 2.343 3.153 4.205 5.519 7.135 9.012 10.914 12.569 13.896 14.862 15.411 15.601 15.586 15.392 14.956 14.224 13.175 11.800 10.125 8.358 6.833 5.598 4.672 4.059 3.725 3.600 3.595 3.615 3.608 3.490 3.238 2.948 2.658 2.296 1.738 1.118 0.692 0.442 0.291 0.191 0.119 0.074 0.049 0.035 0.028 0.025 0.024 0.023 0.024 0.025 0.028 0.035 0.044 0.050 0.052 0.052 0.050 0.047 0.046 0.046 0.048 0.052 0.063 0.088 0.143 0.257 0.486 0.879 1.213 1.336 1.343 1.285
0.331 0.489 0.715 1.031 1.464 2.053 2.832 3.862 5.174 6.832 8.845 10.946 12.769 14.275 15.446 16.218 16.617 16.728 16.645 16.332 15.686 14.671 13.256 11.427 9.346 7.561 6.142 5.056 4.262 3.722 3.406 3.264 3.206 3.140 2.944 2.611 2.258 1.886 1.428 0.912 0.516 0.288 0.169 0.106 0.070 0.048 0.034 0.026 0.021 0.019 0.018 0.017 0.017 0.018 0.019 0.021 0.026 0.033 0.038 0.040 0.040 0.040 0.038 0.038 0.039 0.040 0.043 0.050 0.065 0.095 0.159 0.296 0.580 0.985 1.230 1.297 1.282
0.255 0.382 0.571 0.844 1.233 1.779 2.521 3.520 4.826 6.517 8.616 10.846 12.773 14.358 15.624 16.530 17.097 17.346 17.356 17.136 16.547 15.536 14.071 12.121 9.840 7.905 6.391 5.242 4.379 3.741 3.298 3.001 2.751 2.437 2.006 1.577 1.235 0.937 0.637 0.373 0.205 0.114 0.068 0.045 0.032 0.025 0.020 0.017 0.015 0.014 0.014 0.014 0.014 0.014 0.015 0.016 0.020 0.025 0.029 0.031 0.032 0.033 0.033 0.034 0.035 0.036 0.039 0.044 0.053 0.071 0.109 0.191 0.365 0.700 1.027 1.180 1.219
0.197 0.299 0.454 0.681 1.016 1.503 2.190 3.141 4.416 6.094 8.196 10.504 12.519 14.207 15.538 16.498 17.139 17.461 17.517 17.346 16.791 15.787 14.290 12.284 9.939 7.966 6.435 5.280 4.407 3.725 3.163 2.652 2.087 1.486 0.984 0.673 0.482 0.342 0.222 0.132 0.078 0.048 0.032 0.024 0.019 0.016 0.014 0.012 0.011 0.011 0.011 0.011 0.011 0.011 0.011 0.013 0.015 0.018 0.022 0.024 0.027 0.028 0.030 0.031 0.032 0.034 0.037 0.041 0.047 0.059 0.083 0.134 0.240 0.450 0.751 0.981 1.094
0.155 0.237 0.361 0.546 0.822 1.233 1.836 2.703 3.895 5.487 7.490 9.784 11.853 13.605 14.986 16.005 16.700 17.081 17.186 17.074 16.574 15.596 14.098 12.083 9.769 7.832 6.323 5.181 4.293 3.527 2.785 1.996 1.231 0.677 0.371 0.224 0.152 0.107 0.073 0.049 0.034 0.025 0.019 0.016 0.013 0.011 0.010 0.009 0.009 0.008 0.008 0.008 0.008 0.008 0.009 0.009 0.011 0.013 0.016 0.019 0.022 0.025 0.027 0.029 0.031 0.034 0.036 0.039 0.044 0.053 0.069 0.102 0.168 0.294 0.500 0.733 0.904
0.123 0.188 0.287 0.435 0.656 0.987 1.476 2.199 3.234 4.654 6.484 8.674 10.727 12.419 13.768 14.806 15.535 15.958 16.104 16.044 15.628 14.708 13.254 11.316 9.182 7.378 5.899 4.697 3.698 2.782 1.885 1.078 0.529 0.242 0.118 0.071 0.051 0.039 0.030 0.023 0.019 0.015 0.013 0.011 0.010 0.008 0.008 0.007 0.006 0.006 0.006 0.006 0.006 0.006 0.006 0.007 0.008 0.010 0.012 0.015 0.018 0.021 0.025 0.028 0.030 0.033 0.036 0.039 0.043 0.050 0.062 0.085 0.128 0.206 0.335 0.512 0.678
0.097 0.149 0.226 0.343 0.518 0.779 1.166 1.727 2.533 3.665 5.204 7.179 9.172 10.769 12.041 13.046 13.762 14.191 14.344 14.295 13.912 13.034 11.659 9.912 8.125 6.513 4.978 3.565 2.381 1.453 0.795 0.387 0.172 0.077 0.041 0.028 0.023 0.019 0.017 0.014 0.012 0.011 0.009 0.008 0.007 0.006 0.005 0.005 0.005 0.004 0.004 0.004 0.004 0.004 0.005 0.005 0.006 0.008 0.009 0.012 0.015 0.019 0.023 0.027 0.030 0.033 0.036 0.039 0.043 0.049 0.059 0.077 0.109 0.161 0.246 0.366 0.501
0.076 0.117 0.178 0.270 0.408 0.611 0.909 1.338 1.946 2.794 3.960 5.524 7.301 8.822 10.042 11.009 11.677 12.046 12.144 12.049 11.597 10.666 9.308 7.848 6.455 5.025 3.365 1.912 0.985 0.489 0.231 0.106 0.052 0.029 0.020 0.016 0.014 0.012 0.011 0.010 0.009 0.008 0.007 0.006 0.005 0.004 0.004 0.003 0.003 0.003 0.003 0.003 0.003 0.003 0.004 0.004 0.005 0.006 0.008 0.010 0.013 0.017 0.022 0.026 0.030 0.034 0.037 0.040 0.043 0.049 0.059 0.076 0.103 0.145 0.207 0.293 0.399
0.060 0.092 0.140 0.211 0.316 0.471 0.696 1.017 1.465 2.084 2.922 4.032 5.388 6.709 7.831 8.705 9.277 9.553 9.586 9.386 8.709 7.437 5.971 4.786 3.731 2.583 1.422 0.657 0.276 0.122 0.060 0.033 0.021 0.015 0.012 0.011 0.010 0.009 0.008 0.007 0.006 0.005 0.005 0.004 0.003 0.003 0.003 0.002 0.002 0.002 0.002 0.002 0.002 0.003 0.004 0.004 0.005 0.006 0.008 0.009 0.012 0.016 0.021 0.026 0.031 0.035 0.038 0.042 0.045 0.051 0.061 0.078 0.105 0.144 0.199 0.270 0.359
0.047 0.072 0.108 0.162 0.240 0.353 0.516 0.748 1.070 1.507 2.086 2.838 3.771 4.722 5.516 6.110 6.480 6.622 6.518 6.015 4.986 3.677 2.627 1.909 1.318 0.774 0.360 0.142 0.061 0.033 0.021 0.015 0.012 0.010 0.008 0.008 0.007 0.006 0.005 0.005 0.004 0.004 0.003 0.003 0.002 0.002 0.002 0.002 0.002 0.002 0.002 0.002 0.002 0.003 0.004 0.004 0.005 0.006 0.008 0.009 0.012 0.016 0.021 0.027 0.032 0.038 0.042 0.047 0.052 0.059 0.070 0.088 0.116 0.155 0.207 0.274 0.358
0.037 0.056 0.083 0.123 0.179 0.259 0.373 0.536 0.760 1.058 1.445 1.933 2.515 3.077 3.520 3.794 3.899 3.821 3.475 2.783 1.951 1.242 0.780 0.492 0.286 0.143 0.064 0.031 0.019 0.014 0.011 0.009 0.008 0.007 0.006 0.005 0.005 0.004 0.004 0.003 0.003 0.002 0.002 0.002 0.002 0.001 0.001 0.001 0.001 0.002 0.002 0.002 0.003 0.004 0.005 0.006 0.006 0.007 0.009 0.010 0.013 0.017 0.023 0.029 0.037 0.044 0.052 0.059 0.067 0.077 0.092 0.115 0.147 0.190 0.247 0.319 0.415
0.028 0.042 0.063 0.091 0.131 0.187 0.265 0.374 0.525 0.724 0.978 1.278 1.577 1.812 1.970 2.033 1.991 1.783 1.369 0.864 0.477 0.266 0.156 0.093 0.052 0.029 0.018 0.013 0.010 0.008 0.007 0.006 0.005 0.004 0.004 0.003 0.003 0.003 0.002 0.002 0.002 0.002 0.001 0.001 0.001 0.001 0.001 0.001 0.001 0.002 0.003 0.005 0.006 0.007 0.008 0.009 0.009 0.010 0.012 0.014 0.018 0.024 0.030 0.039 0.049 0.061 0.073 0.085 0.097 0.112 0.133 0.163 0.204 0.262 0.343 0.451 0.605
0.021 0.031 0.046 0.067 0.095 0.134 0.186 0.256 0.351 0.474 0.627 0.784 0.893 0.937 0.931 0.882 0.781 0.591 0.342 0.162 0.082 0.049 0.033 0.022 0.015 0.011 0.009 0.007 0.006 0.005 0.004 0.004 0.003 0.003 0.002 0.002 0.002 0.002 0.002 0.001 0.001 0.001 0.001 0.001 0.001 0.001 0.001 0.001 0.003 0.004 0.007 0.010 0.013 0.014 0.014 0.015 0.015 0.017 0.019 0.024 0.030 0.039 0.049 0.061 0.076 0.093 0.111 0.126 0.140 0.156 0.180 0.219 0.282 0.380 0.523 0.725 1.008
0.015 0.023 0.034 0.049 0.069 0.096 0.129 0.172 0.225 0.289 0.360 0.413 0.431 0.408 0.350 0.276 0.201 0.123 0.058 0.028 0.017 0.013 0.011 0.009 0.008 0.006 0.005 0.004 0.004 0.003 0.003 0.002 0.002 0.002 0.002 0.001 0.001 0.001 0.001 0.001 0.001 0.001 0.001 0.001 0.001 0.001 0.002 0.003 0.006 0.011 0.016 0.019 0.021 0.022 0.022 0.023 0.024 0.028 0.033 0.042 0.053 0.067 0.082 0.100 0.118 0.135 0.148 0.159 0.169 0.183 0.206 0.250 0.334 0.489 0.738 1.093 1.530
0.011 0.016 0.024 0.035 0.050 0.068 0.090 0.113 0.137 0.161 0.178 0.180 0.166 0.134 0.093 0.060 0.037 0.021 0.011 0.007 0.006 0.006 0.005 0.005 0.004 0.004 0.003 0.003 0.002 0.002 0.002 0.001 0.001 0.001 0.001 0.001 0.001 0.001 0.001 0.001 0.001 0.001 0.001 0.001 0.001 0.002 0.005 0.009 0.015 0.020 0.024 0.026 0.026 0.027 0.028 0.029 0.033 0.039 0.048 0.060 0.075 0.094 0.115 0.133 0.148 0.159 0.167 0.174 0.181 0.192 0.213 0.257 0.350 0.534 0.849 1.308 1.842
0.008 0.011 0.017 0.024 0.034 0.046 0.058 0.068 0.075 0.076 0.071 0.061 0.047 0.032 0.020 0.012 0.008 0.005 0.004 0.003 0.003 0.003 0.003 0.003 0.003 0.002 0.002 0.002 0.001 0.001 0.001 0.001 0.001 0.001 0.001 0.001 0.001 0.001 0.001 0.001 0.001 0.001 0.002 0.002 0.004 0.006 0.012 0.019 0.024 0.027 0.028 0.029 0.029 0.029 0.030 0.033 0.037 0.044 0.055 0.069 0.086 0.106 0.129 0.148 0.160 0.167 0.172 0.177 0.182 0.191 0.209 0.249 0.340 0.528 0.859 1.350 1.916
0.005 0.007 0.011 0.015 0.021 0.027 0.031 0.033 0.032 0.027 0.021 0.016 0.011 0.007 0.005 0.003 0.003 0.002 0.002 0.002 0.002 0.002 0.002 0.002 0.002 0.001 0.001 0.001 0.001 0.001 0.001 0.001 0.001 0.001 0.001 0.001 0.001 0.001 0.002 0.002 0.002 0.003 0.004 0.006 0.009 0.014 0.021 0.026 0.028 0.029 0.029 0.030 0.030 0.030 0.031 0.034 0.038 0.046 0.056 0.070 0.088 0.110 0.132 0.150 0.160 0.166 0.170 0.172 0.172 0.175 0.183 0.211 0.283 0.445 0.751 1.224 1.797
0.003 0.005 0.006 0.008 0.010 0.012 0.012 0.012 0.009 0.007 0.005 0.004 0.003 0.002 0.002 0.002 0.002 0.001 0.001 0.001 0.001 0.001 0.001 0.001 0.001 0.001 0.001 0.001 0.001 0.001 0.001 0.001 0.002 0.002 0.002 0.002 0.003 0.003 0.004 0.004 0.005 0.007 0.009 0.012 0.015 0.021 0.026 0.029 0.030 0.030 0.030 0.030 0.030 0.030 0.031 0.034 0.038 0.045 0.055 0.069 0.086 0.107 0.126 0.140 0.148 0.151 0.151 0.147 0.138 0.131 0.128 0.136 0.169 0.261 0.469 0.838 1.347
0.002 0.002 0.003 0.004 0.004 0.004 0.003 0.003 0.002 0.002 0.002 0.002 0.001 0.001 0.001 0.001 0.001 0.001 0.001 0.001 0.001 0.001 0.001 0.001 0.001 0.001 0.002 0.002 0.002 0.002 0.003 0.003 0.003 0.004 0.004 0.005 0.006 0.006 0.007 0.008 0.009 0.010 0.012 0.015 0.019 0.024 0.027 0.029 0.030 0.030 0.030 0.030 0.029 0.030 0.031 0.033 0.036 0.042 0.049 0.058 0.070 0.083 0.095 0.102 0.106 0.107 0.104 0.096 0.082 0.073 0.070 0.070 0.077 0.107 0.190 0.369 0.668
0.001 0.001 0.001 0.001 0.001 0.001 0.001 0.001 0.001 0.001 0.001 0.001 0.001 0.001 0.001 0.001 0.001 0.001 0.001 0.001 0.001 0.001 0.001 0.001 0.002 0.002 0.003 0.003 0.004 0.005 0.005 0.006 0.006 0.007 0.007 0.008 0.008 0.009 0.009 0.010 0.011 0.012 0.013 0.016 0.019 0.024 0.027 0.029 0.029 0.029 0.029 0.029 0.028 0.027 0.028 0.028 0.030 0.031 0.031 0.033 0.035 0.039 0.043 0.049 0.052 0.053 0.052 0.049 0.043 0.039 0.037 0.037 0.039 0.047 0.072 0.132 0.249
0.001 0.001 0.001 0.001 0.001 0.001 0.001 0.001 0.001 0.001 0.001 0.001 0.001 0.001 0.001 0.001 0.001 0.001 0.001 0.001 0.001 0.001 0.001 0.002 0.003 0.004 0.005 0.006 0.007 0.007 0.008 0.008 0.008 0.009 0.009 0.009 0.009 0.009 0.010 0.010 0.011 0.012 0.013 0.016 0.019 0.023 0.025 0.027 0.027 0.027 0.026 0.025 0.024 0.022 0.020 0.019 0.017 0.015 0.013 0.013 0.013 0.014 0.016 0.020 0.023 0.025 0.026 0.025 0.024 0.023 0.023 0.023 0.023 0.026 0.034 0.052 0.088
0.001 0.001 0.001 0.001 0.001 0.001 0.001 0.001 0.001 0.001 0.001 0.001 0.001 0.001 0.001 0.001 0.001 0.001 0.001 0.001 0.001 0.001 0.002 0.003 0.005 0.006 0.007 0.008 0.008 0.008 0.009 0.009 0.009 0.009 0.009 0.009 0.010 0.010 0.010 0.010 0.011 0.012 0.013 0.015 0.017 0.020 0.021 0.021 0.021 0.020 0.019 0.017 0.015 0.013 0.011 0.009 0.007 0.006 0.005 0.005 0.005 0.006 0.007 0.010 0.012 0.014 0.015 0.015 0.015 0.015 0.015 0.016 0.016 0.017 0.020 0.026 0.038
0.001 0.001 0.001 0.001 0.001 0.001 0.001 0.001 0.001 0.001 0.001 0.001 0.001 0.001 0.001 0.001 0.001 0.001 0.001 0.001 0.001 0.002 0.003 0.004 0.006 0.007 0.008 0.009 0.009 0.009 0.009 0.009 0.009 0.009 0.010 0.010 0.010 0.010 0.010 0.010 0.010 0.011 0.011 0.012 0.013 0.013 0.013 0.012 0.011 0.010 0.009 0.008 0.007 0.006 0.005 0.004 0.003 0.002 0.002 0.002 0.003 0.004 0.005 0.006 0.008 0.009 0.010 0.010 0.010 0.011 0.011 0.011 0.012 0.012 0.014 0.017 0.021
0.000 0.000 0.000 0.000 0.000 0.000 0.000 0.000 0.000 0.001 0.001 0.001 0.001 0.001 0.001 0.001 0.001 0.001 0.001 0.001 0.002 0.002 0.003 0.005 0.006 0.007 0.008 0.009 0.009 0.009 0.009 0.009 0.009 0.009 0.009 0.009 0.009 0.009 0.009 0.009 0.009 0.009 0.009 0.008 0.007 0.006 0.006 0.005 0.004 0.004 0.003 0.003 0.003 0.002 0.002 0.001 0.001 0.001 0.001 0.002 0.002 0.002 0.003 0.004 0.005 0.006 0.007 0.007 0.007 0.007 0.008 0.008 0.008 0.009 0.010 0.012 0.014
0.000 0.000 0.000 0.000 0.000 0.000 0.000 0.000 0.000 0.000 0.000 0.000 0.001 0.001 0.001 0.001 0.001 0.001 0.001 0.001 0.002 0.003 0.004 0.005 0.006 0.007 0.008 0.008 0.009 0.009 0.009 0.009 0.009 0.009 0.009 0.009 0.009 0.008 0.008 0.008 0.007 0.006 0.005 0.004 0.003 0.003 0.002 0.002 0.002 0.002 0.001 0.001 0.001 0.001 0.001 0.001 0.001 0.001 0.001 0.001 0.001 0.002 0.002 0.003 0.003 0.004 0.004 0.004 0.005 0.005 0.005 0.005 0.006 0.006 0.007 0.008 0.010
0.000 0.000 0.000 0.000 0.000 0.000 0.000 0.000 0.000 0.000 0.000 0.000 0.000 0.001 0.001 0.001 0.001 0.001 0.001 0.001 0.002 0.003 0.004 0.005 0.006 0.007 0.008 0.008 0.008 0.008 0.008 0.008 0.008 0.008 0.008 0.008 0.008 0.007 0.006 0.005 0.004 0.003 0.003 0.002 0.002 0.001 0.001 0.001 0.001 0.001 0.001 0.001 0.001 0.001 0.001 0.001 0.001 0.001 0.001 0.001 0.001 0.001 0.001 0.002 0.002 0.002 0.002 0.003 0.003 0.003 0.003 0.003 0.004 0.004 0.005 0.006 0.007
0.000 0.000 0.000 0.000 0.000 0.000 0.000 0.000 0.000 0.000 0.000 0.000 0.000 0.000 0.001 0.001 0.001 0.001 0.001 0.001 0.002 0.003 0.004 0.005 0.006 0.006 0.007 0.007 0.007 0.007 0.007 0.007 0.006 0.006 0.006 0.006 0.005 0.005 0.004 0.003 0.002 0.002 0.001 0.001 0.001 0.001 0.001 0.001 0.001 0.001 0.001 0.001 0.001 0.001 0.001 0.001 0.001 0.001 0.001 0.001 0.001 0.001 0.001 0.001 0.001 0.001 0.001 0.001 0.001 0.001 0.001 0.002 0.002 0.002 0.003 0.003 0.004
0.000 0.000 0.000 0.000 0.000 0.000 0.000 0.000 0.000 0.000 0.000 0.000 0.000 0.000 0.000 0.001 0.001 0.001 0.001 0.001 0.002 0.003 0.003 0.004 0.005 0.005 0.006 0.006 0.006 0.006 0.005 0.005 0.005 0.004 0.004 0.003 0.003 0.003 0.002 0.002 0.001 0.001 0.001 0.001 0.001 0.001 0.001 0.001 0.001 0.001 0.001 0.001 0.001 0.001 0.001 0.001 0.001 0.001 0.001 0.000 0.000 0.000 0.000 0.000 0.000 0.000 0.000 0.000 0.000 0.000 0.000 0.001 0.001 0.001 0.001 0.002 0.003
0.000 0.000 0.000 0.000 0.000 0.000 0.000 0.000 0.000 0.000 0.000 0.000 0.000 0.000 0.000 0.000 0.001 0.001 0.001 0.001 0.002 0.002 0.003 0.003 0.004 0.004 0.004 0.004 0.004 0.004 0.004 0.003 0.003 0.003 0.002 0.002 0.002 0.001 0.001 0.001 0.001 0.001 0.001 0.001 0.001 0.001 0.001 0.001 0.001 0.001 0.001 0.000 0.000 0.000 0.000 0.000 0.000 0.000 0.000 0.000 0.000 0.000 0.000 0.000 0.000 0.000 0.000 0.000 0.000 0.000 0.000 0.000 0.000 0.000 0.000 0.001 0.001
0.000 0.000 0.000 0.000 0.000 0.000 0.000 0.000 0.000 0.000 0.000 0.000 0.000 0.000 0.000 0.000 0.001 0.001 0.001 0.001 0.001 0.002 0.002 0.002 0.002 0.002 0.002 0.002 0.002 0.002 0.002 0.002 0.002 0.002 0.001 0.001 0.001 0.001 0.001 0.001 0.001 0.001 0.001 0.001 0.001 0.001 0.000 0.000 0.000 0.000 0.000 0.000 0.000 0.000 0.000 0.000 0.000 0.000 0.000 0.000 0.000 0.000 0.000 0.000 0.000 0.000 0.000 0.000 0.000 0.000 0.000 0.000 0.000 0.000 0.000 0.000 0.001
