RESULTS/r.avaflow_results/14b_results/14b_ascii/14b_hflow30051.asc
ncols 506
nrows 317
xllcenter 498237.50
yllcenter 5580050.00
cellsize 12.50
NODATA_value -9999.000
[rows 170 to 203 of 317, columns 231 to 307 of 506]
2.052 2.056 2.054 2.057 2.089 2.180 2.347 2.603 2.884 3.065 3.138 3.146 3.114 3.018 2.824 2.505 2.043 1.414 0.765 0.339 0.130 0.051 0.025 0.015 0.011 0.008 0.006 0.005 0.004 0.003 0.003 0.002 0.001 0.001 0.001 0.000 0.000 0.000 0.000 0.000 0.000 0.000 0.000 0.000 0.000 0.000 0.000 0.000 0.000 0.000 0.000 0.000 0.000 0.000 0.000 0.000 0.000 0.000 0.000 0.000 0.000 0.000 0.000 0.000 0.000 0.000 0.000 0.000 0.000 0.000 0.000 0.000 0.000 0.000 0.000 0.000 0.000
2.139 2.138 2.138 2.151 2.198 2.302 2.494 2.802 3.198 3.478 3.604 3.618 3.571 3.448 3.231 2.905 2.464 1.872 1.131 0.543 0.216 0.083 0.037 0.020 0.013 0.010 0.008 0.006 0.005 0.004 0.003 0.003 0.002 0.001 0.001 0.001 0.000 0.000 0.000 0.000 0.000 0.000 0.000 0.000 0.000 0.000 0.000 0.000 0.000 0.000 0.000 0.000 0.000 0.000 0.000 0.000 0.000 0.000 0.000 0.000 0.000 0.000 0.000 0.000 0.000 0.000 0.000 0.000 0.000 0.000 0.000 0.000 0.000 0.000 0.000 0.000 0.000
2.199 2.203 2.210 2.236 2.297 2.409 2.604 2.927 3.365 3.682 3.826 3.844 3.791 3.660 3.446 3.139 2.727 2.182 1.447 0.759 0.331 0.130 0.055 0.027 0.017 0.012 0.010 0.008 0.006 0.005 0.004 0.003 0.003 0.002 0.002 0.001 0.001 0.000 0.000 0.000 0.000 0.000 0.000 0.000 0.000 0.000 0.000 0.000 0.000 0.000 0.000 0.000 0.000 0.000 0.000 0.000 0.000 0.000 0.000 0.000 0.000 0.000 0.000 0.000 0.000 0.000 0.000 0.000 0.000 0.000 0.000 0.000 0.000 0.000 0.000 0.000 0.000
2.247 2.269 2.290 2.327 2.397 2.514 2.708 3.026 3.451 3.758 3.906 3.930 3.879 3.749 3.545 3.264 2.886 2.387 1.716 0.987 0.475 0.199 0.082 0.039 0.022 0.015 0.012 0.009 0.008 0.006 0.005 0.004 0.003 0.003 0.002 0.002 0.001 0.001 0.001 0.000 0.000 0.000 0.000 0.000 0.000 0.000 0.000 0.000 0.000 0.000 0.000 0.000 0.000 0.000 0.000 0.000 0.000 0.000 0.000 0.000 0.000 0.000 0.000 0.000 0.000 0.000 0.000 0.000 0.000 0.000 0.000 0.000 0.000 0.000 0.000 0.001 0.001
2.281 2.335 2.381 2.431 2.503 2.620 2.814 3.123 3.500 3.773 3.915 3.941 3.893 3.766 3.570 3.311 2.978 2.550 1.975 1.254 0.665 0.305 0.130 0.059 0.031 0.019 0.014 0.011 0.009 0.007 0.006 0.005 0.004 0.004 0.003 0.002 0.002 0.001 0.001 0.001 0.000 0.000 0.000 0.000 0.000 0.000 0.000 0.000 0.000 0.000 0.000 0.000 0.000 0.000 0.000 0.000 0.000 0.000 0.000 0.000 0.000 0.000 0.000 0.000 0.000 0.000 0.000 0.000 0.000 0.000 0.000 0.000 0.000 0.000 0.001 0.002 0.003
2.301 2.384 2.457 2.527 2.611 2.738 2.935 3.230 3.540 3.757 3.874 3.899 3.858 3.739 3.554 3.316 3.034 2.697 2.244 1.591 0.919 0.468 0.215 0.096 0.047 0.027 0.018 0.013 0.011 0.009 0.007 0.006 0.005 0.004 0.004 0.003 0.002 0.002 0.001 0.001 0.001 0.000 0.000 0.000 0.000 0.000 0.000 0.000 0.000 0.000 0.000 0.000 0.000 0.000 0.000 0.000 0.000 0.000 0.000 0.000 0.000 0.000 0.000 0.000 0.000 0.000 0.000 0.000 0.000 0.000 0.000 0.000 0.001 0.002 0.003 0.004 0.006
2.315 2.414 2.514 2.616 2.734 2.889 3.094 3.345 3.564 3.699 3.756 3.764 3.729 3.633 3.480 3.284 3.060 2.808 2.469 1.942 1.261 0.709 0.362 0.171 0.080 0.041 0.024 0.017 0.013 0.011 0.009 0.008 0.006 0.005 0.005 0.004 0.003 0.003 0.002 0.002 0.001 0.001 0.000 0.000 0.000 0.000 0.000 0.000 0.000 0.000 0.000 0.000 0.000 0.000 0.000 0.000 0.000 0.000 0.000 0.000 0.000 0.000 0.000 0.000 0.000 0.000 0.000 0.000 0.000 0.000 0.000 0.001 0.002 0.004 0.005 0.007 0.010
2.332 2.440 2.564 2.708 2.875 3.059 3.247 3.418 3.537 3.584 3.576 3.543 3.494 3.425 3.326 3.196 3.039 2.854 2.598 2.202 1.634 1.036 0.593 0.309 0.149 0.071 0.038 0.023 0.017 0.013 0.011 0.009 0.008 0.007 0.006 0.005 0.004 0.003 0.003 0.002 0.002 0.001 0.001 0.000 0.000 0.000 0.000 0.000 0.000 0.000 0.000 0.000 0.000 0.000 0.000 0.000 0.000 0.000 0.000 0.000 0.000 0.000 0.000 0.000 0.000 0.000 0.000 0.000 0.000 0.001 0.002 0.003 0.005 0.007 0.009 0.012 0.016
2.360 2.474 2.618 2.798 2.998 3.179 3.331 3.439 3.485 3.479 3.435 3.365 3.293 3.223 3.146 3.061 2.965 2.838 2.646 2.358 1.951 1.427 0.913 0.530 0.279 0.135 0.065 0.036 0.023 0.017 0.013 0.011 0.009 0.008 0.007 0.006 0.005 0.004 0.004 0.003 0.003 0.002 0.001 0.001 0.001 0.000 0.000 0.000 0.000 0.000 0.000 0.000 0.000 0.000 0.000 0.000 0.000 0.000 0.000 0.000 0.000 0.000 0.000 0.000 0.000 0.000 0.000 0.001 0.001 0.002 0.004 0.006 0.008 0.011 0.015 0.019 0.026
2.407 2.531 2.690 2.880 3.076 3.234 3.350 3.416 3.428 3.405 3.347 3.263 3.183 3.109 3.035 2.960 2.881 2.792 2.662 2.463 2.185 1.804 1.313 0.839 0.489 0.257 0.125 0.062 0.035 0.023 0.017 0.013 0.011 0.009 0.008 0.007 0.006 0.005 0.005 0.004 0.003 0.003 0.002 0.002 0.001 0.001 0.000 0.000 0.000 0.000 0.000 0.000 0.000 0.000 0.000 0.000 0.000 0.000 0.000 0.001 0.001 0.001 0.001 0.001 0.001 0.001 0.001 0.002 0.003 0.005 0.007 0.010 0.013 0.018 0.024 0.033 0.046
2.485 2.614 2.771 2.945 3.110 3.243 3.330 3.369 3.373 3.349 3.290 3.205 3.119 3.044 2.975 2.909 2.844 2.774 2.684 2.557 2.371 2.096 1.705 1.226 0.787 0.458 0.241 0.120 0.063 0.036 0.024 0.017 0.014 0.011 0.010 0.009 0.008 0.007 0.006 0.005 0.005 0.004 0.003 0.003 0.002 0.002 0.001 0.001 0.001 0.001 0.001 0.001 0.001 0.001 0.001 0.001 0.001 0.001 0.001 0.002 0.002 0.003 0.003 0.003 0.003 0.004 0.004 0.005 0.007 0.009 0.011 0.015 0.021 0.029 0.043 0.065 0.095
2.591 2.714 2.855 3.000 3.129 3.229 3.292 3.325 3.332 3.312 3.255 3.169 3.080 3.003 2.939 2.886 2.838 2.789 2.734 2.658 2.530 2.321 2.018 1.620 1.164 0.750 0.442 0.242 0.129 0.070 0.040 0.025 0.018 0.015 0.012 0.011 0.009 0.008 0.007 0.007 0.006 0.005 0.005 0.004 0.004 0.003 0.003 0.002 0.002 0.002 0.002 0.002 0.002 0.002 0.002 0.003 0.003 0.003 0.004 0.005 0.005 0.006 0.006 0.006 0.007 0.007 0.008 0.009 0.011 0.014 0.018 0.024 0.035 0.054 0.089 0.142 0.213
2.694 2.819 2.941 3.053 3.148 3.220 3.270 3.297 3.303 3.287 3.235 3.153 3.064 2.985 2.921 2.879 2.853 2.833 2.810 2.764 2.666 2.503 2.273 1.972 1.584 1.145 0.761 0.476 0.281 0.157 0.084 0.046 0.028 0.020 0.016 0.014 0.012 0.010 0.009 0.008 0.008 0.007 0.006 0.006 0.005 0.005 0.004 0.004 0.004 0.004 0.004 0.004 0.004 0.005 0.005 0.006 0.006 0.007 0.008 0.009 0.009 0.010 0.010 0.011 0.011 0.012 0.013 0.014 0.017 0.021 0.028 0.041 0.065 0.114 0.205 0.338 0.486
2.776 2.916 3.030 3.112 3.174 3.226 3.265 3.285 3.288 3.274 3.227 3.152 3.065 2.985 2.922 2.887 2.882 2.885 2.878 2.844 2.772 2.654 2.491 2.278 1.999 1.633 1.227 0.866 0.575 0.351 0.195 0.101 0.053 0.033 0.023 0.019 0.016 0.013 0.012 0.011 0.010 0.009 0.008 0.008 0.007 0.007 0.007 0.007 0.007 0.007 0.007 0.007 0.007 0.008 0.009 0.010 0.011 0.012 0.013 0.014 0.015 0.016 0.016 0.016 0.017 0.018 0.019 0.022 0.026 0.034 0.048 0.076 0.135 0.257 0.473 0.772 1.039
2.843 2.991 3.109 3.183 3.223 3.252 3.276 3.287 3.286 3.273 3.237 3.176 3.101 3.025 2.963 2.927 2.920 2.924 2.918 2.892 2.844 2.773 2.674 2.535 2.343 2.092 1.779 1.417 1.036 0.676 0.399 0.217 0.114 0.063 0.040 0.028 0.022 0.018 0.016 0.014 0.012 0.011 0.011 0.010 0.010 0.010 0.010 0.010 0.010 0.010 0.010 0.011 0.012 0.013 0.014 0.015 0.017 0.019 0.021 0.023 0.024 0.025 0.025 0.025 0.026 0.027 0.030 0.035 0.044 0.060 0.091 0.155 0.283 0.530 0.936 1.418 1.769
2.891 3.035 3.153 3.238 3.288 3.312 3.318 3.317 3.313 3.304 3.286 3.252 3.205 3.148 3.086 3.022 2.979 2.958 2.946 2.927 2.900 2.864 2.808 2.725 2.607 2.447 2.227 1.924 1.519 1.057 0.674 0.400 0.228 0.130 0.077 0.050 0.036 0.027 0.022 0.019 0.016 0.015 0.014 0.013 0.013 0.013 0.013 0.013 0.014 0.014 0.015 0.016 0.017 0.019 0.021 0.024 0.027 0.031 0.035 0.038 0.039 0.040 0.040 0.041 0.042 0.045 0.051 0.062 0.082 0.117 0.183 0.304 0.523 0.863 1.331 1.843 2.203
2.921 3.055 3.167 3.255 3.318 3.361 3.386 3.394 3.394 3.394 3.392 3.386 3.368 3.333 3.266 3.157 3.053 2.994 2.973 2.966 2.956 2.936 2.904 2.862 2.808 2.718 2.556 2.281 1.861 1.351 0.937 0.624 0.399 0.248 0.152 0.095 0.064 0.046 0.035 0.028 0.023 0.020 0.019 0.018 0.018 0.018 0.018 0.018 0.019 0.020 0.022 0.024 0.027 0.030 0.035 0.041 0.048 0.055 0.061 0.066 0.069 0.071 0.072 0.072 0.075 0.082 0.096 0.123 0.167 0.238 0.349 0.529 0.777 1.085 1.497 1.979 2.321
2.937 3.061 3.167 3.251 3.318 3.375 3.436 3.493 3.519 3.527 3.528 3.520 3.496 3.451 3.374 3.249 3.117 3.036 3.008 3.007 3.008 3.003 2.995 2.989 2.976 2.929 2.797 2.528 2.097 1.582 1.173 0.857 0.608 0.417 0.277 0.181 0.121 0.086 0.064 0.049 0.038 0.031 0.027 0.025 0.025 0.024 0.025 0.025 0.027 0.029 0.033 0.038 0.045 0.053 0.064 0.079 0.094 0.106 0.117 0.127 0.134 0.138 0.141 0.144 0.151 0.168 0.203 0.262 0.345 0.452 0.593 0.760 0.939 1.164 1.510 1.942 2.239
2.940 3.055 3.152 3.232 3.303 3.375 3.466 3.562 3.610 3.618 3.610 3.589 3.551 3.495 3.411 3.295 3.174 3.091 3.056 3.051 3.056 3.074 3.105 3.127 3.131 3.097 2.965 2.687 2.252 1.767 1.387 1.087 0.835 0.625 0.454 0.324 0.232 0.171 0.130 0.098 0.073 0.055 0.045 0.039 0.037 0.036 0.036 0.038 0.041 0.047 0.057 0.070 0.086 0.106 0.131 0.163 0.197 0.224 0.246 0.264 0.278 0.288 0.297 0.307 0.327 0.367 0.437 0.542 0.654 0.756 0.836 0.907 0.997 1.154 1.420 1.706 1.869
2.922 3.026 3.116 3.199 3.282 3.375 3.499 3.605 3.652 3.656 3.637 3.602 3.557 3.499 3.412 3.312 3.222 3.152 3.113 3.103 3.113 3.170 3.251 3.287 3.286 3.231 3.072 2.770 2.333 1.902 1.569 1.302 1.069 0.862 0.686 0.542 0.430 0.346 0.282 0.223 0.166 0.118 0.088 0.072 0.064 0.061 0.061 0.063 0.070 0.086 0.111 0.146 0.185 0.229 0.281 0.342 0.411 0.474 0.522 0.557 0.580 0.598 0.616 0.643 0.689 0.764 0.865 0.970 1.027 1.030 0.994 0.967 0.988 1.059 1.167 1.234 1.217
2.859 2.961 3.058 3.155 3.261 3.393 3.533 3.624 3.660 3.661 3.637 3.593 3.544 3.484 3.396 3.308 3.248 3.204 3.177 3.173 3.209 3.321 3.434 3.463 3.437 3.337 3.131 2.792 2.357 1.989 1.712 1.488 1.295 1.125 0.978 0.855 0.755 0.672 0.597 0.515 0.408 0.286 0.199 0.150 0.127 0.117 0.115 0.119 0.135 0.174 0.240 0.326 0.409 0.489 0.574 0.667 0.784 0.908 0.997 1.047 1.070 1.084 1.101 1.136 1.193 1.258 1.305 1.320 1.281 1.194 1.072 0.976 0.915 0.862 0.805 0.743 0.665
2.727 2.846 2.967 3.093 3.237 3.405 3.542 3.624 3.650 3.646 3.618 3.569 3.515 3.449 3.361 3.292 3.254 3.238 3.239 3.266 3.349 3.488 3.576 3.590 3.548 3.413 3.156 2.773 2.355 2.038 1.807 1.627 1.481 1.367 1.285 1.230 1.195 1.166 1.125 1.047 0.894 0.659 0.449 0.328 0.267 0.240 0.234 0.240 0.278 0.370 0.524 0.698 0.836 0.945 1.047 1.156 1.281 1.391 1.451 1.467 1.448 1.432 1.433 1.458 1.508 1.545 1.545 1.502 1.402 1.260 1.095 0.935 0.778 0.638 0.530 0.443 0.371
2.497 2.653 2.815 2.986 3.180 3.379 3.524 3.599 3.616 3.606 3.575 3.528 3.472 3.401 3.318 3.266 3.248 3.251 3.280 3.341 3.451 3.578 3.637 3.644 3.601 3.450 3.154 2.729 2.339 2.055 1.849 1.704 1.604 1.542 1.513 1.512 1.549 1.592 1.601 1.561 1.421 1.158 0.854 0.641 0.522 0.469 0.456 0.471 0.558 0.754 1.046 1.308 1.483 1.581 1.632 1.661 1.679 1.694 1.692 1.662 1.603 1.564 1.556 1.570 1.609 1.628 1.616 1.552 1.431 1.268 1.074 0.849 0.639 0.477 0.365 0.288 0.235
2.135 2.345 2.562 2.791 3.043 3.274 3.441 3.528 3.549 3.540 3.514 3.475 3.421 3.347 3.273 3.237 3.233 3.249 3.297 3.378 3.490 3.594 3.643 3.648 3.606 3.448 3.117 2.655 2.293 2.037 1.848 1.723 1.656 1.634 1.642 1.684 1.761 1.820 1.837 1.813 1.693 1.454 1.164 0.962 0.847 0.795 0.785 0.832 1.014 1.359 1.721 1.947 2.059 2.091 2.073 2.014 1.923 1.845 1.777 1.702 1.623 1.572 1.553 1.558 1.583 1.596 1.586 1.528 1.408 1.233 1.005 0.739 0.520 0.366 0.268 0.208 0.171
1.618 1.878 2.156 2.454 2.775 3.057 3.267 3.396 3.447 3.454 3.441 3.411 3.363 3.293 3.230 3.206 3.209 3.239 3.297 3.381 3.478 3.552 3.586 3.583 3.521 3.330 2.955 2.484 2.151 1.935 1.786 1.693 1.653 1.649 1.683 1.762 1.842 1.885 1.895 1.872 1.766 1.550 1.306 1.150 1.072 1.049 1.071 1.194 1.483 1.893 2.195 2.341 2.386 2.380 2.325 2.213 2.058 1.907 1.786 1.676 1.573 1.497 1.452 1.434 1.433 1.433 1.425 1.383 1.281 1.111 0.870 0.606 0.410 0.283 0.208 0.164 0.139
1.093 1.299 1.571 1.908 2.293 2.663 2.961 3.176 3.298 3.342 3.347 3.332 3.293 3.232 3.182 3.167 3.177 3.216 3.273 3.332 3.374 3.380 3.348 3.278 3.141 2.886 2.481 2.071 1.804 1.655 1.576 1.544 1.554 1.596 1.675 1.768 1.836 1.866 1.871 1.847 1.750 1.548 1.335 1.219 1.179 1.182 1.247 1.432 1.775 2.169 2.408 2.496 2.505 2.481 2.409 2.286 2.113 1.920 1.740 1.572 1.419 1.296 1.211 1.160 1.132 1.114 1.098 1.069 0.999 0.865 0.662 0.451 0.308 0.220 0.167 0.137 0.120
0.700 0.819 0.990 1.236 1.581 2.006 2.428 2.775 3.021 3.157 3.206 3.207 3.184 3.140 3.111 3.105 3.120 3.158 3.186 3.173 3.105 2.974 2.789 2.565 2.296 1.968 1.611 1.339 1.194 1.143 1.143 1.186 1.274 1.409 1.564 1.674 1.729 1.744 1.742 1.715 1.631 1.464 1.298 1.216 1.197 1.224 1.331 1.549 1.887 2.227 2.429 2.493 2.493 2.462 2.391 2.275 2.107 1.880 1.620 1.381 1.171 1.004 0.890 0.819 0.776 0.746 0.717 0.684 0.633 0.552 0.431 0.310 0.226 0.172 0.139 0.119 0.108
0.420 0.479 0.573 0.714 0.921 1.218 1.615 2.053 2.462 2.774 2.946 2.999 3.001 2.986 2.982 2.991 3.002 3.010 2.964 2.827 2.587 2.248 1.880 1.543 1.253 0.997 0.794 0.665 0.608 0.601 0.620 0.682 0.815 1.032 1.256 1.390 1.446 1.455 1.448 1.419 1.351 1.242 1.155 1.127 1.147 1.211 1.344 1.567 1.865 2.117 2.253 2.291 2.286 2.258 2.208 2.127 1.979 1.736 1.423 1.149 0.938 0.783 0.670 0.594 0.542 0.503 0.468 0.430 0.386 0.335 0.272 0.213 0.170 0.139 0.120 0.108 0.102
0.231 0.253 0.296 0.366 0.472 0.631 0.857 1.163 1.579 2.064 2.452 2.642 2.711 2.741 2.762 2.776 2.769 2.705 2.539 2.231 1.800 1.382 1.055 0.802 0.607 0.459 0.359 0.303 0.282 0.281 0.295 0.336 0.422 0.575 0.772 0.906 0.964 0.975 0.968 0.941 0.898 0.865 0.862 0.897 0.979 1.105 1.266 1.453 1.627 1.724 1.759 1.761 1.756 1.753 1.759 1.737 1.647 1.450 1.167 0.929 0.762 0.632 0.532 0.457 0.403 0.359 0.320 0.283 0.248 0.214 0.183 0.157 0.136 0.120 0.108 0.102 0.099
0.115 0.120 0.134 0.161 0.204 0.273 0.380 0.541 0.790 1.181 1.664 2.043 2.247 2.350 2.394 2.399 2.350 2.197 1.903 1.487 1.083 0.784 0.568 0.413 0.303 0.227 0.178 0.150 0.139 0.138 0.143 0.162 0.203 0.282 0.396 0.475 0.510 0.519 0.516 0.500 0.482 0.480 0.497 0.556 0.678 0.846 0.987 1.065 1.081 1.042 0.998 0.979 0.980 1.009 1.078 1.130 1.122 1.039 0.886 0.738 0.619 0.516 0.430 0.363 0.311 0.268 0.232 0.200 0.174 0.154 0.139 0.128 0.118 0.110 0.103 0.099 0.098
0.054 0.054 0.056 0.063 0.076 0.099 0.138 0.205 0.325 0.536 0.861 1.239 1.532 1.704 1.766 1.758 1.672 1.475 1.188 0.867 0.614 0.434 0.311 0.229 0.173 0.134 0.107 0.091 0.083 0.080 0.081 0.087 0.104 0.138 0.191 0.228 0.245 0.249 0.248 0.243 0.240 0.241 0.254 0.293 0.370 0.470 0.524 0.530 0.514 0.480 0.459 0.455 0.463 0.494 0.562 0.647 0.688 0.685 0.643 0.575 0.500 0.422 0.348 0.289 0.243 0.207 0.176 0.151 0.134 0.124 0.118 0.114 0.110 0.106 0.102 0.099 0.098
0.024 0.024 0.024 0.025 0.029 0.035 0.047 0.069 0.111 0.196 0.351 0.580 0.789 0.915 0.960 0.958 0.910 0.800 0.633 0.455 0.324 0.235 0.178 0.141 0.114 0.093 0.077 0.066 0.059 0.056 0.055 0.056 0.061 0.074 0.096 0.111 0.118 0.120 0.120 0.119 0.119 0.120 0.126 0.145 0.181 0.215 0.226 0.224 0.215 0.203 0.200 0.203 0.213 0.236 0.283 0.361 0.427 0.456 0.458 0.437 0.397 0.341 0.280 0.230 0.191 0.161 0.138 0.121 0.111 0.108 0.107 0.107 0.107 0.105 0.102 0.100 0.100
0.011 0.011 0.011 0.011 0.012 0.014 0.017 0.024 0.036 0.061 0.113 0.207 0.315 0.383 0.411 0.414 0.399 0.358 0.287 0.210 0.158 0.126 0.106 0.092 0.081 0.070 0.060 0.052 0.047 0.044 0.042 0.042 0.043 0.047 0.054 0.061 0.063 0.064 0.064 0.064 0.064 0.065 0.068 0.076 0.089 0.098 0.100 0.099 0.095 0.093 0.094 0.098 0.107 0.124 0.154 0.209 0.275 0.315 0.328 0.325 0.305 0.269 0.223 0.183 0.151 0.128 0.112 0.102 0.098 0.098 0.101 0.105 0.106 0.106 0.104 0.103 0.103
0.006 0.006 0.006 0.006 0.006 0.007 0.008 0.010 0.014 0.020 0.034 0.061 0.100 0.126 0.139 0.143 0.141 0.133 0.113 0.089 0.075 0.069 0.065 0.063 0.059 0.054 0.048 0.043 0.038 0.036 0.034 0.033 0.033 0.034 0.036 0.039 0.040 0.040 0.040 0.040 0.040 0.040 0.042 0.046 0.051 0.053 0.053 0.053 0.052 0.052 0.053 0.057 0.065 0.077 0.098 0.134 0.185 0.223 0.239 0.240 0.230 0.208 0.176 0.145 0.122 0.105 0.095 0.090 0.089 0.092 0.098 0.104 0.107 0.107 0.107 0.108 0.110
