RESULTS/r.avaflow_results/14b_results/14b_ascii/14b_hflow0015.asc
ncols 506
nrows 317
xllcenter 498237.50
yllcenter 5580050.00
cellsize 12.50
NODATA_value -9999.000
[rows 204 to 237 of 317, columns 304 to 379 of 506]
0.053 0.055 0.057 0.061 0.066 0.073 0.082 0.096 0.122 0.170 0.240 0.304 0.341 0.355 0.352 0.335 0.305 0.284 0.279 0.291 0.336 0.425 0.549 0.640 0.673 0.669 0.639 0.582 0.525 0.490 0.476 0.475 0.481 0.482 0.462 0.401 0.304 0.222 0.169 0.138 0.124 0.121 0.127 0.158 0.238 0.377 0.508 0.571 0.589 0.582 0.545 0.467 0.352 0.251 0.189 0.155 0.137 0.127 0.122 0.121 0.124 0.137 0.173 0.250 0.401 0.664 0.985 1.224 1.393 1.526 1.637 1.697 1.703 1.641 1.477 1.232
0.059 0.065 0.070 0.076 0.082 0.086 0.090 0.094 0.103 0.124 0.162 0.218 0.274 0.309 0.319 0.311 0.288 0.274 0.275 0.300 0.365 0.467 0.576 0.646 0.671 0.667 0.638 0.583 0.524 0.487 0.472 0.470 0.476 0.477 0.458 0.399 0.302 0.221 0.172 0.147 0.137 0.136 0.145 0.178 0.251 0.350 0.409 0.425 0.419 0.397 0.352 0.285 0.207 0.150 0.118 0.102 0.093 0.089 0.086 0.085 0.088 0.101 0.134 0.198 0.305 0.461 0.628 0.750 0.846 0.943 1.051 1.134 1.174 1.179 1.137 1.043
0.076 0.086 0.095 0.103 0.107 0.105 0.097 0.090 0.089 0.094 0.108 0.135 0.179 0.226 0.253 0.258 0.251 0.246 0.257 0.295 0.367 0.464 0.545 0.591 0.608 0.607 0.591 0.551 0.495 0.455 0.436 0.431 0.433 0.434 0.419 0.369 0.285 0.213 0.172 0.154 0.150 0.153 0.170 0.209 0.277 0.340 0.361 0.355 0.331 0.291 0.240 0.185 0.137 0.104 0.086 0.076 0.071 0.069 0.068 0.068 0.072 0.084 0.116 0.172 0.254 0.350 0.430 0.487 0.534 0.580 0.636 0.688 0.720 0.739 0.751 0.767
0.103 0.119 0.127 0.131 0.129 0.118 0.100 0.086 0.080 0.078 0.081 0.091 0.111 0.141 0.166 0.181 0.191 0.200 0.221 0.266 0.332 0.394 0.432 0.450 0.461 0.471 0.475 0.459 0.421 0.381 0.357 0.345 0.341 0.337 0.327 0.297 0.244 0.196 0.170 0.160 0.160 0.170 0.197 0.248 0.310 0.346 0.352 0.336 0.298 0.244 0.189 0.142 0.108 0.085 0.072 0.065 0.061 0.060 0.060 0.061 0.065 0.078 0.107 0.157 0.223 0.281 0.320 0.346 0.365 0.381 0.400 0.422 0.442 0.463 0.490 0.536
0.125 0.139 0.144 0.144 0.138 0.122 0.098 0.081 0.071 0.067 0.066 0.068 0.075 0.088 0.103 0.115 0.128 0.144 0.168 0.202 0.233 0.247 0.250 0.254 0.263 0.283 0.303 0.310 0.299 0.275 0.257 0.245 0.236 0.227 0.219 0.207 0.188 0.171 0.163 0.162 0.167 0.181 0.214 0.273 0.333 0.358 0.358 0.338 0.295 0.234 0.176 0.132 0.101 0.081 0.068 0.061 0.058 0.057 0.057 0.059 0.063 0.075 0.101 0.147 0.200 0.236 0.257 0.267 0.272 0.274 0.273 0.274 0.280 0.295 0.323 0.373
0.133 0.144 0.147 0.145 0.135 0.116 0.091 0.073 0.062 0.056 0.054 0.053 0.055 0.059 0.066 0.074 0.084 0.098 0.111 0.123 0.128 0.127 0.127 0.129 0.136 0.153 0.176 0.191 0.197 0.195 0.189 0.182 0.174 0.164 0.156 0.151 0.148 0.148 0.153 0.161 0.171 0.187 0.220 0.281 0.346 0.374 0.374 0.353 0.307 0.245 0.184 0.137 0.104 0.082 0.069 0.061 0.058 0.057 0.057 0.059 0.063 0.074 0.097 0.137 0.181 0.208 0.222 0.226 0.227 0.223 0.210 0.196 0.192 0.199 0.221 0.262
0.132 0.138 0.138 0.132 0.117 0.095 0.074 0.060 0.051 0.046 0.043 0.042 0.042 0.043 0.046 0.050 0.057 0.066 0.071 0.073 0.072 0.071 0.071 0.072 0.077 0.088 0.107 0.126 0.141 0.149 0.151 0.150 0.144 0.135 0.128 0.126 0.127 0.134 0.146 0.160 0.173 0.189 0.220 0.280 0.356 0.398 0.405 0.392 0.354 0.298 0.235 0.175 0.129 0.097 0.077 0.066 0.060 0.059 0.059 0.060 0.064 0.074 0.094 0.128 0.166 0.192 0.206 0.211 0.211 0.205 0.187 0.161 0.149 0.150 0.163 0.189
0.120 0.120 0.114 0.100 0.082 0.064 0.052 0.045 0.040 0.037 0.035 0.034 0.034 0.034 0.035 0.038 0.042 0.046 0.048 0.048 0.047 0.047 0.046 0.048 0.052 0.060 0.074 0.094 0.113 0.126 0.133 0.134 0.132 0.125 0.119 0.118 0.120 0.128 0.142 0.158 0.172 0.189 0.220 0.279 0.367 0.440 0.474 0.480 0.465 0.431 0.374 0.294 0.208 0.145 0.106 0.084 0.072 0.067 0.065 0.066 0.069 0.076 0.093 0.120 0.155 0.184 0.202 0.209 0.210 0.204 0.185 0.154 0.133 0.127 0.130 0.142
0.095 0.089 0.078 0.063 0.051 0.043 0.038 0.035 0.032 0.031 0.030 0.029 0.029 0.029 0.029 0.031 0.033 0.035 0.036 0.036 0.036 0.036 0.036 0.037 0.041 0.048 0.060 0.077 0.097 0.114 0.124 0.128 0.127 0.123 0.118 0.117 0.119 0.127 0.140 0.155 0.171 0.191 0.224 0.287 0.394 0.524 0.624 0.680 0.702 0.697 0.656 0.554 0.402 0.266 0.181 0.133 0.107 0.092 0.084 0.081 0.081 0.085 0.097 0.118 0.148 0.182 0.210 0.225 0.228 0.223 0.201 0.163 0.134 0.119 0.113 0.114
0.065 0.059 0.050 0.042 0.036 0.033 0.031 0.029 0.028 0.027 0.026 0.026 0.026 0.026 0.026 0.027 0.028 0.029 0.030 0.030 0.031 0.031 0.032 0.033 0.037 0.043 0.053 0.068 0.087 0.106 0.118 0.124 0.125 0.124 0.120 0.119 0.121 0.127 0.138 0.151 0.167 0.191 0.233 0.315 0.458 0.667 0.885 1.039 1.123 1.145 1.115 0.990 0.759 0.510 0.348 0.253 0.195 0.158 0.133 0.116 0.108 0.105 0.110 0.122 0.147 0.190 0.247 0.286 0.298 0.293 0.265 0.210 0.154 0.123 0.107 0.099
0.045 0.040 0.035 0.031 0.029 0.028 0.027 0.026 0.026 0.025 0.024 0.024 0.024 0.024 0.024 0.024 0.025 0.026 0.026 0.027 0.028 0.029 0.030 0.032 0.035 0.041 0.051 0.064 0.081 0.099 0.113 0.121 0.125 0.125 0.124 0.122 0.123 0.126 0.134 0.144 0.160 0.187 0.238 0.342 0.524 0.792 1.120 1.376 1.527 1.576 1.555 1.433 1.185 0.869 0.638 0.487 0.383 0.305 0.245 0.199 0.166 0.146 0.139 0.142 0.162 0.220 0.329 0.429 0.464 0.462 0.424 0.336 0.222 0.147 0.111 0.094
0.034 0.031 0.028 0.026 0.026 0.025 0.025 0.025 0.025 0.024 0.024 0.023 0.023 0.023 0.023 0.023 0.024 0.024 0.025 0.025 0.026 0.027 0.029 0.032 0.035 0.041 0.051 0.063 0.078 0.095 0.108 0.118 0.124 0.126 0.125 0.123 0.121 0.122 0.125 0.132 0.145 0.174 0.232 0.347 0.546 0.841 1.221 1.535 1.725 1.796 1.787 1.686 1.456 1.143 0.912 0.747 0.617 0.508 0.413 0.329 0.260 0.213 0.190 0.187 0.204 0.268 0.406 0.590 0.705 0.731 0.694 0.574 0.379 0.217 0.132 0.097
0.028 0.027 0.025 0.025 0.025 0.025 0.025 0.025 0.025 0.024 0.023 0.023 0.022 0.022 0.023 0.023 0.023 0.024 0.024 0.025 0.026 0.027 0.029 0.032 0.036 0.042 0.052 0.064 0.078 0.093 0.106 0.116 0.122 0.125 0.124 0.122 0.116 0.113 0.112 0.114 0.123 0.151 0.212 0.332 0.533 0.831 1.223 1.557 1.761 1.846 1.850 1.771 1.565 1.272 1.050 0.885 0.747 0.625 0.514 0.414 0.330 0.271 0.239 0.232 0.245 0.300 0.432 0.652 0.844 0.928 0.929 0.845 0.629 0.353 0.185 0.112
0.025 0.025 0.024 0.024 0.024 0.025 0.025 0.025 0.025 0.024 0.023 0.022 0.022 0.022 0.022 0.023 0.023 0.024 0.024 0.025 0.026 0.027 0.029 0.032 0.038 0.045 0.054 0.066 0.081 0.094 0.106 0.115 0.121 0.123 0.123 0.119 0.111 0.104 0.102 0.102 0.107 0.127 0.178 0.283 0.466 0.748 1.130 1.475 1.696 1.802 1.817 1.751 1.565 1.295 1.081 0.917 0.779 0.656 0.543 0.442 0.358 0.298 0.265 0.255 0.262 0.309 0.431 0.646 0.870 1.003 1.045 1.010 0.854 0.551 0.279 0.145
0.024 0.024 0.024 0.024 0.025 0.025 0.026 0.026 0.026 0.025 0.024 0.023 0.022 0.022 0.022 0.023 0.023 0.024 0.024 0.025 0.026 0.027 0.030 0.034 0.040 0.048 0.058 0.071 0.086 0.099 0.108 0.116 0.121 0.123 0.123 0.118 0.109 0.101 0.098 0.098 0.101 0.115 0.148 0.218 0.352 0.576 0.910 1.258 1.496 1.623 1.650 1.605 1.463 1.245 1.048 0.890 0.754 0.637 0.532 0.439 0.360 0.304 0.272 0.261 0.265 0.303 0.409 0.604 0.843 1.004 1.076 1.079 0.989 0.746 0.417 0.203
0.024 0.024 0.025 0.025 0.026 0.027 0.027 0.027 0.027 0.027 0.025 0.024 0.023 0.022 0.023 0.023 0.024 0.024 0.025 0.026 0.027 0.028 0.031 0.035 0.042 0.050 0.060 0.074 0.092 0.105 0.114 0.122 0.126 0.128 0.126 0.119 0.109 0.101 0.098 0.098 0.101 0.112 0.137 0.184 0.267 0.407 0.629 0.919 1.143 1.268 1.304 1.285 1.206 1.066 0.908 0.766 0.645 0.549 0.472 0.405 0.346 0.299 0.270 0.259 0.260 0.284 0.366 0.533 0.771 0.962 1.065 1.094 1.058 0.899 0.592 0.300
0.024 0.026 0.027 0.028 0.029 0.030 0.030 0.030 0.030 0.029 0.028 0.026 0.024 0.023 0.023 0.023 0.024 0.025 0.026 0.027 0.028 0.029 0.031 0.036 0.042 0.051 0.061 0.075 0.093 0.107 0.118 0.127 0.133 0.134 0.132 0.123 0.112 0.106 0.104 0.104 0.107 0.116 0.139 0.179 0.235 0.316 0.438 0.609 0.743 0.813 0.834 0.833 0.808 0.740 0.631 0.520 0.434 0.380 0.350 0.328 0.306 0.280 0.260 0.252 0.252 0.272 0.341 0.479 0.685 0.885 1.020 1.080 1.081 0.996 0.770 0.448
0.026 0.028 0.031 0.032 0.034 0.035 0.035 0.035 0.035 0.034 0.032 0.030 0.027 0.025 0.024 0.024 0.025 0.025 0.026 0.027 0.028 0.029 0.031 0.036 0.042 0.051 0.061 0.075 0.092 0.106 0.118 0.128 0.134 0.136 0.135 0.127 0.118 0.115 0.115 0.118 0.124 0.138 0.163 0.195 0.234 0.279 0.336 0.414 0.472 0.499 0.504 0.500 0.481 0.431 0.351 0.279 0.236 0.218 0.217 0.230 0.246 0.250 0.248 0.249 0.253 0.274 0.337 0.454 0.620 0.805 0.954 1.045 1.070 1.033 0.882 0.601
0.029 0.034 0.038 0.041 0.043 0.044 0.044 0.044 0.043 0.041 0.039 0.036 0.032 0.029 0.027 0.026 0.026 0.026 0.027 0.027 0.028 0.029 0.031 0.035 0.042 0.051 0.061 0.074 0.087 0.099 0.111 0.123 0.131 0.134 0.133 0.128 0.120 0.118 0.119 0.128 0.148 0.181 0.213 0.235 0.250 0.266 0.285 0.309 0.324 0.328 0.325 0.315 0.294 0.253 0.195 0.154 0.135 0.133 0.142 0.168 0.205 0.231 0.244 0.252 0.262 0.285 0.343 0.441 0.575 0.734 0.883 0.989 1.034 1.021 0.915 0.688
0.036 0.046 0.054 0.058 0.061 0.061 0.061 0.060 0.058 0.055 0.052 0.048 0.041 0.035 0.031 0.029 0.029 0.028 0.028 0.028 0.028 0.029 0.031 0.035 0.041 0.050 0.061 0.070 0.079 0.087 0.098 0.110 0.119 0.124 0.124 0.122 0.117 0.116 0.118 0.130 0.159 0.207 0.246 0.262 0.264 0.262 0.258 0.256 0.252 0.246 0.237 0.223 0.201 0.166 0.128 0.107 0.100 0.101 0.113 0.141 0.185 0.223 0.246 0.261 0.276 0.300 0.349 0.430 0.539 0.669 0.799 0.898 0.945 0.946 0.879 0.703
0.053 0.074 0.088 0.095 0.097 0.098 0.097 0.094 0.089 0.084 0.078 0.069 0.056 0.045 0.039 0.035 0.033 0.031 0.030 0.029 0.029 0.030 0.032 0.035 0.041 0.050 0.058 0.063 0.067 0.072 0.078 0.088 0.097 0.103 0.105 0.106 0.105 0.106 0.109 0.123 0.157 0.211 0.251 0.265 0.265 0.256 0.240 0.229 0.219 0.209 0.197 0.181 0.158 0.130 0.107 0.096 0.093 0.096 0.108 0.135 0.180 0.222 0.249 0.267 0.283 0.305 0.348 0.417 0.504 0.601 0.689 0.751 0.780 0.783 0.748 0.643
0.091 0.136 0.164 0.175 0.178 0.177 0.173 0.166 0.157 0.145 0.129 0.107 0.083 0.064 0.053 0.045 0.040 0.036 0.033 0.031 0.031 0.031 0.033 0.036 0.041 0.049 0.054 0.056 0.057 0.058 0.062 0.067 0.074 0.077 0.079 0.081 0.082 0.084 0.090 0.105 0.139 0.191 0.233 0.250 0.250 0.241 0.223 0.211 0.202 0.193 0.181 0.163 0.141 0.121 0.106 0.099 0.099 0.104 0.116 0.142 0.184 0.228 0.255 0.271 0.284 0.301 0.336 0.392 0.462 0.519 0.552 0.564 0.562 0.552 0.535 0.498
0.135 0.213 0.267 0.288 0.289 0.285 0.276 0.263 0.246 0.223 0.191 0.149 0.111 0.083 0.067 0.056 0.048 0.042 0.037 0.034 0.033 0.033 0.034 0.036 0.042 0.046 0.049 0.049 0.048 0.048 0.050 0.053 0.057 0.059 0.059 0.058 0.058 0.060 0.064 0.075 0.098 0.138 0.180 0.203 0.211 0.209 0.201 0.195 0.191 0.185 0.173 0.155 0.137 0.125 0.119 0.124 0.134 0.145 0.157 0.178 0.214 0.250 0.270 0.278 0.281 0.287 0.306 0.345 0.394 0.419 0.425 0.418 0.401 0.385 0.376 0.369
0.153 0.248 0.316 0.341 0.342 0.336 0.325 0.309 0.289 0.262 0.221 0.167 0.122 0.091 0.073 0.060 0.051 0.044 0.039 0.035 0.034 0.034 0.034 0.037 0.041 0.043 0.043 0.042 0.041 0.040 0.040 0.042 0.044 0.045 0.045 0.044 0.043 0.043 0.045 0.050 0.061 0.080 0.107 0.130 0.148 0.162 0.172 0.178 0.179 0.177 0.167 0.152 0.142 0.141 0.156 0.193 0.235 0.255 0.266 0.277 0.293 0.307 0.308 0.295 0.276 0.265 0.266 0.282 0.311 0.330 0.333 0.325 0.310 0.302 0.304 0.317
0.150 0.244 0.311 0.335 0.337 0.332 0.322 0.308 0.289 0.261 0.220 0.164 0.119 0.090 0.072 0.060 0.051 0.044 0.039 0.035 0.034 0.034 0.034 0.036 0.038 0.039 0.038 0.036 0.034 0.033 0.033 0.033 0.034 0.035 0.035 0.034 0.034 0.034 0.034 0.036 0.041 0.050 0.063 0.078 0.094 0.112 0.135 0.154 0.163 0.164 0.159 0.149 0.146 0.156 0.200 0.302 0.419 0.473 0.480 0.474 0.456 0.430 0.390 0.331 0.279 0.251 0.242 0.243 0.255 0.269 0.275 0.276 0.277 0.283 0.294 0.318
0.121 0.194 0.242 0.260 0.263 0.262 0.257 0.249 0.236 0.215 0.181 0.135 0.100 0.078 0.063 0.052 0.045 0.039 0.036 0.034 0.033 0.032 0.032 0.033 0.034 0.033 0.031 0.029 0.027 0.026 0.026 0.026 0.026 0.027 0.027 0.027 0.027 0.027 0.027 0.028 0.031 0.035 0.042 0.050 0.061 0.074 0.094 0.116 0.132 0.139 0.142 0.141 0.143 0.158 0.217 0.357 0.558 0.677 0.708 0.703 0.679 0.628 0.537 0.403 0.297 0.248 0.233 0.229 0.230 0.236 0.245 0.258 0.277 0.301 0.335 0.382
0.068 0.102 0.122 0.128 0.128 0.128 0.129 0.129 0.127 0.118 0.102 0.079 0.062 0.051 0.042 0.036 0.032 0.030 0.029 0.028 0.028 0.028 0.028 0.028 0.027 0.026 0.024 0.022 0.021 0.020 0.020 0.020 0.020 0.021 0.021 0.021 0.021 0.021 0.021 0.022 0.024 0.026 0.030 0.035 0.041 0.050 0.061 0.074 0.088 0.099 0.108 0.116 0.125 0.148 0.214 0.363 0.594 0.755 0.820 0.830 0.817 0.774 0.676 0.501 0.339 0.260 0.234 0.228 0.226 0.228 0.236 0.256 0.301 0.378 0.465 0.533
0.036 0.049 0.055 0.056 0.055 0.054 0.055 0.055 0.055 0.053 0.048 0.040 0.034 0.029 0.026 0.023 0.021 0.020 0.020 0.020 0.021 0.021 0.021 0.020 0.020 0.019 0.018 0.017 0.016 0.016 0.016 0.015 0.015 0.016 0.016 0.016 0.016 0.017 0.017 0.018 0.019 0.020 0.023 0.026 0.029 0.034 0.040 0.046 0.052 0.059 0.066 0.076 0.090 0.118 0.184 0.327 0.552 0.736 0.829 0.858 0.857 0.826 0.737 0.566 0.389 0.290 0.248 0.232 0.228 0.228 0.236 0.267 0.348 0.486 0.608 0.666
0.021 0.026 0.028 0.028 0.028 0.027 0.027 0.028 0.028 0.027 0.026 0.023 0.021 0.019 0.017 0.015 0.015 0.014 0.014 0.014 0.014 0.015 0.015 0.015 0.014 0.014 0.014 0.013 0.012 0.012 0.012 0.012 0.012 0.012 0.012 0.012 0.012 0.013 0.013 0.014 0.015 0.016 0.017 0.019 0.021 0.024 0.027 0.030 0.033 0.036 0.040 0.045 0.054 0.074 0.120 0.222 0.397 0.587 0.718 0.789 0.811 0.796 0.724 0.576 0.408 0.305 0.255 0.234 0.228 0.228 0.236 0.273 0.369 0.533 0.663 0.712
0.014 0.016 0.017 0.017 0.017 0.016 0.017 0.017 0.017 0.016 0.016 0.015 0.014 0.013 0.012 0.011 0.010 0.010 0.010 0.010 0.010 0.010 0.010 0.010 0.010 0.010 0.010 0.010 0.009 0.009 0.009 0.009 0.009 0.009 0.009 0.009 0.009 0.010 0.010 0.010 0.011 0.012 0.013 0.014 0.016 0.017 0.019 0.020 0.022 0.024 0.026 0.028 0.033 0.042 0.062 0.105 0.185 0.308 0.443 0.550 0.606 0.620 0.591 0.507 0.386 0.295 0.245 0.221 0.213 0.213 0.222 0.262 0.359 0.522 0.648 0.694
0.009 0.010 0.011 0.011 0.011 0.011 0.011 0.011 0.011 0.011 0.011 0.010 0.009 0.009 0.008 0.008 0.008 0.007 0.007 0.007 0.007 0.007 0.007 0.007 0.007 0.007 0.007 0.007 0.007 0.007 0.006 0.006 0.006 0.006 0.006 0.007 0.007 0.007 0.007 0.008 0.008 0.009 0.009 0.010 0.011 0.012 0.014 0.014 0.015 0.017 0.018 0.019 0.022 0.026 0.034 0.049 0.076 0.119 0.185 0.252 0.296 0.319 0.330 0.321 0.285 0.236 0.197 0.175 0.166 0.166 0.175 0.210 0.293 0.428 0.538 0.585
0.006 0.007 0.007 0.007 0.007 0.007 0.007 0.007 0.007 0.007 0.007 0.007 0.006 0.006 0.006 0.005 0.005 0.005 0.005 0.005 0.005 0.005 0.005 0.005 0.005 0.005 0.005 0.005 0.005 0.005 0.005 0.004 0.004 0.004 0.004 0.005 0.005 0.005 0.005 0.005 0.006 0.006 0.007 0.007 0.008 0.009 0.010 0.010 0.011 0.012 0.013 0.014 0.015 0.018 0.021 0.027 0.036 0.051 0.073 0.100 0.121 0.135 0.145 0.149 0.146 0.132 0.113 0.101 0.097 0.096 0.101 0.120 0.165 0.245 0.323 0.369
0.004 0.004 0.004 0.004 0.005 0.005 0.005 0.005 0.005 0.005 0.004 0.004 0.004 0.004 0.004 0.004 0.003 0.003 0.003 0.003 0.003 0.003 0.003 0.003 0.003 0.003 0.003 0.003 0.003 0.003 0.003 0.003 0.003 0.003 0.003 0.003 0.003 0.003 0.003 0.003 0.004 0.004 0.004 0.005 0.005 0.006 0.006 0.007 0.008 0.008 0.009 0.010 0.011 0.013 0.015 0.018 0.022 0.027 0.036 0.046 0.055 0.063 0.068 0.071 0.071 0.068 0.060 0.055 0.053 0.052 0.054 0.060 0.077 0.109 0.148 0.174
0.002 0.002 0.002 0.003 0.003 0.003 0.003 0.003 0.003 0.003 0.003 0.002 0.002 0.002 0.002 0.002 0.002 0.002 0.002 0.002 0.002 0.002 0.002 0.002 0.002 0.002 0.002 0.002 0.002 0.002 0.002 0.002 0.002 0.002 0.002 0.002 0.002 0.002 0.002 0.002 0.002 0.002 0.003 0.003 0.003 0.003 0.004 0.004 0.005 0.006 0.006 0.007 0.008 0.009 0.010 0.012 0.015 0.018 0.022 0.026 0.031 0.035 0.037 0.039 0.039 0.038 0.035 0.033 0.032 0.032 0.032 0.034 0.040 0.051 0.067 0.079
