RESULTS/r.avaflow_results/14b_results/14b_ascii/14b_hflow10054.asc
ncols 506
nrows 317
xllcenter 498237.50
yllcenter 5580050.00
cellsize 12.50
NODATA_value -9999.000
[rows 204 to 237 of 317, columns 0 to 75 of 506]
0.000 0.000 0.000 0.000 0.000 0.000 0.000 0.000 0.000 0.000 0.000 0.000 0.000 0.000 0.000 0.000 0.000 0.000 0.000 0.000 0.000 0.000 0.000 0.000 0.000 0.000 0.000 0.000 0.000 0.000 0.000 0.000 0.000 0.000 0.000 0.000 0.000 0.000 0.000 0.000 0.000 0.000 0.000 0.000 0.001 0.001 0.002 0.007 0.023 0.064 0.142 0.249 0.357 0.440 0.503 0.552 0.590 0.618 0.635 0.642 0.637 0.619 0.583 0.529 0.461 0.391 0.333 0.282 0.238 0.198 0.162 0.131 0.103 0.081 0.063 0.049
0.000 0.000 0.000 0.000 0.000 0.000 0.000 0.000 0.000 0.000 0.000 0.000 0.000 0.000 0.000 0.000 0.000 0.000 0.000 0.000 0.000 0.000 0.000 0.000 0.000 0.000 0.000 0.000 0.000 0.000 0.000 0.000 0.000 0.000 0.000 0.000 0.000 0.000 0.000 0.000 0.000 0.000 0.000 0.001 0.001 0.001 0.001 0.002 0.005 0.014 0.038 0.083 0.146 0.216 0.288 0.359 0.428 0.491 0.536 0.559 0.564 0.555 0.529 0.488 0.432 0.371 0.318 0.274 0.233 0.196 0.161 0.130 0.102 0.078 0.059 0.045
0.000 0.000 0.000 0.000 0.000 0.000 0.000 0.000 0.000 0.000 0.000 0.000 0.000 0.000 0.000 0.000 0.000 0.000 0.000 0.000 0.000 0.000 0.000 0.000 0.000 0.000 0.000 0.000 0.000 0.000 0.000 0.000 0.000 0.000 0.000 0.000 0.000 0.000 0.000 0.000 0.000 0.000 0.001 0.001 0.001 0.001 0.001 0.001 0.002 0.003 0.008 0.020 0.041 0.070 0.106 0.149 0.203 0.276 0.345 0.388 0.405 0.409 0.404 0.390 0.365 0.330 0.294 0.259 0.225 0.192 0.160 0.129 0.101 0.077 0.057 0.041
0.000 0.000 0.000 0.000 0.000 0.000 0.000 0.000 0.000 0.000 0.000 0.000 0.000 0.000 0.000 0.000 0.000 0.000 0.000 0.000 0.000 0.000 0.000 0.000 0.000 0.000 0.000 0.000 0.000 0.000 0.000 0.000 0.000 0.000 0.000 0.000 0.000 0.000 0.000 0.000 0.001 0.001 0.001 0.001 0.001 0.001 0.001 0.001 0.001 0.002 0.003 0.005 0.011 0.019 0.031 0.048 0.074 0.118 0.173 0.215 0.239 0.253 0.264 0.270 0.271 0.266 0.255 0.237 0.213 0.187 0.159 0.130 0.102 0.077 0.057 0.040
0.000 0.000 0.000 0.000 0.000 0.000 0.000 0.000 0.000 0.000 0.000 0.000 0.000 0.000 0.000 0.000 0.000 0.000 0.000 0.000 0.000 0.000 0.000 0.000 0.000 0.000 0.000 0.000 0.000 0.000 0.000 0.000 0.000 0.000 0.000 0.000 0.000 0.000 0.000 0.001 0.001 0.001 0.001 0.001 0.001 0.001 0.001 0.001 0.001 0.001 0.002 0.003 0.004 0.006 0.010 0.016 0.026 0.048 0.083 0.121 0.147 0.167 0.184 0.199 0.210 0.214 0.213 0.207 0.196 0.179 0.156 0.131 0.104 0.079 0.058 0.041
0.000 0.000 0.000 0.000 0.000 0.000 0.000 0.000 0.000 0.000 0.000 0.000 0.000 0.000 0.000 0.000 0.000 0.000 0.000 0.000 0.000 0.000 0.000 0.000 0.000 0.000 0.000 0.000 0.000 0.000 0.000 0.000 0.000 0.000 0.000 0.000 0.000 0.000 0.001 0.001 0.002 0.002 0.002 0.002 0.002 0.002 0.002 0.001 0.002 0.002 0.002 0.002 0.003 0.004 0.005 0.007 0.012 0.023 0.045 0.077 0.106 0.129 0.149 0.166 0.177 0.182 0.183 0.181 0.176 0.167 0.152 0.132 0.108 0.083 0.061 0.043
0.000 0.000 0.000 0.000 0.000 0.000 0.000 0.000 0.000 0.000 0.000 0.000 0.000 0.000 0.000 0.000 0.000 0.000 0.000 0.000 0.000 0.000 0.000 0.000 0.000 0.000 0.000 0.000 0.000 0.000 0.000 0.000 0.000 0.000 0.000 0.000 0.000 0.000 0.001 0.002 0.003 0.003 0.003 0.003 0.002 0.002 0.002 0.002 0.002 0.002 0.003 0.003 0.003 0.004 0.004 0.006 0.009 0.016 0.031 0.057 0.088 0.113 0.133 0.147 0.157 0.161 0.162 0.161 0.159 0.153 0.144 0.130 0.111 0.088 0.066 0.048
0.000 0.000 0.000 0.000 0.000 0.000 0.000 0.000 0.000 0.000 0.000 0.000 0.000 0.000 0.000 0.000 0.000 0.000 0.000 0.000 0.000 0.000 0.000 0.000 0.000 0.000 0.000 0.000 0.000 0.000 0.000 0.000 0.000 0.000 0.000 0.000 0.000 0.001 0.002 0.004 0.004 0.004 0.004 0.004 0.004 0.003 0.003 0.003 0.003 0.004 0.004 0.004 0.004 0.004 0.005 0.006 0.008 0.014 0.027 0.049 0.079 0.104 0.122 0.135 0.143 0.146 0.148 0.148 0.146 0.143 0.136 0.126 0.111 0.092 0.071 0.053
0.000 0.000 0.000 0.000 0.000 0.000 0.000 0.000 0.000 0.000 0.000 0.000 0.000 0.000 0.000 0.000 0.000 0.000 0.000 0.000 0.000 0.000 0.000 0.000 0.000 0.000 0.000 0.000 0.000 0.000 0.000 0.000 0.000 0.000 0.000 0.000 0.001 0.002 0.004 0.005 0.006 0.006 0.006 0.006 0.006 0.005 0.005 0.005 0.005 0.005 0.006 0.006 0.006 0.006 0.006 0.007 0.009 0.014 0.026 0.046 0.074 0.099 0.115 0.126 0.133 0.136 0.137 0.138 0.137 0.135 0.130 0.122 0.110 0.094 0.075 0.058
0.000 0.000 0.000 0.000 0.000 0.000 0.000 0.000 0.000 0.000 0.000 0.000 0.000 0.000 0.000 0.000 0.000 0.000 0.000 0.000 0.000 0.000 0.000 0.000 0.000 0.000 0.000 0.000 0.000 0.000 0.000 0.000 0.000 0.000 0.000 0.001 0.002 0.003 0.005 0.007 0.008 0.009 0.009 0.009 0.009 0.008 0.008 0.008 0.008 0.008 0.008 0.009 0.009 0.009 0.009 0.009 0.011 0.016 0.026 0.046 0.072 0.094 0.109 0.119 0.126 0.129 0.130 0.131 0.130 0.129 0.125 0.118 0.108 0.094 0.077 0.060
0.000 0.000 0.000 0.000 0.000 0.000 0.000 0.000 0.000 0.000 0.000 0.000 0.000 0.000 0.000 0.000 0.000 0.000 0.000 0.000 0.000 0.000 0.000 0.000 0.000 0.000 0.000 0.000 0.000 0.000 0.000 0.000 0.000 0.000 0.001 0.002 0.003 0.005 0.007 0.009 0.011 0.012 0.013 0.013 0.013 0.013 0.013 0.012 0.012 0.012 0.013 0.013 0.013 0.013 0.013 0.013 0.014 0.019 0.029 0.047 0.071 0.092 0.105 0.115 0.121 0.124 0.125 0.126 0.125 0.124 0.121 0.115 0.106 0.094 0.078 0.062
0.000 0.000 0.000 0.000 0.000 0.000 0.000 0.000 0.000 0.000 0.000 0.000 0.000 0.000 0.000 0.000 0.000 0.000 0.000 0.000 0.000 0.000 0.000 0.000 0.000 0.000 0.000 0.000 0.000 0.000 0.000 0.000 0.000 0.001 0.002 0.003 0.005 0.007 0.009 0.012 0.015 0.017 0.018 0.019 0.019 0.019 0.019 0.019 0.018 0.018 0.019 0.019 0.019 0.019 0.019 0.019 0.020 0.024 0.033 0.049 0.072 0.090 0.103 0.112 0.117 0.120 0.122 0.122 0.122 0.121 0.118 0.112 0.104 0.093 0.078 0.062
0.000 0.000 0.000 0.000 0.000 0.000 0.000 0.000 0.000 0.000 0.000 0.000 0.000 0.000 0.000 0.000 0.000 0.000 0.000 0.000 0.000 0.000 0.000 0.000 0.000 0.000 0.000 0.000 0.000 0.000 0.000 0.000 0.001 0.002 0.003 0.005 0.007 0.009 0.012 0.015 0.019 0.022 0.024 0.026 0.027 0.027 0.027 0.027 0.027 0.027 0.027 0.027 0.027 0.027 0.027 0.028 0.028 0.032 0.040 0.054 0.074 0.090 0.102 0.110 0.115 0.118 0.119 0.119 0.119 0.118 0.115 0.110 0.102 0.091 0.078 0.062
0.000 0.000 0.000 0.000 0.000 0.000 0.000 0.000 0.000 0.000 0.000 0.000 0.000 0.000 0.000 0.000 0.000 0.000 0.000 0.000 0.000 0.000 0.000 0.000 0.000 0.000 0.000 0.000 0.000 0.000 0.000 0.001 0.002 0.003 0.005 0.007 0.009 0.012 0.015 0.019 0.024 0.029 0.032 0.035 0.036 0.037 0.038 0.038 0.038 0.038 0.038 0.038 0.038 0.039 0.039 0.039 0.040 0.042 0.049 0.061 0.077 0.092 0.103 0.110 0.114 0.116 0.117 0.117 0.117 0.116 0.113 0.108 0.100 0.090 0.077 0.062
0.000 0.000 0.000 0.000 0.000 0.000 0.000 0.000 0.000 0.000 0.000 0.000 0.000 0.000 0.000 0.000 0.000 0.000 0.000 0.000 0.000 0.000 0.000 0.000 0.000 0.000 0.000 0.000 0.000 0.000 0.001 0.002 0.003 0.005 0.007 0.009 0.012 0.015 0.019 0.024 0.029 0.035 0.041 0.045 0.048 0.050 0.051 0.051 0.051 0.052 0.052 0.052 0.052 0.053 0.053 0.054 0.054 0.056 0.061 0.070 0.083 0.095 0.104 0.110 0.114 0.116 0.117 0.117 0.116 0.114 0.111 0.105 0.098 0.088 0.075 0.061
0.000 0.000 0.000 0.000 0.000 0.000 0.000 0.000 0.000 0.000 0.000 0.000 0.000 0.000 0.000 0.000 0.000 0.000 0.000 0.000 0.000 0.000 0.000 0.000 0.000 0.000 0.000 0.000 0.000 0.001 0.002 0.003 0.004 0.006 0.009 0.012 0.015 0.019 0.023 0.029 0.035 0.041 0.048 0.055 0.060 0.063 0.065 0.066 0.067 0.067 0.068 0.068 0.068 0.069 0.070 0.071 0.072 0.074 0.077 0.082 0.090 0.099 0.107 0.112 0.115 0.116 0.117 0.116 0.115 0.113 0.109 0.103 0.095 0.085 0.073 0.059
0.000 0.000 0.000 0.000 0.000 0.000 0.000 0.000 0.000 0.000 0.000 0.000 0.000 0.000 0.000 0.000 0.000 0.000 0.000 0.000 0.000 0.000 0.000 0.000 0.000 0.000 0.000 0.000 0.001 0.001 0.003 0.004 0.006 0.008 0.011 0.014 0.018 0.023 0.028 0.033 0.039 0.046 0.054 0.062 0.069 0.074 0.078 0.081 0.083 0.083 0.084 0.085 0.085 0.086 0.087 0.088 0.089 0.090 0.092 0.095 0.100 0.106 0.111 0.114 0.116 0.117 0.117 0.117 0.115 0.112 0.107 0.101 0.092 0.082 0.069 0.056
0.000 0.000 0.000 0.000 0.000 0.000 0.000 0.000 0.000 0.000 0.000 0.000 0.000 0.000 0.000 0.000 0.000 0.000 0.000 0.000 0.000 0.000 0.000 0.000 0.000 0.000 0.000 0.000 0.001 0.002 0.004 0.005 0.008 0.010 0.013 0.017 0.021 0.026 0.031 0.037 0.044 0.051 0.059 0.067 0.076 0.083 0.089 0.093 0.096 0.098 0.099 0.099 0.100 0.101 0.101 0.102 0.103 0.104 0.106 0.108 0.111 0.113 0.116 0.118 0.119 0.119 0.118 0.117 0.115 0.111 0.105 0.098 0.089 0.078 0.065 0.051
0.000 0.000 0.000 0.000 0.000 0.000 0.000 0.000 0.000 0.000 0.000 0.000 0.000 0.000 0.000 0.000 0.000 0.000 0.000 0.000 0.000 0.000 0.000 0.000 0.000 0.000 0.000 0.001 0.002 0.003 0.004 0.006 0.009 0.012 0.015 0.019 0.024 0.029 0.034 0.041 0.047 0.055 0.063 0.072 0.081 0.089 0.097 0.103 0.107 0.109 0.111 0.112 0.112 0.113 0.114 0.114 0.115 0.116 0.118 0.119 0.120 0.121 0.122 0.123 0.123 0.122 0.120 0.118 0.114 0.110 0.103 0.095 0.085 0.072 0.059 0.045
0.000 0.000 0.000 0.000 0.000 0.000 0.000 0.000 0.000 0.000 0.000 0.000 0.000 0.000 0.000 0.000 0.000 0.000 0.000 0.000 0.000 0.000 0.000 0.000 0.000 0.000 0.000 0.001 0.002 0.003 0.005 0.007 0.010 0.013 0.017 0.021 0.026 0.031 0.037 0.044 0.051 0.058 0.066 0.075 0.084 0.094 0.103 0.111 0.116 0.119 0.121 0.122 0.123 0.123 0.124 0.125 0.125 0.126 0.127 0.128 0.129 0.129 0.129 0.129 0.128 0.126 0.123 0.119 0.114 0.108 0.100 0.091 0.080 0.066 0.052 0.038
0.000 0.000 0.000 0.000 0.000 0.000 0.000 0.000 0.000 0.000 0.000 0.000 0.000 0.000 0.000 0.000 0.000 0.000 0.000 0.000 0.000 0.000 0.000 0.000 0.000 0.000 0.000 0.001 0.002 0.004 0.006 0.008 0.011 0.014 0.018 0.023 0.028 0.033 0.040 0.046 0.054 0.061 0.069 0.078 0.087 0.097 0.107 0.116 0.123 0.128 0.130 0.131 0.132 0.132 0.133 0.134 0.134 0.135 0.135 0.136 0.136 0.136 0.135 0.134 0.132 0.130 0.126 0.120 0.114 0.106 0.097 0.086 0.074 0.059 0.044 0.032
0.000 0.000 0.000 0.000 0.000 0.000 0.000 0.000 0.000 0.000 0.000 0.000 0.000 0.000 0.000 0.000 0.000 0.000 0.000 0.000 0.000 0.000 0.000 0.000 0.000 0.000 0.000 0.001 0.002 0.004 0.006 0.009 0.012 0.015 0.019 0.024 0.029 0.035 0.042 0.049 0.056 0.064 0.072 0.081 0.090 0.099 0.109 0.119 0.128 0.133 0.136 0.138 0.139 0.140 0.141 0.141 0.142 0.142 0.142 0.142 0.142 0.142 0.141 0.139 0.136 0.132 0.127 0.121 0.113 0.104 0.093 0.081 0.066 0.051 0.038 0.027
0.000 0.000 0.000 0.000 0.000 0.000 0.000 0.000 0.000 0.000 0.000 0.000 0.000 0.000 0.000 0.000 0.000 0.000 0.000 0.000 0.000 0.000 0.000 0.000 0.000 0.000 0.000 0.001 0.003 0.004 0.006 0.009 0.012 0.016 0.020 0.025 0.031 0.037 0.043 0.051 0.058 0.066 0.075 0.083 0.092 0.101 0.111 0.121 0.130 0.137 0.141 0.144 0.145 0.146 0.147 0.147 0.148 0.148 0.148 0.148 0.148 0.147 0.145 0.143 0.139 0.134 0.128 0.120 0.111 0.101 0.089 0.074 0.059 0.044 0.033 0.024
0.000 0.000 0.000 0.000 0.000 0.000 0.000 0.000 0.000 0.000 0.000 0.000 0.000 0.000 0.000 0.000 0.000 0.000 0.000 0.000 0.000 0.000 0.000 0.000 0.000 0.000 0.000 0.001 0.003 0.004 0.007 0.010 0.013 0.017 0.021 0.026 0.032 0.038 0.045 0.052 0.060 0.068 0.076 0.085 0.095 0.104 0.113 0.123 0.132 0.140 0.145 0.148 0.151 0.152 0.152 0.153 0.153 0.153 0.153 0.153 0.152 0.151 0.149 0.146 0.141 0.135 0.128 0.119 0.109 0.097 0.084 0.068 0.052 0.039 0.029 0.021
0.000 0.000 0.000 0.000 0.000 0.000 0.000 0.000 0.000 0.000 0.000 0.000 0.000 0.000 0.000 0.000 0.000 0.000 0.000 0.000 0.000 0.000 0.000 0.000 0.000 0.000 0.000 0.001 0.003 0.005 0.007 0.010 0.013 0.017 0.022 0.027 0.033 0.039 0.046 0.053 0.061 0.069 0.078 0.087 0.096 0.106 0.115 0.125 0.134 0.142 0.148 0.152 0.155 0.156 0.157 0.157 0.157 0.157 0.157 0.156 0.156 0.154 0.152 0.148 0.142 0.136 0.128 0.118 0.107 0.094 0.078 0.061 0.047 0.035 0.026 0.020
0.000 0.000 0.000 0.000 0.000 0.000 0.000 0.000 0.000 0.000 0.000 0.000 0.000 0.000 0.000 0.000 0.000 0.000 0.000 0.000 0.000 0.000 0.000 0.000 0.000 0.000 0.000 0.001 0.003 0.005 0.007 0.010 0.014 0.018 0.022 0.028 0.033 0.040 0.047 0.054 0.062 0.070 0.079 0.088 0.098 0.108 0.117 0.126 0.135 0.143 0.150 0.155 0.158 0.160 0.161 0.161 0.161 0.161 0.161 0.160 0.159 0.157 0.154 0.149 0.143 0.136 0.127 0.116 0.104 0.089 0.072 0.056 0.042 0.032 0.024 0.020
0.000 0.000 0.000 0.000 0.000 0.000 0.000 0.000 0.000 0.000 0.000 0.000 0.000 0.000 0.000 0.000 0.000 0.000 0.000 0.000 0.000 0.000 0.000 0.000 0.000 0.000 0.000 0.001 0.003 0.005 0.007 0.010 0.014 0.018 0.023 0.028 0.034 0.040 0.047 0.054 0.062 0.071 0.080 0.089 0.099 0.109 0.118 0.127 0.136 0.144 0.151 0.156 0.160 0.162 0.163 0.164 0.164 0.164 0.164 0.163 0.161 0.159 0.155 0.150 0.143 0.135 0.125 0.114 0.100 0.084 0.066 0.051 0.039 0.030 0.024 0.021
0.000 0.000 0.000 0.000 0.000 0.000 0.000 0.000 0.000 0.000 0.000 0.000 0.000 0.000 0.000 0.000 0.000 0.000 0.000 0.000 0.000 0.000 0.000 0.000 0.000 0.000 0.000 0.001 0.003 0.005 0.007 0.011 0.014 0.018 0.023 0.028 0.034 0.041 0.048 0.055 0.063 0.071 0.080 0.090 0.099 0.109 0.119 0.128 0.137 0.145 0.151 0.157 0.161 0.164 0.165 0.166 0.166 0.166 0.166 0.165 0.163 0.160 0.156 0.150 0.143 0.134 0.123 0.110 0.095 0.078 0.061 0.048 0.037 0.029 0.026 0.027
0.000 0.000 0.000 0.000 0.000 0.000 0.000 0.000 0.000 0.000 0.000 0.000 0.000 0.000 0.000 0.000 0.000 0.000 0.000 0.000 0.000 0.000 0.000 0.000 0.000 0.000 0.000 0.001 0.003 0.005 0.008 0.011 0.014 0.019 0.023 0.029 0.035 0.041 0.048 0.055 0.063 0.071 0.080 0.090 0.100 0.110 0.119 0.128 0.137 0.145 0.151 0.157 0.162 0.165 0.167 0.168 0.168 0.168 0.167 0.167 0.165 0.161 0.157 0.150 0.142 0.132 0.120 0.106 0.090 0.072 0.057 0.045 0.036 0.030 0.029 0.044
0.000 0.000 0.000 0.000 0.000 0.000 0.000 0.000 0.000 0.000 0.000 0.000 0.000 0.000 0.000 0.000 0.000 0.000 0.000 0.000 0.000 0.000 0.000 0.000 0.000 0.000 0.000 0.001 0.003 0.005 0.008 0.011 0.014 0.019 0.024 0.029 0.035 0.041 0.048 0.055 0.063 0.072 0.080 0.090 0.100 0.110 0.119 0.128 0.137 0.144 0.151 0.157 0.161 0.165 0.167 0.169 0.169 0.169 0.169 0.168 0.165 0.162 0.157 0.150 0.141 0.130 0.117 0.101 0.084 0.067 0.053 0.042 0.035 0.033 0.038 0.082
0.000 0.000 0.000 0.000 0.000 0.000 0.000 0.000 0.000 0.000 0.000 0.000 0.000 0.000 0.000 0.000 0.000 0.000 0.000 0.000 0.000 0.000 0.000 0.000 0.000 0.000 0.000 0.001 0.003 0.005 0.008 0.011 0.015 0.019 0.024 0.029 0.035 0.041 0.048 0.055 0.063 0.072 0.080 0.090 0.100 0.109 0.119 0.128 0.136 0.143 0.150 0.156 0.161 0.165 0.168 0.169 0.170 0.170 0.169 0.168 0.165 0.161 0.156 0.149 0.139 0.127 0.113 0.096 0.077 0.061 0.049 0.041 0.037 0.037 0.061 0.152
0.000 0.000 0.000 0.000 0.000 0.000 0.000 0.000 0.000 0.000 0.000 0.000 0.000 0.000 0.000 0.000 0.000 0.000 0.000 0.000 0.000 0.000 0.000 0.000 0.000 0.000 0.000 0.001 0.003 0.005 0.008 0.011 0.015 0.019 0.024 0.029 0.035 0.041 0.048 0.055 0.063 0.072 0.080 0.090 0.099 0.109 0.118 0.127 0.134 0.141 0.148 0.154 0.159 0.163 0.167 0.169 0.170 0.170 0.170 0.168 0.165 0.161 0.155 0.147 0.136 0.124 0.108 0.089 0.071 0.057 0.046 0.040 0.038 0.048 0.108 0.231
0.000 0.000 0.000 0.000 0.000 0.000 0.000 0.000 0.000 0.000 0.000 0.000 0.000 0.000 0.000 0.000 0.000 0.000 0.000 0.000 0.000 0.000 0.000 0.000 0.000 0.000 0.000 0.001 0.003 0.005 0.008 0.011 0.015 0.019 0.024 0.029 0.035 0.041 0.048 0.055 0.063 0.072 0.080 0.089 0.099 0.108 0.117 0.125 0.132 0.139 0.145 0.150 0.156 0.161 0.166 0.169 0.170 0.170 0.170 0.168 0.165 0.160 0.153 0.144 0.133 0.119 0.101 0.082 0.065 0.052 0.044 0.040 0.042 0.073 0.168 0.277
0.000 0.000 0.000 0.000 0.000 0.000 0.000 0.000 0.000 0.000 0.000 0.000 0.000 0.000 0.000 0.000 0.000 0.000 0.000 0.000 0.000 0.000 0.000 0.000 0.000 0.000 0.000 0.002 0.003 0.005 0.008 0.011 0.015 0.019 0.024 0.029 0.035 0.041 0.048 0.055 0.063 0.071 0.080 0.089 0.098 0.107 0.115 0.122 0.129 0.135 0.141 0.146 0.152 0.157 0.163 0.168 0.170 0.170 0.169 0.167 0.163 0.158 0.150 0.141 0.128 0.113 0.094 0.074 0.059 0.048 0.042 0.041 0.057 0.122 0.223 0.289
