RESULTS/r.avaflow_results/14b_results/14b_ascii/14b_hflow0009.asc
ncols 506
nrows 317
xllcenter 498237.50
yllcenter 5580050.00
cellsize 12.50
NODATA_value -9999.000
[rows 204 to 237 of 317, columns 304 to 379 of 506]
0.053 0.058 0.062 0.069 0.076 0.085 0.095 0.109 0.136 0.187 0.265 0.344 0.393 0.413 0.413 0.397 0.364 0.339 0.334 0.350 0.407 0.521 0.684 0.806 0.853 0.852 0.820 0.756 0.684 0.639 0.621 0.620 0.629 0.632 0.608 0.534 0.410 0.292 0.214 0.164 0.137 0.128 0.130 0.149 0.210 0.326 0.447 0.509 0.527 0.522 0.488 0.419 0.319 0.232 0.177 0.146 0.127 0.116 0.109 0.106 0.106 0.109 0.122 0.152 0.222 0.369 0.620 0.900 1.122 1.301 1.443 1.527 1.552 1.516 1.389 1.170
0.064 0.074 0.084 0.095 0.104 0.110 0.113 0.114 0.122 0.142 0.182 0.247 0.315 0.360 0.374 0.368 0.344 0.328 0.329 0.361 0.441 0.571 0.718 0.815 0.852 0.850 0.821 0.759 0.685 0.637 0.617 0.616 0.625 0.628 0.607 0.534 0.411 0.295 0.221 0.179 0.158 0.151 0.152 0.170 0.222 0.306 0.363 0.379 0.374 0.353 0.313 0.253 0.185 0.137 0.109 0.094 0.086 0.080 0.076 0.075 0.075 0.079 0.091 0.115 0.159 0.235 0.355 0.501 0.632 0.761 0.890 0.989 1.043 1.059 1.039 0.966
0.089 0.110 0.128 0.141 0.148 0.145 0.131 0.114 0.107 0.110 0.122 0.151 0.202 0.259 0.293 0.302 0.296 0.292 0.305 0.352 0.442 0.567 0.679 0.746 0.774 0.777 0.761 0.716 0.649 0.597 0.572 0.567 0.572 0.575 0.559 0.499 0.392 0.287 0.223 0.190 0.178 0.175 0.181 0.201 0.247 0.303 0.324 0.319 0.297 0.261 0.214 0.166 0.123 0.095 0.079 0.070 0.066 0.063 0.061 0.060 0.061 0.065 0.076 0.097 0.127 0.170 0.228 0.298 0.364 0.430 0.500 0.560 0.600 0.626 0.644 0.666
0.134 0.164 0.181 0.189 0.187 0.171 0.139 0.111 0.096 0.091 0.092 0.101 0.122 0.157 0.187 0.206 0.219 0.232 0.258 0.312 0.396 0.480 0.535 0.566 0.586 0.603 0.610 0.594 0.550 0.499 0.468 0.455 0.452 0.450 0.440 0.407 0.340 0.267 0.221 0.199 0.193 0.195 0.208 0.239 0.282 0.312 0.318 0.305 0.271 0.223 0.173 0.131 0.100 0.080 0.068 0.060 0.057 0.055 0.054 0.054 0.055 0.060 0.071 0.089 0.113 0.141 0.171 0.203 0.232 0.261 0.290 0.318 0.342 0.364 0.390 0.428
0.170 0.197 0.209 0.210 0.202 0.177 0.139 0.106 0.086 0.077 0.073 0.074 0.081 0.094 0.111 0.126 0.141 0.160 0.188 0.231 0.274 0.297 0.306 0.314 0.329 0.357 0.384 0.394 0.383 0.354 0.329 0.314 0.304 0.296 0.289 0.277 0.257 0.230 0.211 0.202 0.201 0.206 0.225 0.264 0.310 0.330 0.328 0.309 0.270 0.216 0.165 0.125 0.096 0.077 0.065 0.058 0.054 0.052 0.052 0.053 0.054 0.059 0.069 0.086 0.107 0.127 0.145 0.159 0.170 0.179 0.187 0.194 0.204 0.218 0.241 0.277
0.184 0.205 0.213 0.211 0.198 0.168 0.127 0.095 0.075 0.064 0.058 0.057 0.058 0.062 0.069 0.078 0.089 0.104 0.121 0.137 0.145 0.148 0.150 0.154 0.164 0.185 0.213 0.233 0.241 0.240 0.232 0.224 0.213 0.202 0.195 0.192 0.191 0.191 0.195 0.200 0.204 0.212 0.232 0.276 0.329 0.353 0.353 0.332 0.289 0.232 0.176 0.133 0.101 0.080 0.066 0.058 0.054 0.052 0.052 0.053 0.055 0.059 0.069 0.085 0.105 0.122 0.134 0.142 0.146 0.146 0.143 0.137 0.137 0.142 0.158 0.186
0.182 0.196 0.198 0.190 0.169 0.134 0.099 0.075 0.060 0.051 0.046 0.044 0.044 0.045 0.047 0.052 0.059 0.068 0.075 0.079 0.079 0.079 0.079 0.081 0.087 0.100 0.121 0.144 0.162 0.173 0.177 0.175 0.169 0.159 0.152 0.151 0.154 0.164 0.181 0.195 0.203 0.213 0.234 0.279 0.344 0.386 0.395 0.382 0.347 0.295 0.236 0.179 0.132 0.099 0.077 0.065 0.058 0.055 0.055 0.055 0.057 0.061 0.070 0.085 0.105 0.121 0.132 0.138 0.140 0.139 0.131 0.117 0.108 0.108 0.116 0.134
0.163 0.166 0.157 0.138 0.111 0.083 0.064 0.052 0.044 0.039 0.037 0.036 0.035 0.035 0.036 0.038 0.043 0.047 0.050 0.051 0.050 0.050 0.050 0.051 0.055 0.064 0.079 0.099 0.122 0.139 0.149 0.151 0.149 0.142 0.137 0.136 0.139 0.150 0.171 0.188 0.201 0.214 0.236 0.283 0.361 0.439 0.479 0.488 0.475 0.444 0.390 0.312 0.224 0.156 0.112 0.087 0.074 0.067 0.063 0.062 0.063 0.066 0.074 0.087 0.104 0.122 0.135 0.143 0.145 0.143 0.134 0.116 0.102 0.097 0.097 0.104
0.122 0.115 0.100 0.081 0.064 0.051 0.044 0.038 0.035 0.032 0.031 0.030 0.030 0.030 0.030 0.031 0.033 0.036 0.037 0.037 0.037 0.037 0.037 0.038 0.042 0.049 0.060 0.077 0.099 0.121 0.135 0.141 0.141 0.138 0.134 0.133 0.135 0.145 0.163 0.180 0.196 0.214 0.241 0.296 0.396 0.532 0.648 0.715 0.742 0.739 0.699 0.598 0.443 0.296 0.202 0.147 0.116 0.098 0.087 0.080 0.078 0.079 0.083 0.093 0.107 0.127 0.151 0.169 0.175 0.173 0.160 0.134 0.108 0.096 0.090 0.088
0.079 0.071 0.060 0.049 0.041 0.037 0.033 0.031 0.029 0.028 0.027 0.027 0.026 0.026 0.027 0.027 0.028 0.029 0.030 0.031 0.031 0.031 0.032 0.033 0.037 0.042 0.052 0.066 0.086 0.109 0.126 0.136 0.139 0.138 0.135 0.134 0.136 0.143 0.156 0.172 0.190 0.213 0.251 0.328 0.470 0.686 0.930 1.105 1.201 1.228 1.199 1.075 0.841 0.574 0.395 0.287 0.222 0.178 0.146 0.125 0.111 0.105 0.104 0.108 0.119 0.146 0.196 0.244 0.262 0.261 0.243 0.197 0.141 0.107 0.090 0.082
0.051 0.046 0.040 0.035 0.032 0.030 0.029 0.028 0.027 0.026 0.025 0.025 0.025 0.025 0.025 0.025 0.026 0.026 0.027 0.027 0.028 0.029 0.030 0.032 0.035 0.040 0.049 0.062 0.079 0.100 0.120 0.132 0.138 0.140 0.139 0.138 0.138 0.141 0.149 0.160 0.177 0.205 0.254 0.355 0.538 0.820 1.177 1.462 1.631 1.689 1.671 1.553 1.304 0.972 0.724 0.558 0.442 0.353 0.283 0.226 0.184 0.158 0.145 0.144 0.153 0.194 0.289 0.407 0.458 0.462 0.434 0.353 0.233 0.145 0.101 0.082
0.037 0.034 0.031 0.028 0.027 0.027 0.027 0.027 0.026 0.026 0.025 0.024 0.024 0.024 0.024 0.024 0.024 0.025 0.025 0.026 0.027 0.028 0.029 0.031 0.035 0.040 0.049 0.061 0.076 0.096 0.115 0.130 0.138 0.141 0.141 0.139 0.136 0.135 0.138 0.143 0.157 0.187 0.245 0.359 0.562 0.873 1.284 1.632 1.844 1.927 1.923 1.826 1.596 1.272 1.028 0.854 0.715 0.595 0.488 0.390 0.306 0.246 0.214 0.207 0.216 0.264 0.385 0.584 0.740 0.787 0.759 0.642 0.435 0.241 0.136 0.092
0.030 0.028 0.027 0.026 0.026 0.026 0.026 0.026 0.026 0.026 0.024 0.024 0.023 0.023 0.024 0.024 0.024 0.024 0.025 0.025 0.026 0.027 0.029 0.031 0.035 0.041 0.050 0.061 0.076 0.094 0.113 0.128 0.137 0.141 0.141 0.138 0.131 0.125 0.123 0.124 0.132 0.158 0.220 0.340 0.548 0.865 1.288 1.658 1.886 1.985 1.995 1.919 1.714 1.414 1.183 1.011 0.867 0.736 0.613 0.499 0.398 0.321 0.277 0.264 0.269 0.310 0.425 0.650 0.904 1.035 1.052 0.973 0.744 0.424 0.212 0.118
0.027 0.026 0.026 0.026 0.026 0.026 0.027 0.027 0.026 0.026 0.025 0.024 0.023 0.023 0.023 0.024 0.024 0.025 0.025 0.025 0.026 0.027 0.029 0.032 0.037 0.043 0.052 0.064 0.079 0.096 0.114 0.127 0.136 0.140 0.141 0.137 0.127 0.116 0.112 0.111 0.115 0.134 0.183 0.289 0.480 0.779 1.194 1.575 1.821 1.942 1.963 1.900 1.716 1.440 1.218 1.050 0.907 0.775 0.651 0.536 0.434 0.356 0.309 0.291 0.293 0.325 0.430 0.647 0.938 1.135 1.207 1.181 1.018 0.677 0.341 0.168
0.026 0.026 0.026 0.026 0.026 0.027 0.027 0.028 0.027 0.027 0.026 0.024 0.023 0.023 0.024 0.024 0.025 0.025 0.025 0.026 0.026 0.028 0.030 0.034 0.039 0.046 0.056 0.069 0.086 0.104 0.118 0.130 0.138 0.142 0.141 0.136 0.125 0.113 0.107 0.106 0.109 0.122 0.154 0.225 0.363 0.603 0.965 1.348 1.612 1.754 1.788 1.746 1.606 1.384 1.181 1.019 0.879 0.754 0.638 0.532 0.437 0.363 0.317 0.298 0.297 0.323 0.415 0.613 0.908 1.140 1.257 1.275 1.187 0.920 0.529 0.254
0.025 0.026 0.026 0.027 0.028 0.029 0.030 0.030 0.029 0.029 0.028 0.026 0.024 0.024 0.024 0.024 0.025 0.026 0.026 0.027 0.027 0.029 0.031 0.036 0.042 0.050 0.061 0.075 0.095 0.114 0.129 0.140 0.147 0.149 0.147 0.139 0.125 0.114 0.108 0.107 0.109 0.119 0.144 0.192 0.279 0.429 0.672 0.990 1.238 1.378 1.421 1.404 1.327 1.186 1.025 0.878 0.750 0.647 0.563 0.487 0.415 0.354 0.313 0.294 0.291 0.306 0.378 0.550 0.831 1.098 1.251 1.303 1.276 1.108 0.758 0.390
0.026 0.027 0.029 0.030 0.032 0.033 0.034 0.034 0.033 0.033 0.031 0.029 0.027 0.026 0.025 0.025 0.026 0.027 0.028 0.028 0.029 0.030 0.033 0.037 0.044 0.053 0.064 0.079 0.099 0.119 0.135 0.148 0.156 0.159 0.156 0.146 0.131 0.121 0.116 0.115 0.116 0.124 0.147 0.188 0.248 0.335 0.470 0.658 0.807 0.886 0.913 0.914 0.892 0.825 0.716 0.597 0.503 0.441 0.407 0.382 0.355 0.323 0.295 0.279 0.275 0.288 0.351 0.499 0.743 1.017 1.206 1.298 1.309 1.228 0.983 0.595
0.028 0.031 0.034 0.037 0.039 0.041 0.041 0.041 0.041 0.039 0.037 0.034 0.031 0.028 0.027 0.027 0.027 0.028 0.029 0.030 0.031 0.032 0.034 0.038 0.045 0.055 0.067 0.081 0.099 0.118 0.135 0.149 0.159 0.162 0.160 0.152 0.138 0.132 0.130 0.131 0.136 0.148 0.172 0.206 0.248 0.298 0.361 0.448 0.512 0.542 0.550 0.546 0.528 0.479 0.398 0.319 0.269 0.246 0.242 0.252 0.266 0.269 0.265 0.263 0.267 0.285 0.347 0.478 0.683 0.934 1.140 1.267 1.307 1.276 1.120 0.802
0.032 0.039 0.046 0.051 0.054 0.055 0.055 0.055 0.054 0.052 0.049 0.045 0.040 0.034 0.031 0.030 0.030 0.030 0.031 0.031 0.032 0.033 0.035 0.039 0.046 0.056 0.069 0.082 0.096 0.112 0.128 0.144 0.155 0.160 0.159 0.152 0.141 0.136 0.136 0.142 0.161 0.192 0.226 0.251 0.268 0.286 0.307 0.332 0.348 0.353 0.349 0.339 0.318 0.277 0.218 0.172 0.150 0.144 0.151 0.171 0.203 0.230 0.246 0.257 0.267 0.290 0.352 0.470 0.645 0.866 1.069 1.212 1.276 1.269 1.163 0.919
0.043 0.058 0.071 0.079 0.083 0.084 0.084 0.083 0.080 0.077 0.073 0.066 0.055 0.045 0.038 0.036 0.034 0.034 0.033 0.033 0.033 0.034 0.036 0.040 0.047 0.058 0.069 0.080 0.089 0.100 0.112 0.128 0.140 0.146 0.147 0.144 0.137 0.133 0.134 0.144 0.171 0.220 0.262 0.281 0.285 0.283 0.278 0.274 0.269 0.261 0.251 0.236 0.213 0.179 0.139 0.115 0.106 0.107 0.115 0.137 0.173 0.211 0.238 0.256 0.273 0.300 0.360 0.466 0.618 0.805 0.984 1.118 1.185 1.193 1.127 0.939
0.070 0.104 0.129 0.142 0.147 0.148 0.147 0.143 0.137 0.130 0.120 0.105 0.083 0.064 0.053 0.046 0.042 0.039 0.037 0.036 0.035 0.036 0.038 0.042 0.048 0.059 0.068 0.074 0.079 0.083 0.090 0.101 0.113 0.120 0.123 0.123 0.121 0.120 0.123 0.136 0.168 0.223 0.268 0.286 0.286 0.277 0.259 0.245 0.232 0.220 0.207 0.190 0.167 0.138 0.114 0.101 0.098 0.100 0.109 0.130 0.165 0.207 0.236 0.257 0.278 0.306 0.363 0.459 0.593 0.743 0.872 0.962 1.007 1.014 0.981 0.868
0.131 0.207 0.258 0.280 0.285 0.285 0.281 0.272 0.259 0.240 0.215 0.178 0.134 0.100 0.078 0.065 0.055 0.048 0.043 0.040 0.039 0.039 0.041 0.044 0.050 0.059 0.065 0.067 0.067 0.068 0.070 0.076 0.083 0.088 0.089 0.091 0.092 0.094 0.099 0.114 0.147 0.201 0.248 0.268 0.269 0.259 0.240 0.225 0.214 0.203 0.189 0.171 0.149 0.128 0.113 0.105 0.105 0.109 0.119 0.138 0.171 0.211 0.240 0.261 0.280 0.305 0.356 0.442 0.560 0.664 0.725 0.751 0.757 0.751 0.734 0.694
0.201 0.329 0.421 0.458 0.462 0.457 0.446 0.429 0.406 0.373 0.323 0.253 0.183 0.133 0.102 0.083 0.069 0.058 0.050 0.045 0.042 0.042 0.043 0.046 0.051 0.057 0.060 0.059 0.057 0.056 0.056 0.059 0.063 0.064 0.064 0.063 0.063 0.064 0.068 0.079 0.102 0.144 0.189 0.215 0.223 0.222 0.214 0.206 0.200 0.193 0.181 0.163 0.145 0.132 0.127 0.132 0.145 0.155 0.165 0.180 0.207 0.239 0.261 0.273 0.283 0.297 0.331 0.400 0.496 0.555 0.573 0.572 0.561 0.547 0.539 0.537
0.228 0.381 0.494 0.537 0.541 0.534 0.521 0.501 0.474 0.434 0.371 0.283 0.201 0.146 0.112 0.090 0.075 0.062 0.053 0.047 0.044 0.043 0.043 0.046 0.051 0.054 0.054 0.052 0.048 0.046 0.045 0.046 0.048 0.049 0.048 0.046 0.045 0.046 0.047 0.052 0.062 0.082 0.110 0.134 0.153 0.168 0.179 0.185 0.187 0.184 0.175 0.160 0.151 0.151 0.167 0.210 0.258 0.282 0.291 0.298 0.308 0.317 0.315 0.301 0.289 0.286 0.296 0.332 0.394 0.439 0.455 0.455 0.448 0.445 0.453 0.474
0.222 0.373 0.482 0.524 0.529 0.524 0.513 0.495 0.469 0.429 0.366 0.276 0.196 0.144 0.111 0.089 0.073 0.061 0.052 0.047 0.044 0.043 0.043 0.045 0.048 0.049 0.047 0.044 0.039 0.037 0.036 0.036 0.037 0.037 0.037 0.036 0.035 0.034 0.035 0.037 0.041 0.050 0.064 0.079 0.095 0.113 0.136 0.157 0.168 0.170 0.166 0.158 0.156 0.167 0.216 0.329 0.466 0.532 0.543 0.535 0.514 0.481 0.430 0.359 0.305 0.281 0.278 0.289 0.319 0.354 0.376 0.390 0.404 0.421 0.443 0.478
0.175 0.289 0.368 0.398 0.403 0.403 0.400 0.391 0.374 0.344 0.293 0.220 0.158 0.119 0.092 0.074 0.062 0.053 0.047 0.044 0.041 0.041 0.041 0.042 0.042 0.041 0.039 0.035 0.031 0.029 0.028 0.028 0.028 0.028 0.028 0.028 0.027 0.027 0.027 0.028 0.031 0.035 0.042 0.050 0.060 0.074 0.092 0.116 0.134 0.144 0.148 0.148 0.152 0.169 0.234 0.389 0.618 0.762 0.805 0.803 0.778 0.724 0.620 0.463 0.339 0.285 0.274 0.275 0.286 0.307 0.332 0.364 0.403 0.449 0.504 0.569
0.091 0.144 0.176 0.186 0.187 0.187 0.188 0.189 0.186 0.175 0.152 0.116 0.088 0.070 0.057 0.047 0.040 0.037 0.036 0.035 0.035 0.034 0.034 0.034 0.033 0.032 0.029 0.026 0.024 0.023 0.022 0.022 0.021 0.022 0.022 0.022 0.021 0.021 0.022 0.022 0.024 0.026 0.030 0.034 0.041 0.049 0.059 0.073 0.088 0.101 0.111 0.121 0.133 0.159 0.230 0.394 0.655 0.847 0.930 0.946 0.935 0.890 0.782 0.587 0.401 0.308 0.280 0.276 0.280 0.292 0.315 0.359 0.438 0.560 0.683 0.775
0.044 0.063 0.073 0.074 0.073 0.072 0.073 0.074 0.074 0.072 0.065 0.053 0.044 0.037 0.032 0.027 0.025 0.024 0.023 0.024 0.024 0.024 0.024 0.024 0.023 0.023 0.021 0.020 0.018 0.017 0.017 0.016 0.016 0.016 0.016 0.017 0.017 0.017 0.017 0.018 0.019 0.020 0.022 0.025 0.029 0.033 0.039 0.045 0.052 0.060 0.068 0.079 0.095 0.125 0.197 0.353 0.606 0.822 0.935 0.975 0.976 0.945 0.848 0.660 0.460 0.346 0.299 0.286 0.284 0.291 0.313 0.373 0.503 0.709 0.877 0.956
0.025 0.032 0.034 0.035 0.033 0.033 0.033 0.034 0.034 0.033 0.032 0.028 0.025 0.022 0.020 0.018 0.017 0.016 0.016 0.016 0.016 0.016 0.016 0.016 0.016 0.016 0.016 0.015 0.014 0.013 0.013 0.012 0.012 0.012 0.012 0.012 0.013 0.013 0.013 0.014 0.014 0.015 0.017 0.019 0.021 0.024 0.026 0.029 0.033 0.036 0.040 0.046 0.056 0.077 0.127 0.238 0.432 0.649 0.805 0.890 0.919 0.905 0.829 0.669 0.480 0.363 0.308 0.288 0.285 0.289 0.312 0.379 0.531 0.773 0.951 1.018
0.016 0.018 0.019 0.019 0.019 0.019 0.019 0.019 0.019 0.019 0.018 0.017 0.016 0.014 0.013 0.012 0.012 0.011 0.011 0.011 0.011 0.011 0.012 0.012 0.012 0.012 0.011 0.011 0.010 0.010 0.009 0.009 0.009 0.009 0.009 0.009 0.009 0.010 0.010 0.010 0.011 0.012 0.013 0.014 0.015 0.017 0.019 0.020 0.022 0.024 0.026 0.029 0.034 0.044 0.065 0.112 0.199 0.335 0.489 0.613 0.681 0.699 0.671 0.583 0.451 0.350 0.295 0.272 0.266 0.269 0.291 0.360 0.515 0.756 0.930 0.995
0.010 0.012 0.012 0.012 0.012 0.012 0.012 0.012 0.012 0.012 0.012 0.011 0.011 0.010 0.009 0.009 0.008 0.008 0.008 0.008 0.008 0.008 0.008 0.008 0.008 0.008 0.008 0.008 0.007 0.007 0.007 0.007 0.007 0.007 0.007 0.007 0.007 0.007 0.007 0.008 0.008 0.009 0.009 0.010 0.011 0.012 0.013 0.014 0.015 0.017 0.018 0.020 0.022 0.027 0.035 0.051 0.080 0.128 0.201 0.276 0.328 0.357 0.370 0.364 0.328 0.276 0.235 0.213 0.206 0.207 0.226 0.285 0.415 0.618 0.776 0.847
0.007 0.007 0.008 0.008 0.008 0.008 0.008 0.008 0.008 0.008 0.008 0.008 0.007 0.007 0.006 0.006 0.006 0.006 0.006 0.006 0.005 0.005 0.006 0.006 0.006 0.006 0.005 0.005 0.005 0.005 0.005 0.005 0.005 0.005 0.005 0.005 0.005 0.005 0.005 0.005 0.006 0.006 0.006 0.007 0.008 0.009 0.009 0.010 0.011 0.012 0.013 0.014 0.016 0.018 0.022 0.028 0.038 0.054 0.078 0.108 0.132 0.149 0.161 0.166 0.165 0.151 0.132 0.120 0.116 0.117 0.125 0.156 0.228 0.351 0.469 0.542
0.004 0.005 0.005 0.005 0.005 0.005 0.005 0.005 0.005 0.005 0.005 0.005 0.005 0.004 0.004 0.004 0.004 0.004 0.004 0.004 0.004 0.004 0.004 0.004 0.004 0.004 0.003 0.003 0.003 0.003 0.003 0.003 0.003 0.003 0.003 0.003 0.003 0.003 0.003 0.003 0.004 0.004 0.004 0.005 0.005 0.006 0.006 0.007 0.008 0.008 0.009 0.010 0.011 0.013 0.015 0.018 0.022 0.028 0.037 0.049 0.059 0.068 0.074 0.077 0.078 0.075 0.068 0.063 0.061 0.061 0.064 0.074 0.100 0.149 0.208 0.252
0.002 0.003 0.003 0.003 0.003 0.003 0.003 0.003 0.003 0.003 0.003 0.003 0.003 0.003 0.002 0.002 0.002 0.002 0.002 0.002 0.002 0.002 0.002 0.002 0.002 0.002 0.002 0.002 0.002 0.002 0.002 0.002 0.002 0.002 0.002 0.002 0.002 0.002 0.002 0.002 0.002 0.002 0.002 0.003 0.003 0.003 0.004 0.004 0.005 0.006 0.006 0.007 0.008 0.009 0.011 0.012 0.015 0.018 0.022 0.027 0.032 0.037 0.040 0.042 0.042 0.041 0.039 0.036 0.035 0.035 0.036 0.039 0.048 0.064 0.088 0.107
