RESULTS/r.avaflow_results/14b_results/14b_ascii/14b_hflow30038.asc
ncols 506
nrows 317
xllcenter 498237.50
yllcenter 5580050.00
cellsize 12.50
NODATA_value -9999.000
[rows 170 to 203 of 317, columns 308 to 384 of 506]
0.000 0.000 0.000 0.000 0.000 0.000 0.000 0.000 0.000 0.000 0.000 0.000 0.000 0.000 0.000 0.000 0.000 0.000 0.000 0.000 0.000 0.000 0.000 0.000 0.000 0.000 0.000 0.000 0.000 0.000 0.000 0.000 0.000 0.000 0.000 0.000 0.000 0.000 0.000 0.000 0.000 0.000 0.000 0.000 0.000 0.000 0.000 0.000 0.000 0.000 0.000 0.000 0.000 0.000 0.000 0.000 0.000 0.000 0.000 0.000 0.000 0.000 0.000 0.000 0.000 0.000 0.000 0.000 0.000 0.000 0.000 0.000 0.000 0.000 0.000 0.000 0.000
0.000 0.000 0.000 0.000 0.000 0.000 0.000 0.000 0.000 0.000 0.000 0.000 0.000 0.000 0.000 0.000 0.000 0.000 0.000 0.000 0.000 0.000 0.000 0.000 0.000 0.000 0.000 0.000 0.000 0.000 0.000 0.000 0.000 0.000 0.000 0.000 0.000 0.000 0.000 0.000 0.000 0.000 0.000 0.000 0.000 0.000 0.000 0.000 0.000 0.000 0.000 0.000 0.000 0.000 0.000 0.000 0.000 0.000 0.000 0.000 0.000 0.000 0.000 0.000 0.000 0.000 0.000 0.000 0.000 0.000 0.000 0.000 0.000 0.000 0.000 0.000 0.000
0.000 0.001 0.001 0.001 0.001 0.001 0.001 0.001 0.001 0.001 0.001 0.001 0.001 0.001 0.001 0.001 0.000 0.000 0.000 0.000 0.000 0.000 0.000 0.000 0.000 0.000 0.000 0.000 0.000 0.000 0.000 0.000 0.000 0.000 0.000 0.000 0.000 0.000 0.000 0.000 0.000 0.000 0.000 0.000 0.000 0.000 0.000 0.000 0.000 0.000 0.000 0.000 0.000 0.000 0.000 0.000 0.000 0.000 0.000 0.000 0.000 0.000 0.000 0.000 0.000 0.000 0.000 0.000 0.000 0.000 0.000 0.000 0.000 0.000 0.000 0.000 0.000
0.002 0.002 0.003 0.003 0.004 0.004 0.004 0.004 0.003 0.003 0.003 0.003 0.003 0.002 0.002 0.002 0.001 0.001 0.001 0.001 0.000 0.000 0.000 0.000 0.000 0.000 0.000 0.000 0.000 0.000 0.000 0.000 0.000 0.000 0.000 0.000 0.000 0.000 0.000 0.000 0.000 0.000 0.000 0.000 0.000 0.000 0.000 0.000 0.000 0.000 0.000 0.000 0.000 0.000 0.000 0.000 0.000 0.000 0.000 0.000 0.000 0.000 0.000 0.000 0.000 0.000 0.000 0.000 0.000 0.000 0.000 0.000 0.000 0.000 0.000 0.000 0.000
0.004 0.005 0.006 0.007 0.007 0.007 0.007 0.007 0.007 0.007 0.007 0.006 0.006 0.005 0.004 0.004 0.003 0.003 0.002 0.002 0.001 0.001 0.000 0.000 0.000 0.000 0.000 0.000 0.000 0.000 0.000 0.000 0.000 0.000 0.000 0.000 0.000 0.000 0.000 0.000 0.000 0.000 0.000 0.000 0.000 0.000 0.000 0.000 0.000 0.000 0.000 0.000 0.000 0.000 0.000 0.000 0.000 0.000 0.000 0.000 0.000 0.000 0.000 0.000 0.000 0.000 0.000 0.000 0.000 0.000 0.000 0.000 0.000 0.000 0.000 0.000 0.000
0.006 0.008 0.011 0.012 0.013 0.013 0.013 0.013 0.012 0.012 0.011 0.011 0.010 0.009 0.007 0.006 0.005 0.004 0.004 0.003 0.002 0.002 0.001 0.001 0.000 0.000 0.000 0.000 0.000 0.000 0.000 0.000 0.000 0.000 0.000 0.000 0.000 0.000 0.000 0.000 0.000 0.000 0.000 0.000 0.000 0.000 0.000 0.000 0.000 0.000 0.000 0.000 0.000 0.000 0.000 0.000 0.000 0.000 0.000 0.000 0.000 0.000 0.000 0.000 0.000 0.000 0.000 0.000 0.000 0.000 0.000 0.000 0.000 0.000 0.000 0.000 0.000
0.010 0.013 0.017 0.021 0.022 0.022 0.022 0.021 0.021 0.020 0.018 0.017 0.015 0.013 0.011 0.010 0.008 0.007 0.006 0.005 0.004 0.003 0.002 0.002 0.001 0.001 0.001 0.000 0.000 0.000 0.000 0.000 0.000 0.000 0.000 0.000 0.000 0.000 0.000 0.000 0.000 0.000 0.000 0.000 0.000 0.000 0.000 0.000 0.000 0.000 0.000 0.000 0.000 0.000 0.000 0.000 0.000 0.000 0.000 0.000 0.000 0.000 0.000 0.000 0.000 0.000 0.000 0.000 0.000 0.000 0.000 0.000 0.000 0.000 0.000 0.000 0.000
0.016 0.020 0.028 0.036 0.040 0.041 0.041 0.040 0.038 0.035 0.031 0.028 0.024 0.020 0.017 0.014 0.012 0.010 0.008 0.007 0.006 0.005 0.004 0.003 0.003 0.002 0.002 0.001 0.001 0.001 0.001 0.000 0.000 0.000 0.000 0.000 0.000 0.000 0.000 0.000 0.000 0.000 0.000 0.000 0.000 0.000 0.000 0.000 0.000 0.000 0.000 0.000 0.000 0.000 0.000 0.000 0.000 0.000 0.000 0.000 0.000 0.000 0.000 0.000 0.000 0.000 0.000 0.000 0.000 0.000 0.000 0.000 0.000 0.000 0.000 0.000 0.000
0.026 0.034 0.050 0.073 0.087 0.091 0.091 0.088 0.083 0.074 0.062 0.050 0.040 0.032 0.026 0.021 0.017 0.014 0.012 0.010 0.009 0.007 0.006 0.006 0.005 0.004 0.004 0.003 0.003 0.002 0.002 0.002 0.001 0.001 0.001 0.000 0.000 0.000 0.000 0.000 0.000 0.000 0.000 0.000 0.000 0.000 0.000 0.000 0.000 0.000 0.000 0.000 0.000 0.000 0.000 0.000 0.000 0.000 0.000 0.000 0.000 0.000 0.000 0.000 0.000 0.000 0.000 0.000 0.000 0.000 0.000 0.000 0.000 0.000 0.000 0.000 0.000
0.047 0.068 0.106 0.166 0.216 0.237 0.239 0.235 0.221 0.193 0.151 0.109 0.080 0.059 0.044 0.034 0.027 0.021 0.018 0.014 0.012 0.010 0.009 0.008 0.007 0.007 0.006 0.005 0.005 0.004 0.004 0.003 0.003 0.002 0.002 0.001 0.001 0.001 0.001 0.001 0.001 0.001 0.001 0.000 0.000 0.000 0.000 0.000 0.000 0.000 0.000 0.000 0.000 0.000 0.000 0.000 0.000 0.000 0.000 0.000 0.000 0.000 0.000 0.000 0.000 0.000 0.000 0.000 0.000 0.000 0.000 0.000 0.000 0.000 0.000 0.000 0.000
0.103 0.152 0.242 0.388 0.535 0.620 0.651 0.649 0.620 0.543 0.421 0.284 0.187 0.125 0.086 0.062 0.046 0.035 0.027 0.021 0.017 0.014 0.013 0.011 0.011 0.010 0.009 0.008 0.008 0.007 0.006 0.005 0.005 0.004 0.004 0.003 0.003 0.002 0.002 0.002 0.002 0.002 0.002 0.001 0.001 0.001 0.000 0.000 0.000 0.000 0.000 0.000 0.000 0.000 0.000 0.000 0.000 0.000 0.000 0.000 0.000 0.000 0.000 0.000 0.000 0.000 0.000 0.000 0.000 0.000 0.000 0.000 0.000 0.000 0.000 0.000 0.000
0.246 0.351 0.530 0.809 1.115 1.331 1.441 1.469 1.438 1.309 1.059 0.727 0.457 0.289 0.188 0.128 0.089 0.063 0.045 0.033 0.025 0.020 0.017 0.016 0.015 0.014 0.013 0.013 0.012 0.010 0.009 0.008 0.007 0.007 0.006 0.006 0.005 0.005 0.005 0.004 0.004 0.004 0.004 0.003 0.002 0.002 0.001 0.001 0.001 0.000 0.000 0.000 0.000 0.000 0.000 0.000 0.000 0.000 0.000 0.000 0.000 0.000 0.000 0.000 0.000 0.000 0.000 0.000 0.000 0.000 0.000 0.000 0.000 0.000 0.000 0.000 0.000
0.585 0.766 1.037 1.431 1.780 1.999 2.131 2.183 2.175 2.070 1.807 1.381 0.927 0.602 0.395 0.263 0.177 0.119 0.081 0.056 0.040 0.030 0.025 0.023 0.021 0.021 0.020 0.019 0.017 0.016 0.014 0.012 0.011 0.010 0.009 0.009 0.008 0.008 0.008 0.007 0.007 0.007 0.006 0.005 0.005 0.004 0.003 0.002 0.002 0.001 0.001 0.001 0.000 0.000 0.000 0.000 0.000 0.000 0.000 0.000 0.000 0.000 0.000 0.000 0.000 0.000 0.000 0.000 0.000 0.000 0.000 0.000 0.000 0.000 0.000 0.000 0.000
1.287 1.524 1.795 2.055 2.212 2.313 2.396 2.446 2.450 2.381 2.169 1.779 1.289 0.919 0.662 0.471 0.325 0.220 0.149 0.101 0.070 0.051 0.041 0.036 0.034 0.033 0.032 0.030 0.027 0.023 0.020 0.017 0.016 0.014 0.013 0.013 0.012 0.012 0.012 0.012 0.011 0.011 0.010 0.008 0.007 0.006 0.005 0.004 0.004 0.003 0.002 0.002 0.001 0.001 0.001 0.001 0.001 0.000 0.000 0.000 0.000 0.000 0.000 0.000 0.000 0.000 0.000 0.000 0.000 0.000 0.000 0.000 0.000 0.000 0.000 0.000 0.000
2.295 2.432 2.498 2.479 2.408 2.380 2.407 2.445 2.450 2.397 2.222 1.891 1.453 1.104 0.850 0.658 0.504 0.374 0.268 0.188 0.131 0.095 0.077 0.069 0.065 0.064 0.062 0.058 0.051 0.039 0.030 0.025 0.023 0.021 0.019 0.019 0.018 0.018 0.018 0.018 0.017 0.016 0.015 0.012 0.011 0.009 0.008 0.007 0.006 0.005 0.004 0.004 0.003 0.003 0.002 0.002 0.002 0.002 0.001 0.001 0.001 0.000 0.000 0.000 0.000 0.000 0.000 0.000 0.000 0.000 0.000 0.000 0.000 0.000 0.000 0.000 0.000
2.923 2.972 2.898 2.684 2.443 2.317 2.270 2.258 2.243 2.196 2.072 1.832 1.494 1.190 0.960 0.781 0.643 0.532 0.432 0.335 0.252 0.195 0.165 0.155 0.155 0.156 0.155 0.145 0.118 0.080 0.055 0.043 0.037 0.033 0.030 0.028 0.028 0.028 0.028 0.028 0.028 0.026 0.022 0.018 0.015 0.013 0.012 0.010 0.009 0.008 0.007 0.006 0.005 0.005 0.005 0.004 0.004 0.003 0.003 0.003 0.002 0.002 0.001 0.001 0.000 0.000 0.000 0.000 0.000 0.000 0.000 0.000 0.000 0.000 0.000 0.000 0.000
3.095 3.121 2.999 2.708 2.345 2.075 1.905 1.808 1.751 1.710 1.663 1.580 1.426 1.213 1.014 0.854 0.726 0.631 0.562 0.505 0.446 0.393 0.367 0.377 0.412 0.432 0.432 0.403 0.321 0.206 0.131 0.093 0.073 0.062 0.055 0.051 0.049 0.049 0.049 0.050 0.050 0.046 0.037 0.027 0.022 0.019 0.017 0.015 0.013 0.012 0.010 0.009 0.009 0.008 0.007 0.007 0.007 0.006 0.006 0.005 0.004 0.003 0.002 0.002 0.001 0.001 0.000 0.000 0.000 0.000 0.000 0.000 0.000 0.000 0.000 0.000 0.000
2.946 2.959 2.819 2.496 2.030 1.598 1.300 1.126 1.047 1.027 1.054 1.135 1.200 1.146 1.023 0.882 0.761 0.677 0.630 0.611 0.608 0.629 0.682 0.779 0.893 0.958 0.968 0.920 0.771 0.539 0.351 0.243 0.182 0.147 0.125 0.112 0.105 0.104 0.105 0.106 0.105 0.094 0.069 0.046 0.034 0.028 0.024 0.021 0.019 0.017 0.015 0.013 0.012 0.012 0.011 0.011 0.010 0.010 0.009 0.008 0.007 0.006 0.004 0.003 0.003 0.002 0.002 0.001 0.001 0.001 0.000 0.000 0.000 0.000 0.000 0.000 0.000
2.308 2.280 2.149 1.874 1.425 0.981 0.716 0.588 0.544 0.544 0.586 0.700 0.869 0.962 0.954 0.874 0.765 0.687 0.654 0.652 0.680 0.757 0.889 1.069 1.232 1.328 1.356 1.332 1.222 1.011 0.764 0.578 0.453 0.368 0.312 0.277 0.258 0.251 0.252 0.254 0.247 0.210 0.141 0.085 0.058 0.045 0.038 0.033 0.028 0.025 0.022 0.019 0.018 0.017 0.016 0.015 0.015 0.014 0.014 0.013 0.011 0.009 0.007 0.006 0.005 0.004 0.003 0.003 0.002 0.002 0.001 0.001 0.001 0.001 0.001 0.001 0.001
1.249 1.180 1.099 0.973 0.748 0.508 0.367 0.302 0.284 0.288 0.325 0.423 0.592 0.733 0.797 0.796 0.738 0.674 0.650 0.652 0.689 0.788 0.951 1.156 1.322 1.424 1.463 1.461 1.409 1.279 1.078 0.893 0.768 0.688 0.633 0.593 0.572 0.568 0.572 0.572 0.542 0.445 0.290 0.172 0.111 0.082 0.067 0.056 0.047 0.040 0.034 0.029 0.026 0.024 0.023 0.022 0.022 0.021 0.020 0.018 0.015 0.012 0.010 0.009 0.007 0.006 0.005 0.005 0.004 0.004 0.003 0.003 0.003 0.003 0.003 0.002 0.002
0.548 0.496 0.456 0.413 0.341 0.253 0.199 0.175 0.169 0.173 0.199 0.275 0.416 0.545 0.618 0.651 0.651 0.622 0.606 0.608 0.645 0.747 0.921 1.121 1.272 1.370 1.422 1.439 1.419 1.339 1.184 1.007 0.900 0.855 0.842 0.846 0.862 0.886 0.904 0.903 0.853 0.717 0.507 0.329 0.222 0.164 0.131 0.107 0.088 0.071 0.058 0.048 0.042 0.038 0.035 0.034 0.033 0.032 0.030 0.027 0.021 0.017 0.014 0.012 0.011 0.009 0.008 0.007 0.007 0.006 0.006 0.006 0.006 0.005 0.005 0.005 0.005
0.247 0.217 0.198 0.182 0.163 0.140 0.125 0.119 0.119 0.124 0.146 0.207 0.321 0.418 0.470 0.497 0.511 0.514 0.507 0.504 0.526 0.611 0.772 0.949 1.071 1.161 1.235 1.286 1.305 1.272 1.160 0.997 0.904 0.881 0.893 0.929 0.977 1.022 1.048 1.049 0.994 0.858 0.671 0.517 0.401 0.316 0.256 0.210 0.170 0.136 0.109 0.087 0.072 0.063 0.059 0.056 0.054 0.052 0.048 0.041 0.031 0.024 0.019 0.017 0.015 0.013 0.012 0.011 0.010 0.010 0.009 0.009 0.009 0.009 0.009 0.009 0.008
0.134 0.118 0.108 0.102 0.098 0.093 0.092 0.093 0.096 0.104 0.126 0.179 0.266 0.332 0.362 0.375 0.380 0.380 0.371 0.358 0.361 0.405 0.510 0.640 0.732 0.807 0.886 0.968 1.026 1.041 0.995 0.890 0.827 0.822 0.850 0.905 0.975 1.032 1.063 1.064 1.011 0.888 0.748 0.650 0.574 0.506 0.439 0.371 0.306 0.247 0.197 0.158 0.131 0.116 0.108 0.102 0.097 0.091 0.082 0.066 0.047 0.034 0.027 0.023 0.020 0.018 0.016 0.015 0.015 0.014 0.014 0.014 0.014 0.014 0.014 0.014 0.013
0.092 0.082 0.077 0.075 0.074 0.074 0.076 0.080 0.085 0.097 0.121 0.166 0.228 0.266 0.282 0.286 0.286 0.282 0.270 0.254 0.249 0.262 0.306 0.378 0.439 0.486 0.531 0.586 0.639 0.672 0.680 0.657 0.637 0.645 0.685 0.763 0.869 0.953 0.996 0.999 0.960 0.863 0.765 0.714 0.682 0.651 0.613 0.561 0.490 0.408 0.329 0.269 0.231 0.211 0.202 0.194 0.184 0.170 0.149 0.118 0.081 0.054 0.039 0.031 0.028 0.025 0.023 0.022 0.020 0.020 0.020 0.020 0.021 0.021 0.021 0.020 0.019
0.073 0.068 0.066 0.065 0.065 0.067 0.069 0.074 0.082 0.096 0.120 0.159 0.195 0.215 0.221 0.223 0.222 0.219 0.209 0.194 0.186 0.186 0.200 0.233 0.270 0.296 0.318 0.340 0.366 0.384 0.392 0.391 0.387 0.392 0.424 0.501 0.627 0.749 0.818 0.839 0.828 0.783 0.741 0.732 0.746 0.757 0.751 0.729 0.680 0.600 0.501 0.419 0.366 0.337 0.325 0.321 0.317 0.302 0.271 0.223 0.157 0.099 0.064 0.048 0.041 0.037 0.034 0.032 0.029 0.028 0.028 0.028 0.030 0.030 0.030 0.030 0.028
0.063 0.061 0.061 0.061 0.062 0.064 0.067 0.073 0.081 0.097 0.123 0.152 0.170 0.178 0.180 0.180 0.180 0.178 0.173 0.161 0.152 0.148 0.151 0.164 0.184 0.198 0.206 0.213 0.221 0.227 0.229 0.228 0.226 0.228 0.245 0.288 0.367 0.469 0.549 0.597 0.624 0.645 0.670 0.720 0.793 0.845 0.864 0.860 0.826 0.755 0.650 0.544 0.468 0.422 0.405 0.405 0.423 0.457 0.456 0.411 0.319 0.206 0.127 0.087 0.070 0.062 0.056 0.051 0.046 0.042 0.040 0.041 0.043 0.043 0.043 0.042 0.040
0.058 0.057 0.058 0.060 0.063 0.065 0.068 0.074 0.085 0.104 0.130 0.149 0.157 0.159 0.158 0.156 0.155 0.154 0.151 0.144 0.135 0.130 0.129 0.133 0.143 0.151 0.154 0.156 0.157 0.157 0.156 0.153 0.150 0.151 0.159 0.179 0.218 0.278 0.341 0.392 0.440 0.495 0.575 0.703 0.835 0.916 0.947 0.947 0.918 0.850 0.742 0.617 0.523 0.464 0.440 0.440 0.469 0.564 0.683 0.698 0.617 0.453 0.282 0.185 0.142 0.122 0.108 0.096 0.082 0.071 0.065 0.063 0.063 0.062 0.060 0.058 0.056
0.055 0.055 0.058 0.062 0.066 0.070 0.075 0.083 0.097 0.117 0.139 0.150 0.154 0.153 0.150 0.146 0.143 0.142 0.140 0.136 0.129 0.124 0.122 0.122 0.127 0.132 0.133 0.133 0.133 0.133 0.132 0.129 0.125 0.122 0.123 0.130 0.146 0.177 0.220 0.266 0.319 0.395 0.521 0.709 0.874 0.965 0.994 0.990 0.960 0.891 0.780 0.645 0.541 0.477 0.450 0.449 0.481 0.597 0.839 1.034 1.048 0.899 0.633 0.424 0.322 0.274 0.240 0.208 0.174 0.141 0.117 0.104 0.096 0.090 0.085 0.080 0.076
0.053 0.055 0.059 0.066 0.075 0.086 0.097 0.110 0.126 0.143 0.154 0.158 0.157 0.154 0.149 0.144 0.140 0.137 0.135 0.133 0.129 0.124 0.121 0.121 0.124 0.128 0.128 0.128 0.128 0.128 0.128 0.126 0.121 0.115 0.111 0.111 0.116 0.131 0.156 0.193 0.248 0.342 0.505 0.732 0.904 0.988 1.009 1.002 0.969 0.898 0.785 0.647 0.541 0.476 0.449 0.448 0.479 0.598 0.867 1.227 1.415 1.402 1.200 0.915 0.733 0.638 0.564 0.490 0.404 0.312 0.239 0.188 0.155 0.133 0.118 0.108 0.102
0.053 0.055 0.062 0.075 0.096 0.122 0.146 0.165 0.179 0.186 0.185 0.179 0.170 0.161 0.153 0.145 0.140 0.136 0.135 0.135 0.135 0.132 0.129 0.128 0.130 0.131 0.131 0.131 0.132 0.134 0.134 0.132 0.125 0.116 0.110 0.107 0.107 0.112 0.126 0.155 0.213 0.324 0.521 0.763 0.919 0.991 1.006 0.999 0.962 0.885 0.764 0.625 0.522 0.460 0.435 0.435 0.465 0.577 0.835 1.240 1.568 1.702 1.673 1.541 1.400 1.287 1.182 1.055 0.884 0.685 0.501 0.358 0.260 0.200 0.165 0.144 0.133
0.053 0.056 0.066 0.086 0.120 0.171 0.217 0.242 0.250 0.248 0.236 0.218 0.197 0.178 0.163 0.152 0.145 0.142 0.142 0.147 0.156 0.161 0.161 0.160 0.158 0.154 0.153 0.154 0.158 0.160 0.160 0.154 0.142 0.125 0.113 0.107 0.105 0.106 0.114 0.140 0.201 0.327 0.547 0.780 0.919 0.975 0.983 0.969 0.922 0.832 0.697 0.560 0.468 0.418 0.400 0.400 0.427 0.521 0.742 1.131 1.541 1.787 1.887 1.904 1.866 1.811 1.740 1.628 1.454 1.220 0.939 0.653 0.438 0.306 0.232 0.194 0.173
0.054 0.058 0.070 0.093 0.133 0.199 0.261 0.293 0.300 0.297 0.284 0.261 0.233 0.207 0.185 0.171 0.163 0.161 0.169 0.192 0.217 0.233 0.237 0.237 0.229 0.218 0.214 0.214 0.219 0.221 0.217 0.202 0.175 0.144 0.122 0.110 0.106 0.106 0.112 0.136 0.200 0.337 0.562 0.772 0.886 0.920 0.917 0.887 0.820 0.710 0.567 0.447 0.376 0.344 0.335 0.337 0.359 0.423 0.579 0.898 1.345 1.701 1.905 1.999 2.023 2.010 1.969 1.894 1.765 1.567 1.289 0.959 0.673 0.463 0.337 0.270 0.235
0.056 0.061 0.073 0.096 0.136 0.205 0.275 0.312 0.321 0.319 0.308 0.287 0.260 0.237 0.218 0.204 0.199 0.209 0.245 0.302 0.344 0.361 0.364 0.351 0.327 0.308 0.299 0.297 0.299 0.299 0.289 0.259 0.212 0.168 0.136 0.117 0.109 0.108 0.113 0.138 0.205 0.342 0.550 0.715 0.790 0.804 0.788 0.734 0.636 0.506 0.385 0.304 0.261 0.245 0.243 0.247 0.262 0.301 0.395 0.605 0.984 1.432 1.755 1.929 1.990 1.999 1.980 1.932 1.844 1.682 1.425 1.124 0.869 0.655 0.499 0.404 0.349
0.059 0.066 0.077 0.097 0.134 0.197 0.267 0.308 0.322 0.322 0.314 0.295 0.270 0.253 0.244 0.241 0.252 0.291 0.367 0.439 0.471 0.472 0.456 0.422 0.383 0.358 0.346 0.344 0.346 0.345 0.330 0.290 0.230 0.181 0.147 0.126 0.116 0.114 0.119 0.145 0.213 0.342 0.496 0.588 0.619 0.618 0.589 0.518 0.410 0.306 0.237 0.197 0.177 0.169 0.168 0.170 0.181 0.211 0.276 0.409 0.657 1.044 1.411 1.642 1.755 1.807 1.830 1.823 1.779 1.653 1.424 1.162 0.973 0.830 0.711 0.619 0.550
