RESULTS/r.avaflow_results/32_results/32_ascii/32_hflow_max0041.asc
ncols 506
nrows 317
xllcenter 498237.50
yllcenter 5580050.00
cellsize 12.50
NODATA_value -9999.000
[rows 170 to 203 of 317, columns 154 to 230 of 506]
13.442 13.336 13.240 13.119 12.926 12.659 12.328 11.984 11.669 11.379 11.087 10.796 10.517 10.251 9.858 9.149 8.165 7.057 5.993 5.149 4.397 3.634 2.897 2.338 1.936 1.649 1.448 1.321 1.290 1.318 1.399 1.516 1.640 1.742 1.822 1.881 1.927 1.958 1.971 1.964 1.918 1.833 1.737 1.663 1.602 1.535 1.437 1.296 1.116 0.910 0.700 0.514 0.372 0.280 0.222 0.182 0.153 0.132 0.117 0.105 0.095 0.085 0.074 0.066 0.063 0.065 0.070 0.094 0.172 0.358 0.625 0.813 0.925 0.978 0.968 0.888 0.738
17.054 17.183 17.187 17.058 16.767 16.344 15.874 15.416 14.984 14.582 14.193 13.805 13.536 13.285 12.839 12.115 11.151 10.064 8.902 7.673 6.445 5.253 4.163 3.297 2.661 2.168 1.794 1.548 1.426 1.410 1.447 1.536 1.664 1.771 1.830 1.872 1.903 1.919 1.908 1.857 1.747 1.590 1.434 1.312 1.210 1.099 0.953 0.753 0.532 0.361 0.252 0.183 0.137 0.108 0.090 0.079 0.072 0.068 0.066 0.064 0.061 0.056 0.049 0.044 0.044 0.045 0.050 0.070 0.129 0.271 0.522 0.725 0.829 0.885 0.895 0.855 0.760
20.399 20.759 20.791 20.577 20.142 19.577 19.004 18.484 17.993 17.518 17.062 16.753 16.547 16.304 15.881 15.157 14.154 13.022 11.829 10.521 9.058 7.523 6.051 4.798 3.806 3.009 2.381 1.944 1.687 1.558 1.495 1.483 1.563 1.679 1.754 1.779 1.768 1.716 1.614 1.447 1.200 0.954 0.760 0.617 0.526 0.446 0.354 0.252 0.169 0.117 0.086 0.067 0.054 0.045 0.040 0.039 0.040 0.041 0.042 0.042 0.041 0.038 0.034 0.033 0.033 0.033 0.037 0.051 0.092 0.192 0.403 0.646 0.781 0.842 0.859 0.842 0.775
22.795 23.382 23.512 23.351 22.939 22.400 21.869 21.395 20.922 20.426 20.069 19.798 19.574 19.325 18.901 18.168 17.122 15.908 14.626 13.285 11.833 10.218 8.479 6.816 5.401 4.237 3.309 2.612 2.119 1.785 1.585 1.477 1.435 1.494 1.542 1.530 1.442 1.274 1.044 0.771 0.525 0.361 0.264 0.205 0.172 0.142 0.109 0.078 0.056 0.042 0.034 0.028 0.025 0.022 0.022 0.023 0.025 0.027 0.029 0.029 0.029 0.027 0.026 0.025 0.025 0.026 0.028 0.037 0.062 0.125 0.273 0.531 0.739 0.826 0.848 0.843 0.792
23.728 24.515 24.901 24.997 24.878 24.649 24.382 24.095 23.733 23.349 22.951 22.615 22.340 22.045 21.605 20.905 19.914 18.701 17.344 15.891 14.341 12.641 10.730 8.730 6.955 5.459 4.250 3.313 2.612 2.100 1.732 1.476 1.348 1.328 1.312 1.205 0.971 0.699 0.472 0.306 0.195 0.129 0.092 0.073 0.061 0.050 0.039 0.030 0.024 0.020 0.017 0.015 0.014 0.014 0.014 0.015 0.017 0.019 0.021 0.021 0.021 0.020 0.020 0.019 0.020 0.020 0.022 0.027 0.042 0.079 0.168 0.374 0.655 0.799 0.838 0.842 0.806
23.661 24.585 25.185 25.526 25.751 25.901 25.937 25.863 25.734 25.490 25.026 24.560 24.248 23.949 23.531 22.921 22.097 21.017 19.654 18.056 16.310 14.550 12.654 10.497 8.291 6.421 4.936 3.807 2.959 2.326 1.861 1.528 1.338 1.224 1.063 0.764 0.467 0.283 0.180 0.115 0.076 0.052 0.039 0.032 0.027 0.023 0.018 0.015 0.013 0.012 0.010 0.009 0.009 0.009 0.010 0.010 0.012 0.014 0.015 0.015 0.015 0.015 0.015 0.015 0.016 0.017 0.018 0.021 0.030 0.053 0.107 0.241 0.520 0.742 0.811 0.830 0.807
22.866 23.994 24.869 25.456 25.901 26.230 26.380 26.466 26.490 26.334 25.867 25.282 24.959 24.739 24.381 23.837 23.180 22.327 21.166 19.657 17.892 15.977 13.873 11.477 8.957 6.840 5.201 3.983 3.081 2.411 1.918 1.565 1.308 1.044 0.669 0.335 0.177 0.108 0.070 0.049 0.036 0.026 0.021 0.017 0.015 0.013 0.011 0.009 0.008 0.007 0.007 0.006 0.006 0.006 0.007 0.007 0.008 0.009 0.010 0.011 0.011 0.011 0.012 0.012 0.013 0.014 0.016 0.018 0.024 0.038 0.074 0.163 0.378 0.645 0.757 0.794 0.788
21.556 22.881 24.050 24.970 25.656 26.059 26.300 26.383 26.469 26.444 26.145 25.487 25.053 24.865 24.627 24.177 23.580 22.834 21.773 20.286 18.437 16.390 14.168 11.661 9.033 6.842 5.169 3.943 3.042 2.370 1.856 1.442 1.045 0.626 0.280 0.123 0.067 0.043 0.030 0.025 0.019 0.015 0.013 0.011 0.009 0.008 0.007 0.006 0.005 0.005 0.004 0.004 0.004 0.004 0.004 0.004 0.005 0.006 0.007 0.007 0.008 0.008 0.009 0.010 0.010 0.012 0.013 0.015 0.020 0.030 0.055 0.117 0.265 0.516 0.671 0.738 0.753
20.171 21.635 22.931 24.066 24.970 25.569 25.821 25.855 25.849 25.813 25.527 24.896 24.421 24.212 23.963 23.500 22.910 22.227 21.266 19.862 18.038 15.956 13.677 11.137 8.560 6.429 4.788 3.569 2.667 1.981 1.426 0.935 0.505 0.222 0.093 0.046 0.028 0.020 0.016 0.014 0.012 0.010 0.008 0.007 0.006 0.005 0.004 0.004 0.003 0.003 0.002 0.002 0.002 0.002 0.002 0.002 0.003 0.003 0.004 0.005 0.005 0.006 0.006 0.007 0.008 0.009 0.011 0.014 0.017 0.025 0.044 0.088 0.190 0.386 0.567 0.662 0.701
18.676 20.207 21.602 22.782 23.713 24.315 24.570 24.592 24.443 24.162 23.857 23.479 23.048 22.562 22.029 21.471 20.892 20.292 19.476 18.197 16.438 14.360 12.085 9.648 7.341 5.434 3.881 2.627 1.687 1.037 0.603 0.322 0.153 0.068 0.034 0.021 0.015 0.011 0.010 0.009 0.008 0.006 0.005 0.005 0.004 0.003 0.003 0.002 0.002 0.001 0.001 0.001 0.001 0.001 0.001 0.001 0.001 0.002 0.002 0.003 0.003 0.004 0.004 0.005 0.006 0.008 0.010 0.012 0.015 0.022 0.036 0.069 0.142 0.284 0.458 0.570 0.632
16.995 18.520 19.850 20.970 21.879 22.520 22.908 23.031 22.828 22.291 22.064 22.026 21.719 20.912 20.067 19.428 18.808 18.096 17.129 15.736 13.885 11.715 9.426 7.282 5.449 3.857 2.419 1.292 0.618 0.296 0.155 0.085 0.046 0.026 0.016 0.011 0.009 0.007 0.007 0.006 0.005 0.004 0.003 0.003 0.002 0.002 0.001 0.001 0.001 0.000 0.000 0.000 0.000 0.000 0.000 0.000 0.000 0.001 0.001 0.001 0.002 0.002 0.003 0.004 0.005 0.006 0.008 0.011 0.014 0.019 0.031 0.057 0.111 0.214 0.361 0.471 0.551
14.964 16.322 17.605 18.815 19.928 20.884 21.596 21.888 21.745 21.229 21.023 20.991 20.606 19.581 18.673 18.013 17.308 16.343 14.970 13.151 10.932 8.336 5.921 4.246 3.020 1.941 1.014 0.423 0.161 0.073 0.043 0.028 0.019 0.013 0.009 0.007 0.006 0.005 0.004 0.004 0.003 0.002 0.002 0.001 0.001 0.001 0.000 0.000 0.000 0.000 0.000 0.000 0.000 0.000 0.000 0.000 0.000 0.000 0.000 0.000 0.001 0.001 0.002 0.003 0.004 0.005 0.007 0.010 0.013 0.017 0.027 0.048 0.090 0.168 0.285 0.391 0.472
12.616 13.818 15.160 16.625 18.058 19.350 20.346 20.817 20.768 20.376 20.079 19.788 19.143 18.037 17.159 16.448 15.622 14.393 12.595 10.254 7.361 4.461 2.516 1.569 1.020 0.589 0.263 0.098 0.042 0.025 0.018 0.014 0.010 0.008 0.006 0.005 0.004 0.003 0.003 0.002 0.001 0.001 0.001 0.000 0.000 0.000 0.000 0.000 0.000 0.000 0.000 0.000 0.000 0.000 0.000 0.000 0.000 0.000 0.000 0.000 0.000 0.000 0.001 0.002 0.003 0.004 0.006 0.009 0.012 0.016 0.025 0.041 0.075 0.137 0.229 0.328 0.412
10.474 11.635 12.958 14.487 16.028 17.443 18.575 19.160 19.227 18.886 18.230 17.401 16.429 15.447 14.663 13.854 12.797 11.221 8.836 5.894 3.195 1.427 0.592 0.309 0.185 0.103 0.051 0.026 0.017 0.012 0.010 0.008 0.006 0.005 0.004 0.003 0.002 0.002 0.001 0.001 0.001 0.000 0.000 0.000 0.000 0.000 0.000 0.000 0.000 0.000 0.000 0.000 0.000 0.000 0.000 0.000 0.000 0.000 0.000 0.000 0.000 0.000 0.000 0.001 0.002 0.003 0.005 0.008 0.012 0.016 0.024 0.038 0.066 0.115 0.189 0.276 0.356
8.686 9.824 11.021 12.230 13.398 14.499 15.464 16.049 16.180 15.889 15.066 13.888 12.707 11.737 10.817 9.720 8.189 6.091 3.733 1.776 0.681 0.221 0.083 0.053 0.037 0.025 0.017 0.012 0.010 0.008 0.006 0.005 0.004 0.003 0.002 0.002 0.001 0.001 0.000 0.000 0.000 0.000 0.000 0.000 0.000 0.000 0.000 0.000 0.000 0.000 0.000 0.000 0.000 0.000 0.000 0.000 0.000 0.000 0.000 0.000 0.000 0.000 0.000 0.000 0.001 0.003 0.005 0.007 0.011 0.016 0.023 0.036 0.059 0.099 0.158 0.230 0.303
7.407 8.340 9.023 9.483 9.834 10.238 10.824 11.368 11.586 11.469 10.809 9.626 8.120 6.660 5.401 4.271 3.072 1.760 0.764 0.254 0.081 0.036 0.023 0.019 0.015 0.012 0.010 0.008 0.006 0.005 0.004 0.003 0.002 0.002 0.001 0.001 0.000 0.000 0.000 0.000 0.000 0.000 0.000 0.000 0.000 0.000 0.000 0.000 0.000 0.000 0.000 0.000 0.000 0.000 0.000 0.000 0.000 0.000 0.000 0.000 0.000 0.000 0.000 0.000 0.001 0.002 0.004 0.007 0.010 0.015 0.022 0.033 0.052 0.084 0.132 0.191 0.256
5.497 5.795 5.779 5.514 5.205 5.103 5.262 5.547 5.696 5.678 5.349 4.571 3.401 2.260 1.501 0.990 0.574 0.253 0.092 0.036 0.020 0.015 0.013 0.011 0.009 0.008 0.006 0.005 0.004 0.003 0.002 0.002 0.001 0.001 0.000 0.000 0.000 0.000 0.000 0.000 0.000 0.000 0.000 0.000 0.000 0.000 0.000 0.000 0.000 0.000 0.000 0.000 0.000 0.000 0.000 0.000 0.000 0.000 0.000 0.000 0.000 0.000 0.000 0.000 0.000 0.002 0.003 0.006 0.010 0.014 0.021 0.030 0.045 0.069 0.108 0.160 0.217
2.572 2.486 2.342 2.130 1.867 1.702 1.654 1.684 1.695 1.666 1.533 1.232 0.773 0.400 0.223 0.136 0.078 0.039 0.021 0.014 0.011 0.009 0.008 0.007 0.006 0.005 0.004 0.003 0.002 0.002 0.001 0.001 0.000 0.000 0.000 0.000 0.000 0.000 0.000 0.000 0.000 0.000 0.000 0.000 0.000 0.000 0.000 0.000 0.000 0.000 0.000 0.000 0.000 0.000 0.000 0.000 0.000 0.000 0.000 0.000 0.000 0.000 0.000 0.000 0.000 0.001 0.003 0.005 0.008 0.013 0.019 0.026 0.038 0.056 0.089 0.136 0.190
0.779 0.719 0.649 0.573 0.474 0.388 0.343 0.317 0.299 0.279 0.247 0.193 0.113 0.062 0.040 0.029 0.021 0.015 0.011 0.009 0.007 0.006 0.006 0.005 0.004 0.003 0.002 0.002 0.001 0.001 0.000 0.000 0.000 0.000 0.000 0.000 0.000 0.000 0.000 0.000 0.000 0.000 0.000 0.000 0.000 0.000 0.000 0.000 0.000 0.000 0.000 0.000 0.000 0.000 0.000 0.000 0.000 0.000 0.000 0.000 0.000 0.000 0.000 0.000 0.000 0.001 0.002 0.004 0.007 0.011 0.016 0.022 0.032 0.049 0.078 0.121 0.175
0.184 0.175 0.159 0.142 0.120 0.094 0.079 0.069 0.062 0.056 0.049 0.040 0.028 0.020 0.016 0.013 0.011 0.009 0.007 0.006 0.005 0.004 0.003 0.003 0.002 0.001 0.001 0.001 0.000 0.000 0.000 0.000 0.000 0.000 0.000 0.000 0.000 0.000 0.000 0.000 0.000 0.000 0.000 0.000 0.000 0.000 0.000 0.000 0.000 0.000 0.000 0.000 0.000 0.000 0.000 0.000 0.000 0.000 0.000 0.000 0.000 0.000 0.000 0.000 0.000 0.000 0.001 0.003 0.005 0.008 0.013 0.018 0.027 0.042 0.070 0.116 0.180
0.051 0.050 0.047 0.043 0.038 0.032 0.027 0.024 0.022 0.020 0.018 0.016 0.014 0.011 0.010 0.008 0.007 0.006 0.005 0.004 0.003 0.002 0.002 0.001 0.001 0.001 0.000 0.000 0.000 0.000 0.000 0.000 0.000 0.000 0.000 0.000 0.000 0.000 0.000 0.000 0.000 0.000 0.000 0.000 0.000 0.000 0.000 0.000 0.000 0.000 0.000 0.000 0.000 0.000 0.000 0.000 0.000 0.000 0.000 0.000 0.000 0.000 0.000 0.000 0.000 0.000 0.001 0.002 0.003 0.006 0.009 0.013 0.020 0.030 0.050 0.091 0.156
0.021 0.021 0.020 0.019 0.017 0.015 0.014 0.013 0.012 0.011 0.010 0.009 0.009 0.007 0.006 0.006 0.005 0.004 0.003 0.002 0.002 0.001 0.001 0.000 0.000 0.000 0.000 0.000 0.000 0.000 0.000 0.000 0.000 0.000 0.000 0.000 0.000 0.000 0.000 0.000 0.000 0.000 0.000 0.000 0.000 0.000 0.000 0.000 0.000 0.000 0.000 0.000 0.000 0.000 0.000 0.000 0.000 0.000 0.000 0.000 0.000 0.000 0.000 0.000 0.000 0.000 0.000 0.001 0.002 0.004 0.006 0.009 0.013 0.019 0.029 0.051 0.098
0.011 0.011 0.011 0.010 0.010 0.009 0.008 0.007 0.007 0.007 0.006 0.006 0.005 0.005 0.004 0.003 0.003 0.002 0.001 0.001 0.001 0.000 0.000 0.000 0.000 0.000 0.000 0.000 0.000 0.000 0.000 0.000 0.000 0.000 0.000 0.000 0.000 0.000 0.000 0.000 0.000 0.000 0.000 0.000 0.000 0.000 0.000 0.000 0.000 0.000 0.000 0.000 0.000 0.000 0.000 0.000 0.000 0.000 0.000 0.000 0.000 0.000 0.000 0.000 0.000 0.000 0.000 0.000 0.001 0.002 0.004 0.006 0.009 0.013 0.018 0.027 0.049
0.006 0.006 0.006 0.006 0.005 0.005 0.004 0.004 0.004 0.004 0.004 0.003 0.003 0.003 0.002 0.002 0.001 0.001 0.001 0.000 0.000 0.000 0.000 0.000 0.000 0.000 0.000 0.000 0.000 0.000 0.000 0.000 0.000 0.000 0.000 0.000 0.000 0.000 0.000 0.000 0.000 0.000 0.000 0.000 0.000 0.000 0.000 0.000 0.000 0.000 0.000 0.000 0.000 0.000 0.000 0.000 0.000 0.000 0.000 0.000 0.000 0.000 0.000 0.000 0.000 0.000 0.000 0.000 0.000 0.001 0.002 0.004 0.006 0.008 0.011 0.016 0.023
0.004 0.003 0.003 0.003 0.003 0.002 0.002 0.002 0.002 0.002 0.002 0.002 0.002 0.001 0.001 0.001 0.000 0.000 0.000 0.000 0.000 0.000 0.000 0.000 0.000 0.000 0.000 0.000 0.000 0.000 0.000 0.000 0.000 0.000 0.000 0.000 0.000 0.000 0.000 0.000 0.000 0.000 0.000 0.000 0.000 0.000 0.000 0.000 0.000 0.000 0.000 0.000 0.000 0.000 0.000 0.000 0.000 0.000 0.000 0.000 0.000 0.000 0.000 0.000 0.000 0.000 0.000 0.000 0.000 0.000 0.001 0.002 0.003 0.005 0.007 0.010 0.013
0.002 0.002 0.002 0.001 0.001 0.001 0.001 0.001 0.001 0.001 0.001 0.001 0.000 0.000 0.000 0.000 0.000 0.000 0.000 0.000 0.000 0.000 0.000 0.000 0.000 0.000 0.000 0.000 0.000 0.000 0.000 0.000 0.000 0.000 0.000 0.000 0.000 0.000 0.000 0.000 0.000 0.000 0.000 0.000 0.000 0.000 0.000 0.000 0.000 0.000 0.000 0.000 0.000 0.000 0.000 0.000 0.000 0.000 0.000 0.000 0.000 0.000 0.000 0.000 0.000 0.000 0.000 0.000 0.000 0.000 0.000 0.001 0.002 0.003 0.005 0.007 0.009
0.001 0.001 0.000 0.000 0.000 0.000 0.000 0.000 0.000 0.000 0.000 0.000 0.000 0.000 0.000 0.000 0.000 0.000 0.000 0.000 0.000 0.000 0.000 0.000 0.000 0.000 0.000 0.000 0.000 0.000 0.000 0.000 0.000 0.000 0.000 0.000 0.000 0.000 0.000 0.000 0.000 0.000 0.000 0.000 0.000 0.000 0.000 0.000 0.000 0.000 0.000 0.000 0.000 0.000 0.000 0.000 0.000 0.000 0.000 0.000 0.000 0.000 0.000 0.000 0.000 0.000 0.000 0.000 0.000 0.000 0.000 0.000 0.001 0.002 0.003 0.004 0.005
0.000 0.000 0.000 0.000 0.000 0.000 0.000 0.000 0.000 0.000 0.000 0.000 0.000 0.000 0.000 0.000 0.000 0.000 0.000 0.000 0.000 0.000 0.000 0.000 0.000 0.000 0.000 0.000 0.000 0.000 0.000 0.000 0.000 0.000 0.000 0.000 0.000 0.000 0.000 0.000 0.000 0.000 0.000 0.000 0.000 0.000 0.000 0.000 0.000 0.000 0.000 0.000 0.000 0.000 0.000 0.000 0.000 0.000 0.000 0.000 0.000 0.000 0.000 0.000 0.000 0.000 0.000 0.000 0.000 0.000 0.000 0.000 0.000 0.001 0.001 0.002 0.003
0.000 0.000 0.000 0.000 0.000 0.000 0.000 0.000 0.000 0.000 0.000 0.000 0.000 0.000 0.000 0.000 0.000 0.000 0.000 0.000 0.000 0.000 0.000 0.000 0.000 0.000 0.000 0.000 0.000 0.000 0.000 0.000 0.000 0.000 0.000 0.000 0.000 0.000 0.000 0.000 0.000 0.000 0.000 0.000 0.000 0.000 0.000 0.000 0.000 0.000 0.000 0.000 0.000 0.000 0.000 0.000 0.000 0.000 0.000 0.000 0.000 0.000 0.000 0.000 0.000 0.000 0.000 0.000 0.000 0.000 0.000 0.000 0.000 0.000 0.000 0.001 0.002
0.000 0.000 0.000 0.000 0.000 0.000 0.000 0.000 0.000 0.000 0.000 0.000 0.000 0.000 0.000 0.000 0.000 0.000 0.000 0.000 0.000 0.000 0.000 0.000 0.000 0.000 0.000 0.000 0.000 0.000 0.000 0.000 0.000 0.000 0.000 0.000 0.000 0.000 0.000 0.000 0.000 0.000 0.000 0.000 0.000 0.000 0.000 0.000 0.000 0.000 0.000 0.000 0.000 0.000 0.000 0.000 0.000 0.000 0.000 0.000 0.000 0.000 0.000 0.000 0.000 0.000 0.000 0.000 0.000 0.000 0.000 0.000 0.000 0.000 0.000 0.000 0.001
0.000 0.000 0.000 0.000 0.000 0.000 0.000 0.000 0.000 0.000 0.000 0.000 0.000 0.000 0.000 0.000 0.000 0.000 0.000 0.000 0.000 0.000 0.000 0.000 0.000 0.000 0.000 0.000 0.000 0.000 0.000 0.000 0.000 0.000 0.000 0.000 0.000 0.000 0.000 0.000 0.000 0.000 0.000 0.000 0.000 0.000 0.000 0.000 0.000 0.000 0.000 0.000 0.000 0.000 0.000 0.000 0.000 0.000 0.000 0.000 0.000 0.000 0.000 0.000 0.000 0.000 0.000 0.000 0.000 0.000 0.000 0.000 0.000 0.000 0.000 0.000 0.000
0.000 0.000 0.000 0.000 0.000 0.000 0.000 0.000 0.000 0.000 0.000 0.000 0.000 0.000 0.000 0.000 0.000 0.000 0.000 0.000 0.000 0.000 0.000 0.000 0.000 0.000 0.000 0.000 0.000 0.000 0.000 0.000 0.000 0.000 0.000 0.000 0.000 0.000 0.000 0.000 0.000 0.000 0.000 0.000 0.000 0.000 0.000 0.000 0.000 0.000 0.000 0.000 0.000 0.000 0.000 0.000 0.000 0.000 0.000 0.000 0.000 0.000 0.000 0.000 0.000 0.000 0.000 0.000 0.000 0.000 0.000 0.000 0.000 0.000 0.000 0.000 0.000
0.000 0.000 0.000 0.000 0.000 0.000 0.000 0.000 0.000 0.000 0.000 0.000 0.000 0.000 0.000 0.000 0.000 0.000 0.000 0.000 0.000 0.000 0.000 0.000 0.000 0.000 0.000 0.000 0.000 0.000 0.000 0.000 0.000 0.000 0.000 0.000 0.000 0.000 0.000 0.000 0.000 0.000 0.000 0.000 0.000 0.000 0.000 0.000 0.000 0.000 0.000 0.000 0.000 0.000 0.000 0.000 0.000 0.000 0.000 0.000 0.000 0.000 0.000 0.000 0.000 0.000 0.000 0.000 0.000 0.000 0.000 0.000 0.000 0.000 0.000 0.000 0.000
0.000 0.000 0.000 0.000 0.000 0.000 0.000 0.000 0.000 0.000 0.000 0.000 0.000 0.000 0.000 0.000 0.000 0.000 0.000 0.000 0.000 0.000 0.000 0.000 0.000 0.000 0.000 0.000 0.000 0.000 0.000 0.000 0.000 0.000 0.000 0.000 0.000 0.000 0.000 0.000 0.000 0.000 0.000 0.000 0.000 0.000 0.000 0.000 0.000 0.000 0.000 0.000 0.000 0.000 0.000 0.000 0.000 0.000 0.000 0.000 0.000 0.000 0.000 0.000 0.000 0.000 0.000 0.000 0.000 0.000 0.000 0.000 0.000 0.000 0.000 0.000 0.000
