RESULTS/r.avaflow_results/32_results/32_ascii/32_hflow0024.asc
ncols 506
nrows 317
xllcenter 498237.50
yllcenter 5580050.00
cellsize 12.50
NODATA_value -9999.000
[rows 170 to 203 of 317, columns 77 to 153 of 506]
0.000 0.000 0.000 0.000 0.000 0.000 0.000 0.000 0.000 0.000 0.000 0.000 0.000 0.000 0.000 0.000 0.000 0.000 0.000 0.000 0.000 0.000 0.001 0.003 0.010 0.017 0.021 0.022 0.022 0.022 0.022 0.022 0.021 0.020 0.020 0.023 0.034 0.058 0.079 0.086 0.085 0.075 0.059 0.053 0.054 0.062 0.077 0.102 0.149 0.254 0.465 0.872 1.665 2.720 3.488 3.887 4.253 4.865 5.847 7.197 8.986 11.140 13.086 14.459 15.200 15.419 15.381 15.246 14.990 14.443 13.496 12.346 11.332 10.599 10.098 9.740 9.483
0.000 0.000 0.000 0.000 0.000 0.000 0.000 0.000 0.000 0.000 0.000 0.000 0.000 0.000 0.000 0.000 0.000 0.000 0.000 0.001 0.001 0.002 0.005 0.012 0.023 0.031 0.034 0.036 0.036 0.036 0.036 0.036 0.034 0.033 0.033 0.040 0.060 0.098 0.127 0.135 0.132 0.119 0.102 0.097 0.107 0.145 0.216 0.328 0.527 0.867 1.385 2.177 3.139 3.886 4.292 4.572 4.952 5.591 6.603 8.056 9.988 12.162 13.877 15.018 15.560 15.658 15.507 15.215 14.840 14.284 13.540 12.903 12.544 12.408 12.364 12.364 12.458
0.000 0.000 0.000 0.000 0.000 0.000 0.000 0.000 0.000 0.000 0.000 0.000 0.000 0.000 0.000 0.000 0.000 0.001 0.001 0.003 0.004 0.008 0.016 0.029 0.043 0.050 0.054 0.056 0.057 0.057 0.057 0.056 0.055 0.053 0.054 0.065 0.095 0.148 0.189 0.204 0.205 0.195 0.185 0.194 0.254 0.400 0.624 0.937 1.413 2.107 2.911 3.674 4.226 4.534 4.741 5.004 5.417 6.062 7.055 8.512 10.473 12.566 14.114 15.119 15.570 15.625 15.466 15.211 14.932 14.616 14.337 14.290 14.332 14.366 14.431 14.735 15.390
0.000 0.000 0.000 0.000 0.000 0.000 0.000 0.000 0.000 0.000 0.000 0.000 0.000 0.000 0.000 0.000 0.001 0.002 0.005 0.008 0.012 0.021 0.036 0.055 0.068 0.076 0.081 0.084 0.085 0.086 0.086 0.086 0.084 0.083 0.085 0.099 0.137 0.202 0.265 0.303 0.325 0.340 0.359 0.435 0.643 1.004 1.474 2.060 2.820 3.623 4.281 4.701 4.903 5.013 5.113 5.331 5.731 6.354 7.314 8.726 10.628 12.623 14.058 14.975 15.387 15.499 15.485 15.463 15.547 15.672 15.725 15.710 15.663 15.655 15.839 16.492 17.702
0.000 0.000 0.000 0.000 0.000 0.000 0.000 0.000 0.000 0.000 0.000 0.000 0.000 0.000 0.000 0.001 0.003 0.006 0.010 0.016 0.026 0.042 0.065 0.087 0.102 0.112 0.119 0.123 0.126 0.127 0.127 0.126 0.125 0.123 0.126 0.141 0.184 0.261 0.358 0.446 0.524 0.600 0.712 0.963 1.422 2.052 2.759 3.473 4.151 4.713 5.114 5.313 5.402 5.444 5.437 5.565 5.918 6.501 7.404 8.727 10.481 12.316 13.651 14.552 15.106 15.502 15.820 16.113 16.379 16.537 16.529 16.419 16.339 16.454 16.912 17.824 19.198
0.000 0.000 0.000 0.000 0.000 0.000 0.000 0.000 0.000 0.000 0.000 0.000 0.000 0.000 0.001 0.003 0.006 0.011 0.018 0.029 0.046 0.070 0.101 0.128 0.148 0.162 0.171 0.178 0.181 0.182 0.182 0.181 0.179 0.177 0.178 0.193 0.240 0.334 0.477 0.643 0.816 1.011 1.322 1.876 2.657 3.464 4.115 4.621 5.073 5.418 5.632 5.741 5.818 5.814 5.733 5.725 5.969 6.485 7.304 8.485 10.013 11.637 12.934 13.959 14.812 15.536 16.045 16.375 16.607 16.705 16.646 16.524 16.464 16.714 17.394 18.410 19.661
0.000 0.000 0.000 0.000 0.000 0.000 0.000 0.000 0.000 0.000 0.000 0.000 0.000 0.000 0.002 0.005 0.010 0.019 0.031 0.048 0.073 0.108 0.150 0.184 0.211 0.230 0.243 0.251 0.255 0.257 0.257 0.256 0.251 0.245 0.242 0.252 0.303 0.420 0.614 0.876 1.189 1.585 2.213 3.197 4.173 4.846 5.217 5.475 5.728 5.923 6.040 6.107 6.145 6.110 5.989 5.852 5.938 6.332 7.037 8.050 9.344 10.770 12.100 13.322 14.431 15.314 15.831 16.078 16.211 16.212 16.080 15.919 15.880 16.233 17.041 18.118 19.310
0.000 0.000 0.000 0.000 0.000 0.000 0.000 0.000 0.000 0.000 0.000 0.000 0.000 0.000 0.002 0.006 0.014 0.027 0.046 0.074 0.111 0.162 0.218 0.264 0.298 0.322 0.339 0.349 0.355 0.357 0.357 0.353 0.345 0.329 0.315 0.317 0.358 0.478 0.709 1.065 1.546 2.203 3.208 4.532 5.476 5.940 6.071 6.138 6.219 6.308 6.366 6.400 6.389 6.316 6.181 5.987 5.942 6.185 6.718 7.515 8.592 9.860 11.217 12.559 13.686 14.460 14.835 14.950 14.931 14.797 14.544 14.295 14.232 14.594 15.516 16.789 18.149
0.000 0.000 0.000 0.000 0.000 0.000 0.000 0.000 0.000 0.000 0.000 0.000 0.000 0.000 0.002 0.007 0.016 0.032 0.059 0.104 0.164 0.240 0.316 0.376 0.420 0.449 0.468 0.480 0.485 0.486 0.486 0.480 0.465 0.435 0.397 0.384 0.405 0.503 0.746 1.190 1.834 2.700 4.002 5.533 6.431 6.736 6.718 6.634 6.577 6.583 6.594 6.591 6.542 6.444 6.309 6.108 5.993 6.100 6.436 7.002 7.803 8.849 10.100 11.381 12.329 12.893 13.104 13.082 12.910 12.605 12.196 11.927 11.948 12.482 13.582 15.033 16.631
0.000 0.000 0.000 0.000 0.000 0.000 0.000 0.000 0.000 0.000 0.000 0.000 0.000 0.000 0.002 0.007 0.016 0.032 0.063 0.124 0.224 0.352 0.452 0.529 0.584 0.620 0.640 0.650 0.655 0.656 0.652 0.642 0.619 0.567 0.493 0.450 0.449 0.516 0.742 1.247 2.047 3.081 4.532 6.200 7.066 7.244 7.150 6.948 6.810 6.757 6.724 6.680 6.609 6.517 6.392 6.197 6.020 6.018 6.184 6.521 7.004 7.692 8.602 9.649 10.399 10.806 10.902 10.773 10.511 10.167 9.835 9.747 10.066 10.901 12.137 13.601 15.213
0.000 0.000 0.000 0.000 0.000 0.000 0.000 0.000 0.000 0.000 0.000 0.000 0.000 0.000 0.002 0.006 0.014 0.029 0.059 0.123 0.252 0.464 0.640 0.735 0.800 0.841 0.863 0.872 0.874 0.874 0.868 0.851 0.812 0.733 0.615 0.521 0.494 0.531 0.725 1.250 2.170 3.360 4.839 6.530 7.423 7.546 7.374 7.090 6.926 6.824 6.748 6.688 6.628 6.551 6.431 6.241 6.020 5.916 5.935 6.075 6.291 6.628 7.101 7.736 8.244 8.538 8.612 8.524 8.347 8.139 7.987 8.065 8.594 9.570 10.822 12.211 13.722
0.000 0.000 0.000 0.000 0.000 0.000 0.000 0.000 0.000 0.000 0.000 0.000 0.000 0.000 0.001 0.003 0.008 0.018 0.041 0.097 0.230 0.499 0.832 1.002 1.078 1.125 1.149 1.156 1.157 1.154 1.144 1.113 1.051 0.943 0.781 0.623 0.554 0.563 0.719 1.240 2.235 3.564 5.049 6.588 7.522 7.677 7.459 7.145 6.963 6.840 6.746 6.677 6.615 6.540 6.427 6.245 5.999 5.796 5.692 5.662 5.675 5.723 5.872 6.146 6.394 6.551 6.605 6.577 6.513 6.470 6.500 6.746 7.353 8.296 9.443 10.676 11.971
0.000 0.000 0.000 0.000 0.000 0.000 0.000 0.000 0.000 0.000 0.000 0.000 0.000 0.000 0.000 0.001 0.002 0.005 0.014 0.045 0.154 0.441 0.938 1.291 1.421 1.478 1.506 1.514 1.515 1.509 1.487 1.438 1.350 1.215 1.013 0.794 0.667 0.645 0.758 1.251 2.285 3.737 5.204 6.518 7.449 7.672 7.486 7.157 6.942 6.807 6.701 6.641 6.582 6.509 6.400 6.215 5.949 5.667 5.446 5.271 5.102 4.940 4.894 4.924 4.960 4.985 4.991 4.982 4.985 5.033 5.185 5.547 6.165 6.984 7.916 8.907 9.959
0.000 0.000 0.000 0.000 0.000 0.000 0.000 0.000 0.000 0.000 0.000 0.000 0.000 0.000 0.000 0.000 0.001 0.001 0.003 0.012 0.069 0.314 0.904 1.525 1.807 1.913 1.948 1.956 1.955 1.941 1.904 1.836 1.725 1.563 1.339 1.079 0.891 0.827 0.894 1.324 2.334 3.862 5.288 6.363 7.179 7.497 7.419 7.149 6.893 6.720 6.597 6.530 6.484 6.429 6.332 6.154 5.884 5.545 5.210 4.890 4.562 4.296 4.159 4.058 3.969 3.889 3.819 3.769 3.758 3.800 3.948 4.317 4.901 5.579 6.311 7.150 8.133
0.000 0.000 0.000 0.000 0.000 0.000 0.000 0.000 0.000 0.000 0.000 0.000 0.000 0.000 0.000 0.000 0.000 0.001 0.001 0.004 0.028 0.192 0.765 1.631 2.130 2.355 2.457 2.478 2.471 2.453 2.403 2.316 2.188 2.011 1.779 1.503 1.286 1.177 1.199 1.526 2.426 3.917 5.284 6.122 6.713 7.083 7.171 7.049 6.809 6.573 6.382 6.279 6.271 6.279 6.229 6.062 5.790 5.424 5.006 4.553 4.117 3.795 3.596 3.425 3.268 3.117 2.972 2.856 2.788 2.773 2.816 2.994 3.381 3.939 4.631 5.489 6.490
0.000 0.000 0.000 0.000 0.000 0.000 0.000 0.000 0.000 0.000 0.000 0.000 0.000 0.000 0.000 0.000 0.000 0.001 0.001 0.003 0.014 0.104 0.559 1.514 2.293 2.681 2.897 3.018 3.054 3.040 2.996 2.901 2.765 2.587 2.359 2.105 1.901 1.780 1.767 1.984 2.662 3.901 5.128 5.820 6.241 6.569 6.748 6.755 6.612 6.352 6.029 5.801 5.756 5.814 5.882 5.816 5.619 5.265 4.811 4.285 3.777 3.401 3.144 2.920 2.717 2.520 2.325 2.156 2.034 1.953 1.877 1.838 1.936 2.267 2.881 3.783 4.779
0.000 0.000 0.000 0.000 0.000 0.000 0.000 0.000 0.000 0.000 0.000 0.000 0.000 0.000 0.000 0.000 0.001 0.001 0.002 0.004 0.011 0.056 0.344 1.198 2.262 2.869 3.217 3.452 3.592 3.637 3.625 3.567 3.454 3.295 3.097 2.896 2.754 2.678 2.659 2.757 3.142 3.947 4.900 5.505 5.850 6.084 6.219 6.274 6.210 5.981 5.548 5.077 4.875 4.912 5.113 5.284 5.260 5.018 4.589 4.045 3.494 3.079 2.770 2.500 2.256 2.024 1.809 1.624 1.472 1.342 1.187 1.022 0.957 1.058 1.414 2.026 2.588
0.000 0.000 0.000 0.000 0.000 0.000 0.000 0.000 0.000 0.000 0.000 0.000 0.000 0.000 0.000 0.001 0.001 0.003 0.005 0.009 0.016 0.041 0.190 0.809 2.001 2.925 3.407 3.748 3.996 4.136 4.175 4.155 4.093 3.997 3.866 3.718 3.613 3.566 3.564 3.607 3.780 4.180 4.782 5.263 5.519 5.654 5.705 5.720 5.666 5.461 5.028 4.399 3.959 3.848 4.020 4.383 4.607 4.553 4.243 3.761 3.221 2.792 2.459 2.152 1.863 1.602 1.379 1.201 1.051 0.902 0.720 0.525 0.416 0.397 0.500 0.741 0.872
0.000 0.000 0.000 0.000 0.000 0.000 0.000 0.000 0.000 0.000 0.000 0.000 0.000 0.000 0.001 0.002 0.004 0.007 0.013 0.021 0.031 0.050 0.124 0.488 1.518 2.777 3.474 3.917 4.268 4.498 4.610 4.634 4.612 4.563 4.482 4.366 4.256 4.190 4.167 4.183 4.259 4.441 4.757 5.070 5.222 5.281 5.282 5.253 5.147 4.943 4.554 3.950 3.386 3.090 3.073 3.298 3.638 3.782 3.673 3.358 2.923 2.511 2.177 1.848 1.520 1.236 1.013 0.846 0.709 0.566 0.398 0.247 0.167 0.140 0.143 0.184 0.191
0.000 0.000 0.000 0.000 0.000 0.000 0.000 0.000 0.000 0.000 0.000 0.000 0.000 0.001 0.002 0.005 0.010 0.019 0.032 0.046 0.060 0.076 0.121 0.324 1.051 2.387 3.395 3.970 4.417 4.744 4.933 5.004 5.014 4.996 4.940 4.839 4.710 4.595 4.527 4.503 4.505 4.550 4.681 4.872 4.954 4.965 4.928 4.855 4.708 4.486 4.133 3.603 3.042 2.644 2.462 2.461 2.613 2.760 2.816 2.731 2.481 2.136 1.788 1.453 1.127 0.857 0.662 0.522 0.409 0.299 0.186 0.104 0.067 0.054 0.051 0.053 0.052
0.000 0.000 0.000 0.000 0.000 0.000 0.000 0.000 0.000 0.000 0.000 0.000 0.000 0.001 0.004 0.012 0.025 0.044 0.069 0.092 0.110 0.124 0.153 0.283 0.793 1.933 3.130 3.887 4.429 4.840 5.115 5.255 5.297 5.296 5.254 5.149 4.994 4.848 4.735 4.658 4.602 4.580 4.608 4.677 4.700 4.667 4.608 4.487 4.322 4.074 3.743 3.290 2.780 2.380 2.110 1.957 1.885 1.858 1.821 1.777 1.674 1.448 1.119 0.825 0.594 0.422 0.304 0.226 0.169 0.120 0.073 0.043 0.030 0.026 0.025 0.025 0.024
0.000 0.000 0.000 0.000 0.000 0.000 0.000 0.000 0.000 0.000 0.000 0.000 0.001 0.003 0.011 0.027 0.055 0.090 0.130 0.165 0.190 0.209 0.232 0.327 0.708 1.585 2.734 3.645 4.349 4.864 5.223 5.414 5.473 5.471 5.431 5.315 5.138 4.964 4.827 4.703 4.617 4.543 4.495 4.468 4.439 4.370 4.281 4.130 3.941 3.691 3.377 2.984 2.528 2.147 1.859 1.631 1.439 1.271 1.122 0.983 0.843 0.672 0.462 0.296 0.193 0.131 0.094 0.070 0.054 0.041 0.029 0.021 0.017 0.016 0.015 0.015 0.015
0.000 0.000 0.000 0.000 0.000 0.000 0.000 0.000 0.000 0.000 0.000 0.000 0.002 0.007 0.022 0.055 0.101 0.155 0.215 0.271 0.315 0.349 0.381 0.461 0.760 1.431 2.393 3.329 4.145 4.775 5.217 5.461 5.535 5.534 5.482 5.358 5.198 5.013 4.855 4.705 4.573 4.417 4.296 4.218 4.144 4.054 3.924 3.757 3.553 3.316 3.020 2.669 2.259 1.898 1.604 1.355 1.129 0.913 0.714 0.538 0.387 0.257 0.155 0.089 0.055 0.038 0.029 0.024 0.020 0.017 0.015 0.012 0.011 0.010 0.010 0.010 0.010
0.000 0.000 0.000 0.000 0.000 0.000 0.000 0.000 0.000 0.000 0.000 0.001 0.002 0.009 0.031 0.080 0.154 0.235 0.323 0.415 0.494 0.561 0.625 0.713 0.944 1.460 2.235 3.102 3.915 4.601 5.113 5.410 5.538 5.540 5.474 5.347 5.203 5.025 4.842 4.655 4.456 4.215 4.029 3.913 3.808 3.689 3.536 3.359 3.161 2.934 2.656 2.338 1.965 1.617 1.325 1.078 0.852 0.636 0.440 0.282 0.167 0.092 0.049 0.028 0.018 0.013 0.012 0.011 0.010 0.009 0.008 0.008 0.007 0.007 0.006 0.006 0.006
0.000 0.000 0.000 0.000 0.000 0.000 0.000 0.000 0.000 0.000 0.000 0.000 0.002 0.010 0.033 0.091 0.190 0.313 0.451 0.598 0.730 0.849 0.965 1.092 1.290 1.661 2.262 3.030 3.764 4.404 4.923 5.258 5.427 5.440 5.397 5.278 5.137 4.973 4.771 4.540 4.254 3.928 3.680 3.520 3.392 3.244 3.088 2.918 2.737 2.524 2.275 1.986 1.648 1.303 1.010 0.767 0.554 0.368 0.221 0.120 0.060 0.029 0.015 0.009 0.007 0.006 0.006 0.006 0.005 0.005 0.005 0.005 0.004 0.004 0.004 0.004 0.003
0.000 0.000 0.000 0.000 0.000 0.000 0.000 0.000 0.000 0.000 0.000 0.000 0.002 0.009 0.031 0.090 0.207 0.383 0.596 0.826 1.034 1.220 1.396 1.573 1.775 2.058 2.489 3.093 3.723 4.251 4.682 4.993 5.165 5.204 5.179 5.090 4.958 4.798 4.566 4.296 3.948 3.562 3.251 3.027 2.853 2.704 2.563 2.414 2.261 2.079 1.867 1.611 1.299 0.964 0.675 0.448 0.277 0.155 0.077 0.035 0.017 0.008 0.005 0.003 0.003 0.002 0.003 0.003 0.003 0.003 0.003 0.002 0.002 0.002 0.002 0.002 0.002
0.000 0.000 0.000 0.000 0.000 0.000 0.000 0.000 0.000 0.000 0.000 0.000 0.001 0.006 0.024 0.078 0.210 0.446 0.764 1.105 1.413 1.680 1.915 2.133 2.349 2.587 2.890 3.305 3.776 4.165 4.462 4.674 4.796 4.833 4.812 4.745 4.631 4.481 4.242 3.942 3.539 3.083 2.701 2.417 2.209 2.070 1.963 1.857 1.743 1.603 1.428 1.205 0.919 0.615 0.376 0.211 0.105 0.045 0.018 0.008 0.004 0.002 0.001 0.001 0.001 0.001 0.001 0.001 0.001 0.001 0.001 0.001 0.001 0.001 0.001 0.001 0.001
0.000 0.000 0.000 0.000 0.000 0.000 0.000 0.000 0.000 0.000 0.000 0.000 0.001 0.003 0.016 0.063 0.207 0.507 0.954 1.450 1.881 2.236 2.529 2.775 2.986 3.178 3.378 3.626 3.882 4.072 4.208 4.304 4.356 4.371 4.342 4.267 4.151 4.006 3.768 3.468 3.060 2.573 2.157 1.843 1.612 1.451 1.332 1.232 1.131 1.008 0.860 0.682 0.470 0.280 0.150 0.071 0.029 0.011 0.004 0.002 0.001 0.001 0.000 0.000 0.000 0.000 0.000 0.000 0.000 0.000 0.000 0.000 0.000 0.000 0.000 0.000 0.000
0.000 0.000 0.000 0.000 0.000 0.000 0.000 0.000 0.000 0.000 0.000 0.000 0.001 0.002 0.011 0.053 0.206 0.558 1.114 1.795 2.432 2.901 3.242 3.501 3.690 3.824 3.933 4.023 4.057 4.011 3.954 3.916 3.872 3.824 3.755 3.660 3.542 3.391 3.170 2.889 2.526 2.095 1.704 1.385 1.138 0.955 0.812 0.685 0.566 0.451 0.344 0.244 0.148 0.079 0.037 0.016 0.006 0.002 0.001 0.001 0.000 0.000 0.000 0.000 0.000 0.000 0.000 0.000 0.000 0.000 0.000 0.000 0.000 0.000 0.000 0.000 0.000
0.000 0.000 0.000 0.000 0.000 0.000 0.000 0.000 0.000 0.000 0.000 0.000 0.000 0.001 0.008 0.046 0.202 0.587 1.212 2.020 2.930 3.617 4.040 4.291 4.435 4.501 4.510 4.414 4.204 3.943 3.710 3.511 3.332 3.175 3.044 2.932 2.813 2.671 2.489 2.259 1.981 1.656 1.323 1.027 0.782 0.595 0.450 0.329 0.229 0.151 0.095 0.055 0.029 0.014 0.006 0.003 0.001 0.001 0.000 0.000 0.000 0.000 0.000 0.000 0.000 0.000 0.000 0.000 0.000 0.000 0.000 0.000 0.000 0.000 0.000 0.000 0.000
0.000 0.000 0.000 0.000 0.000 0.000 0.000 0.000 0.000 0.000 0.000 0.000 0.000 0.001 0.006 0.040 0.194 0.591 1.247 2.122 3.256 4.249 4.846 5.129 5.215 5.196 5.045 4.714 4.266 3.848 3.486 3.148 2.828 2.551 2.334 2.182 2.063 1.948 1.816 1.653 1.462 1.241 0.991 0.741 0.525 0.357 0.234 0.146 0.085 0.046 0.024 0.011 0.005 0.002 0.001 0.001 0.000 0.000 0.000 0.000 0.000 0.000 0.000 0.000 0.000 0.000 0.000 0.000 0.000 0.000 0.000 0.000 0.000 0.000 0.000 0.000 0.000
0.000 0.000 0.000 0.000 0.000 0.000 0.000 0.000 0.000 0.000 0.000 0.000 0.000 0.001 0.006 0.034 0.175 0.564 1.231 2.142 3.400 4.721 5.546 5.882 5.931 5.815 5.471 4.916 4.288 3.754 3.282 2.837 2.413 2.039 1.735 1.520 1.375 1.265 1.161 1.053 0.941 0.821 0.673 0.496 0.330 0.204 0.119 0.065 0.033 0.015 0.007 0.003 0.001 0.001 0.000 0.000 0.000 0.000 0.000 0.000 0.000 0.000 0.000 0.000 0.000 0.000 0.000 0.000 0.000 0.000 0.000 0.000 0.000 0.000 0.000 0.000 0.000
0.000 0.000 0.000 0.000 0.000 0.000 0.000 0.000 0.000 0.000 0.000 0.001 0.002 0.003 0.005 0.021 0.120 0.447 1.087 2.041 3.370 4.917 5.966 6.395 6.420 6.187 5.680 4.985 4.266 3.639 3.073 2.543 2.052 1.612 1.238 0.960 0.782 0.665 0.577 0.507 0.455 0.412 0.358 0.274 0.178 0.104 0.056 0.028 0.013 0.005 0.002 0.001 0.000 0.000 0.000 0.000 0.000 0.000 0.000 0.000 0.000 0.000 0.000 0.000 0.000 0.000 0.000 0.000 0.000 0.000 0.000 0.000 0.000 0.000 0.000 0.000 0.000
0.000 0.000 0.000 0.000 0.000 0.000 0.000 0.000 0.000 0.001 0.001 0.003 0.004 0.005 0.007 0.009 0.038 0.200 0.652 1.503 2.808 4.506 5.862 6.476 6.542 6.282 5.698 4.963 4.210 3.510 2.849 2.238 1.689 1.207 0.814 0.537 0.368 0.266 0.202 0.162 0.143 0.137 0.131 0.111 0.075 0.043 0.022 0.011 0.005 0.002 0.001 0.000 0.000 0.000 0.000 0.000 0.000 0.000 0.000 0.000 0.000 0.000 0.000 0.000 0.000 0.000 0.000 0.000 0.000 0.000 0.000 0.000 0.000 0.000 0.000 0.000 0.000
