RESULTS/r.avaflow_results/32_results/32_ascii/32_hflow10040.asc
ncols 506
nrows 317
xllcenter 498237.50
yllcenter 5580050.00
cellsize 12.50
NODATA_value -9999.000
[rows 170 to 203 of 317, columns 77 to 153 of 506]
0.000 0.000 0.000 0.000 0.000 0.000 0.000 0.000 0.000 0.000 0.000 0.000 0.000 0.000 0.000 0.000 0.001 0.001 0.001 0.001 0.001 0.002 0.002 0.007 0.021 0.038 0.046 0.046 0.045 0.044 0.041 0.036 0.029 0.021 0.014 0.010 0.008 0.008 0.008 0.008 0.008 0.008 0.008 0.010 0.017 0.036 0.069 0.112 0.178 0.307 0.556 1.019 1.899 2.965 3.560 3.655 3.605 3.627 3.695 3.718 3.693 3.586 3.371 3.065 2.651 2.171 1.737 1.378 1.082 0.842 0.650 0.501 0.386 0.298 0.229 0.175 0.133
0.000 0.000 0.000 0.000 0.000 0.000 0.000 0.000 0.000 0.000 0.000 0.000 0.000 0.000 0.001 0.002 0.003 0.005 0.006 0.007 0.007 0.008 0.013 0.027 0.050 0.067 0.071 0.071 0.069 0.066 0.062 0.054 0.044 0.031 0.021 0.016 0.014 0.014 0.014 0.015 0.015 0.016 0.019 0.030 0.066 0.147 0.267 0.417 0.648 1.026 1.590 2.427 3.379 4.005 4.183 4.127 4.043 4.027 4.037 4.021 3.955 3.808 3.553 3.197 2.731 2.224 1.781 1.415 1.116 0.872 0.681 0.530 0.412 0.319 0.245 0.187 0.142
0.000 0.000 0.000 0.000 0.000 0.000 0.000 0.000 0.000 0.000 0.000 0.000 0.000 0.001 0.003 0.005 0.008 0.012 0.016 0.020 0.023 0.030 0.047 0.072 0.095 0.104 0.105 0.104 0.101 0.097 0.090 0.080 0.064 0.045 0.032 0.026 0.024 0.023 0.024 0.025 0.028 0.035 0.054 0.113 0.266 0.524 0.829 1.177 1.676 2.396 3.205 3.924 4.382 4.540 4.492 4.401 4.327 4.282 4.259 4.219 4.123 3.945 3.660 3.269 2.773 2.256 1.811 1.447 1.149 0.907 0.713 0.556 0.432 0.333 0.256 0.195 0.148
0.000 0.000 0.000 0.000 0.000 0.000 0.000 0.000 0.000 0.000 0.000 0.000 0.001 0.003 0.007 0.011 0.017 0.025 0.034 0.044 0.056 0.076 0.108 0.136 0.149 0.150 0.149 0.147 0.144 0.137 0.128 0.114 0.092 0.065 0.047 0.039 0.036 0.036 0.038 0.043 0.057 0.092 0.187 0.418 0.833 1.361 1.898 2.483 3.222 3.989 4.584 4.917 4.999 4.903 4.705 4.571 4.492 4.436 4.395 4.336 4.220 4.022 3.721 3.308 2.791 2.272 1.834 1.473 1.176 0.932 0.735 0.573 0.444 0.342 0.262 0.200 0.152
0.000 0.000 0.000 0.000 0.000 0.000 0.000 0.000 0.000 0.000 0.000 0.001 0.003 0.007 0.012 0.020 0.031 0.044 0.061 0.082 0.109 0.146 0.184 0.205 0.210 0.210 0.208 0.205 0.200 0.192 0.179 0.159 0.130 0.094 0.069 0.057 0.053 0.053 0.058 0.077 0.126 0.254 0.573 1.154 1.921 2.695 3.398 4.036 4.631 5.116 5.429 5.520 5.446 5.198 4.857 4.665 4.579 4.527 4.475 4.402 4.280 4.072 3.755 3.323 2.793 2.285 1.850 1.493 1.194 0.948 0.747 0.582 0.451 0.347 0.266 0.202 0.154
0.000 0.000 0.000 0.000 0.000 0.000 0.000 0.000 0.000 0.000 0.000 0.002 0.005 0.011 0.020 0.033 0.050 0.071 0.099 0.135 0.181 0.231 0.267 0.283 0.287 0.286 0.285 0.281 0.275 0.263 0.246 0.220 0.182 0.133 0.097 0.078 0.073 0.074 0.088 0.135 0.259 0.598 1.346 2.438 3.464 4.281 4.858 5.283 5.637 5.883 5.982 5.954 5.789 5.417 4.984 4.717 4.603 4.552 4.506 4.444 4.329 4.118 3.783 3.325 2.786 2.285 1.855 1.502 1.200 0.952 0.751 0.584 0.453 0.349 0.267 0.203 0.154
0.000 0.000 0.000 0.000 0.000 0.000 0.000 0.000 0.000 0.000 0.000 0.002 0.006 0.014 0.026 0.044 0.069 0.104 0.150 0.208 0.273 0.329 0.364 0.379 0.385 0.385 0.384 0.380 0.372 0.357 0.334 0.301 0.252 0.188 0.133 0.104 0.095 0.097 0.119 0.202 0.451 1.137 2.504 4.022 5.035 5.670 6.023 6.240 6.386 6.461 6.439 6.315 6.042 5.595 5.108 4.776 4.611 4.564 4.529 4.480 4.376 4.152 3.792 3.316 2.781 2.282 1.850 1.495 1.196 0.947 0.745 0.580 0.450 0.346 0.266 0.203 0.154
0.000 0.000 0.000 0.000 0.000 0.000 0.000 0.000 0.000 0.000 0.000 0.002 0.007 0.015 0.029 0.049 0.080 0.127 0.194 0.289 0.384 0.447 0.486 0.505 0.512 0.513 0.511 0.507 0.497 0.478 0.449 0.406 0.344 0.261 0.181 0.135 0.119 0.119 0.141 0.238 0.577 1.588 3.535 5.318 6.308 6.767 6.918 6.990 6.988 6.934 6.804 6.580 6.217 5.735 5.231 4.854 4.648 4.589 4.570 4.518 4.399 4.157 3.785 3.296 2.743 2.247 1.819 1.467 1.171 0.927 0.727 0.566 0.440 0.340 0.261 0.199 0.151
0.000 0.000 0.000 0.000 0.000 0.000 0.000 0.000 0.000 0.000 0.000 0.002 0.007 0.015 0.029 0.050 0.083 0.135 0.217 0.343 0.495 0.592 0.644 0.671 0.680 0.681 0.678 0.671 0.656 0.631 0.594 0.539 0.462 0.357 0.246 0.174 0.145 0.141 0.159 0.256 0.625 1.813 4.208 6.284 7.260 7.572 7.592 7.569 7.452 7.263 7.033 6.748 6.354 5.875 5.368 4.973 4.745 4.657 4.618 4.536 4.397 4.130 3.736 3.226 2.667 2.179 1.763 1.421 1.131 0.892 0.698 0.543 0.421 0.327 0.252 0.193 0.147
0.000 0.000 0.000 0.000 0.000 0.000 0.000 0.000 0.000 0.000 0.000 0.002 0.006 0.015 0.028 0.050 0.083 0.136 0.222 0.364 0.577 0.759 0.847 0.883 0.895 0.896 0.892 0.879 0.857 0.823 0.774 0.707 0.614 0.484 0.331 0.225 0.175 0.163 0.176 0.267 0.636 1.865 4.520 6.936 7.940 8.139 8.106 7.979 7.740 7.446 7.151 6.833 6.458 6.026 5.543 5.138 4.887 4.759 4.668 4.540 4.344 4.036 3.611 3.083 2.540 2.071 1.675 1.348 1.071 0.842 0.658 0.512 0.399 0.310 0.241 0.185 0.141
0.000 0.000 0.000 0.000 0.000 0.000 0.000 0.000 0.000 0.000 0.000 0.001 0.004 0.011 0.023 0.043 0.075 0.126 0.210 0.357 0.596 0.900 1.091 1.150 1.163 1.162 1.156 1.137 1.105 1.061 1.001 0.918 0.803 0.642 0.443 0.293 0.212 0.189 0.196 0.277 0.635 1.844 4.540 7.214 8.375 8.534 8.429 8.190 7.870 7.509 7.174 6.855 6.521 6.164 5.749 5.342 5.049 4.858 4.697 4.509 4.240 3.875 3.404 2.863 2.357 1.925 1.558 1.250 0.993 0.782 0.613 0.481 0.378 0.297 0.231 0.178 0.136
0.000 0.000 0.000 0.000 0.000 0.000 0.000 0.000 0.000 0.000 0.000 0.000 0.001 0.005 0.012 0.026 0.050 0.088 0.156 0.286 0.531 0.929 1.301 1.454 1.482 1.482 1.474 1.452 1.410 1.353 1.279 1.175 1.032 0.838 0.596 0.389 0.267 0.221 0.221 0.290 0.618 1.742 4.352 7.177 8.547 8.770 8.596 8.268 7.882 7.511 7.173 6.863 6.561 6.252 5.916 5.547 5.205 4.938 4.705 4.449 4.117 3.676 3.140 2.593 2.124 1.736 1.405 1.130 0.902 0.718 0.572 0.454 0.361 0.287 0.224 0.174 0.134
0.000 0.000 0.000 0.000 0.000 0.000 0.000 0.000 0.000 0.000 0.000 0.000 0.000 0.001 0.003 0.008 0.018 0.033 0.063 0.139 0.346 0.790 1.388 1.726 1.831 1.855 1.847 1.821 1.776 1.707 1.612 1.483 1.308 1.084 0.802 0.538 0.358 0.276 0.263 0.317 0.607 1.598 3.964 6.877 8.470 8.819 8.635 8.269 7.840 7.445 7.097 6.811 6.552 6.290 6.012 5.693 5.334 4.988 4.680 4.371 3.993 3.499 2.920 2.389 1.945 1.578 1.272 1.022 0.821 0.659 0.532 0.430 0.347 0.278 0.220 0.172 0.133
0.000 0.000 0.000 0.000 0.000 0.000 0.000 0.000 0.000 0.000 0.000 0.000 0.000 0.000 0.001 0.002 0.004 0.007 0.014 0.038 0.142 0.521 1.279 1.892 2.143 2.238 2.260 2.242 2.194 2.114 1.999 1.845 1.643 1.390 1.082 0.766 0.520 0.384 0.348 0.384 0.642 1.548 3.588 6.358 8.064 8.617 8.543 8.210 7.740 7.292 6.934 6.688 6.474 6.259 6.041 5.769 5.430 5.051 4.675 4.303 3.868 3.347 2.775 2.268 1.839 1.481 1.184 0.944 0.754 0.606 0.492 0.404 0.332 0.270 0.217 0.173 0.134
0.000 0.000 0.000 0.000 0.000 0.000 0.000 0.000 0.000 0.000 0.000 0.000 0.000 0.000 0.000 0.001 0.001 0.002 0.003 0.008 0.046 0.281 1.017 1.927 2.366 2.560 2.642 2.655 2.629 2.561 2.438 2.263 2.043 1.774 1.454 1.097 0.790 0.592 0.520 0.538 0.772 1.600 3.262 5.628 7.319 8.054 8.165 7.975 7.544 7.019 6.609 6.371 6.254 6.161 6.017 5.776 5.467 5.103 4.698 4.262 3.775 3.242 2.698 2.211 1.791 1.430 1.130 0.888 0.700 0.556 0.449 0.371 0.312 0.262 0.217 0.176 0.139
0.000 0.000 0.000 0.000 0.000 0.000 0.000 0.000 0.000 0.000 0.000 0.000 0.000 0.000 0.000 0.000 0.001 0.001 0.002 0.004 0.017 0.134 0.695 1.744 2.457 2.770 2.934 3.012 3.023 2.990 2.906 2.745 2.522 2.250 1.928 1.559 1.215 0.964 0.859 0.864 1.070 1.761 3.022 4.776 6.333 7.201 7.469 7.413 7.128 6.622 6.093 5.790 5.702 5.728 5.767 5.677 5.456 5.120 4.711 4.240 3.725 3.183 2.664 2.193 1.773 1.407 1.098 0.849 0.655 0.509 0.401 0.327 0.279 0.246 0.215 0.181 0.145
0.000 0.000 0.000 0.000 0.000 0.000 0.000 0.000 0.000 0.000 0.000 0.000 0.000 0.000 0.000 0.000 0.001 0.002 0.003 0.005 0.012 0.062 0.388 1.320 2.351 2.870 3.130 3.291 3.374 3.389 3.351 3.245 3.066 2.822 2.523 2.169 1.827 1.573 1.448 1.438 1.586 2.064 2.946 4.148 5.379 6.182 6.488 6.506 6.378 6.008 5.428 4.959 4.773 4.831 5.073 5.294 5.281 5.068 4.691 4.219 3.694 3.155 2.655 2.194 1.770 1.397 1.080 0.823 0.621 0.467 0.352 0.272 0.226 0.204 0.190 0.170 0.139
0.000 0.000 0.000 0.000 0.000 0.000 0.000 0.000 0.000 0.000 0.000 0.000 0.000 0.000 0.000 0.001 0.002 0.004 0.006 0.010 0.017 0.040 0.190 0.824 1.988 2.837 3.226 3.480 3.652 3.729 3.734 3.684 3.569 3.402 3.181 2.896 2.608 2.406 2.298 2.274 2.337 2.576 3.096 3.889 4.727 5.312 5.551 5.580 5.517 5.282 4.837 4.266 3.903 3.842 4.064 4.522 4.807 4.787 4.535 4.129 3.644 3.136 2.670 2.218 1.778 1.392 1.068 0.803 0.593 0.429 0.307 0.218 0.158 0.128 0.115 0.104 0.082
0.000 0.000 0.000 0.000 0.000 0.000 0.000 0.000 0.000 0.000 0.000 0.000 0.000 0.000 0.001 0.002 0.005 0.010 0.017 0.024 0.032 0.047 0.107 0.433 1.406 2.614 3.234 3.574 3.843 4.007 4.065 4.054 3.995 3.893 3.741 3.528 3.301 3.143 3.065 3.049 3.070 3.172 3.414 3.857 4.367 4.712 4.882 4.915 4.884 4.727 4.385 3.843 3.388 3.181 3.218 3.552 4.012 4.195 4.123 3.874 3.510 3.093 2.684 2.261 1.799 1.391 1.056 0.785 0.567 0.393 0.261 0.162 0.095 0.059 0.041 0.031 0.020
0.000 0.000 0.000 0.000 0.000 0.000 0.000 0.000 0.000 0.000 0.000 0.000 0.000 0.001 0.003 0.006 0.014 0.026 0.042 0.053 0.061 0.069 0.095 0.242 0.862 2.123 3.096 3.580 3.920 4.171 4.309 4.354 4.345 4.292 4.185 4.012 3.813 3.665 3.577 3.543 3.540 3.574 3.678 3.900 4.193 4.361 4.439 4.460 4.435 4.303 4.020 3.553 3.097 2.805 2.701 2.796 3.086 3.322 3.409 3.356 3.173 2.885 2.541 2.158 1.724 1.326 0.999 0.734 0.514 0.332 0.192 0.097 0.046 0.023 0.013 0.008 0.004
0.000 0.000 0.000 0.000 0.000 0.000 0.000 0.000 0.000 0.000 0.000 0.000 0.001 0.002 0.006 0.017 0.035 0.062 0.088 0.105 0.111 0.113 0.121 0.193 0.572 1.569 2.733 3.449 3.914 4.256 4.482 4.587 4.612 4.596 4.519 4.346 4.149 4.001 3.896 3.823 3.775 3.762 3.789 3.886 4.054 4.147 4.167 4.161 4.101 3.959 3.706 3.312 2.893 2.592 2.414 2.346 2.372 2.426 2.452 2.452 2.404 2.243 1.960 1.618 1.286 0.982 0.721 0.509 0.333 0.190 0.092 0.039 0.017 0.009 0.005 0.003 0.002
0.000 0.000 0.000 0.000 0.000 0.000 0.000 0.000 0.000 0.000 0.000 0.000 0.001 0.005 0.016 0.040 0.079 0.126 0.164 0.186 0.193 0.191 0.189 0.228 0.479 1.184 2.236 3.112 3.775 4.249 4.577 4.758 4.803 4.795 4.720 4.554 4.349 4.207 4.086 3.974 3.876 3.817 3.814 3.850 3.929 3.969 3.951 3.911 3.816 3.663 3.421 3.084 2.705 2.411 2.203 2.051 1.926 1.807 1.679 1.536 1.400 1.238 1.010 0.760 0.562 0.405 0.281 0.184 0.110 0.057 0.027 0.012 0.006 0.003 0.002 0.001 0.001
0.000 0.000 0.000 0.000 0.000 0.000 0.000 0.000 0.000 0.000 0.000 0.001 0.003 0.011 0.035 0.082 0.150 0.219 0.274 0.310 0.325 0.326 0.322 0.342 0.524 1.038 1.858 2.720 3.493 4.122 4.568 4.819 4.898 4.878 4.800 4.655 4.451 4.304 4.174 4.047 3.916 3.816 3.783 3.782 3.806 3.800 3.739 3.666 3.545 3.380 3.150 2.849 2.503 2.214 1.986 1.787 1.598 1.401 1.178 0.942 0.737 0.561 0.401 0.267 0.173 0.112 0.072 0.044 0.025 0.014 0.007 0.004 0.002 0.002 0.001 0.001 0.001
0.000 0.000 0.000 0.000 0.000 0.000 0.000 0.000 0.000 0.000 0.000 0.001 0.004 0.017 0.055 0.133 0.240 0.340 0.425 0.486 0.522 0.540 0.549 0.569 0.695 1.073 1.708 2.475 3.230 3.898 4.437 4.771 4.901 4.881 4.817 4.678 4.503 4.341 4.201 4.057 3.906 3.772 3.680 3.656 3.647 3.601 3.521 3.425 3.279 3.095 2.872 2.594 2.271 1.979 1.740 1.518 1.293 1.044 0.774 0.531 0.350 0.223 0.138 0.082 0.048 0.028 0.017 0.011 0.006 0.004 0.002 0.002 0.001 0.001 0.001 0.001 0.000
0.000 0.000 0.000 0.000 0.000 0.000 0.000 0.000 0.000 0.000 0.000 0.001 0.004 0.018 0.063 0.163 0.319 0.486 0.620 0.724 0.796 0.846 0.887 0.933 1.031 1.282 1.754 2.413 3.109 3.712 4.241 4.626 4.819 4.826 4.785 4.661 4.512 4.348 4.214 4.044 3.854 3.665 3.526 3.468 3.423 3.356 3.263 3.153 2.994 2.799 2.579 2.312 2.001 1.685 1.406 1.147 0.883 0.614 0.385 0.229 0.130 0.073 0.041 0.023 0.013 0.007 0.004 0.003 0.002 0.001 0.001 0.001 0.001 0.001 0.000 0.000 0.000
0.000 0.000 0.000 0.000 0.000 0.000 0.000 0.000 0.000 0.000 0.000 0.001 0.004 0.017 0.060 0.169 0.370 0.637 0.863 1.035 1.164 1.261 1.345 1.429 1.533 1.709 2.026 2.518 3.120 3.651 4.082 4.424 4.641 4.679 4.669 4.582 4.468 4.327 4.173 3.972 3.740 3.490 3.298 3.181 3.097 3.024 2.930 2.816 2.665 2.484 2.266 1.995 1.664 1.266 0.890 0.594 0.374 0.216 0.115 0.061 0.033 0.019 0.010 0.006 0.003 0.002 0.001 0.001 0.001 0.001 0.000 0.000 0.000 0.000 0.000 0.000 0.000
0.000 0.000 0.000 0.000 0.000 0.000 0.000 0.000 0.000 0.000 0.000 0.000 0.003 0.013 0.050 0.158 0.394 0.780 1.159 1.428 1.636 1.797 1.929 2.048 2.171 2.314 2.515 2.829 3.262 3.692 4.022 4.254 4.412 4.463 4.470 4.412 4.332 4.224 4.054 3.835 3.567 3.258 2.987 2.795 2.655 2.565 2.488 2.398 2.280 2.124 1.912 1.627 1.238 0.782 0.429 0.219 0.104 0.045 0.020 0.011 0.007 0.004 0.002 0.001 0.001 0.000 0.000 0.000 0.000 0.000 0.000 0.000 0.000 0.000 0.000 0.000 0.000
0.000 0.000 0.000 0.000 0.000 0.000 0.000 0.000 0.000 0.000 0.000 0.000 0.001 0.007 0.035 0.137 0.408 0.898 1.491 1.927 2.240 2.470 2.647 2.793 2.919 3.032 3.159 3.334 3.584 3.834 4.019 4.142 4.218 4.242 4.233 4.174 4.103 3.999 3.837 3.620 3.340 2.986 2.620 2.330 2.121 1.986 1.893 1.814 1.710 1.554 1.332 1.037 0.673 0.350 0.159 0.064 0.023 0.008 0.003 0.002 0.001 0.001 0.000 0.000 0.000 0.000 0.000 0.000 0.000 0.000 0.000 0.000 0.000 0.000 0.000 0.000 0.000
0.000 0.000 0.000 0.000 0.000 0.000 0.000 0.000 0.000 0.000 0.000 0.000 0.001 0.004 0.025 0.122 0.425 0.993 1.748 2.429 2.946 3.285 3.503 3.664 3.782 3.863 3.931 3.995 4.063 4.092 4.095 4.090 4.057 4.016 3.961 3.883 3.797 3.685 3.529 3.320 3.051 2.696 2.284 1.916 1.628 1.421 1.258 1.107 0.953 0.781 0.593 0.399 0.219 0.099 0.039 0.014 0.005 0.002 0.001 0.001 0.000 0.000 0.000 0.000 0.000 0.000 0.000 0.000 0.000 0.000 0.000 0.000 0.000 0.000 0.000 0.000 0.000
0.000 0.000 0.000 0.000 0.000 0.000 0.000 0.000 0.000 0.000 0.000 0.000 0.001 0.003 0.020 0.115 0.444 1.067 1.884 2.764 3.540 4.074 4.396 4.584 4.688 4.730 4.734 4.685 4.583 4.417 4.219 4.054 3.904 3.757 3.633 3.529 3.426 3.309 3.158 2.959 2.706 2.380 1.985 1.584 1.245 0.984 0.775 0.595 0.436 0.298 0.184 0.099 0.045 0.018 0.007 0.003 0.001 0.000 0.000 0.000 0.000 0.000 0.000 0.000 0.000 0.000 0.000 0.000 0.000 0.000 0.000 0.000 0.000 0.000 0.000 0.000 0.000
0.000 0.000 0.000 0.000 0.000 0.000 0.000 0.000 0.000 0.000 0.000 0.000 0.001 0.003 0.018 0.115 0.460 1.106 1.935 2.907 3.935 4.705 5.175 5.408 5.483 5.475 5.411 5.245 4.982 4.648 4.320 4.017 3.726 3.458 3.251 3.107 3.003 2.896 2.757 2.571 2.342 2.056 1.702 1.307 0.950 0.668 0.456 0.297 0.181 0.102 0.052 0.023 0.009 0.003 0.001 0.001 0.000 0.000 0.000 0.000 0.000 0.000 0.000 0.000 0.000 0.000 0.000 0.000 0.000 0.000 0.000 0.000 0.000 0.000 0.000 0.000 0.000
0.000 0.000 0.000 0.000 0.000 0.000 0.000 0.000 0.000 0.000 0.000 0.000 0.001 0.003 0.019 0.117 0.464 1.112 1.941 2.928 4.128 5.163 5.807 6.099 6.162 6.115 5.961 5.664 5.248 4.792 4.378 3.971 3.544 3.129 2.795 2.571 2.448 2.356 2.246 2.098 1.915 1.696 1.407 1.044 0.698 0.438 0.261 0.147 0.076 0.036 0.016 0.006 0.002 0.001 0.000 0.000 0.000 0.000 0.000 0.000 0.000 0.000 0.000 0.000 0.000 0.000 0.000 0.000 0.000 0.000 0.000 0.000 0.000 0.000 0.000 0.000 0.000
0.000 0.000 0.000 0.000 0.000 0.000 0.000 0.000 0.000 0.001 0.001 0.002 0.003 0.005 0.019 0.109 0.435 1.063 1.889 2.874 4.116 5.362 6.189 6.562 6.628 6.551 6.283 5.860 5.349 4.837 4.362 3.878 3.340 2.765 2.258 1.881 1.658 1.524 1.409 1.298 1.199 1.103 0.960 0.720 0.447 0.255 0.137 0.069 0.032 0.013 0.005 0.002 0.001 0.000 0.000 0.000 0.000 0.000 0.000 0.000 0.000 0.000 0.000 0.000 0.000 0.000 0.000 0.000 0.000 0.000 0.000 0.000 0.000 0.000 0.000 0.000 0.000
0.000 0.001 0.001 0.001 0.001 0.001 0.001 0.002 0.002 0.002 0.003 0.004 0.006 0.007 0.013 0.068 0.316 0.866 1.675 2.670 3.939 5.347 6.317 6.769 6.845 6.737 6.399 5.930 5.385 4.841 4.286 3.692 3.042 2.330 1.691 1.206 0.896 0.706 0.579 0.492 0.449 0.433 0.412 0.339 0.217 0.119 0.059 0.028 0.012 0.005 0.002 0.001 0.000 0.000 0.000 0.000 0.000 0.000 0.000 0.000 0.000 0.000 0.000 0.000 0.000 0.000 0.000 0.000 0.000 0.000 0.000 0.000 0.000 0.000 0.000 0.000 0.000
