RESULTS/r.avaflow_results/32_results/32_ascii/32_hflow_max0023.asc
ncols 506
nrows 317
xllcenter 498237.50
yllcenter 5580050.00
cellsize 12.50
NODATA_value -9999.000
[rows 170 to 203 of 317, columns 77 to 153 of 506]
0.000 0.000 0.000 0.000 0.000 0.000 0.000 0.000 0.000 0.000 0.000 0.000 0.000 0.000 0.000 0.000 0.000 0.000 0.000 0.000 0.000 0.001 0.003 0.010 0.018 0.024 0.026 0.026 0.026 0.026 0.026 0.025 0.024 0.024 0.026 0.035 0.059 0.091 0.108 0.111 0.115 0.144 0.208 0.298 0.356 0.392 0.435 0.489 0.553 0.640 1.090 1.876 2.891 3.671 4.804 6.650 9.367 13.069 16.843 20.013 22.381 23.653 24.433 24.614 24.174 23.279 22.345 21.238 20.123 18.999 17.630 16.139 14.906 14.372 14.020 13.727 13.516
0.000 0.000 0.000 0.000 0.000 0.000 0.000 0.000 0.000 0.000 0.000 0.000 0.000 0.000 0.000 0.000 0.000 0.000 0.000 0.001 0.002 0.005 0.012 0.024 0.034 0.039 0.041 0.042 0.043 0.043 0.042 0.042 0.040 0.040 0.044 0.060 0.097 0.143 0.167 0.178 0.189 0.236 0.332 0.461 0.558 0.644 0.766 0.927 1.125 1.721 2.496 3.342 3.987 4.518 6.046 8.598 11.222 15.268 19.083 22.118 24.144 25.156 25.159 25.087 24.536 23.736 22.648 21.371 20.084 18.826 17.658 17.040 16.705 16.473 16.331 16.421 16.713
0.000 0.000 0.000 0.000 0.000 0.000 0.000 0.000 0.000 0.000 0.000 0.000 0.000 0.000 0.000 0.000 0.001 0.001 0.003 0.005 0.008 0.016 0.029 0.045 0.055 0.060 0.064 0.065 0.066 0.066 0.066 0.065 0.064 0.064 0.070 0.094 0.143 0.206 0.249 0.280 0.311 0.384 0.518 0.694 0.860 1.046 1.316 1.715 2.460 3.273 3.966 4.418 4.870 5.567 6.651 9.220 11.851 15.940 19.849 22.874 24.823 25.689 25.438 25.074 24.591 23.740 22.596 21.337 20.174 19.500 19.030 18.632 18.240 17.955 17.948 18.551 19.536
0.000 0.000 0.000 0.000 0.000 0.000 0.000 0.000 0.000 0.000 0.000 0.000 0.000 0.000 0.000 0.001 0.002 0.004 0.007 0.012 0.020 0.034 0.054 0.072 0.083 0.091 0.096 0.098 0.100 0.100 0.100 0.099 0.098 0.098 0.107 0.136 0.194 0.279 0.359 0.431 0.508 0.622 0.801 1.044 1.325 1.726 2.387 3.135 3.882 4.491 5.271 5.763 6.093 6.395 6.986 8.963 11.433 15.474 19.521 22.639 24.643 25.476 25.210 24.864 24.283 23.482 22.478 21.650 21.101 20.615 20.104 19.554 19.115 18.948 19.214 20.192 21.588
0.000 0.000 0.000 0.000 0.000 0.000 0.000 0.000 0.000 0.000 0.000 0.000 0.000 0.000 0.001 0.002 0.004 0.008 0.015 0.024 0.038 0.059 0.086 0.107 0.122 0.133 0.140 0.144 0.146 0.146 0.146 0.146 0.145 0.145 0.155 0.187 0.257 0.369 0.506 0.648 0.803 0.991 1.242 1.590 2.261 3.026 3.735 4.349 5.214 6.012 6.586 6.840 6.995 7.056 7.208 8.075 10.355 14.122 18.414 21.689 23.714 24.605 24.622 24.229 23.731 23.198 22.627 22.091 21.548 21.051 20.531 19.960 19.453 19.486 20.021 21.087 22.449
0.000 0.000 0.000 0.000 0.000 0.000 0.000 0.000 0.000 0.000 0.000 0.000 0.000 0.000 0.002 0.004 0.008 0.015 0.025 0.041 0.062 0.092 0.127 0.155 0.176 0.190 0.200 0.206 0.209 0.209 0.209 0.209 0.206 0.206 0.214 0.251 0.346 0.500 0.705 0.940 1.205 1.514 2.008 2.803 3.660 4.342 4.805 5.793 6.631 7.190 7.513 7.642 7.678 7.608 7.517 7.759 9.278 12.653 17.006 20.495 22.573 23.527 23.672 23.275 23.000 22.885 22.619 22.194 21.674 21.128 20.549 19.931 19.443 19.374 20.071 21.135 22.389
0.000 0.000 0.000 0.000 0.000 0.000 0.000 0.000 0.000 0.000 0.000 0.000 0.000 0.001 0.003 0.007 0.014 0.025 0.041 0.064 0.096 0.139 0.185 0.222 0.250 0.269 0.282 0.290 0.293 0.295 0.295 0.292 0.285 0.281 0.285 0.331 0.462 0.679 0.967 1.309 1.716 2.268 3.169 4.224 4.991 5.405 6.165 7.046 7.705 8.099 8.260 8.291 8.240 8.070 7.867 7.592 8.608 11.598 15.842 19.502 21.552 22.534 22.656 22.259 22.110 22.205 22.043 21.637 21.088 20.475 19.811 19.130 18.673 18.716 19.265 20.269 21.531
0.000 0.000 0.000 0.000 0.000 0.000 0.000 0.000 0.000 0.000 0.000 0.000 0.000 0.001 0.003 0.008 0.018 0.034 0.060 0.096 0.144 0.206 0.267 0.316 0.352 0.376 0.392 0.401 0.405 0.406 0.406 0.401 0.387 0.397 0.469 0.552 0.646 0.836 1.233 1.725 2.307 3.014 4.254 5.398 6.027 6.226 7.245 8.005 8.522 8.808 8.893 8.848 8.684 8.473 8.178 7.700 8.331 10.986 14.967 18.510 20.448 21.425 21.562 21.091 20.844 20.802 20.518 20.029 19.399 18.682 17.891 17.105 16.714 16.799 17.478 18.747 20.117
0.000 0.000 0.000 0.000 0.000 0.000 0.000 0.000 0.000 0.000 0.000 0.000 0.000 0.001 0.003 0.008 0.019 0.038 0.074 0.133 0.213 0.303 0.384 0.447 0.492 0.521 0.539 0.548 0.552 0.552 0.549 0.564 0.647 0.722 0.796 0.875 0.958 1.041 1.425 2.099 2.903 3.720 5.068 6.249 6.744 7.047 8.021 8.694 9.115 9.324 9.376 9.254 9.006 8.786 8.405 7.835 8.154 10.576 14.160 17.220 18.944 20.007 20.019 19.386 18.907 18.613 18.184 17.608 16.894 16.027 15.067 14.262 14.060 14.291 15.210 16.769 18.472
0.000 0.000 0.000 0.000 0.000 0.000 0.000 0.000 0.000 0.000 0.000 0.000 0.000 0.001 0.003 0.008 0.018 0.037 0.076 0.155 0.289 0.441 0.545 0.624 0.679 0.713 0.731 0.740 0.743 0.750 0.883 1.018 1.092 1.139 1.184 1.233 1.294 1.367 1.513 2.353 3.407 4.335 5.567 6.776 7.191 7.639 8.503 9.108 9.471 9.599 9.615 9.485 9.296 8.995 8.565 7.894 7.928 10.058 13.152 15.564 17.251 17.975 17.738 16.970 16.346 15.982 15.508 14.897 14.109 13.190 12.244 11.789 11.827 12.388 13.594 15.235 16.945
0.000 0.000 0.000 0.000 0.000 0.000 0.000 0.000 0.000 0.000 0.000 0.000 0.000 0.000 0.002 0.006 0.013 0.029 0.066 0.148 0.317 0.579 0.763 0.856 0.921 0.961 0.981 0.987 0.989 1.247 1.496 1.601 1.625 1.623 1.624 1.637 1.677 1.744 1.827 2.450 3.706 4.778 5.791 6.973 7.417 8.163 8.838 9.294 9.603 9.689 9.692 9.615 9.426 9.081 8.624 7.884 7.588 9.281 11.750 13.721 15.163 15.512 14.955 14.102 13.418 13.095 12.663 12.086 11.407 10.662 9.951 9.773 9.994 10.799 12.149 13.653 15.271
0.000 0.000 0.000 0.000 0.000 0.000 0.000 0.000 0.000 0.000 0.000 0.000 0.000 0.000 0.001 0.002 0.006 0.014 0.036 0.105 0.283 0.639 0.993 1.151 1.229 1.276 1.298 1.305 1.553 2.018 2.235 2.272 2.239 2.192 2.156 2.138 2.151 2.199 2.289 2.432 3.799 5.019 5.873 6.943 7.457 8.640 9.124 9.375 9.582 9.660 9.706 9.605 9.419 9.055 8.541 7.776 7.121 8.252 9.968 11.818 12.846 12.891 12.047 11.081 10.352 10.022 9.685 9.289 8.845 8.386 8.057 8.049 8.432 9.344 10.666 12.068 13.473
0.000 0.000 0.000 0.000 0.000 0.000 0.000 0.000 0.000 0.000 0.000 0.000 0.000 0.000 0.000 0.001 0.002 0.004 0.011 0.045 0.192 0.584 1.158 1.486 1.613 1.671 1.695 1.703 2.313 2.829 3.010 3.026 2.961 2.880 2.826 2.796 2.777 2.796 2.872 3.007 3.755 5.113 5.941 6.785 7.772 8.960 9.352 9.417 9.473 9.547 9.539 9.464 9.252 8.875 8.298 7.490 6.551 7.019 8.151 9.611 10.387 10.246 9.299 8.327 7.755 7.388 7.088 6.805 6.543 6.353 6.310 6.492 7.011 7.939 9.100 10.250 11.387
0.000 0.000 0.000 0.000 0.000 0.000 0.000 0.000 0.000 0.000 0.000 0.000 0.000 0.000 0.000 0.000 0.001 0.001 0.003 0.015 0.102 0.462 1.200 1.782 2.035 2.144 2.178 2.182 2.951 3.597 3.815 3.851 3.807 3.717 3.649 3.626 3.609 3.600 3.640 3.769 4.062 5.110 5.966 6.545 7.893 9.067 9.459 9.439 9.394 9.309 9.214 9.030 8.768 8.376 7.806 7.008 6.115 6.092 6.539 7.250 7.673 7.516 6.739 6.213 5.803 5.430 5.096 4.804 4.617 4.557 4.649 4.985 5.620 6.469 7.367 8.304 9.308
0.000 0.000 0.000 0.000 0.000 0.000 0.000 0.000 0.000 0.000 0.000 0.000 0.000 0.000 0.000 0.000 0.001 0.001 0.003 0.007 0.051 0.323 1.076 1.929 2.370 2.595 2.712 2.743 3.497 4.372 4.717 4.779 4.772 4.727 4.671 4.668 4.677 4.686 4.735 4.868 5.151 5.777 6.513 6.973 7.899 8.954 9.384 9.449 9.286 9.015 8.668 8.247 7.903 7.488 6.966 6.281 5.815 5.565 5.488 5.628 5.565 5.323 5.005 4.669 4.332 3.981 3.609 3.265 3.072 3.019 3.080 3.379 3.989 4.767 5.572 6.488 7.514
0.000 0.000 0.000 0.000 0.000 0.000 0.000 0.000 0.000 0.000 0.000 0.000 0.000 0.000 0.000 0.001 0.002 0.004 0.006 0.009 0.027 0.191 0.824 1.851 2.554 2.930 3.163 3.299 3.965 5.073 5.686 5.833 5.790 5.805 5.844 5.916 5.989 6.079 6.198 6.283 6.376 6.732 7.148 7.331 7.799 8.659 9.109 9.251 9.001 8.576 8.057 7.433 6.744 6.290 6.054 5.841 5.607 5.251 4.878 4.602 4.318 4.041 3.756 3.464 3.165 2.837 2.468 2.120 2.005 1.952 1.937 2.021 2.325 2.937 3.851 4.896 6.124
0.000 0.000 0.000 0.000 0.000 0.000 0.000 0.000 0.000 0.000 0.000 0.000 0.000 0.000 0.001 0.003 0.005 0.009 0.014 0.019 0.027 0.106 0.534 1.558 2.579 3.128 3.482 3.756 4.277 5.593 6.441 6.802 6.823 6.835 6.919 7.040 7.196 7.339 7.427 7.465 7.464 7.480 7.579 7.530 7.533 8.144 8.619 8.707 8.460 7.959 7.304 6.530 5.586 5.116 5.141 5.280 5.240 4.990 4.543 3.988 3.522 3.163 2.856 2.562 2.259 1.958 1.751 1.575 1.436 1.322 1.198 1.115 1.183 1.514 2.268 3.455 4.679
0.000 0.000 0.000 0.000 0.000 0.000 0.000 0.000 0.000 0.000 0.000 0.000 0.000 0.001 0.003 0.007 0.012 0.021 0.031 0.039 0.046 0.105 0.312 1.125 2.381 3.202 3.677 4.105 4.736 5.869 6.914 7.460 7.633 7.738 7.931 8.130 8.276 8.364 8.394 8.380 8.291 8.053 7.796 7.653 7.489 7.636 7.931 7.935 7.700 7.205 6.550 5.687 4.617 3.881 4.019 4.365 4.577 4.513 4.186 3.690 3.140 2.716 2.389 2.084 1.794 1.537 1.323 1.153 1.012 0.874 0.706 0.551 0.508 0.627 1.026 1.825 2.406
0.000 0.000 0.000 0.000 0.000 0.000 0.000 0.000 0.000 0.000 0.000 0.000 0.001 0.003 0.008 0.017 0.030 0.049 0.066 0.078 0.108 0.233 0.425 0.730 1.941 3.100 3.749 4.305 5.113 6.008 7.122 7.853 8.203 8.298 8.646 8.936 9.040 9.050 9.056 8.994 8.787 8.436 8.017 7.694 7.378 7.063 7.168 7.113 6.901 6.464 5.854 5.023 3.961 3.326 3.059 3.270 3.594 3.730 3.613 3.286 2.840 2.436 2.106 1.775 1.448 1.171 0.959 0.801 0.672 0.538 0.380 0.245 0.195 0.203 0.319 0.624 0.776
0.000 0.000 0.000 0.000 0.000 0.000 0.000 0.000 0.000 0.000 0.000 0.001 0.003 0.008 0.020 0.042 0.072 0.104 0.131 0.147 0.246 0.480 0.779 1.110 1.502 2.816 3.704 4.382 5.329 6.331 7.259 8.064 8.514 8.681 8.934 9.202 9.256 9.207 9.224 9.198 9.061 8.685 8.099 7.543 7.050 6.491 6.487 6.400 6.197 5.817 5.231 4.458 3.888 3.229 2.438 2.427 2.567 2.702 2.753 2.660 2.399 2.048 1.696 1.364 1.052 0.797 0.614 0.484 0.379 0.279 0.175 0.101 0.074 0.069 0.087 0.154 0.180
0.000 0.000 0.000 0.000 0.000 0.000 0.000 0.000 0.000 0.000 0.000 0.002 0.006 0.019 0.048 0.096 0.152 0.199 0.238 0.268 0.510 0.918 1.322 1.710 2.142 2.678 3.516 4.361 5.415 6.538 7.544 8.226 8.654 8.819 8.949 9.130 9.235 9.207 9.160 9.181 9.082 8.690 7.974 7.132 6.402 5.967 5.924 5.800 5.588 5.241 4.713 4.193 3.643 2.901 2.083 1.920 1.842 1.807 1.764 1.712 1.597 1.358 1.027 0.750 0.537 0.380 0.274 0.205 0.156 0.112 0.069 0.042 0.032 0.031 0.033 0.046 0.050
0.000 0.000 0.000 0.000 0.000 0.000 0.000 0.000 0.000 0.000 0.000 0.003 0.011 0.036 0.089 0.176 0.273 0.344 0.409 0.486 0.984 1.599 2.080 2.503 2.959 3.516 4.147 4.716 5.392 6.600 7.680 8.384 8.675 8.771 8.809 8.947 8.987 8.932 8.846 8.806 8.684 8.274 7.486 6.407 5.521 5.446 5.382 5.237 5.012 4.694 4.237 3.813 3.157 2.215 1.832 1.596 1.397 1.227 1.077 0.938 0.795 0.619 0.415 0.265 0.172 0.118 0.085 0.065 0.051 0.039 0.028 0.021 0.018 0.017 0.018 0.020 0.021
0.000 0.000 0.000 0.000 0.000 0.000 0.000 0.000 0.000 0.000 0.000 0.003 0.014 0.046 0.114 0.224 0.367 0.515 0.666 0.858 1.740 2.555 3.088 3.534 4.005 4.568 5.096 5.557 5.927 6.537 7.593 8.273 8.556 8.660 8.583 8.489 8.438 8.325 8.177 7.989 7.685 7.082 6.080 5.229 5.123 5.043 4.949 4.795 4.569 4.265 3.814 3.160 2.268 1.883 1.578 1.322 1.092 0.876 0.681 0.509 0.362 0.236 0.140 0.081 0.051 0.037 0.028 0.023 0.020 0.017 0.014 0.012 0.011 0.011 0.011 0.011 0.011
0.000 0.000 0.000 0.000 0.000 0.000 0.000 0.000 0.000 0.000 0.000 0.004 0.015 0.048 0.120 0.241 0.407 0.628 0.925 1.486 2.754 3.812 4.425 4.893 5.352 5.783 6.098 6.331 6.512 6.631 7.392 8.065 8.344 8.401 8.158 7.862 7.703 7.462 7.156 6.806 6.418 5.793 5.242 5.071 5.014 4.956 4.835 4.620 4.294 3.820 3.158 2.589 1.959 1.602 1.301 1.048 0.822 0.609 0.420 0.267 0.156 0.085 0.047 0.028 0.019 0.015 0.013 0.011 0.010 0.009 0.008 0.008 0.007 0.007 0.007 0.007 0.006
0.000 0.000 0.000 0.000 0.000 0.000 0.000 0.000 0.000 0.000 0.000 0.003 0.014 0.045 0.116 0.239 0.418 0.668 1.055 2.176 3.922 5.231 5.935 6.335 6.636 6.846 6.952 6.956 6.934 6.886 7.077 7.718 8.116 8.200 7.954 7.447 7.070 6.942 6.704 6.359 5.951 5.554 5.200 5.006 4.910 4.783 4.589 4.245 3.787 3.192 2.442 1.974 1.636 1.288 0.991 0.748 0.538 0.357 0.214 0.116 0.057 0.028 0.015 0.010 0.008 0.007 0.006 0.006 0.006 0.005 0.005 0.005 0.004 0.004 0.004 0.004 0.004
0.000 0.000 0.000 0.000 0.000 0.000 0.000 0.000 0.000 0.000 0.000 0.002 0.010 0.035 0.095 0.212 0.401 0.672 1.508 3.090 5.057 6.455 7.153 7.480 7.639 7.685 7.580 7.347 7.161 7.020 6.863 7.202 7.661 7.736 7.473 6.999 6.889 6.652 6.346 6.048 5.784 5.536 5.254 4.955 4.748 4.535 4.218 3.793 3.252 2.623 1.909 1.589 1.281 0.950 0.667 0.445 0.277 0.159 0.083 0.038 0.017 0.008 0.005 0.004 0.003 0.003 0.003 0.003 0.003 0.003 0.003 0.002 0.002 0.002 0.002 0.002 0.002
0.000 0.000 0.000 0.000 0.000 0.000 0.000 0.000 0.000 0.000 0.000 0.001 0.005 0.019 0.060 0.157 0.392 1.026 2.246 4.024 5.850 7.224 8.006 8.330 8.368 8.238 7.923 7.608 7.310 7.079 6.802 6.776 7.000 7.060 7.007 6.908 6.653 6.271 6.058 5.904 5.749 5.535 5.254 4.939 4.626 4.307 3.917 3.403 2.829 2.190 1.459 1.175 0.896 0.602 0.373 0.216 0.119 0.059 0.027 0.011 0.005 0.002 0.002 0.001 0.001 0.002 0.002 0.002 0.001 0.001 0.001 0.001 0.001 0.001 0.001 0.001 0.001
0.000 0.000 0.000 0.000 0.000 0.000 0.000 0.000 0.000 0.000 0.000 0.001 0.004 0.022 0.084 0.269 0.711 1.581 2.966 4.729 6.225 7.374 8.188 8.564 8.617 8.505 8.233 7.753 7.328 6.944 6.726 6.963 7.082 7.112 7.064 6.897 6.497 6.143 5.981 5.880 5.748 5.527 5.221 4.904 4.561 4.129 3.632 3.111 2.521 1.839 1.102 0.654 0.454 0.274 0.150 0.076 0.035 0.015 0.006 0.003 0.001 0.001 0.001 0.000 0.000 0.000 0.000 0.000 0.000 0.000 0.000 0.000 0.000 0.000 0.000 0.000 0.000
0.000 0.000 0.000 0.000 0.000 0.000 0.000 0.000 0.000 0.000 0.000 0.002 0.010 0.043 0.158 0.468 1.110 2.143 3.542 5.074 6.290 7.236 7.886 8.328 8.548 8.512 8.212 7.646 7.149 6.751 6.866 7.103 7.151 7.120 7.079 6.836 6.371 6.126 6.019 5.923 5.754 5.506 5.193 4.828 4.426 3.975 3.451 2.878 2.242 1.522 0.813 0.334 0.144 0.077 0.038 0.017 0.007 0.003 0.001 0.001 0.000 0.000 0.000 0.000 0.000 0.000 0.000 0.000 0.000 0.000 0.000 0.000 0.000 0.000 0.000 0.000 0.000
0.000 0.000 0.000 0.000 0.000 0.000 0.000 0.000 0.000 0.000 0.000 0.003 0.017 0.071 0.243 0.673 1.487 2.649 3.921 5.151 6.176 6.933 7.397 7.815 8.001 7.958 7.614 7.059 6.733 6.651 6.956 7.120 7.156 7.132 7.019 6.722 6.345 6.175 6.084 5.954 5.714 5.431 5.126 4.773 4.331 3.819 3.300 2.709 2.042 1.287 0.613 0.219 0.058 0.014 0.007 0.003 0.001 0.001 0.000 0.000 0.000 0.000 0.000 0.000 0.000 0.000 0.000 0.000 0.000 0.000 0.000 0.000 0.000 0.000 0.000 0.000 0.000
0.000 0.000 0.000 0.000 0.000 0.000 0.000 0.000 0.000 0.000 0.001 0.004 0.024 0.099 0.327 0.861 1.824 3.092 4.187 5.143 5.983 6.599 7.005 7.223 7.259 7.157 6.856 6.605 6.510 6.740 7.058 7.171 7.201 7.148 6.964 6.617 6.340 6.269 6.180 5.963 5.654 5.346 5.054 4.698 4.235 3.711 3.141 2.512 1.798 1.029 0.439 0.139 0.033 0.006 0.001 0.001 0.000 0.000 0.000 0.000 0.000 0.000 0.000 0.000 0.000 0.000 0.000 0.000 0.000 0.000 0.000 0.000 0.000 0.000 0.000 0.000 0.000
0.000 0.000 0.000 0.000 0.000 0.000 0.000 0.000 0.000 0.000 0.000 0.005 0.028 0.121 0.396 1.020 2.116 3.429 4.406 5.165 5.845 6.304 6.612 6.752 6.746 6.598 6.451 6.328 6.337 6.762 7.061 7.208 7.233 7.185 6.998 6.632 6.418 6.331 6.238 5.948 5.587 5.289 4.968 4.617 4.148 3.590 2.982 2.301 1.522 0.756 0.284 0.080 0.017 0.003 0.000 0.000 0.000 0.000 0.000 0.000 0.000 0.000 0.000 0.000 0.000 0.000 0.000 0.000 0.000 0.000 0.000 0.000 0.000 0.000 0.000 0.000 0.000
0.000 0.000 0.000 0.000 0.000 0.000 0.000 0.000 0.000 0.000 0.001 0.005 0.030 0.136 0.456 1.151 2.356 3.732 4.635 5.225 5.693 6.004 6.254 6.452 6.350 6.097 6.047 6.057 6.300 6.727 7.016 7.221 7.303 7.264 7.081 6.791 6.612 6.443 6.259 5.879 5.467 5.175 4.867 4.499 4.033 3.463 2.816 2.100 1.247 0.545 0.178 0.044 0.008 0.001 0.000 0.000 0.000 0.000 0.000 0.000 0.000 0.000 0.000 0.000 0.000 0.000 0.000 0.000 0.000 0.000 0.000 0.000 0.000 0.000 0.000 0.000 0.000
0.000 0.000 0.000 0.000 0.000 0.000 0.000 0.001 0.001 0.002 0.003 0.004 0.029 0.143 0.500 1.284 2.587 3.987 4.923 5.455 5.712 5.842 5.929 6.340 6.417 6.161 5.601 5.836 6.255 6.655 7.018 7.296 7.420 7.405 7.292 7.086 6.846 6.626 6.339 5.858 5.401 5.104 4.808 4.389 3.878 3.280 2.593 1.794 0.940 0.363 0.106 0.023 0.004 0.000 0.000 0.000 0.000 0.000 0.000 0.000 0.000 0.000 0.000 0.000 0.000 0.000 0.000 0.000 0.000 0.000 0.000 0.000 0.000 0.000 0.000 0.000 0.000
