RESULTS/r.avaflow_results/32_results/32_ascii/32_hflow0012.asc
ncols 506
nrows 317
xllcenter 498237.50
yllcenter 5580050.00
cellsize 12.50
NODATA_value -9999.000
[rows 170 to 203 of 317, columns 77 to 153 of 506]
0.000 0.000 0.000 0.000 0.000 0.000 0.000 0.000 0.000 0.000 0.000 0.000 0.000 0.000 0.000 0.000 0.000 0.000 0.000 0.000 0.000 0.000 0.000 0.000 0.001 0.002 0.003 0.005 0.006 0.006 0.006 0.006 0.006 0.005 0.004 0.004 0.004 0.005 0.009 0.018 0.032 0.054 0.094 0.172 0.256 0.291 0.292 0.272 0.253 0.278 0.370 0.596 1.087 1.902 2.639 3.110 3.560 4.170 5.028 6.233 7.958 10.241 12.652 14.285 15.042 15.157 14.945 14.644 14.228 13.470 12.305 10.988 9.912 9.197 8.705 8.306 7.946
0.000 0.000 0.000 0.000 0.000 0.000 0.000 0.000 0.000 0.000 0.000 0.000 0.000 0.000 0.000 0.000 0.000 0.000 0.000 0.000 0.000 0.000 0.000 0.001 0.002 0.004 0.007 0.010 0.012 0.014 0.014 0.014 0.013 0.011 0.009 0.008 0.009 0.012 0.020 0.035 0.059 0.098 0.164 0.278 0.404 0.471 0.491 0.505 0.571 0.732 1.019 1.504 2.242 2.966 3.420 3.798 4.249 4.859 5.718 6.965 8.744 11.050 13.327 14.809 15.437 15.477 15.190 14.802 14.243 13.432 12.503 11.793 11.462 11.425 11.527 11.693 11.933
0.000 0.000 0.000 0.000 0.000 0.000 0.000 0.000 0.000 0.000 0.000 0.000 0.000 0.000 0.000 0.000 0.000 0.000 0.000 0.000 0.000 0.000 0.001 0.002 0.005 0.009 0.014 0.020 0.024 0.025 0.026 0.026 0.025 0.021 0.017 0.016 0.017 0.023 0.037 0.063 0.106 0.171 0.274 0.433 0.617 0.748 0.850 0.988 1.240 1.628 2.167 2.786 3.345 3.696 3.986 4.335 4.776 5.353 6.179 7.409 9.163 11.414 13.548 14.923 15.486 15.513 15.254 14.892 14.442 13.941 13.593 13.542 13.625 13.743 13.941 14.417 15.248
0.000 0.000 0.000 0.000 0.000 0.000 0.000 0.000 0.000 0.000 0.000 0.000 0.000 0.000 0.000 0.000 0.000 0.000 0.000 0.000 0.000 0.001 0.003 0.006 0.010 0.017 0.026 0.035 0.041 0.044 0.045 0.045 0.043 0.037 0.031 0.029 0.031 0.040 0.064 0.110 0.183 0.290 0.443 0.656 0.918 1.177 1.454 1.819 2.323 2.943 3.552 3.985 4.221 4.367 4.539 4.800 5.177 5.702 6.488 7.664 9.316 11.405 13.364 14.648 15.223 15.372 15.325 15.231 15.218 15.259 15.281 15.277 15.266 15.330 15.647 16.468 17.843
0.000 0.000 0.000 0.000 0.000 0.000 0.000 0.000 0.000 0.000 0.000 0.000 0.000 0.000 0.000 0.000 0.000 0.000 0.000 0.000 0.001 0.003 0.006 0.011 0.019 0.029 0.043 0.058 0.068 0.073 0.074 0.074 0.071 0.062 0.052 0.048 0.050 0.065 0.105 0.183 0.301 0.466 0.688 0.984 1.355 1.803 2.335 2.990 3.671 4.263 4.685 4.925 5.027 5.073 5.081 5.177 5.452 5.904 6.616 7.679 9.141 10.942 12.719 14.019 14.815 15.326 15.696 15.987 16.226 16.355 16.337 16.244 16.204 16.400 16.993 18.068 19.603
0.000 0.000 0.000 0.000 0.000 0.000 0.000 0.000 0.000 0.000 0.000 0.000 0.000 0.000 0.000 0.000 0.000 0.000 0.000 0.001 0.003 0.006 0.012 0.020 0.032 0.048 0.071 0.094 0.109 0.116 0.118 0.118 0.113 0.100 0.082 0.076 0.078 0.099 0.164 0.288 0.473 0.715 1.032 1.443 1.973 2.656 3.479 4.287 4.919 5.345 5.607 5.727 5.770 5.724 5.574 5.474 5.606 5.965 6.566 7.466 8.682 10.150 11.726 13.175 14.352 15.282 15.916 16.300 16.548 16.648 16.599 16.497 16.498 16.881 17.723 18.892 20.288
0.000 0.000 0.000 0.000 0.000 0.000 0.000 0.000 0.000 0.000 0.000 0.000 0.000 0.000 0.000 0.000 0.000 0.000 0.001 0.003 0.006 0.012 0.020 0.033 0.051 0.077 0.112 0.147 0.169 0.180 0.183 0.183 0.176 0.156 0.126 0.113 0.115 0.145 0.241 0.428 0.703 1.051 1.490 2.055 2.788 3.736 4.684 5.405 5.920 6.223 6.368 6.412 6.393 6.257 5.986 5.714 5.674 5.900 6.377 7.096 8.092 9.335 10.747 12.295 13.791 14.961 15.667 16.031 16.233 16.280 16.192 16.077 16.113 16.592 17.543 18.759 20.080
0.000 0.000 0.000 0.000 0.000 0.000 0.000 0.000 0.000 0.000 0.000 0.000 0.000 0.000 0.000 0.000 0.000 0.000 0.002 0.005 0.011 0.020 0.034 0.053 0.081 0.121 0.173 0.223 0.256 0.272 0.277 0.276 0.265 0.237 0.190 0.164 0.164 0.202 0.337 0.603 0.997 1.487 2.079 2.831 3.777 4.796 5.651 6.261 6.673 6.892 6.973 6.976 6.888 6.665 6.305 5.926 5.757 5.839 6.152 6.685 7.488 8.545 9.821 11.352 12.886 13.990 14.604 14.890 14.987 14.923 14.764 14.601 14.640 15.164 16.236 17.624 19.071
0.000 0.000 0.000 0.000 0.000 0.000 0.000 0.000 0.000 0.000 0.000 0.000 0.000 0.000 0.000 0.000 0.000 0.001 0.003 0.009 0.018 0.033 0.053 0.084 0.126 0.185 0.262 0.332 0.377 0.400 0.407 0.406 0.391 0.352 0.280 0.230 0.223 0.260 0.422 0.785 1.344 2.026 2.813 3.745 4.745 5.649 6.378 6.898 7.224 7.379 7.426 7.405 7.259 6.966 6.534 6.072 5.822 5.795 5.958 6.318 6.895 7.699 8.765 10.113 11.405 12.279 12.760 12.953 12.915 12.735 12.489 12.329 12.475 13.168 14.414 15.980 17.657
0.000 0.000 0.000 0.000 0.000 0.000 0.000 0.000 0.000 0.000 0.000 0.000 0.000 0.000 0.000 0.000 0.000 0.001 0.003 0.011 0.027 0.050 0.083 0.128 0.192 0.278 0.387 0.482 0.544 0.576 0.585 0.583 0.565 0.510 0.404 0.315 0.291 0.316 0.478 0.915 1.657 2.578 3.553 4.569 5.495 6.267 6.888 7.338 7.592 7.692 7.700 7.657 7.486 7.167 6.691 6.165 5.841 5.726 5.768 5.964 6.305 6.818 7.521 8.471 9.384 10.001 10.356 10.468 10.359 10.169 10.019 10.109 10.636 11.661 13.050 14.636 16.332
0.000 0.000 0.000 0.000 0.000 0.000 0.000 0.000 0.000 0.000 0.000 0.000 0.000 0.000 0.000 0.000 0.000 0.000 0.003 0.010 0.029 0.067 0.122 0.192 0.286 0.409 0.560 0.685 0.767 0.810 0.823 0.821 0.795 0.720 0.574 0.426 0.369 0.379 0.521 0.990 1.877 3.034 4.137 5.187 6.071 6.738 7.225 7.578 7.795 7.860 7.846 7.779 7.595 7.272 6.779 6.206 5.821 5.634 5.573 5.610 5.750 6.008 6.383 6.894 7.373 7.700 7.892 7.957 7.928 7.890 7.956 8.316 9.137 10.362 11.806 13.327 14.899
0.000 0.000 0.000 0.000 0.000 0.000 0.000 0.000 0.000 0.000 0.000 0.000 0.000 0.000 0.000 0.000 0.000 0.000 0.002 0.007 0.026 0.073 0.161 0.277 0.416 0.590 0.793 0.955 1.060 1.115 1.132 1.128 1.091 0.994 0.807 0.582 0.470 0.458 0.571 1.037 2.005 3.359 4.548 5.596 6.455 7.055 7.431 7.698 7.871 7.911 7.898 7.822 7.639 7.304 6.808 6.215 5.776 5.509 5.330 5.231 5.212 5.265 5.392 5.568 5.700 5.775 5.806 5.811 5.833 5.925 6.188 6.764 7.740 9.015 10.389 11.729 13.047
0.000 0.000 0.000 0.000 0.000 0.000 0.000 0.000 0.000 0.000 0.000 0.000 0.000 0.000 0.000 0.000 0.000 0.000 0.001 0.003 0.016 0.064 0.184 0.373 0.590 0.837 1.096 1.302 1.435 1.501 1.520 1.513 1.464 1.344 1.121 0.814 0.627 0.581 0.662 1.098 2.078 3.538 4.801 5.811 6.650 7.227 7.551 7.748 7.872 7.908 7.889 7.805 7.607 7.275 6.796 6.204 5.699 5.321 5.022 4.801 4.644 4.535 4.477 4.432 4.356 4.270 4.187 4.129 4.130 4.232 4.563 5.251 6.284 7.466 8.635 9.740 10.813
0.000 0.000 0.000 0.000 0.000 0.000 0.000 0.000 0.000 0.000 0.000 0.000 0.000 0.000 0.000 0.000 0.000 0.000 0.001 0.002 0.009 0.048 0.187 0.458 0.801 1.159 1.477 1.726 1.892 1.971 1.990 1.982 1.926 1.786 1.531 1.157 0.885 0.789 0.834 1.209 2.136 3.615 4.951 5.927 6.709 7.272 7.600 7.755 7.839 7.857 7.829 7.725 7.508 7.169 6.721 6.148 5.567 5.075 4.655 4.301 4.005 3.771 3.624 3.499 3.348 3.186 3.030 2.902 2.828 2.845 3.057 3.620 4.555 5.606 6.626 7.650 8.669
0.000 0.000 0.000 0.000 0.000 0.000 0.000 0.000 0.000 0.000 0.000 0.000 0.000 0.000 0.000 0.000 0.000 0.000 0.001 0.003 0.007 0.034 0.169 0.496 0.971 1.486 1.922 2.230 2.427 2.527 2.549 2.539 2.481 2.334 2.059 1.642 1.297 1.142 1.147 1.432 2.242 3.637 4.991 5.957 6.722 7.265 7.590 7.712 7.771 7.736 7.648 7.461 7.206 6.902 6.503 5.973 5.374 4.786 4.226 3.739 3.332 3.045 2.898 2.759 2.592 2.407 2.223 2.047 1.886 1.791 1.821 2.048 2.580 3.394 4.416 5.567 6.625
0.000 0.000 0.000 0.000 0.000 0.000 0.000 0.000 0.000 0.000 0.000 0.000 0.000 0.000 0.000 0.000 0.001 0.002 0.003 0.005 0.008 0.026 0.136 0.474 1.041 1.708 2.315 2.772 3.044 3.172 3.210 3.197 3.137 2.994 2.727 2.304 1.915 1.723 1.694 1.887 2.503 3.653 4.960 5.934 6.705 7.202 7.496 7.577 7.613 7.508 7.285 6.900 6.496 6.238 5.965 5.591 5.089 4.467 3.791 3.206 2.751 2.447 2.288 2.143 1.979 1.801 1.626 1.443 1.235 1.054 0.950 0.946 1.117 1.580 2.366 3.412 4.357
0.000 0.000 0.000 0.000 0.000 0.000 0.000 0.000 0.000 0.000 0.000 0.000 0.000 0.000 0.000 0.001 0.002 0.004 0.007 0.011 0.015 0.028 0.100 0.401 1.013 1.808 2.587 3.234 3.682 3.908 3.973 3.971 3.919 3.792 3.555 3.173 2.792 2.595 2.552 2.650 3.025 3.803 4.911 5.881 6.607 7.046 7.279 7.315 7.311 7.147 6.750 6.043 5.340 5.051 4.961 4.847 4.597 4.095 3.391 2.731 2.254 1.946 1.771 1.619 1.463 1.306 1.160 0.998 0.802 0.597 0.450 0.381 0.386 0.543 0.940 1.524 1.938
0.000 0.000 0.000 0.000 0.000 0.000 0.000 0.000 0.000 0.000 0.000 0.000 0.000 0.000 0.001 0.003 0.006 0.010 0.017 0.024 0.030 0.040 0.081 0.302 0.900 1.802 2.730 3.557 4.199 4.609 4.799 4.843 4.818 4.733 4.560 4.263 3.920 3.720 3.656 3.672 3.820 4.213 4.942 5.786 6.413 6.767 6.930 6.926 6.872 6.655 6.149 5.276 4.276 3.744 3.636 3.689 3.721 3.508 2.957 2.279 1.796 1.501 1.325 1.172 1.023 0.890 0.774 0.650 0.501 0.332 0.215 0.158 0.143 0.168 0.282 0.462 0.536
0.000 0.000 0.000 0.000 0.000 0.000 0.000 0.000 0.000 0.000 0.000 0.000 0.000 0.001 0.003 0.007 0.014 0.025 0.039 0.050 0.058 0.066 0.090 0.226 0.731 1.686 2.767 3.745 4.580 5.177 5.523 5.658 5.680 5.651 5.547 5.333 5.010 4.715 4.550 4.498 4.538 4.705 5.074 5.662 6.135 6.367 6.465 6.444 6.356 6.096 5.573 4.742 3.654 2.874 2.547 2.493 2.546 2.560 2.326 1.818 1.355 1.082 0.917 0.774 0.640 0.535 0.451 0.370 0.278 0.172 0.104 0.073 0.064 0.066 0.090 0.123 0.127
0.000 0.000 0.000 0.000 0.000 0.000 0.000 0.000 0.000 0.000 0.000 0.000 0.001 0.003 0.008 0.019 0.036 0.060 0.083 0.098 0.106 0.109 0.119 0.201 0.587 1.483 2.689 3.805 4.802 5.576 6.068 6.328 6.414 6.410 6.330 6.139 5.828 5.430 5.143 4.992 4.939 4.977 5.150 5.495 5.791 5.917 5.948 5.897 5.777 5.501 5.009 4.267 3.281 2.419 1.898 1.675 1.594 1.546 1.450 1.205 0.877 0.656 0.518 0.412 0.324 0.260 0.212 0.172 0.129 0.081 0.051 0.038 0.035 0.035 0.039 0.044 0.044
0.000 0.000 0.000 0.000 0.000 0.000 0.000 0.000 0.000 0.000 0.000 0.000 0.002 0.007 0.020 0.046 0.084 0.127 0.160 0.177 0.181 0.177 0.176 0.228 0.529 1.305 2.490 3.724 4.855 5.796 6.447 6.823 6.974 6.997 6.909 6.699 6.359 5.878 5.491 5.249 5.109 5.075 5.130 5.294 5.423 5.458 5.433 5.346 5.182 4.895 4.444 3.799 2.951 2.157 1.587 1.231 1.022 0.883 0.761 0.609 0.437 0.311 0.225 0.166 0.126 0.100 0.081 0.067 0.053 0.038 0.028 0.023 0.022 0.021 0.023 0.023 0.023
0.000 0.000 0.000 0.000 0.000 0.000 0.000 0.000 0.000 0.000 0.000 0.001 0.004 0.016 0.044 0.098 0.174 0.239 0.278 0.296 0.297 0.285 0.272 0.303 0.550 1.218 2.277 3.538 4.823 5.889 6.660 7.137 7.339 7.374 7.284 7.040 6.654 6.107 5.658 5.347 5.141 5.059 5.024 5.027 5.019 4.994 4.917 4.796 4.594 4.303 3.890 3.327 2.603 1.906 1.380 1.001 0.733 0.544 0.400 0.282 0.189 0.124 0.082 0.057 0.044 0.037 0.032 0.028 0.025 0.020 0.017 0.015 0.014 0.014 0.015 0.015 0.015
0.000 0.000 0.000 0.000 0.000 0.000 0.000 0.000 0.000 0.000 0.000 0.001 0.006 0.024 0.068 0.149 0.265 0.381 0.448 0.471 0.474 0.460 0.436 0.451 0.643 1.207 2.156 3.345 4.713 5.901 6.769 7.304 7.521 7.544 7.460 7.189 6.756 6.177 5.691 5.348 5.096 4.920 4.780 4.682 4.593 4.499 4.377 4.213 3.997 3.714 3.328 2.827 2.204 1.618 1.165 0.826 0.575 0.390 0.254 0.158 0.094 0.055 0.034 0.024 0.020 0.017 0.016 0.015 0.014 0.012 0.011 0.010 0.010 0.009 0.009 0.010 0.010
0.000 0.000 0.000 0.000 0.000 0.000 0.000 0.000 0.000 0.000 0.000 0.001 0.007 0.027 0.077 0.172 0.310 0.481 0.639 0.716 0.733 0.728 0.706 0.708 0.845 1.294 2.128 3.257 4.613 5.843 6.752 7.300 7.553 7.582 7.483 7.215 6.755 6.172 5.647 5.231 4.886 4.605 4.377 4.219 4.084 3.935 3.778 3.591 3.382 3.105 2.736 2.284 1.750 1.285 0.923 0.651 0.447 0.294 0.182 0.105 0.056 0.029 0.017 0.012 0.010 0.010 0.009 0.009 0.008 0.008 0.007 0.006 0.006 0.006 0.006 0.006 0.006
0.000 0.000 0.000 0.000 0.000 0.000 0.000 0.000 0.000 0.000 0.000 0.001 0.007 0.026 0.077 0.174 0.322 0.520 0.765 0.979 1.081 1.102 1.102 1.107 1.193 1.526 2.222 3.272 4.579 5.769 6.684 7.251 7.508 7.525 7.422 7.132 6.642 6.051 5.464 4.940 4.480 4.093 3.797 3.595 3.427 3.255 3.083 2.901 2.705 2.451 2.133 1.752 1.319 0.957 0.679 0.475 0.322 0.207 0.123 0.066 0.032 0.015 0.008 0.006 0.006 0.005 0.005 0.005 0.005 0.004 0.004 0.004 0.003 0.003 0.003 0.003 0.003
0.000 0.000 0.000 0.000 0.000 0.000 0.000 0.000 0.000 0.000 0.000 0.001 0.006 0.022 0.067 0.160 0.311 0.523 0.805 1.149 1.441 1.589 1.634 1.655 1.708 1.938 2.517 3.461 4.640 5.687 6.512 7.047 7.301 7.304 7.162 6.815 6.290 5.680 5.029 4.408 3.849 3.382 3.023 2.767 2.573 2.414 2.266 2.119 1.970 1.792 1.566 1.276 0.942 0.665 0.455 0.304 0.196 0.117 0.064 0.032 0.014 0.007 0.004 0.003 0.003 0.003 0.003 0.002 0.002 0.002 0.002 0.002 0.002 0.002 0.001 0.001 0.001
0.000 0.000 0.000 0.000 0.000 0.000 0.000 0.000 0.000 0.000 0.000 0.001 0.003 0.013 0.044 0.120 0.264 0.491 0.799 1.202 1.673 2.053 2.268 2.355 2.405 2.562 3.040 3.829 4.741 5.533 6.180 6.626 6.836 6.812 6.594 6.161 5.599 4.961 4.285 3.618 3.005 2.498 2.127 1.881 1.710 1.592 1.501 1.413 1.319 1.202 1.045 0.838 0.599 0.399 0.252 0.152 0.087 0.046 0.022 0.010 0.004 0.002 0.001 0.001 0.001 0.001 0.001 0.001 0.001 0.001 0.001 0.001 0.000 0.000 0.000 0.000 0.000
0.000 0.000 0.000 0.000 0.000 0.000 0.000 0.000 0.000 0.000 0.000 0.000 0.001 0.005 0.019 0.065 0.180 0.399 0.735 1.180 1.759 2.358 2.794 3.046 3.192 3.324 3.589 4.047 4.574 5.023 5.403 5.753 5.949 5.912 5.628 5.131 4.526 3.885 3.224 2.609 2.088 1.687 1.393 1.192 1.056 0.964 0.895 0.833 0.764 0.676 0.567 0.433 0.289 0.176 0.099 0.052 0.025 0.011 0.005 0.002 0.001 0.001 0.000 0.000 0.000 0.000 0.000 0.000 0.000 0.000 0.000 0.000 0.000 0.000 0.000 0.000 0.000
0.000 0.000 0.000 0.000 0.000 0.000 0.000 0.000 0.000 0.000 0.000 0.000 0.000 0.002 0.007 0.027 0.091 0.255 0.575 1.061 1.718 2.494 3.107 3.498 3.717 3.798 3.833 3.879 3.839 3.797 3.859 4.067 4.371 4.390 4.138 3.663 3.098 2.588 2.120 1.710 1.359 1.077 0.862 0.707 0.598 0.522 0.462 0.406 0.350 0.288 0.221 0.151 0.090 0.048 0.024 0.011 0.005 0.002 0.001 0.000 0.000 0.000 0.000 0.000 0.000 0.000 0.000 0.000 0.000 0.000 0.000 0.000 0.000 0.000 0.000 0.000 0.000
0.000 0.000 0.000 0.000 0.000 0.000 0.000 0.000 0.000 0.000 0.000 0.000 0.000 0.001 0.002 0.009 0.035 0.118 0.340 0.789 1.509 2.452 3.183 3.602 3.774 3.758 3.538 2.996 2.234 1.735 1.633 1.795 2.233 2.446 2.381 2.154 1.849 1.565 1.301 1.056 0.836 0.651 0.503 0.391 0.307 0.247 0.199 0.159 0.122 0.089 0.058 0.033 0.017 0.008 0.004 0.002 0.001 0.000 0.000 0.000 0.000 0.000 0.000 0.000 0.000 0.000 0.000 0.000 0.000 0.000 0.000 0.000 0.000 0.000 0.000 0.000 0.000
0.000 0.000 0.000 0.000 0.000 0.000 0.000 0.000 0.000 0.000 0.000 0.000 0.000 0.001 0.001 0.003 0.011 0.040 0.129 0.374 0.911 1.807 2.544 2.821 2.823 2.643 2.131 1.311 0.639 0.368 0.340 0.434 0.730 1.020 1.098 1.063 0.968 0.850 0.729 0.606 0.482 0.370 0.276 0.201 0.143 0.102 0.073 0.052 0.036 0.023 0.013 0.006 0.003 0.001 0.001 0.000 0.000 0.000 0.000 0.000 0.000 0.000 0.000 0.000 0.000 0.000 0.000 0.000 0.000 0.000 0.000 0.000 0.000 0.000 0.000 0.000 0.000
0.000 0.000 0.000 0.000 0.000 0.000 0.000 0.000 0.000 0.000 0.000 0.000 0.000 0.001 0.001 0.002 0.005 0.013 0.041 0.119 0.321 0.768 1.192 1.312 1.289 1.111 0.724 0.326 0.129 0.057 0.039 0.044 0.116 0.269 0.364 0.393 0.394 0.374 0.340 0.297 0.243 0.188 0.136 0.093 0.060 0.038 0.024 0.015 0.009 0.005 0.003 0.001 0.001 0.000 0.000 0.000 0.000 0.000 0.000 0.000 0.000 0.000 0.000 0.000 0.000 0.000 0.000 0.000 0.000 0.000 0.000 0.000 0.000 0.000 0.000 0.000 0.000
0.000 0.000 0.000 0.000 0.000 0.000 0.000 0.000 0.000 0.000 0.000 0.000 0.000 0.001 0.001 0.003 0.005 0.012 0.033 0.093 0.242 0.540 0.793 0.854 0.824 0.650 0.341 0.134 0.051 0.020 0.010 0.007 0.008 0.036 0.074 0.097 0.111 0.116 0.115 0.108 0.093 0.075 0.055 0.035 0.021 0.012 0.007 0.004 0.002 0.001 0.001 0.000 0.000 0.000 0.000 0.000 0.000 0.000 0.000 0.000 0.000 0.000 0.000 0.000 0.000 0.000 0.000 0.000 0.000 0.000 0.000 0.000 0.000 0.000 0.000 0.000 0.000
0.000 0.000 0.000 0.000 0.000 0.000 0.000 0.000 0.000 0.000 0.000 0.001 0.001 0.002 0.003 0.005 0.009 0.019 0.049 0.130 0.316 0.597 0.755 0.773 0.699 0.464 0.198 0.075 0.029 0.013 0.007 0.004 0.003 0.003 0.009 0.016 0.022 0.025 0.026 0.026 0.024 0.021 0.016 0.010 0.006 0.003 0.002 0.001 0.001 0.000 0.000 0.000 0.000 0.000 0.000 0.000 0.000 0.000 0.000 0.000 0.000 0.000 0.000 0.000 0.000 0.000 0.000 0.000 0.000 0.000 0.000 0.000 0.000 0.000 0.000 0.000 0.000
