RESULTS/r.avaflow_results/32_results/32_ascii/32_hflow_max0009.asc
ncols 506
nrows 317
xllcenter 498237.50
yllcenter 5580050.00
cellsize 12.50
NODATA_value -9999.000
[rows 170 to 203 of 317, columns 77 to 153 of 506]
0.000 0.000 0.000 0.000 0.000 0.000 0.000 0.000 0.000 0.000 0.000 0.000 0.000 0.000 0.000 0.000 0.000 0.000 0.000 0.000 0.000 0.000 0.000 0.000 0.000 0.000 0.001 0.002 0.003 0.004 0.004 0.004 0.004 0.003 0.003 0.002 0.002 0.002 0.002 0.004 0.009 0.023 0.056 0.120 0.217 0.339 0.431 0.489 0.552 0.630 0.773 1.079 1.648 2.941 4.804 6.650 9.367 13.069 16.843 20.013 22.381 23.653 24.173 23.986 23.298 22.417 21.574 20.587 19.596 18.584 17.312 15.899 14.727 14.242 13.927 13.661 13.470
0.000 0.000 0.000 0.000 0.000 0.000 0.000 0.000 0.000 0.000 0.000 0.000 0.000 0.000 0.000 0.000 0.000 0.000 0.000 0.000 0.000 0.000 0.000 0.000 0.001 0.002 0.004 0.006 0.009 0.010 0.011 0.011 0.010 0.009 0.007 0.005 0.005 0.006 0.008 0.012 0.023 0.055 0.120 0.230 0.386 0.578 0.760 0.923 1.111 1.331 1.627 2.217 3.129 4.468 6.046 8.598 11.222 15.268 19.083 22.118 24.144 25.156 25.143 24.635 23.791 22.955 21.914 20.729 19.551 18.399 17.325 16.785 16.514 16.333 16.230 16.349 16.664
0.000 0.000 0.000 0.000 0.000 0.000 0.000 0.000 0.000 0.000 0.000 0.000 0.000 0.000 0.000 0.000 0.000 0.000 0.000 0.000 0.000 0.000 0.000 0.001 0.002 0.005 0.008 0.014 0.018 0.021 0.022 0.022 0.021 0.019 0.015 0.012 0.012 0.018 0.025 0.034 0.056 0.122 0.240 0.419 0.661 0.962 1.299 1.650 2.032 2.555 3.336 4.117 4.858 5.567 6.651 9.220 11.851 15.940 19.849 22.874 24.823 25.689 25.438 24.837 24.017 23.065 21.920 20.721 19.648 19.070 18.689 18.370 18.043 17.809 17.842 18.476 19.483
0.000 0.000 0.000 0.000 0.000 0.000 0.000 0.000 0.000 0.000 0.000 0.000 0.000 0.000 0.000 0.000 0.000 0.000 0.000 0.000 0.000 0.000 0.001 0.003 0.005 0.010 0.017 0.027 0.035 0.040 0.042 0.042 0.040 0.036 0.028 0.024 0.034 0.048 0.065 0.087 0.123 0.246 0.437 0.715 1.086 1.562 2.133 2.736 3.426 4.410 5.222 5.730 6.093 6.395 6.986 8.963 11.433 15.474 19.521 22.639 24.643 25.476 25.210 24.785 23.888 22.920 21.868 21.068 20.588 20.187 19.761 19.289 18.913 18.799 19.105 20.115 21.534
0.000 0.000 0.000 0.000 0.000 0.000 0.000 0.000 0.000 0.000 0.000 0.000 0.000 0.000 0.000 0.000 0.000 0.000 0.000 0.000 0.000 0.001 0.003 0.006 0.011 0.019 0.032 0.049 0.063 0.071 0.074 0.074 0.072 0.064 0.049 0.063 0.086 0.116 0.154 0.199 0.251 0.439 0.735 1.148 1.707 2.442 3.316 4.175 5.185 5.976 6.551 6.837 6.995 7.056 7.208 8.075 10.355 14.122 18.414 21.689 23.714 24.605 24.622 24.214 23.486 22.727 22.070 21.538 21.049 20.627 20.188 19.692 19.249 19.335 19.912 21.008 22.394
0.000 0.000 0.000 0.000 0.000 0.000 0.000 0.000 0.000 0.000 0.000 0.000 0.000 0.000 0.000 0.000 0.000 0.000 0.000 0.000 0.001 0.003 0.006 0.012 0.021 0.035 0.057 0.086 0.108 0.121 0.126 0.126 0.122 0.109 0.111 0.146 0.191 0.247 0.315 0.391 0.475 0.714 1.148 1.745 2.558 3.620 4.747 5.771 6.603 7.156 7.484 7.642 7.678 7.608 7.517 7.759 9.278 12.653 17.006 20.495 22.573 23.527 23.672 23.275 22.859 22.478 22.097 21.660 21.183 20.707 20.206 19.663 19.238 19.222 19.960 21.055 22.333
0.000 0.000 0.000 0.000 0.000 0.000 0.000 0.000 0.000 0.000 0.000 0.000 0.000 0.000 0.000 0.000 0.000 0.000 0.000 0.001 0.002 0.006 0.011 0.021 0.037 0.061 0.097 0.144 0.180 0.200 0.207 0.207 0.200 0.192 0.241 0.302 0.377 0.463 0.558 0.656 0.757 1.077 1.681 2.510 3.708 5.065 6.150 7.025 7.675 8.063 8.229 8.290 8.240 8.070 7.867 7.592 8.477 11.564 15.842 19.502 21.552 22.534 22.656 22.259 22.022 21.829 21.540 21.112 20.601 20.057 19.471 18.863 18.469 18.564 19.154 20.190 21.475
0.000 0.000 0.000 0.000 0.000 0.000 0.000 0.000 0.000 0.000 0.000 0.000 0.000 0.000 0.000 0.000 0.000 0.000 0.000 0.002 0.005 0.011 0.021 0.037 0.062 0.101 0.160 0.234 0.288 0.318 0.328 0.327 0.334 0.397 0.469 0.552 0.646 0.746 0.843 0.933 1.030 1.516 2.316 3.371 4.801 6.216 7.229 7.983 8.492 8.772 8.860 8.838 8.684 8.473 8.178 7.700 8.158 10.926 14.967 18.510 20.448 21.425 21.562 21.091 20.774 20.450 20.030 19.518 18.923 18.272 17.557 16.843 16.513 16.650 17.368 18.668 20.062
0.000 0.000 0.000 0.000 0.000 0.000 0.000 0.000 0.000 0.000 0.000 0.000 0.000 0.000 0.000 0.000 0.000 0.000 0.001 0.004 0.010 0.019 0.035 0.061 0.102 0.164 0.256 0.367 0.446 0.489 0.507 0.564 0.647 0.721 0.796 0.875 0.957 1.041 1.127 1.220 1.327 1.955 2.950 4.189 5.627 7.038 8.006 8.673 9.087 9.290 9.341 9.233 9.006 8.786 8.405 7.835 7.988 10.500 14.160 17.220 18.944 20.007 20.019 19.386 18.855 18.292 17.720 17.117 16.435 15.631 14.743 14.007 13.865 14.145 15.103 16.692 18.418
0.000 0.000 0.000 0.000 0.000 0.000 0.000 0.000 0.000 0.000 0.000 0.000 0.000 0.000 0.000 0.000 0.000 0.000 0.001 0.006 0.016 0.032 0.058 0.099 0.162 0.257 0.395 0.555 0.668 0.750 0.883 1.018 1.092 1.139 1.184 1.233 1.294 1.367 1.449 1.547 1.681 2.344 3.534 4.933 6.306 7.631 8.491 9.090 9.446 9.569 9.582 9.459 9.296 8.995 8.565 7.894 7.835 9.993 13.152 15.564 17.251 17.975 17.738 16.970 16.314 15.690 15.070 14.427 13.667 12.809 11.932 11.544 11.638 12.246 13.490 15.159 16.891
0.000 0.000 0.000 0.000 0.000 0.000 0.000 0.000 0.000 0.000 0.000 0.000 0.000 0.000 0.000 0.000 0.000 0.000 0.001 0.006 0.020 0.048 0.091 0.154 0.248 0.388 0.591 0.815 0.982 1.247 1.496 1.601 1.625 1.623 1.624 1.637 1.677 1.744 1.826 1.936 2.105 2.672 4.053 5.535 6.933 8.157 8.829 9.280 9.584 9.665 9.663 9.588 9.417 9.081 8.624 7.884 7.529 9.218 11.750 13.721 15.163 15.512 14.955 14.102 13.398 12.815 12.245 11.636 10.985 10.298 9.654 9.538 9.813 10.663 12.049 13.580 15.220
0.000 0.000 0.000 0.000 0.000 0.000 0.000 0.000 0.000 0.000 0.000 0.000 0.000 0.000 0.000 0.000 0.000 0.000 0.001 0.005 0.019 0.059 0.132 0.231 0.368 0.567 0.852 1.158 1.553 2.018 2.235 2.272 2.239 2.191 2.156 2.138 2.151 2.199 2.289 2.415 2.613 2.966 4.484 5.944 7.431 8.636 9.118 9.365 9.568 9.640 9.681 9.578 9.401 9.055 8.541 7.776 7.068 8.147 9.968 11.818 12.846 12.891 12.047 11.081 10.300 9.731 9.277 8.857 8.443 8.041 7.775 7.826 8.261 9.215 10.572 12.000 13.425
0.000 0.000 0.000 0.000 0.000 0.000 0.000 0.000 0.000 0.000 0.000 0.000 0.000 0.000 0.000 0.000 0.000 0.000 0.000 0.003 0.015 0.060 0.167 0.328 0.530 0.803 1.185 1.608 2.313 2.829 3.010 3.026 2.960 2.880 2.826 2.796 2.777 2.796 2.872 3.007 3.242 3.720 4.839 6.237 7.770 8.958 9.347 9.410 9.462 9.531 9.519 9.439 9.225 8.861 8.298 7.490 6.487 6.811 8.061 9.611 10.387 10.246 9.299 8.327 7.585 7.050 6.677 6.388 6.161 6.026 6.045 6.283 6.850 7.819 9.012 10.188 11.344
0.000 0.000 0.000 0.000 0.000 0.000 0.000 0.000 0.000 0.000 0.000 0.000 0.000 0.000 0.000 0.000 0.000 0.000 0.001 0.002 0.011 0.053 0.181 0.410 0.702 1.069 1.566 2.120 2.951 3.597 3.815 3.851 3.807 3.717 3.649 3.626 3.609 3.600 3.640 3.769 4.062 4.723 5.653 6.404 7.892 9.065 9.455 9.433 9.386 9.297 9.198 9.009 8.742 8.346 7.786 7.008 5.960 5.676 6.202 7.140 7.673 7.516 6.739 5.993 5.444 5.003 4.659 4.396 4.260 4.257 4.406 4.793 5.472 6.360 7.288 8.248 9.269
0.000 0.000 0.000 0.000 0.000 0.000 0.000 0.000 0.000 0.000 0.000 0.000 0.000 0.000 0.000 0.000 0.000 0.001 0.002 0.004 0.009 0.042 0.171 0.448 0.829 1.290 1.895 2.574 3.497 4.372 4.717 4.779 4.772 4.727 4.671 4.668 4.677 4.686 4.735 4.868 5.151 5.777 6.513 6.972 7.898 8.953 9.381 9.445 9.280 9.007 8.656 8.231 7.881 7.459 6.930 6.249 5.378 4.816 4.777 5.043 5.203 5.042 4.572 4.173 3.815 3.480 3.154 2.870 2.743 2.752 2.866 3.210 3.858 4.669 5.501 6.439 7.480
0.000 0.000 0.000 0.000 0.000 0.000 0.000 0.000 0.000 0.000 0.000 0.000 0.000 0.000 0.000 0.001 0.001 0.003 0.005 0.007 0.012 0.034 0.143 0.433 0.893 1.454 2.154 3.002 3.965 5.073 5.686 5.833 5.790 5.805 5.844 5.916 5.989 6.079 6.198 6.283 6.376 6.732 7.148 7.330 7.799 8.658 9.108 9.248 8.997 8.571 8.049 7.422 6.717 6.153 5.694 5.185 4.569 4.052 3.664 3.478 3.363 3.184 2.983 2.759 2.531 2.286 2.005 1.743 1.652 1.626 1.656 1.790 2.123 2.736 3.673 4.843 5.906
0.000 0.000 0.000 0.000 0.000 0.000 0.000 0.000 0.000 0.000 0.000 0.000 0.000 0.000 0.001 0.002 0.004 0.007 0.012 0.017 0.022 0.044 0.111 0.375 0.886 1.554 2.361 3.356 4.277 5.593 6.441 6.802 6.823 6.835 6.919 7.040 7.196 7.339 7.427 7.465 7.464 7.480 7.579 7.529 7.533 8.144 8.618 8.706 8.458 7.955 7.298 6.522 5.569 4.921 4.525 4.172 3.767 3.270 2.773 2.365 2.111 1.964 1.838 1.701 1.543 1.364 1.168 1.076 0.977 0.911 0.881 0.897 0.999 1.313 2.032 3.070 3.815
0.000 0.000 0.000 0.000 0.000 0.000 0.000 0.000 0.000 0.000 0.000 0.000 0.000 0.001 0.002 0.005 0.010 0.017 0.029 0.037 0.044 0.105 0.217 0.396 0.812 1.587 2.498 3.623 4.680 5.869 6.914 7.460 7.633 7.738 7.931 8.130 8.276 8.364 8.394 8.380 8.291 8.053 7.796 7.653 7.489 7.635 7.930 7.934 7.698 7.202 6.528 5.654 4.604 3.788 3.314 3.035 2.773 2.409 1.928 1.551 1.310 1.162 1.064 0.965 0.853 0.785 0.717 0.646 0.559 0.475 0.423 0.402 0.416 0.524 0.868 1.367 1.603
0.000 0.000 0.000 0.000 0.000 0.000 0.000 0.000 0.000 0.000 0.000 0.000 0.001 0.003 0.006 0.013 0.024 0.042 0.064 0.077 0.108 0.233 0.425 0.682 1.022 1.520 2.555 3.772 5.023 6.008 7.122 7.853 8.203 8.298 8.646 8.936 9.040 9.050 9.056 8.994 8.787 8.436 8.017 7.694 7.378 7.062 7.167 7.112 6.900 6.463 5.829 4.977 3.954 3.319 2.635 2.094 1.850 1.602 1.294 1.011 0.804 0.668 0.595 0.548 0.486 0.427 0.380 0.337 0.284 0.220 0.175 0.155 0.151 0.172 0.276 0.418 0.454
0.000 0.000 0.000 0.000 0.000 0.000 0.000 0.000 0.000 0.000 0.000 0.000 0.002 0.006 0.015 0.031 0.055 0.093 0.129 0.147 0.246 0.480 0.779 1.110 1.502 2.017 2.685 3.819 5.209 6.331 7.259 8.064 8.514 8.681 8.934 9.202 9.256 9.207 9.224 9.198 9.061 8.685 8.099 7.543 7.049 6.491 6.487 6.399 6.196 5.816 5.217 4.413 3.884 3.224 2.427 1.675 1.193 0.983 0.786 0.608 0.468 0.373 0.319 0.275 0.228 0.191 0.164 0.144 0.122 0.092 0.070 0.060 0.056 0.058 0.075 0.095 0.098
0.000 0.000 0.000 0.000 0.000 0.000 0.000 0.000 0.000 0.000 0.000 0.001 0.005 0.015 0.034 0.067 0.117 0.184 0.238 0.268 0.510 0.918 1.322 1.710 2.142 2.678 3.351 4.021 5.263 6.536 7.544 8.226 8.654 8.819 8.949 9.130 9.235 9.207 9.160 9.181 9.082 8.690 7.974 7.132 6.401 5.967 5.924 5.799 5.587 5.240 4.712 4.191 3.640 2.898 1.982 1.160 0.786 0.580 0.433 0.320 0.235 0.176 0.138 0.110 0.087 0.072 0.062 0.055 0.049 0.040 0.032 0.027 0.026 0.026 0.028 0.030 0.030
0.000 0.000 0.000 0.000 0.000 0.000 0.000 0.000 0.000 0.000 0.000 0.003 0.010 0.029 0.067 0.129 0.215 0.326 0.409 0.486 0.984 1.599 2.080 2.503 2.959 3.516 4.147 4.716 5.241 6.585 7.680 8.384 8.675 8.771 8.809 8.947 8.987 8.932 8.846 8.806 8.684 8.274 7.486 6.407 5.521 5.446 5.382 5.237 5.011 4.694 4.236 3.812 3.156 2.213 1.263 0.845 0.554 0.361 0.237 0.157 0.107 0.073 0.052 0.040 0.033 0.029 0.026 0.024 0.023 0.020 0.017 0.015 0.014 0.014 0.014 0.015 0.015
0.000 0.000 0.000 0.000 0.000 0.000 0.000 0.000 0.000 0.000 0.000 0.003 0.013 0.040 0.095 0.185 0.315 0.499 0.666 0.858 1.740 2.555 3.088 3.534 4.005 4.568 5.096 5.557 5.927 6.391 7.577 8.273 8.556 8.660 8.583 8.489 8.438 8.325 8.177 7.989 7.685 7.082 6.080 5.229 5.123 5.043 4.949 4.795 4.569 4.264 3.814 3.159 2.267 1.491 0.990 0.637 0.400 0.245 0.146 0.086 0.052 0.034 0.024 0.018 0.016 0.014 0.014 0.013 0.012 0.011 0.010 0.009 0.008 0.008 0.008 0.008 0.008
0.000 0.000 0.000 0.000 0.000 0.000 0.000 0.000 0.000 0.000 0.000 0.004 0.014 0.043 0.105 0.210 0.370 0.611 0.925 1.486 2.754 3.812 4.425 4.893 5.352 5.783 6.098 6.331 6.512 6.631 6.948 7.839 8.321 8.382 8.140 7.862 7.703 7.462 7.156 6.806 6.418 5.793 5.242 5.071 5.014 4.956 4.835 4.620 4.294 3.820 3.157 2.589 1.856 1.140 0.735 0.462 0.282 0.168 0.096 0.053 0.029 0.018 0.012 0.010 0.008 0.008 0.008 0.007 0.007 0.006 0.005 0.005 0.005 0.005 0.005 0.005 0.005
0.000 0.000 0.000 0.000 0.000 0.000 0.000 0.000 0.000 0.000 0.000 0.003 0.013 0.041 0.103 0.213 0.389 0.655 1.055 2.176 3.922 5.231 5.935 6.335 6.636 6.846 6.952 6.956 6.934 6.886 6.800 6.903 7.615 7.793 7.628 7.167 7.070 6.942 6.704 6.359 5.951 5.554 5.200 5.006 4.910 4.783 4.589 4.245 3.787 3.191 2.441 1.883 1.347 0.802 0.508 0.314 0.188 0.109 0.061 0.032 0.017 0.009 0.006 0.005 0.004 0.004 0.004 0.004 0.004 0.003 0.003 0.002 0.002 0.002 0.002 0.002 0.002
0.000 0.000 0.000 0.000 0.000 0.000 0.000 0.000 0.000 0.000 0.000 0.002 0.010 0.033 0.089 0.197 0.380 0.661 1.508 3.090 5.057 6.455 7.153 7.480 7.639 7.685 7.580 7.347 7.161 7.020 6.863 6.774 6.919 6.991 7.017 6.999 6.889 6.652 6.346 6.048 5.784 5.536 5.254 4.955 4.748 4.535 4.218 3.793 3.252 2.623 1.909 1.137 0.796 0.513 0.318 0.191 0.110 0.061 0.032 0.017 0.008 0.004 0.003 0.002 0.002 0.002 0.002 0.002 0.002 0.001 0.001 0.001 0.001 0.001 0.001 0.001 0.001
0.000 0.000 0.000 0.000 0.000 0.000 0.000 0.000 0.000 0.000 0.000 0.001 0.005 0.019 0.059 0.152 0.392 1.026 2.246 4.024 5.850 7.224 8.006 8.330 8.368 8.238 7.923 7.608 7.310 7.079 6.802 6.776 7.000 7.060 7.007 6.908 6.653 6.271 6.058 5.904 5.749 5.535 5.254 4.939 4.626 4.307 3.917 3.403 2.829 2.190 1.459 0.750 0.451 0.285 0.168 0.093 0.049 0.025 0.012 0.006 0.003 0.002 0.001 0.001 0.001 0.001 0.001 0.001 0.000 0.000 0.000 0.000 0.000 0.000 0.000 0.000 0.000
0.000 0.000 0.000 0.000 0.000 0.000 0.000 0.000 0.000 0.000 0.000 0.001 0.004 0.022 0.084 0.269 0.711 1.581 2.966 4.729 6.225 7.374 8.188 8.564 8.617 8.505 8.233 7.753 7.328 6.944 6.726 6.963 7.082 7.112 7.064 6.897 6.497 6.143 5.981 5.880 5.748 5.527 5.221 4.904 4.561 4.129 3.632 3.111 2.521 1.839 1.102 0.507 0.201 0.120 0.065 0.032 0.015 0.007 0.003 0.001 0.001 0.000 0.000 0.000 0.000 0.000 0.000 0.000 0.000 0.000 0.000 0.000 0.000 0.000 0.000 0.000 0.000
0.000 0.000 0.000 0.000 0.000 0.000 0.000 0.000 0.000 0.000 0.000 0.002 0.010 0.043 0.158 0.468 1.110 2.143 3.542 5.074 6.290 7.236 7.886 8.328 8.548 8.512 8.212 7.646 7.149 6.751 6.866 7.103 7.151 7.120 7.079 6.836 6.371 6.126 6.019 5.923 5.754 5.506 5.193 4.828 4.426 3.975 3.451 2.878 2.242 1.522 0.813 0.334 0.103 0.034 0.016 0.007 0.003 0.001 0.001 0.000 0.000 0.000 0.000 0.000 0.000 0.000 0.000 0.000 0.000 0.000 0.000 0.000 0.000 0.000 0.000 0.000 0.000
0.000 0.000 0.000 0.000 0.000 0.000 0.000 0.000 0.000 0.000 0.000 0.003 0.017 0.071 0.243 0.673 1.487 2.649 3.921 5.151 6.176 6.933 7.397 7.815 8.001 7.958 7.614 7.059 6.733 6.651 6.956 7.120 7.156 7.132 7.019 6.722 6.345 6.175 6.084 5.954 5.714 5.431 5.126 4.773 4.331 3.819 3.300 2.709 2.042 1.287 0.613 0.219 0.058 0.012 0.003 0.001 0.001 0.000 0.000 0.000 0.000 0.000 0.000 0.000 0.000 0.000 0.000 0.000 0.000 0.000 0.000 0.000 0.000 0.000 0.000 0.000 0.000
0.000 0.000 0.000 0.000 0.000 0.000 0.000 0.000 0.000 0.000 0.001 0.004 0.024 0.099 0.327 0.861 1.824 3.092 4.187 5.143 5.983 6.599 7.005 7.223 7.259 7.157 6.856 6.605 6.510 6.740 7.058 7.171 7.201 7.148 6.964 6.617 6.340 6.269 6.180 5.963 5.654 5.346 5.054 4.698 4.235 3.711 3.141 2.512 1.798 1.029 0.439 0.139 0.033 0.006 0.001 0.000 0.000 0.000 0.000 0.000 0.000 0.000 0.000 0.000 0.000 0.000 0.000 0.000 0.000 0.000 0.000 0.000 0.000 0.000 0.000 0.000 0.000
0.000 0.000 0.000 0.000 0.000 0.000 0.000 0.000 0.000 0.000 0.000 0.005 0.028 0.121 0.396 1.020 2.116 3.429 4.406 5.165 5.845 6.304 6.612 6.752 6.746 6.598 6.451 6.328 6.337 6.762 7.061 7.208 7.233 7.185 6.998 6.632 6.418 6.331 6.238 5.948 5.587 5.289 4.968 4.617 4.148 3.590 2.982 2.301 1.522 0.756 0.284 0.080 0.017 0.003 0.000 0.000 0.000 0.000 0.000 0.000 0.000 0.000 0.000 0.000 0.000 0.000 0.000 0.000 0.000 0.000 0.000 0.000 0.000 0.000 0.000 0.000 0.000
0.000 0.000 0.000 0.000 0.000 0.000 0.000 0.000 0.000 0.000 0.000 0.005 0.030 0.136 0.456 1.151 2.356 3.732 4.635 5.225 5.693 6.004 6.254 6.292 6.203 6.097 6.047 6.057 6.300 6.727 7.016 7.221 7.303 7.264 7.081 6.791 6.612 6.443 6.259 5.879 5.467 5.175 4.867 4.499 4.033 3.463 2.816 2.100 1.247 0.545 0.178 0.044 0.008 0.001 0.000 0.000 0.000 0.000 0.000 0.000 0.000 0.000 0.000 0.000 0.000 0.000 0.000 0.000 0.000 0.000 0.000 0.000 0.000 0.000 0.000 0.000 0.000
0.000 0.000 0.000 0.000 0.000 0.000 0.000 0.000 0.000 0.000 0.000 0.004 0.029 0.143 0.500 1.284 2.587 3.987 4.923 5.455 5.712 5.842 5.929 5.850 5.685 5.594 5.601 5.836 6.255 6.655 7.018 7.296 7.420 7.405 7.292 7.086 6.846 6.626 6.339 5.858 5.401 5.104 4.808 4.389 3.878 3.280 2.593 1.794 0.940 0.363 0.106 0.023 0.004 0.000 0.000 0.000 0.000 0.000 0.000 0.000 0.000 0.000 0.000 0.000 0.000 0.000 0.000 0.000 0.000 0.000 0.000 0.000 0.000 0.000 0.000 0.000 0.000
