RESULTS/r.avaflow_results/32_results/32_ascii/32_hflow1_fin.asc
ncols 506
nrows 317
xllcenter 498237.50
yllcenter 5580050.00
cellsize 12.50
NODATA_value -9999.000
[rows 170 to 203 of 317, columns 77 to 153 of 506]
0.000 0.000 0.000 0.000 0.000 0.000 0.000 0.000 0.000 0.000 0.000 0.000 0.000 0.000 0.001 0.002 0.003 0.004 0.004 0.004 0.004 0.004 0.005 0.011 0.032 0.060 0.073 0.074 0.072 0.069 0.064 0.056 0.044 0.031 0.021 0.015 0.011 0.008 0.007 0.005 0.004 0.004 0.004 0.005 0.012 0.030 0.065 0.114 0.191 0.342 0.626 1.147 2.120 3.269 3.912 4.041 4.017 4.055 4.141 4.180 4.178 4.102 3.912 3.627 3.230 2.734 2.244 1.830 1.482 1.188 0.943 0.748 0.595 0.476 0.382 0.307 0.246
0.000 0.000 0.000 0.000 0.000 0.000 0.000 0.000 0.000 0.000 0.000 0.000 0.001 0.002 0.004 0.008 0.011 0.014 0.015 0.016 0.016 0.016 0.023 0.043 0.079 0.105 0.111 0.110 0.107 0.100 0.091 0.078 0.060 0.042 0.029 0.021 0.016 0.013 0.011 0.009 0.008 0.007 0.009 0.019 0.053 0.137 0.266 0.432 0.690 1.107 1.728 2.629 3.619 4.268 4.475 4.455 4.404 4.405 4.437 4.442 4.410 4.302 4.075 3.739 3.292 2.757 2.263 1.846 1.494 1.200 0.961 0.774 0.626 0.506 0.408 0.328 0.262
0.000 0.000 0.000 0.000 0.000 0.000 0.000 0.000 0.000 0.000 0.000 0.001 0.003 0.007 0.013 0.019 0.027 0.034 0.040 0.043 0.047 0.055 0.077 0.115 0.148 0.161 0.161 0.158 0.151 0.142 0.128 0.108 0.082 0.056 0.039 0.029 0.023 0.020 0.017 0.015 0.015 0.017 0.031 0.085 0.238 0.505 0.830 1.208 1.750 2.515 3.350 4.092 4.563 4.738 4.727 4.685 4.641 4.612 4.611 4.600 4.542 4.403 4.150 3.784 3.315 2.772 2.281 1.862 1.513 1.228 0.998 0.810 0.656 0.528 0.425 0.341 0.273
0.000 0.000 0.000 0.000 0.000 0.000 0.000 0.000 0.000 0.000 0.001 0.003 0.008 0.015 0.025 0.036 0.049 0.064 0.078 0.092 0.107 0.131 0.173 0.212 0.228 0.229 0.225 0.219 0.208 0.195 0.175 0.148 0.112 0.076 0.053 0.040 0.033 0.029 0.027 0.026 0.031 0.051 0.130 0.352 0.773 1.322 1.891 2.514 3.286 4.070 4.678 5.027 5.122 5.055 4.911 4.824 4.771 4.729 4.710 4.677 4.599 4.445 4.181 3.799 3.316 2.770 2.289 1.882 1.543 1.262 1.029 0.835 0.674 0.541 0.435 0.349 0.280
0.000 0.000 0.000 0.000 0.000 0.000 0.000 0.000 0.000 0.001 0.003 0.007 0.014 0.025 0.040 0.058 0.079 0.104 0.131 0.161 0.195 0.240 0.288 0.313 0.316 0.313 0.307 0.297 0.282 0.262 0.235 0.199 0.151 0.104 0.072 0.053 0.044 0.040 0.040 0.046 0.071 0.166 0.455 1.026 1.813 2.616 3.355 4.024 4.647 5.155 5.484 5.593 5.549 5.347 5.041 4.877 4.813 4.780 4.756 4.712 4.624 4.459 4.185 3.797 3.311 2.774 2.301 1.901 1.565 1.284 1.045 0.847 0.682 0.550 0.442 0.354 0.283
0.000 0.000 0.000 0.000 0.000 0.000 0.000 0.000 0.000 0.001 0.004 0.009 0.018 0.032 0.052 0.079 0.114 0.155 0.202 0.255 0.309 0.365 0.404 0.418 0.419 0.416 0.408 0.394 0.375 0.348 0.312 0.265 0.205 0.141 0.095 0.069 0.057 0.054 0.058 0.080 0.160 0.444 1.143 2.234 3.289 4.130 4.742 5.208 5.614 5.888 6.012 6.016 5.895 5.568 5.150 4.897 4.805 4.779 4.751 4.716 4.638 4.472 4.189 3.785 3.294 2.768 2.307 1.909 1.572 1.288 1.049 0.851 0.686 0.554 0.445 0.356 0.284
0.000 0.000 0.000 0.000 0.000 0.000 0.000 0.000 0.000 0.001 0.004 0.010 0.020 0.036 0.060 0.093 0.138 0.198 0.277 0.368 0.443 0.499 0.530 0.541 0.543 0.540 0.531 0.515 0.491 0.457 0.412 0.352 0.275 0.190 0.127 0.089 0.074 0.071 0.080 0.128 0.311 0.916 2.213 3.740 4.772 5.443 5.851 6.118 6.328 6.444 6.467 6.387 6.159 5.740 5.254 4.933 4.790 4.767 4.763 4.740 4.670 4.490 4.183 3.767 3.276 2.756 2.298 1.898 1.565 1.279 1.042 0.843 0.681 0.551 0.443 0.355 0.283
0.000 0.000 0.000 0.000 0.000 0.000 0.000 0.000 0.000 0.001 0.004 0.010 0.020 0.037 0.063 0.099 0.150 0.222 0.325 0.462 0.578 0.644 0.679 0.692 0.694 0.691 0.681 0.663 0.634 0.592 0.536 0.462 0.365 0.256 0.169 0.115 0.092 0.089 0.098 0.158 0.418 1.324 3.190 4.983 5.974 6.476 6.702 6.832 6.900 6.917 6.851 6.671 6.345 5.874 5.361 4.993 4.810 4.779 4.790 4.771 4.687 4.493 4.170 3.733 3.222 2.706 2.252 1.858 1.529 1.250 1.017 0.822 0.666 0.539 0.434 0.349 0.279
0.000 0.000 0.000 0.000 0.000 0.000 0.000 0.000 0.000 0.001 0.004 0.009 0.020 0.037 0.063 0.099 0.152 0.229 0.343 0.513 0.698 0.808 0.859 0.879 0.883 0.880 0.867 0.844 0.808 0.755 0.686 0.597 0.481 0.343 0.225 0.149 0.114 0.106 0.113 0.172 0.448 1.507 3.821 5.924 6.901 7.252 7.346 7.385 7.360 7.264 7.101 6.853 6.484 6.000 5.481 5.092 4.884 4.828 4.823 4.791 4.679 4.458 4.107 3.644 3.117 2.608 2.169 1.792 1.471 1.198 0.972 0.786 0.639 0.518 0.421 0.341 0.274
0.000 0.000 0.000 0.000 0.000 0.000 0.000 0.000 0.000 0.001 0.003 0.007 0.017 0.034 0.060 0.097 0.150 0.228 0.345 0.526 0.777 0.983 1.077 1.107 1.114 1.111 1.096 1.064 1.017 0.953 0.868 0.762 0.627 0.458 0.300 0.194 0.140 0.122 0.125 0.177 0.446 1.527 4.101 6.571 7.580 7.821 7.844 7.793 7.672 7.464 7.229 6.943 6.582 6.137 5.634 5.238 5.015 4.931 4.889 4.796 4.621 4.353 3.968 3.479 2.950 2.468 2.050 1.692 1.385 1.126 0.915 0.744 0.611 0.501 0.411 0.333 0.269
0.000 0.000 0.000 0.000 0.000 0.000 0.000 0.000 0.000 0.000 0.001 0.004 0.010 0.024 0.048 0.084 0.136 0.211 0.326 0.510 0.788 1.119 1.321 1.381 1.389 1.383 1.363 1.324 1.265 1.188 1.089 0.963 0.802 0.601 0.398 0.254 0.171 0.139 0.136 0.177 0.424 1.474 4.096 6.865 8.053 8.242 8.202 8.035 7.808 7.533 7.268 6.973 6.649 6.284 5.844 5.441 5.185 5.049 4.937 4.766 4.524 4.186 3.746 3.232 2.726 2.281 1.895 1.564 1.283 1.051 0.862 0.711 0.590 0.490 0.404 0.329 0.267
0.000 0.000 0.000 0.000 0.000 0.000 0.000 0.000 0.000 0.000 0.000 0.001 0.003 0.010 0.025 0.051 0.092 0.153 0.248 0.414 0.703 1.138 1.514 1.671 1.698 1.693 1.671 1.628 1.558 1.467 1.351 1.201 1.011 0.779 0.529 0.336 0.213 0.159 0.148 0.173 0.373 1.314 3.859 6.833 8.267 8.508 8.401 8.141 7.839 7.539 7.234 6.950 6.679 6.385 6.041 5.675 5.372 5.153 4.961 4.720 4.416 4.015 3.527 2.994 2.511 2.092 1.739 1.438 1.191 0.987 0.821 0.686 0.576 0.482 0.399 0.327 0.266
0.000 0.000 0.000 0.000 0.000 0.000 0.000 0.000 0.000 0.000 0.000 0.000 0.001 0.002 0.007 0.017 0.034 0.061 0.108 0.213 0.466 0.968 1.585 1.908 2.005 2.025 2.013 1.971 1.899 1.794 1.656 1.479 1.258 0.997 0.706 0.461 0.285 0.194 0.168 0.182 0.323 1.075 3.381 6.526 8.223 8.592 8.454 8.162 7.809 7.486 7.183 6.916 6.671 6.419 6.157 5.858 5.535 5.232 4.964 4.669 4.323 3.886 3.380 2.847 2.373 1.969 1.628 1.345 1.117 0.931 0.784 0.663 0.562 0.473 0.395 0.326 0.266
0.000 0.000 0.000 0.000 0.000 0.000 0.000 0.000 0.000 0.000 0.000 0.000 0.000 0.001 0.001 0.003 0.008 0.014 0.026 0.061 0.193 0.631 1.447 2.042 2.260 2.333 2.344 2.321 2.261 2.152 1.996 1.798 1.554 1.265 0.944 0.644 0.409 0.267 0.214 0.215 0.319 0.898 2.854 5.979 7.863 8.449 8.385 8.110 7.709 7.312 7.008 6.777 6.591 6.396 6.197 5.949 5.645 5.311 4.981 4.630 4.246 3.799 3.300 2.782 2.317 1.912 1.568 1.285 1.060 0.882 0.746 0.637 0.546 0.465 0.392 0.328 0.269
0.000 0.000 0.000 0.000 0.000 0.000 0.000 0.000 0.000 0.000 0.000 0.000 0.000 0.000 0.000 0.001 0.002 0.003 0.006 0.013 0.060 0.326 1.127 2.038 2.440 2.593 2.645 2.640 2.598 2.513 2.364 2.156 1.900 1.598 1.254 0.907 0.614 0.410 0.315 0.300 0.375 0.825 2.383 5.186 7.155 7.940 8.057 7.893 7.503 7.031 6.673 6.458 6.363 6.299 6.177 5.960 5.692 5.376 5.011 4.618 4.199 3.754 3.269 2.769 2.309 1.899 1.544 1.250 1.017 0.838 0.703 0.601 0.521 0.452 0.391 0.334 0.280
0.000 0.000 0.000 0.000 0.000 0.000 0.000 0.000 0.000 0.000 0.000 0.000 0.000 0.000 0.000 0.001 0.001 0.002 0.004 0.006 0.021 0.147 0.748 1.824 2.505 2.766 2.884 2.928 2.916 2.863 2.753 2.563 2.307 2.002 1.650 1.272 0.931 0.668 0.526 0.491 0.542 0.891 2.006 4.186 6.162 7.122 7.385 7.335 7.066 6.606 6.135 5.866 5.804 5.860 5.935 5.871 5.691 5.401 5.040 4.635 4.190 3.736 3.266 2.778 2.318 1.905 1.541 1.234 0.986 0.796 0.654 0.550 0.479 0.431 0.386 0.341 0.292
0.000 0.000 0.000 0.000 0.000 0.000 0.000 0.000 0.000 0.000 0.000 0.000 0.000 0.000 0.000 0.001 0.001 0.003 0.004 0.007 0.015 0.065 0.399 1.351 2.369 2.844 3.047 3.160 3.208 3.200 3.138 2.996 2.772 2.484 2.146 1.761 1.390 1.093 0.907 0.845 0.869 1.100 1.832 3.324 5.056 6.056 6.389 6.402 6.273 5.946 5.433 5.025 4.886 4.968 5.252 5.520 5.546 5.367 5.040 4.645 4.199 3.738 3.279 2.814 2.353 1.928 1.552 1.231 0.968 0.760 0.603 0.490 0.420 0.385 0.361 0.331 0.282
0.000 0.000 0.000 0.000 0.000 0.000 0.000 0.000 0.000 0.000 0.000 0.000 0.000 0.000 0.001 0.002 0.003 0.006 0.010 0.014 0.022 0.044 0.190 0.814 1.961 2.785 3.126 3.325 3.452 3.500 3.483 3.401 3.243 3.018 2.731 2.380 2.008 1.708 1.501 1.403 1.395 1.513 1.950 2.864 4.178 5.045 5.359 5.405 5.360 5.180 4.821 4.357 4.058 4.025 4.277 4.794 5.127 5.133 4.926 4.590 4.187 3.752 3.328 2.898 2.423 1.969 1.575 1.240 0.961 0.734 0.559 0.431 0.346 0.298 0.269 0.236 0.181
0.000 0.000 0.000 0.000 0.000 0.000 0.000 0.000 0.000 0.000 0.000 0.000 0.000 0.001 0.002 0.005 0.009 0.016 0.025 0.033 0.040 0.054 0.107 0.409 1.339 2.523 3.118 3.414 3.638 3.761 3.792 3.759 3.666 3.517 3.309 3.032 2.708 2.438 2.252 2.147 2.107 2.120 2.271 2.737 3.623 4.331 4.619 4.694 4.690 4.610 4.384 3.990 3.611 3.440 3.502 3.884 4.398 4.615 4.580 4.385 4.094 3.740 3.373 2.966 2.469 1.984 1.585 1.248 0.958 0.712 0.517 0.366 0.252 0.170 0.118 0.082 0.050
0.000 0.000 0.000 0.000 0.000 0.000 0.000 0.000 0.000 0.000 0.000 0.000 0.000 0.002 0.005 0.013 0.025 0.041 0.058 0.069 0.076 0.080 0.099 0.221 0.777 1.988 2.956 3.414 3.715 3.934 4.043 4.065 4.032 3.942 3.787 3.559 3.275 3.022 2.846 2.745 2.700 2.694 2.727 2.905 3.381 3.908 4.154 4.231 4.243 4.211 4.072 3.785 3.418 3.156 3.070 3.197 3.542 3.831 3.949 3.926 3.789 3.540 3.230 2.866 2.411 1.942 1.550 1.219 0.923 0.655 0.431 0.258 0.138 0.071 0.038 0.021 0.011
0.000 0.000 0.000 0.000 0.000 0.000 0.000 0.000 0.000 0.000 0.000 0.000 0.001 0.004 0.014 0.034 0.063 0.094 0.117 0.130 0.133 0.129 0.128 0.177 0.493 1.404 2.555 3.266 3.709 4.032 4.237 4.319 4.326 4.285 4.161 3.952 3.688 3.440 3.254 3.131 3.063 3.042 3.056 3.135 3.357 3.692 3.893 3.957 3.968 3.943 3.852 3.650 3.332 3.048 2.880 2.825 2.887 2.987 3.054 3.081 3.050 2.896 2.626 2.298 1.952 1.584 1.246 0.951 0.682 0.437 0.241 0.114 0.050 0.023 0.012 0.006 0.003
0.000 0.000 0.000 0.000 0.000 0.000 0.000 0.000 0.000 0.000 0.000 0.001 0.003 0.011 0.035 0.082 0.137 0.181 0.210 0.223 0.223 0.212 0.197 0.216 0.407 1.022 2.026 2.897 3.554 4.024 4.350 4.521 4.553 4.531 4.415 4.213 3.959 3.715 3.520 3.371 3.267 3.212 3.209 3.246 3.373 3.582 3.727 3.780 3.790 3.765 3.690 3.535 3.270 2.980 2.771 2.616 2.498 2.394 2.281 2.142 1.994 1.820 1.572 1.288 1.039 0.810 0.595 0.407 0.256 0.144 0.070 0.030 0.013 0.007 0.004 0.003 0.002
0.000 0.000 0.000 0.000 0.000 0.000 0.000 0.000 0.000 0.000 0.000 0.001 0.006 0.024 0.075 0.165 0.250 0.306 0.345 0.364 0.366 0.354 0.330 0.331 0.457 0.891 1.641 2.476 3.241 3.881 4.343 4.604 4.685 4.657 4.560 4.361 4.127 3.897 3.683 3.503 3.369 3.286 3.269 3.286 3.368 3.502 3.594 3.641 3.649 3.625 3.555 3.415 3.186 2.903 2.655 2.437 2.226 2.004 1.752 1.462 1.184 0.942 0.722 0.528 0.373 0.255 0.166 0.102 0.058 0.030 0.015 0.007 0.004 0.003 0.002 0.001 0.001
0.000 0.000 0.000 0.000 0.000 0.000 0.000 0.000 0.000 0.000 0.000 0.001 0.009 0.035 0.109 0.247 0.383 0.468 0.531 0.568 0.582 0.580 0.562 0.555 0.630 0.936 1.506 2.227 2.973 3.650 4.208 4.565 4.703 4.680 4.608 4.437 4.232 4.021 3.800 3.589 3.417 3.301 3.267 3.286 3.357 3.439 3.488 3.517 3.524 3.498 3.423 3.284 3.067 2.788 2.506 2.245 1.972 1.656 1.281 0.917 0.629 0.424 0.282 0.182 0.111 0.065 0.037 0.021 0.012 0.006 0.004 0.002 0.002 0.001 0.001 0.001 0.001
0.000 0.000 0.000 0.000 0.000 0.000 0.000 0.000 0.000 0.000 0.000 0.002 0.009 0.036 0.118 0.283 0.499 0.660 0.770 0.845 0.887 0.905 0.911 0.919 0.968 1.158 1.569 2.172 2.859 3.482 4.025 4.431 4.640 4.648 4.597 4.456 4.273 4.074 3.866 3.640 3.433 3.295 3.235 3.240 3.299 3.349 3.364 3.370 3.366 3.349 3.283 3.139 2.903 2.570 2.191 1.851 1.507 1.117 0.717 0.430 0.255 0.150 0.089 0.053 0.029 0.015 0.008 0.004 0.003 0.002 0.001 0.001 0.001 0.001 0.001 0.000 0.000
0.000 0.000 0.000 0.000 0.000 0.000 0.000 0.000 0.000 0.000 0.000 0.001 0.008 0.033 0.112 0.282 0.562 0.859 1.061 1.202 1.294 1.349 1.389 1.428 1.482 1.605 1.865 2.299 2.874 3.442 3.902 4.257 4.484 4.535 4.520 4.418 4.277 4.084 3.882 3.650 3.421 3.253 3.151 3.124 3.154 3.204 3.215 3.203 3.165 3.103 3.013 2.831 2.511 2.017 1.465 1.028 0.684 0.412 0.225 0.119 0.066 0.038 0.023 0.013 0.007 0.003 0.002 0.001 0.001 0.001 0.000 0.000 0.000 0.000 0.000 0.000 0.000
0.000 0.000 0.000 0.000 0.000 0.000 0.000 0.000 0.000 0.000 0.000 0.001 0.005 0.024 0.089 0.257 0.575 1.029 1.403 1.642 1.809 1.923 2.005 2.075 2.147 2.239 2.391 2.656 3.050 3.510 3.882 4.151 4.316 4.376 4.380 4.319 4.224 4.071 3.877 3.641 3.391 3.160 2.991 2.908 2.890 2.917 2.932 2.920 2.863 2.737 2.533 2.223 1.760 1.166 0.667 0.363 0.186 0.087 0.039 0.020 0.012 0.008 0.005 0.003 0.001 0.001 0.001 0.000 0.000 0.000 0.000 0.000 0.000 0.000 0.000 0.000 0.000
0.000 0.000 0.000 0.000 0.000 0.000 0.000 0.000 0.000 0.000 0.000 0.000 0.002 0.011 0.056 0.209 0.559 1.133 1.744 2.171 2.455 2.638 2.762 2.861 2.945 3.018 3.099 3.228 3.437 3.713 3.953 4.124 4.214 4.250 4.246 4.190 4.115 3.996 3.821 3.607 3.346 3.054 2.785 2.605 2.517 2.477 2.441 2.397 2.299 2.101 1.783 1.356 0.897 0.496 0.239 0.105 0.042 0.016 0.006 0.003 0.002 0.001 0.001 0.001 0.000 0.000 0.000 0.000 0.000 0.000 0.000 0.000 0.000 0.000 0.000 0.000 0.000
0.000 0.000 0.000 0.000 0.000 0.000 0.000 0.000 0.000 0.000 0.000 0.000 0.001 0.005 0.034 0.170 0.544 1.193 1.980 2.647 3.143 3.455 3.638 3.757 3.838 3.885 3.920 3.957 4.005 4.059 4.104 4.142 4.153 4.136 4.102 4.037 3.959 3.851 3.705 3.518 3.272 2.964 2.621 2.311 2.088 1.934 1.793 1.640 1.444 1.176 0.865 0.561 0.313 0.148 0.063 0.025 0.009 0.003 0.001 0.001 0.000 0.000 0.000 0.000 0.000 0.000 0.000 0.000 0.000 0.000 0.000 0.000 0.000 0.000 0.000 0.000 0.000
0.000 0.000 0.000 0.000 0.000 0.000 0.000 0.000 0.000 0.000 0.000 0.000 0.001 0.003 0.025 0.149 0.542 1.233 2.086 2.951 3.672 4.158 4.442 4.593 4.664 4.686 4.686 4.654 4.582 4.465 4.327 4.206 4.102 4.003 3.918 3.849 3.775 3.678 3.551 3.384 3.160 2.861 2.495 2.094 1.740 1.462 1.221 0.988 0.752 0.519 0.312 0.164 0.075 0.032 0.013 0.005 0.002 0.001 0.000 0.000 0.000 0.000 0.000 0.000 0.000 0.000 0.000 0.000 0.000 0.000 0.000 0.000 0.000 0.000 0.000 0.000 0.000
0.000 0.000 0.000 0.000 0.000 0.000 0.000 0.000 0.000 0.000 0.000 0.000 0.001 0.003 0.022 0.144 0.549 1.256 2.108 3.068 4.007 4.698 5.123 5.344 5.419 5.402 5.347 5.223 5.019 4.756 4.491 4.244 4.010 3.804 3.655 3.568 3.516 3.454 3.356 3.210 3.012 2.739 2.372 1.924 1.470 1.103 0.807 0.561 0.359 0.206 0.104 0.045 0.018 0.007 0.002 0.001 0.000 0.000 0.000 0.000 0.000 0.000 0.000 0.000 0.000 0.000 0.000 0.000 0.000 0.000 0.000 0.000 0.000 0.000 0.000 0.000 0.000
0.001 0.001 0.001 0.002 0.002 0.002 0.002 0.001 0.001 0.001 0.001 0.001 0.002 0.004 0.022 0.146 0.553 1.257 2.103 3.072 4.165 5.073 5.656 5.934 6.003 5.974 5.858 5.627 5.295 4.916 4.567 4.238 3.895 3.538 3.257 3.090 3.036 3.011 2.958 2.863 2.714 2.508 2.189 1.742 1.231 0.824 0.527 0.315 0.172 0.085 0.037 0.014 0.005 0.001 0.001 0.000 0.000 0.000 0.000 0.000 0.000 0.000 0.000 0.000 0.000 0.000 0.000 0.000 0.000 0.000 0.000 0.000 0.000 0.000 0.000 0.000 0.000
0.002 0.002 0.003 0.003 0.002 0.002 0.002 0.002 0.002 0.002 0.002 0.003 0.004 0.007 0.023 0.139 0.524 1.203 2.036 2.993 4.137 5.222 5.964 6.324 6.405 6.358 6.157 5.819 5.404 4.982 4.589 4.186 3.734 3.214 2.746 2.425 2.277 2.217 2.162 2.099 2.022 1.929 1.749 1.417 0.961 0.575 0.323 0.170 0.082 0.035 0.013 0.004 0.001 0.000 0.000 0.000 0.000 0.000 0.000 0.000 0.000 0.000 0.000 0.000 0.000 0.000 0.000 0.000 0.000 0.000 0.000 0.000 0.000 0.000 0.000 0.000 0.000
0.003 0.003 0.003 0.003 0.003 0.002 0.002 0.002 0.002 0.003 0.004 0.005 0.007 0.008 0.017 0.095 0.399 1.007 1.826 2.778 3.946 5.189 6.066 6.502 6.601 6.538 6.281 5.892 5.440 4.989 4.523 4.022 3.467 2.818 2.173 1.679 1.369 1.188 1.068 0.989 0.957 0.962 0.952 0.839 0.587 0.327 0.167 0.079 0.034 0.013 0.004 0.001 0.000 0.000 0.000 0.000 0.000 0.000 0.000 0.000 0.000 0.000 0.000 0.000 0.000 0.000 0.000 0.000 0.000 0.000 0.000 0.000 0.000 0.000 0.000 0.000 0.000
