RESULTS/r.avaflow_results/32_results/32_ascii/32_hflow30035.asc
ncols 506
nrows 317
xllcenter 498237.50
yllcenter 5580050.00
cellsize 12.50
NODATA_value -9999.000
[rows 170 to 203 of 317, columns 154 to 230 of 506]
8.891 8.807 8.715 8.596 8.433 8.228 8.042 7.882 7.720 7.545 7.384 7.240 7.074 6.800 6.317 5.594 4.703 3.800 2.946 2.152 1.449 0.880 0.497 0.293 0.205 0.172 0.167 0.174 0.193 0.228 0.276 0.340 0.411 0.463 0.497 0.526 0.561 0.625 0.672 0.681 0.671 0.640 0.605 0.572 0.529 0.450 0.323 0.221 0.153 0.106 0.076 0.060 0.051 0.046 0.044 0.044 0.046 0.048 0.053 0.056 0.057 0.057 0.057 0.057 0.057 0.058 0.062 0.078 0.122 0.224 0.331 0.370 0.361 0.282 0.165 0.097 0.068
12.300 12.532 12.676 12.728 12.682 12.515 12.283 12.043 11.791 11.503 11.209 10.941 10.675 10.360 9.883 9.160 8.172 6.988 5.717 4.425 3.197 2.131 1.300 0.754 0.465 0.331 0.277 0.264 0.276 0.305 0.356 0.429 0.509 0.554 0.570 0.577 0.591 0.630 0.656 0.657 0.633 0.587 0.541 0.499 0.445 0.349 0.217 0.124 0.074 0.051 0.040 0.035 0.032 0.031 0.031 0.033 0.036 0.040 0.044 0.046 0.046 0.045 0.043 0.042 0.042 0.042 0.046 0.058 0.091 0.167 0.285 0.360 0.380 0.356 0.266 0.166 0.109
15.849 16.399 16.626 16.635 16.487 16.189 15.832 15.482 15.129 14.756 14.377 14.037 13.724 13.400 12.958 12.264 11.286 10.107 8.811 7.375 5.804 4.243 2.881 1.825 1.127 0.721 0.505 0.404 0.368 0.364 0.386 0.438 0.510 0.545 0.551 0.544 0.541 0.548 0.545 0.519 0.455 0.383 0.330 0.284 0.232 0.158 0.089 0.052 0.035 0.028 0.024 0.023 0.022 0.022 0.023 0.025 0.028 0.032 0.035 0.036 0.036 0.035 0.033 0.032 0.032 0.032 0.035 0.044 0.065 0.113 0.213 0.327 0.388 0.405 0.384 0.302 0.200
18.731 19.595 19.918 19.899 19.682 19.318 18.925 18.555 18.180 17.781 17.362 16.988 16.660 16.336 15.914 15.226 14.220 12.985 11.654 10.258 8.732 7.020 5.248 3.647 2.404 1.538 0.993 0.680 0.515 0.433 0.401 0.408 0.439 0.453 0.444 0.412 0.380 0.354 0.325 0.276 0.207 0.157 0.126 0.105 0.084 0.057 0.036 0.025 0.020 0.017 0.016 0.016 0.016 0.016 0.017 0.018 0.021 0.025 0.027 0.027 0.027 0.026 0.025 0.025 0.025 0.025 0.028 0.033 0.046 0.073 0.132 0.243 0.360 0.419 0.433 0.411 0.332
20.422 21.502 22.039 22.168 22.079 21.873 21.628 21.383 21.098 20.736 20.307 19.899 19.543 19.188 18.747 18.058 17.058 15.807 14.425 12.977 11.458 9.810 7.970 6.000 4.204 2.784 1.769 1.119 0.731 0.508 0.389 0.331 0.300 0.281 0.250 0.212 0.187 0.170 0.152 0.122 0.086 0.063 0.051 0.043 0.034 0.025 0.019 0.015 0.013 0.012 0.011 0.011 0.011 0.012 0.012 0.014 0.016 0.018 0.019 0.020 0.019 0.019 0.019 0.019 0.019 0.020 0.022 0.026 0.034 0.048 0.077 0.142 0.269 0.392 0.437 0.440 0.412
20.800 21.984 22.780 23.220 23.451 23.596 23.671 23.656 23.545 23.288 22.865 22.353 21.936 21.542 21.089 20.445 19.555 18.415 17.054 15.517 13.866 12.096 10.126 7.865 5.601 3.730 2.328 1.403 0.854 0.540 0.364 0.265 0.206 0.161 0.123 0.099 0.089 0.082 0.073 0.057 0.041 0.032 0.026 0.022 0.018 0.014 0.012 0.010 0.009 0.009 0.008 0.008 0.008 0.008 0.009 0.010 0.011 0.013 0.013 0.014 0.014 0.014 0.014 0.014 0.015 0.016 0.018 0.021 0.026 0.035 0.051 0.085 0.164 0.304 0.407 0.433 0.426
20.405 21.682 22.668 23.329 23.858 24.347 24.677 24.816 24.835 24.711 24.315 23.671 23.202 22.855 22.455 21.884 21.146 20.207 18.965 17.386 15.566 13.596 11.422 8.909 6.292 4.128 2.521 1.476 0.874 0.531 0.332 0.216 0.144 0.094 0.064 0.051 0.046 0.043 0.038 0.030 0.023 0.019 0.016 0.013 0.011 0.009 0.008 0.007 0.007 0.006 0.006 0.006 0.006 0.006 0.006 0.007 0.007 0.008 0.009 0.009 0.009 0.010 0.010 0.010 0.011 0.012 0.014 0.017 0.022 0.028 0.039 0.060 0.104 0.201 0.326 0.392 0.409
19.370 20.805 22.049 23.023 23.807 24.430 24.798 24.948 25.003 24.953 24.592 23.878 23.386 23.121 22.793 22.255 21.576 20.752 19.627 18.081 16.181 14.077 11.772 9.133 6.378 4.115 2.459 1.402 0.804 0.467 0.270 0.154 0.087 0.053 0.036 0.029 0.026 0.024 0.021 0.017 0.014 0.012 0.010 0.009 0.008 0.007 0.006 0.005 0.004 0.004 0.004 0.004 0.004 0.004 0.004 0.004 0.005 0.005 0.006 0.006 0.006 0.006 0.007 0.007 0.008 0.009 0.011 0.014 0.019 0.024 0.033 0.048 0.075 0.130 0.225 0.312 0.365
18.113 19.687 21.110 22.335 23.328 24.014 24.340 24.437 24.462 24.389 24.043 23.352 22.820 22.538 22.207 21.664 20.992 20.222 19.187 17.727 15.852 13.715 11.351 8.654 5.906 3.676 2.076 1.095 0.575 0.304 0.159 0.083 0.047 0.030 0.022 0.018 0.016 0.014 0.013 0.011 0.009 0.008 0.007 0.006 0.005 0.004 0.004 0.003 0.003 0.002 0.002 0.002 0.002 0.002 0.002 0.002 0.002 0.003 0.003 0.003 0.004 0.004 0.004 0.005 0.006 0.007 0.009 0.012 0.016 0.021 0.029 0.040 0.059 0.093 0.150 0.224 0.293
16.821 18.448 19.903 21.164 22.162 22.842 23.178 23.244 23.142 22.833 22.471 22.023 21.522 20.954 20.354 19.728 19.068 18.382 17.498 16.172 14.361 12.215 9.824 7.176 4.650 2.654 1.293 0.552 0.242 0.121 0.067 0.040 0.025 0.018 0.014 0.012 0.011 0.010 0.009 0.008 0.007 0.006 0.005 0.004 0.003 0.003 0.002 0.002 0.001 0.001 0.001 0.001 0.001 0.001 0.001 0.001 0.001 0.001 0.001 0.002 0.002 0.002 0.002 0.003 0.004 0.005 0.007 0.010 0.014 0.019 0.026 0.036 0.050 0.073 0.109 0.160 0.217
15.284 16.844 18.240 19.447 20.409 21.141 21.625 21.764 21.562 21.050 20.829 20.740 20.358 19.446 18.523 17.800 17.091 16.294 15.263 13.819 11.915 9.655 7.171 4.739 2.725 1.329 0.533 0.186 0.078 0.045 0.030 0.021 0.015 0.012 0.010 0.009 0.008 0.007 0.006 0.005 0.004 0.004 0.003 0.002 0.002 0.001 0.001 0.001 0.001 0.000 0.000 0.000 0.000 0.000 0.000 0.000 0.000 0.000 0.000 0.001 0.001 0.001 0.001 0.002 0.003 0.004 0.006 0.008 0.012 0.017 0.023 0.033 0.045 0.063 0.089 0.125 0.169
13.307 14.702 16.082 17.403 18.591 19.632 20.398 20.671 20.497 19.993 19.846 19.798 19.356 18.280 17.280 16.516 15.697 14.614 13.142 11.239 8.902 6.253 3.846 2.153 1.095 0.479 0.170 0.059 0.031 0.021 0.016 0.013 0.010 0.009 0.008 0.007 0.006 0.005 0.004 0.003 0.003 0.002 0.002 0.001 0.001 0.001 0.000 0.000 0.000 0.000 0.000 0.000 0.000 0.000 0.000 0.000 0.000 0.000 0.000 0.000 0.000 0.000 0.000 0.001 0.002 0.003 0.004 0.007 0.010 0.015 0.021 0.031 0.043 0.059 0.081 0.110 0.145
11.100 12.398 13.824 15.344 16.813 18.133 19.141 19.578 19.496 19.081 18.776 18.449 17.779 16.724 15.808 15.005 14.039 12.630 10.659 8.096 5.237 2.800 1.322 0.597 0.275 0.121 0.049 0.024 0.016 0.013 0.010 0.009 0.008 0.006 0.005 0.005 0.004 0.003 0.002 0.002 0.001 0.001 0.001 0.000 0.000 0.000 0.000 0.000 0.000 0.000 0.000 0.000 0.000 0.000 0.000 0.000 0.000 0.000 0.000 0.000 0.000 0.000 0.000 0.000 0.001 0.002 0.003 0.006 0.009 0.014 0.020 0.029 0.042 0.059 0.079 0.102 0.130
9.232 10.443 11.761 13.229 14.716 16.068 17.155 17.719 17.759 17.381 16.682 15.830 14.910 13.997 13.177 12.268 11.028 9.182 6.597 3.898 1.848 0.699 0.232 0.099 0.056 0.032 0.018 0.013 0.010 0.009 0.008 0.007 0.005 0.005 0.004 0.003 0.002 0.002 0.001 0.001 0.000 0.000 0.000 0.000 0.000 0.000 0.000 0.000 0.000 0.000 0.000 0.000 0.000 0.000 0.000 0.000 0.000 0.000 0.000 0.000 0.000 0.000 0.000 0.000 0.000 0.001 0.003 0.005 0.008 0.013 0.019 0.029 0.042 0.060 0.079 0.098 0.119
7.541 8.588 9.631 10.701 11.749 12.749 13.710 14.300 14.414 14.090 13.212 11.984 10.829 9.845 8.826 7.620 6.036 4.095 2.207 0.924 0.290 0.080 0.036 0.026 0.019 0.014 0.011 0.009 0.008 0.007 0.005 0.005 0.004 0.003 0.002 0.002 0.001 0.001 0.000 0.000 0.000 0.000 0.000 0.000 0.000 0.000 0.000 0.000 0.000 0.000 0.000 0.000 0.000 0.000 0.000 0.000 0.000 0.000 0.000 0.000 0.000 0.000 0.000 0.000 0.000 0.001 0.002 0.004 0.007 0.012 0.019 0.029 0.043 0.060 0.080 0.097 0.115
5.697 6.390 6.829 7.111 7.375 7.761 8.413 8.998 9.208 9.055 8.345 7.093 5.689 4.537 3.598 2.736 1.802 0.895 0.325 0.091 0.032 0.020 0.016 0.013 0.011 0.009 0.008 0.006 0.005 0.004 0.004 0.003 0.002 0.002 0.001 0.001 0.000 0.000 0.000 0.000 0.000 0.000 0.000 0.000 0.000 0.000 0.000 0.000 0.000 0.000 0.000 0.000 0.000 0.000 0.000 0.000 0.000 0.000 0.000 0.000 0.000 0.000 0.000 0.000 0.000 0.000 0.001 0.003 0.006 0.011 0.018 0.028 0.042 0.060 0.079 0.097 0.114
3.043 3.153 3.082 2.961 2.885 2.923 3.157 3.479 3.621 3.589 3.287 2.648 1.805 1.145 0.739 0.477 0.249 0.094 0.035 0.019 0.014 0.011 0.010 0.009 0.008 0.006 0.005 0.004 0.004 0.003 0.002 0.002 0.001 0.001 0.000 0.000 0.000 0.000 0.000 0.000 0.000 0.000 0.000 0.000 0.000 0.000 0.000 0.000 0.000 0.000 0.000 0.000 0.000 0.000 0.000 0.000 0.000 0.000 0.000 0.000 0.000 0.000 0.000 0.000 0.000 0.000 0.001 0.002 0.005 0.009 0.016 0.025 0.039 0.056 0.076 0.097 0.116
0.952 0.886 0.809 0.721 0.658 0.634 0.659 0.728 0.754 0.741 0.666 0.500 0.276 0.145 0.093 0.061 0.035 0.020 0.014 0.011 0.009 0.008 0.007 0.006 0.005 0.004 0.003 0.003 0.002 0.001 0.001 0.001 0.000 0.000 0.000 0.000 0.000 0.000 0.000 0.000 0.000 0.000 0.000 0.000 0.000 0.000 0.000 0.000 0.000 0.000 0.000 0.000 0.000 0.000 0.000 0.000 0.000 0.000 0.000 0.000 0.000 0.000 0.000 0.000 0.000 0.000 0.000 0.002 0.004 0.007 0.013 0.021 0.034 0.050 0.071 0.096 0.123
0.196 0.166 0.153 0.141 0.126 0.117 0.114 0.117 0.116 0.111 0.098 0.072 0.043 0.029 0.023 0.018 0.014 0.011 0.009 0.008 0.007 0.006 0.005 0.004 0.003 0.003 0.002 0.001 0.001 0.001 0.000 0.000 0.000 0.000 0.000 0.000 0.000 0.000 0.000 0.000 0.000 0.000 0.000 0.000 0.000 0.000 0.000 0.000 0.000 0.000 0.000 0.000 0.000 0.000 0.000 0.000 0.000 0.000 0.000 0.000 0.000 0.000 0.000 0.000 0.000 0.000 0.000 0.001 0.002 0.005 0.010 0.016 0.027 0.042 0.065 0.098 0.140
0.049 0.044 0.043 0.042 0.039 0.036 0.034 0.032 0.031 0.029 0.026 0.022 0.017 0.014 0.012 0.010 0.009 0.008 0.007 0.006 0.005 0.004 0.003 0.002 0.002 0.001 0.001 0.000 0.000 0.000 0.000 0.000 0.000 0.000 0.000 0.000 0.000 0.000 0.000 0.000 0.000 0.000 0.000 0.000 0.000 0.000 0.000 0.000 0.000 0.000 0.000 0.000 0.000 0.000 0.000 0.000 0.000 0.000 0.000 0.000 0.000 0.000 0.000 0.000 0.000 0.000 0.000 0.000 0.001 0.003 0.006 0.012 0.020 0.034 0.057 0.095 0.148
0.021 0.020 0.020 0.020 0.019 0.018 0.016 0.016 0.015 0.014 0.013 0.012 0.010 0.009 0.008 0.007 0.006 0.005 0.004 0.004 0.003 0.002 0.002 0.001 0.001 0.000 0.000 0.000 0.000 0.000 0.000 0.000 0.000 0.000 0.000 0.000 0.000 0.000 0.000 0.000 0.000 0.000 0.000 0.000 0.000 0.000 0.000 0.000 0.000 0.000 0.000 0.000 0.000 0.000 0.000 0.000 0.000 0.000 0.000 0.000 0.000 0.000 0.000 0.000 0.000 0.000 0.000 0.000 0.001 0.002 0.004 0.008 0.014 0.024 0.044 0.080 0.137
0.013 0.013 0.012 0.012 0.011 0.010 0.010 0.010 0.009 0.009 0.008 0.008 0.007 0.007 0.006 0.005 0.004 0.003 0.003 0.002 0.002 0.001 0.001 0.000 0.000 0.000 0.000 0.000 0.000 0.000 0.000 0.000 0.000 0.000 0.000 0.000 0.000 0.000 0.000 0.000 0.000 0.000 0.000 0.000 0.000 0.000 0.000 0.000 0.000 0.000 0.000 0.000 0.000 0.000 0.000 0.000 0.000 0.000 0.000 0.000 0.000 0.000 0.000 0.000 0.000 0.000 0.000 0.000 0.000 0.001 0.002 0.005 0.009 0.015 0.027 0.051 0.096
0.008 0.008 0.008 0.008 0.007 0.007 0.007 0.006 0.006 0.006 0.006 0.005 0.005 0.004 0.004 0.003 0.002 0.002 0.001 0.001 0.001 0.000 0.000 0.000 0.000 0.000 0.000 0.000 0.000 0.000 0.000 0.000 0.000 0.000 0.000 0.000 0.000 0.000 0.000 0.000 0.000 0.000 0.000 0.000 0.000 0.000 0.000 0.000 0.000 0.000 0.000 0.000 0.000 0.000 0.000 0.000 0.000 0.000 0.000 0.000 0.000 0.000 0.000 0.000 0.000 0.000 0.000 0.000 0.000 0.000 0.001 0.003 0.005 0.009 0.016 0.027 0.048
0.005 0.005 0.005 0.005 0.005 0.004 0.004 0.004 0.004 0.003 0.003 0.003 0.003 0.002 0.002 0.002 0.001 0.001 0.000 0.000 0.000 0.000 0.000 0.000 0.000 0.000 0.000 0.000 0.000 0.000 0.000 0.000 0.000 0.000 0.000 0.000 0.000 0.000 0.000 0.000 0.000 0.000 0.000 0.000 0.000 0.000 0.000 0.000 0.000 0.000 0.000 0.000 0.000 0.000 0.000 0.000 0.000 0.000 0.000 0.000 0.000 0.000 0.000 0.000 0.000 0.000 0.000 0.000 0.000 0.000 0.001 0.001 0.003 0.005 0.009 0.015 0.023
0.003 0.003 0.003 0.003 0.002 0.002 0.002 0.002 0.002 0.002 0.002 0.001 0.001 0.001 0.001 0.001 0.000 0.000 0.000 0.000 0.000 0.000 0.000 0.000 0.000 0.000 0.000 0.000 0.000 0.000 0.000 0.000 0.000 0.000 0.000 0.000 0.000 0.000 0.000 0.000 0.000 0.000 0.000 0.000 0.000 0.000 0.000 0.000 0.000 0.000 0.000 0.000 0.000 0.000 0.000 0.000 0.000 0.000 0.000 0.000 0.000 0.000 0.000 0.000 0.000 0.000 0.000 0.000 0.000 0.000 0.000 0.001 0.001 0.003 0.005 0.008 0.013
0.001 0.001 0.001 0.001 0.001 0.001 0.001 0.001 0.001 0.001 0.001 0.000 0.000 0.000 0.000 0.000 0.000 0.000 0.000 0.000 0.000 0.000 0.000 0.000 0.000 0.000 0.000 0.000 0.000 0.000 0.000 0.000 0.000 0.000 0.000 0.000 0.000 0.000 0.000 0.000 0.000 0.000 0.000 0.000 0.000 0.000 0.000 0.000 0.000 0.000 0.000 0.000 0.000 0.000 0.000 0.000 0.000 0.000 0.000 0.000 0.000 0.000 0.000 0.000 0.000 0.000 0.000 0.000 0.000 0.000 0.000 0.000 0.001 0.001 0.003 0.004 0.007
0.000 0.000 0.000 0.000 0.000 0.000 0.000 0.000 0.000 0.000 0.000 0.000 0.000 0.000 0.000 0.000 0.000 0.000 0.000 0.000 0.000 0.000 0.000 0.000 0.000 0.000 0.000 0.000 0.000 0.000 0.000 0.000 0.000 0.000 0.000 0.000 0.000 0.000 0.000 0.000 0.000 0.000 0.000 0.000 0.000 0.000 0.000 0.000 0.000 0.000 0.000 0.000 0.000 0.000 0.000 0.000 0.000 0.000 0.000 0.000 0.000 0.000 0.000 0.000 0.000 0.000 0.000 0.000 0.000 0.000 0.000 0.000 0.000 0.001 0.001 0.002 0.004
0.000 0.000 0.000 0.000 0.000 0.000 0.000 0.000 0.000 0.000 0.000 0.000 0.000 0.000 0.000 0.000 0.000 0.000 0.000 0.000 0.000 0.000 0.000 0.000 0.000 0.000 0.000 0.000 0.000 0.000 0.000 0.000 0.000 0.000 0.000 0.000 0.000 0.000 0.000 0.000 0.000 0.000 0.000 0.000 0.000 0.000 0.000 0.000 0.000 0.000 0.000 0.000 0.000 0.000 0.000 0.000 0.000 0.000 0.000 0.000 0.000 0.000 0.000 0.000 0.000 0.000 0.000 0.000 0.000 0.000 0.000 0.000 0.000 0.000 0.000 0.001 0.002
0.000 0.000 0.000 0.000 0.000 0.000 0.000 0.000 0.000 0.000 0.000 0.000 0.000 0.000 0.000 0.000 0.000 0.000 0.000 0.000 0.000 0.000 0.000 0.000 0.000 0.000 0.000 0.000 0.000 0.000 0.000 0.000 0.000 0.000 0.000 0.000 0.000 0.000 0.000 0.000 0.000 0.000 0.000 0.000 0.000 0.000 0.000 0.000 0.000 0.000 0.000 0.000 0.000 0.000 0.000 0.000 0.000 0.000 0.000 0.000 0.000 0.000 0.000 0.000 0.000 0.000 0.000 0.000 0.000 0.000 0.000 0.000 0.000 0.000 0.000 0.000 0.001
0.000 0.000 0.000 0.000 0.000 0.000 0.000 0.000 0.000 0.000 0.000 0.000 0.000 0.000 0.000 0.000 0.000 0.000 0.000 0.000 0.000 0.000 0.000 0.000 0.000 0.000 0.000 0.000 0.000 0.000 0.000 0.000 0.000 0.000 0.000 0.000 0.000 0.000 0.000 0.000 0.000 0.000 0.000 0.000 0.000 0.000 0.000 0.000 0.000 0.000 0.000 0.000 0.000 0.000 0.000 0.000 0.000 0.000 0.000 0.000 0.000 0.000 0.000 0.000 0.000 0.000 0.000 0.000 0.000 0.000 0.000 0.000 0.000 0.000 0.000 0.000 0.000
0.000 0.000 0.000 0.000 0.000 0.000 0.000 0.000 0.000 0.000 0.000 0.000 0.000 0.000 0.000 0.000 0.000 0.000 0.000 0.000 0.000 0.000 0.000 0.000 0.000 0.000 0.000 0.000 0.000 0.000 0.000 0.000 0.000 0.000 0.000 0.000 0.000 0.000 0.000 0.000 0.000 0.000 0.000 0.000 0.000 0.000 0.000 0.000 0.000 0.000 0.000 0.000 0.000 0.000 0.000 0.000 0.000 0.000 0.000 0.000 0.000 0.000 0.000 0.000 0.000 0.000 0.000 0.000 0.000 0.000 0.000 0.000 0.000 0.000 0.000 0.000 0.000
0.000 0.000 0.000 0.000 0.000 0.000 0.000 0.000 0.000 0.000 0.000 0.000 0.000 0.000 0.000 0.000 0.000 0.000 0.000 0.000 0.000 0.000 0.000 0.000 0.000 0.000 0.000 0.000 0.000 0.000 0.000 0.000 0.000 0.000 0.000 0.000 0.000 0.000 0.000 0.000 0.000 0.000 0.000 0.000 0.000 0.000 0.000 0.000 0.000 0.000 0.000 0.000 0.000 0.000 0.000 0.000 0.000 0.000 0.000 0.000 0.000 0.000 0.000 0.000 0.000 0.000 0.000 0.000 0.000 0.000 0.000 0.000 0.000 0.000 0.000 0.000 0.000
0.000 0.000 0.000 0.000 0.000 0.000 0.000 0.000 0.000 0.000 0.000 0.000 0.000 0.000 0.000 0.000 0.000 0.000 0.000 0.000 0.000 0.000 0.000 0.000 0.000 0.000 0.000 0.000 0.000 0.000 0.000 0.000 0.000 0.000 0.000 0.000 0.000 0.000 0.000 0.000 0.000 0.000 0.000 0.000 0.000 0.000 0.000 0.000 0.000 0.000 0.000 0.000 0.000 0.000 0.000 0.000 0.000 0.000 0.000 0.000 0.000 0.000 0.000 0.000 0.000 0.000 0.000 0.000 0.000 0.000 0.000 0.000 0.000 0.000 0.000 0.000 0.000
0.000 0.000 0.000 0.000 0.000 0.000 0.000 0.000 0.000 0.000 0.000 0.000 0.000 0.000 0.000 0.000 0.000 0.000 0.000 0.000 0.000 0.000 0.000 0.000 0.000 0.000 0.000 0.000 0.000 0.000 0.000 0.000 0.000 0.000 0.000 0.000 0.000 0.000 0.000 0.000 0.000 0.000 0.000 0.000 0.000 0.000 0.000 0.000 0.000 0.000 0.000 0.000 0.000 0.000 0.000 0.000 0.000 0.000 0.000 0.000 0.000 0.000 0.000 0.000 0.000 0.000 0.000 0.000 0.000 0.000 0.000 0.000 0.000 0.000 0.000 0.000 0.000
