RESULTS/r.avaflow_results/32_results/32_ascii/32_hflow10020.asc
ncols 506
nrows 317
xllcenter 498237.50
yllcenter 5580050.00
cellsize 12.50
NODATA_value -9999.000
[rows 170 to 203 of 317, columns 77 to 153 of 506]
0.000 0.000 0.000 0.000 0.000 0.000 0.000 0.000 0.000 0.000 0.000 0.000 0.000 0.000 0.000 0.000 0.000 0.000 0.000 0.000 0.000 0.000 0.001 0.002 0.007 0.012 0.014 0.015 0.015 0.015 0.015 0.015 0.014 0.013 0.013 0.015 0.023 0.041 0.068 0.084 0.087 0.085 0.080 0.079 0.088 0.107 0.125 0.143 0.176 0.259 0.433 0.776 1.432 2.273 2.787 2.908 2.939 3.028 3.148 3.195 3.183 3.092 2.883 2.561 2.117 1.626 1.221 0.902 0.656 0.470 0.332 0.233 0.162 0.112 0.076 0.051 0.034
0.000 0.000 0.000 0.000 0.000 0.000 0.000 0.000 0.000 0.000 0.000 0.000 0.000 0.000 0.000 0.000 0.000 0.000 0.000 0.000 0.000 0.001 0.003 0.008 0.016 0.022 0.026 0.027 0.028 0.028 0.028 0.027 0.025 0.024 0.024 0.028 0.042 0.071 0.110 0.135 0.143 0.142 0.137 0.138 0.158 0.204 0.274 0.372 0.541 0.830 1.273 1.955 2.769 3.334 3.505 3.513 3.520 3.569 3.619 3.620 3.569 3.423 3.153 2.762 2.245 1.721 1.296 0.962 0.702 0.506 0.360 0.255 0.178 0.123 0.084 0.057 0.038
0.000 0.000 0.000 0.000 0.000 0.000 0.000 0.000 0.000 0.000 0.000 0.000 0.000 0.000 0.000 0.000 0.000 0.000 0.000 0.001 0.002 0.004 0.009 0.018 0.030 0.037 0.042 0.044 0.045 0.045 0.045 0.044 0.042 0.040 0.041 0.048 0.071 0.112 0.167 0.209 0.231 0.239 0.245 0.262 0.325 0.461 0.665 0.949 1.376 1.989 2.706 3.380 3.824 3.976 3.976 3.976 3.984 3.994 3.988 3.952 3.853 3.652 3.325 2.874 2.314 1.781 1.349 1.005 0.739 0.536 0.384 0.272 0.190 0.131 0.090 0.061 0.041
0.000 0.000 0.000 0.000 0.000 0.000 0.000 0.000 0.000 0.000 0.000 0.000 0.000 0.000 0.000 0.000 0.000 0.001 0.001 0.003 0.006 0.011 0.021 0.035 0.048 0.058 0.065 0.068 0.070 0.071 0.071 0.069 0.066 0.064 0.066 0.078 0.109 0.165 0.241 0.315 0.372 0.414 0.453 0.523 0.699 1.008 1.439 2.002 2.717 3.461 4.065 4.415 4.523 4.502 4.422 4.373 4.348 4.316 4.272 4.194 4.051 3.804 3.429 2.936 2.345 1.813 1.383 1.036 0.768 0.559 0.401 0.283 0.198 0.137 0.093 0.063 0.043
0.000 0.000 0.000 0.000 0.000 0.000 0.000 0.000 0.000 0.000 0.000 0.000 0.000 0.000 0.000 0.000 0.001 0.002 0.004 0.008 0.013 0.023 0.037 0.056 0.074 0.088 0.097 0.103 0.106 0.106 0.106 0.104 0.101 0.099 0.101 0.118 0.161 0.237 0.344 0.466 0.584 0.696 0.812 1.002 1.356 1.895 2.602 3.340 4.020 4.558 4.926 5.073 5.078 5.010 4.840 4.695 4.620 4.553 4.478 4.372 4.191 3.899 3.484 2.954 2.354 1.832 1.403 1.056 0.784 0.571 0.409 0.290 0.202 0.140 0.096 0.065 0.044
0.000 0.000 0.000 0.000 0.000 0.000 0.000 0.000 0.000 0.000 0.000 0.000 0.000 0.000 0.000 0.000 0.002 0.004 0.008 0.014 0.024 0.038 0.059 0.085 0.110 0.129 0.143 0.151 0.155 0.156 0.155 0.153 0.149 0.147 0.150 0.172 0.230 0.335 0.489 0.678 0.883 1.101 1.350 1.725 2.289 3.046 3.797 4.418 4.929 5.297 5.504 5.571 5.566 5.462 5.236 4.978 4.819 4.732 4.643 4.512 4.292 3.958 3.510 2.954 2.357 1.839 1.411 1.065 0.789 0.576 0.413 0.292 0.204 0.141 0.097 0.065 0.044
0.000 0.000 0.000 0.000 0.000 0.000 0.000 0.000 0.000 0.000 0.000 0.000 0.000 0.000 0.000 0.001 0.004 0.008 0.014 0.025 0.039 0.060 0.089 0.125 0.161 0.187 0.206 0.217 0.222 0.224 0.224 0.221 0.215 0.212 0.214 0.239 0.321 0.473 0.690 0.960 1.272 1.632 2.065 2.669 3.414 4.153 4.736 5.208 5.584 5.850 5.969 5.995 5.967 5.842 5.594 5.251 4.995 4.871 4.760 4.593 4.346 3.989 3.517 2.944 2.350 1.837 1.410 1.064 0.788 0.575 0.412 0.291 0.204 0.141 0.096 0.065 0.044
0.000 0.000 0.000 0.000 0.000 0.000 0.000 0.000 0.000 0.000 0.000 0.000 0.000 0.000 0.000 0.002 0.005 0.012 0.023 0.038 0.061 0.092 0.134 0.185 0.232 0.268 0.292 0.307 0.314 0.317 0.317 0.312 0.302 0.295 0.295 0.322 0.422 0.625 0.926 1.303 1.752 2.292 2.950 3.754 4.495 5.046 5.468 5.818 6.090 6.272 6.340 6.340 6.284 6.141 5.890 5.523 5.202 5.008 4.855 4.652 4.367 3.988 3.507 2.918 2.325 1.818 1.395 1.051 0.778 0.567 0.406 0.288 0.201 0.140 0.096 0.065 0.044
0.000 0.000 0.000 0.000 0.000 0.000 0.000 0.000 0.000 0.000 0.000 0.000 0.000 0.000 0.000 0.002 0.006 0.014 0.030 0.055 0.091 0.138 0.199 0.272 0.333 0.379 0.410 0.429 0.438 0.440 0.439 0.434 0.418 0.399 0.393 0.408 0.499 0.722 1.093 1.603 2.224 2.960 3.825 4.716 5.364 5.743 6.014 6.272 6.467 6.565 6.599 6.597 6.524 6.364 6.117 5.750 5.391 5.137 4.909 4.667 4.348 3.951 3.454 2.853 2.268 1.773 1.359 1.024 0.758 0.551 0.395 0.280 0.196 0.136 0.094 0.064 0.043
0.000 0.000 0.000 0.000 0.000 0.000 0.000 0.000 0.000 0.000 0.000 0.000 0.000 0.000 0.000 0.002 0.006 0.015 0.032 0.066 0.125 0.204 0.298 0.394 0.473 0.531 0.569 0.591 0.601 0.603 0.602 0.593 0.571 0.532 0.501 0.498 0.558 0.762 1.171 1.799 2.609 3.532 4.508 5.422 6.018 6.251 6.403 6.579 6.699 6.746 6.762 6.749 6.670 6.518 6.280 5.921 5.527 5.222 4.936 4.636 4.275 3.846 3.324 2.726 2.170 1.696 1.301 0.981 0.725 0.527 0.378 0.268 0.188 0.131 0.090 0.062 0.041
0.000 0.000 0.000 0.000 0.000 0.000 0.000 0.000 0.000 0.000 0.000 0.000 0.000 0.000 0.000 0.001 0.005 0.013 0.029 0.065 0.143 0.278 0.438 0.559 0.658 0.731 0.778 0.803 0.814 0.817 0.814 0.801 0.767 0.701 0.625 0.591 0.614 0.775 1.177 1.881 2.874 3.992 4.985 5.848 6.439 6.593 6.645 6.738 6.815 6.842 6.851 6.813 6.737 6.603 6.377 6.031 5.617 5.259 4.926 4.561 4.146 3.661 3.107 2.536 2.024 1.585 1.217 0.917 0.678 0.492 0.354 0.252 0.178 0.125 0.086 0.058 0.039
0.000 0.000 0.000 0.000 0.000 0.000 0.000 0.000 0.000 0.000 0.000 0.000 0.000 0.000 0.000 0.001 0.003 0.007 0.019 0.050 0.131 0.311 0.584 0.777 0.899 0.990 1.048 1.079 1.091 1.093 1.089 1.066 1.014 0.918 0.789 0.702 0.687 0.786 1.147 1.874 2.986 4.286 5.285 6.039 6.606 6.787 6.770 6.805 6.851 6.867 6.875 6.823 6.758 6.631 6.414 6.086 5.671 5.262 4.876 4.448 3.962 3.407 2.821 2.285 1.823 1.429 1.100 0.831 0.617 0.450 0.325 0.233 0.166 0.116 0.080 0.054 0.036
0.000 0.000 0.000 0.000 0.000 0.000 0.000 0.000 0.000 0.000 0.000 0.000 0.000 0.000 0.000 0.000 0.001 0.002 0.006 0.023 0.090 0.284 0.671 1.025 1.204 1.318 1.391 1.430 1.445 1.446 1.435 1.400 1.325 1.202 1.023 0.874 0.810 0.848 1.132 1.833 2.979 4.412 5.482 6.150 6.611 6.843 6.828 6.828 6.846 6.859 6.856 6.808 6.743 6.623 6.418 6.101 5.691 5.231 4.778 4.283 3.718 3.095 2.505 2.004 1.584 1.236 0.952 0.722 0.540 0.399 0.291 0.211 0.150 0.105 0.072 0.049 0.033
0.000 0.000 0.000 0.000 0.000 0.000 0.000 0.000 0.000 0.000 0.000 0.000 0.000 0.000 0.000 0.000 0.000 0.001 0.001 0.007 0.044 0.215 0.667 1.251 1.569 1.728 1.816 1.863 1.881 1.880 1.861 1.814 1.720 1.571 1.362 1.161 1.038 1.022 1.206 1.812 2.928 4.444 5.582 6.203 6.562 6.798 6.833 6.827 6.822 6.816 6.787 6.729 6.659 6.551 6.380 6.085 5.674 5.182 4.644 4.059 3.418 2.790 2.238 1.772 1.385 1.068 0.812 0.611 0.456 0.340 0.252 0.184 0.132 0.093 0.064 0.043 0.029
0.000 0.000 0.000 0.000 0.000 0.000 0.000 0.000 0.000 0.000 0.000 0.000 0.000 0.000 0.000 0.000 0.000 0.001 0.001 0.003 0.020 0.142 0.586 1.358 1.894 2.173 2.326 2.385 2.400 2.401 2.378 2.317 2.213 2.052 1.830 1.596 1.434 1.371 1.453 1.907 2.889 4.372 5.569 6.179 6.469 6.668 6.771 6.810 6.781 6.723 6.610 6.483 6.434 6.385 6.256 5.987 5.601 5.102 4.506 3.840 3.152 2.543 2.021 1.586 1.226 0.934 0.700 0.517 0.379 0.279 0.207 0.153 0.112 0.079 0.054 0.036 0.024
0.000 0.000 0.000 0.000 0.000 0.000 0.000 0.000 0.000 0.000 0.000 0.000 0.000 0.000 0.000 0.000 0.000 0.001 0.002 0.004 0.012 0.082 0.445 1.269 2.066 2.514 2.791 2.956 3.015 3.016 2.997 2.934 2.826 2.669 2.454 2.220 2.051 1.965 1.982 2.265 3.013 4.265 5.435 6.059 6.347 6.523 6.624 6.682 6.658 6.546 6.288 6.003 5.902 5.902 5.879 5.735 5.434 4.970 4.359 3.647 2.942 2.340 1.841 1.429 1.093 0.821 0.604 0.436 0.312 0.222 0.159 0.117 0.087 0.063 0.043 0.029 0.019
0.000 0.000 0.000 0.000 0.000 0.000 0.000 0.000 0.000 0.000 0.000 0.000 0.000 0.000 0.000 0.000 0.001 0.002 0.004 0.006 0.014 0.051 0.288 1.025 2.055 2.722 3.135 3.429 3.617 3.692 3.696 3.659 3.572 3.440 3.258 3.053 2.910 2.846 2.839 2.960 3.384 4.214 5.190 5.810 6.144 6.318 6.400 6.419 6.391 6.215 5.810 5.267 4.991 4.983 5.091 5.184 5.077 4.736 4.172 3.457 2.749 2.165 1.687 1.294 0.976 0.721 0.520 0.366 0.253 0.172 0.115 0.078 0.055 0.041 0.030 0.020 0.013
0.000 0.000 0.000 0.000 0.000 0.000 0.000 0.000 0.000 0.000 0.000 0.000 0.000 0.000 0.000 0.001 0.003 0.005 0.008 0.013 0.021 0.045 0.172 0.715 1.828 2.796 3.353 3.768 4.077 4.265 4.333 4.331 4.293 4.219 4.104 3.951 3.824 3.763 3.757 3.803 3.982 4.397 5.039 5.557 5.868 6.014 6.076 6.044 5.979 5.743 5.270 4.566 4.040 3.867 3.971 4.248 4.402 4.273 3.856 3.227 2.554 2.003 1.555 1.181 0.872 0.627 0.439 0.300 0.200 0.128 0.078 0.046 0.029 0.020 0.015 0.010 0.006
0.000 0.000 0.000 0.000 0.000 0.000 0.000 0.000 0.000 0.000 0.000 0.000 0.000 0.000 0.001 0.003 0.006 0.012 0.020 0.029 0.040 0.059 0.127 0.460 1.417 2.673 3.441 3.970 4.393 4.680 4.832 4.877 4.872 4.841 4.775 4.665 4.536 4.434 4.387 4.386 4.449 4.625 4.953 5.317 5.548 5.628 5.664 5.610 5.482 5.214 4.766 4.089 3.433 3.055 2.978 3.135 3.393 3.482 3.309 2.889 2.334 1.833 1.428 1.077 0.772 0.534 0.359 0.235 0.148 0.087 0.047 0.024 0.013 0.008 0.005 0.003 0.002
0.000 0.000 0.000 0.000 0.000 0.000 0.000 0.000 0.000 0.000 0.000 0.000 0.000 0.001 0.003 0.008 0.016 0.028 0.045 0.062 0.076 0.093 0.139 0.339 1.031 2.338 3.389 4.047 4.574 4.959 5.193 5.296 5.318 5.309 5.263 5.171 5.039 4.891 4.783 4.725 4.704 4.742 4.872 5.085 5.207 5.232 5.230 5.137 4.987 4.713 4.307 3.715 3.064 2.581 2.333 2.285 2.378 2.459 2.466 2.315 1.977 1.563 1.191 0.872 0.599 0.390 0.246 0.151 0.088 0.047 0.023 0.011 0.005 0.003 0.002 0.001 0.001
0.000 0.000 0.000 0.000 0.000 0.000 0.000 0.000 0.000 0.000 0.000 0.000 0.001 0.003 0.008 0.020 0.039 0.064 0.092 0.116 0.135 0.151 0.180 0.318 0.833 1.956 3.179 3.997 4.618 5.091 5.404 5.569 5.623 5.626 5.587 5.490 5.346 5.168 5.007 4.883 4.792 4.752 4.778 4.852 4.879 4.861 4.813 4.689 4.525 4.250 3.875 3.374 2.783 2.305 1.973 1.777 1.675 1.611 1.542 1.450 1.288 1.014 0.708 0.469 0.295 0.178 0.107 0.064 0.036 0.019 0.010 0.005 0.002 0.001 0.001 0.001 0.001
0.000 0.000 0.000 0.000 0.000 0.000 0.000 0.000 0.000 0.000 0.000 0.000 0.002 0.006 0.018 0.044 0.082 0.124 0.164 0.199 0.224 0.244 0.269 0.373 0.778 1.676 2.858 3.815 4.564 5.128 5.521 5.738 5.803 5.806 5.764 5.654 5.492 5.295 5.102 4.942 4.804 4.701 4.644 4.605 4.559 4.491 4.398 4.252 4.070 3.806 3.466 3.038 2.517 2.068 1.728 1.465 1.253 1.079 0.927 0.781 0.628 0.451 0.279 0.162 0.093 0.055 0.033 0.020 0.012 0.007 0.004 0.002 0.001 0.001 0.001 0.001 0.000
0.000 0.000 0.000 0.000 0.000 0.000 0.000 0.000 0.000 0.000 0.000 0.001 0.003 0.010 0.033 0.078 0.142 0.203 0.259 0.311 0.356 0.394 0.432 0.524 0.849 1.558 2.574 3.569 4.416 5.074 5.526 5.793 5.883 5.884 5.833 5.706 5.537 5.338 5.133 4.946 4.748 4.561 4.419 4.318 4.221 4.116 3.978 3.808 3.612 3.370 3.061 2.691 2.239 1.818 1.484 1.210 0.976 0.768 0.584 0.423 0.285 0.173 0.094 0.050 0.028 0.017 0.011 0.007 0.004 0.003 0.002 0.001 0.001 0.001 0.000 0.000 0.000
0.000 0.000 0.000 0.000 0.000 0.000 0.000 0.000 0.000 0.000 0.000 0.001 0.003 0.012 0.040 0.099 0.185 0.277 0.366 0.454 0.538 0.616 0.692 0.800 1.061 1.614 2.451 3.396 4.241 4.940 5.446 5.752 5.881 5.887 5.833 5.703 5.525 5.319 5.098 4.866 4.593 4.327 4.110 3.964 3.835 3.696 3.530 3.351 3.156 2.931 2.650 2.324 1.934 1.541 1.221 0.958 0.737 0.538 0.365 0.226 0.126 0.065 0.032 0.017 0.010 0.006 0.004 0.003 0.002 0.001 0.001 0.001 0.001 0.000 0.000 0.000 0.000
0.000 0.000 0.000 0.000 0.000 0.000 0.000 0.000 0.000 0.000 0.000 0.001 0.003 0.012 0.041 0.104 0.208 0.337 0.475 0.620 0.767 0.908 1.048 1.204 1.438 1.851 2.506 3.345 4.122 4.774 5.287 5.613 5.769 5.785 5.751 5.635 5.461 5.257 4.984 4.674 4.313 3.965 3.691 3.509 3.354 3.196 3.029 2.853 2.675 2.469 2.222 1.933 1.592 1.235 0.937 0.695 0.495 0.327 0.194 0.102 0.049 0.022 0.011 0.006 0.004 0.003 0.002 0.001 0.001 0.001 0.001 0.000 0.000 0.000 0.000 0.000 0.000
0.000 0.000 0.000 0.000 0.000 0.000 0.000 0.000 0.000 0.000 0.000 0.001 0.003 0.011 0.036 0.098 0.212 0.380 0.581 0.804 1.044 1.270 1.486 1.705 1.951 2.282 2.765 3.421 4.079 4.615 5.049 5.349 5.501 5.540 5.507 5.404 5.251 5.042 4.734 4.352 3.896 3.480 3.152 2.921 2.742 2.592 2.450 2.302 2.148 1.974 1.768 1.519 1.217 0.903 0.641 0.434 0.274 0.155 0.077 0.034 0.015 0.007 0.003 0.002 0.001 0.001 0.001 0.001 0.001 0.000 0.000 0.000 0.000 0.000 0.000 0.000 0.000
0.000 0.000 0.000 0.000 0.000 0.000 0.000 0.000 0.000 0.000 0.000 0.000 0.002 0.007 0.025 0.078 0.197 0.403 0.685 1.012 1.373 1.704 1.998 2.271 2.538 2.831 3.186 3.637 4.108 4.494 4.791 5.002 5.107 5.141 5.101 5.002 4.856 4.629 4.306 3.884 3.370 2.891 2.515 2.245 2.050 1.910 1.802 1.698 1.586 1.454 1.288 1.079 0.819 0.562 0.361 0.215 0.115 0.053 0.021 0.008 0.004 0.002 0.001 0.001 0.001 0.001 0.000 0.000 0.000 0.000 0.000 0.000 0.000 0.000 0.000 0.000 0.000
0.000 0.000 0.000 0.000 0.000 0.000 0.000 0.000 0.000 0.000 0.000 0.000 0.001 0.003 0.014 0.052 0.165 0.403 0.777 1.243 1.763 2.213 2.586 2.897 3.164 3.404 3.645 3.906 4.147 4.334 4.476 4.572 4.610 4.614 4.558 4.436 4.273 4.034 3.705 3.281 2.774 2.308 1.946 1.670 1.464 1.313 1.196 1.091 0.982 0.863 0.729 0.578 0.407 0.256 0.147 0.075 0.033 0.013 0.005 0.002 0.001 0.000 0.000 0.000 0.000 0.000 0.000 0.000 0.000 0.000 0.000 0.000 0.000 0.000 0.000 0.000 0.000
0.000 0.000 0.000 0.000 0.000 0.000 0.000 0.000 0.000 0.000 0.000 0.000 0.000 0.001 0.007 0.035 0.135 0.387 0.835 1.451 2.191 2.809 3.250 3.573 3.803 3.954 4.059 4.136 4.157 4.137 4.112 4.081 4.029 3.962 3.858 3.705 3.524 3.283 2.970 2.602 2.195 1.814 1.489 1.220 1.007 0.846 0.715 0.597 0.487 0.383 0.290 0.206 0.130 0.073 0.037 0.017 0.007 0.003 0.001 0.000 0.000 0.000 0.000 0.000 0.000 0.000 0.000 0.000 0.000 0.000 0.000 0.000 0.000 0.000 0.000 0.000 0.000
0.000 0.000 0.000 0.000 0.000 0.000 0.000 0.000 0.000 0.000 0.000 0.000 0.000 0.001 0.004 0.024 0.109 0.362 0.852 1.576 2.543 3.432 3.981 4.287 4.438 4.491 4.454 4.307 4.088 3.878 3.692 3.524 3.346 3.162 2.986 2.819 2.645 2.449 2.225 1.970 1.686 1.395 1.122 0.879 0.674 0.514 0.387 0.281 0.194 0.127 0.080 0.047 0.026 0.013 0.007 0.003 0.001 0.001 0.000 0.000 0.000 0.000 0.000 0.000 0.000 0.000 0.000 0.000 0.000 0.000 0.000 0.000 0.000 0.000 0.000 0.000 0.000
0.000 0.000 0.000 0.000 0.000 0.000 0.000 0.000 0.000 0.000 0.000 0.000 0.000 0.001 0.002 0.016 0.084 0.322 0.825 1.611 2.734 3.946 4.689 5.008 5.083 5.026 4.793 4.384 3.941 3.563 3.224 2.907 2.613 2.349 2.135 1.973 1.842 1.715 1.570 1.405 1.222 1.024 0.818 0.616 0.439 0.300 0.196 0.122 0.071 0.039 0.020 0.010 0.005 0.002 0.001 0.001 0.000 0.000 0.000 0.000 0.000 0.000 0.000 0.000 0.000 0.000 0.000 0.000 0.000 0.000 0.000 0.000 0.000 0.000 0.000 0.000 0.000
0.000 0.000 0.000 0.000 0.000 0.000 0.000 0.000 0.000 0.000 0.000 0.000 0.000 0.001 0.002 0.009 0.054 0.244 0.716 1.543 2.765 4.256 5.263 5.650 5.674 5.482 5.024 4.380 3.744 3.214 2.757 2.355 2.003 1.698 1.457 1.285 1.167 1.070 0.973 0.871 0.768 0.661 0.539 0.400 0.268 0.167 0.098 0.053 0.027 0.013 0.006 0.002 0.001 0.001 0.000 0.000 0.000 0.000 0.000 0.000 0.000 0.000 0.000 0.000 0.000 0.000 0.000 0.000 0.000 0.000 0.000 0.000 0.000 0.000 0.000 0.000 0.000
0.000 0.000 0.000 0.000 0.000 0.000 0.000 0.000 0.000 0.000 0.000 0.000 0.001 0.002 0.003 0.006 0.020 0.108 0.428 1.164 2.446 4.174 5.458 5.993 6.030 5.731 5.110 4.291 3.501 2.851 2.319 1.880 1.509 1.196 0.944 0.758 0.634 0.546 0.473 0.412 0.364 0.325 0.279 0.215 0.141 0.083 0.045 0.023 0.011 0.005 0.002 0.001 0.000 0.000 0.000 0.000 0.000 0.000 0.000 0.000 0.000 0.000 0.000 0.000 0.000 0.000 0.000 0.000 0.000 0.000 0.000 0.000 0.000 0.000 0.000 0.000 0.000
0.000 0.000 0.000 0.000 0.000 0.000 0.000 0.000 0.000 0.000 0.001 0.002 0.003 0.005 0.006 0.007 0.010 0.026 0.112 0.409 1.194 2.759 4.538 5.596 5.875 5.640 4.999 4.113 3.232 2.496 1.909 1.455 1.093 0.799 0.567 0.397 0.286 0.214 0.165 0.131 0.113 0.106 0.100 0.085 0.058 0.034 0.018 0.009 0.004 0.002 0.001 0.000 0.000 0.000 0.000 0.000 0.000 0.000 0.000 0.000 0.000 0.000 0.000 0.000 0.000 0.000 0.000 0.000 0.000 0.000 0.000 0.000 0.000 0.000 0.000 0.000 0.000
