RESULTS/r.avaflow_results/32_results/32_ascii/32_hflow30039.asc
ncols 506
nrows 317
xllcenter 498237.50
yllcenter 5580050.00
cellsize 12.50
NODATA_value -9999.000
[rows 170 to 203 of 317, columns 154 to 230 of 506]
8.905 8.834 8.755 8.648 8.498 8.305 8.133 7.988 7.840 7.676 7.522 7.387 7.235 6.980 6.516 5.805 4.923 4.028 3.179 2.373 1.634 1.011 0.567 0.319 0.203 0.154 0.139 0.138 0.143 0.156 0.182 0.220 0.263 0.295 0.317 0.336 0.363 0.416 0.464 0.479 0.476 0.468 0.473 0.496 0.511 0.507 0.476 0.411 0.322 0.233 0.163 0.119 0.093 0.079 0.070 0.064 0.061 0.059 0.059 0.059 0.058 0.055 0.052 0.051 0.050 0.050 0.054 0.067 0.101 0.172 0.232 0.254 0.246 0.193 0.122 0.081 0.061
12.294 12.534 12.688 12.745 12.709 12.555 12.333 12.102 11.858 11.579 11.295 11.036 10.781 10.478 10.012 9.296 8.324 7.162 5.910 4.629 3.391 2.294 1.414 0.815 0.481 0.316 0.241 0.215 0.212 0.224 0.255 0.303 0.349 0.372 0.380 0.385 0.397 0.432 0.465 0.471 0.455 0.435 0.430 0.434 0.428 0.400 0.329 0.226 0.141 0.094 0.069 0.055 0.047 0.043 0.042 0.042 0.043 0.044 0.045 0.046 0.045 0.043 0.040 0.038 0.038 0.038 0.041 0.051 0.075 0.130 0.205 0.249 0.262 0.251 0.206 0.148 0.104
15.829 16.386 16.621 16.635 16.496 16.206 15.855 15.511 15.166 14.802 14.432 14.099 13.793 13.477 13.041 12.352 11.379 10.207 8.921 7.503 5.945 4.383 2.999 1.907 1.165 0.717 0.468 0.345 0.293 0.278 0.289 0.321 0.360 0.376 0.376 0.372 0.376 0.394 0.405 0.391 0.342 0.294 0.267 0.246 0.222 0.185 0.132 0.083 0.055 0.042 0.034 0.030 0.028 0.027 0.027 0.028 0.031 0.033 0.035 0.035 0.035 0.033 0.031 0.030 0.030 0.030 0.032 0.039 0.054 0.088 0.153 0.224 0.264 0.281 0.278 0.248 0.192
18.695 19.567 19.899 19.885 19.675 19.316 18.929 18.563 18.194 17.803 17.390 17.021 16.697 16.378 15.965 15.281 14.275 13.043 11.714 10.324 8.804 7.097 5.326 3.718 2.449 1.544 0.957 0.612 0.428 0.338 0.304 0.302 0.319 0.326 0.318 0.300 0.289 0.281 0.267 0.228 0.168 0.127 0.106 0.094 0.084 0.069 0.049 0.035 0.027 0.023 0.020 0.019 0.018 0.018 0.019 0.020 0.022 0.025 0.026 0.027 0.026 0.026 0.024 0.024 0.024 0.024 0.026 0.030 0.039 0.057 0.093 0.160 0.236 0.285 0.302 0.301 0.273
20.374 21.461 22.006 22.141 22.057 21.854 21.614 21.373 21.092 20.735 20.312 19.907 19.555 19.204 18.771 18.085 17.083 15.833 14.451 13.004 11.485 9.837 8.001 6.037 4.232 2.787 1.734 1.042 0.631 0.405 0.295 0.245 0.224 0.214 0.196 0.170 0.156 0.146 0.134 0.108 0.075 0.056 0.046 0.041 0.037 0.031 0.024 0.019 0.016 0.014 0.013 0.013 0.013 0.013 0.013 0.014 0.016 0.018 0.019 0.020 0.020 0.019 0.019 0.019 0.019 0.020 0.022 0.025 0.030 0.039 0.056 0.091 0.163 0.253 0.299 0.307 0.299
20.744 21.933 22.732 23.177 23.412 23.561 23.640 23.628 23.520 23.268 22.849 22.340 21.925 21.536 21.087 20.444 19.554 18.417 17.055 15.518 13.864 12.092 10.126 7.871 5.600 3.714 2.285 1.320 0.747 0.435 0.274 0.194 0.152 0.123 0.099 0.083 0.078 0.074 0.067 0.054 0.038 0.030 0.025 0.022 0.020 0.017 0.014 0.012 0.011 0.010 0.009 0.009 0.009 0.009 0.009 0.010 0.011 0.013 0.014 0.014 0.014 0.015 0.015 0.015 0.016 0.017 0.018 0.021 0.024 0.030 0.039 0.058 0.097 0.179 0.259 0.290 0.296
20.333 21.616 22.607 23.274 23.804 24.293 24.627 24.769 24.791 24.673 24.281 23.640 23.170 22.826 22.430 21.860 21.122 20.187 18.946 17.365 15.541 13.567 11.397 8.891 6.268 4.096 2.471 1.390 0.766 0.429 0.252 0.159 0.107 0.073 0.053 0.044 0.042 0.040 0.037 0.030 0.023 0.019 0.016 0.014 0.012 0.011 0.009 0.008 0.007 0.007 0.006 0.006 0.006 0.006 0.006 0.007 0.008 0.009 0.009 0.010 0.010 0.011 0.011 0.012 0.013 0.014 0.015 0.018 0.021 0.025 0.032 0.043 0.066 0.112 0.181 0.237 0.267
19.282 20.722 21.971 22.950 23.737 24.364 24.734 24.888 24.946 24.901 24.545 23.833 23.341 23.078 22.754 22.217 21.538 20.716 19.589 18.041 16.138 14.028 11.730 9.100 6.341 4.073 2.403 1.318 0.705 0.381 0.209 0.117 0.068 0.043 0.031 0.026 0.024 0.023 0.021 0.018 0.014 0.012 0.011 0.009 0.008 0.007 0.006 0.005 0.005 0.004 0.004 0.004 0.004 0.004 0.004 0.004 0.005 0.006 0.006 0.007 0.007 0.008 0.008 0.009 0.010 0.011 0.013 0.015 0.018 0.022 0.027 0.036 0.050 0.075 0.116 0.165 0.212
18.012 19.590 21.016 22.243 23.239 23.930 24.259 24.359 24.387 24.317 23.976 23.286 22.755 22.475 22.147 21.604 20.932 20.166 19.134 17.671 15.795 13.652 11.291 8.600 5.847 3.614 2.013 1.025 0.508 0.254 0.128 0.067 0.038 0.025 0.019 0.017 0.015 0.014 0.013 0.011 0.010 0.009 0.008 0.007 0.006 0.005 0.004 0.003 0.003 0.002 0.002 0.002 0.002 0.002 0.002 0.002 0.003 0.003 0.004 0.004 0.005 0.005 0.006 0.007 0.008 0.009 0.011 0.013 0.016 0.020 0.025 0.032 0.042 0.058 0.081 0.113 0.151
16.707 18.339 19.796 21.056 22.055 22.737 23.075 23.145 23.047 22.740 22.379 21.931 21.434 20.866 20.268 19.641 18.981 18.299 17.419 16.091 14.280 12.128 9.737 7.087 4.556 2.569 1.231 0.511 0.214 0.103 0.056 0.034 0.022 0.016 0.013 0.011 0.010 0.009 0.009 0.008 0.007 0.006 0.005 0.004 0.004 0.003 0.002 0.002 0.002 0.001 0.001 0.001 0.001 0.001 0.001 0.001 0.001 0.002 0.002 0.002 0.003 0.003 0.004 0.005 0.006 0.007 0.009 0.011 0.014 0.018 0.023 0.029 0.037 0.049 0.065 0.086 0.112
15.156 16.719 18.117 19.323 20.286 21.018 21.504 21.647 21.449 20.937 20.714 20.627 20.251 19.339 18.417 17.692 16.984 16.193 15.164 13.715 11.807 9.539 7.045 4.605 2.605 1.250 0.496 0.170 0.070 0.040 0.026 0.018 0.014 0.011 0.009 0.009 0.008 0.007 0.006 0.005 0.005 0.004 0.003 0.003 0.002 0.002 0.001 0.001 0.001 0.000 0.000 0.000 0.000 0.000 0.000 0.000 0.000 0.001 0.001 0.001 0.001 0.002 0.002 0.003 0.004 0.006 0.007 0.010 0.013 0.016 0.021 0.027 0.035 0.045 0.058 0.074 0.094
13.158 14.556 15.938 17.260 18.447 19.490 20.259 20.536 20.366 19.862 19.714 19.669 19.231 18.156 17.155 16.389 15.573 14.496 13.023 11.112 8.759 6.107 3.718 2.051 1.023 0.440 0.156 0.055 0.028 0.019 0.015 0.012 0.010 0.008 0.007 0.006 0.006 0.005 0.004 0.003 0.003 0.002 0.002 0.001 0.001 0.001 0.000 0.000 0.000 0.000 0.000 0.000 0.000 0.000 0.000 0.000 0.000 0.000 0.000 0.000 0.000 0.001 0.001 0.002 0.003 0.004 0.006 0.008 0.011 0.015 0.020 0.026 0.035 0.045 0.057 0.070 0.086
10.932 12.228 13.657 15.181 16.650 17.972 18.984 19.427 19.348 18.934 18.629 18.306 17.639 16.583 15.664 14.859 13.899 12.494 10.519 7.943 5.097 2.700 1.256 0.555 0.252 0.111 0.045 0.022 0.015 0.012 0.010 0.009 0.007 0.006 0.005 0.004 0.004 0.003 0.002 0.002 0.001 0.001 0.001 0.000 0.000 0.000 0.000 0.000 0.000 0.000 0.000 0.000 0.000 0.000 0.000 0.000 0.000 0.000 0.000 0.000 0.000 0.000 0.001 0.001 0.002 0.003 0.005 0.007 0.010 0.014 0.019 0.026 0.035 0.046 0.057 0.068 0.080
9.046 10.252 11.575 13.050 14.539 15.891 16.983 17.553 17.596 17.218 16.522 15.672 14.750 13.835 13.011 12.100 10.863 9.015 6.436 3.773 1.776 0.664 0.217 0.092 0.052 0.030 0.017 0.012 0.010 0.009 0.007 0.006 0.005 0.004 0.004 0.003 0.002 0.002 0.001 0.001 0.000 0.000 0.000 0.000 0.000 0.000 0.000 0.000 0.000 0.000 0.000 0.000 0.000 0.000 0.000 0.000 0.000 0.000 0.000 0.000 0.000 0.000 0.000 0.001 0.001 0.002 0.004 0.007 0.010 0.014 0.019 0.026 0.036 0.048 0.058 0.067 0.077
7.340 8.382 9.432 10.508 11.554 12.548 13.510 14.109 14.227 13.903 13.029 11.800 10.631 9.637 8.617 7.419 5.858 3.959 2.120 0.881 0.274 0.076 0.035 0.024 0.018 0.013 0.010 0.009 0.007 0.006 0.005 0.004 0.004 0.003 0.002 0.002 0.001 0.001 0.000 0.000 0.000 0.000 0.000 0.000 0.000 0.000 0.000 0.000 0.000 0.000 0.000 0.000 0.000 0.000 0.000 0.000 0.000 0.000 0.000 0.000 0.000 0.000 0.000 0.000 0.001 0.002 0.003 0.006 0.009 0.013 0.019 0.027 0.037 0.050 0.060 0.068 0.076
5.483 6.164 6.596 6.875 7.141 7.526 8.171 8.750 8.964 8.818 8.122 6.886 5.504 4.376 3.455 2.616 1.721 0.852 0.309 0.086 0.031 0.020 0.015 0.012 0.010 0.009 0.007 0.006 0.005 0.004 0.004 0.003 0.002 0.002 0.001 0.001 0.000 0.000 0.000 0.000 0.000 0.000 0.000 0.000 0.000 0.000 0.000 0.000 0.000 0.000 0.000 0.000 0.000 0.000 0.000 0.000 0.000 0.000 0.000 0.000 0.000 0.000 0.000 0.000 0.000 0.001 0.003 0.005 0.008 0.013 0.019 0.027 0.037 0.050 0.060 0.069 0.078
2.863 2.961 2.897 2.791 2.727 2.774 3.001 3.310 3.449 3.425 3.142 2.534 1.721 1.085 0.695 0.448 0.236 0.091 0.034 0.018 0.014 0.011 0.010 0.009 0.007 0.006 0.005 0.004 0.003 0.003 0.002 0.002 0.001 0.001 0.000 0.000 0.000 0.000 0.000 0.000 0.000 0.000 0.000 0.000 0.000 0.000 0.000 0.000 0.000 0.000 0.000 0.000 0.000 0.000 0.000 0.000 0.000 0.000 0.000 0.000 0.000 0.000 0.000 0.000 0.000 0.001 0.002 0.004 0.007 0.012 0.018 0.026 0.036 0.048 0.060 0.072 0.084
0.881 0.811 0.736 0.658 0.604 0.584 0.608 0.675 0.699 0.690 0.624 0.470 0.260 0.137 0.088 0.058 0.034 0.020 0.014 0.011 0.009 0.008 0.007 0.006 0.005 0.004 0.003 0.003 0.002 0.001 0.001 0.001 0.000 0.000 0.000 0.000 0.000 0.000 0.000 0.000 0.000 0.000 0.000 0.000 0.000 0.000 0.000 0.000 0.000 0.000 0.000 0.000 0.000 0.000 0.000 0.000 0.000 0.000 0.000 0.000 0.000 0.000 0.000 0.000 0.000 0.001 0.002 0.004 0.006 0.011 0.016 0.023 0.033 0.044 0.059 0.080 0.104
0.182 0.152 0.139 0.128 0.115 0.106 0.105 0.107 0.106 0.103 0.092 0.068 0.041 0.028 0.022 0.018 0.014 0.011 0.009 0.008 0.007 0.006 0.005 0.004 0.003 0.003 0.002 0.001 0.001 0.001 0.000 0.000 0.000 0.000 0.000 0.000 0.000 0.000 0.000 0.000 0.000 0.000 0.000 0.000 0.000 0.000 0.000 0.000 0.000 0.000 0.000 0.000 0.000 0.000 0.000 0.000 0.000 0.000 0.000 0.000 0.000 0.000 0.000 0.000 0.000 0.000 0.001 0.003 0.005 0.009 0.014 0.020 0.029 0.041 0.059 0.088 0.129
0.047 0.041 0.040 0.039 0.036 0.033 0.032 0.030 0.029 0.028 0.025 0.021 0.016 0.014 0.012 0.010 0.009 0.008 0.007 0.006 0.005 0.004 0.003 0.002 0.002 0.001 0.001 0.000 0.000 0.000 0.000 0.000 0.000 0.000 0.000 0.000 0.000 0.000 0.000 0.000 0.000 0.000 0.000 0.000 0.000 0.000 0.000 0.000 0.000 0.000 0.000 0.000 0.000 0.000 0.000 0.000 0.000 0.000 0.000 0.000 0.000 0.000 0.000 0.000 0.000 0.000 0.001 0.002 0.004 0.007 0.011 0.016 0.024 0.036 0.056 0.089 0.137
0.021 0.020 0.019 0.019 0.018 0.017 0.016 0.015 0.014 0.013 0.013 0.011 0.010 0.009 0.008 0.007 0.006 0.005 0.004 0.004 0.003 0.002 0.002 0.001 0.001 0.000 0.000 0.000 0.000 0.000 0.000 0.000 0.000 0.000 0.000 0.000 0.000 0.000 0.000 0.000 0.000 0.000 0.000 0.000 0.000 0.000 0.000 0.000 0.000 0.000 0.000 0.000 0.000 0.000 0.000 0.000 0.000 0.000 0.000 0.000 0.000 0.000 0.000 0.000 0.000 0.000 0.000 0.001 0.002 0.005 0.008 0.012 0.018 0.029 0.046 0.077 0.125
0.013 0.012 0.012 0.011 0.011 0.010 0.010 0.009 0.009 0.009 0.008 0.008 0.007 0.006 0.006 0.005 0.004 0.003 0.003 0.002 0.002 0.001 0.001 0.000 0.000 0.000 0.000 0.000 0.000 0.000 0.000 0.000 0.000 0.000 0.000 0.000 0.000 0.000 0.000 0.000 0.000 0.000 0.000 0.000 0.000 0.000 0.000 0.000 0.000 0.000 0.000 0.000 0.000 0.000 0.000 0.000 0.000 0.000 0.000 0.000 0.000 0.000 0.000 0.000 0.000 0.000 0.000 0.001 0.001 0.003 0.005 0.008 0.013 0.019 0.029 0.049 0.083
0.008 0.008 0.008 0.007 0.007 0.007 0.007 0.006 0.006 0.006 0.005 0.005 0.005 0.004 0.004 0.003 0.002 0.002 0.001 0.001 0.001 0.000 0.000 0.000 0.000 0.000 0.000 0.000 0.000 0.000 0.000 0.000 0.000 0.000 0.000 0.000 0.000 0.000 0.000 0.000 0.000 0.000 0.000 0.000 0.000 0.000 0.000 0.000 0.000 0.000 0.000 0.000 0.000 0.000 0.000 0.000 0.000 0.000 0.000 0.000 0.000 0.000 0.000 0.000 0.000 0.000 0.000 0.000 0.001 0.002 0.003 0.005 0.008 0.012 0.017 0.026 0.040
0.005 0.005 0.005 0.005 0.005 0.004 0.004 0.004 0.004 0.003 0.003 0.003 0.003 0.002 0.002 0.002 0.001 0.001 0.000 0.000 0.000 0.000 0.000 0.000 0.000 0.000 0.000 0.000 0.000 0.000 0.000 0.000 0.000 0.000 0.000 0.000 0.000 0.000 0.000 0.000 0.000 0.000 0.000 0.000 0.000 0.000 0.000 0.000 0.000 0.000 0.000 0.000 0.000 0.000 0.000 0.000 0.000 0.000 0.000 0.000 0.000 0.000 0.000 0.000 0.000 0.000 0.000 0.000 0.000 0.001 0.002 0.003 0.005 0.008 0.011 0.016 0.022
0.003 0.003 0.003 0.003 0.003 0.002 0.002 0.002 0.002 0.002 0.002 0.001 0.001 0.001 0.001 0.001 0.000 0.000 0.000 0.000 0.000 0.000 0.000 0.000 0.000 0.000 0.000 0.000 0.000 0.000 0.000 0.000 0.000 0.000 0.000 0.000 0.000 0.000 0.000 0.000 0.000 0.000 0.000 0.000 0.000 0.000 0.000 0.000 0.000 0.000 0.000 0.000 0.000 0.000 0.000 0.000 0.000 0.000 0.000 0.000 0.000 0.000 0.000 0.000 0.000 0.000 0.000 0.000 0.000 0.000 0.001 0.002 0.003 0.005 0.007 0.010 0.013
0.001 0.001 0.001 0.001 0.001 0.001 0.001 0.001 0.001 0.001 0.001 0.000 0.000 0.000 0.000 0.000 0.000 0.000 0.000 0.000 0.000 0.000 0.000 0.000 0.000 0.000 0.000 0.000 0.000 0.000 0.000 0.000 0.000 0.000 0.000 0.000 0.000 0.000 0.000 0.000 0.000 0.000 0.000 0.000 0.000 0.000 0.000 0.000 0.000 0.000 0.000 0.000 0.000 0.000 0.000 0.000 0.000 0.000 0.000 0.000 0.000 0.000 0.000 0.000 0.000 0.000 0.000 0.000 0.000 0.000 0.000 0.001 0.002 0.003 0.004 0.006 0.008
0.000 0.000 0.000 0.000 0.000 0.000 0.000 0.000 0.000 0.000 0.000 0.000 0.000 0.000 0.000 0.000 0.000 0.000 0.000 0.000 0.000 0.000 0.000 0.000 0.000 0.000 0.000 0.000 0.000 0.000 0.000 0.000 0.000 0.000 0.000 0.000 0.000 0.000 0.000 0.000 0.000 0.000 0.000 0.000 0.000 0.000 0.000 0.000 0.000 0.000 0.000 0.000 0.000 0.000 0.000 0.000 0.000 0.000 0.000 0.000 0.000 0.000 0.000 0.000 0.000 0.000 0.000 0.000 0.000 0.000 0.000 0.000 0.001 0.001 0.002 0.004 0.005
0.000 0.000 0.000 0.000 0.000 0.000 0.000 0.000 0.000 0.000 0.000 0.000 0.000 0.000 0.000 0.000 0.000 0.000 0.000 0.000 0.000 0.000 0.000 0.000 0.000 0.000 0.000 0.000 0.000 0.000 0.000 0.000 0.000 0.000 0.000 0.000 0.000 0.000 0.000 0.000 0.000 0.000 0.000 0.000 0.000 0.000 0.000 0.000 0.000 0.000 0.000 0.000 0.000 0.000 0.000 0.000 0.000 0.000 0.000 0.000 0.000 0.000 0.000 0.000 0.000 0.000 0.000 0.000 0.000 0.000 0.000 0.000 0.000 0.001 0.001 0.002 0.003
0.000 0.000 0.000 0.000 0.000 0.000 0.000 0.000 0.000 0.000 0.000 0.000 0.000 0.000 0.000 0.000 0.000 0.000 0.000 0.000 0.000 0.000 0.000 0.000 0.000 0.000 0.000 0.000 0.000 0.000 0.000 0.000 0.000 0.000 0.000 0.000 0.000 0.000 0.000 0.000 0.000 0.000 0.000 0.000 0.000 0.000 0.000 0.000 0.000 0.000 0.000 0.000 0.000 0.000 0.000 0.000 0.000 0.000 0.000 0.000 0.000 0.000 0.000 0.000 0.000 0.000 0.000 0.000 0.000 0.000 0.000 0.000 0.000 0.000 0.000 0.001 0.001
0.000 0.000 0.000 0.000 0.000 0.000 0.000 0.000 0.000 0.000 0.000 0.000 0.000 0.000 0.000 0.000 0.000 0.000 0.000 0.000 0.000 0.000 0.000 0.000 0.000 0.000 0.000 0.000 0.000 0.000 0.000 0.000 0.000 0.000 0.000 0.000 0.000 0.000 0.000 0.000 0.000 0.000 0.000 0.000 0.000 0.000 0.000 0.000 0.000 0.000 0.000 0.000 0.000 0.000 0.000 0.000 0.000 0.000 0.000 0.000 0.000 0.000 0.000 0.000 0.000 0.000 0.000 0.000 0.000 0.000 0.000 0.000 0.000 0.000 0.000 0.000 0.001
0.000 0.000 0.000 0.000 0.000 0.000 0.000 0.000 0.000 0.000 0.000 0.000 0.000 0.000 0.000 0.000 0.000 0.000 0.000 0.000 0.000 0.000 0.000 0.000 0.000 0.000 0.000 0.000 0.000 0.000 0.000 0.000 0.000 0.000 0.000 0.000 0.000 0.000 0.000 0.000 0.000 0.000 0.000 0.000 0.000 0.000 0.000 0.000 0.000 0.000 0.000 0.000 0.000 0.000 0.000 0.000 0.000 0.000 0.000 0.000 0.000 0.000 0.000 0.000 0.000 0.000 0.000 0.000 0.000 0.000 0.000 0.000 0.000 0.000 0.000 0.000 0.000
0.000 0.000 0.000 0.000 0.000 0.000 0.000 0.000 0.000 0.000 0.000 0.000 0.000 0.000 0.000 0.000 0.000 0.000 0.000 0.000 0.000 0.000 0.000 0.000 0.000 0.000 0.000 0.000 0.000 0.000 0.000 0.000 0.000 0.000 0.000 0.000 0.000 0.000 0.000 0.000 0.000 0.000 0.000 0.000 0.000 0.000 0.000 0.000 0.000 0.000 0.000 0.000 0.000 0.000 0.000 0.000 0.000 0.000 0.000 0.000 0.000 0.000 0.000 0.000 0.000 0.000 0.000 0.000 0.000 0.000 0.000 0.000 0.000 0.000 0.000 0.000 0.000
0.000 0.000 0.000 0.000 0.000 0.000 0.000 0.000 0.000 0.000 0.000 0.000 0.000 0.000 0.000 0.000 0.000 0.000 0.000 0.000 0.000 0.000 0.000 0.000 0.000 0.000 0.000 0.000 0.000 0.000 0.000 0.000 0.000 0.000 0.000 0.000 0.000 0.000 0.000 0.000 0.000 0.000 0.000 0.000 0.000 0.000 0.000 0.000 0.000 0.000 0.000 0.000 0.000 0.000 0.000 0.000 0.000 0.000 0.000 0.000 0.000 0.000 0.000 0.000 0.000 0.000 0.000 0.000 0.000 0.000 0.000 0.000 0.000 0.000 0.000 0.000 0.000
0.000 0.000 0.000 0.000 0.000 0.000 0.000 0.000 0.000 0.000 0.000 0.000 0.000 0.000 0.000 0.000 0.000 0.000 0.000 0.000 0.000 0.000 0.000 0.000 0.000 0.000 0.000 0.000 0.000 0.000 0.000 0.000 0.000 0.000 0.000 0.000 0.000 0.000 0.000 0.000 0.000 0.000 0.000 0.000 0.000 0.000 0.000 0.000 0.000 0.000 0.000 0.000 0.000 0.000 0.000 0.000 0.000 0.000 0.000 0.000 0.000 0.000 0.000 0.000 0.000 0.000 0.000 0.000 0.000 0.000 0.000 0.000 0.000 0.000 0.000 0.000 0.000
