RESULTS/r.avaflow_results/32_results/32_ascii/32_hflow30036.asc
ncols 506
nrows 317
xllcenter 498237.50
yllcenter 5580050.00
cellsize 12.50
NODATA_value -9999.000
[rows 170 to 203 of 317, columns 154 to 230 of 506]
8.900 8.819 8.729 8.615 8.456 8.257 8.077 7.922 7.763 7.588 7.427 7.282 7.117 6.844 6.362 5.637 4.742 3.832 2.968 2.166 1.456 0.881 0.491 0.283 0.191 0.156 0.149 0.154 0.169 0.198 0.241 0.299 0.364 0.411 0.442 0.469 0.499 0.562 0.626 0.646 0.643 0.630 0.629 0.630 0.622 0.588 0.510 0.385 0.263 0.168 0.105 0.072 0.055 0.047 0.044 0.044 0.045 0.048 0.052 0.055 0.056 0.056 0.055 0.055 0.055 0.055 0.060 0.075 0.116 0.209 0.300 0.333 0.323 0.252 0.149 0.091 0.066
12.307 12.541 12.686 12.739 12.695 12.532 12.303 12.065 11.814 11.528 11.233 10.963 10.697 10.382 9.905 9.179 8.189 7.005 5.730 4.436 3.203 2.134 1.298 0.745 0.447 0.308 0.250 0.235 0.244 0.270 0.315 0.383 0.456 0.497 0.512 0.520 0.532 0.573 0.616 0.625 0.610 0.580 0.562 0.547 0.523 0.467 0.355 0.215 0.120 0.072 0.050 0.038 0.033 0.031 0.031 0.033 0.035 0.039 0.043 0.045 0.045 0.044 0.042 0.041 0.041 0.041 0.045 0.056 0.086 0.156 0.261 0.325 0.343 0.322 0.247 0.160 0.107
15.855 16.406 16.634 16.644 16.497 16.200 15.843 15.492 15.140 14.768 14.387 14.045 13.731 13.406 12.962 12.265 11.284 10.103 8.805 7.370 5.801 4.240 2.874 1.813 1.107 0.692 0.470 0.367 0.329 0.324 0.344 0.393 0.459 0.492 0.497 0.492 0.492 0.506 0.517 0.499 0.445 0.383 0.341 0.307 0.271 0.216 0.139 0.079 0.048 0.034 0.027 0.024 0.022 0.022 0.023 0.024 0.028 0.032 0.035 0.035 0.035 0.034 0.032 0.032 0.031 0.032 0.034 0.042 0.061 0.105 0.195 0.294 0.348 0.366 0.351 0.287 0.198
18.735 19.600 19.924 19.906 19.690 19.326 18.932 18.560 18.185 17.785 17.364 16.988 16.658 16.333 15.909 15.219 14.209 12.971 11.637 10.240 8.715 7.004 5.232 3.629 2.380 1.504 0.949 0.632 0.467 0.387 0.356 0.365 0.396 0.410 0.402 0.376 0.352 0.335 0.314 0.271 0.206 0.157 0.129 0.111 0.096 0.076 0.049 0.032 0.024 0.019 0.017 0.016 0.016 0.016 0.017 0.018 0.021 0.024 0.026 0.027 0.027 0.026 0.025 0.025 0.025 0.025 0.027 0.032 0.044 0.068 0.120 0.216 0.320 0.376 0.392 0.377 0.318
20.426 21.507 22.044 22.173 22.084 21.876 21.630 21.384 21.098 20.734 20.303 19.893 19.535 19.177 18.735 18.044 17.041 15.788 14.404 12.954 11.434 9.786 7.948 5.980 4.179 2.749 1.722 1.062 0.673 0.455 0.344 0.292 0.267 0.252 0.228 0.197 0.177 0.163 0.149 0.122 0.086 0.064 0.052 0.045 0.039 0.031 0.022 0.017 0.014 0.012 0.012 0.011 0.011 0.012 0.012 0.013 0.016 0.018 0.019 0.020 0.020 0.019 0.019 0.019 0.019 0.020 0.022 0.026 0.032 0.045 0.070 0.124 0.233 0.348 0.394 0.398 0.379
20.803 21.987 22.782 23.222 23.452 23.596 23.669 23.652 23.539 23.281 22.855 22.341 21.921 21.525 21.069 20.423 19.531 18.390 17.029 15.491 13.838 12.068 10.101 7.844 5.578 3.700 2.286 1.346 0.793 0.485 0.320 0.231 0.180 0.144 0.112 0.093 0.085 0.080 0.072 0.058 0.042 0.032 0.027 0.023 0.020 0.016 0.013 0.011 0.009 0.009 0.008 0.008 0.008 0.008 0.009 0.010 0.011 0.013 0.013 0.014 0.014 0.014 0.014 0.014 0.015 0.016 0.018 0.021 0.026 0.033 0.047 0.075 0.140 0.263 0.360 0.388 0.384
20.405 21.682 22.667 23.328 23.855 24.341 24.670 24.806 24.823 24.698 24.300 23.653 23.180 22.830 22.429 21.855 21.115 20.176 18.934 17.353 15.532 13.561 11.391 8.884 6.266 4.097 2.479 1.420 0.813 0.478 0.292 0.188 0.126 0.084 0.059 0.048 0.045 0.042 0.038 0.031 0.024 0.019 0.016 0.014 0.012 0.010 0.009 0.007 0.007 0.006 0.006 0.006 0.006 0.006 0.006 0.007 0.007 0.008 0.009 0.010 0.010 0.010 0.010 0.011 0.012 0.013 0.015 0.018 0.021 0.027 0.037 0.054 0.090 0.169 0.277 0.342 0.364
19.369 20.803 22.046 23.018 23.800 24.421 24.786 24.933 24.986 24.935 24.571 23.854 23.358 23.091 22.761 22.221 21.539 20.715 19.587 18.040 16.138 14.034 11.734 9.102 6.348 4.082 2.417 1.349 0.749 0.422 0.239 0.135 0.078 0.048 0.034 0.028 0.025 0.024 0.021 0.018 0.014 0.012 0.010 0.009 0.008 0.007 0.006 0.005 0.004 0.004 0.004 0.004 0.004 0.004 0.004 0.004 0.005 0.005 0.006 0.006 0.006 0.007 0.007 0.008 0.009 0.010 0.012 0.015 0.018 0.024 0.031 0.044 0.066 0.109 0.184 0.262 0.316
18.113 19.685 21.105 22.327 23.317 24.000 24.323 24.417 24.439 24.363 24.014 23.320 22.784 22.499 22.165 21.619 20.946 20.175 19.140 17.678 15.803 13.665 11.305 8.616 5.871 3.641 2.039 1.055 0.539 0.277 0.143 0.075 0.043 0.028 0.021 0.017 0.016 0.014 0.013 0.011 0.010 0.008 0.007 0.006 0.005 0.005 0.004 0.003 0.003 0.002 0.002 0.002 0.002 0.002 0.002 0.002 0.003 0.003 0.003 0.004 0.004 0.004 0.005 0.005 0.006 0.008 0.010 0.012 0.016 0.021 0.028 0.037 0.053 0.080 0.123 0.183 0.243
16.823 18.448 19.898 21.154 22.148 22.824 23.155 23.219 23.114 22.800 22.434 21.982 21.478 20.906 20.303 19.674 19.011 18.323 17.440 16.114 14.303 12.158 9.769 7.127 4.609 2.620 1.267 0.532 0.227 0.112 0.061 0.037 0.024 0.017 0.014 0.012 0.011 0.010 0.009 0.008 0.007 0.006 0.005 0.004 0.003 0.003 0.002 0.002 0.001 0.001 0.001 0.001 0.001 0.001 0.001 0.001 0.001 0.001 0.002 0.002 0.002 0.002 0.003 0.004 0.004 0.006 0.008 0.010 0.014 0.019 0.025 0.033 0.046 0.064 0.092 0.131 0.178
15.288 16.844 18.235 19.435 20.392 21.119 21.600 21.736 21.530 21.012 20.786 20.695 20.310 19.394 18.467 17.741 17.030 16.232 15.199 13.754 11.850 9.588 7.103 4.677 2.676 1.299 0.519 0.179 0.074 0.042 0.028 0.020 0.015 0.012 0.010 0.009 0.008 0.007 0.006 0.005 0.004 0.004 0.003 0.002 0.002 0.001 0.001 0.001 0.001 0.000 0.000 0.000 0.000 0.000 0.000 0.000 0.000 0.000 0.001 0.001 0.001 0.001 0.001 0.002 0.003 0.004 0.006 0.009 0.012 0.017 0.023 0.031 0.042 0.057 0.078 0.106 0.141
13.311 14.700 16.074 17.390 18.572 19.609 20.370 20.639 20.461 19.951 19.800 19.747 19.302 18.222 17.219 16.452 15.630 14.545 13.071 11.166 8.822 6.173 3.778 2.102 1.063 0.464 0.165 0.057 0.030 0.020 0.015 0.012 0.010 0.009 0.007 0.007 0.006 0.005 0.004 0.003 0.003 0.002 0.002 0.001 0.001 0.001 0.000 0.000 0.000 0.000 0.000 0.000 0.000 0.000 0.000 0.000 0.000 0.000 0.000 0.000 0.000 0.000 0.001 0.001 0.002 0.003 0.005 0.007 0.011 0.015 0.021 0.029 0.040 0.054 0.072 0.095 0.122
11.107 12.397 13.816 15.331 16.792 18.105 19.107 19.539 19.454 19.032 18.721 18.389 17.714 16.655 15.735 14.928 13.960 12.548 10.574 8.004 5.152 2.736 1.280 0.573 0.264 0.117 0.047 0.023 0.016 0.012 0.010 0.009 0.008 0.006 0.005 0.005 0.004 0.003 0.002 0.002 0.001 0.001 0.001 0.000 0.000 0.000 0.000 0.000 0.000 0.000 0.000 0.000 0.000 0.000 0.000 0.000 0.000 0.000 0.000 0.000 0.000 0.000 0.000 0.001 0.001 0.002 0.004 0.006 0.010 0.014 0.020 0.028 0.040 0.054 0.071 0.090 0.111
9.248 10.447 11.756 13.215 14.690 16.031 17.110 17.669 17.705 17.322 16.618 15.760 14.834 13.915 13.088 12.173 10.929 9.077 6.493 3.815 1.797 0.673 0.221 0.095 0.054 0.031 0.018 0.013 0.010 0.009 0.008 0.006 0.005 0.004 0.004 0.003 0.002 0.002 0.001 0.001 0.000 0.000 0.000 0.000 0.000 0.000 0.000 0.000 0.000 0.000 0.000 0.000 0.000 0.000 0.000 0.000 0.000 0.000 0.000 0.000 0.000 0.000 0.000 0.000 0.001 0.002 0.003 0.005 0.009 0.013 0.019 0.028 0.040 0.056 0.072 0.088 0.104
7.566 8.599 9.629 10.684 11.717 12.704 13.656 14.240 14.351 14.022 13.138 11.904 10.740 9.746 8.721 7.511 5.930 4.006 2.144 0.890 0.277 0.076 0.035 0.025 0.019 0.014 0.011 0.009 0.008 0.006 0.005 0.004 0.004 0.003 0.002 0.002 0.001 0.001 0.000 0.000 0.000 0.000 0.000 0.000 0.000 0.000 0.000 0.000 0.000 0.000 0.000 0.000 0.000 0.000 0.000 0.000 0.000 0.000 0.000 0.000 0.000 0.000 0.000 0.000 0.000 0.001 0.002 0.005 0.008 0.012 0.019 0.028 0.041 0.057 0.073 0.087 0.101
5.732 6.407 6.829 7.093 7.343 7.716 8.356 8.930 9.135 8.977 8.261 7.003 5.602 4.457 3.523 2.668 1.749 0.863 0.311 0.086 0.031 0.020 0.015 0.013 0.011 0.009 0.008 0.006 0.005 0.004 0.004 0.003 0.002 0.002 0.001 0.001 0.000 0.000 0.000 0.000 0.000 0.000 0.000 0.000 0.000 0.000 0.000 0.000 0.000 0.000 0.000 0.000 0.000 0.000 0.000 0.000 0.000 0.000 0.000 0.000 0.000 0.000 0.000 0.000 0.000 0.001 0.002 0.004 0.007 0.011 0.018 0.028 0.041 0.057 0.073 0.088 0.102
3.079 3.170 3.081 2.944 2.860 2.891 3.115 3.428 3.564 3.530 3.226 2.590 1.758 1.109 0.713 0.459 0.239 0.091 0.034 0.019 0.014 0.011 0.010 0.009 0.008 0.006 0.005 0.004 0.003 0.003 0.002 0.002 0.001 0.001 0.000 0.000 0.000 0.000 0.000 0.000 0.000 0.000 0.000 0.000 0.000 0.000 0.000 0.000 0.000 0.000 0.000 0.000 0.000 0.000 0.000 0.000 0.000 0.000 0.000 0.000 0.000 0.000 0.000 0.000 0.000 0.000 0.001 0.003 0.006 0.010 0.017 0.026 0.038 0.054 0.071 0.088 0.105
0.963 0.889 0.804 0.711 0.646 0.621 0.643 0.708 0.732 0.720 0.645 0.481 0.264 0.139 0.090 0.059 0.034 0.019 0.014 0.011 0.009 0.008 0.007 0.006 0.005 0.004 0.003 0.003 0.002 0.001 0.001 0.001 0.000 0.000 0.000 0.000 0.000 0.000 0.000 0.000 0.000 0.000 0.000 0.000 0.000 0.000 0.000 0.000 0.000 0.000 0.000 0.000 0.000 0.000 0.000 0.000 0.000 0.000 0.000 0.000 0.000 0.000 0.000 0.000 0.000 0.000 0.001 0.002 0.005 0.009 0.014 0.023 0.034 0.049 0.067 0.092 0.118
0.199 0.166 0.151 0.138 0.124 0.114 0.111 0.113 0.112 0.107 0.095 0.070 0.041 0.029 0.023 0.018 0.014 0.011 0.009 0.008 0.007 0.006 0.005 0.004 0.003 0.003 0.002 0.001 0.001 0.001 0.000 0.000 0.000 0.000 0.000 0.000 0.000 0.000 0.000 0.000 0.000 0.000 0.000 0.000 0.000 0.000 0.000 0.000 0.000 0.000 0.000 0.000 0.000 0.000 0.000 0.000 0.000 0.000 0.000 0.000 0.000 0.000 0.000 0.000 0.000 0.000 0.000 0.001 0.003 0.006 0.011 0.018 0.028 0.042 0.064 0.097 0.140
0.049 0.044 0.042 0.041 0.038 0.035 0.033 0.032 0.030 0.028 0.026 0.021 0.017 0.014 0.012 0.010 0.009 0.008 0.007 0.006 0.005 0.004 0.003 0.002 0.002 0.001 0.001 0.000 0.000 0.000 0.000 0.000 0.000 0.000 0.000 0.000 0.000 0.000 0.000 0.000 0.000 0.000 0.000 0.000 0.000 0.000 0.000 0.000 0.000 0.000 0.000 0.000 0.000 0.000 0.000 0.000 0.000 0.000 0.000 0.000 0.000 0.000 0.000 0.000 0.000 0.000 0.000 0.001 0.002 0.004 0.008 0.013 0.022 0.035 0.058 0.096 0.148
0.021 0.020 0.020 0.020 0.019 0.017 0.016 0.015 0.015 0.014 0.013 0.012 0.010 0.009 0.008 0.007 0.006 0.005 0.004 0.004 0.003 0.002 0.002 0.001 0.001 0.000 0.000 0.000 0.000 0.000 0.000 0.000 0.000 0.000 0.000 0.000 0.000 0.000 0.000 0.000 0.000 0.000 0.000 0.000 0.000 0.000 0.000 0.000 0.000 0.000 0.000 0.000 0.000 0.000 0.000 0.000 0.000 0.000 0.000 0.000 0.000 0.000 0.000 0.000 0.000 0.000 0.000 0.000 0.001 0.003 0.005 0.009 0.015 0.026 0.046 0.081 0.136
0.013 0.013 0.012 0.012 0.011 0.010 0.010 0.010 0.009 0.009 0.008 0.008 0.007 0.007 0.006 0.005 0.004 0.003 0.003 0.002 0.002 0.001 0.001 0.000 0.000 0.000 0.000 0.000 0.000 0.000 0.000 0.000 0.000 0.000 0.000 0.000 0.000 0.000 0.000 0.000 0.000 0.000 0.000 0.000 0.000 0.000 0.000 0.000 0.000 0.000 0.000 0.000 0.000 0.000 0.000 0.000 0.000 0.000 0.000 0.000 0.000 0.000 0.000 0.000 0.000 0.000 0.000 0.000 0.001 0.002 0.003 0.006 0.010 0.017 0.028 0.051 0.092
0.008 0.008 0.008 0.008 0.007 0.007 0.007 0.006 0.006 0.006 0.006 0.005 0.005 0.004 0.004 0.003 0.002 0.002 0.001 0.001 0.001 0.000 0.000 0.000 0.000 0.000 0.000 0.000 0.000 0.000 0.000 0.000 0.000 0.000 0.000 0.000 0.000 0.000 0.000 0.000 0.000 0.000 0.000 0.000 0.000 0.000 0.000 0.000 0.000 0.000 0.000 0.000 0.000 0.000 0.000 0.000 0.000 0.000 0.000 0.000 0.000 0.000 0.000 0.000 0.000 0.000 0.000 0.000 0.000 0.001 0.002 0.004 0.006 0.010 0.016 0.027 0.045
0.005 0.005 0.005 0.005 0.005 0.004 0.004 0.004 0.004 0.003 0.003 0.003 0.003 0.002 0.002 0.002 0.001 0.001 0.000 0.000 0.000 0.000 0.000 0.000 0.000 0.000 0.000 0.000 0.000 0.000 0.000 0.000 0.000 0.000 0.000 0.000 0.000 0.000 0.000 0.000 0.000 0.000 0.000 0.000 0.000 0.000 0.000 0.000 0.000 0.000 0.000 0.000 0.000 0.000 0.000 0.000 0.000 0.000 0.000 0.000 0.000 0.000 0.000 0.000 0.000 0.000 0.000 0.000 0.000 0.000 0.001 0.002 0.004 0.006 0.010 0.015 0.023
0.003 0.003 0.003 0.003 0.002 0.002 0.002 0.002 0.002 0.002 0.002 0.001 0.001 0.001 0.001 0.001 0.000 0.000 0.000 0.000 0.000 0.000 0.000 0.000 0.000 0.000 0.000 0.000 0.000 0.000 0.000 0.000 0.000 0.000 0.000 0.000 0.000 0.000 0.000 0.000 0.000 0.000 0.000 0.000 0.000 0.000 0.000 0.000 0.000 0.000 0.000 0.000 0.000 0.000 0.000 0.000 0.000 0.000 0.000 0.000 0.000 0.000 0.000 0.000 0.000 0.000 0.000 0.000 0.000 0.000 0.000 0.001 0.002 0.004 0.006 0.009 0.013
0.001 0.001 0.001 0.001 0.001 0.001 0.001 0.001 0.001 0.001 0.001 0.000 0.000 0.000 0.000 0.000 0.000 0.000 0.000 0.000 0.000 0.000 0.000 0.000 0.000 0.000 0.000 0.000 0.000 0.000 0.000 0.000 0.000 0.000 0.000 0.000 0.000 0.000 0.000 0.000 0.000 0.000 0.000 0.000 0.000 0.000 0.000 0.000 0.000 0.000 0.000 0.000 0.000 0.000 0.000 0.000 0.000 0.000 0.000 0.000 0.000 0.000 0.000 0.000 0.000 0.000 0.000 0.000 0.000 0.000 0.000 0.000 0.001 0.002 0.003 0.005 0.008
0.000 0.000 0.000 0.000 0.000 0.000 0.000 0.000 0.000 0.000 0.000 0.000 0.000 0.000 0.000 0.000 0.000 0.000 0.000 0.000 0.000 0.000 0.000 0.000 0.000 0.000 0.000 0.000 0.000 0.000 0.000 0.000 0.000 0.000 0.000 0.000 0.000 0.000 0.000 0.000 0.000 0.000 0.000 0.000 0.000 0.000 0.000 0.000 0.000 0.000 0.000 0.000 0.000 0.000 0.000 0.000 0.000 0.000 0.000 0.000 0.000 0.000 0.000 0.000 0.000 0.000 0.000 0.000 0.000 0.000 0.000 0.000 0.000 0.001 0.002 0.003 0.004
0.000 0.000 0.000 0.000 0.000 0.000 0.000 0.000 0.000 0.000 0.000 0.000 0.000 0.000 0.000 0.000 0.000 0.000 0.000 0.000 0.000 0.000 0.000 0.000 0.000 0.000 0.000 0.000 0.000 0.000 0.000 0.000 0.000 0.000 0.000 0.000 0.000 0.000 0.000 0.000 0.000 0.000 0.000 0.000 0.000 0.000 0.000 0.000 0.000 0.000 0.000 0.000 0.000 0.000 0.000 0.000 0.000 0.000 0.000 0.000 0.000 0.000 0.000 0.000 0.000 0.000 0.000 0.000 0.000 0.000 0.000 0.000 0.000 0.000 0.001 0.001 0.002
0.000 0.000 0.000 0.000 0.000 0.000 0.000 0.000 0.000 0.000 0.000 0.000 0.000 0.000 0.000 0.000 0.000 0.000 0.000 0.000 0.000 0.000 0.000 0.000 0.000 0.000 0.000 0.000 0.000 0.000 0.000 0.000 0.000 0.000 0.000 0.000 0.000 0.000 0.000 0.000 0.000 0.000 0.000 0.000 0.000 0.000 0.000 0.000 0.000 0.000 0.000 0.000 0.000 0.000 0.000 0.000 0.000 0.000 0.000 0.000 0.000 0.000 0.000 0.000 0.000 0.000 0.000 0.000 0.000 0.000 0.000 0.000 0.000 0.000 0.000 0.000 0.001
0.000 0.000 0.000 0.000 0.000 0.000 0.000 0.000 0.000 0.000 0.000 0.000 0.000 0.000 0.000 0.000 0.000 0.000 0.000 0.000 0.000 0.000 0.000 0.000 0.000 0.000 0.000 0.000 0.000 0.000 0.000 0.000 0.000 0.000 0.000 0.000 0.000 0.000 0.000 0.000 0.000 0.000 0.000 0.000 0.000 0.000 0.000 0.000 0.000 0.000 0.000 0.000 0.000 0.000 0.000 0.000 0.000 0.000 0.000 0.000 0.000 0.000 0.000 0.000 0.000 0.000 0.000 0.000 0.000 0.000 0.000 0.000 0.000 0.000 0.000 0.000 0.000
0.000 0.000 0.000 0.000 0.000 0.000 0.000 0.000 0.000 0.000 0.000 0.000 0.000 0.000 0.000 0.000 0.000 0.000 0.000 0.000 0.000 0.000 0.000 0.000 0.000 0.000 0.000 0.000 0.000 0.000 0.000 0.000 0.000 0.000 0.000 0.000 0.000 0.000 0.000 0.000 0.000 0.000 0.000 0.000 0.000 0.000 0.000 0.000 0.000 0.000 0.000 0.000 0.000 0.000 0.000 0.000 0.000 0.000 0.000 0.000 0.000 0.000 0.000 0.000 0.000 0.000 0.000 0.000 0.000 0.000 0.000 0.000 0.000 0.000 0.000 0.000 0.000
0.000 0.000 0.000 0.000 0.000 0.000 0.000 0.000 0.000 0.000 0.000 0.000 0.000 0.000 0.000 0.000 0.000 0.000 0.000 0.000 0.000 0.000 0.000 0.000 0.000 0.000 0.000 0.000 0.000 0.000 0.000 0.000 0.000 0.000 0.000 0.000 0.000 0.000 0.000 0.000 0.000 0.000 0.000 0.000 0.000 0.000 0.000 0.000 0.000 0.000 0.000 0.000 0.000 0.000 0.000 0.000 0.000 0.000 0.000 0.000 0.000 0.000 0.000 0.000 0.000 0.000 0.000 0.000 0.000 0.000 0.000 0.000 0.000 0.000 0.000 0.000 0.000
0.000 0.000 0.000 0.000 0.000 0.000 0.000 0.000 0.000 0.000 0.000 0.000 0.000 0.000 0.000 0.000 0.000 0.000 0.000 0.000 0.000 0.000 0.000 0.000 0.000 0.000 0.000 0.000 0.000 0.000 0.000 0.000 0.000 0.000 0.000 0.000 0.000 0.000 0.000 0.000 0.000 0.000 0.000 0.000 0.000 0.000 0.000 0.000 0.000 0.000 0.000 0.000 0.000 0.000 0.000 0.000 0.000 0.000 0.000 0.000 0.000 0.000 0.000 0.000 0.000 0.000 0.000 0.000 0.000 0.000 0.000 0.000 0.000 0.000 0.000 0.000 0.000
0.000 0.000 0.000 0.000 0.000 0.000 0.000 0.000 0.000 0.000 0.000 0.000 0.000 0.000 0.000 0.000 0.000 0.000 0.000 0.000 0.000 0.000 0.000 0.000 0.000 0.000 0.000 0.000 0.000 0.000 0.000 0.000 0.000 0.000 0.000 0.000 0.000 0.000 0.000 0.000 0.000 0.000 0.000 0.000 0.000 0.000 0.000 0.000 0.000 0.000 0.000 0.000 0.000 0.000 0.000 0.000 0.000 0.000 0.000 0.000 0.000 0.000 0.000 0.000 0.000 0.000 0.000 0.000 0.000 0.000 0.000 0.000 0.000 0.000 0.000 0.000 0.000
