RESULTS/r.avaflow_results/32_results/32_ascii/32_hflow0044.asc
ncols 506
nrows 317
xllcenter 498237.50
yllcenter 5580050.00
cellsize 12.50
NODATA_value -9999.000
[rows 170 to 203 of 317, columns 154 to 230 of 506]
8.838 8.740 8.649 8.537 8.390 8.206 8.046 7.914 7.778 7.624 7.482 7.358 7.218 6.972 6.518 5.817 4.939 4.046 3.200 2.405 1.680 1.063 0.617 0.360 0.235 0.179 0.159 0.156 0.159 0.170 0.195 0.236 0.275 0.299 0.311 0.321 0.339 0.374 0.392 0.389 0.367 0.349 0.348 0.354 0.355 0.343 0.308 0.249 0.188 0.137 0.101 0.079 0.065 0.057 0.053 0.052 0.052 0.055 0.058 0.061 0.063 0.063 0.062 0.063 0.063 0.063 0.066 0.073 0.094 0.142 0.225 0.277 0.286 0.259 0.180 0.105 0.070
12.250 12.471 12.616 12.667 12.632 12.484 12.271 12.051 11.817 11.549 11.272 11.021 10.775 10.482 10.027 9.321 8.359 7.207 5.961 4.690 3.465 2.381 1.505 0.899 0.552 0.371 0.284 0.250 0.244 0.256 0.288 0.338 0.372 0.383 0.379 0.371 0.372 0.385 0.393 0.382 0.348 0.323 0.315 0.311 0.301 0.270 0.207 0.135 0.086 0.062 0.049 0.042 0.038 0.036 0.036 0.037 0.040 0.044 0.048 0.050 0.049 0.048 0.046 0.045 0.044 0.044 0.047 0.053 0.069 0.103 0.170 0.237 0.264 0.263 0.232 0.169 0.113
15.806 16.345 16.572 16.578 16.436 16.152 15.808 15.471 15.135 14.780 14.416 14.091 13.795 13.489 13.063 12.383 11.420 10.260 8.989 7.586 6.044 4.501 3.130 2.042 1.293 0.827 0.555 0.413 0.350 0.330 0.339 0.365 0.387 0.391 0.379 0.360 0.352 0.351 0.344 0.313 0.257 0.218 0.197 0.181 0.162 0.129 0.087 0.056 0.040 0.032 0.028 0.026 0.025 0.024 0.025 0.027 0.031 0.035 0.038 0.039 0.039 0.037 0.035 0.034 0.033 0.033 0.035 0.039 0.050 0.071 0.113 0.181 0.238 0.260 0.260 0.236 0.184
18.685 19.540 19.864 19.841 19.629 19.275 18.892 18.533 18.172 17.788 17.382 17.022 16.708 16.400 15.996 15.321 14.327 13.105 11.790 10.413 8.910 7.227 5.481 3.890 2.629 1.719 1.112 0.740 0.530 0.420 0.367 0.350 0.351 0.347 0.328 0.296 0.273 0.254 0.227 0.179 0.126 0.097 0.083 0.074 0.065 0.053 0.037 0.027 0.022 0.019 0.018 0.017 0.017 0.017 0.018 0.020 0.023 0.027 0.029 0.030 0.029 0.028 0.027 0.026 0.026 0.026 0.027 0.030 0.037 0.048 0.070 0.114 0.184 0.243 0.261 0.257 0.231
20.374 21.445 21.983 22.109 22.023 21.823 21.587 21.352 21.079 20.729 20.313 19.917 19.575 19.234 18.811 18.134 17.144 15.906 14.537 13.102 11.598 9.968 8.151 6.214 4.442 3.016 1.964 1.251 0.796 0.522 0.372 0.298 0.262 0.240 0.211 0.175 0.152 0.135 0.115 0.085 0.059 0.046 0.039 0.035 0.031 0.026 0.020 0.016 0.014 0.013 0.012 0.012 0.012 0.013 0.013 0.015 0.017 0.020 0.021 0.022 0.022 0.021 0.021 0.021 0.021 0.021 0.023 0.025 0.028 0.034 0.045 0.067 0.114 0.188 0.238 0.249 0.239
20.750 21.925 22.718 23.157 23.389 23.540 23.622 23.619 23.517 23.271 22.860 22.361 21.955 21.575 21.136 20.503 19.624 18.499 17.150 15.625 13.987 12.233 10.282 8.045 5.814 3.964 2.554 1.576 0.949 0.570 0.358 0.246 0.186 0.143 0.108 0.086 0.077 0.069 0.059 0.044 0.033 0.026 0.023 0.020 0.018 0.015 0.013 0.011 0.010 0.009 0.009 0.009 0.009 0.009 0.010 0.011 0.012 0.014 0.015 0.016 0.016 0.016 0.016 0.017 0.017 0.018 0.019 0.021 0.023 0.027 0.033 0.046 0.070 0.119 0.179 0.213 0.224
20.350 21.617 22.599 23.260 23.789 24.281 24.618 24.769 24.796 24.683 24.300 23.667 23.207 22.873 22.487 21.927 21.202 20.278 19.050 17.482 15.673 13.718 11.564 9.071 6.493 4.363 2.757 1.661 0.977 0.570 0.337 0.208 0.134 0.086 0.058 0.046 0.041 0.038 0.033 0.026 0.020 0.017 0.015 0.013 0.011 0.010 0.009 0.008 0.007 0.006 0.006 0.006 0.006 0.006 0.007 0.007 0.008 0.010 0.011 0.011 0.012 0.012 0.013 0.013 0.014 0.015 0.016 0.018 0.020 0.023 0.028 0.036 0.050 0.076 0.115 0.153 0.184
19.308 20.731 21.971 22.945 23.730 24.358 24.732 24.891 24.956 24.915 24.567 23.863 23.380 23.129 22.815 22.289 21.621 20.812 19.698 18.164 16.275 14.184 11.900 9.284 6.571 4.346 2.692 1.583 0.908 0.512 0.284 0.155 0.085 0.049 0.033 0.027 0.024 0.022 0.019 0.016 0.013 0.011 0.010 0.009 0.008 0.007 0.006 0.005 0.005 0.004 0.004 0.004 0.004 0.004 0.004 0.005 0.005 0.006 0.007 0.008 0.009 0.009 0.010 0.011 0.011 0.012 0.014 0.016 0.018 0.020 0.024 0.030 0.040 0.055 0.077 0.103 0.134
18.043 19.606 21.024 22.247 23.241 23.931 24.263 24.369 24.401 24.337 24.003 23.320 22.797 22.528 22.210 21.677 21.017 20.262 19.242 17.793 15.931 13.807 11.461 8.789 6.086 3.892 2.290 1.256 0.667 0.347 0.175 0.086 0.045 0.028 0.020 0.017 0.015 0.013 0.012 0.010 0.009 0.008 0.007 0.006 0.006 0.005 0.004 0.003 0.003 0.002 0.002 0.002 0.002 0.002 0.002 0.003 0.003 0.004 0.004 0.005 0.006 0.007 0.007 0.008 0.009 0.010 0.012 0.014 0.016 0.019 0.022 0.027 0.034 0.044 0.058 0.075 0.095
16.743 18.362 19.810 21.066 22.063 22.747 23.089 23.161 23.067 22.765 22.411 21.970 21.480 20.920 20.331 19.715 19.065 18.393 17.524 16.212 14.415 12.283 9.913 7.300 4.816 2.839 1.457 0.654 0.288 0.138 0.071 0.039 0.024 0.017 0.013 0.011 0.010 0.009 0.008 0.007 0.007 0.006 0.005 0.004 0.004 0.003 0.002 0.002 0.002 0.001 0.001 0.001 0.001 0.001 0.001 0.001 0.002 0.002 0.003 0.003 0.004 0.004 0.005 0.006 0.007 0.008 0.010 0.012 0.014 0.017 0.021 0.025 0.031 0.039 0.049 0.061 0.075
15.199 16.748 18.137 19.339 20.300 21.034 21.526 21.671 21.474 20.967 20.753 20.676 20.306 19.400 18.487 17.774 17.077 16.294 15.275 13.839 11.949 9.706 7.250 4.856 2.858 1.444 0.609 0.219 0.089 0.047 0.029 0.020 0.014 0.011 0.009 0.009 0.008 0.007 0.006 0.005 0.004 0.004 0.003 0.002 0.002 0.002 0.001 0.001 0.001 0.000 0.000 0.000 0.000 0.000 0.000 0.000 0.001 0.001 0.001 0.002 0.002 0.003 0.003 0.004 0.006 0.007 0.009 0.011 0.013 0.016 0.019 0.024 0.030 0.037 0.046 0.055 0.066
13.211 14.593 15.967 17.286 18.472 19.517 20.290 20.570 20.400 19.902 19.762 19.726 19.295 18.225 17.235 16.481 15.675 14.605 13.143 11.250 8.928 6.293 3.898 2.214 1.156 0.522 0.192 0.065 0.032 0.021 0.015 0.012 0.010 0.008 0.007 0.006 0.006 0.005 0.004 0.003 0.003 0.002 0.002 0.001 0.001 0.001 0.000 0.000 0.000 0.000 0.000 0.000 0.000 0.000 0.000 0.000 0.000 0.000 0.000 0.001 0.001 0.002 0.002 0.003 0.004 0.006 0.007 0.009 0.012 0.015 0.019 0.024 0.030 0.037 0.045 0.053 0.062
10.995 12.278 13.697 15.218 16.686 18.008 19.024 19.469 19.391 18.981 18.683 18.366 17.703 16.654 15.747 14.955 14.003 12.606 10.646 8.094 5.243 2.807 1.331 0.609 0.289 0.131 0.052 0.024 0.016 0.012 0.010 0.009 0.007 0.006 0.005 0.004 0.004 0.003 0.002 0.002 0.001 0.001 0.001 0.000 0.000 0.000 0.000 0.000 0.000 0.000 0.000 0.000 0.000 0.000 0.000 0.000 0.000 0.000 0.000 0.000 0.000 0.001 0.001 0.002 0.003 0.004 0.006 0.008 0.011 0.014 0.018 0.024 0.030 0.038 0.045 0.052 0.060
9.117 10.311 11.625 13.097 14.582 15.932 17.026 17.598 17.641 17.267 16.575 15.729 14.813 13.907 13.094 12.195 10.967 9.130 6.557 3.874 1.833 0.691 0.230 0.100 0.057 0.033 0.019 0.013 0.010 0.009 0.007 0.006 0.005 0.004 0.004 0.003 0.002 0.002 0.001 0.001 0.000 0.000 0.000 0.000 0.000 0.000 0.000 0.000 0.000 0.000 0.000 0.000 0.000 0.000 0.000 0.000 0.000 0.000 0.000 0.000 0.000 0.000 0.001 0.001 0.002 0.004 0.005 0.008 0.010 0.014 0.018 0.024 0.032 0.040 0.046 0.052 0.058
7.421 8.452 9.492 10.564 11.603 12.596 13.561 14.161 14.278 13.958 13.088 11.864 10.709 9.729 8.719 7.524 5.956 4.035 2.170 0.905 0.281 0.078 0.036 0.025 0.019 0.014 0.011 0.009 0.008 0.006 0.005 0.004 0.004 0.003 0.002 0.002 0.001 0.001 0.000 0.000 0.000 0.000 0.000 0.000 0.000 0.000 0.000 0.000 0.000 0.000 0.000 0.000 0.000 0.000 0.000 0.000 0.000 0.000 0.000 0.000 0.000 0.000 0.000 0.001 0.002 0.003 0.005 0.007 0.010 0.014 0.019 0.025 0.034 0.042 0.048 0.052 0.057
5.582 6.253 6.680 6.951 7.209 7.592 8.242 8.829 9.043 8.897 8.202 6.964 5.576 4.440 3.514 2.668 1.755 0.868 0.314 0.088 0.031 0.020 0.015 0.013 0.011 0.009 0.008 0.006 0.005 0.004 0.003 0.003 0.002 0.002 0.001 0.001 0.000 0.000 0.000 0.000 0.000 0.000 0.000 0.000 0.000 0.000 0.000 0.000 0.000 0.000 0.000 0.000 0.000 0.000 0.000 0.000 0.000 0.000 0.000 0.000 0.000 0.000 0.000 0.000 0.001 0.002 0.004 0.006 0.009 0.013 0.018 0.025 0.034 0.042 0.049 0.054 0.059
2.985 3.061 2.982 2.859 2.779 2.817 3.046 3.361 3.502 3.474 3.186 2.569 1.745 1.100 0.706 0.456 0.239 0.092 0.034 0.018 0.014 0.011 0.010 0.009 0.008 0.006 0.005 0.004 0.003 0.003 0.002 0.002 0.001 0.001 0.000 0.000 0.000 0.000 0.000 0.000 0.000 0.000 0.000 0.000 0.000 0.000 0.000 0.000 0.000 0.000 0.000 0.000 0.000 0.000 0.000 0.000 0.000 0.000 0.000 0.000 0.000 0.000 0.000 0.000 0.001 0.002 0.003 0.005 0.009 0.013 0.018 0.024 0.032 0.041 0.049 0.057 0.066
0.956 0.859 0.770 0.682 0.620 0.596 0.619 0.687 0.711 0.701 0.631 0.475 0.262 0.138 0.089 0.059 0.034 0.020 0.014 0.011 0.009 0.008 0.007 0.006 0.005 0.004 0.003 0.003 0.002 0.001 0.001 0.001 0.000 0.000 0.000 0.000 0.000 0.000 0.000 0.000 0.000 0.000 0.000 0.000 0.000 0.000 0.000 0.000 0.000 0.000 0.000 0.000 0.000 0.000 0.000 0.000 0.000 0.000 0.000 0.000 0.000 0.000 0.000 0.000 0.000 0.001 0.003 0.005 0.008 0.012 0.017 0.023 0.030 0.039 0.050 0.065 0.084
0.199 0.161 0.145 0.132 0.118 0.109 0.107 0.109 0.108 0.104 0.093 0.069 0.041 0.029 0.023 0.018 0.014 0.011 0.009 0.008 0.007 0.006 0.005 0.004 0.003 0.003 0.002 0.001 0.001 0.001 0.000 0.000 0.000 0.000 0.000 0.000 0.000 0.000 0.000 0.000 0.000 0.000 0.000 0.000 0.000 0.000 0.000 0.000 0.000 0.000 0.000 0.000 0.000 0.000 0.000 0.000 0.000 0.000 0.000 0.000 0.000 0.000 0.000 0.000 0.000 0.001 0.002 0.004 0.007 0.010 0.015 0.020 0.027 0.037 0.051 0.074 0.104
0.049 0.043 0.041 0.040 0.037 0.034 0.033 0.031 0.030 0.028 0.026 0.021 0.017 0.014 0.012 0.010 0.009 0.008 0.007 0.006 0.005 0.004 0.003 0.002 0.002 0.001 0.001 0.000 0.000 0.000 0.000 0.000 0.000 0.000 0.000 0.000 0.000 0.000 0.000 0.000 0.000 0.000 0.000 0.000 0.000 0.000 0.000 0.000 0.000 0.000 0.000 0.000 0.000 0.000 0.000 0.000 0.000 0.000 0.000 0.000 0.000 0.000 0.000 0.000 0.000 0.000 0.001 0.003 0.005 0.008 0.012 0.018 0.024 0.034 0.049 0.075 0.110
0.021 0.020 0.020 0.020 0.019 0.017 0.016 0.015 0.015 0.014 0.013 0.012 0.010 0.009 0.008 0.007 0.006 0.005 0.004 0.004 0.003 0.002 0.002 0.001 0.001 0.000 0.000 0.000 0.000 0.000 0.000 0.000 0.000 0.000 0.000 0.000 0.000 0.000 0.000 0.000 0.000 0.000 0.000 0.000 0.000 0.000 0.000 0.000 0.000 0.000 0.000 0.000 0.000 0.000 0.000 0.000 0.000 0.000 0.000 0.000 0.000 0.000 0.000 0.000 0.000 0.000 0.001 0.002 0.004 0.006 0.010 0.014 0.020 0.028 0.042 0.065 0.100
0.013 0.013 0.012 0.012 0.011 0.011 0.010 0.010 0.009 0.009 0.009 0.008 0.007 0.007 0.006 0.005 0.004 0.003 0.003 0.002 0.002 0.001 0.001 0.000 0.000 0.000 0.000 0.000 0.000 0.000 0.000 0.000 0.000 0.000 0.000 0.000 0.000 0.000 0.000 0.000 0.000 0.000 0.000 0.000 0.000 0.000 0.000 0.000 0.000 0.000 0.000 0.000 0.000 0.000 0.000 0.000 0.000 0.000 0.000 0.000 0.000 0.000 0.000 0.000 0.000 0.000 0.000 0.001 0.002 0.004 0.007 0.010 0.014 0.019 0.028 0.043 0.068
0.009 0.008 0.008 0.008 0.008 0.007 0.007 0.007 0.006 0.006 0.006 0.005 0.005 0.004 0.004 0.003 0.002 0.002 0.001 0.001 0.001 0.000 0.000 0.000 0.000 0.000 0.000 0.000 0.000 0.000 0.000 0.000 0.000 0.000 0.000 0.000 0.000 0.000 0.000 0.000 0.000 0.000 0.000 0.000 0.000 0.000 0.000 0.000 0.000 0.000 0.000 0.000 0.000 0.000 0.000 0.000 0.000 0.000 0.000 0.000 0.000 0.000 0.000 0.000 0.000 0.000 0.000 0.001 0.001 0.003 0.004 0.007 0.009 0.013 0.017 0.025 0.035
0.005 0.005 0.005 0.005 0.005 0.005 0.004 0.004 0.004 0.004 0.003 0.003 0.003 0.002 0.002 0.002 0.001 0.001 0.000 0.000 0.000 0.000 0.000 0.000 0.000 0.000 0.000 0.000 0.000 0.000 0.000 0.000 0.000 0.000 0.000 0.000 0.000 0.000 0.000 0.000 0.000 0.000 0.000 0.000 0.000 0.000 0.000 0.000 0.000 0.000 0.000 0.000 0.000 0.000 0.000 0.000 0.000 0.000 0.000 0.000 0.000 0.000 0.000 0.000 0.000 0.000 0.000 0.000 0.001 0.002 0.003 0.004 0.006 0.009 0.011 0.015 0.020
0.003 0.003 0.003 0.003 0.003 0.002 0.002 0.002 0.002 0.002 0.002 0.001 0.001 0.001 0.001 0.001 0.000 0.000 0.000 0.000 0.000 0.000 0.000 0.000 0.000 0.000 0.000 0.000 0.000 0.000 0.000 0.000 0.000 0.000 0.000 0.000 0.000 0.000 0.000 0.000 0.000 0.000 0.000 0.000 0.000 0.000 0.000 0.000 0.000 0.000 0.000 0.000 0.000 0.000 0.000 0.000 0.000 0.000 0.000 0.000 0.000 0.000 0.000 0.000 0.000 0.000 0.000 0.000 0.000 0.001 0.001 0.003 0.004 0.006 0.008 0.010 0.013
0.001 0.001 0.001 0.001 0.001 0.001 0.001 0.001 0.001 0.001 0.001 0.000 0.000 0.000 0.000 0.000 0.000 0.000 0.000 0.000 0.000 0.000 0.000 0.000 0.000 0.000 0.000 0.000 0.000 0.000 0.000 0.000 0.000 0.000 0.000 0.000 0.000 0.000 0.000 0.000 0.000 0.000 0.000 0.000 0.000 0.000 0.000 0.000 0.000 0.000 0.000 0.000 0.000 0.000 0.000 0.000 0.000 0.000 0.000 0.000 0.000 0.000 0.000 0.000 0.000 0.000 0.000 0.000 0.000 0.000 0.001 0.001 0.002 0.003 0.005 0.007 0.009
0.000 0.000 0.000 0.000 0.000 0.000 0.000 0.000 0.000 0.000 0.000 0.000 0.000 0.000 0.000 0.000 0.000 0.000 0.000 0.000 0.000 0.000 0.000 0.000 0.000 0.000 0.000 0.000 0.000 0.000 0.000 0.000 0.000 0.000 0.000 0.000 0.000 0.000 0.000 0.000 0.000 0.000 0.000 0.000 0.000 0.000 0.000 0.000 0.000 0.000 0.000 0.000 0.000 0.000 0.000 0.000 0.000 0.000 0.000 0.000 0.000 0.000 0.000 0.000 0.000 0.000 0.000 0.000 0.000 0.000 0.000 0.000 0.001 0.002 0.003 0.004 0.006
0.000 0.000 0.000 0.000 0.000 0.000 0.000 0.000 0.000 0.000 0.000 0.000 0.000 0.000 0.000 0.000 0.000 0.000 0.000 0.000 0.000 0.000 0.000 0.000 0.000 0.000 0.000 0.000 0.000 0.000 0.000 0.000 0.000 0.000 0.000 0.000 0.000 0.000 0.000 0.000 0.000 0.000 0.000 0.000 0.000 0.000 0.000 0.000 0.000 0.000 0.000 0.000 0.000 0.000 0.000 0.000 0.000 0.000 0.000 0.000 0.000 0.000 0.000 0.000 0.000 0.000 0.000 0.000 0.000 0.000 0.000 0.000 0.000 0.001 0.001 0.002 0.003
0.000 0.000 0.000 0.000 0.000 0.000 0.000 0.000 0.000 0.000 0.000 0.000 0.000 0.000 0.000 0.000 0.000 0.000 0.000 0.000 0.000 0.000 0.000 0.000 0.000 0.000 0.000 0.000 0.000 0.000 0.000 0.000 0.000 0.000 0.000 0.000 0.000 0.000 0.000 0.000 0.000 0.000 0.000 0.000 0.000 0.000 0.000 0.000 0.000 0.000 0.000 0.000 0.000 0.000 0.000 0.000 0.000 0.000 0.000 0.000 0.000 0.000 0.000 0.000 0.000 0.000 0.000 0.000 0.000 0.000 0.000 0.000 0.000 0.000 0.001 0.001 0.002
0.000 0.000 0.000 0.000 0.000 0.000 0.000 0.000 0.000 0.000 0.000 0.000 0.000 0.000 0.000 0.000 0.000 0.000 0.000 0.000 0.000 0.000 0.000 0.000 0.000 0.000 0.000 0.000 0.000 0.000 0.000 0.000 0.000 0.000 0.000 0.000 0.000 0.000 0.000 0.000 0.000 0.000 0.000 0.000 0.000 0.000 0.000 0.000 0.000 0.000 0.000 0.000 0.000 0.000 0.000 0.000 0.000 0.000 0.000 0.000 0.000 0.000 0.000 0.000 0.000 0.000 0.000 0.000 0.000 0.000 0.000 0.000 0.000 0.000 0.000 0.000 0.001
0.000 0.000 0.000 0.000 0.000 0.000 0.000 0.000 0.000 0.000 0.000 0.000 0.000 0.000 0.000 0.000 0.000 0.000 0.000 0.000 0.000 0.000 0.000 0.000 0.000 0.000 0.000 0.000 0.000 0.000 0.000 0.000 0.000 0.000 0.000 0.000 0.000 0.000 0.000 0.000 0.000 0.000 0.000 0.000 0.000 0.000 0.000 0.000 0.000 0.000 0.000 0.000 0.000 0.000 0.000 0.000 0.000 0.000 0.000 0.000 0.000 0.000 0.000 0.000 0.000 0.000 0.000 0.000 0.000 0.000 0.000 0.000 0.000 0.000 0.000 0.000 0.000
0.000 0.000 0.000 0.000 0.000 0.000 0.000 0.000 0.000 0.000 0.000 0.000 0.000 0.000 0.000 0.000 0.000 0.000 0.000 0.000 0.000 0.000 0.000 0.000 0.000 0.000 0.000 0.000 0.000 0.000 0.000 0.000 0.000 0.000 0.000 0.000 0.000 0.000 0.000 0.000 0.000 0.000 0.000 0.000 0.000 0.000 0.000 0.000 0.000 0.000 0.000 0.000 0.000 0.000 0.000 0.000 0.000 0.000 0.000 0.000 0.000 0.000 0.000 0.000 0.000 0.000 0.000 0.000 0.000 0.000 0.000 0.000 0.000 0.000 0.000 0.000 0.000
0.000 0.000 0.000 0.000 0.000 0.000 0.000 0.000 0.000 0.000 0.000 0.000 0.000 0.000 0.000 0.000 0.000 0.000 0.000 0.000 0.000 0.000 0.000 0.000 0.000 0.000 0.000 0.000 0.000 0.000 0.000 0.000 0.000 0.000 0.000 0.000 0.000 0.000 0.000 0.000 0.000 0.000 0.000 0.000 0.000 0.000 0.000 0.000 0.000 0.000 0.000 0.000 0.000 0.000 0.000 0.000 0.000 0.000 0.000 0.000 0.000 0.000 0.000 0.000 0.000 0.000 0.000 0.000 0.000 0.000 0.000 0.000 0.000 0.000 0.000 0.000 0.000
0.000 0.000 0.000 0.000 0.000 0.000 0.000 0.000 0.000 0.000 0.000 0.000 0.000 0.000 0.000 0.000 0.000 0.000 0.000 0.000 0.000 0.000 0.000 0.000 0.000 0.000 0.000 0.000 0.000 0.000 0.000 0.000 0.000 0.000 0.000 0.000 0.000 0.000 0.000 0.000 0.000 0.000 0.000 0.000 0.000 0.000 0.000 0.000 0.000 0.000 0.000 0.000 0.000 0.000 0.000 0.000 0.000 0.000 0.000 0.000 0.000 0.000 0.000 0.000 0.000 0.000 0.000 0.000 0.000 0.000 0.000 0.000 0.000 0.000 0.000 0.000 0.000
