RESULTS/r.avaflow_results/32_results/32_ascii/32_hflow_max0052.asc
ncols 506
nrows 317
xllcenter 498237.50
yllcenter 5580050.00
cellsize 12.50
NODATA_value -9999.000
[rows 170 to 203 of 317, columns 154 to 230 of 506]
13.493 13.378 13.276 13.149 12.950 12.678 12.343 11.995 11.677 11.385 11.092 10.799 10.519 10.252 9.859 9.149 8.166 7.058 5.994 5.149 4.397 3.635 2.898 2.338 1.936 1.649 1.448 1.321 1.290 1.318 1.399 1.516 1.640 1.742 1.822 1.881 1.927 1.958 1.971 1.964 1.918 1.833 1.737 1.663 1.602 1.535 1.437 1.296 1.116 0.910 0.700 0.514 0.372 0.280 0.222 0.182 0.153 0.132 0.117 0.105 0.095 0.085 0.074 0.066 0.065 0.066 0.070 0.094 0.172 0.358 0.625 0.813 0.925 0.978 0.968 0.888 0.738
17.108 17.228 17.225 17.088 16.791 16.363 15.889 15.427 14.993 14.589 14.198 13.808 13.538 13.287 12.840 12.116 11.152 10.065 8.902 7.674 6.446 5.253 4.163 3.297 2.661 2.168 1.794 1.548 1.426 1.410 1.447 1.536 1.664 1.771 1.830 1.872 1.903 1.919 1.908 1.857 1.747 1.590 1.434 1.312 1.210 1.099 0.953 0.753 0.532 0.361 0.252 0.183 0.137 0.108 0.090 0.079 0.072 0.068 0.066 0.064 0.061 0.056 0.049 0.045 0.045 0.045 0.050 0.070 0.129 0.271 0.522 0.725 0.829 0.885 0.895 0.855 0.760
20.456 20.806 20.830 20.609 20.167 19.597 19.020 18.497 18.003 17.525 17.067 16.757 16.550 16.306 15.882 15.158 14.155 13.023 11.830 10.521 9.058 7.523 6.051 4.798 3.806 3.009 2.381 1.944 1.687 1.558 1.495 1.483 1.563 1.679 1.754 1.779 1.768 1.716 1.614 1.447 1.200 0.954 0.760 0.617 0.526 0.446 0.354 0.252 0.169 0.117 0.086 0.067 0.054 0.045 0.040 0.039 0.040 0.041 0.042 0.042 0.041 0.038 0.035 0.034 0.033 0.033 0.037 0.051 0.092 0.192 0.403 0.646 0.781 0.842 0.859 0.842 0.775
22.853 23.430 23.551 23.383 22.964 22.420 21.885 21.407 20.931 20.434 20.075 19.802 19.577 19.327 18.902 18.169 17.123 15.908 14.627 13.285 11.833 10.218 8.479 6.816 5.401 4.237 3.309 2.612 2.119 1.785 1.585 1.477 1.435 1.494 1.542 1.530 1.442 1.274 1.044 0.771 0.525 0.361 0.264 0.205 0.172 0.142 0.109 0.078 0.056 0.042 0.034 0.028 0.025 0.022 0.022 0.023 0.025 0.027 0.029 0.030 0.029 0.029 0.027 0.027 0.026 0.027 0.029 0.037 0.062 0.125 0.273 0.531 0.739 0.826 0.848 0.843 0.792
23.787 24.564 24.941 25.029 24.904 24.670 24.398 24.108 23.743 23.357 22.957 22.619 22.343 22.047 21.607 20.906 19.914 18.701 17.345 15.891 14.341 12.641 10.731 8.730 6.955 5.459 4.250 3.313 2.612 2.100 1.732 1.476 1.348 1.328 1.312 1.205 0.971 0.699 0.472 0.306 0.195 0.129 0.092 0.073 0.061 0.050 0.039 0.030 0.024 0.020 0.017 0.015 0.014 0.014 0.014 0.015 0.017 0.020 0.022 0.022 0.022 0.022 0.022 0.022 0.022 0.023 0.024 0.027 0.042 0.079 0.168 0.374 0.655 0.799 0.838 0.842 0.806
23.719 24.634 25.225 25.557 25.777 25.922 25.954 25.876 25.744 25.498 25.032 24.565 24.252 23.951 23.533 22.922 22.097 21.017 19.654 18.056 16.310 14.551 12.654 10.497 8.291 6.421 4.936 3.807 2.959 2.326 1.861 1.528 1.338 1.224 1.063 0.764 0.467 0.283 0.180 0.115 0.076 0.052 0.039 0.032 0.027 0.023 0.018 0.015 0.013 0.012 0.010 0.009 0.009 0.009 0.010 0.011 0.012 0.014 0.016 0.017 0.017 0.017 0.018 0.018 0.019 0.019 0.021 0.023 0.030 0.053 0.107 0.241 0.520 0.742 0.811 0.830 0.807
22.924 24.042 24.909 25.489 25.928 26.252 26.396 26.479 26.500 26.342 25.873 25.287 24.962 24.742 24.383 23.838 23.181 22.328 21.166 19.657 17.893 15.977 13.873 11.477 8.957 6.840 5.201 3.983 3.081 2.411 1.918 1.565 1.308 1.044 0.669 0.335 0.177 0.108 0.070 0.049 0.036 0.026 0.021 0.017 0.015 0.013 0.011 0.009 0.008 0.007 0.007 0.006 0.006 0.006 0.007 0.007 0.009 0.010 0.012 0.013 0.013 0.014 0.014 0.015 0.016 0.017 0.018 0.020 0.024 0.038 0.074 0.163 0.378 0.645 0.757 0.794 0.788
21.613 22.928 24.089 25.002 25.682 26.080 26.317 26.396 26.479 26.452 26.151 25.492 25.056 24.868 24.629 24.178 23.581 22.834 21.773 20.287 18.437 16.390 14.169 11.661 9.033 6.842 5.169 3.943 3.042 2.370 1.856 1.442 1.045 0.626 0.280 0.123 0.067 0.043 0.030 0.025 0.019 0.015 0.013 0.011 0.009 0.008 0.007 0.006 0.005 0.005 0.004 0.004 0.004 0.004 0.004 0.005 0.006 0.007 0.008 0.009 0.010 0.011 0.012 0.012 0.013 0.015 0.016 0.018 0.021 0.030 0.055 0.117 0.265 0.516 0.671 0.738 0.753
20.228 21.683 22.970 24.098 24.996 25.590 25.838 25.868 25.860 25.821 25.533 24.901 24.424 24.214 23.965 23.501 22.911 22.227 21.267 19.862 18.039 15.957 13.678 11.137 8.561 6.429 4.788 3.569 2.667 1.981 1.426 0.935 0.505 0.222 0.093 0.046 0.028 0.020 0.016 0.014 0.012 0.010 0.008 0.007 0.006 0.005 0.004 0.004 0.003 0.003 0.002 0.002 0.002 0.002 0.002 0.003 0.004 0.004 0.005 0.006 0.007 0.008 0.009 0.010 0.011 0.012 0.014 0.016 0.019 0.025 0.044 0.088 0.190 0.386 0.567 0.662 0.701
18.734 20.254 21.641 22.814 23.739 24.336 24.586 24.605 24.454 24.170 23.863 23.484 23.051 22.565 22.031 21.472 20.893 20.293 19.476 18.198 16.439 14.360 12.085 9.649 7.341 5.434 3.881 2.627 1.688 1.037 0.604 0.322 0.153 0.068 0.034 0.021 0.015 0.011 0.010 0.009 0.008 0.006 0.005 0.005 0.004 0.003 0.003 0.002 0.002 0.001 0.001 0.001 0.001 0.001 0.001 0.001 0.002 0.003 0.003 0.004 0.005 0.006 0.007 0.008 0.009 0.010 0.012 0.014 0.017 0.022 0.036 0.069 0.142 0.284 0.458 0.570 0.632
17.054 18.569 19.890 21.002 21.905 22.541 22.924 23.044 22.839 22.299 22.070 22.031 21.722 20.914 20.069 19.429 18.808 18.096 17.130 15.737 13.886 11.716 9.427 7.283 5.449 3.857 2.419 1.292 0.618 0.296 0.155 0.085 0.046 0.026 0.016 0.011 0.009 0.007 0.007 0.006 0.005 0.004 0.003 0.003 0.002 0.002 0.001 0.001 0.001 0.000 0.000 0.000 0.000 0.000 0.000 0.000 0.001 0.001 0.002 0.002 0.003 0.004 0.005 0.006 0.007 0.009 0.011 0.013 0.015 0.019 0.031 0.057 0.111 0.214 0.361 0.471 0.551
15.024 16.372 17.646 18.848 19.954 20.905 21.613 21.901 21.755 21.237 21.029 20.996 20.609 19.584 18.675 18.014 17.309 16.343 14.971 13.152 10.933 8.336 5.922 4.246 3.020 1.941 1.014 0.423 0.161 0.073 0.043 0.028 0.019 0.013 0.009 0.007 0.006 0.005 0.004 0.004 0.003 0.002 0.002 0.001 0.001 0.001 0.000 0.000 0.000 0.000 0.000 0.000 0.000 0.000 0.000 0.000 0.000 0.000 0.001 0.001 0.002 0.003 0.003 0.004 0.006 0.007 0.009 0.011 0.014 0.018 0.027 0.048 0.090 0.168 0.285 0.391 0.472
12.676 13.868 15.201 16.658 18.085 19.371 20.363 20.830 20.778 20.383 20.085 19.793 19.146 18.039 17.160 16.449 15.623 14.394 12.595 10.255 7.362 4.461 2.516 1.569 1.020 0.589 0.263 0.098 0.042 0.025 0.018 0.014 0.010 0.008 0.006 0.005 0.004 0.003 0.003 0.002 0.001 0.001 0.001 0.000 0.000 0.000 0.000 0.000 0.000 0.000 0.000 0.000 0.000 0.000 0.000 0.000 0.000 0.000 0.000 0.000 0.001 0.001 0.002 0.003 0.005 0.006 0.008 0.011 0.013 0.017 0.025 0.041 0.075 0.137 0.229 0.328 0.412
10.535 11.686 13.000 14.522 16.056 17.465 18.592 19.174 19.237 18.893 18.236 17.406 16.432 15.449 14.665 13.855 12.797 11.221 8.837 5.895 3.195 1.428 0.592 0.310 0.185 0.103 0.051 0.026 0.017 0.012 0.010 0.008 0.006 0.005 0.004 0.003 0.002 0.002 0.001 0.001 0.001 0.000 0.000 0.000 0.000 0.000 0.000 0.000 0.000 0.000 0.000 0.000 0.000 0.000 0.000 0.000 0.000 0.000 0.000 0.000 0.000 0.001 0.001 0.002 0.004 0.005 0.007 0.010 0.013 0.017 0.024 0.038 0.066 0.115 0.189 0.276 0.356
8.751 9.878 11.064 12.265 13.425 14.521 15.481 16.062 16.190 15.897 15.072 13.892 12.710 11.739 10.818 9.721 8.190 6.091 3.733 1.776 0.681 0.221 0.083 0.053 0.037 0.025 0.017 0.012 0.010 0.008 0.006 0.005 0.004 0.003 0.002 0.002 0.001 0.001 0.000 0.000 0.000 0.000 0.000 0.000 0.000 0.000 0.000 0.000 0.000 0.000 0.000 0.000 0.000 0.000 0.000 0.000 0.000 0.000 0.000 0.000 0.000 0.000 0.001 0.002 0.003 0.004 0.006 0.009 0.012 0.016 0.023 0.036 0.059 0.099 0.158 0.230 0.303
7.473 8.394 9.066 9.517 9.861 10.259 10.841 11.381 11.596 11.477 10.814 9.629 8.122 6.662 5.402 4.272 3.072 1.761 0.764 0.254 0.081 0.036 0.023 0.019 0.015 0.012 0.010 0.008 0.006 0.005 0.004 0.003 0.002 0.002 0.001 0.001 0.000 0.000 0.000 0.000 0.000 0.000 0.000 0.000 0.000 0.000 0.000 0.000 0.000 0.000 0.000 0.000 0.000 0.000 0.000 0.000 0.000 0.000 0.000 0.000 0.000 0.000 0.000 0.001 0.002 0.004 0.006 0.008 0.011 0.016 0.022 0.033 0.052 0.084 0.132 0.191 0.256
5.559 5.841 5.812 5.538 5.222 5.117 5.273 5.556 5.703 5.684 5.353 4.573 3.402 2.261 1.502 0.991 0.575 0.253 0.092 0.036 0.020 0.015 0.013 0.011 0.009 0.008 0.006 0.005 0.004 0.003 0.002 0.002 0.001 0.001 0.000 0.000 0.000 0.000 0.000 0.000 0.000 0.000 0.000 0.000 0.000 0.000 0.000 0.000 0.000 0.000 0.000 0.000 0.000 0.000 0.000 0.000 0.000 0.000 0.000 0.000 0.000 0.000 0.000 0.000 0.001 0.003 0.005 0.007 0.011 0.015 0.021 0.030 0.045 0.069 0.108 0.160 0.217
2.605 2.504 2.353 2.137 1.872 1.705 1.657 1.686 1.697 1.668 1.534 1.233 0.773 0.401 0.223 0.136 0.078 0.040 0.021 0.015 0.011 0.009 0.008 0.007 0.006 0.005 0.004 0.003 0.002 0.002 0.001 0.001 0.000 0.000 0.000 0.000 0.000 0.000 0.000 0.000 0.000 0.000 0.000 0.000 0.000 0.000 0.000 0.000 0.000 0.000 0.000 0.000 0.000 0.000 0.000 0.000 0.000 0.000 0.000 0.000 0.000 0.000 0.000 0.000 0.001 0.002 0.004 0.006 0.009 0.013 0.019 0.026 0.038 0.056 0.089 0.136 0.190
0.786 0.723 0.650 0.575 0.474 0.389 0.343 0.318 0.299 0.279 0.247 0.193 0.113 0.063 0.041 0.029 0.021 0.015 0.011 0.009 0.008 0.007 0.006 0.005 0.004 0.003 0.002 0.002 0.001 0.001 0.000 0.000 0.000 0.000 0.000 0.000 0.000 0.000 0.000 0.000 0.000 0.000 0.000 0.000 0.000 0.000 0.000 0.000 0.000 0.000 0.000 0.000 0.000 0.000 0.000 0.000 0.000 0.000 0.000 0.000 0.000 0.000 0.000 0.000 0.000 0.001 0.003 0.005 0.008 0.012 0.016 0.022 0.032 0.049 0.078 0.121 0.175
0.185 0.176 0.159 0.142 0.120 0.094 0.079 0.069 0.062 0.056 0.049 0.040 0.028 0.021 0.016 0.014 0.011 0.009 0.007 0.006 0.005 0.004 0.003 0.003 0.002 0.002 0.001 0.001 0.000 0.000 0.000 0.000 0.000 0.000 0.000 0.000 0.000 0.000 0.000 0.000 0.000 0.000 0.000 0.000 0.000 0.000 0.000 0.000 0.000 0.000 0.000 0.000 0.000 0.000 0.000 0.000 0.000 0.000 0.000 0.000 0.000 0.000 0.000 0.000 0.000 0.001 0.002 0.004 0.006 0.010 0.014 0.019 0.027 0.042 0.070 0.116 0.180
0.052 0.050 0.047 0.043 0.038 0.032 0.027 0.024 0.022 0.020 0.019 0.016 0.014 0.012 0.010 0.008 0.007 0.006 0.005 0.004 0.003 0.003 0.002 0.001 0.001 0.001 0.000 0.000 0.000 0.000 0.000 0.000 0.000 0.000 0.000 0.000 0.000 0.000 0.000 0.000 0.000 0.000 0.000 0.000 0.000 0.000 0.000 0.000 0.000 0.000 0.000 0.000 0.000 0.000 0.000 0.000 0.000 0.000 0.000 0.000 0.000 0.000 0.000 0.000 0.000 0.000 0.001 0.003 0.005 0.007 0.010 0.014 0.020 0.030 0.050 0.091 0.156
0.021 0.021 0.020 0.019 0.017 0.015 0.014 0.013 0.012 0.011 0.010 0.010 0.009 0.007 0.007 0.006 0.005 0.004 0.003 0.002 0.002 0.001 0.001 0.001 0.000 0.000 0.000 0.000 0.000 0.000 0.000 0.000 0.000 0.000 0.000 0.000 0.000 0.000 0.000 0.000 0.000 0.000 0.000 0.000 0.000 0.000 0.000 0.000 0.000 0.000 0.000 0.000 0.000 0.000 0.000 0.000 0.000 0.000 0.000 0.000 0.000 0.000 0.000 0.000 0.000 0.000 0.001 0.002 0.003 0.005 0.007 0.010 0.014 0.019 0.029 0.051 0.098
0.012 0.011 0.011 0.010 0.010 0.009 0.008 0.008 0.007 0.007 0.006 0.006 0.005 0.005 0.004 0.003 0.003 0.002 0.001 0.001 0.001 0.000 0.000 0.000 0.000 0.000 0.000 0.000 0.000 0.000 0.000 0.000 0.000 0.000 0.000 0.000 0.000 0.000 0.000 0.000 0.000 0.000 0.000 0.000 0.000 0.000 0.000 0.000 0.000 0.000 0.000 0.000 0.000 0.000 0.000 0.000 0.000 0.000 0.000 0.000 0.000 0.000 0.000 0.000 0.000 0.000 0.000 0.001 0.002 0.003 0.005 0.007 0.010 0.013 0.018 0.027 0.049
0.007 0.006 0.006 0.006 0.005 0.005 0.004 0.004 0.004 0.004 0.004 0.003 0.003 0.003 0.002 0.002 0.001 0.001 0.001 0.000 0.000 0.000 0.000 0.000 0.000 0.000 0.000 0.000 0.000 0.000 0.000 0.000 0.000 0.000 0.000 0.000 0.000 0.000 0.000 0.000 0.000 0.000 0.000 0.000 0.000 0.000 0.000 0.000 0.000 0.000 0.000 0.000 0.000 0.000 0.000 0.000 0.000 0.000 0.000 0.000 0.000 0.000 0.000 0.000 0.000 0.000 0.000 0.000 0.001 0.002 0.003 0.005 0.007 0.009 0.011 0.016 0.023
0.004 0.003 0.003 0.003 0.003 0.002 0.002 0.002 0.002 0.002 0.002 0.002 0.002 0.001 0.001 0.001 0.000 0.000 0.000 0.000 0.000 0.000 0.000 0.000 0.000 0.000 0.000 0.000 0.000 0.000 0.000 0.000 0.000 0.000 0.000 0.000 0.000 0.000 0.000 0.000 0.000 0.000 0.000 0.000 0.000 0.000 0.000 0.000 0.000 0.000 0.000 0.000 0.000 0.000 0.000 0.000 0.000 0.000 0.000 0.000 0.000 0.000 0.000 0.000 0.000 0.000 0.000 0.000 0.000 0.001 0.002 0.003 0.004 0.006 0.008 0.010 0.013
0.002 0.002 0.002 0.001 0.001 0.001 0.001 0.001 0.001 0.001 0.001 0.001 0.000 0.000 0.000 0.000 0.000 0.000 0.000 0.000 0.000 0.000 0.000 0.000 0.000 0.000 0.000 0.000 0.000 0.000 0.000 0.000 0.000 0.000 0.000 0.000 0.000 0.000 0.000 0.000 0.000 0.000 0.000 0.000 0.000 0.000 0.000 0.000 0.000 0.000 0.000 0.000 0.000 0.000 0.000 0.000 0.000 0.000 0.000 0.000 0.000 0.000 0.000 0.000 0.000 0.000 0.000 0.000 0.000 0.000 0.001 0.002 0.002 0.004 0.005 0.007 0.009
0.001 0.001 0.000 0.000 0.000 0.000 0.000 0.000 0.000 0.000 0.000 0.000 0.000 0.000 0.000 0.000 0.000 0.000 0.000 0.000 0.000 0.000 0.000 0.000 0.000 0.000 0.000 0.000 0.000 0.000 0.000 0.000 0.000 0.000 0.000 0.000 0.000 0.000 0.000 0.000 0.000 0.000 0.000 0.000 0.000 0.000 0.000 0.000 0.000 0.000 0.000 0.000 0.000 0.000 0.000 0.000 0.000 0.000 0.000 0.000 0.000 0.000 0.000 0.000 0.000 0.000 0.000 0.000 0.000 0.000 0.000 0.001 0.001 0.002 0.003 0.004 0.006
0.000 0.000 0.000 0.000 0.000 0.000 0.000 0.000 0.000 0.000 0.000 0.000 0.000 0.000 0.000 0.000 0.000 0.000 0.000 0.000 0.000 0.000 0.000 0.000 0.000 0.000 0.000 0.000 0.000 0.000 0.000 0.000 0.000 0.000 0.000 0.000 0.000 0.000 0.000 0.000 0.000 0.000 0.000 0.000 0.000 0.000 0.000 0.000 0.000 0.000 0.000 0.000 0.000 0.000 0.000 0.000 0.000 0.000 0.000 0.000 0.000 0.000 0.000 0.000 0.000 0.000 0.000 0.000 0.000 0.000 0.000 0.000 0.000 0.001 0.002 0.002 0.003
0.000 0.000 0.000 0.000 0.000 0.000 0.000 0.000 0.000 0.000 0.000 0.000 0.000 0.000 0.000 0.000 0.000 0.000 0.000 0.000 0.000 0.000 0.000 0.000 0.000 0.000 0.000 0.000 0.000 0.000 0.000 0.000 0.000 0.000 0.000 0.000 0.000 0.000 0.000 0.000 0.000 0.000 0.000 0.000 0.000 0.000 0.000 0.000 0.000 0.000 0.000 0.000 0.000 0.000 0.000 0.000 0.000 0.000 0.000 0.000 0.000 0.000 0.000 0.000 0.000 0.000 0.000 0.000 0.000 0.000 0.000 0.000 0.000 0.000 0.001 0.001 0.002
0.000 0.000 0.000 0.000 0.000 0.000 0.000 0.000 0.000 0.000 0.000 0.000 0.000 0.000 0.000 0.000 0.000 0.000 0.000 0.000 0.000 0.000 0.000 0.000 0.000 0.000 0.000 0.000 0.000 0.000 0.000 0.000 0.000 0.000 0.000 0.000 0.000 0.000 0.000 0.000 0.000 0.000 0.000 0.000 0.000 0.000 0.000 0.000 0.000 0.000 0.000 0.000 0.000 0.000 0.000 0.000 0.000 0.000 0.000 0.000 0.000 0.000 0.000 0.000 0.000 0.000 0.000 0.000 0.000 0.000 0.000 0.000 0.000 0.000 0.000 0.000 0.001
0.000 0.000 0.000 0.000 0.000 0.000 0.000 0.000 0.000 0.000 0.000 0.000 0.000 0.000 0.000 0.000 0.000 0.000 0.000 0.000 0.000 0.000 0.000 0.000 0.000 0.000 0.000 0.000 0.000 0.000 0.000 0.000 0.000 0.000 0.000 0.000 0.000 0.000 0.000 0.000 0.000 0.000 0.000 0.000 0.000 0.000 0.000 0.000 0.000 0.000 0.000 0.000 0.000 0.000 0.000 0.000 0.000 0.000 0.000 0.000 0.000 0.000 0.000 0.000 0.000 0.000 0.000 0.000 0.000 0.000 0.000 0.000 0.000 0.000 0.000 0.000 0.000
0.000 0.000 0.000 0.000 0.000 0.000 0.000 0.000 0.000 0.000 0.000 0.000 0.000 0.000 0.000 0.000 0.000 0.000 0.000 0.000 0.000 0.000 0.000 0.000 0.000 0.000 0.000 0.000 0.000 0.000 0.000 0.000 0.000 0.000 0.000 0.000 0.000 0.000 0.000 0.000 0.000 0.000 0.000 0.000 0.000 0.000 0.000 0.000 0.000 0.000 0.000 0.000 0.000 0.000 0.000 0.000 0.000 0.000 0.000 0.000 0.000 0.000 0.000 0.000 0.000 0.000 0.000 0.000 0.000 0.000 0.000 0.000 0.000 0.000 0.000 0.000 0.000
0.000 0.000 0.000 0.000 0.000 0.000 0.000 0.000 0.000 0.000 0.000 0.000 0.000 0.000 0.000 0.000 0.000 0.000 0.000 0.000 0.000 0.000 0.000 0.000 0.000 0.000 0.000 0.000 0.000 0.000 0.000 0.000 0.000 0.000 0.000 0.000 0.000 0.000 0.000 0.000 0.000 0.000 0.000 0.000 0.000 0.000 0.000 0.000 0.000 0.000 0.000 0.000 0.000 0.000 0.000 0.000 0.000 0.000 0.000 0.000 0.000 0.000 0.000 0.000 0.000 0.000 0.000 0.000 0.000 0.000 0.000 0.000 0.000 0.000 0.000 0.000 0.000
0.000 0.000 0.000 0.000 0.000 0.000 0.000 0.000 0.000 0.000 0.000 0.000 0.000 0.000 0.000 0.000 0.000 0.000 0.000 0.000 0.000 0.000 0.000 0.000 0.000 0.000 0.000 0.000 0.000 0.000 0.000 0.000 0.000 0.000 0.000 0.000 0.000 0.000 0.000 0.000 0.000 0.000 0.000 0.000 0.000 0.000 0.000 0.000 0.000 0.000 0.000 0.000 0.000 0.000 0.000 0.000 0.000 0.000 0.000 0.000 0.000 0.000 0.000 0.000 0.000 0.000 0.000 0.000 0.000 0.000 0.000 0.000 0.000 0.000 0.000 0.000 0.000
