RESULTS/r.avaflow_results/32_results/32_ascii/32_hflow0040.asc
ncols 506
nrows 317
xllcenter 498237.50
yllcenter 5580050.00
cellsize 12.50
NODATA_value -9999.000
[rows 170 to 203 of 317, columns 154 to 230 of 506]
8.954 8.854 8.753 8.629 8.466 8.263 8.084 7.935 7.785 7.620 7.466 7.332 7.182 6.927 6.464 5.754 4.875 3.988 3.151 2.357 1.629 1.013 0.572 0.323 0.207 0.156 0.140 0.139 0.142 0.154 0.178 0.215 0.254 0.281 0.300 0.316 0.341 0.390 0.430 0.441 0.436 0.427 0.431 0.451 0.463 0.457 0.425 0.361 0.280 0.202 0.142 0.105 0.083 0.071 0.065 0.062 0.062 0.063 0.065 0.067 0.066 0.064 0.059 0.053 0.050 0.050 0.053 0.065 0.097 0.162 0.217 0.236 0.229 0.181 0.117 0.078 0.061
12.349 12.562 12.696 12.739 12.692 12.530 12.303 12.070 11.825 11.546 11.262 11.004 10.751 10.450 9.986 9.271 8.300 7.142 5.895 4.622 3.390 2.299 1.421 0.823 0.487 0.320 0.244 0.216 0.212 0.224 0.253 0.299 0.339 0.356 0.361 0.364 0.373 0.405 0.431 0.433 0.416 0.396 0.391 0.394 0.388 0.358 0.289 0.196 0.123 0.083 0.063 0.051 0.044 0.041 0.041 0.042 0.044 0.047 0.049 0.050 0.049 0.047 0.043 0.039 0.038 0.038 0.041 0.049 0.072 0.123 0.192 0.231 0.244 0.235 0.196 0.144 0.103
15.889 16.420 16.637 16.636 16.486 16.191 15.836 15.490 15.145 14.781 14.412 14.081 13.777 13.463 13.030 12.343 11.374 10.207 8.926 7.513 5.957 4.397 3.014 1.923 1.179 0.728 0.475 0.349 0.295 0.279 0.289 0.319 0.351 0.362 0.359 0.352 0.355 0.369 0.377 0.360 0.312 0.267 0.243 0.224 0.202 0.166 0.117 0.074 0.050 0.039 0.032 0.029 0.027 0.027 0.027 0.029 0.032 0.036 0.037 0.038 0.037 0.035 0.032 0.030 0.030 0.030 0.032 0.038 0.052 0.083 0.143 0.207 0.245 0.261 0.261 0.238 0.188
18.761 19.607 19.920 19.891 19.672 19.307 18.916 18.549 18.180 17.790 17.378 17.011 16.689 16.374 15.963 15.283 14.281 13.052 11.728 10.343 8.827 7.122 5.352 3.742 2.472 1.565 0.973 0.622 0.433 0.341 0.304 0.300 0.312 0.316 0.307 0.287 0.275 0.266 0.250 0.210 0.153 0.117 0.098 0.087 0.077 0.064 0.045 0.033 0.026 0.022 0.020 0.019 0.018 0.018 0.019 0.021 0.023 0.026 0.028 0.028 0.027 0.026 0.025 0.024 0.024 0.024 0.026 0.030 0.038 0.054 0.087 0.147 0.216 0.264 0.281 0.281 0.259
20.442 21.504 22.031 22.152 22.059 21.850 21.607 21.364 21.083 20.728 20.306 19.903 19.554 19.207 18.778 18.095 17.097 15.850 14.473 13.030 11.514 9.869 8.033 6.070 4.265 2.819 1.761 1.061 0.642 0.410 0.296 0.244 0.222 0.211 0.192 0.166 0.151 0.140 0.127 0.100 0.070 0.052 0.044 0.039 0.035 0.029 0.023 0.018 0.016 0.014 0.013 0.013 0.013 0.013 0.013 0.015 0.017 0.019 0.020 0.020 0.020 0.020 0.019 0.019 0.019 0.020 0.022 0.024 0.029 0.037 0.053 0.084 0.148 0.231 0.276 0.285 0.279
20.815 21.978 22.760 23.193 23.419 23.562 23.638 23.626 23.518 23.267 22.850 22.345 21.933 21.547 21.103 20.464 19.577 18.443 17.085 15.551 13.900 12.130 10.166 7.914 5.642 3.755 2.323 1.348 0.762 0.441 0.276 0.194 0.151 0.122 0.097 0.082 0.076 0.072 0.065 0.051 0.037 0.029 0.025 0.022 0.019 0.017 0.014 0.012 0.010 0.010 0.009 0.009 0.009 0.009 0.009 0.010 0.012 0.013 0.014 0.015 0.015 0.015 0.015 0.015 0.016 0.017 0.018 0.020 0.024 0.029 0.037 0.054 0.089 0.161 0.235 0.267 0.274
20.405 21.664 22.637 23.292 23.815 24.299 24.631 24.773 24.796 24.679 24.290 23.652 23.186 22.846 22.454 21.888 21.154 20.223 18.986 17.408 15.587 13.615 11.448 8.945 6.321 4.146 2.516 1.423 0.783 0.437 0.254 0.160 0.107 0.073 0.052 0.044 0.041 0.039 0.036 0.029 0.022 0.018 0.016 0.014 0.012 0.011 0.009 0.008 0.007 0.007 0.006 0.006 0.006 0.006 0.006 0.007 0.008 0.009 0.010 0.010 0.011 0.011 0.011 0.012 0.013 0.014 0.015 0.018 0.020 0.024 0.030 0.041 0.061 0.101 0.162 0.213 0.244
19.353 20.770 22.003 22.971 23.751 24.373 24.742 24.896 24.956 24.912 24.560 23.851 23.362 23.105 22.785 22.252 21.577 20.760 19.638 18.094 16.193 14.086 11.788 9.162 6.401 4.128 2.452 1.352 0.723 0.388 0.212 0.118 0.068 0.042 0.031 0.026 0.024 0.023 0.021 0.017 0.014 0.012 0.011 0.009 0.008 0.007 0.006 0.005 0.005 0.004 0.004 0.004 0.004 0.004 0.004 0.004 0.005 0.006 0.006 0.007 0.007 0.008 0.008 0.009 0.010 0.011 0.013 0.015 0.018 0.021 0.027 0.034 0.047 0.069 0.104 0.146 0.190
18.080 19.637 21.049 22.266 23.256 23.943 24.270 24.372 24.401 24.334 23.997 23.311 22.783 22.508 22.185 21.646 20.979 20.216 19.187 17.729 15.855 13.715 11.356 8.671 5.915 3.677 2.065 1.059 0.524 0.260 0.131 0.067 0.038 0.025 0.019 0.016 0.015 0.014 0.013 0.011 0.010 0.008 0.008 0.007 0.006 0.005 0.004 0.003 0.003 0.002 0.002 0.002 0.002 0.002 0.002 0.002 0.003 0.003 0.004 0.004 0.005 0.005 0.006 0.007 0.008 0.009 0.011 0.013 0.016 0.019 0.024 0.030 0.039 0.053 0.074 0.101 0.133
16.772 18.384 19.829 21.080 22.073 22.753 23.091 23.162 23.066 22.763 22.405 21.962 21.469 20.905 20.311 19.690 19.034 18.356 17.479 16.154 14.345 12.197 9.812 7.170 4.636 2.636 1.280 0.535 0.223 0.106 0.057 0.034 0.022 0.016 0.013 0.011 0.010 0.009 0.009 0.008 0.007 0.006 0.005 0.004 0.004 0.003 0.002 0.002 0.002 0.001 0.001 0.001 0.001 0.001 0.001 0.001 0.001 0.002 0.002 0.002 0.003 0.003 0.004 0.005 0.006 0.007 0.009 0.011 0.014 0.018 0.022 0.028 0.036 0.046 0.060 0.078 0.100
15.218 16.763 18.149 19.348 20.306 21.037 21.524 21.668 21.472 20.964 20.746 20.665 20.293 19.385 18.467 17.748 17.044 16.258 15.232 13.786 11.882 9.621 7.138 4.705 2.688 1.303 0.523 0.180 0.072 0.040 0.026 0.018 0.014 0.011 0.009 0.009 0.008 0.007 0.006 0.005 0.005 0.004 0.003 0.003 0.002 0.002 0.001 0.001 0.001 0.000 0.000 0.000 0.000 0.000 0.000 0.000 0.000 0.001 0.001 0.001 0.001 0.002 0.003 0.003 0.005 0.006 0.008 0.010 0.013 0.016 0.021 0.026 0.034 0.043 0.055 0.069 0.085
13.219 14.599 15.970 17.286 18.469 19.511 20.282 20.562 20.394 19.895 19.752 19.713 19.281 18.210 17.214 16.454 15.643 14.570 13.101 11.196 8.856 6.208 3.808 2.121 1.070 0.465 0.165 0.057 0.029 0.019 0.015 0.011 0.010 0.008 0.007 0.006 0.006 0.005 0.004 0.003 0.003 0.002 0.002 0.001 0.001 0.001 0.000 0.000 0.000 0.000 0.000 0.000 0.000 0.000 0.000 0.000 0.000 0.000 0.000 0.000 0.001 0.001 0.002 0.002 0.003 0.005 0.006 0.009 0.011 0.015 0.020 0.026 0.033 0.043 0.053 0.065 0.079
10.990 12.270 13.687 15.207 16.674 17.997 19.013 19.459 19.383 18.974 18.675 18.358 17.696 16.645 15.732 14.934 13.980 12.580 10.611 8.047 5.195 2.770 1.302 0.582 0.266 0.117 0.047 0.022 0.015 0.012 0.010 0.008 0.007 0.006 0.005 0.004 0.004 0.003 0.002 0.002 0.001 0.001 0.001 0.000 0.000 0.000 0.000 0.000 0.000 0.000 0.000 0.000 0.000 0.000 0.000 0.000 0.000 0.000 0.000 0.000 0.000 0.000 0.001 0.001 0.002 0.004 0.005 0.008 0.011 0.014 0.019 0.025 0.034 0.044 0.054 0.064 0.074
9.097 10.289 11.605 13.078 14.567 15.921 17.017 17.591 17.637 17.264 16.573 15.728 14.812 13.903 13.087 12.184 10.956 9.116 6.540 3.857 1.825 0.688 0.227 0.096 0.054 0.030 0.018 0.012 0.010 0.009 0.007 0.006 0.005 0.004 0.004 0.003 0.002 0.002 0.001 0.001 0.000 0.000 0.000 0.000 0.000 0.000 0.000 0.000 0.000 0.000 0.000 0.000 0.000 0.000 0.000 0.000 0.000 0.000 0.000 0.000 0.000 0.000 0.000 0.001 0.002 0.003 0.004 0.007 0.010 0.014 0.019 0.026 0.035 0.046 0.055 0.063 0.071
7.387 8.419 9.463 10.539 11.585 12.582 13.548 14.153 14.272 13.954 13.086 11.865 10.705 9.722 8.710 7.516 5.954 4.038 2.176 0.910 0.284 0.078 0.036 0.025 0.018 0.013 0.010 0.009 0.007 0.006 0.005 0.004 0.004 0.003 0.002 0.002 0.001 0.001 0.000 0.000 0.000 0.000 0.000 0.000 0.000 0.000 0.000 0.000 0.000 0.000 0.000 0.000 0.000 0.000 0.000 0.000 0.000 0.000 0.000 0.000 0.000 0.000 0.000 0.000 0.001 0.002 0.004 0.006 0.009 0.013 0.019 0.026 0.037 0.048 0.056 0.063 0.071
5.530 6.199 6.628 6.906 7.172 7.563 8.216 8.804 9.022 8.882 8.194 6.965 5.577 4.442 3.516 2.672 1.763 0.876 0.320 0.090 0.032 0.020 0.015 0.012 0.010 0.009 0.007 0.006 0.005 0.004 0.004 0.003 0.002 0.002 0.001 0.001 0.000 0.000 0.000 0.000 0.000 0.000 0.000 0.000 0.000 0.000 0.000 0.000 0.000 0.000 0.000 0.000 0.000 0.000 0.000 0.000 0.000 0.000 0.000 0.000 0.000 0.000 0.000 0.000 0.001 0.002 0.003 0.005 0.009 0.013 0.019 0.026 0.036 0.048 0.057 0.065 0.072
2.914 2.997 2.929 2.818 2.751 2.800 3.034 3.350 3.493 3.470 3.190 2.581 1.756 1.109 0.712 0.461 0.242 0.094 0.035 0.019 0.014 0.011 0.010 0.009 0.007 0.006 0.005 0.004 0.003 0.003 0.002 0.002 0.001 0.001 0.000 0.000 0.000 0.000 0.000 0.000 0.000 0.000 0.000 0.000 0.000 0.000 0.000 0.000 0.000 0.000 0.000 0.000 0.000 0.000 0.000 0.000 0.000 0.000 0.000 0.000 0.000 0.000 0.000 0.000 0.000 0.001 0.002 0.005 0.008 0.012 0.018 0.025 0.035 0.046 0.057 0.068 0.079
0.914 0.828 0.747 0.667 0.613 0.592 0.619 0.688 0.713 0.704 0.638 0.483 0.266 0.140 0.090 0.059 0.035 0.020 0.014 0.011 0.009 0.008 0.007 0.006 0.005 0.004 0.003 0.003 0.002 0.001 0.001 0.001 0.000 0.000 0.000 0.000 0.000 0.000 0.000 0.000 0.000 0.000 0.000 0.000 0.000 0.000 0.000 0.000 0.000 0.000 0.000 0.000 0.000 0.000 0.000 0.000 0.000 0.000 0.000 0.000 0.000 0.000 0.000 0.000 0.000 0.001 0.002 0.004 0.007 0.011 0.016 0.023 0.032 0.043 0.057 0.076 0.099
0.189 0.155 0.141 0.130 0.117 0.108 0.106 0.110 0.109 0.105 0.094 0.070 0.042 0.029 0.023 0.018 0.014 0.011 0.009 0.008 0.007 0.006 0.005 0.004 0.003 0.003 0.002 0.001 0.001 0.001 0.000 0.000 0.000 0.000 0.000 0.000 0.000 0.000 0.000 0.000 0.000 0.000 0.000 0.000 0.000 0.000 0.000 0.000 0.000 0.000 0.000 0.000 0.000 0.000 0.000 0.000 0.000 0.000 0.000 0.000 0.000 0.000 0.000 0.000 0.000 0.000 0.001 0.003 0.006 0.009 0.014 0.020 0.029 0.040 0.057 0.085 0.124
0.048 0.042 0.041 0.040 0.037 0.034 0.033 0.031 0.030 0.028 0.026 0.022 0.017 0.014 0.012 0.010 0.009 0.008 0.007 0.006 0.005 0.004 0.003 0.002 0.002 0.001 0.001 0.000 0.000 0.000 0.000 0.000 0.000 0.000 0.000 0.000 0.000 0.000 0.000 0.000 0.000 0.000 0.000 0.000 0.000 0.000 0.000 0.000 0.000 0.000 0.000 0.000 0.000 0.000 0.000 0.000 0.000 0.000 0.000 0.000 0.000 0.000 0.000 0.000 0.000 0.000 0.001 0.002 0.004 0.007 0.011 0.017 0.024 0.036 0.055 0.086 0.132
0.021 0.020 0.020 0.020 0.019 0.017 0.016 0.015 0.015 0.014 0.013 0.012 0.010 0.009 0.008 0.007 0.006 0.005 0.004 0.004 0.003 0.002 0.002 0.001 0.001 0.000 0.000 0.000 0.000 0.000 0.000 0.000 0.000 0.000 0.000 0.000 0.000 0.000 0.000 0.000 0.000 0.000 0.000 0.000 0.000 0.000 0.000 0.000 0.000 0.000 0.000 0.000 0.000 0.000 0.000 0.000 0.000 0.000 0.000 0.000 0.000 0.000 0.000 0.000 0.000 0.000 0.000 0.001 0.003 0.005 0.008 0.013 0.019 0.029 0.045 0.075 0.120
0.013 0.013 0.012 0.012 0.011 0.011 0.010 0.010 0.009 0.009 0.009 0.008 0.007 0.007 0.006 0.005 0.004 0.003 0.003 0.002 0.002 0.001 0.001 0.000 0.000 0.000 0.000 0.000 0.000 0.000 0.000 0.000 0.000 0.000 0.000 0.000 0.000 0.000 0.000 0.000 0.000 0.000 0.000 0.000 0.000 0.000 0.000 0.000 0.000 0.000 0.000 0.000 0.000 0.000 0.000 0.000 0.000 0.000 0.000 0.000 0.000 0.000 0.000 0.000 0.000 0.000 0.000 0.001 0.002 0.003 0.006 0.009 0.013 0.019 0.029 0.048 0.080
0.009 0.008 0.008 0.008 0.007 0.007 0.007 0.006 0.006 0.006 0.006 0.005 0.005 0.004 0.004 0.003 0.002 0.002 0.001 0.001 0.001 0.000 0.000 0.000 0.000 0.000 0.000 0.000 0.000 0.000 0.000 0.000 0.000 0.000 0.000 0.000 0.000 0.000 0.000 0.000 0.000 0.000 0.000 0.000 0.000 0.000 0.000 0.000 0.000 0.000 0.000 0.000 0.000 0.000 0.000 0.000 0.000 0.000 0.000 0.000 0.000 0.000 0.000 0.000 0.000 0.000 0.000 0.000 0.001 0.002 0.004 0.006 0.009 0.012 0.018 0.026 0.039
0.005 0.005 0.005 0.005 0.005 0.004 0.004 0.004 0.004 0.003 0.003 0.003 0.003 0.002 0.002 0.002 0.001 0.001 0.000 0.000 0.000 0.000 0.000 0.000 0.000 0.000 0.000 0.000 0.000 0.000 0.000 0.000 0.000 0.000 0.000 0.000 0.000 0.000 0.000 0.000 0.000 0.000 0.000 0.000 0.000 0.000 0.000 0.000 0.000 0.000 0.000 0.000 0.000 0.000 0.000 0.000 0.000 0.000 0.000 0.000 0.000 0.000 0.000 0.000 0.000 0.000 0.000 0.000 0.000 0.001 0.002 0.004 0.006 0.008 0.011 0.016 0.021
0.003 0.003 0.003 0.003 0.003 0.002 0.002 0.002 0.002 0.002 0.002 0.001 0.001 0.001 0.001 0.001 0.000 0.000 0.000 0.000 0.000 0.000 0.000 0.000 0.000 0.000 0.000 0.000 0.000 0.000 0.000 0.000 0.000 0.000 0.000 0.000 0.000 0.000 0.000 0.000 0.000 0.000 0.000 0.000 0.000 0.000 0.000 0.000 0.000 0.000 0.000 0.000 0.000 0.000 0.000 0.000 0.000 0.000 0.000 0.000 0.000 0.000 0.000 0.000 0.000 0.000 0.000 0.000 0.000 0.000 0.001 0.002 0.003 0.005 0.007 0.010 0.013
0.001 0.001 0.001 0.001 0.001 0.001 0.001 0.001 0.001 0.001 0.001 0.000 0.000 0.000 0.000 0.000 0.000 0.000 0.000 0.000 0.000 0.000 0.000 0.000 0.000 0.000 0.000 0.000 0.000 0.000 0.000 0.000 0.000 0.000 0.000 0.000 0.000 0.000 0.000 0.000 0.000 0.000 0.000 0.000 0.000 0.000 0.000 0.000 0.000 0.000 0.000 0.000 0.000 0.000 0.000 0.000 0.000 0.000 0.000 0.000 0.000 0.000 0.000 0.000 0.000 0.000 0.000 0.000 0.000 0.000 0.000 0.001 0.002 0.003 0.005 0.006 0.009
0.000 0.000 0.000 0.000 0.000 0.000 0.000 0.000 0.000 0.000 0.000 0.000 0.000 0.000 0.000 0.000 0.000 0.000 0.000 0.000 0.000 0.000 0.000 0.000 0.000 0.000 0.000 0.000 0.000 0.000 0.000 0.000 0.000 0.000 0.000 0.000 0.000 0.000 0.000 0.000 0.000 0.000 0.000 0.000 0.000 0.000 0.000 0.000 0.000 0.000 0.000 0.000 0.000 0.000 0.000 0.000 0.000 0.000 0.000 0.000 0.000 0.000 0.000 0.000 0.000 0.000 0.000 0.000 0.000 0.000 0.000 0.000 0.001 0.002 0.003 0.004 0.005
0.000 0.000 0.000 0.000 0.000 0.000 0.000 0.000 0.000 0.000 0.000 0.000 0.000 0.000 0.000 0.000 0.000 0.000 0.000 0.000 0.000 0.000 0.000 0.000 0.000 0.000 0.000 0.000 0.000 0.000 0.000 0.000 0.000 0.000 0.000 0.000 0.000 0.000 0.000 0.000 0.000 0.000 0.000 0.000 0.000 0.000 0.000 0.000 0.000 0.000 0.000 0.000 0.000 0.000 0.000 0.000 0.000 0.000 0.000 0.000 0.000 0.000 0.000 0.000 0.000 0.000 0.000 0.000 0.000 0.000 0.000 0.000 0.000 0.001 0.001 0.002 0.003
0.000 0.000 0.000 0.000 0.000 0.000 0.000 0.000 0.000 0.000 0.000 0.000 0.000 0.000 0.000 0.000 0.000 0.000 0.000 0.000 0.000 0.000 0.000 0.000 0.000 0.000 0.000 0.000 0.000 0.000 0.000 0.000 0.000 0.000 0.000 0.000 0.000 0.000 0.000 0.000 0.000 0.000 0.000 0.000 0.000 0.000 0.000 0.000 0.000 0.000 0.000 0.000 0.000 0.000 0.000 0.000 0.000 0.000 0.000 0.000 0.000 0.000 0.000 0.000 0.000 0.000 0.000 0.000 0.000 0.000 0.000 0.000 0.000 0.000 0.000 0.001 0.002
0.000 0.000 0.000 0.000 0.000 0.000 0.000 0.000 0.000 0.000 0.000 0.000 0.000 0.000 0.000 0.000 0.000 0.000 0.000 0.000 0.000 0.000 0.000 0.000 0.000 0.000 0.000 0.000 0.000 0.000 0.000 0.000 0.000 0.000 0.000 0.000 0.000 0.000 0.000 0.000 0.000 0.000 0.000 0.000 0.000 0.000 0.000 0.000 0.000 0.000 0.000 0.000 0.000 0.000 0.000 0.000 0.000 0.000 0.000 0.000 0.000 0.000 0.000 0.000 0.000 0.000 0.000 0.000 0.000 0.000 0.000 0.000 0.000 0.000 0.000 0.000 0.001
0.000 0.000 0.000 0.000 0.000 0.000 0.000 0.000 0.000 0.000 0.000 0.000 0.000 0.000 0.000 0.000 0.000 0.000 0.000 0.000 0.000 0.000 0.000 0.000 0.000 0.000 0.000 0.000 0.000 0.000 0.000 0.000 0.000 0.000 0.000 0.000 0.000 0.000 0.000 0.000 0.000 0.000 0.000 0.000 0.000 0.000 0.000 0.000 0.000 0.000 0.000 0.000 0.000 0.000 0.000 0.000 0.000 0.000 0.000 0.000 0.000 0.000 0.000 0.000 0.000 0.000 0.000 0.000 0.000 0.000 0.000 0.000 0.000 0.000 0.000 0.000 0.000
0.000 0.000 0.000 0.000 0.000 0.000 0.000 0.000 0.000 0.000 0.000 0.000 0.000 0.000 0.000 0.000 0.000 0.000 0.000 0.000 0.000 0.000 0.000 0.000 0.000 0.000 0.000 0.000 0.000 0.000 0.000 0.000 0.000 0.000 0.000 0.000 0.000 0.000 0.000 0.000 0.000 0.000 0.000 0.000 0.000 0.000 0.000 0.000 0.000 0.000 0.000 0.000 0.000 0.000 0.000 0.000 0.000 0.000 0.000 0.000 0.000 0.000 0.000 0.000 0.000 0.000 0.000 0.000 0.000 0.000 0.000 0.000 0.000 0.000 0.000 0.000 0.000
0.000 0.000 0.000 0.000 0.000 0.000 0.000 0.000 0.000 0.000 0.000 0.000 0.000 0.000 0.000 0.000 0.000 0.000 0.000 0.000 0.000 0.000 0.000 0.000 0.000 0.000 0.000 0.000 0.000 0.000 0.000 0.000 0.000 0.000 0.000 0.000 0.000 0.000 0.000 0.000 0.000 0.000 0.000 0.000 0.000 0.000 0.000 0.000 0.000 0.000 0.000 0.000 0.000 0.000 0.000 0.000 0.000 0.000 0.000 0.000 0.000 0.000 0.000 0.000 0.000 0.000 0.000 0.000 0.000 0.000 0.000 0.000 0.000 0.000 0.000 0.000 0.000
0.000 0.000 0.000 0.000 0.000 0.000 0.000 0.000 0.000 0.000 0.000 0.000 0.000 0.000 0.000 0.000 0.000 0.000 0.000 0.000 0.000 0.000 0.000 0.000 0.000 0.000 0.000 0.000 0.000 0.000 0.000 0.000 0.000 0.000 0.000 0.000 0.000 0.000 0.000 0.000 0.000 0.000 0.000 0.000 0.000 0.000 0.000 0.000 0.000 0.000 0.000 0.000 0.000 0.000 0.000 0.000 0.000 0.000 0.000 0.000 0.000 0.000 0.000 0.000 0.000 0.000 0.000 0.000 0.000 0.000 0.000 0.000 0.000 0.000 0.000 0.000 0.000
