RESULTS/r.avaflow_results/32_results/32_ascii/32_hflow10039.asc
ncols 506
nrows 317
xllcenter 498237.50
yllcenter 5580050.00
cellsize 12.50
NODATA_value -9999.000
[rows 170 to 203 of 317, columns 77 to 153 of 506]
0.000 0.000 0.000 0.000 0.000 0.000 0.000 0.000 0.000 0.000 0.000 0.000 0.000 0.000 0.000 0.000 0.001 0.001 0.001 0.001 0.001 0.001 0.002 0.007 0.020 0.037 0.044 0.045 0.044 0.042 0.040 0.035 0.029 0.020 0.014 0.010 0.009 0.009 0.009 0.010 0.010 0.010 0.010 0.011 0.019 0.038 0.070 0.112 0.176 0.304 0.549 1.010 1.886 2.944 3.531 3.627 3.577 3.602 3.672 3.690 3.663 3.555 3.346 3.028 2.619 2.142 1.711 1.355 1.064 0.826 0.637 0.489 0.377 0.289 0.222 0.169 0.128
0.000 0.000 0.000 0.000 0.000 0.000 0.000 0.000 0.000 0.000 0.000 0.000 0.000 0.000 0.001 0.002 0.003 0.004 0.005 0.006 0.007 0.008 0.013 0.026 0.049 0.065 0.069 0.068 0.067 0.064 0.060 0.053 0.043 0.030 0.021 0.017 0.015 0.015 0.016 0.017 0.018 0.019 0.022 0.033 0.068 0.148 0.265 0.412 0.641 1.016 1.578 2.417 3.365 3.982 4.155 4.100 4.021 4.008 4.018 3.999 3.929 3.783 3.530 3.168 2.705 2.196 1.755 1.394 1.096 0.855 0.665 0.518 0.402 0.310 0.237 0.181 0.137
0.000 0.000 0.000 0.000 0.000 0.000 0.000 0.000 0.000 0.000 0.000 0.000 0.000 0.001 0.002 0.005 0.008 0.011 0.015 0.018 0.022 0.029 0.045 0.070 0.092 0.101 0.101 0.100 0.098 0.094 0.088 0.078 0.063 0.045 0.032 0.027 0.025 0.025 0.026 0.028 0.032 0.040 0.059 0.117 0.268 0.521 0.822 1.167 1.664 2.381 3.192 3.915 4.362 4.511 4.465 4.374 4.310 4.277 4.248 4.202 4.107 3.927 3.633 3.239 2.745 2.226 1.788 1.428 1.129 0.890 0.698 0.544 0.421 0.324 0.248 0.189 0.143
0.000 0.000 0.000 0.000 0.000 0.000 0.000 0.000 0.000 0.000 0.000 0.000 0.001 0.003 0.006 0.010 0.016 0.023 0.032 0.041 0.053 0.073 0.104 0.132 0.144 0.146 0.145 0.143 0.140 0.134 0.126 0.112 0.091 0.065 0.048 0.040 0.038 0.039 0.041 0.048 0.064 0.101 0.195 0.423 0.832 1.354 1.887 2.470 3.208 3.974 4.573 4.906 4.978 4.881 4.683 4.552 4.488 4.436 4.384 4.317 4.203 4.006 3.696 3.281 2.763 2.246 1.811 1.453 1.157 0.916 0.720 0.560 0.433 0.332 0.254 0.193 0.147
0.000 0.000 0.000 0.000 0.000 0.000 0.000 0.000 0.000 0.000 0.000 0.001 0.003 0.006 0.011 0.019 0.028 0.041 0.057 0.077 0.103 0.140 0.178 0.199 0.204 0.204 0.203 0.200 0.195 0.188 0.176 0.157 0.129 0.094 0.070 0.059 0.056 0.056 0.064 0.085 0.138 0.269 0.585 1.159 1.917 2.687 3.388 4.028 4.624 5.107 5.420 5.509 5.431 5.180 4.843 4.661 4.583 4.518 4.458 4.387 4.268 4.066 3.740 3.299 2.766 2.257 1.828 1.470 1.174 0.932 0.732 0.568 0.439 0.337 0.257 0.195 0.148
0.000 0.000 0.000 0.000 0.000 0.000 0.000 0.000 0.000 0.000 0.000 0.001 0.005 0.010 0.019 0.030 0.046 0.067 0.093 0.128 0.173 0.223 0.259 0.275 0.279 0.279 0.278 0.275 0.269 0.258 0.242 0.218 0.181 0.134 0.099 0.081 0.077 0.079 0.096 0.149 0.280 0.620 1.361 2.440 3.460 4.279 4.855 5.280 5.634 5.877 5.973 5.943 5.776 5.406 4.978 4.714 4.599 4.551 4.508 4.442 4.325 4.110 3.764 3.302 2.765 2.261 1.837 1.478 1.180 0.937 0.734 0.571 0.441 0.339 0.258 0.197 0.149
0.000 0.000 0.000 0.000 0.000 0.000 0.000 0.000 0.000 0.000 0.000 0.002 0.006 0.013 0.024 0.041 0.064 0.098 0.142 0.198 0.262 0.318 0.353 0.369 0.375 0.376 0.375 0.372 0.365 0.351 0.330 0.299 0.252 0.188 0.135 0.108 0.100 0.103 0.129 0.221 0.481 1.168 2.519 4.019 5.023 5.662 6.019 6.231 6.386 6.456 6.430 6.299 6.026 5.585 5.105 4.775 4.612 4.562 4.528 4.469 4.366 4.142 3.773 3.296 2.747 2.257 1.830 1.473 1.175 0.931 0.730 0.568 0.439 0.337 0.258 0.195 0.148
0.000 0.000 0.000 0.000 0.000 0.000 0.000 0.000 0.000 0.000 0.000 0.002 0.006 0.014 0.027 0.046 0.075 0.120 0.186 0.277 0.369 0.433 0.474 0.493 0.501 0.502 0.501 0.498 0.489 0.471 0.445 0.403 0.343 0.262 0.184 0.139 0.125 0.126 0.152 0.259 0.612 1.627 3.554 5.314 6.291 6.745 6.913 6.975 6.986 6.921 6.782 6.556 6.213 5.737 5.234 4.860 4.655 4.595 4.571 4.518 4.395 4.147 3.766 3.276 2.717 2.225 1.799 1.448 1.153 0.910 0.714 0.554 0.428 0.330 0.253 0.192 0.146
0.000 0.000 0.000 0.000 0.000 0.000 0.000 0.000 0.000 0.000 0.000 0.002 0.006 0.014 0.027 0.047 0.079 0.129 0.209 0.331 0.478 0.576 0.630 0.657 0.667 0.668 0.666 0.660 0.647 0.623 0.588 0.536 0.462 0.359 0.249 0.179 0.151 0.148 0.169 0.275 0.660 1.856 4.236 6.286 7.244 7.550 7.583 7.545 7.443 7.253 7.007 6.714 6.353 5.881 5.379 4.987 4.758 4.669 4.617 4.540 4.391 4.119 3.718 3.203 2.642 2.155 1.742 1.401 1.112 0.876 0.685 0.531 0.411 0.318 0.244 0.186 0.141
0.000 0.000 0.000 0.000 0.000 0.000 0.000 0.000 0.000 0.000 0.000 0.002 0.006 0.013 0.026 0.046 0.078 0.130 0.214 0.353 0.562 0.742 0.831 0.868 0.880 0.882 0.878 0.866 0.846 0.815 0.768 0.704 0.614 0.486 0.335 0.230 0.181 0.171 0.186 0.285 0.668 1.909 4.555 6.945 7.924 8.122 8.087 7.954 7.723 7.435 7.124 6.802 6.454 6.033 5.561 5.157 4.903 4.769 4.666 4.537 4.338 4.027 3.595 3.061 2.517 2.050 1.654 1.329 1.054 0.828 0.646 0.501 0.389 0.302 0.233 0.178 0.135
0.000 0.000 0.000 0.000 0.000 0.000 0.000 0.000 0.000 0.000 0.000 0.001 0.004 0.010 0.022 0.041 0.071 0.120 0.202 0.346 0.582 0.884 1.073 1.133 1.147 1.147 1.141 1.124 1.094 1.052 0.994 0.915 0.803 0.645 0.448 0.298 0.219 0.196 0.205 0.293 0.667 1.890 4.578 7.226 8.368 8.521 8.416 8.178 7.848 7.497 7.145 6.832 6.513 6.166 5.766 5.361 5.064 4.869 4.702 4.509 4.243 3.866 3.387 2.842 2.336 1.908 1.540 1.234 0.978 0.769 0.602 0.471 0.368 0.288 0.223 0.171 0.130
0.000 0.000 0.000 0.000 0.000 0.000 0.000 0.000 0.000 0.000 0.000 0.000 0.001 0.005 0.011 0.025 0.047 0.084 0.150 0.277 0.519 0.914 1.285 1.437 1.464 1.466 1.459 1.438 1.399 1.345 1.273 1.172 1.033 0.841 0.601 0.395 0.273 0.229 0.230 0.306 0.651 1.793 4.389 7.187 8.541 8.754 8.582 8.251 7.851 7.495 7.143 6.827 6.536 6.248 5.925 5.556 5.210 4.941 4.706 4.449 4.113 3.665 3.118 2.572 2.105 1.718 1.390 1.115 0.889 0.706 0.560 0.444 0.351 0.277 0.215 0.167 0.128
0.000 0.000 0.000 0.000 0.000 0.000 0.000 0.000 0.000 0.000 0.000 0.000 0.000 0.001 0.003 0.008 0.017 0.031 0.060 0.135 0.339 0.778 1.374 1.712 1.817 1.839 1.833 1.809 1.765 1.700 1.608 1.481 1.310 1.089 0.809 0.545 0.366 0.285 0.274 0.336 0.648 1.665 4.002 6.882 8.470 8.810 8.630 8.260 7.800 7.432 7.093 6.801 6.531 6.275 6.012 5.701 5.339 4.992 4.682 4.363 3.975 3.477 2.894 2.366 1.923 1.557 1.256 1.007 0.806 0.647 0.520 0.419 0.336 0.268 0.211 0.164 0.127
0.000 0.000 0.000 0.000 0.000 0.000 0.000 0.000 0.000 0.000 0.000 0.000 0.000 0.000 0.001 0.002 0.004 0.007 0.014 0.037 0.139 0.514 1.267 1.881 2.134 2.230 2.252 2.233 2.187 2.110 1.997 1.846 1.648 1.398 1.093 0.777 0.531 0.397 0.364 0.406 0.688 1.620 3.626 6.362 8.064 8.612 8.529 8.180 7.698 7.271 6.918 6.674 6.460 6.254 6.042 5.769 5.426 5.043 4.668 4.295 3.850 3.319 2.748 2.243 1.815 1.457 1.165 0.927 0.739 0.593 0.480 0.392 0.321 0.260 0.208 0.164 0.128
0.000 0.000 0.000 0.000 0.000 0.000 0.000 0.000 0.000 0.000 0.000 0.000 0.000 0.000 0.000 0.000 0.001 0.002 0.003 0.008 0.046 0.278 1.011 1.920 2.361 2.557 2.640 2.654 2.628 2.562 2.441 2.269 2.052 1.786 1.469 1.112 0.806 0.613 0.545 0.567 0.822 1.675 3.320 5.633 7.318 8.057 8.160 7.943 7.514 6.993 6.583 6.358 6.239 6.154 6.016 5.771 5.461 5.094 4.683 4.247 3.752 3.213 2.668 2.182 1.762 1.405 1.109 0.870 0.683 0.542 0.437 0.360 0.302 0.252 0.208 0.167 0.131
0.000 0.000 0.000 0.000 0.000 0.000 0.000 0.000 0.000 0.000 0.000 0.000 0.000 0.000 0.000 0.000 0.001 0.001 0.002 0.004 0.017 0.133 0.692 1.740 2.454 2.771 2.940 3.021 3.033 3.003 2.919 2.758 2.536 2.268 1.952 1.584 1.234 0.996 0.896 0.904 1.126 1.836 3.102 4.814 6.335 7.194 7.455 7.391 7.115 6.594 6.076 5.787 5.692 5.715 5.759 5.667 5.449 5.110 4.692 4.224 3.699 3.155 2.631 2.159 1.741 1.379 1.075 0.829 0.638 0.495 0.389 0.316 0.270 0.237 0.205 0.172 0.137
0.000 0.000 0.000 0.000 0.000 0.000 0.000 0.000 0.000 0.000 0.000 0.000 0.000 0.000 0.000 0.000 0.001 0.002 0.003 0.005 0.012 0.062 0.388 1.320 2.351 2.873 3.138 3.305 3.391 3.405 3.366 3.263 3.087 2.847 2.555 2.210 1.858 1.617 1.504 1.496 1.654 2.146 3.035 4.220 5.400 6.178 6.484 6.501 6.376 5.993 5.424 4.958 4.772 4.825 5.067 5.281 5.271 5.057 4.672 4.201 3.668 3.126 2.620 2.156 1.735 1.366 1.054 0.800 0.602 0.452 0.340 0.263 0.218 0.197 0.182 0.162 0.131
0.000 0.000 0.000 0.000 0.000 0.000 0.000 0.000 0.000 0.000 0.000 0.000 0.000 0.000 0.000 0.001 0.002 0.003 0.006 0.010 0.017 0.040 0.191 0.826 1.992 2.843 3.236 3.494 3.670 3.752 3.757 3.706 3.593 3.429 3.219 2.950 2.654 2.463 2.366 2.348 2.415 2.661 3.185 3.969 4.771 5.327 5.560 5.586 5.522 5.283 4.834 4.260 3.896 3.833 4.054 4.509 4.794 4.772 4.516 4.106 3.616 3.105 2.629 2.172 1.737 1.357 1.038 0.778 0.573 0.414 0.295 0.209 0.151 0.122 0.111 0.100 0.077
0.000 0.000 0.000 0.000 0.000 0.000 0.000 0.000 0.000 0.000 0.000 0.000 0.000 0.000 0.001 0.002 0.005 0.009 0.016 0.024 0.032 0.047 0.107 0.436 1.414 2.623 3.246 3.590 3.857 4.020 4.083 4.076 4.020 3.923 3.788 3.580 3.343 3.190 3.124 3.117 3.142 3.249 3.495 3.935 4.421 4.740 4.895 4.928 4.890 4.727 4.377 3.832 3.376 3.168 3.202 3.537 3.996 4.174 4.101 3.845 3.479 3.055 2.638 2.209 1.753 1.351 1.023 0.758 0.545 0.377 0.249 0.154 0.090 0.056 0.039 0.029 0.019
0.000 0.000 0.000 0.000 0.000 0.000 0.000 0.000 0.000 0.000 0.000 0.000 0.000 0.001 0.002 0.006 0.013 0.025 0.040 0.052 0.060 0.068 0.095 0.246 0.872 2.136 3.109 3.599 3.949 4.205 4.338 4.379 4.371 4.323 4.235 4.069 3.849 3.695 3.625 3.601 3.602 3.639 3.745 3.967 4.245 4.399 4.459 4.475 4.438 4.296 4.000 3.533 3.084 2.790 2.682 2.776 3.064 3.296 3.380 3.323 3.137 2.842 2.495 2.110 1.677 1.285 0.963 0.705 0.492 0.316 0.181 0.091 0.043 0.022 0.013 0.008 0.004
0.000 0.000 0.000 0.000 0.000 0.000 0.000 0.000 0.000 0.000 0.000 0.000 0.001 0.002 0.006 0.016 0.034 0.060 0.086 0.103 0.110 0.112 0.121 0.195 0.581 1.586 2.748 3.465 3.935 4.278 4.508 4.615 4.639 4.623 4.555 4.403 4.182 4.028 3.933 3.871 3.829 3.816 3.844 3.942 4.097 4.177 4.189 4.172 4.103 3.946 3.678 3.291 2.877 2.574 2.392 2.323 2.346 2.397 2.419 2.417 2.366 2.204 1.921 1.580 1.249 0.947 0.691 0.484 0.315 0.178 0.086 0.036 0.016 0.008 0.005 0.003 0.002
0.000 0.000 0.000 0.000 0.000 0.000 0.000 0.000 0.000 0.000 0.000 0.000 0.001 0.004 0.015 0.038 0.076 0.122 0.160 0.184 0.191 0.190 0.188 0.230 0.486 1.200 2.253 3.127 3.797 4.276 4.605 4.784 4.827 4.817 4.750 4.597 4.379 4.224 4.117 4.015 3.924 3.870 3.866 3.898 3.962 3.986 3.975 3.921 3.817 3.644 3.396 3.065 2.685 2.389 2.181 2.026 1.897 1.775 1.645 1.503 1.368 1.208 0.983 0.737 0.542 0.388 0.268 0.174 0.103 0.054 0.025 0.011 0.006 0.003 0.002 0.001 0.001
0.000 0.000 0.000 0.000 0.000 0.000 0.000 0.000 0.000 0.000 0.000 0.001 0.003 0.010 0.033 0.078 0.143 0.212 0.269 0.306 0.322 0.324 0.321 0.344 0.531 1.052 1.876 2.737 3.513 4.147 4.593 4.844 4.922 4.900 4.825 4.680 4.474 4.329 4.214 4.090 3.960 3.864 3.828 3.820 3.829 3.817 3.773 3.675 3.535 3.362 3.128 2.828 2.480 2.191 1.962 1.761 1.569 1.370 1.146 0.914 0.713 0.541 0.386 0.256 0.165 0.107 0.068 0.042 0.024 0.013 0.007 0.004 0.002 0.002 0.001 0.001 0.001
0.000 0.000 0.000 0.000 0.000 0.000 0.000 0.000 0.000 0.000 0.000 0.001 0.004 0.016 0.053 0.127 0.229 0.331 0.417 0.479 0.518 0.538 0.548 0.571 0.702 1.085 1.725 2.493 3.248 3.919 4.456 4.795 4.924 4.908 4.833 4.702 4.519 4.374 4.229 4.091 3.945 3.807 3.711 3.673 3.647 3.617 3.545 3.422 3.258 3.080 2.849 2.572 2.246 1.955 1.714 1.491 1.264 1.014 0.748 0.512 0.335 0.213 0.131 0.078 0.046 0.027 0.017 0.010 0.006 0.004 0.002 0.002 0.001 0.001 0.001 0.001 0.000
0.000 0.000 0.000 0.000 0.000 0.000 0.000 0.000 0.000 0.000 0.000 0.001 0.004 0.017 0.060 0.156 0.307 0.472 0.608 0.715 0.789 0.842 0.886 0.935 1.037 1.293 1.770 2.431 3.124 3.731 4.254 4.647 4.839 4.854 4.800 4.693 4.522 4.370 4.241 4.078 3.884 3.691 3.546 3.475 3.428 3.370 3.264 3.133 2.968 2.781 2.556 2.287 1.974 1.657 1.380 1.122 0.859 0.593 0.370 0.219 0.124 0.069 0.039 0.022 0.012 0.007 0.004 0.003 0.002 0.001 0.001 0.001 0.001 0.001 0.000 0.000 0.000
0.000 0.000 0.000 0.000 0.000 0.000 0.000 0.000 0.000 0.000 0.000 0.001 0.004 0.016 0.058 0.163 0.357 0.621 0.847 1.021 1.153 1.254 1.342 1.430 1.537 1.717 2.039 2.534 3.134 3.665 4.092 4.436 4.653 4.699 4.684 4.608 4.490 4.347 4.193 3.994 3.757 3.502 3.303 3.181 3.092 3.015 2.911 2.783 2.635 2.456 2.242 1.970 1.637 1.240 0.872 0.581 0.364 0.209 0.111 0.058 0.032 0.018 0.010 0.005 0.003 0.002 0.001 0.001 0.001 0.001 0.000 0.000 0.000 0.000 0.000 0.000 0.000
0.000 0.000 0.000 0.000 0.000 0.000 0.000 0.000 0.000 0.000 0.000 0.000 0.002 0.012 0.048 0.152 0.382 0.761 1.139 1.410 1.622 1.787 1.923 2.046 2.173 2.319 2.524 2.842 3.274 3.702 4.029 4.262 4.418 4.475 4.473 4.422 4.348 4.235 4.067 3.843 3.570 3.258 2.982 2.783 2.635 2.537 2.456 2.360 2.244 2.091 1.885 1.605 1.220 0.772 0.425 0.216 0.102 0.044 0.020 0.010 0.006 0.004 0.002 0.001 0.001 0.000 0.000 0.000 0.000 0.000 0.000 0.000 0.000 0.000 0.000 0.000 0.000
0.000 0.000 0.000 0.000 0.000 0.000 0.000 0.000 0.000 0.000 0.000 0.000 0.001 0.007 0.033 0.133 0.397 0.879 1.468 1.904 2.221 2.456 2.637 2.787 2.916 3.033 3.163 3.341 3.591 3.839 4.019 4.143 4.211 4.243 4.226 4.173 4.103 4.001 3.836 3.615 3.329 2.972 2.601 2.306 2.091 1.953 1.859 1.777 1.673 1.521 1.304 1.018 0.662 0.346 0.157 0.063 0.023 0.008 0.003 0.002 0.001 0.001 0.000 0.000 0.000 0.000 0.000 0.000 0.000 0.000 0.000 0.000 0.000 0.000 0.000 0.000 0.000
0.000 0.000 0.000 0.000 0.000 0.000 0.000 0.000 0.000 0.000 0.000 0.000 0.001 0.004 0.024 0.119 0.416 0.976 1.724 2.406 2.925 3.266 3.489 3.652 3.773 3.857 3.927 3.994 4.062 4.088 4.089 4.083 4.046 4.004 3.943 3.866 3.780 3.672 3.512 3.303 3.025 2.669 2.254 1.886 1.598 1.391 1.228 1.079 0.927 0.759 0.576 0.388 0.214 0.097 0.038 0.014 0.005 0.002 0.001 0.001 0.000 0.000 0.000 0.000 0.000 0.000 0.000 0.000 0.000 0.000 0.000 0.000 0.000 0.000 0.000 0.000 0.000
0.000 0.000 0.000 0.000 0.000 0.000 0.000 0.000 0.000 0.000 0.000 0.000 0.001 0.003 0.019 0.112 0.434 1.050 1.861 2.741 3.520 4.057 4.383 4.574 4.680 4.723 4.727 4.678 4.575 4.405 4.203 4.033 3.882 3.731 3.603 3.500 3.395 3.276 3.123 2.925 2.666 2.340 1.944 1.548 1.213 0.957 0.752 0.576 0.421 0.287 0.178 0.096 0.044 0.018 0.007 0.002 0.001 0.000 0.000 0.000 0.000 0.000 0.000 0.000 0.000 0.000 0.000 0.000 0.000 0.000 0.000 0.000 0.000 0.000 0.000 0.000 0.000
0.000 0.000 0.000 0.000 0.000 0.000 0.000 0.000 0.000 0.000 0.000 0.000 0.001 0.002 0.018 0.112 0.450 1.089 1.914 2.884 3.917 4.692 5.165 5.401 5.479 5.471 5.406 5.234 4.963 4.624 4.291 3.986 3.693 3.418 3.207 3.069 2.961 2.848 2.705 2.520 2.289 2.005 1.654 1.265 0.917 0.644 0.439 0.285 0.173 0.098 0.049 0.022 0.009 0.003 0.001 0.001 0.000 0.000 0.000 0.000 0.000 0.000 0.000 0.000 0.000 0.000 0.000 0.000 0.000 0.000 0.000 0.000 0.000 0.000 0.000 0.000 0.000
0.000 0.000 0.000 0.000 0.000 0.000 0.000 0.000 0.000 0.000 0.000 0.000 0.001 0.003 0.018 0.113 0.455 1.095 1.921 2.907 4.112 5.155 5.803 6.098 6.161 6.114 5.956 5.652 5.225 4.765 4.345 3.935 3.505 3.083 2.744 2.521 2.395 2.298 2.183 2.035 1.854 1.638 1.353 1.000 0.666 0.417 0.249 0.140 0.072 0.035 0.015 0.006 0.002 0.001 0.000 0.000 0.000 0.000 0.000 0.000 0.000 0.000 0.000 0.000 0.000 0.000 0.000 0.000 0.000 0.000 0.000 0.000 0.000 0.000 0.000 0.000 0.000
0.000 0.000 0.000 0.000 0.000 0.000 0.000 0.000 0.000 0.001 0.001 0.002 0.003 0.005 0.019 0.105 0.425 1.046 1.868 2.853 4.102 5.355 6.190 6.565 6.632 6.552 6.276 5.844 5.325 4.810 4.329 3.838 3.297 2.718 2.208 1.830 1.605 1.467 1.350 1.239 1.141 1.047 0.908 0.677 0.420 0.240 0.129 0.065 0.030 0.013 0.005 0.002 0.001 0.000 0.000 0.000 0.000 0.000 0.000 0.000 0.000 0.000 0.000 0.000 0.000 0.000 0.000 0.000 0.000 0.000 0.000 0.000 0.000 0.000 0.000 0.000 0.000
0.000 0.001 0.001 0.001 0.001 0.001 0.001 0.001 0.002 0.002 0.003 0.004 0.006 0.007 0.013 0.066 0.307 0.849 1.653 2.648 3.925 5.341 6.315 6.772 6.851 6.740 6.389 5.912 5.362 4.811 4.249 3.648 2.994 2.284 1.649 1.169 0.862 0.675 0.549 0.463 0.420 0.404 0.384 0.315 0.201 0.111 0.055 0.026 0.011 0.004 0.002 0.001 0.000 0.000 0.000 0.000 0.000 0.000 0.000 0.000 0.000 0.000 0.000 0.000 0.000 0.000 0.000 0.000 0.000 0.000 0.000 0.000 0.000 0.000 0.000 0.000 0.000
