RESULTS/r.avaflow_results/32_results/32_ascii/32_hflow_max0056.asc
ncols 506
nrows 317
xllcenter 498237.50
yllcenter 5580050.00
cellsize 12.50
NODATA_value -9999.000
[rows 170 to 203 of 317, columns 154 to 230 of 506]
13.513 13.396 13.291 13.161 12.961 12.687 12.350 12.001 11.681 11.388 11.094 10.801 10.521 10.253 9.860 9.150 8.166 7.058 5.994 5.149 4.397 3.635 2.898 2.338 1.937 1.649 1.448 1.321 1.290 1.318 1.399 1.516 1.640 1.742 1.822 1.881 1.927 1.958 1.971 1.964 1.918 1.833 1.737 1.663 1.602 1.535 1.437 1.296 1.116 0.910 0.700 0.514 0.372 0.280 0.222 0.182 0.153 0.132 0.117 0.105 0.095 0.085 0.074 0.066 0.065 0.066 0.070 0.094 0.172 0.358 0.625 0.813 0.925 0.978 0.968 0.888 0.738
17.129 17.246 17.240 17.101 16.802 16.372 15.896 15.433 14.997 14.592 14.200 13.810 13.540 13.288 12.841 12.116 11.152 10.065 8.902 7.674 6.446 5.253 4.163 3.297 2.661 2.168 1.794 1.548 1.427 1.410 1.447 1.536 1.664 1.771 1.830 1.872 1.903 1.919 1.908 1.857 1.747 1.590 1.434 1.312 1.210 1.099 0.953 0.753 0.532 0.361 0.252 0.183 0.137 0.108 0.090 0.079 0.072 0.068 0.066 0.064 0.061 0.056 0.049 0.045 0.045 0.045 0.050 0.070 0.129 0.271 0.522 0.725 0.829 0.885 0.895 0.855 0.760
20.478 20.824 20.845 20.622 20.178 19.606 19.027 18.502 18.007 17.528 17.070 16.759 16.551 16.307 15.883 15.158 14.155 13.023 11.830 10.521 9.059 7.523 6.051 4.798 3.806 3.009 2.381 1.944 1.687 1.558 1.495 1.483 1.563 1.679 1.754 1.779 1.768 1.716 1.614 1.447 1.200 0.954 0.760 0.617 0.526 0.446 0.354 0.252 0.169 0.117 0.086 0.067 0.054 0.045 0.040 0.039 0.040 0.041 0.042 0.042 0.041 0.038 0.035 0.034 0.033 0.033 0.037 0.051 0.092 0.192 0.403 0.646 0.781 0.842 0.859 0.842 0.775
22.875 23.449 23.568 23.396 22.975 22.429 21.892 21.413 20.936 20.437 20.077 19.804 19.579 19.328 18.903 18.169 17.123 15.908 14.627 13.285 11.834 10.218 8.479 6.816 5.401 4.237 3.309 2.612 2.119 1.785 1.585 1.477 1.435 1.494 1.542 1.530 1.442 1.274 1.044 0.771 0.525 0.361 0.264 0.205 0.172 0.142 0.109 0.078 0.056 0.042 0.034 0.028 0.025 0.022 0.022 0.023 0.025 0.027 0.029 0.030 0.030 0.029 0.028 0.027 0.027 0.027 0.029 0.037 0.062 0.125 0.273 0.531 0.739 0.826 0.848 0.843 0.792
23.810 24.583 24.957 25.042 24.914 24.679 24.405 24.114 23.747 23.360 22.960 22.621 22.345 22.048 21.608 20.907 19.915 18.701 17.345 15.891 14.341 12.641 10.731 8.730 6.956 5.459 4.250 3.313 2.612 2.100 1.732 1.476 1.348 1.328 1.312 1.205 0.971 0.699 0.472 0.306 0.195 0.129 0.092 0.073 0.061 0.050 0.039 0.030 0.024 0.020 0.017 0.015 0.014 0.014 0.014 0.015 0.017 0.020 0.022 0.023 0.023 0.023 0.022 0.022 0.022 0.023 0.024 0.027 0.042 0.079 0.168 0.374 0.655 0.799 0.838 0.842 0.806
23.742 24.653 25.241 25.571 25.788 25.931 25.961 25.882 25.749 25.501 25.035 24.567 24.253 23.953 23.534 22.923 22.098 21.017 19.654 18.056 16.310 14.551 12.654 10.497 8.291 6.421 4.936 3.807 2.959 2.326 1.861 1.528 1.338 1.224 1.063 0.764 0.467 0.283 0.180 0.115 0.076 0.052 0.039 0.032 0.027 0.023 0.018 0.015 0.013 0.012 0.010 0.009 0.009 0.009 0.010 0.011 0.012 0.015 0.016 0.017 0.018 0.018 0.018 0.018 0.019 0.020 0.021 0.023 0.030 0.053 0.107 0.241 0.520 0.742 0.811 0.830 0.807
22.947 24.061 24.925 25.502 25.938 26.261 26.404 26.485 26.505 26.346 25.876 25.289 24.964 24.743 24.384 23.839 23.181 22.328 21.166 19.657 17.893 15.977 13.873 11.477 8.957 6.841 5.201 3.983 3.082 2.411 1.918 1.565 1.308 1.044 0.669 0.335 0.177 0.108 0.070 0.049 0.036 0.026 0.021 0.017 0.015 0.013 0.011 0.009 0.008 0.007 0.007 0.006 0.006 0.006 0.007 0.007 0.009 0.010 0.012 0.013 0.014 0.014 0.015 0.016 0.016 0.017 0.019 0.020 0.024 0.038 0.074 0.163 0.378 0.645 0.757 0.794 0.788
21.636 22.948 24.105 25.016 25.693 26.089 26.324 26.402 26.484 26.456 26.154 25.494 25.058 24.869 24.630 24.179 23.581 22.834 21.773 20.287 18.437 16.390 14.169 11.661 9.033 6.843 5.169 3.943 3.042 2.370 1.856 1.442 1.045 0.626 0.280 0.123 0.067 0.043 0.030 0.025 0.019 0.015 0.013 0.011 0.009 0.008 0.007 0.006 0.005 0.005 0.004 0.004 0.004 0.004 0.004 0.005 0.006 0.007 0.008 0.010 0.010 0.011 0.012 0.013 0.014 0.015 0.017 0.018 0.021 0.030 0.055 0.117 0.265 0.516 0.671 0.738 0.753
20.250 21.702 22.987 24.111 25.007 25.599 25.845 25.874 25.864 25.824 25.536 24.903 24.426 24.215 23.966 23.502 22.911 22.228 21.267 19.862 18.039 15.957 13.678 11.137 8.561 6.429 4.788 3.569 2.667 1.981 1.426 0.935 0.505 0.222 0.093 0.046 0.028 0.020 0.016 0.014 0.012 0.010 0.008 0.007 0.006 0.005 0.004 0.004 0.003 0.003 0.002 0.002 0.002 0.002 0.002 0.003 0.004 0.005 0.006 0.007 0.008 0.009 0.010 0.011 0.012 0.013 0.015 0.016 0.019 0.025 0.044 0.088 0.190 0.386 0.567 0.662 0.701
18.757 20.274 21.657 22.828 23.750 24.345 24.594 24.611 24.458 24.173 23.866 23.486 23.053 22.566 22.032 21.473 20.893 20.293 19.476 18.198 16.439 14.361 12.086 9.649 7.342 5.434 3.881 2.627 1.688 1.037 0.604 0.322 0.153 0.068 0.034 0.021 0.015 0.011 0.010 0.009 0.008 0.006 0.005 0.005 0.004 0.003 0.003 0.002 0.002 0.001 0.001 0.001 0.001 0.001 0.001 0.001 0.002 0.003 0.004 0.004 0.005 0.006 0.008 0.009 0.010 0.011 0.013 0.015 0.017 0.022 0.036 0.069 0.142 0.284 0.458 0.570 0.632
17.077 18.588 19.907 21.016 21.916 22.550 22.931 23.050 22.843 22.303 22.073 22.033 21.724 20.916 20.070 19.430 18.809 18.096 17.130 15.737 13.886 11.716 9.427 7.283 5.449 3.857 2.419 1.292 0.618 0.296 0.155 0.085 0.046 0.026 0.016 0.011 0.009 0.007 0.007 0.006 0.005 0.004 0.003 0.003 0.002 0.002 0.001 0.001 0.001 0.000 0.000 0.000 0.000 0.000 0.000 0.001 0.001 0.001 0.002 0.003 0.004 0.005 0.006 0.007 0.008 0.010 0.011 0.013 0.016 0.019 0.031 0.057 0.111 0.214 0.361 0.471 0.551
15.047 16.392 17.663 18.862 19.966 20.915 21.620 21.907 21.760 21.240 21.032 20.998 20.611 19.585 18.676 18.015 17.309 16.344 14.971 13.152 10.933 8.336 5.922 4.246 3.020 1.941 1.014 0.424 0.161 0.073 0.043 0.028 0.019 0.013 0.009 0.007 0.006 0.005 0.004 0.004 0.003 0.002 0.002 0.001 0.001 0.001 0.000 0.000 0.000 0.000 0.000 0.000 0.000 0.000 0.000 0.000 0.000 0.001 0.001 0.001 0.002 0.003 0.004 0.005 0.006 0.008 0.010 0.012 0.015 0.018 0.027 0.048 0.090 0.168 0.285 0.391 0.472
12.700 13.888 15.218 16.673 18.096 19.381 20.370 20.836 20.782 20.387 20.088 19.795 19.148 18.041 17.161 16.450 15.623 14.394 12.596 10.255 7.362 4.461 2.516 1.569 1.020 0.589 0.263 0.098 0.042 0.025 0.018 0.014 0.010 0.008 0.006 0.005 0.004 0.003 0.003 0.002 0.001 0.001 0.001 0.000 0.000 0.000 0.000 0.000 0.000 0.000 0.000 0.000 0.000 0.000 0.000 0.000 0.000 0.000 0.000 0.001 0.001 0.002 0.003 0.004 0.005 0.007 0.009 0.011 0.014 0.018 0.025 0.041 0.075 0.137 0.229 0.328 0.412
10.559 11.707 13.018 14.536 16.067 17.474 18.599 19.179 19.241 18.897 18.239 17.408 16.434 15.450 14.665 13.855 12.798 11.222 8.837 5.895 3.195 1.428 0.592 0.310 0.185 0.103 0.051 0.026 0.017 0.013 0.010 0.008 0.006 0.005 0.004 0.003 0.002 0.002 0.001 0.001 0.001 0.000 0.000 0.000 0.000 0.000 0.000 0.000 0.000 0.000 0.000 0.000 0.000 0.000 0.000 0.000 0.000 0.000 0.000 0.000 0.000 0.001 0.002 0.003 0.004 0.006 0.008 0.010 0.013 0.017 0.024 0.038 0.066 0.115 0.189 0.276 0.356
8.776 9.899 11.082 12.280 13.437 14.531 15.489 16.068 16.194 15.900 15.074 13.894 12.712 11.740 10.819 9.721 8.190 6.091 3.733 1.777 0.681 0.221 0.083 0.053 0.037 0.025 0.017 0.012 0.010 0.008 0.006 0.005 0.004 0.003 0.002 0.002 0.001 0.001 0.000 0.000 0.000 0.000 0.000 0.000 0.000 0.000 0.000 0.000 0.000 0.000 0.000 0.000 0.000 0.000 0.000 0.000 0.000 0.000 0.000 0.000 0.000 0.000 0.001 0.002 0.003 0.005 0.007 0.010 0.013 0.017 0.023 0.036 0.059 0.099 0.158 0.230 0.303
7.499 8.416 9.084 9.531 9.873 10.268 10.848 11.387 11.600 11.480 10.817 9.631 8.124 6.663 5.403 4.273 3.072 1.761 0.764 0.254 0.081 0.036 0.023 0.019 0.015 0.012 0.010 0.008 0.006 0.005 0.004 0.003 0.002 0.002 0.001 0.001 0.000 0.000 0.000 0.000 0.000 0.000 0.000 0.000 0.000 0.000 0.000 0.000 0.000 0.000 0.000 0.000 0.000 0.000 0.000 0.000 0.000 0.000 0.000 0.000 0.000 0.000 0.000 0.001 0.002 0.004 0.006 0.009 0.012 0.016 0.022 0.033 0.052 0.084 0.132 0.191 0.256
5.583 5.860 5.826 5.548 5.230 5.122 5.278 5.560 5.707 5.686 5.355 4.574 3.403 2.261 1.502 0.991 0.575 0.253 0.092 0.036 0.020 0.015 0.013 0.011 0.009 0.008 0.006 0.005 0.004 0.003 0.002 0.002 0.001 0.001 0.000 0.000 0.000 0.000 0.000 0.000 0.000 0.000 0.000 0.000 0.000 0.000 0.000 0.000 0.000 0.000 0.000 0.000 0.000 0.000 0.000 0.000 0.000 0.000 0.000 0.000 0.000 0.000 0.000 0.001 0.002 0.003 0.005 0.008 0.011 0.015 0.021 0.030 0.045 0.069 0.108 0.160 0.217
2.618 2.512 2.358 2.140 1.874 1.706 1.658 1.687 1.698 1.668 1.535 1.233 0.773 0.401 0.223 0.136 0.078 0.040 0.021 0.015 0.011 0.010 0.008 0.007 0.006 0.005 0.004 0.003 0.002 0.002 0.001 0.001 0.000 0.000 0.000 0.000 0.000 0.000 0.000 0.000 0.000 0.000 0.000 0.000 0.000 0.000 0.000 0.000 0.000 0.000 0.000 0.000 0.000 0.000 0.000 0.000 0.000 0.000 0.000 0.000 0.000 0.000 0.000 0.000 0.001 0.002 0.004 0.007 0.010 0.014 0.019 0.026 0.038 0.056 0.089 0.136 0.190
0.789 0.724 0.651 0.575 0.475 0.389 0.344 0.318 0.299 0.279 0.247 0.193 0.113 0.063 0.041 0.029 0.021 0.015 0.011 0.009 0.008 0.007 0.006 0.005 0.004 0.003 0.002 0.002 0.001 0.001 0.000 0.000 0.000 0.000 0.000 0.000 0.000 0.000 0.000 0.000 0.000 0.000 0.000 0.000 0.000 0.000 0.000 0.000 0.000 0.000 0.000 0.000 0.000 0.000 0.000 0.000 0.000 0.000 0.000 0.000 0.000 0.000 0.000 0.000 0.000 0.002 0.003 0.005 0.008 0.012 0.016 0.022 0.032 0.049 0.078 0.121 0.175
0.186 0.176 0.160 0.142 0.120 0.094 0.079 0.069 0.062 0.056 0.049 0.040 0.028 0.021 0.016 0.014 0.011 0.009 0.007 0.006 0.005 0.004 0.003 0.003 0.002 0.002 0.001 0.001 0.000 0.000 0.000 0.000 0.000 0.000 0.000 0.000 0.000 0.000 0.000 0.000 0.000 0.000 0.000 0.000 0.000 0.000 0.000 0.000 0.000 0.000 0.000 0.000 0.000 0.000 0.000 0.000 0.000 0.000 0.000 0.000 0.000 0.000 0.000 0.000 0.000 0.001 0.002 0.004 0.006 0.010 0.014 0.019 0.027 0.042 0.070 0.116 0.180
0.052 0.050 0.047 0.043 0.038 0.032 0.027 0.024 0.022 0.020 0.019 0.016 0.014 0.012 0.010 0.008 0.007 0.006 0.005 0.004 0.003 0.003 0.002 0.001 0.001 0.001 0.000 0.000 0.000 0.000 0.000 0.000 0.000 0.000 0.000 0.000 0.000 0.000 0.000 0.000 0.000 0.000 0.000 0.000 0.000 0.000 0.000 0.000 0.000 0.000 0.000 0.000 0.000 0.000 0.000 0.000 0.000 0.000 0.000 0.000 0.000 0.000 0.000 0.000 0.000 0.000 0.001 0.003 0.005 0.007 0.010 0.014 0.020 0.030 0.050 0.091 0.156
0.022 0.021 0.020 0.019 0.017 0.015 0.014 0.013 0.012 0.011 0.010 0.010 0.009 0.007 0.007 0.006 0.005 0.004 0.003 0.002 0.002 0.001 0.001 0.001 0.000 0.000 0.000 0.000 0.000 0.000 0.000 0.000 0.000 0.000 0.000 0.000 0.000 0.000 0.000 0.000 0.000 0.000 0.000 0.000 0.000 0.000 0.000 0.000 0.000 0.000 0.000 0.000 0.000 0.000 0.000 0.000 0.000 0.000 0.000 0.000 0.000 0.000 0.000 0.000 0.000 0.000 0.001 0.002 0.003 0.005 0.007 0.010 0.014 0.019 0.029 0.051 0.098
0.012 0.011 0.011 0.010 0.010 0.009 0.008 0.008 0.007 0.007 0.006 0.006 0.005 0.005 0.004 0.003 0.003 0.002 0.001 0.001 0.001 0.000 0.000 0.000 0.000 0.000 0.000 0.000 0.000 0.000 0.000 0.000 0.000 0.000 0.000 0.000 0.000 0.000 0.000 0.000 0.000 0.000 0.000 0.000 0.000 0.000 0.000 0.000 0.000 0.000 0.000 0.000 0.000 0.000 0.000 0.000 0.000 0.000 0.000 0.000 0.000 0.000 0.000 0.000 0.000 0.000 0.000 0.001 0.002 0.003 0.005 0.007 0.010 0.013 0.018 0.027 0.049
0.007 0.006 0.006 0.006 0.005 0.005 0.004 0.004 0.004 0.004 0.004 0.003 0.003 0.003 0.002 0.002 0.001 0.001 0.001 0.000 0.000 0.000 0.000 0.000 0.000 0.000 0.000 0.000 0.000 0.000 0.000 0.000 0.000 0.000 0.000 0.000 0.000 0.000 0.000 0.000 0.000 0.000 0.000 0.000 0.000 0.000 0.000 0.000 0.000 0.000 0.000 0.000 0.000 0.000 0.000 0.000 0.000 0.000 0.000 0.000 0.000 0.000 0.000 0.000 0.000 0.000 0.000 0.000 0.001 0.002 0.003 0.005 0.007 0.009 0.011 0.016 0.023
0.004 0.003 0.003 0.003 0.003 0.002 0.002 0.002 0.002 0.002 0.002 0.002 0.002 0.001 0.001 0.001 0.000 0.000 0.000 0.000 0.000 0.000 0.000 0.000 0.000 0.000 0.000 0.000 0.000 0.000 0.000 0.000 0.000 0.000 0.000 0.000 0.000 0.000 0.000 0.000 0.000 0.000 0.000 0.000 0.000 0.000 0.000 0.000 0.000 0.000 0.000 0.000 0.000 0.000 0.000 0.000 0.000 0.000 0.000 0.000 0.000 0.000 0.000 0.000 0.000 0.000 0.000 0.000 0.000 0.001 0.002 0.003 0.004 0.006 0.008 0.010 0.013
0.002 0.002 0.002 0.001 0.001 0.001 0.001 0.001 0.001 0.001 0.001 0.001 0.000 0.000 0.000 0.000 0.000 0.000 0.000 0.000 0.000 0.000 0.000 0.000 0.000 0.000 0.000 0.000 0.000 0.000 0.000 0.000 0.000 0.000 0.000 0.000 0.000 0.000 0.000 0.000 0.000 0.000 0.000 0.000 0.000 0.000 0.000 0.000 0.000 0.000 0.000 0.000 0.000 0.000 0.000 0.000 0.000 0.000 0.000 0.000 0.000 0.000 0.000 0.000 0.000 0.000 0.000 0.000 0.000 0.000 0.001 0.002 0.002 0.004 0.005 0.007 0.009
0.001 0.001 0.000 0.000 0.000 0.000 0.000 0.000 0.000 0.000 0.000 0.000 0.000 0.000 0.000 0.000 0.000 0.000 0.000 0.000 0.000 0.000 0.000 0.000 0.000 0.000 0.000 0.000 0.000 0.000 0.000 0.000 0.000 0.000 0.000 0.000 0.000 0.000 0.000 0.000 0.000 0.000 0.000 0.000 0.000 0.000 0.000 0.000 0.000 0.000 0.000 0.000 0.000 0.000 0.000 0.000 0.000 0.000 0.000 0.000 0.000 0.000 0.000 0.000 0.000 0.000 0.000 0.000 0.000 0.000 0.000 0.001 0.001 0.002 0.003 0.004 0.006
0.000 0.000 0.000 0.000 0.000 0.000 0.000 0.000 0.000 0.000 0.000 0.000 0.000 0.000 0.000 0.000 0.000 0.000 0.000 0.000 0.000 0.000 0.000 0.000 0.000 0.000 0.000 0.000 0.000 0.000 0.000 0.000 0.000 0.000 0.000 0.000 0.000 0.000 0.000 0.000 0.000 0.000 0.000 0.000 0.000 0.000 0.000 0.000 0.000 0.000 0.000 0.000 0.000 0.000 0.000 0.000 0.000 0.000 0.000 0.000 0.000 0.000 0.000 0.000 0.000 0.000 0.000 0.000 0.000 0.000 0.000 0.000 0.000 0.001 0.002 0.002 0.003
0.000 0.000 0.000 0.000 0.000 0.000 0.000 0.000 0.000 0.000 0.000 0.000 0.000 0.000 0.000 0.000 0.000 0.000 0.000 0.000 0.000 0.000 0.000 0.000 0.000 0.000 0.000 0.000 0.000 0.000 0.000 0.000 0.000 0.000 0.000 0.000 0.000 0.000 0.000 0.000 0.000 0.000 0.000 0.000 0.000 0.000 0.000 0.000 0.000 0.000 0.000 0.000 0.000 0.000 0.000 0.000 0.000 0.000 0.000 0.000 0.000 0.000 0.000 0.000 0.000 0.000 0.000 0.000 0.000 0.000 0.000 0.000 0.000 0.000 0.001 0.001 0.002
0.000 0.000 0.000 0.000 0.000 0.000 0.000 0.000 0.000 0.000 0.000 0.000 0.000 0.000 0.000 0.000 0.000 0.000 0.000 0.000 0.000 0.000 0.000 0.000 0.000 0.000 0.000 0.000 0.000 0.000 0.000 0.000 0.000 0.000 0.000 0.000 0.000 0.000 0.000 0.000 0.000 0.000 0.000 0.000 0.000 0.000 0.000 0.000 0.000 0.000 0.000 0.000 0.000 0.000 0.000 0.000 0.000 0.000 0.000 0.000 0.000 0.000 0.000 0.000 0.000 0.000 0.000 0.000 0.000 0.000 0.000 0.000 0.000 0.000 0.000 0.000 0.001
0.000 0.000 0.000 0.000 0.000 0.000 0.000 0.000 0.000 0.000 0.000 0.000 0.000 0.000 0.000 0.000 0.000 0.000 0.000 0.000 0.000 0.000 0.000 0.000 0.000 0.000 0.000 0.000 0.000 0.000 0.000 0.000 0.000 0.000 0.000 0.000 0.000 0.000 0.000 0.000 0.000 0.000 0.000 0.000 0.000 0.000 0.000 0.000 0.000 0.000 0.000 0.000 0.000 0.000 0.000 0.000 0.000 0.000 0.000 0.000 0.000 0.000 0.000 0.000 0.000 0.000 0.000 0.000 0.000 0.000 0.000 0.000 0.000 0.000 0.000 0.000 0.000
0.000 0.000 0.000 0.000 0.000 0.000 0.000 0.000 0.000 0.000 0.000 0.000 0.000 0.000 0.000 0.000 0.000 0.000 0.000 0.000 0.000 0.000 0.000 0.000 0.000 0.000 0.000 0.000 0.000 0.000 0.000 0.000 0.000 0.000 0.000 0.000 0.000 0.000 0.000 0.000 0.000 0.000 0.000 0.000 0.000 0.000 0.000 0.000 0.000 0.000 0.000 0.000 0.000 0.000 0.000 0.000 0.000 0.000 0.000 0.000 0.000 0.000 0.000 0.000 0.000 0.000 0.000 0.000 0.000 0.000 0.000 0.000 0.000 0.000 0.000 0.000 0.000
0.000 0.000 0.000 0.000 0.000 0.000 0.000 0.000 0.000 0.000 0.000 0.000 0.000 0.000 0.000 0.000 0.000 0.000 0.000 0.000 0.000 0.000 0.000 0.000 0.000 0.000 0.000 0.000 0.000 0.000 0.000 0.000 0.000 0.000 0.000 0.000 0.000 0.000 0.000 0.000 0.000 0.000 0.000 0.000 0.000 0.000 0.000 0.000 0.000 0.000 0.000 0.000 0.000 0.000 0.000 0.000 0.000 0.000 0.000 0.000 0.000 0.000 0.000 0.000 0.000 0.000 0.000 0.000 0.000 0.000 0.000 0.000 0.000 0.000 0.000 0.000 0.000
0.000 0.000 0.000 0.000 0.000 0.000 0.000 0.000 0.000 0.000 0.000 0.000 0.000 0.000 0.000 0.000 0.000 0.000 0.000 0.000 0.000 0.000 0.000 0.000 0.000 0.000 0.000 0.000 0.000 0.000 0.000 0.000 0.000 0.000 0.000 0.000 0.000 0.000 0.000 0.000 0.000 0.000 0.000 0.000 0.000 0.000 0.000 0.000 0.000 0.000 0.000 0.000 0.000 0.000 0.000 0.000 0.000 0.000 0.000 0.000 0.000 0.000 0.000 0.000 0.000 0.000 0.000 0.000 0.000 0.000 0.000 0.000 0.000 0.000 0.000 0.000 0.000
