RESULTS/r.avaflow_results/32_results/32_ascii/32_hflow10049.asc
ncols 506
nrows 317
xllcenter 498237.50
yllcenter 5580050.00
cellsize 12.50
NODATA_value -9999.000
[rows 170 to 203 of 317, columns 77 to 153 of 506]
0.000 0.000 0.000 0.000 0.000 0.000 0.000 0.000 0.000 0.000 0.000 0.000 0.000 0.000 0.000 0.001 0.002 0.002 0.002 0.002 0.002 0.002 0.003 0.009 0.027 0.049 0.058 0.059 0.058 0.055 0.050 0.044 0.034 0.024 0.016 0.011 0.008 0.007 0.006 0.005 0.004 0.004 0.004 0.006 0.013 0.033 0.068 0.115 0.188 0.330 0.600 1.096 2.026 3.134 3.755 3.866 3.821 3.848 3.915 3.943 3.919 3.824 3.617 3.324 2.917 2.437 1.969 1.586 1.264 0.998 0.783 0.612 0.480 0.378 0.298 0.234 0.183
0.000 0.000 0.000 0.000 0.000 0.000 0.000 0.000 0.000 0.000 0.000 0.000 0.000 0.001 0.003 0.005 0.007 0.009 0.010 0.010 0.011 0.012 0.018 0.035 0.064 0.085 0.090 0.089 0.087 0.082 0.075 0.065 0.050 0.035 0.024 0.017 0.013 0.011 0.010 0.009 0.008 0.008 0.011 0.021 0.058 0.144 0.272 0.433 0.680 1.081 1.680 2.555 3.521 4.157 4.350 4.313 4.230 4.213 4.220 4.209 4.160 4.034 3.787 3.444 2.993 2.473 2.004 1.613 1.287 1.021 0.808 0.641 0.509 0.404 0.318 0.250 0.195
0.000 0.000 0.000 0.000 0.000 0.000 0.000 0.000 0.000 0.000 0.000 0.001 0.002 0.004 0.007 0.012 0.017 0.022 0.027 0.031 0.034 0.042 0.061 0.093 0.121 0.131 0.132 0.130 0.125 0.118 0.108 0.093 0.072 0.050 0.034 0.026 0.021 0.019 0.017 0.016 0.017 0.021 0.037 0.096 0.255 0.524 0.844 1.209 1.731 2.477 3.302 4.032 4.490 4.657 4.632 4.560 4.488 4.434 4.404 4.370 4.291 4.133 3.871 3.495 3.017 2.488 2.028 1.639 1.316 1.054 0.844 0.673 0.534 0.421 0.331 0.260 0.203
0.000 0.000 0.000 0.000 0.000 0.000 0.000 0.000 0.000 0.000 0.000 0.002 0.005 0.009 0.015 0.022 0.031 0.043 0.054 0.067 0.080 0.102 0.140 0.173 0.187 0.189 0.186 0.182 0.175 0.166 0.151 0.130 0.101 0.070 0.049 0.037 0.031 0.029 0.028 0.029 0.037 0.064 0.152 0.386 0.814 1.359 1.913 2.518 3.276 4.050 4.647 4.987 5.074 4.996 4.830 4.709 4.631 4.557 4.509 4.459 4.366 4.197 3.916 3.520 3.025 2.497 2.044 1.662 1.348 1.085 0.872 0.694 0.550 0.432 0.339 0.265 0.207
0.000 0.000 0.000 0.000 0.000 0.000 0.000 0.000 0.000 0.000 0.001 0.004 0.009 0.016 0.025 0.037 0.053 0.072 0.094 0.120 0.151 0.193 0.236 0.258 0.262 0.261 0.257 0.251 0.241 0.227 0.207 0.179 0.140 0.097 0.068 0.051 0.044 0.042 0.044 0.054 0.089 0.202 0.512 1.101 1.884 2.671 3.393 4.052 4.663 5.152 5.468 5.567 5.507 5.284 4.961 4.776 4.688 4.617 4.567 4.512 4.412 4.231 3.939 3.528 3.021 2.501 2.056 1.679 1.367 1.103 0.886 0.703 0.557 0.438 0.343 0.269 0.210
0.000 0.000 0.000 0.000 0.000 0.000 0.000 0.000 0.000 0.000 0.002 0.005 0.012 0.022 0.036 0.056 0.081 0.112 0.149 0.194 0.246 0.299 0.336 0.350 0.352 0.351 0.346 0.338 0.325 0.306 0.279 0.242 0.193 0.135 0.092 0.069 0.060 0.059 0.067 0.100 0.202 0.517 1.255 2.353 3.393 4.214 4.819 5.274 5.655 5.905 6.011 6.006 5.864 5.505 5.067 4.799 4.687 4.642 4.602 4.550 4.452 4.262 3.949 3.522 3.012 2.502 2.061 1.688 1.373 1.107 0.889 0.706 0.559 0.441 0.345 0.270 0.210
0.000 0.000 0.000 0.000 0.000 0.000 0.000 0.000 0.000 0.000 0.002 0.006 0.014 0.025 0.043 0.068 0.103 0.152 0.215 0.290 0.361 0.417 0.449 0.461 0.464 0.463 0.458 0.448 0.432 0.408 0.374 0.326 0.262 0.184 0.125 0.092 0.080 0.080 0.094 0.160 0.378 1.033 2.379 3.895 4.908 5.556 5.954 6.210 6.395 6.484 6.486 6.383 6.121 5.670 5.165 4.827 4.669 4.640 4.632 4.589 4.484 4.274 3.940 3.504 2.993 2.491 2.055 1.679 1.366 1.100 0.883 0.701 0.554 0.439 0.345 0.269 0.210
0.000 0.000 0.000 0.000 0.000 0.000 0.000 0.000 0.000 0.000 0.002 0.006 0.014 0.027 0.046 0.074 0.115 0.175 0.262 0.380 0.485 0.550 0.586 0.601 0.605 0.604 0.598 0.587 0.567 0.537 0.494 0.434 0.353 0.251 0.168 0.120 0.102 0.100 0.114 0.191 0.492 1.464 3.388 5.167 6.142 6.627 6.832 6.943 6.988 6.974 6.883 6.671 6.305 5.794 5.265 4.886 4.691 4.650 4.655 4.623 4.502 4.275 3.928 3.475 2.948 2.446 2.017 1.645 1.337 1.074 0.861 0.683 0.541 0.428 0.338 0.264 0.206
0.000 0.000 0.000 0.000 0.000 0.000 0.000 0.000 0.000 0.000 0.002 0.006 0.014 0.027 0.046 0.075 0.118 0.184 0.283 0.433 0.603 0.706 0.757 0.779 0.785 0.784 0.776 0.761 0.735 0.695 0.641 0.568 0.469 0.342 0.227 0.157 0.126 0.119 0.129 0.203 0.522 1.661 4.045 6.127 7.082 7.430 7.492 7.516 7.461 7.331 7.136 6.849 6.435 5.911 5.381 4.984 4.774 4.714 4.697 4.643 4.495 4.242 3.873 3.398 2.856 2.362 1.946 1.584 1.285 1.030 0.822 0.653 0.518 0.411 0.326 0.256 0.201
0.000 0.000 0.000 0.000 0.000 0.000 0.000 0.000 0.000 0.000 0.001 0.005 0.012 0.025 0.045 0.074 0.117 0.183 0.286 0.450 0.684 0.879 0.970 1.002 1.010 1.009 0.999 0.976 0.941 0.891 0.823 0.735 0.618 0.462 0.306 0.205 0.153 0.138 0.143 0.209 0.520 1.686 4.341 6.789 7.783 8.010 8.006 7.943 7.775 7.537 7.264 6.941 6.538 6.052 5.535 5.134 4.905 4.812 4.750 4.636 4.439 4.140 3.738 3.239 2.708 2.238 1.841 1.498 1.211 0.970 0.773 0.616 0.493 0.395 0.315 0.250 0.196
0.000 0.000 0.000 0.000 0.000 0.000 0.000 0.000 0.000 0.000 0.001 0.002 0.007 0.018 0.036 0.064 0.106 0.170 0.271 0.438 0.698 1.018 1.215 1.274 1.283 1.280 1.267 1.237 1.190 1.129 1.047 0.940 0.799 0.615 0.413 0.267 0.186 0.157 0.157 0.211 0.501 1.639 4.345 7.076 8.248 8.424 8.364 8.186 7.919 7.620 7.296 6.964 6.606 6.209 5.748 5.340 5.074 4.917 4.788 4.602 4.335 3.975 3.525 3.001 2.503 2.070 1.702 1.384 1.119 0.900 0.723 0.584 0.473 0.382 0.307 0.245 0.193
0.000 0.000 0.000 0.000 0.000 0.000 0.000 0.000 0.000 0.000 0.000 0.001 0.002 0.007 0.018 0.039 0.071 0.121 0.203 0.353 0.622 1.040 1.416 1.572 1.599 1.596 1.581 1.547 1.491 1.416 1.319 1.189 1.018 0.805 0.555 0.356 0.232 0.181 0.174 0.212 0.458 1.495 4.120 7.050 8.463 8.697 8.559 8.300 7.935 7.603 7.281 6.962 6.646 6.317 5.948 5.567 5.248 5.009 4.799 4.545 4.214 3.791 3.281 2.747 2.280 1.880 1.545 1.260 1.026 0.836 0.682 0.558 0.458 0.373 0.302 0.242 0.192
0.000 0.000 0.000 0.000 0.000 0.000 0.000 0.000 0.000 0.000 0.000 0.000 0.001 0.002 0.005 0.013 0.026 0.047 0.085 0.176 0.408 0.883 1.494 1.824 1.928 1.952 1.941 1.905 1.845 1.758 1.638 1.482 1.280 1.036 0.748 0.492 0.312 0.223 0.202 0.227 0.421 1.282 3.665 6.744 8.409 8.770 8.617 8.311 7.916 7.543 7.198 6.910 6.634 6.359 6.071 5.747 5.403 5.080 4.792 4.487 4.100 3.643 3.104 2.578 2.126 1.742 1.425 1.162 0.949 0.779 0.644 0.535 0.444 0.366 0.298 0.241 0.192
0.000 0.000 0.000 0.000 0.000 0.000 0.000 0.000 0.000 0.000 0.000 0.000 0.000 0.000 0.001 0.002 0.006 0.011 0.020 0.049 0.167 0.577 1.368 1.970 2.206 2.292 2.308 2.289 2.236 2.140 2.001 1.822 1.595 1.322 1.007 0.695 0.452 0.310 0.262 0.274 0.434 1.142 3.168 6.207 8.037 8.609 8.547 8.254 7.805 7.360 7.030 6.780 6.564 6.342 6.114 5.842 5.511 5.153 4.795 4.438 4.017 3.537 3.002 2.494 2.050 1.669 1.352 1.094 0.888 0.729 0.605 0.510 0.429 0.359 0.297 0.242 0.194
0.000 0.000 0.000 0.000 0.000 0.000 0.000 0.000 0.000 0.000 0.000 0.000 0.000 0.000 0.000 0.001 0.001 0.002 0.005 0.011 0.053 0.304 1.073 1.983 2.402 2.576 2.642 2.642 2.610 2.536 2.401 2.208 1.966 1.677 1.342 0.986 0.685 0.479 0.392 0.388 0.512 1.098 2.728 5.431 7.315 8.080 8.190 8.016 7.591 7.073 6.697 6.452 6.335 6.241 6.094 5.856 5.559 5.214 4.827 4.416 3.958 3.473 2.959 2.469 2.029 1.643 1.315 1.050 0.842 0.683 0.563 0.476 0.408 0.350 0.298 0.248 0.202
0.000 0.000 0.000 0.000 0.000 0.000 0.000 0.000 0.000 0.000 0.000 0.000 0.000 0.000 0.000 0.000 0.001 0.002 0.003 0.005 0.019 0.140 0.721 1.783 2.477 2.763 2.902 2.960 2.959 2.918 2.824 2.647 2.404 2.111 1.768 1.390 1.046 0.784 0.653 0.632 0.727 1.199 2.391 4.456 6.310 7.239 7.491 7.428 7.156 6.657 6.154 5.852 5.770 5.799 5.848 5.764 5.558 5.240 4.851 4.414 3.938 3.447 2.948 2.469 2.029 1.639 1.302 1.024 0.805 0.639 0.516 0.429 0.372 0.332 0.295 0.255 0.211
0.000 0.000 0.000 0.000 0.000 0.000 0.000 0.000 0.000 0.000 0.000 0.000 0.000 0.000 0.000 0.000 0.001 0.002 0.004 0.006 0.014 0.063 0.392 1.331 2.354 2.848 3.077 3.212 3.274 3.276 3.226 3.105 2.901 2.627 2.301 1.926 1.567 1.284 1.117 1.074 1.135 1.457 2.252 3.654 5.238 6.165 6.480 6.487 6.364 5.998 5.447 5.000 4.832 4.897 5.159 5.394 5.401 5.201 4.848 4.412 3.936 3.442 2.954 2.483 2.043 1.646 1.302 1.012 0.780 0.601 0.467 0.373 0.316 0.289 0.269 0.244 0.204
0.000 0.000 0.000 0.000 0.000 0.000 0.000 0.000 0.000 0.000 0.000 0.000 0.000 0.000 0.000 0.001 0.003 0.005 0.008 0.013 0.019 0.042 0.188 0.813 1.964 2.799 3.161 3.383 3.530 3.591 3.585 3.518 3.379 3.179 2.918 2.592 2.259 2.000 1.828 1.759 1.772 1.938 2.402 3.260 4.434 5.194 5.472 5.505 5.457 5.247 4.844 4.319 3.978 3.927 4.161 4.641 4.952 4.945 4.721 4.344 3.910 3.444 2.986 2.534 2.079 1.666 1.308 1.008 0.764 0.568 0.421 0.315 0.244 0.204 0.183 0.163 0.127
0.000 0.000 0.000 0.000 0.000 0.000 0.000 0.000 0.000 0.000 0.000 0.000 0.000 0.000 0.001 0.003 0.007 0.013 0.021 0.029 0.036 0.050 0.106 0.415 1.357 2.552 3.161 3.478 3.716 3.852 3.895 3.874 3.797 3.671 3.490 3.242 2.962 2.743 2.605 2.545 2.539 2.590 2.772 3.210 3.952 4.518 4.757 4.808 4.793 4.679 4.398 3.924 3.494 3.300 3.345 3.702 4.189 4.389 4.340 4.114 3.790 3.404 3.007 2.587 2.111 1.673 1.311 1.006 0.750 0.539 0.375 0.251 0.160 0.103 0.073 0.052 0.033
0.000 0.000 0.000 0.000 0.000 0.000 0.000 0.000 0.000 0.000 0.000 0.000 0.000 0.001 0.004 0.009 0.019 0.034 0.051 0.062 0.069 0.075 0.096 0.227 0.803 2.033 3.005 3.474 3.791 4.023 4.142 4.173 4.153 4.084 3.957 3.761 3.507 3.296 3.165 3.101 3.081 3.095 3.174 3.377 3.758 4.119 4.293 4.342 4.335 4.265 4.059 3.673 3.244 2.962 2.864 2.973 3.294 3.563 3.666 3.628 3.468 3.196 2.874 2.500 2.057 1.626 1.268 0.968 0.706 0.479 0.296 0.162 0.080 0.041 0.023 0.013 0.007
0.000 0.000 0.000 0.000 0.000 0.000 0.000 0.000 0.000 0.000 0.000 0.000 0.001 0.003 0.010 0.025 0.050 0.080 0.105 0.119 0.123 0.121 0.124 0.181 0.518 1.460 2.618 3.332 3.786 4.119 4.332 4.421 4.435 4.408 4.317 4.150 3.890 3.671 3.528 3.436 3.384 3.369 3.393 3.488 3.699 3.908 4.015 4.043 4.028 3.957 3.789 3.478 3.088 2.792 2.620 2.561 2.608 2.690 2.739 2.755 2.718 2.563 2.296 1.968 1.626 1.282 0.980 0.720 0.493 0.298 0.152 0.067 0.029 0.014 0.008 0.004 0.002
0.000 0.000 0.000 0.000 0.000 0.000 0.000 0.000 0.000 0.000 0.000 0.000 0.002 0.008 0.025 0.061 0.111 0.157 0.190 0.207 0.209 0.202 0.192 0.218 0.430 1.077 2.100 2.974 3.635 4.111 4.440 4.611 4.645 4.628 4.555 4.391 4.139 3.917 3.762 3.633 3.536 3.484 3.479 3.520 3.644 3.757 3.807 3.824 3.802 3.718 3.556 3.296 2.950 2.657 2.454 2.306 2.190 2.082 1.965 1.825 1.683 1.521 1.292 1.025 0.794 0.594 0.422 0.282 0.174 0.094 0.043 0.019 0.009 0.005 0.003 0.002 0.001
0.000 0.000 0.000 0.000 0.000 0.000 0.000 0.000 0.000 0.000 0.000 0.001 0.004 0.017 0.055 0.124 0.206 0.269 0.315 0.341 0.348 0.341 0.326 0.333 0.479 0.941 1.717 2.563 3.336 3.976 4.433 4.688 4.754 4.740 4.665 4.503 4.292 4.070 3.899 3.747 3.610 3.519 3.497 3.513 3.578 3.629 3.637 3.630 3.596 3.498 3.338 3.105 2.799 2.511 2.283 2.083 1.889 1.683 1.448 1.184 0.945 0.738 0.552 0.387 0.262 0.173 0.111 0.068 0.039 0.020 0.010 0.005 0.003 0.002 0.001 0.001 0.001
0.000 0.000 0.000 0.000 0.000 0.000 0.000 0.000 0.000 0.000 0.000 0.001 0.006 0.025 0.082 0.192 0.321 0.414 0.486 0.534 0.557 0.563 0.556 0.559 0.653 0.984 1.577 2.315 3.070 3.747 4.302 4.649 4.785 4.775 4.689 4.540 4.362 4.161 3.977 3.796 3.624 3.509 3.454 3.455 3.487 3.497 3.488 3.447 3.388 3.279 3.112 2.894 2.621 2.334 2.086 1.852 1.607 1.326 1.006 0.705 0.475 0.313 0.201 0.124 0.073 0.042 0.025 0.015 0.009 0.005 0.003 0.002 0.001 0.001 0.001 0.001 0.001
0.000 0.000 0.000 0.000 0.000 0.000 0.000 0.000 0.000 0.000 0.000 0.001 0.006 0.027 0.091 0.226 0.420 0.586 0.707 0.796 0.850 0.881 0.902 0.924 0.992 1.205 1.637 2.258 2.954 3.572 4.115 4.513 4.720 4.732 4.675 4.536 4.380 4.197 4.016 3.807 3.610 3.462 3.369 3.345 3.349 3.342 3.318 3.250 3.162 3.037 2.867 2.656 2.400 2.080 1.752 1.456 1.157 0.831 0.528 0.316 0.185 0.107 0.061 0.035 0.019 0.010 0.006 0.003 0.002 0.001 0.001 0.001 0.001 0.001 0.000 0.000 0.000
0.000 0.000 0.000 0.000 0.000 0.000 0.000 0.000 0.000 0.000 0.000 0.001 0.006 0.025 0.087 0.230 0.477 0.766 0.979 1.134 1.242 1.314 1.372 1.429 1.503 1.646 1.926 2.380 2.968 3.524 3.979 4.329 4.558 4.601 4.585 4.487 4.357 4.200 4.017 3.785 3.553 3.354 3.214 3.147 3.131 3.120 3.084 3.010 2.906 2.762 2.576 2.331 2.005 1.545 1.085 0.737 0.479 0.287 0.159 0.085 0.047 0.027 0.015 0.008 0.004 0.002 0.001 0.001 0.001 0.001 0.000 0.000 0.000 0.000 0.000 0.000 0.000
0.000 0.000 0.000 0.000 0.000 0.000 0.000 0.000 0.000 0.000 0.000 0.001 0.004 0.018 0.070 0.211 0.495 0.927 1.303 1.555 1.742 1.875 1.977 2.066 2.161 2.275 2.445 2.726 3.136 3.587 3.943 4.193 4.360 4.415 4.424 4.361 4.270 4.146 3.965 3.734 3.466 3.199 2.985 2.857 2.791 2.759 2.732 2.677 2.583 2.428 2.193 1.850 1.365 0.842 0.460 0.238 0.118 0.056 0.026 0.014 0.009 0.006 0.003 0.002 0.001 0.001 0.000 0.000 0.000 0.000 0.000 0.000 0.000 0.000 0.000 0.000 0.000
0.000 0.000 0.000 0.000 0.000 0.000 0.000 0.000 0.000 0.000 0.000 0.000 0.002 0.009 0.046 0.177 0.496 1.040 1.647 2.078 2.373 2.575 2.722 2.840 2.939 3.025 3.127 3.277 3.503 3.776 3.999 4.146 4.228 4.255 4.247 4.189 4.112 4.002 3.836 3.624 3.352 3.026 2.713 2.486 2.340 2.255 2.193 2.127 2.023 1.834 1.536 1.123 0.677 0.344 0.153 0.062 0.024 0.009 0.004 0.002 0.001 0.001 0.001 0.000 0.000 0.000 0.000 0.000 0.000 0.000 0.000 0.000 0.000 0.000 0.000 0.000 0.000
0.000 0.000 0.000 0.000 0.000 0.000 0.000 0.000 0.000 0.000 0.000 0.000 0.001 0.005 0.030 0.151 0.499 1.119 1.897 2.573 3.081 3.405 3.603 3.739 3.834 3.894 3.940 3.990 4.049 4.100 4.127 4.145 4.136 4.107 4.056 3.983 3.895 3.783 3.631 3.440 3.185 2.853 2.479 2.140 1.878 1.691 1.531 1.373 1.195 0.970 0.705 0.434 0.221 0.095 0.037 0.013 0.004 0.002 0.001 0.000 0.000 0.000 0.000 0.000 0.000 0.000 0.000 0.000 0.000 0.000 0.000 0.000 0.000 0.000 0.000 0.000 0.000
0.000 0.000 0.000 0.000 0.000 0.000 0.000 0.000 0.000 0.000 0.000 0.000 0.001 0.003 0.023 0.139 0.510 1.177 2.019 2.897 3.647 4.156 4.458 4.629 4.719 4.752 4.748 4.702 4.618 4.481 4.317 4.177 4.052 3.928 3.826 3.734 3.642 3.532 3.390 3.208 2.971 2.657 2.280 1.871 1.513 1.233 0.999 0.785 0.585 0.397 0.234 0.116 0.049 0.019 0.007 0.002 0.001 0.000 0.000 0.000 0.000 0.000 0.000 0.000 0.000 0.000 0.000 0.000 0.000 0.000 0.000 0.000 0.000 0.000 0.000 0.000 0.000
0.000 0.000 0.000 0.000 0.000 0.000 0.000 0.000 0.000 0.000 0.000 0.000 0.001 0.003 0.021 0.136 0.523 1.210 2.055 3.028 4.016 4.745 5.189 5.409 5.479 5.472 5.416 5.276 5.058 4.767 4.461 4.186 3.932 3.694 3.522 3.404 3.326 3.240 3.119 2.952 2.735 2.451 2.086 1.650 1.229 0.892 0.629 0.421 0.261 0.146 0.072 0.030 0.011 0.004 0.001 0.001 0.000 0.000 0.000 0.000 0.000 0.000 0.000 0.000 0.000 0.000 0.000 0.000 0.000 0.000 0.000 0.000 0.000 0.000 0.000 0.000 0.000
0.000 0.000 0.000 0.000 0.000 0.000 0.000 0.000 0.000 0.000 0.000 0.000 0.001 0.003 0.022 0.139 0.529 1.215 2.056 3.041 4.192 5.165 5.776 6.058 6.121 6.085 5.957 5.701 5.333 4.919 4.532 4.164 3.788 3.404 3.099 2.904 2.817 2.759 2.675 2.549 2.380 2.163 1.851 1.430 0.981 0.633 0.388 0.223 0.118 0.056 0.024 0.009 0.003 0.001 0.000 0.000 0.000 0.000 0.000 0.000 0.000 0.000 0.000 0.000 0.000 0.000 0.000 0.000 0.000 0.000 0.000 0.000 0.000 0.000 0.000 0.000 0.000
0.000 0.001 0.001 0.001 0.001 0.001 0.001 0.001 0.001 0.001 0.002 0.002 0.004 0.006 0.023 0.132 0.502 1.166 1.999 2.974 4.171 5.338 6.122 6.486 6.559 6.506 6.279 5.903 5.446 4.981 4.546 4.107 3.611 3.063 2.569 2.219 2.036 1.938 1.850 1.754 1.662 1.567 1.402 1.100 0.710 0.409 0.222 0.113 0.053 0.022 0.008 0.003 0.001 0.001 0.000 0.000 0.000 0.000 0.000 0.000 0.000 0.000 0.000 0.000 0.000 0.000 0.000 0.000 0.000 0.000 0.000 0.000 0.000 0.000 0.000 0.000 0.000
0.001 0.002 0.002 0.002 0.002 0.002 0.002 0.002 0.002 0.003 0.004 0.005 0.006 0.008 0.016 0.090 0.381 0.976 1.797 2.772 3.991 5.314 6.240 6.687 6.775 6.695 6.401 5.981 5.478 4.983 4.471 3.931 3.332 2.650 1.992 1.491 1.172 0.981 0.851 0.759 0.713 0.698 0.678 0.583 0.389 0.212 0.106 0.049 0.021 0.008 0.003 0.001 0.001 0.000 0.000 0.000 0.000 0.000 0.000 0.000 0.000 0.000 0.000 0.000 0.000 0.000 0.000 0.000 0.000 0.000 0.000 0.000 0.000 0.000 0.000 0.000 0.000
