RESULTS/r.avaflow_results/32_results/32_ascii/32_hflow10046.asc
ncols 506
nrows 317
xllcenter 498237.50
yllcenter 5580050.00
cellsize 12.50
NODATA_value -9999.000
[rows 170 to 203 of 317, columns 77 to 153 of 506]
0.000 0.000 0.000 0.000 0.000 0.000 0.000 0.000 0.000 0.000 0.000 0.000 0.000 0.000 0.000 0.001 0.001 0.002 0.002 0.002 0.002 0.002 0.003 0.009 0.025 0.045 0.054 0.055 0.054 0.051 0.047 0.041 0.033 0.023 0.015 0.011 0.008 0.007 0.006 0.005 0.004 0.004 0.004 0.006 0.013 0.033 0.068 0.115 0.187 0.326 0.590 1.077 1.992 3.085 3.695 3.805 3.757 3.780 3.848 3.868 3.840 3.738 3.533 3.235 2.835 2.345 1.895 1.516 1.203 0.945 0.737 0.574 0.448 0.351 0.275 0.215 0.167
0.000 0.000 0.000 0.000 0.000 0.000 0.000 0.000 0.000 0.000 0.000 0.000 0.000 0.001 0.002 0.004 0.006 0.007 0.009 0.009 0.010 0.011 0.016 0.032 0.060 0.079 0.084 0.083 0.081 0.077 0.071 0.061 0.048 0.033 0.023 0.017 0.013 0.011 0.010 0.009 0.009 0.009 0.012 0.023 0.060 0.146 0.273 0.432 0.675 1.070 1.659 2.521 3.483 4.112 4.303 4.266 4.177 4.157 4.160 4.143 4.089 3.953 3.709 3.359 2.912 2.388 1.933 1.546 1.231 0.972 0.765 0.604 0.477 0.375 0.295 0.229 0.178
0.000 0.000 0.000 0.000 0.000 0.000 0.000 0.000 0.000 0.000 0.000 0.000 0.001 0.003 0.006 0.009 0.014 0.019 0.023 0.027 0.031 0.038 0.056 0.086 0.112 0.123 0.123 0.121 0.118 0.111 0.102 0.089 0.069 0.048 0.033 0.025 0.021 0.019 0.018 0.017 0.018 0.023 0.040 0.100 0.259 0.527 0.845 1.207 1.722 2.461 3.279 4.002 4.460 4.623 4.595 4.527 4.450 4.389 4.348 4.311 4.234 4.074 3.800 3.420 2.942 2.412 1.959 1.575 1.262 1.006 0.800 0.635 0.501 0.392 0.307 0.238 0.185
0.000 0.000 0.000 0.000 0.000 0.000 0.000 0.000 0.000 0.000 0.000 0.001 0.003 0.007 0.012 0.018 0.027 0.037 0.048 0.060 0.073 0.094 0.129 0.161 0.175 0.176 0.175 0.171 0.165 0.157 0.144 0.125 0.098 0.068 0.048 0.036 0.031 0.029 0.029 0.031 0.039 0.068 0.159 0.395 0.824 1.368 1.918 2.517 3.268 4.037 4.630 4.966 5.049 4.964 4.795 4.680 4.599 4.519 4.462 4.409 4.312 4.134 3.847 3.449 2.950 2.424 1.973 1.600 1.290 1.037 0.825 0.654 0.514 0.402 0.314 0.243 0.189
0.000 0.000 0.000 0.000 0.000 0.000 0.000 0.000 0.000 0.000 0.001 0.003 0.006 0.012 0.020 0.031 0.045 0.063 0.084 0.108 0.138 0.178 0.219 0.242 0.246 0.245 0.242 0.236 0.228 0.216 0.198 0.173 0.137 0.096 0.067 0.051 0.045 0.043 0.045 0.057 0.094 0.212 0.528 1.121 1.904 2.692 3.404 4.053 4.659 5.145 5.460 5.556 5.489 5.253 4.931 4.748 4.655 4.584 4.523 4.460 4.356 4.169 3.872 3.458 2.946 2.431 1.988 1.620 1.309 1.054 0.839 0.664 0.521 0.408 0.318 0.246 0.191
0.000 0.000 0.000 0.000 0.000 0.000 0.000 0.000 0.000 0.000 0.001 0.004 0.009 0.018 0.030 0.048 0.070 0.099 0.134 0.176 0.226 0.278 0.314 0.329 0.332 0.330 0.327 0.320 0.309 0.293 0.269 0.235 0.189 0.133 0.092 0.070 0.062 0.061 0.069 0.105 0.212 0.537 1.285 2.390 3.423 4.250 4.833 5.293 5.661 5.908 6.011 5.996 5.840 5.472 5.037 4.770 4.651 4.602 4.562 4.502 4.392 4.197 3.883 3.457 2.942 2.432 1.994 1.624 1.316 1.057 0.843 0.667 0.523 0.410 0.320 0.248 0.191
0.000 0.000 0.000 0.000 0.000 0.000 0.000 0.000 0.000 0.000 0.001 0.005 0.011 0.021 0.037 0.060 0.092 0.137 0.195 0.266 0.335 0.390 0.422 0.436 0.439 0.438 0.435 0.427 0.413 0.392 0.362 0.318 0.259 0.184 0.126 0.093 0.082 0.081 0.097 0.166 0.394 1.064 2.426 3.948 4.953 5.602 5.971 6.229 6.405 6.495 6.490 6.372 6.096 5.636 5.136 4.802 4.644 4.604 4.583 4.537 4.435 4.218 3.886 3.442 2.923 2.422 1.988 1.617 1.310 1.050 0.837 0.661 0.519 0.408 0.319 0.247 0.191
0.000 0.000 0.000 0.000 0.000 0.000 0.000 0.000 0.000 0.000 0.001 0.005 0.011 0.022 0.040 0.065 0.104 0.161 0.242 0.353 0.455 0.519 0.555 0.572 0.576 0.575 0.571 0.562 0.545 0.518 0.480 0.426 0.350 0.252 0.171 0.122 0.104 0.102 0.117 0.199 0.513 1.507 3.443 5.220 6.188 6.665 6.857 6.964 7.012 6.987 6.879 6.643 6.266 5.764 5.242 4.865 4.670 4.628 4.628 4.583 4.461 4.220 3.873 3.416 2.882 2.383 1.952 1.587 1.282 1.026 0.817 0.644 0.508 0.398 0.312 0.243 0.188
0.000 0.000 0.000 0.000 0.000 0.000 0.000 0.000 0.000 0.000 0.001 0.005 0.011 0.022 0.040 0.066 0.107 0.169 0.264 0.407 0.570 0.672 0.724 0.746 0.752 0.752 0.746 0.733 0.711 0.675 0.627 0.561 0.468 0.345 0.231 0.160 0.128 0.122 0.133 0.213 0.548 1.712 4.105 6.187 7.137 7.465 7.533 7.550 7.486 7.342 7.122 6.817 6.396 5.886 5.364 4.969 4.755 4.695 4.675 4.599 4.455 4.186 3.819 3.336 2.789 2.304 1.887 1.530 1.234 0.985 0.781 0.616 0.486 0.383 0.301 0.235 0.183
0.000 0.000 0.000 0.000 0.000 0.000 0.000 0.000 0.000 0.000 0.001 0.004 0.010 0.021 0.038 0.065 0.106 0.169 0.267 0.425 0.653 0.844 0.934 0.966 0.975 0.975 0.967 0.947 0.915 0.871 0.809 0.728 0.618 0.466 0.313 0.209 0.156 0.142 0.149 0.221 0.550 1.742 4.406 6.850 7.829 8.043 8.056 7.975 7.785 7.538 7.244 6.905 6.496 6.029 5.524 5.123 4.888 4.787 4.720 4.598 4.399 4.091 3.686 3.180 2.649 2.183 1.787 1.448 1.164 0.927 0.734 0.581 0.461 0.366 0.290 0.228 0.178
0.000 0.000 0.000 0.000 0.000 0.000 0.000 0.000 0.000 0.000 0.001 0.002 0.006 0.015 0.031 0.057 0.096 0.156 0.253 0.414 0.668 0.983 1.178 1.237 1.247 1.245 1.233 1.207 1.165 1.109 1.035 0.936 0.803 0.622 0.421 0.273 0.191 0.163 0.165 0.226 0.536 1.700 4.413 7.144 8.305 8.469 8.412 8.206 7.923 7.610 7.271 6.923 6.568 6.187 5.739 5.329 5.054 4.889 4.751 4.572 4.301 3.936 3.469 2.942 2.450 2.021 1.652 1.340 1.076 0.859 0.686 0.549 0.441 0.354 0.282 0.222 0.174
0.000 0.000 0.000 0.000 0.000 0.000 0.000 0.000 0.000 0.000 0.000 0.001 0.002 0.007 0.016 0.035 0.064 0.111 0.189 0.333 0.595 1.008 1.382 1.538 1.565 1.562 1.549 1.519 1.468 1.398 1.309 1.187 1.024 0.816 0.566 0.364 0.241 0.190 0.184 0.229 0.496 1.558 4.195 7.116 8.520 8.745 8.598 8.311 7.966 7.614 7.250 6.921 6.613 6.286 5.928 5.552 5.221 4.975 4.762 4.525 4.192 3.750 3.220 2.684 2.224 1.830 1.494 1.216 0.984 0.795 0.645 0.524 0.426 0.345 0.276 0.219 0.172
0.000 0.000 0.000 0.000 0.000 0.000 0.000 0.000 0.000 0.000 0.000 0.000 0.001 0.002 0.005 0.011 0.023 0.042 0.078 0.165 0.389 0.855 1.462 1.795 1.900 1.924 1.915 1.881 1.827 1.745 1.633 1.485 1.292 1.054 0.762 0.503 0.323 0.235 0.216 0.246 0.456 1.342 3.742 6.811 8.466 8.814 8.651 8.311 7.911 7.538 7.174 6.884 6.603 6.327 6.044 5.720 5.370 5.040 4.751 4.451 4.068 3.587 3.032 2.509 2.063 1.686 1.372 1.115 0.905 0.738 0.607 0.501 0.412 0.336 0.272 0.218 0.172
0.000 0.000 0.000 0.000 0.000 0.000 0.000 0.000 0.000 0.000 0.000 0.000 0.000 0.000 0.001 0.002 0.005 0.010 0.018 0.045 0.160 0.560 1.341 1.946 2.188 2.278 2.297 2.278 2.227 2.136 2.003 1.832 1.613 1.345 1.027 0.713 0.469 0.328 0.283 0.298 0.474 1.211 3.250 6.267 8.081 8.641 8.575 8.254 7.817 7.361 7.007 6.756 6.538 6.318 6.086 5.808 5.478 5.121 4.758 4.376 3.962 3.466 2.922 2.418 1.980 1.606 1.296 1.044 0.843 0.686 0.568 0.475 0.397 0.329 0.271 0.219 0.174
0.000 0.000 0.000 0.000 0.000 0.000 0.000 0.000 0.000 0.000 0.000 0.000 0.000 0.000 0.000 0.001 0.001 0.002 0.004 0.010 0.051 0.297 1.056 1.965 2.390 2.571 2.642 2.647 2.617 2.546 2.414 2.226 1.991 1.708 1.375 1.016 0.708 0.507 0.426 0.425 0.567 1.190 2.821 5.485 7.341 8.100 8.202 7.999 7.606 7.080 6.680 6.437 6.305 6.205 6.061 5.823 5.524 5.170 4.776 4.342 3.896 3.393 2.871 2.386 1.954 1.574 1.256 0.997 0.794 0.639 0.525 0.441 0.376 0.321 0.271 0.224 0.181
0.000 0.000 0.000 0.000 0.000 0.000 0.000 0.000 0.000 0.000 0.000 0.000 0.000 0.000 0.000 0.000 0.001 0.001 0.003 0.005 0.018 0.138 0.713 1.770 2.469 2.764 2.912 2.976 2.978 2.940 2.849 2.679 2.441 2.154 1.816 1.437 1.084 0.830 0.711 0.695 0.810 1.321 2.526 4.530 6.309 7.231 7.489 7.426 7.165 6.662 6.143 5.844 5.750 5.774 5.818 5.729 5.517 5.191 4.797 4.346 3.869 3.360 2.856 2.382 1.952 1.567 1.237 0.967 0.755 0.595 0.477 0.394 0.341 0.304 0.268 0.231 0.189
0.000 0.000 0.000 0.000 0.000 0.000 0.000 0.000 0.000 0.000 0.000 0.000 0.000 0.000 0.000 0.000 0.001 0.002 0.003 0.006 0.014 0.063 0.390 1.326 2.351 2.853 3.092 3.236 3.305 3.310 3.265 3.149 2.953 2.687 2.365 1.992 1.631 1.360 1.211 1.180 1.262 1.625 2.441 3.782 5.260 6.162 6.481 6.491 6.371 6.006 5.453 4.999 4.820 4.881 5.131 5.361 5.353 5.151 4.787 4.348 3.860 3.352 2.860 2.390 1.959 1.570 1.232 0.951 0.727 0.555 0.426 0.338 0.285 0.260 0.243 0.219 0.182
0.000 0.000 0.000 0.000 0.000 0.000 0.000 0.000 0.000 0.000 0.000 0.000 0.000 0.000 0.000 0.001 0.002 0.004 0.008 0.012 0.019 0.041 0.189 0.814 1.968 2.808 3.180 3.410 3.566 3.631 3.629 3.568 3.437 3.247 2.997 2.679 2.358 2.118 1.971 1.922 1.954 2.142 2.614 3.441 4.509 5.233 5.507 5.539 5.481 5.262 4.850 4.312 3.961 3.906 4.136 4.605 4.901 4.890 4.653 4.275 3.829 3.349 2.886 2.433 1.986 1.582 1.233 0.942 0.707 0.522 0.383 0.282 0.214 0.178 0.160 0.143 0.111
0.000 0.000 0.000 0.000 0.000 0.000 0.000 0.000 0.000 0.000 0.000 0.000 0.000 0.000 0.001 0.003 0.006 0.012 0.020 0.028 0.035 0.049 0.106 0.419 1.369 2.567 3.182 3.507 3.753 3.894 3.941 3.923 3.851 3.732 3.561 3.329 3.074 2.877 2.759 2.715 2.718 2.789 2.991 3.419 4.076 4.579 4.799 4.850 4.828 4.700 4.401 3.908 3.464 3.262 3.303 3.651 4.128 4.325 4.267 4.038 3.704 3.307 2.902 2.481 2.013 1.585 1.231 0.935 0.690 0.491 0.337 0.221 0.138 0.087 0.062 0.045 0.028
0.000 0.000 0.000 0.000 0.000 0.000 0.000 0.000 0.000 0.000 0.000 0.000 0.000 0.001 0.003 0.008 0.018 0.032 0.048 0.060 0.067 0.073 0.096 0.231 0.818 2.056 3.029 3.505 3.828 4.064 4.185 4.218 4.200 4.133 4.013 3.833 3.611 3.427 3.308 3.251 3.234 3.254 3.340 3.544 3.892 4.197 4.341 4.383 4.370 4.282 4.052 3.641 3.197 2.908 2.810 2.915 3.223 3.481 3.581 3.539 3.374 3.098 2.768 2.392 1.954 1.533 1.183 0.893 0.643 0.430 0.261 0.140 0.068 0.035 0.020 0.011 0.006
0.000 0.000 0.000 0.000 0.000 0.000 0.000 0.000 0.000 0.000 0.000 0.000 0.001 0.003 0.009 0.022 0.045 0.075 0.100 0.115 0.119 0.119 0.123 0.184 0.532 1.488 2.646 3.363 3.823 4.158 4.370 4.458 4.474 4.450 4.361 4.202 3.980 3.789 3.659 3.568 3.512 3.497 3.521 3.613 3.811 3.979 4.052 4.076 4.053 3.962 3.763 3.428 3.018 2.723 2.548 2.488 2.528 2.601 2.644 2.654 2.616 2.463 2.193 1.864 1.525 1.192 0.899 0.652 0.440 0.262 0.132 0.057 0.025 0.012 0.007 0.004 0.002
0.000 0.000 0.000 0.000 0.000 0.000 0.000 0.000 0.000 0.000 0.000 0.000 0.002 0.007 0.022 0.054 0.101 0.148 0.183 0.201 0.204 0.199 0.191 0.221 0.443 1.107 2.137 3.011 3.674 4.149 4.473 4.643 4.674 4.655 4.587 4.428 4.209 4.010 3.868 3.746 3.645 3.585 3.581 3.624 3.737 3.820 3.844 3.841 3.803 3.700 3.509 3.226 2.860 2.573 2.366 2.220 2.102 1.992 1.872 1.728 1.586 1.426 1.202 0.939 0.717 0.530 0.374 0.249 0.152 0.081 0.038 0.016 0.008 0.004 0.003 0.002 0.001
0.000 0.000 0.000 0.000 0.000 0.000 0.000 0.000 0.000 0.000 0.000 0.001 0.004 0.015 0.048 0.110 0.189 0.254 0.303 0.332 0.341 0.337 0.324 0.335 0.491 0.968 1.755 2.602 3.376 4.016 4.467 4.720 4.794 4.773 4.695 4.530 4.328 4.130 3.971 3.818 3.688 3.602 3.588 3.605 3.656 3.684 3.675 3.641 3.568 3.454 3.269 3.014 2.690 2.408 2.179 1.985 1.795 1.593 1.362 1.104 0.874 0.677 0.501 0.346 0.230 0.151 0.097 0.060 0.034 0.018 0.009 0.005 0.003 0.002 0.001 0.001 0.001
0.000 0.000 0.000 0.000 0.000 0.000 0.000 0.000 0.000 0.000 0.000 0.001 0.005 0.022 0.073 0.172 0.296 0.392 0.469 0.520 0.548 0.556 0.553 0.561 0.664 1.009 1.613 2.361 3.111 3.786 4.330 4.679 4.818 4.802 4.715 4.563 4.384 4.198 4.031 3.855 3.695 3.576 3.526 3.522 3.535 3.533 3.508 3.444 3.344 3.208 3.021 2.784 2.492 2.209 1.969 1.745 1.509 1.238 0.931 0.647 0.432 0.281 0.179 0.109 0.064 0.037 0.022 0.013 0.008 0.005 0.003 0.002 0.001 0.001 0.001 0.001 0.000
0.000 0.000 0.000 0.000 0.000 0.000 0.000 0.000 0.000 0.000 0.000 0.001 0.006 0.024 0.081 0.205 0.390 0.557 0.682 0.776 0.835 0.871 0.897 0.926 1.003 1.227 1.669 2.302 2.996 3.615 4.141 4.545 4.749 4.759 4.702 4.560 4.398 4.212 4.040 3.867 3.676 3.511 3.411 3.381 3.375 3.354 3.309 3.219 3.100 2.948 2.758 2.525 2.253 1.941 1.635 1.355 1.068 0.760 0.480 0.287 0.166 0.095 0.054 0.030 0.016 0.009 0.005 0.003 0.002 0.001 0.001 0.001 0.001 0.001 0.000 0.000 0.000
0.000 0.000 0.000 0.000 0.000 0.000 0.000 0.000 0.000 0.000 0.000 0.001 0.005 0.022 0.078 0.210 0.444 0.729 0.946 1.106 1.220 1.299 1.364 1.428 1.510 1.663 1.954 2.420 3.010 3.561 4.006 4.362 4.589 4.630 4.608 4.509 4.376 4.211 4.041 3.846 3.617 3.396 3.240 3.159 3.122 3.097 3.039 2.945 2.820 2.664 2.466 2.212 1.885 1.440 1.006 0.676 0.433 0.259 0.143 0.077 0.043 0.024 0.014 0.007 0.004 0.002 0.001 0.001 0.001 0.001 0.000 0.000 0.000 0.000 0.000 0.000 0.000
0.000 0.000 0.000 0.000 0.000 0.000 0.000 0.000 0.000 0.000 0.000 0.001 0.003 0.017 0.064 0.195 0.465 0.885 1.263 1.520 1.713 1.853 1.963 2.060 2.163 2.285 2.465 2.757 3.174 3.619 3.968 4.215 4.381 4.443 4.441 4.380 4.287 4.159 3.988 3.771 3.513 3.227 2.994 2.844 2.753 2.702 2.654 2.587 2.482 2.328 2.105 1.782 1.321 0.805 0.431 0.219 0.107 0.050 0.024 0.013 0.008 0.005 0.003 0.002 0.001 0.001 0.000 0.000 0.000 0.000 0.000 0.000 0.000 0.000 0.000 0.000 0.000
0.000 0.000 0.000 0.000 0.000 0.000 0.000 0.000 0.000 0.000 0.000 0.000 0.001 0.009 0.042 0.165 0.470 1.000 1.604 2.037 2.337 2.547 2.702 2.828 2.934 3.028 3.138 3.297 3.530 3.798 4.016 4.159 4.232 4.263 4.253 4.196 4.121 4.014 3.848 3.632 3.360 3.024 2.696 2.446 2.280 2.176 2.099 2.028 1.923 1.744 1.472 1.095 0.668 0.332 0.144 0.057 0.022 0.008 0.004 0.002 0.001 0.001 0.001 0.000 0.000 0.000 0.000 0.000 0.000 0.000 0.000 0.000 0.000 0.000 0.000 0.000 0.000
0.000 0.000 0.000 0.000 0.000 0.000 0.000 0.000 0.000 0.000 0.000 0.000 0.001 0.005 0.029 0.142 0.478 1.085 1.857 2.536 3.046 3.375 3.580 3.723 3.824 3.890 3.944 3.999 4.061 4.104 4.124 4.137 4.124 4.087 4.035 3.963 3.882 3.772 3.613 3.411 3.146 2.811 2.426 2.075 1.803 1.608 1.444 1.285 1.113 0.905 0.667 0.419 0.215 0.091 0.035 0.012 0.004 0.001 0.001 0.001 0.000 0.000 0.000 0.000 0.000 0.000 0.000 0.000 0.000 0.000 0.000 0.000 0.000 0.000 0.000 0.000 0.000
0.000 0.000 0.000 0.000 0.000 0.000 0.000 0.000 0.000 0.000 0.000 0.000 0.001 0.003 0.022 0.132 0.492 1.148 1.984 2.863 3.621 4.138 4.447 4.624 4.718 4.754 4.752 4.705 4.613 4.469 4.298 4.154 4.023 3.885 3.769 3.679 3.589 3.480 3.331 3.139 2.890 2.575 2.192 1.784 1.430 1.155 0.927 0.722 0.534 0.363 0.216 0.109 0.047 0.018 0.007 0.002 0.001 0.000 0.000 0.000 0.000 0.000 0.000 0.000 0.000 0.000 0.000 0.000 0.000 0.000 0.000 0.000 0.000 0.000 0.000 0.000 0.000
0.000 0.000 0.000 0.000 0.000 0.000 0.000 0.000 0.000 0.000 0.000 0.000 0.001 0.003 0.020 0.131 0.507 1.183 2.024 2.998 3.998 4.739 5.190 5.414 5.486 5.479 5.421 5.270 5.031 4.735 4.433 4.152 3.883 3.632 3.444 3.320 3.237 3.145 3.016 2.839 2.612 2.328 1.967 1.544 1.141 0.820 0.572 0.379 0.233 0.131 0.065 0.027 0.010 0.003 0.001 0.001 0.000 0.000 0.000 0.000 0.000 0.000 0.000 0.000 0.000 0.000 0.000 0.000 0.000 0.000 0.000 0.000 0.000 0.000 0.000 0.000 0.000
0.000 0.000 0.000 0.000 0.000 0.000 0.000 0.000 0.000 0.000 0.000 0.000 0.001 0.003 0.021 0.134 0.513 1.189 2.027 3.013 4.178 5.168 5.788 6.073 6.136 6.097 5.963 5.696 5.312 4.890 4.494 4.120 3.729 3.331 3.014 2.811 2.715 2.648 2.555 2.418 2.240 2.019 1.714 1.311 0.891 0.569 0.345 0.197 0.103 0.049 0.021 0.008 0.003 0.001 0.000 0.000 0.000 0.000 0.000 0.000 0.000 0.000 0.000 0.000 0.000 0.000 0.000 0.000 0.000 0.000 0.000 0.000 0.000 0.000 0.000 0.000 0.000
0.000 0.000 0.000 0.000 0.000 0.000 0.000 0.000 0.000 0.001 0.001 0.002 0.003 0.006 0.022 0.127 0.486 1.141 1.972 2.950 4.161 5.348 6.142 6.507 6.579 6.519 6.282 5.895 5.423 4.949 4.502 4.052 3.546 2.985 2.486 2.128 1.931 1.822 1.726 1.623 1.524 1.426 1.267 0.983 0.623 0.355 0.192 0.097 0.045 0.019 0.007 0.002 0.001 0.000 0.000 0.000 0.000 0.000 0.000 0.000 0.000 0.000 0.000 0.000 0.000 0.000 0.000 0.000 0.000 0.000 0.000 0.000 0.000 0.000 0.000 0.000 0.000
0.001 0.002 0.002 0.002 0.002 0.002 0.002 0.002 0.002 0.002 0.003 0.005 0.006 0.007 0.016 0.085 0.366 0.951 1.769 2.750 3.984 5.327 6.262 6.710 6.794 6.707 6.403 5.971 5.462 4.962 4.435 3.879 3.262 2.567 1.910 1.411 1.092 0.901 0.771 0.678 0.631 0.614 0.590 0.498 0.324 0.177 0.088 0.041 0.018 0.007 0.002 0.001 0.000 0.000 0.000 0.000 0.000 0.000 0.000 0.000 0.000 0.000 0.000 0.000 0.000 0.000 0.000 0.000 0.000 0.000 0.000 0.000 0.000 0.000 0.000 0.000 0.000
