RESULTS/r.avaflow_results/32_results/32_ascii/32_hflow0057.asc
ncols 506
nrows 317
xllcenter 498237.50
yllcenter 5580050.00
cellsize 12.50
NODATA_value -9999.000
[rows 170 to 203 of 317, columns 154 to 230 of 506]
8.861 8.761 8.668 8.551 8.397 8.206 8.041 7.903 7.762 7.605 7.458 7.330 7.185 6.935 6.476 5.769 4.889 3.997 3.152 2.356 1.632 1.022 0.586 0.340 0.224 0.173 0.158 0.158 0.162 0.177 0.205 0.251 0.296 0.324 0.341 0.354 0.375 0.416 0.439 0.439 0.419 0.397 0.394 0.398 0.398 0.384 0.344 0.278 0.207 0.148 0.107 0.082 0.067 0.058 0.054 0.052 0.053 0.055 0.059 0.062 0.064 0.063 0.063 0.062 0.061 0.061 0.063 0.073 0.102 0.169 0.238 0.265 0.260 0.211 0.135 0.086 0.063
12.255 12.473 12.617 12.664 12.631 12.486 12.272 12.048 11.812 11.541 11.261 11.006 10.757 10.460 10.000 9.290 8.323 7.166 5.917 4.640 3.410 2.326 1.455 0.860 0.524 0.355 0.276 0.248 0.244 0.259 0.294 0.348 0.392 0.408 0.409 0.405 0.409 0.428 0.439 0.431 0.398 0.368 0.356 0.349 0.336 0.302 0.232 0.150 0.094 0.066 0.051 0.043 0.038 0.036 0.036 0.037 0.040 0.044 0.048 0.050 0.050 0.048 0.047 0.044 0.043 0.044 0.046 0.054 0.075 0.124 0.200 0.251 0.267 0.257 0.214 0.155 0.107
15.813 16.354 16.583 16.585 16.444 16.161 15.816 15.476 15.138 14.780 14.413 14.084 13.784 13.474 13.045 12.361 11.395 10.232 8.957 7.548 5.996 4.445 3.071 1.985 1.244 0.791 0.532 0.400 0.343 0.326 0.338 0.371 0.403 0.412 0.406 0.391 0.385 0.387 0.383 0.354 0.294 0.247 0.221 0.201 0.178 0.142 0.095 0.060 0.042 0.033 0.028 0.026 0.025 0.024 0.025 0.027 0.030 0.035 0.038 0.039 0.039 0.038 0.036 0.034 0.033 0.033 0.035 0.040 0.053 0.083 0.143 0.215 0.260 0.278 0.275 0.248 0.194
18.690 19.550 19.877 19.851 19.640 19.287 18.902 18.541 18.178 17.791 17.382 17.017 16.700 16.389 15.981 15.304 14.306 13.082 11.763 10.382 8.873 7.181 5.425 3.826 2.564 1.661 1.065 0.706 0.507 0.405 0.361 0.351 0.359 0.359 0.345 0.316 0.294 0.274 0.250 0.201 0.142 0.108 0.090 0.080 0.070 0.056 0.039 0.028 0.023 0.020 0.018 0.017 0.017 0.017 0.018 0.020 0.023 0.027 0.030 0.030 0.030 0.029 0.028 0.027 0.027 0.027 0.028 0.032 0.039 0.054 0.084 0.145 0.221 0.275 0.291 0.289 0.263
20.376 21.454 21.996 22.123 22.039 21.837 21.599 21.361 21.086 20.733 20.314 19.915 19.569 19.226 18.799 18.120 17.126 15.884 14.512 13.074 11.566 9.930 8.106 6.157 4.375 2.945 1.894 1.191 0.753 0.496 0.359 0.291 0.259 0.240 0.214 0.180 0.158 0.142 0.124 0.094 0.065 0.049 0.041 0.036 0.032 0.027 0.021 0.017 0.014 0.013 0.012 0.012 0.012 0.012 0.013 0.015 0.017 0.020 0.022 0.023 0.023 0.023 0.022 0.022 0.022 0.023 0.024 0.026 0.030 0.038 0.052 0.082 0.146 0.233 0.282 0.291 0.282
20.753 21.935 22.732 23.174 23.408 23.556 23.639 23.632 23.528 23.280 22.867 22.366 21.956 21.573 21.131 20.494 19.611 18.482 17.129 15.601 13.959 12.200 10.244 8.002 5.758 3.897 2.478 1.504 0.895 0.538 0.341 0.237 0.181 0.141 0.108 0.088 0.079 0.072 0.063 0.048 0.034 0.027 0.023 0.021 0.018 0.015 0.013 0.011 0.010 0.009 0.009 0.009 0.009 0.009 0.010 0.011 0.012 0.015 0.017 0.017 0.018 0.018 0.018 0.018 0.019 0.020 0.021 0.023 0.025 0.030 0.037 0.053 0.086 0.157 0.233 0.267 0.273
20.356 21.628 22.615 23.277 23.809 24.301 24.639 24.788 24.814 24.699 24.314 23.679 23.215 22.877 22.488 21.925 21.196 20.269 19.037 17.465 15.652 13.693 11.534 9.037 6.443 4.296 2.680 1.586 0.920 0.535 0.317 0.197 0.129 0.084 0.057 0.046 0.042 0.039 0.034 0.027 0.021 0.017 0.015 0.013 0.011 0.010 0.009 0.008 0.007 0.006 0.006 0.006 0.006 0.006 0.007 0.008 0.009 0.011 0.012 0.013 0.014 0.014 0.015 0.016 0.017 0.017 0.019 0.020 0.022 0.025 0.031 0.040 0.059 0.096 0.154 0.205 0.237
19.316 20.742 21.987 22.963 23.750 24.380 24.754 24.913 24.977 24.935 24.586 23.879 23.392 23.138 22.821 22.291 21.621 20.809 19.693 18.155 16.262 14.166 11.877 9.256 6.524 4.280 2.616 1.511 0.853 0.477 0.265 0.146 0.081 0.048 0.033 0.027 0.024 0.022 0.020 0.016 0.013 0.012 0.010 0.009 0.008 0.007 0.006 0.005 0.005 0.004 0.004 0.004 0.004 0.004 0.004 0.005 0.006 0.007 0.009 0.010 0.011 0.011 0.012 0.013 0.014 0.015 0.017 0.018 0.020 0.023 0.027 0.034 0.045 0.065 0.097 0.136 0.176
18.048 19.616 21.039 22.265 23.262 23.955 24.288 24.394 24.425 24.361 24.027 23.341 22.814 22.542 22.223 21.687 21.024 20.265 19.241 17.789 15.922 13.793 11.442 8.766 6.042 3.829 2.220 1.194 0.623 0.320 0.162 0.081 0.044 0.027 0.020 0.017 0.015 0.014 0.012 0.010 0.009 0.008 0.007 0.006 0.005 0.005 0.004 0.003 0.003 0.002 0.002 0.002 0.002 0.002 0.002 0.003 0.004 0.005 0.006 0.007 0.008 0.009 0.010 0.011 0.012 0.013 0.015 0.016 0.018 0.021 0.025 0.030 0.038 0.050 0.069 0.093 0.122
16.743 18.368 19.823 21.085 22.086 22.772 23.115 23.188 23.093 22.793 22.437 21.994 21.500 20.939 20.348 19.729 19.076 18.400 17.528 16.212 14.411 12.275 9.900 7.277 4.772 2.781 1.401 0.615 0.266 0.128 0.067 0.038 0.024 0.017 0.013 0.011 0.010 0.009 0.008 0.007 0.007 0.006 0.005 0.004 0.003 0.003 0.002 0.002 0.001 0.001 0.001 0.001 0.001 0.001 0.001 0.002 0.002 0.003 0.004 0.005 0.006 0.007 0.008 0.009 0.010 0.011 0.013 0.015 0.017 0.019 0.023 0.027 0.034 0.043 0.055 0.072 0.091
15.193 16.752 18.149 19.357 20.321 21.058 21.551 21.696 21.501 20.993 20.776 20.698 20.328 19.420 18.503 17.788 17.087 16.302 15.281 13.844 11.951 9.703 7.239 4.829 2.818 1.405 0.582 0.205 0.083 0.045 0.029 0.020 0.014 0.011 0.010 0.009 0.008 0.007 0.006 0.005 0.004 0.004 0.003 0.002 0.002 0.001 0.001 0.001 0.001 0.000 0.000 0.000 0.000 0.000 0.000 0.001 0.001 0.001 0.002 0.003 0.004 0.005 0.006 0.007 0.008 0.010 0.011 0.013 0.015 0.018 0.021 0.026 0.032 0.040 0.050 0.062 0.077
13.203 14.596 15.976 17.299 18.489 19.536 20.313 20.595 20.425 19.926 19.786 19.751 19.321 18.248 17.254 16.498 15.690 14.618 13.156 11.261 8.940 6.300 3.893 2.199 1.136 0.506 0.183 0.062 0.031 0.021 0.015 0.012 0.010 0.008 0.007 0.006 0.006 0.005 0.004 0.003 0.003 0.002 0.002 0.001 0.001 0.001 0.000 0.000 0.000 0.000 0.000 0.000 0.000 0.000 0.000 0.000 0.000 0.001 0.001 0.002 0.002 0.003 0.004 0.005 0.007 0.008 0.010 0.012 0.014 0.017 0.020 0.025 0.032 0.039 0.048 0.058 0.069
10.979 12.272 13.698 15.224 16.698 18.025 19.047 19.496 19.418 19.008 18.712 18.396 17.734 16.682 15.772 14.978 14.025 12.628 10.668 8.119 5.265 2.818 1.333 0.605 0.283 0.127 0.050 0.024 0.015 0.012 0.010 0.009 0.007 0.006 0.005 0.004 0.004 0.003 0.002 0.002 0.001 0.001 0.001 0.000 0.000 0.000 0.000 0.000 0.000 0.000 0.000 0.000 0.000 0.000 0.000 0.000 0.000 0.000 0.000 0.001 0.001 0.002 0.003 0.004 0.005 0.007 0.009 0.011 0.013 0.016 0.020 0.025 0.032 0.040 0.048 0.056 0.064
9.086 10.293 11.616 13.097 14.592 15.950 17.050 17.628 17.672 17.300 16.610 15.764 14.847 13.938 13.125 12.227 11.001 9.167 6.595 3.903 1.848 0.697 0.231 0.099 0.056 0.032 0.018 0.013 0.010 0.009 0.007 0.006 0.005 0.004 0.004 0.003 0.002 0.002 0.001 0.001 0.000 0.000 0.000 0.000 0.000 0.000 0.000 0.000 0.000 0.000 0.000 0.000 0.000 0.000 0.000 0.000 0.000 0.000 0.000 0.000 0.000 0.001 0.002 0.003 0.004 0.006 0.007 0.010 0.012 0.016 0.020 0.025 0.033 0.041 0.048 0.054 0.061
7.380 8.423 9.476 10.561 11.614 12.617 13.588 14.194 14.312 13.994 13.126 11.905 10.751 9.772 8.764 7.569 5.999 4.070 2.195 0.917 0.285 0.078 0.036 0.025 0.019 0.014 0.011 0.009 0.008 0.006 0.005 0.004 0.004 0.003 0.002 0.002 0.001 0.001 0.000 0.000 0.000 0.000 0.000 0.000 0.000 0.000 0.000 0.000 0.000 0.000 0.000 0.000 0.000 0.000 0.000 0.000 0.000 0.000 0.000 0.000 0.000 0.000 0.001 0.002 0.003 0.005 0.007 0.009 0.012 0.015 0.020 0.026 0.034 0.042 0.049 0.054 0.060
5.547 6.228 6.675 6.962 7.232 7.626 8.281 8.871 9.086 8.942 8.249 7.013 5.621 4.480 3.549 2.698 1.778 0.881 0.320 0.089 0.031 0.020 0.015 0.013 0.011 0.009 0.008 0.006 0.005 0.004 0.004 0.003 0.002 0.002 0.001 0.001 0.000 0.000 0.000 0.000 0.000 0.000 0.000 0.000 0.000 0.000 0.000 0.000 0.000 0.000 0.000 0.000 0.000 0.000 0.000 0.000 0.000 0.000 0.000 0.000 0.000 0.000 0.000 0.001 0.002 0.004 0.006 0.008 0.011 0.015 0.019 0.026 0.034 0.042 0.049 0.055 0.060
3.008 3.082 3.013 2.896 2.814 2.854 3.082 3.397 3.539 3.510 3.221 2.601 1.770 1.117 0.717 0.463 0.243 0.093 0.035 0.019 0.014 0.011 0.010 0.009 0.007 0.006 0.005 0.004 0.003 0.003 0.002 0.002 0.001 0.001 0.000 0.000 0.000 0.000 0.000 0.000 0.000 0.000 0.000 0.000 0.000 0.000 0.000 0.000 0.000 0.000 0.000 0.000 0.000 0.000 0.000 0.000 0.000 0.000 0.000 0.000 0.000 0.000 0.000 0.001 0.001 0.003 0.005 0.007 0.010 0.014 0.019 0.025 0.032 0.041 0.048 0.056 0.063
1.004 0.888 0.793 0.703 0.636 0.609 0.632 0.699 0.723 0.712 0.642 0.483 0.266 0.140 0.090 0.059 0.034 0.020 0.014 0.011 0.009 0.008 0.007 0.006 0.005 0.004 0.003 0.003 0.002 0.001 0.001 0.001 0.000 0.000 0.000 0.000 0.000 0.000 0.000 0.000 0.000 0.000 0.000 0.000 0.000 0.000 0.000 0.000 0.000 0.000 0.000 0.000 0.000 0.000 0.000 0.000 0.000 0.000 0.000 0.000 0.000 0.000 0.000 0.000 0.001 0.002 0.004 0.006 0.009 0.013 0.017 0.023 0.030 0.038 0.047 0.059 0.072
0.214 0.168 0.150 0.136 0.121 0.110 0.108 0.111 0.109 0.105 0.094 0.070 0.041 0.029 0.023 0.018 0.014 0.011 0.009 0.008 0.007 0.006 0.005 0.004 0.003 0.003 0.002 0.001 0.001 0.001 0.000 0.000 0.000 0.000 0.000 0.000 0.000 0.000 0.000 0.000 0.000 0.000 0.000 0.000 0.000 0.000 0.000 0.000 0.000 0.000 0.000 0.000 0.000 0.000 0.000 0.000 0.000 0.000 0.000 0.000 0.000 0.000 0.000 0.000 0.001 0.001 0.003 0.005 0.008 0.011 0.015 0.020 0.026 0.034 0.045 0.062 0.081
0.051 0.043 0.041 0.040 0.038 0.034 0.033 0.031 0.030 0.028 0.026 0.021 0.017 0.014 0.012 0.010 0.009 0.008 0.007 0.006 0.005 0.004 0.003 0.002 0.002 0.001 0.001 0.000 0.000 0.000 0.000 0.000 0.000 0.000 0.000 0.000 0.000 0.000 0.000 0.000 0.000 0.000 0.000 0.000 0.000 0.000 0.000 0.000 0.000 0.000 0.000 0.000 0.000 0.000 0.000 0.000 0.000 0.000 0.000 0.000 0.000 0.000 0.000 0.000 0.000 0.001 0.002 0.004 0.006 0.009 0.013 0.017 0.023 0.030 0.042 0.060 0.083
0.021 0.020 0.020 0.019 0.019 0.017 0.016 0.015 0.015 0.014 0.013 0.012 0.010 0.009 0.008 0.007 0.006 0.005 0.004 0.004 0.003 0.002 0.002 0.001 0.001 0.000 0.000 0.000 0.000 0.000 0.000 0.000 0.000 0.000 0.000 0.000 0.000 0.000 0.000 0.000 0.000 0.000 0.000 0.000 0.000 0.000 0.000 0.000 0.000 0.000 0.000 0.000 0.000 0.000 0.000 0.000 0.000 0.000 0.000 0.000 0.000 0.000 0.000 0.000 0.000 0.000 0.001 0.002 0.004 0.007 0.010 0.013 0.018 0.024 0.035 0.051 0.074
0.013 0.012 0.012 0.012 0.011 0.011 0.010 0.010 0.009 0.009 0.009 0.008 0.007 0.007 0.006 0.005 0.004 0.003 0.003 0.002 0.002 0.001 0.001 0.000 0.000 0.000 0.000 0.000 0.000 0.000 0.000 0.000 0.000 0.000 0.000 0.000 0.000 0.000 0.000 0.000 0.000 0.000 0.000 0.000 0.000 0.000 0.000 0.000 0.000 0.000 0.000 0.000 0.000 0.000 0.000 0.000 0.000 0.000 0.000 0.000 0.000 0.000 0.000 0.000 0.000 0.000 0.001 0.001 0.003 0.005 0.007 0.010 0.013 0.017 0.023 0.034 0.050
0.008 0.008 0.008 0.008 0.008 0.007 0.007 0.007 0.006 0.006 0.006 0.005 0.005 0.004 0.004 0.003 0.002 0.002 0.001 0.001 0.001 0.000 0.000 0.000 0.000 0.000 0.000 0.000 0.000 0.000 0.000 0.000 0.000 0.000 0.000 0.000 0.000 0.000 0.000 0.000 0.000 0.000 0.000 0.000 0.000 0.000 0.000 0.000 0.000 0.000 0.000 0.000 0.000 0.000 0.000 0.000 0.000 0.000 0.000 0.000 0.000 0.000 0.000 0.000 0.000 0.000 0.000 0.001 0.002 0.003 0.005 0.007 0.009 0.012 0.016 0.021 0.029
0.005 0.005 0.005 0.005 0.005 0.005 0.004 0.004 0.004 0.004 0.003 0.003 0.003 0.002 0.002 0.002 0.001 0.001 0.000 0.000 0.000 0.000 0.000 0.000 0.000 0.000 0.000 0.000 0.000 0.000 0.000 0.000 0.000 0.000 0.000 0.000 0.000 0.000 0.000 0.000 0.000 0.000 0.000 0.000 0.000 0.000 0.000 0.000 0.000 0.000 0.000 0.000 0.000 0.000 0.000 0.000 0.000 0.000 0.000 0.000 0.000 0.000 0.000 0.000 0.000 0.000 0.000 0.000 0.001 0.002 0.003 0.004 0.006 0.008 0.011 0.014 0.018
0.003 0.003 0.003 0.003 0.003 0.002 0.002 0.002 0.002 0.002 0.002 0.002 0.001 0.001 0.001 0.001 0.000 0.000 0.000 0.000 0.000 0.000 0.000 0.000 0.000 0.000 0.000 0.000 0.000 0.000 0.000 0.000 0.000 0.000 0.000 0.000 0.000 0.000 0.000 0.000 0.000 0.000 0.000 0.000 0.000 0.000 0.000 0.000 0.000 0.000 0.000 0.000 0.000 0.000 0.000 0.000 0.000 0.000 0.000 0.000 0.000 0.000 0.000 0.000 0.000 0.000 0.000 0.000 0.000 0.001 0.002 0.003 0.004 0.006 0.007 0.009 0.012
0.001 0.001 0.001 0.001 0.001 0.001 0.001 0.001 0.001 0.001 0.001 0.000 0.000 0.000 0.000 0.000 0.000 0.000 0.000 0.000 0.000 0.000 0.000 0.000 0.000 0.000 0.000 0.000 0.000 0.000 0.000 0.000 0.000 0.000 0.000 0.000 0.000 0.000 0.000 0.000 0.000 0.000 0.000 0.000 0.000 0.000 0.000 0.000 0.000 0.000 0.000 0.000 0.000 0.000 0.000 0.000 0.000 0.000 0.000 0.000 0.000 0.000 0.000 0.000 0.000 0.000 0.000 0.000 0.000 0.000 0.001 0.001 0.002 0.003 0.005 0.006 0.008
0.000 0.000 0.000 0.000 0.000 0.000 0.000 0.000 0.000 0.000 0.000 0.000 0.000 0.000 0.000 0.000 0.000 0.000 0.000 0.000 0.000 0.000 0.000 0.000 0.000 0.000 0.000 0.000 0.000 0.000 0.000 0.000 0.000 0.000 0.000 0.000 0.000 0.000 0.000 0.000 0.000 0.000 0.000 0.000 0.000 0.000 0.000 0.000 0.000 0.000 0.000 0.000 0.000 0.000 0.000 0.000 0.000 0.000 0.000 0.000 0.000 0.000 0.000 0.000 0.000 0.000 0.000 0.000 0.000 0.000 0.000 0.001 0.001 0.002 0.003 0.004 0.005
0.000 0.000 0.000 0.000 0.000 0.000 0.000 0.000 0.000 0.000 0.000 0.000 0.000 0.000 0.000 0.000 0.000 0.000 0.000 0.000 0.000 0.000 0.000 0.000 0.000 0.000 0.000 0.000 0.000 0.000 0.000 0.000 0.000 0.000 0.000 0.000 0.000 0.000 0.000 0.000 0.000 0.000 0.000 0.000 0.000 0.000 0.000 0.000 0.000 0.000 0.000 0.000 0.000 0.000 0.000 0.000 0.000 0.000 0.000 0.000 0.000 0.000 0.000 0.000 0.000 0.000 0.000 0.000 0.000 0.000 0.000 0.000 0.000 0.001 0.002 0.002 0.003
0.000 0.000 0.000 0.000 0.000 0.000 0.000 0.000 0.000 0.000 0.000 0.000 0.000 0.000 0.000 0.000 0.000 0.000 0.000 0.000 0.000 0.000 0.000 0.000 0.000 0.000 0.000 0.000 0.000 0.000 0.000 0.000 0.000 0.000 0.000 0.000 0.000 0.000 0.000 0.000 0.000 0.000 0.000 0.000 0.000 0.000 0.000 0.000 0.000 0.000 0.000 0.000 0.000 0.000 0.000 0.000 0.000 0.000 0.000 0.000 0.000 0.000 0.000 0.000 0.000 0.000 0.000 0.000 0.000 0.000 0.000 0.000 0.000 0.000 0.001 0.001 0.002
0.000 0.000 0.000 0.000 0.000 0.000 0.000 0.000 0.000 0.000 0.000 0.000 0.000 0.000 0.000 0.000 0.000 0.000 0.000 0.000 0.000 0.000 0.000 0.000 0.000 0.000 0.000 0.000 0.000 0.000 0.000 0.000 0.000 0.000 0.000 0.000 0.000 0.000 0.000 0.000 0.000 0.000 0.000 0.000 0.000 0.000 0.000 0.000 0.000 0.000 0.000 0.000 0.000 0.000 0.000 0.000 0.000 0.000 0.000 0.000 0.000 0.000 0.000 0.000 0.000 0.000 0.000 0.000 0.000 0.000 0.000 0.000 0.000 0.000 0.000 0.000 0.001
0.000 0.000 0.000 0.000 0.000 0.000 0.000 0.000 0.000 0.000 0.000 0.000 0.000 0.000 0.000 0.000 0.000 0.000 0.000 0.000 0.000 0.000 0.000 0.000 0.000 0.000 0.000 0.000 0.000 0.000 0.000 0.000 0.000 0.000 0.000 0.000 0.000 0.000 0.000 0.000 0.000 0.000 0.000 0.000 0.000 0.000 0.000 0.000 0.000 0.000 0.000 0.000 0.000 0.000 0.000 0.000 0.000 0.000 0.000 0.000 0.000 0.000 0.000 0.000 0.000 0.000 0.000 0.000 0.000 0.000 0.000 0.000 0.000 0.000 0.000 0.000 0.000
0.000 0.000 0.000 0.000 0.000 0.000 0.000 0.000 0.000 0.000 0.000 0.000 0.000 0.000 0.000 0.000 0.000 0.000 0.000 0.000 0.000 0.000 0.000 0.000 0.000 0.000 0.000 0.000 0.000 0.000 0.000 0.000 0.000 0.000 0.000 0.000 0.000 0.000 0.000 0.000 0.000 0.000 0.000 0.000 0.000 0.000 0.000 0.000 0.000 0.000 0.000 0.000 0.000 0.000 0.000 0.000 0.000 0.000 0.000 0.000 0.000 0.000 0.000 0.000 0.000 0.000 0.000 0.000 0.000 0.000 0.000 0.000 0.000 0.000 0.000 0.000 0.000
0.000 0.000 0.000 0.000 0.000 0.000 0.000 0.000 0.000 0.000 0.000 0.000 0.000 0.000 0.000 0.000 0.000 0.000 0.000 0.000 0.000 0.000 0.000 0.000 0.000 0.000 0.000 0.000 0.000 0.000 0.000 0.000 0.000 0.000 0.000 0.000 0.000 0.000 0.000 0.000 0.000 0.000 0.000 0.000 0.000 0.000 0.000 0.000 0.000 0.000 0.000 0.000 0.000 0.000 0.000 0.000 0.000 0.000 0.000 0.000 0.000 0.000 0.000 0.000 0.000 0.000 0.000 0.000 0.000 0.000 0.000 0.000 0.000 0.000 0.000 0.000 0.000
0.000 0.000 0.000 0.000 0.000 0.000 0.000 0.000 0.000 0.000 0.000 0.000 0.000 0.000 0.000 0.000 0.000 0.000 0.000 0.000 0.000 0.000 0.000 0.000 0.000 0.000 0.000 0.000 0.000 0.000 0.000 0.000 0.000 0.000 0.000 0.000 0.000 0.000 0.000 0.000 0.000 0.000 0.000 0.000 0.000 0.000 0.000 0.000 0.000 0.000 0.000 0.000 0.000 0.000 0.000 0.000 0.000 0.000 0.000 0.000 0.000 0.000 0.000 0.000 0.000 0.000 0.000 0.000 0.000 0.000 0.000 0.000 0.000 0.000 0.000 0.000 0.000
