RESULTS/r.avaflow_results/32_results/32_ascii/32_hflow30042.asc
ncols 506
nrows 317
xllcenter 498237.50
yllcenter 5580050.00
cellsize 12.50
NODATA_value -9999.000
[rows 170 to 203 of 317, columns 154 to 230 of 506]
8.738 8.658 8.576 8.469 8.323 8.136 7.972 7.836 7.697 7.540 7.393 7.265 7.120 6.872 6.414 5.710 4.835 3.949 3.113 2.327 1.614 1.011 0.579 0.333 0.215 0.162 0.144 0.142 0.145 0.156 0.180 0.218 0.254 0.277 0.292 0.305 0.326 0.368 0.394 0.396 0.384 0.370 0.372 0.385 0.391 0.382 0.349 0.289 0.221 0.159 0.115 0.088 0.071 0.062 0.057 0.055 0.055 0.057 0.061 0.063 0.065 0.065 0.065 0.065 0.065 0.066 0.069 0.078 0.104 0.156 0.201 0.216 0.206 0.162 0.108 0.075 0.059
12.137 12.380 12.538 12.601 12.572 12.426 12.213 11.993 11.759 11.489 11.211 10.958 10.711 10.416 9.958 9.250 8.283 7.128 5.884 4.614 3.392 2.313 1.446 0.850 0.511 0.337 0.256 0.225 0.219 0.231 0.261 0.308 0.342 0.354 0.354 0.352 0.358 0.380 0.393 0.389 0.364 0.342 0.336 0.336 0.328 0.299 0.235 0.155 0.099 0.069 0.054 0.045 0.040 0.038 0.037 0.039 0.041 0.045 0.049 0.051 0.050 0.049 0.047 0.045 0.044 0.045 0.047 0.054 0.074 0.116 0.173 0.208 0.219 0.210 0.179 0.137 0.101
15.683 16.246 16.491 16.511 16.380 16.101 15.760 15.426 15.090 14.735 14.372 14.046 13.749 13.442 13.015 12.336 11.373 10.212 8.940 7.534 5.985 4.436 3.062 1.975 1.230 0.769 0.505 0.370 0.311 0.294 0.304 0.331 0.355 0.361 0.354 0.342 0.340 0.345 0.344 0.321 0.269 0.230 0.209 0.193 0.173 0.141 0.097 0.062 0.043 0.034 0.030 0.027 0.026 0.025 0.026 0.028 0.031 0.036 0.038 0.039 0.039 0.037 0.035 0.033 0.033 0.033 0.034 0.039 0.051 0.077 0.127 0.181 0.215 0.232 0.234 0.217 0.179
18.558 19.440 19.784 19.777 19.576 19.229 18.850 18.495 18.136 17.753 17.348 16.987 16.672 16.364 15.960 15.287 14.293 13.072 11.755 10.378 8.873 7.181 5.424 3.821 2.552 1.639 1.034 0.668 0.468 0.367 0.324 0.314 0.319 0.318 0.305 0.280 0.264 0.249 0.228 0.185 0.132 0.102 0.086 0.077 0.069 0.057 0.040 0.029 0.023 0.020 0.019 0.018 0.018 0.018 0.019 0.020 0.023 0.027 0.029 0.029 0.029 0.028 0.026 0.026 0.025 0.026 0.027 0.030 0.037 0.051 0.077 0.125 0.185 0.231 0.249 0.250 0.233
20.248 21.348 21.906 22.049 21.974 21.781 21.550 21.318 21.048 20.700 20.285 19.890 19.548 19.208 18.785 18.109 17.120 15.881 14.512 13.077 11.571 9.937 8.114 6.164 4.371 2.929 1.864 1.148 0.706 0.453 0.322 0.260 0.232 0.216 0.194 0.165 0.146 0.133 0.116 0.089 0.062 0.047 0.040 0.036 0.032 0.027 0.021 0.017 0.015 0.013 0.013 0.013 0.013 0.013 0.013 0.015 0.017 0.019 0.021 0.021 0.021 0.021 0.020 0.020 0.020 0.021 0.022 0.024 0.028 0.035 0.048 0.073 0.125 0.198 0.241 0.252 0.247
20.628 21.831 22.645 23.101 23.345 23.503 23.590 23.591 23.492 23.250 22.841 22.343 21.938 21.559 21.120 20.488 19.609 18.483 17.133 15.608 13.968 12.210 10.257 8.018 5.765 3.891 2.459 1.467 0.847 0.493 0.305 0.210 0.161 0.127 0.099 0.082 0.074 0.069 0.060 0.046 0.034 0.027 0.023 0.021 0.018 0.016 0.013 0.011 0.010 0.009 0.009 0.009 0.009 0.009 0.010 0.010 0.012 0.014 0.015 0.015 0.016 0.016 0.016 0.016 0.016 0.017 0.018 0.020 0.023 0.027 0.035 0.049 0.077 0.135 0.199 0.230 0.239
20.230 21.525 22.529 23.207 23.749 24.249 24.594 24.749 24.780 24.671 24.291 23.660 23.200 22.867 22.481 21.922 21.197 20.272 19.044 17.475 15.665 13.706 11.550 9.060 6.458 4.299 2.670 1.555 0.875 0.492 0.284 0.175 0.115 0.076 0.053 0.044 0.040 0.038 0.034 0.027 0.021 0.018 0.015 0.013 0.012 0.010 0.009 0.008 0.007 0.007 0.006 0.006 0.006 0.006 0.007 0.007 0.008 0.009 0.010 0.011 0.011 0.012 0.012 0.013 0.013 0.014 0.016 0.018 0.020 0.023 0.029 0.038 0.054 0.085 0.134 0.177 0.208
19.190 20.642 21.904 22.895 23.692 24.330 24.712 24.877 24.947 24.909 24.566 23.864 23.382 23.130 22.817 22.292 21.624 20.815 19.703 18.169 16.278 14.184 11.897 9.283 6.545 4.289 2.612 1.487 0.815 0.442 0.240 0.131 0.073 0.044 0.031 0.026 0.024 0.022 0.020 0.017 0.014 0.012 0.010 0.009 0.008 0.007 0.006 0.005 0.005 0.004 0.004 0.004 0.004 0.004 0.004 0.004 0.005 0.006 0.007 0.007 0.008 0.009 0.009 0.010 0.011 0.012 0.013 0.015 0.018 0.021 0.025 0.032 0.042 0.060 0.087 0.120 0.156
17.926 19.518 20.959 22.200 23.207 23.908 24.249 24.362 24.399 24.340 24.011 23.331 22.809 22.540 22.223 21.692 21.032 20.275 19.255 17.806 15.943 13.815 11.467 8.800 6.071 3.847 2.227 1.185 0.603 0.302 0.150 0.075 0.041 0.026 0.019 0.016 0.015 0.014 0.012 0.011 0.009 0.008 0.007 0.007 0.006 0.005 0.004 0.003 0.003 0.002 0.002 0.002 0.002 0.002 0.002 0.002 0.003 0.004 0.004 0.005 0.005 0.006 0.007 0.007 0.008 0.010 0.011 0.013 0.016 0.019 0.023 0.028 0.036 0.048 0.064 0.085 0.110
16.628 18.277 19.749 21.023 22.034 22.729 23.081 23.162 23.074 22.778 22.427 21.990 21.501 20.945 20.357 19.742 19.093 18.420 17.551 16.237 14.438 12.304 9.934 7.319 4.811 2.812 1.423 0.623 0.263 0.123 0.063 0.036 0.023 0.016 0.013 0.011 0.010 0.009 0.009 0.008 0.007 0.006 0.005 0.004 0.004 0.003 0.002 0.002 0.002 0.001 0.001 0.001 0.001 0.001 0.001 0.001 0.001 0.002 0.002 0.003 0.003 0.004 0.005 0.006 0.007 0.008 0.010 0.012 0.014 0.017 0.021 0.026 0.033 0.042 0.053 0.068 0.085
15.086 16.666 18.079 19.299 20.275 21.021 21.521 21.673 21.485 20.984 20.771 20.697 20.331 19.430 18.517 17.805 17.107 16.327 15.309 13.875 11.983 9.740 7.286 4.882 2.865 1.437 0.600 0.212 0.083 0.044 0.027 0.019 0.014 0.011 0.009 0.009 0.008 0.007 0.006 0.005 0.004 0.004 0.003 0.003 0.002 0.002 0.001 0.001 0.001 0.000 0.000 0.000 0.000 0.000 0.000 0.000 0.000 0.001 0.001 0.001 0.002 0.002 0.003 0.004 0.005 0.006 0.008 0.010 0.013 0.016 0.020 0.025 0.032 0.040 0.049 0.061 0.074
13.099 14.513 15.910 17.247 18.447 19.502 20.285 20.574 20.412 19.920 19.784 19.751 19.325 18.260 17.269 16.516 15.711 14.644 13.185 11.294 8.979 6.346 3.941 2.241 1.166 0.523 0.190 0.064 0.031 0.020 0.015 0.012 0.010 0.008 0.007 0.006 0.006 0.005 0.004 0.003 0.003 0.002 0.002 0.001 0.001 0.001 0.000 0.000 0.000 0.000 0.000 0.000 0.000 0.000 0.000 0.000 0.000 0.000 0.000 0.000 0.001 0.001 0.002 0.003 0.004 0.005 0.007 0.009 0.012 0.015 0.019 0.025 0.031 0.039 0.048 0.058 0.069
10.878 12.192 13.636 15.176 16.660 17.995 19.022 19.477 19.406 19.004 18.711 18.400 17.743 16.697 15.789 14.998 14.050 12.656 10.700 8.156 5.306 2.855 1.362 0.624 0.293 0.131 0.052 0.024 0.015 0.012 0.010 0.008 0.007 0.006 0.005 0.004 0.004 0.003 0.002 0.002 0.001 0.001 0.001 0.000 0.000 0.000 0.000 0.000 0.000 0.000 0.000 0.000 0.000 0.000 0.000 0.000 0.000 0.000 0.000 0.000 0.000 0.000 0.001 0.002 0.003 0.004 0.006 0.008 0.011 0.014 0.019 0.024 0.032 0.040 0.049 0.057 0.065
8.988 10.217 11.559 13.054 14.559 15.925 17.032 17.615 17.665 17.299 16.615 15.775 14.863 13.958 13.148 12.253 11.031 9.202 6.633 3.937 1.874 0.713 0.239 0.102 0.058 0.033 0.018 0.013 0.010 0.009 0.007 0.006 0.005 0.004 0.004 0.003 0.002 0.002 0.001 0.001 0.000 0.000 0.000 0.000 0.000 0.000 0.000 0.000 0.000 0.000 0.000 0.000 0.000 0.000 0.000 0.000 0.000 0.000 0.000 0.000 0.000 0.000 0.000 0.001 0.002 0.003 0.005 0.007 0.010 0.014 0.019 0.025 0.034 0.043 0.050 0.056 0.063
7.278 8.348 9.424 10.525 11.588 12.599 13.577 14.188 14.313 14.000 13.139 11.923 10.773 9.799 8.793 7.601 6.034 4.103 2.221 0.933 0.292 0.081 0.037 0.025 0.019 0.014 0.011 0.009 0.007 0.006 0.005 0.004 0.003 0.003 0.002 0.002 0.001 0.001 0.000 0.000 0.000 0.000 0.000 0.000 0.000 0.000 0.000 0.000 0.000 0.000 0.000 0.000 0.000 0.000 0.000 0.000 0.000 0.000 0.000 0.000 0.000 0.000 0.000 0.000 0.001 0.002 0.004 0.007 0.010 0.014 0.019 0.026 0.035 0.044 0.051 0.057 0.063
5.425 6.142 6.610 6.914 7.198 7.604 8.270 8.870 9.093 8.954 8.268 7.039 5.646 4.504 3.573 2.721 1.798 0.895 0.327 0.092 0.032 0.020 0.015 0.013 0.011 0.009 0.008 0.006 0.005 0.004 0.003 0.003 0.002 0.002 0.001 0.001 0.000 0.000 0.000 0.000 0.000 0.000 0.000 0.000 0.000 0.000 0.000 0.000 0.000 0.000 0.000 0.000 0.000 0.000 0.000 0.000 0.000 0.000 0.000 0.000 0.000 0.000 0.000 0.000 0.001 0.002 0.003 0.006 0.009 0.013 0.018 0.026 0.035 0.045 0.052 0.059 0.065
2.836 2.961 2.924 2.832 2.773 2.827 3.070 3.397 3.545 3.522 3.238 2.621 1.786 1.130 0.727 0.471 0.247 0.095 0.035 0.019 0.014 0.011 0.010 0.009 0.007 0.006 0.005 0.004 0.003 0.003 0.002 0.002 0.001 0.001 0.000 0.000 0.000 0.000 0.000 0.000 0.000 0.000 0.000 0.000 0.000 0.000 0.000 0.000 0.000 0.000 0.000 0.000 0.000 0.000 0.000 0.000 0.000 0.000 0.000 0.000 0.000 0.000 0.000 0.000 0.000 0.001 0.003 0.005 0.008 0.012 0.018 0.025 0.034 0.043 0.053 0.062 0.072
0.883 0.820 0.751 0.676 0.622 0.601 0.629 0.701 0.728 0.718 0.650 0.491 0.271 0.142 0.091 0.060 0.035 0.020 0.014 0.011 0.009 0.008 0.007 0.006 0.005 0.004 0.003 0.003 0.002 0.001 0.001 0.001 0.000 0.000 0.000 0.000 0.000 0.000 0.000 0.000 0.000 0.000 0.000 0.000 0.000 0.000 0.000 0.000 0.000 0.000 0.000 0.000 0.000 0.000 0.000 0.000 0.000 0.000 0.000 0.000 0.000 0.000 0.000 0.000 0.000 0.001 0.002 0.004 0.007 0.011 0.017 0.023 0.031 0.041 0.053 0.070 0.091
0.183 0.154 0.142 0.131 0.118 0.110 0.108 0.111 0.110 0.107 0.095 0.071 0.042 0.029 0.023 0.018 0.014 0.011 0.009 0.008 0.007 0.006 0.005 0.004 0.003 0.003 0.002 0.001 0.001 0.001 0.000 0.000 0.000 0.000 0.000 0.000 0.000 0.000 0.000 0.000 0.000 0.000 0.000 0.000 0.000 0.000 0.000 0.000 0.000 0.000 0.000 0.000 0.000 0.000 0.000 0.000 0.000 0.000 0.000 0.000 0.000 0.000 0.000 0.000 0.000 0.001 0.002 0.004 0.006 0.010 0.015 0.021 0.028 0.038 0.054 0.079 0.114
0.046 0.041 0.040 0.039 0.037 0.034 0.032 0.031 0.030 0.028 0.026 0.021 0.017 0.014 0.012 0.010 0.009 0.008 0.007 0.006 0.005 0.004 0.003 0.002 0.002 0.001 0.001 0.000 0.000 0.000 0.000 0.000 0.000 0.000 0.000 0.000 0.000 0.000 0.000 0.000 0.000 0.000 0.000 0.000 0.000 0.000 0.000 0.000 0.000 0.000 0.000 0.000 0.000 0.000 0.000 0.000 0.000 0.000 0.000 0.000 0.000 0.000 0.000 0.000 0.000 0.000 0.001 0.003 0.005 0.008 0.012 0.017 0.024 0.035 0.052 0.080 0.121
0.020 0.019 0.019 0.019 0.018 0.017 0.016 0.015 0.014 0.014 0.013 0.011 0.010 0.009 0.008 0.007 0.006 0.005 0.004 0.004 0.003 0.002 0.002 0.001 0.001 0.000 0.000 0.000 0.000 0.000 0.000 0.000 0.000 0.000 0.000 0.000 0.000 0.000 0.000 0.000 0.000 0.000 0.000 0.000 0.000 0.000 0.000 0.000 0.000 0.000 0.000 0.000 0.000 0.000 0.000 0.000 0.000 0.000 0.000 0.000 0.000 0.000 0.000 0.000 0.000 0.000 0.001 0.002 0.003 0.006 0.009 0.013 0.019 0.029 0.044 0.070 0.110
0.012 0.012 0.012 0.011 0.011 0.010 0.010 0.009 0.009 0.009 0.008 0.008 0.007 0.006 0.006 0.005 0.004 0.003 0.003 0.002 0.002 0.001 0.001 0.000 0.000 0.000 0.000 0.000 0.000 0.000 0.000 0.000 0.000 0.000 0.000 0.000 0.000 0.000 0.000 0.000 0.000 0.000 0.000 0.000 0.000 0.000 0.000 0.000 0.000 0.000 0.000 0.000 0.000 0.000 0.000 0.000 0.000 0.000 0.000 0.000 0.000 0.000 0.000 0.000 0.000 0.000 0.000 0.001 0.002 0.004 0.006 0.009 0.014 0.019 0.029 0.046 0.074
0.008 0.008 0.008 0.007 0.007 0.007 0.007 0.006 0.006 0.006 0.005 0.005 0.005 0.004 0.004 0.003 0.002 0.002 0.001 0.001 0.001 0.000 0.000 0.000 0.000 0.000 0.000 0.000 0.000 0.000 0.000 0.000 0.000 0.000 0.000 0.000 0.000 0.000 0.000 0.000 0.000 0.000 0.000 0.000 0.000 0.000 0.000 0.000 0.000 0.000 0.000 0.000 0.000 0.000 0.000 0.000 0.000 0.000 0.000 0.000 0.000 0.000 0.000 0.000 0.000 0.000 0.000 0.000 0.001 0.002 0.004 0.006 0.009 0.013 0.018 0.025 0.038
0.005 0.005 0.005 0.005 0.005 0.004 0.004 0.004 0.004 0.003 0.003 0.003 0.003 0.002 0.002 0.002 0.001 0.001 0.000 0.000 0.000 0.000 0.000 0.000 0.000 0.000 0.000 0.000 0.000 0.000 0.000 0.000 0.000 0.000 0.000 0.000 0.000 0.000 0.000 0.000 0.000 0.000 0.000 0.000 0.000 0.000 0.000 0.000 0.000 0.000 0.000 0.000 0.000 0.000 0.000 0.000 0.000 0.000 0.000 0.000 0.000 0.000 0.000 0.000 0.000 0.000 0.000 0.000 0.000 0.001 0.002 0.004 0.006 0.008 0.011 0.016 0.021
0.003 0.003 0.003 0.003 0.003 0.002 0.002 0.002 0.002 0.002 0.002 0.001 0.001 0.001 0.001 0.001 0.000 0.000 0.000 0.000 0.000 0.000 0.000 0.000 0.000 0.000 0.000 0.000 0.000 0.000 0.000 0.000 0.000 0.000 0.000 0.000 0.000 0.000 0.000 0.000 0.000 0.000 0.000 0.000 0.000 0.000 0.000 0.000 0.000 0.000 0.000 0.000 0.000 0.000 0.000 0.000 0.000 0.000 0.000 0.000 0.000 0.000 0.000 0.000 0.000 0.000 0.000 0.000 0.000 0.001 0.001 0.002 0.004 0.005 0.007 0.010 0.013
0.001 0.001 0.001 0.001 0.001 0.001 0.001 0.001 0.001 0.001 0.000 0.000 0.000 0.000 0.000 0.000 0.000 0.000 0.000 0.000 0.000 0.000 0.000 0.000 0.000 0.000 0.000 0.000 0.000 0.000 0.000 0.000 0.000 0.000 0.000 0.000 0.000 0.000 0.000 0.000 0.000 0.000 0.000 0.000 0.000 0.000 0.000 0.000 0.000 0.000 0.000 0.000 0.000 0.000 0.000 0.000 0.000 0.000 0.000 0.000 0.000 0.000 0.000 0.000 0.000 0.000 0.000 0.000 0.000 0.000 0.001 0.001 0.002 0.003 0.005 0.007 0.009
0.000 0.000 0.000 0.000 0.000 0.000 0.000 0.000 0.000 0.000 0.000 0.000 0.000 0.000 0.000 0.000 0.000 0.000 0.000 0.000 0.000 0.000 0.000 0.000 0.000 0.000 0.000 0.000 0.000 0.000 0.000 0.000 0.000 0.000 0.000 0.000 0.000 0.000 0.000 0.000 0.000 0.000 0.000 0.000 0.000 0.000 0.000 0.000 0.000 0.000 0.000 0.000 0.000 0.000 0.000 0.000 0.000 0.000 0.000 0.000 0.000 0.000 0.000 0.000 0.000 0.000 0.000 0.000 0.000 0.000 0.000 0.000 0.001 0.002 0.003 0.004 0.006
0.000 0.000 0.000 0.000 0.000 0.000 0.000 0.000 0.000 0.000 0.000 0.000 0.000 0.000 0.000 0.000 0.000 0.000 0.000 0.000 0.000 0.000 0.000 0.000 0.000 0.000 0.000 0.000 0.000 0.000 0.000 0.000 0.000 0.000 0.000 0.000 0.000 0.000 0.000 0.000 0.000 0.000 0.000 0.000 0.000 0.000 0.000 0.000 0.000 0.000 0.000 0.000 0.000 0.000 0.000 0.000 0.000 0.000 0.000 0.000 0.000 0.000 0.000 0.000 0.000 0.000 0.000 0.000 0.000 0.000 0.000 0.000 0.000 0.001 0.001 0.002 0.003
0.000 0.000 0.000 0.000 0.000 0.000 0.000 0.000 0.000 0.000 0.000 0.000 0.000 0.000 0.000 0.000 0.000 0.000 0.000 0.000 0.000 0.000 0.000 0.000 0.000 0.000 0.000 0.000 0.000 0.000 0.000 0.000 0.000 0.000 0.000 0.000 0.000 0.000 0.000 0.000 0.000 0.000 0.000 0.000 0.000 0.000 0.000 0.000 0.000 0.000 0.000 0.000 0.000 0.000 0.000 0.000 0.000 0.000 0.000 0.000 0.000 0.000 0.000 0.000 0.000 0.000 0.000 0.000 0.000 0.000 0.000 0.000 0.000 0.000 0.001 0.001 0.002
0.000 0.000 0.000 0.000 0.000 0.000 0.000 0.000 0.000 0.000 0.000 0.000 0.000 0.000 0.000 0.000 0.000 0.000 0.000 0.000 0.000 0.000 0.000 0.000 0.000 0.000 0.000 0.000 0.000 0.000 0.000 0.000 0.000 0.000 0.000 0.000 0.000 0.000 0.000 0.000 0.000 0.000 0.000 0.000 0.000 0.000 0.000 0.000 0.000 0.000 0.000 0.000 0.000 0.000 0.000 0.000 0.000 0.000 0.000 0.000 0.000 0.000 0.000 0.000 0.000 0.000 0.000 0.000 0.000 0.000 0.000 0.000 0.000 0.000 0.000 0.000 0.001
0.000 0.000 0.000 0.000 0.000 0.000 0.000 0.000 0.000 0.000 0.000 0.000 0.000 0.000 0.000 0.000 0.000 0.000 0.000 0.000 0.000 0.000 0.000 0.000 0.000 0.000 0.000 0.000 0.000 0.000 0.000 0.000 0.000 0.000 0.000 0.000 0.000 0.000 0.000 0.000 0.000 0.000 0.000 0.000 0.000 0.000 0.000 0.000 0.000 0.000 0.000 0.000 0.000 0.000 0.000 0.000 0.000 0.000 0.000 0.000 0.000 0.000 0.000 0.000 0.000 0.000 0.000 0.000 0.000 0.000 0.000 0.000 0.000 0.000 0.000 0.000 0.000
0.000 0.000 0.000 0.000 0.000 0.000 0.000 0.000 0.000 0.000 0.000 0.000 0.000 0.000 0.000 0.000 0.000 0.000 0.000 0.000 0.000 0.000 0.000 0.000 0.000 0.000 0.000 0.000 0.000 0.000 0.000 0.000 0.000 0.000 0.000 0.000 0.000 0.000 0.000 0.000 0.000 0.000 0.000 0.000 0.000 0.000 0.000 0.000 0.000 0.000 0.000 0.000 0.000 0.000 0.000 0.000 0.000 0.000 0.000 0.000 0.000 0.000 0.000 0.000 0.000 0.000 0.000 0.000 0.000 0.000 0.000 0.000 0.000 0.000 0.000 0.000 0.000
0.000 0.000 0.000 0.000 0.000 0.000 0.000 0.000 0.000 0.000 0.000 0.000 0.000 0.000 0.000 0.000 0.000 0.000 0.000 0.000 0.000 0.000 0.000 0.000 0.000 0.000 0.000 0.000 0.000 0.000 0.000 0.000 0.000 0.000 0.000 0.000 0.000 0.000 0.000 0.000 0.000 0.000 0.000 0.000 0.000 0.000 0.000 0.000 0.000 0.000 0.000 0.000 0.000 0.000 0.000 0.000 0.000 0.000 0.000 0.000 0.000 0.000 0.000 0.000 0.000 0.000 0.000 0.000 0.000 0.000 0.000 0.000 0.000 0.000 0.000 0.000 0.000
0.000 0.000 0.000 0.000 0.000 0.000 0.000 0.000 0.000 0.000 0.000 0.000 0.000 0.000 0.000 0.000 0.000 0.000 0.000 0.000 0.000 0.000 0.000 0.000 0.000 0.000 0.000 0.000 0.000 0.000 0.000 0.000 0.000 0.000 0.000 0.000 0.000 0.000 0.000 0.000 0.000 0.000 0.000 0.000 0.000 0.000 0.000 0.000 0.000 0.000 0.000 0.000 0.000 0.000 0.000 0.000 0.000 0.000 0.000 0.000 0.000 0.000 0.000 0.000 0.000 0.000 0.000 0.000 0.000 0.000 0.000 0.000 0.000 0.000 0.000 0.000 0.000
