RESULTS/r.avaflow_results/32_results/32_ascii/32_hflow30050.asc
ncols 506
nrows 317
xllcenter 498237.50
yllcenter 5580050.00
cellsize 12.50
NODATA_value -9999.000
[rows 170 to 203 of 317, columns 154 to 230 of 506]
8.748 8.682 8.613 8.517 8.378 8.197 8.037 7.901 7.760 7.601 7.452 7.321 7.171 6.915 6.450 5.739 4.854 3.956 3.103 2.303 1.580 0.977 0.554 0.320 0.212 0.167 0.155 0.157 0.165 0.184 0.216 0.265 0.318 0.353 0.374 0.391 0.416 0.463 0.493 0.495 0.475 0.446 0.436 0.432 0.425 0.402 0.350 0.272 0.199 0.141 0.101 0.077 0.062 0.054 0.050 0.049 0.049 0.052 0.056 0.059 0.060 0.060 0.059 0.058 0.058 0.058 0.062 0.075 0.111 0.196 0.288 0.324 0.319 0.254 0.154 0.093 0.066
12.142 12.395 12.564 12.633 12.612 12.474 12.265 12.044 11.808 11.536 11.255 10.997 10.743 10.443 9.979 9.265 8.291 7.127 5.869 4.585 3.351 2.267 1.405 0.822 0.498 0.339 0.267 0.244 0.245 0.262 0.299 0.358 0.413 0.437 0.443 0.442 0.449 0.474 0.490 0.485 0.451 0.413 0.393 0.379 0.359 0.316 0.236 0.147 0.091 0.063 0.048 0.040 0.036 0.034 0.034 0.035 0.038 0.042 0.046 0.048 0.048 0.047 0.045 0.043 0.042 0.043 0.046 0.056 0.082 0.146 0.245 0.312 0.332 0.317 0.250 0.165 0.108
15.692 16.266 16.520 16.545 16.418 16.143 15.804 15.468 15.131 14.773 14.405 14.074 13.771 13.458 13.025 12.338 11.367 10.198 8.918 7.501 5.942 4.384 3.010 1.930 1.199 0.757 0.511 0.389 0.338 0.324 0.338 0.378 0.422 0.438 0.436 0.424 0.420 0.424 0.421 0.395 0.332 0.277 0.244 0.218 0.190 0.148 0.095 0.059 0.040 0.032 0.027 0.025 0.024 0.023 0.024 0.026 0.029 0.034 0.037 0.038 0.038 0.037 0.035 0.033 0.033 0.033 0.035 0.042 0.059 0.099 0.180 0.277 0.333 0.353 0.343 0.287 0.202
18.566 19.460 19.811 19.808 19.611 19.266 18.888 18.531 18.169 17.783 17.373 17.007 16.688 16.374 15.962 15.281 14.280 13.051 11.727 10.341 8.827 7.128 5.365 3.763 2.504 1.608 1.026 0.681 0.492 0.397 0.358 0.355 0.371 0.375 0.364 0.336 0.313 0.293 0.269 0.220 0.158 0.118 0.098 0.085 0.073 0.057 0.039 0.028 0.022 0.019 0.017 0.017 0.016 0.017 0.017 0.019 0.022 0.026 0.029 0.029 0.029 0.028 0.027 0.026 0.026 0.027 0.028 0.033 0.043 0.064 0.110 0.199 0.300 0.359 0.376 0.366 0.315
20.253 21.364 21.930 22.077 22.006 21.815 21.584 21.350 21.077 20.725 20.306 19.906 19.558 19.212 18.781 18.098 17.101 15.855 14.479 13.037 11.524 9.884 8.054 6.098 4.309 2.879 1.836 1.147 0.725 0.482 0.354 0.291 0.261 0.244 0.219 0.185 0.164 0.149 0.131 0.101 0.070 0.052 0.043 0.038 0.033 0.026 0.020 0.016 0.014 0.013 0.012 0.012 0.012 0.012 0.013 0.014 0.017 0.020 0.022 0.022 0.022 0.022 0.022 0.021 0.022 0.023 0.024 0.027 0.033 0.043 0.065 0.112 0.212 0.327 0.376 0.381 0.364
20.629 21.843 22.665 23.126 23.374 23.533 23.622 23.620 23.518 23.271 22.857 22.354 21.943 21.558 21.112 20.473 19.587 18.453 17.097 15.565 13.918 12.155 10.195 7.947 5.695 3.828 2.412 1.449 0.860 0.520 0.334 0.235 0.181 0.142 0.109 0.089 0.081 0.074 0.065 0.050 0.036 0.028 0.024 0.021 0.018 0.015 0.012 0.011 0.010 0.009 0.009 0.009 0.009 0.009 0.009 0.010 0.012 0.014 0.016 0.017 0.017 0.017 0.017 0.018 0.018 0.019 0.021 0.023 0.026 0.033 0.044 0.069 0.125 0.240 0.338 0.368 0.366
20.231 21.536 22.548 23.230 23.774 24.277 24.621 24.773 24.802 24.688 24.302 23.665 23.200 22.861 22.469 21.903 21.170 20.240 19.004 17.428 15.611 13.647 11.484 8.982 6.379 4.225 2.609 1.528 0.883 0.516 0.309 0.195 0.128 0.084 0.058 0.047 0.043 0.040 0.035 0.028 0.021 0.018 0.015 0.013 0.011 0.010 0.008 0.007 0.007 0.006 0.006 0.006 0.006 0.006 0.007 0.007 0.009 0.010 0.011 0.012 0.013 0.014 0.014 0.015 0.016 0.017 0.018 0.020 0.023 0.027 0.035 0.050 0.082 0.150 0.251 0.317 0.341
19.192 20.652 21.921 22.915 23.716 24.355 24.735 24.898 24.964 24.923 24.572 23.864 23.377 23.121 22.801 22.268 21.594 20.779 19.658 18.116 16.218 14.119 11.825 9.199 6.459 4.208 2.544 1.453 0.817 0.459 0.257 0.143 0.080 0.048 0.033 0.027 0.024 0.023 0.020 0.016 0.014 0.012 0.010 0.009 0.008 0.007 0.006 0.005 0.005 0.004 0.004 0.004 0.004 0.004 0.004 0.005 0.006 0.007 0.008 0.009 0.010 0.010 0.011 0.012 0.013 0.014 0.016 0.017 0.020 0.024 0.030 0.040 0.060 0.098 0.163 0.234 0.288
17.930 19.530 20.975 22.219 23.229 23.930 24.269 24.377 24.411 24.348 24.012 23.325 22.798 22.524 22.201 21.663 20.996 20.234 19.206 17.749 15.878 13.745 11.391 8.709 5.976 3.757 2.152 1.143 0.593 0.306 0.156 0.079 0.043 0.027 0.020 0.017 0.015 0.014 0.012 0.010 0.009 0.008 0.007 0.006 0.005 0.005 0.004 0.003 0.003 0.002 0.002 0.002 0.002 0.002 0.002 0.003 0.003 0.004 0.005 0.006 0.007 0.008 0.009 0.010 0.011 0.012 0.013 0.015 0.018 0.021 0.026 0.034 0.048 0.071 0.110 0.162 0.218
16.632 18.287 19.763 21.041 22.053 22.747 23.096 23.172 23.080 22.778 22.422 21.979 21.484 20.920 20.326 19.704 19.048 18.368 17.493 16.173 14.368 12.227 9.847 7.217 4.706 2.715 1.346 0.580 0.250 0.122 0.065 0.037 0.024 0.017 0.013 0.011 0.010 0.009 0.008 0.007 0.007 0.006 0.005 0.004 0.003 0.003 0.002 0.002 0.001 0.001 0.001 0.001 0.001 0.001 0.001 0.001 0.002 0.002 0.003 0.004 0.005 0.006 0.007 0.008 0.009 0.010 0.011 0.013 0.016 0.019 0.023 0.030 0.040 0.057 0.082 0.117 0.159
15.086 16.672 18.091 19.314 20.290 21.035 21.533 21.683 21.489 20.981 20.765 20.686 20.313 19.402 18.483 17.765 17.061 16.272 15.246 13.805 11.907 9.654 7.182 4.765 2.758 1.359 0.554 0.194 0.079 0.044 0.028 0.019 0.014 0.011 0.010 0.009 0.008 0.007 0.006 0.005 0.004 0.004 0.003 0.002 0.002 0.001 0.001 0.001 0.001 0.000 0.000 0.000 0.000 0.000 0.000 0.000 0.001 0.001 0.002 0.002 0.003 0.004 0.005 0.006 0.007 0.008 0.010 0.012 0.014 0.017 0.021 0.027 0.036 0.049 0.067 0.093 0.124
13.097 14.517 15.919 17.260 18.462 19.517 20.298 20.584 20.416 19.916 19.777 19.740 19.306 18.231 17.235 16.476 15.664 14.588 13.120 11.221 8.891 6.247 3.843 2.157 1.104 0.487 0.175 0.060 0.030 0.020 0.015 0.012 0.010 0.008 0.007 0.006 0.006 0.005 0.004 0.003 0.003 0.002 0.002 0.001 0.001 0.001 0.000 0.000 0.000 0.000 0.000 0.000 0.000 0.000 0.000 0.000 0.000 0.000 0.001 0.001 0.002 0.002 0.003 0.004 0.005 0.007 0.008 0.010 0.013 0.016 0.020 0.025 0.033 0.044 0.059 0.079 0.103
10.876 12.197 13.645 15.189 16.674 18.009 19.034 19.485 19.409 19.000 18.702 18.384 17.718 16.664 15.752 14.955 13.998 12.596 10.631 8.074 5.220 2.783 1.308 0.589 0.274 0.122 0.049 0.023 0.015 0.012 0.010 0.009 0.007 0.006 0.005 0.004 0.004 0.003 0.002 0.002 0.001 0.001 0.001 0.000 0.000 0.000 0.000 0.000 0.000 0.000 0.000 0.000 0.000 0.000 0.000 0.000 0.000 0.000 0.000 0.000 0.001 0.001 0.002 0.003 0.004 0.005 0.007 0.009 0.012 0.015 0.019 0.024 0.032 0.042 0.054 0.068 0.086
8.989 10.224 11.569 13.065 14.569 15.933 17.036 17.615 17.662 17.289 16.597 15.749 14.830 13.920 13.104 12.201 10.970 9.129 6.553 3.867 1.825 0.684 0.225 0.096 0.055 0.031 0.018 0.012 0.010 0.009 0.007 0.006 0.005 0.004 0.004 0.003 0.002 0.002 0.001 0.001 0.000 0.000 0.000 0.000 0.000 0.000 0.000 0.000 0.000 0.000 0.000 0.000 0.000 0.000 0.000 0.000 0.000 0.000 0.000 0.000 0.000 0.000 0.001 0.002 0.003 0.004 0.006 0.008 0.011 0.014 0.019 0.024 0.032 0.041 0.051 0.061 0.072
7.282 8.356 9.430 10.529 11.591 12.600 13.575 14.181 14.302 13.984 13.112 11.888 10.733 9.752 8.740 7.541 5.966 4.040 2.172 0.904 0.280 0.076 0.035 0.025 0.018 0.013 0.010 0.009 0.007 0.006 0.005 0.004 0.004 0.003 0.002 0.002 0.001 0.001 0.000 0.000 0.000 0.000 0.000 0.000 0.000 0.000 0.000 0.000 0.000 0.000 0.000 0.000 0.000 0.000 0.000 0.000 0.000 0.000 0.000 0.000 0.000 0.000 0.000 0.001 0.002 0.004 0.005 0.008 0.010 0.014 0.018 0.024 0.032 0.041 0.049 0.057 0.065
5.441 6.159 6.627 6.928 7.208 7.608 8.269 8.861 9.079 8.935 8.237 6.997 5.605 4.463 3.533 2.681 1.762 0.870 0.314 0.087 0.031 0.019 0.015 0.012 0.010 0.009 0.008 0.006 0.005 0.004 0.004 0.003 0.002 0.002 0.001 0.001 0.000 0.000 0.000 0.000 0.000 0.000 0.000 0.000 0.000 0.000 0.000 0.000 0.000 0.000 0.000 0.000 0.000 0.000 0.000 0.000 0.000 0.000 0.000 0.000 0.000 0.000 0.000 0.001 0.001 0.003 0.005 0.007 0.010 0.013 0.018 0.024 0.031 0.040 0.047 0.054 0.062
2.874 2.993 2.950 2.851 2.784 2.831 3.065 3.385 3.529 3.502 3.211 2.589 1.760 1.110 0.711 0.459 0.239 0.091 0.034 0.018 0.013 0.011 0.010 0.009 0.007 0.006 0.005 0.004 0.003 0.003 0.002 0.002 0.001 0.001 0.000 0.000 0.000 0.000 0.000 0.000 0.000 0.000 0.000 0.000 0.000 0.000 0.000 0.000 0.000 0.000 0.000 0.000 0.000 0.000 0.000 0.000 0.000 0.000 0.000 0.000 0.000 0.000 0.000 0.000 0.001 0.002 0.004 0.006 0.009 0.013 0.017 0.023 0.030 0.037 0.045 0.054 0.063
0.911 0.839 0.765 0.685 0.625 0.602 0.626 0.694 0.719 0.708 0.638 0.479 0.264 0.138 0.088 0.058 0.034 0.019 0.013 0.011 0.009 0.008 0.007 0.006 0.005 0.004 0.003 0.003 0.002 0.001 0.001 0.001 0.000 0.000 0.000 0.000 0.000 0.000 0.000 0.000 0.000 0.000 0.000 0.000 0.000 0.000 0.000 0.000 0.000 0.000 0.000 0.000 0.000 0.000 0.000 0.000 0.000 0.000 0.000 0.000 0.000 0.000 0.000 0.000 0.001 0.002 0.003 0.005 0.008 0.012 0.016 0.021 0.028 0.035 0.044 0.056 0.069
0.192 0.157 0.144 0.132 0.119 0.109 0.107 0.110 0.108 0.104 0.092 0.068 0.041 0.028 0.022 0.017 0.013 0.011 0.009 0.008 0.007 0.006 0.005 0.004 0.003 0.003 0.002 0.001 0.001 0.001 0.000 0.000 0.000 0.000 0.000 0.000 0.000 0.000 0.000 0.000 0.000 0.000 0.000 0.000 0.000 0.000 0.000 0.000 0.000 0.000 0.000 0.000 0.000 0.000 0.000 0.000 0.000 0.000 0.000 0.000 0.000 0.000 0.000 0.000 0.000 0.001 0.002 0.004 0.007 0.010 0.015 0.019 0.025 0.032 0.043 0.059 0.079
0.047 0.041 0.040 0.039 0.037 0.034 0.032 0.031 0.029 0.028 0.025 0.021 0.016 0.014 0.012 0.010 0.009 0.008 0.006 0.005 0.005 0.004 0.003 0.002 0.002 0.001 0.001 0.000 0.000 0.000 0.000 0.000 0.000 0.000 0.000 0.000 0.000 0.000 0.000 0.000 0.000 0.000 0.000 0.000 0.000 0.000 0.000 0.000 0.000 0.000 0.000 0.000 0.000 0.000 0.000 0.000 0.000 0.000 0.000 0.000 0.000 0.000 0.000 0.000 0.000 0.001 0.002 0.003 0.006 0.009 0.013 0.017 0.022 0.030 0.041 0.059 0.081
0.020 0.019 0.019 0.019 0.018 0.017 0.016 0.015 0.014 0.013 0.013 0.011 0.010 0.009 0.008 0.007 0.006 0.005 0.004 0.004 0.003 0.002 0.002 0.001 0.001 0.000 0.000 0.000 0.000 0.000 0.000 0.000 0.000 0.000 0.000 0.000 0.000 0.000 0.000 0.000 0.000 0.000 0.000 0.000 0.000 0.000 0.000 0.000 0.000 0.000 0.000 0.000 0.000 0.000 0.000 0.000 0.000 0.000 0.000 0.000 0.000 0.000 0.000 0.000 0.000 0.000 0.001 0.002 0.004 0.007 0.010 0.014 0.019 0.025 0.035 0.051 0.073
0.012 0.012 0.012 0.011 0.011 0.010 0.010 0.009 0.009 0.009 0.008 0.008 0.007 0.006 0.006 0.005 0.004 0.003 0.003 0.002 0.002 0.001 0.001 0.000 0.000 0.000 0.000 0.000 0.000 0.000 0.000 0.000 0.000 0.000 0.000 0.000 0.000 0.000 0.000 0.000 0.000 0.000 0.000 0.000 0.000 0.000 0.000 0.000 0.000 0.000 0.000 0.000 0.000 0.000 0.000 0.000 0.000 0.000 0.000 0.000 0.000 0.000 0.000 0.000 0.000 0.000 0.001 0.001 0.003 0.005 0.007 0.010 0.014 0.018 0.025 0.035 0.051
0.008 0.008 0.007 0.007 0.007 0.007 0.007 0.006 0.006 0.006 0.005 0.005 0.005 0.004 0.004 0.003 0.002 0.002 0.001 0.001 0.001 0.000 0.000 0.000 0.000 0.000 0.000 0.000 0.000 0.000 0.000 0.000 0.000 0.000 0.000 0.000 0.000 0.000 0.000 0.000 0.000 0.000 0.000 0.000 0.000 0.000 0.000 0.000 0.000 0.000 0.000 0.000 0.000 0.000 0.000 0.000 0.000 0.000 0.000 0.000 0.000 0.000 0.000 0.000 0.000 0.000 0.000 0.001 0.002 0.003 0.005 0.007 0.010 0.012 0.016 0.022 0.029
0.005 0.005 0.005 0.005 0.005 0.004 0.004 0.004 0.004 0.003 0.003 0.003 0.003 0.002 0.002 0.002 0.001 0.001 0.000 0.000 0.000 0.000 0.000 0.000 0.000 0.000 0.000 0.000 0.000 0.000 0.000 0.000 0.000 0.000 0.000 0.000 0.000 0.000 0.000 0.000 0.000 0.000 0.000 0.000 0.000 0.000 0.000 0.000 0.000 0.000 0.000 0.000 0.000 0.000 0.000 0.000 0.000 0.000 0.000 0.000 0.000 0.000 0.000 0.000 0.000 0.000 0.000 0.000 0.001 0.002 0.003 0.005 0.006 0.009 0.011 0.014 0.018
0.003 0.003 0.003 0.003 0.003 0.002 0.002 0.002 0.002 0.002 0.002 0.001 0.001 0.001 0.001 0.001 0.000 0.000 0.000 0.000 0.000 0.000 0.000 0.000 0.000 0.000 0.000 0.000 0.000 0.000 0.000 0.000 0.000 0.000 0.000 0.000 0.000 0.000 0.000 0.000 0.000 0.000 0.000 0.000 0.000 0.000 0.000 0.000 0.000 0.000 0.000 0.000 0.000 0.000 0.000 0.000 0.000 0.000 0.000 0.000 0.000 0.000 0.000 0.000 0.000 0.000 0.000 0.000 0.000 0.001 0.002 0.003 0.004 0.006 0.008 0.010 0.012
0.001 0.001 0.001 0.001 0.001 0.001 0.001 0.001 0.001 0.001 0.000 0.000 0.000 0.000 0.000 0.000 0.000 0.000 0.000 0.000 0.000 0.000 0.000 0.000 0.000 0.000 0.000 0.000 0.000 0.000 0.000 0.000 0.000 0.000 0.000 0.000 0.000 0.000 0.000 0.000 0.000 0.000 0.000 0.000 0.000 0.000 0.000 0.000 0.000 0.000 0.000 0.000 0.000 0.000 0.000 0.000 0.000 0.000 0.000 0.000 0.000 0.000 0.000 0.000 0.000 0.000 0.000 0.000 0.000 0.000 0.001 0.002 0.002 0.004 0.005 0.007 0.008
0.000 0.000 0.000 0.000 0.000 0.000 0.000 0.000 0.000 0.000 0.000 0.000 0.000 0.000 0.000 0.000 0.000 0.000 0.000 0.000 0.000 0.000 0.000 0.000 0.000 0.000 0.000 0.000 0.000 0.000 0.000 0.000 0.000 0.000 0.000 0.000 0.000 0.000 0.000 0.000 0.000 0.000 0.000 0.000 0.000 0.000 0.000 0.000 0.000 0.000 0.000 0.000 0.000 0.000 0.000 0.000 0.000 0.000 0.000 0.000 0.000 0.000 0.000 0.000 0.000 0.000 0.000 0.000 0.000 0.000 0.000 0.001 0.001 0.002 0.003 0.004 0.006
0.000 0.000 0.000 0.000 0.000 0.000 0.000 0.000 0.000 0.000 0.000 0.000 0.000 0.000 0.000 0.000 0.000 0.000 0.000 0.000 0.000 0.000 0.000 0.000 0.000 0.000 0.000 0.000 0.000 0.000 0.000 0.000 0.000 0.000 0.000 0.000 0.000 0.000 0.000 0.000 0.000 0.000 0.000 0.000 0.000 0.000 0.000 0.000 0.000 0.000 0.000 0.000 0.000 0.000 0.000 0.000 0.000 0.000 0.000 0.000 0.000 0.000 0.000 0.000 0.000 0.000 0.000 0.000 0.000 0.000 0.000 0.000 0.000 0.001 0.002 0.002 0.003
0.000 0.000 0.000 0.000 0.000 0.000 0.000 0.000 0.000 0.000 0.000 0.000 0.000 0.000 0.000 0.000 0.000 0.000 0.000 0.000 0.000 0.000 0.000 0.000 0.000 0.000 0.000 0.000 0.000 0.000 0.000 0.000 0.000 0.000 0.000 0.000 0.000 0.000 0.000 0.000 0.000 0.000 0.000 0.000 0.000 0.000 0.000 0.000 0.000 0.000 0.000 0.000 0.000 0.000 0.000 0.000 0.000 0.000 0.000 0.000 0.000 0.000 0.000 0.000 0.000 0.000 0.000 0.000 0.000 0.000 0.000 0.000 0.000 0.000 0.001 0.001 0.002
0.000 0.000 0.000 0.000 0.000 0.000 0.000 0.000 0.000 0.000 0.000 0.000 0.000 0.000 0.000 0.000 0.000 0.000 0.000 0.000 0.000 0.000 0.000 0.000 0.000 0.000 0.000 0.000 0.000 0.000 0.000 0.000 0.000 0.000 0.000 0.000 0.000 0.000 0.000 0.000 0.000 0.000 0.000 0.000 0.000 0.000 0.000 0.000 0.000 0.000 0.000 0.000 0.000 0.000 0.000 0.000 0.000 0.000 0.000 0.000 0.000 0.000 0.000 0.000 0.000 0.000 0.000 0.000 0.000 0.000 0.000 0.000 0.000 0.000 0.000 0.000 0.001
0.000 0.000 0.000 0.000 0.000 0.000 0.000 0.000 0.000 0.000 0.000 0.000 0.000 0.000 0.000 0.000 0.000 0.000 0.000 0.000 0.000 0.000 0.000 0.000 0.000 0.000 0.000 0.000 0.000 0.000 0.000 0.000 0.000 0.000 0.000 0.000 0.000 0.000 0.000 0.000 0.000 0.000 0.000 0.000 0.000 0.000 0.000 0.000 0.000 0.000 0.000 0.000 0.000 0.000 0.000 0.000 0.000 0.000 0.000 0.000 0.000 0.000 0.000 0.000 0.000 0.000 0.000 0.000 0.000 0.000 0.000 0.000 0.000 0.000 0.000 0.000 0.000
0.000 0.000 0.000 0.000 0.000 0.000 0.000 0.000 0.000 0.000 0.000 0.000 0.000 0.000 0.000 0.000 0.000 0.000 0.000 0.000 0.000 0.000 0.000 0.000 0.000 0.000 0.000 0.000 0.000 0.000 0.000 0.000 0.000 0.000 0.000 0.000 0.000 0.000 0.000 0.000 0.000 0.000 0.000 0.000 0.000 0.000 0.000 0.000 0.000 0.000 0.000 0.000 0.000 0.000 0.000 0.000 0.000 0.000 0.000 0.000 0.000 0.000 0.000 0.000 0.000 0.000 0.000 0.000 0.000 0.000 0.000 0.000 0.000 0.000 0.000 0.000 0.000
0.000 0.000 0.000 0.000 0.000 0.000 0.000 0.000 0.000 0.000 0.000 0.000 0.000 0.000 0.000 0.000 0.000 0.000 0.000 0.000 0.000 0.000 0.000 0.000 0.000 0.000 0.000 0.000 0.000 0.000 0.000 0.000 0.000 0.000 0.000 0.000 0.000 0.000 0.000 0.000 0.000 0.000 0.000 0.000 0.000 0.000 0.000 0.000 0.000 0.000 0.000 0.000 0.000 0.000 0.000 0.000 0.000 0.000 0.000 0.000 0.000 0.000 0.000 0.000 0.000 0.000 0.000 0.000 0.000 0.000 0.000 0.000 0.000 0.000 0.000 0.000 0.000
0.000 0.000 0.000 0.000 0.000 0.000 0.000 0.000 0.000 0.000 0.000 0.000 0.000 0.000 0.000 0.000 0.000 0.000 0.000 0.000 0.000 0.000 0.000 0.000 0.000 0.000 0.000 0.000 0.000 0.000 0.000 0.000 0.000 0.000 0.000 0.000 0.000 0.000 0.000 0.000 0.000 0.000 0.000 0.000 0.000 0.000 0.000 0.000 0.000 0.000 0.000 0.000 0.000 0.000 0.000 0.000 0.000 0.000 0.000 0.000 0.000 0.000 0.000 0.000 0.000 0.000 0.000 0.000 0.000 0.000 0.000 0.000 0.000 0.000 0.000 0.000 0.000
