RESULTS/r.avaflow_results/32_results/32_ascii/32_hflow10031.asc
ncols 506
nrows 317
xllcenter 498237.50
yllcenter 5580050.00
cellsize 12.50
NODATA_value -9999.000
[rows 170 to 203 of 317, columns 77 to 153 of 506]
0.000 0.000 0.000 0.000 0.000 0.000 0.000 0.000 0.000 0.000 0.000 0.000 0.000 0.000 0.000 0.000 0.000 0.000 0.000 0.000 0.001 0.001 0.002 0.005 0.015 0.027 0.031 0.031 0.031 0.031 0.030 0.028 0.024 0.020 0.017 0.017 0.019 0.028 0.043 0.051 0.051 0.047 0.039 0.036 0.038 0.050 0.073 0.104 0.158 0.272 0.495 0.918 1.722 2.712 3.276 3.374 3.342 3.374 3.444 3.466 3.434 3.318 3.113 2.799 2.385 1.911 1.503 1.167 0.898 0.683 0.516 0.389 0.293 0.220 0.165 0.122 0.090
0.000 0.000 0.000 0.000 0.000 0.000 0.000 0.000 0.000 0.000 0.000 0.000 0.000 0.000 0.000 0.000 0.001 0.001 0.002 0.002 0.003 0.004 0.009 0.019 0.036 0.047 0.050 0.050 0.050 0.049 0.048 0.045 0.039 0.032 0.028 0.028 0.033 0.048 0.070 0.079 0.079 0.074 0.068 0.069 0.090 0.147 0.239 0.365 0.573 0.923 1.450 2.242 3.150 3.759 3.937 3.894 3.827 3.816 3.827 3.811 3.746 3.595 3.330 2.953 2.478 1.977 1.556 1.214 0.939 0.719 0.549 0.418 0.316 0.237 0.177 0.131 0.096
0.000 0.000 0.000 0.000 0.000 0.000 0.000 0.000 0.000 0.000 0.000 0.000 0.000 0.000 0.000 0.001 0.002 0.004 0.006 0.008 0.011 0.017 0.030 0.050 0.067 0.075 0.076 0.076 0.076 0.075 0.073 0.068 0.059 0.050 0.045 0.045 0.052 0.073 0.101 0.117 0.122 0.123 0.130 0.162 0.267 0.469 0.730 1.050 1.522 2.211 3.005 3.718 4.167 4.325 4.297 4.228 4.168 4.134 4.104 4.055 3.953 3.766 3.461 3.044 2.523 2.015 1.593 1.251 0.972 0.753 0.578 0.441 0.333 0.249 0.185 0.137 0.100
0.000 0.000 0.000 0.000 0.000 0.000 0.000 0.000 0.000 0.000 0.000 0.000 0.000 0.000 0.001 0.003 0.006 0.009 0.014 0.021 0.029 0.044 0.068 0.093 0.105 0.110 0.111 0.111 0.111 0.110 0.107 0.101 0.088 0.074 0.068 0.068 0.077 0.101 0.136 0.169 0.197 0.230 0.289 0.445 0.768 1.220 1.717 2.280 3.004 3.770 4.378 4.712 4.802 4.732 4.574 4.470 4.407 4.350 4.295 4.221 4.094 3.878 3.545 3.096 2.541 2.038 1.619 1.277 1.000 0.777 0.598 0.455 0.343 0.257 0.190 0.140 0.103
0.000 0.000 0.000 0.000 0.000 0.000 0.000 0.000 0.000 0.000 0.000 0.000 0.000 0.001 0.003 0.006 0.011 0.018 0.028 0.041 0.059 0.086 0.119 0.142 0.152 0.157 0.159 0.159 0.159 0.157 0.153 0.144 0.128 0.108 0.099 0.098 0.106 0.131 0.179 0.245 0.328 0.446 0.674 1.116 1.767 2.485 3.170 3.810 4.412 4.898 5.213 5.309 5.265 5.081 4.801 4.639 4.562 4.492 4.425 4.343 4.203 3.965 3.597 3.111 2.543 2.052 1.637 1.295 1.015 0.791 0.609 0.463 0.349 0.260 0.193 0.142 0.104
0.000 0.000 0.000 0.000 0.000 0.000 0.000 0.000 0.000 0.000 0.000 0.000 0.001 0.003 0.006 0.012 0.020 0.032 0.048 0.070 0.101 0.142 0.178 0.201 0.213 0.219 0.222 0.223 0.223 0.220 0.214 0.203 0.182 0.152 0.135 0.131 0.138 0.167 0.235 0.354 0.529 0.820 1.397 2.300 3.267 4.093 4.673 5.072 5.418 5.649 5.747 5.733 5.629 5.367 5.003 4.761 4.647 4.584 4.519 4.432 4.285 4.025 3.626 3.112 2.544 2.056 1.645 1.303 1.022 0.796 0.612 0.466 0.350 0.262 0.194 0.143 0.104
0.000 0.000 0.000 0.000 0.000 0.000 0.000 0.000 0.000 0.000 0.000 0.000 0.001 0.004 0.009 0.018 0.031 0.050 0.076 0.111 0.158 0.212 0.253 0.278 0.294 0.303 0.307 0.308 0.307 0.304 0.296 0.281 0.253 0.211 0.178 0.167 0.172 0.201 0.281 0.452 0.765 1.355 2.474 3.868 4.910 5.546 5.879 6.030 6.152 6.199 6.173 6.080 5.899 5.599 5.199 4.879 4.707 4.649 4.606 4.517 4.353 4.063 3.635 3.095 2.537 2.050 1.642 1.299 1.018 0.793 0.608 0.463 0.348 0.261 0.193 0.142 0.104
0.000 0.000 0.000 0.000 0.000 0.000 0.000 0.000 0.000 0.000 0.000 0.000 0.001 0.005 0.011 0.022 0.039 0.067 0.109 0.164 0.234 0.302 0.351 0.384 0.404 0.414 0.418 0.420 0.419 0.414 0.404 0.382 0.345 0.286 0.230 0.206 0.205 0.227 0.307 0.503 0.923 1.821 3.507 5.215 6.226 6.665 6.786 6.778 6.722 6.631 6.512 6.347 6.107 5.792 5.391 5.030 4.813 4.727 4.675 4.574 4.387 4.069 3.623 3.068 2.507 2.024 1.617 1.279 1.000 0.776 0.595 0.453 0.341 0.256 0.190 0.140 0.103
0.000 0.000 0.000 0.000 0.000 0.000 0.000 0.000 0.000 0.000 0.000 0.000 0.001 0.005 0.011 0.023 0.042 0.076 0.131 0.216 0.328 0.422 0.486 0.528 0.551 0.562 0.566 0.566 0.564 0.556 0.541 0.512 0.464 0.385 0.297 0.248 0.236 0.249 0.319 0.524 1.007 2.108 4.232 6.200 7.178 7.463 7.451 7.334 7.125 6.922 6.731 6.525 6.265 5.957 5.586 5.214 4.972 4.849 4.753 4.610 4.379 4.039 3.570 2.996 2.438 1.967 1.567 1.239 0.967 0.749 0.573 0.435 0.329 0.247 0.185 0.136 0.100
0.000 0.000 0.000 0.000 0.000 0.000 0.000 0.000 0.000 0.000 0.000 0.000 0.001 0.005 0.011 0.022 0.042 0.077 0.137 0.242 0.410 0.573 0.665 0.718 0.745 0.756 0.759 0.757 0.751 0.739 0.716 0.679 0.615 0.513 0.384 0.299 0.267 0.271 0.328 0.530 1.052 2.256 4.616 6.844 7.824 8.000 7.906 7.679 7.357 7.090 6.858 6.625 6.369 6.094 5.772 5.409 5.138 4.965 4.812 4.603 4.321 3.942 3.444 2.861 2.330 1.876 1.493 1.180 0.919 0.709 0.542 0.413 0.313 0.235 0.176 0.130 0.095
0.000 0.000 0.000 0.000 0.000 0.000 0.000 0.000 0.000 0.000 0.000 0.000 0.001 0.004 0.009 0.020 0.038 0.071 0.130 0.240 0.436 0.712 0.895 0.963 0.993 1.003 1.004 1.000 0.988 0.970 0.939 0.890 0.805 0.675 0.501 0.366 0.304 0.296 0.339 0.533 1.082 2.331 4.697 7.100 8.202 8.346 8.173 7.839 7.453 7.150 6.890 6.657 6.429 6.191 5.914 5.576 5.270 5.040 4.826 4.555 4.217 3.773 3.235 2.666 2.179 1.754 1.396 1.100 0.856 0.660 0.506 0.386 0.294 0.222 0.166 0.122 0.089
0.000 0.000 0.000 0.000 0.000 0.000 0.000 0.000 0.000 0.000 0.000 0.000 0.000 0.002 0.005 0.012 0.024 0.048 0.094 0.192 0.393 0.749 1.113 1.264 1.299 1.311 1.311 1.305 1.288 1.260 1.219 1.150 1.041 0.881 0.664 0.466 0.359 0.332 0.360 0.541 1.113 2.371 4.601 7.069 8.328 8.526 8.299 7.880 7.464 7.149 6.890 6.662 6.455 6.244 6.003 5.707 5.377 5.081 4.800 4.467 4.068 3.553 2.961 2.420 1.972 1.587 1.265 0.999 0.780 0.605 0.467 0.360 0.276 0.209 0.156 0.115 0.084
0.000 0.000 0.000 0.000 0.000 0.000 0.000 0.000 0.000 0.000 0.000 0.000 0.000 0.001 0.002 0.004 0.008 0.017 0.036 0.092 0.259 0.646 1.215 1.560 1.662 1.684 1.686 1.677 1.657 1.620 1.560 1.468 1.332 1.143 0.888 0.629 0.463 0.402 0.414 0.578 1.172 2.434 4.437 6.822 8.225 8.536 8.327 7.893 7.441 7.099 6.838 6.631 6.447 6.255 6.046 5.781 5.450 5.095 4.742 4.346 3.875 3.308 2.708 2.196 1.772 1.416 1.125 0.887 0.696 0.546 0.428 0.334 0.259 0.198 0.149 0.111 0.082
0.000 0.000 0.000 0.000 0.000 0.000 0.000 0.000 0.000 0.000 0.000 0.000 0.000 0.000 0.000 0.001 0.002 0.004 0.008 0.025 0.110 0.439 1.135 1.759 2.023 2.115 2.133 2.122 2.095 2.046 1.966 1.851 1.689 1.474 1.196 0.892 0.662 0.551 0.541 0.684 1.285 2.538 4.338 6.414 7.846 8.317 8.215 7.833 7.348 6.966 6.694 6.514 6.371 6.221 6.050 5.809 5.485 5.094 4.679 4.228 3.697 3.096 2.523 2.038 1.632 1.295 1.020 0.796 0.621 0.487 0.385 0.306 0.242 0.188 0.144 0.109 0.081
0.000 0.000 0.000 0.000 0.000 0.000 0.000 0.000 0.000 0.000 0.000 0.000 0.000 0.000 0.000 0.000 0.001 0.001 0.002 0.006 0.039 0.250 0.930 1.832 2.295 2.503 2.594 2.610 2.585 2.533 2.440 2.304 2.124 1.894 1.608 1.279 1.006 0.843 0.806 0.922 1.483 2.657 4.244 5.846 7.142 7.756 7.833 7.619 7.209 6.745 6.408 6.235 6.162 6.110 6.002 5.789 5.484 5.096 4.647 4.139 3.561 2.944 2.396 1.930 1.539 1.212 0.942 0.725 0.556 0.431 0.339 0.273 0.222 0.179 0.141 0.109 0.082
0.000 0.000 0.000 0.000 0.000 0.000 0.000 0.000 0.000 0.000 0.000 0.000 0.000 0.000 0.000 0.000 0.000 0.001 0.001 0.003 0.016 0.127 0.656 1.680 2.418 2.768 2.959 3.056 3.079 3.054 2.982 2.844 2.656 2.424 2.143 1.823 1.548 1.360 1.300 1.390 1.844 2.812 4.119 5.276 6.266 6.924 7.170 7.122 6.878 6.413 5.954 5.700 5.637 5.675 5.727 5.648 5.432 5.075 4.613 4.071 3.460 2.847 2.312 1.857 1.475 1.152 0.883 0.667 0.501 0.377 0.287 0.228 0.190 0.163 0.136 0.110 0.083
0.000 0.000 0.000 0.000 0.000 0.000 0.000 0.000 0.000 0.000 0.000 0.000 0.000 0.000 0.000 0.000 0.001 0.001 0.002 0.004 0.012 0.062 0.386 1.301 2.341 2.895 3.200 3.402 3.511 3.537 3.509 3.424 3.274 3.070 2.819 2.542 2.316 2.168 2.108 2.153 2.433 3.072 4.038 4.904 5.563 6.047 6.305 6.337 6.247 5.911 5.377 4.923 4.750 4.804 5.034 5.225 5.201 4.965 4.543 4.002 3.382 2.787 2.262 1.814 1.431 1.106 0.836 0.619 0.453 0.329 0.237 0.174 0.139 0.124 0.114 0.100 0.079
0.000 0.000 0.000 0.000 0.000 0.000 0.000 0.000 0.000 0.000 0.000 0.000 0.000 0.000 0.000 0.001 0.001 0.003 0.005 0.008 0.015 0.040 0.199 0.846 2.025 2.898 3.330 3.628 3.838 3.945 3.962 3.924 3.834 3.697 3.518 3.311 3.153 3.065 3.040 3.059 3.192 3.517 4.097 4.710 5.135 5.403 5.560 5.580 5.516 5.277 4.823 4.240 3.868 3.796 4.005 4.421 4.669 4.621 4.327 3.860 3.294 2.740 2.245 1.798 1.402 1.066 0.792 0.577 0.411 0.285 0.193 0.126 0.084 0.066 0.061 0.057 0.046
0.000 0.000 0.000 0.000 0.000 0.000 0.000 0.000 0.000 0.000 0.000 0.000 0.000 0.000 0.001 0.002 0.003 0.007 0.013 0.020 0.028 0.046 0.117 0.474 1.490 2.714 3.360 3.747 4.054 4.248 4.329 4.335 4.295 4.217 4.092 3.926 3.798 3.724 3.701 3.711 3.773 3.931 4.224 4.595 4.844 4.964 5.018 5.018 4.951 4.753 4.373 3.807 3.332 3.105 3.123 3.413 3.815 3.965 3.863 3.565 3.138 2.672 2.234 1.802 1.383 1.029 0.751 0.535 0.369 0.242 0.149 0.084 0.045 0.028 0.020 0.016 0.011
0.000 0.000 0.000 0.000 0.000 0.000 0.000 0.000 0.000 0.000 0.000 0.000 0.000 0.001 0.002 0.004 0.009 0.018 0.032 0.044 0.054 0.066 0.103 0.285 0.973 2.270 3.246 3.767 4.161 4.452 4.611 4.660 4.655 4.613 4.521 4.381 4.256 4.170 4.120 4.101 4.109 4.159 4.289 4.490 4.616 4.653 4.647 4.599 4.505 4.316 3.986 3.495 3.017 2.697 2.567 2.626 2.850 3.035 3.096 3.017 2.790 2.455 2.080 1.681 1.282 0.937 0.670 0.466 0.306 0.183 0.096 0.045 0.021 0.011 0.007 0.004 0.002
0.000 0.000 0.000 0.000 0.000 0.000 0.000 0.000 0.000 0.000 0.000 0.000 0.000 0.001 0.004 0.011 0.024 0.044 0.069 0.089 0.101 0.109 0.129 0.233 0.683 1.757 2.927 3.652 4.151 4.529 4.780 4.897 4.921 4.902 4.826 4.697 4.544 4.432 4.357 4.301 4.262 4.251 4.285 4.370 4.421 4.407 4.359 4.273 4.137 3.935 3.641 3.232 2.786 2.457 2.246 2.149 2.126 2.136 2.125 2.102 2.025 1.833 1.523 1.178 0.880 0.628 0.431 0.284 0.172 0.090 0.041 0.018 0.008 0.005 0.003 0.002 0.001
0.000 0.000 0.000 0.000 0.000 0.000 0.000 0.000 0.000 0.000 0.000 0.000 0.001 0.003 0.010 0.026 0.054 0.091 0.131 0.161 0.178 0.187 0.198 0.268 0.586 1.377 2.469 3.353 4.032 4.530 4.872 5.049 5.093 5.076 5.004 4.868 4.702 4.572 4.477 4.391 4.307 4.244 4.212 4.211 4.214 4.185 4.090 3.972 3.807 3.591 3.326 2.975 2.571 2.249 2.010 1.831 1.673 1.522 1.376 1.239 1.105 0.944 0.722 0.504 0.346 0.233 0.151 0.093 0.053 0.027 0.013 0.006 0.003 0.002 0.001 0.001 0.001
0.000 0.000 0.000 0.000 0.000 0.000 0.000 0.000 0.000 0.000 0.000 0.000 0.002 0.007 0.022 0.054 0.102 0.161 0.222 0.270 0.301 0.319 0.334 0.385 0.628 1.219 2.102 2.985 3.772 4.406 4.844 5.092 5.170 5.141 5.072 4.926 4.759 4.624 4.523 4.423 4.318 4.206 4.098 4.040 4.002 3.938 3.816 3.666 3.487 3.273 3.023 2.709 2.342 2.024 1.767 1.550 1.342 1.128 0.912 0.713 0.543 0.396 0.264 0.163 0.099 0.062 0.039 0.024 0.014 0.008 0.004 0.003 0.002 0.001 0.001 0.001 0.001
0.000 0.000 0.000 0.000 0.000 0.000 0.000 0.000 0.000 0.000 0.000 0.000 0.003 0.010 0.035 0.088 0.163 0.252 0.346 0.425 0.483 0.526 0.563 0.618 0.798 1.244 1.943 2.743 3.510 4.192 4.718 5.030 5.156 5.139 5.080 4.936 4.773 4.637 4.516 4.392 4.267 4.083 3.922 3.824 3.747 3.653 3.518 3.354 3.169 2.963 2.713 2.422 2.081 1.759 1.495 1.264 1.035 0.797 0.571 0.383 0.244 0.148 0.086 0.049 0.028 0.017 0.011 0.007 0.004 0.003 0.002 0.001 0.001 0.001 0.001 0.000 0.000
0.000 0.000 0.000 0.000 0.000 0.000 0.000 0.000 0.000 0.000 0.000 0.001 0.003 0.011 0.040 0.108 0.220 0.359 0.507 0.633 0.734 0.818 0.896 0.982 1.130 1.440 1.974 2.677 3.368 3.977 4.500 4.870 5.049 5.059 5.028 4.908 4.760 4.614 4.484 4.315 4.122 3.871 3.671 3.537 3.429 3.307 3.165 3.005 2.825 2.628 2.391 2.111 1.782 1.444 1.160 0.908 0.669 0.451 0.279 0.161 0.088 0.047 0.025 0.014 0.008 0.005 0.003 0.002 0.002 0.001 0.001 0.001 0.001 0.000 0.000 0.000 0.000
0.000 0.000 0.000 0.000 0.000 0.000 0.000 0.000 0.000 0.000 0.000 0.001 0.002 0.011 0.038 0.113 0.259 0.473 0.707 0.905 1.069 1.207 1.335 1.464 1.615 1.844 2.216 2.758 3.361 3.868 4.290 4.633 4.826 4.864 4.857 4.784 4.676 4.543 4.372 4.160 3.898 3.587 3.328 3.147 3.003 2.875 2.739 2.593 2.435 2.256 2.042 1.775 1.444 1.068 0.740 0.485 0.299 0.169 0.087 0.044 0.023 0.012 0.007 0.004 0.002 0.001 0.001 0.001 0.001 0.001 0.000 0.000 0.000 0.000 0.000 0.000 0.000
0.000 0.000 0.000 0.000 0.000 0.000 0.000 0.000 0.000 0.000 0.000 0.000 0.002 0.008 0.032 0.106 0.282 0.588 0.955 1.252 1.500 1.706 1.885 2.050 2.217 2.404 2.651 3.009 3.454 3.836 4.134 4.368 4.518 4.571 4.568 4.521 4.448 4.331 4.142 3.913 3.604 3.235 2.897 2.645 2.461 2.332 2.225 2.114 1.993 1.843 1.652 1.398 1.063 0.686 0.393 0.206 0.098 0.042 0.018 0.009 0.005 0.003 0.002 0.001 0.001 0.001 0.000 0.000 0.000 0.000 0.000 0.000 0.000 0.000 0.000 0.000 0.000
0.000 0.000 0.000 0.000 0.000 0.000 0.000 0.000 0.000 0.000 0.000 0.000 0.001 0.005 0.024 0.095 0.302 0.698 1.240 1.695 2.047 2.326 2.552 2.743 2.908 3.057 3.219 3.428 3.682 3.894 4.037 4.133 4.195 4.225 4.217 4.167 4.095 3.982 3.802 3.564 3.243 2.832 2.418 2.097 1.862 1.703 1.594 1.504 1.400 1.261 1.078 0.848 0.568 0.315 0.155 0.067 0.026 0.009 0.003 0.002 0.001 0.001 0.000 0.000 0.000 0.000 0.000 0.000 0.000 0.000 0.000 0.000 0.000 0.000 0.000 0.000 0.000
0.000 0.000 0.000 0.000 0.000 0.000 0.000 0.000 0.000 0.000 0.000 0.000 0.001 0.003 0.017 0.087 0.322 0.795 1.469 2.160 2.706 3.081 3.346 3.549 3.699 3.805 3.894 3.971 4.026 4.018 3.976 3.939 3.897 3.858 3.806 3.735 3.648 3.529 3.355 3.120 2.816 2.420 1.992 1.636 1.361 1.160 1.005 0.868 0.735 0.597 0.454 0.313 0.182 0.089 0.039 0.016 0.006 0.002 0.001 0.000 0.000 0.000 0.000 0.000 0.000 0.000 0.000 0.000 0.000 0.000 0.000 0.000 0.000 0.000 0.000 0.000 0.000
0.000 0.000 0.000 0.000 0.000 0.000 0.000 0.000 0.000 0.000 0.000 0.000 0.001 0.002 0.014 0.082 0.338 0.865 1.607 2.473 3.292 3.873 4.226 4.440 4.568 4.623 4.632 4.570 4.427 4.203 3.964 3.765 3.593 3.450 3.329 3.225 3.115 2.987 2.823 2.609 2.339 1.998 1.615 1.264 0.974 0.754 0.582 0.438 0.315 0.213 0.133 0.074 0.036 0.016 0.007 0.003 0.001 0.000 0.000 0.000 0.000 0.000 0.000 0.000 0.000 0.000 0.000 0.000 0.000 0.000 0.000 0.000 0.000 0.000 0.000 0.000 0.000
0.000 0.000 0.000 0.000 0.000 0.000 0.000 0.000 0.000 0.000 0.000 0.000 0.001 0.002 0.012 0.080 0.346 0.898 1.667 2.610 3.689 4.534 5.045 5.304 5.386 5.379 5.297 5.079 4.737 4.332 3.955 3.611 3.288 3.010 2.801 2.653 2.529 2.403 2.254 2.069 1.846 1.581 1.273 0.956 0.682 0.473 0.318 0.204 0.123 0.069 0.035 0.016 0.007 0.003 0.001 0.001 0.000 0.000 0.000 0.000 0.000 0.000 0.000 0.000 0.000 0.000 0.000 0.000 0.000 0.000 0.000 0.000 0.000 0.000 0.000 0.000 0.000
0.000 0.000 0.000 0.000 0.000 0.000 0.000 0.000 0.000 0.000 0.000 0.000 0.001 0.002 0.012 0.079 0.344 0.898 1.673 2.640 3.886 5.031 5.732 6.038 6.101 6.048 5.837 5.450 4.938 4.414 3.944 3.488 3.022 2.595 2.253 2.018 1.869 1.750 1.628 1.487 1.329 1.152 0.933 0.678 0.451 0.283 0.169 0.094 0.049 0.023 0.010 0.004 0.001 0.001 0.000 0.000 0.000 0.000 0.000 0.000 0.000 0.000 0.000 0.000 0.000 0.000 0.000 0.000 0.000 0.000 0.000 0.000 0.000 0.000 0.000 0.000 0.000
0.000 0.000 0.000 0.000 0.000 0.000 0.000 0.000 0.000 0.000 0.000 0.001 0.002 0.004 0.012 0.068 0.304 0.832 1.612 2.593 3.887 5.258 6.170 6.567 6.623 6.490 6.135 5.608 5.006 4.435 3.896 3.348 2.764 2.204 1.721 1.361 1.131 0.981 0.864 0.765 0.689 0.623 0.534 0.399 0.257 0.151 0.082 0.042 0.019 0.008 0.003 0.001 0.001 0.000 0.000 0.000 0.000 0.000 0.000 0.000 0.000 0.000 0.000 0.000 0.000 0.000 0.000 0.000 0.000 0.000 0.000 0.000 0.000 0.000 0.000 0.000 0.000
0.000 0.000 0.000 0.000 0.000 0.000 0.000 0.000 0.001 0.002 0.002 0.004 0.005 0.006 0.009 0.034 0.182 0.607 1.343 2.341 3.667 5.210 6.272 6.755 6.827 6.657 6.223 5.639 5.022 4.410 3.792 3.134 2.440 1.782 1.225 0.822 0.571 0.419 0.322 0.260 0.231 0.220 0.208 0.173 0.115 0.065 0.034 0.016 0.007 0.003 0.001 0.000 0.000 0.000 0.000 0.000 0.000 0.000 0.000 0.000 0.000 0.000 0.000 0.000 0.000 0.000 0.000 0.000 0.000 0.000 0.000 0.000 0.000 0.000 0.000 0.000 0.000
