RESULTS/r.avaflow_results/32_results/32_ascii/32_hflow_max0034.asc
ncols 506
nrows 317
xllcenter 498237.50
yllcenter 5580050.00
cellsize 12.50
NODATA_value -9999.000
[rows 170 to 203 of 317, columns 154 to 230 of 506]
13.413 13.312 13.221 13.104 12.914 12.650 12.321 11.979 11.665 11.376 11.085 10.795 10.516 10.250 9.857 9.148 8.165 7.057 5.993 5.149 4.397 3.634 2.897 2.338 1.936 1.649 1.448 1.321 1.290 1.318 1.399 1.516 1.640 1.742 1.822 1.881 1.927 1.958 1.971 1.964 1.918 1.833 1.737 1.663 1.602 1.535 1.437 1.296 1.116 0.910 0.700 0.514 0.372 0.280 0.222 0.182 0.153 0.132 0.117 0.105 0.095 0.085 0.074 0.066 0.063 0.065 0.070 0.094 0.172 0.358 0.625 0.813 0.925 0.978 0.968 0.888 0.738
17.024 17.158 17.167 17.042 16.754 16.334 15.867 15.410 14.980 14.579 14.191 13.803 13.535 13.284 12.838 12.114 11.150 10.064 8.901 7.673 6.445 5.253 4.163 3.297 2.661 2.168 1.794 1.548 1.426 1.410 1.447 1.536 1.664 1.771 1.830 1.872 1.903 1.919 1.908 1.857 1.747 1.590 1.434 1.312 1.210 1.099 0.953 0.753 0.532 0.361 0.252 0.183 0.137 0.108 0.090 0.079 0.072 0.068 0.066 0.064 0.061 0.056 0.049 0.044 0.044 0.045 0.050 0.070 0.129 0.271 0.522 0.725 0.829 0.885 0.895 0.855 0.760
20.368 20.733 20.771 20.561 20.129 19.568 18.997 18.479 17.989 17.514 17.059 16.751 16.546 16.303 15.880 15.156 14.154 13.022 11.829 10.521 9.058 7.523 6.051 4.798 3.806 3.009 2.381 1.944 1.687 1.558 1.495 1.483 1.563 1.679 1.754 1.779 1.768 1.716 1.614 1.447 1.200 0.954 0.760 0.617 0.526 0.446 0.354 0.252 0.169 0.117 0.086 0.067 0.054 0.045 0.040 0.039 0.040 0.041 0.042 0.042 0.041 0.038 0.034 0.033 0.033 0.033 0.037 0.051 0.092 0.192 0.403 0.646 0.781 0.842 0.859 0.842 0.775
22.763 23.355 23.492 23.335 22.926 22.390 21.861 21.389 20.917 20.423 20.067 19.796 19.573 19.324 18.900 18.167 17.122 15.907 14.626 13.285 11.833 10.218 8.479 6.816 5.401 4.237 3.309 2.612 2.119 1.785 1.585 1.477 1.435 1.494 1.542 1.530 1.442 1.274 1.044 0.771 0.525 0.361 0.264 0.205 0.172 0.142 0.109 0.078 0.056 0.042 0.034 0.028 0.025 0.022 0.022 0.023 0.025 0.027 0.028 0.028 0.028 0.026 0.025 0.025 0.025 0.026 0.028 0.037 0.062 0.125 0.273 0.531 0.739 0.826 0.848 0.843 0.792
23.696 24.489 24.880 24.980 24.865 24.639 24.374 24.089 23.728 23.346 22.949 22.613 22.338 22.044 21.605 20.905 19.913 18.700 17.344 15.891 14.341 12.640 10.730 8.730 6.955 5.459 4.250 3.313 2.612 2.100 1.732 1.476 1.348 1.328 1.312 1.205 0.971 0.699 0.472 0.306 0.195 0.129 0.092 0.073 0.061 0.050 0.039 0.030 0.024 0.020 0.017 0.015 0.014 0.014 0.014 0.015 0.017 0.019 0.019 0.020 0.019 0.019 0.019 0.019 0.019 0.020 0.022 0.027 0.042 0.079 0.168 0.374 0.655 0.799 0.838 0.842 0.806
23.629 24.559 25.164 25.509 25.738 25.891 25.929 25.857 25.729 25.486 25.023 24.558 24.247 23.948 23.531 22.921 22.097 21.016 19.653 18.055 16.309 14.550 12.653 10.497 8.291 6.421 4.936 3.807 2.959 2.326 1.861 1.528 1.338 1.224 1.063 0.764 0.467 0.283 0.180 0.115 0.076 0.052 0.039 0.032 0.027 0.023 0.018 0.015 0.013 0.012 0.010 0.009 0.009 0.009 0.010 0.010 0.012 0.013 0.013 0.014 0.014 0.013 0.013 0.014 0.014 0.015 0.018 0.021 0.030 0.053 0.107 0.241 0.520 0.742 0.811 0.830 0.807
22.834 23.968 24.848 25.440 25.888 26.220 26.371 26.460 26.485 26.330 25.864 25.280 24.957 24.738 24.381 23.837 23.180 22.327 21.165 19.656 17.892 15.977 13.873 11.476 8.957 6.840 5.201 3.983 3.081 2.411 1.918 1.565 1.308 1.044 0.669 0.335 0.177 0.108 0.070 0.049 0.036 0.026 0.021 0.017 0.015 0.013 0.011 0.009 0.008 0.007 0.007 0.006 0.006 0.006 0.006 0.007 0.008 0.008 0.009 0.009 0.009 0.009 0.009 0.010 0.011 0.012 0.014 0.018 0.024 0.038 0.074 0.163 0.378 0.645 0.757 0.794 0.788
21.524 22.855 24.029 24.953 25.643 26.049 26.292 26.377 26.464 26.441 26.143 25.486 25.052 24.864 24.626 24.176 23.580 22.833 21.772 20.286 18.436 16.389 14.168 11.661 9.032 6.842 5.169 3.943 3.042 2.370 1.856 1.442 1.045 0.626 0.280 0.123 0.067 0.043 0.030 0.025 0.019 0.015 0.013 0.011 0.009 0.008 0.007 0.006 0.005 0.005 0.004 0.004 0.004 0.004 0.004 0.004 0.005 0.005 0.005 0.006 0.006 0.006 0.006 0.007 0.007 0.009 0.011 0.015 0.020 0.030 0.055 0.117 0.265 0.516 0.671 0.738 0.753
20.140 21.610 22.911 24.049 24.957 25.559 25.813 25.849 25.845 25.809 25.525 24.894 24.419 24.211 23.962 23.500 22.910 22.227 21.266 19.861 18.038 15.956 13.677 11.137 8.560 6.429 4.788 3.568 2.667 1.981 1.426 0.935 0.505 0.222 0.093 0.046 0.028 0.020 0.016 0.014 0.012 0.010 0.008 0.007 0.006 0.005 0.004 0.004 0.003 0.003 0.002 0.002 0.002 0.002 0.002 0.002 0.002 0.003 0.003 0.003 0.003 0.004 0.004 0.004 0.005 0.006 0.009 0.012 0.017 0.025 0.044 0.088 0.190 0.386 0.567 0.662 0.701
18.646 20.182 21.581 22.766 23.700 24.305 24.562 24.586 24.439 24.158 23.854 23.477 23.047 22.561 22.029 21.471 20.892 20.292 19.475 18.197 16.438 14.360 12.085 9.648 7.341 5.434 3.881 2.627 1.687 1.037 0.603 0.322 0.153 0.068 0.034 0.021 0.015 0.011 0.010 0.009 0.008 0.006 0.005 0.005 0.004 0.003 0.003 0.002 0.002 0.001 0.001 0.001 0.001 0.001 0.001 0.001 0.001 0.001 0.001 0.001 0.002 0.002 0.002 0.003 0.003 0.005 0.007 0.010 0.015 0.022 0.036 0.069 0.142 0.284 0.458 0.570 0.632
16.963 18.494 19.829 20.954 21.866 22.510 22.900 23.025 22.824 22.288 22.062 22.024 21.718 20.911 20.067 19.428 18.808 18.095 17.129 15.736 13.885 11.715 9.426 7.282 5.449 3.857 2.419 1.292 0.618 0.296 0.155 0.085 0.046 0.026 0.016 0.011 0.009 0.007 0.007 0.006 0.005 0.004 0.003 0.003 0.002 0.002 0.001 0.001 0.001 0.000 0.000 0.000 0.000 0.000 0.000 0.000 0.000 0.000 0.000 0.000 0.001 0.001 0.001 0.001 0.002 0.003 0.005 0.009 0.013 0.019 0.031 0.057 0.111 0.214 0.361 0.471 0.551
14.931 16.295 17.584 18.798 19.915 20.874 21.589 21.883 21.741 21.226 21.021 20.990 20.605 19.581 18.673 18.013 17.308 16.342 14.970 13.151 10.932 8.336 5.921 4.246 3.020 1.941 1.014 0.423 0.161 0.073 0.043 0.028 0.019 0.013 0.009 0.007 0.006 0.005 0.004 0.004 0.003 0.002 0.002 0.001 0.001 0.001 0.000 0.000 0.000 0.000 0.000 0.000 0.000 0.000 0.000 0.000 0.000 0.000 0.000 0.000 0.000 0.000 0.000 0.001 0.001 0.002 0.004 0.007 0.011 0.017 0.027 0.048 0.090 0.168 0.285 0.391 0.472
12.582 13.790 15.138 16.608 18.044 19.340 20.338 20.811 20.763 20.373 20.077 19.787 19.142 18.037 17.158 16.448 15.622 14.393 12.595 10.254 7.361 4.461 2.516 1.569 1.020 0.589 0.263 0.098 0.042 0.025 0.018 0.014 0.010 0.008 0.006 0.005 0.004 0.003 0.003 0.002 0.001 0.001 0.001 0.000 0.000 0.000 0.000 0.000 0.000 0.000 0.000 0.000 0.000 0.000 0.000 0.000 0.000 0.000 0.000 0.000 0.000 0.000 0.000 0.000 0.001 0.002 0.003 0.006 0.010 0.016 0.025 0.041 0.075 0.137 0.229 0.328 0.412
10.438 11.606 12.935 14.470 16.015 17.433 18.567 19.155 19.223 18.883 18.228 17.400 16.428 15.447 14.663 13.853 12.796 11.220 8.836 5.894 3.194 1.427 0.592 0.309 0.185 0.103 0.051 0.026 0.017 0.012 0.010 0.008 0.006 0.005 0.004 0.003 0.002 0.002 0.001 0.001 0.001 0.000 0.000 0.000 0.000 0.000 0.000 0.000 0.000 0.000 0.000 0.000 0.000 0.000 0.000 0.000 0.000 0.000 0.000 0.000 0.000 0.000 0.000 0.000 0.000 0.001 0.002 0.005 0.009 0.015 0.023 0.038 0.066 0.115 0.189 0.276 0.356
8.648 9.793 10.996 12.212 13.384 14.489 15.456 16.043 16.176 15.887 15.064 13.887 12.707 11.736 10.816 9.720 8.189 6.090 3.733 1.776 0.680 0.221 0.083 0.052 0.037 0.025 0.017 0.012 0.010 0.008 0.006 0.005 0.004 0.003 0.002 0.002 0.001 0.001 0.000 0.000 0.000 0.000 0.000 0.000 0.000 0.000 0.000 0.000 0.000 0.000 0.000 0.000 0.000 0.000 0.000 0.000 0.000 0.000 0.000 0.000 0.000 0.000 0.000 0.000 0.000 0.000 0.002 0.004 0.008 0.013 0.022 0.036 0.059 0.099 0.158 0.230 0.303
7.366 8.307 8.998 9.464 9.820 10.228 10.817 11.362 11.582 11.467 10.807 9.625 8.119 6.659 5.401 4.271 3.071 1.760 0.764 0.254 0.081 0.035 0.023 0.019 0.015 0.012 0.010 0.008 0.006 0.005 0.004 0.003 0.002 0.002 0.001 0.001 0.000 0.000 0.000 0.000 0.000 0.000 0.000 0.000 0.000 0.000 0.000 0.000 0.000 0.000 0.000 0.000 0.000 0.000 0.000 0.000 0.000 0.000 0.000 0.000 0.000 0.000 0.000 0.000 0.000 0.000 0.001 0.003 0.006 0.012 0.020 0.033 0.052 0.084 0.132 0.191 0.256
5.461 5.769 5.760 5.500 5.195 5.096 5.257 5.543 5.693 5.676 5.347 4.570 3.400 2.260 1.501 0.990 0.574 0.253 0.092 0.036 0.020 0.015 0.013 0.011 0.009 0.008 0.006 0.005 0.004 0.003 0.002 0.002 0.001 0.001 0.000 0.000 0.000 0.000 0.000 0.000 0.000 0.000 0.000 0.000 0.000 0.000 0.000 0.000 0.000 0.000 0.000 0.000 0.000 0.000 0.000 0.000 0.000 0.000 0.000 0.000 0.000 0.000 0.000 0.000 0.000 0.000 0.001 0.002 0.005 0.009 0.017 0.028 0.045 0.069 0.108 0.160 0.217
2.555 2.476 2.337 2.127 1.865 1.700 1.653 1.683 1.694 1.666 1.533 1.232 0.773 0.400 0.223 0.136 0.078 0.039 0.021 0.014 0.011 0.009 0.008 0.007 0.006 0.005 0.004 0.003 0.002 0.002 0.001 0.001 0.000 0.000 0.000 0.000 0.000 0.000 0.000 0.000 0.000 0.000 0.000 0.000 0.000 0.000 0.000 0.000 0.000 0.000 0.000 0.000 0.000 0.000 0.000 0.000 0.000 0.000 0.000 0.000 0.000 0.000 0.000 0.000 0.000 0.000 0.000 0.001 0.003 0.006 0.012 0.022 0.036 0.056 0.089 0.136 0.190
0.775 0.718 0.648 0.573 0.473 0.388 0.343 0.317 0.299 0.279 0.247 0.192 0.113 0.062 0.040 0.029 0.021 0.015 0.011 0.009 0.007 0.006 0.006 0.005 0.004 0.003 0.002 0.002 0.001 0.001 0.000 0.000 0.000 0.000 0.000 0.000 0.000 0.000 0.000 0.000 0.000 0.000 0.000 0.000 0.000 0.000 0.000 0.000 0.000 0.000 0.000 0.000 0.000 0.000 0.000 0.000 0.000 0.000 0.000 0.000 0.000 0.000 0.000 0.000 0.000 0.000 0.000 0.001 0.002 0.004 0.008 0.015 0.027 0.046 0.077 0.120 0.174
0.183 0.175 0.159 0.142 0.120 0.094 0.078 0.068 0.061 0.055 0.049 0.040 0.028 0.020 0.016 0.013 0.011 0.009 0.007 0.006 0.005 0.004 0.003 0.003 0.002 0.001 0.001 0.001 0.000 0.000 0.000 0.000 0.000 0.000 0.000 0.000 0.000 0.000 0.000 0.000 0.000 0.000 0.000 0.000 0.000 0.000 0.000 0.000 0.000 0.000 0.000 0.000 0.000 0.000 0.000 0.000 0.000 0.000 0.000 0.000 0.000 0.000 0.000 0.000 0.000 0.000 0.000 0.000 0.001 0.002 0.005 0.010 0.019 0.035 0.065 0.112 0.174
0.051 0.050 0.047 0.043 0.038 0.032 0.027 0.024 0.022 0.020 0.018 0.016 0.014 0.011 0.010 0.008 0.007 0.006 0.005 0.004 0.003 0.002 0.002 0.001 0.001 0.001 0.000 0.000 0.000 0.000 0.000 0.000 0.000 0.000 0.000 0.000 0.000 0.000 0.000 0.000 0.000 0.000 0.000 0.000 0.000 0.000 0.000 0.000 0.000 0.000 0.000 0.000 0.000 0.000 0.000 0.000 0.000 0.000 0.000 0.000 0.000 0.000 0.000 0.000 0.000 0.000 0.000 0.000 0.000 0.001 0.003 0.006 0.012 0.023 0.045 0.087 0.154
0.021 0.021 0.020 0.019 0.017 0.015 0.014 0.013 0.012 0.011 0.010 0.009 0.008 0.007 0.006 0.005 0.005 0.004 0.003 0.002 0.002 0.001 0.001 0.000 0.000 0.000 0.000 0.000 0.000 0.000 0.000 0.000 0.000 0.000 0.000 0.000 0.000 0.000 0.000 0.000 0.000 0.000 0.000 0.000 0.000 0.000 0.000 0.000 0.000 0.000 0.000 0.000 0.000 0.000 0.000 0.000 0.000 0.000 0.000 0.000 0.000 0.000 0.000 0.000 0.000 0.000 0.000 0.000 0.000 0.001 0.002 0.004 0.007 0.013 0.025 0.050 0.098
0.011 0.011 0.011 0.010 0.010 0.009 0.008 0.007 0.007 0.007 0.006 0.006 0.005 0.005 0.004 0.003 0.003 0.002 0.001 0.001 0.001 0.000 0.000 0.000 0.000 0.000 0.000 0.000 0.000 0.000 0.000 0.000 0.000 0.000 0.000 0.000 0.000 0.000 0.000 0.000 0.000 0.000 0.000 0.000 0.000 0.000 0.000 0.000 0.000 0.000 0.000 0.000 0.000 0.000 0.000 0.000 0.000 0.000 0.000 0.000 0.000 0.000 0.000 0.000 0.000 0.000 0.000 0.000 0.000 0.000 0.001 0.002 0.004 0.007 0.013 0.025 0.048
0.006 0.006 0.006 0.006 0.005 0.005 0.004 0.004 0.004 0.004 0.004 0.003 0.003 0.003 0.002 0.002 0.001 0.001 0.001 0.000 0.000 0.000 0.000 0.000 0.000 0.000 0.000 0.000 0.000 0.000 0.000 0.000 0.000 0.000 0.000 0.000 0.000 0.000 0.000 0.000 0.000 0.000 0.000 0.000 0.000 0.000 0.000 0.000 0.000 0.000 0.000 0.000 0.000 0.000 0.000 0.000 0.000 0.000 0.000 0.000 0.000 0.000 0.000 0.000 0.000 0.000 0.000 0.000 0.000 0.000 0.000 0.001 0.002 0.004 0.007 0.013 0.023
0.004 0.003 0.003 0.003 0.003 0.002 0.002 0.002 0.002 0.002 0.002 0.002 0.002 0.001 0.001 0.001 0.000 0.000 0.000 0.000 0.000 0.000 0.000 0.000 0.000 0.000 0.000 0.000 0.000 0.000 0.000 0.000 0.000 0.000 0.000 0.000 0.000 0.000 0.000 0.000 0.000 0.000 0.000 0.000 0.000 0.000 0.000 0.000 0.000 0.000 0.000 0.000 0.000 0.000 0.000 0.000 0.000 0.000 0.000 0.000 0.000 0.000 0.000 0.000 0.000 0.000 0.000 0.000 0.000 0.000 0.000 0.000 0.001 0.002 0.004 0.007 0.011
0.002 0.002 0.002 0.001 0.001 0.001 0.001 0.001 0.001 0.001 0.001 0.001 0.000 0.000 0.000 0.000 0.000 0.000 0.000 0.000 0.000 0.000 0.000 0.000 0.000 0.000 0.000 0.000 0.000 0.000 0.000 0.000 0.000 0.000 0.000 0.000 0.000 0.000 0.000 0.000 0.000 0.000 0.000 0.000 0.000 0.000 0.000 0.000 0.000 0.000 0.000 0.000 0.000 0.000 0.000 0.000 0.000 0.000 0.000 0.000 0.000 0.000 0.000 0.000 0.000 0.000 0.000 0.000 0.000 0.000 0.000 0.000 0.000 0.001 0.002 0.003 0.006
0.001 0.001 0.000 0.000 0.000 0.000 0.000 0.000 0.000 0.000 0.000 0.000 0.000 0.000 0.000 0.000 0.000 0.000 0.000 0.000 0.000 0.000 0.000 0.000 0.000 0.000 0.000 0.000 0.000 0.000 0.000 0.000 0.000 0.000 0.000 0.000 0.000 0.000 0.000 0.000 0.000 0.000 0.000 0.000 0.000 0.000 0.000 0.000 0.000 0.000 0.000 0.000 0.000 0.000 0.000 0.000 0.000 0.000 0.000 0.000 0.000 0.000 0.000 0.000 0.000 0.000 0.000 0.000 0.000 0.000 0.000 0.000 0.000 0.000 0.001 0.001 0.003
0.000 0.000 0.000 0.000 0.000 0.000 0.000 0.000 0.000 0.000 0.000 0.000 0.000 0.000 0.000 0.000 0.000 0.000 0.000 0.000 0.000 0.000 0.000 0.000 0.000 0.000 0.000 0.000 0.000 0.000 0.000 0.000 0.000 0.000 0.000 0.000 0.000 0.000 0.000 0.000 0.000 0.000 0.000 0.000 0.000 0.000 0.000 0.000 0.000 0.000 0.000 0.000 0.000 0.000 0.000 0.000 0.000 0.000 0.000 0.000 0.000 0.000 0.000 0.000 0.000 0.000 0.000 0.000 0.000 0.000 0.000 0.000 0.000 0.000 0.000 0.000 0.001
0.000 0.000 0.000 0.000 0.000 0.000 0.000 0.000 0.000 0.000 0.000 0.000 0.000 0.000 0.000 0.000 0.000 0.000 0.000 0.000 0.000 0.000 0.000 0.000 0.000 0.000 0.000 0.000 0.000 0.000 0.000 0.000 0.000 0.000 0.000 0.000 0.000 0.000 0.000 0.000 0.000 0.000 0.000 0.000 0.000 0.000 0.000 0.000 0.000 0.000 0.000 0.000 0.000 0.000 0.000 0.000 0.000 0.000 0.000 0.000 0.000 0.000 0.000 0.000 0.000 0.000 0.000 0.000 0.000 0.000 0.000 0.000 0.000 0.000 0.000 0.000 0.000
0.000 0.000 0.000 0.000 0.000 0.000 0.000 0.000 0.000 0.000 0.000 0.000 0.000 0.000 0.000 0.000 0.000 0.000 0.000 0.000 0.000 0.000 0.000 0.000 0.000 0.000 0.000 0.000 0.000 0.000 0.000 0.000 0.000 0.000 0.000 0.000 0.000 0.000 0.000 0.000 0.000 0.000 0.000 0.000 0.000 0.000 0.000 0.000 0.000 0.000 0.000 0.000 0.000 0.000 0.000 0.000 0.000 0.000 0.000 0.000 0.000 0.000 0.000 0.000 0.000 0.000 0.000 0.000 0.000 0.000 0.000 0.000 0.000 0.000 0.000 0.000 0.000
0.000 0.000 0.000 0.000 0.000 0.000 0.000 0.000 0.000 0.000 0.000 0.000 0.000 0.000 0.000 0.000 0.000 0.000 0.000 0.000 0.000 0.000 0.000 0.000 0.000 0.000 0.000 0.000 0.000 0.000 0.000 0.000 0.000 0.000 0.000 0.000 0.000 0.000 0.000 0.000 0.000 0.000 0.000 0.000 0.000 0.000 0.000 0.000 0.000 0.000 0.000 0.000 0.000 0.000 0.000 0.000 0.000 0.000 0.000 0.000 0.000 0.000 0.000 0.000 0.000 0.000 0.000 0.000 0.000 0.000 0.000 0.000 0.000 0.000 0.000 0.000 0.000
0.000 0.000 0.000 0.000 0.000 0.000 0.000 0.000 0.000 0.000 0.000 0.000 0.000 0.000 0.000 0.000 0.000 0.000 0.000 0.000 0.000 0.000 0.000 0.000 0.000 0.000 0.000 0.000 0.000 0.000 0.000 0.000 0.000 0.000 0.000 0.000 0.000 0.000 0.000 0.000 0.000 0.000 0.000 0.000 0.000 0.000 0.000 0.000 0.000 0.000 0.000 0.000 0.000 0.000 0.000 0.000 0.000 0.000 0.000 0.000 0.000 0.000 0.000 0.000 0.000 0.000 0.000 0.000 0.000 0.000 0.000 0.000 0.000 0.000 0.000 0.000 0.000
0.000 0.000 0.000 0.000 0.000 0.000 0.000 0.000 0.000 0.000 0.000 0.000 0.000 0.000 0.000 0.000 0.000 0.000 0.000 0.000 0.000 0.000 0.000 0.000 0.000 0.000 0.000 0.000 0.000 0.000 0.000 0.000 0.000 0.000 0.000 0.000 0.000 0.000 0.000 0.000 0.000 0.000 0.000 0.000 0.000 0.000 0.000 0.000 0.000 0.000 0.000 0.000 0.000 0.000 0.000 0.000 0.000 0.000 0.000 0.000 0.000 0.000 0.000 0.000 0.000 0.000 0.000 0.000 0.000 0.000 0.000 0.000 0.000 0.000 0.000 0.000 0.000
0.000 0.000 0.000 0.000 0.000 0.000 0.000 0.000 0.000 0.000 0.000 0.000 0.000 0.000 0.000 0.000 0.000 0.000 0.000 0.000 0.000 0.000 0.000 0.000 0.000 0.000 0.000 0.000 0.000 0.000 0.000 0.000 0.000 0.000 0.000 0.000 0.000 0.000 0.000 0.000 0.000 0.000 0.000 0.000 0.000 0.000 0.000 0.000 0.000 0.000 0.000 0.000 0.000 0.000 0.000 0.000 0.000 0.000 0.000 0.000 0.000 0.000 0.000 0.000 0.000 0.000 0.000 0.000 0.000 0.000 0.000 0.000 0.000 0.000 0.000 0.000 0.000
