RESULTS/r.avaflow_results/32_results/32_ascii/32_hflow10043.asc
ncols 506
nrows 317
xllcenter 498237.50
yllcenter 5580050.00
cellsize 12.50
NODATA_value -9999.000
[rows 170 to 203 of 317, columns 77 to 153 of 506]
0.000 0.000 0.000 0.000 0.000 0.000 0.000 0.000 0.000 0.000 0.000 0.000 0.000 0.000 0.000 0.001 0.001 0.001 0.002 0.002 0.002 0.002 0.003 0.008 0.023 0.042 0.050 0.051 0.050 0.048 0.044 0.039 0.031 0.021 0.014 0.010 0.008 0.007 0.006 0.006 0.005 0.005 0.005 0.007 0.014 0.034 0.069 0.115 0.184 0.319 0.576 1.050 1.944 3.027 3.633 3.737 3.690 3.709 3.775 3.796 3.771 3.662 3.461 3.156 2.746 2.263 1.814 1.446 1.142 0.893 0.693 0.536 0.416 0.323 0.251 0.195 0.150
0.000 0.000 0.000 0.000 0.000 0.000 0.000 0.000 0.000 0.000 0.000 0.000 0.000 0.001 0.001 0.003 0.004 0.006 0.007 0.008 0.008 0.009 0.015 0.030 0.055 0.073 0.078 0.077 0.075 0.072 0.066 0.058 0.046 0.032 0.022 0.016 0.013 0.012 0.011 0.011 0.010 0.011 0.013 0.025 0.062 0.147 0.273 0.428 0.666 1.053 1.630 2.478 3.431 4.065 4.248 4.208 4.118 4.095 4.098 4.079 4.018 3.882 3.638 3.285 2.827 2.308 1.857 1.482 1.173 0.921 0.722 0.566 0.444 0.347 0.269 0.208 0.160
0.000 0.000 0.000 0.000 0.000 0.000 0.000 0.000 0.000 0.000 0.000 0.000 0.001 0.002 0.004 0.007 0.011 0.016 0.020 0.023 0.027 0.034 0.052 0.079 0.104 0.113 0.114 0.113 0.110 0.104 0.096 0.084 0.067 0.046 0.032 0.025 0.021 0.020 0.019 0.019 0.020 0.025 0.044 0.104 0.263 0.530 0.843 1.198 1.704 2.434 3.248 3.968 4.421 4.582 4.547 4.475 4.396 4.340 4.299 4.256 4.171 4.008 3.737 3.350 2.860 2.333 1.887 1.511 1.207 0.955 0.757 0.596 0.465 0.362 0.281 0.217 0.167
0.000 0.000 0.000 0.000 0.000 0.000 0.000 0.000 0.000 0.000 0.000 0.001 0.002 0.005 0.009 0.015 0.022 0.031 0.041 0.052 0.065 0.085 0.119 0.149 0.162 0.164 0.162 0.159 0.155 0.147 0.136 0.119 0.095 0.066 0.047 0.037 0.033 0.031 0.031 0.034 0.043 0.074 0.168 0.405 0.832 1.373 1.916 2.506 3.251 4.019 4.613 4.944 5.025 4.934 4.754 4.634 4.554 4.479 4.422 4.361 4.259 4.078 3.787 3.382 2.872 2.347 1.907 1.538 1.234 0.985 0.781 0.615 0.478 0.371 0.287 0.222 0.171
0.000 0.000 0.000 0.000 0.000 0.000 0.000 0.000 0.000 0.000 0.000 0.001 0.004 0.010 0.017 0.026 0.038 0.054 0.073 0.095 0.124 0.162 0.202 0.224 0.229 0.228 0.225 0.221 0.214 0.204 0.188 0.166 0.133 0.094 0.067 0.053 0.047 0.046 0.049 0.062 0.102 0.224 0.544 1.139 1.921 2.705 3.412 4.052 4.651 5.139 5.451 5.540 5.464 5.221 4.894 4.711 4.618 4.548 4.491 4.431 4.320 4.125 3.814 3.390 2.870 2.356 1.920 1.555 1.252 1.001 0.793 0.623 0.485 0.377 0.291 0.224 0.173
0.000 0.000 0.000 0.000 0.000 0.000 0.000 0.000 0.000 0.000 0.000 0.002 0.007 0.014 0.026 0.041 0.061 0.086 0.117 0.156 0.204 0.255 0.292 0.307 0.310 0.309 0.306 0.301 0.292 0.278 0.257 0.227 0.185 0.132 0.094 0.073 0.065 0.065 0.074 0.112 0.223 0.555 1.310 2.418 3.454 4.279 4.863 5.297 5.655 5.904 6.003 5.978 5.812 5.439 5.006 4.737 4.622 4.577 4.528 4.466 4.362 4.158 3.827 3.389 2.865 2.359 1.926 1.563 1.258 1.005 0.796 0.625 0.488 0.379 0.293 0.226 0.173
0.000 0.000 0.000 0.000 0.000 0.000 0.000 0.000 0.000 0.000 0.000 0.002 0.008 0.017 0.032 0.052 0.081 0.121 0.174 0.238 0.305 0.361 0.395 0.408 0.413 0.412 0.410 0.404 0.393 0.375 0.348 0.309 0.255 0.185 0.128 0.097 0.086 0.086 0.103 0.175 0.409 1.090 2.463 3.988 5.000 5.650 6.017 6.249 6.411 6.489 6.472 6.348 6.065 5.606 5.111 4.776 4.615 4.576 4.562 4.516 4.405 4.182 3.832 3.377 2.849 2.350 1.924 1.558 1.252 0.999 0.791 0.620 0.485 0.377 0.292 0.225 0.172
0.000 0.000 0.000 0.000 0.000 0.000 0.000 0.000 0.000 0.000 0.000 0.003 0.008 0.019 0.034 0.058 0.093 0.144 0.219 0.323 0.421 0.484 0.523 0.540 0.545 0.545 0.542 0.535 0.522 0.499 0.465 0.415 0.346 0.256 0.174 0.127 0.109 0.108 0.124 0.210 0.532 1.539 3.487 5.271 6.249 6.726 6.901 6.991 7.016 6.974 6.853 6.623 6.253 5.750 5.223 4.844 4.648 4.602 4.594 4.551 4.429 4.184 3.819 3.351 2.810 2.312 1.890 1.527 1.227 0.976 0.771 0.605 0.473 0.369 0.287 0.221 0.169
0.000 0.000 0.000 0.000 0.000 0.000 0.000 0.000 0.000 0.000 0.000 0.002 0.008 0.019 0.035 0.059 0.096 0.153 0.241 0.377 0.534 0.634 0.686 0.710 0.717 0.718 0.714 0.703 0.684 0.654 0.611 0.550 0.465 0.351 0.236 0.166 0.134 0.128 0.141 0.224 0.570 1.749 4.153 6.239 7.198 7.530 7.582 7.576 7.493 7.322 7.097 6.794 6.377 5.871 5.351 4.954 4.737 4.668 4.643 4.573 4.425 4.152 3.770 3.284 2.730 2.240 1.827 1.477 1.183 0.938 0.739 0.579 0.453 0.355 0.276 0.214 0.164
0.000 0.000 0.000 0.000 0.000 0.000 0.000 0.000 0.000 0.000 0.000 0.002 0.007 0.017 0.034 0.058 0.095 0.153 0.246 0.396 0.617 0.804 0.893 0.927 0.937 0.937 0.931 0.914 0.887 0.848 0.792 0.718 0.617 0.475 0.320 0.215 0.163 0.149 0.157 0.233 0.573 1.783 4.457 6.907 7.897 8.113 8.096 7.993 7.790 7.506 7.200 6.870 6.482 6.023 5.518 5.115 4.876 4.774 4.700 4.565 4.368 4.054 3.643 3.133 2.596 2.131 1.733 1.398 1.117 0.884 0.696 0.547 0.431 0.339 0.265 0.206 0.159
0.000 0.000 0.000 0.000 0.000 0.000 0.000 0.000 0.000 0.000 0.000 0.001 0.005 0.013 0.027 0.051 0.086 0.142 0.233 0.387 0.634 0.944 1.137 1.195 1.207 1.205 1.196 1.174 1.137 1.086 1.019 0.928 0.804 0.632 0.430 0.281 0.199 0.172 0.174 0.239 0.561 1.743 4.469 7.200 8.363 8.534 8.446 8.233 7.906 7.559 7.234 6.902 6.555 6.178 5.734 5.326 5.047 4.877 4.729 4.523 4.262 3.893 3.434 2.905 2.408 1.979 1.608 1.296 1.035 0.820 0.649 0.515 0.411 0.326 0.257 0.200 0.155
0.000 0.000 0.000 0.000 0.000 0.000 0.000 0.000 0.000 0.000 0.000 0.000 0.002 0.006 0.014 0.031 0.058 0.100 0.174 0.311 0.565 0.971 1.343 1.498 1.525 1.524 1.513 1.487 1.441 1.378 1.295 1.182 1.030 0.826 0.580 0.375 0.251 0.201 0.196 0.246 0.525 1.607 4.262 7.171 8.563 8.794 8.634 8.315 7.935 7.555 7.205 6.890 6.590 6.274 5.920 5.541 5.209 4.957 4.732 4.456 4.127 3.693 3.177 2.641 2.179 1.785 1.451 1.172 0.942 0.756 0.608 0.489 0.393 0.315 0.250 0.196 0.153
0.000 0.000 0.000 0.000 0.000 0.000 0.000 0.000 0.000 0.000 0.000 0.000 0.000 0.001 0.004 0.010 0.021 0.038 0.071 0.154 0.370 0.825 1.427 1.762 1.868 1.891 1.883 1.853 1.803 1.729 1.624 1.485 1.301 1.068 0.781 0.518 0.338 0.251 0.233 0.268 0.497 1.414 3.824 6.868 8.502 8.852 8.678 8.321 7.902 7.492 7.149 6.852 6.579 6.307 6.025 5.705 5.352 5.020 4.720 4.386 4.002 3.525 2.977 2.453 2.007 1.634 1.323 1.069 0.862 0.698 0.569 0.465 0.379 0.307 0.246 0.195 0.153
0.000 0.000 0.000 0.000 0.000 0.000 0.000 0.000 0.000 0.000 0.000 0.000 0.000 0.000 0.001 0.002 0.005 0.009 0.017 0.042 0.152 0.543 1.311 1.920 2.167 2.261 2.281 2.263 2.214 2.128 2.003 1.839 1.628 1.367 1.053 0.737 0.491 0.352 0.310 0.330 0.527 1.320 3.379 6.333 8.108 8.664 8.580 8.249 7.789 7.329 6.989 6.727 6.509 6.290 6.064 5.788 5.450 5.085 4.719 4.332 3.903 3.401 2.851 2.347 1.913 1.546 1.241 0.994 0.798 0.645 0.529 0.439 0.364 0.300 0.244 0.196 0.154
0.000 0.000 0.000 0.000 0.000 0.000 0.000 0.000 0.000 0.000 0.000 0.000 0.000 0.000 0.000 0.001 0.001 0.002 0.004 0.009 0.049 0.290 1.037 1.946 2.379 2.567 2.644 2.651 2.622 2.554 2.426 2.245 2.016 1.739 1.411 1.050 0.744 0.547 0.469 0.474 0.644 1.347 3.006 5.561 7.354 8.107 8.204 8.011 7.577 7.048 6.654 6.403 6.279 6.184 6.040 5.797 5.492 5.135 4.732 4.306 3.835 3.320 2.789 2.303 1.876 1.505 1.194 0.943 0.747 0.597 0.486 0.405 0.344 0.292 0.244 0.201 0.160
0.000 0.000 0.000 0.000 0.000 0.000 0.000 0.000 0.000 0.000 0.000 0.000 0.000 0.000 0.000 0.000 0.001 0.001 0.002 0.005 0.018 0.137 0.704 1.756 2.463 2.769 2.925 2.997 3.003 2.967 2.878 2.710 2.479 2.199 1.869 1.490 1.139 0.893 0.780 0.772 0.917 1.507 2.748 4.636 6.320 7.226 7.492 7.438 7.150 6.640 6.128 5.819 5.725 5.748 5.791 5.702 5.486 5.158 4.754 4.300 3.800 3.276 2.764 2.294 1.867 1.491 1.170 0.909 0.705 0.551 0.438 0.360 0.310 0.275 0.241 0.206 0.167
0.000 0.000 0.000 0.000 0.000 0.000 0.000 0.000 0.000 0.000 0.000 0.000 0.000 0.000 0.000 0.000 0.001 0.002 0.003 0.006 0.013 0.062 0.389 1.322 2.350 2.863 3.113 3.264 3.339 3.349 3.307 3.195 3.005 2.748 2.437 2.074 1.716 1.456 1.320 1.297 1.405 1.823 2.673 3.937 5.308 6.170 6.486 6.502 6.380 6.009 5.450 4.981 4.798 4.855 5.098 5.325 5.320 5.113 4.746 4.290 3.782 3.257 2.761 2.298 1.870 1.488 1.159 0.888 0.674 0.510 0.388 0.304 0.255 0.232 0.216 0.195 0.161
0.000 0.000 0.000 0.000 0.000 0.000 0.000 0.000 0.000 0.000 0.000 0.000 0.000 0.000 0.000 0.001 0.002 0.004 0.007 0.011 0.018 0.041 0.189 0.817 1.976 2.822 3.203 3.444 3.608 3.679 3.680 3.624 3.500 3.319 3.082 2.780 2.466 2.244 2.119 2.085 2.130 2.344 2.836 3.643 4.601 5.268 5.530 5.561 5.502 5.276 4.848 4.292 3.931 3.873 4.094 4.561 4.858 4.843 4.603 4.207 3.743 3.243 2.780 2.329 1.887 1.491 1.153 0.874 0.651 0.475 0.343 0.248 0.185 0.151 0.137 0.124 0.098
0.000 0.000 0.000 0.000 0.000 0.000 0.000 0.000 0.000 0.000 0.000 0.000 0.000 0.000 0.001 0.003 0.006 0.011 0.018 0.026 0.034 0.048 0.106 0.424 1.382 2.587 3.207 3.539 3.795 3.947 4.000 3.986 3.921 3.810 3.648 3.422 3.170 2.989 2.893 2.866 2.878 2.968 3.191 3.630 4.221 4.649 4.842 4.883 4.855 4.714 4.395 3.878 3.426 3.222 3.258 3.600 4.073 4.263 4.200 3.960 3.611 3.200 2.795 2.374 1.909 1.491 1.146 0.862 0.628 0.441 0.297 0.189 0.114 0.072 0.051 0.038 0.025
0.000 0.000 0.000 0.000 0.000 0.000 0.000 0.000 0.000 0.000 0.000 0.000 0.000 0.001 0.003 0.007 0.016 0.029 0.045 0.057 0.064 0.071 0.095 0.235 0.835 2.083 3.057 3.536 3.869 4.115 4.247 4.286 4.273 4.213 4.097 3.920 3.704 3.529 3.422 3.378 3.369 3.398 3.500 3.721 4.061 4.290 4.395 4.417 4.395 4.288 4.035 3.598 3.147 2.857 2.753 2.853 3.155 3.404 3.497 3.450 3.274 2.991 2.656 2.279 1.844 1.434 1.094 0.815 0.579 0.380 0.225 0.117 0.056 0.029 0.016 0.010 0.005
0.000 0.000 0.000 0.000 0.000 0.000 0.000 0.000 0.000 0.000 0.000 0.000 0.001 0.002 0.008 0.020 0.040 0.069 0.095 0.110 0.115 0.116 0.121 0.187 0.548 1.520 2.682 3.398 3.863 4.207 4.428 4.525 4.545 4.519 4.429 4.272 4.075 3.898 3.765 3.677 3.628 3.618 3.648 3.751 3.944 4.062 4.109 4.114 4.071 3.952 3.730 3.370 2.954 2.653 2.477 2.413 2.448 2.514 2.549 2.554 2.510 2.354 2.078 1.746 1.413 1.093 0.813 0.582 0.386 0.225 0.111 0.047 0.020 0.010 0.006 0.003 0.002
0.000 0.000 0.000 0.000 0.000 0.000 0.000 0.000 0.000 0.000 0.000 0.000 0.001 0.006 0.019 0.047 0.090 0.138 0.174 0.194 0.199 0.195 0.190 0.223 0.457 1.138 2.179 3.054 3.719 4.197 4.526 4.697 4.731 4.720 4.641 4.481 4.287 4.115 3.970 3.845 3.747 3.690 3.689 3.737 3.841 3.892 3.900 3.874 3.806 3.673 3.461 3.155 2.778 2.482 2.277 2.128 2.009 1.897 1.775 1.633 1.493 1.333 1.107 0.849 0.639 0.468 0.329 0.217 0.131 0.069 0.032 0.014 0.007 0.004 0.002 0.002 0.001
0.000 0.000 0.000 0.000 0.000 0.000 0.000 0.000 0.000 0.000 0.000 0.001 0.003 0.013 0.041 0.095 0.170 0.237 0.289 0.321 0.333 0.331 0.323 0.337 0.504 0.997 1.799 2.654 3.430 4.067 4.516 4.771 4.846 4.826 4.753 4.585 4.389 4.230 4.070 3.926 3.796 3.703 3.678 3.686 3.724 3.736 3.720 3.658 3.556 3.414 3.206 2.930 2.589 2.298 2.071 1.876 1.689 1.493 1.269 1.022 0.806 0.619 0.451 0.306 0.201 0.131 0.085 0.052 0.030 0.016 0.008 0.004 0.003 0.002 0.001 0.001 0.001
0.000 0.000 0.000 0.000 0.000 0.000 0.000 0.000 0.000 0.000 0.000 0.001 0.005 0.019 0.064 0.152 0.269 0.368 0.448 0.504 0.536 0.548 0.551 0.564 0.676 1.034 1.652 2.408 3.168 3.840 4.381 4.725 4.862 4.847 4.777 4.623 4.441 4.286 4.124 3.962 3.795 3.673 3.597 3.578 3.575 3.566 3.529 3.442 3.313 3.153 2.944 2.684 2.371 2.079 1.839 1.618 1.391 1.135 0.850 0.588 0.391 0.252 0.158 0.095 0.056 0.033 0.020 0.012 0.007 0.004 0.003 0.002 0.001 0.001 0.001 0.001 0.000
0.000 0.000 0.000 0.000 0.000 0.000 0.000 0.000 0.000 0.000 0.000 0.001 0.005 0.021 0.072 0.184 0.355 0.523 0.653 0.751 0.817 0.859 0.891 0.927 1.013 1.248 1.703 2.347 3.048 3.660 4.187 4.584 4.784 4.795 4.749 4.619 4.454 4.292 4.133 3.953 3.760 3.588 3.466 3.419 3.397 3.361 3.290 3.190 3.048 2.876 2.666 2.411 2.115 1.800 1.510 1.243 0.970 0.683 0.430 0.258 0.149 0.084 0.047 0.026 0.014 0.008 0.005 0.003 0.002 0.001 0.001 0.001 0.001 0.001 0.000 0.000 0.000
0.000 0.000 0.000 0.000 0.000 0.000 0.000 0.000 0.000 0.000 0.000 0.001 0.004 0.020 0.069 0.190 0.408 0.685 0.907 1.072 1.193 1.280 1.354 1.428 1.519 1.681 1.982 2.458 3.059 3.603 4.041 4.386 4.609 4.650 4.639 4.552 4.428 4.279 4.112 3.907 3.673 3.441 3.265 3.170 3.111 3.062 2.985 2.883 2.742 2.574 2.363 2.095 1.769 1.357 0.952 0.636 0.403 0.236 0.129 0.069 0.038 0.021 0.012 0.007 0.003 0.002 0.001 0.001 0.001 0.001 0.000 0.000 0.000 0.000 0.000 0.000 0.000
0.000 0.000 0.000 0.000 0.000 0.000 0.000 0.000 0.000 0.000 0.000 0.001 0.003 0.015 0.057 0.177 0.431 0.835 1.214 1.477 1.677 1.827 1.947 2.056 2.167 2.298 2.487 2.787 3.210 3.649 3.993 4.227 4.391 4.442 4.451 4.391 4.310 4.198 4.024 3.804 3.537 3.242 2.991 2.822 2.709 2.638 2.572 2.492 2.379 2.225 2.007 1.706 1.285 0.803 0.435 0.221 0.105 0.048 0.022 0.012 0.007 0.004 0.003 0.001 0.001 0.001 0.000 0.000 0.000 0.000 0.000 0.000 0.000 0.000 0.000 0.000 0.000
0.000 0.000 0.000 0.000 0.000 0.000 0.000 0.000 0.000 0.000 0.000 0.000 0.001 0.008 0.039 0.152 0.441 0.952 1.552 1.987 2.293 2.512 2.677 2.813 2.929 3.033 3.151 3.314 3.554 3.811 4.011 4.138 4.219 4.243 4.236 4.176 4.106 4.001 3.838 3.630 3.356 3.013 2.665 2.393 2.204 2.083 1.998 1.922 1.818 1.654 1.409 1.077 0.679 0.345 0.153 0.061 0.023 0.008 0.003 0.002 0.001 0.001 0.001 0.000 0.000 0.000 0.000 0.000 0.000 0.000 0.000 0.000 0.000 0.000 0.000 0.000 0.000
0.000 0.000 0.000 0.000 0.000 0.000 0.000 0.000 0.000 0.000 0.000 0.000 0.001 0.004 0.027 0.133 0.454 1.043 1.808 2.489 3.004 3.337 3.547 3.699 3.809 3.883 3.944 4.002 4.068 4.099 4.109 4.110 4.089 4.050 3.994 3.917 3.830 3.714 3.563 3.373 3.109 2.765 2.364 2.000 1.718 1.516 1.351 1.197 1.034 0.847 0.636 0.416 0.221 0.096 0.037 0.013 0.004 0.001 0.001 0.001 0.000 0.000 0.000 0.000 0.000 0.000 0.000 0.000 0.000 0.000 0.000 0.000 0.000 0.000 0.000 0.000 0.000
0.000 0.000 0.000 0.000 0.000 0.000 0.000 0.000 0.000 0.000 0.000 0.000 0.001 0.003 0.021 0.125 0.471 1.111 1.940 2.821 3.588 4.114 4.429 4.612 4.710 4.748 4.749 4.702 4.607 4.451 4.265 4.107 3.965 3.827 3.707 3.607 3.508 3.387 3.241 3.057 2.806 2.487 2.096 1.687 1.339 1.070 0.851 0.658 0.485 0.332 0.203 0.106 0.047 0.019 0.007 0.002 0.001 0.000 0.000 0.000 0.000 0.000 0.000 0.000 0.000 0.000 0.000 0.000 0.000 0.000 0.000 0.000 0.000 0.000 0.000 0.000 0.000
0.000 0.000 0.000 0.000 0.000 0.000 0.000 0.000 0.000 0.000 0.000 0.000 0.001 0.002 0.019 0.124 0.486 1.149 1.985 2.959 3.973 4.728 5.188 5.416 5.489 5.481 5.420 5.262 5.013 4.698 4.384 4.094 3.816 3.562 3.364 3.229 3.133 3.029 2.893 2.712 2.481 2.196 1.838 1.426 1.046 0.744 0.513 0.337 0.207 0.117 0.059 0.026 0.010 0.003 0.001 0.001 0.000 0.000 0.000 0.000 0.000 0.000 0.000 0.000 0.000 0.000 0.000 0.000 0.000 0.000 0.000 0.000 0.000 0.000 0.000 0.000 0.000
0.000 0.000 0.000 0.000 0.000 0.000 0.000 0.000 0.000 0.000 0.000 0.000 0.001 0.003 0.020 0.126 0.492 1.154 1.989 2.977 4.159 5.169 5.798 6.087 6.150 6.107 5.964 5.683 5.286 4.849 4.449 4.060 3.652 3.250 2.924 2.708 2.597 2.517 2.414 2.268 2.082 1.860 1.561 1.177 0.793 0.502 0.301 0.171 0.089 0.043 0.018 0.007 0.002 0.001 0.000 0.000 0.000 0.000 0.000 0.000 0.000 0.000 0.000 0.000 0.000 0.000 0.000 0.000 0.000 0.000 0.000 0.000 0.000 0.000 0.000 0.000 0.000
0.000 0.000 0.000 0.000 0.000 0.000 0.000 0.000 0.000 0.001 0.001 0.002 0.003 0.006 0.021 0.119 0.463 1.106 1.935 2.918 4.144 5.356 6.165 6.532 6.601 6.535 6.283 5.879 5.392 4.900 4.441 3.973 3.454 2.888 2.385 2.016 1.806 1.686 1.580 1.471 1.368 1.268 1.115 0.851 0.531 0.302 0.163 0.082 0.038 0.016 0.006 0.002 0.001 0.000 0.000 0.000 0.000 0.000 0.000 0.000 0.000 0.000 0.000 0.000 0.000 0.000 0.000 0.000 0.000 0.000 0.000 0.000 0.000 0.000 0.000 0.000 0.000
0.001 0.001 0.001 0.002 0.002 0.002 0.002 0.002 0.002 0.002 0.003 0.004 0.006 0.007 0.015 0.077 0.344 0.913 1.728 2.717 3.968 5.340 6.288 6.737 6.818 6.723 6.401 5.951 5.429 4.912 4.371 3.794 3.160 2.456 1.807 1.313 0.998 0.808 0.680 0.589 0.543 0.525 0.500 0.416 0.267 0.146 0.073 0.034 0.015 0.006 0.002 0.001 0.000 0.000 0.000 0.000 0.000 0.000 0.000 0.000 0.000 0.000 0.000 0.000 0.000 0.000 0.000 0.000 0.000 0.000 0.000 0.000 0.000 0.000 0.000 0.000 0.000
