RESULTS/r.avaflow_results/32_results/32_ascii/32_hflow_max0051.asc
ncols 506
nrows 317
xllcenter 498237.50
yllcenter 5580050.00
cellsize 12.50
NODATA_value -9999.000
[rows 170 to 203 of 317, columns 77 to 153 of 506]
0.000 0.000 0.000 0.000 0.000 0.000 0.000 0.000 0.000 0.000 0.000 0.000 0.000 0.001 0.002 0.003 0.005 0.005 0.006 0.006 0.006 0.006 0.012 0.030 0.058 0.074 0.076 0.075 0.072 0.067 0.060 0.050 0.036 0.027 0.028 0.036 0.060 0.092 0.108 0.112 0.116 0.144 0.208 0.298 0.356 0.392 0.437 0.492 0.559 0.848 1.431 2.436 3.678 4.602 5.128 6.650 9.367 13.069 16.843 20.013 22.381 24.200 25.165 25.372 24.959 24.065 23.064 21.886 20.699 19.497 18.055 16.496 15.207 14.626 14.234 13.905 13.662
0.000 0.000 0.000 0.000 0.000 0.000 0.000 0.000 0.000 0.000 0.000 0.001 0.002 0.004 0.007 0.010 0.014 0.017 0.019 0.021 0.022 0.029 0.048 0.079 0.105 0.114 0.113 0.111 0.106 0.098 0.087 0.072 0.052 0.044 0.046 0.061 0.098 0.143 0.167 0.178 0.189 0.236 0.332 0.462 0.559 0.647 0.771 0.940 1.430 2.147 3.057 4.020 4.757 5.200 6.046 8.598 11.222 15.268 19.083 22.118 24.144 25.156 25.803 25.777 25.282 24.476 23.332 21.992 20.638 19.310 18.078 17.404 17.019 16.740 16.556 16.608 16.868
0.000 0.000 0.000 0.000 0.000 0.000 0.000 0.000 0.000 0.000 0.001 0.002 0.005 0.010 0.015 0.022 0.030 0.038 0.046 0.053 0.063 0.084 0.119 0.151 0.163 0.164 0.162 0.158 0.150 0.139 0.124 0.102 0.074 0.068 0.073 0.095 0.144 0.206 0.249 0.280 0.312 0.384 0.519 0.696 0.863 1.113 1.566 2.149 2.961 3.828 4.565 5.068 5.366 5.567 6.651 9.220 11.851 15.940 19.849 22.874 24.823 25.689 25.795 25.711 25.303 24.443 23.256 21.942 20.719 19.988 19.462 19.011 18.567 18.231 18.180 18.745 19.696
0.000 0.000 0.000 0.000 0.000 0.000 0.000 0.000 0.000 0.000 0.002 0.005 0.011 0.018 0.027 0.039 0.053 0.069 0.087 0.107 0.133 0.173 0.212 0.230 0.232 0.230 0.226 0.218 0.207 0.192 0.171 0.140 0.104 0.103 0.109 0.136 0.195 0.279 0.359 0.432 0.509 0.623 0.802 1.048 1.661 2.332 2.999 3.721 4.459 5.072 5.498 5.930 6.261 6.395 6.986 8.963 11.433 15.474 19.521 22.639 24.643 25.476 25.279 25.420 24.980 24.164 23.122 22.248 21.649 21.112 20.546 19.941 19.447 19.229 19.451 20.389 21.751
0.000 0.000 0.000 0.000 0.000 0.000 0.000 0.000 0.000 0.001 0.003 0.008 0.016 0.028 0.043 0.061 0.084 0.112 0.144 0.183 0.230 0.278 0.308 0.316 0.316 0.312 0.306 0.296 0.281 0.260 0.231 0.191 0.151 0.149 0.156 0.188 0.257 0.369 0.506 0.649 0.804 0.991 1.334 2.202 3.105 3.885 4.504 5.044 5.513 6.102 6.716 7.016 7.136 7.056 7.208 8.075 10.355 14.122 18.414 21.689 23.714 24.605 24.622 24.663 24.416 23.865 23.264 22.690 22.103 21.552 20.976 20.349 19.788 19.771 20.261 21.286 22.614
0.000 0.000 0.000 0.000 0.000 0.000 0.000 0.000 0.000 0.001 0.004 0.010 0.020 0.034 0.055 0.083 0.120 0.167 0.223 0.284 0.344 0.390 0.412 0.418 0.418 0.415 0.407 0.395 0.376 0.348 0.310 0.259 0.213 0.208 0.214 0.251 0.346 0.500 0.705 0.941 1.205 1.516 2.615 3.816 4.707 5.315 5.711 6.023 6.698 7.284 7.645 7.817 7.824 7.647 7.517 7.759 9.278 12.653 17.006 20.495 22.573 23.527 23.672 23.593 23.678 23.546 23.253 22.792 22.228 21.628 20.995 20.321 19.778 19.660 20.312 21.334 22.553
0.000 0.000 0.000 0.000 0.000 0.000 0.000 0.000 0.000 0.001 0.004 0.010 0.021 0.038 0.062 0.096 0.144 0.211 0.303 0.402 0.473 0.517 0.539 0.546 0.546 0.542 0.534 0.519 0.495 0.461 0.413 0.347 0.292 0.281 0.285 0.331 0.463 0.679 0.967 1.310 1.716 2.303 4.003 5.299 6.052 6.447 6.651 7.093 7.772 8.195 8.395 8.474 8.408 8.158 7.867 7.592 8.608 11.598 15.842 19.502 21.552 22.534 22.656 22.487 22.771 22.857 22.672 22.230 21.636 20.971 20.253 19.517 19.005 19.000 19.505 20.468 21.694
0.000 0.000 0.000 0.000 0.000 0.000 0.000 0.000 0.000 0.001 0.004 0.010 0.021 0.039 0.063 0.100 0.154 0.234 0.352 0.503 0.611 0.669 0.697 0.707 0.708 0.704 0.693 0.674 0.643 0.600 0.540 0.460 0.393 0.397 0.469 0.553 0.646 0.837 1.234 1.725 2.308 3.016 5.044 6.447 7.093 7.297 7.369 8.052 8.591 8.907 9.031 9.035 8.881 8.614 8.178 7.700 8.331 10.986 14.967 18.510 20.448 21.425 21.562 21.268 21.474 21.438 21.123 20.602 19.926 19.162 18.318 17.480 17.036 17.076 17.712 18.942 20.277
0.000 0.000 0.000 0.000 0.000 0.000 0.000 0.000 0.000 0.001 0.003 0.009 0.020 0.038 0.063 0.100 0.155 0.240 0.370 0.565 0.753 0.854 0.895 0.910 0.912 0.907 0.892 0.866 0.826 0.770 0.697 0.601 0.647 0.722 0.797 0.875 0.958 1.041 1.426 2.099 2.904 3.721 5.748 7.289 7.839 7.925 8.054 8.743 9.185 9.424 9.516 9.441 9.225 8.965 8.429 7.835 8.154 10.576 14.160 17.220 18.944 20.007 20.019 19.500 19.480 19.208 18.754 18.148 17.394 16.480 15.470 14.615 14.367 14.555 15.435 16.958 18.628
0.000 0.000 0.000 0.000 0.000 0.000 0.000 0.000 0.000 0.000 0.002 0.007 0.016 0.033 0.058 0.095 0.150 0.235 0.369 0.580 0.860 1.063 1.140 1.159 1.161 1.155 1.135 1.098 1.048 0.980 0.891 1.018 1.092 1.139 1.184 1.233 1.294 1.367 1.514 2.354 3.407 4.336 6.079 7.842 8.354 8.377 8.536 9.157 9.540 9.697 9.749 9.662 9.516 9.185 8.616 7.894 7.928 10.058 13.152 15.564 17.251 17.975 17.738 17.014 16.865 16.528 16.033 15.395 14.570 13.608 12.617 12.120 12.119 12.642 13.812 15.418 17.097
0.000 0.000 0.000 0.000 0.000 0.000 0.000 0.000 0.000 0.000 0.001 0.003 0.008 0.020 0.042 0.075 0.125 0.201 0.327 0.542 0.873 1.232 1.415 1.455 1.455 1.446 1.422 1.378 1.314 1.248 1.496 1.601 1.625 1.624 1.624 1.638 1.677 1.745 1.827 2.450 3.706 4.779 6.076 8.079 8.715 8.682 8.869 9.339 9.666 9.777 9.808 9.766 9.617 9.262 8.694 7.884 7.588 9.281 11.750 13.721 15.163 15.512 14.955 14.115 13.887 13.578 13.136 12.534 11.826 11.047 10.302 10.090 10.278 11.049 12.366 13.836 15.424
0.000 0.000 0.000 0.000 0.000 0.000 0.000 0.000 0.000 0.000 0.000 0.001 0.003 0.008 0.020 0.041 0.075 0.127 0.212 0.391 0.751 1.275 1.643 1.769 1.791 1.784 1.757 1.707 1.635 2.018 2.235 2.272 2.239 2.192 2.156 2.139 2.151 2.199 2.289 2.433 3.800 5.020 5.895 8.024 8.843 8.831 9.150 9.412 9.633 9.728 9.796 9.723 9.569 9.221 8.638 7.776 7.121 8.252 9.968 11.818 12.846 12.891 12.047 11.200 10.812 10.466 10.113 9.698 9.234 8.753 8.399 8.362 8.716 9.595 10.884 12.254 13.628
0.000 0.000 0.000 0.000 0.000 0.000 0.000 0.000 0.000 0.000 0.000 0.000 0.001 0.002 0.006 0.013 0.027 0.050 0.090 0.183 0.473 1.111 1.753 2.032 2.125 2.145 2.127 2.082 2.314 2.829 3.010 3.026 2.961 2.880 2.826 2.797 2.778 2.796 2.872 3.008 3.756 5.114 5.942 7.688 8.720 8.974 9.371 9.444 9.510 9.596 9.605 9.551 9.363 9.016 8.435 7.524 6.551 7.019 8.185 9.611 10.387 10.246 9.329 8.780 8.289 7.880 7.542 7.224 6.932 6.714 6.648 6.805 7.297 8.194 9.323 10.442 11.547
0.000 0.000 0.000 0.000 0.000 0.000 0.000 0.000 0.000 0.000 0.000 0.000 0.000 0.000 0.001 0.003 0.006 0.012 0.021 0.051 0.213 0.790 1.688 2.204 2.400 2.473 2.481 2.455 2.951 3.597 3.815 3.851 3.807 3.718 3.649 3.627 3.609 3.601 3.640 3.769 4.063 5.111 5.968 7.046 8.231 9.076 9.472 9.458 9.421 9.345 9.261 9.093 8.849 8.479 7.935 7.138 6.134 6.094 6.688 7.589 7.929 7.815 7.406 6.915 6.445 6.006 5.607 5.259 5.024 4.925 4.988 5.299 5.909 6.730 7.598 8.504 9.475
0.000 0.000 0.000 0.000 0.000 0.000 0.000 0.000 0.000 0.000 0.000 0.000 0.000 0.000 0.000 0.001 0.001 0.003 0.005 0.013 0.082 0.477 1.442 2.259 2.593 2.752 2.837 2.854 3.497 4.372 4.717 4.779 4.773 4.727 4.671 4.669 4.677 4.686 4.735 4.869 5.152 5.778 6.514 6.974 7.903 8.961 9.393 9.463 9.305 9.041 8.702 8.291 7.959 7.561 7.059 6.395 5.950 5.698 5.768 6.126 6.295 6.190 5.893 5.510 5.094 4.652 4.188 3.764 3.504 3.399 3.420 3.689 4.276 5.032 5.813 6.701 7.695
0.000 0.000 0.000 0.000 0.000 0.000 0.000 0.000 0.000 0.000 0.000 0.000 0.000 0.000 0.000 0.001 0.002 0.004 0.006 0.009 0.034 0.244 1.020 2.094 2.677 2.992 3.189 3.308 3.965 5.073 5.686 5.833 5.790 5.806 5.845 5.916 5.989 6.079 6.198 6.284 6.376 6.733 7.149 7.332 7.802 8.663 9.116 9.261 9.014 8.595 8.081 7.463 6.782 6.338 6.116 5.959 5.830 5.612 5.353 5.257 5.205 5.049 4.781 4.433 4.039 3.603 3.122 2.692 2.478 2.343 2.276 2.322 2.603 3.201 4.099 5.122 6.320
0.000 0.000 0.000 0.000 0.000 0.000 0.000 0.000 0.000 0.000 0.000 0.000 0.000 0.000 0.001 0.003 0.005 0.009 0.014 0.019 0.027 0.115 0.590 1.666 2.639 3.150 3.484 3.756 4.277 5.593 6.441 6.802 6.823 6.835 6.919 7.040 7.197 7.339 7.428 7.466 7.464 7.481 7.580 7.530 7.535 8.147 8.623 8.714 8.470 7.972 7.321 6.550 5.611 5.146 5.255 5.538 5.601 5.480 5.230 4.928 4.620 4.325 4.003 3.655 3.290 2.926 2.581 2.275 2.019 1.812 1.623 1.456 1.445 1.764 2.509 3.682 4.874
0.000 0.000 0.000 0.000 0.000 0.000 0.000 0.000 0.000 0.000 0.000 0.000 0.000 0.001 0.003 0.007 0.012 0.021 0.031 0.039 0.046 0.105 0.320 1.156 2.412 3.215 3.677 4.105 4.736 5.869 6.914 7.460 7.633 7.738 7.931 8.130 8.276 8.365 8.394 8.381 8.291 8.053 7.797 7.654 7.490 7.638 7.934 7.940 7.706 7.214 6.562 5.701 4.634 3.983 4.235 4.748 5.102 5.154 5.004 4.730 4.425 4.114 3.780 3.415 3.005 2.608 2.249 1.940 1.676 1.441 1.220 1.002 0.852 0.824 1.206 1.986 2.532
0.000 0.000 0.000 0.000 0.000 0.000 0.000 0.000 0.000 0.000 0.000 0.000 0.001 0.003 0.008 0.017 0.030 0.049 0.066 0.078 0.108 0.233 0.425 0.730 1.947 3.105 3.749 4.305 5.113 6.008 7.122 7.853 8.203 8.299 8.646 8.936 9.040 9.051 9.056 8.994 8.787 8.436 8.018 7.695 7.379 7.064 7.170 7.116 6.906 6.471 5.862 5.033 3.973 3.349 3.406 3.781 4.300 4.547 4.550 4.398 4.163 3.882 3.573 3.210 2.757 2.325 1.961 1.651 1.383 1.133 0.892 0.655 0.465 0.352 0.394 0.677 0.810
0.000 0.000 0.000 0.000 0.000 0.000 0.000 0.000 0.000 0.000 0.000 0.001 0.003 0.008 0.020 0.042 0.072 0.104 0.131 0.147 0.246 0.480 0.779 1.110 1.502 2.816 3.704 4.382 5.329 6.331 7.259 8.064 8.514 8.681 8.934 9.202 9.256 9.208 9.224 9.198 9.061 8.685 8.099 7.544 7.050 6.492 6.489 6.402 6.200 5.822 5.237 4.465 3.897 3.240 2.924 3.046 3.385 3.682 3.823 3.829 3.724 3.515 3.242 2.897 2.466 2.036 1.676 1.369 1.094 0.833 0.584 0.360 0.208 0.129 0.110 0.167 0.187
0.000 0.000 0.000 0.000 0.000 0.000 0.000 0.000 0.000 0.000 0.000 0.002 0.006 0.019 0.048 0.096 0.152 0.199 0.238 0.268 0.510 0.918 1.322 1.710 2.142 2.678 3.516 4.361 5.415 6.538 7.545 8.226 8.654 8.819 8.949 9.130 9.235 9.207 9.160 9.182 9.083 8.690 7.974 7.133 6.402 5.968 5.925 5.801 5.590 5.244 4.718 4.198 3.650 2.910 2.683 2.630 2.688 2.786 2.858 2.899 2.892 2.767 2.519 2.202 1.860 1.514 1.202 0.930 0.685 0.464 0.275 0.139 0.072 0.044 0.040 0.050 0.052
0.000 0.000 0.000 0.000 0.000 0.000 0.000 0.000 0.000 0.000 0.000 0.003 0.011 0.036 0.089 0.176 0.273 0.344 0.409 0.486 0.984 1.599 2.080 2.503 2.959 3.516 4.147 4.716 5.392 6.600 7.680 8.384 8.675 8.771 8.810 8.947 8.987 8.932 8.846 8.806 8.684 8.274 7.486 6.408 5.522 5.447 5.383 5.238 5.013 4.697 4.240 3.817 3.162 2.724 2.522 2.376 2.265 2.165 2.058 1.930 1.801 1.649 1.423 1.154 0.914 0.704 0.517 0.361 0.240 0.146 0.079 0.040 0.026 0.022 0.020 0.022 0.022
0.000 0.000 0.000 0.000 0.000 0.000 0.000 0.000 0.000 0.000 0.000 0.003 0.014 0.046 0.118 0.227 0.367 0.515 0.666 0.858 1.740 2.555 3.088 3.534 4.005 4.568 5.096 5.557 5.927 6.537 7.593 8.273 8.556 8.660 8.583 8.489 8.438 8.325 8.177 7.989 7.685 7.082 6.080 5.230 5.123 5.044 4.950 4.796 4.571 4.266 3.816 3.168 2.875 2.587 2.356 2.155 1.961 1.757 1.523 1.259 1.017 0.807 0.615 0.442 0.306 0.207 0.137 0.088 0.055 0.035 0.023 0.016 0.014 0.012 0.012 0.012 0.012
0.000 0.000 0.000 0.000 0.000 0.000 0.000 0.000 0.000 0.000 0.000 0.004 0.015 0.054 0.151 0.310 0.456 0.628 0.925 1.486 2.754 3.812 4.425 4.893 5.352 5.783 6.098 6.331 6.512 6.631 7.392 8.065 8.344 8.401 8.158 7.862 7.703 7.462 7.156 6.806 6.418 5.793 5.243 5.072 5.015 4.957 4.836 4.621 4.295 3.822 3.168 2.969 2.708 2.420 2.165 1.926 1.677 1.393 1.064 0.754 0.515 0.345 0.226 0.143 0.086 0.053 0.034 0.023 0.017 0.013 0.010 0.009 0.008 0.007 0.007 0.007 0.007
0.000 0.000 0.000 0.000 0.000 0.000 0.000 0.000 0.000 0.000 0.000 0.003 0.014 0.054 0.157 0.349 0.592 0.780 1.055 2.176 3.922 5.231 5.935 6.335 6.636 6.846 6.952 6.956 6.934 6.886 7.077 7.718 8.116 8.200 7.954 7.447 7.070 6.942 6.705 6.359 5.952 5.554 5.200 5.006 4.910 4.784 4.589 4.246 3.787 3.193 2.941 2.749 2.498 2.172 1.831 1.526 1.219 0.883 0.565 0.340 0.201 0.118 0.069 0.041 0.024 0.015 0.010 0.008 0.007 0.006 0.005 0.005 0.004 0.004 0.004 0.004 0.004
0.000 0.000 0.000 0.000 0.000 0.000 0.000 0.000 0.000 0.000 0.000 0.002 0.012 0.046 0.145 0.354 0.691 1.029 1.508 3.090 5.057 6.455 7.153 7.480 7.639 7.685 7.580 7.347 7.161 7.020 6.863 7.202 7.661 7.736 7.473 6.999 6.889 6.652 6.346 6.048 5.785 5.536 5.254 4.955 4.748 4.535 4.218 3.794 3.252 2.832 2.659 2.428 2.099 1.628 1.148 0.784 0.512 0.308 0.171 0.092 0.052 0.030 0.018 0.011 0.007 0.004 0.004 0.003 0.003 0.003 0.003 0.003 0.002 0.002 0.002 0.002 0.002
0.000 0.000 0.000 0.000 0.000 0.000 0.000 0.000 0.000 0.000 0.000 0.001 0.006 0.030 0.115 0.334 0.742 1.279 2.246 4.024 5.850 7.224 8.006 8.330 8.368 8.238 7.923 7.608 7.310 7.079 6.802 6.776 7.000 7.060 7.007 6.908 6.653 6.271 6.058 5.904 5.749 5.535 5.254 4.939 4.626 4.307 3.918 3.403 2.829 2.500 2.256 1.911 1.423 0.887 0.487 0.256 0.129 0.061 0.029 0.016 0.010 0.006 0.004 0.003 0.002 0.002 0.002 0.002 0.002 0.001 0.001 0.001 0.001 0.001 0.001 0.001 0.001
0.000 0.000 0.000 0.000 0.000 0.000 0.000 0.000 0.000 0.000 0.000 0.001 0.004 0.022 0.084 0.308 0.775 1.581 2.966 4.729 6.225 7.374 8.188 8.564 8.617 8.505 8.233 7.753 7.328 6.944 6.726 6.963 7.082 7.112 7.064 6.898 6.498 6.143 5.981 5.880 5.748 5.527 5.221 4.904 4.561 4.129 3.632 3.112 2.521 1.889 1.569 1.140 0.695 0.360 0.163 0.076 0.035 0.015 0.006 0.003 0.002 0.001 0.001 0.001 0.001 0.001 0.001 0.000 0.000 0.000 0.000 0.000 0.000 0.000 0.000 0.000 0.000
0.000 0.000 0.000 0.000 0.000 0.000 0.000 0.000 0.000 0.000 0.000 0.002 0.010 0.043 0.158 0.468 1.110 2.143 3.542 5.074 6.290 7.236 7.886 8.328 8.548 8.512 8.212 7.646 7.149 6.751 6.866 7.103 7.151 7.120 7.079 6.836 6.372 6.126 6.019 5.923 5.754 5.506 5.193 4.829 4.426 3.975 3.451 2.878 2.242 1.522 0.814 0.441 0.227 0.100 0.040 0.017 0.007 0.003 0.001 0.001 0.001 0.000 0.000 0.000 0.000 0.000 0.000 0.000 0.000 0.000 0.000 0.000 0.000 0.000 0.000 0.000 0.000
0.000 0.000 0.000 0.000 0.000 0.000 0.000 0.000 0.000 0.000 0.000 0.003 0.017 0.071 0.243 0.673 1.487 2.649 3.921 5.151 6.176 6.933 7.397 7.815 8.001 7.958 7.614 7.059 6.733 6.651 6.956 7.120 7.156 7.132 7.019 6.722 6.345 6.175 6.084 5.954 5.714 5.432 5.126 4.773 4.331 3.819 3.301 2.710 2.042 1.287 0.613 0.219 0.059 0.020 0.008 0.003 0.001 0.001 0.000 0.000 0.000 0.000 0.000 0.000 0.000 0.000 0.000 0.000 0.000 0.000 0.000 0.000 0.000 0.000 0.000 0.000 0.000
0.000 0.000 0.000 0.000 0.000 0.000 0.000 0.000 0.000 0.000 0.001 0.004 0.024 0.099 0.327 0.861 1.824 3.092 4.187 5.143 5.983 6.599 7.005 7.223 7.259 7.157 6.856 6.605 6.510 6.740 7.058 7.171 7.201 7.148 6.964 6.617 6.340 6.269 6.180 5.963 5.654 5.346 5.054 4.698 4.235 3.711 3.141 2.512 1.798 1.029 0.440 0.140 0.033 0.006 0.002 0.001 0.000 0.000 0.000 0.000 0.000 0.000 0.000 0.000 0.000 0.000 0.000 0.000 0.000 0.000 0.000 0.000 0.000 0.000 0.000 0.000 0.000
0.000 0.001 0.001 0.001 0.001 0.001 0.001 0.001 0.001 0.001 0.001 0.005 0.028 0.121 0.396 1.020 2.116 3.429 4.406 5.165 5.845 6.304 6.612 6.752 6.746 6.598 6.451 6.328 6.337 6.762 7.061 7.208 7.233 7.185 6.998 6.632 6.418 6.331 6.238 5.948 5.587 5.289 4.968 4.617 4.148 3.590 2.982 2.301 1.522 0.756 0.284 0.080 0.017 0.003 0.001 0.000 0.000 0.000 0.000 0.000 0.000 0.000 0.000 0.000 0.000 0.000 0.000 0.000 0.000 0.000 0.000 0.000 0.000 0.000 0.000 0.000 0.000
0.002 0.002 0.002 0.002 0.002 0.002 0.002 0.002 0.002 0.002 0.003 0.005 0.030 0.136 0.456 1.151 2.356 3.732 4.635 5.225 5.693 6.004 6.583 6.801 6.778 6.561 6.293 6.057 6.300 6.727 7.016 7.221 7.303 7.264 7.081 6.791 6.612 6.443 6.259 5.879 5.467 5.175 4.867 4.499 4.033 3.463 2.816 2.100 1.247 0.545 0.178 0.044 0.008 0.001 0.000 0.000 0.000 0.000 0.000 0.000 0.000 0.000 0.000 0.000 0.000 0.000 0.000 0.000 0.000 0.000 0.000 0.000 0.000 0.000 0.000 0.000 0.000
0.003 0.003 0.003 0.003 0.002 0.002 0.002 0.002 0.003 0.004 0.005 0.006 0.029 0.143 0.500 1.284 2.587 3.987 4.923 5.455 5.712 5.842 6.535 6.809 6.867 6.740 6.411 5.981 6.255 6.655 7.018 7.296 7.420 7.405 7.292 7.086 6.846 6.626 6.339 5.858 5.401 5.104 4.808 4.389 3.878 3.280 2.593 1.794 0.940 0.363 0.106 0.024 0.004 0.000 0.000 0.000 0.000 0.000 0.000 0.000 0.000 0.000 0.000 0.000 0.000 0.000 0.000 0.000 0.000 0.000 0.000 0.000 0.000 0.000 0.000 0.000 0.000
