RESULTS/r.avaflow_results/32_results/32_ascii/32_hflow0018.asc
ncols 506
nrows 317
xllcenter 498237.50
yllcenter 5580050.00
cellsize 12.50
NODATA_value -9999.000
[rows 170 to 203 of 317, columns 77 to 153 of 506]
0.000 0.000 0.000 0.000 0.000 0.000 0.000 0.000 0.000 0.000 0.000 0.000 0.000 0.000 0.000 0.000 0.000 0.000 0.000 0.000 0.000 0.000 0.000 0.002 0.005 0.009 0.012 0.013 0.013 0.013 0.013 0.013 0.012 0.011 0.010 0.011 0.016 0.027 0.048 0.071 0.085 0.093 0.100 0.116 0.146 0.167 0.173 0.175 0.193 0.260 0.421 0.758 1.430 2.364 3.082 3.485 3.875 4.479 5.383 6.606 8.227 10.198 12.100 13.481 14.288 14.622 14.730 14.724 14.551 14.100 13.264 12.196 11.251 10.599 10.159 9.838 9.598
0.000 0.000 0.000 0.000 0.000 0.000 0.000 0.000 0.000 0.000 0.000 0.000 0.000 0.000 0.000 0.000 0.000 0.000 0.000 0.000 0.000 0.001 0.002 0.005 0.012 0.018 0.021 0.023 0.024 0.024 0.024 0.023 0.022 0.020 0.019 0.022 0.031 0.050 0.081 0.115 0.139 0.155 0.169 0.193 0.236 0.285 0.335 0.403 0.542 0.806 1.235 1.921 2.787 3.490 3.878 4.182 4.592 5.224 6.148 7.440 9.166 11.185 12.874 14.024 14.643 14.864 14.874 14.719 14.446 14.020 13.397 12.864 12.608 12.544 12.544 12.577 12.693
0.000 0.000 0.000 0.000 0.000 0.000 0.000 0.000 0.000 0.000 0.000 0.000 0.000 0.000 0.000 0.000 0.000 0.000 0.000 0.000 0.001 0.003 0.006 0.013 0.022 0.030 0.035 0.038 0.040 0.040 0.040 0.039 0.036 0.034 0.034 0.038 0.053 0.083 0.127 0.178 0.223 0.260 0.295 0.342 0.421 0.548 0.720 0.959 1.345 1.926 2.640 3.349 3.876 4.174 4.389 4.682 5.112 5.733 6.631 7.920 9.648 11.619 13.132 14.143 14.673 14.854 14.847 14.740 14.590 14.446 14.326 14.384 14.483 14.547 14.647 14.982 15.662
0.000 0.000 0.000 0.000 0.000 0.000 0.000 0.000 0.000 0.000 0.000 0.000 0.000 0.000 0.000 0.000 0.000 0.000 0.001 0.002 0.004 0.008 0.015 0.025 0.037 0.048 0.056 0.061 0.063 0.064 0.064 0.062 0.058 0.055 0.055 0.062 0.085 0.129 0.193 0.271 0.354 0.436 0.518 0.618 0.790 1.070 1.454 1.962 2.645 3.390 4.024 4.424 4.620 4.736 4.860 5.094 5.488 6.067 6.929 8.171 9.836 11.709 13.096 14.000 14.475 14.725 14.876 15.037 15.299 15.605 15.787 15.837 15.837 15.874 16.105 16.784 18.009
0.000 0.000 0.000 0.000 0.000 0.000 0.000 0.000 0.000 0.000 0.000 0.000 0.000 0.000 0.000 0.000 0.000 0.001 0.002 0.005 0.009 0.016 0.026 0.041 0.059 0.074 0.086 0.093 0.096 0.097 0.097 0.095 0.089 0.085 0.085 0.095 0.128 0.192 0.288 0.410 0.550 0.705 0.872 1.076 1.404 1.892 2.544 3.271 3.965 4.529 4.929 5.134 5.226 5.282 5.303 5.423 5.742 6.263 7.062 8.214 9.739 11.440 12.716 13.598 14.201 14.721 15.216 15.709 16.156 16.474 16.572 16.534 16.527 16.696 17.185 18.110 19.490
0.000 0.000 0.000 0.000 0.000 0.000 0.000 0.000 0.000 0.000 0.000 0.000 0.000 0.000 0.000 0.000 0.001 0.002 0.005 0.010 0.017 0.027 0.043 0.063 0.089 0.112 0.128 0.138 0.144 0.145 0.145 0.141 0.134 0.128 0.127 0.140 0.185 0.277 0.422 0.610 0.827 1.081 1.373 1.736 2.254 2.960 3.713 4.376 4.918 5.321 5.565 5.688 5.761 5.770 5.706 5.671 5.861 6.300 7.011 8.029 9.351 10.822 12.041 13.037 13.908 14.742 15.435 15.966 16.383 16.635 16.674 16.631 16.659 16.952 17.639 18.653 19.917
0.000 0.000 0.000 0.000 0.000 0.000 0.000 0.000 0.000 0.000 0.000 0.000 0.000 0.000 0.000 0.000 0.001 0.004 0.009 0.017 0.028 0.044 0.066 0.095 0.132 0.164 0.187 0.202 0.209 0.211 0.211 0.207 0.197 0.185 0.183 0.197 0.260 0.394 0.604 0.874 1.191 1.570 2.023 2.576 3.279 4.034 4.686 5.216 5.636 5.929 6.086 6.158 6.195 6.162 6.044 5.881 5.903 6.205 6.801 7.659 8.771 10.031 11.250 12.419 13.536 14.520 15.216 15.667 15.989 16.131 16.084 16.018 16.078 16.473 17.284 18.353 19.554
0.000 0.000 0.000 0.000 0.000 0.000 0.000 0.000 0.000 0.000 0.000 0.000 0.000 0.000 0.000 0.000 0.002 0.007 0.015 0.027 0.043 0.067 0.100 0.143 0.194 0.238 0.270 0.289 0.299 0.302 0.302 0.296 0.281 0.262 0.255 0.268 0.349 0.535 0.831 1.210 1.653 2.183 2.815 3.534 4.272 4.913 5.444 5.869 6.196 6.402 6.499 6.536 6.529 6.450 6.292 6.061 5.951 6.098 6.511 7.178 8.091 9.202 10.406 11.674 12.802 13.676 14.222 14.530 14.691 14.668 14.513 14.375 14.401 14.825 15.764 17.025 18.376
0.000 0.000 0.000 0.000 0.000 0.000 0.000 0.000 0.000 0.000 0.000 0.000 0.000 0.000 0.000 0.000 0.003 0.008 0.020 0.038 0.065 0.101 0.149 0.213 0.284 0.342 0.382 0.408 0.421 0.424 0.423 0.416 0.396 0.363 0.343 0.348 0.422 0.632 1.011 1.548 2.192 2.914 3.670 4.407 5.059 5.580 6.015 6.360 6.592 6.727 6.789 6.807 6.765 6.651 6.471 6.201 6.006 6.028 6.259 6.702 7.368 8.273 9.370 10.564 11.491 12.122 12.475 12.624 12.590 12.385 12.113 11.952 12.067 12.670 13.790 15.231 16.823
0.000 0.000 0.000 0.000 0.000 0.000 0.000 0.000 0.000 0.000 0.000 0.000 0.000 0.000 0.000 0.000 0.003 0.009 0.021 0.045 0.089 0.148 0.223 0.316 0.410 0.484 0.535 0.567 0.582 0.586 0.585 0.575 0.549 0.497 0.446 0.434 0.482 0.678 1.098 1.769 2.656 3.586 4.394 5.090 5.650 6.070 6.411 6.681 6.849 6.928 6.966 6.973 6.913 6.785 6.589 6.296 6.030 5.947 6.026 6.253 6.658 7.227 8.022 8.948 9.620 10.029 10.220 10.227 10.076 9.847 9.663 9.714 10.160 11.063 12.313 13.756 15.366
0.000 0.000 0.000 0.000 0.000 0.000 0.000 0.000 0.000 0.000 0.000 0.000 0.000 0.000 0.000 0.000 0.002 0.007 0.019 0.045 0.101 0.200 0.330 0.460 0.578 0.672 0.738 0.776 0.794 0.800 0.798 0.785 0.747 0.671 0.574 0.528 0.543 0.696 1.109 1.853 2.939 4.089 4.952 5.595 6.071 6.410 6.660 6.849 6.978 7.037 7.046 7.028 6.971 6.852 6.649 6.348 6.022 5.837 5.789 5.839 6.002 6.275 6.690 7.218 7.609 7.843 7.932 7.909 7.819 7.718 7.707 7.954 8.610 9.657 10.926 12.303 13.816
0.000 0.000 0.000 0.000 0.000 0.000 0.000 0.000 0.000 0.000 0.000 0.000 0.000 0.000 0.000 0.000 0.001 0.004 0.012 0.033 0.091 0.225 0.448 0.651 0.800 0.918 1.000 1.049 1.070 1.077 1.074 1.054 1.001 0.898 0.751 0.646 0.625 0.717 1.085 1.843 3.024 4.366 5.323 5.921 6.333 6.616 6.808 6.940 7.041 7.081 7.072 7.037 6.976 6.857 6.656 6.354 5.992 5.722 5.546 5.443 5.407 5.442 5.574 5.781 5.924 5.994 5.999 5.964 5.930 5.945 6.087 6.479 7.210 8.247 9.437 10.686 12.005
0.000 0.000 0.000 0.000 0.000 0.000 0.000 0.000 0.000 0.000 0.000 0.000 0.000 0.000 0.000 0.000 0.000 0.001 0.004 0.015 0.062 0.207 0.522 0.870 1.080 1.230 1.333 1.396 1.425 1.430 1.424 1.394 1.322 1.196 1.003 0.832 0.759 0.789 1.072 1.790 2.983 4.453 5.514 6.111 6.473 6.716 6.876 6.972 7.026 7.048 7.040 7.016 6.955 6.826 6.625 6.326 5.947 5.582 5.277 5.037 4.830 4.673 4.629 4.628 4.601 4.548 4.482 4.420 4.393 4.435 4.629 5.079 5.812 6.744 7.753 8.814 9.919
0.000 0.000 0.000 0.000 0.000 0.000 0.000 0.000 0.000 0.000 0.000 0.000 0.000 0.000 0.000 0.000 0.000 0.001 0.001 0.005 0.031 0.161 0.527 1.069 1.416 1.619 1.750 1.826 1.861 1.867 1.855 1.816 1.729 1.582 1.364 1.138 0.999 0.977 1.154 1.761 2.896 4.432 5.576 6.179 6.500 6.738 6.890 6.990 7.012 7.010 6.971 6.926 6.859 6.737 6.554 6.267 5.875 5.434 5.004 4.610 4.246 3.987 3.871 3.772 3.654 3.524 3.390 3.273 3.197 3.182 3.291 3.642 4.269 5.045 5.881 6.825 7.919
0.000 0.000 0.000 0.000 0.000 0.000 0.000 0.000 0.000 0.000 0.000 0.000 0.000 0.000 0.000 0.000 0.000 0.001 0.001 0.003 0.016 0.109 0.471 1.160 1.717 2.044 2.246 2.344 2.383 2.394 2.380 2.331 2.236 2.081 1.855 1.595 1.413 1.341 1.418 1.866 2.857 4.355 5.555 6.167 6.483 6.713 6.852 6.941 6.943 6.900 6.798 6.664 6.594 6.524 6.383 6.117 5.742 5.270 4.743 4.210 3.744 3.431 3.263 3.115 2.954 2.781 2.600 2.437 2.300 2.196 2.149 2.243 2.551 3.075 3.803 4.782 6.000
0.000 0.000 0.000 0.000 0.000 0.000 0.000 0.000 0.000 0.000 0.000 0.000 0.000 0.000 0.000 0.000 0.000 0.001 0.002 0.004 0.011 0.066 0.365 1.085 1.880 2.374 2.703 2.912 3.003 3.021 3.013 2.963 2.867 2.719 2.506 2.246 2.052 1.955 1.968 2.244 2.987 4.240 5.412 6.060 6.418 6.636 6.767 6.807 6.790 6.696 6.468 6.163 6.023 6.002 5.962 5.810 5.514 5.061 4.495 3.876 3.344 2.974 2.755 2.568 2.381 2.187 1.992 1.810 1.637 1.470 1.292 1.186 1.232 1.478 1.986 2.807 3.978
0.000 0.000 0.000 0.000 0.000 0.000 0.000 0.000 0.000 0.000 0.000 0.000 0.000 0.000 0.000 0.001 0.001 0.003 0.005 0.008 0.014 0.045 0.242 0.885 1.867 2.575 3.047 3.397 3.627 3.728 3.744 3.717 3.641 3.518 3.340 3.114 2.944 2.863 2.851 2.966 3.382 4.211 5.198 5.847 6.247 6.462 6.573 6.573 6.518 6.355 5.967 5.399 5.071 5.045 5.128 5.200 5.097 4.758 4.218 3.562 2.988 2.586 2.322 2.098 1.888 1.686 1.500 1.328 1.154 0.967 0.737 0.555 0.489 0.545 0.781 1.245 1.915
0.000 0.000 0.000 0.000 0.000 0.000 0.000 0.000 0.000 0.000 0.000 0.000 0.000 0.000 0.001 0.002 0.004 0.007 0.011 0.017 0.025 0.046 0.153 0.627 1.657 2.648 3.260 3.738 4.106 4.340 4.434 4.443 4.414 4.348 4.236 4.072 3.917 3.832 3.814 3.853 4.017 4.415 5.067 5.632 5.988 6.167 6.249 6.217 6.112 5.879 5.408 4.672 4.078 3.870 3.953 4.203 4.357 4.236 3.831 3.230 2.647 2.235 1.947 1.695 1.460 1.254 1.085 0.937 0.790 0.617 0.410 0.255 0.186 0.175 0.228 0.383 0.613
0.000 0.000 0.000 0.000 0.000 0.000 0.000 0.000 0.000 0.000 0.000 0.000 0.000 0.001 0.002 0.005 0.009 0.016 0.026 0.037 0.048 0.064 0.122 0.415 1.296 2.530 3.353 3.953 4.442 4.784 4.974 5.037 5.041 5.016 4.952 4.835 4.682 4.551 4.484 4.472 4.525 4.693 5.019 5.426 5.676 5.785 5.830 5.780 5.641 5.357 4.889 4.175 3.451 3.023 2.918 3.049 3.288 3.385 3.228 2.817 2.303 1.896 1.602 1.334 1.080 0.875 0.722 0.602 0.489 0.358 0.212 0.119 0.078 0.068 0.071 0.097 0.138
0.000 0.000 0.000 0.000 0.000 0.000 0.000 0.000 0.000 0.000 0.000 0.000 0.000 0.002 0.005 0.012 0.023 0.039 0.058 0.074 0.088 0.102 0.141 0.322 0.968 2.222 3.312 4.042 4.640 5.081 5.357 5.484 5.519 5.516 5.473 5.375 5.227 5.044 4.906 4.831 4.805 4.841 4.968 5.202 5.338 5.375 5.371 5.286 5.134 4.850 4.412 3.782 3.073 2.537 2.249 2.181 2.256 2.327 2.334 2.185 1.857 1.486 1.183 0.921 0.689 0.514 0.394 0.313 0.246 0.173 0.098 0.055 0.039 0.034 0.033 0.036 0.041
0.000 0.000 0.000 0.000 0.000 0.000 0.000 0.000 0.000 0.000 0.000 0.000 0.001 0.004 0.012 0.029 0.055 0.085 0.114 0.136 0.152 0.166 0.191 0.321 0.814 1.893 3.128 4.004 4.690 5.222 5.581 5.781 5.853 5.854 5.812 5.712 5.557 5.343 5.141 4.997 4.903 4.865 4.884 4.957 4.996 4.972 4.924 4.807 4.644 4.363 3.962 3.424 2.791 2.259 1.888 1.666 1.552 1.482 1.409 1.310 1.142 0.879 0.623 0.430 0.297 0.211 0.157 0.123 0.097 0.070 0.043 0.029 0.023 0.021 0.020 0.021 0.021
0.000 0.000 0.000 0.000 0.000 0.000 0.000 0.000 0.000 0.000 0.000 0.001 0.002 0.009 0.027 0.064 0.115 0.160 0.197 0.227 0.249 0.265 0.286 0.385 0.784 1.671 2.860 3.859 4.658 5.271 5.708 5.965 6.048 6.058 6.000 5.890 5.706 5.482 5.241 5.049 4.918 4.828 4.754 4.694 4.644 4.563 4.476 4.336 4.162 3.889 3.534 3.072 2.525 2.023 1.649 1.363 1.141 0.967 0.820 0.682 0.536 0.374 0.232 0.141 0.091 0.066 0.051 0.043 0.036 0.030 0.022 0.017 0.015 0.014 0.014 0.014 0.014
0.000 0.000 0.000 0.000 0.000 0.000 0.000 0.000 0.000 0.000 0.000 0.001 0.004 0.014 0.043 0.101 0.181 0.250 0.303 0.349 0.389 0.422 0.457 0.546 0.871 1.589 2.629 3.667 4.553 5.242 5.728 6.024 6.126 6.131 6.079 5.952 5.759 5.534 5.280 5.049 4.860 4.681 4.526 4.383 4.263 4.144 4.012 3.858 3.672 3.420 3.111 2.711 2.236 1.776 1.415 1.126 0.887 0.684 0.512 0.365 0.240 0.142 0.078 0.045 0.029 0.023 0.020 0.018 0.017 0.015 0.013 0.011 0.010 0.010 0.009 0.009 0.009
0.000 0.000 0.000 0.000 0.000 0.000 0.000 0.000 0.000 0.000 0.000 0.001 0.004 0.015 0.049 0.117 0.217 0.321 0.415 0.499 0.578 0.654 0.730 0.839 1.106 1.671 2.540 3.537 4.423 5.141 5.667 5.987 6.118 6.120 6.087 5.944 5.741 5.496 5.230 4.949 4.668 4.391 4.165 3.992 3.844 3.696 3.532 3.369 3.175 2.948 2.670 2.329 1.912 1.502 1.166 0.896 0.675 0.487 0.328 0.202 0.111 0.056 0.029 0.017 0.012 0.011 0.010 0.010 0.009 0.009 0.008 0.007 0.007 0.006 0.006 0.006 0.006
0.000 0.000 0.000 0.000 0.000 0.000 0.000 0.000 0.000 0.000 0.000 0.001 0.004 0.015 0.049 0.119 0.230 0.367 0.513 0.661 0.809 0.955 1.102 1.267 1.516 1.948 2.631 3.513 4.336 5.007 5.524 5.859 6.006 6.027 6.001 5.874 5.673 5.410 5.107 4.734 4.327 3.967 3.692 3.495 3.332 3.170 3.003 2.836 2.652 2.452 2.208 1.915 1.556 1.195 0.899 0.661 0.469 0.311 0.186 0.099 0.047 0.021 0.011 0.007 0.006 0.006 0.006 0.006 0.005 0.005 0.005 0.004 0.004 0.004 0.004 0.003 0.003
0.000 0.000 0.000 0.000 0.000 0.000 0.000 0.000 0.000 0.000 0.000 0.001 0.003 0.013 0.042 0.108 0.224 0.390 0.595 0.825 1.074 1.321 1.558 1.799 2.071 2.431 2.940 3.616 4.304 4.865 5.301 5.602 5.744 5.777 5.747 5.634 5.448 5.175 4.809 4.348 3.846 3.421 3.097 2.860 2.683 2.533 2.390 2.247 2.092 1.922 1.721 1.472 1.167 0.862 0.615 0.423 0.273 0.159 0.081 0.037 0.016 0.007 0.004 0.003 0.003 0.003 0.003 0.003 0.003 0.003 0.003 0.002 0.002 0.002 0.002 0.002 0.002
0.000 0.000 0.000 0.000 0.000 0.000 0.000 0.000 0.000 0.000 0.000 0.000 0.002 0.007 0.026 0.080 0.194 0.386 0.657 0.989 1.371 1.749 2.085 2.398 2.707 3.036 3.407 3.857 4.325 4.724 5.042 5.252 5.344 5.359 5.319 5.196 5.011 4.721 4.323 3.811 3.251 2.778 2.419 2.163 1.975 1.839 1.727 1.620 1.505 1.373 1.211 1.009 0.762 0.528 0.346 0.213 0.119 0.058 0.024 0.010 0.004 0.002 0.001 0.001 0.001 0.001 0.001 0.001 0.001 0.001 0.001 0.001 0.001 0.001 0.001 0.001 0.001
0.000 0.000 0.000 0.000 0.000 0.000 0.000 0.000 0.000 0.000 0.000 0.000 0.001 0.003 0.012 0.046 0.144 0.353 0.689 1.134 1.688 2.237 2.676 3.040 3.337 3.588 3.827 4.080 4.322 4.524 4.686 4.778 4.812 4.799 4.733 4.571 4.353 4.048 3.640 3.122 2.598 2.167 1.833 1.580 1.388 1.246 1.133 1.030 0.921 0.800 0.671 0.530 0.374 0.239 0.140 0.075 0.035 0.014 0.005 0.002 0.001 0.001 0.000 0.000 0.000 0.000 0.000 0.000 0.000 0.000 0.000 0.000 0.000 0.000 0.000 0.000 0.000
0.000 0.000 0.000 0.000 0.000 0.000 0.000 0.000 0.000 0.000 0.000 0.000 0.000 0.001 0.005 0.025 0.097 0.297 0.674 1.230 1.981 2.764 3.316 3.684 3.924 4.075 4.172 4.231 4.261 4.269 4.257 4.216 4.161 4.083 3.955 3.755 3.502 3.193 2.814 2.400 2.008 1.664 1.372 1.131 0.938 0.789 0.668 0.557 0.452 0.353 0.265 0.187 0.119 0.068 0.035 0.017 0.007 0.003 0.001 0.001 0.000 0.000 0.000 0.000 0.000 0.000 0.000 0.000 0.000 0.000 0.000 0.000 0.000 0.000 0.000 0.000 0.000
0.000 0.000 0.000 0.000 0.000 0.000 0.000 0.000 0.000 0.000 0.000 0.000 0.000 0.001 0.002 0.012 0.062 0.234 0.625 1.264 2.181 3.253 3.965 4.334 4.492 4.534 4.468 4.300 4.097 3.908 3.728 3.560 3.386 3.186 2.977 2.768 2.549 2.318 2.062 1.787 1.513 1.253 1.013 0.798 0.615 0.471 0.355 0.258 0.178 0.116 0.072 0.042 0.023 0.012 0.006 0.003 0.001 0.001 0.000 0.000 0.000 0.000 0.000 0.000 0.000 0.000 0.000 0.000 0.000 0.000 0.000 0.000 0.000 0.000 0.000 0.000 0.000
0.000 0.000 0.000 0.000 0.000 0.000 0.000 0.000 0.000 0.000 0.000 0.000 0.000 0.001 0.001 0.005 0.034 0.163 0.526 1.212 2.255 3.604 4.541 4.943 5.022 4.939 4.668 4.250 3.835 3.467 3.131 2.819 2.528 2.271 2.053 1.877 1.729 1.585 1.427 1.256 1.080 0.904 0.725 0.549 0.393 0.270 0.178 0.111 0.064 0.035 0.018 0.009 0.004 0.002 0.001 0.001 0.000 0.000 0.000 0.000 0.000 0.000 0.000 0.000 0.000 0.000 0.000 0.000 0.000 0.000 0.000 0.000 0.000 0.000 0.000 0.000 0.000
0.000 0.000 0.000 0.000 0.000 0.000 0.000 0.000 0.000 0.000 0.000 0.000 0.000 0.001 0.001 0.003 0.014 0.077 0.336 0.980 2.126 3.720 4.929 5.443 5.484 5.259 4.771 4.111 3.475 2.945 2.500 2.128 1.817 1.555 1.340 1.180 1.063 0.964 0.865 0.764 0.668 0.574 0.469 0.350 0.236 0.148 0.087 0.048 0.024 0.011 0.005 0.002 0.001 0.001 0.000 0.000 0.000 0.000 0.000 0.000 0.000 0.000 0.000 0.000 0.000 0.000 0.000 0.000 0.000 0.000 0.000 0.000 0.000 0.000 0.000 0.000 0.000
0.000 0.000 0.000 0.000 0.000 0.000 0.000 0.000 0.000 0.000 0.000 0.000 0.001 0.002 0.003 0.005 0.008 0.022 0.102 0.432 1.335 3.017 4.732 5.530 5.635 5.371 4.739 3.863 3.038 2.402 1.920 1.554 1.263 1.024 0.825 0.670 0.560 0.479 0.410 0.353 0.311 0.277 0.239 0.185 0.122 0.072 0.040 0.020 0.009 0.004 0.002 0.001 0.000 0.000 0.000 0.000 0.000 0.000 0.000 0.000 0.000 0.000 0.000 0.000 0.000 0.000 0.000 0.000 0.000 0.000 0.000 0.000 0.000 0.000 0.000 0.000 0.000
0.000 0.000 0.000 0.000 0.000 0.000 0.000 0.000 0.000 0.000 0.001 0.002 0.003 0.004 0.006 0.007 0.010 0.016 0.034 0.107 0.347 1.108 2.637 4.130 4.868 4.883 4.375 3.454 2.529 1.865 1.402 1.079 0.836 0.638 0.470 0.338 0.246 0.184 0.140 0.110 0.094 0.089 0.084 0.072 0.050 0.029 0.016 0.008 0.003 0.001 0.001 0.000 0.000 0.000 0.000 0.000 0.000 0.000 0.000 0.000 0.000 0.000 0.000 0.000 0.000 0.000 0.000 0.000 0.000 0.000 0.000 0.000 0.000 0.000 0.000 0.000 0.000
