RESULTS/r.avaflow_results/32_results/32_ascii/32_hflow10041.asc
ncols 506
nrows 317
xllcenter 498237.50
yllcenter 5580050.00
cellsize 12.50
NODATA_value -9999.000
[rows 170 to 203 of 317, columns 77 to 153 of 506]
0.000 0.000 0.000 0.000 0.000 0.000 0.000 0.000 0.000 0.000 0.000 0.000 0.000 0.000 0.000 0.000 0.001 0.001 0.001 0.002 0.002 0.002 0.003 0.007 0.022 0.040 0.047 0.048 0.047 0.045 0.042 0.037 0.030 0.021 0.014 0.010 0.008 0.007 0.007 0.007 0.007 0.007 0.007 0.008 0.016 0.036 0.069 0.113 0.180 0.311 0.563 1.032 1.920 2.989 3.583 3.683 3.631 3.651 3.721 3.743 3.715 3.607 3.396 3.087 2.682 2.200 1.762 1.400 1.103 0.860 0.664 0.512 0.396 0.306 0.236 0.181 0.139
0.000 0.000 0.000 0.000 0.000 0.000 0.000 0.000 0.000 0.000 0.000 0.000 0.000 0.000 0.001 0.002 0.004 0.005 0.006 0.007 0.007 0.009 0.014 0.028 0.052 0.069 0.073 0.073 0.071 0.068 0.063 0.056 0.045 0.031 0.021 0.016 0.014 0.013 0.013 0.013 0.013 0.013 0.016 0.028 0.064 0.147 0.268 0.419 0.653 1.035 1.607 2.451 3.403 4.023 4.203 4.152 4.061 4.046 4.053 4.037 3.982 3.840 3.591 3.224 2.764 2.250 1.806 1.438 1.134 0.889 0.693 0.542 0.423 0.328 0.253 0.194 0.148
0.000 0.000 0.000 0.000 0.000 0.000 0.000 0.000 0.000 0.000 0.000 0.000 0.001 0.002 0.003 0.006 0.009 0.013 0.017 0.021 0.024 0.031 0.048 0.075 0.098 0.107 0.108 0.107 0.104 0.099 0.092 0.081 0.065 0.045 0.032 0.025 0.023 0.022 0.022 0.022 0.024 0.031 0.050 0.110 0.265 0.525 0.832 1.182 1.684 2.411 3.226 3.949 4.400 4.553 4.512 4.430 4.352 4.304 4.265 4.227 4.146 3.978 3.692 3.293 2.799 2.276 1.835 1.470 1.168 0.923 0.726 0.570 0.443 0.343 0.264 0.202 0.154
0.000 0.000 0.000 0.000 0.000 0.000 0.000 0.000 0.000 0.000 0.000 0.000 0.002 0.004 0.008 0.012 0.019 0.027 0.036 0.047 0.059 0.079 0.111 0.141 0.153 0.155 0.154 0.151 0.147 0.141 0.131 0.116 0.093 0.065 0.047 0.038 0.035 0.034 0.035 0.039 0.051 0.084 0.179 0.413 0.832 1.363 1.901 2.488 3.232 4.003 4.600 4.933 5.008 4.910 4.719 4.595 4.518 4.450 4.394 4.337 4.235 4.050 3.750 3.337 2.817 2.296 1.857 1.495 1.195 0.950 0.750 0.587 0.456 0.352 0.270 0.206 0.159
0.000 0.000 0.000 0.000 0.000 0.000 0.000 0.000 0.000 0.000 0.000 0.001 0.004 0.008 0.014 0.022 0.033 0.047 0.065 0.086 0.114 0.151 0.191 0.212 0.216 0.216 0.214 0.211 0.205 0.196 0.182 0.161 0.131 0.094 0.068 0.055 0.050 0.050 0.054 0.070 0.114 0.241 0.562 1.150 1.921 2.696 3.399 4.039 4.638 5.124 5.436 5.526 5.450 5.203 4.870 4.684 4.594 4.529 4.472 4.406 4.296 4.097 3.779 3.345 2.817 2.309 1.874 1.514 1.214 0.966 0.763 0.597 0.463 0.357 0.274 0.209 0.160
0.000 0.000 0.000 0.000 0.000 0.000 0.000 0.000 0.000 0.000 0.000 0.002 0.006 0.012 0.022 0.035 0.053 0.076 0.105 0.142 0.189 0.239 0.275 0.291 0.295 0.294 0.292 0.288 0.281 0.268 0.249 0.222 0.183 0.133 0.096 0.076 0.069 0.070 0.081 0.124 0.241 0.579 1.335 2.432 3.461 4.281 4.864 5.293 5.657 5.897 5.991 5.960 5.795 5.428 4.993 4.723 4.605 4.553 4.504 4.444 4.338 4.132 3.798 3.346 2.811 2.310 1.882 1.520 1.220 0.970 0.765 0.599 0.465 0.359 0.276 0.211 0.161
0.000 0.000 0.000 0.000 0.000 0.000 0.000 0.000 0.000 0.000 0.000 0.002 0.007 0.015 0.028 0.047 0.073 0.110 0.158 0.218 0.284 0.340 0.374 0.390 0.394 0.394 0.392 0.388 0.379 0.363 0.339 0.303 0.253 0.187 0.131 0.101 0.091 0.092 0.111 0.189 0.430 1.117 2.494 4.007 5.019 5.664 6.037 6.246 6.404 6.477 6.458 6.327 6.049 5.600 5.109 4.774 4.613 4.567 4.537 4.487 4.380 4.159 3.805 3.337 2.800 2.305 1.877 1.516 1.215 0.964 0.761 0.594 0.461 0.357 0.275 0.210 0.160
0.000 0.000 0.000 0.000 0.000 0.000 0.000 0.000 0.000 0.000 0.000 0.002 0.007 0.016 0.031 0.052 0.084 0.133 0.204 0.301 0.396 0.459 0.499 0.517 0.523 0.524 0.522 0.517 0.505 0.485 0.455 0.409 0.344 0.259 0.179 0.131 0.114 0.114 0.133 0.225 0.555 1.569 3.525 5.296 6.283 6.750 6.931 6.994 7.007 6.961 6.830 6.591 6.223 5.738 5.227 4.850 4.648 4.600 4.586 4.536 4.402 4.162 3.794 3.314 2.767 2.272 1.843 1.488 1.191 0.943 0.742 0.580 0.450 0.349 0.270 0.207 0.157
0.000 0.000 0.000 0.000 0.000 0.000 0.000 0.000 0.000 0.000 0.000 0.002 0.007 0.017 0.031 0.053 0.088 0.142 0.226 0.355 0.508 0.606 0.659 0.684 0.692 0.693 0.690 0.682 0.666 0.639 0.599 0.543 0.463 0.356 0.243 0.170 0.140 0.135 0.150 0.241 0.599 1.788 4.199 6.265 7.235 7.551 7.599 7.575 7.468 7.293 7.062 6.764 6.365 5.875 5.362 4.965 4.741 4.662 4.633 4.562 4.394 4.129 3.743 3.245 2.689 2.205 1.787 1.440 1.147 0.907 0.711 0.555 0.432 0.336 0.261 0.200 0.153
0.000 0.000 0.000 0.000 0.000 0.000 0.000 0.000 0.000 0.000 0.000 0.002 0.006 0.016 0.030 0.052 0.087 0.142 0.231 0.376 0.591 0.775 0.863 0.898 0.909 0.911 0.906 0.891 0.867 0.831 0.780 0.711 0.615 0.482 0.328 0.221 0.169 0.157 0.168 0.252 0.607 1.833 4.512 6.934 7.924 8.127 8.098 7.994 7.762 7.475 7.176 6.850 6.469 6.024 5.532 5.126 4.881 4.766 4.681 4.553 4.342 4.034 3.615 3.099 2.563 2.094 1.696 1.365 1.086 0.857 0.670 0.523 0.409 0.319 0.249 0.192 0.147
0.000 0.000 0.000 0.000 0.000 0.000 0.000 0.000 0.000 0.000 0.000 0.001 0.004 0.012 0.025 0.046 0.079 0.131 0.218 0.367 0.609 0.916 1.107 1.166 1.178 1.177 1.170 1.150 1.116 1.070 1.007 0.921 0.803 0.639 0.439 0.288 0.207 0.182 0.187 0.260 0.600 1.805 4.530 7.219 8.363 8.532 8.424 8.222 7.887 7.533 7.204 6.880 6.539 6.168 5.739 5.329 5.042 4.864 4.711 4.520 4.244 3.875 3.409 2.876 2.380 1.944 1.576 1.265 1.007 0.794 0.624 0.492 0.389 0.306 0.240 0.186 0.142
0.000 0.000 0.000 0.000 0.000 0.000 0.000 0.000 0.000 0.000 0.000 0.000 0.002 0.005 0.013 0.028 0.052 0.092 0.162 0.294 0.543 0.944 1.316 1.470 1.497 1.496 1.488 1.464 1.421 1.362 1.285 1.177 1.031 0.834 0.590 0.384 0.261 0.213 0.211 0.271 0.574 1.687 4.335 7.192 8.554 8.773 8.593 8.281 7.900 7.533 7.186 6.871 6.576 6.266 5.916 5.537 5.196 4.929 4.699 4.456 4.126 3.681 3.151 2.609 2.146 1.751 1.422 1.144 0.915 0.731 0.583 0.466 0.373 0.295 0.233 0.182 0.140
0.000 0.000 0.000 0.000 0.000 0.000 0.000 0.000 0.000 0.000 0.000 0.000 0.000 0.001 0.004 0.009 0.018 0.035 0.065 0.144 0.354 0.802 1.402 1.739 1.844 1.868 1.861 1.833 1.787 1.716 1.617 1.483 1.305 1.078 0.795 0.531 0.351 0.267 0.252 0.297 0.560 1.529 3.933 6.887 8.482 8.820 8.644 8.279 7.875 7.466 7.121 6.838 6.564 6.292 6.016 5.696 5.336 4.991 4.682 4.366 3.990 3.512 2.944 2.413 1.967 1.595 1.291 1.038 0.834 0.672 0.543 0.442 0.358 0.287 0.229 0.180 0.140
0.000 0.000 0.000 0.000 0.000 0.000 0.000 0.000 0.000 0.000 0.000 0.000 0.000 0.000 0.001 0.002 0.004 0.008 0.015 0.039 0.145 0.528 1.290 1.902 2.151 2.247 2.268 2.250 2.203 2.121 2.000 1.842 1.637 1.382 1.073 0.755 0.509 0.373 0.334 0.362 0.597 1.476 3.534 6.353 8.078 8.626 8.560 8.217 7.771 7.297 6.960 6.705 6.489 6.270 6.048 5.775 5.434 5.055 4.679 4.305 3.883 3.374 2.806 2.297 1.864 1.502 1.204 0.961 0.768 0.618 0.503 0.416 0.343 0.280 0.227 0.181 0.141
0.000 0.000 0.000 0.000 0.000 0.000 0.000 0.000 0.000 0.000 0.000 0.000 0.000 0.000 0.000 0.001 0.001 0.002 0.003 0.009 0.047 0.284 1.024 1.934 2.370 2.562 2.643 2.652 2.624 2.557 2.433 2.256 2.034 1.762 1.440 1.079 0.772 0.577 0.502 0.514 0.728 1.526 3.190 5.600 7.322 8.073 8.183 7.981 7.577 7.040 6.633 6.388 6.264 6.169 6.023 5.783 5.475 5.111 4.700 4.275 3.808 3.274 2.731 2.244 1.819 1.456 1.152 0.907 0.715 0.569 0.461 0.383 0.323 0.272 0.227 0.185 0.147
0.000 0.000 0.000 0.000 0.000 0.000 0.000 0.000 0.000 0.000 0.000 0.000 0.000 0.000 0.000 0.000 0.001 0.001 0.002 0.004 0.017 0.135 0.698 1.749 2.459 2.769 2.932 3.008 3.018 2.983 2.897 2.733 2.507 2.234 1.910 1.533 1.181 0.939 0.832 0.830 1.018 1.684 2.942 4.729 6.322 7.215 7.480 7.413 7.142 6.628 6.104 5.801 5.708 5.733 5.772 5.685 5.466 5.133 4.722 4.268 3.757 3.217 2.699 2.229 1.806 1.436 1.123 0.869 0.672 0.523 0.413 0.337 0.289 0.256 0.224 0.190 0.153
0.000 0.000 0.000 0.000 0.000 0.000 0.000 0.000 0.000 0.000 0.000 0.000 0.000 0.000 0.000 0.000 0.001 0.002 0.003 0.005 0.013 0.062 0.388 1.321 2.351 2.868 3.123 3.280 3.361 3.376 3.336 3.228 3.045 2.796 2.495 2.139 1.780 1.528 1.403 1.386 1.520 1.983 2.858 4.082 5.364 6.186 6.497 6.508 6.382 6.003 5.434 4.967 4.781 4.839 5.081 5.304 5.294 5.085 4.707 4.249 3.728 3.194 2.692 2.230 1.805 1.429 1.108 0.845 0.639 0.481 0.364 0.282 0.235 0.213 0.198 0.179 0.147
0.000 0.000 0.000 0.000 0.000 0.000 0.000 0.000 0.000 0.000 0.000 0.000 0.000 0.000 0.000 0.001 0.002 0.004 0.007 0.011 0.017 0.040 0.189 0.820 1.983 2.833 3.219 3.469 3.638 3.713 3.716 3.664 3.545 3.372 3.148 2.865 2.556 2.341 2.237 2.208 2.260 2.488 3.003 3.801 4.682 5.297 5.548 5.579 5.516 5.281 4.842 4.276 3.913 3.854 4.075 4.535 4.824 4.807 4.557 4.157 3.678 3.180 2.707 2.256 1.816 1.426 1.098 0.828 0.613 0.445 0.319 0.227 0.165 0.134 0.121 0.110 0.087
0.000 0.000 0.000 0.000 0.000 0.000 0.000 0.000 0.000 0.000 0.000 0.000 0.000 0.000 0.001 0.003 0.005 0.010 0.017 0.025 0.033 0.047 0.106 0.428 1.395 2.605 3.228 3.564 3.827 3.985 4.041 4.029 3.968 3.862 3.709 3.499 3.250 3.085 3.010 2.989 3.003 3.095 3.326 3.765 4.305 4.687 4.873 4.909 4.876 4.723 4.390 3.858 3.400 3.196 3.231 3.567 4.031 4.217 4.149 3.901 3.544 3.134 2.723 2.300 1.840 1.427 1.088 0.812 0.588 0.409 0.272 0.170 0.101 0.062 0.044 0.033 0.022
0.000 0.000 0.000 0.000 0.000 0.000 0.000 0.000 0.000 0.000 0.000 0.000 0.000 0.001 0.003 0.007 0.014 0.027 0.043 0.055 0.062 0.070 0.094 0.239 0.850 2.107 3.083 3.568 3.904 4.152 4.287 4.329 4.317 4.261 4.155 3.991 3.772 3.614 3.512 3.481 3.482 3.513 3.612 3.828 4.143 4.338 4.429 4.449 4.420 4.297 4.025 3.571 3.112 2.823 2.718 2.815 3.109 3.350 3.437 3.386 3.208 2.919 2.583 2.202 1.769 1.365 1.032 0.762 0.537 0.348 0.203 0.104 0.049 0.025 0.014 0.009 0.005
0.000 0.000 0.000 0.000 0.000 0.000 0.000 0.000 0.000 0.000 0.000 0.000 0.001 0.002 0.007 0.018 0.037 0.064 0.091 0.107 0.113 0.114 0.121 0.190 0.562 1.549 2.712 3.431 3.899 4.242 4.463 4.563 4.585 4.566 4.489 4.328 4.129 3.971 3.840 3.760 3.722 3.709 3.736 3.835 4.015 4.115 4.150 4.148 4.090 3.955 3.712 3.335 2.913 2.612 2.434 2.368 2.397 2.455 2.484 2.485 2.440 2.279 2.002 1.663 1.330 1.019 0.752 0.533 0.351 0.202 0.098 0.042 0.018 0.009 0.005 0.003 0.002
0.000 0.000 0.000 0.000 0.000 0.000 0.000 0.000 0.000 0.000 0.000 0.000 0.001 0.005 0.017 0.043 0.083 0.130 0.167 0.189 0.195 0.192 0.189 0.226 0.470 1.166 2.214 3.090 3.753 4.232 4.560 4.736 4.778 4.766 4.694 4.534 4.335 4.174 4.025 3.913 3.826 3.772 3.768 3.809 3.899 3.937 3.935 3.896 3.811 3.666 3.432 3.111 2.730 2.435 2.226 2.076 1.953 1.837 1.710 1.567 1.429 1.268 1.039 0.786 0.585 0.425 0.296 0.194 0.116 0.061 0.028 0.012 0.006 0.004 0.002 0.001 0.001
0.000 0.000 0.000 0.000 0.000 0.000 0.000 0.000 0.000 0.000 0.000 0.001 0.003 0.011 0.037 0.087 0.157 0.225 0.279 0.314 0.328 0.327 0.322 0.340 0.517 1.023 1.837 2.697 3.462 4.103 4.548 4.802 4.879 4.854 4.775 4.635 4.442 4.279 4.132 4.004 3.873 3.778 3.747 3.750 3.774 3.774 3.745 3.666 3.548 3.391 3.166 2.879 2.532 2.243 2.011 1.815 1.627 1.431 1.208 0.967 0.758 0.578 0.415 0.278 0.181 0.117 0.075 0.046 0.027 0.014 0.008 0.004 0.003 0.002 0.001 0.001 0.001
0.000 0.000 0.000 0.000 0.000 0.000 0.000 0.000 0.000 0.000 0.000 0.001 0.004 0.017 0.058 0.139 0.250 0.350 0.433 0.492 0.527 0.543 0.550 0.567 0.689 1.059 1.689 2.453 3.203 3.881 4.413 4.757 4.885 4.864 4.791 4.661 4.481 4.320 4.175 4.025 3.865 3.741 3.655 3.627 3.610 3.590 3.539 3.430 3.285 3.114 2.896 2.627 2.304 2.011 1.769 1.549 1.324 1.072 0.797 0.549 0.362 0.231 0.143 0.085 0.050 0.029 0.018 0.011 0.007 0.004 0.003 0.002 0.001 0.001 0.001 0.001 0.000
0.000 0.000 0.000 0.000 0.000 0.000 0.000 0.000 0.000 0.000 0.000 0.001 0.004 0.019 0.066 0.170 0.332 0.499 0.631 0.733 0.803 0.850 0.889 0.931 1.026 1.271 1.738 2.392 3.087 3.695 4.221 4.613 4.806 4.812 4.768 4.645 4.487 4.328 4.183 4.013 3.819 3.643 3.509 3.449 3.413 3.364 3.280 3.163 3.006 2.824 2.612 2.346 2.037 1.719 1.438 1.177 0.911 0.636 0.399 0.238 0.136 0.076 0.042 0.024 0.013 0.007 0.004 0.003 0.002 0.001 0.001 0.001 0.001 0.001 0.000 0.000 0.000
0.000 0.000 0.000 0.000 0.000 0.000 0.000 0.000 0.000 0.000 0.000 0.001 0.004 0.018 0.063 0.176 0.382 0.654 0.878 1.048 1.174 1.268 1.348 1.429 1.528 1.701 2.012 2.499 3.100 3.635 4.069 4.411 4.627 4.668 4.658 4.571 4.451 4.312 4.156 3.951 3.717 3.478 3.288 3.177 3.101 3.037 2.948 2.834 2.685 2.514 2.303 2.029 1.695 1.291 0.910 0.609 0.384 0.223 0.120 0.064 0.035 0.019 0.011 0.006 0.003 0.002 0.001 0.001 0.001 0.001 0.000 0.000 0.000 0.000 0.000 0.000 0.000
0.000 0.000 0.000 0.000 0.000 0.000 0.000 0.000 0.000 0.000 0.000 0.000 0.003 0.013 0.052 0.164 0.406 0.799 1.178 1.444 1.650 1.807 1.935 2.051 2.170 2.309 2.507 2.817 3.244 3.678 4.012 4.249 4.405 4.460 4.461 4.408 4.325 4.215 4.045 3.825 3.557 3.255 2.990 2.803 2.672 2.589 2.514 2.427 2.311 2.160 1.948 1.656 1.252 0.786 0.430 0.220 0.105 0.047 0.021 0.011 0.007 0.004 0.002 0.001 0.001 0.000 0.000 0.000 0.000 0.000 0.000 0.000 0.000 0.000 0.000 0.000 0.000
0.000 0.000 0.000 0.000 0.000 0.000 0.000 0.000 0.000 0.000 0.000 0.000 0.001 0.007 0.036 0.142 0.419 0.917 1.513 1.947 2.258 2.484 2.657 2.799 2.922 3.032 3.156 3.329 3.574 3.828 4.017 4.143 4.213 4.246 4.232 4.181 4.105 4.002 3.839 3.626 3.346 2.998 2.638 2.351 2.148 2.018 1.928 1.850 1.746 1.589 1.360 1.054 0.677 0.349 0.156 0.062 0.023 0.008 0.003 0.002 0.001 0.001 0.000 0.000 0.000 0.000 0.000 0.000 0.000 0.000 0.000 0.000 0.000 0.000 0.000 0.000 0.000
0.000 0.000 0.000 0.000 0.000 0.000 0.000 0.000 0.000 0.000 0.000 0.000 0.001 0.004 0.025 0.125 0.434 1.011 1.771 2.451 2.966 3.302 3.518 3.674 3.790 3.869 3.934 3.997 4.063 4.094 4.100 4.099 4.066 4.030 3.971 3.898 3.811 3.701 3.544 3.341 3.071 2.723 2.313 1.945 1.658 1.453 1.289 1.136 0.979 0.803 0.607 0.405 0.220 0.098 0.038 0.014 0.005 0.002 0.001 0.000 0.000 0.000 0.000 0.000 0.000 0.000 0.000 0.000 0.000 0.000 0.000 0.000 0.000 0.000 0.000 0.000 0.000
0.000 0.000 0.000 0.000 0.000 0.000 0.000 0.000 0.000 0.000 0.000 0.000 0.001 0.003 0.020 0.118 0.452 1.082 1.905 2.786 3.559 4.090 4.408 4.594 4.696 4.737 4.739 4.691 4.591 4.429 4.236 4.074 3.926 3.782 3.659 3.557 3.455 3.339 3.189 2.996 2.742 2.420 2.024 1.620 1.277 1.013 0.800 0.615 0.451 0.308 0.190 0.101 0.045 0.018 0.007 0.003 0.001 0.000 0.000 0.000 0.000 0.000 0.000 0.000 0.000 0.000 0.000 0.000 0.000 0.000 0.000 0.000 0.000 0.000 0.000 0.000 0.000
0.000 0.000 0.000 0.000 0.000 0.000 0.000 0.000 0.000 0.000 0.000 0.000 0.001 0.002 0.019 0.117 0.468 1.121 1.954 2.928 3.952 4.717 5.183 5.414 5.488 5.480 5.417 5.253 4.997 4.669 4.343 4.045 3.759 3.494 3.290 3.150 3.048 2.941 2.803 2.620 2.390 2.106 1.750 1.348 0.982 0.693 0.475 0.310 0.189 0.106 0.054 0.024 0.009 0.003 0.001 0.001 0.000 0.000 0.000 0.000 0.000 0.000 0.000 0.000 0.000 0.000 0.000 0.000 0.000 0.000 0.000 0.000 0.000 0.000 0.000 0.000 0.000
0.000 0.000 0.000 0.000 0.000 0.000 0.000 0.000 0.000 0.000 0.000 0.000 0.001 0.003 0.019 0.119 0.473 1.127 1.960 2.949 4.143 5.171 5.810 6.100 6.163 6.117 5.967 5.675 5.264 4.813 4.403 4.006 3.587 3.174 2.841 2.619 2.500 2.412 2.303 2.156 1.972 1.753 1.460 1.090 0.729 0.459 0.274 0.154 0.080 0.038 0.016 0.006 0.002 0.001 0.000 0.000 0.000 0.000 0.000 0.000 0.000 0.000 0.000 0.000 0.000 0.000 0.000 0.000 0.000 0.000 0.000 0.000 0.000 0.000 0.000 0.000 0.000
0.000 0.000 0.000 0.000 0.000 0.000 0.000 0.000 0.000 0.001 0.001 0.002 0.003 0.005 0.020 0.111 0.444 1.078 1.907 2.892 4.130 5.365 6.187 6.558 6.625 6.552 6.289 5.873 5.368 4.862 4.391 3.913 3.385 2.813 2.305 1.929 1.710 1.579 1.467 1.356 1.255 1.158 1.012 0.764 0.474 0.270 0.145 0.073 0.034 0.014 0.005 0.002 0.001 0.000 0.000 0.000 0.000 0.000 0.000 0.000 0.000 0.000 0.000 0.000 0.000 0.000 0.000 0.000 0.000 0.000 0.000 0.000 0.000 0.000 0.000 0.000 0.000
0.000 0.001 0.001 0.001 0.001 0.001 0.001 0.002 0.002 0.002 0.003 0.004 0.006 0.007 0.014 0.071 0.324 0.882 1.694 2.689 3.953 5.349 6.312 6.764 6.842 6.738 6.407 5.945 5.402 4.869 4.316 3.729 3.086 2.378 1.734 1.243 0.930 0.739 0.611 0.524 0.479 0.463 0.441 0.364 0.233 0.127 0.064 0.030 0.013 0.005 0.002 0.001 0.000 0.000 0.000 0.000 0.000 0.000 0.000 0.000 0.000 0.000 0.000 0.000 0.000 0.000 0.000 0.000 0.000 0.000 0.000 0.000 0.000 0.000 0.000 0.000 0.000
