RESULTS/r.avaflow_results/32_results/32_ascii/32_hflow_max0043.asc
ncols 506
nrows 317
xllcenter 498237.50
yllcenter 5580050.00
cellsize 12.50
NODATA_value -9999.000
[rows 170 to 203 of 317, columns 77 to 153 of 506]
0.000 0.000 0.000 0.000 0.000 0.000 0.000 0.000 0.000 0.000 0.000 0.000 0.000 0.000 0.001 0.002 0.003 0.004 0.004 0.004 0.004 0.005 0.010 0.025 0.048 0.061 0.063 0.062 0.060 0.057 0.051 0.043 0.032 0.027 0.028 0.036 0.060 0.092 0.108 0.111 0.116 0.144 0.208 0.298 0.356 0.392 0.436 0.491 0.558 0.814 1.369 2.331 3.540 4.450 4.985 6.650 9.367 13.069 16.843 20.013 22.381 24.005 24.959 25.149 24.728 23.833 22.856 21.703 20.537 19.358 17.935 16.396 15.122 14.554 14.172 13.853 13.619
0.000 0.000 0.000 0.000 0.000 0.000 0.000 0.000 0.000 0.000 0.000 0.000 0.001 0.002 0.004 0.006 0.009 0.011 0.013 0.015 0.017 0.023 0.039 0.065 0.087 0.094 0.094 0.093 0.089 0.084 0.076 0.064 0.047 0.044 0.046 0.061 0.098 0.143 0.167 0.178 0.189 0.236 0.332 0.462 0.559 0.646 0.770 0.935 1.394 2.087 2.969 3.910 4.634 5.067 6.046 8.598 11.222 15.268 19.083 22.118 24.144 25.156 25.605 25.565 25.058 24.255 23.137 21.819 20.486 19.178 17.965 17.305 16.932 16.665 16.492 16.553 16.822
0.000 0.000 0.000 0.000 0.000 0.000 0.000 0.000 0.000 0.000 0.000 0.001 0.002 0.005 0.009 0.013 0.019 0.026 0.033 0.039 0.048 0.067 0.098 0.125 0.136 0.137 0.136 0.133 0.128 0.120 0.108 0.091 0.070 0.068 0.072 0.095 0.144 0.206 0.249 0.280 0.312 0.384 0.519 0.695 0.863 1.110 1.557 2.121 2.913 3.768 4.491 4.977 5.260 5.567 6.651 9.220 11.851 15.940 19.849 22.874 24.823 25.689 25.607 25.514 25.091 24.236 23.070 21.775 20.574 19.857 19.346 18.908 18.476 18.154 18.113 18.688 19.647
0.000 0.000 0.000 0.000 0.000 0.000 0.000 0.000 0.000 0.000 0.000 0.002 0.005 0.010 0.016 0.024 0.035 0.048 0.063 0.081 0.104 0.140 0.175 0.192 0.194 0.193 0.190 0.185 0.178 0.168 0.152 0.128 0.104 0.103 0.109 0.136 0.195 0.279 0.359 0.432 0.509 0.623 0.802 1.047 1.658 2.327 2.987 3.698 4.426 5.029 5.438 5.903 6.228 6.395 6.986 8.963 11.433 15.474 19.521 22.639 24.643 25.476 25.210 25.230 24.777 23.966 22.943 22.084 21.501 20.978 20.427 19.838 19.354 19.150 19.382 20.331 21.701
0.000 0.000 0.000 0.000 0.000 0.000 0.000 0.000 0.000 0.000 0.001 0.003 0.009 0.016 0.027 0.040 0.058 0.080 0.107 0.141 0.184 0.229 0.257 0.266 0.267 0.265 0.261 0.255 0.245 0.230 0.208 0.177 0.151 0.149 0.156 0.188 0.257 0.369 0.506 0.649 0.804 0.991 1.334 2.200 3.103 3.880 4.498 5.031 5.490 6.085 6.693 6.987 7.101 7.056 7.208 8.075 10.355 14.122 18.414 21.689 23.714 24.605 24.622 24.476 24.212 23.671 23.086 22.525 21.951 21.417 20.856 20.244 19.695 19.691 20.191 21.227 22.563
0.000 0.000 0.000 0.000 0.000 0.000 0.000 0.000 0.000 0.000 0.001 0.005 0.011 0.022 0.037 0.059 0.087 0.123 0.168 0.222 0.281 0.326 0.349 0.357 0.358 0.356 0.352 0.345 0.332 0.313 0.284 0.243 0.213 0.208 0.214 0.251 0.346 0.500 0.705 0.941 1.205 1.515 2.614 3.815 4.704 5.310 5.704 6.013 6.684 7.266 7.622 7.787 7.789 7.608 7.517 7.759 9.278 12.653 17.006 20.495 22.573 23.527 23.672 23.414 23.480 23.360 23.076 22.629 22.077 21.493 20.874 20.215 19.686 19.579 20.242 21.275 22.503
0.000 0.000 0.000 0.000 0.000 0.000 0.000 0.000 0.000 0.000 0.001 0.005 0.013 0.025 0.043 0.070 0.109 0.165 0.239 0.324 0.394 0.440 0.464 0.473 0.474 0.473 0.469 0.460 0.444 0.420 0.383 0.331 0.292 0.281 0.285 0.331 0.462 0.679 0.967 1.310 1.716 2.303 4.002 5.296 6.048 6.441 6.643 7.083 7.759 8.177 8.371 8.444 8.371 8.116 7.867 7.592 8.608 11.598 15.842 19.502 21.552 22.534 22.656 22.310 22.581 22.674 22.501 22.069 21.486 20.837 20.133 19.410 18.913 18.920 19.435 20.409 21.644
0.000 0.000 0.000 0.000 0.000 0.000 0.000 0.000 0.000 0.000 0.001 0.005 0.013 0.026 0.045 0.075 0.120 0.187 0.288 0.421 0.523 0.581 0.611 0.624 0.626 0.624 0.619 0.607 0.586 0.554 0.509 0.444 0.393 0.397 0.469 0.553 0.646 0.837 1.234 1.725 2.308 3.016 5.043 6.445 7.090 7.292 7.362 8.042 8.577 8.888 9.007 9.004 8.842 8.565 8.178 7.700 8.331 10.986 14.967 18.510 20.448 21.425 21.562 21.094 21.288 21.256 20.959 20.447 19.784 19.032 18.201 17.376 16.947 16.998 17.644 18.884 20.228
0.000 0.000 0.000 0.000 0.000 0.000 0.000 0.000 0.000 0.000 0.001 0.005 0.012 0.026 0.045 0.075 0.121 0.194 0.309 0.485 0.660 0.757 0.801 0.818 0.822 0.820 0.810 0.793 0.764 0.723 0.665 0.588 0.647 0.722 0.797 0.875 0.958 1.041 1.426 2.099 2.904 3.721 5.747 7.287 7.836 7.919 8.046 8.732 9.171 9.405 9.490 9.409 9.183 8.913 8.405 7.835 8.154 10.576 14.160 17.220 18.944 20.007 20.019 19.386 19.310 19.044 18.600 18.004 17.261 16.358 15.360 14.517 14.281 14.480 15.369 16.901 18.579
0.000 0.000 0.000 0.000 0.000 0.000 0.000 0.000 0.000 0.000 0.001 0.003 0.010 0.023 0.042 0.072 0.118 0.191 0.310 0.504 0.769 0.963 1.039 1.061 1.065 1.062 1.049 1.023 0.985 0.932 0.883 1.018 1.092 1.139 1.184 1.233 1.294 1.367 1.514 2.354 3.407 4.336 6.078 7.840 8.350 8.372 8.529 9.146 9.525 9.677 9.723 9.628 9.473 9.131 8.565 7.894 7.928 10.058 13.152 15.564 17.251 17.975 17.738 16.970 16.710 16.382 15.892 15.262 14.447 13.496 12.515 12.027 12.036 12.568 13.747 15.361 17.048
0.000 0.000 0.000 0.000 0.000 0.000 0.000 0.000 0.000 0.000 0.000 0.002 0.006 0.015 0.031 0.057 0.098 0.163 0.275 0.472 0.786 1.137 1.316 1.356 1.359 1.354 1.338 1.304 1.255 1.247 1.496 1.601 1.625 1.624 1.624 1.638 1.677 1.745 1.827 2.450 3.706 4.779 6.075 8.077 8.711 8.677 8.862 9.328 9.652 9.758 9.783 9.734 9.576 9.213 8.640 7.884 7.588 9.281 11.750 13.721 15.163 15.512 14.955 14.102 13.756 13.452 13.008 12.414 11.713 10.942 10.203 9.998 10.195 10.974 12.299 13.777 15.374
0.000 0.000 0.000 0.000 0.000 0.000 0.000 0.000 0.000 0.000 0.000 0.000 0.002 0.006 0.014 0.031 0.058 0.100 0.174 0.338 0.676 1.186 1.555 1.681 1.703 1.699 1.680 1.642 1.583 2.018 2.235 2.272 2.239 2.192 2.156 2.139 2.151 2.199 2.289 2.433 3.800 5.019 5.895 8.023 8.840 8.826 9.143 9.402 9.620 9.711 9.775 9.696 9.536 9.182 8.594 7.776 7.121 8.252 9.968 11.818 12.846 12.891 12.047 11.081 10.675 10.335 9.988 9.580 9.121 8.647 8.299 8.270 8.631 9.519 10.816 12.194 13.577
0.000 0.000 0.000 0.000 0.000 0.000 0.000 0.000 0.000 0.000 0.000 0.000 0.000 0.001 0.004 0.010 0.021 0.038 0.071 0.154 0.427 1.036 1.675 1.965 2.065 2.088 2.071 2.033 2.313 2.829 3.010 3.026 2.961 2.880 2.826 2.797 2.778 2.796 2.872 3.008 3.756 5.114 5.942 7.687 8.718 8.970 9.366 9.437 9.501 9.584 9.589 9.531 9.339 8.986 8.401 7.490 6.551 7.019 8.164 9.611 10.387 10.246 9.299 8.612 8.131 7.734 7.405 7.099 6.815 6.606 6.548 6.712 7.211 8.118 9.254 10.381 11.496
0.000 0.000 0.000 0.000 0.000 0.000 0.000 0.000 0.000 0.000 0.000 0.000 0.000 0.000 0.001 0.002 0.005 0.009 0.017 0.042 0.194 0.743 1.626 2.157 2.368 2.454 2.469 2.447 2.951 3.597 3.815 3.851 3.807 3.718 3.649 3.627 3.609 3.601 3.640 3.769 4.063 5.111 5.967 7.045 8.229 9.074 9.469 9.453 9.414 9.335 9.249 9.078 8.831 8.456 7.908 7.109 6.115 6.094 6.569 7.445 7.771 7.631 7.205 6.719 6.263 5.841 5.459 5.125 4.903 4.814 4.886 5.205 5.822 6.653 7.529 8.443 9.422
0.000 0.000 0.000 0.000 0.000 0.000 0.000 0.000 0.000 0.000 0.000 0.000 0.000 0.000 0.000 0.001 0.001 0.002 0.004 0.011 0.077 0.458 1.399 2.225 2.581 2.752 2.837 2.854 3.497 4.372 4.717 4.779 4.773 4.727 4.671 4.669 4.677 4.686 4.735 4.869 5.152 5.778 6.514 6.974 7.902 8.959 9.391 9.459 9.300 9.034 8.694 8.280 7.946 7.544 7.039 6.373 5.925 5.579 5.644 5.978 6.124 5.986 5.668 5.291 4.892 4.469 4.027 3.621 3.377 3.285 3.317 3.596 4.192 4.956 5.743 6.638 7.640
0.000 0.000 0.000 0.000 0.000 0.000 0.000 0.000 0.000 0.000 0.000 0.000 0.000 0.000 0.000 0.001 0.002 0.004 0.006 0.009 0.033 0.239 1.001 2.073 2.677 2.992 3.189 3.308 3.965 5.073 5.686 5.833 5.790 5.805 5.845 5.916 5.989 6.079 6.198 6.284 6.376 6.733 7.148 7.332 7.801 8.662 9.114 9.258 9.011 8.590 8.075 7.456 6.773 6.327 6.103 5.905 5.716 5.483 5.202 5.101 5.016 4.822 4.540 4.204 3.826 3.408 2.947 2.537 2.345 2.226 2.172 2.230 2.520 3.125 4.030 5.058 6.263
0.000 0.000 0.000 0.000 0.000 0.000 0.000 0.000 0.000 0.000 0.000 0.000 0.000 0.000 0.001 0.003 0.005 0.009 0.014 0.019 0.027 0.115 0.590 1.666 2.639 3.150 3.484 3.756 4.277 5.593 6.441 6.802 6.823 6.835 6.919 7.040 7.196 7.339 7.427 7.466 7.464 7.481 7.580 7.530 7.535 8.146 8.622 8.712 8.467 7.969 7.316 6.545 5.605 5.139 5.173 5.430 5.480 5.348 5.075 4.741 4.390 4.060 3.749 3.404 3.055 2.708 2.383 2.098 1.858 1.659 1.469 1.313 1.364 1.688 2.438 3.617 4.817
0.000 0.000 0.000 0.000 0.000 0.000 0.000 0.000 0.000 0.000 0.000 0.000 0.000 0.001 0.003 0.007 0.012 0.021 0.031 0.039 0.046 0.105 0.320 1.156 2.412 3.215 3.677 4.105 4.736 5.869 6.914 7.460 7.633 7.738 7.931 8.130 8.276 8.364 8.394 8.381 8.291 8.053 7.797 7.654 7.490 7.637 7.933 7.938 7.704 7.211 6.559 5.698 4.630 3.902 4.141 4.628 4.964 5.004 4.834 4.529 4.183 3.833 3.501 3.139 2.744 2.367 2.032 1.747 1.504 1.284 1.069 0.851 0.705 0.752 1.143 1.933 2.493
0.000 0.000 0.000 0.000 0.000 0.000 0.000 0.000 0.000 0.000 0.000 0.000 0.001 0.003 0.008 0.017 0.030 0.049 0.066 0.078 0.108 0.233 0.425 0.730 1.947 3.105 3.749 4.305 5.113 6.008 7.122 7.853 8.203 8.298 8.646 8.936 9.040 9.051 9.056 8.994 8.787 8.436 8.018 7.694 7.379 7.064 7.169 7.115 6.904 6.469 5.860 5.030 3.970 3.337 3.286 3.643 4.141 4.368 4.355 4.177 3.908 3.597 3.285 2.923 2.483 2.073 1.731 1.446 1.202 0.975 0.749 0.526 0.361 0.274 0.364 0.658 0.799
0.000 0.000 0.000 0.000 0.000 0.000 0.000 0.000 0.000 0.000 0.000 0.001 0.003 0.008 0.020 0.042 0.072 0.104 0.131 0.147 0.246 0.480 0.779 1.110 1.502 2.816 3.704 4.382 5.329 6.331 7.259 8.064 8.514 8.681 8.934 9.202 9.256 9.208 9.224 9.198 9.061 8.685 8.099 7.544 7.050 6.492 6.488 6.402 6.199 5.820 5.236 4.463 3.895 3.237 2.772 2.880 3.198 3.469 3.593 3.585 3.458 3.230 2.943 2.599 2.179 1.773 1.434 1.154 0.911 0.683 0.464 0.273 0.156 0.100 0.102 0.162 0.185
0.000 0.000 0.000 0.000 0.000 0.000 0.000 0.000 0.000 0.000 0.000 0.002 0.006 0.019 0.048 0.096 0.152 0.199 0.238 0.268 0.510 0.918 1.322 1.710 2.142 2.678 3.516 4.361 5.415 6.538 7.545 8.226 8.654 8.819 8.949 9.130 9.235 9.207 9.160 9.182 9.082 8.690 7.974 7.133 6.402 5.968 5.925 5.801 5.589 5.243 4.716 4.197 3.648 2.908 2.490 2.431 2.475 2.553 2.605 2.632 2.614 2.482 2.224 1.903 1.575 1.256 0.974 0.738 0.535 0.357 0.208 0.104 0.056 0.039 0.038 0.048 0.052
0.000 0.000 0.000 0.000 0.000 0.000 0.000 0.000 0.000 0.000 0.000 0.003 0.011 0.036 0.089 0.176 0.273 0.344 0.409 0.486 0.984 1.599 2.080 2.503 2.959 3.516 4.147 4.716 5.392 6.600 7.680 8.384 8.675 8.771 8.809 8.947 8.987 8.932 8.846 8.806 8.684 8.274 7.486 6.408 5.522 5.447 5.383 5.238 5.013 4.696 4.239 3.816 3.161 2.489 2.287 2.141 2.026 1.921 1.808 1.675 1.547 1.394 1.171 0.914 0.702 0.529 0.387 0.271 0.179 0.110 0.061 0.033 0.023 0.020 0.019 0.021 0.022
0.000 0.000 0.000 0.000 0.000 0.000 0.000 0.000 0.000 0.000 0.000 0.003 0.014 0.046 0.114 0.224 0.367 0.515 0.666 0.858 1.740 2.555 3.088 3.534 4.005 4.568 5.096 5.557 5.927 6.537 7.593 8.273 8.556 8.660 8.583 8.489 8.438 8.325 8.177 7.989 7.685 7.082 6.080 5.230 5.123 5.044 4.950 4.796 4.570 4.266 3.816 3.162 2.593 2.303 2.078 1.885 1.700 1.508 1.288 1.045 0.830 0.645 0.475 0.328 0.220 0.148 0.100 0.066 0.043 0.029 0.020 0.015 0.013 0.012 0.011 0.012 0.012
0.000 0.000 0.000 0.000 0.000 0.000 0.000 0.000 0.000 0.000 0.000 0.004 0.015 0.048 0.120 0.241 0.407 0.628 0.925 1.486 2.754 3.812 4.425 4.893 5.352 5.783 6.098 6.331 6.512 6.631 7.392 8.065 8.344 8.401 8.158 7.862 7.703 7.462 7.156 6.806 6.418 5.793 5.243 5.072 5.015 4.956 4.836 4.621 4.295 3.821 3.159 2.686 2.373 2.082 1.843 1.624 1.398 1.144 0.860 0.599 0.401 0.262 0.166 0.102 0.062 0.040 0.027 0.020 0.015 0.012 0.010 0.009 0.008 0.007 0.007 0.007 0.007
0.000 0.000 0.000 0.000 0.000 0.000 0.000 0.000 0.000 0.000 0.000 0.003 0.014 0.045 0.121 0.279 0.499 0.694 1.055 2.176 3.922 5.231 5.935 6.335 6.636 6.846 6.952 6.956 6.934 6.886 7.077 7.718 8.116 8.200 7.954 7.447 7.070 6.942 6.704 6.359 5.952 5.554 5.200 5.006 4.910 4.784 4.589 4.246 3.787 3.192 2.667 2.412 2.116 1.802 1.512 1.246 0.973 0.687 0.435 0.262 0.152 0.087 0.050 0.029 0.018 0.012 0.009 0.007 0.007 0.006 0.005 0.005 0.004 0.004 0.004 0.004 0.004
0.000 0.000 0.000 0.000 0.000 0.000 0.000 0.000 0.000 0.000 0.000 0.002 0.010 0.035 0.112 0.288 0.587 0.922 1.508 3.090 5.057 6.455 7.153 7.480 7.639 7.685 7.580 7.347 7.161 7.020 6.863 7.202 7.661 7.736 7.473 6.999 6.889 6.652 6.346 6.048 5.785 5.536 5.254 4.955 4.748 4.535 4.218 3.793 3.252 2.623 2.363 2.096 1.770 1.358 0.953 0.637 0.404 0.238 0.131 0.071 0.039 0.022 0.013 0.008 0.005 0.004 0.003 0.003 0.003 0.003 0.003 0.003 0.002 0.002 0.002 0.002 0.002
0.000 0.000 0.000 0.000 0.000 0.000 0.000 0.000 0.000 0.000 0.000 0.001 0.005 0.024 0.091 0.277 0.644 1.159 2.246 4.024 5.850 7.224 8.006 8.330 8.368 8.238 7.923 7.608 7.310 7.079 6.802 6.776 7.000 7.060 7.007 6.908 6.653 6.271 6.058 5.904 5.749 5.535 5.254 4.939 4.626 4.307 3.917 3.403 2.829 2.226 2.008 1.707 1.286 0.804 0.437 0.222 0.120 0.060 0.027 0.013 0.008 0.005 0.003 0.002 0.002 0.002 0.002 0.002 0.002 0.001 0.001 0.001 0.001 0.001 0.001 0.001 0.001
0.000 0.000 0.000 0.000 0.000 0.000 0.000 0.000 0.000 0.000 0.000 0.001 0.004 0.022 0.084 0.269 0.711 1.581 2.966 4.729 6.225 7.374 8.188 8.564 8.617 8.505 8.233 7.753 7.328 6.944 6.726 6.963 7.082 7.112 7.064 6.898 6.497 6.143 5.981 5.880 5.748 5.527 5.221 4.904 4.561 4.129 3.632 3.112 2.521 1.839 1.409 1.078 0.682 0.351 0.161 0.076 0.035 0.015 0.006 0.003 0.002 0.001 0.001 0.001 0.001 0.001 0.001 0.000 0.000 0.000 0.000 0.000 0.000 0.000 0.000 0.000 0.000
0.000 0.000 0.000 0.000 0.000 0.000 0.000 0.000 0.000 0.000 0.000 0.002 0.010 0.043 0.158 0.468 1.110 2.143 3.542 5.074 6.290 7.236 7.886 8.328 8.548 8.512 8.212 7.646 7.149 6.751 6.866 7.103 7.151 7.120 7.079 6.836 6.372 6.126 6.019 5.923 5.754 5.506 5.193 4.828 4.426 3.975 3.451 2.878 2.242 1.522 0.814 0.417 0.222 0.100 0.040 0.017 0.007 0.003 0.001 0.001 0.000 0.000 0.000 0.000 0.000 0.000 0.000 0.000 0.000 0.000 0.000 0.000 0.000 0.000 0.000 0.000 0.000
0.000 0.000 0.000 0.000 0.000 0.000 0.000 0.000 0.000 0.000 0.000 0.003 0.017 0.071 0.243 0.673 1.487 2.649 3.921 5.151 6.176 6.933 7.397 7.815 8.001 7.958 7.614 7.059 6.733 6.651 6.956 7.120 7.156 7.132 7.019 6.722 6.345 6.175 6.084 5.954 5.714 5.431 5.126 4.773 4.331 3.819 3.300 2.710 2.042 1.287 0.613 0.219 0.059 0.019 0.007 0.003 0.001 0.001 0.000 0.000 0.000 0.000 0.000 0.000 0.000 0.000 0.000 0.000 0.000 0.000 0.000 0.000 0.000 0.000 0.000 0.000 0.000
0.000 0.000 0.000 0.000 0.000 0.000 0.000 0.000 0.000 0.000 0.001 0.004 0.024 0.099 0.327 0.861 1.824 3.092 4.187 5.143 5.983 6.599 7.005 7.223 7.259 7.157 6.856 6.605 6.510 6.740 7.058 7.171 7.201 7.148 6.964 6.617 6.340 6.269 6.180 5.963 5.654 5.346 5.054 4.698 4.235 3.711 3.141 2.512 1.798 1.029 0.440 0.140 0.033 0.006 0.001 0.001 0.000 0.000 0.000 0.000 0.000 0.000 0.000 0.000 0.000 0.000 0.000 0.000 0.000 0.000 0.000 0.000 0.000 0.000 0.000 0.000 0.000
0.000 0.000 0.000 0.000 0.000 0.000 0.000 0.000 0.000 0.000 0.001 0.005 0.028 0.121 0.396 1.020 2.116 3.429 4.406 5.165 5.845 6.304 6.612 6.752 6.746 6.598 6.451 6.328 6.337 6.762 7.061 7.208 7.233 7.185 6.998 6.632 6.418 6.331 6.238 5.948 5.587 5.289 4.968 4.617 4.148 3.590 2.982 2.301 1.522 0.756 0.284 0.080 0.017 0.003 0.001 0.000 0.000 0.000 0.000 0.000 0.000 0.000 0.000 0.000 0.000 0.000 0.000 0.000 0.000 0.000 0.000 0.000 0.000 0.000 0.000 0.000 0.000
0.000 0.001 0.001 0.001 0.001 0.001 0.001 0.001 0.001 0.002 0.003 0.005 0.030 0.136 0.456 1.151 2.356 3.732 4.635 5.225 5.693 6.004 6.583 6.801 6.778 6.561 6.290 6.057 6.300 6.727 7.016 7.221 7.303 7.264 7.081 6.791 6.612 6.443 6.259 5.879 5.467 5.175 4.867 4.499 4.033 3.463 2.816 2.100 1.247 0.545 0.178 0.044 0.008 0.001 0.000 0.000 0.000 0.000 0.000 0.000 0.000 0.000 0.000 0.000 0.000 0.000 0.000 0.000 0.000 0.000 0.000 0.000 0.000 0.000 0.000 0.000 0.000
0.002 0.002 0.002 0.002 0.002 0.002 0.002 0.002 0.003 0.004 0.005 0.006 0.029 0.143 0.500 1.284 2.587 3.987 4.923 5.455 5.712 5.842 6.535 6.809 6.867 6.740 6.409 5.951 6.255 6.655 7.018 7.296 7.420 7.405 7.292 7.086 6.846 6.626 6.339 5.858 5.401 5.104 4.808 4.389 3.878 3.280 2.593 1.794 0.940 0.363 0.106 0.024 0.004 0.000 0.000 0.000 0.000 0.000 0.000 0.000 0.000 0.000 0.000 0.000 0.000 0.000 0.000 0.000 0.000 0.000 0.000 0.000 0.000 0.000 0.000 0.000 0.000
