RESULTS/r.avaflow_results/32_results/32_ascii/32_hflow0042.asc
ncols 506
nrows 317
xllcenter 498237.50
yllcenter 5580050.00
cellsize 12.50
NODATA_value -9999.000
[rows 170 to 203 of 317, columns 154 to 230 of 506]
8.848 8.742 8.639 8.517 8.357 8.162 7.990 7.849 7.706 7.546 7.397 7.268 7.122 6.874 6.415 5.711 4.835 3.950 3.113 2.328 1.614 1.011 0.579 0.333 0.215 0.162 0.144 0.142 0.145 0.156 0.180 0.218 0.254 0.277 0.292 0.305 0.326 0.368 0.394 0.396 0.384 0.370 0.372 0.385 0.391 0.382 0.349 0.289 0.221 0.159 0.115 0.088 0.071 0.062 0.057 0.055 0.055 0.057 0.061 0.063 0.065 0.065 0.065 0.065 0.065 0.066 0.069 0.078 0.104 0.156 0.201 0.216 0.206 0.162 0.108 0.075 0.059
12.254 12.469 12.605 12.651 12.609 12.453 12.233 12.006 11.768 11.495 11.215 10.961 10.713 10.418 9.959 9.251 8.284 7.129 5.884 4.615 3.392 2.314 1.446 0.850 0.511 0.338 0.256 0.225 0.219 0.231 0.261 0.308 0.342 0.354 0.354 0.352 0.358 0.380 0.393 0.389 0.364 0.342 0.336 0.336 0.328 0.299 0.235 0.155 0.099 0.069 0.054 0.045 0.040 0.038 0.037 0.039 0.041 0.045 0.049 0.051 0.050 0.049 0.047 0.045 0.044 0.045 0.047 0.054 0.074 0.116 0.173 0.208 0.219 0.210 0.179 0.137 0.101
15.805 16.339 16.561 16.563 16.418 16.129 15.780 15.440 15.101 14.743 14.377 14.050 13.752 13.444 13.017 12.337 11.374 10.213 8.940 7.534 5.986 4.436 3.063 1.975 1.230 0.769 0.505 0.370 0.311 0.294 0.304 0.331 0.355 0.361 0.354 0.342 0.340 0.345 0.344 0.321 0.269 0.230 0.209 0.193 0.173 0.141 0.097 0.062 0.043 0.034 0.030 0.027 0.026 0.025 0.026 0.028 0.031 0.036 0.038 0.039 0.039 0.037 0.035 0.033 0.033 0.033 0.034 0.039 0.051 0.077 0.127 0.181 0.215 0.232 0.234 0.217 0.179
18.683 19.535 19.855 19.830 19.616 19.257 18.871 18.510 18.147 17.761 17.353 16.991 16.675 16.366 15.962 15.288 14.294 13.073 11.756 10.378 8.873 7.182 5.424 3.821 2.552 1.639 1.034 0.668 0.468 0.367 0.324 0.314 0.319 0.318 0.305 0.280 0.264 0.249 0.228 0.185 0.132 0.102 0.086 0.077 0.069 0.057 0.040 0.029 0.023 0.020 0.019 0.018 0.018 0.018 0.019 0.020 0.023 0.027 0.029 0.029 0.029 0.028 0.026 0.026 0.025 0.026 0.027 0.030 0.037 0.051 0.077 0.125 0.185 0.231 0.249 0.250 0.233
20.375 21.443 21.978 22.102 22.014 21.811 21.572 21.334 21.059 20.708 20.291 19.894 19.551 19.210 18.786 18.110 17.121 15.882 14.513 13.077 11.572 9.938 8.114 6.164 4.371 2.929 1.864 1.148 0.706 0.453 0.322 0.260 0.232 0.216 0.194 0.165 0.146 0.133 0.116 0.089 0.062 0.047 0.040 0.036 0.032 0.027 0.021 0.017 0.015 0.013 0.013 0.013 0.013 0.013 0.013 0.015 0.017 0.019 0.021 0.021 0.021 0.021 0.020 0.020 0.020 0.021 0.022 0.024 0.028 0.035 0.048 0.073 0.125 0.198 0.241 0.252 0.247
20.755 21.927 22.717 23.155 23.385 23.532 23.612 23.606 23.504 23.258 22.847 22.347 21.940 21.561 21.122 20.490 19.610 18.484 17.134 15.608 13.968 12.210 10.257 8.018 5.765 3.891 2.460 1.467 0.847 0.493 0.305 0.210 0.161 0.127 0.099 0.082 0.074 0.069 0.060 0.046 0.034 0.027 0.023 0.021 0.018 0.016 0.013 0.011 0.010 0.009 0.009 0.009 0.009 0.009 0.010 0.010 0.012 0.014 0.015 0.015 0.016 0.016 0.016 0.016 0.016 0.017 0.018 0.020 0.023 0.027 0.035 0.049 0.077 0.135 0.199 0.230 0.239
20.356 21.621 22.601 23.261 23.789 24.279 24.615 24.765 24.792 24.679 24.297 23.665 23.203 22.869 22.483 21.924 21.198 20.273 19.045 17.476 15.665 13.706 11.550 9.060 6.458 4.299 2.670 1.555 0.875 0.492 0.284 0.175 0.115 0.076 0.053 0.044 0.040 0.038 0.034 0.027 0.021 0.018 0.015 0.013 0.012 0.010 0.009 0.008 0.007 0.007 0.006 0.006 0.006 0.006 0.007 0.007 0.008 0.009 0.010 0.011 0.011 0.012 0.012 0.013 0.013 0.014 0.016 0.018 0.020 0.023 0.029 0.038 0.054 0.085 0.134 0.177 0.208
19.314 20.736 21.975 22.948 23.732 24.360 24.734 24.893 24.958 24.918 24.572 23.869 23.384 23.132 22.819 22.293 21.625 20.816 19.704 18.170 16.279 14.184 11.897 9.283 6.545 4.289 2.612 1.487 0.815 0.442 0.240 0.131 0.073 0.044 0.031 0.026 0.024 0.022 0.020 0.017 0.014 0.012 0.010 0.009 0.008 0.007 0.006 0.005 0.005 0.004 0.004 0.004 0.004 0.004 0.004 0.004 0.005 0.006 0.007 0.007 0.008 0.009 0.009 0.010 0.011 0.012 0.013 0.015 0.018 0.021 0.025 0.032 0.042 0.060 0.087 0.120 0.156
18.046 19.610 21.029 22.252 23.246 23.938 24.271 24.378 24.411 24.348 24.017 23.335 22.812 22.542 22.225 21.693 21.033 20.276 19.256 17.807 15.943 13.815 11.468 8.800 6.071 3.847 2.227 1.185 0.603 0.302 0.150 0.075 0.041 0.026 0.019 0.016 0.015 0.014 0.012 0.011 0.009 0.008 0.007 0.007 0.006 0.005 0.004 0.003 0.003 0.002 0.002 0.002 0.002 0.002 0.002 0.002 0.003 0.004 0.004 0.005 0.005 0.006 0.007 0.007 0.008 0.010 0.011 0.013 0.016 0.019 0.023 0.028 0.036 0.048 0.064 0.085 0.110
16.745 18.365 19.816 21.073 22.072 22.758 23.102 23.177 23.085 22.786 22.433 21.994 21.504 20.947 20.359 19.743 19.094 18.421 17.552 16.238 14.439 12.304 9.934 7.319 4.811 2.812 1.423 0.623 0.263 0.123 0.063 0.036 0.023 0.016 0.013 0.011 0.010 0.009 0.009 0.008 0.007 0.006 0.005 0.004 0.004 0.003 0.002 0.002 0.002 0.001 0.001 0.001 0.001 0.001 0.001 0.001 0.001 0.002 0.002 0.003 0.003 0.004 0.005 0.006 0.007 0.008 0.010 0.012 0.014 0.017 0.021 0.026 0.033 0.042 0.053 0.068 0.085
15.200 16.752 18.145 19.349 20.312 21.048 21.541 21.688 21.496 20.992 20.777 20.701 20.334 19.431 18.519 17.806 17.108 16.328 15.310 13.875 11.984 9.740 7.286 4.883 2.865 1.437 0.600 0.212 0.083 0.044 0.027 0.019 0.014 0.011 0.009 0.009 0.008 0.007 0.006 0.005 0.004 0.004 0.003 0.003 0.002 0.002 0.001 0.001 0.001 0.000 0.000 0.000 0.000 0.000 0.000 0.000 0.000 0.001 0.001 0.001 0.002 0.002 0.003 0.004 0.005 0.006 0.008 0.010 0.013 0.016 0.020 0.025 0.032 0.040 0.049 0.061 0.074
13.212 14.599 15.975 17.295 18.483 19.529 20.305 20.589 20.422 19.927 19.789 19.755 19.328 18.262 17.271 16.517 15.712 14.645 13.186 11.294 8.979 6.346 3.941 2.242 1.167 0.523 0.190 0.064 0.031 0.020 0.015 0.012 0.010 0.008 0.007 0.006 0.006 0.005 0.004 0.003 0.003 0.002 0.002 0.001 0.001 0.001 0.000 0.000 0.000 0.000 0.000 0.000 0.000 0.000 0.000 0.000 0.000 0.000 0.000 0.000 0.001 0.001 0.002 0.003 0.004 0.005 0.007 0.009 0.012 0.015 0.019 0.025 0.031 0.039 0.048 0.058 0.069
10.991 12.278 13.700 15.224 16.695 18.021 19.041 19.491 19.416 19.011 18.716 18.403 17.745 16.698 15.791 14.999 14.051 12.657 10.700 8.157 5.306 2.856 1.362 0.624 0.293 0.131 0.052 0.024 0.015 0.012 0.010 0.008 0.007 0.006 0.005 0.004 0.004 0.003 0.002 0.002 0.001 0.001 0.001 0.000 0.000 0.000 0.000 0.000 0.000 0.000 0.000 0.000 0.000 0.000 0.000 0.000 0.000 0.000 0.000 0.000 0.000 0.000 0.001 0.002 0.003 0.004 0.006 0.008 0.011 0.014 0.019 0.024 0.032 0.040 0.049 0.057 0.065
9.102 10.304 11.624 13.102 14.594 15.950 17.050 17.628 17.675 17.306 16.620 15.778 14.865 13.960 13.149 12.254 11.032 9.203 6.633 3.937 1.874 0.714 0.239 0.102 0.058 0.033 0.018 0.013 0.010 0.009 0.007 0.006 0.005 0.004 0.004 0.003 0.002 0.002 0.001 0.001 0.000 0.000 0.000 0.000 0.000 0.000 0.000 0.000 0.000 0.000 0.000 0.000 0.000 0.000 0.000 0.000 0.000 0.000 0.000 0.000 0.000 0.000 0.000 0.001 0.002 0.003 0.005 0.007 0.010 0.014 0.019 0.025 0.034 0.043 0.050 0.056 0.063
7.396 8.438 9.490 10.572 11.622 12.623 13.594 14.200 14.321 14.006 13.143 11.926 10.775 9.800 8.794 7.602 6.035 4.104 2.222 0.933 0.293 0.081 0.037 0.026 0.019 0.014 0.011 0.009 0.007 0.006 0.005 0.004 0.003 0.003 0.002 0.002 0.001 0.001 0.000 0.000 0.000 0.000 0.000 0.000 0.000 0.000 0.000 0.000 0.000 0.000 0.000 0.000 0.000 0.000 0.000 0.000 0.000 0.000 0.000 0.000 0.000 0.000 0.000 0.000 0.001 0.002 0.004 0.007 0.010 0.014 0.019 0.026 0.035 0.044 0.051 0.057 0.063
5.548 6.233 6.676 6.962 7.232 7.627 8.286 8.881 9.100 8.960 8.272 7.041 5.648 4.505 3.574 2.722 1.799 0.895 0.327 0.092 0.032 0.020 0.015 0.013 0.011 0.009 0.008 0.006 0.005 0.004 0.003 0.003 0.002 0.002 0.001 0.001 0.000 0.000 0.000 0.000 0.000 0.000 0.000 0.000 0.000 0.000 0.000 0.000 0.000 0.000 0.000 0.000 0.000 0.000 0.000 0.000 0.000 0.000 0.000 0.000 0.000 0.000 0.000 0.000 0.001 0.002 0.003 0.006 0.009 0.013 0.018 0.026 0.035 0.045 0.052 0.059 0.065
2.948 3.039 2.977 2.868 2.798 2.844 3.082 3.405 3.551 3.527 3.241 2.623 1.787 1.131 0.727 0.471 0.248 0.095 0.035 0.019 0.014 0.011 0.010 0.009 0.007 0.006 0.005 0.004 0.003 0.003 0.002 0.002 0.001 0.001 0.000 0.000 0.000 0.000 0.000 0.000 0.000 0.000 0.000 0.000 0.000 0.000 0.000 0.000 0.000 0.000 0.000 0.000 0.000 0.000 0.000 0.000 0.000 0.000 0.000 0.000 0.000 0.000 0.000 0.000 0.000 0.001 0.003 0.005 0.008 0.012 0.018 0.025 0.034 0.043 0.053 0.062 0.072
0.939 0.851 0.770 0.687 0.629 0.606 0.633 0.704 0.730 0.720 0.651 0.492 0.272 0.143 0.091 0.060 0.035 0.020 0.014 0.011 0.009 0.008 0.007 0.006 0.005 0.004 0.003 0.003 0.002 0.001 0.001 0.001 0.000 0.000 0.000 0.000 0.000 0.000 0.000 0.000 0.000 0.000 0.000 0.000 0.000 0.000 0.000 0.000 0.000 0.000 0.000 0.000 0.000 0.000 0.000 0.000 0.000 0.000 0.000 0.000 0.000 0.000 0.000 0.000 0.000 0.001 0.002 0.004 0.007 0.011 0.017 0.023 0.031 0.041 0.053 0.070 0.091
0.195 0.160 0.145 0.133 0.120 0.111 0.109 0.112 0.111 0.107 0.096 0.071 0.042 0.029 0.023 0.018 0.014 0.011 0.009 0.008 0.007 0.006 0.005 0.004 0.003 0.003 0.002 0.001 0.001 0.001 0.000 0.000 0.000 0.000 0.000 0.000 0.000 0.000 0.000 0.000 0.000 0.000 0.000 0.000 0.000 0.000 0.000 0.000 0.000 0.000 0.000 0.000 0.000 0.000 0.000 0.000 0.000 0.000 0.000 0.000 0.000 0.000 0.000 0.000 0.000 0.001 0.002 0.004 0.006 0.010 0.015 0.021 0.028 0.038 0.054 0.079 0.114
0.049 0.043 0.041 0.040 0.038 0.035 0.033 0.032 0.030 0.029 0.026 0.022 0.017 0.014 0.012 0.010 0.009 0.008 0.007 0.006 0.005 0.004 0.003 0.002 0.002 0.001 0.001 0.000 0.000 0.000 0.000 0.000 0.000 0.000 0.000 0.000 0.000 0.000 0.000 0.000 0.000 0.000 0.000 0.000 0.000 0.000 0.000 0.000 0.000 0.000 0.000 0.000 0.000 0.000 0.000 0.000 0.000 0.000 0.000 0.000 0.000 0.000 0.000 0.000 0.000 0.000 0.001 0.003 0.005 0.008 0.012 0.017 0.024 0.035 0.052 0.080 0.121
0.021 0.020 0.020 0.020 0.019 0.017 0.016 0.016 0.015 0.014 0.013 0.012 0.010 0.009 0.008 0.007 0.006 0.005 0.004 0.004 0.003 0.002 0.002 0.001 0.001 0.000 0.000 0.000 0.000 0.000 0.000 0.000 0.000 0.000 0.000 0.000 0.000 0.000 0.000 0.000 0.000 0.000 0.000 0.000 0.000 0.000 0.000 0.000 0.000 0.000 0.000 0.000 0.000 0.000 0.000 0.000 0.000 0.000 0.000 0.000 0.000 0.000 0.000 0.000 0.000 0.000 0.001 0.002 0.003 0.006 0.009 0.013 0.019 0.029 0.044 0.070 0.110
0.013 0.013 0.012 0.012 0.011 0.011 0.010 0.010 0.009 0.009 0.009 0.008 0.007 0.007 0.006 0.005 0.004 0.003 0.003 0.002 0.002 0.001 0.001 0.000 0.000 0.000 0.000 0.000 0.000 0.000 0.000 0.000 0.000 0.000 0.000 0.000 0.000 0.000 0.000 0.000 0.000 0.000 0.000 0.000 0.000 0.000 0.000 0.000 0.000 0.000 0.000 0.000 0.000 0.000 0.000 0.000 0.000 0.000 0.000 0.000 0.000 0.000 0.000 0.000 0.000 0.000 0.000 0.001 0.002 0.004 0.006 0.009 0.014 0.019 0.029 0.046 0.074
0.009 0.008 0.008 0.008 0.007 0.007 0.007 0.007 0.006 0.006 0.006 0.005 0.005 0.004 0.004 0.003 0.002 0.002 0.001 0.001 0.001 0.000 0.000 0.000 0.000 0.000 0.000 0.000 0.000 0.000 0.000 0.000 0.000 0.000 0.000 0.000 0.000 0.000 0.000 0.000 0.000 0.000 0.000 0.000 0.000 0.000 0.000 0.000 0.000 0.000 0.000 0.000 0.000 0.000 0.000 0.000 0.000 0.000 0.000 0.000 0.000 0.000 0.000 0.000 0.000 0.000 0.000 0.000 0.001 0.002 0.004 0.006 0.009 0.013 0.018 0.025 0.038
0.005 0.005 0.005 0.005 0.005 0.004 0.004 0.004 0.004 0.004 0.003 0.003 0.003 0.002 0.002 0.002 0.001 0.001 0.000 0.000 0.000 0.000 0.000 0.000 0.000 0.000 0.000 0.000 0.000 0.000 0.000 0.000 0.000 0.000 0.000 0.000 0.000 0.000 0.000 0.000 0.000 0.000 0.000 0.000 0.000 0.000 0.000 0.000 0.000 0.000 0.000 0.000 0.000 0.000 0.000 0.000 0.000 0.000 0.000 0.000 0.000 0.000 0.000 0.000 0.000 0.000 0.000 0.000 0.000 0.001 0.002 0.004 0.006 0.008 0.011 0.016 0.021
0.003 0.003 0.003 0.003 0.003 0.002 0.002 0.002 0.002 0.002 0.002 0.001 0.001 0.001 0.001 0.001 0.000 0.000 0.000 0.000 0.000 0.000 0.000 0.000 0.000 0.000 0.000 0.000 0.000 0.000 0.000 0.000 0.000 0.000 0.000 0.000 0.000 0.000 0.000 0.000 0.000 0.000 0.000 0.000 0.000 0.000 0.000 0.000 0.000 0.000 0.000 0.000 0.000 0.000 0.000 0.000 0.000 0.000 0.000 0.000 0.000 0.000 0.000 0.000 0.000 0.000 0.000 0.000 0.000 0.001 0.001 0.002 0.004 0.005 0.007 0.010 0.013
0.001 0.001 0.001 0.001 0.001 0.001 0.001 0.001 0.001 0.001 0.001 0.000 0.000 0.000 0.000 0.000 0.000 0.000 0.000 0.000 0.000 0.000 0.000 0.000 0.000 0.000 0.000 0.000 0.000 0.000 0.000 0.000 0.000 0.000 0.000 0.000 0.000 0.000 0.000 0.000 0.000 0.000 0.000 0.000 0.000 0.000 0.000 0.000 0.000 0.000 0.000 0.000 0.000 0.000 0.000 0.000 0.000 0.000 0.000 0.000 0.000 0.000 0.000 0.000 0.000 0.000 0.000 0.000 0.000 0.000 0.001 0.001 0.002 0.003 0.005 0.007 0.009
0.000 0.000 0.000 0.000 0.000 0.000 0.000 0.000 0.000 0.000 0.000 0.000 0.000 0.000 0.000 0.000 0.000 0.000 0.000 0.000 0.000 0.000 0.000 0.000 0.000 0.000 0.000 0.000 0.000 0.000 0.000 0.000 0.000 0.000 0.000 0.000 0.000 0.000 0.000 0.000 0.000 0.000 0.000 0.000 0.000 0.000 0.000 0.000 0.000 0.000 0.000 0.000 0.000 0.000 0.000 0.000 0.000 0.000 0.000 0.000 0.000 0.000 0.000 0.000 0.000 0.000 0.000 0.000 0.000 0.000 0.000 0.000 0.001 0.002 0.003 0.004 0.006
0.000 0.000 0.000 0.000 0.000 0.000 0.000 0.000 0.000 0.000 0.000 0.000 0.000 0.000 0.000 0.000 0.000 0.000 0.000 0.000 0.000 0.000 0.000 0.000 0.000 0.000 0.000 0.000 0.000 0.000 0.000 0.000 0.000 0.000 0.000 0.000 0.000 0.000 0.000 0.000 0.000 0.000 0.000 0.000 0.000 0.000 0.000 0.000 0.000 0.000 0.000 0.000 0.000 0.000 0.000 0.000 0.000 0.000 0.000 0.000 0.000 0.000 0.000 0.000 0.000 0.000 0.000 0.000 0.000 0.000 0.000 0.000 0.000 0.001 0.001 0.002 0.003
0.000 0.000 0.000 0.000 0.000 0.000 0.000 0.000 0.000 0.000 0.000 0.000 0.000 0.000 0.000 0.000 0.000 0.000 0.000 0.000 0.000 0.000 0.000 0.000 0.000 0.000 0.000 0.000 0.000 0.000 0.000 0.000 0.000 0.000 0.000 0.000 0.000 0.000 0.000 0.000 0.000 0.000 0.000 0.000 0.000 0.000 0.000 0.000 0.000 0.000 0.000 0.000 0.000 0.000 0.000 0.000 0.000 0.000 0.000 0.000 0.000 0.000 0.000 0.000 0.000 0.000 0.000 0.000 0.000 0.000 0.000 0.000 0.000 0.000 0.001 0.001 0.002
0.000 0.000 0.000 0.000 0.000 0.000 0.000 0.000 0.000 0.000 0.000 0.000 0.000 0.000 0.000 0.000 0.000 0.000 0.000 0.000 0.000 0.000 0.000 0.000 0.000 0.000 0.000 0.000 0.000 0.000 0.000 0.000 0.000 0.000 0.000 0.000 0.000 0.000 0.000 0.000 0.000 0.000 0.000 0.000 0.000 0.000 0.000 0.000 0.000 0.000 0.000 0.000 0.000 0.000 0.000 0.000 0.000 0.000 0.000 0.000 0.000 0.000 0.000 0.000 0.000 0.000 0.000 0.000 0.000 0.000 0.000 0.000 0.000 0.000 0.000 0.000 0.001
0.000 0.000 0.000 0.000 0.000 0.000 0.000 0.000 0.000 0.000 0.000 0.000 0.000 0.000 0.000 0.000 0.000 0.000 0.000 0.000 0.000 0.000 0.000 0.000 0.000 0.000 0.000 0.000 0.000 0.000 0.000 0.000 0.000 0.000 0.000 0.000 0.000 0.000 0.000 0.000 0.000 0.000 0.000 0.000 0.000 0.000 0.000 0.000 0.000 0.000 0.000 0.000 0.000 0.000 0.000 0.000 0.000 0.000 0.000 0.000 0.000 0.000 0.000 0.000 0.000 0.000 0.000 0.000 0.000 0.000 0.000 0.000 0.000 0.000 0.000 0.000 0.000
0.000 0.000 0.000 0.000 0.000 0.000 0.000 0.000 0.000 0.000 0.000 0.000 0.000 0.000 0.000 0.000 0.000 0.000 0.000 0.000 0.000 0.000 0.000 0.000 0.000 0.000 0.000 0.000 0.000 0.000 0.000 0.000 0.000 0.000 0.000 0.000 0.000 0.000 0.000 0.000 0.000 0.000 0.000 0.000 0.000 0.000 0.000 0.000 0.000 0.000 0.000 0.000 0.000 0.000 0.000 0.000 0.000 0.000 0.000 0.000 0.000 0.000 0.000 0.000 0.000 0.000 0.000 0.000 0.000 0.000 0.000 0.000 0.000 0.000 0.000 0.000 0.000
0.000 0.000 0.000 0.000 0.000 0.000 0.000 0.000 0.000 0.000 0.000 0.000 0.000 0.000 0.000 0.000 0.000 0.000 0.000 0.000 0.000 0.000 0.000 0.000 0.000 0.000 0.000 0.000 0.000 0.000 0.000 0.000 0.000 0.000 0.000 0.000 0.000 0.000 0.000 0.000 0.000 0.000 0.000 0.000 0.000 0.000 0.000 0.000 0.000 0.000 0.000 0.000 0.000 0.000 0.000 0.000 0.000 0.000 0.000 0.000 0.000 0.000 0.000 0.000 0.000 0.000 0.000 0.000 0.000 0.000 0.000 0.000 0.000 0.000 0.000 0.000 0.000
0.000 0.000 0.000 0.000 0.000 0.000 0.000 0.000 0.000 0.000 0.000 0.000 0.000 0.000 0.000 0.000 0.000 0.000 0.000 0.000 0.000 0.000 0.000 0.000 0.000 0.000 0.000 0.000 0.000 0.000 0.000 0.000 0.000 0.000 0.000 0.000 0.000 0.000 0.000 0.000 0.000 0.000 0.000 0.000 0.000 0.000 0.000 0.000 0.000 0.000 0.000 0.000 0.000 0.000 0.000 0.000 0.000 0.000 0.000 0.000 0.000 0.000 0.000 0.000 0.000 0.000 0.000 0.000 0.000 0.000 0.000 0.000 0.000 0.000 0.000 0.000 0.000
