RESULTS/r.avaflow_results/32_results/32_ascii/32_hflow10052.asc
ncols 506
nrows 317
xllcenter 498237.50
yllcenter 5580050.00
cellsize 12.50
NODATA_value -9999.000
[rows 170 to 203 of 317, columns 77 to 153 of 506]
0.000 0.000 0.000 0.000 0.000 0.000 0.000 0.000 0.000 0.000 0.000 0.000 0.000 0.000 0.001 0.001 0.002 0.002 0.003 0.003 0.002 0.002 0.004 0.010 0.028 0.052 0.062 0.062 0.061 0.058 0.053 0.046 0.036 0.024 0.016 0.011 0.008 0.007 0.006 0.005 0.004 0.004 0.004 0.005 0.012 0.032 0.067 0.115 0.189 0.334 0.608 1.111 2.056 3.175 3.799 3.915 3.878 3.905 3.981 4.012 3.981 3.888 3.700 3.406 3.006 2.517 2.047 1.653 1.325 1.050 0.825 0.649 0.511 0.405 0.320 0.253 0.199
0.000 0.000 0.000 0.000 0.000 0.000 0.000 0.000 0.000 0.000 0.000 0.000 0.000 0.001 0.003 0.005 0.008 0.010 0.011 0.012 0.012 0.013 0.019 0.037 0.068 0.090 0.096 0.095 0.092 0.087 0.079 0.068 0.052 0.036 0.025 0.018 0.014 0.011 0.010 0.009 0.008 0.008 0.010 0.020 0.056 0.142 0.271 0.433 0.684 1.089 1.694 2.576 3.553 4.192 4.386 4.356 4.281 4.266 4.281 4.280 4.230 4.096 3.867 3.522 3.076 2.551 2.076 1.677 1.345 1.069 0.850 0.677 0.540 0.431 0.342 0.271 0.212
0.000 0.000 0.000 0.000 0.000 0.000 0.000 0.000 0.000 0.000 0.000 0.001 0.002 0.005 0.009 0.014 0.019 0.025 0.030 0.034 0.037 0.045 0.065 0.099 0.128 0.139 0.140 0.137 0.133 0.125 0.113 0.097 0.074 0.051 0.035 0.026 0.021 0.019 0.017 0.016 0.016 0.020 0.035 0.092 0.249 0.518 0.841 1.210 1.736 2.487 3.315 4.050 4.513 4.684 4.663 4.604 4.538 4.489 4.453 4.423 4.361 4.211 3.948 3.570 3.096 2.565 2.094 1.698 1.370 1.102 0.886 0.710 0.566 0.449 0.356 0.282 0.221
0.000 0.000 0.000 0.000 0.000 0.000 0.000 0.000 0.000 0.000 0.001 0.002 0.006 0.011 0.018 0.026 0.036 0.048 0.061 0.073 0.087 0.110 0.149 0.184 0.198 0.200 0.197 0.193 0.185 0.174 0.158 0.136 0.104 0.072 0.050 0.037 0.031 0.029 0.027 0.028 0.035 0.060 0.145 0.375 0.801 1.350 1.910 2.520 3.279 4.056 4.658 5.002 5.093 5.016 4.855 4.747 4.676 4.606 4.556 4.511 4.427 4.267 3.988 3.592 3.102 2.571 2.110 1.722 1.399 1.134 0.914 0.731 0.582 0.461 0.364 0.287 0.226
0.000 0.000 0.000 0.000 0.000 0.000 0.000 0.000 0.000 0.000 0.001 0.005 0.010 0.019 0.030 0.044 0.060 0.081 0.104 0.131 0.163 0.206 0.250 0.273 0.277 0.276 0.271 0.264 0.253 0.237 0.215 0.185 0.143 0.099 0.069 0.052 0.044 0.042 0.043 0.052 0.084 0.192 0.496 1.079 1.864 2.660 3.388 4.047 4.656 5.153 5.476 5.578 5.524 5.307 4.988 4.810 4.729 4.668 4.619 4.561 4.469 4.297 4.008 3.602 3.100 2.574 2.122 1.740 1.419 1.152 0.929 0.742 0.591 0.467 0.369 0.291 0.229
0.000 0.000 0.000 0.000 0.000 0.000 0.000 0.000 0.000 0.000 0.002 0.006 0.014 0.025 0.041 0.063 0.091 0.124 0.164 0.210 0.263 0.318 0.355 0.369 0.371 0.369 0.364 0.354 0.340 0.319 0.289 0.250 0.196 0.136 0.093 0.069 0.060 0.058 0.065 0.096 0.192 0.498 1.223 2.319 3.361 4.192 4.799 5.259 5.641 5.911 6.026 6.018 5.879 5.529 5.094 4.828 4.715 4.670 4.636 4.589 4.499 4.320 4.015 3.594 3.089 2.574 2.126 1.746 1.426 1.156 0.932 0.744 0.594 0.470 0.372 0.293 0.230
0.000 0.000 0.000 0.000 0.000 0.000 0.000 0.000 0.000 0.000 0.002 0.007 0.016 0.029 0.049 0.076 0.114 0.166 0.233 0.313 0.385 0.440 0.472 0.484 0.487 0.485 0.479 0.468 0.450 0.423 0.385 0.334 0.266 0.185 0.124 0.091 0.078 0.078 0.091 0.153 0.363 1.003 2.334 3.852 4.868 5.523 5.928 6.189 6.381 6.482 6.492 6.399 6.143 5.695 5.192 4.856 4.703 4.671 4.653 4.621 4.537 4.338 4.009 3.576 3.066 2.560 2.116 1.738 1.419 1.150 0.924 0.739 0.589 0.467 0.370 0.291 0.229
0.000 0.000 0.000 0.000 0.000 0.000 0.000 0.000 0.000 0.000 0.002 0.007 0.016 0.030 0.051 0.082 0.126 0.190 0.281 0.404 0.512 0.578 0.613 0.628 0.631 0.630 0.623 0.610 0.587 0.553 0.507 0.442 0.356 0.251 0.167 0.118 0.099 0.097 0.110 0.183 0.475 1.428 3.334 5.114 6.095 6.579 6.797 6.913 6.967 6.958 6.879 6.684 6.326 5.821 5.293 4.915 4.722 4.682 4.684 4.654 4.550 4.342 3.996 3.549 3.020 2.515 2.075 1.703 1.387 1.123 0.901 0.721 0.574 0.457 0.363 0.286 0.225
0.000 0.000 0.000 0.000 0.000 0.000 0.000 0.000 0.000 0.000 0.002 0.007 0.015 0.030 0.052 0.083 0.129 0.197 0.302 0.457 0.631 0.737 0.788 0.809 0.814 0.812 0.804 0.786 0.757 0.713 0.655 0.577 0.472 0.340 0.225 0.155 0.122 0.115 0.124 0.195 0.505 1.623 3.984 6.067 7.031 7.375 7.459 7.478 7.435 7.307 7.122 6.868 6.463 5.943 5.411 5.014 4.799 4.736 4.723 4.674 4.540 4.308 3.936 3.462 2.919 2.426 2.001 1.640 1.334 1.077 0.862 0.689 0.550 0.439 0.350 0.278 0.220
0.000 0.000 0.000 0.000 0.000 0.000 0.000 0.000 0.000 0.000 0.001 0.005 0.013 0.028 0.049 0.081 0.127 0.197 0.304 0.472 0.712 0.910 1.003 1.034 1.042 1.040 1.029 1.003 0.964 0.909 0.836 0.742 0.619 0.458 0.302 0.201 0.148 0.132 0.137 0.200 0.502 1.647 4.278 6.725 7.721 7.953 7.969 7.905 7.753 7.514 7.244 6.953 6.557 6.081 5.564 5.162 4.929 4.833 4.780 4.677 4.485 4.202 3.798 3.297 2.770 2.296 1.892 1.549 1.256 1.012 0.810 0.651 0.524 0.423 0.340 0.271 0.215
0.000 0.000 0.000 0.000 0.000 0.000 0.000 0.000 0.000 0.000 0.001 0.003 0.008 0.020 0.040 0.070 0.115 0.182 0.288 0.459 0.725 1.048 1.248 1.307 1.316 1.311 1.296 1.264 1.213 1.146 1.059 0.946 0.799 0.608 0.406 0.262 0.180 0.151 0.150 0.201 0.481 1.599 4.283 7.018 8.192 8.370 8.324 8.144 7.898 7.599 7.284 6.978 6.627 6.234 5.773 5.363 5.101 4.953 4.826 4.642 4.385 4.030 3.575 3.050 2.559 2.122 1.747 1.431 1.161 0.940 0.760 0.618 0.504 0.411 0.332 0.266 0.212
0.000 0.000 0.000 0.000 0.000 0.000 0.000 0.000 0.000 0.000 0.000 0.001 0.003 0.008 0.020 0.042 0.077 0.131 0.217 0.371 0.646 1.070 1.446 1.603 1.630 1.626 1.609 1.572 1.511 1.431 1.328 1.191 1.014 0.795 0.545 0.348 0.225 0.173 0.165 0.199 0.434 1.451 4.061 6.990 8.404 8.639 8.518 8.245 7.934 7.602 7.266 6.957 6.659 6.339 5.971 5.592 5.278 5.045 4.840 4.589 4.264 3.848 3.341 2.802 2.337 1.933 1.591 1.307 1.069 0.876 0.720 0.593 0.489 0.402 0.327 0.264 0.211
0.000 0.000 0.000 0.000 0.000 0.000 0.000 0.000 0.000 0.000 0.000 0.000 0.001 0.002 0.006 0.014 0.028 0.051 0.092 0.187 0.425 0.908 1.522 1.850 1.952 1.975 1.963 1.925 1.861 1.768 1.642 1.479 1.272 1.022 0.733 0.480 0.302 0.213 0.190 0.213 0.392 1.233 3.608 6.687 8.356 8.713 8.575 8.250 7.891 7.536 7.203 6.925 6.651 6.377 6.093 5.772 5.436 5.124 4.840 4.533 4.154 3.707 3.176 2.644 2.189 1.800 1.477 1.211 0.994 0.820 0.683 0.570 0.475 0.394 0.324 0.263 0.211
0.000 0.000 0.000 0.000 0.000 0.000 0.000 0.000 0.000 0.000 0.000 0.000 0.000 0.000 0.001 0.003 0.006 0.012 0.022 0.052 0.175 0.593 1.392 1.991 2.222 2.304 2.319 2.298 2.243 2.143 1.998 1.813 1.581 1.302 0.985 0.677 0.437 0.295 0.246 0.255 0.400 1.082 3.108 6.152 7.986 8.559 8.517 8.207 7.796 7.365 7.037 6.782 6.573 6.356 6.135 5.867 5.544 5.204 4.852 4.484 4.069 3.609 3.083 2.569 2.119 1.732 1.409 1.146 0.935 0.771 0.644 0.545 0.461 0.387 0.322 0.265 0.213
0.000 0.000 0.000 0.000 0.000 0.000 0.000 0.000 0.000 0.000 0.000 0.000 0.000 0.000 0.000 0.001 0.001 0.003 0.005 0.012 0.055 0.310 1.089 1.999 2.412 2.580 2.642 2.640 2.604 2.527 2.388 2.190 1.944 1.650 1.312 0.958 0.659 0.454 0.366 0.359 0.470 1.025 2.655 5.379 7.271 8.044 8.166 7.982 7.585 7.080 6.709 6.467 6.348 6.257 6.117 5.880 5.593 5.261 4.875 4.463 4.020 3.556 3.045 2.548 2.103 1.710 1.377 1.104 0.890 0.726 0.603 0.511 0.439 0.378 0.323 0.271 0.222
0.000 0.000 0.000 0.000 0.000 0.000 0.000 0.000 0.000 0.000 0.000 0.000 0.000 0.000 0.000 0.000 0.001 0.002 0.003 0.006 0.019 0.142 0.728 1.794 2.483 2.762 2.893 2.946 2.942 2.899 2.801 2.619 2.372 2.075 1.729 1.349 1.005 0.743 0.609 0.585 0.668 1.109 2.288 4.399 6.283 7.224 7.477 7.413 7.147 6.659 6.160 5.871 5.786 5.816 5.873 5.789 5.593 5.284 4.904 4.473 4.006 3.537 3.036 2.549 2.106 1.710 1.366 1.081 0.855 0.683 0.555 0.464 0.403 0.360 0.320 0.278 0.232
0.000 0.000 0.000 0.000 0.000 0.000 0.000 0.000 0.000 0.000 0.000 0.000 0.000 0.000 0.000 0.001 0.001 0.002 0.004 0.007 0.014 0.064 0.393 1.335 2.356 2.845 3.066 3.195 3.251 3.249 3.195 3.068 2.857 2.577 2.246 1.867 1.504 1.216 1.043 0.994 1.043 1.338 2.115 3.559 5.201 6.158 6.473 6.477 6.356 5.996 5.451 5.015 4.852 4.918 5.186 5.427 5.441 5.248 4.900 4.478 4.012 3.535 3.044 2.567 2.124 1.721 1.369 1.071 0.831 0.645 0.505 0.407 0.346 0.317 0.295 0.268 0.224
0.000 0.000 0.000 0.000 0.000 0.000 0.000 0.000 0.000 0.000 0.000 0.000 0.000 0.000 0.000 0.001 0.003 0.005 0.009 0.013 0.020 0.042 0.188 0.811 1.960 2.792 3.148 3.362 3.502 3.559 3.550 3.479 3.335 3.126 2.854 2.516 2.169 1.896 1.710 1.629 1.632 1.782 2.238 3.119 4.349 5.164 5.456 5.493 5.442 5.237 4.843 4.334 4.004 3.957 4.195 4.683 5.002 4.998 4.775 4.416 3.995 3.539 3.081 2.625 2.168 1.746 1.380 1.071 0.817 0.614 0.459 0.348 0.274 0.232 0.208 0.183 0.141
0.000 0.000 0.000 0.000 0.000 0.000 0.000 0.000 0.000 0.000 0.000 0.000 0.000 0.000 0.001 0.004 0.008 0.014 0.022 0.030 0.038 0.051 0.106 0.411 1.348 2.539 3.145 3.456 3.688 3.819 3.860 3.836 3.755 3.622 3.431 3.171 2.874 2.637 2.482 2.405 2.385 2.418 2.585 3.033 3.823 4.460 4.724 4.785 4.772 4.663 4.399 3.949 3.530 3.342 3.389 3.752 4.247 4.452 4.407 4.194 3.880 3.500 3.102 2.682 2.203 1.756 1.385 1.071 0.806 0.586 0.414 0.283 0.184 0.120 0.085 0.060 0.038
0.000 0.000 0.000 0.000 0.000 0.000 0.000 0.000 0.000 0.000 0.000 0.000 0.000 0.001 0.004 0.010 0.021 0.036 0.053 0.065 0.071 0.077 0.097 0.224 0.792 2.014 2.986 3.452 3.764 3.993 4.109 4.138 4.115 4.039 3.904 3.700 3.434 3.203 3.055 2.978 2.951 2.956 3.019 3.211 3.617 4.046 4.251 4.306 4.310 4.249 4.065 3.712 3.294 3.017 2.921 3.033 3.361 3.636 3.745 3.712 3.559 3.296 2.974 2.599 2.151 1.711 1.346 1.036 0.764 0.525 0.331 0.186 0.094 0.048 0.026 0.015 0.008
0.000 0.000 0.000 0.000 0.000 0.000 0.000 0.000 0.000 0.000 0.000 0.000 0.001 0.003 0.011 0.028 0.054 0.084 0.109 0.122 0.126 0.124 0.125 0.179 0.508 1.437 2.593 3.307 3.759 4.090 4.299 4.385 4.398 4.368 4.273 4.099 3.831 3.594 3.440 3.337 3.278 3.262 3.281 3.372 3.583 3.831 3.969 4.006 4.005 3.951 3.809 3.531 3.156 2.864 2.691 2.633 2.683 2.770 2.826 2.845 2.813 2.664 2.397 2.068 1.718 1.366 1.054 0.783 0.542 0.332 0.173 0.077 0.033 0.016 0.009 0.005 0.003
0.000 0.000 0.000 0.000 0.000 0.000 0.000 0.000 0.000 0.000 0.000 0.000 0.002 0.009 0.028 0.067 0.120 0.165 0.197 0.212 0.214 0.205 0.194 0.217 0.421 1.057 2.072 2.946 3.607 4.081 4.408 4.578 4.611 4.594 4.518 4.349 4.090 3.853 3.689 3.552 3.451 3.395 3.391 3.427 3.552 3.698 3.773 3.792 3.783 3.725 3.597 3.365 3.040 2.746 2.538 2.389 2.272 2.166 2.051 1.912 1.772 1.612 1.381 1.108 0.866 0.654 0.467 0.313 0.194 0.105 0.049 0.021 0.010 0.006 0.003 0.002 0.001
0.000 0.000 0.000 0.000 0.000 0.000 0.000 0.000 0.000 0.000 0.000 0.001 0.005 0.019 0.061 0.137 0.220 0.281 0.325 0.348 0.354 0.346 0.327 0.332 0.470 0.923 1.689 2.530 3.303 3.943 4.401 4.657 4.725 4.711 4.633 4.468 4.247 4.016 3.834 3.673 3.537 3.445 3.421 3.437 3.514 3.590 3.616 3.616 3.595 3.524 3.399 3.193 2.909 2.618 2.382 2.177 1.978 1.768 1.528 1.258 1.011 0.797 0.603 0.428 0.293 0.194 0.125 0.076 0.043 0.022 0.011 0.006 0.003 0.002 0.002 0.001 0.001
0.000 0.000 0.000 0.000 0.000 0.000 0.000 0.000 0.000 0.000 0.000 0.001 0.007 0.028 0.090 0.209 0.341 0.431 0.501 0.545 0.566 0.569 0.558 0.557 0.643 0.966 1.553 2.286 3.038 3.714 4.265 4.619 4.756 4.748 4.660 4.510 4.330 4.118 3.921 3.732 3.561 3.445 3.397 3.407 3.452 3.476 3.471 3.451 3.413 3.332 3.192 3.001 2.746 2.458 2.198 1.955 1.702 1.411 1.076 0.760 0.516 0.343 0.223 0.140 0.083 0.048 0.028 0.016 0.009 0.005 0.003 0.002 0.001 0.001 0.001 0.001 0.001
0.000 0.000 0.000 0.000 0.000 0.000 0.000 0.000 0.000 0.000 0.000 0.001 0.007 0.030 0.099 0.244 0.445 0.610 0.728 0.812 0.863 0.889 0.904 0.921 0.981 1.187 1.613 2.230 2.923 3.543 4.076 4.485 4.694 4.706 4.649 4.509 4.357 4.171 3.967 3.751 3.553 3.410 3.327 3.315 3.332 3.331 3.320 3.296 3.227 3.120 2.971 2.784 2.537 2.213 1.868 1.558 1.246 0.902 0.575 0.345 0.203 0.118 0.069 0.039 0.021 0.011 0.006 0.004 0.002 0.001 0.001 0.001 0.001 0.001 0.000 0.000 0.000
0.000 0.000 0.000 0.000 0.000 0.000 0.000 0.000 0.000 0.000 0.000 0.001 0.006 0.028 0.095 0.246 0.504 0.797 1.007 1.157 1.260 1.326 1.378 1.428 1.495 1.631 1.904 2.352 2.937 3.497 3.949 4.306 4.536 4.581 4.564 4.468 4.339 4.180 3.967 3.740 3.511 3.318 3.190 3.136 3.131 3.136 3.128 3.092 3.006 2.872 2.698 2.464 2.137 1.666 1.180 0.808 0.528 0.317 0.175 0.094 0.052 0.030 0.017 0.010 0.005 0.002 0.001 0.001 0.001 0.001 0.000 0.000 0.000 0.000 0.000 0.000 0.000
0.000 0.000 0.000 0.000 0.000 0.000 0.000 0.000 0.000 0.000 0.000 0.001 0.004 0.020 0.076 0.226 0.521 0.962 1.337 1.585 1.766 1.892 1.987 2.069 2.153 2.258 2.423 2.702 3.106 3.560 3.921 4.175 4.343 4.404 4.411 4.354 4.260 4.131 3.938 3.707 3.441 3.179 2.978 2.866 2.817 2.809 2.805 2.775 2.694 2.538 2.292 1.941 1.453 0.911 0.503 0.265 0.133 0.063 0.029 0.016 0.010 0.006 0.004 0.002 0.001 0.001 0.000 0.000 0.000 0.000 0.000 0.000 0.000 0.000 0.000 0.000 0.000
0.000 0.000 0.000 0.000 0.000 0.000 0.000 0.000 0.000 0.000 0.000 0.000 0.002 0.010 0.049 0.188 0.518 1.072 1.681 2.112 2.404 2.600 2.738 2.847 2.942 3.028 3.124 3.265 3.483 3.755 3.983 4.138 4.224 4.256 4.249 4.194 4.114 4.004 3.836 3.623 3.350 3.029 2.727 2.519 2.395 2.331 2.282 2.227 2.124 1.923 1.601 1.163 0.711 0.370 0.167 0.070 0.028 0.011 0.004 0.002 0.002 0.001 0.001 0.000 0.000 0.000 0.000 0.000 0.000 0.000 0.000 0.000 0.000 0.000 0.000 0.000 0.000
0.000 0.000 0.000 0.000 0.000 0.000 0.000 0.000 0.000 0.000 0.000 0.000 0.001 0.005 0.032 0.158 0.516 1.146 1.927 2.602 3.108 3.431 3.623 3.752 3.842 3.901 3.945 3.986 4.040 4.092 4.122 4.146 4.144 4.120 4.077 4.003 3.916 3.806 3.658 3.471 3.214 2.886 2.519 2.191 1.944 1.769 1.616 1.460 1.274 1.029 0.741 0.452 0.233 0.102 0.041 0.015 0.005 0.002 0.001 0.000 0.000 0.000 0.000 0.000 0.000 0.000 0.000 0.000 0.000 0.000 0.000 0.000 0.000 0.000 0.000 0.000 0.000
0.000 0.000 0.000 0.000 0.000 0.000 0.000 0.000 0.000 0.000 0.000 0.000 0.001 0.003 0.024 0.143 0.523 1.198 2.045 2.920 3.664 4.170 4.471 4.637 4.718 4.743 4.740 4.701 4.618 4.490 4.333 4.196 4.075 3.958 3.863 3.775 3.685 3.580 3.443 3.269 3.033 2.723 2.347 1.939 1.582 1.304 1.068 0.848 0.635 0.430 0.251 0.124 0.053 0.021 0.008 0.003 0.001 0.000 0.000 0.000 0.000 0.000 0.000 0.000 0.000 0.000 0.000 0.000 0.000 0.000 0.000 0.000 0.000 0.000 0.000 0.000 0.000
0.000 0.000 0.000 0.000 0.000 0.000 0.000 0.000 0.000 0.000 0.000 0.000 0.001 0.003 0.022 0.141 0.535 1.229 2.076 3.047 4.023 4.745 5.188 5.412 5.486 5.475 5.421 5.285 5.060 4.775 4.487 4.222 3.971 3.744 3.577 3.464 3.390 3.310 3.194 3.036 2.827 2.546 2.180 1.738 1.303 0.956 0.683 0.463 0.289 0.162 0.079 0.033 0.012 0.004 0.001 0.001 0.000 0.000 0.000 0.000 0.000 0.000 0.000 0.000 0.000 0.000 0.000 0.000 0.000 0.000 0.000 0.000 0.000 0.000 0.000 0.000 0.000
0.000 0.000 0.000 0.000 0.000 0.000 0.000 0.000 0.000 0.000 0.000 0.000 0.001 0.003 0.022 0.143 0.540 1.232 2.076 3.057 4.194 5.151 5.755 6.037 6.108 6.076 5.951 5.698 5.339 4.932 4.558 4.208 3.841 3.464 3.163 2.973 2.893 2.843 2.766 2.650 2.490 2.279 1.965 1.533 1.061 0.693 0.430 0.250 0.133 0.064 0.027 0.010 0.003 0.001 0.000 0.000 0.000 0.000 0.000 0.000 0.000 0.000 0.000 0.000 0.000 0.000 0.000 0.000 0.000 0.000 0.000 0.000 0.000 0.000 0.000 0.000 0.000
0.001 0.001 0.002 0.002 0.002 0.002 0.001 0.001 0.001 0.001 0.002 0.002 0.004 0.006 0.023 0.136 0.513 1.183 2.017 2.988 4.172 5.315 6.090 6.454 6.528 6.474 6.258 5.893 5.448 4.997 4.573 4.149 3.669 3.129 2.638 2.294 2.117 2.030 1.949 1.863 1.779 1.688 1.519 1.207 0.793 0.462 0.253 0.130 0.061 0.026 0.009 0.003 0.001 0.000 0.000 0.000 0.000 0.000 0.000 0.000 0.000 0.000 0.000 0.000 0.000 0.000 0.000 0.000 0.000 0.000 0.000 0.000 0.000 0.000 0.000 0.000 0.000
0.002 0.003 0.003 0.003 0.002 0.002 0.002 0.002 0.002 0.003 0.004 0.005 0.006 0.008 0.017 0.093 0.391 0.992 1.813 2.784 3.993 5.289 6.202 6.648 6.737 6.662 6.379 5.968 5.476 5.002 4.505 3.976 3.391 2.722 2.060 1.556 1.236 1.046 0.917 0.828 0.788 0.781 0.768 0.668 0.454 0.248 0.124 0.058 0.025 0.009 0.003 0.001 0.000 0.000 0.000 0.000 0.000 0.000 0.000 0.000 0.000 0.000 0.000 0.000 0.000 0.000 0.000 0.000 0.000 0.000 0.000 0.000 0.000 0.000 0.000 0.000 0.000
