RESULTS/r.avaflow_results/32_results/32_ascii/32_hflow30055.asc
ncols 506
nrows 317
xllcenter 498237.50
yllcenter 5580050.00
cellsize 12.50
NODATA_value -9999.000
[rows 170 to 203 of 317, columns 154 to 230 of 506]
8.708 8.645 8.579 8.484 8.346 8.166 8.009 7.877 7.741 7.586 7.441 7.315 7.170 6.920 6.461 5.755 4.876 3.988 3.148 2.355 1.631 1.020 0.583 0.337 0.221 0.171 0.156 0.156 0.161 0.175 0.204 0.249 0.293 0.321 0.337 0.351 0.372 0.414 0.440 0.441 0.425 0.406 0.404 0.411 0.413 0.401 0.362 0.295 0.222 0.158 0.113 0.086 0.070 0.060 0.055 0.053 0.053 0.055 0.059 0.062 0.063 0.063 0.061 0.060 0.059 0.059 0.061 0.072 0.103 0.172 0.240 0.265 0.259 0.208 0.132 0.085 0.063
12.089 12.345 12.518 12.589 12.573 12.441 12.237 12.020 11.788 11.521 11.244 10.992 10.743 10.447 9.987 9.278 8.310 7.154 5.907 4.632 3.403 2.318 1.446 0.851 0.517 0.349 0.271 0.244 0.241 0.255 0.290 0.344 0.387 0.403 0.404 0.401 0.406 0.427 0.440 0.434 0.404 0.376 0.365 0.360 0.349 0.315 0.245 0.159 0.099 0.069 0.053 0.044 0.039 0.037 0.036 0.037 0.040 0.044 0.048 0.049 0.049 0.048 0.046 0.043 0.042 0.042 0.045 0.053 0.076 0.128 0.205 0.255 0.270 0.260 0.214 0.153 0.106
15.636 16.215 16.474 16.502 16.381 16.111 15.777 15.446 15.113 14.760 14.397 14.071 13.772 13.463 13.034 12.351 11.385 10.222 8.946 7.536 5.984 4.431 3.055 1.969 1.229 0.778 0.521 0.392 0.336 0.320 0.332 0.365 0.398 0.407 0.401 0.387 0.382 0.386 0.383 0.356 0.298 0.252 0.227 0.207 0.184 0.148 0.100 0.063 0.043 0.034 0.029 0.026 0.025 0.025 0.025 0.027 0.030 0.035 0.038 0.039 0.039 0.037 0.035 0.033 0.033 0.033 0.034 0.040 0.054 0.085 0.149 0.223 0.266 0.283 0.280 0.251 0.194
18.506 19.405 19.764 19.764 19.573 19.234 18.861 18.508 18.152 17.770 17.365 17.003 16.687 16.377 15.970 15.294 14.296 13.072 11.752 10.371 8.860 7.164 5.404 3.804 2.541 1.639 1.046 0.690 0.494 0.395 0.353 0.345 0.354 0.354 0.340 0.312 0.291 0.273 0.250 0.203 0.144 0.110 0.092 0.081 0.072 0.058 0.040 0.029 0.023 0.020 0.018 0.017 0.017 0.017 0.018 0.020 0.023 0.027 0.029 0.030 0.030 0.029 0.027 0.027 0.026 0.027 0.028 0.032 0.040 0.056 0.089 0.154 0.231 0.283 0.300 0.298 0.270
20.188 21.306 21.880 22.032 21.968 21.782 21.556 21.327 21.058 20.711 20.296 19.900 19.556 19.214 18.789 18.110 17.116 15.874 14.501 13.062 11.552 9.914 8.086 6.134 4.347 2.915 1.865 1.164 0.732 0.481 0.349 0.284 0.253 0.236 0.211 0.178 0.157 0.142 0.124 0.095 0.066 0.050 0.042 0.037 0.033 0.027 0.021 0.017 0.014 0.013 0.012 0.012 0.012 0.012 0.013 0.015 0.017 0.020 0.022 0.023 0.023 0.022 0.022 0.022 0.022 0.023 0.024 0.026 0.031 0.039 0.054 0.086 0.155 0.245 0.293 0.301 0.292
20.564 21.785 22.614 23.081 23.335 23.500 23.593 23.596 23.499 23.257 22.848 22.350 21.943 21.561 21.120 20.484 19.601 18.471 17.117 15.588 13.944 12.183 10.225 7.979 5.730 3.864 2.443 1.470 0.868 0.520 0.330 0.230 0.176 0.138 0.106 0.087 0.078 0.072 0.063 0.048 0.035 0.028 0.024 0.021 0.018 0.016 0.013 0.011 0.010 0.009 0.009 0.009 0.009 0.009 0.010 0.011 0.012 0.015 0.016 0.017 0.018 0.018 0.018 0.018 0.019 0.020 0.021 0.023 0.025 0.030 0.038 0.055 0.092 0.168 0.247 0.280 0.285
20.166 21.477 22.496 23.184 23.735 24.243 24.593 24.752 24.785 24.676 24.296 23.664 23.202 22.867 22.478 21.916 21.186 20.259 19.026 17.453 15.638 13.676 11.515 9.016 6.415 4.262 2.643 1.550 0.892 0.516 0.306 0.191 0.125 0.082 0.056 0.046 0.042 0.039 0.035 0.027 0.021 0.017 0.015 0.013 0.012 0.010 0.009 0.008 0.007 0.006 0.006 0.006 0.006 0.006 0.007 0.007 0.009 0.010 0.012 0.013 0.014 0.014 0.015 0.015 0.016 0.017 0.019 0.020 0.022 0.026 0.031 0.042 0.062 0.103 0.167 0.220 0.252
19.126 20.592 21.867 22.869 23.676 24.321 24.709 24.878 24.949 24.913 24.569 23.866 23.381 23.128 22.813 22.283 21.612 20.800 19.684 18.145 16.249 14.151 11.859 9.236 6.497 4.246 2.579 1.476 0.825 0.460 0.255 0.141 0.079 0.047 0.032 0.026 0.024 0.022 0.020 0.016 0.014 0.012 0.010 0.009 0.008 0.007 0.006 0.005 0.005 0.004 0.004 0.004 0.004 0.004 0.004 0.005 0.006 0.007 0.008 0.009 0.010 0.011 0.012 0.013 0.014 0.015 0.016 0.018 0.020 0.023 0.028 0.035 0.047 0.069 0.105 0.148 0.191
17.860 19.466 20.919 22.171 23.188 23.897 24.242 24.358 24.397 24.339 24.010 23.328 22.804 22.534 22.216 21.681 21.017 20.258 19.234 17.780 15.911 13.779 11.427 8.748 6.015 3.795 2.185 1.164 0.601 0.308 0.155 0.078 0.043 0.027 0.020 0.017 0.015 0.014 0.012 0.011 0.009 0.008 0.007 0.006 0.005 0.005 0.004 0.003 0.003 0.002 0.002 0.002 0.002 0.002 0.002 0.003 0.004 0.005 0.006 0.007 0.008 0.009 0.010 0.011 0.012 0.013 0.014 0.016 0.018 0.021 0.025 0.031 0.039 0.053 0.073 0.100 0.132
16.556 18.219 19.705 20.991 22.012 22.713 23.070 23.152 23.066 22.772 22.421 21.982 21.491 20.933 20.343 19.725 19.072 18.396 17.523 16.205 14.402 12.263 9.885 7.258 4.745 2.749 1.374 0.596 0.255 0.123 0.065 0.037 0.023 0.016 0.013 0.011 0.010 0.009 0.008 0.007 0.007 0.006 0.005 0.004 0.003 0.003 0.002 0.002 0.001 0.001 0.001 0.001 0.001 0.001 0.001 0.001 0.002 0.003 0.004 0.004 0.005 0.006 0.007 0.008 0.010 0.011 0.013 0.014 0.017 0.019 0.023 0.028 0.035 0.045 0.058 0.076 0.098
15.006 16.602 18.030 19.263 20.248 20.999 21.505 21.661 21.474 20.973 20.760 20.686 20.319 19.414 18.498 17.783 17.083 16.298 15.276 13.838 11.943 9.693 7.224 4.808 2.793 1.383 0.568 0.199 0.080 0.044 0.028 0.019 0.014 0.011 0.009 0.009 0.008 0.007 0.006 0.005 0.004 0.004 0.003 0.002 0.002 0.001 0.001 0.001 0.001 0.000 0.000 0.000 0.000 0.000 0.000 0.001 0.001 0.001 0.002 0.003 0.004 0.004 0.005 0.007 0.008 0.009 0.011 0.013 0.015 0.018 0.021 0.026 0.033 0.041 0.052 0.066 0.082
13.015 14.445 15.856 17.205 18.414 19.477 20.266 20.560 20.398 19.906 19.771 19.739 19.312 18.243 17.249 16.494 15.686 14.615 13.152 11.256 8.932 6.290 3.882 2.187 1.123 0.497 0.179 0.061 0.030 0.020 0.015 0.012 0.010 0.008 0.007 0.006 0.006 0.005 0.004 0.003 0.003 0.002 0.002 0.001 0.001 0.001 0.000 0.000 0.000 0.000 0.000 0.000 0.000 0.000 0.000 0.000 0.000 0.000 0.001 0.001 0.002 0.003 0.004 0.005 0.006 0.008 0.010 0.012 0.014 0.017 0.020 0.026 0.032 0.040 0.050 0.061 0.074
10.789 12.120 13.575 15.128 16.622 17.966 19.001 19.461 19.391 18.989 18.698 18.387 17.728 16.679 15.769 14.976 14.024 12.628 10.667 8.117 5.262 2.816 1.331 0.602 0.280 0.125 0.050 0.023 0.015 0.012 0.010 0.009 0.007 0.006 0.005 0.004 0.004 0.003 0.002 0.002 0.001 0.001 0.001 0.000 0.000 0.000 0.000 0.000 0.000 0.000 0.000 0.000 0.000 0.000 0.000 0.000 0.000 0.000 0.000 0.001 0.001 0.002 0.003 0.004 0.005 0.007 0.008 0.010 0.013 0.016 0.020 0.025 0.032 0.041 0.050 0.059 0.068
8.892 10.136 11.491 12.999 14.516 15.892 17.007 17.595 17.648 17.283 16.599 15.758 14.844 13.938 13.127 12.229 11.005 9.171 6.599 3.905 1.850 0.698 0.231 0.098 0.056 0.032 0.018 0.012 0.010 0.009 0.007 0.006 0.005 0.004 0.004 0.003 0.002 0.002 0.001 0.001 0.000 0.000 0.000 0.000 0.000 0.000 0.000 0.000 0.000 0.000 0.000 0.000 0.000 0.000 0.000 0.000 0.000 0.000 0.000 0.000 0.000 0.001 0.002 0.003 0.004 0.005 0.007 0.009 0.012 0.015 0.020 0.025 0.033 0.042 0.050 0.057 0.064
7.176 8.259 9.348 10.464 11.540 12.561 13.546 14.163 14.291 13.980 13.118 11.901 10.749 9.773 8.766 7.574 6.005 4.077 2.201 0.920 0.286 0.078 0.036 0.025 0.018 0.013 0.010 0.009 0.007 0.006 0.005 0.004 0.004 0.003 0.002 0.002 0.001 0.001 0.000 0.000 0.000 0.000 0.000 0.000 0.000 0.000 0.000 0.000 0.000 0.000 0.000 0.000 0.000 0.000 0.000 0.000 0.000 0.000 0.000 0.000 0.000 0.000 0.001 0.002 0.003 0.004 0.006 0.009 0.011 0.015 0.020 0.026 0.034 0.043 0.051 0.057 0.063
5.333 6.059 6.543 6.862 7.155 7.568 8.237 8.839 9.064 8.927 8.241 7.011 5.622 4.483 3.553 2.703 1.783 0.884 0.321 0.089 0.031 0.020 0.015 0.012 0.010 0.009 0.007 0.006 0.005 0.004 0.003 0.003 0.002 0.002 0.001 0.001 0.000 0.000 0.000 0.000 0.000 0.000 0.000 0.000 0.000 0.000 0.000 0.000 0.000 0.000 0.000 0.000 0.000 0.000 0.000 0.000 0.000 0.000 0.000 0.000 0.000 0.000 0.000 0.001 0.002 0.003 0.005 0.008 0.011 0.014 0.019 0.026 0.034 0.043 0.051 0.057 0.063
2.806 2.933 2.905 2.818 2.759 2.813 3.052 3.375 3.523 3.500 3.217 2.602 1.772 1.119 0.719 0.465 0.243 0.093 0.034 0.018 0.013 0.011 0.010 0.009 0.007 0.006 0.005 0.004 0.003 0.003 0.002 0.002 0.001 0.001 0.000 0.000 0.000 0.000 0.000 0.000 0.000 0.000 0.000 0.000 0.000 0.000 0.000 0.000 0.000 0.000 0.000 0.000 0.000 0.000 0.000 0.000 0.000 0.000 0.000 0.000 0.000 0.000 0.000 0.000 0.001 0.003 0.004 0.007 0.010 0.014 0.018 0.025 0.032 0.041 0.050 0.058 0.066
0.897 0.826 0.755 0.678 0.621 0.598 0.624 0.694 0.719 0.710 0.642 0.485 0.267 0.140 0.089 0.059 0.034 0.019 0.013 0.011 0.009 0.008 0.007 0.006 0.005 0.004 0.003 0.003 0.002 0.001 0.001 0.001 0.000 0.000 0.000 0.000 0.000 0.000 0.000 0.000 0.000 0.000 0.000 0.000 0.000 0.000 0.000 0.000 0.000 0.000 0.000 0.000 0.000 0.000 0.000 0.000 0.000 0.000 0.000 0.000 0.000 0.000 0.000 0.000 0.001 0.002 0.004 0.006 0.009 0.013 0.017 0.023 0.030 0.038 0.048 0.060 0.074
0.191 0.156 0.143 0.131 0.118 0.109 0.107 0.110 0.109 0.105 0.093 0.069 0.041 0.028 0.022 0.018 0.013 0.011 0.009 0.008 0.007 0.006 0.005 0.004 0.003 0.002 0.002 0.001 0.001 0.001 0.000 0.000 0.000 0.000 0.000 0.000 0.000 0.000 0.000 0.000 0.000 0.000 0.000 0.000 0.000 0.000 0.000 0.000 0.000 0.000 0.000 0.000 0.000 0.000 0.000 0.000 0.000 0.000 0.000 0.000 0.000 0.000 0.000 0.000 0.000 0.001 0.003 0.005 0.008 0.011 0.015 0.020 0.026 0.034 0.046 0.062 0.083
0.046 0.041 0.040 0.039 0.037 0.034 0.032 0.031 0.029 0.028 0.025 0.021 0.016 0.014 0.012 0.010 0.009 0.008 0.006 0.005 0.005 0.004 0.003 0.002 0.002 0.001 0.001 0.000 0.000 0.000 0.000 0.000 0.000 0.000 0.000 0.000 0.000 0.000 0.000 0.000 0.000 0.000 0.000 0.000 0.000 0.000 0.000 0.000 0.000 0.000 0.000 0.000 0.000 0.000 0.000 0.000 0.000 0.000 0.000 0.000 0.000 0.000 0.000 0.000 0.000 0.001 0.002 0.004 0.006 0.009 0.013 0.017 0.022 0.030 0.042 0.061 0.084
0.019 0.019 0.019 0.019 0.018 0.017 0.016 0.015 0.014 0.013 0.013 0.011 0.010 0.009 0.008 0.007 0.006 0.005 0.004 0.004 0.003 0.002 0.002 0.001 0.001 0.000 0.000 0.000 0.000 0.000 0.000 0.000 0.000 0.000 0.000 0.000 0.000 0.000 0.000 0.000 0.000 0.000 0.000 0.000 0.000 0.000 0.000 0.000 0.000 0.000 0.000 0.000 0.000 0.000 0.000 0.000 0.000 0.000 0.000 0.000 0.000 0.000 0.000 0.000 0.000 0.000 0.001 0.002 0.004 0.007 0.010 0.013 0.018 0.024 0.034 0.051 0.074
0.012 0.011 0.011 0.011 0.011 0.010 0.010 0.009 0.009 0.009 0.008 0.008 0.007 0.006 0.006 0.005 0.004 0.003 0.003 0.002 0.002 0.001 0.001 0.000 0.000 0.000 0.000 0.000 0.000 0.000 0.000 0.000 0.000 0.000 0.000 0.000 0.000 0.000 0.000 0.000 0.000 0.000 0.000 0.000 0.000 0.000 0.000 0.000 0.000 0.000 0.000 0.000 0.000 0.000 0.000 0.000 0.000 0.000 0.000 0.000 0.000 0.000 0.000 0.000 0.000 0.000 0.001 0.001 0.003 0.005 0.007 0.010 0.013 0.017 0.023 0.034 0.050
0.008 0.007 0.007 0.007 0.007 0.007 0.007 0.006 0.006 0.006 0.005 0.005 0.005 0.004 0.004 0.003 0.002 0.002 0.001 0.001 0.001 0.000 0.000 0.000 0.000 0.000 0.000 0.000 0.000 0.000 0.000 0.000 0.000 0.000 0.000 0.000 0.000 0.000 0.000 0.000 0.000 0.000 0.000 0.000 0.000 0.000 0.000 0.000 0.000 0.000 0.000 0.000 0.000 0.000 0.000 0.000 0.000 0.000 0.000 0.000 0.000 0.000 0.000 0.000 0.000 0.000 0.000 0.001 0.002 0.003 0.005 0.007 0.009 0.012 0.015 0.021 0.029
0.005 0.005 0.005 0.005 0.005 0.004 0.004 0.004 0.004 0.003 0.003 0.003 0.003 0.002 0.002 0.002 0.001 0.001 0.000 0.000 0.000 0.000 0.000 0.000 0.000 0.000 0.000 0.000 0.000 0.000 0.000 0.000 0.000 0.000 0.000 0.000 0.000 0.000 0.000 0.000 0.000 0.000 0.000 0.000 0.000 0.000 0.000 0.000 0.000 0.000 0.000 0.000 0.000 0.000 0.000 0.000 0.000 0.000 0.000 0.000 0.000 0.000 0.000 0.000 0.000 0.000 0.000 0.000 0.001 0.002 0.003 0.004 0.006 0.008 0.011 0.014 0.018
0.003 0.003 0.003 0.003 0.003 0.002 0.002 0.002 0.002 0.002 0.002 0.001 0.001 0.001 0.001 0.001 0.000 0.000 0.000 0.000 0.000 0.000 0.000 0.000 0.000 0.000 0.000 0.000 0.000 0.000 0.000 0.000 0.000 0.000 0.000 0.000 0.000 0.000 0.000 0.000 0.000 0.000 0.000 0.000 0.000 0.000 0.000 0.000 0.000 0.000 0.000 0.000 0.000 0.000 0.000 0.000 0.000 0.000 0.000 0.000 0.000 0.000 0.000 0.000 0.000 0.000 0.000 0.000 0.000 0.001 0.002 0.003 0.004 0.006 0.007 0.009 0.012
0.001 0.001 0.001 0.001 0.001 0.001 0.001 0.001 0.001 0.001 0.000 0.000 0.000 0.000 0.000 0.000 0.000 0.000 0.000 0.000 0.000 0.000 0.000 0.000 0.000 0.000 0.000 0.000 0.000 0.000 0.000 0.000 0.000 0.000 0.000 0.000 0.000 0.000 0.000 0.000 0.000 0.000 0.000 0.000 0.000 0.000 0.000 0.000 0.000 0.000 0.000 0.000 0.000 0.000 0.000 0.000 0.000 0.000 0.000 0.000 0.000 0.000 0.000 0.000 0.000 0.000 0.000 0.000 0.000 0.000 0.001 0.001 0.002 0.003 0.005 0.006 0.008
0.000 0.000 0.000 0.000 0.000 0.000 0.000 0.000 0.000 0.000 0.000 0.000 0.000 0.000 0.000 0.000 0.000 0.000 0.000 0.000 0.000 0.000 0.000 0.000 0.000 0.000 0.000 0.000 0.000 0.000 0.000 0.000 0.000 0.000 0.000 0.000 0.000 0.000 0.000 0.000 0.000 0.000 0.000 0.000 0.000 0.000 0.000 0.000 0.000 0.000 0.000 0.000 0.000 0.000 0.000 0.000 0.000 0.000 0.000 0.000 0.000 0.000 0.000 0.000 0.000 0.000 0.000 0.000 0.000 0.000 0.000 0.001 0.001 0.002 0.003 0.004 0.005
0.000 0.000 0.000 0.000 0.000 0.000 0.000 0.000 0.000 0.000 0.000 0.000 0.000 0.000 0.000 0.000 0.000 0.000 0.000 0.000 0.000 0.000 0.000 0.000 0.000 0.000 0.000 0.000 0.000 0.000 0.000 0.000 0.000 0.000 0.000 0.000 0.000 0.000 0.000 0.000 0.000 0.000 0.000 0.000 0.000 0.000 0.000 0.000 0.000 0.000 0.000 0.000 0.000 0.000 0.000 0.000 0.000 0.000 0.000 0.000 0.000 0.000 0.000 0.000 0.000 0.000 0.000 0.000 0.000 0.000 0.000 0.000 0.000 0.001 0.002 0.002 0.003
0.000 0.000 0.000 0.000 0.000 0.000 0.000 0.000 0.000 0.000 0.000 0.000 0.000 0.000 0.000 0.000 0.000 0.000 0.000 0.000 0.000 0.000 0.000 0.000 0.000 0.000 0.000 0.000 0.000 0.000 0.000 0.000 0.000 0.000 0.000 0.000 0.000 0.000 0.000 0.000 0.000 0.000 0.000 0.000 0.000 0.000 0.000 0.000 0.000 0.000 0.000 0.000 0.000 0.000 0.000 0.000 0.000 0.000 0.000 0.000 0.000 0.000 0.000 0.000 0.000 0.000 0.000 0.000 0.000 0.000 0.000 0.000 0.000 0.000 0.001 0.001 0.002
0.000 0.000 0.000 0.000 0.000 0.000 0.000 0.000 0.000 0.000 0.000 0.000 0.000 0.000 0.000 0.000 0.000 0.000 0.000 0.000 0.000 0.000 0.000 0.000 0.000 0.000 0.000 0.000 0.000 0.000 0.000 0.000 0.000 0.000 0.000 0.000 0.000 0.000 0.000 0.000 0.000 0.000 0.000 0.000 0.000 0.000 0.000 0.000 0.000 0.000 0.000 0.000 0.000 0.000 0.000 0.000 0.000 0.000 0.000 0.000 0.000 0.000 0.000 0.000 0.000 0.000 0.000 0.000 0.000 0.000 0.000 0.000 0.000 0.000 0.000 0.000 0.001
0.000 0.000 0.000 0.000 0.000 0.000 0.000 0.000 0.000 0.000 0.000 0.000 0.000 0.000 0.000 0.000 0.000 0.000 0.000 0.000 0.000 0.000 0.000 0.000 0.000 0.000 0.000 0.000 0.000 0.000 0.000 0.000 0.000 0.000 0.000 0.000 0.000 0.000 0.000 0.000 0.000 0.000 0.000 0.000 0.000 0.000 0.000 0.000 0.000 0.000 0.000 0.000 0.000 0.000 0.000 0.000 0.000 0.000 0.000 0.000 0.000 0.000 0.000 0.000 0.000 0.000 0.000 0.000 0.000 0.000 0.000 0.000 0.000 0.000 0.000 0.000 0.000
0.000 0.000 0.000 0.000 0.000 0.000 0.000 0.000 0.000 0.000 0.000 0.000 0.000 0.000 0.000 0.000 0.000 0.000 0.000 0.000 0.000 0.000 0.000 0.000 0.000 0.000 0.000 0.000 0.000 0.000 0.000 0.000 0.000 0.000 0.000 0.000 0.000 0.000 0.000 0.000 0.000 0.000 0.000 0.000 0.000 0.000 0.000 0.000 0.000 0.000 0.000 0.000 0.000 0.000 0.000 0.000 0.000 0.000 0.000 0.000 0.000 0.000 0.000 0.000 0.000 0.000 0.000 0.000 0.000 0.000 0.000 0.000 0.000 0.000 0.000 0.000 0.000
0.000 0.000 0.000 0.000 0.000 0.000 0.000 0.000 0.000 0.000 0.000 0.000 0.000 0.000 0.000 0.000 0.000 0.000 0.000 0.000 0.000 0.000 0.000 0.000 0.000 0.000 0.000 0.000 0.000 0.000 0.000 0.000 0.000 0.000 0.000 0.000 0.000 0.000 0.000 0.000 0.000 0.000 0.000 0.000 0.000 0.000 0.000 0.000 0.000 0.000 0.000 0.000 0.000 0.000 0.000 0.000 0.000 0.000 0.000 0.000 0.000 0.000 0.000 0.000 0.000 0.000 0.000 0.000 0.000 0.000 0.000 0.000 0.000 0.000 0.000 0.000 0.000
0.000 0.000 0.000 0.000 0.000 0.000 0.000 0.000 0.000 0.000 0.000 0.000 0.000 0.000 0.000 0.000 0.000 0.000 0.000 0.000 0.000 0.000 0.000 0.000 0.000 0.000 0.000 0.000 0.000 0.000 0.000 0.000 0.000 0.000 0.000 0.000 0.000 0.000 0.000 0.000 0.000 0.000 0.000 0.000 0.000 0.000 0.000 0.000 0.000 0.000 0.000 0.000 0.000 0.000 0.000 0.000 0.000 0.000 0.000 0.000 0.000 0.000 0.000 0.000 0.000 0.000 0.000 0.000 0.000 0.000 0.000 0.000 0.000 0.000 0.000 0.000 0.000
