RESULTS/r.avaflow_results/32_results/32_ascii/32_hflow0037.asc
ncols 506
nrows 317
xllcenter 498237.50
yllcenter 5580050.00
cellsize 12.50
NODATA_value -9999.000
[rows 170 to 203 of 317, columns 77 to 153 of 506]
0.000 0.000 0.000 0.000 0.000 0.000 0.000 0.000 0.000 0.000 0.000 0.000 0.000 0.000 0.000 0.000 0.001 0.001 0.001 0.001 0.001 0.001 0.002 0.007 0.019 0.034 0.041 0.042 0.041 0.040 0.037 0.033 0.027 0.020 0.014 0.011 0.010 0.010 0.012 0.015 0.016 0.016 0.015 0.017 0.023 0.041 0.072 0.112 0.176 0.304 0.556 1.041 1.985 3.208 4.075 4.522 4.889 5.509 6.497 7.832 9.558 11.495 13.167 14.296 14.875 14.976 14.867 14.690 14.414 13.891 12.986 11.883 10.907 10.214 9.749 9.415 9.172
0.000 0.000 0.000 0.000 0.000 0.000 0.000 0.000 0.000 0.000 0.000 0.000 0.000 0.000 0.000 0.001 0.002 0.003 0.004 0.005 0.006 0.007 0.012 0.025 0.045 0.060 0.064 0.064 0.063 0.060 0.057 0.051 0.041 0.030 0.022 0.018 0.017 0.018 0.021 0.025 0.027 0.028 0.030 0.040 0.073 0.150 0.263 0.408 0.638 1.022 1.607 2.500 3.568 4.390 4.853 5.163 5.558 6.240 7.301 8.779 10.680 12.573 13.994 14.871 15.253 15.222 15.001 14.679 14.295 13.758 13.049 12.454 12.127 12.037 12.037 12.081 12.205
0.000 0.000 0.000 0.000 0.000 0.000 0.000 0.000 0.000 0.000 0.000 0.000 0.000 0.001 0.002 0.004 0.006 0.009 0.013 0.016 0.019 0.026 0.041 0.065 0.086 0.094 0.095 0.094 0.092 0.089 0.084 0.075 0.061 0.045 0.034 0.029 0.029 0.030 0.034 0.040 0.046 0.055 0.073 0.127 0.271 0.517 0.814 1.161 1.666 2.408 3.266 4.072 4.659 5.002 5.219 5.493 5.942 6.662 7.734 9.253 11.213 12.997 14.231 14.970 15.269 15.208 14.985 14.696 14.399 14.103 13.855 13.842 13.920 14.012 14.130 14.478 15.166
0.000 0.000 0.000 0.000 0.000 0.000 0.000 0.000 0.000 0.000 0.000 0.000 0.001 0.002 0.004 0.008 0.013 0.019 0.027 0.036 0.047 0.066 0.096 0.123 0.135 0.136 0.136 0.135 0.132 0.128 0.120 0.108 0.089 0.066 0.051 0.045 0.044 0.046 0.052 0.065 0.086 0.125 0.215 0.433 0.832 1.346 1.879 2.468 3.225 4.028 4.688 5.114 5.325 5.406 5.457 5.689 6.146 6.857 7.914 9.413 11.338 13.037 14.173 14.845 15.099 15.092 15.016 14.952 15.013 15.155 15.240 15.262 15.269 15.319 15.559 16.256 17.507
0.000 0.000 0.000 0.000 0.000 0.000 0.000 0.000 0.000 0.000 0.000 0.000 0.002 0.004 0.009 0.015 0.023 0.035 0.049 0.068 0.093 0.128 0.165 0.186 0.192 0.192 0.191 0.189 0.186 0.180 0.169 0.153 0.127 0.095 0.074 0.065 0.063 0.066 0.079 0.109 0.172 0.307 0.613 1.169 1.916 2.684 3.390 4.037 4.655 5.178 5.554 5.734 5.789 5.713 5.623 5.790 6.218 6.901 7.930 9.370 11.171 12.727 13.790 14.472 14.860 15.110 15.353 15.592 15.844 16.016 16.042 15.979 15.963 16.140 16.651 17.611 19.033
0.000 0.000 0.000 0.000 0.000 0.000 0.000 0.000 0.000 0.000 0.000 0.001 0.003 0.008 0.015 0.025 0.039 0.057 0.082 0.114 0.156 0.205 0.241 0.258 0.263 0.264 0.263 0.261 0.257 0.249 0.235 0.213 0.180 0.136 0.104 0.089 0.087 0.091 0.117 0.184 0.331 0.673 1.390 2.446 3.464 4.287 4.871 5.302 5.681 5.953 6.109 6.168 6.135 5.946 5.753 5.805 6.150 6.778 7.720 9.048 10.680 12.094 13.129 13.930 14.592 15.161 15.588 15.862 16.078 16.188 16.167 16.095 16.105 16.417 17.153 18.219 19.513
0.000 0.000 0.000 0.000 0.000 0.000 0.000 0.000 0.000 0.000 0.000 0.001 0.004 0.010 0.019 0.034 0.056 0.086 0.126 0.177 0.239 0.295 0.331 0.349 0.356 0.357 0.357 0.355 0.350 0.340 0.321 0.294 0.251 0.192 0.143 0.117 0.112 0.118 0.153 0.263 0.547 1.232 2.542 4.019 5.035 5.681 6.046 6.252 6.420 6.524 6.564 6.518 6.374 6.116 5.855 5.787 5.981 6.497 7.348 8.531 9.963 11.286 12.359 13.334 14.227 14.955 15.386 15.583 15.709 15.720 15.624 15.519 15.548 15.958 16.817 17.943 19.177
0.000 0.000 0.000 0.000 0.000 0.000 0.000 0.000 0.000 0.000 0.000 0.001 0.005 0.011 0.022 0.039 0.066 0.107 0.168 0.251 0.340 0.405 0.447 0.469 0.478 0.480 0.480 0.478 0.472 0.458 0.434 0.397 0.343 0.267 0.192 0.150 0.137 0.141 0.175 0.301 0.681 1.692 3.571 5.307 6.298 6.768 6.944 6.998 7.019 6.994 6.916 6.771 6.541 6.241 5.935 5.780 5.855 6.233 6.924 7.909 9.128 10.390 11.556 12.634 13.532 14.147 14.432 14.493 14.470 14.338 14.125 13.939 13.924 14.344 15.313 16.631 18.035
0.000 0.000 0.000 0.000 0.000 0.000 0.000 0.000 0.000 0.000 0.000 0.001 0.005 0.011 0.022 0.040 0.069 0.116 0.191 0.306 0.446 0.543 0.599 0.628 0.640 0.642 0.642 0.637 0.627 0.607 0.577 0.530 0.461 0.365 0.258 0.190 0.164 0.163 0.191 0.316 0.729 1.923 4.252 6.276 7.248 7.566 7.610 7.581 7.467 7.295 7.116 6.916 6.646 6.331 6.005 5.801 5.802 6.061 6.572 7.322 8.288 9.383 10.529 11.536 12.237 12.631 12.746 12.665 12.480 12.172 11.818 11.602 11.670 12.262 13.406 14.902 16.547
0.000 0.000 0.000 0.000 0.000 0.000 0.000 0.000 0.000 0.000 0.000 0.001 0.004 0.011 0.022 0.040 0.069 0.117 0.196 0.329 0.530 0.707 0.795 0.835 0.850 0.853 0.850 0.841 0.824 0.797 0.756 0.697 0.613 0.492 0.344 0.240 0.194 0.186 0.207 0.324 0.740 1.981 4.571 6.934 7.935 8.134 8.102 7.986 7.728 7.453 7.208 6.971 6.703 6.418 6.102 5.859 5.798 5.947 6.294 6.815 7.468 8.212 9.091 9.890 10.378 10.593 10.576 10.382 10.102 9.766 9.480 9.438 9.820 10.704 11.988 13.497 15.162
0.000 0.000 0.000 0.000 0.000 0.000 0.000 0.000 0.000 0.000 0.000 0.001 0.003 0.008 0.018 0.035 0.063 0.108 0.186 0.323 0.551 0.849 1.037 1.096 1.113 1.114 1.110 1.096 1.070 1.033 0.981 0.908 0.803 0.651 0.458 0.308 0.232 0.212 0.226 0.332 0.740 1.969 4.596 7.216 8.371 8.526 8.414 8.191 7.823 7.496 7.219 6.962 6.719 6.477 6.208 5.942 5.807 5.843 6.030 6.348 6.739 7.149 7.617 8.035 8.297 8.400 8.348 8.182 7.976 7.767 7.637 7.766 8.351 9.378 10.689 12.131 13.699
0.000 0.000 0.000 0.000 0.000 0.000 0.000 0.000 0.000 0.000 0.000 0.000 0.001 0.004 0.010 0.021 0.041 0.075 0.137 0.259 0.492 0.881 1.250 1.402 1.429 1.431 1.427 1.409 1.374 1.326 1.261 1.167 1.034 0.849 0.613 0.407 0.287 0.246 0.252 0.345 0.728 1.887 4.420 7.183 8.542 8.764 8.575 8.252 7.823 7.477 7.175 6.917 6.702 6.494 6.270 6.024 5.815 5.733 5.780 5.923 6.106 6.263 6.389 6.461 6.507 6.501 6.429 6.311 6.196 6.124 6.156 6.438 7.092 8.098 9.319 10.621 11.976
0.000 0.000 0.000 0.000 0.000 0.000 0.000 0.000 0.000 0.000 0.000 0.000 0.000 0.001 0.003 0.007 0.014 0.028 0.054 0.125 0.321 0.751 1.342 1.682 1.785 1.807 1.802 1.782 1.743 1.683 1.598 1.479 1.315 1.101 0.826 0.561 0.383 0.306 0.299 0.376 0.731 1.775 4.055 6.885 8.456 8.806 8.622 8.243 7.774 7.414 7.095 6.864 6.646 6.449 6.271 6.065 5.822 5.619 5.523 5.520 5.543 5.526 5.429 5.294 5.174 5.058 4.941 4.833 4.759 4.744 4.865 5.231 5.884 6.772 7.791 8.867 9.980
0.000 0.000 0.000 0.000 0.000 0.000 0.000 0.000 0.000 0.000 0.000 0.000 0.000 0.000 0.001 0.001 0.003 0.006 0.012 0.034 0.133 0.499 1.241 1.857 2.113 2.210 2.230 2.212 2.169 2.098 1.992 1.849 1.657 1.415 1.116 0.801 0.557 0.426 0.397 0.452 0.777 1.753 3.718 6.385 8.058 8.604 8.522 8.167 7.669 7.255 6.913 6.693 6.532 6.377 6.229 6.040 5.801 5.539 5.324 5.188 5.074 4.934 4.727 4.499 4.286 4.086 3.905 3.757 3.655 3.618 3.705 4.025 4.608 5.353 6.179 7.116 8.171
0.000 0.000 0.000 0.000 0.000 0.000 0.000 0.000 0.000 0.000 0.000 0.000 0.000 0.000 0.000 0.000 0.001 0.001 0.003 0.008 0.044 0.273 0.995 1.903 2.350 2.549 2.637 2.653 2.626 2.561 2.445 2.279 2.069 1.810 1.499 1.149 0.847 0.656 0.593 0.627 0.928 1.835 3.457 5.668 7.303 8.032 8.131 7.919 7.476 6.981 6.595 6.370 6.278 6.228 6.141 5.968 5.740 5.475 5.200 4.949 4.709 4.472 4.217 3.947 3.681 3.422 3.179 2.971 2.818 2.728 2.715 2.843 3.196 3.776 4.548 5.504 6.572
0.000 0.000 0.000 0.000 0.000 0.000 0.000 0.000 0.000 0.000 0.000 0.000 0.000 0.000 0.000 0.000 0.001 0.001 0.002 0.004 0.017 0.132 0.686 1.729 2.448 2.774 2.950 3.034 3.049 3.021 2.940 2.783 2.568 2.305 1.996 1.640 1.303 1.067 0.972 0.993 1.258 2.015 3.278 4.878 6.297 7.146 7.424 7.365 7.080 6.576 6.079 5.791 5.717 5.763 5.837 5.797 5.646 5.391 5.084 4.757 4.427 4.119 3.826 3.523 3.218 2.918 2.634 2.383 2.183 2.039 1.926 1.888 2.001 2.357 2.998 3.925 4.936
0.000 0.000 0.000 0.000 0.000 0.000 0.000 0.000 0.000 0.000 0.000 0.000 0.000 0.000 0.000 0.000 0.001 0.002 0.002 0.005 0.012 0.062 0.389 1.319 2.351 2.877 3.153 3.330 3.422 3.438 3.401 3.303 3.134 2.905 2.625 2.289 1.957 1.727 1.622 1.630 1.820 2.344 3.238 4.356 5.414 6.140 6.447 6.474 6.357 5.982 5.423 4.965 4.788 4.851 5.109 5.355 5.395 5.248 4.951 4.588 4.199 3.843 3.516 3.177 2.834 2.502 2.200 1.936 1.712 1.528 1.349 1.208 1.170 1.293 1.665 2.289 2.845
0.000 0.000 0.000 0.000 0.000 0.000 0.000 0.000 0.000 0.000 0.000 0.000 0.000 0.000 0.000 0.001 0.002 0.003 0.006 0.010 0.016 0.040 0.193 0.833 2.001 2.855 3.260 3.530 3.711 3.796 3.803 3.754 3.646 3.490 3.291 3.034 2.772 2.602 2.525 2.518 2.607 2.872 3.396 4.145 4.847 5.336 5.559 5.586 5.524 5.285 4.836 4.264 3.904 3.847 4.076 4.543 4.857 4.884 4.691 4.361 3.974 3.605 3.264 2.897 2.509 2.148 1.835 1.575 1.352 1.148 0.943 0.748 0.631 0.606 0.711 0.949 1.054
0.000 0.000 0.000 0.000 0.000 0.000 0.000 0.000 0.000 0.000 0.000 0.000 0.000 0.000 0.001 0.002 0.004 0.009 0.015 0.023 0.031 0.046 0.109 0.445 1.432 2.646 3.275 3.628 3.902 4.069 4.133 4.128 4.076 3.980 3.842 3.653 3.454 3.326 3.273 3.269 3.305 3.428 3.684 4.113 4.531 4.787 4.915 4.944 4.905 4.734 4.377 3.830 3.374 3.166 3.203 3.541 4.012 4.221 4.191 3.989 3.692 3.364 3.040 2.668 2.234 1.844 1.524 1.265 1.047 0.841 0.631 0.432 0.300 0.239 0.225 0.252 0.243
0.000 0.000 0.000 0.000 0.000 0.000 0.000 0.000 0.000 0.000 0.000 0.000 0.000 0.001 0.002 0.005 0.012 0.023 0.038 0.050 0.059 0.067 0.095 0.253 0.894 2.166 3.140 3.637 3.995 4.258 4.397 4.435 4.423 4.375 4.276 4.120 3.951 3.827 3.758 3.733 3.736 3.777 3.890 4.113 4.348 4.469 4.499 4.501 4.446 4.296 3.997 3.528 3.070 2.777 2.668 2.762 3.051 3.293 3.403 3.381 3.235 2.990 2.688 2.333 1.916 1.531 1.218 0.969 0.757 0.559 0.367 0.211 0.124 0.086 0.071 0.064 0.059
0.000 0.000 0.000 0.000 0.000 0.000 0.000 0.000 0.000 0.000 0.000 0.000 0.001 0.002 0.005 0.014 0.031 0.055 0.082 0.099 0.107 0.111 0.121 0.201 0.600 1.622 2.787 3.505 3.982 4.332 4.564 4.669 4.691 4.675 4.598 4.441 4.273 4.146 4.050 3.985 3.943 3.930 3.959 4.065 4.200 4.256 4.238 4.187 4.092 3.929 3.669 3.276 2.854 2.552 2.366 2.296 2.317 2.369 2.400 2.410 2.376 2.231 1.957 1.627 1.309 1.019 0.775 0.579 0.416 0.274 0.157 0.080 0.046 0.033 0.028 0.026 0.024
0.000 0.000 0.000 0.000 0.000 0.000 0.000 0.000 0.000 0.000 0.000 0.000 0.001 0.004 0.013 0.034 0.069 0.113 0.153 0.178 0.188 0.188 0.188 0.235 0.505 1.236 2.299 3.173 3.840 4.325 4.661 4.834 4.875 4.864 4.796 4.635 4.443 4.313 4.215 4.115 4.024 3.967 3.967 4.004 4.056 4.053 4.004 3.921 3.789 3.617 3.374 3.037 2.655 2.359 2.143 1.989 1.858 1.736 1.608 1.471 1.341 1.182 0.958 0.723 0.540 0.399 0.288 0.201 0.134 0.084 0.048 0.028 0.020 0.017 0.015 0.015 0.014
0.000 0.000 0.000 0.000 0.000 0.000 0.000 0.000 0.000 0.000 0.000 0.000 0.002 0.009 0.029 0.070 0.130 0.199 0.257 0.297 0.317 0.322 0.321 0.349 0.549 1.086 1.924 2.788 3.554 4.187 4.635 4.894 4.968 4.945 4.872 4.725 4.530 4.395 4.280 4.168 4.050 3.949 3.906 3.893 3.888 3.852 3.772 3.666 3.508 3.326 3.091 2.793 2.441 2.151 1.917 1.716 1.523 1.324 1.104 0.878 0.683 0.514 0.363 0.242 0.160 0.108 0.074 0.050 0.034 0.024 0.016 0.012 0.011 0.010 0.009 0.009 0.009
0.000 0.000 0.000 0.000 0.000 0.000 0.000 0.000 0.000 0.000 0.000 0.001 0.003 0.014 0.047 0.115 0.209 0.311 0.399 0.466 0.509 0.533 0.548 0.578 0.719 1.117 1.770 2.544 3.292 3.965 4.500 4.844 4.970 4.950 4.876 4.747 4.564 4.424 4.299 4.171 4.028 3.886 3.777 3.728 3.692 3.634 3.528 3.396 3.232 3.038 2.806 2.528 2.200 1.903 1.660 1.436 1.212 0.967 0.711 0.484 0.315 0.198 0.121 0.073 0.044 0.028 0.019 0.014 0.011 0.009 0.008 0.007 0.006 0.006 0.006 0.006 0.006
0.000 0.000 0.000 0.000 0.000 0.000 0.000 0.000 0.000 0.000 0.000 0.001 0.004 0.015 0.054 0.142 0.283 0.445 0.584 0.694 0.775 0.833 0.885 0.941 1.054 1.321 1.811 2.479 3.169 3.770 4.301 4.694 4.885 4.891 4.844 4.726 4.569 4.424 4.298 4.140 3.944 3.744 3.582 3.505 3.437 3.354 3.232 3.093 2.929 2.737 2.508 2.236 1.920 1.599 1.323 1.067 0.811 0.558 0.348 0.205 0.115 0.064 0.036 0.021 0.012 0.008 0.006 0.005 0.004 0.004 0.004 0.004 0.004 0.003 0.003 0.003 0.003
0.000 0.000 0.000 0.000 0.000 0.000 0.000 0.000 0.000 0.000 0.000 0.001 0.003 0.015 0.052 0.149 0.331 0.585 0.814 0.993 1.132 1.240 1.337 1.433 1.550 1.740 2.072 2.576 3.176 3.695 4.127 4.472 4.689 4.728 4.718 4.634 4.515 4.389 4.235 4.036 3.796 3.531 3.314 3.179 3.070 2.980 2.865 2.734 2.584 2.405 2.188 1.915 1.583 1.193 0.837 0.557 0.349 0.199 0.105 0.055 0.030 0.017 0.009 0.005 0.003 0.002 0.002 0.002 0.002 0.002 0.002 0.002 0.002 0.002 0.002 0.001 0.001
0.000 0.000 0.000 0.000 0.000 0.000 0.000 0.000 0.000 0.000 0.000 0.000 0.002 0.011 0.043 0.140 0.358 0.721 1.097 1.372 1.592 1.766 1.910 2.043 2.178 2.332 2.546 2.871 3.307 3.723 4.045 4.279 4.437 4.493 4.494 4.443 4.364 4.255 4.081 3.859 3.581 3.256 2.964 2.753 2.597 2.495 2.406 2.306 2.186 2.032 1.826 1.551 1.181 0.754 0.422 0.218 0.103 0.044 0.019 0.010 0.006 0.004 0.002 0.001 0.001 0.001 0.001 0.001 0.001 0.001 0.001 0.001 0.001 0.001 0.000 0.000 0.000
0.000 0.000 0.000 0.000 0.000 0.000 0.000 0.000 0.000 0.000 0.000 0.000 0.001 0.006 0.031 0.123 0.375 0.839 1.418 1.857 2.180 2.424 2.614 2.773 2.910 3.033 3.169 3.353 3.605 3.843 4.016 4.137 4.206 4.241 4.225 4.176 4.102 3.996 3.827 3.602 3.310 2.940 2.557 2.258 2.040 1.897 1.800 1.715 1.609 1.458 1.250 0.978 0.643 0.343 0.161 0.067 0.025 0.009 0.004 0.002 0.001 0.001 0.001 0.000 0.000 0.000 0.000 0.000 0.000 0.000 0.000 0.000 0.000 0.000 0.000 0.000 0.000
0.000 0.000 0.000 0.000 0.000 0.000 0.000 0.000 0.000 0.000 0.000 0.000 0.001 0.004 0.022 0.112 0.395 0.937 1.672 2.355 2.878 3.225 3.455 3.625 3.752 3.841 3.916 3.986 4.051 4.072 4.067 4.057 4.015 3.978 3.914 3.839 3.752 3.640 3.476 3.260 2.974 2.608 2.189 1.825 1.540 1.334 1.172 1.025 0.878 0.717 0.545 0.370 0.208 0.097 0.040 0.015 0.005 0.002 0.001 0.001 0.000 0.000 0.000 0.000 0.000 0.000 0.000 0.000 0.000 0.000 0.000 0.000 0.000 0.000 0.000 0.000 0.000
0.000 0.000 0.000 0.000 0.000 0.000 0.000 0.000 0.000 0.000 0.000 0.000 0.001 0.003 0.018 0.105 0.414 1.012 1.811 2.689 3.477 4.023 4.355 4.552 4.662 4.708 4.713 4.661 4.549 4.367 4.161 3.988 3.829 3.677 3.546 3.441 3.331 3.209 3.054 2.852 2.589 2.257 1.862 1.476 1.151 0.903 0.706 0.538 0.391 0.267 0.165 0.090 0.042 0.018 0.007 0.003 0.001 0.001 0.000 0.000 0.000 0.000 0.000 0.000 0.000 0.000 0.000 0.000 0.000 0.000 0.000 0.000 0.000 0.000 0.000 0.000 0.000
0.000 0.000 0.000 0.000 0.000 0.000 0.000 0.000 0.000 0.000 0.000 0.000 0.001 0.002 0.017 0.104 0.428 1.051 1.867 2.833 3.878 4.667 5.150 5.392 5.472 5.464 5.395 5.214 4.929 4.576 4.235 3.922 3.621 3.340 3.126 2.980 2.864 2.745 2.601 2.415 2.185 1.901 1.557 1.184 0.853 0.596 0.404 0.261 0.158 0.089 0.045 0.020 0.008 0.003 0.001 0.001 0.000 0.000 0.000 0.000 0.000 0.000 0.000 0.000 0.000 0.000 0.000 0.000 0.000 0.000 0.000 0.000 0.000 0.000 0.000 0.000 0.000
0.000 0.000 0.000 0.000 0.000 0.000 0.000 0.000 0.000 0.000 0.000 0.000 0.001 0.003 0.017 0.105 0.431 1.057 1.874 2.857 4.075 5.138 5.798 6.099 6.164 6.114 5.945 5.621 5.176 4.705 4.280 3.859 3.416 2.988 2.647 2.417 2.281 2.174 2.055 1.906 1.728 1.518 1.245 0.912 0.605 0.377 0.224 0.126 0.065 0.031 0.013 0.005 0.002 0.001 0.000 0.000 0.000 0.000 0.000 0.000 0.000 0.000 0.000 0.000 0.000 0.000 0.000 0.000 0.000 0.000 0.000 0.000 0.000 0.000 0.000 0.000 0.000
0.000 0.000 0.000 0.000 0.000 0.000 0.000 0.000 0.000 0.000 0.001 0.002 0.003 0.005 0.017 0.097 0.401 1.006 1.821 2.806 4.065 5.346 6.192 6.574 6.641 6.553 6.260 5.805 5.265 4.740 4.254 3.753 3.198 2.613 2.104 1.724 1.494 1.350 1.231 1.120 1.024 0.934 0.804 0.593 0.368 0.212 0.114 0.057 0.027 0.011 0.004 0.001 0.001 0.000 0.000 0.000 0.000 0.000 0.000 0.000 0.000 0.000 0.000 0.000 0.000 0.000 0.000 0.000 0.000 0.000 0.000 0.000 0.000 0.000 0.000 0.000 0.000
0.000 0.000 0.000 0.001 0.001 0.001 0.001 0.001 0.002 0.002 0.003 0.004 0.005 0.007 0.012 0.058 0.283 0.806 1.599 2.597 3.882 5.330 6.315 6.780 6.859 6.734 6.373 5.859 5.298 4.735 4.167 3.558 2.887 2.177 1.553 1.087 0.790 0.609 0.489 0.408 0.366 0.349 0.329 0.268 0.172 0.095 0.048 0.023 0.010 0.004 0.001 0.001 0.000 0.000 0.000 0.000 0.000 0.000 0.000 0.000 0.000 0.000 0.000 0.000 0.000 0.000 0.000 0.000 0.000 0.000 0.000 0.000 0.000 0.000 0.000 0.000 0.000
