RESULTS/r.avaflow_results/32_results/32_ascii/32_hflow10037.asc
ncols 506
nrows 317
xllcenter 498237.50
yllcenter 5580050.00
cellsize 12.50
NODATA_value -9999.000
[rows 170 to 203 of 317, columns 77 to 153 of 506]
0.000 0.000 0.000 0.000 0.000 0.000 0.000 0.000 0.000 0.000 0.000 0.000 0.000 0.000 0.000 0.000 0.001 0.001 0.001 0.001 0.001 0.001 0.002 0.007 0.019 0.034 0.041 0.042 0.041 0.040 0.037 0.033 0.027 0.020 0.014 0.011 0.010 0.010 0.012 0.015 0.016 0.016 0.015 0.016 0.023 0.041 0.072 0.111 0.173 0.296 0.536 0.986 1.844 2.890 3.475 3.572 3.523 3.546 3.616 3.637 3.605 3.486 3.284 2.972 2.566 2.088 1.660 1.311 1.023 0.791 0.606 0.465 0.356 0.273 0.208 0.157 0.118
0.000 0.000 0.000 0.000 0.000 0.000 0.000 0.000 0.000 0.000 0.000 0.000 0.000 0.000 0.000 0.001 0.002 0.003 0.004 0.005 0.006 0.007 0.012 0.025 0.045 0.060 0.064 0.064 0.063 0.060 0.057 0.051 0.041 0.030 0.022 0.018 0.017 0.018 0.021 0.025 0.027 0.028 0.030 0.040 0.073 0.149 0.261 0.404 0.627 0.996 1.548 2.372 3.313 3.934 4.111 4.056 3.973 3.959 3.972 3.958 3.895 3.731 3.478 3.115 2.651 2.141 1.707 1.350 1.057 0.822 0.637 0.495 0.381 0.292 0.222 0.168 0.126
0.000 0.000 0.000 0.000 0.000 0.000 0.000 0.000 0.000 0.000 0.000 0.000 0.000 0.001 0.002 0.004 0.006 0.009 0.013 0.016 0.019 0.026 0.041 0.065 0.086 0.094 0.095 0.094 0.092 0.089 0.084 0.075 0.061 0.045 0.034 0.029 0.028 0.030 0.034 0.040 0.046 0.054 0.072 0.126 0.270 0.514 0.807 1.147 1.637 2.348 3.153 3.872 4.324 4.475 4.430 4.340 4.270 4.237 4.208 4.162 4.071 3.885 3.593 3.190 2.690 2.174 1.742 1.383 1.091 0.857 0.668 0.518 0.399 0.305 0.232 0.175 0.131
0.000 0.000 0.000 0.000 0.000 0.000 0.000 0.000 0.000 0.000 0.000 0.000 0.001 0.002 0.004 0.008 0.013 0.019 0.027 0.036 0.047 0.066 0.096 0.123 0.135 0.136 0.136 0.135 0.132 0.128 0.120 0.108 0.089 0.065 0.051 0.044 0.044 0.045 0.052 0.064 0.085 0.125 0.215 0.432 0.828 1.338 1.863 2.440 3.173 3.939 4.537 4.869 4.948 4.848 4.655 4.532 4.463 4.411 4.359 4.291 4.173 3.970 3.657 3.234 2.706 2.191 1.765 1.410 1.119 0.883 0.690 0.534 0.411 0.313 0.237 0.179 0.135
0.000 0.000 0.000 0.000 0.000 0.000 0.000 0.000 0.000 0.000 0.000 0.000 0.002 0.004 0.009 0.015 0.023 0.035 0.049 0.068 0.093 0.128 0.165 0.186 0.192 0.192 0.191 0.189 0.186 0.180 0.169 0.153 0.127 0.095 0.074 0.065 0.063 0.066 0.078 0.109 0.171 0.306 0.611 1.165 1.910 2.671 3.367 3.998 4.591 5.074 5.386 5.471 5.396 5.148 4.822 4.650 4.571 4.508 4.452 4.374 4.243 4.031 3.701 3.256 2.710 2.204 1.781 1.426 1.136 0.897 0.701 0.542 0.416 0.317 0.241 0.182 0.137
0.000 0.000 0.000 0.000 0.000 0.000 0.000 0.000 0.000 0.000 0.000 0.001 0.003 0.008 0.015 0.025 0.039 0.057 0.082 0.114 0.156 0.205 0.241 0.258 0.263 0.264 0.263 0.261 0.257 0.249 0.235 0.213 0.180 0.136 0.104 0.089 0.086 0.091 0.116 0.184 0.330 0.672 1.388 2.442 3.455 4.272 4.845 5.258 5.611 5.842 5.935 5.902 5.740 5.383 4.969 4.716 4.609 4.555 4.494 4.425 4.304 4.082 3.730 3.261 2.708 2.208 1.789 1.434 1.144 0.901 0.705 0.544 0.419 0.319 0.242 0.183 0.137
0.000 0.000 0.000 0.000 0.000 0.000 0.000 0.000 0.000 0.000 0.000 0.001 0.004 0.010 0.019 0.034 0.056 0.086 0.126 0.177 0.239 0.295 0.331 0.349 0.356 0.357 0.357 0.355 0.350 0.340 0.321 0.293 0.251 0.192 0.143 0.117 0.112 0.117 0.152 0.262 0.546 1.231 2.540 4.014 5.025 5.664 6.018 6.207 6.348 6.412 6.390 6.255 5.989 5.572 5.108 4.782 4.616 4.567 4.536 4.479 4.356 4.116 3.740 3.251 2.694 2.202 1.786 1.430 1.138 0.896 0.701 0.541 0.416 0.318 0.241 0.182 0.136
0.000 0.000 0.000 0.000 0.000 0.000 0.000 0.000 0.000 0.000 0.000 0.001 0.005 0.011 0.022 0.039 0.066 0.107 0.168 0.251 0.340 0.405 0.447 0.469 0.478 0.480 0.480 0.478 0.472 0.458 0.434 0.397 0.343 0.267 0.192 0.150 0.137 0.141 0.175 0.300 0.680 1.691 3.569 5.302 6.289 6.751 6.916 6.953 6.948 6.883 6.746 6.519 6.179 5.736 5.251 4.880 4.676 4.614 4.585 4.521 4.377 4.121 3.735 3.231 2.668 2.175 1.758 1.405 1.116 0.877 0.686 0.529 0.406 0.311 0.237 0.179 0.134
0.000 0.000 0.000 0.000 0.000 0.000 0.000 0.000 0.000 0.000 0.000 0.001 0.005 0.011 0.022 0.040 0.069 0.116 0.191 0.306 0.446 0.543 0.599 0.628 0.640 0.642 0.641 0.637 0.627 0.607 0.577 0.530 0.461 0.365 0.258 0.190 0.164 0.163 0.191 0.316 0.729 1.922 4.249 6.270 7.238 7.549 7.582 7.537 7.397 7.190 6.957 6.684 6.320 5.883 5.406 5.021 4.793 4.697 4.635 4.541 4.380 4.100 3.688 3.158 2.595 2.108 1.700 1.359 1.077 0.845 0.658 0.508 0.390 0.299 0.228 0.173 0.130
0.000 0.000 0.000 0.000 0.000 0.000 0.000 0.000 0.000 0.000 0.000 0.001 0.004 0.011 0.022 0.040 0.069 0.117 0.196 0.329 0.530 0.707 0.795 0.835 0.850 0.853 0.850 0.841 0.824 0.797 0.756 0.697 0.613 0.492 0.344 0.240 0.194 0.186 0.207 0.324 0.739 1.979 4.569 6.929 7.925 8.118 8.075 7.945 7.664 7.356 7.066 6.768 6.423 6.039 5.598 5.203 4.947 4.805 4.693 4.550 4.336 4.006 3.562 3.017 2.474 2.007 1.618 1.292 1.021 0.800 0.622 0.481 0.370 0.284 0.217 0.165 0.125
0.000 0.000 0.000 0.000 0.000 0.000 0.000 0.000 0.000 0.000 0.000 0.001 0.003 0.008 0.018 0.035 0.063 0.108 0.186 0.323 0.551 0.849 1.037 1.096 1.113 1.114 1.110 1.096 1.070 1.033 0.981 0.908 0.803 0.651 0.458 0.308 0.232 0.212 0.225 0.331 0.740 1.968 4.594 7.211 8.362 8.511 8.390 8.155 7.768 7.414 7.101 6.796 6.491 6.167 5.795 5.401 5.101 4.898 4.718 4.513 4.236 3.845 3.356 2.804 2.298 1.867 1.505 1.200 0.949 0.744 0.579 0.450 0.350 0.271 0.207 0.158 0.119
0.000 0.000 0.000 0.000 0.000 0.000 0.000 0.000 0.000 0.000 0.000 0.000 0.001 0.004 0.010 0.021 0.041 0.075 0.137 0.259 0.492 0.881 1.250 1.402 1.429 1.431 1.427 1.409 1.374 1.326 1.261 1.167 1.034 0.849 0.613 0.407 0.287 0.246 0.252 0.344 0.728 1.886 4.418 7.179 8.535 8.751 8.555 8.223 7.781 7.414 7.085 6.790 6.524 6.247 5.937 5.582 5.237 4.961 4.717 4.446 4.100 3.639 3.086 2.532 2.068 1.682 1.357 1.086 0.862 0.682 0.538 0.423 0.332 0.259 0.199 0.153 0.116
0.000 0.000 0.000 0.000 0.000 0.000 0.000 0.000 0.000 0.000 0.000 0.000 0.000 0.001 0.003 0.007 0.014 0.028 0.054 0.125 0.321 0.751 1.342 1.682 1.785 1.807 1.802 1.782 1.743 1.683 1.598 1.479 1.315 1.101 0.826 0.561 0.383 0.306 0.299 0.376 0.730 1.774 4.054 6.883 8.451 8.797 8.607 8.222 7.743 7.368 7.029 6.769 6.511 6.260 6.009 5.712 5.355 4.997 4.673 4.342 3.941 3.429 2.848 2.317 1.878 1.517 1.218 0.975 0.778 0.621 0.497 0.398 0.317 0.250 0.194 0.150 0.114
0.000 0.000 0.000 0.000 0.000 0.000 0.000 0.000 0.000 0.000 0.000 0.000 0.000 0.000 0.001 0.001 0.003 0.006 0.012 0.034 0.133 0.499 1.241 1.857 2.113 2.210 2.230 2.212 2.169 2.098 1.992 1.848 1.657 1.415 1.116 0.801 0.556 0.426 0.396 0.452 0.777 1.752 3.717 6.383 8.054 8.598 8.512 8.152 7.646 7.223 6.866 6.625 6.435 6.238 6.032 5.769 5.432 5.042 4.648 4.255 3.805 3.262 2.689 2.184 1.763 1.411 1.123 0.892 0.708 0.565 0.456 0.371 0.301 0.241 0.191 0.149 0.114
0.000 0.000 0.000 0.000 0.000 0.000 0.000 0.000 0.000 0.000 0.000 0.000 0.000 0.000 0.000 0.000 0.001 0.001 0.003 0.008 0.044 0.273 0.995 1.903 2.349 2.549 2.637 2.653 2.626 2.561 2.445 2.279 2.069 1.810 1.499 1.149 0.847 0.656 0.593 0.626 0.928 1.835 3.456 5.667 7.301 8.027 8.124 7.909 7.461 6.958 6.563 6.324 6.211 6.131 6.001 5.767 5.458 5.085 4.664 4.215 3.713 3.150 2.601 2.118 1.704 1.354 1.063 0.831 0.650 0.513 0.413 0.338 0.281 0.233 0.189 0.151 0.117
0.000 0.000 0.000 0.000 0.000 0.000 0.000 0.000 0.000 0.000 0.000 0.000 0.000 0.000 0.000 0.000 0.001 0.001 0.002 0.004 0.017 0.132 0.686 1.729 2.448 2.774 2.950 3.034 3.049 3.021 2.940 2.783 2.568 2.305 1.996 1.640 1.303 1.067 0.972 0.993 1.258 2.015 3.278 4.877 6.295 7.143 7.419 7.358 7.069 6.561 6.057 5.760 5.674 5.700 5.743 5.656 5.439 5.094 4.668 4.185 3.651 3.086 2.562 2.092 1.678 1.323 1.026 0.786 0.602 0.464 0.364 0.295 0.251 0.218 0.187 0.154 0.121
0.000 0.000 0.000 0.000 0.000 0.000 0.000 0.000 0.000 0.000 0.000 0.000 0.000 0.000 0.000 0.000 0.001 0.002 0.002 0.005 0.012 0.062 0.389 1.319 2.351 2.877 3.153 3.330 3.422 3.438 3.401 3.303 3.134 2.905 2.625 2.289 1.957 1.727 1.622 1.629 1.820 2.343 3.238 4.355 5.413 6.138 6.444 6.469 6.350 5.971 5.408 4.945 4.761 4.811 5.050 5.261 5.250 5.032 4.642 4.157 3.610 3.055 2.551 2.087 1.670 1.306 1.001 0.754 0.564 0.420 0.314 0.242 0.201 0.181 0.166 0.146 0.117
0.000 0.000 0.000 0.000 0.000 0.000 0.000 0.000 0.000 0.000 0.000 0.000 0.000 0.000 0.000 0.001 0.002 0.003 0.006 0.010 0.016 0.040 0.193 0.833 2.001 2.855 3.260 3.530 3.711 3.796 3.803 3.754 3.646 3.490 3.291 3.034 2.772 2.602 2.525 2.518 2.606 2.872 3.395 4.144 4.846 5.334 5.557 5.583 5.518 5.278 4.826 4.250 3.886 3.822 4.038 4.483 4.761 4.736 4.474 4.055 3.550 3.032 2.558 2.102 1.670 1.293 0.980 0.729 0.532 0.381 0.269 0.189 0.136 0.111 0.101 0.092 0.071
0.000 0.000 0.000 0.000 0.000 0.000 0.000 0.000 0.000 0.000 0.000 0.000 0.000 0.000 0.001 0.002 0.004 0.009 0.015 0.023 0.031 0.046 0.109 0.445 1.432 2.646 3.275 3.628 3.902 4.069 4.133 4.128 4.076 3.980 3.842 3.653 3.454 3.326 3.273 3.269 3.305 3.427 3.684 4.112 4.530 4.786 4.914 4.941 4.901 4.729 4.370 3.820 3.361 3.150 3.179 3.503 3.951 4.125 4.048 3.786 3.409 2.981 2.564 2.134 1.678 1.282 0.961 0.705 0.501 0.343 0.223 0.135 0.079 0.049 0.036 0.027 0.018
0.000 0.000 0.000 0.000 0.000 0.000 0.000 0.000 0.000 0.000 0.000 0.000 0.000 0.001 0.002 0.005 0.012 0.023 0.038 0.050 0.059 0.067 0.095 0.253 0.894 2.166 3.140 3.637 3.995 4.258 4.397 4.435 4.423 4.375 4.276 4.120 3.951 3.827 3.757 3.733 3.736 3.777 3.890 4.112 4.348 4.469 4.498 4.499 4.443 4.293 3.992 3.521 3.061 2.766 2.652 2.738 3.013 3.235 3.315 3.255 3.063 2.763 2.414 2.028 1.597 1.209 0.896 0.648 0.446 0.282 0.158 0.078 0.037 0.019 0.011 0.007 0.004
0.000 0.000 0.000 0.000 0.000 0.000 0.000 0.000 0.000 0.000 0.000 0.000 0.001 0.002 0.005 0.014 0.031 0.055 0.082 0.099 0.107 0.111 0.121 0.201 0.600 1.622 2.787 3.505 3.982 4.332 4.564 4.669 4.691 4.675 4.598 4.441 4.273 4.146 4.050 3.985 3.943 3.930 3.959 4.064 4.199 4.256 4.237 4.186 4.091 3.926 3.666 3.271 2.848 2.544 2.354 2.281 2.293 2.334 2.349 2.340 2.282 2.113 1.823 1.482 1.159 0.869 0.627 0.435 0.279 0.155 0.074 0.031 0.014 0.007 0.004 0.002 0.001
0.000 0.000 0.000 0.000 0.000 0.000 0.000 0.000 0.000 0.000 0.000 0.000 0.001 0.004 0.013 0.034 0.069 0.113 0.153 0.178 0.188 0.188 0.188 0.235 0.505 1.236 2.299 3.173 3.840 4.325 4.661 4.834 4.875 4.864 4.796 4.635 4.443 4.313 4.215 4.115 4.024 3.967 3.967 4.004 4.055 4.053 4.004 3.920 3.787 3.615 3.371 3.034 2.650 2.353 2.135 1.978 1.843 1.715 1.580 1.434 1.294 1.129 0.902 0.666 0.485 0.345 0.237 0.153 0.090 0.047 0.022 0.010 0.005 0.003 0.002 0.001 0.001
0.000 0.000 0.000 0.000 0.000 0.000 0.000 0.000 0.000 0.000 0.000 0.000 0.002 0.009 0.029 0.070 0.130 0.199 0.257 0.297 0.317 0.322 0.321 0.349 0.549 1.086 1.924 2.788 3.554 4.187 4.635 4.894 4.968 4.945 4.872 4.725 4.530 4.395 4.280 4.168 4.050 3.949 3.905 3.893 3.888 3.852 3.771 3.665 3.507 3.325 3.090 2.791 2.438 2.147 1.911 1.708 1.513 1.312 1.088 0.860 0.662 0.493 0.343 0.225 0.144 0.093 0.060 0.037 0.021 0.012 0.006 0.004 0.002 0.001 0.001 0.001 0.001
0.000 0.000 0.000 0.000 0.000 0.000 0.000 0.000 0.000 0.000 0.000 0.001 0.003 0.014 0.047 0.115 0.209 0.311 0.399 0.466 0.509 0.533 0.548 0.578 0.719 1.117 1.770 2.544 3.292 3.965 4.500 4.844 4.970 4.950 4.876 4.747 4.564 4.424 4.299 4.171 4.028 3.886 3.777 3.728 3.692 3.634 3.527 3.396 3.231 3.037 2.804 2.527 2.198 1.901 1.656 1.432 1.206 0.960 0.702 0.476 0.307 0.191 0.115 0.068 0.040 0.024 0.015 0.009 0.006 0.004 0.002 0.002 0.001 0.001 0.001 0.001 0.000
0.000 0.000 0.000 0.000 0.000 0.000 0.000 0.000 0.000 0.000 0.000 0.001 0.004 0.015 0.054 0.142 0.283 0.445 0.584 0.694 0.775 0.833 0.885 0.941 1.054 1.321 1.811 2.479 3.169 3.770 4.301 4.694 4.885 4.891 4.844 4.726 4.569 4.424 4.298 4.140 3.944 3.744 3.582 3.504 3.437 3.354 3.231 3.093 2.928 2.736 2.507 2.235 1.919 1.597 1.321 1.064 0.808 0.555 0.345 0.202 0.113 0.061 0.034 0.019 0.011 0.006 0.004 0.003 0.002 0.001 0.001 0.001 0.001 0.000 0.000 0.000 0.000
0.000 0.000 0.000 0.000 0.000 0.000 0.000 0.000 0.000 0.000 0.000 0.001 0.003 0.015 0.052 0.149 0.331 0.585 0.814 0.993 1.132 1.240 1.337 1.433 1.550 1.740 2.072 2.576 3.176 3.695 4.127 4.472 4.689 4.728 4.718 4.634 4.515 4.389 4.235 4.036 3.796 3.531 3.314 3.179 3.070 2.980 2.865 2.734 2.584 2.405 2.188 1.914 1.582 1.192 0.835 0.556 0.347 0.198 0.104 0.053 0.029 0.016 0.009 0.005 0.003 0.002 0.001 0.001 0.001 0.001 0.001 0.000 0.000 0.000 0.000 0.000 0.000
0.000 0.000 0.000 0.000 0.000 0.000 0.000 0.000 0.000 0.000 0.000 0.000 0.002 0.011 0.043 0.140 0.358 0.721 1.097 1.372 1.592 1.766 1.910 2.043 2.178 2.332 2.546 2.871 3.307 3.723 4.045 4.279 4.437 4.493 4.494 4.443 4.364 4.255 4.081 3.859 3.581 3.256 2.964 2.753 2.597 2.495 2.406 2.305 2.186 2.031 1.826 1.550 1.180 0.753 0.421 0.217 0.102 0.044 0.019 0.010 0.006 0.003 0.002 0.001 0.001 0.001 0.000 0.000 0.000 0.000 0.000 0.000 0.000 0.000 0.000 0.000 0.000
0.000 0.000 0.000 0.000 0.000 0.000 0.000 0.000 0.000 0.000 0.000 0.000 0.001 0.006 0.031 0.123 0.375 0.839 1.418 1.857 2.180 2.424 2.614 2.773 2.910 3.033 3.169 3.353 3.605 3.843 4.016 4.137 4.206 4.241 4.225 4.176 4.102 3.996 3.827 3.602 3.310 2.940 2.557 2.258 2.040 1.897 1.800 1.715 1.609 1.457 1.249 0.978 0.642 0.342 0.161 0.067 0.025 0.009 0.003 0.002 0.001 0.001 0.000 0.000 0.000 0.000 0.000 0.000 0.000 0.000 0.000 0.000 0.000 0.000 0.000 0.000 0.000
0.000 0.000 0.000 0.000 0.000 0.000 0.000 0.000 0.000 0.000 0.000 0.000 0.001 0.004 0.022 0.112 0.395 0.937 1.672 2.355 2.878 3.225 3.455 3.625 3.752 3.841 3.916 3.986 4.051 4.072 4.067 4.057 4.015 3.978 3.914 3.839 3.752 3.640 3.476 3.260 2.974 2.608 2.189 1.825 1.539 1.334 1.172 1.025 0.878 0.717 0.545 0.370 0.207 0.097 0.040 0.015 0.005 0.002 0.001 0.001 0.000 0.000 0.000 0.000 0.000 0.000 0.000 0.000 0.000 0.000 0.000 0.000 0.000 0.000 0.000 0.000 0.000
0.000 0.000 0.000 0.000 0.000 0.000 0.000 0.000 0.000 0.000 0.000 0.000 0.001 0.003 0.018 0.105 0.414 1.012 1.811 2.689 3.477 4.023 4.355 4.552 4.662 4.708 4.713 4.661 4.549 4.367 4.161 3.988 3.829 3.677 3.546 3.441 3.331 3.209 3.054 2.852 2.589 2.257 1.862 1.476 1.151 0.903 0.706 0.538 0.391 0.266 0.165 0.090 0.042 0.018 0.007 0.003 0.001 0.000 0.000 0.000 0.000 0.000 0.000 0.000 0.000 0.000 0.000 0.000 0.000 0.000 0.000 0.000 0.000 0.000 0.000 0.000 0.000
0.000 0.000 0.000 0.000 0.000 0.000 0.000 0.000 0.000 0.000 0.000 0.000 0.001 0.002 0.017 0.104 0.428 1.051 1.867 2.833 3.878 4.667 5.150 5.392 5.472 5.464 5.395 5.214 4.929 4.576 4.235 3.922 3.621 3.340 3.126 2.980 2.864 2.745 2.601 2.415 2.185 1.901 1.557 1.184 0.853 0.596 0.404 0.261 0.158 0.089 0.045 0.020 0.008 0.003 0.001 0.001 0.000 0.000 0.000 0.000 0.000 0.000 0.000 0.000 0.000 0.000 0.000 0.000 0.000 0.000 0.000 0.000 0.000 0.000 0.000 0.000 0.000
0.000 0.000 0.000 0.000 0.000 0.000 0.000 0.000 0.000 0.000 0.000 0.000 0.001 0.003 0.017 0.105 0.431 1.057 1.874 2.857 4.075 5.138 5.798 6.099 6.164 6.114 5.945 5.621 5.176 4.705 4.280 3.859 3.416 2.988 2.647 2.417 2.281 2.174 2.055 1.906 1.728 1.518 1.245 0.912 0.605 0.377 0.224 0.126 0.065 0.031 0.013 0.005 0.002 0.001 0.000 0.000 0.000 0.000 0.000 0.000 0.000 0.000 0.000 0.000 0.000 0.000 0.000 0.000 0.000 0.000 0.000 0.000 0.000 0.000 0.000 0.000 0.000
0.000 0.000 0.000 0.000 0.000 0.000 0.000 0.000 0.000 0.000 0.001 0.002 0.003 0.005 0.017 0.097 0.401 1.006 1.821 2.806 4.065 5.346 6.192 6.574 6.641 6.553 6.260 5.805 5.265 4.740 4.254 3.753 3.198 2.613 2.104 1.724 1.494 1.350 1.231 1.120 1.024 0.934 0.804 0.593 0.368 0.212 0.114 0.057 0.027 0.011 0.004 0.001 0.001 0.000 0.000 0.000 0.000 0.000 0.000 0.000 0.000 0.000 0.000 0.000 0.000 0.000 0.000 0.000 0.000 0.000 0.000 0.000 0.000 0.000 0.000 0.000 0.000
0.000 0.000 0.000 0.001 0.001 0.001 0.001 0.001 0.002 0.002 0.003 0.004 0.005 0.007 0.012 0.058 0.283 0.806 1.599 2.597 3.882 5.330 6.315 6.780 6.859 6.734 6.373 5.859 5.298 4.735 4.167 3.558 2.887 2.177 1.553 1.087 0.790 0.609 0.489 0.408 0.366 0.349 0.329 0.268 0.172 0.095 0.048 0.023 0.010 0.004 0.001 0.001 0.000 0.000 0.000 0.000 0.000 0.000 0.000 0.000 0.000 0.000 0.000 0.000 0.000 0.000 0.000 0.000 0.000 0.000 0.000 0.000 0.000 0.000 0.000 0.000 0.000
