RESULTS/r.avaflow_results/32_results/32_ascii/32_hflow10029.asc
ncols 506
nrows 317
xllcenter 498237.50
yllcenter 5580050.00
cellsize 12.50
NODATA_value -9999.000
[rows 170 to 203 of 317, columns 77 to 153 of 506]
0.000 0.000 0.000 0.000 0.000 0.000 0.000 0.000 0.000 0.000 0.000 0.000 0.000 0.000 0.000 0.000 0.000 0.000 0.000 0.000 0.000 0.000 0.001 0.005 0.014 0.024 0.028 0.029 0.029 0.029 0.028 0.027 0.024 0.020 0.019 0.019 0.024 0.038 0.058 0.066 0.066 0.058 0.046 0.041 0.042 0.052 0.071 0.100 0.150 0.258 0.474 0.886 1.670 2.644 3.208 3.308 3.284 3.323 3.401 3.424 3.391 3.270 3.065 2.749 2.333 1.861 1.451 1.122 0.856 0.645 0.483 0.360 0.269 0.200 0.148 0.109 0.079
0.000 0.000 0.000 0.000 0.000 0.000 0.000 0.000 0.000 0.000 0.000 0.000 0.000 0.000 0.000 0.000 0.000 0.001 0.001 0.002 0.002 0.003 0.007 0.017 0.032 0.042 0.046 0.046 0.046 0.046 0.045 0.043 0.039 0.033 0.031 0.032 0.041 0.065 0.092 0.102 0.100 0.090 0.078 0.077 0.092 0.142 0.227 0.346 0.547 0.888 1.407 2.189 3.091 3.700 3.878 3.840 3.782 3.772 3.789 3.782 3.719 3.558 3.289 2.915 2.431 1.927 1.508 1.167 0.895 0.680 0.515 0.388 0.292 0.217 0.160 0.117 0.085
0.000 0.000 0.000 0.000 0.000 0.000 0.000 0.000 0.000 0.000 0.000 0.000 0.000 0.000 0.000 0.001 0.001 0.003 0.004 0.006 0.009 0.014 0.025 0.043 0.059 0.067 0.070 0.071 0.071 0.071 0.069 0.066 0.060 0.052 0.050 0.052 0.065 0.098 0.134 0.150 0.153 0.148 0.146 0.168 0.259 0.445 0.693 1.005 1.469 2.154 2.946 3.663 4.117 4.276 4.253 4.194 4.146 4.099 4.071 4.030 3.934 3.746 3.430 3.006 2.478 1.967 1.547 1.203 0.931 0.714 0.544 0.411 0.308 0.228 0.168 0.123 0.089
0.000 0.000 0.000 0.000 0.000 0.000 0.000 0.000 0.000 0.000 0.000 0.000 0.000 0.000 0.001 0.002 0.004 0.007 0.011 0.016 0.023 0.036 0.058 0.081 0.095 0.100 0.103 0.104 0.104 0.104 0.103 0.098 0.089 0.079 0.075 0.078 0.094 0.133 0.181 0.217 0.244 0.269 0.310 0.440 0.731 1.158 1.643 2.201 2.925 3.701 4.317 4.663 4.757 4.696 4.554 4.456 4.396 4.331 4.276 4.205 4.084 3.865 3.519 3.056 2.497 1.990 1.572 1.230 0.959 0.739 0.565 0.425 0.319 0.235 0.173 0.126 0.091
0.000 0.000 0.000 0.000 0.000 0.000 0.000 0.000 0.000 0.000 0.000 0.000 0.000 0.001 0.002 0.004 0.008 0.014 0.022 0.032 0.048 0.072 0.103 0.126 0.138 0.145 0.148 0.150 0.150 0.149 0.147 0.141 0.129 0.114 0.109 0.111 0.127 0.169 0.236 0.315 0.400 0.504 0.693 1.080 1.678 2.372 3.055 3.703 4.319 4.823 5.153 5.259 5.228 5.069 4.807 4.648 4.566 4.490 4.421 4.339 4.188 3.944 3.568 3.068 2.501 2.004 1.590 1.249 0.976 0.752 0.575 0.433 0.324 0.239 0.176 0.128 0.093
0.000 0.000 0.000 0.000 0.000 0.000 0.000 0.000 0.000 0.000 0.000 0.000 0.000 0.001 0.004 0.008 0.015 0.025 0.038 0.057 0.083 0.120 0.157 0.181 0.195 0.204 0.209 0.211 0.211 0.210 0.207 0.199 0.184 0.161 0.150 0.150 0.165 0.212 0.307 0.451 0.635 0.899 1.400 2.209 3.120 3.941 4.528 4.946 5.303 5.556 5.674 5.681 5.608 5.384 5.040 4.792 4.670 4.605 4.544 4.447 4.271 4.001 3.593 3.068 2.497 2.006 1.598 1.258 0.982 0.756 0.578 0.435 0.326 0.241 0.177 0.129 0.093
0.000 0.000 0.000 0.000 0.000 0.000 0.000 0.000 0.000 0.000 0.000 0.000 0.000 0.002 0.006 0.014 0.024 0.040 0.061 0.090 0.131 0.182 0.224 0.253 0.272 0.283 0.290 0.293 0.293 0.292 0.287 0.276 0.255 0.221 0.197 0.192 0.204 0.253 0.367 0.575 0.906 1.451 2.453 3.742 4.744 5.382 5.708 5.887 6.017 6.085 6.089 6.033 5.891 5.633 5.263 4.935 4.751 4.683 4.634 4.532 4.341 4.035 3.598 3.055 2.490 2.005 1.596 1.254 0.978 0.753 0.574 0.432 0.324 0.240 0.176 0.128 0.093
0.000 0.000 0.000 0.000 0.000 0.000 0.000 0.000 0.000 0.000 0.000 0.000 0.000 0.002 0.008 0.017 0.031 0.055 0.089 0.135 0.196 0.263 0.316 0.352 0.375 0.389 0.397 0.400 0.401 0.399 0.393 0.377 0.348 0.299 0.252 0.235 0.240 0.282 0.399 0.645 1.095 1.944 3.493 5.096 6.064 6.507 6.614 6.620 6.572 6.499 6.423 6.301 6.103 5.832 5.473 5.108 4.876 4.781 4.720 4.604 4.380 4.042 3.585 3.025 2.461 1.977 1.571 1.234 0.961 0.739 0.561 0.424 0.317 0.236 0.174 0.126 0.092
0.000 0.000 0.000 0.000 0.000 0.000 0.000 0.000 0.000 0.000 0.000 0.000 0.000 0.002 0.008 0.018 0.034 0.062 0.109 0.183 0.281 0.373 0.441 0.488 0.516 0.532 0.539 0.542 0.542 0.538 0.528 0.507 0.468 0.399 0.321 0.280 0.274 0.301 0.408 0.674 1.211 2.275 4.235 6.083 7.026 7.309 7.287 7.161 6.967 6.792 6.648 6.487 6.263 5.997 5.677 5.309 5.051 4.910 4.795 4.635 4.370 4.010 3.530 2.956 2.394 1.922 1.525 1.197 0.929 0.713 0.541 0.409 0.306 0.228 0.169 0.123 0.089
0.000 0.000 0.000 0.000 0.000 0.000 0.000 0.000 0.000 0.000 0.000 0.000 0.000 0.002 0.008 0.017 0.034 0.063 0.115 0.209 0.362 0.517 0.610 0.670 0.704 0.721 0.726 0.726 0.724 0.717 0.701 0.673 0.619 0.529 0.409 0.331 0.306 0.319 0.409 0.679 1.286 2.474 4.634 6.722 7.677 7.847 7.756 7.506 7.201 6.967 6.770 6.581 6.366 6.129 5.845 5.497 5.211 5.014 4.837 4.618 4.310 3.912 3.403 2.825 2.289 1.838 1.457 1.142 0.884 0.676 0.513 0.388 0.292 0.218 0.161 0.118 0.086
0.000 0.000 0.000 0.000 0.000 0.000 0.000 0.000 0.000 0.000 0.000 0.000 0.000 0.002 0.006 0.015 0.031 0.058 0.109 0.208 0.389 0.653 0.833 0.906 0.945 0.961 0.965 0.963 0.957 0.945 0.922 0.883 0.809 0.692 0.527 0.396 0.341 0.340 0.408 0.671 1.336 2.594 4.729 6.978 8.052 8.192 8.020 7.661 7.316 7.037 6.816 6.615 6.424 6.219 5.969 5.651 5.336 5.088 4.855 4.569 4.200 3.742 3.198 2.633 2.141 1.718 1.362 1.065 0.824 0.630 0.479 0.363 0.275 0.206 0.152 0.111 0.080
0.000 0.000 0.000 0.000 0.000 0.000 0.000 0.000 0.000 0.000 0.000 0.000 0.000 0.001 0.004 0.009 0.019 0.038 0.078 0.166 0.351 0.692 1.050 1.204 1.246 1.263 1.266 1.264 1.252 1.233 1.200 1.143 1.045 0.898 0.691 0.496 0.395 0.374 0.420 0.667 1.377 2.684 4.689 6.960 8.172 8.366 8.134 7.715 7.349 7.042 6.816 6.618 6.443 6.263 6.047 5.766 5.432 5.128 4.827 4.485 4.053 3.520 2.928 2.388 1.939 1.556 1.235 0.968 0.752 0.578 0.442 0.338 0.257 0.194 0.143 0.104 0.075
0.000 0.000 0.000 0.000 0.000 0.000 0.000 0.000 0.000 0.000 0.000 0.000 0.000 0.000 0.001 0.003 0.006 0.013 0.029 0.078 0.231 0.598 1.156 1.503 1.606 1.633 1.638 1.633 1.620 1.592 1.543 1.462 1.338 1.162 0.917 0.662 0.500 0.447 0.472 0.700 1.435 2.773 4.622 6.767 8.079 8.373 8.159 7.708 7.304 6.994 6.762 6.595 6.442 6.280 6.086 5.828 5.496 5.132 4.763 4.363 3.868 3.269 2.668 2.159 1.737 1.385 1.095 0.858 0.669 0.520 0.403 0.313 0.241 0.182 0.135 0.099 0.072
0.000 0.000 0.000 0.000 0.000 0.000 0.000 0.000 0.000 0.000 0.000 0.000 0.000 0.000 0.000 0.001 0.001 0.003 0.006 0.021 0.098 0.408 1.086 1.713 1.980 2.070 2.087 2.080 2.061 2.021 1.952 1.849 1.701 1.498 1.231 0.932 0.708 0.607 0.610 0.813 1.540 2.886 4.611 6.416 7.693 8.144 8.047 7.680 7.224 6.870 6.633 6.485 6.360 6.231 6.079 5.847 5.518 5.124 4.694 4.220 3.662 3.042 2.473 1.992 1.591 1.260 0.987 0.766 0.594 0.461 0.361 0.285 0.223 0.172 0.130 0.096 0.070
0.000 0.000 0.000 0.000 0.000 0.000 0.000 0.000 0.000 0.000 0.000 0.000 0.000 0.000 0.000 0.000 0.001 0.001 0.002 0.005 0.036 0.235 0.894 1.798 2.267 2.476 2.568 2.583 2.561 2.515 2.434 2.310 2.143 1.925 1.652 1.332 1.071 0.920 0.896 1.063 1.726 3.014 4.588 5.936 7.012 7.589 7.675 7.488 7.084 6.667 6.370 6.215 6.156 6.124 6.027 5.818 5.509 5.113 4.640 4.109 3.499 2.877 2.334 1.874 1.490 1.170 0.906 0.693 0.527 0.403 0.314 0.250 0.203 0.162 0.126 0.095 0.070
0.000 0.000 0.000 0.000 0.000 0.000 0.000 0.000 0.000 0.000 0.000 0.000 0.000 0.000 0.000 0.000 0.000 0.001 0.001 0.003 0.015 0.121 0.634 1.653 2.402 2.759 2.955 3.056 3.081 3.057 2.992 2.864 2.687 2.469 2.200 1.897 1.640 1.470 1.424 1.549 2.076 3.144 4.459 5.439 6.247 6.807 7.040 7.012 6.785 6.365 5.944 5.706 5.647 5.693 5.749 5.663 5.441 5.075 4.590 4.023 3.380 2.768 2.235 1.787 1.413 1.101 0.840 0.631 0.470 0.348 0.261 0.203 0.169 0.144 0.120 0.096 0.071
0.000 0.000 0.000 0.000 0.000 0.000 0.000 0.000 0.000 0.000 0.000 0.000 0.000 0.000 0.000 0.000 0.001 0.001 0.002 0.004 0.011 0.059 0.376 1.285 2.335 2.901 3.215 3.420 3.538 3.570 3.543 3.465 3.324 3.132 2.896 2.642 2.442 2.316 2.272 2.335 2.653 3.358 4.348 5.100 5.646 6.026 6.246 6.284 6.211 5.902 5.388 4.937 4.762 4.816 5.043 5.224 5.192 4.946 4.500 3.933 3.286 2.691 2.171 1.727 1.354 1.043 0.785 0.578 0.419 0.299 0.210 0.149 0.116 0.104 0.097 0.086 0.068
0.000 0.000 0.000 0.000 0.000 0.000 0.000 0.000 0.000 0.000 0.000 0.000 0.000 0.000 0.000 0.001 0.001 0.002 0.005 0.008 0.015 0.039 0.196 0.840 2.032 2.921 3.365 3.672 3.888 4.000 4.022 3.988 3.904 3.778 3.613 3.426 3.287 3.215 3.199 3.228 3.379 3.739 4.339 4.895 5.247 5.446 5.552 5.582 5.522 5.290 4.845 4.255 3.871 3.794 3.999 4.403 4.641 4.584 4.270 3.779 3.189 2.628 2.135 1.693 1.310 0.991 0.732 0.529 0.373 0.254 0.167 0.105 0.067 0.051 0.049 0.048 0.040
0.000 0.000 0.000 0.000 0.000 0.000 0.000 0.000 0.000 0.000 0.000 0.000 0.000 0.000 0.001 0.002 0.003 0.007 0.012 0.019 0.028 0.046 0.117 0.476 1.504 2.744 3.404 3.802 4.118 4.318 4.404 4.412 4.377 4.308 4.199 4.050 3.929 3.861 3.840 3.853 3.920 4.092 4.400 4.756 4.966 5.039 5.055 5.043 4.983 4.780 4.399 3.822 3.329 3.088 3.100 3.378 3.765 3.909 3.794 3.476 3.030 2.547 2.104 1.676 1.274 0.941 0.680 0.480 0.326 0.210 0.125 0.068 0.035 0.021 0.016 0.013 0.010
0.000 0.000 0.000 0.000 0.000 0.000 0.000 0.000 0.000 0.000 0.000 0.000 0.000 0.001 0.002 0.004 0.009 0.018 0.030 0.043 0.054 0.067 0.105 0.292 0.993 2.309 3.295 3.828 4.234 4.533 4.697 4.748 4.745 4.710 4.630 4.505 4.386 4.296 4.244 4.226 4.233 4.277 4.400 4.595 4.714 4.730 4.711 4.635 4.548 4.349 4.010 3.507 3.011 2.674 2.532 2.579 2.786 2.962 3.016 2.926 2.684 2.328 1.941 1.547 1.167 0.842 0.592 0.406 0.262 0.152 0.077 0.035 0.016 0.009 0.005 0.004 0.002
0.000 0.000 0.000 0.000 0.000 0.000 0.000 0.000 0.000 0.000 0.000 0.000 0.000 0.001 0.004 0.010 0.023 0.042 0.067 0.087 0.100 0.111 0.132 0.241 0.707 1.806 2.985 3.714 4.224 4.611 4.873 4.991 5.013 4.992 4.922 4.801 4.667 4.556 4.473 4.412 4.365 4.345 4.378 4.451 4.490 4.469 4.415 4.307 4.179 3.968 3.657 3.235 2.774 2.429 2.206 2.096 2.059 2.061 2.043 2.012 1.924 1.719 1.398 1.063 0.780 0.545 0.365 0.235 0.138 0.071 0.032 0.014 0.007 0.004 0.002 0.001 0.001
0.000 0.000 0.000 0.000 0.000 0.000 0.000 0.000 0.000 0.000 0.000 0.000 0.001 0.003 0.009 0.025 0.051 0.086 0.127 0.158 0.177 0.189 0.203 0.278 0.611 1.428 2.539 3.426 4.110 4.614 4.963 5.144 5.182 5.161 5.081 4.958 4.816 4.691 4.581 4.483 4.396 4.340 4.312 4.293 4.269 4.216 4.125 3.995 3.839 3.620 3.332 2.968 2.551 2.216 1.968 1.775 1.609 1.453 1.306 1.167 1.031 0.867 0.646 0.440 0.295 0.194 0.123 0.075 0.042 0.022 0.011 0.005 0.003 0.002 0.001 0.001 0.001
0.000 0.000 0.000 0.000 0.000 0.000 0.000 0.000 0.000 0.000 0.000 0.000 0.002 0.006 0.021 0.051 0.097 0.153 0.214 0.265 0.300 0.322 0.342 0.399 0.655 1.267 2.171 3.066 3.861 4.498 4.940 5.192 5.261 5.237 5.158 5.012 4.859 4.742 4.627 4.508 4.390 4.265 4.168 4.103 4.031 3.953 3.833 3.684 3.507 3.290 3.019 2.689 2.310 1.985 1.722 1.496 1.283 1.067 0.854 0.661 0.496 0.355 0.229 0.138 0.082 0.050 0.031 0.019 0.011 0.007 0.004 0.002 0.001 0.001 0.001 0.001 0.000
0.000 0.000 0.000 0.000 0.000 0.000 0.000 0.000 0.000 0.000 0.000 0.001 0.002 0.009 0.032 0.082 0.154 0.238 0.333 0.416 0.480 0.529 0.573 0.636 0.827 1.291 2.009 2.824 3.602 4.287 4.813 5.134 5.248 5.235 5.167 5.030 4.862 4.730 4.598 4.470 4.318 4.130 3.962 3.862 3.761 3.657 3.517 3.359 3.172 2.963 2.698 2.392 2.039 1.715 1.444 1.210 0.982 0.748 0.530 0.351 0.219 0.130 0.073 0.041 0.023 0.014 0.009 0.006 0.004 0.003 0.002 0.001 0.001 0.001 0.000 0.000 0.000
0.000 0.000 0.000 0.000 0.000 0.000 0.000 0.000 0.000 0.000 0.000 0.000 0.002 0.010 0.036 0.100 0.205 0.337 0.484 0.617 0.726 0.818 0.906 1.002 1.161 1.487 2.037 2.754 3.459 4.070 4.598 4.970 5.139 5.152 5.112 4.998 4.836 4.693 4.558 4.382 4.160 3.904 3.684 3.539 3.412 3.292 3.148 2.992 2.809 2.609 2.361 2.073 1.734 1.397 1.111 0.863 0.630 0.421 0.257 0.146 0.078 0.041 0.022 0.012 0.007 0.004 0.003 0.002 0.002 0.001 0.001 0.001 0.000 0.000 0.000 0.000 0.000
0.000 0.000 0.000 0.000 0.000 0.000 0.000 0.000 0.000 0.000 0.000 0.000 0.002 0.010 0.035 0.103 0.238 0.439 0.672 0.879 1.053 1.202 1.341 1.482 1.645 1.886 2.273 2.831 3.445 3.950 4.382 4.718 4.911 4.944 4.933 4.855 4.738 4.590 4.426 4.195 3.916 3.586 3.313 3.115 2.962 2.836 2.699 2.555 2.396 2.216 1.997 1.727 1.397 1.033 0.716 0.467 0.285 0.159 0.081 0.040 0.021 0.011 0.006 0.003 0.002 0.001 0.001 0.001 0.001 0.001 0.000 0.000 0.000 0.000 0.000 0.000 0.000
0.000 0.000 0.000 0.000 0.000 0.000 0.000 0.000 0.000 0.000 0.000 0.000 0.002 0.007 0.029 0.096 0.258 0.543 0.903 1.210 1.471 1.691 1.881 2.058 2.235 2.436 2.698 3.070 3.524 3.904 4.205 4.433 4.582 4.626 4.621 4.571 4.493 4.372 4.177 3.917 3.590 3.197 2.848 2.590 2.401 2.271 2.163 2.052 1.930 1.782 1.592 1.344 1.021 0.664 0.384 0.202 0.095 0.040 0.016 0.008 0.004 0.002 0.001 0.001 0.001 0.001 0.000 0.000 0.000 0.000 0.000 0.000 0.000 0.000 0.000 0.000 0.000
0.000 0.000 0.000 0.000 0.000 0.000 0.000 0.000 0.000 0.000 0.000 0.000 0.001 0.004 0.021 0.084 0.273 0.645 1.168 1.633 2.001 2.296 2.534 2.736 2.913 3.073 3.244 3.464 3.720 3.915 4.050 4.151 4.217 4.243 4.233 4.182 4.113 4.000 3.802 3.542 3.201 2.773 2.354 2.035 1.798 1.636 1.523 1.431 1.326 1.191 1.017 0.802 0.540 0.303 0.151 0.066 0.025 0.009 0.003 0.001 0.001 0.001 0.000 0.000 0.000 0.000 0.000 0.000 0.000 0.000 0.000 0.000 0.000 0.000 0.000 0.000 0.000
0.000 0.000 0.000 0.000 0.000 0.000 0.000 0.000 0.000 0.000 0.000 0.000 0.001 0.002 0.015 0.076 0.290 0.734 1.384 2.078 2.640 3.030 3.308 3.521 3.682 3.796 3.891 3.970 4.017 4.005 3.951 3.902 3.865 3.827 3.776 3.704 3.619 3.496 3.312 3.068 2.751 2.346 1.919 1.570 1.298 1.101 0.948 0.814 0.684 0.552 0.419 0.292 0.171 0.085 0.037 0.015 0.005 0.002 0.001 0.001 0.000 0.000 0.000 0.000 0.000 0.000 0.000 0.000 0.000 0.000 0.000 0.000 0.000 0.000 0.000 0.000 0.000
0.000 0.000 0.000 0.000 0.000 0.000 0.000 0.000 0.000 0.000 0.000 0.000 0.000 0.002 0.011 0.071 0.302 0.797 1.515 2.375 3.214 3.810 4.173 4.390 4.524 4.590 4.604 4.535 4.378 4.134 3.882 3.676 3.499 3.355 3.241 3.141 3.034 2.908 2.744 2.527 2.254 1.913 1.535 1.196 0.916 0.706 0.541 0.404 0.288 0.193 0.120 0.067 0.033 0.015 0.006 0.003 0.001 0.000 0.000 0.000 0.000 0.000 0.000 0.000 0.000 0.000 0.000 0.000 0.000 0.000 0.000 0.000 0.000 0.000 0.000 0.000 0.000
0.000 0.000 0.000 0.000 0.000 0.000 0.000 0.000 0.000 0.000 0.000 0.000 0.000 0.001 0.010 0.067 0.306 0.825 1.572 2.504 3.600 4.480 5.011 5.273 5.361 5.346 5.241 5.000 4.632 4.209 3.829 3.484 3.152 2.866 2.654 2.512 2.395 2.276 2.134 1.955 1.739 1.482 1.186 0.889 0.632 0.436 0.291 0.185 0.110 0.061 0.031 0.014 0.006 0.002 0.001 0.001 0.000 0.000 0.000 0.000 0.000 0.000 0.000 0.000 0.000 0.000 0.000 0.000 0.000 0.000 0.000 0.000 0.000 0.000 0.000 0.000 0.000
0.000 0.000 0.000 0.000 0.000 0.000 0.000 0.000 0.000 0.000 0.000 0.000 0.001 0.002 0.010 0.065 0.301 0.820 1.575 2.528 3.781 4.974 5.713 6.035 6.092 6.009 5.762 5.340 4.796 4.267 3.792 3.325 2.860 2.437 2.093 1.853 1.703 1.588 1.474 1.345 1.202 1.043 0.845 0.616 0.412 0.258 0.152 0.084 0.043 0.020 0.009 0.003 0.001 0.001 0.000 0.000 0.000 0.000 0.000 0.000 0.000 0.000 0.000 0.000 0.000 0.000 0.000 0.000 0.000 0.000 0.000 0.000 0.000 0.000 0.000 0.000 0.000
0.000 0.000 0.000 0.000 0.000 0.000 0.000 0.000 0.000 0.000 0.000 0.001 0.002 0.004 0.010 0.053 0.255 0.745 1.506 2.484 3.785 5.211 6.158 6.556 6.606 6.449 6.049 5.485 4.852 4.269 3.720 3.157 2.581 2.044 1.581 1.232 1.010 0.868 0.760 0.672 0.605 0.546 0.470 0.356 0.231 0.135 0.073 0.037 0.017 0.007 0.003 0.001 0.001 0.000 0.000 0.000 0.000 0.000 0.000 0.000 0.000 0.000 0.000 0.000 0.000 0.000 0.000 0.000 0.000 0.000 0.000 0.000 0.000 0.000 0.000 0.000 0.000
0.000 0.000 0.000 0.000 0.000 0.000 0.000 0.000 0.001 0.001 0.002 0.003 0.005 0.006 0.008 0.023 0.135 0.508 1.206 2.192 3.518 5.101 6.240 6.740 6.807 6.604 6.128 5.513 4.861 4.235 3.600 2.928 2.252 1.630 1.107 0.731 0.500 0.361 0.276 0.222 0.198 0.189 0.180 0.151 0.101 0.058 0.030 0.014 0.006 0.002 0.001 0.001 0.000 0.000 0.000 0.000 0.000 0.000 0.000 0.000 0.000 0.000 0.000 0.000 0.000 0.000 0.000 0.000 0.000 0.000 0.000 0.000 0.000 0.000 0.000 0.000 0.000
