RESULTS/r.avaflow_results/32_results/32_ascii/32_hflow10050.asc
ncols 506
nrows 317
xllcenter 498237.50
yllcenter 5580050.00
cellsize 12.50
NODATA_value -9999.000
[rows 170 to 203 of 317, columns 77 to 153 of 506]
0.000 0.000 0.000 0.000 0.000 0.000 0.000 0.000 0.000 0.000 0.000 0.000 0.000 0.000 0.001 0.001 0.002 0.002 0.002 0.002 0.002 0.002 0.003 0.009 0.027 0.050 0.059 0.060 0.059 0.056 0.051 0.044 0.035 0.024 0.016 0.011 0.008 0.007 0.006 0.005 0.004 0.004 0.004 0.005 0.013 0.032 0.068 0.115 0.189 0.332 0.603 1.100 2.034 3.146 3.765 3.882 3.840 3.865 3.939 3.964 3.941 3.837 3.636 3.347 2.951 2.460 1.996 1.608 1.284 1.015 0.796 0.623 0.490 0.386 0.305 0.240 0.188
0.000 0.000 0.000 0.000 0.000 0.000 0.000 0.000 0.000 0.000 0.000 0.000 0.000 0.001 0.003 0.005 0.007 0.009 0.010 0.011 0.011 0.012 0.018 0.036 0.065 0.087 0.092 0.091 0.088 0.084 0.076 0.066 0.051 0.035 0.024 0.017 0.014 0.011 0.010 0.009 0.008 0.008 0.010 0.021 0.057 0.143 0.272 0.434 0.682 1.084 1.683 2.559 3.531 4.169 4.361 4.329 4.247 4.230 4.241 4.230 4.177 4.046 3.812 3.464 3.023 2.496 2.027 1.634 1.306 1.037 0.822 0.653 0.520 0.412 0.326 0.256 0.201
0.000 0.000 0.000 0.000 0.000 0.000 0.000 0.000 0.000 0.000 0.000 0.001 0.002 0.004 0.008 0.012 0.017 0.023 0.028 0.032 0.035 0.043 0.063 0.095 0.123 0.134 0.134 0.132 0.128 0.120 0.110 0.094 0.073 0.050 0.035 0.026 0.021 0.019 0.017 0.016 0.016 0.020 0.036 0.094 0.252 0.522 0.843 1.210 1.733 2.480 3.304 4.036 4.498 4.665 4.643 4.579 4.504 4.451 4.424 4.396 4.322 4.163 3.901 3.521 3.044 2.511 2.048 1.659 1.336 1.070 0.857 0.683 0.546 0.430 0.339 0.266 0.209
0.000 0.000 0.000 0.000 0.000 0.000 0.000 0.000 0.000 0.000 0.001 0.002 0.005 0.010 0.016 0.024 0.033 0.044 0.056 0.069 0.083 0.105 0.142 0.177 0.191 0.192 0.190 0.186 0.178 0.168 0.153 0.132 0.102 0.070 0.049 0.037 0.031 0.029 0.028 0.029 0.036 0.062 0.149 0.381 0.808 1.356 1.912 2.517 3.274 4.050 4.650 4.992 5.083 5.003 4.837 4.720 4.641 4.570 4.527 4.480 4.390 4.219 3.937 3.549 3.052 2.522 2.064 1.683 1.364 1.100 0.885 0.704 0.561 0.441 0.347 0.272 0.214
0.000 0.000 0.000 0.000 0.000 0.000 0.000 0.000 0.000 0.000 0.001 0.004 0.009 0.017 0.027 0.040 0.055 0.075 0.097 0.124 0.155 0.197 0.240 0.263 0.267 0.266 0.262 0.255 0.245 0.230 0.210 0.181 0.141 0.098 0.068 0.052 0.044 0.042 0.043 0.053 0.088 0.198 0.506 1.092 1.876 2.671 3.389 4.043 4.654 5.152 5.472 5.573 5.512 5.291 4.970 4.789 4.701 4.632 4.582 4.529 4.431 4.249 3.953 3.549 3.046 2.524 2.076 1.699 1.383 1.118 0.899 0.716 0.568 0.447 0.351 0.276 0.216
0.000 0.000 0.000 0.000 0.000 0.000 0.000 0.000 0.000 0.000 0.002 0.006 0.013 0.023 0.038 0.058 0.084 0.116 0.154 0.199 0.252 0.305 0.342 0.356 0.359 0.357 0.352 0.343 0.330 0.310 0.283 0.245 0.193 0.135 0.093 0.069 0.060 0.059 0.066 0.099 0.199 0.511 1.242 2.342 3.380 4.215 4.811 5.272 5.657 5.912 6.017 6.008 5.864 5.509 5.075 4.804 4.693 4.654 4.619 4.570 4.470 4.278 3.964 3.543 3.038 2.523 2.080 1.706 1.389 1.122 0.902 0.718 0.571 0.450 0.354 0.277 0.217
0.000 0.000 0.000 0.000 0.000 0.000 0.000 0.000 0.000 0.000 0.002 0.006 0.014 0.027 0.045 0.071 0.107 0.156 0.221 0.298 0.369 0.424 0.457 0.468 0.471 0.470 0.465 0.455 0.438 0.413 0.378 0.329 0.263 0.184 0.125 0.091 0.079 0.079 0.093 0.158 0.374 1.023 2.362 3.883 4.895 5.557 5.944 6.208 6.397 6.487 6.492 6.389 6.126 5.674 5.174 4.837 4.682 4.649 4.631 4.592 4.498 4.296 3.964 3.528 3.014 2.512 2.074 1.697 1.382 1.115 0.896 0.713 0.566 0.448 0.352 0.276 0.216
0.000 0.000 0.000 0.000 0.000 0.000 0.000 0.000 0.000 0.000 0.002 0.006 0.015 0.028 0.048 0.077 0.119 0.180 0.268 0.388 0.494 0.560 0.595 0.610 0.614 0.612 0.606 0.594 0.574 0.542 0.498 0.437 0.353 0.250 0.168 0.120 0.101 0.099 0.113 0.189 0.487 1.453 3.368 5.149 6.123 6.615 6.821 6.932 6.986 6.973 6.885 6.677 6.313 5.805 5.275 4.895 4.699 4.660 4.662 4.630 4.526 4.296 3.954 3.498 2.968 2.468 2.033 1.662 1.355 1.091 0.873 0.695 0.552 0.438 0.345 0.271 0.212
0.000 0.000 0.000 0.000 0.000 0.000 0.000 0.000 0.000 0.000 0.002 0.006 0.014 0.028 0.048 0.078 0.122 0.188 0.289 0.440 0.612 0.718 0.767 0.789 0.794 0.793 0.785 0.769 0.742 0.701 0.646 0.571 0.471 0.340 0.226 0.156 0.124 0.117 0.128 0.201 0.517 1.649 4.024 6.107 7.061 7.405 7.487 7.510 7.452 7.328 7.135 6.858 6.451 5.928 5.393 4.995 4.782 4.723 4.706 4.650 4.518 4.261 3.896 3.414 2.872 2.387 1.963 1.604 1.302 1.046 0.835 0.665 0.529 0.421 0.334 0.264 0.207
0.000 0.000 0.000 0.000 0.000 0.000 0.000 0.000 0.000 0.000 0.001 0.005 0.012 0.026 0.046 0.076 0.120 0.188 0.292 0.457 0.693 0.890 0.981 1.013 1.020 1.019 1.009 0.985 0.948 0.897 0.827 0.737 0.619 0.460 0.305 0.203 0.151 0.136 0.141 0.206 0.515 1.675 4.320 6.766 7.755 7.981 7.998 7.936 7.765 7.527 7.256 6.944 6.549 6.068 5.548 5.143 4.912 4.822 4.759 4.647 4.457 4.159 3.757 3.254 2.723 2.258 1.854 1.516 1.226 0.983 0.785 0.627 0.504 0.404 0.323 0.256 0.202
0.000 0.000 0.000 0.000 0.000 0.000 0.000 0.000 0.000 0.000 0.001 0.002 0.007 0.018 0.037 0.066 0.109 0.174 0.276 0.445 0.707 1.028 1.226 1.285 1.294 1.290 1.276 1.246 1.198 1.134 1.051 0.942 0.799 0.612 0.410 0.265 0.184 0.155 0.155 0.209 0.496 1.629 4.325 7.058 8.229 8.402 8.352 8.183 7.912 7.608 7.288 6.970 6.620 6.222 5.754 5.344 5.079 4.931 4.802 4.615 4.351 3.988 3.535 3.014 2.519 2.091 1.718 1.400 1.132 0.912 0.735 0.595 0.484 0.392 0.315 0.251 0.199
0.000 0.000 0.000 0.000 0.000 0.000 0.000 0.000 0.000 0.000 0.000 0.001 0.003 0.008 0.019 0.040 0.073 0.124 0.208 0.359 0.630 1.050 1.426 1.582 1.609 1.606 1.590 1.555 1.498 1.421 1.322 1.189 1.017 0.801 0.551 0.353 0.230 0.179 0.171 0.209 0.453 1.485 4.102 7.026 8.438 8.677 8.541 8.281 7.934 7.612 7.279 6.956 6.653 6.322 5.951 5.571 5.251 5.012 4.810 4.562 4.230 3.804 3.296 2.765 2.296 1.899 1.559 1.275 1.040 0.849 0.694 0.569 0.468 0.382 0.310 0.248 0.198
0.000 0.000 0.000 0.000 0.000 0.000 0.000 0.000 0.000 0.000 0.000 0.000 0.001 0.002 0.005 0.013 0.026 0.048 0.087 0.180 0.414 0.891 1.503 1.833 1.936 1.960 1.948 1.911 1.850 1.761 1.640 1.481 1.277 1.031 0.743 0.488 0.309 0.220 0.198 0.223 0.415 1.274 3.650 6.722 8.386 8.752 8.600 8.289 7.913 7.543 7.210 6.926 6.650 6.367 6.077 5.748 5.404 5.088 4.808 4.497 4.124 3.662 3.126 2.600 2.143 1.762 1.441 1.177 0.963 0.793 0.656 0.546 0.454 0.375 0.307 0.248 0.198
0.000 0.000 0.000 0.000 0.000 0.000 0.000 0.000 0.000 0.000 0.000 0.000 0.000 0.000 0.001 0.003 0.006 0.011 0.021 0.050 0.170 0.583 1.376 1.978 2.212 2.297 2.312 2.292 2.238 2.141 2.000 1.819 1.590 1.315 0.999 0.689 0.447 0.305 0.257 0.269 0.426 1.129 3.152 6.187 8.016 8.592 8.535 8.227 7.824 7.376 7.019 6.784 6.565 6.345 6.120 5.849 5.522 5.166 4.819 4.446 4.041 3.561 3.027 2.518 2.070 1.690 1.371 1.110 0.903 0.742 0.618 0.520 0.439 0.368 0.305 0.249 0.200
0.000 0.000 0.000 0.000 0.000 0.000 0.000 0.000 0.000 0.000 0.000 0.000 0.000 0.000 0.000 0.001 0.001 0.003 0.005 0.011 0.053 0.306 1.079 1.988 2.406 2.577 2.642 2.642 2.608 2.533 2.397 2.202 1.959 1.668 1.332 0.977 0.676 0.471 0.384 0.378 0.500 1.078 2.706 5.415 7.305 8.072 8.179 7.986 7.605 7.095 6.686 6.458 6.339 6.249 6.108 5.869 5.575 5.226 4.841 4.427 3.987 3.501 2.986 2.494 2.051 1.665 1.336 1.067 0.857 0.697 0.576 0.487 0.418 0.359 0.306 0.256 0.208
0.000 0.000 0.000 0.000 0.000 0.000 0.000 0.000 0.000 0.000 0.000 0.000 0.000 0.000 0.000 0.000 0.001 0.002 0.003 0.005 0.019 0.141 0.723 1.786 2.479 2.762 2.898 2.953 2.952 2.912 2.817 2.638 2.393 2.099 1.756 1.377 1.032 0.770 0.638 0.616 0.707 1.171 2.356 4.433 6.309 7.242 7.487 7.419 7.153 6.655 6.147 5.857 5.774 5.807 5.858 5.775 5.573 5.255 4.867 4.435 3.967 3.476 2.976 2.494 2.053 1.663 1.323 1.042 0.821 0.654 0.529 0.440 0.382 0.342 0.303 0.262 0.217
0.000 0.000 0.000 0.000 0.000 0.000 0.000 0.000 0.000 0.000 0.000 0.000 0.000 0.000 0.000 0.000 0.001 0.002 0.004 0.006 0.014 0.063 0.392 1.333 2.354 2.847 3.073 3.207 3.266 3.267 3.216 3.092 2.886 2.611 2.283 1.908 1.545 1.259 1.090 1.046 1.103 1.414 2.202 3.611 5.221 6.164 6.482 6.489 6.363 5.994 5.450 5.006 4.836 4.905 5.165 5.408 5.414 5.218 4.863 4.436 3.965 3.473 2.982 2.508 2.068 1.670 1.324 1.031 0.796 0.615 0.479 0.384 0.326 0.298 0.278 0.252 0.210
0.000 0.000 0.000 0.000 0.000 0.000 0.000 0.000 0.000 0.000 0.000 0.000 0.000 0.000 0.000 0.001 0.003 0.005 0.008 0.013 0.020 0.042 0.188 0.812 1.962 2.797 3.156 3.375 3.520 3.580 3.573 3.505 3.365 3.162 2.898 2.569 2.229 1.962 1.785 1.713 1.722 1.883 2.344 3.206 4.402 5.184 5.472 5.508 5.456 5.243 4.841 4.324 3.984 3.936 4.170 4.656 4.968 4.963 4.736 4.370 3.940 3.476 3.014 2.559 2.105 1.691 1.331 1.029 0.781 0.583 0.433 0.326 0.254 0.213 0.192 0.170 0.131
0.000 0.000 0.000 0.000 0.000 0.000 0.000 0.000 0.000 0.000 0.000 0.000 0.000 0.000 0.001 0.004 0.007 0.013 0.022 0.030 0.037 0.051 0.106 0.414 1.354 2.548 3.155 3.469 3.706 3.841 3.883 3.861 3.783 3.654 3.469 3.219 2.934 2.708 2.563 2.496 2.485 2.531 2.708 3.147 3.907 4.497 4.749 4.805 4.790 4.675 4.397 3.931 3.505 3.313 3.358 3.715 4.206 4.409 4.361 4.142 3.820 3.437 3.036 2.617 2.139 1.700 1.335 1.027 0.768 0.554 0.387 0.261 0.167 0.108 0.077 0.055 0.035
0.000 0.000 0.000 0.000 0.000 0.000 0.000 0.000 0.000 0.000 0.000 0.000 0.000 0.001 0.004 0.010 0.020 0.035 0.051 0.063 0.070 0.075 0.097 0.226 0.799 2.026 2.998 3.465 3.781 4.012 4.130 4.160 4.139 4.068 3.937 3.736 3.483 3.267 3.128 3.059 3.036 3.046 3.122 3.321 3.710 4.093 4.280 4.333 4.329 4.262 4.060 3.686 3.259 2.980 2.883 2.994 3.316 3.585 3.689 3.655 3.495 3.230 2.905 2.532 2.085 1.653 1.293 0.990 0.725 0.493 0.307 0.169 0.084 0.043 0.024 0.014 0.007
0.000 0.000 0.000 0.000 0.000 0.000 0.000 0.000 0.000 0.000 0.000 0.000 0.001 0.003 0.010 0.026 0.051 0.081 0.106 0.120 0.124 0.122 0.124 0.180 0.515 1.452 2.609 3.322 3.776 4.109 4.321 4.411 4.424 4.393 4.299 4.120 3.873 3.654 3.499 3.402 3.348 3.333 3.355 3.447 3.658 3.882 3.999 4.031 4.020 3.956 3.795 3.496 3.107 2.815 2.643 2.585 2.633 2.716 2.766 2.782 2.746 2.596 2.328 2.000 1.655 1.310 1.004 0.741 0.508 0.309 0.158 0.069 0.030 0.015 0.008 0.004 0.002
0.000 0.000 0.000 0.000 0.000 0.000 0.000 0.000 0.000 0.000 0.000 0.000 0.002 0.008 0.026 0.063 0.114 0.160 0.192 0.209 0.211 0.203 0.193 0.218 0.427 1.071 2.089 2.964 3.626 4.101 4.428 4.595 4.628 4.615 4.542 4.371 4.124 3.900 3.739 3.606 3.508 3.452 3.449 3.489 3.616 3.739 3.799 3.813 3.795 3.719 3.570 3.319 2.977 2.685 2.482 2.333 2.217 2.110 1.994 1.853 1.711 1.550 1.321 1.053 0.818 0.615 0.437 0.292 0.180 0.097 0.045 0.019 0.009 0.005 0.003 0.002 0.001
0.000 0.000 0.000 0.000 0.000 0.000 0.000 0.000 0.000 0.000 0.000 0.001 0.004 0.018 0.057 0.128 0.211 0.273 0.318 0.343 0.350 0.343 0.326 0.333 0.476 0.936 1.707 2.553 3.325 3.969 4.421 4.679 4.750 4.730 4.658 4.491 4.279 4.059 3.884 3.722 3.587 3.492 3.470 3.489 3.561 3.618 3.630 3.626 3.596 3.508 3.357 3.134 2.833 2.544 2.314 2.113 1.918 1.711 1.475 1.209 0.967 0.758 0.569 0.402 0.273 0.180 0.116 0.071 0.040 0.021 0.010 0.006 0.003 0.002 0.002 0.001 0.001
0.000 0.000 0.000 0.000 0.000 0.000 0.000 0.000 0.000 0.000 0.000 0.001 0.006 0.026 0.085 0.197 0.327 0.420 0.491 0.538 0.560 0.565 0.557 0.559 0.650 0.979 1.568 2.306 3.057 3.737 4.283 4.640 4.773 4.759 4.684 4.529 4.351 4.148 3.964 3.771 3.606 3.489 3.437 3.443 3.475 3.488 3.473 3.450 3.398 3.297 3.137 2.931 2.660 2.372 2.120 1.884 1.638 1.354 1.029 0.723 0.489 0.323 0.209 0.130 0.077 0.044 0.026 0.015 0.009 0.005 0.003 0.002 0.001 0.001 0.001 0.001 0.001
0.000 0.000 0.000 0.000 0.000 0.000 0.000 0.000 0.000 0.000 0.000 0.001 0.007 0.028 0.094 0.232 0.428 0.594 0.714 0.801 0.855 0.884 0.903 0.924 0.990 1.199 1.629 2.250 2.944 3.565 4.095 4.505 4.708 4.717 4.667 4.527 4.371 4.180 3.999 3.785 3.590 3.443 3.355 3.334 3.340 3.332 3.315 3.268 3.180 3.063 2.900 2.703 2.446 2.118 1.785 1.487 1.185 0.854 0.543 0.326 0.191 0.110 0.064 0.036 0.020 0.011 0.006 0.003 0.002 0.001 0.001 0.001 0.001 0.001 0.000 0.000 0.000
0.000 0.000 0.000 0.000 0.000 0.000 0.000 0.000 0.000 0.000 0.000 0.001 0.006 0.026 0.089 0.235 0.486 0.777 0.988 1.142 1.248 1.319 1.374 1.429 1.500 1.641 1.920 2.371 2.959 3.517 3.968 4.324 4.549 4.594 4.577 4.477 4.353 4.189 4.001 3.771 3.538 3.342 3.205 3.141 3.128 3.123 3.102 3.037 2.933 2.796 2.616 2.383 2.050 1.580 1.112 0.757 0.493 0.296 0.164 0.088 0.049 0.028 0.016 0.009 0.005 0.002 0.001 0.001 0.001 0.001 0.000 0.000 0.000 0.000 0.000 0.000 0.000
0.000 0.000 0.000 0.000 0.000 0.000 0.000 0.000 0.000 0.000 0.000 0.001 0.004 0.019 0.072 0.216 0.504 0.939 1.314 1.565 1.750 1.881 1.980 2.067 2.158 2.267 2.434 2.717 3.128 3.579 3.937 4.191 4.359 4.415 4.417 4.356 4.271 4.144 3.957 3.724 3.458 3.193 2.985 2.860 2.801 2.776 2.756 2.708 2.613 2.462 2.223 1.882 1.394 0.862 0.471 0.246 0.123 0.058 0.027 0.015 0.009 0.006 0.003 0.002 0.001 0.001 0.000 0.000 0.000 0.000 0.000 0.000 0.000 0.000 0.000 0.000 0.000
0.000 0.000 0.000 0.000 0.000 0.000 0.000 0.000 0.000 0.000 0.000 0.000 0.002 0.010 0.047 0.181 0.503 1.051 1.659 2.089 2.383 2.583 2.727 2.842 2.938 3.023 3.124 3.273 3.498 3.769 3.996 4.146 4.228 4.256 4.247 4.191 4.114 4.005 3.836 3.623 3.352 3.027 2.722 2.500 2.363 2.283 2.221 2.156 2.049 1.858 1.550 1.131 0.686 0.352 0.157 0.065 0.025 0.010 0.004 0.002 0.002 0.001 0.001 0.000 0.000 0.000 0.000 0.000 0.000 0.000 0.000 0.000 0.000 0.000 0.000 0.000 0.000
0.000 0.000 0.000 0.000 0.000 0.000 0.000 0.000 0.000 0.000 0.000 0.000 0.001 0.005 0.031 0.153 0.505 1.129 1.908 2.584 3.091 3.413 3.608 3.741 3.832 3.890 3.934 3.980 4.040 4.092 4.126 4.146 4.141 4.114 4.063 3.992 3.903 3.793 3.641 3.448 3.195 2.866 2.495 2.158 1.903 1.719 1.560 1.400 1.218 0.987 0.714 0.438 0.224 0.098 0.038 0.014 0.005 0.002 0.001 0.000 0.000 0.000 0.000 0.000 0.000 0.000 0.000 0.000 0.000 0.000 0.000 0.000 0.000 0.000 0.000 0.000 0.000
0.000 0.000 0.000 0.000 0.000 0.000 0.000 0.000 0.000 0.000 0.000 0.000 0.001 0.003 0.023 0.140 0.515 1.185 2.029 2.906 3.654 4.161 4.460 4.628 4.718 4.748 4.741 4.696 4.618 4.482 4.320 4.182 4.061 3.942 3.838 3.749 3.656 3.548 3.410 3.226 2.993 2.683 2.304 1.894 1.536 1.257 1.022 0.806 0.601 0.408 0.239 0.119 0.051 0.020 0.007 0.003 0.001 0.000 0.000 0.000 0.000 0.000 0.000 0.000 0.000 0.000 0.000 0.000 0.000 0.000 0.000 0.000 0.000 0.000 0.000 0.000 0.000
0.000 0.000 0.000 0.000 0.000 0.000 0.000 0.000 0.000 0.000 0.000 0.000 0.001 0.003 0.021 0.138 0.527 1.217 2.063 3.036 4.019 4.746 5.189 5.408 5.477 5.479 5.431 5.288 5.060 4.765 4.469 4.200 3.944 3.712 3.537 3.424 3.348 3.264 3.147 2.982 2.768 2.485 2.119 1.680 1.253 0.913 0.646 0.435 0.271 0.152 0.074 0.031 0.012 0.004 0.001 0.001 0.000 0.000 0.000 0.000 0.000 0.000 0.000 0.000 0.000 0.000 0.000 0.000 0.000 0.000 0.000 0.000 0.000 0.000 0.000 0.000 0.000
0.000 0.000 0.000 0.000 0.000 0.000 0.000 0.000 0.000 0.000 0.000 0.000 0.001 0.003 0.022 0.140 0.533 1.221 2.064 3.047 4.193 5.162 5.772 6.057 6.123 6.089 5.959 5.705 5.337 4.925 4.541 4.183 3.806 3.425 3.118 2.925 2.840 2.785 2.705 2.583 2.418 2.204 1.891 1.465 1.007 0.652 0.402 0.232 0.123 0.059 0.025 0.009 0.003 0.001 0.000 0.000 0.000 0.000 0.000 0.000 0.000 0.000 0.000 0.000 0.000 0.000 0.000 0.000 0.000 0.000 0.000 0.000 0.000 0.000 0.000 0.000 0.000
0.001 0.001 0.001 0.002 0.002 0.001 0.001 0.001 0.001 0.001 0.002 0.002 0.004 0.006 0.023 0.134 0.506 1.173 2.006 2.980 4.171 5.331 6.115 6.481 6.557 6.508 6.287 5.908 5.443 4.984 4.554 4.122 3.632 3.085 2.592 2.243 2.060 1.967 1.882 1.790 1.701 1.609 1.443 1.136 0.737 0.426 0.232 0.119 0.056 0.023 0.009 0.003 0.001 0.001 0.000 0.000 0.000 0.000 0.000 0.000 0.000 0.000 0.000 0.000 0.000 0.000 0.000 0.000 0.000 0.000 0.000 0.000 0.000 0.000 0.000 0.000 0.000
0.002 0.002 0.002 0.002 0.002 0.002 0.002 0.002 0.002 0.003 0.004 0.005 0.006 0.008 0.017 0.091 0.385 0.982 1.803 2.777 3.990 5.306 6.231 6.678 6.768 6.684 6.398 5.968 5.477 4.988 4.482 3.945 3.354 2.671 2.014 1.512 1.192 1.001 0.871 0.780 0.737 0.725 0.707 0.611 0.410 0.223 0.112 0.052 0.022 0.008 0.003 0.001 0.001 0.000 0.000 0.000 0.000 0.000 0.000 0.000 0.000 0.000 0.000 0.000 0.000 0.000 0.000 0.000 0.000 0.000 0.000 0.000 0.000 0.000 0.000 0.000 0.000
