RESULTS/r.avaflow_results/32_results/32_ascii/32_hflow_max0008.asc
ncols 506
nrows 317
xllcenter 498237.50
yllcenter 5580050.00
cellsize 12.50
NODATA_value -9999.000
[rows 170 to 203 of 317, columns 77 to 153 of 506]
0.000 0.000 0.000 0.000 0.000 0.000 0.000 0.000 0.000 0.000 0.000 0.000 0.000 0.000 0.000 0.000 0.000 0.000 0.000 0.000 0.000 0.000 0.000 0.000 0.000 0.000 0.000 0.001 0.002 0.002 0.002 0.003 0.002 0.002 0.002 0.001 0.001 0.001 0.002 0.003 0.004 0.006 0.022 0.062 0.131 0.230 0.359 0.470 0.548 0.628 0.757 1.004 1.554 2.941 4.804 6.650 9.367 13.069 16.843 20.013 22.381 23.653 24.109 23.747 23.099 22.268 21.470 20.514 19.543 18.546 17.286 15.882 14.718 14.237 13.924 13.660 13.383
0.000 0.000 0.000 0.000 0.000 0.000 0.000 0.000 0.000 0.000 0.000 0.000 0.000 0.000 0.000 0.000 0.000 0.000 0.000 0.000 0.000 0.000 0.000 0.000 0.000 0.001 0.001 0.003 0.005 0.006 0.007 0.007 0.007 0.006 0.005 0.004 0.004 0.006 0.008 0.012 0.015 0.019 0.059 0.143 0.275 0.451 0.671 0.902 1.104 1.322 1.625 2.217 3.129 4.468 6.046 8.598 11.222 15.268 19.083 22.118 24.144 25.156 25.087 24.355 23.544 22.764 21.783 20.639 19.489 18.354 17.294 16.766 16.502 16.326 16.226 16.347 16.651
0.000 0.000 0.000 0.000 0.000 0.000 0.000 0.000 0.000 0.000 0.000 0.000 0.000 0.000 0.000 0.000 0.000 0.000 0.000 0.000 0.000 0.000 0.000 0.000 0.001 0.002 0.004 0.008 0.012 0.015 0.016 0.016 0.016 0.014 0.011 0.009 0.012 0.018 0.025 0.034 0.044 0.054 0.145 0.305 0.534 0.829 1.202 1.622 2.023 2.555 3.336 4.117 4.858 5.567 6.651 9.220 11.851 15.940 19.849 22.874 24.823 25.689 25.417 24.552 23.743 22.842 21.761 20.613 19.574 19.019 18.654 18.347 18.029 17.801 17.838 18.474 19.482
0.000 0.000 0.000 0.000 0.000 0.000 0.000 0.000 0.000 0.000 0.000 0.000 0.000 0.000 0.000 0.000 0.000 0.000 0.000 0.000 0.000 0.000 0.000 0.001 0.002 0.005 0.010 0.017 0.025 0.031 0.033 0.034 0.033 0.030 0.024 0.024 0.034 0.048 0.065 0.087 0.113 0.140 0.317 0.589 0.958 1.439 2.041 2.712 3.426 4.410 5.222 5.730 6.093 6.395 6.986 8.963 11.433 15.474 19.521 22.639 24.643 25.476 25.208 24.547 23.620 22.690 21.699 20.956 20.516 20.138 19.726 19.265 18.898 18.790 19.101 20.112 21.533
0.000 0.000 0.000 0.000 0.000 0.000 0.000 0.000 0.000 0.000 0.000 0.000 0.000 0.000 0.000 0.000 0.000 0.000 0.000 0.000 0.000 0.000 0.001 0.003 0.006 0.011 0.020 0.034 0.049 0.059 0.063 0.064 0.063 0.057 0.046 0.063 0.086 0.116 0.154 0.199 0.251 0.307 0.606 1.033 1.606 2.350 3.262 4.175 5.185 5.976 6.551 6.837 6.995 7.056 7.208 8.075 10.355 14.122 18.414 21.689 23.714 24.605 24.622 24.060 23.244 22.511 21.909 21.430 20.979 20.579 20.154 19.669 19.235 19.326 19.907 21.006 22.392
0.000 0.000 0.000 0.000 0.000 0.000 0.000 0.000 0.000 0.000 0.000 0.000 0.000 0.000 0.000 0.000 0.000 0.000 0.000 0.000 0.000 0.001 0.003 0.006 0.012 0.023 0.039 0.063 0.090 0.106 0.113 0.114 0.112 0.102 0.111 0.146 0.191 0.247 0.315 0.391 0.475 0.571 1.029 1.670 2.520 3.608 4.747 5.771 6.603 7.156 7.484 7.642 7.678 7.608 7.517 7.759 9.278 12.640 17.006 20.495 22.573 23.527 23.672 23.206 22.656 22.283 21.942 21.549 21.110 20.659 20.173 19.640 19.224 19.213 19.955 21.053 22.331
0.000 0.000 0.000 0.000 0.000 0.000 0.000 0.000 0.000 0.000 0.000 0.000 0.000 0.000 0.000 0.000 0.000 0.000 0.000 0.000 0.001 0.003 0.006 0.012 0.024 0.042 0.071 0.114 0.157 0.183 0.194 0.195 0.191 0.192 0.241 0.302 0.377 0.463 0.558 0.656 0.757 0.901 1.589 2.500 3.708 5.065 6.150 7.025 7.675 8.063 8.229 8.290 8.240 8.070 7.867 7.592 8.412 11.426 15.842 19.502 21.552 22.534 22.656 22.236 21.852 21.648 21.386 20.999 20.526 20.008 19.436 18.840 18.454 18.555 19.149 20.187 21.474
0.000 0.000 0.000 0.000 0.000 0.000 0.000 0.000 0.000 0.000 0.000 0.000 0.000 0.000 0.000 0.000 0.000 0.000 0.000 0.001 0.002 0.005 0.012 0.023 0.042 0.074 0.124 0.196 0.263 0.303 0.319 0.321 0.334 0.397 0.469 0.552 0.646 0.746 0.843 0.933 1.030 1.277 2.185 3.337 4.801 6.216 7.229 7.983 8.492 8.772 8.860 8.838 8.684 8.473 8.178 7.700 8.087 10.769 14.967 18.510 20.448 21.425 21.562 21.085 20.623 20.277 19.877 19.402 18.843 18.220 17.522 16.819 16.498 16.640 17.363 18.666 20.061
0.000 0.000 0.000 0.000 0.000 0.000 0.000 0.000 0.000 0.000 0.000 0.000 0.000 0.000 0.000 0.000 0.000 0.000 0.000 0.001 0.004 0.010 0.021 0.040 0.073 0.126 0.208 0.323 0.424 0.482 0.507 0.564 0.647 0.721 0.796 0.875 0.957 1.041 1.127 1.220 1.327 1.579 2.696 4.074 5.627 7.038 8.006 8.673 9.087 9.290 9.341 9.233 9.006 8.786 8.405 7.835 7.983 10.369 14.160 17.220 18.944 20.007 20.019 19.385 18.719 18.124 17.567 16.997 16.350 15.574 14.705 13.982 13.849 14.136 15.097 16.689 18.408
0.000 0.000 0.000 0.000 0.000 0.000 0.000 0.000 0.000 0.000 0.000 0.000 0.000 0.000 0.000 0.000 0.000 0.000 0.000 0.003 0.008 0.018 0.036 0.067 0.120 0.205 0.335 0.513 0.657 0.750 0.883 1.018 1.092 1.139 1.184 1.233 1.294 1.367 1.449 1.547 1.681 1.903 3.129 4.728 6.306 7.631 8.491 9.090 9.446 9.569 9.582 9.459 9.296 8.995 8.565 7.894 7.835 9.838 13.152 15.564 17.251 17.975 17.738 16.969 16.197 15.528 14.918 14.306 13.581 12.751 11.894 11.519 11.623 12.237 13.485 15.157 16.825
0.000 0.000 0.000 0.000 0.000 0.000 0.000 0.000 0.000 0.000 0.000 0.000 0.000 0.000 0.000 0.000 0.000 0.000 0.001 0.003 0.012 0.029 0.058 0.107 0.189 0.320 0.520 0.781 0.982 1.247 1.496 1.601 1.625 1.623 1.624 1.637 1.677 1.744 1.826 1.936 2.105 2.383 3.499 5.281 6.933 8.157 8.829 9.280 9.584 9.665 9.663 9.588 9.417 9.081 8.624 7.884 7.529 9.079 11.750 13.721 15.163 15.512 14.955 14.102 13.292 12.660 12.100 11.520 10.903 10.243 9.618 9.516 9.799 10.655 12.045 13.568 15.189
0.000 0.000 0.000 0.000 0.000 0.000 0.000 0.000 0.000 0.000 0.000 0.000 0.000 0.000 0.000 0.000 0.000 0.000 0.000 0.003 0.013 0.038 0.087 0.164 0.286 0.481 0.776 1.145 1.553 2.018 2.235 2.272 2.239 2.191 2.156 2.138 2.151 2.199 2.289 2.415 2.613 2.966 3.849 5.727 7.431 8.636 9.118 9.365 9.568 9.640 9.681 9.578 9.401 9.055 8.541 7.776 7.068 8.031 9.968 11.818 12.846 12.891 12.047 11.078 10.200 9.591 9.146 8.754 8.371 7.993 7.745 7.808 8.250 9.209 10.568 11.976 13.287
0.000 0.000 0.000 0.000 0.000 0.000 0.000 0.000 0.000 0.000 0.000 0.000 0.000 0.000 0.000 0.000 0.000 0.000 0.000 0.002 0.011 0.042 0.115 0.236 0.415 0.692 1.110 1.608 2.313 2.829 3.010 3.026 2.960 2.880 2.826 2.796 2.777 2.796 2.872 3.007 3.242 3.720 4.560 6.080 7.770 8.958 9.347 9.410 9.462 9.531 9.519 9.439 9.225 8.861 8.298 7.490 6.487 6.735 8.061 9.611 10.387 10.246 9.299 8.314 7.492 6.934 6.572 6.307 6.105 5.990 6.022 6.269 6.842 7.815 8.976 10.056 10.995
0.000 0.000 0.000 0.000 0.000 0.000 0.000 0.000 0.000 0.000 0.000 0.000 0.000 0.000 0.000 0.000 0.000 0.000 0.000 0.002 0.008 0.038 0.127 0.296 0.542 0.902 1.441 2.120 2.951 3.597 3.815 3.851 3.807 3.717 3.649 3.626 3.609 3.600 3.640 3.769 4.062 4.723 5.653 6.404 7.892 9.065 9.455 9.433 9.386 9.297 9.198 9.009 8.742 8.346 7.786 7.008 5.960 5.627 6.200 7.140 7.673 7.516 6.739 5.958 5.360 4.911 4.580 4.337 4.219 4.230 4.390 4.783 5.466 6.321 7.128 7.906 8.696
0.000 0.000 0.000 0.000 0.000 0.000 0.000 0.000 0.000 0.000 0.000 0.000 0.000 0.000 0.000 0.000 0.000 0.000 0.001 0.002 0.007 0.031 0.122 0.324 0.634 1.066 1.694 2.537 3.497 4.372 4.717 4.779 4.772 4.727 4.671 4.668 4.677 4.686 4.735 4.868 5.151 5.777 6.513 6.972 7.898 8.953 9.381 9.445 9.280 9.007 8.656 8.231 7.881 7.459 6.930 6.249 5.378 4.780 4.767 5.043 5.203 5.042 4.572 4.120 3.740 3.407 3.093 2.825 2.712 2.732 2.854 3.202 3.796 4.396 4.988 5.684 6.519
0.000 0.000 0.000 0.000 0.000 0.000 0.000 0.000 0.000 0.000 0.000 0.000 0.000 0.000 0.000 0.000 0.001 0.002 0.003 0.005 0.010 0.026 0.103 0.314 0.681 1.187 1.888 2.860 3.965 5.073 5.686 5.833 5.790 5.805 5.844 5.916 5.989 6.079 6.198 6.283 6.376 6.732 7.148 7.330 7.799 8.658 9.108 9.248 8.997 8.571 8.049 7.357 6.653 6.100 5.694 5.185 4.569 3.983 3.642 3.478 3.363 3.175 2.940 2.695 2.462 2.224 1.956 1.708 1.629 1.611 1.644 1.747 1.967 2.314 2.790 3.543 4.518
0.000 0.000 0.000 0.000 0.000 0.000 0.000 0.000 0.000 0.000 0.000 0.000 0.000 0.000 0.000 0.001 0.002 0.005 0.009 0.014 0.019 0.044 0.104 0.271 0.670 1.255 2.036 3.113 4.277 5.593 6.441 6.802 6.823 6.835 6.919 7.040 7.196 7.339 7.427 7.465 7.464 7.480 7.579 7.529 7.533 8.144 8.618 8.706 8.458 7.955 7.247 6.278 5.402 4.764 4.319 3.949 3.555 3.168 2.773 2.365 2.072 1.911 1.773 1.632 1.480 1.313 1.114 1.034 0.940 0.869 0.825 0.807 0.841 0.968 1.231 2.230 2.850
0.000 0.000 0.000 0.000 0.000 0.000 0.000 0.000 0.000 0.000 0.000 0.000 0.000 0.000 0.001 0.003 0.007 0.013 0.024 0.033 0.044 0.105 0.217 0.396 0.665 1.265 2.133 3.294 4.596 5.869 6.914 7.460 7.633 7.738 7.931 8.130 8.276 8.364 8.394 8.380 8.291 8.053 7.796 7.653 7.489 7.635 7.930 7.934 7.698 7.202 6.428 5.402 4.431 3.684 3.153 2.778 2.468 2.142 1.841 1.479 1.230 1.085 0.989 0.899 0.794 0.697 0.640 0.577 0.496 0.413 0.353 0.315 0.300 0.320 0.433 0.738 0.884
0.000 0.000 0.000 0.000 0.000 0.000 0.000 0.000 0.000 0.000 0.000 0.000 0.000 0.002 0.004 0.009 0.018 0.034 0.056 0.072 0.108 0.233 0.425 0.682 1.022 1.484 2.173 3.401 4.853 6.008 7.122 7.853 8.203 8.298 8.646 8.936 9.040 9.050 9.056 8.994 8.787 8.436 8.017 7.694 7.378 7.062 7.167 7.112 6.900 6.463 5.759 4.793 3.954 3.319 2.635 2.029 1.601 1.347 1.099 0.879 0.704 0.585 0.509 0.451 0.404 0.357 0.319 0.280 0.230 0.173 0.133 0.109 0.098 0.097 0.126 0.195 0.213
0.000 0.000 0.000 0.000 0.000 0.000 0.000 0.000 0.000 0.000 0.000 0.000 0.001 0.004 0.011 0.023 0.043 0.078 0.120 0.145 0.246 0.480 0.779 1.110 1.502 2.017 2.685 3.437 4.982 6.312 7.259 8.064 8.514 8.681 8.934 9.202 9.256 9.207 9.224 9.198 9.061 8.685 8.099 7.543 7.049 6.491 6.487 6.399 6.196 5.814 5.207 4.384 3.884 3.224 2.427 1.675 1.068 0.791 0.622 0.484 0.374 0.292 0.243 0.215 0.181 0.154 0.133 0.114 0.094 0.069 0.052 0.043 0.039 0.038 0.043 0.052 0.054
0.000 0.000 0.000 0.000 0.000 0.000 0.000 0.000 0.000 0.000 0.000 0.001 0.003 0.010 0.025 0.051 0.093 0.159 0.231 0.268 0.510 0.918 1.322 1.710 2.142 2.678 3.351 4.021 4.998 6.458 7.544 8.226 8.654 8.819 8.949 9.130 9.235 9.207 9.160 9.181 9.082 8.690 7.974 7.132 6.401 5.885 5.910 5.794 5.586 5.240 4.712 4.191 3.640 2.898 1.982 1.160 0.648 0.450 0.321 0.233 0.171 0.128 0.098 0.083 0.069 0.058 0.051 0.045 0.039 0.031 0.025 0.022 0.020 0.020 0.021 0.022 0.023
0.000 0.000 0.000 0.000 0.000 0.000 0.000 0.000 0.000 0.000 0.000 0.002 0.007 0.021 0.050 0.100 0.176 0.290 0.407 0.486 0.984 1.599 2.080 2.503 2.959 3.516 4.147 4.716 5.241 6.378 7.644 8.384 8.675 8.771 8.809 8.947 8.987 8.932 8.846 8.806 8.684 8.274 7.486 6.407 5.521 5.137 5.274 5.203 5.011 4.694 4.236 3.812 3.156 2.213 1.231 0.689 0.429 0.265 0.164 0.104 0.071 0.051 0.039 0.031 0.027 0.024 0.023 0.021 0.019 0.017 0.014 0.013 0.012 0.012 0.012 0.013 0.013
0.000 0.000 0.000 0.000 0.000 0.000 0.000 0.000 0.000 0.000 0.000 0.003 0.010 0.031 0.075 0.151 0.272 0.459 0.666 0.858 1.740 2.555 3.088 3.534 4.005 4.568 5.096 5.557 5.927 6.257 7.212 8.217 8.556 8.660 8.583 8.489 8.438 8.325 8.177 7.989 7.685 7.082 6.080 5.229 5.123 5.043 4.949 4.795 4.569 4.264 3.814 3.159 2.267 1.404 0.847 0.494 0.285 0.163 0.092 0.052 0.032 0.022 0.018 0.015 0.014 0.012 0.012 0.011 0.011 0.010 0.008 0.008 0.008 0.008 0.008 0.008 0.008
0.000 0.000 0.000 0.000 0.000 0.000 0.000 0.000 0.000 0.000 0.000 0.003 0.011 0.034 0.084 0.177 0.330 0.576 0.925 1.486 2.754 3.812 4.425 4.893 5.352 5.783 6.098 6.331 6.512 6.631 6.743 7.322 8.159 8.331 8.128 7.862 7.703 7.462 7.156 6.806 6.418 5.793 5.242 5.071 5.014 4.956 4.835 4.620 4.294 3.820 3.157 2.589 1.856 1.097 0.622 0.341 0.185 0.100 0.054 0.029 0.017 0.011 0.009 0.008 0.007 0.007 0.006 0.006 0.006 0.005 0.005 0.004 0.004 0.004 0.004 0.004 0.004
0.000 0.000 0.000 0.000 0.000 0.000 0.000 0.000 0.000 0.000 0.000 0.003 0.011 0.033 0.084 0.181 0.350 0.625 1.055 2.176 3.922 5.231 5.935 6.335 6.636 6.846 6.952 6.956 6.934 6.886 6.800 6.870 7.112 7.331 7.333 7.149 7.070 6.942 6.704 6.359 5.951 5.554 5.200 5.006 4.910 4.783 4.589 4.245 3.787 3.191 2.441 1.883 1.347 0.775 0.416 0.218 0.113 0.059 0.031 0.016 0.009 0.005 0.004 0.004 0.003 0.003 0.003 0.003 0.003 0.002 0.002 0.002 0.002 0.002 0.002 0.002 0.002
0.000 0.000 0.000 0.000 0.000 0.000 0.000 0.000 0.000 0.000 0.000 0.002 0.009 0.028 0.074 0.170 0.344 0.632 1.508 3.090 5.057 6.455 7.153 7.480 7.639 7.685 7.580 7.347 7.161 7.020 6.863 6.774 6.919 6.991 7.017 6.999 6.889 6.652 6.346 6.048 5.784 5.536 5.254 4.955 4.748 4.535 4.218 3.793 3.252 2.623 1.909 1.103 0.781 0.460 0.240 0.121 0.061 0.030 0.015 0.008 0.004 0.002 0.002 0.002 0.002 0.001 0.001 0.001 0.001 0.001 0.001 0.001 0.001 0.001 0.001 0.001 0.001
0.000 0.000 0.000 0.000 0.000 0.000 0.000 0.000 0.000 0.000 0.000 0.001 0.004 0.017 0.051 0.133 0.392 1.026 2.246 4.024 5.850 7.224 8.006 8.330 8.368 8.238 7.923 7.608 7.310 7.079 6.802 6.776 7.000 7.060 7.007 6.908 6.653 6.271 6.058 5.904 5.749 5.535 5.254 4.939 4.626 4.307 3.917 3.403 2.829 2.190 1.459 0.750 0.324 0.209 0.106 0.051 0.025 0.012 0.006 0.003 0.001 0.001 0.001 0.000 0.000 0.000 0.000 0.000 0.000 0.000 0.000 0.000 0.000 0.000 0.000 0.000 0.000
0.000 0.000 0.000 0.000 0.000 0.000 0.000 0.000 0.000 0.000 0.000 0.001 0.004 0.022 0.084 0.269 0.711 1.581 2.966 4.729 6.225 7.374 8.188 8.564 8.617 8.505 8.233 7.753 7.328 6.944 6.726 6.963 7.082 7.112 7.064 6.897 6.497 6.143 5.981 5.880 5.748 5.527 5.221 4.904 4.561 4.129 3.632 3.111 2.521 1.839 1.102 0.507 0.177 0.063 0.032 0.015 0.007 0.003 0.002 0.001 0.000 0.000 0.000 0.000 0.000 0.000 0.000 0.000 0.000 0.000 0.000 0.000 0.000 0.000 0.000 0.000 0.000
0.000 0.000 0.000 0.000 0.000 0.000 0.000 0.000 0.000 0.000 0.000 0.002 0.010 0.043 0.158 0.468 1.110 2.143 3.542 5.074 6.290 7.236 7.886 8.328 8.548 8.512 8.212 7.646 7.149 6.751 6.866 7.103 7.151 7.120 7.079 6.836 6.371 6.126 6.019 5.923 5.754 5.506 5.193 4.828 4.426 3.975 3.451 2.878 2.242 1.522 0.813 0.334 0.103 0.023 0.007 0.003 0.001 0.001 0.000 0.000 0.000 0.000 0.000 0.000 0.000 0.000 0.000 0.000 0.000 0.000 0.000 0.000 0.000 0.000 0.000 0.000 0.000
0.000 0.000 0.000 0.000 0.000 0.000 0.000 0.000 0.000 0.000 0.000 0.003 0.017 0.071 0.243 0.673 1.487 2.649 3.921 5.151 6.176 6.933 7.397 7.815 8.001 7.958 7.614 7.059 6.733 6.651 6.956 7.120 7.156 7.132 7.019 6.722 6.345 6.175 6.084 5.954 5.714 5.431 5.126 4.773 4.331 3.819 3.300 2.709 2.042 1.287 0.613 0.219 0.058 0.012 0.002 0.001 0.000 0.000 0.000 0.000 0.000 0.000 0.000 0.000 0.000 0.000 0.000 0.000 0.000 0.000 0.000 0.000 0.000 0.000 0.000 0.000 0.000
0.000 0.000 0.000 0.000 0.000 0.000 0.000 0.000 0.000 0.000 0.001 0.004 0.024 0.099 0.327 0.861 1.824 3.092 4.187 5.143 5.983 6.599 7.005 7.223 7.259 7.157 6.856 6.605 6.510 6.740 7.058 7.171 7.201 7.148 6.964 6.617 6.340 6.269 6.180 5.963 5.654 5.346 5.054 4.698 4.235 3.711 3.141 2.512 1.798 1.029 0.439 0.139 0.033 0.006 0.001 0.000 0.000 0.000 0.000 0.000 0.000 0.000 0.000 0.000 0.000 0.000 0.000 0.000 0.000 0.000 0.000 0.000 0.000 0.000 0.000 0.000 0.000
0.000 0.000 0.000 0.000 0.000 0.000 0.000 0.000 0.000 0.000 0.000 0.005 0.028 0.121 0.396 1.020 2.116 3.429 4.406 5.165 5.845 6.304 6.612 6.752 6.746 6.598 6.451 6.328 6.337 6.762 7.061 7.208 7.233 7.185 6.998 6.632 6.418 6.331 6.238 5.948 5.587 5.289 4.968 4.617 4.148 3.590 2.982 2.301 1.522 0.756 0.284 0.080 0.017 0.003 0.000 0.000 0.000 0.000 0.000 0.000 0.000 0.000 0.000 0.000 0.000 0.000 0.000 0.000 0.000 0.000 0.000 0.000 0.000 0.000 0.000 0.000 0.000
0.000 0.000 0.000 0.000 0.000 0.000 0.000 0.000 0.000 0.000 0.000 0.005 0.030 0.136 0.456 1.151 2.356 3.732 4.635 5.225 5.693 6.004 6.254 6.292 6.203 6.097 6.047 6.057 6.300 6.727 7.016 7.221 7.303 7.264 7.081 6.791 6.612 6.443 6.259 5.879 5.467 5.175 4.867 4.499 4.033 3.463 2.816 2.100 1.247 0.545 0.178 0.044 0.008 0.001 0.000 0.000 0.000 0.000 0.000 0.000 0.000 0.000 0.000 0.000 0.000 0.000 0.000 0.000 0.000 0.000 0.000 0.000 0.000 0.000 0.000 0.000 0.000
0.000 0.000 0.000 0.000 0.000 0.000 0.000 0.000 0.000 0.000 0.000 0.004 0.029 0.143 0.500 1.284 2.587 3.987 4.923 5.455 5.712 5.842 5.929 5.850 5.685 5.594 5.601 5.836 6.255 6.655 7.018 7.296 7.420 7.405 7.292 7.086 6.846 6.626 6.339 5.858 5.401 5.104 4.808 4.389 3.878 3.280 2.593 1.794 0.940 0.363 0.106 0.023 0.004 0.000 0.000 0.000 0.000 0.000 0.000 0.000 0.000 0.000 0.000 0.000 0.000 0.000 0.000 0.000 0.000 0.000 0.000 0.000 0.000 0.000 0.000 0.000 0.000
