RESULTS/r.avaflow_results/32_results/32_ascii/32_hflow30053.asc
ncols 506
nrows 317
xllcenter 498237.50
yllcenter 5580050.00
cellsize 12.50
NODATA_value -9999.000
[rows 170 to 203 of 317, columns 154 to 230 of 506]
8.744 8.683 8.619 8.526 8.390 8.212 8.056 7.924 7.788 7.633 7.488 7.360 7.215 6.964 6.505 5.798 4.918 4.024 3.177 2.377 1.645 1.027 0.585 0.337 0.220 0.170 0.155 0.155 0.160 0.175 0.203 0.247 0.293 0.323 0.341 0.356 0.379 0.425 0.457 0.460 0.447 0.429 0.428 0.437 0.439 0.426 0.385 0.313 0.234 0.165 0.117 0.088 0.070 0.059 0.054 0.052 0.052 0.054 0.057 0.060 0.061 0.061 0.059 0.058 0.057 0.057 0.060 0.072 0.106 0.181 0.254 0.281 0.275 0.218 0.136 0.086 0.063
12.128 12.384 12.557 12.628 12.611 12.478 12.272 12.054 11.822 11.554 11.276 11.022 10.772 10.475 10.015 9.304 8.336 7.179 5.928 4.650 3.416 2.325 1.449 0.850 0.515 0.347 0.269 0.242 0.239 0.253 0.287 0.341 0.386 0.405 0.408 0.407 0.413 0.438 0.456 0.452 0.426 0.398 0.387 0.382 0.370 0.335 0.261 0.169 0.104 0.071 0.054 0.044 0.039 0.036 0.035 0.036 0.039 0.043 0.047 0.048 0.048 0.047 0.045 0.043 0.042 0.042 0.044 0.054 0.078 0.134 0.218 0.271 0.287 0.275 0.223 0.156 0.106
15.673 16.251 16.509 16.536 16.413 16.142 15.806 15.473 15.139 14.784 14.420 14.092 13.792 13.481 13.050 12.366 11.398 10.232 8.954 7.542 5.987 4.432 3.054 1.965 1.224 0.773 0.517 0.389 0.333 0.317 0.329 0.362 0.397 0.408 0.404 0.392 0.389 0.395 0.395 0.372 0.315 0.267 0.240 0.219 0.194 0.157 0.105 0.066 0.045 0.034 0.029 0.026 0.025 0.024 0.025 0.026 0.030 0.034 0.037 0.038 0.038 0.037 0.035 0.033 0.032 0.032 0.034 0.040 0.056 0.090 0.160 0.239 0.284 0.302 0.297 0.261 0.197
18.543 19.440 19.795 19.795 19.601 19.260 18.885 18.531 18.172 17.789 17.382 17.019 16.701 16.389 15.980 15.301 14.301 13.074 11.752 10.367 8.854 7.156 5.395 3.794 2.531 1.629 1.038 0.684 0.490 0.391 0.349 0.342 0.352 0.354 0.342 0.314 0.295 0.278 0.256 0.211 0.152 0.115 0.096 0.085 0.075 0.060 0.042 0.030 0.023 0.020 0.018 0.017 0.017 0.017 0.018 0.019 0.022 0.026 0.029 0.030 0.029 0.029 0.027 0.026 0.026 0.027 0.028 0.032 0.040 0.058 0.095 0.167 0.250 0.303 0.320 0.316 0.283
20.225 21.339 21.910 22.060 21.993 21.805 21.576 21.345 21.074 20.725 20.308 19.910 19.564 19.220 18.792 18.111 17.114 15.870 14.494 13.052 11.540 9.899 8.070 6.116 4.329 2.898 1.850 1.152 0.723 0.475 0.345 0.282 0.252 0.234 0.210 0.178 0.158 0.144 0.127 0.099 0.068 0.051 0.043 0.038 0.033 0.028 0.021 0.017 0.014 0.013 0.012 0.012 0.012 0.012 0.013 0.014 0.017 0.020 0.022 0.022 0.023 0.022 0.022 0.022 0.022 0.023 0.024 0.026 0.031 0.040 0.057 0.093 0.170 0.267 0.315 0.322 0.312
20.599 21.816 22.641 23.105 23.356 23.519 23.610 23.610 23.510 23.266 22.854 22.353 21.944 21.560 21.117 20.479 19.593 18.460 17.104 15.573 13.926 12.162 10.202 7.954 5.703 3.837 2.419 1.451 0.856 0.512 0.325 0.227 0.174 0.137 0.106 0.087 0.078 0.073 0.064 0.049 0.036 0.028 0.024 0.021 0.018 0.016 0.013 0.011 0.010 0.009 0.009 0.009 0.009 0.009 0.009 0.010 0.012 0.014 0.016 0.017 0.017 0.017 0.018 0.018 0.019 0.020 0.021 0.023 0.026 0.031 0.040 0.058 0.099 0.186 0.270 0.303 0.307
20.198 21.506 22.521 23.206 23.753 24.258 24.604 24.759 24.790 24.679 24.295 23.661 23.197 22.859 22.468 21.902 21.171 20.241 19.006 17.430 15.613 13.648 11.484 8.983 6.380 4.228 2.612 1.527 0.878 0.508 0.301 0.188 0.124 0.082 0.056 0.045 0.042 0.039 0.035 0.028 0.021 0.018 0.015 0.013 0.012 0.010 0.009 0.008 0.007 0.006 0.006 0.006 0.006 0.006 0.007 0.007 0.009 0.010 0.012 0.013 0.013 0.014 0.014 0.015 0.016 0.017 0.018 0.020 0.023 0.026 0.032 0.044 0.066 0.113 0.186 0.244 0.275
19.157 20.619 21.890 22.888 23.691 24.333 24.716 24.882 24.950 24.911 24.564 23.858 23.371 23.116 22.798 22.266 21.592 20.777 19.657 18.115 16.217 14.116 11.823 9.198 6.458 4.208 2.545 1.451 0.811 0.452 0.251 0.139 0.078 0.047 0.032 0.026 0.024 0.023 0.020 0.017 0.014 0.012 0.010 0.009 0.008 0.007 0.006 0.005 0.005 0.004 0.004 0.004 0.004 0.004 0.004 0.005 0.006 0.007 0.008 0.009 0.010 0.011 0.012 0.013 0.014 0.015 0.016 0.018 0.020 0.023 0.028 0.036 0.050 0.075 0.116 0.166 0.215
17.890 19.492 20.940 22.187 23.200 23.905 24.246 24.358 24.393 24.332 24.000 23.315 22.789 22.516 22.195 21.657 20.991 20.230 19.203 17.747 15.876 13.741 11.387 8.704 5.970 3.752 2.148 1.138 0.587 0.301 0.152 0.077 0.042 0.027 0.020 0.017 0.015 0.014 0.012 0.011 0.009 0.008 0.007 0.006 0.005 0.005 0.004 0.003 0.003 0.002 0.002 0.002 0.002 0.002 0.002 0.003 0.004 0.004 0.005 0.006 0.007 0.008 0.009 0.010 0.011 0.013 0.014 0.016 0.018 0.021 0.025 0.032 0.041 0.057 0.080 0.112 0.149
16.586 18.244 19.724 21.004 22.020 22.717 23.068 23.148 23.058 22.760 22.406 21.964 21.470 20.909 20.317 19.696 19.040 18.362 17.487 16.167 14.362 12.220 9.839 7.206 4.692 2.703 1.338 0.576 0.247 0.120 0.064 0.037 0.023 0.016 0.013 0.011 0.010 0.009 0.008 0.008 0.007 0.006 0.005 0.004 0.003 0.003 0.002 0.002 0.001 0.001 0.001 0.001 0.001 0.001 0.001 0.001 0.002 0.003 0.003 0.004 0.005 0.006 0.007 0.008 0.009 0.011 0.012 0.014 0.016 0.019 0.023 0.029 0.036 0.048 0.063 0.084 0.109
15.035 16.625 18.047 19.274 20.253 21.000 21.500 21.652 21.462 20.957 20.741 20.664 20.293 19.385 18.467 17.749 17.046 16.259 15.235 13.795 11.897 9.643 7.167 4.746 2.738 1.346 0.549 0.192 0.078 0.043 0.028 0.019 0.014 0.011 0.010 0.009 0.008 0.007 0.006 0.005 0.004 0.004 0.003 0.002 0.002 0.001 0.001 0.001 0.001 0.000 0.000 0.000 0.000 0.000 0.000 0.001 0.001 0.001 0.002 0.003 0.003 0.004 0.005 0.006 0.007 0.009 0.011 0.012 0.015 0.018 0.022 0.027 0.034 0.043 0.056 0.072 0.091
13.042 14.465 15.870 17.213 18.417 19.475 20.259 20.547 20.383 19.886 19.747 19.712 19.281 18.208 17.212 16.454 15.644 14.571 13.105 11.205 8.873 6.229 3.828 2.143 1.093 0.481 0.173 0.059 0.030 0.020 0.015 0.012 0.010 0.008 0.007 0.006 0.006 0.005 0.004 0.003 0.003 0.002 0.002 0.001 0.001 0.001 0.000 0.000 0.000 0.000 0.000 0.000 0.000 0.000 0.000 0.000 0.000 0.000 0.001 0.001 0.002 0.003 0.004 0.005 0.006 0.007 0.009 0.011 0.013 0.016 0.020 0.026 0.033 0.042 0.053 0.066 0.082
10.817 12.139 13.588 15.134 16.622 17.960 18.989 19.444 19.371 18.964 18.669 18.354 17.692 16.639 15.727 14.930 13.976 12.576 10.613 8.055 5.204 2.774 1.303 0.585 0.271 0.121 0.048 0.023 0.015 0.012 0.010 0.009 0.007 0.006 0.005 0.004 0.004 0.003 0.002 0.002 0.001 0.001 0.001 0.000 0.000 0.000 0.000 0.000 0.000 0.000 0.000 0.000 0.000 0.000 0.000 0.000 0.000 0.000 0.000 0.000 0.001 0.002 0.002 0.003 0.005 0.006 0.008 0.010 0.013 0.016 0.020 0.025 0.033 0.042 0.053 0.063 0.076
8.923 10.157 11.503 13.003 14.513 15.882 16.990 17.573 17.623 17.253 16.565 15.720 14.803 13.894 13.078 12.177 10.948 9.110 6.537 3.856 1.821 0.684 0.225 0.096 0.054 0.031 0.018 0.012 0.010 0.009 0.007 0.006 0.005 0.004 0.004 0.003 0.002 0.002 0.001 0.001 0.000 0.000 0.000 0.000 0.000 0.000 0.000 0.000 0.000 0.000 0.000 0.000 0.000 0.000 0.000 0.000 0.000 0.000 0.000 0.000 0.000 0.001 0.001 0.002 0.004 0.005 0.007 0.009 0.012 0.015 0.020 0.025 0.033 0.043 0.053 0.061 0.070
7.210 8.282 9.360 10.465 11.532 12.546 13.524 14.136 14.260 13.945 13.078 11.857 10.700 9.718 8.707 7.513 5.946 4.029 2.168 0.904 0.280 0.077 0.035 0.025 0.018 0.013 0.010 0.009 0.007 0.006 0.005 0.004 0.004 0.003 0.002 0.002 0.001 0.001 0.000 0.000 0.000 0.000 0.000 0.000 0.000 0.000 0.000 0.000 0.000 0.000 0.000 0.000 0.000 0.000 0.000 0.000 0.000 0.000 0.000 0.000 0.000 0.000 0.001 0.002 0.003 0.004 0.006 0.008 0.011 0.015 0.019 0.026 0.034 0.044 0.053 0.060 0.068
5.366 6.080 6.551 6.858 7.143 7.547 8.208 8.803 9.024 8.884 8.193 6.960 5.575 4.441 3.514 2.668 1.757 0.870 0.315 0.088 0.031 0.019 0.015 0.012 0.010 0.009 0.007 0.006 0.005 0.004 0.004 0.003 0.002 0.002 0.001 0.001 0.000 0.000 0.000 0.000 0.000 0.000 0.000 0.000 0.000 0.000 0.000 0.000 0.000 0.000 0.000 0.000 0.000 0.000 0.000 0.000 0.000 0.000 0.000 0.000 0.000 0.000 0.000 0.001 0.002 0.003 0.005 0.007 0.010 0.014 0.019 0.025 0.034 0.043 0.052 0.060 0.068
2.824 2.942 2.904 2.810 2.748 2.799 3.032 3.349 3.494 3.470 3.186 2.573 1.750 1.104 0.708 0.457 0.239 0.092 0.034 0.018 0.013 0.011 0.010 0.009 0.007 0.006 0.005 0.004 0.003 0.003 0.002 0.002 0.001 0.001 0.000 0.000 0.000 0.000 0.000 0.000 0.000 0.000 0.000 0.000 0.000 0.000 0.000 0.000 0.000 0.000 0.000 0.000 0.000 0.000 0.000 0.000 0.000 0.000 0.000 0.000 0.000 0.000 0.000 0.000 0.001 0.002 0.004 0.007 0.010 0.013 0.018 0.024 0.032 0.041 0.050 0.059 0.069
0.899 0.825 0.752 0.674 0.616 0.593 0.618 0.685 0.710 0.701 0.633 0.477 0.263 0.138 0.088 0.058 0.034 0.019 0.013 0.011 0.009 0.008 0.007 0.006 0.005 0.004 0.003 0.003 0.002 0.001 0.001 0.001 0.000 0.000 0.000 0.000 0.000 0.000 0.000 0.000 0.000 0.000 0.000 0.000 0.000 0.000 0.000 0.000 0.000 0.000 0.000 0.000 0.000 0.000 0.000 0.000 0.000 0.000 0.000 0.000 0.000 0.000 0.000 0.000 0.001 0.002 0.003 0.006 0.009 0.012 0.017 0.022 0.029 0.037 0.047 0.060 0.075
0.190 0.156 0.142 0.131 0.117 0.108 0.106 0.108 0.107 0.103 0.092 0.068 0.041 0.028 0.022 0.017 0.013 0.011 0.009 0.008 0.007 0.006 0.005 0.004 0.003 0.002 0.002 0.001 0.001 0.001 0.000 0.000 0.000 0.000 0.000 0.000 0.000 0.000 0.000 0.000 0.000 0.000 0.000 0.000 0.000 0.000 0.000 0.000 0.000 0.000 0.000 0.000 0.000 0.000 0.000 0.000 0.000 0.000 0.000 0.000 0.000 0.000 0.000 0.000 0.000 0.001 0.003 0.005 0.007 0.011 0.015 0.020 0.025 0.033 0.045 0.061 0.082
0.046 0.041 0.040 0.039 0.036 0.033 0.032 0.030 0.029 0.028 0.025 0.021 0.016 0.014 0.012 0.010 0.009 0.008 0.006 0.005 0.005 0.004 0.003 0.002 0.002 0.001 0.001 0.000 0.000 0.000 0.000 0.000 0.000 0.000 0.000 0.000 0.000 0.000 0.000 0.000 0.000 0.000 0.000 0.000 0.000 0.000 0.000 0.000 0.000 0.000 0.000 0.000 0.000 0.000 0.000 0.000 0.000 0.000 0.000 0.000 0.000 0.000 0.000 0.000 0.000 0.001 0.002 0.004 0.006 0.009 0.012 0.017 0.022 0.029 0.041 0.059 0.082
0.020 0.019 0.019 0.019 0.018 0.017 0.016 0.015 0.014 0.013 0.012 0.011 0.010 0.009 0.008 0.007 0.006 0.005 0.004 0.004 0.003 0.002 0.002 0.001 0.001 0.000 0.000 0.000 0.000 0.000 0.000 0.000 0.000 0.000 0.000 0.000 0.000 0.000 0.000 0.000 0.000 0.000 0.000 0.000 0.000 0.000 0.000 0.000 0.000 0.000 0.000 0.000 0.000 0.000 0.000 0.000 0.000 0.000 0.000 0.000 0.000 0.000 0.000 0.000 0.000 0.000 0.001 0.002 0.004 0.007 0.010 0.013 0.018 0.024 0.034 0.050 0.072
0.012 0.012 0.011 0.011 0.011 0.010 0.010 0.009 0.009 0.009 0.008 0.008 0.007 0.006 0.006 0.005 0.004 0.003 0.003 0.002 0.002 0.001 0.001 0.000 0.000 0.000 0.000 0.000 0.000 0.000 0.000 0.000 0.000 0.000 0.000 0.000 0.000 0.000 0.000 0.000 0.000 0.000 0.000 0.000 0.000 0.000 0.000 0.000 0.000 0.000 0.000 0.000 0.000 0.000 0.000 0.000 0.000 0.000 0.000 0.000 0.000 0.000 0.000 0.000 0.000 0.000 0.001 0.001 0.003 0.005 0.007 0.010 0.013 0.017 0.023 0.033 0.049
0.008 0.008 0.007 0.007 0.007 0.007 0.007 0.006 0.006 0.006 0.005 0.005 0.005 0.004 0.004 0.003 0.002 0.002 0.001 0.001 0.001 0.000 0.000 0.000 0.000 0.000 0.000 0.000 0.000 0.000 0.000 0.000 0.000 0.000 0.000 0.000 0.000 0.000 0.000 0.000 0.000 0.000 0.000 0.000 0.000 0.000 0.000 0.000 0.000 0.000 0.000 0.000 0.000 0.000 0.000 0.000 0.000 0.000 0.000 0.000 0.000 0.000 0.000 0.000 0.000 0.000 0.000 0.001 0.002 0.003 0.005 0.007 0.009 0.012 0.016 0.021 0.028
0.005 0.005 0.005 0.005 0.005 0.004 0.004 0.004 0.004 0.003 0.003 0.003 0.003 0.002 0.002 0.002 0.001 0.001 0.000 0.000 0.000 0.000 0.000 0.000 0.000 0.000 0.000 0.000 0.000 0.000 0.000 0.000 0.000 0.000 0.000 0.000 0.000 0.000 0.000 0.000 0.000 0.000 0.000 0.000 0.000 0.000 0.000 0.000 0.000 0.000 0.000 0.000 0.000 0.000 0.000 0.000 0.000 0.000 0.000 0.000 0.000 0.000 0.000 0.000 0.000 0.000 0.000 0.000 0.001 0.002 0.003 0.004 0.006 0.008 0.011 0.014 0.018
0.003 0.003 0.003 0.003 0.003 0.002 0.002 0.002 0.002 0.002 0.002 0.001 0.001 0.001 0.001 0.001 0.000 0.000 0.000 0.000 0.000 0.000 0.000 0.000 0.000 0.000 0.000 0.000 0.000 0.000 0.000 0.000 0.000 0.000 0.000 0.000 0.000 0.000 0.000 0.000 0.000 0.000 0.000 0.000 0.000 0.000 0.000 0.000 0.000 0.000 0.000 0.000 0.000 0.000 0.000 0.000 0.000 0.000 0.000 0.000 0.000 0.000 0.000 0.000 0.000 0.000 0.000 0.000 0.000 0.001 0.002 0.003 0.004 0.006 0.007 0.009 0.012
0.001 0.001 0.001 0.001 0.001 0.001 0.001 0.001 0.001 0.001 0.000 0.000 0.000 0.000 0.000 0.000 0.000 0.000 0.000 0.000 0.000 0.000 0.000 0.000 0.000 0.000 0.000 0.000 0.000 0.000 0.000 0.000 0.000 0.000 0.000 0.000 0.000 0.000 0.000 0.000 0.000 0.000 0.000 0.000 0.000 0.000 0.000 0.000 0.000 0.000 0.000 0.000 0.000 0.000 0.000 0.000 0.000 0.000 0.000 0.000 0.000 0.000 0.000 0.000 0.000 0.000 0.000 0.000 0.000 0.000 0.001 0.001 0.002 0.004 0.005 0.006 0.008
0.000 0.000 0.000 0.000 0.000 0.000 0.000 0.000 0.000 0.000 0.000 0.000 0.000 0.000 0.000 0.000 0.000 0.000 0.000 0.000 0.000 0.000 0.000 0.000 0.000 0.000 0.000 0.000 0.000 0.000 0.000 0.000 0.000 0.000 0.000 0.000 0.000 0.000 0.000 0.000 0.000 0.000 0.000 0.000 0.000 0.000 0.000 0.000 0.000 0.000 0.000 0.000 0.000 0.000 0.000 0.000 0.000 0.000 0.000 0.000 0.000 0.000 0.000 0.000 0.000 0.000 0.000 0.000 0.000 0.000 0.000 0.001 0.001 0.002 0.003 0.004 0.005
0.000 0.000 0.000 0.000 0.000 0.000 0.000 0.000 0.000 0.000 0.000 0.000 0.000 0.000 0.000 0.000 0.000 0.000 0.000 0.000 0.000 0.000 0.000 0.000 0.000 0.000 0.000 0.000 0.000 0.000 0.000 0.000 0.000 0.000 0.000 0.000 0.000 0.000 0.000 0.000 0.000 0.000 0.000 0.000 0.000 0.000 0.000 0.000 0.000 0.000 0.000 0.000 0.000 0.000 0.000 0.000 0.000 0.000 0.000 0.000 0.000 0.000 0.000 0.000 0.000 0.000 0.000 0.000 0.000 0.000 0.000 0.000 0.000 0.001 0.002 0.002 0.003
0.000 0.000 0.000 0.000 0.000 0.000 0.000 0.000 0.000 0.000 0.000 0.000 0.000 0.000 0.000 0.000 0.000 0.000 0.000 0.000 0.000 0.000 0.000 0.000 0.000 0.000 0.000 0.000 0.000 0.000 0.000 0.000 0.000 0.000 0.000 0.000 0.000 0.000 0.000 0.000 0.000 0.000 0.000 0.000 0.000 0.000 0.000 0.000 0.000 0.000 0.000 0.000 0.000 0.000 0.000 0.000 0.000 0.000 0.000 0.000 0.000 0.000 0.000 0.000 0.000 0.000 0.000 0.000 0.000 0.000 0.000 0.000 0.000 0.000 0.001 0.001 0.002
0.000 0.000 0.000 0.000 0.000 0.000 0.000 0.000 0.000 0.000 0.000 0.000 0.000 0.000 0.000 0.000 0.000 0.000 0.000 0.000 0.000 0.000 0.000 0.000 0.000 0.000 0.000 0.000 0.000 0.000 0.000 0.000 0.000 0.000 0.000 0.000 0.000 0.000 0.000 0.000 0.000 0.000 0.000 0.000 0.000 0.000 0.000 0.000 0.000 0.000 0.000 0.000 0.000 0.000 0.000 0.000 0.000 0.000 0.000 0.000 0.000 0.000 0.000 0.000 0.000 0.000 0.000 0.000 0.000 0.000 0.000 0.000 0.000 0.000 0.000 0.000 0.001
0.000 0.000 0.000 0.000 0.000 0.000 0.000 0.000 0.000 0.000 0.000 0.000 0.000 0.000 0.000 0.000 0.000 0.000 0.000 0.000 0.000 0.000 0.000 0.000 0.000 0.000 0.000 0.000 0.000 0.000 0.000 0.000 0.000 0.000 0.000 0.000 0.000 0.000 0.000 0.000 0.000 0.000 0.000 0.000 0.000 0.000 0.000 0.000 0.000 0.000 0.000 0.000 0.000 0.000 0.000 0.000 0.000 0.000 0.000 0.000 0.000 0.000 0.000 0.000 0.000 0.000 0.000 0.000 0.000 0.000 0.000 0.000 0.000 0.000 0.000 0.000 0.000
0.000 0.000 0.000 0.000 0.000 0.000 0.000 0.000 0.000 0.000 0.000 0.000 0.000 0.000 0.000 0.000 0.000 0.000 0.000 0.000 0.000 0.000 0.000 0.000 0.000 0.000 0.000 0.000 0.000 0.000 0.000 0.000 0.000 0.000 0.000 0.000 0.000 0.000 0.000 0.000 0.000 0.000 0.000 0.000 0.000 0.000 0.000 0.000 0.000 0.000 0.000 0.000 0.000 0.000 0.000 0.000 0.000 0.000 0.000 0.000 0.000 0.000 0.000 0.000 0.000 0.000 0.000 0.000 0.000 0.000 0.000 0.000 0.000 0.000 0.000 0.000 0.000
0.000 0.000 0.000 0.000 0.000 0.000 0.000 0.000 0.000 0.000 0.000 0.000 0.000 0.000 0.000 0.000 0.000 0.000 0.000 0.000 0.000 0.000 0.000 0.000 0.000 0.000 0.000 0.000 0.000 0.000 0.000 0.000 0.000 0.000 0.000 0.000 0.000 0.000 0.000 0.000 0.000 0.000 0.000 0.000 0.000 0.000 0.000 0.000 0.000 0.000 0.000 0.000 0.000 0.000 0.000 0.000 0.000 0.000 0.000 0.000 0.000 0.000 0.000 0.000 0.000 0.000 0.000 0.000 0.000 0.000 0.000 0.000 0.000 0.000 0.000 0.000 0.000
0.000 0.000 0.000 0.000 0.000 0.000 0.000 0.000 0.000 0.000 0.000 0.000 0.000 0.000 0.000 0.000 0.000 0.000 0.000 0.000 0.000 0.000 0.000 0.000 0.000 0.000 0.000 0.000 0.000 0.000 0.000 0.000 0.000 0.000 0.000 0.000 0.000 0.000 0.000 0.000 0.000 0.000 0.000 0.000 0.000 0.000 0.000 0.000 0.000 0.000 0.000 0.000 0.000 0.000 0.000 0.000 0.000 0.000 0.000 0.000 0.000 0.000 0.000 0.000 0.000 0.000 0.000 0.000 0.000 0.000 0.000 0.000 0.000 0.000 0.000 0.000 0.000
