RESULTS/r.avaflow_results/32_results/32_ascii/32_hflow0047.asc
ncols 506
nrows 317
xllcenter 498237.50
yllcenter 5580050.00
cellsize 12.50
NODATA_value -9999.000
[rows 170 to 203 of 317, columns 154 to 230 of 506]
8.899 8.806 8.717 8.604 8.453 8.262 8.093 7.951 7.805 7.645 7.497 7.367 7.219 6.965 6.504 5.796 4.915 4.023 3.180 2.384 1.656 1.038 0.597 0.350 0.234 0.185 0.171 0.172 0.179 0.196 0.229 0.281 0.332 0.362 0.377 0.387 0.404 0.435 0.450 0.443 0.409 0.378 0.368 0.366 0.361 0.341 0.297 0.232 0.174 0.126 0.093 0.073 0.060 0.053 0.050 0.049 0.050 0.053 0.057 0.060 0.061 0.061 0.061 0.061 0.061 0.062 0.066 0.081 0.126 0.234 0.360 0.409 0.401 0.317 0.186 0.107 0.074
12.302 12.523 12.667 12.716 12.679 12.528 12.309 12.081 11.840 11.566 11.284 11.027 10.775 10.477 10.016 9.306 8.339 7.182 5.933 4.657 3.426 2.338 1.464 0.868 0.535 0.370 0.294 0.268 0.267 0.284 0.324 0.385 0.433 0.450 0.449 0.440 0.437 0.446 0.450 0.434 0.388 0.351 0.334 0.322 0.306 0.268 0.199 0.126 0.081 0.058 0.046 0.039 0.036 0.034 0.034 0.035 0.038 0.042 0.047 0.049 0.048 0.047 0.046 0.044 0.044 0.044 0.047 0.058 0.090 0.167 0.297 0.383 0.406 0.383 0.294 0.187 0.121
15.852 16.391 16.617 16.620 16.477 16.189 15.841 15.499 15.158 14.797 14.428 14.098 13.797 13.486 13.055 12.371 11.403 10.238 8.962 7.550 5.999 4.447 3.073 1.987 1.251 0.805 0.553 0.425 0.371 0.355 0.371 0.408 0.442 0.451 0.444 0.424 0.410 0.403 0.391 0.352 0.284 0.236 0.209 0.188 0.165 0.128 0.083 0.053 0.038 0.030 0.027 0.025 0.024 0.024 0.024 0.026 0.030 0.034 0.037 0.039 0.038 0.037 0.035 0.034 0.033 0.033 0.035 0.043 0.062 0.108 0.210 0.333 0.398 0.415 0.397 0.324 0.225
18.727 19.583 19.905 19.879 19.664 19.306 18.919 18.556 18.191 17.802 17.391 17.026 16.707 16.394 15.984 15.305 14.306 13.081 11.761 10.379 8.868 7.173 5.416 3.819 2.563 1.670 1.087 0.737 0.542 0.440 0.395 0.386 0.393 0.392 0.376 0.341 0.311 0.285 0.252 0.197 0.137 0.104 0.087 0.076 0.066 0.052 0.036 0.026 0.021 0.019 0.017 0.017 0.017 0.017 0.018 0.019 0.022 0.026 0.029 0.030 0.029 0.029 0.027 0.026 0.026 0.027 0.028 0.032 0.043 0.067 0.121 0.232 0.355 0.420 0.433 0.416 0.353
20.411 21.483 22.019 22.143 22.055 21.851 21.611 21.372 21.094 20.739 20.319 19.919 19.572 19.226 18.797 18.116 17.121 15.878 14.505 13.065 11.554 9.916 8.088 6.139 4.360 2.940 1.906 1.219 0.790 0.533 0.393 0.322 0.285 0.263 0.232 0.193 0.166 0.146 0.124 0.091 0.062 0.047 0.040 0.035 0.031 0.025 0.019 0.016 0.014 0.013 0.012 0.012 0.012 0.012 0.013 0.014 0.017 0.020 0.021 0.022 0.022 0.022 0.021 0.021 0.021 0.022 0.023 0.026 0.031 0.043 0.067 0.125 0.247 0.381 0.433 0.434 0.407
20.785 21.959 22.750 23.187 23.417 23.565 23.645 23.637 23.531 23.281 22.865 22.363 21.952 21.568 21.124 20.486 19.602 18.471 17.116 15.586 13.941 12.180 10.220 7.971 5.728 3.873 2.471 1.520 0.928 0.574 0.373 0.263 0.200 0.155 0.117 0.093 0.082 0.073 0.062 0.046 0.033 0.027 0.023 0.020 0.017 0.015 0.012 0.011 0.010 0.009 0.009 0.009 0.009 0.009 0.009 0.010 0.012 0.014 0.016 0.016 0.017 0.017 0.017 0.017 0.018 0.019 0.020 0.022 0.025 0.030 0.043 0.070 0.135 0.270 0.381 0.414 0.406
20.383 21.649 22.630 23.288 23.815 24.304 24.640 24.786 24.811 24.694 24.306 23.670 23.206 22.868 22.477 21.913 21.182 20.253 19.019 17.445 15.630 13.667 11.504 8.999 6.404 4.263 2.663 1.596 0.950 0.569 0.346 0.218 0.143 0.092 0.061 0.048 0.043 0.039 0.034 0.026 0.020 0.017 0.015 0.013 0.011 0.010 0.008 0.007 0.007 0.006 0.006 0.006 0.006 0.006 0.007 0.007 0.008 0.010 0.011 0.012 0.013 0.013 0.013 0.014 0.015 0.016 0.017 0.019 0.021 0.025 0.032 0.046 0.078 0.149 0.255 0.332 0.362
19.338 20.759 21.998 22.970 23.754 24.380 24.752 24.909 24.971 24.927 24.576 23.868 23.382 23.127 22.809 22.277 21.605 20.791 19.672 18.132 16.236 14.138 11.844 9.215 6.483 4.244 2.595 1.515 0.876 0.504 0.286 0.159 0.088 0.051 0.034 0.028 0.025 0.022 0.020 0.016 0.013 0.011 0.010 0.009 0.008 0.007 0.006 0.005 0.005 0.004 0.004 0.004 0.004 0.004 0.004 0.005 0.006 0.007 0.008 0.008 0.009 0.010 0.011 0.011 0.012 0.013 0.015 0.016 0.018 0.021 0.026 0.035 0.051 0.084 0.140 0.205 0.262
18.067 19.630 21.046 22.269 23.263 23.953 24.283 24.386 24.416 24.350 24.014 23.327 22.802 22.529 22.208 21.671 21.007 20.246 19.220 17.765 15.896 13.764 11.409 8.723 5.996 3.787 2.190 1.186 0.632 0.333 0.171 0.086 0.047 0.029 0.021 0.017 0.015 0.014 0.012 0.010 0.009 0.008 0.007 0.006 0.005 0.005 0.004 0.003 0.003 0.002 0.002 0.002 0.002 0.002 0.002 0.003 0.003 0.004 0.005 0.006 0.006 0.007 0.008 0.009 0.010 0.011 0.012 0.014 0.016 0.019 0.023 0.028 0.038 0.055 0.082 0.118 0.158
16.760 18.379 19.828 21.086 22.083 22.766 23.107 23.177 23.081 22.779 22.423 21.979 21.486 20.924 20.332 19.712 19.058 18.380 17.506 16.187 14.382 12.244 9.863 7.229 4.720 2.733 1.364 0.598 0.264 0.131 0.070 0.040 0.025 0.017 0.013 0.011 0.010 0.009 0.008 0.007 0.006 0.006 0.005 0.004 0.003 0.003 0.002 0.002 0.001 0.001 0.001 0.001 0.001 0.001 0.001 0.001 0.002 0.002 0.003 0.004 0.004 0.005 0.006 0.007 0.008 0.009 0.011 0.012 0.014 0.017 0.021 0.025 0.032 0.042 0.057 0.077 0.100
15.208 16.760 18.152 19.356 20.316 21.049 21.540 21.684 21.487 20.979 20.763 20.684 20.312 19.403 18.486 17.769 17.067 16.280 15.256 13.816 11.919 9.667 7.194 4.775 2.767 1.368 0.561 0.198 0.082 0.046 0.029 0.020 0.015 0.011 0.010 0.009 0.008 0.007 0.006 0.005 0.004 0.004 0.003 0.002 0.002 0.001 0.001 0.001 0.001 0.000 0.000 0.000 0.000 0.000 0.000 0.000 0.001 0.001 0.001 0.002 0.003 0.003 0.004 0.005 0.006 0.008 0.009 0.011 0.013 0.016 0.019 0.024 0.030 0.037 0.047 0.059 0.074
13.213 14.600 15.976 17.296 18.483 19.527 20.301 20.582 20.411 19.912 19.772 19.735 19.303 18.229 17.235 16.478 15.667 14.593 13.127 11.229 8.899 6.256 3.853 2.165 1.110 0.490 0.176 0.061 0.031 0.021 0.015 0.012 0.010 0.008 0.007 0.006 0.006 0.005 0.004 0.003 0.003 0.002 0.002 0.001 0.001 0.001 0.000 0.000 0.000 0.000 0.000 0.000 0.000 0.000 0.000 0.000 0.000 0.000 0.001 0.001 0.001 0.002 0.003 0.004 0.005 0.006 0.008 0.010 0.012 0.015 0.018 0.023 0.029 0.036 0.044 0.052 0.062
10.988 12.275 13.697 15.221 16.692 18.017 19.035 19.482 19.403 18.993 18.696 18.380 17.716 16.664 15.754 14.959 14.004 12.603 10.640 8.083 5.229 2.792 1.317 0.595 0.276 0.123 0.049 0.023 0.016 0.012 0.010 0.009 0.007 0.006 0.005 0.004 0.004 0.003 0.002 0.002 0.001 0.001 0.001 0.000 0.000 0.000 0.000 0.000 0.000 0.000 0.000 0.000 0.000 0.000 0.000 0.000 0.000 0.000 0.000 0.000 0.001 0.001 0.002 0.003 0.004 0.005 0.007 0.009 0.011 0.014 0.018 0.023 0.029 0.036 0.043 0.049 0.056
9.098 10.298 11.617 13.094 14.586 15.942 17.039 17.614 17.658 17.284 16.592 15.746 14.830 13.922 13.109 12.209 10.979 9.140 6.565 3.878 1.835 0.691 0.228 0.097 0.055 0.031 0.018 0.013 0.010 0.009 0.007 0.006 0.005 0.004 0.004 0.003 0.002 0.002 0.001 0.001 0.000 0.000 0.000 0.000 0.000 0.000 0.000 0.000 0.000 0.000 0.000 0.000 0.000 0.000 0.000 0.000 0.000 0.000 0.000 0.000 0.000 0.000 0.001 0.002 0.003 0.004 0.006 0.008 0.011 0.014 0.018 0.024 0.031 0.038 0.043 0.048 0.053
7.391 8.427 9.475 10.556 11.605 12.606 13.575 14.178 14.296 13.976 13.105 11.882 10.728 9.748 8.738 7.543 5.974 4.050 2.182 0.911 0.283 0.078 0.035 0.025 0.018 0.014 0.011 0.009 0.008 0.006 0.005 0.004 0.004 0.003 0.002 0.002 0.001 0.001 0.000 0.000 0.000 0.000 0.000 0.000 0.000 0.000 0.000 0.000 0.000 0.000 0.000 0.000 0.000 0.000 0.000 0.000 0.000 0.000 0.000 0.000 0.000 0.000 0.000 0.001 0.002 0.003 0.005 0.007 0.010 0.014 0.018 0.024 0.032 0.039 0.044 0.048 0.052
5.544 6.218 6.655 6.936 7.204 7.597 8.254 8.844 9.060 8.915 8.220 6.985 5.597 4.460 3.533 2.685 1.769 0.876 0.318 0.088 0.031 0.020 0.015 0.013 0.011 0.009 0.008 0.006 0.005 0.004 0.004 0.003 0.002 0.002 0.001 0.001 0.000 0.000 0.000 0.000 0.000 0.000 0.000 0.000 0.000 0.000 0.000 0.000 0.000 0.000 0.000 0.000 0.000 0.000 0.000 0.000 0.000 0.000 0.000 0.000 0.000 0.000 0.000 0.000 0.001 0.002 0.004 0.007 0.010 0.013 0.018 0.024 0.032 0.039 0.045 0.049 0.054
2.957 3.037 2.969 2.855 2.780 2.824 3.058 3.376 3.519 3.491 3.204 2.587 1.761 1.112 0.714 0.462 0.241 0.092 0.034 0.018 0.014 0.011 0.010 0.009 0.007 0.006 0.005 0.004 0.003 0.003 0.002 0.002 0.001 0.001 0.000 0.000 0.000 0.000 0.000 0.000 0.000 0.000 0.000 0.000 0.000 0.000 0.000 0.000 0.000 0.000 0.000 0.000 0.000 0.000 0.000 0.000 0.000 0.000 0.000 0.000 0.000 0.000 0.000 0.000 0.001 0.002 0.004 0.006 0.009 0.013 0.017 0.023 0.031 0.038 0.045 0.052 0.059
0.952 0.854 0.768 0.683 0.623 0.599 0.624 0.693 0.718 0.708 0.638 0.481 0.266 0.140 0.089 0.059 0.034 0.020 0.014 0.011 0.009 0.008 0.007 0.006 0.005 0.004 0.003 0.003 0.002 0.001 0.001 0.001 0.000 0.000 0.000 0.000 0.000 0.000 0.000 0.000 0.000 0.000 0.000 0.000 0.000 0.000 0.000 0.000 0.000 0.000 0.000 0.000 0.000 0.000 0.000 0.000 0.000 0.000 0.000 0.000 0.000 0.000 0.000 0.000 0.000 0.001 0.003 0.005 0.008 0.012 0.016 0.022 0.029 0.036 0.046 0.059 0.074
0.199 0.160 0.144 0.132 0.118 0.109 0.107 0.110 0.109 0.105 0.093 0.069 0.041 0.029 0.023 0.018 0.014 0.011 0.009 0.008 0.007 0.006 0.005 0.004 0.003 0.003 0.002 0.001 0.001 0.001 0.000 0.000 0.000 0.000 0.000 0.000 0.000 0.000 0.000 0.000 0.000 0.000 0.000 0.000 0.000 0.000 0.000 0.000 0.000 0.000 0.000 0.000 0.000 0.000 0.000 0.000 0.000 0.000 0.000 0.000 0.000 0.000 0.000 0.000 0.000 0.001 0.002 0.004 0.007 0.010 0.015 0.020 0.026 0.034 0.047 0.065 0.089
0.049 0.042 0.041 0.040 0.037 0.034 0.033 0.031 0.030 0.028 0.026 0.021 0.017 0.014 0.012 0.010 0.009 0.008 0.007 0.006 0.005 0.004 0.003 0.002 0.002 0.001 0.001 0.000 0.000 0.000 0.000 0.000 0.000 0.000 0.000 0.000 0.000 0.000 0.000 0.000 0.000 0.000 0.000 0.000 0.000 0.000 0.000 0.000 0.000 0.000 0.000 0.000 0.000 0.000 0.000 0.000 0.000 0.000 0.000 0.000 0.000 0.000 0.000 0.000 0.000 0.000 0.002 0.003 0.006 0.009 0.013 0.017 0.023 0.032 0.045 0.066 0.093
0.021 0.020 0.020 0.019 0.019 0.017 0.016 0.015 0.015 0.014 0.013 0.012 0.010 0.009 0.008 0.007 0.006 0.005 0.004 0.004 0.003 0.002 0.002 0.001 0.001 0.000 0.000 0.000 0.000 0.000 0.000 0.000 0.000 0.000 0.000 0.000 0.000 0.000 0.000 0.000 0.000 0.000 0.000 0.000 0.000 0.000 0.000 0.000 0.000 0.000 0.000 0.000 0.000 0.000 0.000 0.000 0.000 0.000 0.000 0.000 0.000 0.000 0.000 0.000 0.000 0.000 0.001 0.002 0.004 0.007 0.010 0.014 0.019 0.027 0.038 0.057 0.084
0.013 0.012 0.012 0.012 0.011 0.011 0.010 0.010 0.009 0.009 0.009 0.008 0.007 0.007 0.006 0.005 0.004 0.003 0.003 0.002 0.002 0.001 0.001 0.000 0.000 0.000 0.000 0.000 0.000 0.000 0.000 0.000 0.000 0.000 0.000 0.000 0.000 0.000 0.000 0.000 0.000 0.000 0.000 0.000 0.000 0.000 0.000 0.000 0.000 0.000 0.000 0.000 0.000 0.000 0.000 0.000 0.000 0.000 0.000 0.000 0.000 0.000 0.000 0.000 0.000 0.000 0.000 0.001 0.003 0.005 0.007 0.010 0.014 0.019 0.026 0.039 0.058
0.008 0.008 0.008 0.008 0.007 0.007 0.007 0.006 0.006 0.006 0.006 0.005 0.005 0.004 0.004 0.003 0.002 0.002 0.001 0.001 0.001 0.000 0.000 0.000 0.000 0.000 0.000 0.000 0.000 0.000 0.000 0.000 0.000 0.000 0.000 0.000 0.000 0.000 0.000 0.000 0.000 0.000 0.000 0.000 0.000 0.000 0.000 0.000 0.000 0.000 0.000 0.000 0.000 0.000 0.000 0.000 0.000 0.000 0.000 0.000 0.000 0.000 0.000 0.000 0.000 0.000 0.000 0.001 0.002 0.003 0.005 0.007 0.010 0.013 0.017 0.023 0.032
0.005 0.005 0.005 0.005 0.005 0.004 0.004 0.004 0.004 0.003 0.003 0.003 0.003 0.002 0.002 0.002 0.001 0.001 0.000 0.000 0.000 0.000 0.000 0.000 0.000 0.000 0.000 0.000 0.000 0.000 0.000 0.000 0.000 0.000 0.000 0.000 0.000 0.000 0.000 0.000 0.000 0.000 0.000 0.000 0.000 0.000 0.000 0.000 0.000 0.000 0.000 0.000 0.000 0.000 0.000 0.000 0.000 0.000 0.000 0.000 0.000 0.000 0.000 0.000 0.000 0.000 0.000 0.000 0.001 0.002 0.003 0.005 0.006 0.009 0.011 0.015 0.019
0.003 0.003 0.003 0.003 0.003 0.002 0.002 0.002 0.002 0.002 0.002 0.001 0.001 0.001 0.001 0.001 0.000 0.000 0.000 0.000 0.000 0.000 0.000 0.000 0.000 0.000 0.000 0.000 0.000 0.000 0.000 0.000 0.000 0.000 0.000 0.000 0.000 0.000 0.000 0.000 0.000 0.000 0.000 0.000 0.000 0.000 0.000 0.000 0.000 0.000 0.000 0.000 0.000 0.000 0.000 0.000 0.000 0.000 0.000 0.000 0.000 0.000 0.000 0.000 0.000 0.000 0.000 0.000 0.000 0.001 0.002 0.003 0.004 0.006 0.008 0.010 0.013
0.001 0.001 0.001 0.001 0.001 0.001 0.001 0.001 0.001 0.001 0.001 0.000 0.000 0.000 0.000 0.000 0.000 0.000 0.000 0.000 0.000 0.000 0.000 0.000 0.000 0.000 0.000 0.000 0.000 0.000 0.000 0.000 0.000 0.000 0.000 0.000 0.000 0.000 0.000 0.000 0.000 0.000 0.000 0.000 0.000 0.000 0.000 0.000 0.000 0.000 0.000 0.000 0.000 0.000 0.000 0.000 0.000 0.000 0.000 0.000 0.000 0.000 0.000 0.000 0.000 0.000 0.000 0.000 0.000 0.000 0.001 0.001 0.002 0.004 0.005 0.007 0.009
0.000 0.000 0.000 0.000 0.000 0.000 0.000 0.000 0.000 0.000 0.000 0.000 0.000 0.000 0.000 0.000 0.000 0.000 0.000 0.000 0.000 0.000 0.000 0.000 0.000 0.000 0.000 0.000 0.000 0.000 0.000 0.000 0.000 0.000 0.000 0.000 0.000 0.000 0.000 0.000 0.000 0.000 0.000 0.000 0.000 0.000 0.000 0.000 0.000 0.000 0.000 0.000 0.000 0.000 0.000 0.000 0.000 0.000 0.000 0.000 0.000 0.000 0.000 0.000 0.000 0.000 0.000 0.000 0.000 0.000 0.000 0.001 0.001 0.002 0.003 0.004 0.006
0.000 0.000 0.000 0.000 0.000 0.000 0.000 0.000 0.000 0.000 0.000 0.000 0.000 0.000 0.000 0.000 0.000 0.000 0.000 0.000 0.000 0.000 0.000 0.000 0.000 0.000 0.000 0.000 0.000 0.000 0.000 0.000 0.000 0.000 0.000 0.000 0.000 0.000 0.000 0.000 0.000 0.000 0.000 0.000 0.000 0.000 0.000 0.000 0.000 0.000 0.000 0.000 0.000 0.000 0.000 0.000 0.000 0.000 0.000 0.000 0.000 0.000 0.000 0.000 0.000 0.000 0.000 0.000 0.000 0.000 0.000 0.000 0.000 0.001 0.002 0.002 0.003
0.000 0.000 0.000 0.000 0.000 0.000 0.000 0.000 0.000 0.000 0.000 0.000 0.000 0.000 0.000 0.000 0.000 0.000 0.000 0.000 0.000 0.000 0.000 0.000 0.000 0.000 0.000 0.000 0.000 0.000 0.000 0.000 0.000 0.000 0.000 0.000 0.000 0.000 0.000 0.000 0.000 0.000 0.000 0.000 0.000 0.000 0.000 0.000 0.000 0.000 0.000 0.000 0.000 0.000 0.000 0.000 0.000 0.000 0.000 0.000 0.000 0.000 0.000 0.000 0.000 0.000 0.000 0.000 0.000 0.000 0.000 0.000 0.000 0.000 0.001 0.001 0.002
0.000 0.000 0.000 0.000 0.000 0.000 0.000 0.000 0.000 0.000 0.000 0.000 0.000 0.000 0.000 0.000 0.000 0.000 0.000 0.000 0.000 0.000 0.000 0.000 0.000 0.000 0.000 0.000 0.000 0.000 0.000 0.000 0.000 0.000 0.000 0.000 0.000 0.000 0.000 0.000 0.000 0.000 0.000 0.000 0.000 0.000 0.000 0.000 0.000 0.000 0.000 0.000 0.000 0.000 0.000 0.000 0.000 0.000 0.000 0.000 0.000 0.000 0.000 0.000 0.000 0.000 0.000 0.000 0.000 0.000 0.000 0.000 0.000 0.000 0.000 0.000 0.001
0.000 0.000 0.000 0.000 0.000 0.000 0.000 0.000 0.000 0.000 0.000 0.000 0.000 0.000 0.000 0.000 0.000 0.000 0.000 0.000 0.000 0.000 0.000 0.000 0.000 0.000 0.000 0.000 0.000 0.000 0.000 0.000 0.000 0.000 0.000 0.000 0.000 0.000 0.000 0.000 0.000 0.000 0.000 0.000 0.000 0.000 0.000 0.000 0.000 0.000 0.000 0.000 0.000 0.000 0.000 0.000 0.000 0.000 0.000 0.000 0.000 0.000 0.000 0.000 0.000 0.000 0.000 0.000 0.000 0.000 0.000 0.000 0.000 0.000 0.000 0.000 0.000
0.000 0.000 0.000 0.000 0.000 0.000 0.000 0.000 0.000 0.000 0.000 0.000 0.000 0.000 0.000 0.000 0.000 0.000 0.000 0.000 0.000 0.000 0.000 0.000 0.000 0.000 0.000 0.000 0.000 0.000 0.000 0.000 0.000 0.000 0.000 0.000 0.000 0.000 0.000 0.000 0.000 0.000 0.000 0.000 0.000 0.000 0.000 0.000 0.000 0.000 0.000 0.000 0.000 0.000 0.000 0.000 0.000 0.000 0.000 0.000 0.000 0.000 0.000 0.000 0.000 0.000 0.000 0.000 0.000 0.000 0.000 0.000 0.000 0.000 0.000 0.000 0.000
0.000 0.000 0.000 0.000 0.000 0.000 0.000 0.000 0.000 0.000 0.000 0.000 0.000 0.000 0.000 0.000 0.000 0.000 0.000 0.000 0.000 0.000 0.000 0.000 0.000 0.000 0.000 0.000 0.000 0.000 0.000 0.000 0.000 0.000 0.000 0.000 0.000 0.000 0.000 0.000 0.000 0.000 0.000 0.000 0.000 0.000 0.000 0.000 0.000 0.000 0.000 0.000 0.000 0.000 0.000 0.000 0.000 0.000 0.000 0.000 0.000 0.000 0.000 0.000 0.000 0.000 0.000 0.000 0.000 0.000 0.000 0.000 0.000 0.000 0.000 0.000 0.000
0.000 0.000 0.000 0.000 0.000 0.000 0.000 0.000 0.000 0.000 0.000 0.000 0.000 0.000 0.000 0.000 0.000 0.000 0.000 0.000 0.000 0.000 0.000 0.000 0.000 0.000 0.000 0.000 0.000 0.000 0.000 0.000 0.000 0.000 0.000 0.000 0.000 0.000 0.000 0.000 0.000 0.000 0.000 0.000 0.000 0.000 0.000 0.000 0.000 0.000 0.000 0.000 0.000 0.000 0.000 0.000 0.000 0.000 0.000 0.000 0.000 0.000 0.000 0.000 0.000 0.000 0.000 0.000 0.000 0.000 0.000 0.000 0.000 0.000 0.000 0.000 0.000
