RESULTS/r.avaflow_results/32_results/32_ascii/32_hflow10058.asc
ncols 506
nrows 317
xllcenter 498237.50
yllcenter 5580050.00
cellsize 12.50
NODATA_value -9999.000
[rows 170 to 203 of 317, columns 77 to 153 of 506]
0.000 0.000 0.000 0.000 0.000 0.000 0.000 0.000 0.000 0.000 0.000 0.000 0.000 0.000 0.001 0.002 0.003 0.004 0.004 0.004 0.004 0.004 0.005 0.011 0.031 0.058 0.070 0.071 0.070 0.067 0.061 0.053 0.042 0.030 0.020 0.014 0.010 0.008 0.006 0.005 0.004 0.004 0.004 0.005 0.012 0.031 0.066 0.114 0.191 0.341 0.623 1.140 2.107 3.246 3.879 4.010 3.981 4.020 4.112 4.149 4.133 4.035 3.851 3.562 3.166 2.685 2.197 1.788 1.444 1.154 0.913 0.722 0.574 0.458 0.367 0.293 0.234
0.000 0.000 0.000 0.000 0.000 0.000 0.000 0.000 0.000 0.000 0.000 0.000 0.001 0.002 0.004 0.007 0.011 0.013 0.015 0.015 0.015 0.016 0.022 0.042 0.076 0.101 0.108 0.107 0.103 0.097 0.088 0.076 0.058 0.040 0.028 0.020 0.015 0.013 0.011 0.009 0.008 0.008 0.009 0.019 0.054 0.138 0.267 0.432 0.689 1.104 1.721 2.619 3.607 4.250 4.451 4.430 4.375 4.372 4.405 4.415 4.377 4.239 4.020 3.668 3.237 2.714 2.219 1.806 1.456 1.167 0.933 0.749 0.604 0.487 0.391 0.313 0.249
0.000 0.000 0.000 0.000 0.000 0.000 0.000 0.000 0.000 0.000 0.000 0.001 0.003 0.006 0.012 0.018 0.025 0.032 0.037 0.041 0.045 0.053 0.074 0.111 0.143 0.156 0.156 0.153 0.147 0.137 0.124 0.105 0.080 0.055 0.038 0.028 0.023 0.019 0.017 0.016 0.015 0.018 0.032 0.087 0.240 0.508 0.832 1.209 1.747 2.510 3.344 4.085 4.554 4.725 4.710 4.659 4.615 4.583 4.575 4.559 4.503 4.355 4.096 3.716 3.258 2.718 2.232 1.823 1.477 1.196 0.967 0.784 0.633 0.508 0.407 0.326 0.259
0.000 0.000 0.000 0.000 0.000 0.000 0.000 0.000 0.000 0.000 0.001 0.003 0.007 0.014 0.023 0.034 0.046 0.060 0.074 0.088 0.102 0.126 0.167 0.206 0.221 0.222 0.219 0.212 0.203 0.189 0.171 0.144 0.109 0.074 0.052 0.039 0.032 0.029 0.027 0.027 0.032 0.054 0.134 0.358 0.780 1.329 1.895 2.514 3.283 4.067 4.676 5.024 5.120 5.051 4.895 4.797 4.740 4.692 4.669 4.637 4.563 4.405 4.125 3.741 3.261 2.720 2.243 1.841 1.507 1.230 0.998 0.809 0.650 0.521 0.416 0.333 0.265
0.000 0.000 0.000 0.000 0.000 0.000 0.000 0.000 0.000 0.000 0.002 0.006 0.013 0.024 0.038 0.055 0.075 0.098 0.125 0.154 0.188 0.232 0.279 0.304 0.307 0.304 0.298 0.288 0.275 0.256 0.230 0.195 0.148 0.101 0.070 0.053 0.044 0.041 0.042 0.048 0.076 0.175 0.467 1.042 1.827 2.630 3.360 4.027 4.648 5.155 5.485 5.592 5.543 5.337 5.027 4.855 4.784 4.741 4.709 4.670 4.590 4.423 4.139 3.747 3.256 2.721 2.256 1.861 1.528 1.249 1.014 0.821 0.659 0.528 0.423 0.338 0.269
0.000 0.000 0.000 0.000 0.000 0.000 0.000 0.000 0.000 0.000 0.002 0.008 0.017 0.031 0.050 0.076 0.108 0.148 0.193 0.244 0.299 0.354 0.392 0.406 0.408 0.404 0.397 0.384 0.366 0.341 0.306 0.261 0.201 0.138 0.094 0.069 0.059 0.056 0.061 0.086 0.170 0.461 1.167 2.260 3.310 4.153 4.751 5.230 5.621 5.894 6.014 6.014 5.890 5.560 5.137 4.882 4.787 4.756 4.732 4.693 4.607 4.435 4.148 3.740 3.245 2.719 2.259 1.869 1.536 1.254 1.018 0.823 0.662 0.531 0.426 0.340 0.270
0.000 0.000 0.000 0.000 0.000 0.000 0.000 0.000 0.000 0.000 0.003 0.008 0.019 0.034 0.057 0.089 0.132 0.191 0.266 0.355 0.429 0.484 0.517 0.527 0.529 0.526 0.518 0.503 0.481 0.449 0.405 0.347 0.271 0.187 0.125 0.090 0.076 0.075 0.085 0.137 0.328 0.943 2.248 3.775 4.803 5.470 5.856 6.139 6.342 6.459 6.474 6.390 6.154 5.731 5.239 4.911 4.765 4.743 4.743 4.713 4.632 4.445 4.137 3.720 3.221 2.704 2.253 1.860 1.529 1.247 1.011 0.817 0.657 0.529 0.425 0.338 0.269
0.000 0.000 0.000 0.000 0.000 0.000 0.000 0.000 0.000 0.000 0.003 0.009 0.019 0.036 0.060 0.095 0.144 0.215 0.315 0.448 0.562 0.628 0.663 0.676 0.679 0.676 0.667 0.650 0.623 0.583 0.529 0.457 0.361 0.252 0.167 0.116 0.096 0.093 0.104 0.167 0.436 1.354 3.229 5.017 6.012 6.505 6.719 6.853 6.916 6.923 6.866 6.684 6.346 5.865 5.345 4.971 4.783 4.750 4.762 4.735 4.642 4.446 4.126 3.693 3.173 2.658 2.208 1.821 1.494 1.218 0.987 0.796 0.641 0.518 0.417 0.333 0.265
0.000 0.000 0.000 0.000 0.000 0.000 0.000 0.000 0.000 0.000 0.002 0.008 0.018 0.036 0.060 0.096 0.147 0.222 0.334 0.500 0.681 0.791 0.841 0.862 0.866 0.863 0.852 0.830 0.796 0.745 0.679 0.592 0.477 0.339 0.223 0.151 0.118 0.110 0.118 0.180 0.465 1.539 3.863 5.952 6.940 7.284 7.377 7.406 7.381 7.256 7.118 6.868 6.484 5.991 5.466 5.069 4.857 4.806 4.806 4.754 4.634 4.409 4.066 3.613 3.070 2.564 2.126 1.753 1.434 1.167 0.944 0.762 0.615 0.498 0.403 0.324 0.260
0.000 0.000 0.000 0.000 0.000 0.000 0.000 0.000 0.000 0.000 0.002 0.006 0.016 0.032 0.058 0.093 0.145 0.221 0.336 0.514 0.762 0.966 1.060 1.090 1.096 1.094 1.080 1.049 1.004 0.942 0.861 0.757 0.623 0.455 0.299 0.196 0.143 0.126 0.129 0.184 0.462 1.559 4.145 6.599 7.624 7.846 7.879 7.818 7.692 7.467 7.248 6.956 6.582 6.128 5.618 5.216 4.985 4.898 4.854 4.750 4.584 4.305 3.924 3.450 2.910 2.427 2.013 1.655 1.352 1.097 0.888 0.721 0.588 0.482 0.393 0.318 0.255
0.000 0.000 0.000 0.000 0.000 0.000 0.000 0.000 0.000 0.000 0.001 0.003 0.009 0.023 0.046 0.081 0.131 0.204 0.317 0.498 0.773 1.103 1.304 1.364 1.371 1.366 1.347 1.310 1.252 1.178 1.081 0.958 0.800 0.601 0.399 0.255 0.173 0.142 0.140 0.184 0.438 1.504 4.142 6.898 8.095 8.264 8.228 8.066 7.824 7.560 7.277 6.971 6.640 6.270 5.824 5.418 5.160 5.021 4.905 4.726 4.487 4.141 3.704 3.198 2.687 2.241 1.859 1.529 1.251 1.021 0.836 0.688 0.569 0.471 0.385 0.313 0.252
0.000 0.000 0.000 0.000 0.000 0.000 0.000 0.000 0.000 0.000 0.000 0.001 0.003 0.009 0.024 0.049 0.089 0.148 0.241 0.404 0.690 1.123 1.499 1.655 1.683 1.677 1.656 1.615 1.547 1.458 1.345 1.198 1.011 0.781 0.532 0.338 0.216 0.162 0.152 0.178 0.384 1.341 3.906 6.873 8.307 8.544 8.420 8.158 7.856 7.577 7.273 6.972 6.682 6.375 6.025 5.656 5.348 5.124 4.922 4.678 4.380 3.975 3.482 2.952 2.468 2.052 1.702 1.404 1.158 0.958 0.795 0.663 0.554 0.461 0.380 0.310 0.252
0.000 0.000 0.000 0.000 0.000 0.000 0.000 0.000 0.000 0.000 0.000 0.000 0.001 0.002 0.007 0.016 0.033 0.059 0.104 0.207 0.457 0.955 1.571 1.895 1.993 2.013 2.001 1.960 1.890 1.788 1.652 1.478 1.261 1.001 0.711 0.464 0.288 0.198 0.173 0.188 0.335 1.102 3.429 6.569 8.261 8.626 8.490 8.172 7.831 7.500 7.186 6.915 6.660 6.409 6.145 5.838 5.518 5.205 4.921 4.624 4.288 3.848 3.330 2.799 2.327 1.926 1.589 1.310 1.084 0.903 0.758 0.639 0.539 0.453 0.376 0.309 0.252
0.000 0.000 0.000 0.000 0.000 0.000 0.000 0.000 0.000 0.000 0.000 0.000 0.000 0.001 0.001 0.003 0.007 0.014 0.025 0.059 0.189 0.623 1.434 2.030 2.251 2.326 2.337 2.315 2.255 2.149 1.995 1.800 1.559 1.272 0.951 0.651 0.415 0.273 0.221 0.223 0.335 0.931 2.903 6.022 7.903 8.476 8.431 8.128 7.733 7.331 7.015 6.780 6.588 6.388 6.184 5.930 5.625 5.278 4.932 4.593 4.212 3.759 3.245 2.729 2.267 1.866 1.527 1.249 1.027 0.853 0.720 0.613 0.524 0.445 0.374 0.311 0.255
0.000 0.000 0.000 0.000 0.000 0.000 0.000 0.000 0.000 0.000 0.000 0.000 0.000 0.000 0.000 0.001 0.002 0.003 0.006 0.013 0.059 0.323 1.118 2.029 2.433 2.589 2.642 2.638 2.598 2.514 2.368 2.162 1.908 1.608 1.265 0.917 0.624 0.420 0.327 0.313 0.396 0.866 2.434 5.227 7.189 7.972 8.090 7.904 7.527 7.052 6.685 6.462 6.360 6.290 6.165 5.944 5.669 5.346 4.965 4.582 4.165 3.711 3.211 2.713 2.256 1.851 1.501 1.213 0.984 0.809 0.677 0.577 0.500 0.434 0.374 0.318 0.265
0.000 0.000 0.000 0.000 0.000 0.000 0.000 0.000 0.000 0.000 0.000 0.000 0.000 0.000 0.000 0.001 0.001 0.002 0.003 0.006 0.021 0.146 0.743 1.816 2.499 2.765 2.886 2.932 2.921 2.871 2.764 2.574 2.320 2.016 1.666 1.287 0.947 0.685 0.545 0.514 0.572 0.938 2.061 4.230 6.194 7.154 7.411 7.346 7.088 6.622 6.145 5.876 5.801 5.850 5.924 5.856 5.670 5.375 5.006 4.597 4.153 3.693 3.203 2.720 2.264 1.855 1.497 1.194 0.952 0.767 0.628 0.528 0.459 0.413 0.370 0.325 0.277
0.000 0.000 0.000 0.000 0.000 0.000 0.000 0.000 0.000 0.000 0.000 0.000 0.000 0.000 0.000 0.001 0.001 0.003 0.004 0.007 0.015 0.065 0.398 1.346 2.366 2.845 3.052 3.166 3.216 3.210 3.149 3.010 2.789 2.503 2.166 1.783 1.418 1.119 0.939 0.880 0.909 1.152 1.891 3.375 5.091 6.084 6.412 6.418 6.302 5.953 5.435 5.025 4.874 4.953 5.232 5.498 5.525 5.339 5.007 4.607 4.157 3.693 3.213 2.748 2.295 1.875 1.505 1.190 0.933 0.731 0.577 0.469 0.401 0.367 0.344 0.315 0.268
0.000 0.000 0.000 0.000 0.000 0.000 0.000 0.000 0.000 0.000 0.000 0.000 0.000 0.000 0.001 0.002 0.003 0.006 0.009 0.014 0.021 0.043 0.189 0.812 1.959 2.787 3.134 3.336 3.464 3.512 3.497 3.418 3.262 3.041 2.758 2.410 2.051 1.747 1.547 1.453 1.446 1.569 2.008 2.919 4.221 5.078 5.383 5.424 5.380 5.192 4.828 4.353 4.043 4.006 4.253 4.765 5.099 5.102 4.892 4.550 4.139 3.700 3.256 2.819 2.357 1.913 1.526 1.198 0.925 0.704 0.533 0.410 0.327 0.281 0.253 0.222 0.171
0.000 0.000 0.000 0.000 0.000 0.000 0.000 0.000 0.000 0.000 0.000 0.000 0.000 0.001 0.002 0.004 0.009 0.015 0.024 0.032 0.040 0.053 0.107 0.409 1.339 2.525 3.126 3.424 3.649 3.773 3.806 3.774 3.683 3.537 3.333 3.063 2.752 2.485 2.307 2.208 2.170 2.184 2.333 2.792 3.661 4.356 4.641 4.714 4.708 4.621 4.389 3.982 3.592 3.415 3.471 3.848 4.360 4.575 4.538 4.337 4.034 3.670 3.292 2.889 2.402 1.927 1.535 1.204 0.920 0.681 0.491 0.346 0.235 0.157 0.109 0.077 0.047
0.000 0.000 0.000 0.000 0.000 0.000 0.000 0.000 0.000 0.000 0.000 0.000 0.000 0.002 0.005 0.012 0.024 0.040 0.057 0.068 0.075 0.079 0.099 0.222 0.779 1.990 2.962 3.424 3.726 3.945 4.055 4.078 4.047 3.959 3.810 3.589 3.314 3.068 2.898 2.800 2.757 2.752 2.787 2.965 3.427 3.936 4.172 4.248 4.257 4.220 4.073 3.771 3.389 3.121 3.031 3.155 3.498 3.783 3.897 3.871 3.727 3.476 3.164 2.798 2.345 1.885 1.500 1.174 0.884 0.623 0.407 0.241 0.127 0.065 0.035 0.019 0.010
0.000 0.000 0.000 0.000 0.000 0.000 0.000 0.000 0.000 0.000 0.000 0.000 0.001 0.004 0.013 0.033 0.061 0.092 0.116 0.128 0.131 0.128 0.128 0.178 0.495 1.407 2.560 3.274 3.719 4.044 4.250 4.331 4.339 4.300 4.179 3.976 3.721 3.481 3.300 3.180 3.112 3.092 3.106 3.189 3.407 3.721 3.905 3.965 3.974 3.946 3.845 3.626 3.292 3.002 2.832 2.776 2.836 2.934 2.999 3.027 2.994 2.846 2.577 2.246 1.895 1.530 1.198 0.910 0.647 0.411 0.225 0.105 0.046 0.021 0.011 0.006 0.003
0.000 0.000 0.000 0.000 0.000 0.000 0.000 0.000 0.000 0.000 0.000 0.001 0.003 0.010 0.033 0.078 0.134 0.178 0.207 0.221 0.221 0.210 0.196 0.216 0.410 1.028 2.034 2.907 3.563 4.037 4.362 4.532 4.566 4.544 4.430 4.232 3.985 3.751 3.560 3.412 3.308 3.254 3.250 3.287 3.414 3.607 3.729 3.773 3.782 3.756 3.669 3.499 3.216 2.923 2.713 2.559 2.441 2.337 2.225 2.089 1.946 1.781 1.536 1.249 0.998 0.771 0.563 0.383 0.241 0.135 0.065 0.028 0.013 0.007 0.004 0.002 0.002
0.000 0.000 0.000 0.000 0.000 0.000 0.000 0.000 0.000 0.000 0.000 0.001 0.006 0.023 0.072 0.159 0.244 0.301 0.341 0.361 0.363 0.353 0.330 0.332 0.460 0.897 1.652 2.488 3.248 3.895 4.354 4.619 4.699 4.671 4.574 4.377 4.147 3.924 3.714 3.536 3.402 3.320 3.303 3.321 3.405 3.523 3.592 3.621 3.625 3.596 3.515 3.363 3.121 2.834 2.587 2.371 2.163 1.943 1.695 1.411 1.144 0.910 0.696 0.505 0.353 0.239 0.156 0.095 0.054 0.028 0.014 0.007 0.004 0.003 0.002 0.001 0.001
0.000 0.000 0.000 0.000 0.000 0.000 0.000 0.000 0.000 0.000 0.000 0.001 0.008 0.033 0.105 0.239 0.375 0.461 0.525 0.563 0.579 0.577 0.561 0.556 0.633 0.943 1.516 2.240 2.983 3.665 4.215 4.580 4.717 4.695 4.619 4.451 4.249 4.034 3.818 3.614 3.445 3.330 3.296 3.315 3.381 3.444 3.472 3.483 3.481 3.446 3.360 3.214 2.991 2.709 2.430 2.172 1.903 1.591 1.227 0.877 0.601 0.405 0.268 0.171 0.104 0.061 0.035 0.020 0.011 0.006 0.004 0.002 0.002 0.001 0.001 0.001 0.001
0.000 0.000 0.000 0.000 0.000 0.000 0.000 0.000 0.000 0.000 0.000 0.001 0.008 0.035 0.114 0.275 0.487 0.650 0.761 0.839 0.882 0.901 0.910 0.920 0.971 1.165 1.580 2.185 2.873 3.494 4.033 4.444 4.654 4.662 4.608 4.466 4.291 4.090 3.882 3.662 3.457 3.318 3.255 3.256 3.306 3.337 3.341 3.335 3.314 3.276 3.201 3.052 2.815 2.482 2.110 1.776 1.439 1.059 0.679 0.408 0.242 0.143 0.084 0.049 0.027 0.014 0.007 0.004 0.002 0.002 0.001 0.001 0.001 0.001 0.001 0.000 0.000
0.000 0.000 0.000 0.000 0.000 0.000 0.000 0.000 0.000 0.000 0.000 0.001 0.008 0.032 0.108 0.275 0.550 0.847 1.050 1.193 1.287 1.345 1.388 1.430 1.487 1.612 1.875 2.311 2.888 3.455 3.915 4.272 4.502 4.549 4.529 4.424 4.288 4.100 3.899 3.668 3.440 3.267 3.160 3.126 3.147 3.182 3.188 3.172 3.128 3.046 2.937 2.745 2.418 1.925 1.390 0.969 0.642 0.385 0.211 0.113 0.062 0.036 0.021 0.012 0.006 0.003 0.001 0.001 0.001 0.001 0.000 0.000 0.000 0.000 0.000 0.000 0.000
0.000 0.000 0.000 0.000 0.000 0.000 0.000 0.000 0.000 0.000 0.000 0.001 0.005 0.023 0.087 0.251 0.565 1.016 1.390 1.630 1.801 1.918 2.003 2.076 2.150 2.246 2.401 2.669 3.064 3.522 3.892 4.156 4.325 4.383 4.388 4.323 4.232 4.089 3.894 3.654 3.402 3.166 2.990 2.897 2.872 2.892 2.904 2.892 2.835 2.705 2.480 2.157 1.682 1.099 0.622 0.335 0.171 0.080 0.036 0.019 0.011 0.007 0.005 0.003 0.001 0.001 0.000 0.000 0.000 0.000 0.000 0.000 0.000 0.000 0.000 0.000 0.000
0.000 0.000 0.000 0.000 0.000 0.000 0.000 0.000 0.000 0.000 0.000 0.000 0.002 0.011 0.055 0.206 0.552 1.122 1.732 2.159 2.445 2.632 2.759 2.860 2.946 3.024 3.111 3.242 3.451 3.724 3.963 4.128 4.221 4.251 4.250 4.192 4.115 3.999 3.826 3.612 3.348 3.048 2.774 2.585 2.491 2.447 2.410 2.365 2.266 2.072 1.745 1.309 0.850 0.464 0.219 0.094 0.038 0.014 0.006 0.003 0.002 0.001 0.001 0.001 0.000 0.000 0.000 0.000 0.000 0.000 0.000 0.000 0.000 0.000 0.000 0.000 0.000
0.000 0.000 0.000 0.000 0.000 0.000 0.000 0.000 0.000 0.000 0.000 0.000 0.001 0.005 0.034 0.168 0.541 1.186 1.971 2.638 3.136 3.452 3.640 3.762 3.842 3.896 3.936 3.972 4.018 4.070 4.116 4.148 4.156 4.136 4.101 4.034 3.951 3.847 3.699 3.509 3.259 2.945 2.600 2.285 2.058 1.900 1.757 1.603 1.407 1.146 0.837 0.532 0.291 0.135 0.056 0.022 0.007 0.002 0.001 0.001 0.000 0.000 0.000 0.000 0.000 0.000 0.000 0.000 0.000 0.000 0.000 0.000 0.000 0.000 0.000 0.000 0.000
0.000 0.000 0.000 0.000 0.000 0.000 0.000 0.000 0.000 0.000 0.000 0.000 0.001 0.003 0.025 0.149 0.541 1.229 2.081 2.946 3.672 4.165 4.452 4.609 4.689 4.712 4.709 4.673 4.593 4.472 4.332 4.209 4.096 3.993 3.910 3.836 3.754 3.661 3.532 3.360 3.130 2.828 2.464 2.061 1.707 1.429 1.189 0.958 0.726 0.499 0.297 0.153 0.068 0.028 0.011 0.004 0.001 0.001 0.000 0.000 0.000 0.000 0.000 0.000 0.000 0.000 0.000 0.000 0.000 0.000 0.000 0.000 0.000 0.000 0.000 0.000 0.000
0.000 0.000 0.000 0.000 0.000 0.000 0.000 0.000 0.000 0.000 0.000 0.000 0.001 0.003 0.022 0.144 0.548 1.254 2.105 3.066 4.013 4.712 5.140 5.351 5.414 5.412 5.362 5.236 5.032 4.768 4.493 4.244 4.004 3.795 3.641 3.547 3.488 3.422 3.321 3.174 2.971 2.697 2.332 1.885 1.435 1.072 0.781 0.540 0.343 0.196 0.098 0.042 0.016 0.006 0.002 0.001 0.000 0.000 0.000 0.000 0.000 0.000 0.000 0.000 0.000 0.000 0.000 0.000 0.000 0.000 0.000 0.000 0.000 0.000 0.000 0.000 0.000
0.000 0.001 0.001 0.002 0.002 0.002 0.001 0.001 0.001 0.001 0.001 0.001 0.002 0.004 0.023 0.146 0.553 1.256 2.101 3.071 4.174 5.095 5.684 5.961 6.026 6.001 5.882 5.646 5.308 4.926 4.570 4.239 3.887 3.528 3.240 3.067 3.007 2.976 2.917 2.817 2.664 2.459 2.141 1.698 1.196 0.797 0.506 0.301 0.163 0.080 0.034 0.013 0.004 0.001 0.000 0.000 0.000 0.000 0.000 0.000 0.000 0.000 0.000 0.000 0.000 0.000 0.000 0.000 0.000 0.000 0.000 0.000 0.000 0.000 0.000 0.000 0.000
0.001 0.002 0.002 0.002 0.002 0.002 0.002 0.002 0.002 0.002 0.002 0.003 0.004 0.007 0.024 0.139 0.524 1.203 2.037 2.996 4.147 5.249 5.996 6.360 6.442 6.391 6.186 5.840 5.420 4.991 4.589 4.187 3.727 3.203 2.726 2.399 2.244 2.178 2.116 2.047 1.969 1.878 1.700 1.374 0.927 0.552 0.308 0.161 0.077 0.033 0.012 0.004 0.001 0.000 0.000 0.000 0.000 0.000 0.000 0.000 0.000 0.000 0.000 0.000 0.000 0.000 0.000 0.000 0.000 0.000 0.000 0.000 0.000 0.000 0.000 0.000 0.000
0.003 0.003 0.003 0.003 0.003 0.002 0.002 0.002 0.002 0.003 0.004 0.005 0.007 0.008 0.017 0.095 0.400 1.008 1.828 2.785 3.958 5.219 6.103 6.537 6.640 6.573 6.308 5.915 5.453 4.999 4.523 4.020 3.460 2.806 2.154 1.656 1.342 1.159 1.036 0.953 0.918 0.921 0.912 0.803 0.560 0.310 0.158 0.074 0.032 0.012 0.004 0.001 0.000 0.000 0.000 0.000 0.000 0.000 0.000 0.000 0.000 0.000 0.000 0.000 0.000 0.000 0.000 0.000 0.000 0.000 0.000 0.000 0.000 0.000 0.000 0.000 0.000
