RESULTS/r.avaflow_results/32_results/32_ascii/32_hflow30033.asc
ncols 506
nrows 317
xllcenter 498237.50
yllcenter 5580050.00
cellsize 12.50
NODATA_value -9999.000
[rows 170 to 203 of 317, columns 154 to 230 of 506]
8.885 8.820 8.748 8.645 8.497 8.305 8.133 7.987 7.839 7.680 7.535 7.406 7.256 6.993 6.523 5.813 4.931 4.042 3.205 2.417 1.691 1.073 0.632 0.388 0.277 0.233 0.224 0.231 0.249 0.281 0.330 0.402 0.481 0.530 0.558 0.576 0.591 0.597 0.587 0.543 0.442 0.359 0.319 0.294 0.268 0.233 0.188 0.148 0.116 0.090 0.072 0.060 0.052 0.048 0.046 0.046 0.048 0.051 0.055 0.059 0.060 0.060 0.060 0.061 0.061 0.062 0.067 0.085 0.134 0.256 0.408 0.471 0.465 0.374 0.216 0.118 0.077
12.292 12.540 12.701 12.762 12.728 12.576 12.357 12.128 11.885 11.608 11.329 11.074 10.820 10.516 10.049 9.338 8.368 7.207 5.957 4.681 3.453 2.365 1.492 0.906 0.588 0.434 0.367 0.347 0.354 0.380 0.431 0.515 0.593 0.629 0.637 0.633 0.621 0.606 0.583 0.524 0.414 0.335 0.293 0.263 0.230 0.184 0.128 0.084 0.059 0.046 0.039 0.035 0.033 0.032 0.033 0.034 0.037 0.042 0.046 0.047 0.047 0.046 0.045 0.044 0.044 0.044 0.049 0.063 0.100 0.190 0.345 0.452 0.481 0.449 0.330 0.190 0.117
15.838 16.401 16.642 16.658 16.521 16.238 15.894 15.554 15.211 14.848 14.483 14.154 13.852 13.538 13.103 12.419 11.450 10.283 8.998 7.575 6.019 4.469 3.099 2.022 1.302 0.877 0.639 0.520 0.471 0.459 0.480 0.535 0.595 0.618 0.618 0.602 0.573 0.540 0.496 0.411 0.299 0.230 0.191 0.162 0.130 0.092 0.059 0.041 0.031 0.027 0.024 0.023 0.023 0.023 0.024 0.026 0.029 0.033 0.036 0.037 0.037 0.035 0.034 0.033 0.033 0.033 0.036 0.046 0.071 0.131 0.259 0.411 0.490 0.507 0.467 0.340 0.203
18.713 19.589 19.924 19.912 19.707 19.356 18.975 18.615 18.250 17.861 17.454 17.090 16.772 16.456 16.041 15.361 14.361 13.133 11.811 10.422 8.904 7.204 5.447 3.854 2.611 1.741 1.181 0.847 0.658 0.557 0.512 0.509 0.526 0.528 0.514 0.474 0.421 0.368 0.305 0.217 0.143 0.103 0.083 0.069 0.056 0.041 0.029 0.023 0.019 0.017 0.016 0.016 0.016 0.016 0.017 0.019 0.022 0.025 0.027 0.028 0.027 0.026 0.025 0.025 0.025 0.025 0.028 0.035 0.050 0.085 0.165 0.315 0.462 0.528 0.539 0.493 0.360
20.394 21.484 22.033 22.170 22.093 21.900 21.667 21.432 21.156 20.804 20.386 19.986 19.639 19.291 18.857 18.175 17.180 15.934 14.558 13.115 11.601 9.957 8.122 6.170 4.398 2.995 1.992 1.335 0.920 0.663 0.516 0.435 0.388 0.355 0.312 0.258 0.214 0.180 0.142 0.096 0.064 0.047 0.039 0.033 0.028 0.022 0.018 0.015 0.013 0.012 0.012 0.012 0.012 0.012 0.013 0.014 0.016 0.018 0.019 0.020 0.019 0.019 0.018 0.018 0.019 0.020 0.022 0.027 0.036 0.055 0.097 0.193 0.363 0.507 0.553 0.549 0.490
20.768 21.959 22.765 23.213 23.454 23.611 23.696 23.692 23.588 23.340 22.925 22.422 22.013 21.628 21.181 20.543 19.658 18.523 17.166 15.633 13.985 12.218 10.248 7.990 5.750 3.905 2.536 1.631 1.065 0.711 0.493 0.363 0.280 0.214 0.157 0.120 0.101 0.086 0.067 0.047 0.033 0.026 0.022 0.019 0.016 0.014 0.012 0.010 0.009 0.009 0.009 0.008 0.009 0.009 0.009 0.010 0.012 0.013 0.013 0.013 0.013 0.013 0.013 0.013 0.014 0.015 0.017 0.021 0.027 0.039 0.062 0.114 0.234 0.421 0.532 0.550 0.530
20.368 21.653 22.648 23.317 23.854 24.350 24.690 24.839 24.865 24.747 24.359 23.726 23.265 22.924 22.531 21.965 21.231 20.295 19.057 17.482 15.664 13.699 11.525 9.008 6.417 4.287 2.720 1.705 1.088 0.704 0.458 0.302 0.200 0.126 0.080 0.059 0.050 0.044 0.035 0.026 0.020 0.017 0.014 0.012 0.011 0.009 0.008 0.007 0.007 0.006 0.006 0.006 0.006 0.006 0.006 0.007 0.008 0.008 0.009 0.009 0.009 0.009 0.009 0.009 0.010 0.011 0.013 0.017 0.022 0.031 0.046 0.077 0.145 0.300 0.460 0.518 0.522
19.327 20.769 22.021 23.004 23.795 24.427 24.803 24.964 25.027 24.982 24.629 23.925 23.442 23.183 22.861 22.328 21.652 20.830 19.706 18.165 16.268 14.168 11.865 9.222 6.493 4.268 2.650 1.619 1.003 0.621 0.375 0.216 0.120 0.067 0.042 0.032 0.027 0.024 0.019 0.016 0.013 0.011 0.010 0.009 0.008 0.007 0.006 0.005 0.005 0.004 0.004 0.004 0.004 0.004 0.004 0.004 0.004 0.005 0.005 0.005 0.005 0.005 0.006 0.006 0.007 0.008 0.010 0.013 0.018 0.026 0.037 0.058 0.101 0.195 0.344 0.447 0.486
18.060 19.640 21.070 22.304 23.305 24.000 24.336 24.443 24.475 24.409 24.070 23.387 22.865 22.589 22.263 21.726 21.059 20.292 19.261 17.804 15.932 13.799 11.435 8.732 6.007 3.810 2.236 1.265 0.720 0.404 0.217 0.112 0.060 0.035 0.024 0.019 0.016 0.014 0.012 0.010 0.009 0.008 0.007 0.006 0.005 0.005 0.004 0.003 0.003 0.002 0.002 0.002 0.002 0.002 0.002 0.002 0.002 0.002 0.003 0.003 0.003 0.003 0.003 0.004 0.004 0.006 0.008 0.011 0.015 0.022 0.032 0.048 0.077 0.134 0.236 0.349 0.423
16.753 18.387 19.851 21.122 22.129 22.817 23.162 23.235 23.140 22.842 22.488 22.046 21.554 20.992 20.399 19.778 19.123 18.441 17.561 16.236 14.426 12.284 9.892 7.242 4.735 2.754 1.390 0.634 0.300 0.156 0.085 0.049 0.030 0.020 0.015 0.012 0.011 0.009 0.008 0.007 0.006 0.006 0.005 0.004 0.003 0.003 0.002 0.002 0.001 0.001 0.001 0.001 0.001 0.001 0.001 0.001 0.001 0.001 0.001 0.001 0.001 0.001 0.002 0.002 0.003 0.004 0.006 0.009 0.013 0.019 0.028 0.042 0.064 0.102 0.167 0.257 0.336
15.202 16.771 18.177 19.394 20.366 21.104 21.596 21.742 21.546 21.046 20.832 20.748 20.371 19.465 18.549 17.831 17.126 16.332 15.306 13.865 11.962 9.702 7.220 4.794 2.788 1.387 0.573 0.211 0.093 0.053 0.034 0.023 0.017 0.013 0.010 0.009 0.008 0.007 0.006 0.005 0.004 0.004 0.003 0.002 0.002 0.001 0.001 0.001 0.001 0.000 0.000 0.000 0.000 0.000 0.000 0.000 0.000 0.000 0.000 0.000 0.000 0.000 0.001 0.001 0.002 0.003 0.004 0.007 0.011 0.016 0.025 0.037 0.056 0.085 0.130 0.194 0.264
13.213 14.618 16.007 17.336 18.531 19.580 20.353 20.633 20.464 19.973 19.833 19.788 19.351 18.281 17.286 16.526 15.711 14.631 13.162 11.261 8.920 6.273 3.875 2.189 1.129 0.502 0.182 0.065 0.034 0.023 0.017 0.013 0.011 0.009 0.008 0.007 0.006 0.005 0.004 0.003 0.003 0.002 0.002 0.001 0.001 0.001 0.000 0.000 0.000 0.000 0.000 0.000 0.000 0.000 0.000 0.000 0.000 0.000 0.000 0.000 0.000 0.000 0.000 0.000 0.001 0.002 0.003 0.005 0.009 0.014 0.022 0.034 0.051 0.076 0.112 0.161 0.221
10.993 12.299 13.733 15.260 16.738 18.066 19.082 19.526 19.449 19.046 18.749 18.429 17.766 16.717 15.804 15.004 14.041 12.635 10.664 8.096 5.240 2.812 1.340 0.613 0.286 0.127 0.051 0.025 0.017 0.013 0.011 0.009 0.008 0.007 0.005 0.005 0.004 0.003 0.002 0.002 0.001 0.001 0.001 0.000 0.000 0.000 0.000 0.000 0.000 0.000 0.000 0.000 0.000 0.000 0.000 0.000 0.000 0.000 0.000 0.000 0.000 0.000 0.000 0.000 0.000 0.001 0.002 0.004 0.007 0.013 0.020 0.032 0.049 0.073 0.104 0.144 0.193
9.105 10.322 11.650 13.129 14.630 15.996 17.092 17.664 17.709 17.338 16.649 15.804 14.891 13.986 13.170 12.261 11.021 9.173 6.590 3.898 1.857 0.708 0.238 0.102 0.058 0.033 0.019 0.013 0.011 0.009 0.008 0.007 0.006 0.005 0.004 0.003 0.002 0.002 0.001 0.001 0.000 0.000 0.000 0.000 0.000 0.000 0.000 0.000 0.000 0.000 0.000 0.000 0.000 0.000 0.000 0.000 0.000 0.000 0.000 0.000 0.000 0.000 0.000 0.000 0.000 0.000 0.001 0.003 0.006 0.011 0.019 0.030 0.047 0.071 0.101 0.134 0.173
7.387 8.440 9.495 10.580 11.646 12.661 13.633 14.233 14.352 14.034 13.162 11.938 10.783 9.799 8.784 7.585 6.013 4.087 2.210 0.932 0.296 0.082 0.037 0.026 0.019 0.014 0.011 0.009 0.008 0.007 0.006 0.005 0.004 0.003 0.002 0.002 0.001 0.001 0.000 0.000 0.000 0.000 0.000 0.000 0.000 0.000 0.000 0.000 0.000 0.000 0.000 0.000 0.000 0.000 0.000 0.000 0.000 0.000 0.000 0.000 0.000 0.000 0.000 0.000 0.000 0.000 0.001 0.002 0.005 0.009 0.017 0.029 0.046 0.070 0.099 0.129 0.161
5.507 6.198 6.643 6.938 7.220 7.627 8.295 8.884 9.100 8.955 8.257 7.018 5.631 4.495 3.568 2.719 1.799 0.899 0.329 0.093 0.033 0.021 0.016 0.013 0.011 0.009 0.008 0.007 0.005 0.005 0.004 0.003 0.002 0.002 0.001 0.001 0.000 0.000 0.000 0.000 0.000 0.000 0.000 0.000 0.000 0.000 0.000 0.000 0.000 0.000 0.000 0.000 0.000 0.000 0.000 0.000 0.000 0.000 0.000 0.000 0.000 0.000 0.000 0.000 0.000 0.000 0.000 0.001 0.004 0.008 0.015 0.026 0.043 0.067 0.096 0.125 0.154
2.857 2.976 2.933 2.839 2.780 2.837 3.086 3.408 3.551 3.523 3.233 2.614 1.786 1.136 0.737 0.478 0.251 0.096 0.035 0.019 0.014 0.012 0.010 0.009 0.008 0.006 0.005 0.004 0.004 0.003 0.002 0.002 0.001 0.001 0.000 0.000 0.000 0.000 0.000 0.000 0.000 0.000 0.000 0.000 0.000 0.000 0.000 0.000 0.000 0.000 0.000 0.000 0.000 0.000 0.000 0.000 0.000 0.000 0.000 0.000 0.000 0.000 0.000 0.000 0.000 0.000 0.000 0.001 0.002 0.006 0.012 0.022 0.038 0.060 0.089 0.120 0.151
0.876 0.821 0.755 0.681 0.628 0.609 0.641 0.713 0.739 0.729 0.657 0.497 0.276 0.146 0.094 0.062 0.035 0.020 0.014 0.011 0.009 0.008 0.007 0.006 0.005 0.004 0.003 0.003 0.002 0.001 0.001 0.001 0.000 0.000 0.000 0.000 0.000 0.000 0.000 0.000 0.000 0.000 0.000 0.000 0.000 0.000 0.000 0.000 0.000 0.000 0.000 0.000 0.000 0.000 0.000 0.000 0.000 0.000 0.000 0.000 0.000 0.000 0.000 0.000 0.000 0.000 0.000 0.000 0.001 0.004 0.008 0.016 0.029 0.049 0.077 0.112 0.149
0.180 0.155 0.144 0.133 0.121 0.113 0.112 0.115 0.114 0.110 0.098 0.073 0.043 0.030 0.024 0.018 0.014 0.011 0.009 0.008 0.007 0.006 0.005 0.004 0.003 0.003 0.002 0.001 0.001 0.001 0.000 0.000 0.000 0.000 0.000 0.000 0.000 0.000 0.000 0.000 0.000 0.000 0.000 0.000 0.000 0.000 0.000 0.000 0.000 0.000 0.000 0.000 0.000 0.000 0.000 0.000 0.000 0.000 0.000 0.000 0.000 0.000 0.000 0.000 0.000 0.000 0.000 0.000 0.001 0.002 0.005 0.010 0.020 0.037 0.064 0.102 0.147
0.047 0.042 0.041 0.040 0.038 0.035 0.033 0.032 0.031 0.029 0.027 0.022 0.017 0.014 0.012 0.011 0.009 0.008 0.007 0.006 0.005 0.004 0.003 0.002 0.002 0.001 0.001 0.000 0.000 0.000 0.000 0.000 0.000 0.000 0.000 0.000 0.000 0.000 0.000 0.000 0.000 0.000 0.000 0.000 0.000 0.000 0.000 0.000 0.000 0.000 0.000 0.000 0.000 0.000 0.000 0.000 0.000 0.000 0.000 0.000 0.000 0.000 0.000 0.000 0.000 0.000 0.000 0.000 0.000 0.001 0.003 0.006 0.013 0.025 0.048 0.088 0.141
0.021 0.020 0.020 0.020 0.019 0.017 0.016 0.016 0.015 0.014 0.013 0.012 0.010 0.009 0.008 0.007 0.006 0.005 0.004 0.004 0.003 0.002 0.002 0.001 0.001 0.000 0.000 0.000 0.000 0.000 0.000 0.000 0.000 0.000 0.000 0.000 0.000 0.000 0.000 0.000 0.000 0.000 0.000 0.000 0.000 0.000 0.000 0.000 0.000 0.000 0.000 0.000 0.000 0.000 0.000 0.000 0.000 0.000 0.000 0.000 0.000 0.000 0.000 0.000 0.000 0.000 0.000 0.000 0.000 0.000 0.001 0.003 0.007 0.015 0.031 0.065 0.121
0.013 0.013 0.012 0.012 0.011 0.010 0.010 0.010 0.009 0.009 0.008 0.008 0.007 0.007 0.006 0.005 0.004 0.003 0.003 0.002 0.002 0.001 0.001 0.000 0.000 0.000 0.000 0.000 0.000 0.000 0.000 0.000 0.000 0.000 0.000 0.000 0.000 0.000 0.000 0.000 0.000 0.000 0.000 0.000 0.000 0.000 0.000 0.000 0.000 0.000 0.000 0.000 0.000 0.000 0.000 0.000 0.000 0.000 0.000 0.000 0.000 0.000 0.000 0.000 0.000 0.000 0.000 0.000 0.000 0.000 0.001 0.002 0.004 0.008 0.018 0.037 0.080
0.008 0.008 0.008 0.008 0.007 0.007 0.007 0.006 0.006 0.006 0.006 0.005 0.005 0.004 0.004 0.003 0.002 0.002 0.001 0.001 0.001 0.000 0.000 0.000 0.000 0.000 0.000 0.000 0.000 0.000 0.000 0.000 0.000 0.000 0.000 0.000 0.000 0.000 0.000 0.000 0.000 0.000 0.000 0.000 0.000 0.000 0.000 0.000 0.000 0.000 0.000 0.000 0.000 0.000 0.000 0.000 0.000 0.000 0.000 0.000 0.000 0.000 0.000 0.000 0.000 0.000 0.000 0.000 0.000 0.000 0.000 0.001 0.002 0.004 0.009 0.019 0.039
0.005 0.005 0.005 0.005 0.005 0.004 0.004 0.004 0.004 0.003 0.003 0.003 0.003 0.002 0.002 0.002 0.001 0.001 0.000 0.000 0.000 0.000 0.000 0.000 0.000 0.000 0.000 0.000 0.000 0.000 0.000 0.000 0.000 0.000 0.000 0.000 0.000 0.000 0.000 0.000 0.000 0.000 0.000 0.000 0.000 0.000 0.000 0.000 0.000 0.000 0.000 0.000 0.000 0.000 0.000 0.000 0.000 0.000 0.000 0.000 0.000 0.000 0.000 0.000 0.000 0.000 0.000 0.000 0.000 0.000 0.000 0.000 0.001 0.002 0.004 0.009 0.017
0.003 0.003 0.003 0.003 0.002 0.002 0.002 0.002 0.002 0.002 0.002 0.001 0.001 0.001 0.001 0.001 0.000 0.000 0.000 0.000 0.000 0.000 0.000 0.000 0.000 0.000 0.000 0.000 0.000 0.000 0.000 0.000 0.000 0.000 0.000 0.000 0.000 0.000 0.000 0.000 0.000 0.000 0.000 0.000 0.000 0.000 0.000 0.000 0.000 0.000 0.000 0.000 0.000 0.000 0.000 0.000 0.000 0.000 0.000 0.000 0.000 0.000 0.000 0.000 0.000 0.000 0.000 0.000 0.000 0.000 0.000 0.000 0.000 0.001 0.002 0.004 0.008
0.001 0.001 0.001 0.001 0.001 0.001 0.001 0.001 0.001 0.001 0.001 0.000 0.000 0.000 0.000 0.000 0.000 0.000 0.000 0.000 0.000 0.000 0.000 0.000 0.000 0.000 0.000 0.000 0.000 0.000 0.000 0.000 0.000 0.000 0.000 0.000 0.000 0.000 0.000 0.000 0.000 0.000 0.000 0.000 0.000 0.000 0.000 0.000 0.000 0.000 0.000 0.000 0.000 0.000 0.000 0.000 0.000 0.000 0.000 0.000 0.000 0.000 0.000 0.000 0.000 0.000 0.000 0.000 0.000 0.000 0.000 0.000 0.000 0.000 0.001 0.002 0.003
0.000 0.000 0.000 0.000 0.000 0.000 0.000 0.000 0.000 0.000 0.000 0.000 0.000 0.000 0.000 0.000 0.000 0.000 0.000 0.000 0.000 0.000 0.000 0.000 0.000 0.000 0.000 0.000 0.000 0.000 0.000 0.000 0.000 0.000 0.000 0.000 0.000 0.000 0.000 0.000 0.000 0.000 0.000 0.000 0.000 0.000 0.000 0.000 0.000 0.000 0.000 0.000 0.000 0.000 0.000 0.000 0.000 0.000 0.000 0.000 0.000 0.000 0.000 0.000 0.000 0.000 0.000 0.000 0.000 0.000 0.000 0.000 0.000 0.000 0.000 0.000 0.001
0.000 0.000 0.000 0.000 0.000 0.000 0.000 0.000 0.000 0.000 0.000 0.000 0.000 0.000 0.000 0.000 0.000 0.000 0.000 0.000 0.000 0.000 0.000 0.000 0.000 0.000 0.000 0.000 0.000 0.000 0.000 0.000 0.000 0.000 0.000 0.000 0.000 0.000 0.000 0.000 0.000 0.000 0.000 0.000 0.000 0.000 0.000 0.000 0.000 0.000 0.000 0.000 0.000 0.000 0.000 0.000 0.000 0.000 0.000 0.000 0.000 0.000 0.000 0.000 0.000 0.000 0.000 0.000 0.000 0.000 0.000 0.000 0.000 0.000 0.000 0.000 0.000
0.000 0.000 0.000 0.000 0.000 0.000 0.000 0.000 0.000 0.000 0.000 0.000 0.000 0.000 0.000 0.000 0.000 0.000 0.000 0.000 0.000 0.000 0.000 0.000 0.000 0.000 0.000 0.000 0.000 0.000 0.000 0.000 0.000 0.000 0.000 0.000 0.000 0.000 0.000 0.000 0.000 0.000 0.000 0.000 0.000 0.000 0.000 0.000 0.000 0.000 0.000 0.000 0.000 0.000 0.000 0.000 0.000 0.000 0.000 0.000 0.000 0.000 0.000 0.000 0.000 0.000 0.000 0.000 0.000 0.000 0.000 0.000 0.000 0.000 0.000 0.000 0.000
0.000 0.000 0.000 0.000 0.000 0.000 0.000 0.000 0.000 0.000 0.000 0.000 0.000 0.000 0.000 0.000 0.000 0.000 0.000 0.000 0.000 0.000 0.000 0.000 0.000 0.000 0.000 0.000 0.000 0.000 0.000 0.000 0.000 0.000 0.000 0.000 0.000 0.000 0.000 0.000 0.000 0.000 0.000 0.000 0.000 0.000 0.000 0.000 0.000 0.000 0.000 0.000 0.000 0.000 0.000 0.000 0.000 0.000 0.000 0.000 0.000 0.000 0.000 0.000 0.000 0.000 0.000 0.000 0.000 0.000 0.000 0.000 0.000 0.000 0.000 0.000 0.000
0.000 0.000 0.000 0.000 0.000 0.000 0.000 0.000 0.000 0.000 0.000 0.000 0.000 0.000 0.000 0.000 0.000 0.000 0.000 0.000 0.000 0.000 0.000 0.000 0.000 0.000 0.000 0.000 0.000 0.000 0.000 0.000 0.000 0.000 0.000 0.000 0.000 0.000 0.000 0.000 0.000 0.000 0.000 0.000 0.000 0.000 0.000 0.000 0.000 0.000 0.000 0.000 0.000 0.000 0.000 0.000 0.000 0.000 0.000 0.000 0.000 0.000 0.000 0.000 0.000 0.000 0.000 0.000 0.000 0.000 0.000 0.000 0.000 0.000 0.000 0.000 0.000
0.000 0.000 0.000 0.000 0.000 0.000 0.000 0.000 0.000 0.000 0.000 0.000 0.000 0.000 0.000 0.000 0.000 0.000 0.000 0.000 0.000 0.000 0.000 0.000 0.000 0.000 0.000 0.000 0.000 0.000 0.000 0.000 0.000 0.000 0.000 0.000 0.000 0.000 0.000 0.000 0.000 0.000 0.000 0.000 0.000 0.000 0.000 0.000 0.000 0.000 0.000 0.000 0.000 0.000 0.000 0.000 0.000 0.000 0.000 0.000 0.000 0.000 0.000 0.000 0.000 0.000 0.000 0.000 0.000 0.000 0.000 0.000 0.000 0.000 0.000 0.000 0.000
0.000 0.000 0.000 0.000 0.000 0.000 0.000 0.000 0.000 0.000 0.000 0.000 0.000 0.000 0.000 0.000 0.000 0.000 0.000 0.000 0.000 0.000 0.000 0.000 0.000 0.000 0.000 0.000 0.000 0.000 0.000 0.000 0.000 0.000 0.000 0.000 0.000 0.000 0.000 0.000 0.000 0.000 0.000 0.000 0.000 0.000 0.000 0.000 0.000 0.000 0.000 0.000 0.000 0.000 0.000 0.000 0.000 0.000 0.000 0.000 0.000 0.000 0.000 0.000 0.000 0.000 0.000 0.000 0.000 0.000 0.000 0.000 0.000 0.000 0.000 0.000 0.000
0.000 0.000 0.000 0.000 0.000 0.000 0.000 0.000 0.000 0.000 0.000 0.000 0.000 0.000 0.000 0.000 0.000 0.000 0.000 0.000 0.000 0.000 0.000 0.000 0.000 0.000 0.000 0.000 0.000 0.000 0.000 0.000 0.000 0.000 0.000 0.000 0.000 0.000 0.000 0.000 0.000 0.000 0.000 0.000 0.000 0.000 0.000 0.000 0.000 0.000 0.000 0.000 0.000 0.000 0.000 0.000 0.000 0.000 0.000 0.000 0.000 0.000 0.000 0.000 0.000 0.000 0.000 0.000 0.000 0.000 0.000 0.000 0.000 0.000 0.000 0.000 0.000
