RESULTS/r.avaflow_results/32_results/32_ascii/32_hflow10059.asc
ncols 506
nrows 317
xllcenter 498237.50
yllcenter 5580050.00
cellsize 12.50
NODATA_value -9999.000
[rows 170 to 203 of 317, columns 77 to 153 of 506]
0.000 0.000 0.000 0.000 0.000 0.000 0.000 0.000 0.000 0.000 0.000 0.000 0.000 0.000 0.001 0.002 0.003 0.004 0.004 0.004 0.004 0.004 0.005 0.011 0.032 0.059 0.071 0.073 0.071 0.068 0.062 0.055 0.043 0.030 0.021 0.015 0.011 0.008 0.007 0.005 0.004 0.004 0.004 0.005 0.012 0.031 0.065 0.114 0.191 0.342 0.626 1.144 2.111 3.253 3.895 4.026 4.000 4.040 4.129 4.168 4.157 4.063 3.880 3.584 3.194 2.706 2.222 1.811 1.463 1.171 0.929 0.735 0.584 0.467 0.375 0.300 0.240
0.000 0.000 0.000 0.000 0.000 0.000 0.000 0.000 0.000 0.000 0.000 0.000 0.001 0.002 0.004 0.007 0.011 0.014 0.015 0.015 0.015 0.016 0.023 0.043 0.077 0.103 0.109 0.108 0.105 0.099 0.090 0.077 0.059 0.041 0.028 0.021 0.016 0.013 0.011 0.009 0.008 0.008 0.009 0.019 0.054 0.138 0.266 0.432 0.690 1.106 1.727 2.626 3.611 4.256 4.465 4.445 4.389 4.390 4.423 4.428 4.395 4.279 4.048 3.699 3.262 2.736 2.242 1.827 1.476 1.184 0.948 0.761 0.615 0.495 0.400 0.320 0.256
0.000 0.000 0.000 0.000 0.000 0.000 0.000 0.000 0.000 0.000 0.000 0.001 0.003 0.007 0.012 0.019 0.026 0.033 0.039 0.042 0.046 0.054 0.076 0.113 0.146 0.158 0.158 0.155 0.149 0.139 0.126 0.107 0.081 0.055 0.038 0.029 0.023 0.020 0.017 0.016 0.015 0.018 0.032 0.086 0.240 0.506 0.830 1.208 1.748 2.513 3.348 4.088 4.556 4.731 4.720 4.674 4.625 4.598 4.594 4.583 4.522 4.379 4.125 3.749 3.284 2.743 2.254 1.841 1.496 1.212 0.983 0.796 0.644 0.517 0.416 0.333 0.267
0.000 0.000 0.000 0.000 0.000 0.000 0.000 0.000 0.000 0.000 0.001 0.003 0.008 0.015 0.024 0.035 0.048 0.062 0.076 0.090 0.104 0.128 0.170 0.209 0.225 0.226 0.222 0.215 0.206 0.192 0.173 0.146 0.110 0.075 0.052 0.039 0.032 0.029 0.027 0.027 0.031 0.053 0.133 0.356 0.777 1.324 1.890 2.512 3.285 4.071 4.676 5.024 5.120 5.052 4.903 4.808 4.752 4.708 4.686 4.657 4.582 4.425 4.154 3.771 3.287 2.748 2.268 1.862 1.525 1.244 1.013 0.822 0.663 0.531 0.425 0.341 0.274
0.000 0.000 0.000 0.000 0.000 0.000 0.000 0.000 0.000 0.000 0.002 0.006 0.013 0.025 0.039 0.056 0.077 0.101 0.128 0.158 0.192 0.236 0.284 0.308 0.312 0.309 0.303 0.293 0.278 0.259 0.233 0.197 0.149 0.102 0.071 0.053 0.044 0.041 0.041 0.047 0.073 0.171 0.463 1.037 1.818 2.619 3.355 4.028 4.651 5.155 5.482 5.587 5.542 5.339 5.033 4.868 4.799 4.761 4.735 4.695 4.609 4.440 4.157 3.773 3.285 2.749 2.280 1.881 1.547 1.265 1.030 0.834 0.671 0.539 0.432 0.346 0.276
0.000 0.000 0.000 0.000 0.000 0.000 0.000 0.000 0.000 0.000 0.002 0.008 0.017 0.032 0.051 0.078 0.111 0.151 0.198 0.249 0.304 0.360 0.398 0.412 0.414 0.410 0.402 0.390 0.370 0.345 0.310 0.263 0.202 0.139 0.095 0.069 0.058 0.055 0.059 0.082 0.165 0.453 1.158 2.252 3.294 4.134 4.742 5.228 5.628 5.896 6.013 6.011 5.890 5.563 5.144 4.890 4.800 4.774 4.745 4.705 4.624 4.454 4.161 3.761 3.270 2.745 2.285 1.888 1.554 1.271 1.034 0.837 0.675 0.542 0.436 0.348 0.277
0.000 0.000 0.000 0.000 0.000 0.000 0.000 0.000 0.000 0.000 0.003 0.009 0.019 0.035 0.059 0.091 0.135 0.194 0.271 0.362 0.437 0.491 0.524 0.534 0.536 0.533 0.524 0.509 0.486 0.453 0.409 0.350 0.272 0.189 0.126 0.089 0.074 0.072 0.082 0.132 0.319 0.932 2.237 3.764 4.780 5.446 5.847 6.134 6.342 6.457 6.477 6.393 6.155 5.733 5.248 4.920 4.774 4.751 4.748 4.724 4.648 4.467 4.157 3.744 3.246 2.730 2.274 1.881 1.545 1.263 1.026 0.830 0.670 0.539 0.434 0.346 0.276
0.000 0.000 0.000 0.000 0.000 0.000 0.000 0.000 0.000 0.000 0.003 0.009 0.019 0.037 0.061 0.097 0.147 0.218 0.320 0.455 0.570 0.637 0.671 0.684 0.687 0.684 0.674 0.657 0.628 0.587 0.533 0.459 0.363 0.254 0.167 0.115 0.094 0.090 0.100 0.162 0.427 1.343 3.217 5.006 5.985 6.480 6.707 6.841 6.901 6.927 6.862 6.681 6.350 5.870 5.352 4.982 4.800 4.769 4.774 4.753 4.666 4.464 4.140 3.712 3.202 2.684 2.227 1.842 1.512 1.234 1.001 0.809 0.653 0.528 0.425 0.341 0.273
0.000 0.000 0.000 0.000 0.000 0.000 0.000 0.000 0.000 0.000 0.002 0.008 0.019 0.036 0.062 0.098 0.150 0.226 0.339 0.506 0.690 0.800 0.850 0.871 0.874 0.872 0.860 0.837 0.802 0.750 0.683 0.595 0.479 0.341 0.224 0.150 0.116 0.107 0.115 0.176 0.457 1.527 3.848 5.939 6.910 7.257 7.362 7.397 7.352 7.272 7.116 6.860 6.482 5.993 5.473 5.082 4.876 4.825 4.821 4.778 4.659 4.427 4.081 3.628 3.097 2.583 2.145 1.773 1.453 1.182 0.957 0.773 0.626 0.509 0.413 0.332 0.266
0.000 0.000 0.000 0.000 0.000 0.000 0.000 0.000 0.000 0.000 0.002 0.006 0.016 0.033 0.059 0.095 0.147 0.224 0.341 0.520 0.770 0.975 1.069 1.099 1.105 1.102 1.088 1.057 1.010 0.948 0.864 0.759 0.625 0.457 0.299 0.195 0.141 0.124 0.127 0.181 0.454 1.546 4.127 6.586 7.603 7.831 7.862 7.812 7.668 7.473 7.241 6.952 6.580 6.132 5.629 5.229 5.004 4.917 4.876 4.779 4.606 4.326 3.941 3.462 2.934 2.447 2.033 1.674 1.369 1.112 0.901 0.733 0.600 0.493 0.402 0.325 0.262
0.000 0.000 0.000 0.000 0.000 0.000 0.000 0.000 0.000 0.000 0.001 0.003 0.010 0.024 0.047 0.082 0.133 0.208 0.322 0.504 0.781 1.111 1.313 1.373 1.380 1.374 1.355 1.317 1.259 1.183 1.085 0.960 0.801 0.601 0.399 0.254 0.172 0.140 0.138 0.180 0.430 1.490 4.121 6.881 8.082 8.256 8.210 8.047 7.820 7.557 7.265 6.969 6.641 6.278 5.838 5.432 5.176 5.035 4.923 4.748 4.501 4.161 3.723 3.215 2.710 2.262 1.878 1.546 1.267 1.036 0.850 0.701 0.580 0.480 0.395 0.321 0.260
0.000 0.000 0.000 0.000 0.000 0.000 0.000 0.000 0.000 0.000 0.000 0.001 0.003 0.010 0.024 0.050 0.090 0.150 0.245 0.409 0.696 1.130 1.507 1.663 1.691 1.685 1.664 1.621 1.553 1.462 1.348 1.200 1.011 0.780 0.530 0.337 0.215 0.160 0.150 0.175 0.376 1.324 3.879 6.851 8.296 8.534 8.419 8.150 7.863 7.557 7.244 6.955 6.672 6.378 6.034 5.667 5.363 5.139 4.942 4.695 4.387 3.997 3.507 2.974 2.490 2.073 1.720 1.421 1.174 0.972 0.809 0.675 0.565 0.470 0.389 0.319 0.258
0.000 0.000 0.000 0.000 0.000 0.000 0.000 0.000 0.000 0.000 0.000 0.000 0.001 0.002 0.007 0.016 0.033 0.060 0.106 0.210 0.462 0.962 1.578 1.902 1.999 2.019 2.007 1.965 1.894 1.791 1.654 1.479 1.259 0.999 0.709 0.462 0.287 0.196 0.170 0.184 0.327 1.082 3.395 6.543 8.253 8.625 8.485 8.163 7.825 7.500 7.189 6.922 6.671 6.416 6.151 5.851 5.527 5.221 4.941 4.642 4.294 3.870 3.360 2.823 2.352 1.947 1.609 1.328 1.099 0.917 0.771 0.651 0.550 0.463 0.385 0.318 0.259
0.000 0.000 0.000 0.000 0.000 0.000 0.000 0.000 0.000 0.000 0.000 0.000 0.000 0.001 0.001 0.003 0.008 0.014 0.026 0.060 0.191 0.627 1.441 2.036 2.256 2.329 2.340 2.317 2.258 2.150 1.995 1.799 1.556 1.269 0.948 0.647 0.412 0.270 0.217 0.219 0.326 0.910 2.865 5.987 7.883 8.481 8.418 8.128 7.713 7.315 7.017 6.782 6.593 6.396 6.191 5.943 5.638 5.300 4.952 4.605 4.224 3.780 3.276 2.756 2.294 1.888 1.547 1.267 1.042 0.868 0.733 0.625 0.534 0.454 0.383 0.320 0.262
0.000 0.000 0.000 0.000 0.000 0.000 0.000 0.000 0.000 0.000 0.000 0.000 0.000 0.000 0.000 0.001 0.002 0.003 0.006 0.013 0.059 0.325 1.122 2.033 2.436 2.591 2.644 2.639 2.598 2.514 2.367 2.160 1.904 1.603 1.259 0.912 0.619 0.414 0.321 0.306 0.385 0.843 2.394 5.185 7.168 7.972 8.086 7.911 7.517 7.039 6.688 6.462 6.369 6.294 6.171 5.951 5.684 5.361 4.984 4.591 4.180 3.733 3.244 2.742 2.284 1.875 1.523 1.231 1.000 0.823 0.690 0.589 0.510 0.443 0.383 0.326 0.273
0.000 0.000 0.000 0.000 0.000 0.000 0.000 0.000 0.000 0.000 0.000 0.000 0.000 0.000 0.000 0.001 0.001 0.002 0.003 0.006 0.021 0.147 0.746 1.820 2.502 2.765 2.883 2.927 2.918 2.868 2.760 2.569 2.313 2.009 1.658 1.281 0.938 0.675 0.535 0.503 0.558 0.915 2.023 4.186 6.169 7.148 7.411 7.357 7.080 6.608 6.150 5.864 5.805 5.851 5.929 5.859 5.679 5.391 5.025 4.613 4.168 3.716 3.239 2.749 2.292 1.880 1.519 1.214 0.969 0.781 0.641 0.539 0.470 0.422 0.378 0.333 0.284
0.000 0.000 0.000 0.000 0.000 0.000 0.000 0.000 0.000 0.000 0.000 0.000 0.000 0.000 0.000 0.001 0.001 0.003 0.004 0.007 0.015 0.065 0.398 1.348 2.368 2.845 3.051 3.165 3.211 3.203 3.142 3.003 2.781 2.494 2.158 1.778 1.403 1.101 0.922 0.862 0.890 1.127 1.857 3.335 5.063 6.070 6.409 6.421 6.285 5.946 5.437 5.020 4.879 4.955 5.241 5.502 5.534 5.356 5.025 4.627 4.175 3.716 3.248 2.778 2.324 1.902 1.529 1.211 0.951 0.745 0.590 0.480 0.411 0.376 0.352 0.322 0.275
0.000 0.000 0.000 0.000 0.000 0.000 0.000 0.000 0.000 0.000 0.000 0.000 0.000 0.000 0.001 0.002 0.003 0.006 0.010 0.014 0.021 0.044 0.190 0.813 1.960 2.787 3.131 3.331 3.459 3.505 3.489 3.407 3.251 3.030 2.750 2.410 2.026 1.719 1.519 1.427 1.419 1.539 1.974 2.883 4.193 5.061 5.377 5.423 5.375 5.188 4.823 4.352 4.049 4.014 4.266 4.774 5.110 5.118 4.907 4.572 4.159 3.718 3.285 2.851 2.388 1.941 1.551 1.219 0.943 0.719 0.547 0.422 0.338 0.290 0.261 0.229 0.176
0.000 0.000 0.000 0.000 0.000 0.000 0.000 0.000 0.000 0.000 0.000 0.000 0.000 0.001 0.002 0.004 0.009 0.015 0.025 0.033 0.040 0.053 0.107 0.409 1.338 2.524 3.125 3.423 3.644 3.765 3.796 3.763 3.672 3.527 3.328 3.062 2.718 2.453 2.275 2.174 2.136 2.150 2.299 2.760 3.633 4.339 4.632 4.706 4.701 4.617 4.386 3.985 3.602 3.428 3.488 3.869 4.381 4.595 4.554 4.357 4.060 3.700 3.324 2.920 2.432 1.956 1.560 1.226 0.939 0.697 0.505 0.356 0.243 0.164 0.114 0.079 0.049
0.000 0.000 0.000 0.000 0.000 0.000 0.000 0.000 0.000 0.000 0.000 0.000 0.000 0.002 0.005 0.012 0.024 0.041 0.057 0.069 0.075 0.080 0.099 0.221 0.777 1.987 2.959 3.419 3.721 3.941 4.049 4.071 4.039 3.952 3.801 3.579 3.286 3.040 2.870 2.771 2.727 2.721 2.755 2.933 3.399 3.916 4.161 4.238 4.250 4.215 4.072 3.779 3.404 3.139 3.050 3.175 3.523 3.812 3.924 3.895 3.754 3.506 3.194 2.829 2.376 1.913 1.525 1.197 0.904 0.639 0.419 0.249 0.132 0.068 0.036 0.020 0.010
0.000 0.000 0.000 0.000 0.000 0.000 0.000 0.000 0.000 0.000 0.000 0.000 0.001 0.004 0.014 0.033 0.062 0.093 0.117 0.129 0.132 0.128 0.128 0.177 0.493 1.404 2.556 3.269 3.714 4.038 4.246 4.332 4.340 4.297 4.170 3.960 3.701 3.458 3.276 3.155 3.086 3.065 3.080 3.161 3.380 3.704 3.899 3.959 3.969 3.942 3.848 3.639 3.313 3.025 2.857 2.801 2.864 2.965 3.031 3.060 3.027 2.876 2.605 2.275 1.924 1.557 1.222 0.931 0.665 0.424 0.232 0.109 0.047 0.022 0.011 0.006 0.003
0.000 0.000 0.000 0.000 0.000 0.000 0.000 0.000 0.000 0.000 0.000 0.001 0.003 0.011 0.034 0.080 0.136 0.179 0.209 0.222 0.222 0.211 0.197 0.216 0.408 1.025 2.029 2.900 3.555 4.028 4.357 4.528 4.561 4.539 4.422 4.217 3.967 3.729 3.539 3.391 3.287 3.233 3.229 3.266 3.392 3.592 3.727 3.776 3.785 3.758 3.679 3.518 3.244 2.952 2.742 2.587 2.470 2.367 2.255 2.119 1.976 1.808 1.561 1.273 1.020 0.791 0.579 0.395 0.248 0.139 0.067 0.029 0.013 0.007 0.004 0.003 0.002
0.000 0.000 0.000 0.000 0.000 0.000 0.000 0.000 0.000 0.000 0.000 0.001 0.006 0.024 0.073 0.162 0.247 0.304 0.343 0.362 0.365 0.353 0.330 0.331 0.458 0.894 1.646 2.481 3.242 3.888 4.345 4.613 4.694 4.664 4.569 4.365 4.134 3.910 3.698 3.519 3.385 3.302 3.286 3.303 3.386 3.510 3.591 3.632 3.637 3.610 3.534 3.389 3.155 2.869 2.621 2.404 2.195 1.974 1.724 1.437 1.166 0.928 0.712 0.517 0.363 0.247 0.161 0.098 0.056 0.029 0.014 0.007 0.004 0.003 0.002 0.001 0.001
0.000 0.000 0.000 0.000 0.000 0.000 0.000 0.000 0.000 0.000 0.000 0.001 0.008 0.034 0.107 0.243 0.379 0.465 0.528 0.566 0.580 0.578 0.561 0.556 0.631 0.939 1.512 2.236 2.976 3.661 4.208 4.574 4.712 4.688 4.615 4.442 4.242 4.028 3.808 3.600 3.430 3.315 3.281 3.300 3.370 3.442 3.479 3.500 3.503 3.473 3.391 3.249 3.030 2.749 2.468 2.209 1.937 1.623 1.254 0.896 0.615 0.414 0.275 0.176 0.107 0.063 0.036 0.021 0.011 0.006 0.004 0.002 0.002 0.001 0.001 0.001 0.001
0.000 0.000 0.000 0.000 0.000 0.000 0.000 0.000 0.000 0.000 0.000 0.001 0.009 0.036 0.116 0.279 0.493 0.655 0.766 0.842 0.884 0.903 0.911 0.919 0.969 1.162 1.575 2.180 2.865 3.493 4.025 4.439 4.647 4.655 4.603 4.461 4.282 4.078 3.872 3.651 3.445 3.306 3.245 3.249 3.304 3.343 3.352 3.352 3.342 3.314 3.242 3.095 2.857 2.525 2.150 1.813 1.473 1.087 0.697 0.418 0.248 0.146 0.087 0.051 0.028 0.015 0.008 0.004 0.003 0.002 0.001 0.001 0.001 0.001 0.001 0.000 0.000
0.000 0.000 0.000 0.000 0.000 0.000 0.000 0.000 0.000 0.000 0.000 0.001 0.008 0.033 0.110 0.278 0.556 0.853 1.056 1.197 1.290 1.347 1.389 1.429 1.485 1.608 1.870 2.306 2.881 3.451 3.909 4.264 4.493 4.540 4.524 4.424 4.280 4.095 3.890 3.658 3.430 3.260 3.155 3.126 3.149 3.192 3.199 3.184 3.145 3.075 2.977 2.788 2.461 1.968 1.426 0.999 0.663 0.398 0.218 0.116 0.064 0.037 0.022 0.012 0.007 0.003 0.002 0.001 0.001 0.001 0.000 0.000 0.000 0.000 0.000 0.000 0.000
0.000 0.000 0.000 0.000 0.000 0.000 0.000 0.000 0.000 0.000 0.000 0.001 0.005 0.023 0.088 0.254 0.570 1.022 1.396 1.636 1.805 1.920 2.004 2.076 2.149 2.242 2.395 2.662 3.056 3.516 3.890 4.151 4.322 4.381 4.384 4.325 4.225 4.084 3.886 3.647 3.396 3.163 2.990 2.904 2.881 2.903 2.914 2.903 2.848 2.719 2.507 2.192 1.720 1.133 0.645 0.350 0.179 0.084 0.038 0.019 0.012 0.008 0.005 0.003 0.001 0.001 0.000 0.000 0.000 0.000 0.000 0.000 0.000 0.000 0.000 0.000 0.000
0.000 0.000 0.000 0.000 0.000 0.000 0.000 0.000 0.000 0.000 0.000 0.000 0.002 0.011 0.055 0.207 0.555 1.128 1.739 2.165 2.450 2.634 2.761 2.862 2.947 3.021 3.104 3.234 3.444 3.718 3.958 4.124 4.216 4.252 4.248 4.194 4.113 3.997 3.823 3.610 3.347 3.050 2.779 2.596 2.505 2.462 2.423 2.378 2.282 2.084 1.763 1.335 0.877 0.484 0.231 0.100 0.040 0.015 0.006 0.003 0.002 0.001 0.001 0.001 0.000 0.000 0.000 0.000 0.000 0.000 0.000 0.000 0.000 0.000 0.000 0.000 0.000
0.000 0.000 0.000 0.000 0.000 0.000 0.000 0.000 0.000 0.000 0.000 0.000 0.001 0.005 0.034 0.169 0.542 1.190 1.976 2.643 3.140 3.453 3.638 3.759 3.840 3.890 3.928 3.964 4.012 4.065 4.108 4.145 4.153 4.134 4.103 4.037 3.955 3.850 3.702 3.515 3.266 2.953 2.611 2.300 2.075 1.919 1.777 1.623 1.426 1.161 0.851 0.547 0.303 0.143 0.060 0.023 0.008 0.003 0.001 0.001 0.000 0.000 0.000 0.000 0.000 0.000 0.000 0.000 0.000 0.000 0.000 0.000 0.000 0.000 0.000 0.000 0.000
0.000 0.000 0.000 0.000 0.000 0.000 0.000 0.000 0.000 0.000 0.000 0.000 0.001 0.003 0.025 0.149 0.541 1.231 2.084 2.949 3.672 4.162 4.448 4.605 4.682 4.702 4.696 4.661 4.587 4.471 4.330 4.208 4.100 3.996 3.916 3.842 3.765 3.673 3.543 3.374 3.145 2.843 2.479 2.079 1.725 1.448 1.207 0.975 0.741 0.509 0.305 0.158 0.072 0.030 0.012 0.004 0.001 0.001 0.000 0.000 0.000 0.000 0.000 0.000 0.000 0.000 0.000 0.000 0.000 0.000 0.000 0.000 0.000 0.000 0.000 0.000 0.000
0.000 0.000 0.000 0.000 0.000 0.000 0.000 0.000 0.000 0.000 0.000 0.000 0.001 0.003 0.022 0.144 0.549 1.255 2.107 3.067 4.011 4.708 5.136 5.354 5.422 5.408 5.358 5.233 5.027 4.760 4.491 4.244 4.008 3.798 3.649 3.558 3.503 3.439 3.339 3.195 2.994 2.717 2.352 1.905 1.453 1.089 0.796 0.551 0.352 0.202 0.101 0.044 0.017 0.006 0.002 0.001 0.000 0.000 0.000 0.000 0.000 0.000 0.000 0.000 0.000 0.000 0.000 0.000 0.000 0.000 0.000 0.000 0.000 0.000 0.000 0.000 0.000
0.000 0.001 0.001 0.002 0.002 0.002 0.001 0.001 0.001 0.001 0.001 0.001 0.002 0.004 0.023 0.146 0.553 1.256 2.102 3.072 4.170 5.086 5.667 5.940 6.005 5.974 5.866 5.639 5.304 4.920 4.568 4.239 3.891 3.534 3.249 3.081 3.025 2.996 2.940 2.842 2.691 2.485 2.165 1.720 1.214 0.811 0.517 0.308 0.168 0.082 0.036 0.013 0.004 0.001 0.001 0.000 0.000 0.000 0.000 0.000 0.000 0.000 0.000 0.000 0.000 0.000 0.000 0.000 0.000 0.000 0.000 0.000 0.000 0.000 0.000 0.000 0.000
0.002 0.002 0.002 0.002 0.002 0.002 0.002 0.002 0.002 0.002 0.002 0.003 0.004 0.007 0.023 0.139 0.524 1.203 2.036 2.994 4.143 5.236 5.981 6.345 6.425 6.370 6.170 5.833 5.414 4.986 4.588 4.187 3.730 3.211 2.736 2.413 2.261 2.198 2.138 2.073 1.996 1.905 1.725 1.395 0.944 0.564 0.315 0.166 0.080 0.034 0.013 0.004 0.001 0.000 0.000 0.000 0.000 0.000 0.000 0.000 0.000 0.000 0.000 0.000 0.000 0.000 0.000 0.000 0.000 0.000 0.000 0.000 0.000 0.000 0.000 0.000 0.000
0.003 0.003 0.003 0.003 0.003 0.002 0.002 0.002 0.002 0.003 0.004 0.005 0.007 0.008 0.017 0.095 0.399 1.008 1.826 2.781 3.953 5.202 6.082 6.518 6.615 6.550 6.292 5.909 5.447 4.994 4.523 4.021 3.462 2.813 2.163 1.668 1.356 1.174 1.052 0.971 0.938 0.943 0.933 0.822 0.574 0.318 0.162 0.077 0.033 0.013 0.004 0.001 0.000 0.000 0.000 0.000 0.000 0.000 0.000 0.000 0.000 0.000 0.000 0.000 0.000 0.000 0.000 0.000 0.000 0.000 0.000 0.000 0.000 0.000 0.000 0.000 0.000
