RESULTS/r.avaflow_results/32_results/32_ascii/32_hflow10032.asc
ncols 506
nrows 317
xllcenter 498237.50
yllcenter 5580050.00
cellsize 12.50
NODATA_value -9999.000
[rows 170 to 203 of 317, columns 77 to 153 of 506]
0.000 0.000 0.000 0.000 0.000 0.000 0.000 0.000 0.000 0.000 0.000 0.000 0.000 0.000 0.000 0.000 0.000 0.000 0.000 0.001 0.001 0.001 0.002 0.006 0.016 0.028 0.032 0.033 0.033 0.032 0.030 0.028 0.024 0.019 0.016 0.015 0.017 0.023 0.036 0.043 0.044 0.041 0.035 0.033 0.036 0.049 0.073 0.105 0.161 0.276 0.501 0.929 1.744 2.746 3.315 3.409 3.375 3.403 3.470 3.490 3.457 3.340 3.130 2.825 2.418 1.943 1.529 1.191 0.919 0.700 0.531 0.402 0.304 0.230 0.172 0.128 0.095
0.000 0.000 0.000 0.000 0.000 0.000 0.000 0.000 0.000 0.000 0.000 0.000 0.000 0.000 0.000 0.000 0.001 0.001 0.002 0.003 0.004 0.005 0.009 0.020 0.038 0.049 0.052 0.052 0.052 0.051 0.049 0.045 0.039 0.031 0.027 0.026 0.029 0.040 0.059 0.068 0.069 0.065 0.061 0.065 0.088 0.149 0.244 0.373 0.584 0.936 1.466 2.263 3.180 3.791 3.968 3.920 3.851 3.839 3.848 3.831 3.763 3.611 3.343 2.979 2.508 2.005 1.582 1.236 0.958 0.736 0.564 0.431 0.327 0.247 0.185 0.137 0.101
0.000 0.000 0.000 0.000 0.000 0.000 0.000 0.000 0.000 0.000 0.000 0.000 0.000 0.000 0.000 0.001 0.003 0.005 0.007 0.009 0.013 0.019 0.032 0.053 0.070 0.078 0.079 0.079 0.079 0.077 0.075 0.069 0.059 0.048 0.042 0.042 0.046 0.062 0.085 0.100 0.107 0.111 0.121 0.158 0.272 0.481 0.748 1.071 1.545 2.238 3.032 3.747 4.198 4.353 4.321 4.244 4.182 4.149 4.118 4.069 3.967 3.777 3.474 3.067 2.553 2.040 1.617 1.272 0.992 0.770 0.594 0.454 0.344 0.259 0.193 0.143 0.106
0.000 0.000 0.000 0.000 0.000 0.000 0.000 0.000 0.000 0.000 0.000 0.000 0.000 0.001 0.002 0.004 0.007 0.011 0.016 0.023 0.032 0.048 0.074 0.098 0.111 0.114 0.115 0.115 0.115 0.113 0.109 0.102 0.088 0.072 0.064 0.063 0.069 0.087 0.116 0.146 0.176 0.212 0.279 0.450 0.788 1.250 1.751 2.315 3.041 3.807 4.410 4.744 4.827 4.748 4.586 4.478 4.413 4.358 4.304 4.230 4.105 3.893 3.559 3.113 2.572 2.063 1.644 1.300 1.021 0.795 0.614 0.469 0.354 0.266 0.198 0.147 0.108
0.000 0.000 0.000 0.000 0.000 0.000 0.000 0.000 0.000 0.000 0.000 0.000 0.000 0.002 0.004 0.008 0.013 0.021 0.031 0.045 0.064 0.093 0.127 0.150 0.159 0.163 0.164 0.164 0.163 0.161 0.156 0.145 0.127 0.105 0.093 0.091 0.095 0.115 0.155 0.215 0.297 0.422 0.669 1.136 1.806 2.532 3.219 3.858 4.457 4.940 5.252 5.343 5.287 5.086 4.798 4.636 4.557 4.491 4.426 4.348 4.208 3.973 3.615 3.138 2.574 2.074 1.660 1.317 1.036 0.809 0.625 0.477 0.360 0.270 0.201 0.149 0.109
0.000 0.000 0.000 0.000 0.000 0.000 0.000 0.000 0.000 0.000 0.000 0.000 0.001 0.003 0.007 0.014 0.023 0.035 0.053 0.077 0.110 0.153 0.189 0.211 0.222 0.227 0.229 0.229 0.228 0.225 0.218 0.204 0.181 0.149 0.128 0.122 0.126 0.149 0.207 0.316 0.489 0.795 1.404 2.344 3.316 4.145 4.717 5.125 5.464 5.696 5.788 5.766 5.646 5.363 4.988 4.746 4.632 4.577 4.515 4.431 4.289 4.034 3.642 3.132 2.569 2.079 1.666 1.324 1.043 0.814 0.627 0.479 0.362 0.272 0.202 0.150 0.110
0.000 0.000 0.000 0.000 0.000 0.000 0.000 0.000 0.000 0.000 0.000 0.000 0.002 0.005 0.011 0.021 0.035 0.056 0.083 0.121 0.171 0.226 0.266 0.291 0.305 0.312 0.315 0.315 0.315 0.310 0.301 0.283 0.252 0.206 0.170 0.156 0.158 0.181 0.252 0.411 0.723 1.337 2.500 3.917 4.941 5.589 5.905 6.089 6.199 6.251 6.216 6.112 5.912 5.588 5.171 4.855 4.688 4.634 4.597 4.510 4.350 4.069 3.653 3.118 2.560 2.075 1.664 1.320 1.038 0.811 0.624 0.477 0.360 0.270 0.201 0.149 0.109
0.000 0.000 0.000 0.000 0.000 0.000 0.000 0.000 0.000 0.000 0.000 0.000 0.002 0.006 0.013 0.025 0.044 0.074 0.118 0.178 0.253 0.320 0.368 0.399 0.417 0.425 0.428 0.429 0.428 0.422 0.409 0.385 0.344 0.280 0.221 0.193 0.190 0.207 0.277 0.460 0.879 1.805 3.533 5.250 6.238 6.694 6.804 6.834 6.772 6.680 6.553 6.371 6.110 5.772 5.354 4.995 4.783 4.702 4.658 4.565 4.386 4.078 3.644 3.092 2.533 2.046 1.640 1.299 1.019 0.794 0.610 0.467 0.353 0.265 0.198 0.147 0.108
0.000 0.000 0.000 0.000 0.000 0.000 0.000 0.000 0.000 0.000 0.000 0.000 0.002 0.006 0.013 0.026 0.047 0.082 0.141 0.231 0.349 0.443 0.506 0.546 0.567 0.576 0.578 0.578 0.575 0.565 0.547 0.515 0.462 0.378 0.287 0.235 0.220 0.229 0.289 0.478 0.953 2.079 4.248 6.232 7.192 7.488 7.476 7.380 7.184 6.973 6.774 6.552 6.270 5.939 5.546 5.173 4.934 4.813 4.724 4.594 4.381 4.048 3.591 3.022 2.464 1.988 1.593 1.258 0.987 0.766 0.587 0.448 0.339 0.256 0.192 0.142 0.105
0.000 0.000 0.000 0.000 0.000 0.000 0.000 0.000 0.000 0.000 0.000 0.000 0.002 0.006 0.013 0.026 0.047 0.084 0.147 0.258 0.433 0.598 0.689 0.739 0.764 0.773 0.774 0.771 0.764 0.749 0.723 0.683 0.614 0.506 0.373 0.285 0.251 0.252 0.300 0.483 0.985 2.199 4.614 6.872 7.839 8.018 7.947 7.744 7.428 7.139 6.890 6.644 6.373 6.078 5.734 5.369 5.104 4.933 4.787 4.594 4.329 3.953 3.465 2.887 2.353 1.896 1.516 1.197 0.938 0.725 0.556 0.425 0.322 0.243 0.183 0.136 0.100
0.000 0.000 0.000 0.000 0.000 0.000 0.000 0.000 0.000 0.000 0.000 0.000 0.001 0.005 0.011 0.023 0.043 0.077 0.139 0.255 0.458 0.739 0.923 0.988 1.015 1.022 1.022 1.017 1.003 0.981 0.947 0.894 0.803 0.669 0.490 0.352 0.288 0.278 0.313 0.488 1.008 2.247 4.679 7.132 8.233 8.375 8.217 7.911 7.523 7.199 6.920 6.675 6.434 6.182 5.887 5.541 5.251 5.020 4.810 4.550 4.222 3.790 3.254 2.690 2.194 1.773 1.415 1.118 0.873 0.675 0.518 0.397 0.302 0.229 0.172 0.128 0.094
0.000 0.000 0.000 0.000 0.000 0.000 0.000 0.000 0.000 0.000 0.000 0.000 0.001 0.002 0.006 0.014 0.027 0.053 0.102 0.204 0.411 0.775 1.141 1.291 1.323 1.332 1.332 1.324 1.304 1.273 1.227 1.154 1.039 0.873 0.652 0.453 0.343 0.314 0.337 0.499 1.031 2.268 4.581 7.104 8.370 8.567 8.339 7.969 7.539 7.204 6.917 6.681 6.464 6.240 5.986 5.681 5.361 5.061 4.784 4.468 4.070 3.570 2.979 2.440 1.984 1.603 1.282 1.013 0.795 0.618 0.479 0.370 0.285 0.217 0.163 0.121 0.089
0.000 0.000 0.000 0.000 0.000 0.000 0.000 0.000 0.000 0.000 0.000 0.000 0.000 0.001 0.002 0.004 0.009 0.018 0.039 0.098 0.270 0.666 1.241 1.585 1.686 1.707 1.707 1.697 1.674 1.633 1.568 1.470 1.329 1.135 0.875 0.616 0.447 0.383 0.391 0.536 1.079 2.305 4.393 6.851 8.271 8.583 8.373 7.968 7.496 7.150 6.861 6.649 6.449 6.246 6.033 5.766 5.435 5.079 4.731 4.349 3.884 3.326 2.726 2.215 1.786 1.431 1.141 0.901 0.710 0.558 0.439 0.344 0.268 0.206 0.156 0.117 0.087
0.000 0.000 0.000 0.000 0.000 0.000 0.000 0.000 0.000 0.000 0.000 0.000 0.000 0.000 0.000 0.001 0.002 0.004 0.008 0.026 0.114 0.450 1.157 1.780 2.042 2.134 2.153 2.140 2.110 2.056 1.971 1.851 1.684 1.463 1.181 0.875 0.642 0.528 0.514 0.636 1.180 2.391 4.242 6.425 7.881 8.364 8.276 7.908 7.412 7.012 6.721 6.536 6.377 6.217 6.040 5.795 5.472 5.092 4.682 4.228 3.708 3.119 2.545 2.059 1.650 1.311 1.036 0.811 0.635 0.500 0.397 0.316 0.252 0.197 0.152 0.116 0.087
0.000 0.000 0.000 0.000 0.000 0.000 0.000 0.000 0.000 0.000 0.000 0.000 0.000 0.000 0.000 0.000 0.001 0.001 0.002 0.006 0.040 0.254 0.943 1.849 2.308 2.515 2.606 2.621 2.595 2.539 2.442 2.300 2.114 1.879 1.588 1.255 0.978 0.808 0.767 0.862 1.372 2.504 4.109 5.825 7.160 7.795 7.894 7.686 7.266 6.786 6.438 6.254 6.164 6.103 5.997 5.779 5.474 5.090 4.644 4.141 3.574 2.973 2.425 1.957 1.563 1.232 0.961 0.742 0.571 0.444 0.350 0.283 0.232 0.188 0.150 0.116 0.088
0.000 0.000 0.000 0.000 0.000 0.000 0.000 0.000 0.000 0.000 0.000 0.000 0.000 0.000 0.000 0.000 0.000 0.001 0.001 0.003 0.016 0.128 0.662 1.692 2.427 2.770 2.956 3.051 3.074 3.049 2.977 2.836 2.641 2.403 2.116 1.790 1.506 1.309 1.239 1.311 1.730 2.666 3.980 5.206 6.272 6.965 7.218 7.171 6.925 6.446 5.974 5.716 5.640 5.674 5.727 5.645 5.428 5.074 4.616 4.083 3.482 2.883 2.350 1.893 1.506 1.178 0.905 0.686 0.517 0.391 0.299 0.238 0.200 0.172 0.145 0.118 0.090
0.000 0.000 0.000 0.000 0.000 0.000 0.000 0.000 0.000 0.000 0.000 0.000 0.000 0.000 0.000 0.000 0.001 0.001 0.002 0.004 0.012 0.062 0.386 1.306 2.346 2.894 3.194 3.390 3.496 3.520 3.489 3.403 3.249 3.040 2.781 2.493 2.256 2.093 2.019 2.052 2.315 2.939 3.903 4.809 5.537 6.065 6.325 6.362 6.268 5.920 5.377 4.927 4.747 4.803 5.033 5.231 5.206 4.976 4.557 4.025 3.416 2.832 2.311 1.859 1.470 1.137 0.862 0.641 0.471 0.343 0.249 0.184 0.148 0.132 0.122 0.108 0.085
0.000 0.000 0.000 0.000 0.000 0.000 0.000 0.000 0.000 0.000 0.000 0.000 0.000 0.000 0.000 0.001 0.001 0.003 0.005 0.008 0.015 0.040 0.198 0.843 2.022 2.892 3.319 3.611 3.815 3.918 3.934 3.895 3.801 3.662 3.478 3.262 3.093 2.992 2.957 2.969 3.088 3.401 3.976 4.626 5.082 5.393 5.554 5.579 5.518 5.278 4.817 4.236 3.867 3.799 4.008 4.432 4.686 4.643 4.354 3.895 3.339 2.792 2.301 1.852 1.448 1.104 0.823 0.602 0.431 0.301 0.205 0.136 0.091 0.071 0.066 0.061 0.049
0.000 0.000 0.000 0.000 0.000 0.000 0.000 0.000 0.000 0.000 0.000 0.000 0.000 0.000 0.001 0.002 0.004 0.007 0.013 0.020 0.028 0.046 0.115 0.468 1.480 2.703 3.347 3.726 4.026 4.214 4.292 4.297 4.255 4.172 4.044 3.876 3.740 3.659 3.632 3.639 3.694 3.844 4.126 4.525 4.789 4.928 4.985 5.001 4.946 4.750 4.367 3.800 3.332 3.110 3.130 3.430 3.843 3.996 3.898 3.606 3.189 2.731 2.298 1.865 1.436 1.073 0.786 0.563 0.390 0.259 0.161 0.092 0.050 0.030 0.022 0.017 0.012
0.000 0.000 0.000 0.000 0.000 0.000 0.000 0.000 0.000 0.000 0.000 0.000 0.000 0.001 0.002 0.004 0.010 0.019 0.032 0.045 0.055 0.066 0.101 0.279 0.958 2.252 3.228 3.745 4.131 4.418 4.572 4.618 4.612 4.570 4.477 4.332 4.201 4.110 4.059 4.041 4.048 4.094 4.220 4.435 4.571 4.621 4.614 4.575 4.498 4.313 3.981 3.489 3.019 2.705 2.580 2.647 2.883 3.072 3.137 3.061 2.842 2.514 2.144 1.745 1.338 0.985 0.708 0.496 0.329 0.199 0.106 0.050 0.023 0.012 0.007 0.005 0.003
0.000 0.000 0.000 0.000 0.000 0.000 0.000 0.000 0.000 0.000 0.000 0.000 0.000 0.001 0.004 0.012 0.025 0.046 0.071 0.090 0.101 0.109 0.127 0.226 0.667 1.733 2.903 3.627 4.124 4.496 4.738 4.849 4.873 4.860 4.782 4.636 4.494 4.384 4.305 4.249 4.210 4.200 4.233 4.323 4.385 4.382 4.336 4.257 4.131 3.935 3.636 3.227 2.791 2.468 2.263 2.172 2.157 2.170 2.164 2.144 2.072 1.885 1.577 1.231 0.927 0.668 0.463 0.308 0.188 0.100 0.046 0.020 0.009 0.005 0.003 0.002 0.001
0.000 0.000 0.000 0.000 0.000 0.000 0.000 0.000 0.000 0.000 0.000 0.000 0.001 0.003 0.010 0.027 0.056 0.094 0.134 0.163 0.179 0.186 0.196 0.262 0.571 1.352 2.441 3.322 3.999 4.493 4.829 5.001 5.042 5.034 4.969 4.806 4.650 4.536 4.434 4.340 4.257 4.198 4.172 4.180 4.188 4.163 4.074 3.964 3.802 3.597 3.324 2.974 2.578 2.263 2.030 1.856 1.702 1.555 1.410 1.273 1.139 0.978 0.754 0.531 0.368 0.250 0.165 0.102 0.059 0.030 0.014 0.007 0.004 0.002 0.001 0.001 0.001
0.000 0.000 0.000 0.000 0.000 0.000 0.000 0.000 0.000 0.000 0.000 0.000 0.002 0.007 0.023 0.056 0.105 0.166 0.227 0.273 0.303 0.319 0.331 0.378 0.614 1.195 2.069 2.949 3.734 4.366 4.807 5.049 5.123 5.102 5.042 4.887 4.721 4.596 4.487 4.381 4.276 4.164 4.065 4.012 3.982 3.927 3.808 3.666 3.489 3.282 3.027 2.711 2.352 2.042 1.791 1.577 1.370 1.158 0.940 0.738 0.564 0.414 0.278 0.173 0.106 0.066 0.042 0.026 0.015 0.008 0.005 0.003 0.002 0.001 0.001 0.001 0.001
0.000 0.000 0.000 0.000 0.000 0.000 0.000 0.000 0.000 0.000 0.000 0.001 0.003 0.011 0.037 0.091 0.169 0.260 0.354 0.430 0.487 0.526 0.560 0.611 0.784 1.221 1.911 2.706 3.469 4.146 4.679 4.995 5.117 5.100 5.044 4.902 4.739 4.597 4.469 4.355 4.222 4.055 3.900 3.809 3.740 3.651 3.520 3.364 3.179 2.975 2.723 2.431 2.095 1.782 1.521 1.292 1.063 0.823 0.592 0.399 0.255 0.156 0.091 0.052 0.030 0.018 0.011 0.007 0.005 0.003 0.002 0.001 0.001 0.001 0.001 0.000 0.000
0.000 0.000 0.000 0.000 0.000 0.000 0.000 0.000 0.000 0.000 0.000 0.001 0.003 0.012 0.042 0.113 0.229 0.372 0.518 0.642 0.740 0.819 0.893 0.974 1.116 1.418 1.944 2.639 3.329 3.932 4.470 4.840 5.015 5.021 4.988 4.869 4.726 4.582 4.451 4.295 4.092 3.851 3.657 3.534 3.431 3.316 3.177 3.022 2.842 2.646 2.407 2.127 1.801 1.469 1.187 0.935 0.692 0.467 0.290 0.168 0.093 0.050 0.027 0.015 0.008 0.005 0.003 0.002 0.002 0.001 0.001 0.001 0.001 0.000 0.000 0.000 0.000
0.000 0.000 0.000 0.000 0.000 0.000 0.000 0.000 0.000 0.000 0.000 0.001 0.003 0.011 0.040 0.119 0.270 0.491 0.724 0.918 1.078 1.211 1.334 1.458 1.603 1.824 2.188 2.721 3.325 3.825 4.256 4.598 4.796 4.831 4.822 4.744 4.637 4.507 4.352 4.144 3.887 3.582 3.332 3.154 3.014 2.892 2.759 2.616 2.458 2.279 2.064 1.796 1.466 1.089 0.756 0.497 0.307 0.174 0.091 0.046 0.024 0.013 0.007 0.004 0.002 0.002 0.001 0.001 0.001 0.001 0.001 0.000 0.000 0.000 0.000 0.000 0.000
0.000 0.000 0.000 0.000 0.000 0.000 0.000 0.000 0.000 0.000 0.000 0.000 0.002 0.009 0.034 0.111 0.295 0.610 0.980 1.272 1.515 1.715 1.888 2.047 2.209 2.390 2.629 2.979 3.423 3.805 4.110 4.345 4.496 4.550 4.547 4.499 4.422 4.316 4.142 3.902 3.604 3.244 2.915 2.669 2.486 2.360 2.252 2.142 2.021 1.873 1.680 1.425 1.084 0.697 0.397 0.209 0.100 0.043 0.018 0.009 0.005 0.003 0.002 0.001 0.001 0.001 0.001 0.000 0.000 0.000 0.000 0.000 0.000 0.000 0.000 0.000 0.000
0.000 0.000 0.000 0.000 0.000 0.000 0.000 0.000 0.000 0.000 0.000 0.000 0.001 0.005 0.025 0.100 0.314 0.723 1.272 1.724 2.069 2.343 2.562 2.747 2.907 3.051 3.207 3.409 3.664 3.879 4.026 4.128 4.191 4.222 4.214 4.162 4.087 3.979 3.807 3.568 3.259 2.857 2.447 2.129 1.893 1.734 1.625 1.535 1.431 1.293 1.107 0.872 0.581 0.319 0.156 0.067 0.026 0.009 0.004 0.002 0.001 0.001 0.000 0.000 0.000 0.000 0.000 0.000 0.000 0.000 0.000 0.000 0.000 0.000 0.000 0.000 0.000
0.000 0.000 0.000 0.000 0.000 0.000 0.000 0.000 0.000 0.000 0.000 0.000 0.001 0.003 0.018 0.092 0.336 0.821 1.509 2.197 2.736 3.105 3.363 3.560 3.706 3.810 3.895 3.970 4.028 4.026 3.990 3.960 3.919 3.878 3.824 3.751 3.664 3.546 3.375 3.142 2.845 2.456 2.027 1.670 1.391 1.188 1.031 0.893 0.758 0.617 0.469 0.323 0.186 0.091 0.039 0.016 0.006 0.002 0.001 0.000 0.000 0.000 0.000 0.000 0.000 0.000 0.000 0.000 0.000 0.000 0.000 0.000 0.000 0.000 0.000 0.000 0.000
0.000 0.000 0.000 0.000 0.000 0.000 0.000 0.000 0.000 0.000 0.000 0.000 0.001 0.002 0.015 0.086 0.353 0.894 1.649 2.517 3.326 3.897 4.245 4.456 4.579 4.634 4.646 4.589 4.453 4.235 4.001 3.808 3.639 3.495 3.371 3.266 3.157 3.029 2.866 2.652 2.382 2.042 1.655 1.298 1.002 0.777 0.601 0.454 0.327 0.222 0.138 0.077 0.037 0.016 0.007 0.003 0.001 0.000 0.000 0.000 0.000 0.000 0.000 0.000 0.000 0.000 0.000 0.000 0.000 0.000 0.000 0.000 0.000 0.000 0.000 0.000 0.000
0.000 0.000 0.000 0.000 0.000 0.000 0.000 0.000 0.000 0.000 0.000 0.000 0.001 0.002 0.013 0.084 0.362 0.929 1.710 2.658 3.728 4.556 5.062 5.318 5.401 5.395 5.316 5.110 4.784 4.385 4.010 3.670 3.351 3.076 2.864 2.714 2.591 2.466 2.317 2.129 1.902 1.631 1.316 0.990 0.708 0.491 0.331 0.213 0.128 0.072 0.037 0.017 0.007 0.003 0.001 0.001 0.000 0.000 0.000 0.000 0.000 0.000 0.000 0.000 0.000 0.000 0.000 0.000 0.000 0.000 0.000 0.000 0.000 0.000 0.000 0.000 0.000
0.000 0.000 0.000 0.000 0.000 0.000 0.000 0.000 0.000 0.000 0.000 0.000 0.001 0.002 0.013 0.083 0.361 0.930 1.717 2.689 3.928 5.050 5.744 6.048 6.113 6.065 5.864 5.490 4.995 4.479 4.013 3.561 3.094 2.668 2.327 2.093 1.945 1.827 1.703 1.557 1.392 1.208 0.978 0.711 0.473 0.297 0.177 0.099 0.051 0.024 0.011 0.004 0.002 0.001 0.000 0.000 0.000 0.000 0.000 0.000 0.000 0.000 0.000 0.000 0.000 0.000 0.000 0.000 0.000 0.000 0.000 0.000 0.000 0.000 0.000 0.000 0.000
0.000 0.000 0.000 0.000 0.000 0.000 0.000 0.000 0.000 0.000 0.000 0.001 0.002 0.004 0.013 0.073 0.322 0.868 1.659 2.644 3.934 5.287 6.183 6.575 6.633 6.507 6.167 5.655 5.067 4.504 3.972 3.429 2.842 2.277 1.789 1.424 1.190 1.037 0.916 0.816 0.737 0.667 0.572 0.425 0.272 0.160 0.087 0.044 0.021 0.009 0.003 0.001 0.001 0.000 0.000 0.000 0.000 0.000 0.000 0.000 0.000 0.000 0.000 0.000 0.000 0.000 0.000 0.000 0.000 0.000 0.000 0.000 0.000 0.000 0.000 0.000 0.000
0.000 0.000 0.000 0.000 0.000 0.000 0.000 0.000 0.001 0.002 0.002 0.004 0.005 0.006 0.009 0.038 0.201 0.647 1.401 2.403 3.724 5.238 6.294 6.768 6.842 6.674 6.257 5.693 5.086 4.484 3.872 3.221 2.522 1.853 1.284 0.868 0.607 0.447 0.345 0.280 0.249 0.237 0.224 0.185 0.122 0.069 0.036 0.017 0.008 0.003 0.001 0.000 0.000 0.000 0.000 0.000 0.000 0.000 0.000 0.000 0.000 0.000 0.000 0.000 0.000 0.000 0.000 0.000 0.000 0.000 0.000 0.000 0.000 0.000 0.000 0.000 0.000
