RESULTS/r.avaflow_results/32_results/32_ascii/32_hflow_max0011.asc
ncols 506
nrows 317
xllcenter 498237.50
yllcenter 5580050.00
cellsize 12.50
NODATA_value -9999.000
[rows 170 to 203 of 317, columns 77 to 153 of 506]
0.000 0.000 0.000 0.000 0.000 0.000 0.000 0.000 0.000 0.000 0.000 0.000 0.000 0.000 0.000 0.000 0.000 0.000 0.000 0.000 0.000 0.000 0.000 0.000 0.001 0.002 0.004 0.006 0.007 0.008 0.008 0.008 0.007 0.006 0.005 0.004 0.004 0.006 0.010 0.020 0.037 0.068 0.128 0.233 0.338 0.391 0.435 0.489 0.552 0.630 0.773 1.192 1.969 2.941 4.804 6.650 9.367 13.069 16.843 20.013 22.381 23.653 24.212 24.236 23.610 22.682 21.777 20.731 19.692 18.648 17.354 15.928 14.747 14.255 13.935 13.666 13.473
0.000 0.000 0.000 0.000 0.000 0.000 0.000 0.000 0.000 0.000 0.000 0.000 0.000 0.000 0.000 0.000 0.000 0.000 0.000 0.000 0.000 0.000 0.000 0.001 0.003 0.005 0.009 0.013 0.015 0.016 0.016 0.016 0.015 0.012 0.010 0.009 0.010 0.013 0.022 0.040 0.072 0.128 0.223 0.372 0.534 0.643 0.764 0.923 1.111 1.331 1.729 2.361 3.129 4.468 6.046 8.598 11.222 15.268 19.083 22.118 24.144 25.156 25.145 24.866 24.104 23.235 22.142 20.897 19.668 18.477 17.378 16.822 16.539 16.348 16.240 16.355 16.667
0.000 0.000 0.000 0.000 0.000 0.000 0.000 0.000 0.000 0.000 0.000 0.000 0.000 0.000 0.000 0.000 0.000 0.000 0.000 0.000 0.000 0.000 0.002 0.003 0.006 0.011 0.018 0.024 0.028 0.030 0.030 0.030 0.028 0.023 0.019 0.018 0.019 0.025 0.043 0.077 0.136 0.230 0.374 0.579 0.819 1.043 1.310 1.650 2.032 2.555 3.336 4.117 4.858 5.567 6.651 9.220 11.851 15.940 19.849 22.874 24.823 25.689 25.438 25.002 24.296 23.334 22.151 20.900 19.779 19.162 18.752 18.412 18.071 17.827 17.853 18.483 19.487
0.000 0.000 0.000 0.000 0.000 0.000 0.000 0.000 0.000 0.000 0.000 0.000 0.000 0.000 0.000 0.000 0.000 0.000 0.000 0.000 0.001 0.002 0.004 0.007 0.013 0.021 0.032 0.043 0.050 0.053 0.053 0.053 0.049 0.041 0.034 0.032 0.034 0.048 0.078 0.141 0.242 0.391 0.600 0.884 1.239 1.649 2.148 2.736 3.426 4.410 5.222 5.730 6.093 6.395 6.986 8.963 11.433 15.474 19.521 22.639 24.643 25.476 25.210 24.862 24.108 23.161 22.087 21.246 20.725 20.287 19.829 19.335 18.942 18.818 19.117 20.122 21.538
0.000 0.000 0.000 0.000 0.000 0.000 0.000 0.000 0.000 0.000 0.000 0.000 0.000 0.000 0.000 0.000 0.000 0.000 0.000 0.001 0.002 0.004 0.008 0.014 0.023 0.036 0.055 0.072 0.083 0.088 0.089 0.088 0.082 0.069 0.057 0.063 0.086 0.116 0.154 0.238 0.399 0.622 0.925 1.325 1.850 2.505 3.322 4.175 5.185 5.976 6.551 6.837 6.995 7.056 7.208 8.075 10.355 14.122 18.414 21.689 23.714 24.605 24.622 24.229 23.643 22.936 22.277 21.715 21.188 20.730 20.258 19.739 19.280 19.354 19.924 21.016 22.398
0.000 0.000 0.000 0.000 0.000 0.000 0.000 0.000 0.000 0.000 0.000 0.000 0.000 0.000 0.000 0.000 0.000 0.000 0.000 0.002 0.004 0.008 0.015 0.025 0.039 0.061 0.090 0.117 0.133 0.141 0.142 0.141 0.133 0.112 0.111 0.146 0.191 0.247 0.315 0.391 0.619 0.940 1.364 1.924 2.667 3.621 4.747 5.771 6.603 7.156 7.484 7.642 7.678 7.608 7.517 7.759 9.278 12.653 17.006 20.495 22.573 23.527 23.672 23.275 22.965 22.664 22.293 21.831 21.320 20.808 20.276 19.710 19.269 19.241 19.972 21.063 22.337
0.000 0.000 0.000 0.000 0.000 0.000 0.000 0.000 0.000 0.000 0.000 0.000 0.000 0.000 0.000 0.000 0.000 0.000 0.001 0.004 0.008 0.015 0.025 0.041 0.064 0.098 0.142 0.183 0.208 0.220 0.222 0.220 0.207 0.192 0.241 0.302 0.377 0.463 0.558 0.656 0.908 1.359 1.934 2.694 3.709 5.065 6.150 7.025 7.675 8.063 8.229 8.290 8.240 8.070 7.867 7.592 8.607 11.598 15.842 19.502 21.552 22.534 22.656 22.259 22.099 21.996 21.726 21.279 20.735 20.156 19.540 18.910 18.500 18.584 19.167 20.197 21.479
0.000 0.000 0.000 0.000 0.000 0.000 0.000 0.000 0.000 0.000 0.000 0.000 0.000 0.000 0.000 0.000 0.000 0.001 0.003 0.007 0.014 0.025 0.042 0.066 0.102 0.153 0.220 0.279 0.315 0.332 0.336 0.332 0.334 0.397 0.469 0.552 0.646 0.746 0.843 0.933 1.272 1.889 2.650 3.626 4.801 6.216 7.229 7.983 8.492 8.772 8.860 8.838 8.684 8.473 8.178 7.700 8.325 10.986 14.967 18.510 20.448 21.425 21.562 21.091 20.840 20.611 20.214 19.682 19.056 18.371 17.626 16.890 16.544 16.670 17.380 18.676 20.066
0.000 0.000 0.000 0.000 0.000 0.000 0.000 0.000 0.000 0.000 0.000 0.000 0.000 0.000 0.000 0.000 0.000 0.001 0.004 0.012 0.023 0.040 0.066 0.105 0.159 0.235 0.332 0.414 0.466 0.490 0.507 0.564 0.647 0.721 0.796 0.875 0.957 1.041 1.127 1.220 1.668 2.504 3.466 4.551 5.627 7.038 8.006 8.673 9.087 9.290 9.341 9.233 9.006 8.786 8.405 7.835 8.142 10.576 14.160 17.220 18.944 20.007 20.019 19.386 18.907 18.444 17.898 17.279 16.566 15.729 14.812 14.054 13.896 14.165 15.115 16.699 18.422
0.000 0.000 0.000 0.000 0.000 0.000 0.000 0.000 0.000 0.000 0.000 0.000 0.000 0.000 0.000 0.000 0.000 0.001 0.004 0.014 0.033 0.063 0.103 0.161 0.241 0.351 0.489 0.601 0.671 0.750 0.883 1.018 1.092 1.139 1.184 1.233 1.294 1.367 1.449 1.547 1.996 3.053 4.176 5.292 6.306 7.632 8.491 9.090 9.446 9.569 9.582 9.459 9.296 8.995 8.565 7.894 7.898 10.055 13.152 15.564 17.251 17.975 17.738 16.970 16.346 15.828 15.241 14.586 13.798 12.908 12.002 11.591 11.670 12.266 13.503 15.167 16.895
0.000 0.000 0.000 0.000 0.000 0.000 0.000 0.000 0.000 0.000 0.000 0.000 0.000 0.000 0.000 0.000 0.000 0.001 0.004 0.013 0.037 0.085 0.154 0.241 0.357 0.512 0.702 0.850 0.982 1.247 1.496 1.601 1.625 1.623 1.624 1.637 1.677 1.744 1.826 1.936 2.235 3.497 4.706 5.819 6.933 8.157 8.829 9.280 9.584 9.665 9.663 9.588 9.417 9.081 8.624 7.884 7.529 9.275 11.750 13.721 15.163 15.512 14.955 14.102 13.418 12.938 12.406 11.788 11.112 10.394 9.722 9.584 9.843 10.682 12.061 13.587 15.224
0.000 0.000 0.000 0.000 0.000 0.000 0.000 0.000 0.000 0.000 0.000 0.000 0.000 0.000 0.000 0.000 0.000 0.000 0.002 0.009 0.032 0.095 0.207 0.348 0.515 0.731 0.982 1.177 1.553 2.018 2.235 2.272 2.239 2.191 2.156 2.138 2.151 2.199 2.289 2.415 2.613 3.817 5.045 6.142 7.431 8.636 9.118 9.365 9.568 9.640 9.681 9.578 9.401 9.055 8.541 7.776 7.068 8.197 9.968 11.818 12.846 12.891 12.047 11.081 10.318 9.840 9.420 8.995 8.559 8.130 7.839 7.869 8.289 9.233 10.582 12.006 13.428
0.000 0.000 0.000 0.000 0.000 0.000 0.000 0.000 0.000 0.000 0.000 0.000 0.000 0.000 0.000 0.000 0.000 0.000 0.001 0.004 0.022 0.090 0.248 0.474 0.726 1.019 1.337 1.608 2.313 2.829 3.010 3.026 2.960 2.880 2.826 2.796 2.777 2.796 2.872 3.007 3.242 4.026 5.259 6.309 7.770 8.958 9.347 9.410 9.462 9.531 9.519 9.439 9.225 8.861 8.298 7.490 6.487 6.861 8.061 9.611 10.387 10.246 9.299 8.327 7.613 7.149 6.798 6.504 6.259 6.103 6.102 6.322 6.876 7.835 9.021 10.193 11.346
0.000 0.000 0.000 0.000 0.000 0.000 0.000 0.000 0.000 0.000 0.000 0.000 0.000 0.000 0.000 0.000 0.000 0.000 0.001 0.003 0.014 0.076 0.265 0.586 0.963 1.378 1.769 2.120 2.951 3.597 3.815 3.851 3.807 3.717 3.649 3.626 3.609 3.600 3.640 3.769 4.062 4.723 5.653 6.418 7.892 9.065 9.455 9.433 9.386 9.297 9.198 9.009 8.742 8.346 7.786 7.008 5.960 5.757 6.202 7.140 7.673 7.516 6.739 5.994 5.510 5.103 4.764 4.489 4.335 4.316 4.453 4.827 5.495 6.373 7.295 8.252 9.271
0.000 0.000 0.000 0.000 0.000 0.000 0.000 0.000 0.000 0.000 0.000 0.000 0.000 0.000 0.000 0.000 0.001 0.001 0.003 0.004 0.012 0.058 0.248 0.638 1.141 1.705 2.240 2.621 3.497 4.372 4.717 4.779 4.772 4.727 4.671 4.668 4.677 4.686 4.735 4.868 5.151 5.777 6.513 6.972 7.898 8.953 9.381 9.445 9.280 9.007 8.656 8.231 7.881 7.459 6.930 6.249 5.378 4.976 4.851 5.043 5.203 5.042 4.572 4.240 3.912 3.584 3.247 2.946 2.800 2.795 2.899 3.234 3.875 4.679 5.507 6.442 7.482
0.000 0.000 0.000 0.000 0.000 0.000 0.000 0.000 0.000 0.000 0.000 0.000 0.000 0.000 0.000 0.001 0.002 0.004 0.006 0.009 0.015 0.045 0.205 0.615 1.225 1.923 2.636 3.194 3.965 5.073 5.686 5.833 5.790 5.805 5.844 5.916 5.989 6.079 6.198 6.283 6.376 6.732 7.148 7.330 7.799 8.658 9.108 9.248 8.997 8.571 8.049 7.422 6.729 6.265 5.907 5.467 4.948 4.384 3.891 3.626 3.457 3.284 3.089 2.872 2.643 2.387 2.087 1.805 1.695 1.654 1.675 1.802 2.132 2.743 3.677 4.855 6.097
0.000 0.000 0.000 0.000 0.000 0.000 0.000 0.000 0.000 0.000 0.000 0.000 0.000 0.000 0.001 0.003 0.005 0.009 0.014 0.018 0.025 0.044 0.153 0.532 1.209 2.030 2.908 3.663 4.277 5.593 6.441 6.802 6.823 6.835 6.919 7.040 7.196 7.339 7.427 7.465 7.464 7.480 7.579 7.529 7.533 8.144 8.618 8.706 8.458 7.956 7.299 6.522 5.575 5.031 4.863 4.681 4.376 3.860 3.197 2.676 2.361 2.155 1.996 1.835 1.657 1.456 1.238 1.125 1.008 0.929 0.890 0.901 1.003 1.316 2.062 3.424 4.657
0.000 0.000 0.000 0.000 0.000 0.000 0.000 0.000 0.000 0.000 0.000 0.000 0.000 0.001 0.003 0.006 0.012 0.021 0.031 0.039 0.046 0.105 0.217 0.416 1.110 2.052 3.061 4.005 4.736 5.869 6.914 7.460 7.633 7.738 7.931 8.130 8.276 8.364 8.394 8.380 8.291 8.053 7.796 7.653 7.489 7.635 7.930 7.934 7.698 7.202 6.546 5.682 4.610 3.788 3.539 3.512 3.470 3.208 2.633 2.020 1.628 1.389 1.236 1.098 0.977 0.871 0.778 0.685 0.581 0.486 0.427 0.403 0.417 0.526 0.928 1.810 2.396
0.000 0.000 0.000 0.000 0.000 0.000 0.000 0.000 0.000 0.000 0.000 0.000 0.001 0.003 0.008 0.016 0.029 0.048 0.066 0.078 0.108 0.233 0.425 0.682 1.022 1.969 3.104 4.202 5.113 6.008 7.122 7.853 8.203 8.298 8.646 8.936 9.040 9.050 9.056 8.994 8.787 8.436 8.017 7.694 7.378 7.062 7.167 7.112 6.900 6.463 5.851 5.019 3.956 3.319 2.635 2.369 2.335 2.267 1.984 1.508 1.137 0.924 0.808 0.703 0.595 0.506 0.433 0.367 0.299 0.226 0.178 0.156 0.151 0.175 0.307 0.620 0.774
0.000 0.000 0.000 0.000 0.000 0.000 0.000 0.000 0.000 0.000 0.000 0.001 0.003 0.008 0.020 0.040 0.069 0.104 0.131 0.147 0.246 0.480 0.779 1.110 1.502 2.017 3.032 4.245 5.329 6.331 7.259 8.064 8.514 8.681 8.934 9.202 9.256 9.207 9.224 9.198 9.061 8.685 8.099 7.543 7.049 6.491 6.487 6.399 6.196 5.816 5.230 4.455 3.884 3.224 2.427 1.675 1.461 1.354 1.200 0.943 0.699 0.544 0.448 0.367 0.294 0.240 0.198 0.163 0.130 0.096 0.072 0.061 0.058 0.060 0.086 0.153 0.180
0.000 0.000 0.000 0.000 0.000 0.000 0.000 0.000 0.000 0.000 0.000 0.002 0.006 0.018 0.045 0.089 0.148 0.199 0.238 0.268 0.510 0.918 1.322 1.710 2.142 2.678 3.351 4.174 5.406 6.538 7.544 8.226 8.654 8.819 8.949 9.130 9.235 9.207 9.160 9.181 9.082 8.690 7.974 7.132 6.401 5.967 5.924 5.799 5.587 5.240 4.712 4.191 3.640 2.898 1.983 1.188 0.942 0.773 0.630 0.481 0.350 0.258 0.194 0.147 0.114 0.091 0.075 0.063 0.053 0.042 0.033 0.029 0.027 0.027 0.032 0.045 0.050
0.000 0.000 0.000 0.000 0.000 0.000 0.000 0.000 0.000 0.000 0.000 0.003 0.011 0.035 0.086 0.165 0.266 0.344 0.409 0.486 0.984 1.599 2.080 2.503 2.959 3.516 4.147 4.716 5.372 6.600 7.680 8.384 8.675 8.771 8.809 8.947 8.987 8.932 8.846 8.806 8.684 8.274 7.486 6.407 5.521 5.446 5.382 5.237 5.011 4.694 4.236 3.812 3.156 2.213 1.355 0.959 0.677 0.479 0.336 0.230 0.155 0.104 0.072 0.052 0.041 0.035 0.031 0.028 0.025 0.021 0.018 0.016 0.016 0.016 0.017 0.020 0.021
0.000 0.000 0.000 0.000 0.000 0.000 0.000 0.000 0.000 0.000 0.000 0.003 0.014 0.046 0.112 0.219 0.361 0.515 0.666 0.858 1.740 2.555 3.088 3.534 4.005 4.568 5.096 5.557 5.927 6.537 7.593 8.273 8.556 8.660 8.583 8.489 8.438 8.325 8.177 7.989 7.685 7.082 6.080 5.229 5.123 5.043 4.949 4.795 4.569 4.264 3.814 3.159 2.267 1.578 1.114 0.773 0.524 0.345 0.218 0.134 0.081 0.050 0.032 0.023 0.019 0.017 0.016 0.015 0.014 0.012 0.011 0.010 0.010 0.010 0.010 0.011 0.011
0.000 0.000 0.000 0.000 0.000 0.000 0.000 0.000 0.000 0.000 0.000 0.004 0.015 0.048 0.120 0.239 0.405 0.628 0.925 1.486 2.754 3.812 4.425 4.893 5.352 5.783 6.098 6.331 6.512 6.631 7.392 8.065 8.344 8.401 8.158 7.862 7.703 7.462 7.156 6.806 6.418 5.793 5.242 5.071 5.014 4.956 4.835 4.620 4.294 3.820 3.157 2.589 1.856 1.216 0.859 0.595 0.402 0.260 0.159 0.091 0.050 0.028 0.017 0.012 0.010 0.009 0.009 0.008 0.008 0.008 0.007 0.006 0.006 0.006 0.006 0.006 0.006
0.000 0.000 0.000 0.000 0.000 0.000 0.000 0.000 0.000 0.000 0.000 0.003 0.014 0.045 0.116 0.238 0.417 0.668 1.055 2.176 3.922 5.231 5.935 6.335 6.636 6.846 6.952 6.956 6.934 6.886 7.048 7.718 8.116 8.200 7.954 7.447 7.070 6.942 6.704 6.359 5.951 5.554 5.200 5.006 4.910 4.783 4.589 4.245 3.787 3.191 2.441 1.883 1.347 0.893 0.625 0.430 0.287 0.182 0.108 0.058 0.029 0.015 0.008 0.006 0.005 0.005 0.005 0.005 0.004 0.004 0.004 0.003 0.003 0.003 0.003 0.003 0.003
0.000 0.000 0.000 0.000 0.000 0.000 0.000 0.000 0.000 0.000 0.000 0.002 0.010 0.035 0.095 0.212 0.401 0.672 1.508 3.090 5.057 6.455 7.153 7.480 7.639 7.685 7.580 7.347 7.161 7.020 6.863 7.147 7.661 7.736 7.473 6.999 6.889 6.652 6.346 6.048 5.784 5.536 5.254 4.955 4.748 4.535 4.218 3.793 3.252 2.623 1.909 1.210 0.879 0.615 0.417 0.275 0.174 0.104 0.057 0.029 0.013 0.006 0.004 0.003 0.003 0.002 0.002 0.002 0.002 0.002 0.002 0.002 0.001 0.001 0.001 0.001 0.001
0.000 0.000 0.000 0.000 0.000 0.000 0.000 0.000 0.000 0.000 0.000 0.001 0.005 0.019 0.060 0.157 0.392 1.026 2.246 4.024 5.850 7.224 8.006 8.330 8.368 8.238 7.923 7.608 7.310 7.079 6.802 6.776 7.000 7.060 7.007 6.908 6.653 6.271 6.058 5.904 5.749 5.535 5.254 4.939 4.626 4.307 3.917 3.403 2.829 2.190 1.459 0.785 0.555 0.368 0.231 0.138 0.078 0.041 0.020 0.009 0.004 0.002 0.001 0.001 0.001 0.001 0.001 0.001 0.001 0.001 0.001 0.000 0.000 0.000 0.000 0.000 0.000
0.000 0.000 0.000 0.000 0.000 0.000 0.000 0.000 0.000 0.000 0.000 0.001 0.004 0.022 0.084 0.269 0.711 1.581 2.966 4.729 6.225 7.374 8.188 8.564 8.617 8.505 8.233 7.753 7.328 6.944 6.726 6.963 7.082 7.112 7.064 6.897 6.497 6.143 5.981 5.880 5.748 5.527 5.221 4.904 4.561 4.129 3.632 3.111 2.521 1.839 1.102 0.507 0.269 0.164 0.092 0.048 0.023 0.010 0.004 0.002 0.001 0.001 0.000 0.000 0.000 0.000 0.000 0.000 0.000 0.000 0.000 0.000 0.000 0.000 0.000 0.000 0.000
0.000 0.000 0.000 0.000 0.000 0.000 0.000 0.000 0.000 0.000 0.000 0.002 0.010 0.043 0.158 0.468 1.110 2.143 3.542 5.074 6.290 7.236 7.886 8.328 8.548 8.512 8.212 7.646 7.149 6.751 6.866 7.103 7.151 7.120 7.079 6.836 6.371 6.126 6.019 5.923 5.754 5.506 5.193 4.828 4.426 3.975 3.451 2.878 2.242 1.522 0.813 0.334 0.103 0.046 0.023 0.011 0.004 0.002 0.001 0.000 0.000 0.000 0.000 0.000 0.000 0.000 0.000 0.000 0.000 0.000 0.000 0.000 0.000 0.000 0.000 0.000 0.000
0.000 0.000 0.000 0.000 0.000 0.000 0.000 0.000 0.000 0.000 0.000 0.003 0.017 0.071 0.243 0.673 1.487 2.649 3.921 5.151 6.176 6.933 7.397 7.815 8.001 7.958 7.614 7.059 6.733 6.651 6.956 7.120 7.156 7.132 7.019 6.722 6.345 6.175 6.084 5.954 5.714 5.431 5.126 4.773 4.331 3.819 3.300 2.709 2.042 1.287 0.613 0.219 0.058 0.012 0.004 0.002 0.001 0.000 0.000 0.000 0.000 0.000 0.000 0.000 0.000 0.000 0.000 0.000 0.000 0.000 0.000 0.000 0.000 0.000 0.000 0.000 0.000
0.000 0.000 0.000 0.000 0.000 0.000 0.000 0.000 0.000 0.000 0.001 0.004 0.024 0.099 0.327 0.861 1.824 3.092 4.187 5.143 5.983 6.599 7.005 7.223 7.259 7.157 6.856 6.605 6.510 6.740 7.058 7.171 7.201 7.148 6.964 6.617 6.340 6.269 6.180 5.963 5.654 5.346 5.054 4.698 4.235 3.711 3.141 2.512 1.798 1.029 0.439 0.139 0.033 0.006 0.001 0.000 0.000 0.000 0.000 0.000 0.000 0.000 0.000 0.000 0.000 0.000 0.000 0.000 0.000 0.000 0.000 0.000 0.000 0.000 0.000 0.000 0.000
0.000 0.000 0.000 0.000 0.000 0.000 0.000 0.000 0.000 0.000 0.000 0.005 0.028 0.121 0.396 1.020 2.116 3.429 4.406 5.165 5.845 6.304 6.612 6.752 6.746 6.598 6.451 6.328 6.337 6.762 7.061 7.208 7.233 7.185 6.998 6.632 6.418 6.331 6.238 5.948 5.587 5.289 4.968 4.617 4.148 3.590 2.982 2.301 1.522 0.756 0.284 0.080 0.017 0.003 0.000 0.000 0.000 0.000 0.000 0.000 0.000 0.000 0.000 0.000 0.000 0.000 0.000 0.000 0.000 0.000 0.000 0.000 0.000 0.000 0.000 0.000 0.000
0.000 0.000 0.000 0.000 0.000 0.000 0.000 0.000 0.000 0.000 0.000 0.005 0.030 0.136 0.456 1.151 2.356 3.732 4.635 5.225 5.693 6.004 6.254 6.292 6.203 6.097 6.047 6.057 6.300 6.727 7.016 7.221 7.303 7.264 7.081 6.791 6.612 6.443 6.259 5.879 5.467 5.175 4.867 4.499 4.033 3.463 2.816 2.100 1.247 0.545 0.178 0.044 0.008 0.001 0.000 0.000 0.000 0.000 0.000 0.000 0.000 0.000 0.000 0.000 0.000 0.000 0.000 0.000 0.000 0.000 0.000 0.000 0.000 0.000 0.000 0.000 0.000
0.000 0.000 0.000 0.000 0.000 0.000 0.000 0.000 0.000 0.000 0.000 0.004 0.029 0.143 0.500 1.284 2.587 3.987 4.923 5.455 5.712 5.842 5.929 5.850 5.685 5.594 5.601 5.836 6.255 6.655 7.018 7.296 7.420 7.405 7.292 7.086 6.846 6.626 6.339 5.858 5.401 5.104 4.808 4.389 3.878 3.280 2.593 1.794 0.940 0.363 0.106 0.023 0.004 0.000 0.000 0.000 0.000 0.000 0.000 0.000 0.000 0.000 0.000 0.000 0.000 0.000 0.000 0.000 0.000 0.000 0.000 0.000 0.000 0.000 0.000 0.000 0.000
