RESULTS/r.avaflow_results/32_results/32_ascii/32_hflow30034.asc
ncols 506
nrows 317
xllcenter 498237.50
yllcenter 5580050.00
cellsize 12.50
NODATA_value -9999.000
[rows 170 to 203 of 317, columns 154 to 230 of 506]
8.891 8.814 8.728 8.613 8.452 8.248 8.064 7.905 7.746 7.576 7.421 7.283 7.123 6.853 6.376 5.658 4.772 3.879 3.035 2.244 1.531 0.944 0.542 0.328 0.234 0.199 0.194 0.202 0.223 0.259 0.309 0.377 0.454 0.509 0.545 0.575 0.611 0.649 0.663 0.656 0.613 0.536 0.473 0.421 0.362 0.283 0.209 0.157 0.119 0.090 0.071 0.059 0.051 0.047 0.045 0.045 0.047 0.050 0.054 0.057 0.059 0.059 0.059 0.059 0.059 0.060 0.065 0.081 0.129 0.240 0.367 0.415 0.407 0.322 0.186 0.105 0.072
12.301 12.539 12.689 12.744 12.701 12.537 12.308 12.070 11.820 11.534 11.246 10.984 10.723 10.412 9.939 9.222 8.241 7.067 5.804 4.518 3.286 2.210 1.364 0.807 0.512 0.374 0.318 0.304 0.315 0.345 0.397 0.475 0.560 0.606 0.621 0.628 0.639 0.650 0.651 0.634 0.575 0.492 0.428 0.372 0.307 0.219 0.141 0.089 0.060 0.046 0.039 0.034 0.032 0.031 0.032 0.033 0.036 0.041 0.045 0.047 0.046 0.045 0.044 0.043 0.043 0.044 0.048 0.061 0.095 0.179 0.313 0.403 0.427 0.398 0.294 0.175 0.112
15.850 16.405 16.636 16.647 16.503 16.210 15.857 15.510 15.160 14.790 14.417 14.081 13.773 13.453 13.014 12.325 11.352 10.178 8.887 7.454 5.885 4.323 2.956 1.893 1.191 0.784 0.564 0.458 0.417 0.412 0.434 0.488 0.559 0.594 0.600 0.592 0.579 0.567 0.547 0.499 0.408 0.325 0.268 0.219 0.164 0.104 0.063 0.042 0.031 0.026 0.024 0.023 0.022 0.022 0.023 0.025 0.029 0.033 0.036 0.037 0.036 0.035 0.033 0.032 0.032 0.033 0.036 0.045 0.068 0.122 0.235 0.367 0.435 0.452 0.422 0.319 0.201
18.729 19.598 19.925 19.908 19.696 19.337 18.948 18.580 18.209 17.814 17.400 17.030 16.706 16.386 15.966 15.282 14.279 13.048 11.721 10.328 8.804 7.093 5.322 3.722 2.480 1.617 1.072 0.754 0.581 0.492 0.455 0.458 0.486 0.498 0.487 0.450 0.407 0.369 0.328 0.263 0.185 0.136 0.107 0.085 0.064 0.043 0.030 0.023 0.019 0.017 0.016 0.016 0.016 0.016 0.017 0.019 0.022 0.025 0.027 0.027 0.027 0.026 0.025 0.025 0.025 0.026 0.028 0.034 0.048 0.079 0.147 0.276 0.407 0.470 0.482 0.450 0.346
20.416 21.500 22.042 22.173 22.089 21.888 21.648 21.406 21.124 20.766 20.342 19.937 19.585 19.233 18.795 18.109 17.112 15.864 14.484 13.038 11.520 9.872 8.030 6.064 4.277 2.865 1.860 1.212 0.816 0.580 0.450 0.381 0.343 0.317 0.279 0.233 0.200 0.176 0.152 0.115 0.078 0.057 0.046 0.037 0.029 0.022 0.018 0.015 0.013 0.012 0.012 0.012 0.012 0.012 0.013 0.014 0.016 0.018 0.019 0.020 0.019 0.019 0.019 0.019 0.019 0.020 0.022 0.026 0.035 0.051 0.086 0.165 0.312 0.445 0.491 0.491 0.450
20.793 21.979 22.779 23.223 23.457 23.608 23.687 23.676 23.567 23.314 22.894 22.386 21.973 21.583 21.132 20.491 19.604 18.466 17.106 15.571 13.920 12.150 10.177 7.914 5.656 3.796 2.410 1.498 0.947 0.618 0.424 0.311 0.241 0.186 0.138 0.108 0.095 0.085 0.072 0.054 0.038 0.029 0.024 0.020 0.017 0.014 0.012 0.010 0.009 0.009 0.008 0.008 0.008 0.009 0.009 0.010 0.011 0.013 0.013 0.014 0.014 0.013 0.013 0.014 0.014 0.015 0.018 0.021 0.027 0.037 0.056 0.098 0.195 0.356 0.464 0.487 0.476
20.397 21.677 22.666 23.331 23.863 24.355 24.689 24.832 24.854 24.733 24.340 23.701 23.236 22.892 22.494 21.926 21.190 20.252 19.011 17.434 15.614 13.644 11.468 8.949 6.338 4.187 2.598 1.571 0.968 0.609 0.390 0.255 0.169 0.109 0.071 0.055 0.048 0.044 0.037 0.028 0.022 0.018 0.015 0.013 0.011 0.009 0.008 0.007 0.007 0.006 0.006 0.006 0.006 0.006 0.006 0.007 0.007 0.008 0.009 0.009 0.009 0.009 0.009 0.010 0.011 0.012 0.014 0.017 0.022 0.029 0.042 0.067 0.122 0.243 0.386 0.451 0.463
19.360 20.798 22.045 23.023 23.810 24.437 24.809 24.964 25.022 24.974 24.616 23.908 23.420 23.158 22.832 22.296 21.618 20.796 19.671 18.127 16.228 14.124 11.816 9.170 6.422 4.173 2.533 1.491 0.890 0.535 0.317 0.181 0.102 0.059 0.039 0.031 0.027 0.024 0.021 0.017 0.014 0.011 0.010 0.009 0.008 0.007 0.006 0.005 0.004 0.004 0.004 0.004 0.004 0.004 0.004 0.004 0.004 0.005 0.005 0.006 0.006 0.006 0.006 0.007 0.007 0.009 0.011 0.014 0.018 0.025 0.035 0.052 0.086 0.157 0.276 0.374 0.422
18.098 19.676 21.102 22.331 23.328 24.019 24.349 24.451 24.479 24.410 24.067 23.381 22.853 22.574 22.245 21.705 21.036 20.266 19.232 17.773 15.898 13.761 11.395 8.689 5.945 3.726 2.136 1.162 0.635 0.347 0.184 0.095 0.052 0.032 0.023 0.019 0.016 0.014 0.012 0.010 0.009 0.008 0.007 0.006 0.005 0.004 0.004 0.003 0.003 0.002 0.002 0.002 0.002 0.002 0.002 0.002 0.002 0.003 0.003 0.003 0.003 0.004 0.004 0.004 0.005 0.006 0.008 0.011 0.016 0.022 0.030 0.044 0.067 0.110 0.186 0.279 0.353
16.798 18.430 19.889 21.156 22.160 22.844 23.184 23.254 23.156 22.853 22.495 22.050 21.553 20.989 20.392 19.768 19.111 18.426 17.543 16.216 14.403 12.257 9.864 7.208 4.683 2.689 1.326 0.582 0.265 0.136 0.075 0.044 0.027 0.019 0.015 0.012 0.011 0.009 0.008 0.007 0.006 0.006 0.005 0.004 0.003 0.003 0.002 0.002 0.001 0.001 0.001 0.001 0.001 0.001 0.001 0.001 0.001 0.001 0.001 0.001 0.002 0.002 0.002 0.003 0.003 0.005 0.007 0.009 0.013 0.019 0.027 0.038 0.056 0.086 0.133 0.201 0.269
15.254 16.819 18.222 19.435 20.403 21.139 21.627 21.770 21.571 21.066 20.848 20.762 20.383 19.474 18.553 17.832 17.125 16.330 15.301 13.858 11.952 9.690 7.203 4.767 2.750 1.349 0.546 0.195 0.084 0.048 0.032 0.022 0.016 0.012 0.010 0.009 0.008 0.007 0.006 0.005 0.004 0.004 0.003 0.002 0.002 0.001 0.001 0.001 0.001 0.000 0.000 0.000 0.000 0.000 0.000 0.000 0.000 0.000 0.000 0.000 0.001 0.001 0.001 0.001 0.002 0.003 0.005 0.008 0.011 0.017 0.024 0.035 0.050 0.072 0.106 0.154 0.209
13.270 14.672 16.059 17.385 18.577 19.623 20.394 20.671 20.500 20.003 19.860 19.814 19.374 18.302 17.303 16.541 15.724 14.642 13.171 11.268 8.930 6.280 3.872 2.175 1.111 0.488 0.174 0.061 0.032 0.022 0.017 0.013 0.010 0.009 0.008 0.007 0.006 0.005 0.004 0.003 0.003 0.002 0.002 0.001 0.001 0.001 0.000 0.000 0.000 0.000 0.000 0.000 0.000 0.000 0.000 0.000 0.000 0.000 0.000 0.000 0.000 0.000 0.000 0.001 0.001 0.002 0.004 0.006 0.010 0.015 0.022 0.032 0.047 0.066 0.094 0.131 0.176
11.054 12.359 13.791 15.318 16.793 18.119 19.133 19.574 19.495 19.087 18.787 18.464 17.797 16.745 15.830 15.029 14.065 12.657 10.687 8.123 5.262 2.822 1.340 0.608 0.281 0.124 0.049 0.024 0.016 0.013 0.011 0.009 0.008 0.007 0.005 0.005 0.004 0.003 0.002 0.002 0.001 0.001 0.001 0.000 0.000 0.000 0.000 0.000 0.000 0.000 0.000 0.000 0.000 0.000 0.000 0.000 0.000 0.000 0.000 0.000 0.000 0.000 0.000 0.000 0.001 0.001 0.003 0.005 0.008 0.013 0.020 0.031 0.045 0.065 0.089 0.119 0.156
9.173 10.392 11.718 13.194 14.692 16.054 17.148 17.717 17.759 17.386 16.693 15.844 14.928 14.020 13.203 12.295 11.056 9.211 6.627 3.924 1.868 0.711 0.238 0.101 0.057 0.032 0.019 0.013 0.010 0.009 0.008 0.007 0.006 0.005 0.004 0.003 0.002 0.002 0.001 0.001 0.000 0.000 0.000 0.000 0.000 0.000 0.000 0.000 0.000 0.000 0.000 0.000 0.000 0.000 0.000 0.000 0.000 0.000 0.000 0.000 0.000 0.000 0.000 0.000 0.000 0.001 0.002 0.004 0.007 0.012 0.019 0.030 0.045 0.065 0.088 0.113 0.141
7.465 8.521 9.575 10.657 11.718 12.730 13.699 14.295 14.412 14.092 13.217 11.992 10.839 9.858 8.842 7.639 6.060 4.120 2.230 0.939 0.297 0.082 0.037 0.026 0.019 0.014 0.011 0.009 0.008 0.007 0.006 0.005 0.004 0.003 0.002 0.002 0.001 0.001 0.000 0.000 0.000 0.000 0.000 0.000 0.000 0.000 0.000 0.000 0.000 0.000 0.000 0.000 0.000 0.000 0.000 0.000 0.000 0.000 0.000 0.000 0.000 0.000 0.000 0.000 0.000 0.000 0.001 0.003 0.006 0.011 0.018 0.029 0.044 0.065 0.088 0.111 0.134
5.601 6.302 6.752 7.044 7.322 7.723 8.387 8.976 9.190 9.042 8.338 7.092 5.694 4.546 3.611 2.752 1.820 0.908 0.332 0.093 0.033 0.020 0.016 0.013 0.011 0.009 0.008 0.006 0.005 0.004 0.004 0.003 0.002 0.002 0.001 0.001 0.000 0.000 0.000 0.000 0.000 0.000 0.000 0.000 0.000 0.000 0.000 0.000 0.000 0.000 0.000 0.000 0.000 0.000 0.000 0.000 0.000 0.000 0.000 0.000 0.000 0.000 0.000 0.000 0.000 0.000 0.001 0.002 0.005 0.009 0.017 0.027 0.043 0.063 0.087 0.109 0.130
2.946 3.066 3.017 2.916 2.851 2.900 3.144 3.469 3.613 3.584 3.287 2.655 1.814 1.154 0.747 0.484 0.253 0.096 0.035 0.019 0.014 0.012 0.010 0.009 0.008 0.006 0.005 0.004 0.004 0.003 0.002 0.002 0.001 0.001 0.000 0.000 0.000 0.000 0.000 0.000 0.000 0.000 0.000 0.000 0.000 0.000 0.000 0.000 0.000 0.000 0.000 0.000 0.000 0.000 0.000 0.000 0.000 0.000 0.000 0.000 0.000 0.000 0.000 0.000 0.000 0.000 0.000 0.002 0.004 0.008 0.014 0.024 0.039 0.059 0.082 0.106 0.130
0.913 0.856 0.787 0.707 0.650 0.629 0.658 0.730 0.756 0.745 0.671 0.506 0.280 0.148 0.095 0.062 0.035 0.020 0.014 0.011 0.009 0.008 0.007 0.006 0.005 0.004 0.003 0.003 0.002 0.001 0.001 0.001 0.000 0.000 0.000 0.000 0.000 0.000 0.000 0.000 0.000 0.000 0.000 0.000 0.000 0.000 0.000 0.000 0.000 0.000 0.000 0.000 0.000 0.000 0.000 0.000 0.000 0.000 0.000 0.000 0.000 0.000 0.000 0.000 0.000 0.000 0.000 0.001 0.003 0.006 0.011 0.019 0.032 0.050 0.074 0.103 0.132
0.187 0.161 0.149 0.138 0.125 0.116 0.114 0.117 0.116 0.112 0.099 0.073 0.043 0.030 0.024 0.018 0.014 0.011 0.009 0.008 0.007 0.006 0.005 0.004 0.003 0.003 0.002 0.001 0.001 0.001 0.000 0.000 0.000 0.000 0.000 0.000 0.000 0.000 0.000 0.000 0.000 0.000 0.000 0.000 0.000 0.000 0.000 0.000 0.000 0.000 0.000 0.000 0.000 0.000 0.000 0.000 0.000 0.000 0.000 0.000 0.000 0.000 0.000 0.000 0.000 0.000 0.000 0.001 0.002 0.004 0.007 0.014 0.024 0.040 0.065 0.099 0.141
0.048 0.043 0.042 0.041 0.038 0.036 0.034 0.032 0.031 0.029 0.027 0.022 0.017 0.014 0.012 0.010 0.009 0.008 0.007 0.006 0.005 0.004 0.003 0.002 0.002 0.001 0.001 0.000 0.000 0.000 0.000 0.000 0.000 0.000 0.000 0.000 0.000 0.000 0.000 0.000 0.000 0.000 0.000 0.000 0.000 0.000 0.000 0.000 0.000 0.000 0.000 0.000 0.000 0.000 0.000 0.000 0.000 0.000 0.000 0.000 0.000 0.000 0.000 0.000 0.000 0.000 0.000 0.000 0.001 0.002 0.005 0.009 0.017 0.031 0.055 0.093 0.145
0.021 0.020 0.020 0.020 0.019 0.018 0.016 0.016 0.015 0.014 0.013 0.012 0.010 0.009 0.008 0.007 0.006 0.005 0.004 0.004 0.003 0.002 0.002 0.001 0.001 0.000 0.000 0.000 0.000 0.000 0.000 0.000 0.000 0.000 0.000 0.000 0.000 0.000 0.000 0.000 0.000 0.000 0.000 0.000 0.000 0.000 0.000 0.000 0.000 0.000 0.000 0.000 0.000 0.000 0.000 0.000 0.000 0.000 0.000 0.000 0.000 0.000 0.000 0.000 0.000 0.000 0.000 0.000 0.000 0.001 0.003 0.006 0.011 0.021 0.040 0.076 0.133
0.013 0.013 0.012 0.012 0.011 0.010 0.010 0.010 0.009 0.009 0.008 0.008 0.007 0.007 0.006 0.005 0.004 0.003 0.003 0.002 0.002 0.001 0.001 0.000 0.000 0.000 0.000 0.000 0.000 0.000 0.000 0.000 0.000 0.000 0.000 0.000 0.000 0.000 0.000 0.000 0.000 0.000 0.000 0.000 0.000 0.000 0.000 0.000 0.000 0.000 0.000 0.000 0.000 0.000 0.000 0.000 0.000 0.000 0.000 0.000 0.000 0.000 0.000 0.000 0.000 0.000 0.000 0.000 0.000 0.001 0.002 0.003 0.007 0.013 0.024 0.049 0.096
0.008 0.008 0.008 0.008 0.007 0.007 0.007 0.006 0.006 0.006 0.006 0.005 0.005 0.004 0.004 0.003 0.002 0.002 0.001 0.001 0.001 0.000 0.000 0.000 0.000 0.000 0.000 0.000 0.000 0.000 0.000 0.000 0.000 0.000 0.000 0.000 0.000 0.000 0.000 0.000 0.000 0.000 0.000 0.000 0.000 0.000 0.000 0.000 0.000 0.000 0.000 0.000 0.000 0.000 0.000 0.000 0.000 0.000 0.000 0.000 0.000 0.000 0.000 0.000 0.000 0.000 0.000 0.000 0.000 0.000 0.001 0.002 0.004 0.007 0.013 0.025 0.048
0.005 0.005 0.005 0.005 0.005 0.004 0.004 0.004 0.004 0.003 0.003 0.003 0.003 0.002 0.002 0.002 0.001 0.001 0.000 0.000 0.000 0.000 0.000 0.000 0.000 0.000 0.000 0.000 0.000 0.000 0.000 0.000 0.000 0.000 0.000 0.000 0.000 0.000 0.000 0.000 0.000 0.000 0.000 0.000 0.000 0.000 0.000 0.000 0.000 0.000 0.000 0.000 0.000 0.000 0.000 0.000 0.000 0.000 0.000 0.000 0.000 0.000 0.000 0.000 0.000 0.000 0.000 0.000 0.000 0.000 0.000 0.001 0.002 0.004 0.007 0.013 0.023
0.003 0.003 0.003 0.003 0.002 0.002 0.002 0.002 0.002 0.002 0.002 0.001 0.001 0.001 0.001 0.001 0.000 0.000 0.000 0.000 0.000 0.000 0.000 0.000 0.000 0.000 0.000 0.000 0.000 0.000 0.000 0.000 0.000 0.000 0.000 0.000 0.000 0.000 0.000 0.000 0.000 0.000 0.000 0.000 0.000 0.000 0.000 0.000 0.000 0.000 0.000 0.000 0.000 0.000 0.000 0.000 0.000 0.000 0.000 0.000 0.000 0.000 0.000 0.000 0.000 0.000 0.000 0.000 0.000 0.000 0.000 0.000 0.001 0.002 0.004 0.007 0.011
0.001 0.001 0.001 0.001 0.001 0.001 0.001 0.001 0.001 0.001 0.001 0.000 0.000 0.000 0.000 0.000 0.000 0.000 0.000 0.000 0.000 0.000 0.000 0.000 0.000 0.000 0.000 0.000 0.000 0.000 0.000 0.000 0.000 0.000 0.000 0.000 0.000 0.000 0.000 0.000 0.000 0.000 0.000 0.000 0.000 0.000 0.000 0.000 0.000 0.000 0.000 0.000 0.000 0.000 0.000 0.000 0.000 0.000 0.000 0.000 0.000 0.000 0.000 0.000 0.000 0.000 0.000 0.000 0.000 0.000 0.000 0.000 0.000 0.001 0.002 0.003 0.006
0.000 0.000 0.000 0.000 0.000 0.000 0.000 0.000 0.000 0.000 0.000 0.000 0.000 0.000 0.000 0.000 0.000 0.000 0.000 0.000 0.000 0.000 0.000 0.000 0.000 0.000 0.000 0.000 0.000 0.000 0.000 0.000 0.000 0.000 0.000 0.000 0.000 0.000 0.000 0.000 0.000 0.000 0.000 0.000 0.000 0.000 0.000 0.000 0.000 0.000 0.000 0.000 0.000 0.000 0.000 0.000 0.000 0.000 0.000 0.000 0.000 0.000 0.000 0.000 0.000 0.000 0.000 0.000 0.000 0.000 0.000 0.000 0.000 0.000 0.001 0.001 0.003
0.000 0.000 0.000 0.000 0.000 0.000 0.000 0.000 0.000 0.000 0.000 0.000 0.000 0.000 0.000 0.000 0.000 0.000 0.000 0.000 0.000 0.000 0.000 0.000 0.000 0.000 0.000 0.000 0.000 0.000 0.000 0.000 0.000 0.000 0.000 0.000 0.000 0.000 0.000 0.000 0.000 0.000 0.000 0.000 0.000 0.000 0.000 0.000 0.000 0.000 0.000 0.000 0.000 0.000 0.000 0.000 0.000 0.000 0.000 0.000 0.000 0.000 0.000 0.000 0.000 0.000 0.000 0.000 0.000 0.000 0.000 0.000 0.000 0.000 0.000 0.000 0.001
0.000 0.000 0.000 0.000 0.000 0.000 0.000 0.000 0.000 0.000 0.000 0.000 0.000 0.000 0.000 0.000 0.000 0.000 0.000 0.000 0.000 0.000 0.000 0.000 0.000 0.000 0.000 0.000 0.000 0.000 0.000 0.000 0.000 0.000 0.000 0.000 0.000 0.000 0.000 0.000 0.000 0.000 0.000 0.000 0.000 0.000 0.000 0.000 0.000 0.000 0.000 0.000 0.000 0.000 0.000 0.000 0.000 0.000 0.000 0.000 0.000 0.000 0.000 0.000 0.000 0.000 0.000 0.000 0.000 0.000 0.000 0.000 0.000 0.000 0.000 0.000 0.000
0.000 0.000 0.000 0.000 0.000 0.000 0.000 0.000 0.000 0.000 0.000 0.000 0.000 0.000 0.000 0.000 0.000 0.000 0.000 0.000 0.000 0.000 0.000 0.000 0.000 0.000 0.000 0.000 0.000 0.000 0.000 0.000 0.000 0.000 0.000 0.000 0.000 0.000 0.000 0.000 0.000 0.000 0.000 0.000 0.000 0.000 0.000 0.000 0.000 0.000 0.000 0.000 0.000 0.000 0.000 0.000 0.000 0.000 0.000 0.000 0.000 0.000 0.000 0.000 0.000 0.000 0.000 0.000 0.000 0.000 0.000 0.000 0.000 0.000 0.000 0.000 0.000
0.000 0.000 0.000 0.000 0.000 0.000 0.000 0.000 0.000 0.000 0.000 0.000 0.000 0.000 0.000 0.000 0.000 0.000 0.000 0.000 0.000 0.000 0.000 0.000 0.000 0.000 0.000 0.000 0.000 0.000 0.000 0.000 0.000 0.000 0.000 0.000 0.000 0.000 0.000 0.000 0.000 0.000 0.000 0.000 0.000 0.000 0.000 0.000 0.000 0.000 0.000 0.000 0.000 0.000 0.000 0.000 0.000 0.000 0.000 0.000 0.000 0.000 0.000 0.000 0.000 0.000 0.000 0.000 0.000 0.000 0.000 0.000 0.000 0.000 0.000 0.000 0.000
0.000 0.000 0.000 0.000 0.000 0.000 0.000 0.000 0.000 0.000 0.000 0.000 0.000 0.000 0.000 0.000 0.000 0.000 0.000 0.000 0.000 0.000 0.000 0.000 0.000 0.000 0.000 0.000 0.000 0.000 0.000 0.000 0.000 0.000 0.000 0.000 0.000 0.000 0.000 0.000 0.000 0.000 0.000 0.000 0.000 0.000 0.000 0.000 0.000 0.000 0.000 0.000 0.000 0.000 0.000 0.000 0.000 0.000 0.000 0.000 0.000 0.000 0.000 0.000 0.000 0.000 0.000 0.000 0.000 0.000 0.000 0.000 0.000 0.000 0.000 0.000 0.000
0.000 0.000 0.000 0.000 0.000 0.000 0.000 0.000 0.000 0.000 0.000 0.000 0.000 0.000 0.000 0.000 0.000 0.000 0.000 0.000 0.000 0.000 0.000 0.000 0.000 0.000 0.000 0.000 0.000 0.000 0.000 0.000 0.000 0.000 0.000 0.000 0.000 0.000 0.000 0.000 0.000 0.000 0.000 0.000 0.000 0.000 0.000 0.000 0.000 0.000 0.000 0.000 0.000 0.000 0.000 0.000 0.000 0.000 0.000 0.000 0.000 0.000 0.000 0.000 0.000 0.000 0.000 0.000 0.000 0.000 0.000 0.000 0.000 0.000 0.000 0.000 0.000
0.000 0.000 0.000 0.000 0.000 0.000 0.000 0.000 0.000 0.000 0.000 0.000 0.000 0.000 0.000 0.000 0.000 0.000 0.000 0.000 0.000 0.000 0.000 0.000 0.000 0.000 0.000 0.000 0.000 0.000 0.000 0.000 0.000 0.000 0.000 0.000 0.000 0.000 0.000 0.000 0.000 0.000 0.000 0.000 0.000 0.000 0.000 0.000 0.000 0.000 0.000 0.000 0.000 0.000 0.000 0.000 0.000 0.000 0.000 0.000 0.000 0.000 0.000 0.000 0.000 0.000 0.000 0.000 0.000 0.000 0.000 0.000 0.000 0.000 0.000 0.000 0.000
