RESULTS/r.avaflow_results/32_results/32_ascii/32_hflow0054.asc
ncols 506
nrows 317
xllcenter 498237.50
yllcenter 5580050.00
cellsize 12.50
NODATA_value -9999.000
[rows 170 to 203 of 317, columns 154 to 230 of 506]
8.894 8.798 8.705 8.589 8.433 8.239 8.070 7.928 7.784 7.624 7.475 7.345 7.198 6.947 6.487 5.780 4.900 4.010 3.167 2.371 1.643 1.027 0.586 0.338 0.221 0.171 0.156 0.156 0.161 0.175 0.203 0.247 0.292 0.320 0.337 0.352 0.374 0.417 0.446 0.449 0.434 0.416 0.415 0.424 0.426 0.414 0.375 0.306 0.230 0.163 0.116 0.088 0.070 0.060 0.055 0.053 0.053 0.055 0.058 0.061 0.062 0.062 0.060 0.058 0.057 0.058 0.060 0.071 0.104 0.176 0.246 0.272 0.266 0.212 0.133 0.085 0.063
12.286 12.505 12.647 12.694 12.658 12.510 12.293 12.065 11.826 11.552 11.271 11.014 10.763 10.465 10.004 9.293 8.325 7.169 5.921 4.645 3.413 2.325 1.449 0.852 0.516 0.348 0.271 0.243 0.240 0.254 0.288 0.342 0.385 0.402 0.404 0.402 0.407 0.430 0.445 0.441 0.413 0.385 0.375 0.370 0.359 0.325 0.254 0.165 0.103 0.071 0.054 0.044 0.039 0.037 0.036 0.037 0.039 0.043 0.047 0.049 0.049 0.047 0.045 0.043 0.042 0.042 0.044 0.053 0.077 0.131 0.211 0.262 0.277 0.266 0.218 0.154 0.106
15.839 16.378 16.604 16.607 16.464 16.178 15.830 15.488 15.147 14.787 14.419 14.089 13.787 13.475 13.045 12.361 11.394 10.229 8.952 7.540 5.987 4.433 3.056 1.968 1.227 0.775 0.519 0.390 0.335 0.318 0.330 0.363 0.396 0.406 0.401 0.388 0.384 0.389 0.387 0.363 0.306 0.259 0.233 0.213 0.189 0.153 0.103 0.064 0.044 0.034 0.029 0.026 0.025 0.025 0.025 0.027 0.030 0.034 0.038 0.039 0.038 0.037 0.035 0.033 0.032 0.032 0.034 0.040 0.055 0.088 0.154 0.230 0.274 0.291 0.287 0.255 0.195
18.712 19.571 19.895 19.868 19.656 19.299 18.912 18.548 18.183 17.795 17.384 17.018 16.699 16.386 15.977 15.299 14.299 13.073 11.752 10.370 8.858 7.160 5.399 3.798 2.535 1.633 1.041 0.687 0.492 0.393 0.351 0.343 0.352 0.353 0.340 0.312 0.292 0.275 0.252 0.206 0.147 0.112 0.094 0.083 0.073 0.059 0.041 0.030 0.023 0.020 0.018 0.017 0.017 0.017 0.018 0.020 0.023 0.026 0.029 0.030 0.030 0.029 0.027 0.026 0.026 0.027 0.028 0.032 0.040 0.057 0.092 0.160 0.240 0.292 0.308 0.306 0.276
20.396 21.471 22.010 22.135 22.049 21.845 21.605 21.365 21.087 20.733 20.313 19.912 19.565 19.220 18.791 18.110 17.115 15.872 14.497 13.057 11.546 9.906 8.077 6.124 4.336 2.904 1.855 1.156 0.726 0.477 0.346 0.283 0.252 0.235 0.210 0.177 0.157 0.142 0.126 0.097 0.067 0.050 0.042 0.037 0.033 0.027 0.021 0.017 0.015 0.013 0.012 0.012 0.012 0.012 0.013 0.014 0.017 0.020 0.022 0.023 0.023 0.022 0.022 0.022 0.022 0.023 0.024 0.026 0.031 0.039 0.055 0.090 0.163 0.255 0.303 0.311 0.301
20.771 21.948 22.743 23.182 23.414 23.561 23.641 23.632 23.525 23.277 22.862 22.358 21.947 21.563 21.119 20.482 19.597 18.465 17.110 15.580 13.935 12.172 10.213 7.965 5.714 3.847 2.427 1.457 0.860 0.515 0.327 0.228 0.175 0.137 0.106 0.086 0.078 0.072 0.064 0.049 0.035 0.028 0.024 0.021 0.018 0.016 0.013 0.011 0.010 0.009 0.009 0.009 0.009 0.009 0.010 0.011 0.012 0.014 0.016 0.017 0.017 0.018 0.018 0.018 0.019 0.020 0.021 0.023 0.026 0.030 0.039 0.057 0.095 0.177 0.257 0.290 0.295
20.371 21.639 22.624 23.285 23.813 24.302 24.638 24.785 24.809 24.693 24.306 23.669 23.204 22.865 22.474 21.910 21.179 20.250 19.016 17.441 15.626 13.661 11.499 8.999 6.395 4.241 2.624 1.535 0.883 0.511 0.303 0.189 0.124 0.082 0.056 0.045 0.042 0.039 0.035 0.027 0.021 0.018 0.015 0.013 0.012 0.010 0.009 0.008 0.007 0.006 0.006 0.006 0.006 0.006 0.007 0.007 0.009 0.010 0.012 0.013 0.013 0.014 0.015 0.015 0.016 0.017 0.018 0.020 0.023 0.026 0.032 0.043 0.064 0.108 0.176 0.231 0.262
19.328 20.751 21.992 22.966 23.751 24.379 24.752 24.909 24.971 24.927 24.577 23.869 23.381 23.125 22.807 22.276 21.603 20.789 19.671 18.130 16.234 14.134 11.841 9.217 6.475 4.224 2.559 1.460 0.816 0.454 0.252 0.139 0.078 0.047 0.032 0.026 0.024 0.022 0.020 0.017 0.014 0.012 0.010 0.009 0.008 0.007 0.006 0.005 0.005 0.004 0.004 0.004 0.004 0.004 0.004 0.005 0.006 0.007 0.008 0.009 0.010 0.011 0.012 0.013 0.014 0.015 0.016 0.018 0.020 0.023 0.028 0.035 0.048 0.072 0.110 0.156 0.202
18.056 19.622 21.041 22.265 23.260 23.952 24.283 24.387 24.417 24.352 24.016 23.330 22.802 22.529 22.208 21.671 21.006 20.245 19.220 17.765 15.895 13.761 11.407 8.726 5.991 3.770 2.163 1.148 0.592 0.303 0.153 0.078 0.043 0.027 0.020 0.017 0.015 0.014 0.012 0.011 0.009 0.008 0.007 0.006 0.005 0.005 0.004 0.003 0.003 0.002 0.002 0.002 0.002 0.002 0.002 0.003 0.004 0.005 0.006 0.007 0.007 0.008 0.009 0.010 0.012 0.013 0.014 0.016 0.018 0.021 0.025 0.031 0.040 0.054 0.076 0.105 0.140
16.749 18.371 19.823 21.082 22.081 22.765 23.107 23.179 23.084 22.782 22.425 21.981 21.487 20.925 20.334 19.713 19.059 18.381 17.507 16.188 14.384 12.243 9.863 7.232 4.716 2.723 1.352 0.584 0.250 0.121 0.064 0.037 0.023 0.016 0.013 0.011 0.010 0.009 0.008 0.008 0.007 0.006 0.005 0.004 0.003 0.003 0.002 0.002 0.001 0.001 0.001 0.001 0.001 0.001 0.001 0.001 0.002 0.003 0.003 0.004 0.005 0.006 0.007 0.008 0.009 0.011 0.012 0.014 0.016 0.019 0.023 0.028 0.036 0.046 0.060 0.079 0.103
15.196 16.752 18.146 19.352 20.314 21.049 21.540 21.685 21.489 20.981 20.763 20.684 20.313 19.405 18.487 17.769 17.067 16.281 15.259 13.819 11.922 9.669 7.196 4.776 2.763 1.362 0.557 0.195 0.079 0.043 0.028 0.019 0.014 0.011 0.010 0.009 0.008 0.007 0.006 0.005 0.004 0.004 0.003 0.002 0.002 0.001 0.001 0.001 0.001 0.000 0.000 0.000 0.000 0.000 0.000 0.001 0.001 0.001 0.002 0.003 0.003 0.004 0.005 0.006 0.008 0.009 0.011 0.013 0.015 0.018 0.021 0.027 0.033 0.042 0.054 0.068 0.085
13.204 14.592 15.970 17.291 18.479 19.524 20.300 20.582 20.412 19.912 19.771 19.735 19.304 18.231 17.235 16.478 15.668 14.596 13.131 11.233 8.905 6.261 3.856 2.165 1.107 0.488 0.176 0.060 0.030 0.020 0.015 0.012 0.010 0.008 0.007 0.006 0.006 0.005 0.004 0.003 0.003 0.002 0.002 0.001 0.001 0.001 0.000 0.000 0.000 0.000 0.000 0.000 0.000 0.000 0.000 0.000 0.000 0.000 0.001 0.001 0.002 0.003 0.004 0.005 0.006 0.008 0.009 0.011 0.014 0.016 0.020 0.026 0.033 0.041 0.051 0.063 0.077
10.977 12.265 13.688 15.212 16.685 18.012 19.032 19.481 19.403 18.993 18.696 18.380 17.718 16.666 15.754 14.958 14.005 12.607 10.644 8.090 5.236 2.797 1.318 0.594 0.275 0.122 0.049 0.023 0.015 0.012 0.010 0.009 0.007 0.006 0.005 0.004 0.004 0.003 0.002 0.002 0.001 0.001 0.001 0.000 0.000 0.000 0.000 0.000 0.000 0.000 0.000 0.000 0.000 0.000 0.000 0.000 0.000 0.000 0.000 0.001 0.001 0.002 0.002 0.004 0.005 0.006 0.008 0.010 0.013 0.016 0.020 0.025 0.033 0.042 0.051 0.061 0.071
9.082 10.283 11.603 13.083 14.577 15.936 17.036 17.613 17.658 17.285 16.595 15.750 14.832 13.923 13.109 12.209 10.982 9.146 6.573 3.885 1.838 0.692 0.228 0.097 0.055 0.031 0.018 0.012 0.010 0.009 0.007 0.006 0.005 0.004 0.004 0.003 0.002 0.002 0.001 0.001 0.000 0.000 0.000 0.000 0.000 0.000 0.000 0.000 0.000 0.000 0.000 0.000 0.000 0.000 0.000 0.000 0.000 0.000 0.000 0.000 0.000 0.001 0.002 0.002 0.004 0.005 0.007 0.009 0.012 0.015 0.020 0.025 0.033 0.043 0.051 0.059 0.067
7.373 8.411 9.462 10.547 11.599 12.602 13.572 14.178 14.297 13.979 13.111 11.888 10.732 9.752 8.742 7.548 5.981 4.058 2.188 0.914 0.284 0.078 0.036 0.025 0.018 0.014 0.010 0.009 0.007 0.006 0.005 0.004 0.004 0.003 0.002 0.002 0.001 0.001 0.000 0.000 0.000 0.000 0.000 0.000 0.000 0.000 0.000 0.000 0.000 0.000 0.000 0.000 0.000 0.000 0.000 0.000 0.000 0.000 0.000 0.000 0.000 0.000 0.001 0.002 0.003 0.004 0.006 0.008 0.011 0.015 0.020 0.026 0.034 0.044 0.052 0.059 0.065
5.536 6.212 6.654 6.940 7.209 7.602 8.256 8.845 9.062 8.919 8.227 6.993 5.604 4.466 3.537 2.689 1.773 0.879 0.320 0.089 0.031 0.020 0.015 0.013 0.011 0.009 0.008 0.006 0.005 0.004 0.004 0.003 0.002 0.002 0.001 0.001 0.000 0.000 0.000 0.000 0.000 0.000 0.000 0.000 0.000 0.000 0.000 0.000 0.000 0.000 0.000 0.000 0.000 0.000 0.000 0.000 0.000 0.000 0.000 0.000 0.000 0.000 0.000 0.001 0.002 0.003 0.005 0.008 0.010 0.014 0.019 0.026 0.034 0.043 0.052 0.059 0.066
2.988 3.061 2.990 2.873 2.795 2.836 3.065 3.380 3.522 3.495 3.209 2.593 1.765 1.114 0.715 0.462 0.243 0.093 0.035 0.019 0.014 0.011 0.010 0.009 0.007 0.006 0.005 0.004 0.003 0.003 0.002 0.002 0.001 0.001 0.000 0.000 0.000 0.000 0.000 0.000 0.000 0.000 0.000 0.000 0.000 0.000 0.000 0.000 0.000 0.000 0.000 0.000 0.000 0.000 0.000 0.000 0.000 0.000 0.000 0.000 0.000 0.000 0.000 0.000 0.001 0.002 0.004 0.007 0.010 0.013 0.018 0.024 0.032 0.041 0.050 0.059 0.068
0.988 0.876 0.782 0.693 0.629 0.604 0.627 0.694 0.719 0.709 0.640 0.483 0.266 0.140 0.090 0.059 0.034 0.020 0.014 0.011 0.009 0.008 0.007 0.006 0.005 0.004 0.003 0.003 0.002 0.001 0.001 0.001 0.000 0.000 0.000 0.000 0.000 0.000 0.000 0.000 0.000 0.000 0.000 0.000 0.000 0.000 0.000 0.000 0.000 0.000 0.000 0.000 0.000 0.000 0.000 0.000 0.000 0.000 0.000 0.000 0.000 0.000 0.000 0.000 0.001 0.002 0.003 0.006 0.009 0.012 0.017 0.023 0.029 0.038 0.048 0.061 0.075
0.210 0.165 0.147 0.134 0.120 0.110 0.107 0.110 0.109 0.105 0.094 0.070 0.041 0.029 0.023 0.018 0.014 0.011 0.009 0.008 0.007 0.006 0.005 0.004 0.003 0.003 0.002 0.001 0.001 0.001 0.000 0.000 0.000 0.000 0.000 0.000 0.000 0.000 0.000 0.000 0.000 0.000 0.000 0.000 0.000 0.000 0.000 0.000 0.000 0.000 0.000 0.000 0.000 0.000 0.000 0.000 0.000 0.000 0.000 0.000 0.000 0.000 0.000 0.000 0.000 0.001 0.003 0.005 0.007 0.011 0.015 0.020 0.026 0.034 0.045 0.062 0.083
0.050 0.043 0.041 0.040 0.037 0.034 0.033 0.031 0.030 0.028 0.026 0.021 0.017 0.014 0.012 0.010 0.009 0.008 0.007 0.006 0.005 0.004 0.003 0.002 0.002 0.001 0.001 0.000 0.000 0.000 0.000 0.000 0.000 0.000 0.000 0.000 0.000 0.000 0.000 0.000 0.000 0.000 0.000 0.000 0.000 0.000 0.000 0.000 0.000 0.000 0.000 0.000 0.000 0.000 0.000 0.000 0.000 0.000 0.000 0.000 0.000 0.000 0.000 0.000 0.000 0.001 0.002 0.004 0.006 0.009 0.013 0.017 0.022 0.030 0.042 0.060 0.083
0.021 0.020 0.020 0.019 0.019 0.017 0.016 0.015 0.015 0.014 0.013 0.012 0.010 0.009 0.008 0.007 0.006 0.005 0.004 0.004 0.003 0.002 0.002 0.001 0.001 0.000 0.000 0.000 0.000 0.000 0.000 0.000 0.000 0.000 0.000 0.000 0.000 0.000 0.000 0.000 0.000 0.000 0.000 0.000 0.000 0.000 0.000 0.000 0.000 0.000 0.000 0.000 0.000 0.000 0.000 0.000 0.000 0.000 0.000 0.000 0.000 0.000 0.000 0.000 0.000 0.000 0.001 0.002 0.004 0.007 0.010 0.013 0.018 0.024 0.034 0.051 0.073
0.013 0.012 0.012 0.012 0.011 0.011 0.010 0.010 0.009 0.009 0.009 0.008 0.007 0.007 0.006 0.005 0.004 0.003 0.003 0.002 0.002 0.001 0.001 0.000 0.000 0.000 0.000 0.000 0.000 0.000 0.000 0.000 0.000 0.000 0.000 0.000 0.000 0.000 0.000 0.000 0.000 0.000 0.000 0.000 0.000 0.000 0.000 0.000 0.000 0.000 0.000 0.000 0.000 0.000 0.000 0.000 0.000 0.000 0.000 0.000 0.000 0.000 0.000 0.000 0.000 0.000 0.001 0.001 0.003 0.005 0.007 0.010 0.013 0.017 0.023 0.033 0.050
0.008 0.008 0.008 0.008 0.008 0.007 0.007 0.007 0.006 0.006 0.006 0.005 0.005 0.004 0.004 0.003 0.002 0.002 0.001 0.001 0.001 0.000 0.000 0.000 0.000 0.000 0.000 0.000 0.000 0.000 0.000 0.000 0.000 0.000 0.000 0.000 0.000 0.000 0.000 0.000 0.000 0.000 0.000 0.000 0.000 0.000 0.000 0.000 0.000 0.000 0.000 0.000 0.000 0.000 0.000 0.000 0.000 0.000 0.000 0.000 0.000 0.000 0.000 0.000 0.000 0.000 0.000 0.001 0.002 0.003 0.005 0.007 0.009 0.012 0.015 0.021 0.029
0.005 0.005 0.005 0.005 0.005 0.005 0.004 0.004 0.004 0.004 0.003 0.003 0.003 0.002 0.002 0.002 0.001 0.001 0.000 0.000 0.000 0.000 0.000 0.000 0.000 0.000 0.000 0.000 0.000 0.000 0.000 0.000 0.000 0.000 0.000 0.000 0.000 0.000 0.000 0.000 0.000 0.000 0.000 0.000 0.000 0.000 0.000 0.000 0.000 0.000 0.000 0.000 0.000 0.000 0.000 0.000 0.000 0.000 0.000 0.000 0.000 0.000 0.000 0.000 0.000 0.000 0.000 0.000 0.001 0.002 0.003 0.004 0.006 0.008 0.011 0.014 0.018
0.003 0.003 0.003 0.003 0.003 0.002 0.002 0.002 0.002 0.002 0.002 0.002 0.001 0.001 0.001 0.001 0.000 0.000 0.000 0.000 0.000 0.000 0.000 0.000 0.000 0.000 0.000 0.000 0.000 0.000 0.000 0.000 0.000 0.000 0.000 0.000 0.000 0.000 0.000 0.000 0.000 0.000 0.000 0.000 0.000 0.000 0.000 0.000 0.000 0.000 0.000 0.000 0.000 0.000 0.000 0.000 0.000 0.000 0.000 0.000 0.000 0.000 0.000 0.000 0.000 0.000 0.000 0.000 0.000 0.001 0.002 0.003 0.004 0.006 0.007 0.009 0.012
0.001 0.001 0.001 0.001 0.001 0.001 0.001 0.001 0.001 0.001 0.001 0.000 0.000 0.000 0.000 0.000 0.000 0.000 0.000 0.000 0.000 0.000 0.000 0.000 0.000 0.000 0.000 0.000 0.000 0.000 0.000 0.000 0.000 0.000 0.000 0.000 0.000 0.000 0.000 0.000 0.000 0.000 0.000 0.000 0.000 0.000 0.000 0.000 0.000 0.000 0.000 0.000 0.000 0.000 0.000 0.000 0.000 0.000 0.000 0.000 0.000 0.000 0.000 0.000 0.000 0.000 0.000 0.000 0.000 0.000 0.001 0.001 0.002 0.004 0.005 0.006 0.008
0.000 0.000 0.000 0.000 0.000 0.000 0.000 0.000 0.000 0.000 0.000 0.000 0.000 0.000 0.000 0.000 0.000 0.000 0.000 0.000 0.000 0.000 0.000 0.000 0.000 0.000 0.000 0.000 0.000 0.000 0.000 0.000 0.000 0.000 0.000 0.000 0.000 0.000 0.000 0.000 0.000 0.000 0.000 0.000 0.000 0.000 0.000 0.000 0.000 0.000 0.000 0.000 0.000 0.000 0.000 0.000 0.000 0.000 0.000 0.000 0.000 0.000 0.000 0.000 0.000 0.000 0.000 0.000 0.000 0.000 0.000 0.001 0.001 0.002 0.003 0.004 0.005
0.000 0.000 0.000 0.000 0.000 0.000 0.000 0.000 0.000 0.000 0.000 0.000 0.000 0.000 0.000 0.000 0.000 0.000 0.000 0.000 0.000 0.000 0.000 0.000 0.000 0.000 0.000 0.000 0.000 0.000 0.000 0.000 0.000 0.000 0.000 0.000 0.000 0.000 0.000 0.000 0.000 0.000 0.000 0.000 0.000 0.000 0.000 0.000 0.000 0.000 0.000 0.000 0.000 0.000 0.000 0.000 0.000 0.000 0.000 0.000 0.000 0.000 0.000 0.000 0.000 0.000 0.000 0.000 0.000 0.000 0.000 0.000 0.000 0.001 0.002 0.002 0.003
0.000 0.000 0.000 0.000 0.000 0.000 0.000 0.000 0.000 0.000 0.000 0.000 0.000 0.000 0.000 0.000 0.000 0.000 0.000 0.000 0.000 0.000 0.000 0.000 0.000 0.000 0.000 0.000 0.000 0.000 0.000 0.000 0.000 0.000 0.000 0.000 0.000 0.000 0.000 0.000 0.000 0.000 0.000 0.000 0.000 0.000 0.000 0.000 0.000 0.000 0.000 0.000 0.000 0.000 0.000 0.000 0.000 0.000 0.000 0.000 0.000 0.000 0.000 0.000 0.000 0.000 0.000 0.000 0.000 0.000 0.000 0.000 0.000 0.000 0.001 0.001 0.002
0.000 0.000 0.000 0.000 0.000 0.000 0.000 0.000 0.000 0.000 0.000 0.000 0.000 0.000 0.000 0.000 0.000 0.000 0.000 0.000 0.000 0.000 0.000 0.000 0.000 0.000 0.000 0.000 0.000 0.000 0.000 0.000 0.000 0.000 0.000 0.000 0.000 0.000 0.000 0.000 0.000 0.000 0.000 0.000 0.000 0.000 0.000 0.000 0.000 0.000 0.000 0.000 0.000 0.000 0.000 0.000 0.000 0.000 0.000 0.000 0.000 0.000 0.000 0.000 0.000 0.000 0.000 0.000 0.000 0.000 0.000 0.000 0.000 0.000 0.000 0.000 0.001
0.000 0.000 0.000 0.000 0.000 0.000 0.000 0.000 0.000 0.000 0.000 0.000 0.000 0.000 0.000 0.000 0.000 0.000 0.000 0.000 0.000 0.000 0.000 0.000 0.000 0.000 0.000 0.000 0.000 0.000 0.000 0.000 0.000 0.000 0.000 0.000 0.000 0.000 0.000 0.000 0.000 0.000 0.000 0.000 0.000 0.000 0.000 0.000 0.000 0.000 0.000 0.000 0.000 0.000 0.000 0.000 0.000 0.000 0.000 0.000 0.000 0.000 0.000 0.000 0.000 0.000 0.000 0.000 0.000 0.000 0.000 0.000 0.000 0.000 0.000 0.000 0.000
0.000 0.000 0.000 0.000 0.000 0.000 0.000 0.000 0.000 0.000 0.000 0.000 0.000 0.000 0.000 0.000 0.000 0.000 0.000 0.000 0.000 0.000 0.000 0.000 0.000 0.000 0.000 0.000 0.000 0.000 0.000 0.000 0.000 0.000 0.000 0.000 0.000 0.000 0.000 0.000 0.000 0.000 0.000 0.000 0.000 0.000 0.000 0.000 0.000 0.000 0.000 0.000 0.000 0.000 0.000 0.000 0.000 0.000 0.000 0.000 0.000 0.000 0.000 0.000 0.000 0.000 0.000 0.000 0.000 0.000 0.000 0.000 0.000 0.000 0.000 0.000 0.000
0.000 0.000 0.000 0.000 0.000 0.000 0.000 0.000 0.000 0.000 0.000 0.000 0.000 0.000 0.000 0.000 0.000 0.000 0.000 0.000 0.000 0.000 0.000 0.000 0.000 0.000 0.000 0.000 0.000 0.000 0.000 0.000 0.000 0.000 0.000 0.000 0.000 0.000 0.000 0.000 0.000 0.000 0.000 0.000 0.000 0.000 0.000 0.000 0.000 0.000 0.000 0.000 0.000 0.000 0.000 0.000 0.000 0.000 0.000 0.000 0.000 0.000 0.000 0.000 0.000 0.000 0.000 0.000 0.000 0.000 0.000 0.000 0.000 0.000 0.000 0.000 0.000
0.000 0.000 0.000 0.000 0.000 0.000 0.000 0.000 0.000 0.000 0.000 0.000 0.000 0.000 0.000 0.000 0.000 0.000 0.000 0.000 0.000 0.000 0.000 0.000 0.000 0.000 0.000 0.000 0.000 0.000 0.000 0.000 0.000 0.000 0.000 0.000 0.000 0.000 0.000 0.000 0.000 0.000 0.000 0.000 0.000 0.000 0.000 0.000 0.000 0.000 0.000 0.000 0.000 0.000 0.000 0.000 0.000 0.000 0.000 0.000 0.000 0.000 0.000 0.000 0.000 0.000 0.000 0.000 0.000 0.000 0.000 0.000 0.000 0.000 0.000 0.000 0.000
