RESULTS/r.avaflow_results/32_results/32_ascii/32_hflow10036.asc
ncols 506
nrows 317
xllcenter 498237.50
yllcenter 5580050.00
cellsize 12.50
NODATA_value -9999.000
[rows 170 to 203 of 317, columns 77 to 153 of 506]
0.000 0.000 0.000 0.000 0.000 0.000 0.000 0.000 0.000 0.000 0.000 0.000 0.000 0.000 0.000 0.000 0.000 0.001 0.001 0.001 0.001 0.001 0.002 0.006 0.018 0.033 0.039 0.040 0.039 0.038 0.036 0.032 0.027 0.019 0.014 0.012 0.011 0.012 0.015 0.019 0.020 0.020 0.019 0.019 0.025 0.042 0.072 0.110 0.170 0.291 0.527 0.973 1.824 2.867 3.451 3.546 3.495 3.514 3.582 3.605 3.575 3.459 3.249 2.944 2.536 2.062 1.634 1.287 1.003 0.774 0.592 0.453 0.346 0.264 0.200 0.151 0.113
0.000 0.000 0.000 0.000 0.000 0.000 0.000 0.000 0.000 0.000 0.000 0.000 0.000 0.000 0.000 0.001 0.002 0.003 0.004 0.005 0.005 0.007 0.011 0.024 0.044 0.058 0.062 0.061 0.060 0.058 0.055 0.049 0.040 0.030 0.022 0.019 0.019 0.020 0.026 0.031 0.034 0.034 0.036 0.045 0.076 0.149 0.259 0.399 0.619 0.984 1.531 2.349 3.289 3.912 4.090 4.035 3.948 3.933 3.943 3.925 3.860 3.707 3.446 3.088 2.623 2.116 1.683 1.327 1.038 0.805 0.623 0.482 0.370 0.283 0.215 0.162 0.121
0.000 0.000 0.000 0.000 0.000 0.000 0.000 0.000 0.000 0.000 0.000 0.000 0.000 0.000 0.001 0.003 0.005 0.008 0.011 0.014 0.018 0.024 0.039 0.063 0.083 0.091 0.091 0.091 0.089 0.086 0.081 0.073 0.060 0.045 0.035 0.031 0.031 0.033 0.040 0.049 0.056 0.065 0.082 0.134 0.272 0.510 0.799 1.136 1.622 2.329 3.133 3.849 4.298 4.452 4.413 4.323 4.252 4.218 4.189 4.141 4.043 3.862 3.564 3.170 2.662 2.148 1.715 1.360 1.072 0.838 0.654 0.506 0.388 0.296 0.224 0.168 0.126
0.000 0.000 0.000 0.000 0.000 0.000 0.000 0.000 0.000 0.000 0.000 0.000 0.000 0.001 0.004 0.007 0.011 0.017 0.025 0.033 0.044 0.062 0.092 0.118 0.130 0.132 0.132 0.131 0.128 0.125 0.118 0.106 0.088 0.066 0.052 0.047 0.047 0.051 0.060 0.077 0.101 0.141 0.229 0.440 0.826 1.328 1.849 2.423 3.154 3.919 4.518 4.850 4.922 4.827 4.643 4.519 4.452 4.400 4.347 4.276 4.157 3.957 3.639 3.213 2.680 2.169 1.741 1.388 1.099 0.864 0.675 0.522 0.399 0.303 0.229 0.173 0.130
0.000 0.000 0.000 0.000 0.000 0.000 0.000 0.000 0.000 0.000 0.000 0.000 0.001 0.003 0.007 0.013 0.021 0.032 0.046 0.063 0.087 0.121 0.158 0.179 0.185 0.186 0.186 0.184 0.181 0.176 0.166 0.151 0.126 0.096 0.077 0.069 0.068 0.073 0.090 0.127 0.195 0.330 0.630 1.172 1.901 2.653 3.345 3.977 4.570 5.053 5.364 5.454 5.376 5.135 4.817 4.641 4.564 4.503 4.442 4.364 4.236 4.021 3.683 3.228 2.682 2.180 1.758 1.405 1.116 0.880 0.686 0.529 0.405 0.307 0.232 0.175 0.131
0.000 0.000 0.000 0.000 0.000 0.000 0.000 0.000 0.000 0.000 0.000 0.000 0.002 0.006 0.013 0.023 0.036 0.053 0.076 0.106 0.147 0.195 0.232 0.249 0.255 0.256 0.256 0.255 0.251 0.244 0.231 0.210 0.180 0.139 0.108 0.095 0.093 0.100 0.132 0.208 0.361 0.702 1.409 2.445 3.441 4.252 4.821 5.230 5.576 5.816 5.914 5.882 5.723 5.376 4.968 4.718 4.608 4.552 4.499 4.430 4.300 4.067 3.709 3.231 2.678 2.186 1.765 1.414 1.123 0.884 0.689 0.532 0.407 0.309 0.234 0.176 0.132
0.000 0.000 0.000 0.000 0.000 0.000 0.000 0.000 0.000 0.000 0.000 0.001 0.003 0.008 0.017 0.032 0.052 0.080 0.118 0.165 0.226 0.282 0.320 0.338 0.346 0.348 0.348 0.347 0.343 0.334 0.317 0.290 0.250 0.196 0.147 0.124 0.119 0.127 0.167 0.285 0.577 1.262 2.561 4.024 5.023 5.656 5.996 6.191 6.324 6.385 6.353 6.230 5.974 5.569 5.112 4.790 4.628 4.577 4.536 4.476 4.352 4.105 3.721 3.227 2.668 2.182 1.761 1.409 1.118 0.880 0.685 0.528 0.405 0.307 0.233 0.175 0.131
0.000 0.000 0.000 0.000 0.000 0.000 0.000 0.000 0.000 0.000 0.000 0.001 0.003 0.009 0.020 0.036 0.062 0.101 0.158 0.236 0.324 0.390 0.432 0.456 0.467 0.469 0.469 0.468 0.463 0.450 0.429 0.394 0.342 0.270 0.198 0.157 0.146 0.151 0.189 0.322 0.708 1.716 3.583 5.315 6.295 6.742 6.892 6.941 6.919 6.847 6.708 6.491 6.167 5.736 5.259 4.895 4.691 4.628 4.593 4.527 4.380 4.113 3.713 3.204 2.638 2.150 1.734 1.384 1.097 0.861 0.670 0.516 0.396 0.301 0.229 0.172 0.129
0.000 0.000 0.000 0.000 0.000 0.000 0.000 0.000 0.000 0.000 0.000 0.001 0.003 0.009 0.020 0.038 0.066 0.110 0.181 0.292 0.429 0.525 0.582 0.613 0.626 0.630 0.629 0.626 0.617 0.599 0.571 0.526 0.460 0.367 0.263 0.196 0.172 0.173 0.204 0.337 0.756 1.943 4.258 6.285 7.258 7.547 7.571 7.514 7.363 7.163 6.928 6.660 6.311 5.890 5.421 5.040 4.812 4.715 4.656 4.561 4.382 4.094 3.672 3.132 2.567 2.085 1.678 1.339 1.060 0.830 0.644 0.496 0.381 0.290 0.221 0.167 0.125
0.000 0.000 0.000 0.000 0.000 0.000 0.000 0.000 0.000 0.000 0.000 0.001 0.003 0.009 0.019 0.037 0.065 0.111 0.187 0.316 0.513 0.688 0.777 0.818 0.834 0.838 0.836 0.828 0.813 0.788 0.749 0.694 0.612 0.495 0.349 0.247 0.202 0.195 0.219 0.344 0.767 1.998 4.576 6.941 7.932 8.110 8.066 7.913 7.624 7.330 7.039 6.748 6.416 6.045 5.620 5.229 4.973 4.826 4.703 4.550 4.334 4.004 3.550 2.992 2.447 1.989 1.598 1.274 1.005 0.785 0.609 0.469 0.361 0.276 0.211 0.159 0.119
0.000 0.000 0.000 0.000 0.000 0.000 0.000 0.000 0.000 0.000 0.000 0.000 0.002 0.007 0.016 0.032 0.059 0.103 0.177 0.311 0.535 0.830 1.017 1.077 1.095 1.097 1.094 1.081 1.057 1.024 0.974 0.904 0.802 0.654 0.463 0.315 0.240 0.221 0.237 0.349 0.767 1.988 4.604 7.222 8.364 8.509 8.378 8.111 7.735 7.390 7.073 6.776 6.479 6.167 5.811 5.427 5.125 4.915 4.732 4.522 4.241 3.844 3.339 2.778 2.278 1.850 1.488 1.185 0.935 0.731 0.568 0.440 0.341 0.262 0.200 0.152 0.114
0.000 0.000 0.000 0.000 0.000 0.000 0.000 0.000 0.000 0.000 0.000 0.000 0.001 0.003 0.009 0.020 0.039 0.071 0.130 0.248 0.478 0.863 1.232 1.383 1.410 1.413 1.409 1.394 1.362 1.316 1.254 1.164 1.035 0.853 0.620 0.414 0.295 0.256 0.263 0.360 0.752 1.911 4.435 7.189 8.524 8.734 8.541 8.175 7.746 7.385 7.061 6.777 6.506 6.239 5.943 5.599 5.255 4.975 4.725 4.452 4.103 3.631 3.059 2.508 2.054 1.665 1.341 1.071 0.849 0.669 0.526 0.413 0.323 0.250 0.192 0.146 0.110
0.000 0.000 0.000 0.000 0.000 0.000 0.000 0.000 0.000 0.000 0.000 0.000 0.000 0.001 0.003 0.006 0.013 0.026 0.051 0.119 0.311 0.736 1.326 1.666 1.768 1.789 1.785 1.767 1.730 1.674 1.592 1.477 1.317 1.107 0.834 0.570 0.393 0.317 0.311 0.393 0.761 1.828 4.105 6.896 8.439 8.774 8.584 8.180 7.718 7.319 6.994 6.748 6.503 6.258 6.010 5.719 5.366 5.012 4.689 4.351 3.938 3.410 2.815 2.290 1.858 1.497 1.201 0.959 0.764 0.608 0.486 0.387 0.307 0.241 0.187 0.143 0.109
0.000 0.000 0.000 0.000 0.000 0.000 0.000 0.000 0.000 0.000 0.000 0.000 0.000 0.000 0.001 0.001 0.003 0.006 0.011 0.032 0.129 0.489 1.227 1.846 2.102 2.198 2.218 2.200 2.159 2.091 1.989 1.849 1.662 1.424 1.127 0.814 0.571 0.441 0.414 0.473 0.821 1.838 3.805 6.408 8.050 8.574 8.483 8.122 7.626 7.159 6.831 6.608 6.424 6.236 6.034 5.771 5.437 5.047 4.655 4.254 3.789 3.230 2.650 2.152 1.735 1.389 1.104 0.874 0.692 0.552 0.444 0.360 0.291 0.232 0.183 0.142 0.109
0.000 0.000 0.000 0.000 0.000 0.000 0.000 0.000 0.000 0.000 0.000 0.000 0.000 0.000 0.000 0.001 0.001 0.001 0.003 0.007 0.043 0.268 0.985 1.896 2.345 2.545 2.633 2.649 2.623 2.559 2.445 2.284 2.078 1.823 1.516 1.168 0.871 0.681 0.620 0.659 0.988 1.939 3.562 5.686 7.278 7.993 8.090 7.876 7.436 6.910 6.535 6.312 6.205 6.130 6.001 5.768 5.459 5.084 4.650 4.192 3.685 3.106 2.558 2.078 1.671 1.327 1.041 0.812 0.633 0.499 0.400 0.327 0.272 0.224 0.181 0.144 0.111
0.000 0.000 0.000 0.000 0.000 0.000 0.000 0.000 0.000 0.000 0.000 0.000 0.000 0.000 0.000 0.000 0.001 0.001 0.002 0.004 0.016 0.130 0.680 1.724 2.447 2.776 2.953 3.040 3.056 3.028 2.949 2.795 2.583 2.325 2.017 1.669 1.339 1.110 1.016 1.043 1.335 2.128 3.397 4.927 6.296 7.111 7.377 7.318 7.046 6.541 6.041 5.749 5.666 5.696 5.739 5.654 5.435 5.089 4.658 4.166 3.615 3.037 2.515 2.049 1.642 1.292 1.000 0.765 0.584 0.448 0.350 0.283 0.241 0.209 0.178 0.147 0.114
0.000 0.000 0.000 0.000 0.000 0.000 0.000 0.000 0.000 0.000 0.000 0.000 0.000 0.000 0.000 0.000 0.001 0.001 0.002 0.005 0.012 0.061 0.387 1.316 2.352 2.883 3.162 3.342 3.437 3.455 3.420 3.324 3.157 2.930 2.650 2.330 2.014 1.792 1.691 1.704 1.910 2.454 3.359 4.441 5.445 6.132 6.415 6.440 6.330 5.964 5.401 4.934 4.750 4.808 5.044 5.257 5.241 5.021 4.631 4.131 3.566 3.006 2.503 2.045 1.631 1.272 0.972 0.731 0.545 0.404 0.300 0.230 0.190 0.171 0.157 0.139 0.111
0.000 0.000 0.000 0.000 0.000 0.000 0.000 0.000 0.000 0.000 0.000 0.000 0.000 0.000 0.000 0.001 0.002 0.003 0.006 0.009 0.016 0.039 0.193 0.833 2.006 2.865 3.274 3.548 3.733 3.818 3.826 3.779 3.674 3.520 3.318 3.072 2.839 2.685 2.614 2.608 2.700 2.978 3.512 4.248 4.895 5.335 5.548 5.575 5.513 5.275 4.822 4.245 3.876 3.810 4.027 4.473 4.746 4.719 4.456 4.021 3.505 2.987 2.518 2.066 1.631 1.257 0.949 0.704 0.512 0.364 0.256 0.177 0.126 0.103 0.094 0.087 0.068
0.000 0.000 0.000 0.000 0.000 0.000 0.000 0.000 0.000 0.000 0.000 0.000 0.000 0.000 0.001 0.002 0.004 0.008 0.015 0.022 0.030 0.046 0.109 0.447 1.440 2.660 3.292 3.649 3.926 4.095 4.159 4.156 4.104 4.009 3.872 3.687 3.510 3.395 3.346 3.343 3.381 3.511 3.780 4.210 4.602 4.820 4.932 4.951 4.905 4.731 4.367 3.815 3.353 3.138 3.166 3.487 3.929 4.102 4.020 3.751 3.369 2.948 2.538 2.102 1.639 1.244 0.928 0.678 0.480 0.326 0.210 0.126 0.072 0.045 0.033 0.025 0.017
0.000 0.000 0.000 0.000 0.000 0.000 0.000 0.000 0.000 0.000 0.000 0.000 0.000 0.001 0.002 0.005 0.011 0.022 0.037 0.049 0.058 0.067 0.096 0.255 0.903 2.183 3.160 3.660 4.023 4.287 4.425 4.464 4.453 4.403 4.304 4.153 4.000 3.886 3.820 3.796 3.800 3.844 3.962 4.195 4.406 4.494 4.521 4.515 4.451 4.296 3.985 3.515 3.052 2.751 2.635 2.718 2.988 3.204 3.282 3.220 3.026 2.721 2.369 1.980 1.552 1.169 0.861 0.620 0.424 0.266 0.148 0.072 0.034 0.018 0.010 0.006 0.004
0.000 0.000 0.000 0.000 0.000 0.000 0.000 0.000 0.000 0.000 0.000 0.000 0.001 0.002 0.005 0.014 0.029 0.053 0.080 0.097 0.106 0.110 0.121 0.203 0.610 1.641 2.811 3.529 4.007 4.360 4.593 4.698 4.719 4.703 4.617 4.466 4.320 4.199 4.105 4.040 3.998 3.986 4.019 4.132 4.246 4.262 4.241 4.200 4.096 3.927 3.654 3.265 2.837 2.525 2.335 2.258 2.267 2.302 2.314 2.302 2.242 2.062 1.763 1.424 1.112 0.830 0.596 0.410 0.261 0.144 0.068 0.029 0.013 0.007 0.004 0.002 0.001
0.000 0.000 0.000 0.000 0.000 0.000 0.000 0.000 0.000 0.000 0.000 0.000 0.001 0.004 0.012 0.033 0.066 0.109 0.149 0.175 0.186 0.187 0.189 0.238 0.514 1.255 2.325 3.201 3.871 4.355 4.685 4.859 4.902 4.893 4.816 4.645 4.494 4.374 4.265 4.163 4.072 4.015 4.013 4.045 4.082 4.064 4.007 3.924 3.783 3.607 3.359 3.024 2.637 2.331 2.116 1.954 1.817 1.685 1.547 1.402 1.263 1.094 0.864 0.633 0.459 0.325 0.222 0.142 0.083 0.043 0.020 0.009 0.005 0.003 0.002 0.001 0.001
0.000 0.000 0.000 0.000 0.000 0.000 0.000 0.000 0.000 0.000 0.000 0.000 0.002 0.008 0.027 0.066 0.124 0.192 0.251 0.292 0.314 0.320 0.322 0.353 0.558 1.103 1.949 2.815 3.589 4.220 4.668 4.918 4.993 4.971 4.900 4.729 4.570 4.440 4.324 4.211 4.096 3.991 3.946 3.921 3.905 3.866 3.772 3.661 3.495 3.312 3.077 2.774 2.420 2.123 1.889 1.684 1.487 1.284 1.060 0.837 0.643 0.477 0.328 0.213 0.136 0.087 0.056 0.034 0.020 0.011 0.006 0.003 0.002 0.001 0.001 0.001 0.001
0.000 0.000 0.000 0.000 0.000 0.000 0.000 0.000 0.000 0.000 0.000 0.001 0.003 0.013 0.045 0.109 0.200 0.300 0.390 0.459 0.504 0.531 0.549 0.582 0.729 1.133 1.793 2.569 3.325 3.998 4.537 4.865 4.993 4.974 4.911 4.756 4.596 4.459 4.335 4.207 4.066 3.911 3.800 3.748 3.703 3.633 3.524 3.392 3.216 3.021 2.785 2.505 2.174 1.876 1.631 1.407 1.180 0.935 0.682 0.461 0.297 0.184 0.110 0.064 0.038 0.023 0.014 0.009 0.005 0.003 0.002 0.002 0.001 0.001 0.001 0.001 0.000
0.000 0.000 0.000 0.000 0.000 0.000 0.000 0.000 0.000 0.000 0.000 0.001 0.003 0.014 0.051 0.136 0.271 0.430 0.571 0.684 0.767 0.830 0.885 0.946 1.063 1.336 1.831 2.504 3.196 3.799 4.333 4.715 4.904 4.912 4.875 4.750 4.599 4.456 4.327 4.165 3.975 3.764 3.601 3.510 3.434 3.345 3.224 3.084 2.910 2.716 2.480 2.212 1.892 1.571 1.296 1.042 0.788 0.539 0.334 0.195 0.109 0.059 0.032 0.018 0.010 0.006 0.004 0.003 0.002 0.001 0.001 0.001 0.001 0.000 0.000 0.000 0.000
0.000 0.000 0.000 0.000 0.000 0.000 0.000 0.000 0.000 0.000 0.000 0.001 0.003 0.014 0.049 0.142 0.318 0.567 0.797 0.978 1.121 1.234 1.335 1.436 1.558 1.753 2.089 2.598 3.200 3.717 4.149 4.491 4.708 4.746 4.741 4.663 4.546 4.417 4.256 4.060 3.817 3.540 3.321 3.178 3.064 2.968 2.851 2.716 2.560 2.379 2.157 1.890 1.558 1.172 0.820 0.544 0.339 0.193 0.101 0.052 0.028 0.015 0.008 0.005 0.003 0.002 0.001 0.001 0.001 0.001 0.001 0.000 0.000 0.000 0.000 0.000 0.000
0.000 0.000 0.000 0.000 0.000 0.000 0.000 0.000 0.000 0.000 0.000 0.000 0.002 0.011 0.041 0.134 0.345 0.700 1.075 1.353 1.577 1.755 1.905 2.042 2.182 2.340 2.557 2.886 3.324 3.737 4.057 4.286 4.445 4.500 4.506 4.454 4.377 4.270 4.088 3.869 3.586 3.253 2.957 2.741 2.579 2.473 2.380 2.277 2.154 2.002 1.795 1.525 1.162 0.742 0.415 0.214 0.101 0.043 0.018 0.009 0.006 0.003 0.002 0.001 0.001 0.001 0.000 0.000 0.000 0.000 0.000 0.000 0.000 0.000 0.000 0.000 0.000
0.000 0.000 0.000 0.000 0.000 0.000 0.000 0.000 0.000 0.000 0.000 0.000 0.001 0.006 0.029 0.118 0.363 0.818 1.392 1.832 2.158 2.408 2.604 2.767 2.907 3.034 3.174 3.361 3.614 3.846 4.014 4.133 4.205 4.234 4.225 4.165 4.097 3.994 3.821 3.595 3.298 2.925 2.538 2.234 2.011 1.865 1.765 1.680 1.574 1.426 1.220 0.955 0.629 0.336 0.158 0.066 0.024 0.008 0.003 0.002 0.001 0.001 0.000 0.000 0.000 0.000 0.000 0.000 0.000 0.000 0.000 0.000 0.000 0.000 0.000 0.000 0.000
0.000 0.000 0.000 0.000 0.000 0.000 0.000 0.000 0.000 0.000 0.000 0.000 0.001 0.003 0.021 0.107 0.383 0.917 1.645 2.328 2.853 3.203 3.439 3.614 3.746 3.837 3.912 3.980 4.046 4.063 4.052 4.038 4.002 3.957 3.900 3.818 3.732 3.619 3.453 3.236 2.948 2.580 2.160 1.795 1.510 1.303 1.142 0.997 0.852 0.695 0.527 0.358 0.201 0.094 0.039 0.015 0.005 0.002 0.001 0.001 0.000 0.000 0.000 0.000 0.000 0.000 0.000 0.000 0.000 0.000 0.000 0.000 0.000 0.000 0.000 0.000 0.000
0.000 0.000 0.000 0.000 0.000 0.000 0.000 0.000 0.000 0.000 0.000 0.000 0.001 0.002 0.017 0.101 0.402 0.992 1.785 2.662 3.452 4.001 4.335 4.535 4.653 4.700 4.705 4.652 4.536 4.345 4.133 3.957 3.799 3.645 3.516 3.407 3.296 3.172 3.016 2.813 2.549 2.215 1.824 1.441 1.120 0.876 0.683 0.519 0.376 0.256 0.158 0.086 0.040 0.017 0.007 0.003 0.001 0.000 0.000 0.000 0.000 0.000 0.000 0.000 0.000 0.000 0.000 0.000 0.000 0.000 0.000 0.000 0.000 0.000 0.000 0.000 0.000
0.000 0.000 0.000 0.000 0.000 0.000 0.000 0.000 0.000 0.000 0.000 0.000 0.001 0.002 0.016 0.100 0.415 1.031 1.842 2.805 3.855 4.649 5.134 5.376 5.454 5.451 5.382 5.196 4.903 4.543 4.197 3.880 3.578 3.296 3.080 2.932 2.813 2.693 2.549 2.361 2.130 1.848 1.510 1.143 0.823 0.573 0.387 0.250 0.151 0.084 0.043 0.019 0.008 0.003 0.001 0.001 0.000 0.000 0.000 0.000 0.000 0.000 0.000 0.000 0.000 0.000 0.000 0.000 0.000 0.000 0.000 0.000 0.000 0.000 0.000 0.000 0.000
0.000 0.000 0.000 0.000 0.000 0.000 0.000 0.000 0.000 0.000 0.000 0.000 0.001 0.003 0.016 0.100 0.418 1.036 1.850 2.831 4.052 5.126 5.794 6.098 6.163 6.113 5.935 5.604 5.150 4.674 4.239 3.809 3.364 2.936 2.593 2.361 2.221 2.112 1.992 1.841 1.663 1.456 1.191 0.870 0.576 0.359 0.213 0.119 0.062 0.029 0.013 0.005 0.002 0.001 0.000 0.000 0.000 0.000 0.000 0.000 0.000 0.000 0.000 0.000 0.000 0.000 0.000 0.000 0.000 0.000 0.000 0.000 0.000 0.000 0.000 0.000 0.000
0.000 0.000 0.000 0.000 0.000 0.000 0.000 0.000 0.000 0.000 0.001 0.001 0.003 0.005 0.016 0.092 0.386 0.983 1.797 2.782 4.046 5.337 6.196 6.585 6.653 6.561 6.251 5.787 5.241 4.711 4.216 3.702 3.139 2.557 2.049 1.670 1.438 1.292 1.172 1.061 0.965 0.878 0.753 0.555 0.345 0.200 0.108 0.054 0.025 0.011 0.004 0.001 0.001 0.000 0.000 0.000 0.000 0.000 0.000 0.000 0.000 0.000 0.000 0.000 0.000 0.000 0.000 0.000 0.000 0.000 0.000 0.000 0.000 0.000 0.000 0.000 0.000
0.000 0.000 0.000 0.000 0.000 0.001 0.001 0.001 0.001 0.002 0.003 0.004 0.005 0.007 0.011 0.053 0.267 0.780 1.570 2.569 3.862 5.320 6.322 6.791 6.864 6.738 6.362 5.840 5.271 4.706 4.126 3.508 2.827 2.120 1.504 1.045 0.754 0.576 0.459 0.380 0.339 0.322 0.303 0.247 0.159 0.089 0.045 0.021 0.009 0.004 0.001 0.001 0.000 0.000 0.000 0.000 0.000 0.000 0.000 0.000 0.000 0.000 0.000 0.000 0.000 0.000 0.000 0.000 0.000 0.000 0.000 0.000 0.000 0.000 0.000 0.000 0.000
