RESULTS/r.avaflow_results/32_results/32_ascii/32_hflow0016.asc
ncols 506
nrows 317
xllcenter 498237.50
yllcenter 5580050.00
cellsize 12.50
NODATA_value -9999.000
[rows 170 to 203 of 317, columns 77 to 153 of 506]
0.000 0.000 0.000 0.000 0.000 0.000 0.000 0.000 0.000 0.000 0.000 0.000 0.000 0.000 0.000 0.000 0.000 0.000 0.000 0.000 0.000 0.000 0.000 0.001 0.003 0.006 0.008 0.010 0.010 0.010 0.010 0.010 0.009 0.008 0.008 0.008 0.011 0.020 0.034 0.054 0.077 0.099 0.124 0.166 0.209 0.225 0.222 0.209 0.212 0.261 0.399 0.705 1.327 2.226 2.949 3.372 3.785 4.404 5.295 6.511 8.143 10.142 12.016 13.328 14.011 14.192 14.142 14.006 13.776 13.269 12.386 11.327 10.433 9.850 9.507 9.293 9.162
0.000 0.000 0.000 0.000 0.000 0.000 0.000 0.000 0.000 0.000 0.000 0.000 0.000 0.000 0.000 0.000 0.000 0.000 0.000 0.000 0.000 0.000 0.001 0.003 0.007 0.013 0.016 0.018 0.020 0.020 0.020 0.019 0.018 0.016 0.015 0.016 0.022 0.037 0.060 0.091 0.126 0.162 0.203 0.262 0.326 0.367 0.395 0.438 0.546 0.769 1.153 1.786 2.620 3.331 3.743 4.074 4.503 5.138 6.050 7.339 9.072 11.122 12.809 13.903 14.406 14.460 14.288 13.991 13.634 13.119 12.447 11.916 11.679 11.684 11.791 11.939 12.155
0.000 0.000 0.000 0.000 0.000 0.000 0.000 0.000 0.000 0.000 0.000 0.000 0.000 0.000 0.000 0.000 0.000 0.000 0.000 0.000 0.001 0.002 0.004 0.009 0.015 0.023 0.028 0.032 0.034 0.035 0.035 0.034 0.031 0.028 0.027 0.030 0.040 0.062 0.098 0.146 0.202 0.265 0.336 0.425 0.530 0.645 0.779 0.968 1.293 1.798 2.465 3.164 3.711 4.029 4.273 4.591 5.031 5.646 6.537 7.823 9.561 11.568 13.090 14.053 14.462 14.464 14.272 14.006 13.735 13.468 13.277 13.336 13.496 13.673 13.901 14.364 15.162
0.000 0.000 0.000 0.000 0.000 0.000 0.000 0.000 0.000 0.000 0.000 0.000 0.000 0.000 0.000 0.000 0.000 0.000 0.000 0.001 0.002 0.005 0.010 0.017 0.026 0.038 0.047 0.053 0.056 0.058 0.058 0.056 0.052 0.047 0.046 0.049 0.064 0.098 0.153 0.227 0.319 0.428 0.553 0.701 0.888 1.144 1.471 1.898 2.500 3.209 3.845 4.271 4.492 4.625 4.768 5.022 5.421 5.994 6.853 8.089 9.756 11.676 13.088 13.954 14.318 14.373 14.316 14.271 14.353 14.528 14.671 14.762 14.848 14.994 15.359 16.179 17.534
0.000 0.000 0.000 0.000 0.000 0.000 0.000 0.000 0.000 0.000 0.000 0.000 0.000 0.000 0.000 0.000 0.000 0.000 0.001 0.003 0.006 0.011 0.018 0.029 0.043 0.060 0.074 0.084 0.088 0.090 0.090 0.088 0.082 0.075 0.072 0.077 0.097 0.147 0.231 0.348 0.493 0.669 0.877 1.124 1.447 1.897 2.477 3.154 3.832 4.402 4.819 5.054 5.152 5.216 5.247 5.368 5.679 6.198 6.991 8.135 9.648 11.400 12.735 13.595 14.089 14.410 14.665 14.917 15.169 15.367 15.449 15.456 15.522 15.806 16.457 17.545 19.071
0.000 0.000 0.000 0.000 0.000 0.000 0.000 0.000 0.000 0.000 0.000 0.000 0.000 0.000 0.000 0.000 0.000 0.001 0.003 0.006 0.011 0.019 0.030 0.046 0.067 0.092 0.113 0.127 0.134 0.137 0.136 0.134 0.126 0.114 0.109 0.113 0.140 0.211 0.339 0.519 0.739 1.003 1.323 1.706 2.206 2.875 3.620 4.305 4.863 5.279 5.543 5.678 5.739 5.745 5.680 5.634 5.813 6.244 6.939 7.936 9.237 10.762 12.084 13.088 13.852 14.472 14.904 15.180 15.390 15.521 15.545 15.540 15.638 16.058 16.939 18.144 19.552
0.000 0.000 0.000 0.000 0.000 0.000 0.000 0.000 0.000 0.000 0.000 0.000 0.000 0.000 0.000 0.000 0.001 0.002 0.005 0.011 0.019 0.030 0.048 0.071 0.102 0.138 0.168 0.187 0.198 0.201 0.202 0.198 0.187 0.167 0.156 0.159 0.196 0.298 0.484 0.746 1.061 1.438 1.898 2.457 3.154 3.945 4.655 5.216 5.664 5.975 6.138 6.205 6.230 6.183 6.043 5.853 5.857 6.148 6.715 7.547 8.651 9.958 11.289 12.502 13.516 14.283 14.709 14.898 15.001 15.015 14.948 14.903 15.028 15.561 16.588 17.863 19.213
0.000 0.000 0.000 0.000 0.000 0.000 0.000 0.000 0.000 0.000 0.000 0.000 0.000 0.000 0.000 0.000 0.001 0.004 0.009 0.017 0.029 0.047 0.073 0.107 0.153 0.204 0.244 0.271 0.286 0.291 0.292 0.286 0.270 0.241 0.219 0.219 0.264 0.408 0.670 1.036 1.474 1.993 2.616 3.363 4.166 4.894 5.476 5.934 6.284 6.504 6.604 6.634 6.611 6.511 6.314 6.038 5.907 6.034 6.420 7.054 7.965 9.118 10.442 11.801 12.848 13.511 13.778 13.807 13.740 13.596 13.377 13.256 13.346 13.914 15.084 16.579 18.102
0.000 0.000 0.000 0.000 0.000 0.000 0.000 0.000 0.000 0.000 0.000 0.000 0.000 0.000 0.000 0.000 0.001 0.005 0.012 0.025 0.045 0.072 0.110 0.161 0.228 0.298 0.351 0.387 0.406 0.412 0.413 0.406 0.385 0.342 0.301 0.292 0.331 0.490 0.826 1.343 1.977 2.675 3.445 4.258 4.998 5.626 6.095 6.477 6.735 6.877 6.939 6.952 6.892 6.748 6.510 6.181 5.962 5.962 6.167 6.590 7.250 8.186 9.393 10.706 11.603 12.055 12.127 11.984 11.744 11.377 10.994 10.846 11.019 11.778 13.157 14.859 16.639
0.000 0.000 0.000 0.000 0.000 0.000 0.000 0.000 0.000 0.000 0.000 0.000 0.000 0.000 0.000 0.000 0.001 0.005 0.013 0.030 0.061 0.106 0.163 0.240 0.336 0.429 0.498 0.543 0.567 0.576 0.575 0.568 0.540 0.481 0.405 0.375 0.396 0.538 0.907 1.551 2.429 3.346 4.189 4.973 5.621 6.153 6.534 6.839 7.026 7.120 7.152 7.142 7.065 6.906 6.647 6.283 5.986 5.883 5.944 6.159 6.545 7.145 8.016 9.092 9.806 10.088 10.023 9.761 9.444 9.015 8.697 8.680 9.133 10.183 11.719 13.445 15.254
0.000 0.000 0.000 0.000 0.000 0.000 0.000 0.000 0.000 0.000 0.000 0.000 0.000 0.000 0.000 0.000 0.001 0.004 0.012 0.029 0.069 0.141 0.238 0.354 0.486 0.605 0.693 0.750 0.780 0.791 0.792 0.781 0.744 0.663 0.544 0.472 0.467 0.570 0.924 1.633 2.712 3.859 4.753 5.492 6.072 6.496 6.801 7.040 7.186 7.240 7.248 7.227 7.144 6.984 6.720 6.336 5.973 5.780 5.718 5.752 5.904 6.186 6.648 7.305 7.794 7.992 7.934 7.724 7.462 7.154 6.972 7.087 7.715 8.889 10.432 12.079 13.785
0.000 0.000 0.000 0.000 0.000 0.000 0.000 0.000 0.000 0.000 0.000 0.000 0.000 0.000 0.000 0.000 0.001 0.002 0.007 0.021 0.061 0.157 0.321 0.513 0.687 0.837 0.949 1.022 1.059 1.072 1.073 1.057 1.005 0.901 0.736 0.601 0.559 0.615 0.919 1.632 2.806 4.163 5.147 5.842 6.363 6.715 6.949 7.134 7.252 7.288 7.283 7.247 7.158 6.996 6.732 6.357 5.950 5.665 5.478 5.355 5.313 5.347 5.493 5.803 6.052 6.154 6.114 5.983 5.823 5.688 5.657 5.910 6.589 7.689 9.078 10.545 12.007
0.000 0.000 0.000 0.000 0.000 0.000 0.000 0.000 0.000 0.000 0.000 0.000 0.000 0.000 0.000 0.000 0.000 0.001 0.002 0.009 0.040 0.144 0.379 0.701 0.945 1.135 1.277 1.369 1.416 1.430 1.428 1.405 1.339 1.211 1.009 0.801 0.704 0.714 0.944 1.611 2.785 4.277 5.369 6.048 6.513 6.828 7.020 7.167 7.258 7.277 7.265 7.234 7.141 6.970 6.706 6.340 5.905 5.511 5.201 4.947 4.730 4.569 4.511 4.593 4.656 4.666 4.621 4.547 4.478 4.454 4.544 4.891 5.552 6.486 7.593 8.767 9.970
0.000 0.000 0.000 0.000 0.000 0.000 0.000 0.000 0.000 0.000 0.000 0.000 0.000 0.000 0.000 0.000 0.000 0.000 0.001 0.004 0.021 0.113 0.389 0.863 1.250 1.506 1.682 1.795 1.855 1.871 1.866 1.837 1.760 1.615 1.385 1.117 0.955 0.921 1.062 1.627 2.740 4.284 5.452 6.127 6.545 6.849 7.033 7.160 7.220 7.225 7.193 7.125 7.020 6.860 6.630 6.284 5.835 5.352 4.904 4.500 4.130 3.855 3.718 3.680 3.634 3.569 3.490 3.417 3.374 3.382 3.503 3.862 4.468 5.232 6.105 7.103 8.201
0.000 0.000 0.000 0.000 0.000 0.000 0.000 0.000 0.000 0.000 0.000 0.000 0.000 0.000 0.000 0.000 0.000 0.001 0.001 0.003 0.012 0.079 0.354 0.931 1.513 1.902 2.163 2.308 2.379 2.404 2.398 2.362 2.280 2.131 1.893 1.586 1.376 1.297 1.357 1.768 2.735 4.225 5.450 6.125 6.530 6.831 7.014 7.114 7.145 7.125 7.035 6.870 6.751 6.633 6.446 6.124 5.693 5.171 4.608 4.059 3.594 3.269 3.090 2.984 2.879 2.764 2.639 2.532 2.466 2.449 2.497 2.705 3.149 3.806 4.632 5.614 6.636
0.000 0.000 0.000 0.000 0.000 0.000 0.000 0.000 0.000 0.000 0.000 0.000 0.000 0.000 0.000 0.000 0.001 0.001 0.003 0.005 0.011 0.050 0.280 0.874 1.650 2.204 2.606 2.872 2.999 3.039 3.041 3.004 2.922 2.781 2.560 2.257 2.023 1.916 1.924 2.181 2.897 4.138 5.344 6.051 6.477 6.777 6.931 7.002 7.004 6.916 6.697 6.347 6.147 6.078 5.995 5.792 5.448 4.947 4.329 3.682 3.158 2.789 2.569 2.413 2.270 2.124 1.972 1.837 1.738 1.671 1.606 1.598 1.755 2.223 3.059 4.102 4.967
0.000 0.000 0.000 0.000 0.000 0.000 0.000 0.000 0.000 0.000 0.000 0.000 0.000 0.000 0.000 0.001 0.002 0.004 0.006 0.009 0.015 0.038 0.191 0.721 1.620 2.375 2.927 3.351 3.638 3.771 3.799 3.779 3.709 3.589 3.410 3.160 2.933 2.833 2.821 2.935 3.338 4.150 5.164 5.885 6.346 6.624 6.753 6.765 6.720 6.548 6.173 5.559 5.144 5.075 5.121 5.144 5.008 4.630 4.034 3.341 2.774 2.380 2.124 1.927 1.754 1.592 1.438 1.304 1.188 1.077 0.937 0.826 0.813 1.010 1.551 2.282 2.702
0.000 0.000 0.000 0.000 0.000 0.000 0.000 0.000 0.000 0.000 0.000 0.000 0.000 0.000 0.001 0.002 0.005 0.009 0.014 0.020 0.028 0.046 0.129 0.521 1.427 2.430 3.126 3.698 4.139 4.424 4.549 4.570 4.546 4.483 4.368 4.197 3.978 3.859 3.830 3.864 4.022 4.404 5.059 5.695 6.112 6.335 6.437 6.406 6.310 6.061 5.578 4.806 4.122 3.861 3.906 4.105 4.233 4.088 3.640 2.993 2.411 2.008 1.736 1.510 1.311 1.140 0.999 0.885 0.778 0.655 0.502 0.386 0.340 0.369 0.557 0.806 0.867
0.000 0.000 0.000 0.000 0.000 0.000 0.000 0.000 0.000 0.000 0.000 0.000 0.000 0.001 0.003 0.006 0.012 0.021 0.033 0.044 0.053 0.066 0.113 0.356 1.123 2.307 3.204 3.906 4.491 4.906 5.144 5.235 5.245 5.222 5.156 5.032 4.827 4.648 4.549 4.521 4.564 4.725 5.059 5.505 5.809 5.944 5.999 5.966 5.831 5.549 5.043 4.287 3.478 2.974 2.826 2.917 3.121 3.205 3.030 2.582 2.050 1.652 1.376 1.136 0.921 0.753 0.631 0.540 0.458 0.358 0.242 0.166 0.136 0.133 0.165 0.204 0.205
0.000 0.000 0.000 0.000 0.000 0.000 0.000 0.000 0.000 0.000 0.000 0.000 0.001 0.003 0.007 0.016 0.031 0.051 0.071 0.087 0.098 0.108 0.137 0.289 0.862 2.029 3.164 3.990 4.685 5.210 5.548 5.721 5.777 5.777 5.733 5.622 5.439 5.198 5.006 4.901 4.864 4.891 5.024 5.285 5.473 5.526 5.522 5.459 5.305 5.021 4.552 3.879 3.092 2.476 2.135 2.038 2.083 2.132 2.123 1.953 1.599 1.232 0.955 0.728 0.540 0.407 0.322 0.267 0.221 0.165 0.104 0.070 0.057 0.055 0.058 0.062 0.060
0.000 0.000 0.000 0.000 0.000 0.000 0.000 0.000 0.000 0.000 0.000 0.000 0.002 0.006 0.017 0.040 0.074 0.108 0.137 0.157 0.168 0.175 0.192 0.304 0.754 1.754 3.002 3.969 4.764 5.393 5.822 6.058 6.149 6.165 6.117 5.991 5.795 5.526 5.268 5.087 4.977 4.941 4.963 5.053 5.114 5.106 5.059 4.954 4.774 4.492 4.078 3.507 2.802 2.199 1.776 1.523 1.392 1.311 1.232 1.119 0.932 0.676 0.466 0.318 0.221 0.162 0.126 0.103 0.086 0.066 0.045 0.033 0.029 0.028 0.028 0.028 0.028
0.000 0.000 0.000 0.000 0.000 0.000 0.000 0.000 0.000 0.000 0.000 0.001 0.003 0.013 0.037 0.085 0.151 0.201 0.235 0.260 0.273 0.280 0.293 0.378 0.755 1.595 2.770 3.844 4.739 5.442 5.940 6.237 6.365 6.377 6.346 6.193 5.975 5.685 5.372 5.128 4.978 4.892 4.829 4.780 4.737 4.678 4.596 4.451 4.251 3.980 3.620 3.136 2.529 1.968 1.549 1.237 1.005 0.833 0.692 0.562 0.423 0.280 0.170 0.104 0.069 0.053 0.044 0.038 0.033 0.029 0.022 0.018 0.017 0.017 0.017 0.017 0.016
0.000 0.000 0.000 0.000 0.000 0.000 0.000 0.000 0.000 0.000 0.000 0.001 0.005 0.018 0.055 0.125 0.224 0.309 0.364 0.399 0.426 0.447 0.469 0.548 0.857 1.557 2.587 3.694 4.665 5.434 5.981 6.319 6.463 6.452 6.429 6.269 6.024 5.727 5.409 5.136 4.926 4.733 4.596 4.466 4.348 4.240 4.116 3.939 3.729 3.478 3.161 2.750 2.233 1.725 1.331 1.024 0.781 0.585 0.428 0.296 0.188 0.108 0.059 0.035 0.025 0.021 0.019 0.017 0.016 0.015 0.013 0.011 0.011 0.011 0.010 0.010 0.010
0.000 0.000 0.000 0.000 0.000 0.000 0.000 0.000 0.000 0.000 0.000 0.001 0.005 0.020 0.061 0.140 0.256 0.380 0.489 0.569 0.631 0.692 0.753 0.852 1.112 1.668 2.541 3.601 4.570 5.359 5.932 6.297 6.453 6.457 6.425 6.267 6.026 5.718 5.374 5.029 4.724 4.434 4.221 4.054 3.903 3.756 3.600 3.406 3.203 2.968 2.685 2.337 1.896 1.453 1.099 0.822 0.602 0.423 0.280 0.169 0.091 0.045 0.023 0.014 0.011 0.011 0.010 0.010 0.009 0.009 0.008 0.007 0.007 0.007 0.006 0.006 0.006
0.000 0.000 0.000 0.000 0.000 0.000 0.000 0.000 0.000 0.000 0.000 0.001 0.005 0.019 0.060 0.140 0.261 0.412 0.578 0.738 0.877 1.008 1.143 1.302 1.551 1.987 2.677 3.607 4.513 5.247 5.797 6.172 6.337 6.366 6.338 6.180 5.946 5.631 5.227 4.776 4.359 3.991 3.714 3.516 3.347 3.178 3.010 2.829 2.644 2.433 2.185 1.887 1.517 1.145 0.847 0.614 0.430 0.283 0.169 0.089 0.042 0.019 0.010 0.007 0.006 0.006 0.006 0.005 0.005 0.005 0.005 0.004 0.004 0.004 0.004 0.004 0.003
0.000 0.000 0.000 0.000 0.000 0.000 0.000 0.000 0.000 0.000 0.000 0.001 0.004 0.016 0.050 0.125 0.248 0.418 0.630 0.878 1.137 1.388 1.626 1.872 2.153 2.528 3.053 3.761 4.511 5.122 5.587 5.919 6.077 6.107 6.078 5.924 5.685 5.346 4.882 4.344 3.829 3.400 3.071 2.832 2.641 2.481 2.331 2.183 2.031 1.866 1.663 1.413 1.107 0.810 0.576 0.398 0.259 0.154 0.081 0.038 0.016 0.007 0.004 0.003 0.003 0.003 0.003 0.003 0.003 0.003 0.002 0.002 0.002 0.002 0.002 0.002 0.002
0.000 0.000 0.000 0.000 0.000 0.000 0.000 0.000 0.000 0.000 0.000 0.000 0.002 0.009 0.030 0.087 0.203 0.390 0.649 0.983 1.383 1.818 2.196 2.539 2.871 3.216 3.601 4.063 4.562 4.997 5.330 5.549 5.653 5.661 5.602 5.436 5.180 4.807 4.309 3.712 3.145 2.679 2.330 2.082 1.896 1.759 1.649 1.542 1.429 1.300 1.139 0.943 0.709 0.492 0.323 0.201 0.116 0.059 0.027 0.011 0.005 0.002 0.001 0.001 0.001 0.001 0.001 0.001 0.001 0.001 0.001 0.001 0.001 0.001 0.001 0.001 0.001
0.000 0.000 0.000 0.000 0.000 0.000 0.000 0.000 0.000 0.000 0.000 0.000 0.001 0.003 0.012 0.044 0.132 0.318 0.619 1.037 1.580 2.248 2.820 3.248 3.569 3.826 4.059 4.304 4.561 4.791 4.954 5.041 5.072 5.050 4.945 4.739 4.439 4.033 3.504 2.918 2.414 2.016 1.708 1.475 1.299 1.169 1.065 0.969 0.868 0.753 0.628 0.492 0.345 0.220 0.130 0.070 0.034 0.014 0.006 0.002 0.001 0.001 0.001 0.000 0.000 0.000 0.000 0.000 0.000 0.000 0.000 0.000 0.000 0.000 0.000 0.000 0.000
0.000 0.000 0.000 0.000 0.000 0.000 0.000 0.000 0.000 0.000 0.000 0.000 0.000 0.001 0.004 0.018 0.069 0.219 0.530 1.017 1.695 2.605 3.399 3.891 4.172 4.321 4.396 4.431 4.471 4.492 4.477 4.433 4.361 4.255 4.076 3.811 3.471 3.055 2.595 2.167 1.802 1.492 1.233 1.021 0.853 0.724 0.616 0.518 0.423 0.331 0.247 0.173 0.108 0.062 0.032 0.015 0.007 0.003 0.001 0.001 0.000 0.000 0.000 0.000 0.000 0.000 0.000 0.000 0.000 0.000 0.000 0.000 0.000 0.000 0.000 0.000 0.000
0.000 0.000 0.000 0.000 0.000 0.000 0.000 0.000 0.000 0.000 0.000 0.000 0.000 0.001 0.001 0.006 0.030 0.122 0.390 0.916 1.712 2.838 3.896 4.468 4.683 4.717 4.618 4.423 4.228 4.043 3.851 3.663 3.454 3.222 2.965 2.700 2.428 2.140 1.842 1.567 1.316 1.086 0.878 0.696 0.542 0.420 0.321 0.236 0.165 0.108 0.067 0.039 0.021 0.011 0.005 0.003 0.001 0.001 0.000 0.000 0.000 0.000 0.000 0.000 0.000 0.000 0.000 0.000 0.000 0.000 0.000 0.000 0.000 0.000 0.000 0.000 0.000
0.000 0.000 0.000 0.000 0.000 0.000 0.000 0.000 0.000 0.000 0.000 0.000 0.000 0.000 0.001 0.002 0.010 0.050 0.218 0.681 1.560 2.881 4.196 4.910 5.079 4.987 4.703 4.286 3.833 3.429 3.064 2.736 2.438 2.183 1.955 1.759 1.584 1.415 1.241 1.074 0.917 0.762 0.609 0.464 0.336 0.234 0.156 0.099 0.059 0.032 0.017 0.008 0.004 0.002 0.001 0.000 0.000 0.000 0.000 0.000 0.000 0.000 0.000 0.000 0.000 0.000 0.000 0.000 0.000 0.000 0.000 0.000 0.000 0.000 0.000 0.000 0.000
0.000 0.000 0.000 0.000 0.000 0.000 0.000 0.000 0.000 0.000 0.000 0.000 0.000 0.001 0.001 0.002 0.005 0.016 0.068 0.286 0.936 2.286 3.956 4.970 5.236 5.100 4.642 3.958 3.253 2.669 2.209 1.875 1.616 1.396 1.208 1.055 0.935 0.831 0.732 0.639 0.555 0.474 0.385 0.288 0.196 0.125 0.075 0.042 0.022 0.010 0.005 0.002 0.001 0.001 0.000 0.000 0.000 0.000 0.000 0.000 0.000 0.000 0.000 0.000 0.000 0.000 0.000 0.000 0.000 0.000 0.000 0.000 0.000 0.000 0.000 0.000 0.000
0.000 0.000 0.000 0.000 0.000 0.000 0.000 0.000 0.000 0.000 0.000 0.000 0.001 0.001 0.002 0.004 0.006 0.012 0.027 0.082 0.263 0.812 2.042 3.464 4.372 4.563 4.178 3.373 2.484 1.855 1.461 1.206 1.013 0.845 0.694 0.568 0.473 0.399 0.338 0.289 0.253 0.225 0.194 0.150 0.100 0.060 0.034 0.017 0.008 0.004 0.001 0.001 0.000 0.000 0.000 0.000 0.000 0.000 0.000 0.000 0.000 0.000 0.000 0.000 0.000 0.000 0.000 0.000 0.000 0.000 0.000 0.000 0.000 0.000 0.000 0.000 0.000
0.000 0.000 0.000 0.000 0.000 0.000 0.000 0.000 0.000 0.000 0.000 0.001 0.002 0.004 0.005 0.007 0.010 0.016 0.035 0.084 0.206 0.382 0.602 1.052 1.722 2.318 2.526 2.205 1.596 1.143 0.886 0.722 0.597 0.481 0.368 0.270 0.199 0.149 0.113 0.088 0.076 0.071 0.068 0.059 0.041 0.025 0.013 0.007 0.003 0.001 0.001 0.000 0.000 0.000 0.000 0.000 0.000 0.000 0.000 0.000 0.000 0.000 0.000 0.000 0.000 0.000 0.000 0.000 0.000 0.000 0.000 0.000 0.000 0.000 0.000 0.000 0.000
