RESULTS/r.avaflow_results/32_results/32_ascii/32_hflow10012.asc
ncols 506
nrows 317
xllcenter 498237.50
yllcenter 5580050.00
cellsize 12.50
NODATA_value -9999.000
[rows 170 to 203 of 317, columns 77 to 153 of 506]
0.000 0.000 0.000 0.000 0.000 0.000 0.000 0.000 0.000 0.000 0.000 0.000 0.000 0.000 0.000 0.000 0.000 0.000 0.000 0.000 0.000 0.000 0.000 0.000 0.001 0.002 0.003 0.005 0.006 0.006 0.006 0.006 0.006 0.005 0.004 0.004 0.004 0.005 0.009 0.018 0.032 0.054 0.094 0.171 0.255 0.290 0.292 0.271 0.252 0.276 0.365 0.578 1.032 1.769 2.372 2.652 2.832 3.003 3.124 3.158 3.134 3.007 2.738 2.297 1.719 1.198 0.812 0.536 0.346 0.220 0.138 0.086 0.053 0.032 0.019 0.011 0.007
0.000 0.000 0.000 0.000 0.000 0.000 0.000 0.000 0.000 0.000 0.000 0.000 0.000 0.000 0.000 0.000 0.000 0.000 0.000 0.000 0.000 0.000 0.000 0.001 0.002 0.004 0.007 0.010 0.012 0.014 0.014 0.014 0.013 0.011 0.009 0.008 0.009 0.012 0.020 0.035 0.059 0.098 0.164 0.278 0.404 0.470 0.490 0.504 0.569 0.726 1.004 1.467 2.161 2.803 3.125 3.305 3.457 3.584 3.655 3.671 3.630 3.464 3.134 2.620 1.953 1.371 0.937 0.625 0.406 0.260 0.165 0.104 0.064 0.039 0.023 0.014 0.008
0.000 0.000 0.000 0.000 0.000 0.000 0.000 0.000 0.000 0.000 0.000 0.000 0.000 0.000 0.000 0.000 0.000 0.000 0.000 0.000 0.000 0.000 0.001 0.002 0.005 0.009 0.014 0.020 0.024 0.025 0.026 0.026 0.025 0.021 0.017 0.016 0.017 0.023 0.037 0.063 0.106 0.171 0.274 0.432 0.616 0.748 0.849 0.986 1.235 1.617 2.144 2.740 3.254 3.526 3.691 3.841 3.966 4.043 4.071 4.063 3.995 3.795 3.416 2.850 2.128 1.506 1.040 0.701 0.464 0.301 0.194 0.122 0.076 0.046 0.027 0.016 0.009
0.000 0.000 0.000 0.000 0.000 0.000 0.000 0.000 0.000 0.000 0.000 0.000 0.000 0.000 0.000 0.000 0.000 0.000 0.000 0.000 0.000 0.001 0.003 0.006 0.010 0.017 0.026 0.035 0.041 0.044 0.045 0.045 0.043 0.037 0.031 0.029 0.031 0.040 0.064 0.110 0.183 0.290 0.443 0.656 0.917 1.177 1.453 1.816 2.317 2.930 3.526 3.935 4.127 4.200 4.251 4.316 4.376 4.399 4.394 4.358 4.250 4.015 3.601 3.002 2.252 1.605 1.119 0.761 0.510 0.333 0.215 0.135 0.083 0.050 0.029 0.017 0.010
0.000 0.000 0.000 0.000 0.000 0.000 0.000 0.000 0.000 0.000 0.000 0.000 0.000 0.000 0.000 0.000 0.000 0.000 0.000 0.000 0.001 0.003 0.006 0.011 0.019 0.029 0.043 0.058 0.068 0.073 0.074 0.074 0.071 0.062 0.052 0.048 0.050 0.065 0.105 0.183 0.301 0.466 0.688 0.983 1.355 1.802 2.333 2.987 3.664 4.250 4.659 4.876 4.936 4.914 4.810 4.723 4.697 4.667 4.626 4.558 4.419 4.150 3.709 3.088 2.327 1.671 1.173 0.801 0.538 0.351 0.226 0.141 0.086 0.052 0.031 0.018 0.010
0.000 0.000 0.000 0.000 0.000 0.000 0.000 0.000 0.000 0.000 0.000 0.000 0.000 0.000 0.000 0.000 0.000 0.000 0.000 0.001 0.003 0.006 0.012 0.020 0.032 0.048 0.071 0.094 0.109 0.116 0.118 0.118 0.113 0.100 0.082 0.076 0.078 0.099 0.164 0.288 0.473 0.715 1.032 1.443 1.973 2.655 3.477 4.284 4.913 5.333 5.582 5.681 5.687 5.581 5.334 5.075 4.944 4.873 4.800 4.696 4.520 4.219 3.758 3.126 2.361 1.703 1.198 0.821 0.550 0.359 0.229 0.143 0.088 0.053 0.031 0.018 0.010
0.000 0.000 0.000 0.000 0.000 0.000 0.000 0.000 0.000 0.000 0.000 0.000 0.000 0.000 0.000 0.000 0.000 0.000 0.001 0.003 0.006 0.012 0.020 0.033 0.051 0.077 0.112 0.147 0.169 0.180 0.183 0.183 0.176 0.156 0.126 0.113 0.115 0.145 0.241 0.428 0.703 1.051 1.490 2.054 2.788 3.735 4.682 5.402 5.914 6.213 6.347 6.374 6.325 6.142 5.791 5.393 5.147 5.022 4.925 4.783 4.571 4.246 3.773 3.136 2.371 1.712 1.203 0.824 0.550 0.359 0.230 0.143 0.088 0.053 0.031 0.018 0.010
0.000 0.000 0.000 0.000 0.000 0.000 0.000 0.000 0.000 0.000 0.000 0.000 0.000 0.000 0.000 0.000 0.000 0.000 0.002 0.005 0.011 0.020 0.034 0.053 0.081 0.121 0.173 0.223 0.256 0.272 0.277 0.276 0.265 0.237 0.190 0.164 0.164 0.202 0.337 0.603 0.997 1.487 2.079 2.831 3.777 4.796 5.649 6.258 6.669 6.884 6.958 6.949 6.838 6.578 6.155 5.674 5.341 5.147 4.996 4.810 4.578 4.244 3.767 3.129 2.364 1.706 1.197 0.819 0.547 0.356 0.227 0.142 0.087 0.052 0.031 0.018 0.010
0.000 0.000 0.000 0.000 0.000 0.000 0.000 0.000 0.000 0.000 0.000 0.000 0.000 0.000 0.000 0.000 0.000 0.001 0.003 0.009 0.018 0.033 0.053 0.084 0.126 0.185 0.262 0.332 0.377 0.400 0.407 0.406 0.391 0.352 0.280 0.230 0.223 0.260 0.422 0.785 1.344 2.026 2.813 3.744 4.745 5.649 6.377 6.897 7.221 7.373 7.415 7.384 7.222 6.899 6.418 5.873 5.491 5.242 5.035 4.817 4.557 4.201 3.718 3.078 2.322 1.677 1.177 0.805 0.536 0.349 0.222 0.138 0.085 0.051 0.030 0.017 0.010
0.000 0.000 0.000 0.000 0.000 0.000 0.000 0.000 0.000 0.000 0.000 0.000 0.000 0.000 0.000 0.000 0.000 0.001 0.003 0.011 0.027 0.050 0.083 0.128 0.192 0.278 0.387 0.482 0.544 0.576 0.585 0.583 0.565 0.510 0.404 0.315 0.291 0.316 0.478 0.915 1.657 2.578 3.553 4.569 5.495 6.266 6.887 7.337 7.590 7.688 7.692 7.641 7.458 7.115 6.600 6.008 5.577 5.284 5.033 4.776 4.466 4.083 3.585 2.950 2.226 1.611 1.133 0.775 0.515 0.334 0.212 0.132 0.081 0.048 0.028 0.016 0.009
0.000 0.000 0.000 0.000 0.000 0.000 0.000 0.000 0.000 0.000 0.000 0.000 0.000 0.000 0.000 0.000 0.000 0.000 0.003 0.010 0.029 0.067 0.122 0.192 0.286 0.409 0.560 0.685 0.767 0.810 0.823 0.821 0.795 0.720 0.574 0.426 0.369 0.379 0.520 0.990 1.877 3.034 4.137 5.187 6.070 6.737 7.225 7.577 7.794 7.857 7.840 7.767 7.573 7.232 6.708 6.083 5.612 5.284 4.991 4.673 4.306 3.878 3.356 2.726 2.060 1.497 1.055 0.723 0.481 0.311 0.197 0.122 0.075 0.045 0.026 0.015 0.008
0.000 0.000 0.000 0.000 0.000 0.000 0.000 0.000 0.000 0.000 0.000 0.000 0.000 0.000 0.000 0.000 0.000 0.000 0.002 0.007 0.026 0.073 0.161 0.277 0.416 0.590 0.793 0.955 1.060 1.115 1.132 1.128 1.091 0.994 0.807 0.582 0.470 0.458 0.571 1.037 2.005 3.358 4.548 5.596 6.455 7.054 7.431 7.698 7.870 7.909 7.894 7.814 7.622 7.273 6.752 6.119 5.613 5.235 4.874 4.495 4.073 3.589 3.031 2.406 1.812 1.320 0.932 0.639 0.427 0.278 0.177 0.110 0.067 0.040 0.023 0.013 0.007
0.000 0.000 0.000 0.000 0.000 0.000 0.000 0.000 0.000 0.000 0.000 0.000 0.000 0.000 0.000 0.000 0.000 0.000 0.001 0.003 0.016 0.064 0.184 0.373 0.590 0.837 1.096 1.302 1.435 1.501 1.520 1.513 1.464 1.344 1.121 0.814 0.627 0.581 0.662 1.098 2.078 3.538 4.801 5.811 6.650 7.227 7.551 7.748 7.871 7.906 7.885 7.798 7.595 7.251 6.753 6.128 5.571 5.107 4.668 4.226 3.749 3.208 2.606 2.005 1.492 1.080 0.761 0.523 0.353 0.233 0.151 0.095 0.058 0.034 0.020 0.011 0.006
0.000 0.000 0.000 0.000 0.000 0.000 0.000 0.000 0.000 0.000 0.000 0.000 0.000 0.000 0.000 0.000 0.000 0.000 0.001 0.002 0.009 0.048 0.187 0.458 0.801 1.159 1.477 1.726 1.892 1.971 1.990 1.982 1.926 1.786 1.531 1.157 0.885 0.789 0.834 1.209 2.136 3.615 4.951 5.927 6.709 7.272 7.600 7.755 7.838 7.856 7.827 7.720 7.499 7.152 6.689 6.091 5.468 4.908 4.380 3.855 3.307 2.721 2.129 1.611 1.185 0.846 0.589 0.400 0.268 0.180 0.120 0.078 0.048 0.028 0.016 0.009 0.005
0.000 0.000 0.000 0.000 0.000 0.000 0.000 0.000 0.000 0.000 0.000 0.000 0.000 0.000 0.000 0.000 0.000 0.000 0.001 0.003 0.007 0.034 0.169 0.496 0.971 1.486 1.922 2.230 2.427 2.527 2.549 2.539 2.481 2.334 2.059 1.642 1.297 1.142 1.147 1.432 2.242 3.637 4.991 5.957 6.722 7.265 7.590 7.712 7.770 7.735 7.646 7.458 7.200 6.890 6.480 5.931 5.299 4.658 4.013 3.394 2.791 2.224 1.718 1.289 0.938 0.663 0.454 0.303 0.199 0.130 0.087 0.058 0.037 0.022 0.012 0.006 0.003
0.000 0.000 0.000 0.000 0.000 0.000 0.000 0.000 0.000 0.000 0.000 0.000 0.000 0.000 0.000 0.000 0.001 0.002 0.003 0.005 0.008 0.026 0.136 0.474 1.041 1.708 2.315 2.772 3.044 3.172 3.210 3.197 3.137 2.994 2.727 2.304 1.915 1.723 1.694 1.887 2.503 3.653 4.959 5.934 6.705 7.202 7.496 7.576 7.613 7.507 7.284 6.898 6.492 6.230 5.950 5.562 5.035 4.371 3.630 2.943 2.338 1.817 1.382 1.024 0.738 0.515 0.347 0.226 0.143 0.089 0.054 0.033 0.020 0.013 0.008 0.004 0.002
0.000 0.000 0.000 0.000 0.000 0.000 0.000 0.000 0.000 0.000 0.000 0.000 0.000 0.000 0.000 0.001 0.002 0.004 0.007 0.011 0.015 0.028 0.100 0.401 1.013 1.808 2.587 3.234 3.682 3.908 3.973 3.971 3.919 3.792 3.555 3.173 2.792 2.595 2.552 2.650 3.025 3.803 4.911 5.881 6.607 7.046 7.279 7.314 7.311 7.146 6.749 6.042 5.338 5.046 4.952 4.828 4.560 4.028 3.274 2.538 1.948 1.476 1.100 0.802 0.570 0.392 0.259 0.165 0.101 0.058 0.031 0.016 0.009 0.006 0.004 0.002 0.001
0.000 0.000 0.000 0.000 0.000 0.000 0.000 0.000 0.000 0.000 0.000 0.000 0.000 0.000 0.001 0.003 0.006 0.010 0.017 0.024 0.030 0.040 0.081 0.302 0.900 1.802 2.730 3.557 4.199 4.609 4.799 4.843 4.818 4.733 4.560 4.263 3.920 3.720 3.656 3.672 3.820 4.213 4.942 5.786 6.413 6.767 6.930 6.926 6.872 6.655 6.148 5.275 4.274 3.742 3.630 3.678 3.698 3.465 2.879 2.147 1.582 1.168 0.854 0.610 0.422 0.283 0.184 0.114 0.067 0.036 0.017 0.008 0.004 0.002 0.002 0.001 0.001
0.000 0.000 0.000 0.000 0.000 0.000 0.000 0.000 0.000 0.000 0.000 0.000 0.000 0.001 0.003 0.007 0.014 0.025 0.039 0.050 0.058 0.066 0.090 0.226 0.731 1.686 2.767 3.745 4.580 5.177 5.523 5.658 5.680 5.651 5.547 5.333 5.010 4.715 4.550 4.498 4.538 4.705 5.074 5.662 6.135 6.367 6.465 6.444 6.356 6.096 5.573 4.741 3.653 2.872 2.544 2.487 2.534 2.535 2.280 1.736 1.221 0.870 0.620 0.428 0.283 0.182 0.114 0.069 0.039 0.020 0.009 0.004 0.002 0.001 0.001 0.001 0.000
0.000 0.000 0.000 0.000 0.000 0.000 0.000 0.000 0.000 0.000 0.000 0.000 0.001 0.003 0.008 0.019 0.036 0.060 0.083 0.098 0.106 0.109 0.119 0.201 0.587 1.483 2.689 3.805 4.802 5.576 6.068 6.328 6.414 6.410 6.330 6.139 5.828 5.430 5.143 4.992 4.939 4.977 5.150 5.495 5.791 5.917 5.948 5.897 5.777 5.501 5.008 4.266 3.281 2.418 1.897 1.672 1.588 1.534 1.426 1.162 0.807 0.545 0.367 0.241 0.151 0.093 0.056 0.033 0.018 0.009 0.004 0.002 0.001 0.001 0.001 0.000 0.000
0.000 0.000 0.000 0.000 0.000 0.000 0.000 0.000 0.000 0.000 0.000 0.000 0.002 0.007 0.020 0.046 0.084 0.127 0.160 0.177 0.181 0.177 0.176 0.228 0.529 1.305 2.490 3.724 4.855 5.796 6.447 6.823 6.974 6.997 6.909 6.699 6.359 5.878 5.491 5.249 5.109 5.075 5.130 5.294 5.423 5.457 5.433 5.346 5.182 4.895 4.444 3.799 2.951 2.156 1.586 1.229 1.019 0.878 0.751 0.591 0.407 0.266 0.167 0.102 0.061 0.036 0.021 0.013 0.007 0.004 0.002 0.001 0.001 0.000 0.000 0.000 0.000
0.000 0.000 0.000 0.000 0.000 0.000 0.000 0.000 0.000 0.000 0.000 0.001 0.004 0.016 0.044 0.098 0.174 0.239 0.278 0.296 0.297 0.285 0.272 0.303 0.550 1.218 2.277 3.538 4.823 5.889 6.660 7.137 7.339 7.374 7.284 7.040 6.654 6.107 5.658 5.347 5.141 5.059 5.024 5.027 5.019 4.994 4.917 4.796 4.594 4.303 3.890 3.327 2.602 1.906 1.379 1.000 0.732 0.541 0.396 0.276 0.180 0.109 0.063 0.036 0.021 0.013 0.008 0.005 0.003 0.002 0.001 0.001 0.000 0.000 0.000 0.000 0.000
0.000 0.000 0.000 0.000 0.000 0.000 0.000 0.000 0.000 0.000 0.000 0.001 0.006 0.024 0.068 0.149 0.265 0.381 0.448 0.471 0.474 0.460 0.436 0.451 0.643 1.207 2.156 3.345 4.713 5.901 6.769 7.304 7.521 7.544 7.460 7.189 6.756 6.177 5.691 5.348 5.096 4.920 4.780 4.682 4.593 4.499 4.377 4.213 3.997 3.714 3.328 2.827 2.204 1.618 1.165 0.826 0.574 0.389 0.253 0.155 0.090 0.050 0.027 0.015 0.009 0.006 0.004 0.002 0.001 0.001 0.001 0.000 0.000 0.000 0.000 0.000 0.000
0.000 0.000 0.000 0.000 0.000 0.000 0.000 0.000 0.000 0.000 0.000 0.001 0.007 0.027 0.077 0.172 0.310 0.481 0.639 0.716 0.733 0.728 0.706 0.708 0.845 1.294 2.128 3.257 4.613 5.843 6.752 7.300 7.553 7.582 7.483 7.215 6.755 6.172 5.647 5.231 4.886 4.605 4.377 4.219 4.084 3.935 3.778 3.591 3.382 3.105 2.736 2.284 1.750 1.284 0.923 0.650 0.447 0.294 0.181 0.103 0.054 0.027 0.014 0.008 0.005 0.003 0.002 0.001 0.001 0.001 0.000 0.000 0.000 0.000 0.000 0.000 0.000
0.000 0.000 0.000 0.000 0.000 0.000 0.000 0.000 0.000 0.000 0.000 0.001 0.007 0.026 0.077 0.174 0.322 0.520 0.765 0.979 1.081 1.102 1.102 1.107 1.193 1.526 2.222 3.272 4.579 5.769 6.684 7.251 7.508 7.525 7.422 7.132 6.642 6.051 5.464 4.940 4.480 4.093 3.797 3.595 3.427 3.255 3.083 2.901 2.705 2.451 2.133 1.752 1.319 0.956 0.679 0.475 0.322 0.207 0.122 0.065 0.031 0.014 0.007 0.004 0.002 0.001 0.001 0.001 0.000 0.000 0.000 0.000 0.000 0.000 0.000 0.000 0.000
0.000 0.000 0.000 0.000 0.000 0.000 0.000 0.000 0.000 0.000 0.000 0.001 0.006 0.022 0.067 0.160 0.311 0.523 0.805 1.149 1.441 1.589 1.634 1.655 1.708 1.938 2.517 3.461 4.640 5.687 6.512 7.047 7.301 7.304 7.162 6.815 6.290 5.680 5.029 4.408 3.849 3.382 3.023 2.767 2.573 2.414 2.266 2.119 1.970 1.792 1.566 1.276 0.942 0.665 0.455 0.304 0.195 0.117 0.064 0.031 0.014 0.006 0.003 0.002 0.001 0.001 0.000 0.000 0.000 0.000 0.000 0.000 0.000 0.000 0.000 0.000 0.000
0.000 0.000 0.000 0.000 0.000 0.000 0.000 0.000 0.000 0.000 0.000 0.001 0.003 0.013 0.044 0.120 0.264 0.491 0.799 1.202 1.673 2.053 2.268 2.355 2.405 2.562 3.040 3.829 4.741 5.533 6.180 6.626 6.836 6.812 6.594 6.161 5.599 4.961 4.285 3.618 3.005 2.498 2.127 1.881 1.710 1.592 1.501 1.413 1.319 1.202 1.045 0.838 0.599 0.399 0.252 0.151 0.086 0.046 0.022 0.010 0.004 0.002 0.001 0.001 0.000 0.000 0.000 0.000 0.000 0.000 0.000 0.000 0.000 0.000 0.000 0.000 0.000
0.000 0.000 0.000 0.000 0.000 0.000 0.000 0.000 0.000 0.000 0.000 0.000 0.001 0.005 0.019 0.065 0.180 0.399 0.735 1.180 1.759 2.358 2.794 3.046 3.192 3.324 3.589 4.047 4.574 5.023 5.403 5.753 5.949 5.912 5.628 5.131 4.526 3.885 3.224 2.609 2.088 1.687 1.393 1.192 1.056 0.964 0.895 0.833 0.764 0.676 0.567 0.433 0.289 0.176 0.099 0.052 0.025 0.011 0.004 0.002 0.001 0.000 0.000 0.000 0.000 0.000 0.000 0.000 0.000 0.000 0.000 0.000 0.000 0.000 0.000 0.000 0.000
0.000 0.000 0.000 0.000 0.000 0.000 0.000 0.000 0.000 0.000 0.000 0.000 0.000 0.002 0.007 0.027 0.091 0.255 0.575 1.061 1.718 2.494 3.107 3.498 3.717 3.798 3.833 3.879 3.839 3.797 3.859 4.067 4.371 4.390 4.138 3.663 3.098 2.588 2.120 1.710 1.359 1.077 0.862 0.707 0.598 0.522 0.462 0.406 0.350 0.288 0.221 0.151 0.090 0.048 0.024 0.011 0.005 0.002 0.001 0.000 0.000 0.000 0.000 0.000 0.000 0.000 0.000 0.000 0.000 0.000 0.000 0.000 0.000 0.000 0.000 0.000 0.000
0.000 0.000 0.000 0.000 0.000 0.000 0.000 0.000 0.000 0.000 0.000 0.000 0.000 0.001 0.002 0.009 0.035 0.118 0.340 0.789 1.509 2.452 3.183 3.602 3.774 3.758 3.538 2.996 2.234 1.735 1.633 1.795 2.233 2.446 2.381 2.154 1.849 1.565 1.301 1.056 0.836 0.651 0.503 0.391 0.307 0.247 0.199 0.159 0.122 0.089 0.058 0.033 0.017 0.008 0.004 0.002 0.001 0.000 0.000 0.000 0.000 0.000 0.000 0.000 0.000 0.000 0.000 0.000 0.000 0.000 0.000 0.000 0.000 0.000 0.000 0.000 0.000
0.000 0.000 0.000 0.000 0.000 0.000 0.000 0.000 0.000 0.000 0.000 0.000 0.000 0.001 0.001 0.003 0.011 0.040 0.129 0.374 0.911 1.807 2.544 2.821 2.823 2.643 2.131 1.311 0.639 0.368 0.340 0.434 0.730 1.020 1.098 1.063 0.968 0.850 0.729 0.606 0.482 0.370 0.276 0.201 0.143 0.102 0.073 0.052 0.036 0.023 0.013 0.006 0.003 0.001 0.001 0.000 0.000 0.000 0.000 0.000 0.000 0.000 0.000 0.000 0.000 0.000 0.000 0.000 0.000 0.000 0.000 0.000 0.000 0.000 0.000 0.000 0.000
0.000 0.000 0.000 0.000 0.000 0.000 0.000 0.000 0.000 0.000 0.000 0.000 0.000 0.001 0.001 0.002 0.005 0.013 0.041 0.119 0.321 0.768 1.192 1.312 1.289 1.111 0.724 0.326 0.129 0.057 0.039 0.044 0.116 0.269 0.364 0.393 0.394 0.374 0.340 0.297 0.243 0.188 0.136 0.093 0.060 0.038 0.024 0.015 0.009 0.005 0.003 0.001 0.001 0.000 0.000 0.000 0.000 0.000 0.000 0.000 0.000 0.000 0.000 0.000 0.000 0.000 0.000 0.000 0.000 0.000 0.000 0.000 0.000 0.000 0.000 0.000 0.000
0.000 0.000 0.000 0.000 0.000 0.000 0.000 0.000 0.000 0.000 0.000 0.000 0.000 0.001 0.001 0.003 0.005 0.012 0.033 0.093 0.242 0.540 0.793 0.854 0.824 0.650 0.341 0.134 0.051 0.020 0.010 0.007 0.008 0.036 0.074 0.097 0.111 0.116 0.115 0.108 0.093 0.075 0.055 0.035 0.021 0.012 0.007 0.004 0.002 0.001 0.001 0.000 0.000 0.000 0.000 0.000 0.000 0.000 0.000 0.000 0.000 0.000 0.000 0.000 0.000 0.000 0.000 0.000 0.000 0.000 0.000 0.000 0.000 0.000 0.000 0.000 0.000
0.000 0.000 0.000 0.000 0.000 0.000 0.000 0.000 0.000 0.000 0.000 0.001 0.001 0.002 0.003 0.005 0.009 0.019 0.049 0.130 0.316 0.597 0.755 0.773 0.699 0.464 0.198 0.075 0.029 0.013 0.007 0.004 0.003 0.003 0.009 0.016 0.022 0.025 0.026 0.026 0.024 0.021 0.016 0.010 0.006 0.003 0.002 0.001 0.001 0.000 0.000 0.000 0.000 0.000 0.000 0.000 0.000 0.000 0.000 0.000 0.000 0.000 0.000 0.000 0.000 0.000 0.000 0.000 0.000 0.000 0.000 0.000 0.000 0.000 0.000 0.000 0.000
