RESULTS/r.avaflow_results/32_results/32_ascii/32_hflow0045.asc
ncols 506
nrows 317
xllcenter 498237.50
yllcenter 5580050.00
cellsize 12.50
NODATA_value -9999.000
[rows 170 to 203 of 317, columns 77 to 153 of 506]
0.000 0.000 0.000 0.000 0.000 0.000 0.000 0.000 0.000 0.000 0.000 0.000 0.000 0.000 0.000 0.001 0.001 0.002 0.002 0.002 0.002 0.002 0.003 0.008 0.024 0.044 0.053 0.053 0.052 0.050 0.046 0.041 0.032 0.022 0.015 0.011 0.008 0.007 0.006 0.005 0.005 0.005 0.005 0.007 0.014 0.034 0.070 0.117 0.189 0.332 0.608 1.130 2.133 3.404 4.297 4.757 5.126 5.741 6.714 8.026 9.718 11.630 13.237 14.335 14.878 14.951 14.819 14.622 14.327 13.793 12.887 11.779 10.796 10.089 9.614 9.274 9.026
0.000 0.000 0.000 0.000 0.000 0.000 0.000 0.000 0.000 0.000 0.000 0.000 0.000 0.001 0.002 0.003 0.005 0.007 0.008 0.009 0.009 0.010 0.016 0.032 0.058 0.077 0.082 0.081 0.079 0.075 0.069 0.060 0.047 0.033 0.023 0.017 0.013 0.012 0.011 0.010 0.010 0.010 0.012 0.024 0.061 0.147 0.276 0.436 0.685 1.095 1.717 2.652 3.743 4.576 5.057 5.385 5.785 6.461 7.506 8.965 10.846 12.708 14.057 14.899 15.252 15.190 14.953 14.608 14.204 13.658 12.940 12.329 11.990 11.886 11.882 11.928 12.055
0.000 0.000 0.000 0.000 0.000 0.000 0.000 0.000 0.000 0.000 0.000 0.000 0.001 0.002 0.005 0.009 0.013 0.018 0.022 0.026 0.029 0.037 0.055 0.084 0.110 0.120 0.120 0.118 0.115 0.109 0.100 0.087 0.068 0.047 0.033 0.025 0.021 0.019 0.018 0.018 0.019 0.024 0.041 0.102 0.262 0.532 0.854 1.222 1.753 2.523 3.399 4.216 4.811 5.171 5.409 5.705 6.155 6.857 7.915 9.434 11.381 13.116 14.276 14.987 15.255 15.166 14.924 14.619 14.299 13.986 13.721 13.693 13.763 13.850 13.969 14.325 15.021
0.000 0.000 0.000 0.000 0.000 0.000 0.000 0.000 0.000 0.000 0.000 0.001 0.003 0.006 0.011 0.017 0.025 0.035 0.046 0.057 0.070 0.091 0.126 0.157 0.171 0.172 0.171 0.167 0.162 0.154 0.141 0.123 0.097 0.067 0.047 0.037 0.032 0.030 0.030 0.032 0.041 0.071 0.163 0.400 0.831 1.380 1.939 2.551 3.325 4.137 4.799 5.235 5.457 5.554 5.625 5.868 6.323 7.020 8.071 9.575 11.498 13.149 14.228 14.877 15.109 15.070 14.951 14.864 14.895 15.010 15.080 15.097 15.098 15.147 15.391 16.098 17.359
0.000 0.000 0.000 0.000 0.000 0.000 0.000 0.000 0.000 0.000 0.001 0.002 0.005 0.011 0.019 0.030 0.043 0.060 0.080 0.104 0.133 0.173 0.214 0.236 0.240 0.239 0.236 0.231 0.223 0.212 0.195 0.170 0.135 0.095 0.067 0.052 0.045 0.044 0.047 0.059 0.098 0.217 0.536 1.132 1.918 2.714 3.439 4.101 4.730 5.263 5.647 5.845 5.915 5.855 5.766 5.932 6.366 7.049 8.079 9.523 11.323 12.838 13.859 14.504 14.867 15.079 15.276 15.483 15.702 15.855 15.873 15.805 15.782 15.959 16.476 17.448 18.883
0.000 0.000 0.000 0.000 0.000 0.000 0.000 0.000 0.000 0.000 0.001 0.003 0.008 0.016 0.029 0.046 0.068 0.095 0.128 0.169 0.219 0.271 0.307 0.322 0.325 0.323 0.320 0.314 0.304 0.288 0.265 0.232 0.188 0.133 0.093 0.071 0.063 0.062 0.071 0.108 0.216 0.545 1.299 2.406 3.446 4.278 4.879 5.339 5.737 6.036 6.209 6.286 6.264 6.072 5.864 5.910 6.254 6.902 7.873 9.217 10.844 12.205 13.200 13.967 14.600 15.120 15.507 15.750 15.933 16.025 15.996 15.920 15.919 16.232 16.974 18.052 19.361
0.000 0.000 0.000 0.000 0.000 0.000 0.000 0.000 0.000 0.000 0.001 0.004 0.009 0.019 0.035 0.057 0.089 0.132 0.188 0.257 0.325 0.380 0.413 0.427 0.430 0.430 0.426 0.419 0.407 0.386 0.357 0.315 0.258 0.185 0.126 0.094 0.083 0.083 0.099 0.169 0.400 1.076 2.448 3.966 4.984 5.637 6.029 6.293 6.493 6.622 6.678 6.658 6.512 6.222 5.936 5.869 6.083 6.629 7.512 8.717 10.147 11.419 12.454 13.396 14.258 14.923 15.309 15.475 15.574 15.566 15.459 15.347 15.364 15.772 16.637 17.775 19.025
0.000 0.000 0.000 0.000 0.000 0.000 0.000 0.000 0.000 0.000 0.001 0.004 0.010 0.020 0.037 0.063 0.101 0.156 0.235 0.344 0.444 0.507 0.545 0.562 0.566 0.565 0.562 0.553 0.537 0.512 0.475 0.422 0.350 0.254 0.172 0.124 0.105 0.104 0.119 0.202 0.519 1.520 3.468 5.239 6.232 6.711 6.913 7.041 7.086 7.104 7.062 6.928 6.674 6.322 5.988 5.840 5.937 6.350 7.083 8.107 9.332 10.555 11.676 12.711 13.570 14.126 14.363 14.397 14.349 14.202 13.971 13.776 13.750 14.166 15.138 16.466 17.883
0.000 0.000 0.000 0.000 0.000 0.000 0.000 0.000 0.000 0.000 0.001 0.004 0.010 0.021 0.038 0.064 0.104 0.164 0.257 0.397 0.559 0.660 0.712 0.735 0.741 0.740 0.735 0.724 0.702 0.668 0.621 0.557 0.467 0.347 0.233 0.162 0.130 0.123 0.135 0.216 0.554 1.724 4.130 6.200 7.177 7.514 7.585 7.628 7.559 7.454 7.298 7.083 6.772 6.394 6.035 5.833 5.857 6.153 6.715 7.505 8.475 9.553 10.662 11.632 12.296 12.640 12.705 12.596 12.385 12.058 11.685 11.455 11.505 12.083 13.227 14.732 16.391
0.000 0.000 0.000 0.000 0.000 0.000 0.000 0.000 0.000 0.000 0.001 0.003 0.008 0.019 0.036 0.063 0.103 0.164 0.261 0.416 0.641 0.831 0.921 0.953 0.963 0.963 0.955 0.936 0.906 0.863 0.804 0.726 0.618 0.469 0.315 0.211 0.158 0.143 0.151 0.224 0.556 1.755 4.429 6.866 7.872 8.097 8.098 8.039 7.859 7.648 7.406 7.140 6.827 6.472 6.103 5.866 5.829 6.026 6.425 6.966 7.622 8.373 9.236 10.009 10.465 10.628 10.558 10.335 10.034 9.671 9.365 9.298 9.649 10.514 11.795 13.316 14.998
0.000 0.000 0.000 0.000 0.000 0.000 0.000 0.000 0.000 0.000 0.000 0.002 0.006 0.014 0.030 0.055 0.093 0.152 0.247 0.405 0.657 0.971 1.165 1.224 1.234 1.232 1.221 1.196 1.156 1.102 1.030 0.934 0.804 0.624 0.424 0.275 0.193 0.165 0.167 0.229 0.543 1.713 4.436 7.166 8.342 8.520 8.449 8.274 7.992 7.702 7.391 7.123 6.850 6.554 6.216 5.949 5.847 5.921 6.151 6.491 6.869 7.294 7.755 8.155 8.400 8.463 8.366 8.168 7.934 7.695 7.538 7.631 8.178 9.179 10.485 11.940 13.529
0.000 0.000 0.000 0.000 0.000 0.000 0.000 0.000 0.000 0.000 0.000 0.001 0.002 0.006 0.016 0.033 0.062 0.108 0.184 0.326 0.585 0.996 1.370 1.525 1.552 1.550 1.537 1.509 1.459 1.392 1.305 1.186 1.026 0.819 0.571 0.368 0.243 0.193 0.187 0.233 0.503 1.571 4.218 7.140 8.548 8.786 8.634 8.363 8.016 7.683 7.363 7.072 6.822 6.578 6.315 6.050 5.867 5.821 5.897 6.056 6.228 6.408 6.538 6.605 6.636 6.596 6.487 6.339 6.191 6.087 6.079 6.313 6.921 7.892 9.104 10.418 11.796
0.000 0.000 0.000 0.000 0.000 0.000 0.000 0.000 0.000 0.000 0.000 0.000 0.000 0.001 0.004 0.011 0.022 0.041 0.076 0.161 0.383 0.845 1.452 1.785 1.890 1.914 1.905 1.872 1.819 1.740 1.631 1.485 1.294 1.059 0.770 0.508 0.328 0.240 0.220 0.252 0.465 1.357 3.765 6.835 8.490 8.849 8.685 8.348 7.947 7.568 7.254 6.997 6.770 6.554 6.347 6.118 5.892 5.726 5.661 5.662 5.684 5.703 5.616 5.481 5.347 5.202 5.055 4.914 4.805 4.754 4.823 5.127 5.719 6.560 7.562 8.648 9.787
0.000 0.000 0.000 0.000 0.000 0.000 0.000 0.000 0.000 0.000 0.000 0.000 0.000 0.000 0.001 0.002 0.005 0.009 0.018 0.044 0.157 0.554 1.332 1.938 2.182 2.273 2.293 2.275 2.224 2.134 2.004 1.835 1.618 1.352 1.037 0.721 0.476 0.334 0.290 0.306 0.487 1.236 3.280 6.291 8.096 8.666 8.601 8.286 7.832 7.399 7.057 6.833 6.646 6.462 6.302 6.112 5.882 5.654 5.473 5.341 5.244 5.144 4.954 4.729 4.498 4.272 4.064 3.884 3.751 3.680 3.717 3.962 4.455 5.130 5.930 6.877 7.959
0.000 0.000 0.000 0.000 0.000 0.000 0.000 0.000 0.000 0.000 0.000 0.000 0.000 0.000 0.000 0.001 0.001 0.002 0.004 0.010 0.050 0.294 1.050 1.959 2.387 2.570 2.644 2.648 2.619 2.549 2.419 2.233 2.000 1.718 1.387 1.027 0.721 0.518 0.437 0.439 0.589 1.231 2.859 5.500 7.350 8.112 8.218 8.027 7.606 7.114 6.716 6.478 6.379 6.314 6.216 6.042 5.827 5.585 5.332 5.106 4.901 4.712 4.478 4.211 3.927 3.642 3.371 3.135 2.956 2.840 2.788 2.860 3.129 3.623 4.334 5.264 6.343
0.000 0.000 0.000 0.000 0.000 0.000 0.000 0.000 0.000 0.000 0.000 0.000 0.000 0.000 0.000 0.000 0.001 0.001 0.002 0.005 0.018 0.137 0.709 1.766 2.467 2.765 2.916 2.984 2.988 2.950 2.859 2.689 2.454 2.169 1.833 1.455 1.103 0.847 0.730 0.718 0.843 1.374 2.579 4.548 6.313 7.234 7.497 7.440 7.173 6.679 6.170 5.870 5.794 5.841 5.915 5.879 5.739 5.506 5.225 4.933 4.644 4.384 4.111 3.808 3.489 3.164 2.850 2.572 2.351 2.188 2.053 1.976 2.036 2.321 2.874 3.709 4.705
0.000 0.000 0.000 0.000 0.000 0.000 0.000 0.000 0.000 0.000 0.000 0.000 0.000 0.000 0.000 0.000 0.001 0.002 0.003 0.006 0.013 0.062 0.390 1.325 2.351 2.855 3.097 3.242 3.313 3.322 3.278 3.164 2.969 2.706 2.388 2.017 1.658 1.389 1.245 1.218 1.309 1.688 2.511 3.828 5.273 6.164 6.484 6.501 6.388 6.028 5.475 5.021 4.847 4.916 5.189 5.452 5.506 5.375 5.104 4.780 4.442 4.128 3.812 3.473 3.122 2.768 2.437 2.144 1.898 1.697 1.507 1.339 1.267 1.349 1.648 2.169 2.689
0.000 0.000 0.000 0.000 0.000 0.000 0.000 0.000 0.000 0.000 0.000 0.000 0.000 0.000 0.000 0.001 0.002 0.004 0.007 0.012 0.018 0.041 0.189 0.815 1.971 2.812 3.186 3.423 3.579 3.644 3.644 3.585 3.456 3.269 3.022 2.708 2.391 2.158 2.021 1.979 2.014 2.210 2.686 3.505 4.533 5.236 5.511 5.546 5.494 5.280 4.865 4.325 3.978 3.929 4.167 4.656 4.994 5.037 4.869 4.576 4.240 3.909 3.578 3.219 2.820 2.434 2.090 1.798 1.548 1.325 1.109 0.892 0.745 0.692 0.758 0.938 1.021
0.000 0.000 0.000 0.000 0.000 0.000 0.000 0.000 0.000 0.000 0.000 0.000 0.000 0.000 0.001 0.003 0.006 0.011 0.019 0.027 0.035 0.049 0.106 0.420 1.373 2.573 3.188 3.515 3.766 3.912 3.960 3.942 3.872 3.756 3.588 3.358 3.104 2.914 2.805 2.768 2.775 2.851 3.062 3.497 4.132 4.602 4.814 4.860 4.839 4.711 4.410 3.912 3.469 3.271 3.316 3.678 4.179 4.409 4.400 4.231 3.974 3.678 3.369 3.010 2.564 2.143 1.794 1.501 1.250 1.017 0.788 0.561 0.390 0.295 0.259 0.263 0.244
0.000 0.000 0.000 0.000 0.000 0.000 0.000 0.000 0.000 0.000 0.000 0.000 0.000 0.001 0.003 0.008 0.017 0.031 0.047 0.059 0.066 0.072 0.095 0.232 0.823 2.064 3.038 3.517 3.844 4.082 4.205 4.238 4.221 4.158 4.040 3.862 3.646 3.462 3.346 3.293 3.279 3.303 3.397 3.612 3.960 4.229 4.358 4.391 4.380 4.289 4.055 3.638 3.194 2.909 2.810 2.919 3.241 3.520 3.650 3.647 3.531 3.311 3.030 2.687 2.262 1.846 1.499 1.211 0.960 0.722 0.496 0.296 0.170 0.108 0.081 0.068 0.059
0.000 0.000 0.000 0.000 0.000 0.000 0.000 0.000 0.000 0.000 0.000 0.000 0.001 0.003 0.008 0.021 0.044 0.073 0.098 0.113 0.118 0.118 0.122 0.184 0.537 1.498 2.657 3.374 3.837 4.176 4.389 4.481 4.496 4.466 4.372 4.216 4.019 3.834 3.694 3.601 3.549 3.537 3.565 3.663 3.861 4.009 4.072 4.090 4.061 3.963 3.758 3.416 3.008 2.711 2.540 2.482 2.528 2.612 2.669 2.699 2.687 2.558 2.302 1.982 1.653 1.326 1.035 0.788 0.574 0.385 0.225 0.113 0.060 0.039 0.030 0.026 0.023
0.000 0.000 0.000 0.000 0.000 0.000 0.000 0.000 0.000 0.000 0.000 0.000 0.002 0.006 0.021 0.051 0.098 0.145 0.180 0.199 0.202 0.197 0.190 0.221 0.447 1.116 2.148 3.023 3.688 4.165 4.491 4.657 4.687 4.671 4.593 4.438 4.239 4.057 3.904 3.776 3.677 3.619 3.616 3.661 3.770 3.846 3.870 3.858 3.805 3.693 3.496 3.206 2.839 2.548 2.348 2.203 2.090 1.986 1.874 1.740 1.608 1.453 1.227 0.967 0.750 0.570 0.417 0.293 0.194 0.119 0.065 0.034 0.022 0.017 0.015 0.014 0.014
0.000 0.000 0.000 0.000 0.000 0.000 0.000 0.000 0.000 0.000 0.000 0.001 0.004 0.014 0.045 0.105 0.183 0.249 0.299 0.328 0.338 0.335 0.324 0.335 0.495 0.977 1.769 2.618 3.394 4.032 4.484 4.733 4.799 4.775 4.688 4.536 4.352 4.177 4.014 3.861 3.731 3.639 3.615 3.630 3.679 3.703 3.693 3.642 3.565 3.440 3.248 2.988 2.658 2.374 2.151 1.958 1.773 1.578 1.352 1.101 0.876 0.682 0.505 0.352 0.238 0.161 0.108 0.071 0.045 0.029 0.018 0.013 0.011 0.010 0.009 0.009 0.009
0.000 0.000 0.000 0.000 0.000 0.000 0.000 0.000 0.000 0.000 0.000 0.001 0.005 0.021 0.070 0.165 0.288 0.384 0.462 0.515 0.544 0.554 0.552 0.562 0.667 1.016 1.625 2.374 3.131 3.805 4.350 4.691 4.819 4.806 4.726 4.583 4.410 4.239 4.068 3.894 3.734 3.615 3.550 3.539 3.548 3.552 3.522 3.438 3.331 3.189 2.996 2.751 2.450 2.167 1.931 1.710 1.480 1.216 0.916 0.639 0.429 0.281 0.179 0.110 0.066 0.040 0.026 0.017 0.012 0.009 0.007 0.006 0.006 0.006 0.006 0.005 0.005
0.000 0.000 0.000 0.000 0.000 0.000 0.000 0.000 0.000 0.000 0.000 0.001 0.005 0.023 0.078 0.198 0.379 0.546 0.673 0.768 0.830 0.867 0.896 0.926 1.006 1.233 1.680 2.317 3.014 3.626 4.158 4.556 4.761 4.770 4.703 4.563 4.402 4.240 4.077 3.903 3.709 3.540 3.432 3.395 3.387 3.364 3.300 3.206 3.080 2.923 2.728 2.487 2.207 1.896 1.596 1.321 1.040 0.739 0.468 0.281 0.164 0.094 0.054 0.031 0.017 0.010 0.006 0.005 0.004 0.003 0.003 0.003 0.003 0.003 0.003 0.003 0.003
0.000 0.000 0.000 0.000 0.000 0.000 0.000 0.000 0.000 0.000 0.000 0.001 0.005 0.021 0.075 0.204 0.433 0.715 0.934 1.096 1.212 1.294 1.361 1.428 1.513 1.669 1.963 2.433 3.028 3.571 4.013 4.365 4.602 4.649 4.635 4.534 4.396 4.228 4.065 3.869 3.632 3.407 3.249 3.163 3.123 3.082 3.017 2.921 2.793 2.633 2.433 2.175 1.849 1.412 0.986 0.660 0.422 0.251 0.139 0.076 0.042 0.024 0.014 0.008 0.004 0.003 0.002 0.001 0.001 0.001 0.001 0.001 0.001 0.001 0.001 0.001 0.001
0.000 0.000 0.000 0.000 0.000 0.000 0.000 0.000 0.000 0.000 0.000 0.001 0.003 0.016 0.061 0.189 0.454 0.869 1.248 1.507 1.702 1.845 1.958 2.059 2.164 2.290 2.472 2.768 3.186 3.624 3.975 4.222 4.393 4.453 4.460 4.394 4.307 4.169 3.999 3.780 3.514 3.225 2.990 2.836 2.740 2.680 2.627 2.554 2.450 2.296 2.077 1.760 1.311 0.802 0.429 0.217 0.105 0.049 0.024 0.013 0.008 0.005 0.003 0.002 0.001 0.001 0.001 0.001 0.000 0.000 0.000 0.000 0.000 0.000 0.000 0.000 0.000
0.000 0.000 0.000 0.000 0.000 0.000 0.000 0.000 0.000 0.000 0.000 0.000 0.001 0.008 0.041 0.160 0.460 0.985 1.588 2.022 2.324 2.537 2.695 2.823 2.933 3.030 3.142 3.302 3.540 3.804 4.018 4.155 4.230 4.258 4.247 4.189 4.121 4.014 3.845 3.630 3.356 3.017 2.681 2.429 2.255 2.146 2.067 1.995 1.891 1.716 1.454 1.090 0.672 0.335 0.145 0.057 0.022 0.009 0.004 0.002 0.002 0.001 0.001 0.001 0.000 0.000 0.000 0.000 0.000 0.000 0.000 0.000 0.000 0.000 0.000 0.000 0.000
0.000 0.000 0.000 0.000 0.000 0.000 0.000 0.000 0.000 0.000 0.000 0.000 0.001 0.004 0.028 0.139 0.470 1.072 1.843 2.521 3.034 3.365 3.571 3.716 3.819 3.887 3.944 4.001 4.066 4.106 4.121 4.128 4.113 4.073 4.014 3.941 3.860 3.753 3.597 3.399 3.138 2.799 2.405 2.051 1.775 1.578 1.415 1.257 1.088 0.887 0.657 0.417 0.216 0.092 0.035 0.013 0.004 0.002 0.001 0.001 0.000 0.000 0.000 0.000 0.000 0.000 0.000 0.000 0.000 0.000 0.000 0.000 0.000 0.000 0.000 0.000 0.000
0.000 0.000 0.000 0.000 0.000 0.000 0.000 0.000 0.000 0.000 0.000 0.000 0.001 0.003 0.022 0.129 0.485 1.136 1.971 2.850 3.611 4.131 4.441 4.618 4.714 4.751 4.750 4.703 4.611 4.464 4.282 4.134 4.004 3.866 3.742 3.648 3.554 3.444 3.298 3.111 2.866 2.550 2.162 1.752 1.400 1.127 0.902 0.701 0.518 0.353 0.212 0.108 0.047 0.018 0.007 0.002 0.001 0.001 0.000 0.000 0.000 0.000 0.000 0.000 0.000 0.000 0.000 0.000 0.000 0.000 0.000 0.000 0.000 0.000 0.000 0.000 0.000
0.000 0.000 0.000 0.000 0.000 0.000 0.000 0.000 0.000 0.000 0.000 0.000 0.001 0.002 0.020 0.129 0.501 1.173 2.013 2.986 3.987 4.732 5.187 5.414 5.487 5.480 5.421 5.267 5.027 4.731 4.422 4.137 3.862 3.611 3.413 3.288 3.199 3.104 2.974 2.797 2.572 2.288 1.927 1.506 1.110 0.795 0.552 0.365 0.225 0.126 0.063 0.027 0.010 0.004 0.001 0.001 0.000 0.000 0.000 0.000 0.000 0.000 0.000 0.000 0.000 0.000 0.000 0.000 0.000 0.000 0.000 0.000 0.000 0.000 0.000 0.000 0.000
0.000 0.000 0.000 0.000 0.000 0.000 0.000 0.000 0.000 0.000 0.000 0.000 0.001 0.003 0.021 0.131 0.507 1.178 2.016 3.001 4.170 5.167 5.792 6.080 6.143 6.103 5.966 5.695 5.305 4.881 4.486 4.106 3.708 3.309 2.985 2.778 2.678 2.606 2.510 2.370 2.190 1.970 1.666 1.268 0.859 0.547 0.330 0.188 0.099 0.047 0.020 0.008 0.003 0.001 0.001 0.000 0.000 0.000 0.000 0.000 0.000 0.000 0.000 0.000 0.000 0.000 0.000 0.000 0.000 0.000 0.000 0.000 0.000 0.000 0.000 0.000 0.000
0.000 0.000 0.000 0.000 0.000 0.000 0.000 0.000 0.000 0.001 0.001 0.002 0.003 0.006 0.021 0.124 0.479 1.131 1.961 2.940 4.155 5.352 6.153 6.520 6.591 6.530 6.288 5.897 5.419 4.935 4.486 4.030 3.520 2.957 2.455 2.093 1.892 1.781 1.681 1.575 1.474 1.375 1.219 0.941 0.592 0.337 0.182 0.092 0.043 0.018 0.007 0.002 0.001 0.000 0.000 0.000 0.000 0.000 0.000 0.000 0.000 0.000 0.000 0.000 0.000 0.000 0.000 0.000 0.000 0.000 0.000 0.000 0.000 0.000 0.000 0.000 0.000
0.001 0.001 0.002 0.002 0.002 0.002 0.002 0.002 0.002 0.002 0.003 0.005 0.006 0.007 0.015 0.082 0.359 0.940 1.757 2.741 3.981 5.334 6.275 6.723 6.807 6.718 6.409 5.973 5.458 4.948 4.418 3.853 3.233 2.533 1.879 1.380 1.062 0.872 0.742 0.649 0.602 0.584 0.559 0.469 0.304 0.166 0.083 0.039 0.017 0.006 0.002 0.001 0.000 0.000 0.000 0.000 0.000 0.000 0.000 0.000 0.000 0.000 0.000 0.000 0.000 0.000 0.000 0.000 0.000 0.000 0.000 0.000 0.000 0.000 0.000 0.000 0.000
