RESULTS/r.avaflow_results/32_results/32_ascii/32_hflow30044.asc
ncols 506
nrows 317
xllcenter 498237.50
yllcenter 5580050.00
cellsize 12.50
NODATA_value -9999.000
[rows 170 to 203 of 317, columns 154 to 230 of 506]
8.718 8.648 8.579 8.484 8.351 8.178 8.026 7.899 7.767 7.617 7.477 7.355 7.215 6.971 6.517 5.816 4.939 4.045 3.200 2.405 1.679 1.063 0.617 0.360 0.235 0.179 0.159 0.156 0.159 0.170 0.195 0.236 0.275 0.299 0.311 0.321 0.339 0.374 0.392 0.389 0.367 0.349 0.348 0.354 0.355 0.343 0.308 0.249 0.188 0.137 0.101 0.079 0.065 0.057 0.053 0.052 0.052 0.055 0.058 0.061 0.063 0.063 0.062 0.063 0.063 0.063 0.066 0.073 0.094 0.142 0.225 0.277 0.286 0.259 0.180 0.105 0.070
12.123 12.374 12.542 12.611 12.591 12.454 12.249 12.035 11.806 11.541 11.267 11.017 10.772 10.480 10.025 9.320 8.358 7.206 5.961 4.689 3.464 2.380 1.504 0.899 0.552 0.371 0.284 0.250 0.244 0.256 0.288 0.338 0.372 0.383 0.379 0.371 0.372 0.385 0.393 0.382 0.348 0.323 0.315 0.311 0.301 0.270 0.207 0.135 0.086 0.062 0.049 0.042 0.038 0.036 0.036 0.037 0.040 0.044 0.048 0.050 0.049 0.048 0.046 0.045 0.044 0.044 0.047 0.053 0.069 0.103 0.170 0.237 0.264 0.263 0.232 0.169 0.113
15.673 16.244 16.496 16.520 16.394 16.121 15.785 15.455 15.123 14.771 14.410 14.086 13.792 13.487 13.061 12.382 11.419 10.259 8.989 7.586 6.043 4.501 3.130 2.042 1.293 0.827 0.555 0.413 0.350 0.330 0.339 0.365 0.387 0.391 0.379 0.360 0.352 0.351 0.344 0.313 0.257 0.218 0.197 0.181 0.162 0.129 0.087 0.056 0.040 0.032 0.028 0.026 0.025 0.024 0.025 0.027 0.031 0.035 0.038 0.039 0.039 0.037 0.035 0.034 0.033 0.033 0.035 0.039 0.050 0.071 0.113 0.181 0.238 0.260 0.260 0.236 0.184
18.549 19.437 19.786 19.782 19.585 19.243 18.868 18.516 18.160 17.779 17.376 17.017 16.705 16.398 15.994 15.320 14.326 13.104 11.789 10.412 8.910 7.227 5.481 3.890 2.629 1.719 1.112 0.740 0.530 0.420 0.367 0.350 0.351 0.347 0.328 0.296 0.273 0.254 0.227 0.179 0.126 0.097 0.083 0.074 0.065 0.053 0.037 0.027 0.022 0.019 0.018 0.017 0.017 0.017 0.018 0.020 0.023 0.027 0.029 0.030 0.029 0.028 0.027 0.026 0.026 0.026 0.027 0.030 0.037 0.048 0.070 0.114 0.184 0.243 0.261 0.257 0.231
20.237 21.341 21.904 22.050 21.979 21.790 21.562 21.334 21.066 20.720 20.306 19.913 19.571 19.232 18.809 18.133 17.143 15.905 14.537 13.102 11.597 9.968 8.151 6.213 4.441 3.016 1.964 1.251 0.796 0.522 0.372 0.298 0.262 0.240 0.211 0.175 0.152 0.135 0.115 0.085 0.059 0.046 0.039 0.035 0.031 0.026 0.020 0.016 0.014 0.013 0.012 0.012 0.012 0.013 0.013 0.015 0.017 0.020 0.021 0.022 0.022 0.021 0.021 0.021 0.021 0.021 0.023 0.025 0.028 0.034 0.045 0.067 0.114 0.188 0.238 0.249 0.239
20.614 21.821 22.639 23.097 23.345 23.506 23.598 23.601 23.504 23.262 22.853 22.356 21.951 21.573 21.134 20.502 19.623 18.498 17.149 15.624 13.986 12.232 10.281 8.044 5.814 3.964 2.554 1.576 0.949 0.570 0.358 0.246 0.186 0.143 0.108 0.086 0.077 0.069 0.059 0.044 0.033 0.026 0.023 0.020 0.018 0.015 0.013 0.011 0.010 0.009 0.009 0.009 0.009 0.009 0.010 0.011 0.012 0.014 0.015 0.016 0.016 0.016 0.016 0.017 0.017 0.018 0.019 0.021 0.023 0.027 0.033 0.046 0.070 0.119 0.179 0.213 0.224
20.214 21.513 22.521 23.201 23.745 24.248 24.594 24.751 24.783 24.674 24.293 23.662 23.204 22.871 22.485 21.926 21.200 20.277 19.049 17.481 15.673 13.718 11.564 9.071 6.493 4.363 2.757 1.661 0.977 0.570 0.337 0.208 0.134 0.086 0.058 0.046 0.041 0.038 0.033 0.026 0.020 0.017 0.015 0.013 0.011 0.010 0.009 0.008 0.007 0.006 0.006 0.006 0.006 0.006 0.007 0.007 0.008 0.010 0.011 0.011 0.012 0.012 0.013 0.013 0.014 0.015 0.016 0.018 0.020 0.023 0.028 0.036 0.050 0.076 0.115 0.153 0.184
19.174 20.628 21.893 22.886 23.686 24.325 24.707 24.873 24.943 24.905 24.560 23.858 23.377 23.126 22.814 22.287 21.620 20.811 19.697 18.163 16.274 14.184 11.900 9.283 6.571 4.346 2.692 1.583 0.908 0.512 0.284 0.155 0.085 0.049 0.033 0.027 0.024 0.022 0.019 0.016 0.013 0.011 0.010 0.009 0.008 0.007 0.006 0.005 0.005 0.004 0.004 0.004 0.004 0.004 0.004 0.005 0.005 0.006 0.007 0.008 0.009 0.009 0.010 0.011 0.011 0.012 0.014 0.016 0.018 0.020 0.024 0.030 0.040 0.055 0.077 0.103 0.134
17.912 19.506 20.948 22.189 23.197 23.899 24.239 24.351 24.388 24.327 23.996 23.315 22.794 22.525 22.208 21.676 21.016 20.261 19.241 17.792 15.930 13.806 11.460 8.789 6.086 3.892 2.290 1.256 0.667 0.347 0.175 0.086 0.045 0.028 0.020 0.017 0.015 0.013 0.012 0.010 0.009 0.008 0.007 0.006 0.006 0.005 0.004 0.003 0.003 0.002 0.002 0.002 0.002 0.002 0.002 0.003 0.003 0.004 0.004 0.005 0.006 0.007 0.007 0.008 0.009 0.010 0.012 0.014 0.016 0.019 0.022 0.027 0.034 0.044 0.058 0.075 0.095
16.616 18.265 19.736 21.010 22.021 22.715 23.065 23.144 23.054 22.756 22.404 21.965 21.476 20.918 20.329 19.714 19.064 18.392 17.523 16.211 14.414 12.283 9.912 7.300 4.816 2.839 1.457 0.654 0.288 0.138 0.071 0.039 0.024 0.017 0.013 0.011 0.010 0.009 0.008 0.007 0.007 0.006 0.005 0.004 0.004 0.003 0.002 0.002 0.002 0.001 0.001 0.001 0.001 0.001 0.001 0.001 0.002 0.002 0.003 0.003 0.004 0.004 0.005 0.006 0.007 0.008 0.010 0.012 0.014 0.017 0.021 0.025 0.031 0.039 0.049 0.061 0.075
15.075 16.653 18.065 19.284 20.259 21.003 21.503 21.654 21.462 20.958 20.746 20.671 20.303 19.398 18.486 17.773 17.076 16.293 15.274 13.839 11.949 9.706 7.250 4.856 2.858 1.444 0.609 0.219 0.089 0.047 0.029 0.020 0.014 0.011 0.009 0.009 0.008 0.007 0.006 0.005 0.004 0.004 0.003 0.002 0.002 0.002 0.001 0.001 0.001 0.000 0.000 0.000 0.000 0.000 0.000 0.000 0.001 0.001 0.001 0.002 0.002 0.003 0.003 0.004 0.006 0.007 0.009 0.011 0.013 0.016 0.019 0.024 0.030 0.037 0.046 0.055 0.066
13.088 14.499 15.895 17.232 18.432 19.487 20.268 20.554 20.388 19.893 19.756 19.722 19.292 18.223 17.233 16.480 15.674 14.604 13.143 11.249 8.928 6.293 3.898 2.214 1.156 0.522 0.192 0.065 0.032 0.021 0.015 0.012 0.010 0.008 0.007 0.006 0.006 0.005 0.004 0.003 0.003 0.002 0.002 0.001 0.001 0.001 0.000 0.000 0.000 0.000 0.000 0.000 0.000 0.000 0.000 0.000 0.000 0.000 0.000 0.001 0.001 0.002 0.002 0.003 0.004 0.006 0.007 0.009 0.012 0.015 0.019 0.024 0.030 0.037 0.045 0.053 0.062
10.872 12.184 13.625 15.164 16.646 17.978 19.002 19.454 19.379 18.973 18.677 18.362 17.700 16.652 15.746 14.954 14.002 12.605 10.645 8.093 5.243 2.807 1.331 0.609 0.289 0.131 0.052 0.024 0.016 0.012 0.010 0.009 0.007 0.006 0.005 0.004 0.004 0.003 0.002 0.002 0.001 0.001 0.001 0.000 0.000 0.000 0.000 0.000 0.000 0.000 0.000 0.000 0.000 0.000 0.000 0.000 0.000 0.000 0.000 0.000 0.000 0.001 0.001 0.002 0.003 0.004 0.006 0.008 0.011 0.014 0.018 0.024 0.030 0.038 0.045 0.052 0.060
8.992 10.216 11.553 13.043 14.542 15.903 17.005 17.583 17.631 17.260 16.570 15.725 14.811 13.905 13.093 12.194 10.967 9.130 6.557 3.873 1.833 0.691 0.230 0.100 0.057 0.033 0.019 0.013 0.010 0.009 0.007 0.006 0.005 0.004 0.004 0.003 0.002 0.002 0.001 0.001 0.000 0.000 0.000 0.000 0.000 0.000 0.000 0.000 0.000 0.000 0.000 0.000 0.000 0.000 0.000 0.000 0.000 0.000 0.000 0.000 0.000 0.000 0.001 0.001 0.002 0.004 0.005 0.008 0.010 0.014 0.018 0.024 0.032 0.040 0.046 0.052 0.058
7.291 8.353 9.419 10.510 11.565 12.568 13.541 14.147 14.268 13.951 13.083 11.861 10.707 9.727 8.717 7.523 5.955 4.034 2.170 0.905 0.281 0.078 0.036 0.025 0.019 0.014 0.011 0.009 0.008 0.006 0.005 0.004 0.004 0.003 0.002 0.002 0.001 0.001 0.000 0.000 0.000 0.000 0.000 0.000 0.000 0.000 0.000 0.000 0.000 0.000 0.000 0.000 0.000 0.000 0.000 0.000 0.000 0.000 0.000 0.000 0.000 0.000 0.000 0.001 0.002 0.003 0.005 0.007 0.010 0.014 0.019 0.025 0.034 0.042 0.048 0.052 0.057
5.448 6.153 6.607 6.898 7.171 7.565 8.223 8.815 9.034 8.891 8.197 6.961 5.574 4.438 3.513 2.667 1.755 0.868 0.314 0.088 0.031 0.020 0.015 0.013 0.011 0.009 0.008 0.006 0.005 0.004 0.003 0.003 0.002 0.002 0.001 0.001 0.000 0.000 0.000 0.000 0.000 0.000 0.000 0.000 0.000 0.000 0.000 0.000 0.000 0.000 0.000 0.000 0.000 0.000 0.000 0.000 0.000 0.000 0.000 0.000 0.000 0.000 0.000 0.000 0.001 0.002 0.004 0.006 0.009 0.013 0.018 0.025 0.034 0.042 0.049 0.054 0.059
2.862 2.975 2.922 2.819 2.751 2.798 3.032 3.351 3.495 3.469 3.182 2.566 1.744 1.099 0.705 0.456 0.239 0.092 0.034 0.018 0.014 0.011 0.010 0.009 0.007 0.006 0.005 0.004 0.003 0.003 0.002 0.002 0.001 0.001 0.000 0.000 0.000 0.000 0.000 0.000 0.000 0.000 0.000 0.000 0.000 0.000 0.000 0.000 0.000 0.000 0.000 0.000 0.000 0.000 0.000 0.000 0.000 0.000 0.000 0.000 0.000 0.000 0.000 0.000 0.001 0.002 0.003 0.005 0.009 0.013 0.018 0.024 0.032 0.041 0.049 0.057 0.066
0.894 0.825 0.750 0.670 0.612 0.590 0.615 0.684 0.709 0.699 0.630 0.474 0.261 0.137 0.088 0.058 0.034 0.019 0.014 0.011 0.009 0.008 0.007 0.006 0.005 0.004 0.003 0.003 0.002 0.001 0.001 0.001 0.000 0.000 0.000 0.000 0.000 0.000 0.000 0.000 0.000 0.000 0.000 0.000 0.000 0.000 0.000 0.000 0.000 0.000 0.000 0.000 0.000 0.000 0.000 0.000 0.000 0.000 0.000 0.000 0.000 0.000 0.000 0.000 0.000 0.001 0.003 0.005 0.008 0.012 0.017 0.023 0.030 0.039 0.050 0.065 0.084
0.186 0.155 0.141 0.130 0.117 0.107 0.106 0.108 0.107 0.103 0.092 0.068 0.041 0.028 0.022 0.018 0.014 0.011 0.009 0.008 0.007 0.006 0.005 0.004 0.003 0.003 0.002 0.001 0.001 0.001 0.000 0.000 0.000 0.000 0.000 0.000 0.000 0.000 0.000 0.000 0.000 0.000 0.000 0.000 0.000 0.000 0.000 0.000 0.000 0.000 0.000 0.000 0.000 0.000 0.000 0.000 0.000 0.000 0.000 0.000 0.000 0.000 0.000 0.000 0.000 0.001 0.002 0.004 0.007 0.010 0.015 0.020 0.027 0.037 0.051 0.074 0.104
0.047 0.041 0.040 0.039 0.037 0.034 0.032 0.031 0.029 0.028 0.025 0.021 0.016 0.014 0.012 0.010 0.009 0.008 0.007 0.006 0.005 0.004 0.003 0.002 0.002 0.001 0.001 0.000 0.000 0.000 0.000 0.000 0.000 0.000 0.000 0.000 0.000 0.000 0.000 0.000 0.000 0.000 0.000 0.000 0.000 0.000 0.000 0.000 0.000 0.000 0.000 0.000 0.000 0.000 0.000 0.000 0.000 0.000 0.000 0.000 0.000 0.000 0.000 0.000 0.000 0.000 0.001 0.003 0.005 0.008 0.012 0.018 0.024 0.034 0.049 0.075 0.110
0.020 0.019 0.019 0.019 0.018 0.017 0.016 0.015 0.014 0.013 0.013 0.011 0.010 0.009 0.008 0.007 0.006 0.005 0.004 0.004 0.003 0.002 0.002 0.001 0.001 0.000 0.000 0.000 0.000 0.000 0.000 0.000 0.000 0.000 0.000 0.000 0.000 0.000 0.000 0.000 0.000 0.000 0.000 0.000 0.000 0.000 0.000 0.000 0.000 0.000 0.000 0.000 0.000 0.000 0.000 0.000 0.000 0.000 0.000 0.000 0.000 0.000 0.000 0.000 0.000 0.000 0.001 0.002 0.004 0.006 0.010 0.014 0.020 0.028 0.042 0.065 0.100
0.012 0.012 0.012 0.011 0.011 0.010 0.010 0.009 0.009 0.009 0.008 0.008 0.007 0.006 0.006 0.005 0.004 0.003 0.003 0.002 0.002 0.001 0.001 0.000 0.000 0.000 0.000 0.000 0.000 0.000 0.000 0.000 0.000 0.000 0.000 0.000 0.000 0.000 0.000 0.000 0.000 0.000 0.000 0.000 0.000 0.000 0.000 0.000 0.000 0.000 0.000 0.000 0.000 0.000 0.000 0.000 0.000 0.000 0.000 0.000 0.000 0.000 0.000 0.000 0.000 0.000 0.000 0.001 0.002 0.004 0.007 0.010 0.014 0.019 0.028 0.043 0.068
0.008 0.008 0.008 0.007 0.007 0.007 0.007 0.006 0.006 0.006 0.005 0.005 0.005 0.004 0.004 0.003 0.002 0.002 0.001 0.001 0.001 0.000 0.000 0.000 0.000 0.000 0.000 0.000 0.000 0.000 0.000 0.000 0.000 0.000 0.000 0.000 0.000 0.000 0.000 0.000 0.000 0.000 0.000 0.000 0.000 0.000 0.000 0.000 0.000 0.000 0.000 0.000 0.000 0.000 0.000 0.000 0.000 0.000 0.000 0.000 0.000 0.000 0.000 0.000 0.000 0.000 0.000 0.001 0.001 0.003 0.004 0.007 0.009 0.013 0.017 0.025 0.035
0.005 0.005 0.005 0.005 0.005 0.004 0.004 0.004 0.004 0.003 0.003 0.003 0.003 0.002 0.002 0.002 0.001 0.001 0.000 0.000 0.000 0.000 0.000 0.000 0.000 0.000 0.000 0.000 0.000 0.000 0.000 0.000 0.000 0.000 0.000 0.000 0.000 0.000 0.000 0.000 0.000 0.000 0.000 0.000 0.000 0.000 0.000 0.000 0.000 0.000 0.000 0.000 0.000 0.000 0.000 0.000 0.000 0.000 0.000 0.000 0.000 0.000 0.000 0.000 0.000 0.000 0.000 0.000 0.001 0.002 0.003 0.004 0.006 0.009 0.011 0.015 0.020
0.003 0.003 0.003 0.003 0.003 0.002 0.002 0.002 0.002 0.002 0.002 0.001 0.001 0.001 0.001 0.001 0.000 0.000 0.000 0.000 0.000 0.000 0.000 0.000 0.000 0.000 0.000 0.000 0.000 0.000 0.000 0.000 0.000 0.000 0.000 0.000 0.000 0.000 0.000 0.000 0.000 0.000 0.000 0.000 0.000 0.000 0.000 0.000 0.000 0.000 0.000 0.000 0.000 0.000 0.000 0.000 0.000 0.000 0.000 0.000 0.000 0.000 0.000 0.000 0.000 0.000 0.000 0.000 0.000 0.001 0.001 0.003 0.004 0.006 0.008 0.010 0.013
0.001 0.001 0.001 0.001 0.001 0.001 0.001 0.001 0.001 0.001 0.000 0.000 0.000 0.000 0.000 0.000 0.000 0.000 0.000 0.000 0.000 0.000 0.000 0.000 0.000 0.000 0.000 0.000 0.000 0.000 0.000 0.000 0.000 0.000 0.000 0.000 0.000 0.000 0.000 0.000 0.000 0.000 0.000 0.000 0.000 0.000 0.000 0.000 0.000 0.000 0.000 0.000 0.000 0.000 0.000 0.000 0.000 0.000 0.000 0.000 0.000 0.000 0.000 0.000 0.000 0.000 0.000 0.000 0.000 0.000 0.001 0.001 0.002 0.003 0.005 0.007 0.009
0.000 0.000 0.000 0.000 0.000 0.000 0.000 0.000 0.000 0.000 0.000 0.000 0.000 0.000 0.000 0.000 0.000 0.000 0.000 0.000 0.000 0.000 0.000 0.000 0.000 0.000 0.000 0.000 0.000 0.000 0.000 0.000 0.000 0.000 0.000 0.000 0.000 0.000 0.000 0.000 0.000 0.000 0.000 0.000 0.000 0.000 0.000 0.000 0.000 0.000 0.000 0.000 0.000 0.000 0.000 0.000 0.000 0.000 0.000 0.000 0.000 0.000 0.000 0.000 0.000 0.000 0.000 0.000 0.000 0.000 0.000 0.000 0.001 0.002 0.003 0.004 0.006
0.000 0.000 0.000 0.000 0.000 0.000 0.000 0.000 0.000 0.000 0.000 0.000 0.000 0.000 0.000 0.000 0.000 0.000 0.000 0.000 0.000 0.000 0.000 0.000 0.000 0.000 0.000 0.000 0.000 0.000 0.000 0.000 0.000 0.000 0.000 0.000 0.000 0.000 0.000 0.000 0.000 0.000 0.000 0.000 0.000 0.000 0.000 0.000 0.000 0.000 0.000 0.000 0.000 0.000 0.000 0.000 0.000 0.000 0.000 0.000 0.000 0.000 0.000 0.000 0.000 0.000 0.000 0.000 0.000 0.000 0.000 0.000 0.000 0.001 0.001 0.002 0.003
0.000 0.000 0.000 0.000 0.000 0.000 0.000 0.000 0.000 0.000 0.000 0.000 0.000 0.000 0.000 0.000 0.000 0.000 0.000 0.000 0.000 0.000 0.000 0.000 0.000 0.000 0.000 0.000 0.000 0.000 0.000 0.000 0.000 0.000 0.000 0.000 0.000 0.000 0.000 0.000 0.000 0.000 0.000 0.000 0.000 0.000 0.000 0.000 0.000 0.000 0.000 0.000 0.000 0.000 0.000 0.000 0.000 0.000 0.000 0.000 0.000 0.000 0.000 0.000 0.000 0.000 0.000 0.000 0.000 0.000 0.000 0.000 0.000 0.000 0.001 0.001 0.002
0.000 0.000 0.000 0.000 0.000 0.000 0.000 0.000 0.000 0.000 0.000 0.000 0.000 0.000 0.000 0.000 0.000 0.000 0.000 0.000 0.000 0.000 0.000 0.000 0.000 0.000 0.000 0.000 0.000 0.000 0.000 0.000 0.000 0.000 0.000 0.000 0.000 0.000 0.000 0.000 0.000 0.000 0.000 0.000 0.000 0.000 0.000 0.000 0.000 0.000 0.000 0.000 0.000 0.000 0.000 0.000 0.000 0.000 0.000 0.000 0.000 0.000 0.000 0.000 0.000 0.000 0.000 0.000 0.000 0.000 0.000 0.000 0.000 0.000 0.000 0.000 0.001
0.000 0.000 0.000 0.000 0.000 0.000 0.000 0.000 0.000 0.000 0.000 0.000 0.000 0.000 0.000 0.000 0.000 0.000 0.000 0.000 0.000 0.000 0.000 0.000 0.000 0.000 0.000 0.000 0.000 0.000 0.000 0.000 0.000 0.000 0.000 0.000 0.000 0.000 0.000 0.000 0.000 0.000 0.000 0.000 0.000 0.000 0.000 0.000 0.000 0.000 0.000 0.000 0.000 0.000 0.000 0.000 0.000 0.000 0.000 0.000 0.000 0.000 0.000 0.000 0.000 0.000 0.000 0.000 0.000 0.000 0.000 0.000 0.000 0.000 0.000 0.000 0.000
0.000 0.000 0.000 0.000 0.000 0.000 0.000 0.000 0.000 0.000 0.000 0.000 0.000 0.000 0.000 0.000 0.000 0.000 0.000 0.000 0.000 0.000 0.000 0.000 0.000 0.000 0.000 0.000 0.000 0.000 0.000 0.000 0.000 0.000 0.000 0.000 0.000 0.000 0.000 0.000 0.000 0.000 0.000 0.000 0.000 0.000 0.000 0.000 0.000 0.000 0.000 0.000 0.000 0.000 0.000 0.000 0.000 0.000 0.000 0.000 0.000 0.000 0.000 0.000 0.000 0.000 0.000 0.000 0.000 0.000 0.000 0.000 0.000 0.000 0.000 0.000 0.000
0.000 0.000 0.000 0.000 0.000 0.000 0.000 0.000 0.000 0.000 0.000 0.000 0.000 0.000 0.000 0.000 0.000 0.000 0.000 0.000 0.000 0.000 0.000 0.000 0.000 0.000 0.000 0.000 0.000 0.000 0.000 0.000 0.000 0.000 0.000 0.000 0.000 0.000 0.000 0.000 0.000 0.000 0.000 0.000 0.000 0.000 0.000 0.000 0.000 0.000 0.000 0.000 0.000 0.000 0.000 0.000 0.000 0.000 0.000 0.000 0.000 0.000 0.000 0.000 0.000 0.000 0.000 0.000 0.000 0.000 0.000 0.000 0.000 0.000 0.000 0.000 0.000
0.000 0.000 0.000 0.000 0.000 0.000 0.000 0.000 0.000 0.000 0.000 0.000 0.000 0.000 0.000 0.000 0.000 0.000 0.000 0.000 0.000 0.000 0.000 0.000 0.000 0.000 0.000 0.000 0.000 0.000 0.000 0.000 0.000 0.000 0.000 0.000 0.000 0.000 0.000 0.000 0.000 0.000 0.000 0.000 0.000 0.000 0.000 0.000 0.000 0.000 0.000 0.000 0.000 0.000 0.000 0.000 0.000 0.000 0.000 0.000 0.000 0.000 0.000 0.000 0.000 0.000 0.000 0.000 0.000 0.000 0.000 0.000 0.000 0.000 0.000 0.000 0.000
