RESULTS/r.avaflow_results/32_results/32_ascii/32_hflow_max0030.asc
ncols 506
nrows 317
xllcenter 498237.50
yllcenter 5580050.00
cellsize 12.50
NODATA_value -9999.000
[rows 170 to 203 of 317, columns 77 to 153 of 506]
0.000 0.000 0.000 0.000 0.000 0.000 0.000 0.000 0.000 0.000 0.000 0.000 0.000 0.000 0.000 0.000 0.000 0.000 0.001 0.001 0.001 0.002 0.006 0.016 0.029 0.037 0.038 0.038 0.038 0.037 0.036 0.033 0.028 0.027 0.027 0.036 0.060 0.092 0.108 0.111 0.116 0.144 0.208 0.298 0.356 0.392 0.436 0.490 0.554 0.688 1.183 2.053 3.165 4.010 4.804 6.650 9.367 13.069 16.843 20.013 22.381 23.659 24.584 24.766 24.345 23.455 22.518 21.402 20.271 19.128 17.741 16.234 14.987 14.441 14.077 13.773 13.553
0.000 0.000 0.000 0.000 0.000 0.000 0.000 0.000 0.000 0.000 0.000 0.000 0.000 0.000 0.000 0.001 0.001 0.002 0.003 0.004 0.006 0.011 0.022 0.039 0.053 0.059 0.060 0.060 0.060 0.059 0.056 0.052 0.045 0.044 0.046 0.061 0.098 0.143 0.167 0.178 0.189 0.236 0.332 0.462 0.558 0.645 0.768 0.930 1.206 1.840 2.670 3.570 4.259 4.726 6.046 8.598 11.222 15.268 19.083 22.118 24.144 25.156 25.275 25.217 24.687 23.897 22.812 21.528 20.230 18.957 17.774 17.141 16.792 16.545 16.391 16.469 16.752
0.000 0.000 0.000 0.000 0.000 0.000 0.000 0.000 0.000 0.000 0.000 0.000 0.000 0.000 0.001 0.002 0.004 0.007 0.010 0.014 0.020 0.033 0.054 0.074 0.084 0.088 0.089 0.089 0.089 0.088 0.085 0.078 0.070 0.068 0.072 0.095 0.144 0.206 0.249 0.280 0.311 0.384 0.519 0.695 0.861 1.048 1.344 1.869 2.620 3.458 4.177 4.649 4.951 5.567 6.651 9.220 11.851 15.940 19.849 22.874 24.823 25.689 25.438 25.191 24.730 23.891 22.752 21.490 20.318 19.633 19.150 18.737 18.331 18.030 18.009 18.601 19.575
0.000 0.000 0.000 0.000 0.000 0.000 0.000 0.000 0.000 0.000 0.000 0.000 0.000 0.001 0.002 0.005 0.009 0.014 0.022 0.031 0.046 0.071 0.099 0.116 0.124 0.127 0.129 0.129 0.129 0.127 0.123 0.114 0.104 0.103 0.109 0.136 0.195 0.279 0.359 0.431 0.509 0.622 0.801 1.045 1.455 2.058 2.689 3.394 4.117 4.719 5.315 5.828 6.130 6.395 6.986 8.963 11.433 15.474 19.521 22.639 24.643 25.476 25.210 24.923 24.421 23.635 22.630 21.801 21.247 20.752 20.227 19.663 19.207 19.025 19.276 20.243 21.628
0.000 0.000 0.000 0.000 0.000 0.000 0.000 0.000 0.000 0.000 0.000 0.000 0.000 0.002 0.005 0.010 0.017 0.027 0.040 0.058 0.086 0.121 0.150 0.167 0.176 0.181 0.183 0.183 0.183 0.180 0.174 0.163 0.151 0.149 0.156 0.187 0.257 0.369 0.506 0.648 0.803 0.991 1.271 2.005 2.826 3.583 4.195 4.718 5.235 6.044 6.634 6.907 6.999 7.056 7.208 8.075 10.355 14.122 18.414 21.689 23.714 24.605 24.622 24.229 23.862 23.343 22.778 22.244 21.695 21.187 20.655 20.069 19.546 19.564 20.084 21.138 22.489
0.000 0.000 0.000 0.000 0.000 0.000 0.000 0.000 0.000 0.000 0.000 0.000 0.001 0.004 0.009 0.017 0.029 0.044 0.066 0.096 0.138 0.182 0.214 0.234 0.245 0.252 0.255 0.255 0.255 0.252 0.243 0.228 0.213 0.208 0.214 0.251 0.346 0.500 0.705 0.940 1.205 1.514 2.446 3.570 4.467 5.064 5.408 5.807 6.654 7.223 7.561 7.705 7.682 7.608 7.517 7.759 9.278 12.653 17.006 20.495 22.573 23.527 23.672 23.275 23.133 23.032 22.770 22.346 21.820 21.265 20.672 20.041 19.536 19.451 20.134 21.186 22.428
0.000 0.000 0.000 0.000 0.000 0.000 0.000 0.000 0.000 0.000 0.000 0.000 0.001 0.005 0.012 0.024 0.042 0.067 0.102 0.147 0.207 0.261 0.299 0.323 0.338 0.346 0.350 0.351 0.350 0.346 0.335 0.314 0.292 0.281 0.285 0.331 0.462 0.679 0.967 1.310 1.716 2.302 3.836 5.117 5.874 6.228 6.350 7.061 7.727 8.133 8.309 8.360 8.260 8.070 7.867 7.592 8.608 11.598 15.842 19.502 21.552 22.534 22.656 22.259 22.243 22.349 22.194 21.789 21.232 20.610 19.933 19.238 18.765 18.793 19.327 20.319 21.570
0.000 0.000 0.000 0.000 0.000 0.000 0.000 0.000 0.000 0.000 0.000 0.000 0.001 0.005 0.013 0.027 0.050 0.086 0.141 0.214 0.298 0.367 0.414 0.446 0.463 0.472 0.476 0.477 0.474 0.468 0.453 0.424 0.393 0.397 0.469 0.552 0.646 0.837 1.233 1.725 2.308 3.015 4.923 6.292 6.940 7.091 7.255 8.020 8.545 8.843 8.943 8.917 8.728 8.473 8.178 7.700 8.331 10.986 14.967 18.510 20.448 21.425 21.562 21.091 20.959 20.941 20.661 20.175 19.539 18.811 18.009 17.209 16.803 16.875 17.539 18.796 20.156
0.000 0.000 0.000 0.000 0.000 0.000 0.000 0.000 0.000 0.000 0.000 0.000 0.001 0.005 0.014 0.028 0.052 0.093 0.164 0.278 0.414 0.509 0.572 0.610 0.631 0.639 0.641 0.640 0.636 0.625 0.604 0.566 0.647 0.722 0.797 0.875 0.958 1.041 1.426 2.099 2.904 3.720 5.653 7.121 7.660 7.704 8.031 8.710 9.139 9.359 9.426 9.321 9.069 8.786 8.405 7.835 8.154 10.576 14.160 17.220 18.944 20.007 20.019 19.386 18.995 18.746 18.320 17.744 17.026 16.149 15.178 14.360 14.145 14.363 15.269 16.816 18.510
0.000 0.000 0.000 0.000 0.000 0.000 0.000 0.000 0.000 0.000 0.000 0.000 0.001 0.005 0.013 0.027 0.051 0.092 0.168 0.306 0.520 0.695 0.779 0.825 0.847 0.855 0.855 0.851 0.842 0.826 0.883 1.018 1.092 1.139 1.184 1.233 1.294 1.367 1.514 2.354 3.407 4.335 5.997 7.634 8.139 8.107 8.513 9.124 9.493 9.632 9.660 9.544 9.364 8.997 8.565 7.894 7.928 10.058 13.152 15.564 17.251 17.975 17.738 16.970 16.422 16.106 15.634 15.023 14.230 13.303 12.346 11.881 11.906 12.455 13.650 15.279 16.979
0.000 0.000 0.000 0.000 0.000 0.000 0.000 0.000 0.000 0.000 0.000 0.000 0.001 0.003 0.009 0.021 0.041 0.077 0.149 0.290 0.546 0.872 1.045 1.097 1.120 1.127 1.127 1.119 1.104 1.247 1.496 1.601 1.625 1.623 1.624 1.638 1.677 1.744 1.827 2.450 3.706 4.778 6.019 7.813 8.396 8.320 8.847 9.307 9.622 9.715 9.727 9.661 9.485 9.103 8.624 7.884 7.588 9.281 11.750 13.721 15.163 15.512 14.955 14.102 13.506 13.209 12.780 12.201 11.518 10.766 10.046 9.858 10.068 10.862 12.201 13.693 15.303
0.000 0.000 0.000 0.000 0.000 0.000 0.000 0.000 0.000 0.000 0.000 0.000 0.000 0.001 0.004 0.010 0.022 0.043 0.087 0.207 0.475 0.935 1.304 1.429 1.457 1.465 1.464 1.454 1.553 2.018 2.235 2.272 2.239 2.192 2.156 2.138 2.151 2.199 2.289 2.432 3.799 5.019 5.893 7.755 8.458 8.644 9.131 9.385 9.596 9.679 9.733 9.641 9.465 9.095 8.541 7.776 7.121 8.252 9.968 11.818 12.846 12.891 12.047 11.081 10.450 10.121 9.788 9.392 8.945 8.482 8.146 8.130 8.503 9.404 10.715 12.107 13.503
0.000 0.000 0.000 0.000 0.000 0.000 0.000 0.000 0.000 0.000 0.000 0.000 0.000 0.000 0.001 0.003 0.007 0.015 0.032 0.087 0.308 0.828 1.456 1.762 1.859 1.879 1.873 1.861 2.313 2.829 3.010 3.026 2.961 2.880 2.826 2.797 2.778 2.796 2.872 3.008 3.755 5.113 5.941 7.441 8.297 8.964 9.357 9.424 9.483 9.561 9.558 9.490 9.286 8.920 8.320 7.490 6.551 7.019 8.164 9.611 10.387 10.246 9.299 8.338 7.877 7.499 7.194 6.903 6.635 6.440 6.394 6.570 7.082 8.000 9.150 10.291 11.419
0.000 0.000 0.000 0.000 0.000 0.000 0.000 0.000 0.000 0.000 0.000 0.000 0.000 0.000 0.000 0.001 0.002 0.003 0.007 0.025 0.149 0.617 1.458 2.019 2.245 2.335 2.351 2.335 2.951 3.597 3.815 3.851 3.807 3.717 3.649 3.627 3.609 3.601 3.640 3.769 4.063 5.110 5.967 6.909 7.894 9.069 9.462 9.444 9.401 9.318 9.227 9.048 8.792 8.408 7.848 7.035 6.115 6.094 6.567 7.339 7.673 7.516 6.851 6.386 5.962 5.571 5.220 4.912 4.711 4.642 4.730 5.062 5.691 6.533 7.421 8.349 9.343
0.000 0.000 0.000 0.000 0.000 0.000 0.000 0.000 0.000 0.000 0.000 0.000 0.000 0.000 0.000 0.000 0.001 0.001 0.003 0.008 0.065 0.406 1.284 2.131 2.526 2.722 2.817 2.837 3.497 4.372 4.717 4.779 4.773 4.727 4.671 4.668 4.677 4.686 4.735 4.869 5.151 5.777 6.514 6.973 7.900 8.956 9.386 9.452 9.291 9.022 8.677 8.259 7.919 7.509 6.995 6.319 5.857 5.579 5.554 5.794 5.814 5.576 5.244 4.890 4.530 4.154 3.755 3.386 3.171 3.104 3.156 3.452 4.060 4.834 5.632 6.540 7.555
0.000 0.000 0.000 0.000 0.000 0.000 0.000 0.000 0.000 0.000 0.000 0.000 0.000 0.000 0.000 0.001 0.002 0.004 0.006 0.009 0.030 0.225 0.952 2.018 2.665 2.992 3.189 3.308 3.965 5.073 5.686 5.833 5.790 5.805 5.844 5.916 5.989 6.079 6.198 6.283 6.376 6.732 7.148 7.331 7.800 8.660 9.111 9.253 9.004 8.581 8.063 7.442 6.755 6.304 6.073 5.867 5.658 5.340 5.009 4.843 4.634 4.352 4.050 3.731 3.402 3.042 2.637 2.276 2.123 2.036 2.007 2.085 2.390 3.003 3.916 4.955 6.173
0.000 0.000 0.000 0.000 0.000 0.000 0.000 0.000 0.000 0.000 0.000 0.000 0.000 0.000 0.001 0.003 0.005 0.009 0.014 0.019 0.027 0.114 0.586 1.659 2.639 3.150 3.484 3.756 4.277 5.593 6.441 6.802 6.823 6.835 6.919 7.040 7.196 7.339 7.427 7.466 7.464 7.480 7.579 7.530 7.534 8.145 8.620 8.709 8.463 7.963 7.308 6.535 5.593 5.125 5.153 5.310 5.321 5.141 4.794 4.350 3.899 3.535 3.204 2.874 2.539 2.253 1.992 1.765 1.573 1.417 1.265 1.170 1.236 1.570 2.328 3.515 4.730
0.000 0.000 0.000 0.000 0.000 0.000 0.000 0.000 0.000 0.000 0.000 0.000 0.000 0.001 0.003 0.007 0.012 0.021 0.031 0.039 0.046 0.105 0.320 1.156 2.412 3.215 3.677 4.105 4.736 5.869 6.914 7.460 7.633 7.738 7.931 8.130 8.276 8.364 8.394 8.381 8.291 8.053 7.796 7.654 7.489 7.636 7.931 7.936 7.701 7.207 6.553 5.691 4.622 3.887 4.036 4.462 4.736 4.727 4.489 4.088 3.625 3.213 2.866 2.517 2.174 1.862 1.595 1.370 1.169 0.984 0.779 0.601 0.545 0.660 1.061 1.862 2.438
0.000 0.000 0.000 0.000 0.000 0.000 0.000 0.000 0.000 0.000 0.000 0.000 0.001 0.003 0.008 0.017 0.030 0.049 0.066 0.078 0.108 0.233 0.425 0.730 1.947 3.105 3.749 4.305 5.113 6.008 7.122 7.853 8.203 8.298 8.646 8.936 9.040 9.050 9.056 8.994 8.787 8.436 8.017 7.694 7.378 7.063 7.168 7.113 6.902 6.466 5.856 5.025 3.964 3.330 3.128 3.426 3.841 4.019 3.952 3.698 3.339 2.961 2.619 2.251 1.864 1.526 1.256 1.041 0.856 0.672 0.472 0.301 0.218 0.217 0.331 0.634 0.784
0.000 0.000 0.000 0.000 0.000 0.000 0.000 0.000 0.000 0.000 0.000 0.001 0.003 0.008 0.020 0.042 0.072 0.104 0.131 0.147 0.246 0.480 0.779 1.110 1.502 2.816 3.704 4.382 5.329 6.331 7.259 8.064 8.514 8.681 8.934 9.202 9.256 9.207 9.224 9.198 9.061 8.685 8.099 7.543 7.050 6.492 6.488 6.400 6.198 5.818 5.233 4.460 3.890 3.232 2.559 2.619 2.848 3.048 3.131 3.079 2.889 2.597 2.266 1.902 1.526 1.193 0.934 0.734 0.567 0.408 0.251 0.138 0.085 0.075 0.091 0.156 0.182
0.000 0.000 0.000 0.000 0.000 0.000 0.000 0.000 0.000 0.000 0.000 0.002 0.006 0.019 0.048 0.096 0.152 0.199 0.238 0.268 0.510 0.918 1.322 1.710 2.142 2.678 3.516 4.361 5.415 6.538 7.544 8.226 8.654 8.819 8.949 9.130 9.235 9.207 9.160 9.182 9.082 8.690 7.974 7.132 6.402 5.967 5.924 5.800 5.588 5.241 4.714 4.194 3.645 2.904 2.233 2.133 2.112 2.126 2.125 2.115 2.055 1.881 1.584 1.256 0.969 0.725 0.533 0.389 0.276 0.181 0.102 0.054 0.036 0.033 0.035 0.047 0.051
0.000 0.000 0.000 0.000 0.000 0.000 0.000 0.000 0.000 0.000 0.000 0.003 0.011 0.036 0.089 0.176 0.273 0.344 0.409 0.486 0.984 1.599 2.080 2.503 2.959 3.516 4.147 4.716 5.392 6.600 7.680 8.384 8.675 8.771 8.809 8.947 8.987 8.932 8.846 8.806 8.684 8.274 7.486 6.407 5.521 5.446 5.382 5.237 5.012 4.695 4.238 3.814 3.159 2.234 1.994 1.809 1.651 1.502 1.362 1.231 1.105 0.950 0.733 0.522 0.369 0.260 0.182 0.126 0.086 0.057 0.035 0.024 0.020 0.018 0.018 0.020 0.021
0.000 0.000 0.000 0.000 0.000 0.000 0.000 0.000 0.000 0.000 0.000 0.003 0.014 0.046 0.114 0.224 0.367 0.515 0.666 0.858 1.740 2.555 3.088 3.534 4.005 4.568 5.096 5.557 5.927 6.537 7.593 8.273 8.556 8.660 8.583 8.489 8.438 8.325 8.177 7.989 7.685 7.082 6.080 5.229 5.123 5.043 4.949 4.795 4.570 4.265 3.815 3.160 2.325 2.004 1.748 1.527 1.318 1.105 0.893 0.700 0.535 0.391 0.262 0.165 0.104 0.068 0.047 0.035 0.026 0.021 0.016 0.013 0.012 0.011 0.011 0.011 0.011
0.000 0.000 0.000 0.000 0.000 0.000 0.000 0.000 0.000 0.000 0.000 0.004 0.015 0.048 0.120 0.241 0.407 0.628 0.925 1.486 2.754 3.812 4.425 4.893 5.352 5.783 6.098 6.331 6.512 6.631 7.392 8.065 8.344 8.401 8.158 7.862 7.703 7.462 7.156 6.806 6.418 5.793 5.242 5.071 5.014 4.956 4.835 4.621 4.295 3.821 3.158 2.590 2.059 1.737 1.471 1.239 1.011 0.776 0.555 0.372 0.237 0.144 0.084 0.050 0.031 0.022 0.017 0.014 0.012 0.010 0.009 0.008 0.007 0.007 0.007 0.007 0.007
0.000 0.000 0.000 0.000 0.000 0.000 0.000 0.000 0.000 0.000 0.000 0.003 0.014 0.045 0.116 0.239 0.418 0.668 1.055 2.176 3.922 5.231 5.935 6.335 6.636 6.846 6.952 6.956 6.934 6.886 7.077 7.718 8.116 8.200 7.954 7.447 7.070 6.942 6.704 6.359 5.951 5.554 5.200 5.006 4.910 4.783 4.589 4.246 3.787 3.192 2.442 2.094 1.757 1.420 1.136 0.886 0.650 0.437 0.270 0.155 0.085 0.046 0.025 0.015 0.011 0.008 0.007 0.007 0.006 0.006 0.005 0.005 0.004 0.004 0.004 0.004 0.004
0.000 0.000 0.000 0.000 0.000 0.000 0.000 0.000 0.000 0.000 0.000 0.002 0.010 0.035 0.095 0.212 0.401 0.672 1.508 3.090 5.057 6.455 7.153 7.480 7.639 7.685 7.580 7.347 7.161 7.020 6.863 7.202 7.661 7.736 7.473 6.999 6.889 6.652 6.346 6.048 5.784 5.536 5.254 4.955 4.748 4.535 4.218 3.793 3.252 2.623 2.022 1.752 1.419 1.050 0.728 0.476 0.292 0.164 0.085 0.043 0.023 0.012 0.007 0.005 0.004 0.004 0.003 0.003 0.003 0.003 0.003 0.002 0.002 0.002 0.002 0.002 0.002
0.000 0.000 0.000 0.000 0.000 0.000 0.000 0.000 0.000 0.000 0.000 0.001 0.005 0.019 0.060 0.168 0.428 1.026 2.246 4.024 5.850 7.224 8.006 8.330 8.368 8.238 7.923 7.608 7.310 7.079 6.802 6.776 7.000 7.060 7.007 6.908 6.653 6.271 6.058 5.904 5.749 5.535 5.254 4.939 4.626 4.307 3.917 3.403 2.829 2.190 1.623 1.371 1.041 0.674 0.388 0.216 0.119 0.060 0.027 0.011 0.005 0.003 0.002 0.002 0.002 0.002 0.002 0.002 0.002 0.001 0.001 0.001 0.001 0.001 0.001 0.001 0.001
0.000 0.000 0.000 0.000 0.000 0.000 0.000 0.000 0.000 0.000 0.000 0.001 0.004 0.022 0.084 0.269 0.711 1.581 2.966 4.729 6.225 7.374 8.188 8.564 8.617 8.505 8.233 7.753 7.328 6.944 6.726 6.963 7.082 7.112 7.064 6.897 6.497 6.143 5.981 5.880 5.748 5.527 5.221 4.904 4.561 4.129 3.632 3.111 2.521 1.839 1.102 0.824 0.552 0.308 0.153 0.076 0.035 0.015 0.006 0.003 0.001 0.001 0.001 0.000 0.000 0.000 0.000 0.000 0.000 0.000 0.000 0.000 0.000 0.000 0.000 0.000 0.000
0.000 0.000 0.000 0.000 0.000 0.000 0.000 0.000 0.000 0.000 0.000 0.002 0.010 0.043 0.158 0.468 1.110 2.143 3.542 5.074 6.290 7.236 7.886 8.328 8.548 8.512 8.212 7.646 7.149 6.751 6.866 7.103 7.151 7.120 7.079 6.836 6.371 6.126 6.019 5.923 5.754 5.506 5.193 4.828 4.426 3.975 3.451 2.878 2.242 1.522 0.813 0.335 0.176 0.087 0.039 0.017 0.007 0.003 0.001 0.001 0.000 0.000 0.000 0.000 0.000 0.000 0.000 0.000 0.000 0.000 0.000 0.000 0.000 0.000 0.000 0.000 0.000
0.000 0.000 0.000 0.000 0.000 0.000 0.000 0.000 0.000 0.000 0.000 0.003 0.017 0.071 0.243 0.673 1.487 2.649 3.921 5.151 6.176 6.933 7.397 7.815 8.001 7.958 7.614 7.059 6.733 6.651 6.956 7.120 7.156 7.132 7.019 6.722 6.345 6.175 6.084 5.954 5.714 5.431 5.126 4.773 4.331 3.819 3.300 2.710 2.042 1.287 0.613 0.219 0.059 0.015 0.007 0.003 0.001 0.001 0.000 0.000 0.000 0.000 0.000 0.000 0.000 0.000 0.000 0.000 0.000 0.000 0.000 0.000 0.000 0.000 0.000 0.000 0.000
0.000 0.000 0.000 0.000 0.000 0.000 0.000 0.000 0.000 0.000 0.001 0.004 0.024 0.099 0.327 0.861 1.824 3.092 4.187 5.143 5.983 6.599 7.005 7.223 7.259 7.157 6.856 6.605 6.510 6.740 7.058 7.171 7.201 7.148 6.964 6.617 6.340 6.269 6.180 5.963 5.654 5.346 5.054 4.698 4.235 3.711 3.141 2.512 1.798 1.029 0.439 0.140 0.033 0.006 0.001 0.001 0.000 0.000 0.000 0.000 0.000 0.000 0.000 0.000 0.000 0.000 0.000 0.000 0.000 0.000 0.000 0.000 0.000 0.000 0.000 0.000 0.000
0.000 0.000 0.000 0.000 0.000 0.000 0.000 0.000 0.000 0.000 0.000 0.005 0.028 0.121 0.396 1.020 2.116 3.429 4.406 5.165 5.845 6.304 6.612 6.752 6.746 6.598 6.451 6.328 6.337 6.762 7.061 7.208 7.233 7.185 6.998 6.632 6.418 6.331 6.238 5.948 5.587 5.289 4.968 4.617 4.148 3.590 2.982 2.301 1.522 0.756 0.284 0.080 0.017 0.003 0.000 0.000 0.000 0.000 0.000 0.000 0.000 0.000 0.000 0.000 0.000 0.000 0.000 0.000 0.000 0.000 0.000 0.000 0.000 0.000 0.000 0.000 0.000
0.000 0.000 0.000 0.000 0.000 0.000 0.000 0.000 0.000 0.001 0.002 0.005 0.030 0.136 0.456 1.151 2.356 3.732 4.635 5.225 5.693 6.004 6.564 6.779 6.723 6.482 6.100 6.057 6.300 6.727 7.016 7.221 7.303 7.264 7.081 6.791 6.612 6.443 6.259 5.879 5.467 5.175 4.867 4.499 4.033 3.463 2.816 2.100 1.247 0.545 0.178 0.044 0.008 0.001 0.000 0.000 0.000 0.000 0.000 0.000 0.000 0.000 0.000 0.000 0.000 0.000 0.000 0.000 0.000 0.000 0.000 0.000 0.000 0.000 0.000 0.000 0.000
0.000 0.000 0.000 0.000 0.000 0.001 0.001 0.001 0.002 0.003 0.004 0.005 0.029 0.143 0.500 1.284 2.587 3.987 4.923 5.455 5.712 5.842 6.419 6.757 6.822 6.638 6.177 5.836 6.255 6.655 7.018 7.296 7.420 7.405 7.292 7.086 6.846 6.626 6.339 5.858 5.401 5.104 4.808 4.389 3.878 3.280 2.593 1.794 0.940 0.363 0.106 0.024 0.004 0.000 0.000 0.000 0.000 0.000 0.000 0.000 0.000 0.000 0.000 0.000 0.000 0.000 0.000 0.000 0.000 0.000 0.000 0.000 0.000 0.000 0.000 0.000 0.000
