RESULTS/r.avaflow_results/32_results/32_ascii/32_hflow30052.asc
ncols 506
nrows 317
xllcenter 498237.50
yllcenter 5580050.00
cellsize 12.50
NODATA_value -9999.000
[rows 170 to 203 of 317, columns 154 to 230 of 506]
8.750 8.689 8.626 8.533 8.398 8.220 8.065 7.933 7.796 7.641 7.495 7.366 7.220 6.968 6.507 5.799 4.916 4.018 3.166 2.362 1.631 1.015 0.577 0.332 0.217 0.168 0.153 0.154 0.160 0.175 0.204 0.249 0.297 0.329 0.349 0.365 0.389 0.437 0.471 0.475 0.462 0.443 0.440 0.447 0.446 0.431 0.386 0.310 0.229 0.161 0.113 0.085 0.067 0.057 0.052 0.050 0.051 0.053 0.056 0.060 0.061 0.060 0.059 0.058 0.057 0.057 0.060 0.072 0.107 0.185 0.264 0.293 0.287 0.228 0.141 0.088 0.064
12.139 12.395 12.567 12.638 12.620 12.486 12.280 12.062 11.829 11.560 11.281 11.026 10.775 10.477 10.015 9.303 8.334 7.174 5.920 4.639 3.403 2.312 1.438 0.843 0.509 0.343 0.267 0.241 0.239 0.253 0.288 0.342 0.391 0.412 0.416 0.416 0.423 0.450 0.469 0.467 0.440 0.410 0.398 0.390 0.377 0.339 0.261 0.167 0.102 0.069 0.053 0.043 0.038 0.035 0.035 0.036 0.038 0.042 0.046 0.048 0.048 0.047 0.045 0.043 0.042 0.042 0.045 0.054 0.079 0.137 0.225 0.282 0.299 0.286 0.230 0.159 0.107
15.686 16.263 16.519 16.545 16.421 16.149 15.813 15.479 15.144 14.788 14.422 14.094 13.793 13.481 13.049 12.364 11.394 10.227 8.948 7.534 5.978 4.422 3.044 1.957 1.217 0.768 0.514 0.386 0.332 0.316 0.328 0.363 0.401 0.414 0.411 0.400 0.398 0.405 0.405 0.383 0.325 0.275 0.246 0.223 0.198 0.158 0.105 0.065 0.044 0.034 0.028 0.026 0.024 0.024 0.024 0.026 0.029 0.034 0.037 0.038 0.038 0.037 0.034 0.033 0.032 0.032 0.034 0.041 0.056 0.092 0.165 0.248 0.296 0.315 0.309 0.269 0.200
18.557 19.453 19.806 19.804 19.610 19.268 18.892 18.536 18.176 17.792 17.384 17.020 16.701 16.388 15.978 15.299 14.297 13.069 11.746 10.360 8.847 7.150 5.388 3.787 2.524 1.623 1.034 0.681 0.488 0.390 0.348 0.343 0.355 0.358 0.346 0.320 0.300 0.284 0.261 0.216 0.156 0.118 0.098 0.086 0.075 0.060 0.041 0.029 0.023 0.020 0.018 0.017 0.017 0.017 0.018 0.019 0.022 0.026 0.029 0.029 0.029 0.028 0.027 0.026 0.026 0.027 0.028 0.032 0.041 0.059 0.098 0.174 0.262 0.317 0.334 0.330 0.294
20.239 21.353 21.921 22.070 22.001 21.812 21.582 21.350 21.078 20.728 20.310 19.911 19.564 19.219 18.790 18.108 17.111 15.865 14.489 13.046 11.533 9.893 8.064 6.111 4.324 2.893 1.845 1.149 0.721 0.474 0.344 0.282 0.252 0.236 0.211 0.179 0.159 0.145 0.129 0.101 0.069 0.052 0.043 0.038 0.033 0.028 0.021 0.017 0.014 0.013 0.012 0.012 0.012 0.012 0.013 0.014 0.017 0.020 0.022 0.022 0.022 0.022 0.022 0.022 0.022 0.023 0.024 0.026 0.031 0.041 0.059 0.097 0.179 0.280 0.331 0.338 0.326
20.613 21.829 22.652 23.115 23.364 23.526 23.616 23.615 23.514 23.269 22.856 22.354 21.944 21.559 21.114 20.475 19.589 18.456 17.100 15.567 13.920 12.157 10.197 7.950 5.700 3.834 2.415 1.448 0.854 0.511 0.325 0.228 0.175 0.137 0.106 0.087 0.079 0.073 0.065 0.050 0.036 0.028 0.024 0.021 0.018 0.015 0.013 0.011 0.010 0.009 0.009 0.009 0.009 0.009 0.009 0.010 0.012 0.014 0.016 0.017 0.017 0.017 0.018 0.018 0.019 0.019 0.021 0.023 0.026 0.031 0.041 0.060 0.104 0.197 0.286 0.320 0.323
20.212 21.519 22.532 23.215 23.761 24.264 24.610 24.764 24.793 24.681 24.296 23.660 23.196 22.857 22.465 21.899 21.166 20.237 19.001 17.424 15.607 13.642 11.479 8.978 6.376 4.225 2.609 1.524 0.876 0.507 0.301 0.189 0.124 0.082 0.056 0.046 0.042 0.040 0.035 0.028 0.022 0.018 0.015 0.013 0.011 0.010 0.009 0.008 0.007 0.006 0.006 0.006 0.006 0.006 0.007 0.007 0.009 0.010 0.012 0.013 0.013 0.014 0.014 0.015 0.016 0.017 0.018 0.020 0.023 0.026 0.033 0.045 0.069 0.120 0.199 0.260 0.292
19.170 20.631 21.901 22.897 23.699 24.339 24.721 24.885 24.952 24.912 24.564 23.856 23.369 23.113 22.794 22.261 21.587 20.771 19.650 18.107 16.209 14.109 11.817 9.192 6.453 4.204 2.542 1.448 0.809 0.451 0.251 0.139 0.078 0.047 0.032 0.026 0.024 0.023 0.020 0.017 0.014 0.012 0.010 0.009 0.008 0.007 0.006 0.005 0.005 0.004 0.004 0.004 0.004 0.004 0.004 0.005 0.006 0.007 0.008 0.009 0.010 0.011 0.012 0.012 0.013 0.015 0.016 0.018 0.020 0.023 0.029 0.037 0.052 0.079 0.125 0.179 0.231
17.906 19.506 20.952 22.197 23.208 23.911 24.251 24.361 24.395 24.333 23.998 23.312 22.785 22.512 22.189 21.651 20.984 20.222 19.195 17.738 15.866 13.732 11.378 8.696 5.964 3.747 2.144 1.136 0.586 0.300 0.152 0.077 0.042 0.027 0.020 0.017 0.015 0.014 0.012 0.011 0.009 0.008 0.007 0.006 0.005 0.005 0.004 0.003 0.003 0.002 0.002 0.002 0.002 0.002 0.002 0.003 0.004 0.004 0.005 0.006 0.007 0.008 0.009 0.010 0.011 0.012 0.014 0.016 0.018 0.021 0.026 0.032 0.043 0.060 0.086 0.121 0.163
16.604 18.259 19.737 21.015 22.029 22.724 23.073 23.151 23.059 22.759 22.403 21.960 21.466 20.903 20.309 19.687 19.031 18.352 17.476 16.155 14.350 12.209 9.828 7.197 4.686 2.698 1.334 0.574 0.246 0.120 0.064 0.037 0.023 0.016 0.013 0.011 0.010 0.009 0.008 0.008 0.007 0.006 0.005 0.004 0.003 0.003 0.002 0.002 0.001 0.001 0.001 0.001 0.001 0.001 0.001 0.001 0.002 0.003 0.003 0.004 0.005 0.006 0.007 0.008 0.009 0.010 0.012 0.014 0.016 0.019 0.023 0.029 0.038 0.050 0.067 0.090 0.119
15.055 16.642 18.061 19.285 20.262 21.008 21.507 21.657 21.464 20.957 20.741 20.663 20.291 19.380 18.461 17.743 17.039 16.250 15.225 13.783 11.884 9.630 7.154 4.735 2.731 1.342 0.546 0.191 0.078 0.043 0.028 0.019 0.014 0.011 0.010 0.009 0.008 0.007 0.006 0.005 0.004 0.004 0.003 0.002 0.002 0.001 0.001 0.001 0.001 0.000 0.000 0.000 0.000 0.000 0.000 0.000 0.001 0.001 0.002 0.002 0.003 0.004 0.005 0.006 0.007 0.009 0.010 0.012 0.015 0.018 0.022 0.027 0.035 0.045 0.059 0.077 0.099
13.063 14.483 15.885 17.226 18.429 19.485 20.267 20.554 20.387 19.888 19.749 19.712 19.279 18.204 17.208 16.449 15.637 14.562 13.094 11.193 8.859 6.214 3.815 2.133 1.087 0.478 0.171 0.059 0.030 0.020 0.015 0.012 0.010 0.008 0.007 0.006 0.006 0.005 0.004 0.003 0.003 0.002 0.002 0.001 0.001 0.001 0.000 0.000 0.000 0.000 0.000 0.000 0.000 0.000 0.000 0.000 0.000 0.000 0.001 0.001 0.002 0.003 0.003 0.004 0.006 0.007 0.009 0.011 0.013 0.016 0.020 0.026 0.034 0.043 0.056 0.071 0.089
10.840 12.159 13.607 15.151 16.637 17.972 18.999 19.451 19.376 18.967 18.670 18.352 17.688 16.634 15.721 14.923 13.967 12.565 10.599 8.040 5.188 2.760 1.294 0.580 0.269 0.120 0.048 0.023 0.015 0.012 0.010 0.009 0.007 0.006 0.005 0.004 0.004 0.003 0.002 0.002 0.001 0.001 0.001 0.000 0.000 0.000 0.000 0.000 0.000 0.000 0.000 0.000 0.000 0.000 0.000 0.000 0.000 0.000 0.000 0.000 0.001 0.001 0.002 0.003 0.004 0.006 0.008 0.010 0.012 0.015 0.020 0.025 0.033 0.043 0.055 0.067 0.081
8.951 10.183 11.527 13.023 14.528 15.893 16.997 17.578 17.626 17.254 16.562 15.715 14.796 13.885 13.068 12.165 10.934 9.092 6.518 3.839 1.810 0.677 0.222 0.095 0.054 0.031 0.018 0.012 0.010 0.009 0.007 0.006 0.005 0.004 0.004 0.003 0.002 0.002 0.001 0.001 0.000 0.000 0.000 0.000 0.000 0.000 0.000 0.000 0.000 0.000 0.000 0.000 0.000 0.000 0.000 0.000 0.000 0.000 0.000 0.000 0.000 0.001 0.001 0.002 0.003 0.005 0.007 0.009 0.012 0.015 0.019 0.025 0.033 0.044 0.054 0.064 0.074
7.244 8.313 9.386 10.485 11.547 12.556 13.531 14.139 14.261 13.944 13.074 11.850 10.692 9.708 8.695 7.498 5.929 4.011 2.153 0.895 0.276 0.076 0.035 0.024 0.018 0.013 0.010 0.009 0.007 0.006 0.005 0.004 0.004 0.003 0.002 0.002 0.001 0.001 0.000 0.000 0.000 0.000 0.000 0.000 0.000 0.000 0.000 0.000 0.000 0.000 0.000 0.000 0.000 0.000 0.000 0.000 0.000 0.000 0.000 0.000 0.000 0.000 0.001 0.001 0.002 0.004 0.006 0.008 0.011 0.014 0.019 0.025 0.034 0.044 0.053 0.061 0.070
5.403 6.115 6.580 6.881 7.160 7.559 8.217 8.809 9.028 8.885 8.190 6.953 5.566 4.430 3.503 2.657 1.745 0.862 0.311 0.086 0.030 0.019 0.015 0.012 0.010 0.009 0.007 0.006 0.005 0.004 0.004 0.003 0.002 0.002 0.001 0.001 0.000 0.000 0.000 0.000 0.000 0.000 0.000 0.000 0.000 0.000 0.000 0.000 0.000 0.000 0.000 0.000 0.000 0.000 0.000 0.000 0.000 0.000 0.000 0.000 0.000 0.000 0.000 0.001 0.002 0.003 0.005 0.007 0.010 0.014 0.019 0.025 0.033 0.043 0.052 0.060 0.068
2.851 2.966 2.921 2.822 2.756 2.803 3.034 3.350 3.494 3.468 3.181 2.565 1.743 1.098 0.703 0.453 0.237 0.091 0.033 0.018 0.013 0.011 0.010 0.009 0.007 0.006 0.005 0.004 0.003 0.003 0.002 0.002 0.001 0.001 0.000 0.000 0.000 0.000 0.000 0.000 0.000 0.000 0.000 0.000 0.000 0.000 0.000 0.000 0.000 0.000 0.000 0.000 0.000 0.000 0.000 0.000 0.000 0.000 0.000 0.000 0.000 0.000 0.000 0.000 0.001 0.002 0.004 0.006 0.009 0.013 0.018 0.024 0.031 0.040 0.049 0.058 0.069
0.905 0.831 0.756 0.675 0.616 0.593 0.617 0.683 0.708 0.698 0.630 0.473 0.260 0.137 0.087 0.058 0.033 0.019 0.013 0.011 0.009 0.008 0.007 0.006 0.005 0.004 0.003 0.003 0.002 0.001 0.001 0.001 0.000 0.000 0.000 0.000 0.000 0.000 0.000 0.000 0.000 0.000 0.000 0.000 0.000 0.000 0.000 0.000 0.000 0.000 0.000 0.000 0.000 0.000 0.000 0.000 0.000 0.000 0.000 0.000 0.000 0.000 0.000 0.000 0.001 0.002 0.003 0.006 0.008 0.012 0.016 0.022 0.028 0.036 0.046 0.059 0.074
0.191 0.156 0.142 0.131 0.117 0.107 0.105 0.108 0.107 0.103 0.091 0.068 0.040 0.028 0.022 0.017 0.013 0.011 0.009 0.008 0.007 0.006 0.005 0.004 0.003 0.002 0.002 0.001 0.001 0.001 0.000 0.000 0.000 0.000 0.000 0.000 0.000 0.000 0.000 0.000 0.000 0.000 0.000 0.000 0.000 0.000 0.000 0.000 0.000 0.000 0.000 0.000 0.000 0.000 0.000 0.000 0.000 0.000 0.000 0.000 0.000 0.000 0.000 0.000 0.000 0.001 0.003 0.005 0.007 0.011 0.015 0.019 0.025 0.033 0.044 0.060 0.081
0.046 0.041 0.040 0.039 0.036 0.033 0.032 0.030 0.029 0.027 0.025 0.021 0.016 0.014 0.012 0.010 0.009 0.008 0.006 0.005 0.005 0.004 0.003 0.002 0.002 0.001 0.001 0.000 0.000 0.000 0.000 0.000 0.000 0.000 0.000 0.000 0.000 0.000 0.000 0.000 0.000 0.000 0.000 0.000 0.000 0.000 0.000 0.000 0.000 0.000 0.000 0.000 0.000 0.000 0.000 0.000 0.000 0.000 0.000 0.000 0.000 0.000 0.000 0.000 0.000 0.001 0.002 0.003 0.006 0.009 0.012 0.017 0.022 0.029 0.041 0.059 0.081
0.020 0.019 0.019 0.019 0.018 0.017 0.016 0.015 0.014 0.013 0.012 0.011 0.010 0.009 0.008 0.007 0.006 0.005 0.004 0.004 0.003 0.002 0.002 0.001 0.001 0.000 0.000 0.000 0.000 0.000 0.000 0.000 0.000 0.000 0.000 0.000 0.000 0.000 0.000 0.000 0.000 0.000 0.000 0.000 0.000 0.000 0.000 0.000 0.000 0.000 0.000 0.000 0.000 0.000 0.000 0.000 0.000 0.000 0.000 0.000 0.000 0.000 0.000 0.000 0.000 0.000 0.001 0.002 0.004 0.007 0.010 0.013 0.018 0.024 0.034 0.050 0.072
0.012 0.012 0.011 0.011 0.011 0.010 0.010 0.009 0.009 0.009 0.008 0.008 0.007 0.006 0.006 0.005 0.004 0.003 0.003 0.002 0.002 0.001 0.001 0.000 0.000 0.000 0.000 0.000 0.000 0.000 0.000 0.000 0.000 0.000 0.000 0.000 0.000 0.000 0.000 0.000 0.000 0.000 0.000 0.000 0.000 0.000 0.000 0.000 0.000 0.000 0.000 0.000 0.000 0.000 0.000 0.000 0.000 0.000 0.000 0.000 0.000 0.000 0.000 0.000 0.000 0.000 0.001 0.001 0.003 0.005 0.007 0.010 0.013 0.017 0.023 0.033 0.049
0.008 0.008 0.007 0.007 0.007 0.007 0.007 0.006 0.006 0.006 0.005 0.005 0.005 0.004 0.004 0.003 0.002 0.002 0.001 0.001 0.001 0.000 0.000 0.000 0.000 0.000 0.000 0.000 0.000 0.000 0.000 0.000 0.000 0.000 0.000 0.000 0.000 0.000 0.000 0.000 0.000 0.000 0.000 0.000 0.000 0.000 0.000 0.000 0.000 0.000 0.000 0.000 0.000 0.000 0.000 0.000 0.000 0.000 0.000 0.000 0.000 0.000 0.000 0.000 0.000 0.000 0.000 0.001 0.002 0.003 0.005 0.007 0.009 0.012 0.016 0.021 0.028
0.005 0.005 0.005 0.005 0.005 0.004 0.004 0.004 0.004 0.003 0.003 0.003 0.003 0.002 0.002 0.002 0.001 0.001 0.000 0.000 0.000 0.000 0.000 0.000 0.000 0.000 0.000 0.000 0.000 0.000 0.000 0.000 0.000 0.000 0.000 0.000 0.000 0.000 0.000 0.000 0.000 0.000 0.000 0.000 0.000 0.000 0.000 0.000 0.000 0.000 0.000 0.000 0.000 0.000 0.000 0.000 0.000 0.000 0.000 0.000 0.000 0.000 0.000 0.000 0.000 0.000 0.000 0.000 0.001 0.002 0.003 0.005 0.006 0.008 0.011 0.014 0.018
0.003 0.003 0.003 0.003 0.003 0.002 0.002 0.002 0.002 0.002 0.002 0.001 0.001 0.001 0.001 0.001 0.000 0.000 0.000 0.000 0.000 0.000 0.000 0.000 0.000 0.000 0.000 0.000 0.000 0.000 0.000 0.000 0.000 0.000 0.000 0.000 0.000 0.000 0.000 0.000 0.000 0.000 0.000 0.000 0.000 0.000 0.000 0.000 0.000 0.000 0.000 0.000 0.000 0.000 0.000 0.000 0.000 0.000 0.000 0.000 0.000 0.000 0.000 0.000 0.000 0.000 0.000 0.000 0.000 0.001 0.002 0.003 0.004 0.006 0.007 0.010 0.012
0.001 0.001 0.001 0.001 0.001 0.001 0.001 0.001 0.001 0.001 0.000 0.000 0.000 0.000 0.000 0.000 0.000 0.000 0.000 0.000 0.000 0.000 0.000 0.000 0.000 0.000 0.000 0.000 0.000 0.000 0.000 0.000 0.000 0.000 0.000 0.000 0.000 0.000 0.000 0.000 0.000 0.000 0.000 0.000 0.000 0.000 0.000 0.000 0.000 0.000 0.000 0.000 0.000 0.000 0.000 0.000 0.000 0.000 0.000 0.000 0.000 0.000 0.000 0.000 0.000 0.000 0.000 0.000 0.000 0.000 0.001 0.002 0.002 0.004 0.005 0.006 0.008
0.000 0.000 0.000 0.000 0.000 0.000 0.000 0.000 0.000 0.000 0.000 0.000 0.000 0.000 0.000 0.000 0.000 0.000 0.000 0.000 0.000 0.000 0.000 0.000 0.000 0.000 0.000 0.000 0.000 0.000 0.000 0.000 0.000 0.000 0.000 0.000 0.000 0.000 0.000 0.000 0.000 0.000 0.000 0.000 0.000 0.000 0.000 0.000 0.000 0.000 0.000 0.000 0.000 0.000 0.000 0.000 0.000 0.000 0.000 0.000 0.000 0.000 0.000 0.000 0.000 0.000 0.000 0.000 0.000 0.000 0.000 0.001 0.001 0.002 0.003 0.004 0.006
0.000 0.000 0.000 0.000 0.000 0.000 0.000 0.000 0.000 0.000 0.000 0.000 0.000 0.000 0.000 0.000 0.000 0.000 0.000 0.000 0.000 0.000 0.000 0.000 0.000 0.000 0.000 0.000 0.000 0.000 0.000 0.000 0.000 0.000 0.000 0.000 0.000 0.000 0.000 0.000 0.000 0.000 0.000 0.000 0.000 0.000 0.000 0.000 0.000 0.000 0.000 0.000 0.000 0.000 0.000 0.000 0.000 0.000 0.000 0.000 0.000 0.000 0.000 0.000 0.000 0.000 0.000 0.000 0.000 0.000 0.000 0.000 0.000 0.001 0.002 0.002 0.003
0.000 0.000 0.000 0.000 0.000 0.000 0.000 0.000 0.000 0.000 0.000 0.000 0.000 0.000 0.000 0.000 0.000 0.000 0.000 0.000 0.000 0.000 0.000 0.000 0.000 0.000 0.000 0.000 0.000 0.000 0.000 0.000 0.000 0.000 0.000 0.000 0.000 0.000 0.000 0.000 0.000 0.000 0.000 0.000 0.000 0.000 0.000 0.000 0.000 0.000 0.000 0.000 0.000 0.000 0.000 0.000 0.000 0.000 0.000 0.000 0.000 0.000 0.000 0.000 0.000 0.000 0.000 0.000 0.000 0.000 0.000 0.000 0.000 0.000 0.001 0.001 0.002
0.000 0.000 0.000 0.000 0.000 0.000 0.000 0.000 0.000 0.000 0.000 0.000 0.000 0.000 0.000 0.000 0.000 0.000 0.000 0.000 0.000 0.000 0.000 0.000 0.000 0.000 0.000 0.000 0.000 0.000 0.000 0.000 0.000 0.000 0.000 0.000 0.000 0.000 0.000 0.000 0.000 0.000 0.000 0.000 0.000 0.000 0.000 0.000 0.000 0.000 0.000 0.000 0.000 0.000 0.000 0.000 0.000 0.000 0.000 0.000 0.000 0.000 0.000 0.000 0.000 0.000 0.000 0.000 0.000 0.000 0.000 0.000 0.000 0.000 0.000 0.000 0.001
0.000 0.000 0.000 0.000 0.000 0.000 0.000 0.000 0.000 0.000 0.000 0.000 0.000 0.000 0.000 0.000 0.000 0.000 0.000 0.000 0.000 0.000 0.000 0.000 0.000 0.000 0.000 0.000 0.000 0.000 0.000 0.000 0.000 0.000 0.000 0.000 0.000 0.000 0.000 0.000 0.000 0.000 0.000 0.000 0.000 0.000 0.000 0.000 0.000 0.000 0.000 0.000 0.000 0.000 0.000 0.000 0.000 0.000 0.000 0.000 0.000 0.000 0.000 0.000 0.000 0.000 0.000 0.000 0.000 0.000 0.000 0.000 0.000 0.000 0.000 0.000 0.000
0.000 0.000 0.000 0.000 0.000 0.000 0.000 0.000 0.000 0.000 0.000 0.000 0.000 0.000 0.000 0.000 0.000 0.000 0.000 0.000 0.000 0.000 0.000 0.000 0.000 0.000 0.000 0.000 0.000 0.000 0.000 0.000 0.000 0.000 0.000 0.000 0.000 0.000 0.000 0.000 0.000 0.000 0.000 0.000 0.000 0.000 0.000 0.000 0.000 0.000 0.000 0.000 0.000 0.000 0.000 0.000 0.000 0.000 0.000 0.000 0.000 0.000 0.000 0.000 0.000 0.000 0.000 0.000 0.000 0.000 0.000 0.000 0.000 0.000 0.000 0.000 0.000
0.000 0.000 0.000 0.000 0.000 0.000 0.000 0.000 0.000 0.000 0.000 0.000 0.000 0.000 0.000 0.000 0.000 0.000 0.000 0.000 0.000 0.000 0.000 0.000 0.000 0.000 0.000 0.000 0.000 0.000 0.000 0.000 0.000 0.000 0.000 0.000 0.000 0.000 0.000 0.000 0.000 0.000 0.000 0.000 0.000 0.000 0.000 0.000 0.000 0.000 0.000 0.000 0.000 0.000 0.000 0.000 0.000 0.000 0.000 0.000 0.000 0.000 0.000 0.000 0.000 0.000 0.000 0.000 0.000 0.000 0.000 0.000 0.000 0.000 0.000 0.000 0.000
0.000 0.000 0.000 0.000 0.000 0.000 0.000 0.000 0.000 0.000 0.000 0.000 0.000 0.000 0.000 0.000 0.000 0.000 0.000 0.000 0.000 0.000 0.000 0.000 0.000 0.000 0.000 0.000 0.000 0.000 0.000 0.000 0.000 0.000 0.000 0.000 0.000 0.000 0.000 0.000 0.000 0.000 0.000 0.000 0.000 0.000 0.000 0.000 0.000 0.000 0.000 0.000 0.000 0.000 0.000 0.000 0.000 0.000 0.000 0.000 0.000 0.000 0.000 0.000 0.000 0.000 0.000 0.000 0.000 0.000 0.000 0.000 0.000 0.000 0.000 0.000 0.000
