RESULTS/r.avaflow_results/32_results/32_ascii/32_hflow30045.asc
ncols 506
nrows 317
xllcenter 498237.50
yllcenter 5580050.00
cellsize 12.50
NODATA_value -9999.000
[rows 170 to 203 of 317, columns 154 to 230 of 506]
8.738 8.674 8.610 8.519 8.388 8.216 8.064 7.937 7.803 7.653 7.513 7.391 7.251 7.004 6.549 5.847 4.969 4.075 3.229 2.431 1.700 1.076 0.625 0.366 0.241 0.185 0.167 0.165 0.169 0.181 0.208 0.253 0.295 0.320 0.332 0.341 0.357 0.388 0.403 0.398 0.372 0.351 0.347 0.350 0.349 0.335 0.298 0.238 0.179 0.130 0.096 0.076 0.063 0.055 0.052 0.051 0.051 0.054 0.058 0.061 0.062 0.062 0.062 0.062 0.062 0.063 0.065 0.072 0.094 0.149 0.258 0.344 0.366 0.343 0.255 0.150 0.091
12.141 12.396 12.569 12.640 12.621 12.486 12.282 12.067 11.837 11.571 11.297 11.046 10.801 10.508 10.052 9.347 8.385 7.233 5.986 4.712 3.483 2.394 1.513 0.905 0.559 0.381 0.295 0.263 0.257 0.271 0.306 0.359 0.396 0.407 0.403 0.392 0.390 0.400 0.405 0.391 0.353 0.325 0.315 0.308 0.296 0.264 0.200 0.129 0.083 0.060 0.047 0.041 0.037 0.035 0.035 0.036 0.039 0.043 0.047 0.049 0.049 0.048 0.046 0.045 0.044 0.044 0.046 0.052 0.068 0.104 0.181 0.282 0.334 0.341 0.313 0.236 0.150
15.690 16.264 16.519 16.545 16.420 16.149 15.814 15.483 15.151 14.799 14.436 14.112 13.816 13.510 13.084 12.403 11.439 10.278 9.006 7.601 6.056 4.510 3.136 2.046 1.298 0.836 0.568 0.429 0.367 0.348 0.359 0.387 0.410 0.414 0.403 0.380 0.369 0.364 0.354 0.319 0.260 0.219 0.197 0.180 0.160 0.127 0.084 0.054 0.038 0.031 0.027 0.025 0.024 0.024 0.025 0.027 0.030 0.035 0.038 0.039 0.038 0.037 0.035 0.034 0.033 0.033 0.034 0.039 0.049 0.070 0.114 0.200 0.293 0.334 0.337 0.309 0.237
18.564 19.456 19.807 19.804 19.609 19.267 18.893 18.541 18.184 17.803 17.398 17.039 16.725 16.418 16.012 15.336 14.340 13.118 11.801 10.422 8.916 7.230 5.482 3.889 2.629 1.724 1.125 0.759 0.551 0.441 0.388 0.370 0.371 0.367 0.348 0.311 0.285 0.262 0.233 0.181 0.127 0.098 0.083 0.073 0.065 0.052 0.036 0.027 0.022 0.019 0.018 0.017 0.017 0.017 0.018 0.020 0.023 0.027 0.029 0.030 0.029 0.028 0.027 0.026 0.026 0.026 0.027 0.030 0.036 0.047 0.069 0.117 0.212 0.304 0.334 0.327 0.288
20.250 21.358 21.922 22.069 22.000 21.811 21.584 21.355 21.086 20.739 20.324 19.930 19.588 19.247 18.822 18.144 17.153 15.913 14.542 13.105 11.598 9.966 8.145 6.205 4.434 3.013 1.970 1.267 0.817 0.544 0.392 0.315 0.277 0.254 0.222 0.183 0.157 0.138 0.117 0.085 0.059 0.046 0.039 0.035 0.031 0.025 0.020 0.016 0.014 0.013 0.012 0.012 0.012 0.012 0.013 0.014 0.017 0.020 0.021 0.022 0.022 0.022 0.021 0.021 0.021 0.022 0.023 0.025 0.028 0.034 0.045 0.068 0.122 0.219 0.291 0.309 0.291
20.626 21.834 22.654 23.114 23.362 23.524 23.616 23.618 23.520 23.277 22.867 22.370 21.964 21.583 21.143 20.509 19.628 18.500 17.150 15.623 13.982 12.225 10.270 8.029 5.797 3.949 2.547 1.583 0.967 0.591 0.376 0.261 0.197 0.151 0.113 0.090 0.079 0.071 0.060 0.044 0.033 0.026 0.023 0.020 0.018 0.015 0.013 0.011 0.010 0.009 0.009 0.009 0.009 0.009 0.009 0.010 0.012 0.014 0.015 0.016 0.016 0.017 0.017 0.017 0.017 0.018 0.019 0.021 0.023 0.027 0.033 0.045 0.072 0.126 0.198 0.245 0.260
20.224 21.525 22.534 23.215 23.759 24.262 24.608 24.764 24.796 24.685 24.303 23.672 23.212 22.877 22.490 21.929 21.201 20.276 19.045 17.474 15.663 13.705 11.547 9.049 6.469 4.340 2.742 1.663 0.992 0.589 0.353 0.219 0.142 0.090 0.060 0.047 0.042 0.038 0.033 0.026 0.020 0.017 0.015 0.013 0.011 0.010 0.009 0.008 0.007 0.006 0.006 0.006 0.006 0.006 0.007 0.007 0.008 0.010 0.011 0.012 0.012 0.013 0.013 0.014 0.014 0.015 0.016 0.018 0.020 0.023 0.027 0.035 0.050 0.076 0.118 0.160 0.196
19.182 20.638 21.904 22.897 23.697 24.336 24.719 24.884 24.953 24.914 24.568 23.865 23.383 23.131 22.816 22.288 21.619 20.807 19.690 18.152 16.261 14.167 11.880 9.258 6.543 4.319 2.673 1.580 0.918 0.526 0.296 0.163 0.089 0.051 0.034 0.027 0.024 0.022 0.019 0.016 0.013 0.011 0.010 0.009 0.008 0.007 0.006 0.005 0.005 0.004 0.004 0.004 0.004 0.004 0.004 0.005 0.005 0.006 0.007 0.008 0.009 0.009 0.010 0.011 0.012 0.013 0.014 0.016 0.018 0.020 0.024 0.030 0.039 0.054 0.076 0.103 0.132
17.917 19.512 20.955 22.197 23.205 23.907 24.247 24.358 24.394 24.333 24.000 23.318 22.796 22.526 22.207 21.673 21.012 20.254 19.231 17.779 15.914 13.787 11.437 8.758 6.051 3.858 2.263 1.244 0.668 0.352 0.179 0.089 0.047 0.028 0.020 0.017 0.015 0.013 0.012 0.010 0.009 0.008 0.007 0.006 0.005 0.005 0.004 0.003 0.003 0.002 0.002 0.002 0.002 0.002 0.002 0.003 0.003 0.004 0.005 0.005 0.006 0.007 0.008 0.008 0.009 0.011 0.012 0.014 0.016 0.018 0.022 0.027 0.033 0.043 0.057 0.073 0.092
16.618 18.267 19.740 21.014 22.025 22.719 23.068 23.146 23.055 22.757 22.404 21.964 21.474 20.914 20.324 19.707 19.055 18.379 17.508 16.193 14.393 12.258 9.883 7.260 4.770 2.794 1.420 0.635 0.283 0.138 0.072 0.040 0.025 0.017 0.013 0.011 0.010 0.009 0.008 0.007 0.007 0.006 0.005 0.004 0.003 0.003 0.002 0.002 0.002 0.001 0.001 0.001 0.001 0.001 0.001 0.001 0.002 0.002 0.003 0.003 0.004 0.005 0.005 0.006 0.007 0.009 0.010 0.012 0.014 0.017 0.020 0.025 0.031 0.038 0.048 0.059 0.072
15.071 16.651 18.064 19.284 20.259 21.002 21.500 21.650 21.458 20.953 20.741 20.664 20.295 19.388 18.474 17.759 17.059 16.274 15.251 13.814 11.921 9.673 7.207 4.802 2.806 1.404 0.586 0.210 0.087 0.047 0.030 0.020 0.014 0.011 0.010 0.009 0.008 0.007 0.006 0.005 0.004 0.004 0.003 0.002 0.002 0.001 0.001 0.001 0.001 0.000 0.000 0.000 0.000 0.000 0.000 0.000 0.001 0.001 0.001 0.002 0.002 0.003 0.004 0.005 0.006 0.007 0.009 0.011 0.013 0.016 0.019 0.024 0.030 0.036 0.044 0.053 0.064
13.079 14.492 15.889 17.226 18.425 19.479 20.259 20.544 20.377 19.882 19.744 19.709 19.278 18.207 17.215 16.459 15.651 14.578 13.114 11.218 8.888 6.248 3.854 2.176 1.125 0.504 0.184 0.063 0.031 0.021 0.015 0.012 0.010 0.008 0.007 0.006 0.006 0.005 0.004 0.003 0.003 0.002 0.002 0.001 0.001 0.001 0.000 0.000 0.000 0.000 0.000 0.000 0.000 0.000 0.000 0.000 0.000 0.000 0.000 0.001 0.001 0.002 0.002 0.003 0.004 0.006 0.007 0.009 0.012 0.015 0.019 0.023 0.029 0.036 0.044 0.051 0.060
10.859 12.171 13.613 15.152 16.632 17.964 18.987 19.437 19.362 18.955 18.659 18.343 17.681 16.631 15.722 14.928 13.973 12.574 10.611 8.054 5.204 2.777 1.310 0.595 0.280 0.126 0.050 0.024 0.016 0.012 0.010 0.009 0.007 0.006 0.005 0.004 0.004 0.003 0.002 0.002 0.001 0.001 0.001 0.000 0.000 0.000 0.000 0.000 0.000 0.000 0.000 0.000 0.000 0.000 0.000 0.000 0.000 0.000 0.000 0.000 0.000 0.001 0.001 0.002 0.003 0.005 0.006 0.009 0.011 0.014 0.018 0.023 0.030 0.037 0.044 0.050 0.057
8.975 10.198 11.534 13.023 14.522 15.882 16.983 17.561 17.608 17.236 16.546 15.701 14.785 13.878 13.064 12.163 10.932 9.091 6.518 3.843 1.816 0.682 0.225 0.097 0.056 0.032 0.018 0.013 0.010 0.009 0.007 0.006 0.005 0.004 0.004 0.003 0.002 0.002 0.001 0.001 0.000 0.000 0.000 0.000 0.000 0.000 0.000 0.000 0.000 0.000 0.000 0.000 0.000 0.000 0.000 0.000 0.000 0.000 0.000 0.000 0.000 0.000 0.001 0.001 0.002 0.004 0.006 0.008 0.011 0.014 0.018 0.024 0.032 0.039 0.045 0.050 0.056
7.270 8.329 9.392 10.482 11.536 12.540 13.511 14.117 14.239 13.921 13.052 11.829 10.672 9.690 8.679 7.484 5.918 4.005 2.151 0.896 0.278 0.076 0.035 0.025 0.019 0.014 0.011 0.009 0.008 0.006 0.005 0.004 0.004 0.003 0.002 0.002 0.001 0.001 0.000 0.000 0.000 0.000 0.000 0.000 0.000 0.000 0.000 0.000 0.000 0.000 0.000 0.000 0.000 0.000 0.000 0.000 0.000 0.000 0.000 0.000 0.000 0.000 0.000 0.001 0.002 0.003 0.005 0.007 0.010 0.014 0.018 0.025 0.033 0.041 0.046 0.051 0.055
5.423 6.121 6.569 6.860 7.132 7.527 8.184 8.775 8.993 8.851 8.157 6.921 5.540 4.411 3.489 2.646 1.740 0.860 0.311 0.086 0.031 0.020 0.015 0.013 0.011 0.009 0.008 0.006 0.005 0.004 0.003 0.003 0.002 0.002 0.001 0.001 0.000 0.000 0.000 0.000 0.000 0.000 0.000 0.000 0.000 0.000 0.000 0.000 0.000 0.000 0.000 0.000 0.000 0.000 0.000 0.000 0.000 0.000 0.000 0.000 0.000 0.000 0.000 0.000 0.001 0.002 0.004 0.006 0.009 0.013 0.018 0.025 0.033 0.041 0.047 0.052 0.057
2.839 2.949 2.896 2.792 2.727 2.775 3.009 3.325 3.469 3.443 3.158 2.546 1.730 1.091 0.699 0.451 0.236 0.091 0.034 0.018 0.013 0.011 0.010 0.009 0.007 0.006 0.005 0.004 0.003 0.003 0.002 0.002 0.001 0.001 0.000 0.000 0.000 0.000 0.000 0.000 0.000 0.000 0.000 0.000 0.000 0.000 0.000 0.000 0.000 0.000 0.000 0.000 0.000 0.000 0.000 0.000 0.000 0.000 0.000 0.000 0.000 0.000 0.000 0.000 0.001 0.002 0.003 0.006 0.009 0.013 0.018 0.024 0.032 0.040 0.048 0.055 0.063
0.886 0.815 0.740 0.661 0.605 0.583 0.608 0.676 0.701 0.692 0.624 0.469 0.258 0.136 0.087 0.058 0.034 0.019 0.013 0.011 0.009 0.008 0.007 0.006 0.005 0.004 0.003 0.003 0.002 0.001 0.001 0.001 0.000 0.000 0.000 0.000 0.000 0.000 0.000 0.000 0.000 0.000 0.000 0.000 0.000 0.000 0.000 0.000 0.000 0.000 0.000 0.000 0.000 0.000 0.000 0.000 0.000 0.000 0.000 0.000 0.000 0.000 0.000 0.000 0.000 0.001 0.003 0.005 0.008 0.012 0.017 0.022 0.030 0.038 0.049 0.063 0.080
0.185 0.153 0.139 0.128 0.115 0.106 0.104 0.107 0.106 0.102 0.091 0.067 0.040 0.028 0.022 0.018 0.013 0.011 0.009 0.008 0.007 0.006 0.005 0.004 0.003 0.003 0.002 0.001 0.001 0.001 0.000 0.000 0.000 0.000 0.000 0.000 0.000 0.000 0.000 0.000 0.000 0.000 0.000 0.000 0.000 0.000 0.000 0.000 0.000 0.000 0.000 0.000 0.000 0.000 0.000 0.000 0.000 0.000 0.000 0.000 0.000 0.000 0.000 0.000 0.000 0.001 0.002 0.004 0.007 0.010 0.015 0.020 0.027 0.036 0.050 0.071 0.099
0.046 0.041 0.040 0.039 0.036 0.033 0.032 0.030 0.029 0.027 0.025 0.021 0.016 0.014 0.012 0.010 0.009 0.008 0.006 0.006 0.005 0.004 0.003 0.002 0.002 0.001 0.001 0.000 0.000 0.000 0.000 0.000 0.000 0.000 0.000 0.000 0.000 0.000 0.000 0.000 0.000 0.000 0.000 0.000 0.000 0.000 0.000 0.000 0.000 0.000 0.000 0.000 0.000 0.000 0.000 0.000 0.000 0.000 0.000 0.000 0.000 0.000 0.000 0.000 0.000 0.000 0.001 0.003 0.005 0.009 0.013 0.018 0.024 0.033 0.048 0.072 0.104
0.020 0.019 0.019 0.019 0.018 0.017 0.016 0.015 0.014 0.013 0.013 0.011 0.010 0.009 0.008 0.007 0.006 0.005 0.004 0.004 0.003 0.002 0.002 0.001 0.001 0.000 0.000 0.000 0.000 0.000 0.000 0.000 0.000 0.000 0.000 0.000 0.000 0.000 0.000 0.000 0.000 0.000 0.000 0.000 0.000 0.000 0.000 0.000 0.000 0.000 0.000 0.000 0.000 0.000 0.000 0.000 0.000 0.000 0.000 0.000 0.000 0.000 0.000 0.000 0.000 0.000 0.001 0.002 0.004 0.006 0.010 0.014 0.020 0.028 0.041 0.063 0.095
0.012 0.012 0.012 0.011 0.011 0.010 0.010 0.009 0.009 0.009 0.008 0.008 0.007 0.006 0.006 0.005 0.004 0.003 0.003 0.002 0.002 0.001 0.001 0.000 0.000 0.000 0.000 0.000 0.000 0.000 0.000 0.000 0.000 0.000 0.000 0.000 0.000 0.000 0.000 0.000 0.000 0.000 0.000 0.000 0.000 0.000 0.000 0.000 0.000 0.000 0.000 0.000 0.000 0.000 0.000 0.000 0.000 0.000 0.000 0.000 0.000 0.000 0.000 0.000 0.000 0.000 0.000 0.001 0.002 0.004 0.007 0.010 0.014 0.019 0.027 0.042 0.064
0.008 0.008 0.008 0.007 0.007 0.007 0.007 0.006 0.006 0.006 0.005 0.005 0.005 0.004 0.004 0.003 0.002 0.002 0.001 0.001 0.001 0.000 0.000 0.000 0.000 0.000 0.000 0.000 0.000 0.000 0.000 0.000 0.000 0.000 0.000 0.000 0.000 0.000 0.000 0.000 0.000 0.000 0.000 0.000 0.000 0.000 0.000 0.000 0.000 0.000 0.000 0.000 0.000 0.000 0.000 0.000 0.000 0.000 0.000 0.000 0.000 0.000 0.000 0.000 0.000 0.000 0.000 0.001 0.001 0.003 0.005 0.007 0.010 0.013 0.017 0.024 0.034
0.005 0.005 0.005 0.005 0.005 0.004 0.004 0.004 0.004 0.003 0.003 0.003 0.003 0.002 0.002 0.002 0.001 0.001 0.000 0.000 0.000 0.000 0.000 0.000 0.000 0.000 0.000 0.000 0.000 0.000 0.000 0.000 0.000 0.000 0.000 0.000 0.000 0.000 0.000 0.000 0.000 0.000 0.000 0.000 0.000 0.000 0.000 0.000 0.000 0.000 0.000 0.000 0.000 0.000 0.000 0.000 0.000 0.000 0.000 0.000 0.000 0.000 0.000 0.000 0.000 0.000 0.000 0.000 0.001 0.002 0.003 0.004 0.006 0.009 0.011 0.015 0.020
0.003 0.003 0.003 0.003 0.003 0.002 0.002 0.002 0.002 0.002 0.002 0.001 0.001 0.001 0.001 0.001 0.000 0.000 0.000 0.000 0.000 0.000 0.000 0.000 0.000 0.000 0.000 0.000 0.000 0.000 0.000 0.000 0.000 0.000 0.000 0.000 0.000 0.000 0.000 0.000 0.000 0.000 0.000 0.000 0.000 0.000 0.000 0.000 0.000 0.000 0.000 0.000 0.000 0.000 0.000 0.000 0.000 0.000 0.000 0.000 0.000 0.000 0.000 0.000 0.000 0.000 0.000 0.000 0.000 0.001 0.002 0.003 0.004 0.006 0.008 0.010 0.013
0.001 0.001 0.001 0.001 0.001 0.001 0.001 0.001 0.001 0.001 0.001 0.000 0.000 0.000 0.000 0.000 0.000 0.000 0.000 0.000 0.000 0.000 0.000 0.000 0.000 0.000 0.000 0.000 0.000 0.000 0.000 0.000 0.000 0.000 0.000 0.000 0.000 0.000 0.000 0.000 0.000 0.000 0.000 0.000 0.000 0.000 0.000 0.000 0.000 0.000 0.000 0.000 0.000 0.000 0.000 0.000 0.000 0.000 0.000 0.000 0.000 0.000 0.000 0.000 0.000 0.000 0.000 0.000 0.000 0.000 0.001 0.001 0.002 0.003 0.005 0.007 0.009
0.000 0.000 0.000 0.000 0.000 0.000 0.000 0.000 0.000 0.000 0.000 0.000 0.000 0.000 0.000 0.000 0.000 0.000 0.000 0.000 0.000 0.000 0.000 0.000 0.000 0.000 0.000 0.000 0.000 0.000 0.000 0.000 0.000 0.000 0.000 0.000 0.000 0.000 0.000 0.000 0.000 0.000 0.000 0.000 0.000 0.000 0.000 0.000 0.000 0.000 0.000 0.000 0.000 0.000 0.000 0.000 0.000 0.000 0.000 0.000 0.000 0.000 0.000 0.000 0.000 0.000 0.000 0.000 0.000 0.000 0.000 0.001 0.001 0.002 0.003 0.004 0.006
0.000 0.000 0.000 0.000 0.000 0.000 0.000 0.000 0.000 0.000 0.000 0.000 0.000 0.000 0.000 0.000 0.000 0.000 0.000 0.000 0.000 0.000 0.000 0.000 0.000 0.000 0.000 0.000 0.000 0.000 0.000 0.000 0.000 0.000 0.000 0.000 0.000 0.000 0.000 0.000 0.000 0.000 0.000 0.000 0.000 0.000 0.000 0.000 0.000 0.000 0.000 0.000 0.000 0.000 0.000 0.000 0.000 0.000 0.000 0.000 0.000 0.000 0.000 0.000 0.000 0.000 0.000 0.000 0.000 0.000 0.000 0.000 0.000 0.001 0.002 0.002 0.003
0.000 0.000 0.000 0.000 0.000 0.000 0.000 0.000 0.000 0.000 0.000 0.000 0.000 0.000 0.000 0.000 0.000 0.000 0.000 0.000 0.000 0.000 0.000 0.000 0.000 0.000 0.000 0.000 0.000 0.000 0.000 0.000 0.000 0.000 0.000 0.000 0.000 0.000 0.000 0.000 0.000 0.000 0.000 0.000 0.000 0.000 0.000 0.000 0.000 0.000 0.000 0.000 0.000 0.000 0.000 0.000 0.000 0.000 0.000 0.000 0.000 0.000 0.000 0.000 0.000 0.000 0.000 0.000 0.000 0.000 0.000 0.000 0.000 0.000 0.001 0.001 0.002
0.000 0.000 0.000 0.000 0.000 0.000 0.000 0.000 0.000 0.000 0.000 0.000 0.000 0.000 0.000 0.000 0.000 0.000 0.000 0.000 0.000 0.000 0.000 0.000 0.000 0.000 0.000 0.000 0.000 0.000 0.000 0.000 0.000 0.000 0.000 0.000 0.000 0.000 0.000 0.000 0.000 0.000 0.000 0.000 0.000 0.000 0.000 0.000 0.000 0.000 0.000 0.000 0.000 0.000 0.000 0.000 0.000 0.000 0.000 0.000 0.000 0.000 0.000 0.000 0.000 0.000 0.000 0.000 0.000 0.000 0.000 0.000 0.000 0.000 0.000 0.000 0.001
0.000 0.000 0.000 0.000 0.000 0.000 0.000 0.000 0.000 0.000 0.000 0.000 0.000 0.000 0.000 0.000 0.000 0.000 0.000 0.000 0.000 0.000 0.000 0.000 0.000 0.000 0.000 0.000 0.000 0.000 0.000 0.000 0.000 0.000 0.000 0.000 0.000 0.000 0.000 0.000 0.000 0.000 0.000 0.000 0.000 0.000 0.000 0.000 0.000 0.000 0.000 0.000 0.000 0.000 0.000 0.000 0.000 0.000 0.000 0.000 0.000 0.000 0.000 0.000 0.000 0.000 0.000 0.000 0.000 0.000 0.000 0.000 0.000 0.000 0.000 0.000 0.000
0.000 0.000 0.000 0.000 0.000 0.000 0.000 0.000 0.000 0.000 0.000 0.000 0.000 0.000 0.000 0.000 0.000 0.000 0.000 0.000 0.000 0.000 0.000 0.000 0.000 0.000 0.000 0.000 0.000 0.000 0.000 0.000 0.000 0.000 0.000 0.000 0.000 0.000 0.000 0.000 0.000 0.000 0.000 0.000 0.000 0.000 0.000 0.000 0.000 0.000 0.000 0.000 0.000 0.000 0.000 0.000 0.000 0.000 0.000 0.000 0.000 0.000 0.000 0.000 0.000 0.000 0.000 0.000 0.000 0.000 0.000 0.000 0.000 0.000 0.000 0.000 0.000
0.000 0.000 0.000 0.000 0.000 0.000 0.000 0.000 0.000 0.000 0.000 0.000 0.000 0.000 0.000 0.000 0.000 0.000 0.000 0.000 0.000 0.000 0.000 0.000 0.000 0.000 0.000 0.000 0.000 0.000 0.000 0.000 0.000 0.000 0.000 0.000 0.000 0.000 0.000 0.000 0.000 0.000 0.000 0.000 0.000 0.000 0.000 0.000 0.000 0.000 0.000 0.000 0.000 0.000 0.000 0.000 0.000 0.000 0.000 0.000 0.000 0.000 0.000 0.000 0.000 0.000 0.000 0.000 0.000 0.000 0.000 0.000 0.000 0.000 0.000 0.000 0.000
0.000 0.000 0.000 0.000 0.000 0.000 0.000 0.000 0.000 0.000 0.000 0.000 0.000 0.000 0.000 0.000 0.000 0.000 0.000 0.000 0.000 0.000 0.000 0.000 0.000 0.000 0.000 0.000 0.000 0.000 0.000 0.000 0.000 0.000 0.000 0.000 0.000 0.000 0.000 0.000 0.000 0.000 0.000 0.000 0.000 0.000 0.000 0.000 0.000 0.000 0.000 0.000 0.000 0.000 0.000 0.000 0.000 0.000 0.000 0.000 0.000 0.000 0.000 0.000 0.000 0.000 0.000 0.000 0.000 0.000 0.000 0.000 0.000 0.000 0.000 0.000 0.000
