RESULTS/r.avaflow_results/32_results/32_ascii/32_hflow10019.asc
ncols 506
nrows 317
xllcenter 498237.50
yllcenter 5580050.00
cellsize 12.50
NODATA_value -9999.000
[rows 170 to 203 of 317, columns 77 to 153 of 506]
0.000 0.000 0.000 0.000 0.000 0.000 0.000 0.000 0.000 0.000 0.000 0.000 0.000 0.000 0.000 0.000 0.000 0.000 0.000 0.000 0.000 0.000 0.001 0.002 0.006 0.011 0.013 0.014 0.014 0.014 0.014 0.014 0.013 0.012 0.012 0.013 0.019 0.033 0.058 0.079 0.088 0.089 0.088 0.094 0.113 0.136 0.149 0.158 0.183 0.256 0.420 0.750 1.387 2.218 2.739 2.871 2.913 3.008 3.128 3.177 3.169 3.070 2.868 2.538 2.090 1.596 1.193 0.877 0.631 0.447 0.313 0.217 0.150 0.102 0.069 0.046 0.030
0.000 0.000 0.000 0.000 0.000 0.000 0.000 0.000 0.000 0.000 0.000 0.000 0.000 0.000 0.000 0.000 0.000 0.000 0.000 0.000 0.000 0.001 0.002 0.007 0.014 0.020 0.024 0.025 0.026 0.026 0.026 0.025 0.023 0.022 0.022 0.025 0.036 0.059 0.096 0.127 0.143 0.148 0.151 0.161 0.192 0.243 0.305 0.387 0.538 0.810 1.238 1.906 2.710 3.279 3.463 3.483 3.501 3.556 3.607 3.611 3.568 3.423 3.152 2.750 2.223 1.694 1.271 0.938 0.678 0.485 0.343 0.239 0.165 0.113 0.076 0.051 0.034
0.000 0.000 0.000 0.000 0.000 0.000 0.000 0.000 0.000 0.000 0.000 0.000 0.000 0.000 0.000 0.000 0.000 0.000 0.000 0.001 0.001 0.003 0.008 0.016 0.026 0.034 0.039 0.041 0.043 0.043 0.043 0.042 0.039 0.037 0.037 0.043 0.061 0.096 0.147 0.196 0.230 0.251 0.269 0.297 0.369 0.504 0.694 0.952 1.352 1.941 2.648 3.323 3.769 3.930 3.942 3.954 3.972 3.989 3.985 3.951 3.857 3.659 3.334 2.871 2.301 1.763 1.327 0.984 0.718 0.517 0.367 0.257 0.177 0.121 0.082 0.055 0.036
0.000 0.000 0.000 0.000 0.000 0.000 0.000 0.000 0.000 0.000 0.000 0.000 0.000 0.000 0.000 0.000 0.000 0.000 0.001 0.002 0.005 0.009 0.018 0.030 0.043 0.053 0.060 0.065 0.067 0.067 0.067 0.066 0.062 0.059 0.060 0.069 0.097 0.146 0.216 0.295 0.367 0.428 0.486 0.568 0.743 1.040 1.447 1.978 2.671 3.405 4.014 4.374 4.487 4.471 4.395 4.358 4.344 4.318 4.279 4.204 4.056 3.807 3.439 2.935 2.337 1.799 1.363 1.017 0.746 0.540 0.383 0.268 0.185 0.126 0.086 0.057 0.038
0.000 0.000 0.000 0.000 0.000 0.000 0.000 0.000 0.000 0.000 0.000 0.000 0.000 0.000 0.000 0.000 0.000 0.001 0.003 0.006 0.011 0.019 0.032 0.048 0.067 0.081 0.092 0.098 0.101 0.102 0.102 0.099 0.095 0.092 0.093 0.107 0.144 0.214 0.316 0.440 0.572 0.707 0.846 1.038 1.381 1.896 2.577 3.301 3.981 4.524 4.899 5.060 5.061 4.991 4.830 4.697 4.631 4.571 4.505 4.386 4.187 3.900 3.491 2.959 2.350 1.821 1.388 1.038 0.763 0.552 0.392 0.274 0.190 0.129 0.088 0.059 0.039
0.000 0.000 0.000 0.000 0.000 0.000 0.000 0.000 0.000 0.000 0.000 0.000 0.000 0.000 0.000 0.000 0.001 0.003 0.006 0.012 0.020 0.033 0.051 0.074 0.100 0.121 0.136 0.145 0.149 0.150 0.150 0.147 0.141 0.137 0.138 0.156 0.208 0.308 0.458 0.648 0.861 1.101 1.368 1.730 2.274 3.011 3.765 4.392 4.913 5.290 5.505 5.580 5.567 5.461 5.245 4.990 4.841 4.751 4.659 4.513 4.285 3.961 3.516 2.959 2.350 1.830 1.397 1.047 0.770 0.557 0.395 0.277 0.191 0.131 0.089 0.059 0.039
0.000 0.000 0.000 0.000 0.000 0.000 0.000 0.000 0.000 0.000 0.000 0.000 0.000 0.000 0.000 0.001 0.003 0.006 0.012 0.020 0.033 0.052 0.077 0.110 0.147 0.176 0.197 0.210 0.216 0.217 0.217 0.214 0.205 0.199 0.198 0.219 0.293 0.437 0.653 0.925 1.241 1.613 2.051 2.614 3.334 4.083 4.706 5.205 5.595 5.866 5.994 6.022 5.992 5.864 5.619 5.278 5.032 4.897 4.780 4.607 4.352 3.991 3.519 2.949 2.345 1.828 1.396 1.046 0.769 0.556 0.395 0.277 0.191 0.131 0.089 0.059 0.039
0.000 0.000 0.000 0.000 0.000 0.000 0.000 0.000 0.000 0.000 0.000 0.000 0.000 0.000 0.000 0.001 0.004 0.009 0.018 0.032 0.052 0.079 0.116 0.164 0.214 0.254 0.281 0.298 0.307 0.309 0.309 0.304 0.291 0.278 0.276 0.297 0.391 0.591 0.894 1.274 1.720 2.252 2.881 3.606 4.343 4.950 5.441 5.833 6.113 6.309 6.386 6.389 6.332 6.183 5.927 5.556 5.235 5.036 4.872 4.658 4.369 3.994 3.508 2.922 2.325 1.808 1.381 1.034 0.759 0.549 0.390 0.273 0.189 0.130 0.088 0.059 0.039
0.000 0.000 0.000 0.000 0.000 0.000 0.000 0.000 0.000 0.000 0.000 0.000 0.000 0.000 0.000 0.001 0.005 0.011 0.024 0.046 0.077 0.119 0.174 0.243 0.310 0.361 0.397 0.419 0.429 0.432 0.431 0.424 0.406 0.380 0.369 0.380 0.470 0.696 1.082 1.611 2.251 2.974 3.736 4.494 5.152 5.615 5.985 6.286 6.497 6.628 6.671 6.662 6.585 6.418 6.162 5.783 5.418 5.160 4.930 4.673 4.355 3.957 3.454 2.855 2.267 1.761 1.344 1.008 0.741 0.534 0.379 0.266 0.184 0.126 0.086 0.058 0.038
0.000 0.000 0.000 0.000 0.000 0.000 0.000 0.000 0.000 0.000 0.000 0.000 0.000 0.000 0.000 0.001 0.005 0.011 0.025 0.055 0.106 0.175 0.260 0.356 0.443 0.509 0.553 0.579 0.591 0.594 0.592 0.583 0.558 0.513 0.474 0.469 0.530 0.745 1.175 1.836 2.695 3.610 4.439 5.171 5.760 6.101 6.364 6.594 6.758 6.831 6.850 6.832 6.741 6.576 6.326 5.952 5.546 5.235 4.952 4.644 4.280 3.844 3.326 2.728 2.164 1.685 1.287 0.964 0.707 0.509 0.361 0.254 0.177 0.122 0.083 0.056 0.037
0.000 0.000 0.000 0.000 0.000 0.000 0.000 0.000 0.000 0.000 0.000 0.000 0.000 0.000 0.000 0.001 0.004 0.010 0.023 0.054 0.121 0.238 0.386 0.512 0.621 0.703 0.759 0.789 0.803 0.808 0.805 0.791 0.755 0.684 0.599 0.562 0.586 0.760 1.188 1.928 2.982 4.097 4.964 5.646 6.186 6.446 6.610 6.765 6.871 6.927 6.928 6.894 6.814 6.668 6.426 6.063 5.633 5.273 4.933 4.571 4.147 3.657 3.109 2.535 2.015 1.573 1.202 0.901 0.662 0.477 0.339 0.239 0.167 0.116 0.079 0.053 0.035
0.000 0.000 0.000 0.000 0.000 0.000 0.000 0.000 0.000 0.000 0.000 0.000 0.000 0.000 0.000 0.000 0.002 0.005 0.015 0.041 0.110 0.267 0.519 0.718 0.852 0.955 1.024 1.064 1.080 1.084 1.081 1.059 1.006 0.906 0.768 0.676 0.661 0.768 1.156 1.921 3.082 4.388 5.327 5.961 6.421 6.656 6.747 6.853 6.926 6.964 6.950 6.915 6.838 6.698 6.466 6.120 5.683 5.277 4.872 4.449 3.964 3.403 2.821 2.281 1.811 1.415 1.083 0.814 0.600 0.434 0.311 0.221 0.155 0.108 0.073 0.049 0.033
0.000 0.000 0.000 0.000 0.000 0.000 0.000 0.000 0.000 0.000 0.000 0.000 0.000 0.000 0.000 0.000 0.000 0.001 0.005 0.019 0.075 0.244 0.599 0.953 1.146 1.276 1.363 1.412 1.434 1.437 1.428 1.395 1.322 1.197 1.011 0.853 0.787 0.828 1.129 1.857 3.043 4.489 5.531 6.130 6.487 6.718 6.813 6.881 6.927 6.956 6.936 6.893 6.821 6.686 6.466 6.137 5.704 5.236 4.761 4.269 3.711 3.084 2.497 1.991 1.566 1.215 0.929 0.701 0.522 0.383 0.277 0.199 0.141 0.098 0.066 0.044 0.029
0.000 0.000 0.000 0.000 0.000 0.000 0.000 0.000 0.000 0.000 0.000 0.000 0.000 0.000 0.000 0.000 0.000 0.000 0.001 0.006 0.036 0.186 0.596 1.168 1.498 1.676 1.784 1.845 1.870 1.872 1.857 1.813 1.723 1.575 1.361 1.148 1.021 1.006 1.198 1.819 2.950 4.475 5.603 6.185 6.497 6.707 6.836 6.886 6.911 6.918 6.875 6.811 6.731 6.611 6.427 6.119 5.687 5.173 4.619 4.031 3.391 2.765 2.215 1.749 1.361 1.043 0.788 0.588 0.436 0.322 0.237 0.173 0.124 0.086 0.059 0.039 0.026
0.000 0.000 0.000 0.000 0.000 0.000 0.000 0.000 0.000 0.000 0.000 0.000 0.000 0.000 0.000 0.000 0.000 0.000 0.001 0.003 0.018 0.124 0.527 1.269 1.815 2.113 2.286 2.363 2.390 2.396 2.377 2.323 2.223 2.065 1.841 1.595 1.426 1.361 1.446 1.908 2.901 4.396 5.587 6.175 6.471 6.662 6.808 6.857 6.845 6.812 6.697 6.561 6.491 6.429 6.290 6.012 5.609 5.083 4.468 3.794 3.108 2.502 1.985 1.552 1.196 0.906 0.674 0.493 0.358 0.260 0.191 0.142 0.104 0.073 0.050 0.033 0.021
0.000 0.000 0.000 0.000 0.000 0.000 0.000 0.000 0.000 0.000 0.000 0.000 0.000 0.000 0.000 0.000 0.000 0.001 0.002 0.004 0.012 0.073 0.405 1.184 1.983 2.450 2.750 2.936 3.009 3.017 3.005 2.948 2.846 2.695 2.480 2.234 2.054 1.965 1.980 2.267 3.018 4.274 5.439 6.066 6.384 6.566 6.703 6.736 6.709 6.616 6.372 6.072 5.946 5.930 5.896 5.745 5.434 4.939 4.307 3.581 2.880 2.285 1.792 1.385 1.055 0.789 0.577 0.413 0.291 0.203 0.142 0.103 0.077 0.057 0.040 0.026 0.017
0.000 0.000 0.000 0.000 0.000 0.000 0.000 0.000 0.000 0.000 0.000 0.000 0.000 0.000 0.000 0.000 0.001 0.002 0.004 0.007 0.014 0.048 0.265 0.960 1.972 2.658 3.097 3.416 3.623 3.710 3.717 3.684 3.604 3.477 3.299 3.084 2.931 2.860 2.849 2.967 3.389 4.222 5.206 5.834 6.199 6.385 6.488 6.482 6.431 6.277 5.883 5.327 5.025 5.004 5.094 5.172 5.060 4.696 4.110 3.379 2.673 2.096 1.624 1.240 0.931 0.684 0.491 0.343 0.233 0.154 0.099 0.064 0.044 0.034 0.026 0.018 0.011
0.000 0.000 0.000 0.000 0.000 0.000 0.000 0.000 0.000 0.000 0.000 0.000 0.000 0.000 0.000 0.001 0.003 0.006 0.010 0.015 0.023 0.046 0.163 0.674 1.752 2.734 3.318 3.761 4.095 4.301 4.382 4.385 4.348 4.276 4.165 4.010 3.874 3.801 3.789 3.830 4.000 4.407 5.059 5.597 5.930 6.088 6.156 6.124 6.022 5.806 5.330 4.613 4.055 3.864 3.956 4.214 4.363 4.222 3.787 3.141 2.464 1.918 1.478 1.116 0.819 0.586 0.408 0.276 0.181 0.113 0.065 0.036 0.021 0.015 0.011 0.008 0.005
0.000 0.000 0.000 0.000 0.000 0.000 0.000 0.000 0.000 0.000 0.000 0.000 0.000 0.000 0.002 0.004 0.008 0.014 0.022 0.033 0.044 0.061 0.124 0.438 1.363 2.614 3.410 3.970 4.420 4.730 4.895 4.947 4.947 4.920 4.858 4.747 4.606 4.491 4.436 4.431 4.489 4.661 4.991 5.374 5.614 5.705 5.739 5.694 5.555 5.287 4.820 4.126 3.438 3.036 2.945 3.087 3.332 3.416 3.236 2.799 2.231 1.734 1.338 1.000 0.711 0.488 0.325 0.210 0.130 0.074 0.038 0.019 0.009 0.006 0.004 0.003 0.002
0.000 0.000 0.000 0.000 0.000 0.000 0.000 0.000 0.000 0.000 0.000 0.000 0.000 0.001 0.004 0.010 0.019 0.033 0.051 0.068 0.082 0.097 0.140 0.331 1.002 2.289 3.364 4.054 4.609 5.018 5.268 5.382 5.411 5.406 5.363 5.267 5.124 4.956 4.837 4.775 4.754 4.791 4.922 5.143 5.273 5.306 5.284 5.212 5.054 4.780 4.360 3.748 3.064 2.556 2.289 2.231 2.314 2.386 2.385 2.223 1.871 1.455 1.094 0.791 0.535 0.342 0.212 0.129 0.074 0.039 0.019 0.009 0.004 0.002 0.001 0.001 0.001
0.000 0.000 0.000 0.000 0.000 0.000 0.000 0.000 0.000 0.000 0.000 0.000 0.001 0.003 0.010 0.024 0.046 0.074 0.102 0.126 0.143 0.158 0.186 0.320 0.826 1.932 3.165 4.010 4.655 5.154 5.491 5.674 5.737 5.743 5.697 5.607 5.442 5.222 5.057 4.937 4.853 4.811 4.827 4.907 4.937 4.923 4.859 4.747 4.565 4.305 3.930 3.402 2.781 2.279 1.929 1.721 1.613 1.544 1.469 1.369 1.196 0.918 0.629 0.408 0.252 0.151 0.089 0.053 0.030 0.016 0.008 0.004 0.002 0.001 0.001 0.001 0.001
0.000 0.000 0.000 0.000 0.000 0.000 0.000 0.000 0.000 0.000 0.000 0.000 0.002 0.007 0.022 0.053 0.097 0.140 0.179 0.212 0.236 0.254 0.278 0.380 0.783 1.678 2.866 3.842 4.610 5.195 5.606 5.846 5.927 5.931 5.886 5.776 5.604 5.359 5.165 4.990 4.852 4.757 4.688 4.655 4.597 4.531 4.439 4.292 4.095 3.846 3.515 3.058 2.510 2.044 1.689 1.415 1.198 1.023 0.872 0.728 0.575 0.403 0.244 0.139 0.079 0.046 0.028 0.017 0.010 0.006 0.003 0.002 0.001 0.001 0.001 0.000 0.000
0.000 0.000 0.000 0.000 0.000 0.000 0.000 0.000 0.000 0.000 0.000 0.001 0.003 0.012 0.038 0.089 0.160 0.224 0.278 0.328 0.371 0.408 0.445 0.536 0.861 1.576 2.609 3.625 4.483 5.153 5.619 5.903 6.003 5.987 5.953 5.825 5.653 5.405 5.186 4.997 4.799 4.618 4.457 4.353 4.253 4.138 4.000 3.828 3.628 3.389 3.098 2.702 2.226 1.795 1.450 1.170 0.933 0.726 0.548 0.393 0.260 0.154 0.082 0.043 0.024 0.015 0.009 0.006 0.004 0.002 0.002 0.001 0.001 0.001 0.000 0.000 0.000
0.000 0.000 0.000 0.000 0.000 0.000 0.000 0.000 0.000 0.000 0.000 0.001 0.003 0.014 0.044 0.107 0.200 0.296 0.386 0.473 0.556 0.634 0.711 0.821 1.084 1.644 2.500 3.469 4.332 5.033 5.545 5.856 5.990 5.983 5.946 5.820 5.641 5.412 5.161 4.905 4.623 4.350 4.134 3.979 3.848 3.707 3.535 3.354 3.157 2.935 2.665 2.327 1.918 1.519 1.194 0.929 0.707 0.514 0.347 0.214 0.118 0.059 0.029 0.015 0.009 0.006 0.004 0.003 0.002 0.001 0.001 0.001 0.000 0.000 0.000 0.000 0.000
0.000 0.000 0.000 0.000 0.000 0.000 0.000 0.000 0.000 0.000 0.000 0.001 0.003 0.014 0.044 0.110 0.217 0.349 0.490 0.636 0.784 0.929 1.074 1.236 1.477 1.900 2.570 3.432 4.227 4.884 5.396 5.715 5.874 5.891 5.859 5.731 5.561 5.333 5.050 4.707 4.326 3.967 3.700 3.504 3.344 3.183 3.013 2.841 2.660 2.461 2.216 1.926 1.574 1.216 0.919 0.679 0.484 0.320 0.190 0.100 0.047 0.021 0.010 0.006 0.004 0.002 0.002 0.001 0.001 0.001 0.001 0.000 0.000 0.000 0.000 0.000 0.000
0.000 0.000 0.000 0.000 0.000 0.000 0.000 0.000 0.000 0.000 0.000 0.001 0.003 0.012 0.039 0.102 0.216 0.383 0.585 0.810 1.054 1.292 1.519 1.749 2.008 2.353 2.850 3.520 4.186 4.730 5.159 5.459 5.615 5.651 5.615 5.494 5.337 5.097 4.783 4.362 3.882 3.453 3.131 2.892 2.710 2.558 2.415 2.272 2.120 1.951 1.747 1.499 1.196 0.884 0.630 0.431 0.275 0.157 0.079 0.035 0.015 0.007 0.003 0.002 0.001 0.001 0.001 0.001 0.001 0.000 0.000 0.000 0.000 0.000 0.000 0.000 0.000
0.000 0.000 0.000 0.000 0.000 0.000 0.000 0.000 0.000 0.000 0.000 0.000 0.002 0.007 0.026 0.079 0.195 0.395 0.671 0.996 1.365 1.720 2.034 2.325 2.611 2.923 3.290 3.746 4.212 4.601 4.900 5.107 5.217 5.245 5.199 5.082 4.916 4.655 4.317 3.859 3.316 2.834 2.469 2.202 2.011 1.871 1.763 1.659 1.548 1.417 1.253 1.046 0.792 0.546 0.355 0.215 0.118 0.056 0.022 0.009 0.004 0.002 0.001 0.001 0.001 0.000 0.000 0.000 0.000 0.000 0.000 0.000 0.000 0.000 0.000 0.000 0.000
0.000 0.000 0.000 0.000 0.000 0.000 0.000 0.000 0.000 0.000 0.000 0.000 0.001 0.003 0.013 0.049 0.156 0.377 0.732 1.189 1.724 2.216 2.619 2.953 3.233 3.481 3.725 3.988 4.227 4.420 4.568 4.663 4.702 4.698 4.637 4.500 4.307 4.034 3.678 3.212 2.687 2.238 1.891 1.625 1.426 1.280 1.165 1.060 0.952 0.831 0.700 0.554 0.390 0.248 0.144 0.075 0.034 0.013 0.005 0.002 0.001 0.000 0.000 0.000 0.000 0.000 0.000 0.000 0.000 0.000 0.000 0.000 0.000 0.000 0.000 0.000 0.000
0.000 0.000 0.000 0.000 0.000 0.000 0.000 0.000 0.000 0.000 0.000 0.000 0.000 0.001 0.007 0.030 0.118 0.346 0.761 1.349 2.099 2.785 3.272 3.620 3.855 4.004 4.105 4.174 4.198 4.194 4.175 4.142 4.088 4.018 3.905 3.733 3.519 3.242 2.900 2.510 2.105 1.742 1.433 1.178 0.974 0.819 0.692 0.577 0.469 0.367 0.277 0.196 0.124 0.071 0.036 0.017 0.007 0.003 0.001 0.001 0.000 0.000 0.000 0.000 0.000 0.000 0.000 0.000 0.000 0.000 0.000 0.000 0.000 0.000 0.000 0.000 0.000
0.000 0.000 0.000 0.000 0.000 0.000 0.000 0.000 0.000 0.000 0.000 0.000 0.000 0.001 0.003 0.018 0.086 0.303 0.745 1.432 2.392 3.359 3.970 4.302 4.458 4.509 4.456 4.294 4.084 3.888 3.707 3.541 3.361 3.171 2.986 2.798 2.604 2.389 2.150 1.887 1.604 1.328 1.071 0.841 0.646 0.493 0.371 0.269 0.185 0.121 0.075 0.044 0.024 0.013 0.006 0.003 0.001 0.001 0.000 0.000 0.000 0.000 0.000 0.000 0.000 0.000 0.000 0.000 0.000 0.000 0.000 0.000 0.000 0.000 0.000 0.000 0.000
0.000 0.000 0.000 0.000 0.000 0.000 0.000 0.000 0.000 0.000 0.000 0.000 0.000 0.001 0.001 0.010 0.058 0.245 0.687 1.431 2.537 3.821 4.633 4.981 5.057 4.989 4.736 4.311 3.878 3.510 3.177 2.865 2.572 2.312 2.097 1.928 1.789 1.655 1.505 1.338 1.156 0.967 0.774 0.585 0.417 0.285 0.187 0.116 0.067 0.037 0.019 0.009 0.004 0.002 0.001 0.001 0.000 0.000 0.000 0.000 0.000 0.000 0.000 0.000 0.000 0.000 0.000 0.000 0.000 0.000 0.000 0.000 0.000 0.000 0.000 0.000 0.000
0.000 0.000 0.000 0.000 0.000 0.000 0.000 0.000 0.000 0.000 0.000 0.000 0.000 0.001 0.001 0.005 0.029 0.156 0.537 1.300 2.514 4.064 5.134 5.567 5.591 5.375 4.897 4.244 3.613 3.085 2.635 2.248 1.915 1.628 1.401 1.235 1.118 1.021 0.924 0.822 0.721 0.619 0.506 0.376 0.253 0.157 0.092 0.051 0.026 0.012 0.005 0.002 0.001 0.001 0.000 0.000 0.000 0.000 0.000 0.000 0.000 0.000 0.000 0.000 0.000 0.000 0.000 0.000 0.000 0.000 0.000 0.000 0.000 0.000 0.000 0.000 0.000
0.000 0.000 0.000 0.000 0.000 0.000 0.000 0.000 0.000 0.000 0.000 0.000 0.001 0.002 0.003 0.005 0.011 0.051 0.242 0.808 1.988 3.752 5.202 5.820 5.863 5.566 4.928 4.094 3.288 2.641 2.131 1.724 1.389 1.110 0.885 0.715 0.599 0.514 0.444 0.384 0.339 0.302 0.260 0.201 0.132 0.078 0.042 0.021 0.010 0.004 0.002 0.001 0.000 0.000 0.000 0.000 0.000 0.000 0.000 0.000 0.000 0.000 0.000 0.000 0.000 0.000 0.000 0.000 0.000 0.000 0.000 0.000 0.000 0.000 0.000 0.000 0.000
0.000 0.000 0.000 0.000 0.000 0.000 0.000 0.000 0.000 0.000 0.001 0.002 0.003 0.004 0.006 0.007 0.010 0.017 0.055 0.212 0.717 1.964 3.746 5.079 5.516 5.347 4.730 3.828 2.913 2.199 1.665 1.270 0.963 0.717 0.518 0.368 0.266 0.200 0.153 0.121 0.104 0.097 0.092 0.079 0.054 0.032 0.017 0.008 0.004 0.002 0.001 0.000 0.000 0.000 0.000 0.000 0.000 0.000 0.000 0.000 0.000 0.000 0.000 0.000 0.000 0.000 0.000 0.000 0.000 0.000 0.000 0.000 0.000 0.000 0.000 0.000 0.000
