RESULTS/r.avaflow_results/32_results/32_ascii/32_hflow0039.asc
ncols 506
nrows 317
xllcenter 498237.50
yllcenter 5580050.00
cellsize 12.50
NODATA_value -9999.000
[rows 170 to 203 of 317, columns 154 to 230 of 506]
9.002 8.906 8.809 8.688 8.526 8.325 8.147 7.998 7.847 7.681 7.525 7.389 7.237 6.981 6.517 5.805 4.923 4.029 3.179 2.373 1.635 1.011 0.567 0.319 0.203 0.154 0.139 0.138 0.143 0.156 0.182 0.220 0.263 0.295 0.317 0.336 0.363 0.416 0.464 0.479 0.476 0.468 0.473 0.496 0.511 0.507 0.476 0.411 0.322 0.233 0.163 0.119 0.093 0.079 0.070 0.064 0.061 0.059 0.059 0.059 0.058 0.055 0.052 0.051 0.050 0.050 0.054 0.067 0.101 0.172 0.232 0.254 0.246 0.193 0.122 0.081 0.061
12.397 12.611 12.745 12.787 12.739 12.577 12.349 12.113 11.865 11.585 11.299 11.038 10.782 10.480 10.013 9.297 8.324 7.163 5.910 4.630 3.391 2.294 1.414 0.815 0.481 0.316 0.241 0.215 0.212 0.224 0.255 0.303 0.349 0.372 0.380 0.385 0.397 0.432 0.465 0.471 0.455 0.435 0.430 0.434 0.428 0.400 0.329 0.226 0.141 0.094 0.069 0.055 0.047 0.043 0.042 0.042 0.043 0.044 0.045 0.046 0.045 0.043 0.040 0.038 0.038 0.038 0.041 0.051 0.075 0.130 0.205 0.249 0.262 0.251 0.206 0.148 0.104
15.936 16.466 16.681 16.679 16.528 16.229 15.872 15.522 15.174 14.808 14.436 14.102 13.795 13.478 13.042 12.353 11.380 10.208 8.922 7.504 5.945 4.383 2.999 1.907 1.165 0.717 0.468 0.345 0.293 0.278 0.289 0.321 0.360 0.376 0.376 0.372 0.376 0.394 0.405 0.391 0.342 0.294 0.267 0.246 0.222 0.185 0.132 0.083 0.055 0.042 0.034 0.030 0.028 0.027 0.027 0.028 0.031 0.033 0.035 0.035 0.035 0.033 0.031 0.030 0.030 0.030 0.032 0.039 0.054 0.088 0.153 0.224 0.264 0.281 0.278 0.248 0.192
18.806 19.650 19.960 19.930 19.708 19.340 18.946 18.575 18.203 17.809 17.395 17.024 16.699 16.380 15.966 15.282 14.276 13.043 11.714 10.324 8.805 7.097 5.326 3.718 2.449 1.544 0.957 0.612 0.428 0.338 0.304 0.302 0.319 0.326 0.318 0.300 0.289 0.281 0.267 0.228 0.168 0.127 0.106 0.094 0.084 0.069 0.049 0.035 0.027 0.023 0.020 0.019 0.018 0.018 0.019 0.020 0.022 0.025 0.026 0.027 0.026 0.026 0.024 0.024 0.024 0.024 0.026 0.030 0.039 0.057 0.093 0.160 0.236 0.285 0.302 0.301 0.273
20.485 21.545 22.068 22.186 22.091 21.878 21.632 21.385 21.101 20.742 20.316 19.910 19.557 19.206 18.772 18.086 17.084 15.834 14.452 13.004 11.485 9.837 8.001 6.037 4.232 2.787 1.734 1.042 0.631 0.405 0.295 0.245 0.224 0.214 0.196 0.170 0.156 0.146 0.134 0.108 0.075 0.056 0.046 0.041 0.037 0.031 0.024 0.019 0.016 0.014 0.013 0.013 0.013 0.013 0.013 0.014 0.016 0.018 0.019 0.020 0.020 0.019 0.019 0.019 0.019 0.020 0.022 0.025 0.030 0.039 0.056 0.091 0.163 0.253 0.299 0.307 0.299
20.856 22.017 22.794 23.224 23.446 23.586 23.658 23.641 23.529 23.274 22.853 22.344 21.927 21.537 21.089 20.445 19.555 18.418 17.056 15.519 13.865 12.092 10.126 7.872 5.600 3.714 2.285 1.320 0.747 0.435 0.274 0.194 0.152 0.123 0.099 0.083 0.078 0.074 0.067 0.054 0.038 0.030 0.025 0.022 0.020 0.017 0.014 0.012 0.011 0.010 0.009 0.009 0.009 0.009 0.009 0.010 0.011 0.013 0.014 0.014 0.014 0.015 0.015 0.015 0.016 0.017 0.018 0.021 0.024 0.030 0.039 0.058 0.097 0.179 0.259 0.290 0.296
20.444 21.700 22.669 23.320 23.838 24.318 24.645 24.782 24.801 24.679 24.285 23.643 23.172 22.827 22.431 21.861 21.123 20.188 18.947 17.365 15.542 13.567 11.398 8.891 6.268 4.096 2.471 1.390 0.766 0.429 0.252 0.159 0.107 0.073 0.053 0.044 0.042 0.040 0.037 0.030 0.023 0.019 0.016 0.014 0.012 0.011 0.009 0.008 0.007 0.007 0.006 0.006 0.006 0.006 0.006 0.007 0.008 0.009 0.009 0.010 0.010 0.011 0.011 0.012 0.013 0.014 0.015 0.018 0.021 0.025 0.032 0.043 0.066 0.112 0.181 0.237 0.267
19.392 20.804 22.033 22.995 23.771 24.389 24.752 24.901 24.956 24.908 24.550 23.836 23.343 23.080 22.756 22.218 21.539 20.717 19.590 18.042 16.138 14.028 11.730 9.100 6.341 4.073 2.403 1.318 0.705 0.381 0.209 0.117 0.068 0.043 0.031 0.026 0.024 0.023 0.021 0.018 0.014 0.012 0.011 0.009 0.008 0.007 0.006 0.005 0.005 0.004 0.004 0.004 0.004 0.004 0.004 0.004 0.005 0.006 0.006 0.007 0.007 0.008 0.008 0.009 0.010 0.011 0.013 0.015 0.018 0.022 0.027 0.036 0.050 0.075 0.116 0.165 0.212
18.118 19.670 21.077 22.287 23.272 23.954 24.276 24.372 24.396 24.324 23.981 23.290 22.757 22.476 22.148 21.605 20.933 20.167 19.134 17.672 15.796 13.653 11.291 8.600 5.847 3.614 2.013 1.025 0.508 0.254 0.128 0.067 0.038 0.025 0.019 0.017 0.015 0.014 0.013 0.011 0.010 0.009 0.008 0.007 0.006 0.005 0.004 0.003 0.003 0.002 0.002 0.002 0.002 0.002 0.002 0.002 0.003 0.003 0.004 0.004 0.005 0.005 0.006 0.007 0.008 0.009 0.011 0.013 0.016 0.020 0.025 0.032 0.042 0.058 0.081 0.113 0.151
16.809 18.415 19.854 21.099 22.087 22.761 23.092 23.158 23.056 22.747 22.383 21.934 21.436 20.868 20.269 19.642 18.982 18.300 17.420 16.092 14.280 12.129 9.738 7.087 4.556 2.569 1.231 0.511 0.214 0.103 0.056 0.034 0.022 0.016 0.013 0.011 0.010 0.009 0.009 0.008 0.007 0.006 0.005 0.004 0.004 0.003 0.002 0.002 0.002 0.001 0.001 0.001 0.001 0.001 0.001 0.001 0.001 0.002 0.002 0.002 0.003 0.003 0.004 0.005 0.006 0.007 0.009 0.011 0.014 0.018 0.023 0.029 0.037 0.049 0.065 0.086 0.112
15.254 16.793 18.173 19.365 20.317 21.041 21.521 21.659 21.458 20.943 20.718 20.630 20.253 19.340 18.418 17.693 16.985 16.194 15.165 13.716 11.808 9.539 7.045 4.606 2.606 1.250 0.496 0.170 0.070 0.040 0.026 0.018 0.014 0.011 0.009 0.009 0.008 0.007 0.006 0.005 0.005 0.004 0.003 0.003 0.002 0.002 0.001 0.001 0.001 0.000 0.000 0.000 0.000 0.000 0.000 0.000 0.000 0.001 0.001 0.001 0.001 0.002 0.002 0.003 0.004 0.006 0.007 0.010 0.013 0.016 0.021 0.027 0.035 0.045 0.058 0.074 0.094
13.255 14.629 15.993 17.301 18.477 19.512 20.275 20.548 20.374 19.868 19.718 19.671 19.233 18.157 17.156 16.390 15.574 14.497 13.023 11.113 8.759 6.107 3.718 2.051 1.023 0.440 0.156 0.055 0.028 0.019 0.015 0.012 0.010 0.008 0.007 0.006 0.006 0.005 0.004 0.003 0.003 0.002 0.002 0.001 0.001 0.001 0.000 0.000 0.000 0.000 0.000 0.000 0.000 0.000 0.000 0.000 0.000 0.000 0.000 0.000 0.000 0.001 0.001 0.002 0.003 0.004 0.006 0.008 0.011 0.015 0.020 0.026 0.035 0.045 0.057 0.070 0.086
11.029 12.301 13.710 15.220 16.679 17.993 18.999 19.437 19.356 18.939 18.633 18.309 17.640 16.585 15.665 14.860 13.900 12.495 10.520 7.943 5.097 2.700 1.256 0.556 0.252 0.111 0.045 0.022 0.015 0.012 0.010 0.009 0.007 0.006 0.005 0.004 0.004 0.003 0.002 0.002 0.001 0.001 0.001 0.000 0.000 0.000 0.000 0.000 0.000 0.000 0.000 0.000 0.000 0.000 0.000 0.000 0.000 0.000 0.000 0.000 0.000 0.000 0.001 0.001 0.002 0.003 0.005 0.007 0.010 0.014 0.019 0.026 0.035 0.046 0.057 0.068 0.080
9.143 10.325 11.629 13.089 14.567 15.911 16.997 17.563 17.603 17.223 16.525 15.674 14.752 13.836 13.012 12.101 10.864 9.015 6.436 3.773 1.776 0.664 0.217 0.092 0.052 0.030 0.017 0.012 0.010 0.009 0.007 0.006 0.005 0.004 0.004 0.003 0.002 0.002 0.001 0.001 0.000 0.000 0.000 0.000 0.000 0.000 0.000 0.000 0.000 0.000 0.000 0.000 0.000 0.000 0.000 0.000 0.000 0.000 0.000 0.000 0.000 0.000 0.000 0.001 0.001 0.002 0.004 0.007 0.010 0.014 0.019 0.026 0.036 0.048 0.058 0.067 0.077
7.441 8.457 9.486 10.547 11.581 12.568 13.524 14.119 14.233 13.908 13.032 11.802 10.633 9.638 8.618 7.420 5.859 3.959 2.120 0.881 0.274 0.076 0.035 0.024 0.018 0.013 0.010 0.009 0.007 0.006 0.005 0.004 0.004 0.003 0.002 0.002 0.001 0.001 0.000 0.000 0.000 0.000 0.000 0.000 0.000 0.000 0.000 0.000 0.000 0.000 0.000 0.000 0.000 0.000 0.000 0.000 0.000 0.000 0.000 0.000 0.000 0.000 0.000 0.000 0.001 0.002 0.003 0.006 0.009 0.013 0.019 0.027 0.037 0.050 0.060 0.068 0.076
5.587 6.240 6.651 6.914 7.167 7.545 8.183 8.759 8.969 8.822 8.125 6.888 5.505 4.377 3.455 2.617 1.721 0.852 0.309 0.087 0.031 0.020 0.015 0.012 0.010 0.009 0.008 0.006 0.005 0.004 0.004 0.003 0.002 0.002 0.001 0.001 0.000 0.000 0.000 0.000 0.000 0.000 0.000 0.000 0.000 0.000 0.000 0.000 0.000 0.000 0.000 0.000 0.000 0.000 0.000 0.000 0.000 0.000 0.000 0.000 0.000 0.000 0.000 0.000 0.000 0.001 0.003 0.005 0.008 0.013 0.019 0.027 0.037 0.050 0.060 0.069 0.078
2.957 3.026 2.941 2.820 2.746 2.787 3.011 3.316 3.454 3.428 3.144 2.536 1.722 1.086 0.695 0.449 0.236 0.091 0.034 0.018 0.014 0.011 0.010 0.009 0.007 0.006 0.005 0.004 0.003 0.003 0.002 0.002 0.001 0.001 0.000 0.000 0.000 0.000 0.000 0.000 0.000 0.000 0.000 0.000 0.000 0.000 0.000 0.000 0.000 0.000 0.000 0.000 0.000 0.000 0.000 0.000 0.000 0.000 0.000 0.000 0.000 0.000 0.000 0.000 0.000 0.001 0.002 0.004 0.007 0.012 0.018 0.026 0.036 0.048 0.060 0.072 0.084
0.927 0.837 0.750 0.667 0.610 0.588 0.611 0.677 0.701 0.692 0.625 0.471 0.260 0.137 0.088 0.058 0.034 0.020 0.014 0.011 0.009 0.008 0.007 0.006 0.005 0.004 0.003 0.003 0.002 0.001 0.001 0.001 0.000 0.000 0.000 0.000 0.000 0.000 0.000 0.000 0.000 0.000 0.000 0.000 0.000 0.000 0.000 0.000 0.000 0.000 0.000 0.000 0.000 0.000 0.000 0.000 0.000 0.000 0.000 0.000 0.000 0.000 0.000 0.000 0.000 0.001 0.002 0.004 0.006 0.011 0.016 0.023 0.033 0.044 0.059 0.080 0.104
0.191 0.157 0.142 0.130 0.117 0.107 0.105 0.108 0.107 0.103 0.092 0.069 0.041 0.029 0.023 0.018 0.014 0.011 0.009 0.008 0.007 0.006 0.005 0.004 0.003 0.003 0.002 0.001 0.001 0.001 0.000 0.000 0.000 0.000 0.000 0.000 0.000 0.000 0.000 0.000 0.000 0.000 0.000 0.000 0.000 0.000 0.000 0.000 0.000 0.000 0.000 0.000 0.000 0.000 0.000 0.000 0.000 0.000 0.000 0.000 0.000 0.000 0.000 0.000 0.000 0.000 0.001 0.003 0.005 0.009 0.014 0.020 0.029 0.041 0.059 0.088 0.129
0.049 0.042 0.041 0.040 0.037 0.034 0.032 0.031 0.030 0.028 0.026 0.021 0.017 0.014 0.012 0.010 0.009 0.008 0.007 0.006 0.005 0.004 0.003 0.002 0.002 0.001 0.001 0.000 0.000 0.000 0.000 0.000 0.000 0.000 0.000 0.000 0.000 0.000 0.000 0.000 0.000 0.000 0.000 0.000 0.000 0.000 0.000 0.000 0.000 0.000 0.000 0.000 0.000 0.000 0.000 0.000 0.000 0.000 0.000 0.000 0.000 0.000 0.000 0.000 0.000 0.000 0.001 0.002 0.004 0.007 0.011 0.016 0.024 0.036 0.056 0.089 0.137
0.022 0.021 0.020 0.020 0.019 0.017 0.016 0.015 0.015 0.014 0.013 0.012 0.010 0.009 0.008 0.007 0.006 0.005 0.004 0.004 0.003 0.002 0.002 0.001 0.001 0.000 0.000 0.000 0.000 0.000 0.000 0.000 0.000 0.000 0.000 0.000 0.000 0.000 0.000 0.000 0.000 0.000 0.000 0.000 0.000 0.000 0.000 0.000 0.000 0.000 0.000 0.000 0.000 0.000 0.000 0.000 0.000 0.000 0.000 0.000 0.000 0.000 0.000 0.000 0.000 0.000 0.000 0.001 0.002 0.005 0.008 0.012 0.018 0.029 0.046 0.077 0.125
0.013 0.013 0.012 0.012 0.011 0.011 0.010 0.010 0.009 0.009 0.009 0.008 0.007 0.007 0.006 0.005 0.004 0.003 0.003 0.002 0.002 0.001 0.001 0.000 0.000 0.000 0.000 0.000 0.000 0.000 0.000 0.000 0.000 0.000 0.000 0.000 0.000 0.000 0.000 0.000 0.000 0.000 0.000 0.000 0.000 0.000 0.000 0.000 0.000 0.000 0.000 0.000 0.000 0.000 0.000 0.000 0.000 0.000 0.000 0.000 0.000 0.000 0.000 0.000 0.000 0.000 0.000 0.001 0.001 0.003 0.005 0.008 0.013 0.019 0.029 0.049 0.083
0.009 0.008 0.008 0.008 0.008 0.007 0.007 0.007 0.006 0.006 0.006 0.005 0.005 0.004 0.004 0.003 0.002 0.002 0.001 0.001 0.001 0.000 0.000 0.000 0.000 0.000 0.000 0.000 0.000 0.000 0.000 0.000 0.000 0.000 0.000 0.000 0.000 0.000 0.000 0.000 0.000 0.000 0.000 0.000 0.000 0.000 0.000 0.000 0.000 0.000 0.000 0.000 0.000 0.000 0.000 0.000 0.000 0.000 0.000 0.000 0.000 0.000 0.000 0.000 0.000 0.000 0.000 0.000 0.001 0.002 0.003 0.005 0.008 0.012 0.017 0.026 0.040
0.005 0.005 0.005 0.005 0.005 0.004 0.004 0.004 0.004 0.004 0.003 0.003 0.003 0.002 0.002 0.002 0.001 0.001 0.000 0.000 0.000 0.000 0.000 0.000 0.000 0.000 0.000 0.000 0.000 0.000 0.000 0.000 0.000 0.000 0.000 0.000 0.000 0.000 0.000 0.000 0.000 0.000 0.000 0.000 0.000 0.000 0.000 0.000 0.000 0.000 0.000 0.000 0.000 0.000 0.000 0.000 0.000 0.000 0.000 0.000 0.000 0.000 0.000 0.000 0.000 0.000 0.000 0.000 0.000 0.001 0.002 0.003 0.005 0.008 0.011 0.016 0.022
0.003 0.003 0.003 0.003 0.003 0.002 0.002 0.002 0.002 0.002 0.002 0.001 0.001 0.001 0.001 0.001 0.000 0.000 0.000 0.000 0.000 0.000 0.000 0.000 0.000 0.000 0.000 0.000 0.000 0.000 0.000 0.000 0.000 0.000 0.000 0.000 0.000 0.000 0.000 0.000 0.000 0.000 0.000 0.000 0.000 0.000 0.000 0.000 0.000 0.000 0.000 0.000 0.000 0.000 0.000 0.000 0.000 0.000 0.000 0.000 0.000 0.000 0.000 0.000 0.000 0.000 0.000 0.000 0.000 0.000 0.001 0.002 0.003 0.005 0.007 0.010 0.013
0.001 0.001 0.001 0.001 0.001 0.001 0.001 0.001 0.001 0.001 0.001 0.000 0.000 0.000 0.000 0.000 0.000 0.000 0.000 0.000 0.000 0.000 0.000 0.000 0.000 0.000 0.000 0.000 0.000 0.000 0.000 0.000 0.000 0.000 0.000 0.000 0.000 0.000 0.000 0.000 0.000 0.000 0.000 0.000 0.000 0.000 0.000 0.000 0.000 0.000 0.000 0.000 0.000 0.000 0.000 0.000 0.000 0.000 0.000 0.000 0.000 0.000 0.000 0.000 0.000 0.000 0.000 0.000 0.000 0.000 0.000 0.001 0.002 0.003 0.004 0.006 0.008
0.000 0.000 0.000 0.000 0.000 0.000 0.000 0.000 0.000 0.000 0.000 0.000 0.000 0.000 0.000 0.000 0.000 0.000 0.000 0.000 0.000 0.000 0.000 0.000 0.000 0.000 0.000 0.000 0.000 0.000 0.000 0.000 0.000 0.000 0.000 0.000 0.000 0.000 0.000 0.000 0.000 0.000 0.000 0.000 0.000 0.000 0.000 0.000 0.000 0.000 0.000 0.000 0.000 0.000 0.000 0.000 0.000 0.000 0.000 0.000 0.000 0.000 0.000 0.000 0.000 0.000 0.000 0.000 0.000 0.000 0.000 0.000 0.001 0.001 0.002 0.004 0.005
0.000 0.000 0.000 0.000 0.000 0.000 0.000 0.000 0.000 0.000 0.000 0.000 0.000 0.000 0.000 0.000 0.000 0.000 0.000 0.000 0.000 0.000 0.000 0.000 0.000 0.000 0.000 0.000 0.000 0.000 0.000 0.000 0.000 0.000 0.000 0.000 0.000 0.000 0.000 0.000 0.000 0.000 0.000 0.000 0.000 0.000 0.000 0.000 0.000 0.000 0.000 0.000 0.000 0.000 0.000 0.000 0.000 0.000 0.000 0.000 0.000 0.000 0.000 0.000 0.000 0.000 0.000 0.000 0.000 0.000 0.000 0.000 0.000 0.001 0.001 0.002 0.003
0.000 0.000 0.000 0.000 0.000 0.000 0.000 0.000 0.000 0.000 0.000 0.000 0.000 0.000 0.000 0.000 0.000 0.000 0.000 0.000 0.000 0.000 0.000 0.000 0.000 0.000 0.000 0.000 0.000 0.000 0.000 0.000 0.000 0.000 0.000 0.000 0.000 0.000 0.000 0.000 0.000 0.000 0.000 0.000 0.000 0.000 0.000 0.000 0.000 0.000 0.000 0.000 0.000 0.000 0.000 0.000 0.000 0.000 0.000 0.000 0.000 0.000 0.000 0.000 0.000 0.000 0.000 0.000 0.000 0.000 0.000 0.000 0.000 0.000 0.000 0.001 0.001
0.000 0.000 0.000 0.000 0.000 0.000 0.000 0.000 0.000 0.000 0.000 0.000 0.000 0.000 0.000 0.000 0.000 0.000 0.000 0.000 0.000 0.000 0.000 0.000 0.000 0.000 0.000 0.000 0.000 0.000 0.000 0.000 0.000 0.000 0.000 0.000 0.000 0.000 0.000 0.000 0.000 0.000 0.000 0.000 0.000 0.000 0.000 0.000 0.000 0.000 0.000 0.000 0.000 0.000 0.000 0.000 0.000 0.000 0.000 0.000 0.000 0.000 0.000 0.000 0.000 0.000 0.000 0.000 0.000 0.000 0.000 0.000 0.000 0.000 0.000 0.000 0.001
0.000 0.000 0.000 0.000 0.000 0.000 0.000 0.000 0.000 0.000 0.000 0.000 0.000 0.000 0.000 0.000 0.000 0.000 0.000 0.000 0.000 0.000 0.000 0.000 0.000 0.000 0.000 0.000 0.000 0.000 0.000 0.000 0.000 0.000 0.000 0.000 0.000 0.000 0.000 0.000 0.000 0.000 0.000 0.000 0.000 0.000 0.000 0.000 0.000 0.000 0.000 0.000 0.000 0.000 0.000 0.000 0.000 0.000 0.000 0.000 0.000 0.000 0.000 0.000 0.000 0.000 0.000 0.000 0.000 0.000 0.000 0.000 0.000 0.000 0.000 0.000 0.000
0.000 0.000 0.000 0.000 0.000 0.000 0.000 0.000 0.000 0.000 0.000 0.000 0.000 0.000 0.000 0.000 0.000 0.000 0.000 0.000 0.000 0.000 0.000 0.000 0.000 0.000 0.000 0.000 0.000 0.000 0.000 0.000 0.000 0.000 0.000 0.000 0.000 0.000 0.000 0.000 0.000 0.000 0.000 0.000 0.000 0.000 0.000 0.000 0.000 0.000 0.000 0.000 0.000 0.000 0.000 0.000 0.000 0.000 0.000 0.000 0.000 0.000 0.000 0.000 0.000 0.000 0.000 0.000 0.000 0.000 0.000 0.000 0.000 0.000 0.000 0.000 0.000
0.000 0.000 0.000 0.000 0.000 0.000 0.000 0.000 0.000 0.000 0.000 0.000 0.000 0.000 0.000 0.000 0.000 0.000 0.000 0.000 0.000 0.000 0.000 0.000 0.000 0.000 0.000 0.000 0.000 0.000 0.000 0.000 0.000 0.000 0.000 0.000 0.000 0.000 0.000 0.000 0.000 0.000 0.000 0.000 0.000 0.000 0.000 0.000 0.000 0.000 0.000 0.000 0.000 0.000 0.000 0.000 0.000 0.000 0.000 0.000 0.000 0.000 0.000 0.000 0.000 0.000 0.000 0.000 0.000 0.000 0.000 0.000 0.000 0.000 0.000 0.000 0.000
0.000 0.000 0.000 0.000 0.000 0.000 0.000 0.000 0.000 0.000 0.000 0.000 0.000 0.000 0.000 0.000 0.000 0.000 0.000 0.000 0.000 0.000 0.000 0.000 0.000 0.000 0.000 0.000 0.000 0.000 0.000 0.000 0.000 0.000 0.000 0.000 0.000 0.000 0.000 0.000 0.000 0.000 0.000 0.000 0.000 0.000 0.000 0.000 0.000 0.000 0.000 0.000 0.000 0.000 0.000 0.000 0.000 0.000 0.000 0.000 0.000 0.000 0.000 0.000 0.000 0.000 0.000 0.000 0.000 0.000 0.000 0.000 0.000 0.000 0.000 0.000 0.000
