RESULTS/r.avaflow_results/32_results/32_ascii/32_hflow30030.asc
ncols 506
nrows 317
xllcenter 498237.50
yllcenter 5580050.00
cellsize 12.50
NODATA_value -9999.000
[rows 170 to 203 of 317, columns 154 to 230 of 506]
8.645 8.586 8.537 8.463 8.354 8.207 8.077 7.971 7.857 7.724 7.604 7.503 7.383 7.158 6.724 6.046 5.185 4.299 3.465 2.685 1.961 1.320 0.825 0.515 0.349 0.262 0.221 0.204 0.199 0.200 0.214 0.240 0.261 0.271 0.268 0.259 0.262 0.272 0.273 0.261 0.243 0.235 0.238 0.249 0.253 0.247 0.225 0.188 0.149 0.116 0.090 0.073 0.063 0.057 0.054 0.053 0.054 0.057 0.061 0.064 0.065 0.064 0.063 0.063 0.063 0.064 0.069 0.086 0.139 0.280 0.539 0.689 0.709 0.629 0.402 0.200 0.114
12.116 12.377 12.557 12.635 12.621 12.493 12.301 12.099 11.884 11.633 11.375 11.142 10.915 10.640 10.202 9.518 8.581 7.454 6.231 4.985 3.784 2.706 1.809 1.161 0.763 0.534 0.404 0.342 0.321 0.326 0.347 0.375 0.385 0.376 0.341 0.304 0.288 0.281 0.274 0.254 0.229 0.219 0.218 0.222 0.218 0.198 0.155 0.106 0.073 0.056 0.046 0.041 0.037 0.036 0.036 0.038 0.041 0.045 0.049 0.051 0.050 0.048 0.046 0.044 0.043 0.044 0.049 0.064 0.106 0.214 0.439 0.636 0.691 0.664 0.516 0.291 0.161
15.684 16.258 16.514 16.544 16.427 16.165 15.838 15.517 15.197 14.859 14.513 14.205 13.926 13.637 13.228 12.565 11.621 10.479 9.228 7.849 6.343 4.838 3.485 2.387 1.608 1.096 0.768 0.578 0.486 0.449 0.436 0.431 0.419 0.396 0.347 0.300 0.277 0.260 0.240 0.204 0.169 0.152 0.143 0.136 0.124 0.102 0.070 0.048 0.036 0.030 0.027 0.026 0.025 0.025 0.026 0.028 0.031 0.036 0.038 0.039 0.038 0.036 0.033 0.031 0.031 0.031 0.035 0.047 0.078 0.157 0.334 0.568 0.685 0.705 0.645 0.450 0.244
18.564 19.451 19.804 19.805 19.618 19.289 18.924 18.582 18.239 17.870 17.480 17.137 16.839 16.546 16.156 15.497 14.520 13.316 12.017 10.657 9.179 7.535 5.832 4.272 3.020 2.094 1.445 1.017 0.751 0.593 0.496 0.438 0.403 0.368 0.311 0.258 0.225 0.196 0.161 0.118 0.088 0.074 0.066 0.061 0.055 0.046 0.033 0.026 0.021 0.019 0.018 0.017 0.017 0.018 0.019 0.020 0.023 0.026 0.028 0.028 0.028 0.026 0.023 0.022 0.022 0.023 0.026 0.034 0.055 0.107 0.229 0.457 0.656 0.729 0.728 0.628 0.400
20.253 21.352 21.917 22.067 22.007 21.830 21.616 21.401 21.146 20.811 20.409 20.029 19.701 19.374 18.963 18.302 17.331 16.111 14.759 13.340 11.854 10.248 8.459 6.555 4.822 3.423 2.372 1.617 1.092 0.743 0.530 0.412 0.342 0.285 0.221 0.168 0.136 0.111 0.085 0.062 0.046 0.038 0.034 0.031 0.028 0.024 0.019 0.016 0.014 0.013 0.013 0.013 0.013 0.013 0.013 0.015 0.017 0.019 0.019 0.020 0.019 0.018 0.016 0.016 0.015 0.016 0.018 0.024 0.038 0.069 0.142 0.309 0.563 0.720 0.753 0.724 0.575
20.632 21.833 22.651 23.112 23.367 23.537 23.640 23.654 23.566 23.335 22.938 22.453 22.060 21.695 21.270 20.655 19.794 18.686 17.357 15.849 14.226 12.491 10.555 8.339 6.152 4.345 2.968 1.978 1.284 0.821 0.535 0.370 0.266 0.185 0.123 0.088 0.072 0.060 0.047 0.036 0.028 0.024 0.021 0.019 0.017 0.015 0.013 0.011 0.010 0.009 0.009 0.009 0.009 0.009 0.010 0.010 0.012 0.013 0.013 0.013 0.013 0.012 0.011 0.010 0.010 0.011 0.013 0.017 0.027 0.046 0.089 0.188 0.411 0.660 0.747 0.744 0.673
20.245 21.537 22.539 23.218 23.766 24.272 24.622 24.787 24.825 24.723 24.353 23.735 23.290 22.969 22.598 22.054 21.344 20.435 19.225 17.676 15.885 13.949 11.809 9.332 6.807 4.729 3.168 2.072 1.323 0.829 0.519 0.327 0.201 0.115 0.067 0.048 0.040 0.035 0.028 0.023 0.019 0.016 0.014 0.013 0.011 0.010 0.009 0.008 0.007 0.007 0.006 0.006 0.006 0.006 0.006 0.007 0.008 0.008 0.008 0.008 0.008 0.007 0.007 0.006 0.007 0.007 0.009 0.012 0.019 0.033 0.061 0.123 0.272 0.541 0.703 0.728 0.697
19.218 20.665 21.923 22.912 23.709 24.346 24.731 24.903 24.978 24.944 24.608 23.920 23.453 23.211 22.909 22.399 21.747 20.947 19.847 18.332 16.463 14.395 12.129 9.529 6.875 4.708 3.096 1.983 1.238 0.753 0.446 0.250 0.128 0.064 0.037 0.028 0.024 0.021 0.018 0.015 0.013 0.011 0.010 0.009 0.008 0.007 0.006 0.006 0.005 0.004 0.004 0.004 0.004 0.004 0.004 0.004 0.004 0.005 0.005 0.005 0.005 0.004 0.004 0.004 0.004 0.004 0.005 0.008 0.014 0.025 0.045 0.088 0.185 0.402 0.616 0.683 0.681
17.959 19.545 20.982 22.218 23.220 23.918 24.262 24.381 24.421 24.363 24.037 23.372 22.866 22.603 22.293 21.776 21.133 20.391 19.386 17.955 16.112 14.008 11.678 9.024 6.388 4.250 2.666 1.599 0.929 0.520 0.274 0.133 0.063 0.033 0.022 0.017 0.015 0.013 0.012 0.010 0.009 0.008 0.007 0.006 0.006 0.005 0.004 0.004 0.003 0.003 0.002 0.002 0.002 0.002 0.002 0.002 0.002 0.002 0.002 0.002 0.002 0.002 0.002 0.002 0.002 0.002 0.003 0.005 0.010 0.019 0.035 0.068 0.137 0.285 0.498 0.614 0.641
16.664 18.303 19.768 21.037 22.045 22.738 23.089 23.170 23.082 22.792 22.448 22.020 21.544 20.997 20.420 19.818 19.184 18.525 17.670 16.372 14.592 12.479 10.125 7.546 5.125 3.177 1.759 0.872 0.417 0.206 0.104 0.054 0.030 0.019 0.014 0.011 0.010 0.009 0.008 0.007 0.007 0.006 0.005 0.004 0.004 0.003 0.002 0.002 0.002 0.001 0.001 0.001 0.001 0.001 0.001 0.001 0.001 0.001 0.001 0.001 0.001 0.001 0.001 0.001 0.001 0.001 0.002 0.003 0.007 0.014 0.028 0.055 0.108 0.214 0.388 0.526 0.582
15.132 16.697 18.100 19.313 20.287 21.032 21.528 21.676 21.487 20.998 20.793 20.717 20.354 19.466 18.569 17.869 17.185 16.414 15.409 13.990 12.116 9.892 7.472 5.125 3.149 1.691 0.770 0.303 0.126 0.064 0.038 0.024 0.016 0.012 0.010 0.009 0.008 0.007 0.006 0.005 0.004 0.004 0.003 0.003 0.002 0.002 0.001 0.001 0.001 0.000 0.000 0.000 0.000 0.000 0.000 0.000 0.000 0.000 0.000 0.000 0.000 0.000 0.000 0.000 0.000 0.000 0.001 0.002 0.004 0.010 0.021 0.044 0.088 0.170 0.308 0.440 0.511
13.160 14.556 15.940 17.267 18.461 19.511 20.283 20.564 20.402 19.921 19.785 19.745 19.319 18.269 17.293 16.550 15.755 14.697 13.250 11.374 9.071 6.457 4.080 2.399 1.320 0.634 0.248 0.087 0.040 0.025 0.018 0.013 0.010 0.008 0.007 0.006 0.006 0.005 0.004 0.003 0.003 0.002 0.002 0.001 0.001 0.001 0.000 0.000 0.000 0.000 0.000 0.000 0.000 0.000 0.000 0.000 0.000 0.000 0.000 0.000 0.000 0.000 0.000 0.000 0.000 0.000 0.000 0.001 0.003 0.006 0.015 0.033 0.070 0.138 0.250 0.370 0.450
10.966 12.257 13.681 15.201 16.670 17.993 19.004 19.446 19.374 18.977 18.682 18.365 17.712 16.680 15.784 14.999 14.055 12.670 10.721 8.181 5.343 2.911 1.425 0.684 0.340 0.160 0.064 0.028 0.018 0.013 0.011 0.009 0.007 0.006 0.005 0.004 0.004 0.003 0.002 0.002 0.001 0.001 0.001 0.000 0.000 0.000 0.000 0.000 0.000 0.000 0.000 0.000 0.000 0.000 0.000 0.000 0.000 0.000 0.000 0.000 0.000 0.000 0.000 0.000 0.000 0.000 0.000 0.000 0.001 0.004 0.009 0.023 0.052 0.107 0.198 0.309 0.396
9.101 10.299 11.612 13.078 14.561 15.912 17.001 17.568 17.613 17.249 16.566 15.727 14.821 13.926 13.119 12.224 11.002 9.172 6.609 3.934 1.892 0.736 0.257 0.115 0.066 0.038 0.021 0.014 0.011 0.009 0.008 0.006 0.005 0.004 0.004 0.003 0.002 0.002 0.001 0.001 0.000 0.000 0.000 0.000 0.000 0.000 0.000 0.000 0.000 0.000 0.000 0.000 0.000 0.000 0.000 0.000 0.000 0.000 0.000 0.000 0.000 0.000 0.000 0.000 0.000 0.000 0.000 0.000 0.001 0.002 0.005 0.013 0.033 0.074 0.147 0.248 0.343
7.405 8.436 9.473 10.538 11.576 12.569 13.532 14.127 14.245 13.931 13.070 11.851 10.697 9.718 8.711 7.528 5.977 4.069 2.210 0.939 0.303 0.087 0.040 0.028 0.021 0.015 0.011 0.009 0.008 0.007 0.005 0.004 0.004 0.003 0.002 0.002 0.001 0.001 0.000 0.000 0.000 0.000 0.000 0.000 0.000 0.000 0.000 0.000 0.000 0.000 0.000 0.000 0.000 0.000 0.000 0.000 0.000 0.000 0.000 0.000 0.000 0.000 0.000 0.000 0.000 0.000 0.000 0.000 0.000 0.001 0.002 0.007 0.018 0.044 0.094 0.178 0.279
5.548 6.215 6.634 6.903 7.159 7.541 8.190 8.768 8.978 8.834 8.144 6.914 5.544 4.427 3.515 2.681 1.779 0.893 0.332 0.096 0.034 0.021 0.016 0.014 0.011 0.009 0.008 0.007 0.005 0.004 0.004 0.003 0.002 0.002 0.001 0.001 0.000 0.000 0.000 0.000 0.000 0.000 0.000 0.000 0.000 0.000 0.000 0.000 0.000 0.000 0.000 0.000 0.000 0.000 0.000 0.000 0.000 0.000 0.000 0.000 0.000 0.000 0.000 0.000 0.000 0.000 0.000 0.000 0.000 0.000 0.001 0.003 0.008 0.021 0.050 0.104 0.192
2.903 3.001 2.930 2.816 2.745 2.790 3.023 3.333 3.470 3.442 3.157 2.549 1.742 1.110 0.721 0.471 0.251 0.098 0.037 0.020 0.014 0.012 0.010 0.009 0.008 0.006 0.005 0.004 0.003 0.003 0.002 0.002 0.001 0.001 0.000 0.000 0.000 0.000 0.000 0.000 0.000 0.000 0.000 0.000 0.000 0.000 0.000 0.000 0.000 0.000 0.000 0.000 0.000 0.000 0.000 0.000 0.000 0.000 0.000 0.000 0.000 0.000 0.000 0.000 0.000 0.000 0.000 0.000 0.000 0.000 0.000 0.001 0.003 0.008 0.021 0.048 0.099
0.894 0.832 0.756 0.673 0.617 0.597 0.624 0.692 0.716 0.706 0.637 0.481 0.269 0.145 0.094 0.062 0.036 0.021 0.014 0.011 0.010 0.008 0.007 0.006 0.005 0.004 0.003 0.003 0.002 0.001 0.001 0.001 0.000 0.000 0.000 0.000 0.000 0.000 0.000 0.000 0.000 0.000 0.000 0.000 0.000 0.000 0.000 0.000 0.000 0.000 0.000 0.000 0.000 0.000 0.000 0.000 0.000 0.000 0.000 0.000 0.000 0.000 0.000 0.000 0.000 0.000 0.000 0.000 0.000 0.000 0.000 0.000 0.001 0.003 0.007 0.017 0.039
0.185 0.159 0.145 0.133 0.120 0.111 0.110 0.113 0.112 0.108 0.096 0.072 0.043 0.030 0.024 0.019 0.014 0.011 0.009 0.008 0.007 0.006 0.005 0.004 0.003 0.003 0.002 0.001 0.001 0.001 0.000 0.000 0.000 0.000 0.000 0.000 0.000 0.000 0.000 0.000 0.000 0.000 0.000 0.000 0.000 0.000 0.000 0.000 0.000 0.000 0.000 0.000 0.000 0.000 0.000 0.000 0.000 0.000 0.000 0.000 0.000 0.000 0.000 0.000 0.000 0.000 0.000 0.000 0.000 0.000 0.000 0.000 0.000 0.001 0.002 0.005 0.012
0.048 0.043 0.042 0.041 0.038 0.035 0.033 0.032 0.031 0.029 0.027 0.022 0.017 0.015 0.012 0.011 0.009 0.008 0.007 0.006 0.005 0.004 0.003 0.002 0.002 0.001 0.001 0.000 0.000 0.000 0.000 0.000 0.000 0.000 0.000 0.000 0.000 0.000 0.000 0.000 0.000 0.000 0.000 0.000 0.000 0.000 0.000 0.000 0.000 0.000 0.000 0.000 0.000 0.000 0.000 0.000 0.000 0.000 0.000 0.000 0.000 0.000 0.000 0.000 0.000 0.000 0.000 0.000 0.000 0.000 0.000 0.000 0.000 0.000 0.000 0.001 0.003
0.022 0.021 0.020 0.020 0.019 0.018 0.017 0.016 0.015 0.014 0.013 0.012 0.011 0.009 0.008 0.007 0.006 0.005 0.004 0.004 0.003 0.002 0.002 0.001 0.001 0.000 0.000 0.000 0.000 0.000 0.000 0.000 0.000 0.000 0.000 0.000 0.000 0.000 0.000 0.000 0.000 0.000 0.000 0.000 0.000 0.000 0.000 0.000 0.000 0.000 0.000 0.000 0.000 0.000 0.000 0.000 0.000 0.000 0.000 0.000 0.000 0.000 0.000 0.000 0.000 0.000 0.000 0.000 0.000 0.000 0.000 0.000 0.000 0.000 0.000 0.000 0.001
0.013 0.013 0.012 0.012 0.012 0.011 0.010 0.010 0.009 0.009 0.009 0.008 0.007 0.007 0.006 0.005 0.004 0.003 0.003 0.002 0.002 0.001 0.001 0.000 0.000 0.000 0.000 0.000 0.000 0.000 0.000 0.000 0.000 0.000 0.000 0.000 0.000 0.000 0.000 0.000 0.000 0.000 0.000 0.000 0.000 0.000 0.000 0.000 0.000 0.000 0.000 0.000 0.000 0.000 0.000 0.000 0.000 0.000 0.000 0.000 0.000 0.000 0.000 0.000 0.000 0.000 0.000 0.000 0.000 0.000 0.000 0.000 0.000 0.000 0.000 0.000 0.000
0.008 0.008 0.008 0.008 0.007 0.007 0.007 0.006 0.006 0.006 0.006 0.005 0.005 0.004 0.004 0.003 0.002 0.002 0.001 0.001 0.001 0.000 0.000 0.000 0.000 0.000 0.000 0.000 0.000 0.000 0.000 0.000 0.000 0.000 0.000 0.000 0.000 0.000 0.000 0.000 0.000 0.000 0.000 0.000 0.000 0.000 0.000 0.000 0.000 0.000 0.000 0.000 0.000 0.000 0.000 0.000 0.000 0.000 0.000 0.000 0.000 0.000 0.000 0.000 0.000 0.000 0.000 0.000 0.000 0.000 0.000 0.000 0.000 0.000 0.000 0.000 0.000
0.005 0.005 0.005 0.005 0.004 0.004 0.004 0.004 0.004 0.004 0.003 0.003 0.003 0.003 0.002 0.002 0.001 0.001 0.000 0.000 0.000 0.000 0.000 0.000 0.000 0.000 0.000 0.000 0.000 0.000 0.000 0.000 0.000 0.000 0.000 0.000 0.000 0.000 0.000 0.000 0.000 0.000 0.000 0.000 0.000 0.000 0.000 0.000 0.000 0.000 0.000 0.000 0.000 0.000 0.000 0.000 0.000 0.000 0.000 0.000 0.000 0.000 0.000 0.000 0.000 0.000 0.000 0.000 0.000 0.000 0.000 0.000 0.000 0.000 0.000 0.000 0.000
0.003 0.003 0.003 0.003 0.002 0.002 0.002 0.002 0.002 0.002 0.002 0.002 0.001 0.001 0.001 0.001 0.000 0.000 0.000 0.000 0.000 0.000 0.000 0.000 0.000 0.000 0.000 0.000 0.000 0.000 0.000 0.000 0.000 0.000 0.000 0.000 0.000 0.000 0.000 0.000 0.000 0.000 0.000 0.000 0.000 0.000 0.000 0.000 0.000 0.000 0.000 0.000 0.000 0.000 0.000 0.000 0.000 0.000 0.000 0.000 0.000 0.000 0.000 0.000 0.000 0.000 0.000 0.000 0.000 0.000 0.000 0.000 0.000 0.000 0.000 0.000 0.000
0.001 0.001 0.001 0.001 0.001 0.001 0.001 0.001 0.001 0.001 0.001 0.000 0.000 0.000 0.000 0.000 0.000 0.000 0.000 0.000 0.000 0.000 0.000 0.000 0.000 0.000 0.000 0.000 0.000 0.000 0.000 0.000 0.000 0.000 0.000 0.000 0.000 0.000 0.000 0.000 0.000 0.000 0.000 0.000 0.000 0.000 0.000 0.000 0.000 0.000 0.000 0.000 0.000 0.000 0.000 0.000 0.000 0.000 0.000 0.000 0.000 0.000 0.000 0.000 0.000 0.000 0.000 0.000 0.000 0.000 0.000 0.000 0.000 0.000 0.000 0.000 0.000
0.000 0.000 0.000 0.000 0.000 0.000 0.000 0.000 0.000 0.000 0.000 0.000 0.000 0.000 0.000 0.000 0.000 0.000 0.000 0.000 0.000 0.000 0.000 0.000 0.000 0.000 0.000 0.000 0.000 0.000 0.000 0.000 0.000 0.000 0.000 0.000 0.000 0.000 0.000 0.000 0.000 0.000 0.000 0.000 0.000 0.000 0.000 0.000 0.000 0.000 0.000 0.000 0.000 0.000 0.000 0.000 0.000 0.000 0.000 0.000 0.000 0.000 0.000 0.000 0.000 0.000 0.000 0.000 0.000 0.000 0.000 0.000 0.000 0.000 0.000 0.000 0.000
0.000 0.000 0.000 0.000 0.000 0.000 0.000 0.000 0.000 0.000 0.000 0.000 0.000 0.000 0.000 0.000 0.000 0.000 0.000 0.000 0.000 0.000 0.000 0.000 0.000 0.000 0.000 0.000 0.000 0.000 0.000 0.000 0.000 0.000 0.000 0.000 0.000 0.000 0.000 0.000 0.000 0.000 0.000 0.000 0.000 0.000 0.000 0.000 0.000 0.000 0.000 0.000 0.000 0.000 0.000 0.000 0.000 0.000 0.000 0.000 0.000 0.000 0.000 0.000 0.000 0.000 0.000 0.000 0.000 0.000 0.000 0.000 0.000 0.000 0.000 0.000 0.000
0.000 0.000 0.000 0.000 0.000 0.000 0.000 0.000 0.000 0.000 0.000 0.000 0.000 0.000 0.000 0.000 0.000 0.000 0.000 0.000 0.000 0.000 0.000 0.000 0.000 0.000 0.000 0.000 0.000 0.000 0.000 0.000 0.000 0.000 0.000 0.000 0.000 0.000 0.000 0.000 0.000 0.000 0.000 0.000 0.000 0.000 0.000 0.000 0.000 0.000 0.000 0.000 0.000 0.000 0.000 0.000 0.000 0.000 0.000 0.000 0.000 0.000 0.000 0.000 0.000 0.000 0.000 0.000 0.000 0.000 0.000 0.000 0.000 0.000 0.000 0.000 0.000
0.000 0.000 0.000 0.000 0.000 0.000 0.000 0.000 0.000 0.000 0.000 0.000 0.000 0.000 0.000 0.000 0.000 0.000 0.000 0.000 0.000 0.000 0.000 0.000 0.000 0.000 0.000 0.000 0.000 0.000 0.000 0.000 0.000 0.000 0.000 0.000 0.000 0.000 0.000 0.000 0.000 0.000 0.000 0.000 0.000 0.000 0.000 0.000 0.000 0.000 0.000 0.000 0.000 0.000 0.000 0.000 0.000 0.000 0.000 0.000 0.000 0.000 0.000 0.000 0.000 0.000 0.000 0.000 0.000 0.000 0.000 0.000 0.000 0.000 0.000 0.000 0.000
0.000 0.000 0.000 0.000 0.000 0.000 0.000 0.000 0.000 0.000 0.000 0.000 0.000 0.000 0.000 0.000 0.000 0.000 0.000 0.000 0.000 0.000 0.000 0.000 0.000 0.000 0.000 0.000 0.000 0.000 0.000 0.000 0.000 0.000 0.000 0.000 0.000 0.000 0.000 0.000 0.000 0.000 0.000 0.000 0.000 0.000 0.000 0.000 0.000 0.000 0.000 0.000 0.000 0.000 0.000 0.000 0.000 0.000 0.000 0.000 0.000 0.000 0.000 0.000 0.000 0.000 0.000 0.000 0.000 0.000 0.000 0.000 0.000 0.000 0.000 0.000 0.000
0.000 0.000 0.000 0.000 0.000 0.000 0.000 0.000 0.000 0.000 0.000 0.000 0.000 0.000 0.000 0.000 0.000 0.000 0.000 0.000 0.000 0.000 0.000 0.000 0.000 0.000 0.000 0.000 0.000 0.000 0.000 0.000 0.000 0.000 0.000 0.000 0.000 0.000 0.000 0.000 0.000 0.000 0.000 0.000 0.000 0.000 0.000 0.000 0.000 0.000 0.000 0.000 0.000 0.000 0.000 0.000 0.000 0.000 0.000 0.000 0.000 0.000 0.000 0.000 0.000 0.000 0.000 0.000 0.000 0.000 0.000 0.000 0.000 0.000 0.000 0.000 0.000
0.000 0.000 0.000 0.000 0.000 0.000 0.000 0.000 0.000 0.000 0.000 0.000 0.000 0.000 0.000 0.000 0.000 0.000 0.000 0.000 0.000 0.000 0.000 0.000 0.000 0.000 0.000 0.000 0.000 0.000 0.000 0.000 0.000 0.000 0.000 0.000 0.000 0.000 0.000 0.000 0.000 0.000 0.000 0.000 0.000 0.000 0.000 0.000 0.000 0.000 0.000 0.000 0.000 0.000 0.000 0.000 0.000 0.000 0.000 0.000 0.000 0.000 0.000 0.000 0.000 0.000 0.000 0.000 0.000 0.000 0.000 0.000 0.000 0.000 0.000 0.000 0.000
0.000 0.000 0.000 0.000 0.000 0.000 0.000 0.000 0.000 0.000 0.000 0.000 0.000 0.000 0.000 0.000 0.000 0.000 0.000 0.000 0.000 0.000 0.000 0.000 0.000 0.000 0.000 0.000 0.000 0.000 0.000 0.000 0.000 0.000 0.000 0.000 0.000 0.000 0.000 0.000 0.000 0.000 0.000 0.000 0.000 0.000 0.000 0.000 0.000 0.000 0.000 0.000 0.000 0.000 0.000 0.000 0.000 0.000 0.000 0.000 0.000 0.000 0.000 0.000 0.000 0.000 0.000 0.000 0.000 0.000 0.000 0.000 0.000 0.000 0.000 0.000 0.000
