RESULTS/r.avaflow_results/32_results/32_ascii/32_hflow10057.asc
ncols 506
nrows 317
xllcenter 498237.50
yllcenter 5580050.00
cellsize 12.50
NODATA_value -9999.000
[rows 170 to 203 of 317, columns 77 to 153 of 506]
0.000 0.000 0.000 0.000 0.000 0.000 0.000 0.000 0.000 0.000 0.000 0.000 0.000 0.000 0.001 0.002 0.003 0.004 0.004 0.004 0.004 0.004 0.005 0.011 0.031 0.057 0.069 0.070 0.068 0.065 0.060 0.052 0.041 0.029 0.020 0.014 0.010 0.008 0.006 0.005 0.004 0.004 0.004 0.005 0.012 0.031 0.066 0.115 0.191 0.340 0.620 1.134 2.096 3.235 3.873 3.997 3.969 4.004 4.089 4.125 4.104 4.004 3.823 3.534 3.144 2.660 2.174 1.766 1.424 1.136 0.900 0.711 0.563 0.448 0.359 0.287 0.228
0.000 0.000 0.000 0.000 0.000 0.000 0.000 0.000 0.000 0.000 0.000 0.000 0.001 0.002 0.004 0.007 0.010 0.013 0.014 0.015 0.014 0.015 0.022 0.041 0.075 0.100 0.106 0.105 0.101 0.095 0.087 0.074 0.057 0.039 0.027 0.020 0.015 0.012 0.010 0.009 0.008 0.008 0.009 0.019 0.054 0.139 0.268 0.433 0.689 1.102 1.717 2.611 3.598 4.243 4.444 4.415 4.359 4.356 4.388 4.393 4.352 4.213 3.991 3.648 3.210 2.687 2.195 1.783 1.438 1.150 0.919 0.737 0.594 0.477 0.383 0.306 0.243
0.000 0.000 0.000 0.000 0.000 0.000 0.000 0.000 0.000 0.000 0.000 0.001 0.003 0.006 0.011 0.017 0.024 0.031 0.036 0.040 0.044 0.052 0.073 0.109 0.141 0.153 0.153 0.150 0.144 0.135 0.122 0.104 0.079 0.054 0.037 0.028 0.022 0.019 0.017 0.016 0.015 0.018 0.033 0.088 0.243 0.511 0.835 1.210 1.746 2.507 3.340 4.079 4.548 4.722 4.706 4.649 4.598 4.568 4.562 4.541 4.479 4.327 4.070 3.698 3.227 2.691 2.208 1.799 1.459 1.178 0.954 0.771 0.623 0.499 0.399 0.318 0.253
0.000 0.000 0.000 0.000 0.000 0.000 0.000 0.000 0.000 0.000 0.001 0.003 0.007 0.014 0.022 0.033 0.045 0.058 0.072 0.085 0.100 0.124 0.165 0.202 0.218 0.218 0.215 0.209 0.199 0.187 0.168 0.143 0.108 0.074 0.051 0.038 0.032 0.029 0.027 0.027 0.032 0.055 0.136 0.362 0.785 1.334 1.897 2.514 3.283 4.068 4.673 5.020 5.116 5.047 4.891 4.788 4.723 4.676 4.654 4.619 4.535 4.374 4.103 3.720 3.236 2.695 2.221 1.822 1.489 1.212 0.985 0.794 0.639 0.511 0.408 0.325 0.260
0.000 0.000 0.000 0.000 0.000 0.000 0.000 0.000 0.000 0.000 0.002 0.006 0.013 0.023 0.036 0.053 0.072 0.096 0.122 0.150 0.184 0.228 0.275 0.299 0.302 0.300 0.294 0.284 0.271 0.253 0.227 0.193 0.147 0.101 0.070 0.053 0.044 0.041 0.042 0.049 0.077 0.178 0.473 1.051 1.835 2.633 3.364 4.028 4.647 5.153 5.481 5.588 5.540 5.333 5.021 4.848 4.772 4.726 4.697 4.657 4.568 4.396 4.112 3.720 3.230 2.697 2.235 1.839 1.511 1.233 1.000 0.805 0.647 0.517 0.414 0.329 0.262
0.000 0.000 0.000 0.000 0.000 0.000 0.000 0.000 0.000 0.000 0.002 0.008 0.016 0.030 0.049 0.074 0.105 0.144 0.188 0.238 0.293 0.348 0.386 0.400 0.402 0.399 0.391 0.379 0.362 0.337 0.304 0.259 0.200 0.137 0.094 0.070 0.059 0.057 0.062 0.088 0.175 0.468 1.178 2.275 3.322 4.155 4.763 5.231 5.626 5.896 6.013 6.013 5.887 5.557 5.131 4.872 4.773 4.743 4.715 4.674 4.589 4.412 4.116 3.713 3.218 2.696 2.240 1.848 1.518 1.238 1.004 0.809 0.650 0.521 0.417 0.332 0.263
0.000 0.000 0.000 0.000 0.000 0.000 0.000 0.000 0.000 0.000 0.003 0.008 0.018 0.034 0.056 0.087 0.129 0.186 0.261 0.348 0.422 0.478 0.509 0.520 0.522 0.519 0.511 0.497 0.476 0.445 0.402 0.344 0.270 0.187 0.125 0.091 0.077 0.076 0.087 0.142 0.337 0.953 2.265 3.794 4.821 5.470 5.879 6.145 6.349 6.460 6.475 6.391 6.157 5.732 5.235 4.902 4.751 4.728 4.731 4.701 4.618 4.430 4.113 3.697 3.197 2.682 2.232 1.841 1.509 1.230 0.997 0.803 0.645 0.518 0.415 0.331 0.262
0.000 0.000 0.000 0.000 0.000 0.000 0.000 0.000 0.000 0.000 0.003 0.008 0.019 0.035 0.059 0.093 0.141 0.210 0.309 0.440 0.554 0.620 0.655 0.668 0.671 0.669 0.660 0.643 0.617 0.578 0.525 0.454 0.361 0.252 0.167 0.118 0.098 0.095 0.106 0.172 0.444 1.363 3.246 5.036 6.029 6.508 6.745 6.853 6.921 6.931 6.862 6.675 6.341 5.865 5.340 4.964 4.773 4.734 4.736 4.711 4.631 4.430 4.104 3.665 3.147 2.633 2.189 1.803 1.476 1.201 0.973 0.783 0.630 0.507 0.407 0.325 0.258
0.000 0.000 0.000 0.000 0.000 0.000 0.000 0.000 0.000 0.000 0.002 0.008 0.018 0.035 0.059 0.093 0.144 0.218 0.329 0.492 0.674 0.782 0.833 0.853 0.857 0.855 0.844 0.823 0.789 0.740 0.675 0.590 0.477 0.339 0.223 0.152 0.120 0.111 0.119 0.183 0.472 1.547 3.882 5.979 6.958 7.298 7.395 7.413 7.382 7.282 7.119 6.863 6.479 5.987 5.460 5.061 4.845 4.785 4.774 4.736 4.627 4.395 4.048 3.585 3.045 2.540 2.106 1.733 1.417 1.152 0.930 0.749 0.604 0.488 0.394 0.316 0.252
0.000 0.000 0.000 0.000 0.000 0.000 0.000 0.000 0.000 0.000 0.002 0.006 0.015 0.032 0.056 0.091 0.142 0.217 0.331 0.507 0.754 0.957 1.050 1.081 1.088 1.085 1.072 1.042 0.998 0.937 0.857 0.755 0.623 0.455 0.299 0.197 0.144 0.127 0.131 0.187 0.467 1.568 4.164 6.627 7.645 7.876 7.889 7.832 7.692 7.486 7.247 6.949 6.578 6.126 5.613 5.206 4.971 4.884 4.833 4.740 4.565 4.297 3.909 3.424 2.884 2.405 1.988 1.637 1.336 1.082 0.874 0.709 0.578 0.471 0.384 0.310 0.248
0.000 0.000 0.000 0.000 0.000 0.000 0.000 0.000 0.000 0.000 0.001 0.003 0.009 0.023 0.045 0.079 0.128 0.201 0.313 0.492 0.766 1.094 1.295 1.355 1.362 1.357 1.339 1.303 1.246 1.173 1.078 0.956 0.800 0.601 0.400 0.256 0.175 0.144 0.142 0.187 0.443 1.514 4.161 6.919 8.119 8.299 8.238 8.076 7.827 7.564 7.271 6.970 6.648 6.273 5.817 5.404 5.140 4.997 4.878 4.707 4.464 4.132 3.692 3.173 2.663 2.221 1.837 1.511 1.235 1.007 0.823 0.676 0.559 0.460 0.376 0.306 0.246
0.000 0.000 0.000 0.000 0.000 0.000 0.000 0.000 0.000 0.000 0.000 0.001 0.003 0.009 0.023 0.048 0.087 0.145 0.238 0.399 0.683 1.114 1.490 1.647 1.674 1.669 1.649 1.608 1.541 1.454 1.343 1.197 1.011 0.783 0.533 0.339 0.217 0.164 0.155 0.182 0.392 1.356 3.926 6.890 8.327 8.564 8.439 8.175 7.857 7.571 7.264 6.961 6.676 6.371 6.015 5.638 5.326 5.103 4.906 4.658 4.357 3.958 3.466 2.928 2.445 2.032 1.682 1.387 1.143 0.944 0.782 0.650 0.543 0.451 0.371 0.303 0.245
0.000 0.000 0.000 0.000 0.000 0.000 0.000 0.000 0.000 0.000 0.000 0.000 0.001 0.002 0.007 0.016 0.032 0.057 0.102 0.204 0.452 0.948 1.563 1.888 1.986 2.007 1.995 1.954 1.885 1.784 1.650 1.478 1.262 1.004 0.714 0.466 0.290 0.201 0.176 0.193 0.347 1.125 3.453 6.588 8.275 8.639 8.500 8.189 7.838 7.503 7.197 6.928 6.672 6.422 6.140 5.820 5.486 5.176 4.911 4.621 4.263 3.826 3.310 2.772 2.303 1.904 1.571 1.294 1.069 0.889 0.744 0.627 0.529 0.443 0.367 0.302 0.245
0.000 0.000 0.000 0.000 0.000 0.000 0.000 0.000 0.000 0.000 0.000 0.000 0.000 0.001 0.001 0.003 0.007 0.014 0.025 0.058 0.187 0.618 1.428 2.024 2.246 2.322 2.334 2.312 2.253 2.147 1.995 1.802 1.561 1.276 0.956 0.654 0.418 0.277 0.226 0.230 0.350 0.963 2.936 6.044 7.899 8.485 8.425 8.137 7.737 7.330 7.017 6.793 6.582 6.380 6.172 5.915 5.599 5.265 4.935 4.588 4.186 3.737 3.221 2.701 2.241 1.843 1.507 1.232 1.012 0.840 0.706 0.601 0.514 0.435 0.366 0.303 0.248
0.000 0.000 0.000 0.000 0.000 0.000 0.000 0.000 0.000 0.000 0.000 0.000 0.000 0.000 0.000 0.001 0.002 0.003 0.006 0.013 0.058 0.321 1.113 2.024 2.429 2.587 2.643 2.639 2.598 2.516 2.371 2.166 1.913 1.613 1.271 0.923 0.629 0.425 0.334 0.322 0.412 0.901 2.480 5.261 7.194 7.978 8.080 7.910 7.531 7.059 6.689 6.474 6.361 6.283 6.153 5.929 5.651 5.327 4.959 4.573 4.144 3.687 3.183 2.685 2.229 1.828 1.480 1.194 0.968 0.795 0.664 0.565 0.490 0.424 0.365 0.310 0.259
0.000 0.000 0.000 0.000 0.000 0.000 0.000 0.000 0.000 0.000 0.000 0.000 0.000 0.000 0.000 0.001 0.001 0.002 0.003 0.006 0.020 0.146 0.741 1.813 2.496 2.764 2.885 2.931 2.923 2.874 2.769 2.580 2.327 2.024 1.674 1.296 0.955 0.694 0.556 0.526 0.589 0.973 2.112 4.270 6.195 7.139 7.391 7.342 7.094 6.631 6.152 5.882 5.806 5.846 5.911 5.838 5.652 5.358 4.992 4.580 4.133 3.665 3.175 2.690 2.237 1.830 1.474 1.175 0.936 0.753 0.616 0.516 0.449 0.403 0.361 0.317 0.269
0.000 0.000 0.000 0.000 0.000 0.000 0.000 0.000 0.000 0.000 0.000 0.000 0.000 0.000 0.000 0.001 0.001 0.003 0.004 0.007 0.015 0.065 0.397 1.344 2.364 2.844 3.054 3.173 3.222 3.215 3.155 3.019 2.799 2.514 2.178 1.796 1.428 1.135 0.954 0.898 0.931 1.187 1.938 3.415 5.106 6.082 6.407 6.418 6.305 5.964 5.449 5.031 4.877 4.950 5.228 5.480 5.506 5.323 4.994 4.585 4.137 3.662 3.186 2.715 2.264 1.848 1.481 1.170 0.916 0.716 0.565 0.458 0.391 0.358 0.335 0.306 0.260
0.000 0.000 0.000 0.000 0.000 0.000 0.000 0.000 0.000 0.000 0.000 0.000 0.000 0.000 0.001 0.001 0.003 0.006 0.009 0.014 0.021 0.043 0.189 0.812 1.959 2.788 3.135 3.338 3.469 3.519 3.505 3.426 3.273 3.055 2.773 2.427 2.063 1.771 1.572 1.480 1.476 1.607 2.056 2.965 4.246 5.085 5.386 5.428 5.388 5.202 4.837 4.356 4.041 3.999 4.248 4.750 5.078 5.082 4.878 4.525 4.118 3.670 3.226 2.784 2.321 1.882 1.500 1.176 0.907 0.688 0.520 0.399 0.318 0.272 0.245 0.215 0.166
0.000 0.000 0.000 0.000 0.000 0.000 0.000 0.000 0.000 0.000 0.000 0.000 0.000 0.001 0.002 0.004 0.008 0.015 0.024 0.032 0.039 0.053 0.107 0.409 1.340 2.527 3.129 3.430 3.654 3.778 3.813 3.783 3.693 3.549 3.348 3.080 2.767 2.509 2.335 2.239 2.205 2.223 2.378 2.838 3.696 4.374 4.650 4.718 4.714 4.627 4.392 3.979 3.585 3.404 3.462 3.835 4.340 4.554 4.517 4.311 4.009 3.642 3.260 2.852 2.364 1.896 1.509 1.181 0.901 0.665 0.478 0.335 0.226 0.151 0.105 0.074 0.045
0.000 0.000 0.000 0.000 0.000 0.000 0.000 0.000 0.000 0.000 0.000 0.000 0.000 0.002 0.005 0.012 0.023 0.040 0.056 0.068 0.074 0.079 0.099 0.222 0.780 1.993 2.965 3.426 3.731 3.954 4.064 4.087 4.057 3.971 3.823 3.605 3.333 3.091 2.924 2.829 2.789 2.787 2.827 3.009 3.467 3.959 4.185 4.255 4.262 4.222 4.070 3.762 3.376 3.105 3.014 3.136 3.474 3.760 3.872 3.845 3.700 3.447 3.132 2.763 2.310 1.854 1.473 1.151 0.864 0.607 0.395 0.233 0.122 0.062 0.034 0.019 0.010
0.000 0.000 0.000 0.000 0.000 0.000 0.000 0.000 0.000 0.000 0.000 0.000 0.001 0.004 0.013 0.032 0.060 0.090 0.115 0.128 0.131 0.127 0.127 0.178 0.497 1.411 2.565 3.278 3.725 4.050 4.257 4.340 4.349 4.310 4.192 3.991 3.740 3.503 3.324 3.205 3.139 3.119 3.134 3.218 3.439 3.742 3.913 3.968 3.976 3.943 3.837 3.612 3.271 2.979 2.809 2.752 2.810 2.906 2.970 2.996 2.964 2.816 2.547 2.216 1.865 1.502 1.174 0.888 0.630 0.399 0.217 0.101 0.044 0.020 0.011 0.006 0.003
0.000 0.000 0.000 0.000 0.000 0.000 0.000 0.000 0.000 0.000 0.000 0.001 0.003 0.010 0.033 0.077 0.132 0.176 0.206 0.220 0.220 0.210 0.196 0.217 0.411 1.033 2.039 2.911 3.568 4.040 4.367 4.539 4.572 4.551 4.440 4.246 4.002 3.768 3.580 3.434 3.330 3.275 3.273 3.312 3.440 3.618 3.728 3.769 3.779 3.748 3.657 3.479 3.189 2.893 2.683 2.530 2.412 2.308 2.195 2.059 1.917 1.754 1.514 1.230 0.980 0.754 0.548 0.372 0.233 0.130 0.062 0.027 0.012 0.007 0.004 0.002 0.001
0.000 0.000 0.000 0.000 0.000 0.000 0.000 0.000 0.000 0.000 0.000 0.001 0.006 0.023 0.070 0.156 0.241 0.298 0.339 0.359 0.362 0.352 0.329 0.332 0.461 0.902 1.657 2.494 3.258 3.900 4.359 4.623 4.702 4.676 4.581 4.388 4.163 3.942 3.732 3.554 3.420 3.337 3.321 3.341 3.426 3.531 3.588 3.614 3.618 3.582 3.496 3.337 3.088 2.797 2.552 2.338 2.131 1.913 1.666 1.385 1.122 0.893 0.684 0.495 0.345 0.233 0.151 0.092 0.052 0.027 0.013 0.007 0.004 0.003 0.002 0.001 0.001
0.000 0.000 0.000 0.000 0.000 0.000 0.000 0.000 0.000 0.000 0.000 0.001 0.008 0.032 0.103 0.235 0.370 0.457 0.521 0.561 0.577 0.576 0.561 0.556 0.635 0.947 1.523 2.248 2.994 3.672 4.223 4.585 4.720 4.698 4.625 4.457 4.259 4.054 3.838 3.631 3.460 3.345 3.312 3.329 3.392 3.444 3.463 3.469 3.466 3.426 3.331 3.180 2.952 2.667 2.390 2.134 1.867 1.559 1.201 0.857 0.587 0.395 0.262 0.167 0.101 0.059 0.034 0.019 0.011 0.006 0.004 0.002 0.002 0.001 0.001 0.001 0.001
0.000 0.000 0.000 0.000 0.000 0.000 0.000 0.000 0.000 0.000 0.000 0.001 0.008 0.034 0.112 0.270 0.481 0.644 0.757 0.835 0.879 0.900 0.910 0.920 0.973 1.169 1.586 2.193 2.882 3.502 4.040 4.448 4.656 4.665 4.614 4.475 4.296 4.101 3.898 3.676 3.470 3.331 3.265 3.266 3.309 3.334 3.334 3.324 3.300 3.254 3.160 3.006 2.770 2.438 2.069 1.737 1.404 1.031 0.661 0.397 0.236 0.139 0.082 0.048 0.026 0.014 0.007 0.004 0.002 0.002 0.001 0.001 0.001 0.001 0.001 0.000 0.000
0.000 0.000 0.000 0.000 0.000 0.000 0.000 0.000 0.000 0.000 0.000 0.001 0.007 0.032 0.106 0.271 0.543 0.839 1.044 1.188 1.283 1.342 1.386 1.429 1.488 1.615 1.881 2.319 2.898 3.461 3.921 4.274 4.504 4.550 4.535 4.435 4.296 4.102 3.907 3.681 3.450 3.275 3.164 3.128 3.142 3.175 3.178 3.162 3.115 3.031 2.908 2.702 2.373 1.882 1.353 0.941 0.621 0.373 0.205 0.110 0.061 0.036 0.021 0.012 0.006 0.003 0.001 0.001 0.001 0.001 0.000 0.000 0.000 0.000 0.000 0.000 0.000
0.000 0.000 0.000 0.000 0.000 0.000 0.000 0.000 0.000 0.000 0.000 0.001 0.005 0.023 0.085 0.248 0.559 1.008 1.382 1.625 1.797 1.915 2.001 2.074 2.151 2.248 2.405 2.675 3.072 3.529 3.899 4.158 4.330 4.386 4.393 4.330 4.240 4.085 3.896 3.663 3.408 3.169 2.989 2.895 2.865 2.881 2.889 2.876 2.816 2.690 2.466 2.130 1.643 1.064 0.599 0.322 0.164 0.077 0.035 0.018 0.011 0.007 0.004 0.002 0.001 0.001 0.000 0.000 0.000 0.000 0.000 0.000 0.000 0.000 0.000 0.000 0.000
0.000 0.000 0.000 0.000 0.000 0.000 0.000 0.000 0.000 0.000 0.000 0.000 0.002 0.011 0.054 0.203 0.547 1.115 1.725 2.153 2.441 2.628 2.756 2.858 2.946 3.026 3.114 3.247 3.458 3.731 3.968 4.130 4.222 4.251 4.251 4.193 4.116 4.002 3.829 3.613 3.347 3.044 2.767 2.577 2.479 2.431 2.389 2.342 2.243 2.048 1.722 1.284 0.822 0.444 0.208 0.089 0.036 0.014 0.005 0.003 0.002 0.001 0.001 0.001 0.000 0.000 0.000 0.000 0.000 0.000 0.000 0.000 0.000 0.000 0.000 0.000 0.000
0.000 0.000 0.000 0.000 0.000 0.000 0.000 0.000 0.000 0.000 0.000 0.000 0.001 0.005 0.034 0.167 0.538 1.180 1.965 2.635 3.134 3.450 3.637 3.761 3.847 3.901 3.940 3.977 4.025 4.078 4.117 4.147 4.155 4.135 4.098 4.029 3.946 3.841 3.694 3.503 3.251 2.933 2.587 2.273 2.044 1.882 1.736 1.579 1.382 1.122 0.816 0.514 0.277 0.127 0.053 0.020 0.007 0.002 0.001 0.001 0.000 0.000 0.000 0.000 0.000 0.000 0.000 0.000 0.000 0.000 0.000 0.000 0.000 0.000 0.000 0.000 0.000
0.000 0.000 0.000 0.000 0.000 0.000 0.000 0.000 0.000 0.000 0.000 0.000 0.001 0.003 0.025 0.149 0.539 1.224 2.075 2.944 3.671 4.164 4.455 4.612 4.684 4.712 4.715 4.678 4.599 4.480 4.335 4.208 4.094 3.989 3.904 3.829 3.747 3.652 3.521 3.346 3.116 2.810 2.445 2.044 1.690 1.412 1.172 0.940 0.710 0.486 0.288 0.146 0.065 0.027 0.010 0.004 0.001 0.001 0.000 0.000 0.000 0.000 0.000 0.000 0.000 0.000 0.000 0.000 0.000 0.000 0.000 0.000 0.000 0.000 0.000 0.000 0.000
0.000 0.000 0.000 0.000 0.000 0.000 0.000 0.000 0.000 0.000 0.000 0.000 0.001 0.003 0.023 0.145 0.548 1.250 2.100 3.064 4.016 4.717 5.146 5.364 5.438 5.434 5.378 5.248 5.037 4.770 4.494 4.241 4.002 3.787 3.632 3.535 3.476 3.407 3.303 3.154 2.950 2.672 2.308 1.863 1.416 1.056 0.767 0.529 0.335 0.191 0.095 0.041 0.015 0.005 0.002 0.001 0.000 0.000 0.000 0.000 0.000 0.000 0.000 0.000 0.000 0.000 0.000 0.000 0.000 0.000 0.000 0.000 0.000 0.000 0.000 0.000 0.000
0.000 0.001 0.001 0.001 0.002 0.001 0.001 0.001 0.001 0.001 0.001 0.001 0.002 0.004 0.023 0.147 0.552 1.252 2.097 3.070 4.178 5.103 5.692 5.977 6.049 6.010 5.887 5.657 5.314 4.930 4.572 4.233 3.883 3.517 3.229 3.053 2.990 2.957 2.897 2.793 2.640 2.432 2.115 1.673 1.176 0.782 0.496 0.294 0.159 0.078 0.033 0.012 0.004 0.001 0.000 0.000 0.000 0.000 0.000 0.000 0.000 0.000 0.000 0.000 0.000 0.000 0.000 0.000 0.000 0.000 0.000 0.000 0.000 0.000 0.000 0.000 0.000
0.001 0.002 0.002 0.002 0.002 0.002 0.002 0.002 0.002 0.002 0.002 0.003 0.004 0.007 0.024 0.140 0.524 1.201 2.034 2.995 4.152 5.259 6.009 6.367 6.445 6.400 6.194 5.849 5.426 4.995 4.592 4.179 3.718 3.189 2.712 2.382 2.224 2.155 2.092 2.019 1.943 1.851 1.674 1.349 0.907 0.539 0.300 0.157 0.075 0.032 0.012 0.004 0.001 0.000 0.000 0.000 0.000 0.000 0.000 0.000 0.000 0.000 0.000 0.000 0.000 0.000 0.000 0.000 0.000 0.000 0.000 0.000 0.000 0.000 0.000 0.000 0.000
0.003 0.003 0.003 0.003 0.003 0.002 0.002 0.002 0.002 0.003 0.004 0.005 0.006 0.008 0.017 0.096 0.400 1.008 1.827 2.786 3.964 5.230 6.118 6.552 6.652 6.583 6.316 5.926 5.460 5.003 4.526 4.015 3.449 2.791 2.139 1.640 1.326 1.142 1.018 0.934 0.898 0.900 0.892 0.784 0.544 0.301 0.153 0.072 0.031 0.012 0.004 0.001 0.000 0.000 0.000 0.000 0.000 0.000 0.000 0.000 0.000 0.000 0.000 0.000 0.000 0.000 0.000 0.000 0.000 0.000 0.000 0.000 0.000 0.000 0.000 0.000 0.000
