RESULTS/r.avaflow_results/32_results/32_ascii/32_hflow_fin.asc
ncols 506
nrows 317
xllcenter 498237.50
yllcenter 5580050.00
cellsize 12.50
NODATA_value -9999.000
[rows 170 to 203 of 317, columns 77 to 153 of 506]
0.000 0.000 0.000 0.000 0.000 0.000 0.000 0.000 0.000 0.000 0.000 0.000 0.000 0.000 0.001 0.002 0.003 0.004 0.004 0.004 0.004 0.004 0.005 0.011 0.032 0.060 0.073 0.074 0.072 0.069 0.064 0.056 0.044 0.031 0.021 0.015 0.011 0.008 0.007 0.006 0.005 0.004 0.004 0.005 0.012 0.031 0.066 0.116 0.196 0.352 0.653 1.214 2.283 3.624 4.564 5.050 5.438 6.051 7.001 8.260 9.878 11.696 13.233 14.290 14.819 14.892 14.760 14.560 14.262 13.746 12.882 11.806 10.832 10.128 9.651 9.304 9.048
0.000 0.000 0.000 0.000 0.000 0.000 0.000 0.000 0.000 0.000 0.000 0.000 0.001 0.002 0.004 0.008 0.011 0.014 0.015 0.016 0.016 0.016 0.023 0.043 0.079 0.105 0.111 0.110 0.107 0.100 0.091 0.078 0.060 0.042 0.029 0.021 0.016 0.013 0.011 0.009 0.008 0.008 0.010 0.019 0.054 0.139 0.269 0.439 0.706 1.143 1.804 2.785 3.916 4.783 5.290 5.644 6.070 6.748 7.777 9.184 10.977 12.751 14.041 14.846 15.177 15.115 14.884 14.557 14.161 13.631 12.937 12.338 11.999 11.895 11.891 11.934 12.057
0.000 0.000 0.000 0.000 0.000 0.000 0.000 0.000 0.000 0.000 0.000 0.001 0.003 0.007 0.013 0.019 0.027 0.034 0.040 0.043 0.047 0.055 0.077 0.115 0.148 0.161 0.161 0.158 0.151 0.142 0.128 0.109 0.082 0.056 0.039 0.029 0.024 0.020 0.018 0.016 0.015 0.018 0.032 0.086 0.240 0.510 0.841 1.230 1.792 2.596 3.495 4.338 4.959 5.343 5.607 5.936 6.412 7.119 8.175 9.650 11.508 13.155 14.259 14.939 15.200 15.111 14.873 14.571 14.260 13.958 13.706 13.676 13.751 13.844 13.968 14.325 15.021
0.000 0.000 0.000 0.000 0.000 0.000 0.000 0.000 0.000 0.000 0.001 0.003 0.008 0.015 0.025 0.036 0.049 0.064 0.078 0.092 0.107 0.131 0.173 0.212 0.228 0.229 0.225 0.219 0.209 0.195 0.175 0.148 0.112 0.077 0.053 0.040 0.033 0.029 0.027 0.027 0.031 0.052 0.131 0.354 0.778 1.335 1.915 2.557 3.358 4.191 4.873 5.332 5.576 5.704 5.815 6.088 6.559 7.266 8.318 9.781 11.619 13.185 14.212 14.825 15.053 15.010 14.894 14.810 14.852 14.966 15.036 15.059 15.074 15.132 15.380 16.088 17.350
0.000 0.000 0.000 0.000 0.000 0.000 0.000 0.000 0.000 0.001 0.003 0.007 0.014 0.025 0.040 0.058 0.079 0.104 0.131 0.161 0.195 0.240 0.288 0.313 0.316 0.313 0.307 0.297 0.282 0.262 0.235 0.199 0.151 0.104 0.072 0.053 0.044 0.041 0.041 0.046 0.072 0.167 0.457 1.032 1.824 2.637 3.391 4.081 4.739 5.298 5.705 5.925 6.027 6.011 5.949 6.130 6.574 7.280 8.313 9.732 11.470 12.901 13.859 14.471 14.833 15.029 15.207 15.415 15.640 15.793 15.811 15.757 15.746 15.930 16.449 17.423 18.864
0.000 0.000 0.000 0.000 0.000 0.000 0.000 0.000 0.000 0.001 0.004 0.009 0.018 0.032 0.052 0.079 0.114 0.155 0.202 0.255 0.309 0.365 0.404 0.418 0.419 0.416 0.408 0.395 0.375 0.348 0.312 0.265 0.205 0.141 0.096 0.069 0.058 0.055 0.059 0.081 0.161 0.445 1.146 2.242 3.304 4.156 4.784 5.273 5.714 6.041 6.242 6.355 6.378 6.233 6.047 6.106 6.471 7.129 8.094 9.428 11.023 12.324 13.259 13.962 14.572 15.062 15.430 15.674 15.863 15.959 15.932 15.872 15.881 16.196 16.936 18.020 19.341
0.000 0.000 0.000 0.000 0.000 0.000 0.000 0.000 0.000 0.001 0.004 0.010 0.020 0.036 0.060 0.093 0.138 0.198 0.277 0.368 0.443 0.499 0.530 0.541 0.543 0.540 0.531 0.515 0.491 0.457 0.412 0.352 0.275 0.191 0.127 0.089 0.074 0.072 0.081 0.129 0.312 0.917 2.217 3.750 4.789 5.472 5.896 6.187 6.432 6.600 6.698 6.724 6.636 6.393 6.125 6.074 6.299 6.855 7.744 8.956 10.389 11.598 12.552 13.410 14.250 14.880 15.246 15.411 15.518 15.514 15.414 15.315 15.338 15.743 16.603 17.747 19.008
0.000 0.000 0.000 0.000 0.000 0.000 0.000 0.000 0.000 0.001 0.004 0.010 0.020 0.037 0.063 0.099 0.150 0.222 0.325 0.462 0.578 0.644 0.679 0.692 0.694 0.691 0.681 0.663 0.634 0.592 0.536 0.462 0.365 0.256 0.169 0.115 0.093 0.089 0.099 0.159 0.418 1.326 3.195 4.993 5.992 6.505 6.748 6.901 7.004 7.072 7.080 6.999 6.803 6.496 6.184 6.049 6.157 6.583 7.336 8.378 9.619 10.794 11.814 12.763 13.589 14.119 14.343 14.374 14.328 14.179 13.963 13.776 13.749 14.161 15.125 16.452 17.873
0.000 0.000 0.000 0.000 0.000 0.000 0.000 0.000 0.000 0.001 0.004 0.009 0.020 0.037 0.063 0.099 0.152 0.229 0.343 0.513 0.698 0.808 0.859 0.879 0.883 0.880 0.867 0.844 0.808 0.755 0.686 0.597 0.481 0.343 0.226 0.149 0.115 0.106 0.113 0.172 0.449 1.508 3.826 5.934 6.919 7.282 7.391 7.454 7.463 7.416 7.322 7.164 6.910 6.572 6.233 6.046 6.083 6.389 6.965 7.778 8.766 9.825 10.844 11.737 12.362 12.680 12.727 12.618 12.402 12.072 11.714 11.482 11.520 12.085 13.216 14.717 16.379
0.000 0.000 0.000 0.000 0.000 0.000 0.000 0.000 0.000 0.001 0.003 0.007 0.017 0.034 0.060 0.097 0.150 0.228 0.345 0.526 0.777 0.983 1.077 1.107 1.114 1.111 1.096 1.064 1.017 0.953 0.868 0.762 0.627 0.458 0.300 0.195 0.140 0.122 0.125 0.178 0.447 1.529 4.105 6.581 7.597 7.850 7.888 7.860 7.770 7.607 7.434 7.228 6.968 6.648 6.297 6.075 6.058 6.269 6.686 7.246 7.908 8.656 9.474 10.178 10.580 10.713 10.620 10.384 10.070 9.708 9.406 9.330 9.664 10.507 11.772 13.290 14.978
0.000 0.000 0.000 0.000 0.000 0.000 0.000 0.000 0.000 0.000 0.001 0.004 0.010 0.024 0.048 0.084 0.136 0.211 0.326 0.510 0.788 1.119 1.321 1.381 1.389 1.383 1.363 1.324 1.265 1.188 1.089 0.963 0.803 0.602 0.399 0.254 0.171 0.139 0.136 0.178 0.425 1.476 4.100 6.874 8.070 8.269 8.243 8.097 7.898 7.661 7.449 7.222 6.984 6.724 6.410 6.151 6.066 6.172 6.424 6.762 7.161 7.580 8.012 8.361 8.550 8.575 8.453 8.238 7.993 7.753 7.593 7.671 8.190 9.161 10.449 11.904 13.502
0.000 0.000 0.000 0.000 0.000 0.000 0.000 0.000 0.000 0.000 0.000 0.001 0.003 0.010 0.025 0.051 0.092 0.153 0.248 0.414 0.703 1.138 1.514 1.671 1.698 1.693 1.671 1.628 1.558 1.467 1.351 1.201 1.011 0.779 0.530 0.336 0.214 0.159 0.149 0.174 0.374 1.316 3.862 6.841 8.281 8.532 8.438 8.194 7.915 7.647 7.383 7.153 6.952 6.744 6.503 6.258 6.097 6.074 6.172 6.335 6.538 6.717 6.840 6.869 6.847 6.765 6.631 6.458 6.299 6.181 6.157 6.362 6.932 7.866 9.058 10.375 11.766
0.000 0.000 0.000 0.000 0.000 0.000 0.000 0.000 0.000 0.000 0.000 0.000 0.001 0.002 0.007 0.017 0.034 0.061 0.108 0.213 0.466 0.968 1.585 1.908 2.005 2.025 2.013 1.971 1.899 1.794 1.656 1.479 1.259 0.997 0.707 0.461 0.285 0.194 0.169 0.182 0.324 1.076 3.384 6.531 8.234 8.611 8.483 8.204 7.867 7.566 7.294 7.069 6.878 6.696 6.519 6.324 6.123 5.979 5.937 5.962 6.023 6.047 5.975 5.806 5.626 5.444 5.266 5.097 4.971 4.897 4.938 5.197 5.735 6.527 7.502 8.590 9.749
0.000 0.000 0.000 0.000 0.000 0.000 0.000 0.000 0.000 0.000 0.000 0.000 0.000 0.001 0.001 0.003 0.008 0.014 0.026 0.061 0.193 0.632 1.447 2.042 2.260 2.333 2.344 2.321 2.261 2.152 1.996 1.798 1.554 1.265 0.944 0.645 0.410 0.267 0.214 0.215 0.320 0.899 2.855 5.983 7.871 8.462 8.406 8.140 7.752 7.371 7.089 6.886 6.740 6.600 6.470 6.308 6.110 5.910 5.759 5.657 5.595 5.523 5.359 5.103 4.837 4.574 4.330 4.122 3.970 3.877 3.885 4.073 4.490 5.098 5.866 6.814 7.908
0.000 0.000 0.000 0.000 0.000 0.000 0.000 0.000 0.000 0.000 0.000 0.000 0.000 0.000 0.000 0.001 0.002 0.003 0.006 0.013 0.060 0.326 1.127 2.038 2.440 2.593 2.645 2.640 2.598 2.513 2.364 2.156 1.900 1.598 1.254 0.907 0.615 0.410 0.316 0.300 0.376 0.826 2.384 5.188 7.160 7.949 8.071 7.915 7.533 7.073 6.730 6.534 6.466 6.441 6.372 6.225 6.048 5.846 5.628 5.429 5.263 5.124 4.912 4.619 4.305 3.986 3.680 3.415 3.216 3.083 3.012 3.049 3.260 3.682 4.331 5.219 6.285
0.000 0.000 0.000 0.000 0.000 0.000 0.000 0.000 0.000 0.000 0.000 0.000 0.000 0.000 0.000 0.001 0.001 0.002 0.004 0.006 0.021 0.147 0.748 1.824 2.505 2.766 2.884 2.928 2.916 2.863 2.753 2.563 2.307 2.002 1.650 1.272 0.931 0.669 0.526 0.492 0.543 0.891 2.007 4.188 6.165 7.128 7.395 7.351 7.088 6.636 6.175 5.918 5.872 5.953 6.067 6.058 5.953 5.760 5.521 5.273 5.025 4.814 4.562 4.239 3.891 3.538 3.191 2.882 2.638 2.460 2.317 2.223 2.252 2.488 2.973 3.719 4.666
0.000 0.000 0.000 0.000 0.000 0.000 0.000 0.000 0.000 0.000 0.000 0.000 0.000 0.000 0.000 0.001 0.001 0.003 0.004 0.007 0.016 0.065 0.399 1.351 2.369 2.844 3.047 3.160 3.208 3.200 3.138 2.996 2.772 2.484 2.146 1.762 1.391 1.094 0.908 0.845 0.870 1.101 1.833 3.326 5.059 6.060 6.396 6.413 6.288 5.967 5.460 5.060 4.930 5.028 5.337 5.645 5.730 5.629 5.401 5.131 4.841 4.568 4.279 3.937 3.557 3.173 2.804 2.475 2.202 1.982 1.785 1.611 1.523 1.582 1.837 2.284 2.750
0.000 0.000 0.000 0.000 0.000 0.000 0.000 0.000 0.000 0.000 0.000 0.000 0.000 0.000 0.001 0.002 0.003 0.006 0.010 0.014 0.022 0.044 0.190 0.814 1.961 2.785 3.126 3.325 3.452 3.500 3.483 3.401 3.243 3.018 2.732 2.380 2.009 1.709 1.501 1.404 1.395 1.514 1.951 2.865 4.180 5.048 5.364 5.413 5.370 5.195 4.840 4.382 4.088 4.064 4.332 4.875 5.251 5.316 5.183 4.940 4.657 4.366 4.071 3.727 3.303 2.875 2.487 2.152 1.865 1.614 1.383 1.159 0.994 0.922 0.959 1.086 1.122
0.000 0.000 0.000 0.000 0.000 0.000 0.000 0.000 0.000 0.000 0.000 0.000 0.000 0.001 0.002 0.005 0.009 0.016 0.025 0.033 0.040 0.054 0.107 0.409 1.339 2.523 3.118 3.414 3.638 3.761 3.792 3.759 3.666 3.517 3.309 3.032 2.708 2.439 2.253 2.147 2.108 2.121 2.272 2.738 3.625 4.333 4.623 4.699 4.698 4.620 4.397 4.007 3.632 3.467 3.537 3.936 4.478 4.736 4.754 4.624 4.414 4.160 3.884 3.537 3.067 2.596 2.205 1.870 1.578 1.308 1.052 0.803 0.589 0.445 0.368 0.335 0.287
0.000 0.000 0.000 0.000 0.000 0.000 0.000 0.000 0.000 0.000 0.000 0.000 0.000 0.002 0.005 0.013 0.025 0.041 0.058 0.069 0.076 0.080 0.099 0.221 0.777 1.988 2.956 3.414 3.715 3.934 4.043 4.065 4.032 3.942 3.787 3.559 3.275 3.022 2.846 2.745 2.700 2.694 2.727 2.906 3.382 3.909 4.156 4.235 4.249 4.218 4.082 3.798 3.433 3.175 3.094 3.231 3.593 3.908 4.059 4.078 3.991 3.797 3.537 3.207 2.771 2.309 1.922 1.592 1.292 1.003 0.727 0.474 0.282 0.170 0.114 0.086 0.067
0.000 0.000 0.000 0.000 0.000 0.000 0.000 0.000 0.000 0.000 0.000 0.000 0.001 0.004 0.014 0.034 0.063 0.094 0.117 0.130 0.133 0.129 0.128 0.177 0.493 1.404 2.555 3.266 3.709 4.032 4.237 4.319 4.326 4.285 4.161 3.952 3.689 3.440 3.254 3.132 3.063 3.042 3.056 3.136 3.358 3.693 3.895 3.959 3.972 3.948 3.859 3.659 3.344 3.062 2.898 2.849 2.920 3.035 3.121 3.172 3.168 3.039 2.788 2.475 2.137 1.771 1.431 1.131 0.854 0.594 0.366 0.194 0.097 0.055 0.037 0.029 0.024
0.000 0.000 0.000 0.000 0.000 0.000 0.000 0.000 0.000 0.000 0.000 0.001 0.003 0.011 0.035 0.082 0.137 0.181 0.210 0.223 0.223 0.212 0.197 0.216 0.407 1.022 2.026 2.897 3.554 4.024 4.350 4.521 4.553 4.531 4.415 4.213 3.959 3.715 3.520 3.371 3.267 3.213 3.210 3.247 3.374 3.583 3.728 3.782 3.792 3.768 3.695 3.542 3.278 2.990 2.784 2.633 2.521 2.424 2.322 2.194 2.058 1.893 1.650 1.368 1.119 0.887 0.668 0.473 0.315 0.194 0.106 0.052 0.028 0.020 0.016 0.015 0.013
0.000 0.000 0.000 0.000 0.000 0.000 0.000 0.000 0.000 0.000 0.000 0.001 0.006 0.024 0.075 0.165 0.250 0.306 0.345 0.364 0.366 0.354 0.330 0.331 0.457 0.891 1.641 2.476 3.241 3.881 4.343 4.604 4.685 4.657 4.560 4.361 4.127 3.897 3.683 3.503 3.369 3.286 3.270 3.287 3.369 3.503 3.595 3.643 3.651 3.628 3.558 3.420 3.192 2.910 2.664 2.449 2.242 2.024 1.777 1.491 1.217 0.975 0.755 0.558 0.400 0.278 0.186 0.119 0.072 0.042 0.024 0.015 0.011 0.010 0.009 0.009 0.008
0.000 0.000 0.000 0.000 0.000 0.000 0.000 0.000 0.000 0.000 0.000 0.001 0.009 0.035 0.109 0.247 0.383 0.468 0.531 0.568 0.582 0.580 0.562 0.555 0.630 0.936 1.506 2.227 2.973 3.650 4.208 4.565 4.703 4.680 4.608 4.437 4.232 4.021 3.800 3.590 3.417 3.301 3.267 3.286 3.358 3.440 3.489 3.518 3.525 3.500 3.425 3.287 3.071 2.793 2.512 2.253 1.981 1.668 1.295 0.932 0.643 0.438 0.294 0.191 0.119 0.071 0.042 0.026 0.016 0.010 0.007 0.006 0.005 0.005 0.005 0.005 0.005
0.000 0.000 0.000 0.000 0.000 0.000 0.000 0.000 0.000 0.000 0.000 0.002 0.009 0.036 0.118 0.283 0.499 0.660 0.770 0.845 0.887 0.905 0.911 0.919 0.968 1.158 1.569 2.172 2.859 3.482 4.025 4.431 4.640 4.648 4.597 4.456 4.273 4.074 3.866 3.641 3.433 3.295 3.235 3.240 3.300 3.349 3.365 3.370 3.367 3.350 3.285 3.141 2.906 2.573 2.194 1.854 1.512 1.123 0.723 0.436 0.260 0.155 0.093 0.055 0.031 0.017 0.010 0.006 0.004 0.003 0.003 0.003 0.003 0.003 0.003 0.003 0.003
0.000 0.000 0.000 0.000 0.000 0.000 0.000 0.000 0.000 0.000 0.000 0.001 0.008 0.033 0.112 0.282 0.562 0.859 1.061 1.202 1.294 1.349 1.389 1.428 1.482 1.605 1.865 2.299 2.874 3.442 3.902 4.257 4.484 4.535 4.520 4.418 4.277 4.084 3.883 3.650 3.421 3.253 3.151 3.124 3.155 3.204 3.216 3.204 3.166 3.104 3.014 2.832 2.512 2.019 1.467 1.030 0.686 0.413 0.227 0.121 0.067 0.040 0.024 0.014 0.008 0.004 0.002 0.002 0.001 0.001 0.001 0.001 0.001 0.001 0.001 0.001 0.001
0.000 0.000 0.000 0.000 0.000 0.000 0.000 0.000 0.000 0.000 0.000 0.001 0.005 0.024 0.089 0.257 0.575 1.029 1.403 1.642 1.809 1.923 2.005 2.075 2.147 2.239 2.391 2.656 3.050 3.510 3.882 4.151 4.316 4.377 4.380 4.319 4.224 4.071 3.878 3.641 3.391 3.161 2.991 2.908 2.891 2.918 2.932 2.921 2.864 2.738 2.534 2.224 1.761 1.166 0.667 0.364 0.187 0.088 0.040 0.021 0.013 0.008 0.005 0.003 0.002 0.001 0.001 0.001 0.000 0.000 0.000 0.000 0.000 0.000 0.000 0.000 0.000
0.000 0.000 0.000 0.000 0.000 0.000 0.000 0.000 0.000 0.000 0.000 0.000 0.002 0.011 0.056 0.209 0.559 1.133 1.744 2.171 2.455 2.638 2.762 2.861 2.945 3.018 3.099 3.228 3.437 3.713 3.953 4.124 4.214 4.250 4.246 4.190 4.115 3.997 3.821 3.607 3.347 3.054 2.785 2.605 2.517 2.477 2.441 2.397 2.300 2.102 1.783 1.357 0.898 0.496 0.239 0.105 0.043 0.016 0.007 0.003 0.002 0.002 0.001 0.001 0.001 0.000 0.000 0.000 0.000 0.000 0.000 0.000 0.000 0.000 0.000 0.000 0.000
0.000 0.000 0.000 0.000 0.000 0.000 0.000 0.000 0.000 0.000 0.000 0.000 0.001 0.005 0.034 0.170 0.544 1.193 1.980 2.647 3.143 3.455 3.638 3.757 3.838 3.885 3.920 3.957 4.005 4.059 4.104 4.142 4.153 4.136 4.102 4.037 3.959 3.851 3.705 3.518 3.272 2.964 2.621 2.311 2.089 1.934 1.793 1.640 1.444 1.176 0.865 0.561 0.314 0.149 0.063 0.025 0.009 0.003 0.001 0.001 0.001 0.000 0.000 0.000 0.000 0.000 0.000 0.000 0.000 0.000 0.000 0.000 0.000 0.000 0.000 0.000 0.000
0.000 0.000 0.000 0.000 0.000 0.000 0.000 0.000 0.000 0.000 0.000 0.000 0.001 0.003 0.025 0.149 0.542 1.233 2.086 2.951 3.672 4.158 4.442 4.593 4.664 4.686 4.686 4.654 4.582 4.465 4.327 4.206 4.102 4.003 3.918 3.849 3.775 3.678 3.551 3.384 3.160 2.861 2.495 2.094 1.740 1.462 1.221 0.988 0.753 0.519 0.313 0.164 0.076 0.032 0.013 0.005 0.002 0.001 0.000 0.000 0.000 0.000 0.000 0.000 0.000 0.000 0.000 0.000 0.000 0.000 0.000 0.000 0.000 0.000 0.000 0.000 0.000
0.000 0.000 0.000 0.000 0.000 0.000 0.000 0.000 0.000 0.000 0.000 0.000 0.001 0.003 0.022 0.144 0.549 1.256 2.108 3.068 4.007 4.698 5.123 5.344 5.419 5.402 5.347 5.223 5.019 4.756 4.491 4.244 4.010 3.804 3.655 3.568 3.516 3.454 3.356 3.210 3.012 2.739 2.373 1.924 1.470 1.103 0.808 0.561 0.359 0.206 0.104 0.045 0.018 0.007 0.002 0.001 0.000 0.000 0.000 0.000 0.000 0.000 0.000 0.000 0.000 0.000 0.000 0.000 0.000 0.000 0.000 0.000 0.000 0.000 0.000 0.000 0.000
0.001 0.001 0.001 0.002 0.002 0.002 0.002 0.001 0.001 0.001 0.001 0.001 0.002 0.004 0.022 0.146 0.553 1.257 2.103 3.072 4.165 5.073 5.656 5.934 6.003 5.974 5.858 5.627 5.295 4.916 4.567 4.238 3.895 3.538 3.257 3.090 3.036 3.011 2.958 2.863 2.714 2.508 2.189 1.742 1.231 0.824 0.527 0.315 0.172 0.085 0.037 0.014 0.005 0.002 0.001 0.000 0.000 0.000 0.000 0.000 0.000 0.000 0.000 0.000 0.000 0.000 0.000 0.000 0.000 0.000 0.000 0.000 0.000 0.000 0.000 0.000 0.000
0.002 0.002 0.003 0.003 0.002 0.002 0.002 0.002 0.002 0.002 0.002 0.003 0.004 0.007 0.023 0.139 0.524 1.203 2.036 2.993 4.137 5.222 5.964 6.324 6.405 6.358 6.157 5.819 5.404 4.982 4.589 4.186 3.734 3.214 2.746 2.425 2.277 2.217 2.162 2.099 2.022 1.929 1.749 1.417 0.961 0.575 0.323 0.170 0.082 0.035 0.013 0.004 0.001 0.001 0.000 0.000 0.000 0.000 0.000 0.000 0.000 0.000 0.000 0.000 0.000 0.000 0.000 0.000 0.000 0.000 0.000 0.000 0.000 0.000 0.000 0.000 0.000
0.003 0.003 0.003 0.003 0.003 0.002 0.002 0.002 0.002 0.003 0.004 0.005 0.007 0.008 0.017 0.095 0.399 1.007 1.826 2.778 3.946 5.189 6.066 6.502 6.601 6.538 6.281 5.892 5.440 4.989 4.523 4.022 3.467 2.818 2.173 1.679 1.369 1.188 1.068 0.989 0.957 0.962 0.952 0.839 0.588 0.327 0.167 0.079 0.034 0.013 0.004 0.001 0.001 0.000 0.000 0.000 0.000 0.000 0.000 0.000 0.000 0.000 0.000 0.000 0.000 0.000 0.000 0.000 0.000 0.000 0.000 0.000 0.000 0.000 0.000 0.000 0.000
