RESULTS/r.avaflow_results/32_results/32_ascii/32_hflow10044.asc
ncols 506
nrows 317
xllcenter 498237.50
yllcenter 5580050.00
cellsize 12.50
NODATA_value -9999.000
[rows 170 to 203 of 317, columns 77 to 153 of 506]
0.000 0.000 0.000 0.000 0.000 0.000 0.000 0.000 0.000 0.000 0.000 0.000 0.000 0.000 0.000 0.001 0.001 0.002 0.002 0.002 0.002 0.002 0.003 0.008 0.023 0.043 0.051 0.052 0.051 0.049 0.045 0.040 0.032 0.022 0.015 0.010 0.008 0.007 0.006 0.006 0.005 0.005 0.005 0.006 0.014 0.034 0.069 0.115 0.185 0.321 0.580 1.059 1.963 3.048 3.653 3.755 3.710 3.733 3.800 3.821 3.796 3.682 3.486 3.178 2.777 2.293 1.842 1.471 1.161 0.910 0.708 0.549 0.427 0.333 0.260 0.202 0.156
0.000 0.000 0.000 0.000 0.000 0.000 0.000 0.000 0.000 0.000 0.000 0.000 0.000 0.001 0.001 0.003 0.005 0.007 0.008 0.008 0.009 0.010 0.015 0.031 0.057 0.075 0.080 0.079 0.077 0.074 0.068 0.059 0.047 0.032 0.022 0.016 0.013 0.012 0.011 0.010 0.010 0.010 0.013 0.024 0.061 0.147 0.273 0.429 0.668 1.057 1.638 2.493 3.450 4.079 4.264 4.218 4.139 4.115 4.119 4.101 4.049 3.909 3.658 3.311 2.857 2.338 1.882 1.505 1.192 0.937 0.736 0.579 0.456 0.356 0.278 0.216 0.166
0.000 0.000 0.000 0.000 0.000 0.000 0.000 0.000 0.000 0.000 0.000 0.000 0.001 0.002 0.005 0.008 0.012 0.017 0.021 0.025 0.028 0.035 0.053 0.082 0.107 0.117 0.117 0.116 0.112 0.107 0.098 0.086 0.067 0.047 0.032 0.025 0.021 0.020 0.019 0.018 0.019 0.024 0.042 0.103 0.263 0.530 0.845 1.201 1.710 2.441 3.257 3.982 4.434 4.594 4.561 4.487 4.413 4.353 4.318 4.277 4.194 4.032 3.754 3.373 2.888 2.360 1.909 1.532 1.224 0.973 0.771 0.607 0.478 0.372 0.290 0.224 0.172
0.000 0.000 0.000 0.000 0.000 0.000 0.000 0.000 0.000 0.000 0.000 0.001 0.002 0.005 0.010 0.016 0.024 0.033 0.043 0.055 0.067 0.088 0.122 0.153 0.166 0.168 0.166 0.163 0.158 0.150 0.139 0.121 0.096 0.067 0.047 0.037 0.032 0.031 0.030 0.033 0.042 0.072 0.165 0.403 0.831 1.373 1.918 2.510 3.256 4.025 4.622 4.957 5.037 4.943 4.765 4.649 4.567 4.493 4.436 4.376 4.275 4.096 3.808 3.405 2.899 2.374 1.929 1.557 1.254 1.002 0.795 0.626 0.491 0.382 0.296 0.229 0.177
0.000 0.000 0.000 0.000 0.000 0.000 0.000 0.000 0.000 0.000 0.000 0.001 0.005 0.010 0.018 0.028 0.041 0.057 0.076 0.100 0.129 0.168 0.208 0.230 0.234 0.234 0.231 0.226 0.219 0.208 0.192 0.168 0.134 0.094 0.067 0.052 0.046 0.045 0.048 0.060 0.100 0.220 0.540 1.135 1.915 2.700 3.407 4.052 4.655 5.142 5.453 5.541 5.472 5.233 4.903 4.720 4.630 4.561 4.505 4.439 4.327 4.134 3.832 3.411 2.896 2.382 1.944 1.575 1.270 1.019 0.809 0.637 0.497 0.388 0.300 0.232 0.179
0.000 0.000 0.000 0.000 0.000 0.000 0.000 0.000 0.000 0.000 0.000 0.002 0.007 0.015 0.027 0.043 0.064 0.090 0.123 0.162 0.212 0.263 0.299 0.314 0.317 0.316 0.313 0.308 0.298 0.283 0.261 0.230 0.186 0.133 0.093 0.071 0.063 0.063 0.073 0.111 0.222 0.552 1.305 2.409 3.440 4.263 4.846 5.289 5.661 5.911 6.012 5.990 5.826 5.452 5.013 4.743 4.630 4.586 4.541 4.483 4.376 4.172 3.845 3.408 2.892 2.383 1.951 1.584 1.277 1.023 0.812 0.639 0.499 0.389 0.302 0.233 0.179
0.000 0.000 0.000 0.000 0.000 0.000 0.000 0.000 0.000 0.000 0.000 0.003 0.008 0.018 0.033 0.055 0.085 0.127 0.181 0.247 0.315 0.370 0.404 0.417 0.422 0.421 0.418 0.412 0.400 0.380 0.352 0.312 0.256 0.186 0.127 0.095 0.084 0.084 0.101 0.174 0.408 1.086 2.454 3.968 4.977 5.625 6.004 6.237 6.411 6.496 6.485 6.362 6.077 5.615 5.117 4.784 4.627 4.586 4.559 4.519 4.416 4.196 3.848 3.399 2.876 2.376 1.944 1.577 1.271 1.017 0.806 0.635 0.497 0.387 0.301 0.232 0.178
0.000 0.000 0.000 0.000 0.000 0.000 0.000 0.000 0.000 0.000 0.000 0.003 0.009 0.020 0.036 0.060 0.097 0.150 0.227 0.333 0.433 0.496 0.533 0.550 0.556 0.556 0.552 0.545 0.530 0.505 0.470 0.418 0.347 0.256 0.173 0.124 0.106 0.104 0.121 0.207 0.528 1.531 3.476 5.244 6.226 6.701 6.898 6.985 7.019 6.980 6.867 6.638 6.258 5.748 5.226 4.849 4.653 4.607 4.598 4.560 4.444 4.204 3.835 3.368 2.836 2.341 1.910 1.548 1.245 0.994 0.786 0.618 0.485 0.379 0.295 0.228 0.175
0.000 0.000 0.000 0.000 0.000 0.000 0.000 0.000 0.000 0.000 0.000 0.003 0.009 0.020 0.036 0.062 0.100 0.158 0.249 0.387 0.547 0.648 0.698 0.722 0.729 0.729 0.725 0.714 0.693 0.661 0.616 0.553 0.466 0.351 0.235 0.162 0.130 0.124 0.137 0.221 0.563 1.736 4.141 6.210 7.179 7.507 7.568 7.565 7.488 7.327 7.106 6.808 6.389 5.877 5.352 4.958 4.744 4.676 4.645 4.580 4.436 4.170 3.783 3.292 2.753 2.264 1.845 1.493 1.199 0.954 0.753 0.592 0.465 0.364 0.284 0.220 0.170
0.000 0.000 0.000 0.000 0.000 0.000 0.000 0.000 0.000 0.000 0.000 0.002 0.008 0.018 0.035 0.060 0.099 0.159 0.253 0.406 0.630 0.818 0.907 0.940 0.950 0.950 0.943 0.925 0.897 0.855 0.798 0.721 0.617 0.474 0.318 0.212 0.159 0.145 0.153 0.228 0.564 1.767 4.443 6.881 7.880 8.092 8.080 7.988 7.793 7.525 7.230 6.894 6.488 6.022 5.517 5.119 4.887 4.778 4.702 4.575 4.378 4.070 3.655 3.145 2.618 2.149 1.751 1.415 1.133 0.899 0.709 0.558 0.442 0.348 0.273 0.213 0.165
0.000 0.000 0.000 0.000 0.000 0.000 0.000 0.000 0.000 0.000 0.000 0.001 0.005 0.014 0.029 0.053 0.090 0.147 0.240 0.396 0.646 0.958 1.151 1.210 1.221 1.219 1.209 1.185 1.146 1.094 1.024 0.930 0.804 0.629 0.428 0.278 0.195 0.168 0.170 0.234 0.552 1.726 4.452 7.182 8.352 8.508 8.420 8.225 7.937 7.584 7.246 6.909 6.560 6.179 5.731 5.329 5.054 4.884 4.738 4.532 4.272 3.905 3.443 2.919 2.422 1.992 1.621 1.309 1.047 0.833 0.661 0.527 0.421 0.335 0.265 0.207 0.161
0.000 0.000 0.000 0.000 0.000 0.000 0.000 0.000 0.000 0.000 0.000 0.000 0.002 0.006 0.015 0.032 0.060 0.104 0.179 0.319 0.576 0.984 1.357 1.511 1.538 1.536 1.525 1.498 1.450 1.385 1.300 1.184 1.029 0.822 0.575 0.371 0.247 0.197 0.191 0.239 0.512 1.585 4.237 7.156 8.551 8.767 8.616 8.306 7.960 7.597 7.243 6.911 6.592 6.272 5.917 5.544 5.217 4.967 4.748 4.478 4.141 3.707 3.188 2.656 2.193 1.800 1.465 1.187 0.956 0.769 0.620 0.501 0.404 0.325 0.259 0.204 0.160
0.000 0.000 0.000 0.000 0.000 0.000 0.000 0.000 0.000 0.000 0.000 0.000 0.000 0.001 0.004 0.010 0.021 0.040 0.074 0.157 0.377 0.836 1.440 1.773 1.879 1.903 1.894 1.863 1.812 1.735 1.628 1.485 1.299 1.063 0.774 0.513 0.333 0.245 0.226 0.259 0.478 1.379 3.791 6.849 8.493 8.835 8.667 8.316 7.910 7.497 7.149 6.869 6.593 6.306 6.026 5.709 5.360 5.031 4.734 4.409 4.017 3.542 2.993 2.470 2.026 1.651 1.339 1.085 0.877 0.711 0.581 0.476 0.391 0.317 0.254 0.203 0.159
0.000 0.000 0.000 0.000 0.000 0.000 0.000 0.000 0.000 0.000 0.000 0.000 0.000 0.000 0.001 0.002 0.005 0.009 0.017 0.043 0.155 0.549 1.322 1.929 2.174 2.267 2.287 2.269 2.219 2.131 2.004 1.837 1.623 1.359 1.043 0.728 0.483 0.342 0.298 0.315 0.503 1.275 3.333 6.307 8.092 8.648 8.572 8.254 7.805 7.344 6.994 6.740 6.517 6.291 6.073 5.798 5.461 5.104 4.740 4.347 3.914 3.420 2.872 2.370 1.936 1.566 1.259 1.011 0.813 0.659 0.542 0.450 0.375 0.310 0.253 0.204 0.161
0.000 0.000 0.000 0.000 0.000 0.000 0.000 0.000 0.000 0.000 0.000 0.000 0.000 0.000 0.000 0.001 0.001 0.002 0.004 0.010 0.049 0.292 1.044 1.953 2.383 2.569 2.644 2.650 2.621 2.552 2.423 2.240 2.009 1.728 1.398 1.039 0.733 0.530 0.450 0.452 0.612 1.292 2.946 5.532 7.351 8.103 8.200 8.004 7.596 7.074 6.662 6.416 6.287 6.192 6.051 5.810 5.505 5.150 4.751 4.316 3.848 3.341 2.814 2.332 1.903 1.529 1.215 0.961 0.762 0.611 0.499 0.417 0.355 0.301 0.253 0.208 0.167
0.000 0.000 0.000 0.000 0.000 0.000 0.000 0.000 0.000 0.000 0.000 0.000 0.000 0.000 0.000 0.000 0.001 0.001 0.002 0.005 0.018 0.137 0.707 1.762 2.465 2.767 2.920 2.989 2.995 2.957 2.868 2.698 2.465 2.183 1.850 1.474 1.123 0.868 0.751 0.739 0.875 1.446 2.675 4.595 6.319 7.223 7.485 7.424 7.159 6.649 6.130 5.831 5.734 5.751 5.794 5.711 5.500 5.167 4.766 4.315 3.816 3.300 2.794 2.327 1.897 1.517 1.193 0.928 0.722 0.566 0.451 0.371 0.320 0.285 0.250 0.214 0.174
0.000 0.000 0.000 0.000 0.000 0.000 0.000 0.000 0.000 0.000 0.000 0.000 0.000 0.000 0.000 0.000 0.001 0.002 0.003 0.006 0.013 0.062 0.390 1.324 2.351 2.859 3.105 3.255 3.329 3.337 3.294 3.180 2.987 2.727 2.412 2.044 1.688 1.422 1.277 1.251 1.353 1.760 2.600 3.878 5.291 6.165 6.487 6.503 6.383 6.012 5.452 4.989 4.807 4.862 5.109 5.334 5.333 5.123 4.756 4.308 3.804 3.285 2.795 2.332 1.901 1.516 1.184 0.909 0.692 0.525 0.401 0.315 0.265 0.242 0.225 0.203 0.168
0.000 0.000 0.000 0.000 0.000 0.000 0.000 0.000 0.000 0.000 0.000 0.000 0.000 0.000 0.000 0.001 0.002 0.004 0.007 0.011 0.018 0.041 0.189 0.817 1.974 2.817 3.193 3.431 3.592 3.661 3.661 3.604 3.478 3.293 3.050 2.741 2.429 2.202 2.067 2.028 2.071 2.276 2.765 3.570 4.572 5.250 5.516 5.548 5.494 5.273 4.851 4.299 3.943 3.882 4.110 4.573 4.870 4.858 4.616 4.229 3.769 3.274 2.817 2.369 1.923 1.522 1.180 0.897 0.669 0.490 0.356 0.260 0.195 0.161 0.145 0.131 0.102
0.000 0.000 0.000 0.000 0.000 0.000 0.000 0.000 0.000 0.000 0.000 0.000 0.000 0.000 0.001 0.003 0.006 0.011 0.019 0.027 0.034 0.049 0.106 0.422 1.378 2.580 3.197 3.529 3.781 3.928 3.978 3.963 3.896 3.781 3.614 3.388 3.139 2.955 2.851 2.818 2.827 2.907 3.125 3.558 4.174 4.624 4.819 4.863 4.842 4.710 4.399 3.888 3.440 3.236 3.275 3.617 4.089 4.282 4.221 3.985 3.643 3.236 2.837 2.420 1.950 1.525 1.175 0.886 0.649 0.458 0.311 0.200 0.122 0.077 0.055 0.040 0.026
0.000 0.000 0.000 0.000 0.000 0.000 0.000 0.000 0.000 0.000 0.000 0.000 0.000 0.001 0.003 0.008 0.016 0.030 0.046 0.058 0.065 0.072 0.095 0.233 0.828 2.073 3.047 3.526 3.856 4.099 4.225 4.260 4.243 4.180 4.064 3.888 3.675 3.499 3.388 3.338 3.326 3.351 3.447 3.664 4.005 4.260 4.374 4.404 4.387 4.288 4.042 3.612 3.166 2.876 2.773 2.873 3.176 3.428 3.524 3.480 3.310 3.031 2.698 2.319 1.882 1.468 1.124 0.841 0.601 0.397 0.237 0.125 0.060 0.031 0.017 0.010 0.006
0.000 0.000 0.000 0.000 0.000 0.000 0.000 0.000 0.000 0.000 0.000 0.000 0.001 0.002 0.008 0.021 0.042 0.071 0.096 0.112 0.117 0.117 0.122 0.185 0.542 1.508 2.669 3.387 3.851 4.190 4.407 4.500 4.517 4.491 4.400 4.241 4.043 3.867 3.732 3.641 3.589 3.577 3.605 3.705 3.903 4.040 4.094 4.103 4.065 3.960 3.743 3.386 2.978 2.677 2.501 2.437 2.473 2.542 2.580 2.587 2.546 2.390 2.117 1.783 1.449 1.126 0.842 0.605 0.404 0.237 0.118 0.050 0.022 0.011 0.006 0.003 0.002
0.000 0.000 0.000 0.000 0.000 0.000 0.000 0.000 0.000 0.000 0.000 0.000 0.002 0.006 0.020 0.049 0.094 0.141 0.177 0.196 0.201 0.196 0.190 0.222 0.452 1.127 2.162 3.037 3.702 4.180 4.507 4.682 4.720 4.704 4.615 4.447 4.250 4.080 3.934 3.809 3.711 3.653 3.651 3.699 3.812 3.880 3.883 3.859 3.805 3.687 3.478 3.175 2.805 2.510 2.307 2.158 2.040 1.929 1.808 1.666 1.524 1.361 1.134 0.874 0.662 0.488 0.344 0.228 0.138 0.073 0.034 0.015 0.007 0.004 0.003 0.002 0.001
0.000 0.000 0.000 0.000 0.000 0.000 0.000 0.000 0.000 0.000 0.000 0.001 0.003 0.014 0.043 0.100 0.177 0.243 0.294 0.325 0.336 0.333 0.323 0.336 0.499 0.987 1.784 2.636 3.409 4.046 4.498 4.753 4.826 4.811 4.726 4.556 4.368 4.199 4.037 3.889 3.759 3.667 3.645 3.658 3.702 3.731 3.704 3.641 3.559 3.429 3.227 2.955 2.618 2.332 2.107 1.912 1.725 1.528 1.302 1.051 0.829 0.638 0.466 0.318 0.210 0.137 0.089 0.054 0.031 0.016 0.008 0.005 0.003 0.002 0.001 0.001 0.001
0.000 0.000 0.000 0.000 0.000 0.000 0.000 0.000 0.000 0.000 0.000 0.001 0.005 0.020 0.067 0.159 0.279 0.376 0.455 0.510 0.540 0.551 0.551 0.563 0.672 1.026 1.639 2.391 3.144 3.821 4.366 4.712 4.851 4.842 4.759 4.603 4.412 4.254 4.093 3.925 3.761 3.641 3.572 3.560 3.571 3.569 3.516 3.431 3.322 3.173 2.972 2.715 2.405 2.119 1.883 1.662 1.433 1.172 0.878 0.609 0.405 0.262 0.165 0.100 0.058 0.034 0.021 0.012 0.007 0.004 0.003 0.002 0.001 0.001 0.001 0.001 0.000
0.000 0.000 0.000 0.000 0.000 0.000 0.000 0.000 0.000 0.000 0.000 0.001 0.005 0.022 0.075 0.191 0.367 0.535 0.663 0.760 0.824 0.863 0.893 0.927 1.010 1.242 1.692 2.333 3.027 3.640 4.167 4.567 4.773 4.791 4.741 4.611 4.429 4.265 4.113 3.927 3.729 3.562 3.450 3.412 3.394 3.358 3.282 3.188 3.065 2.903 2.700 2.447 2.155 1.845 1.552 1.281 1.003 0.709 0.447 0.268 0.155 0.088 0.050 0.028 0.015 0.008 0.005 0.003 0.002 0.001 0.001 0.001 0.001 0.001 0.000 0.000 0.000
0.000 0.000 0.000 0.000 0.000 0.000 0.000 0.000 0.000 0.000 0.000 0.001 0.005 0.021 0.072 0.197 0.421 0.701 0.921 1.084 1.203 1.287 1.357 1.427 1.516 1.676 1.974 2.447 3.041 3.585 4.022 4.372 4.600 4.649 4.630 4.544 4.417 4.267 4.100 3.886 3.651 3.422 3.260 3.166 3.114 3.067 2.994 2.893 2.768 2.607 2.400 2.132 1.804 1.381 0.966 0.646 0.410 0.242 0.133 0.072 0.040 0.022 0.012 0.007 0.004 0.002 0.001 0.001 0.001 0.001 0.000 0.000 0.000 0.000 0.000 0.000 0.000
0.000 0.000 0.000 0.000 0.000 0.000 0.000 0.000 0.000 0.000 0.000 0.001 0.003 0.015 0.059 0.183 0.443 0.853 1.231 1.492 1.690 1.837 1.953 2.057 2.165 2.294 2.480 2.779 3.196 3.636 3.980 4.220 4.379 4.440 4.448 4.393 4.316 4.190 4.012 3.792 3.524 3.230 2.990 2.828 2.724 2.658 2.601 2.522 2.415 2.263 2.043 1.732 1.296 0.801 0.430 0.217 0.104 0.048 0.022 0.012 0.008 0.005 0.003 0.001 0.001 0.001 0.000 0.000 0.000 0.000 0.000 0.000 0.000 0.000 0.000 0.000 0.000
0.000 0.000 0.000 0.000 0.000 0.000 0.000 0.000 0.000 0.000 0.000 0.000 0.001 0.008 0.040 0.156 0.451 0.969 1.571 2.005 2.310 2.526 2.687 2.819 2.931 3.031 3.146 3.309 3.547 3.810 4.017 4.149 4.219 4.246 4.238 4.183 4.114 4.010 3.845 3.632 3.357 3.013 2.672 2.411 2.232 2.118 2.038 1.963 1.856 1.685 1.433 1.086 0.676 0.340 0.148 0.058 0.022 0.008 0.003 0.002 0.001 0.001 0.001 0.000 0.000 0.000 0.000 0.000 0.000 0.000 0.000 0.000 0.000 0.000 0.000 0.000 0.000
0.000 0.000 0.000 0.000 0.000 0.000 0.000 0.000 0.000 0.000 0.000 0.000 0.001 0.004 0.027 0.136 0.463 1.058 1.826 2.506 3.020 3.353 3.563 3.710 3.816 3.886 3.944 4.003 4.068 4.104 4.117 4.123 4.100 4.057 4.003 3.928 3.843 3.735 3.580 3.388 3.127 2.781 2.383 2.025 1.748 1.549 1.385 1.229 1.061 0.867 0.648 0.419 0.220 0.094 0.036 0.013 0.004 0.001 0.001 0.001 0.000 0.000 0.000 0.000 0.000 0.000 0.000 0.000 0.000 0.000 0.000 0.000 0.000 0.000 0.000 0.000 0.000
0.000 0.000 0.000 0.000 0.000 0.000 0.000 0.000 0.000 0.000 0.000 0.000 0.001 0.003 0.022 0.127 0.479 1.125 1.956 2.836 3.599 4.122 4.435 4.615 4.712 4.749 4.749 4.702 4.608 4.458 4.271 4.120 3.987 3.843 3.724 3.627 3.531 3.418 3.270 3.084 2.840 2.519 2.128 1.719 1.369 1.098 0.877 0.680 0.502 0.342 0.208 0.108 0.047 0.019 0.007 0.002 0.001 0.000 0.000 0.000 0.000 0.000 0.000 0.000 0.000 0.000 0.000 0.000 0.000 0.000 0.000 0.000 0.000 0.000 0.000 0.000 0.000
0.000 0.000 0.000 0.000 0.000 0.000 0.000 0.000 0.000 0.000 0.000 0.000 0.001 0.003 0.020 0.127 0.494 1.162 1.999 2.973 3.979 4.726 5.183 5.411 5.486 5.479 5.419 5.263 5.018 4.716 4.402 4.117 3.843 3.583 3.388 3.256 3.166 3.068 2.936 2.757 2.529 2.242 1.881 1.465 1.077 0.769 0.532 0.351 0.216 0.121 0.061 0.026 0.010 0.003 0.001 0.001 0.000 0.000 0.000 0.000 0.000 0.000 0.000 0.000 0.000 0.000 0.000 0.000 0.000 0.000 0.000 0.000 0.000 0.000 0.000 0.000 0.000
0.000 0.000 0.000 0.000 0.000 0.000 0.000 0.000 0.000 0.000 0.000 0.000 0.001 0.003 0.020 0.129 0.500 1.168 2.003 2.989 4.162 5.164 5.792 6.081 6.145 6.104 5.964 5.688 5.293 4.864 4.467 4.082 3.683 3.277 2.953 2.741 2.636 2.561 2.463 2.322 2.139 1.915 1.612 1.221 0.825 0.524 0.316 0.179 0.094 0.045 0.019 0.007 0.002 0.001 0.000 0.000 0.000 0.000 0.000 0.000 0.000 0.000 0.000 0.000 0.000 0.000 0.000 0.000 0.000 0.000 0.000 0.000 0.000 0.000 0.000 0.000 0.000
0.000 0.000 0.000 0.000 0.000 0.000 0.000 0.000 0.000 0.001 0.001 0.002 0.003 0.006 0.021 0.122 0.472 1.120 1.949 2.929 4.150 5.355 6.160 6.527 6.596 6.533 6.287 5.890 5.405 4.917 4.465 4.005 3.492 2.926 2.420 2.053 1.848 1.733 1.631 1.524 1.423 1.323 1.167 0.895 0.561 0.319 0.172 0.087 0.041 0.017 0.006 0.002 0.001 0.000 0.000 0.000 0.000 0.000 0.000 0.000 0.000 0.000 0.000 0.000 0.000 0.000 0.000 0.000 0.000 0.000 0.000 0.000 0.000 0.000 0.000 0.000 0.000
0.001 0.001 0.002 0.002 0.002 0.002 0.002 0.002 0.002 0.002 0.003 0.005 0.006 0.007 0.015 0.080 0.352 0.928 1.744 2.731 3.978 5.341 6.284 6.732 6.814 6.722 6.408 5.966 5.443 4.928 4.395 3.824 3.199 2.499 1.844 1.346 1.030 0.840 0.712 0.620 0.573 0.556 0.531 0.443 0.285 0.156 0.078 0.036 0.016 0.006 0.002 0.001 0.000 0.000 0.000 0.000 0.000 0.000 0.000 0.000 0.000 0.000 0.000 0.000 0.000 0.000 0.000 0.000 0.000 0.000 0.000 0.000 0.000 0.000 0.000 0.000 0.000
