RESULTS/r.avaflow_results/32_results/32_ascii/32_hflow30054.asc
ncols 506
nrows 317
xllcenter 498237.50
yllcenter 5580050.00
cellsize 12.50
NODATA_value -9999.000
[rows 170 to 203 of 317, columns 154 to 230 of 506]
8.728 8.666 8.602 8.509 8.372 8.192 8.035 7.903 7.766 7.610 7.465 7.338 7.193 6.943 6.485 5.778 4.899 4.009 3.167 2.371 1.643 1.026 0.586 0.338 0.221 0.171 0.156 0.155 0.160 0.175 0.203 0.247 0.292 0.320 0.337 0.352 0.374 0.417 0.446 0.449 0.434 0.416 0.415 0.424 0.426 0.414 0.375 0.306 0.230 0.163 0.116 0.088 0.070 0.060 0.055 0.053 0.053 0.055 0.058 0.061 0.062 0.062 0.060 0.058 0.057 0.058 0.060 0.071 0.104 0.176 0.246 0.272 0.266 0.212 0.133 0.085 0.063
12.110 12.366 12.539 12.610 12.594 12.462 12.256 12.038 11.806 11.537 11.260 11.007 10.758 10.461 10.001 9.291 8.324 7.168 5.920 4.644 3.413 2.324 1.449 0.851 0.516 0.348 0.271 0.243 0.240 0.254 0.288 0.342 0.385 0.402 0.404 0.402 0.407 0.430 0.445 0.441 0.413 0.385 0.375 0.370 0.359 0.325 0.254 0.165 0.103 0.071 0.054 0.044 0.039 0.037 0.036 0.037 0.039 0.043 0.047 0.049 0.049 0.047 0.045 0.043 0.042 0.042 0.044 0.053 0.077 0.131 0.211 0.262 0.277 0.266 0.218 0.154 0.106
15.655 16.234 16.492 16.520 16.398 16.128 15.792 15.460 15.126 14.772 14.408 14.081 13.781 13.471 13.041 12.358 11.392 10.227 8.951 7.540 5.987 4.433 3.055 1.967 1.226 0.775 0.519 0.390 0.335 0.318 0.330 0.363 0.396 0.406 0.401 0.388 0.384 0.389 0.387 0.363 0.306 0.259 0.233 0.213 0.189 0.153 0.103 0.064 0.044 0.034 0.029 0.026 0.025 0.025 0.025 0.027 0.030 0.034 0.038 0.039 0.038 0.037 0.035 0.033 0.032 0.032 0.034 0.040 0.055 0.088 0.154 0.230 0.274 0.291 0.287 0.255 0.195
18.524 19.423 19.780 19.779 19.587 19.247 18.873 18.519 18.161 17.778 17.372 17.009 16.692 16.381 15.973 15.296 14.298 13.072 11.751 10.369 8.857 7.160 5.399 3.798 2.535 1.633 1.041 0.687 0.492 0.393 0.351 0.343 0.352 0.353 0.340 0.312 0.292 0.275 0.252 0.206 0.147 0.112 0.094 0.083 0.073 0.059 0.041 0.030 0.023 0.020 0.018 0.017 0.017 0.017 0.018 0.020 0.023 0.026 0.029 0.030 0.030 0.029 0.027 0.026 0.026 0.027 0.028 0.032 0.040 0.057 0.092 0.160 0.240 0.292 0.308 0.306 0.276
20.205 21.322 21.894 22.046 21.980 21.793 21.565 21.335 21.064 20.716 20.300 19.903 19.558 19.215 18.788 18.108 17.113 15.870 14.496 13.056 11.545 9.905 8.077 6.123 4.336 2.904 1.855 1.156 0.726 0.477 0.346 0.283 0.252 0.235 0.210 0.177 0.157 0.142 0.126 0.097 0.067 0.050 0.042 0.037 0.033 0.027 0.021 0.017 0.015 0.013 0.012 0.012 0.012 0.012 0.013 0.014 0.017 0.020 0.022 0.023 0.023 0.022 0.022 0.022 0.022 0.023 0.024 0.026 0.031 0.039 0.055 0.090 0.163 0.255 0.303 0.311 0.301
20.580 21.799 22.627 23.092 23.345 23.508 23.600 23.601 23.502 23.259 22.849 22.349 21.941 21.558 21.116 20.479 19.595 18.464 17.109 15.579 13.934 12.171 10.212 7.965 5.714 3.847 2.427 1.457 0.860 0.515 0.327 0.228 0.175 0.137 0.106 0.086 0.078 0.072 0.064 0.049 0.035 0.028 0.024 0.021 0.018 0.016 0.013 0.011 0.010 0.009 0.009 0.009 0.009 0.009 0.010 0.011 0.012 0.014 0.016 0.017 0.017 0.018 0.018 0.018 0.019 0.020 0.021 0.023 0.026 0.030 0.039 0.057 0.095 0.177 0.257 0.290 0.295
20.181 21.490 22.507 23.194 23.743 24.249 24.597 24.754 24.785 24.675 24.293 23.660 23.197 22.860 22.471 21.907 21.177 20.248 19.014 17.440 15.625 13.661 11.499 8.998 6.395 4.241 2.624 1.535 0.883 0.510 0.303 0.189 0.124 0.082 0.056 0.045 0.042 0.039 0.035 0.027 0.021 0.018 0.015 0.013 0.012 0.010 0.009 0.008 0.007 0.006 0.006 0.006 0.006 0.006 0.007 0.007 0.009 0.010 0.012 0.013 0.013 0.014 0.015 0.015 0.016 0.017 0.018 0.020 0.023 0.026 0.032 0.043 0.064 0.108 0.176 0.231 0.262
19.140 20.604 21.877 22.877 23.682 24.326 24.711 24.878 24.948 24.910 24.564 23.860 23.374 23.120 22.803 22.273 21.601 20.788 19.670 18.129 16.233 14.133 11.841 9.216 6.475 4.224 2.559 1.460 0.816 0.454 0.252 0.139 0.078 0.047 0.032 0.026 0.024 0.022 0.020 0.017 0.014 0.012 0.010 0.009 0.008 0.007 0.006 0.005 0.005 0.004 0.004 0.004 0.004 0.004 0.004 0.005 0.006 0.007 0.008 0.009 0.010 0.011 0.012 0.013 0.014 0.015 0.016 0.018 0.020 0.023 0.028 0.035 0.048 0.072 0.110 0.156 0.202
17.872 19.477 20.928 22.177 23.192 23.899 24.243 24.356 24.394 24.334 24.004 23.320 22.795 22.524 22.204 21.668 21.004 20.244 19.218 17.764 15.894 13.760 11.407 8.726 5.991 3.770 2.163 1.148 0.592 0.303 0.153 0.078 0.043 0.027 0.020 0.017 0.015 0.014 0.012 0.011 0.009 0.008 0.007 0.006 0.005 0.005 0.004 0.003 0.003 0.002 0.002 0.002 0.002 0.002 0.002 0.003 0.004 0.005 0.006 0.007 0.007 0.008 0.009 0.010 0.012 0.013 0.014 0.016 0.018 0.021 0.025 0.031 0.040 0.054 0.076 0.105 0.140
16.568 18.229 19.712 20.995 22.014 22.713 23.067 23.149 23.061 22.765 22.413 21.972 21.480 20.920 20.330 19.711 19.057 18.380 17.506 16.187 14.383 12.242 9.863 7.231 4.716 2.722 1.352 0.584 0.250 0.121 0.064 0.037 0.023 0.016 0.013 0.011 0.010 0.009 0.008 0.008 0.007 0.006 0.005 0.004 0.003 0.003 0.002 0.002 0.001 0.001 0.001 0.001 0.001 0.001 0.001 0.001 0.002 0.003 0.003 0.004 0.005 0.006 0.007 0.008 0.009 0.011 0.012 0.014 0.016 0.019 0.023 0.028 0.036 0.046 0.060 0.079 0.103
15.017 16.610 18.036 19.266 20.248 20.998 21.501 21.655 21.467 20.965 20.751 20.675 20.306 19.400 18.483 17.767 17.065 16.280 15.257 13.818 11.921 9.668 7.196 4.776 2.763 1.362 0.557 0.195 0.079 0.043 0.028 0.019 0.014 0.011 0.009 0.009 0.008 0.007 0.006 0.005 0.004 0.004 0.003 0.002 0.002 0.001 0.001 0.001 0.001 0.000 0.000 0.000 0.000 0.000 0.000 0.001 0.001 0.001 0.002 0.003 0.003 0.004 0.005 0.006 0.008 0.009 0.011 0.013 0.015 0.018 0.021 0.027 0.033 0.042 0.054 0.068 0.085
13.025 14.451 15.860 17.206 18.413 19.474 20.261 20.553 20.390 19.896 19.759 19.726 19.297 18.227 17.232 16.475 15.666 14.595 13.130 11.232 8.904 6.261 3.856 2.164 1.107 0.488 0.175 0.060 0.030 0.020 0.015 0.012 0.010 0.008 0.007 0.006 0.006 0.005 0.004 0.003 0.003 0.002 0.002 0.001 0.001 0.001 0.000 0.000 0.000 0.000 0.000 0.000 0.000 0.000 0.000 0.000 0.000 0.000 0.001 0.001 0.002 0.003 0.004 0.005 0.006 0.008 0.009 0.011 0.014 0.016 0.020 0.026 0.033 0.041 0.051 0.063 0.077
10.798 12.124 13.577 15.127 16.619 17.961 18.994 19.452 19.382 18.978 18.684 18.372 17.712 16.661 15.750 14.956 14.003 12.605 10.643 8.089 5.236 2.797 1.318 0.594 0.275 0.122 0.049 0.023 0.015 0.012 0.010 0.009 0.007 0.006 0.005 0.004 0.004 0.003 0.002 0.002 0.001 0.001 0.001 0.000 0.000 0.000 0.000 0.000 0.000 0.000 0.000 0.000 0.000 0.000 0.000 0.000 0.000 0.000 0.000 0.001 0.001 0.002 0.002 0.004 0.005 0.006 0.008 0.010 0.013 0.016 0.020 0.025 0.033 0.042 0.051 0.061 0.071
8.900 10.140 11.491 12.997 14.512 15.886 16.998 17.585 17.637 17.270 16.584 15.742 14.827 13.919 13.106 12.207 10.981 9.145 6.572 3.884 1.838 0.692 0.228 0.097 0.055 0.031 0.018 0.012 0.010 0.009 0.007 0.006 0.005 0.004 0.004 0.003 0.002 0.002 0.001 0.001 0.000 0.000 0.000 0.000 0.000 0.000 0.000 0.000 0.000 0.000 0.000 0.000 0.000 0.000 0.000 0.000 0.000 0.000 0.000 0.000 0.000 0.001 0.002 0.002 0.004 0.005 0.007 0.009 0.012 0.015 0.020 0.025 0.033 0.043 0.051 0.059 0.067
7.184 8.262 9.347 10.460 11.534 12.552 13.535 14.151 14.277 13.964 13.100 11.881 10.727 9.748 8.739 7.546 5.980 4.057 2.187 0.914 0.284 0.078 0.035 0.025 0.018 0.013 0.010 0.009 0.007 0.006 0.005 0.004 0.004 0.003 0.002 0.002 0.001 0.001 0.000 0.000 0.000 0.000 0.000 0.000 0.000 0.000 0.000 0.000 0.000 0.000 0.000 0.000 0.000 0.000 0.000 0.000 0.000 0.000 0.000 0.000 0.000 0.000 0.001 0.002 0.003 0.004 0.006 0.008 0.011 0.015 0.020 0.026 0.034 0.044 0.052 0.059 0.065
5.340 6.060 6.539 6.854 7.145 7.555 8.221 8.819 9.043 8.905 8.217 6.987 5.599 4.462 3.535 2.687 1.772 0.879 0.319 0.089 0.031 0.019 0.015 0.012 0.010 0.009 0.007 0.006 0.005 0.004 0.003 0.003 0.002 0.002 0.001 0.001 0.000 0.000 0.000 0.000 0.000 0.000 0.000 0.000 0.000 0.000 0.000 0.000 0.000 0.000 0.000 0.000 0.000 0.000 0.000 0.000 0.000 0.000 0.000 0.000 0.000 0.000 0.000 0.001 0.002 0.003 0.005 0.008 0.010 0.014 0.019 0.026 0.034 0.043 0.052 0.059 0.066
2.809 2.933 2.900 2.810 2.751 2.804 3.040 3.361 3.507 3.484 3.201 2.588 1.762 1.112 0.714 0.461 0.242 0.093 0.034 0.018 0.013 0.011 0.010 0.009 0.007 0.006 0.005 0.004 0.003 0.003 0.002 0.002 0.001 0.001 0.000 0.000 0.000 0.000 0.000 0.000 0.000 0.000 0.000 0.000 0.000 0.000 0.000 0.000 0.000 0.000 0.000 0.000 0.000 0.000 0.000 0.000 0.000 0.000 0.000 0.000 0.000 0.000 0.000 0.000 0.001 0.002 0.004 0.007 0.010 0.013 0.018 0.024 0.032 0.041 0.050 0.059 0.068
0.897 0.824 0.752 0.675 0.617 0.595 0.620 0.689 0.715 0.705 0.637 0.481 0.265 0.139 0.089 0.059 0.034 0.019 0.013 0.011 0.009 0.008 0.007 0.006 0.005 0.004 0.003 0.003 0.002 0.001 0.001 0.001 0.000 0.000 0.000 0.000 0.000 0.000 0.000 0.000 0.000 0.000 0.000 0.000 0.000 0.000 0.000 0.000 0.000 0.000 0.000 0.000 0.000 0.000 0.000 0.000 0.000 0.000 0.000 0.000 0.000 0.000 0.000 0.000 0.001 0.002 0.003 0.006 0.009 0.012 0.017 0.023 0.029 0.038 0.048 0.061 0.075
0.190 0.156 0.142 0.131 0.118 0.108 0.106 0.109 0.108 0.104 0.093 0.069 0.041 0.028 0.022 0.017 0.013 0.011 0.009 0.008 0.007 0.006 0.005 0.004 0.003 0.002 0.002 0.001 0.001 0.001 0.000 0.000 0.000 0.000 0.000 0.000 0.000 0.000 0.000 0.000 0.000 0.000 0.000 0.000 0.000 0.000 0.000 0.000 0.000 0.000 0.000 0.000 0.000 0.000 0.000 0.000 0.000 0.000 0.000 0.000 0.000 0.000 0.000 0.000 0.000 0.001 0.003 0.005 0.007 0.011 0.015 0.020 0.026 0.034 0.045 0.062 0.083
0.046 0.041 0.040 0.039 0.036 0.033 0.032 0.030 0.029 0.028 0.025 0.021 0.016 0.014 0.012 0.010 0.009 0.008 0.006 0.005 0.005 0.004 0.003 0.002 0.002 0.001 0.001 0.000 0.000 0.000 0.000 0.000 0.000 0.000 0.000 0.000 0.000 0.000 0.000 0.000 0.000 0.000 0.000 0.000 0.000 0.000 0.000 0.000 0.000 0.000 0.000 0.000 0.000 0.000 0.000 0.000 0.000 0.000 0.000 0.000 0.000 0.000 0.000 0.000 0.000 0.001 0.002 0.004 0.006 0.009 0.013 0.017 0.022 0.030 0.042 0.060 0.083
0.019 0.019 0.019 0.019 0.018 0.017 0.016 0.015 0.014 0.013 0.013 0.011 0.010 0.009 0.008 0.007 0.006 0.005 0.004 0.004 0.003 0.002 0.002 0.001 0.001 0.000 0.000 0.000 0.000 0.000 0.000 0.000 0.000 0.000 0.000 0.000 0.000 0.000 0.000 0.000 0.000 0.000 0.000 0.000 0.000 0.000 0.000 0.000 0.000 0.000 0.000 0.000 0.000 0.000 0.000 0.000 0.000 0.000 0.000 0.000 0.000 0.000 0.000 0.000 0.000 0.000 0.001 0.002 0.004 0.007 0.010 0.013 0.018 0.024 0.034 0.051 0.073
0.012 0.012 0.011 0.011 0.011 0.010 0.010 0.009 0.009 0.009 0.008 0.008 0.007 0.006 0.006 0.005 0.004 0.003 0.003 0.002 0.002 0.001 0.001 0.000 0.000 0.000 0.000 0.000 0.000 0.000 0.000 0.000 0.000 0.000 0.000 0.000 0.000 0.000 0.000 0.000 0.000 0.000 0.000 0.000 0.000 0.000 0.000 0.000 0.000 0.000 0.000 0.000 0.000 0.000 0.000 0.000 0.000 0.000 0.000 0.000 0.000 0.000 0.000 0.000 0.000 0.000 0.001 0.001 0.003 0.005 0.007 0.010 0.013 0.017 0.023 0.033 0.050
0.008 0.008 0.007 0.007 0.007 0.007 0.007 0.006 0.006 0.006 0.005 0.005 0.005 0.004 0.004 0.003 0.002 0.002 0.001 0.001 0.001 0.000 0.000 0.000 0.000 0.000 0.000 0.000 0.000 0.000 0.000 0.000 0.000 0.000 0.000 0.000 0.000 0.000 0.000 0.000 0.000 0.000 0.000 0.000 0.000 0.000 0.000 0.000 0.000 0.000 0.000 0.000 0.000 0.000 0.000 0.000 0.000 0.000 0.000 0.000 0.000 0.000 0.000 0.000 0.000 0.000 0.000 0.001 0.002 0.003 0.005 0.007 0.009 0.012 0.015 0.021 0.029
0.005 0.005 0.005 0.005 0.005 0.004 0.004 0.004 0.004 0.003 0.003 0.003 0.003 0.002 0.002 0.002 0.001 0.001 0.000 0.000 0.000 0.000 0.000 0.000 0.000 0.000 0.000 0.000 0.000 0.000 0.000 0.000 0.000 0.000 0.000 0.000 0.000 0.000 0.000 0.000 0.000 0.000 0.000 0.000 0.000 0.000 0.000 0.000 0.000 0.000 0.000 0.000 0.000 0.000 0.000 0.000 0.000 0.000 0.000 0.000 0.000 0.000 0.000 0.000 0.000 0.000 0.000 0.000 0.001 0.002 0.003 0.004 0.006 0.008 0.011 0.014 0.018
0.003 0.003 0.003 0.003 0.003 0.002 0.002 0.002 0.002 0.002 0.002 0.001 0.001 0.001 0.001 0.001 0.000 0.000 0.000 0.000 0.000 0.000 0.000 0.000 0.000 0.000 0.000 0.000 0.000 0.000 0.000 0.000 0.000 0.000 0.000 0.000 0.000 0.000 0.000 0.000 0.000 0.000 0.000 0.000 0.000 0.000 0.000 0.000 0.000 0.000 0.000 0.000 0.000 0.000 0.000 0.000 0.000 0.000 0.000 0.000 0.000 0.000 0.000 0.000 0.000 0.000 0.000 0.000 0.000 0.001 0.002 0.003 0.004 0.006 0.007 0.009 0.012
0.001 0.001 0.001 0.001 0.001 0.001 0.001 0.001 0.001 0.001 0.000 0.000 0.000 0.000 0.000 0.000 0.000 0.000 0.000 0.000 0.000 0.000 0.000 0.000 0.000 0.000 0.000 0.000 0.000 0.000 0.000 0.000 0.000 0.000 0.000 0.000 0.000 0.000 0.000 0.000 0.000 0.000 0.000 0.000 0.000 0.000 0.000 0.000 0.000 0.000 0.000 0.000 0.000 0.000 0.000 0.000 0.000 0.000 0.000 0.000 0.000 0.000 0.000 0.000 0.000 0.000 0.000 0.000 0.000 0.000 0.001 0.001 0.002 0.004 0.005 0.006 0.008
0.000 0.000 0.000 0.000 0.000 0.000 0.000 0.000 0.000 0.000 0.000 0.000 0.000 0.000 0.000 0.000 0.000 0.000 0.000 0.000 0.000 0.000 0.000 0.000 0.000 0.000 0.000 0.000 0.000 0.000 0.000 0.000 0.000 0.000 0.000 0.000 0.000 0.000 0.000 0.000 0.000 0.000 0.000 0.000 0.000 0.000 0.000 0.000 0.000 0.000 0.000 0.000 0.000 0.000 0.000 0.000 0.000 0.000 0.000 0.000 0.000 0.000 0.000 0.000 0.000 0.000 0.000 0.000 0.000 0.000 0.000 0.001 0.001 0.002 0.003 0.004 0.005
0.000 0.000 0.000 0.000 0.000 0.000 0.000 0.000 0.000 0.000 0.000 0.000 0.000 0.000 0.000 0.000 0.000 0.000 0.000 0.000 0.000 0.000 0.000 0.000 0.000 0.000 0.000 0.000 0.000 0.000 0.000 0.000 0.000 0.000 0.000 0.000 0.000 0.000 0.000 0.000 0.000 0.000 0.000 0.000 0.000 0.000 0.000 0.000 0.000 0.000 0.000 0.000 0.000 0.000 0.000 0.000 0.000 0.000 0.000 0.000 0.000 0.000 0.000 0.000 0.000 0.000 0.000 0.000 0.000 0.000 0.000 0.000 0.000 0.001 0.002 0.002 0.003
0.000 0.000 0.000 0.000 0.000 0.000 0.000 0.000 0.000 0.000 0.000 0.000 0.000 0.000 0.000 0.000 0.000 0.000 0.000 0.000 0.000 0.000 0.000 0.000 0.000 0.000 0.000 0.000 0.000 0.000 0.000 0.000 0.000 0.000 0.000 0.000 0.000 0.000 0.000 0.000 0.000 0.000 0.000 0.000 0.000 0.000 0.000 0.000 0.000 0.000 0.000 0.000 0.000 0.000 0.000 0.000 0.000 0.000 0.000 0.000 0.000 0.000 0.000 0.000 0.000 0.000 0.000 0.000 0.000 0.000 0.000 0.000 0.000 0.000 0.001 0.001 0.002
0.000 0.000 0.000 0.000 0.000 0.000 0.000 0.000 0.000 0.000 0.000 0.000 0.000 0.000 0.000 0.000 0.000 0.000 0.000 0.000 0.000 0.000 0.000 0.000 0.000 0.000 0.000 0.000 0.000 0.000 0.000 0.000 0.000 0.000 0.000 0.000 0.000 0.000 0.000 0.000 0.000 0.000 0.000 0.000 0.000 0.000 0.000 0.000 0.000 0.000 0.000 0.000 0.000 0.000 0.000 0.000 0.000 0.000 0.000 0.000 0.000 0.000 0.000 0.000 0.000 0.000 0.000 0.000 0.000 0.000 0.000 0.000 0.000 0.000 0.000 0.000 0.001
0.000 0.000 0.000 0.000 0.000 0.000 0.000 0.000 0.000 0.000 0.000 0.000 0.000 0.000 0.000 0.000 0.000 0.000 0.000 0.000 0.000 0.000 0.000 0.000 0.000 0.000 0.000 0.000 0.000 0.000 0.000 0.000 0.000 0.000 0.000 0.000 0.000 0.000 0.000 0.000 0.000 0.000 0.000 0.000 0.000 0.000 0.000 0.000 0.000 0.000 0.000 0.000 0.000 0.000 0.000 0.000 0.000 0.000 0.000 0.000 0.000 0.000 0.000 0.000 0.000 0.000 0.000 0.000 0.000 0.000 0.000 0.000 0.000 0.000 0.000 0.000 0.000
0.000 0.000 0.000 0.000 0.000 0.000 0.000 0.000 0.000 0.000 0.000 0.000 0.000 0.000 0.000 0.000 0.000 0.000 0.000 0.000 0.000 0.000 0.000 0.000 0.000 0.000 0.000 0.000 0.000 0.000 0.000 0.000 0.000 0.000 0.000 0.000 0.000 0.000 0.000 0.000 0.000 0.000 0.000 0.000 0.000 0.000 0.000 0.000 0.000 0.000 0.000 0.000 0.000 0.000 0.000 0.000 0.000 0.000 0.000 0.000 0.000 0.000 0.000 0.000 0.000 0.000 0.000 0.000 0.000 0.000 0.000 0.000 0.000 0.000 0.000 0.000 0.000
0.000 0.000 0.000 0.000 0.000 0.000 0.000 0.000 0.000 0.000 0.000 0.000 0.000 0.000 0.000 0.000 0.000 0.000 0.000 0.000 0.000 0.000 0.000 0.000 0.000 0.000 0.000 0.000 0.000 0.000 0.000 0.000 0.000 0.000 0.000 0.000 0.000 0.000 0.000 0.000 0.000 0.000 0.000 0.000 0.000 0.000 0.000 0.000 0.000 0.000 0.000 0.000 0.000 0.000 0.000 0.000 0.000 0.000 0.000 0.000 0.000 0.000 0.000 0.000 0.000 0.000 0.000 0.000 0.000 0.000 0.000 0.000 0.000 0.000 0.000 0.000 0.000
0.000 0.000 0.000 0.000 0.000 0.000 0.000 0.000 0.000 0.000 0.000 0.000 0.000 0.000 0.000 0.000 0.000 0.000 0.000 0.000 0.000 0.000 0.000 0.000 0.000 0.000 0.000 0.000 0.000 0.000 0.000 0.000 0.000 0.000 0.000 0.000 0.000 0.000 0.000 0.000 0.000 0.000 0.000 0.000 0.000 0.000 0.000 0.000 0.000 0.000 0.000 0.000 0.000 0.000 0.000 0.000 0.000 0.000 0.000 0.000 0.000 0.000 0.000 0.000 0.000 0.000 0.000 0.000 0.000 0.000 0.000 0.000 0.000 0.000 0.000 0.000 0.000
