RESULTS/r.avaflow_results/32_results/32_ascii/32_hflow30058.asc
ncols 506
nrows 317
xllcenter 498237.50
yllcenter 5580050.00
cellsize 12.50
NODATA_value -9999.000
[rows 170 to 203 of 317, columns 154 to 230 of 506]
8.676 8.618 8.558 8.468 8.338 8.166 8.017 7.891 7.759 7.609 7.468 7.345 7.203 6.955 6.497 5.792 4.912 4.018 3.171 2.373 1.646 1.031 0.592 0.344 0.226 0.176 0.160 0.160 0.165 0.179 0.208 0.254 0.299 0.328 0.344 0.358 0.379 0.419 0.442 0.442 0.421 0.398 0.394 0.397 0.396 0.381 0.340 0.272 0.203 0.145 0.105 0.081 0.066 0.057 0.053 0.051 0.052 0.054 0.058 0.062 0.063 0.063 0.063 0.062 0.061 0.062 0.064 0.074 0.102 0.169 0.243 0.272 0.268 0.220 0.141 0.088 0.064
12.059 12.321 12.500 12.575 12.565 12.440 12.241 12.029 11.802 11.538 11.264 11.013 10.766 10.471 10.013 9.305 8.338 7.183 5.933 4.656 3.425 2.338 1.465 0.867 0.530 0.359 0.280 0.251 0.248 0.262 0.297 0.353 0.396 0.413 0.414 0.409 0.413 0.431 0.442 0.434 0.400 0.369 0.356 0.348 0.335 0.299 0.229 0.147 0.092 0.064 0.050 0.042 0.038 0.036 0.035 0.037 0.039 0.043 0.048 0.050 0.050 0.048 0.047 0.045 0.044 0.044 0.046 0.054 0.075 0.123 0.201 0.255 0.272 0.263 0.220 0.158 0.109
15.610 16.195 16.461 16.492 16.375 16.111 15.781 15.453 15.123 14.773 14.410 14.085 13.788 13.480 13.052 12.370 11.405 10.241 8.967 7.558 6.007 4.456 3.081 1.994 1.253 0.798 0.538 0.405 0.348 0.331 0.343 0.376 0.408 0.417 0.410 0.395 0.389 0.390 0.385 0.356 0.295 0.248 0.221 0.201 0.178 0.141 0.094 0.059 0.041 0.032 0.028 0.026 0.024 0.024 0.025 0.027 0.030 0.035 0.038 0.039 0.039 0.038 0.036 0.034 0.033 0.033 0.035 0.040 0.053 0.082 0.142 0.216 0.264 0.282 0.279 0.252 0.196
18.481 19.387 19.752 19.756 19.568 19.234 18.864 18.514 18.160 17.780 17.376 17.015 16.700 16.391 15.985 15.309 14.312 13.088 11.769 10.387 8.879 7.187 5.432 3.835 2.573 1.670 1.075 0.715 0.515 0.412 0.366 0.356 0.364 0.363 0.349 0.319 0.296 0.276 0.251 0.202 0.142 0.108 0.090 0.080 0.070 0.056 0.039 0.028 0.022 0.019 0.018 0.017 0.017 0.017 0.018 0.020 0.023 0.027 0.030 0.030 0.030 0.029 0.028 0.027 0.027 0.027 0.028 0.032 0.039 0.054 0.084 0.144 0.222 0.277 0.294 0.291 0.264
20.162 21.288 21.869 22.025 21.965 21.782 21.559 21.332 21.065 20.719 20.305 19.910 19.567 19.226 18.801 18.122 17.129 15.887 14.515 13.077 11.568 9.932 8.109 6.162 4.382 2.954 1.906 1.204 0.765 0.505 0.366 0.296 0.263 0.243 0.216 0.181 0.159 0.143 0.125 0.094 0.065 0.049 0.041 0.036 0.032 0.026 0.020 0.016 0.014 0.013 0.012 0.012 0.012 0.012 0.013 0.015 0.017 0.020 0.022 0.023 0.023 0.023 0.022 0.022 0.022 0.023 0.024 0.026 0.030 0.038 0.051 0.081 0.146 0.233 0.283 0.292 0.282
20.538 21.766 22.602 23.074 23.332 23.499 23.596 23.601 23.504 23.264 22.855 22.358 21.951 21.570 21.129 20.494 19.611 18.482 17.129 15.601 13.959 12.200 10.244 8.002 5.761 3.902 2.487 1.516 0.907 0.547 0.348 0.242 0.184 0.143 0.109 0.088 0.079 0.072 0.063 0.048 0.034 0.027 0.023 0.020 0.018 0.015 0.013 0.011 0.010 0.009 0.009 0.009 0.009 0.009 0.010 0.011 0.012 0.015 0.017 0.018 0.018 0.018 0.018 0.019 0.019 0.020 0.021 0.023 0.025 0.029 0.037 0.052 0.086 0.155 0.231 0.266 0.273
20.142 21.460 22.484 23.177 23.731 24.242 24.594 24.754 24.788 24.680 24.300 23.668 23.207 22.872 22.484 21.922 21.193 20.267 19.035 17.463 15.650 13.690 11.531 9.034 6.442 4.299 2.686 1.596 0.932 0.544 0.324 0.201 0.131 0.085 0.058 0.046 0.042 0.039 0.034 0.027 0.021 0.017 0.015 0.013 0.011 0.010 0.009 0.008 0.007 0.006 0.006 0.006 0.006 0.006 0.007 0.008 0.009 0.011 0.012 0.013 0.014 0.015 0.015 0.016 0.017 0.018 0.019 0.020 0.022 0.025 0.030 0.040 0.058 0.094 0.152 0.202 0.234
19.105 20.576 21.856 22.861 23.671 24.319 24.708 24.877 24.950 24.914 24.570 23.867 23.383 23.131 22.816 22.287 21.617 20.805 19.689 18.151 16.257 14.161 11.872 9.251 6.522 4.281 2.621 1.519 0.862 0.485 0.270 0.149 0.082 0.048 0.033 0.027 0.024 0.022 0.020 0.016 0.013 0.012 0.010 0.009 0.008 0.007 0.006 0.005 0.005 0.004 0.004 0.004 0.004 0.004 0.004 0.005 0.006 0.007 0.009 0.010 0.011 0.012 0.013 0.013 0.014 0.016 0.017 0.018 0.020 0.023 0.027 0.033 0.045 0.064 0.095 0.132 0.172
17.841 19.452 20.909 22.164 23.183 23.894 24.240 24.356 24.395 24.338 24.009 23.327 22.803 22.533 22.215 21.680 21.017 20.259 19.236 17.783 15.915 13.786 11.436 8.759 6.037 3.827 2.221 1.198 0.629 0.325 0.165 0.082 0.044 0.028 0.020 0.017 0.015 0.014 0.012 0.010 0.009 0.008 0.007 0.006 0.005 0.005 0.004 0.003 0.003 0.002 0.002 0.002 0.002 0.002 0.003 0.003 0.004 0.005 0.006 0.007 0.008 0.009 0.010 0.011 0.012 0.013 0.015 0.016 0.018 0.021 0.024 0.030 0.037 0.049 0.067 0.091 0.118
16.537 18.206 19.695 20.984 22.006 22.709 23.066 23.149 23.063 22.768 22.417 21.977 21.486 20.927 20.338 19.720 19.067 18.391 17.519 16.203 14.402 12.266 9.890 7.267 4.764 2.776 1.398 0.614 0.267 0.129 0.068 0.038 0.024 0.017 0.013 0.011 0.010 0.009 0.008 0.007 0.007 0.006 0.005 0.004 0.003 0.003 0.002 0.002 0.001 0.001 0.001 0.001 0.001 0.001 0.001 0.002 0.002 0.003 0.004 0.005 0.006 0.007 0.008 0.009 0.010 0.012 0.013 0.015 0.017 0.019 0.023 0.027 0.033 0.042 0.054 0.070 0.088
14.989 16.588 18.020 19.255 20.241 20.994 21.501 21.656 21.469 20.967 20.755 20.680 20.313 19.407 18.491 17.776 17.076 16.291 15.269 13.833 11.939 9.691 7.226 4.816 2.808 1.398 0.579 0.205 0.083 0.045 0.029 0.020 0.014 0.011 0.010 0.009 0.008 0.007 0.006 0.005 0.004 0.004 0.003 0.002 0.002 0.001 0.001 0.001 0.001 0.000 0.000 0.000 0.000 0.000 0.000 0.001 0.001 0.001 0.002 0.003 0.004 0.005 0.006 0.007 0.008 0.010 0.011 0.013 0.015 0.018 0.021 0.026 0.032 0.039 0.049 0.061 0.075
12.998 14.432 15.846 17.196 18.408 19.472 20.262 20.555 20.392 19.899 19.764 19.732 19.304 18.233 17.240 16.484 15.676 14.605 13.142 11.247 8.924 6.284 3.879 2.188 1.129 0.503 0.182 0.062 0.031 0.021 0.015 0.012 0.010 0.008 0.007 0.006 0.006 0.005 0.004 0.003 0.003 0.002 0.002 0.001 0.001 0.001 0.000 0.000 0.000 0.000 0.000 0.000 0.000 0.000 0.000 0.000 0.000 0.001 0.001 0.002 0.002 0.003 0.004 0.005 0.007 0.008 0.010 0.012 0.014 0.017 0.020 0.025 0.031 0.039 0.047 0.057 0.068
10.773 12.108 13.566 15.120 16.615 17.960 18.995 19.454 19.384 18.980 18.688 18.376 17.715 16.665 15.756 14.962 14.010 12.613 10.653 8.102 5.249 2.806 1.325 0.600 0.280 0.126 0.050 0.023 0.015 0.012 0.010 0.009 0.007 0.006 0.005 0.004 0.004 0.003 0.002 0.002 0.001 0.001 0.001 0.000 0.000 0.000 0.000 0.000 0.000 0.000 0.000 0.000 0.000 0.000 0.000 0.000 0.000 0.000 0.000 0.001 0.001 0.002 0.003 0.004 0.005 0.007 0.009 0.011 0.013 0.016 0.020 0.025 0.032 0.039 0.047 0.054 0.063
8.878 10.126 11.482 12.990 14.507 15.882 16.996 17.584 17.637 17.270 16.584 15.742 14.827 13.920 13.107 12.209 10.983 9.147 6.575 3.887 1.839 0.692 0.228 0.098 0.056 0.032 0.018 0.012 0.010 0.009 0.007 0.006 0.005 0.004 0.004 0.003 0.002 0.002 0.001 0.001 0.000 0.000 0.000 0.000 0.000 0.000 0.000 0.000 0.000 0.000 0.000 0.000 0.000 0.000 0.000 0.000 0.000 0.000 0.000 0.000 0.000 0.001 0.002 0.003 0.004 0.006 0.008 0.010 0.013 0.016 0.020 0.025 0.033 0.041 0.047 0.053 0.059
7.163 8.249 9.338 10.453 11.529 12.549 13.533 14.149 14.276 13.964 13.100 11.881 10.728 9.751 8.742 7.548 5.979 4.054 2.184 0.911 0.282 0.077 0.035 0.025 0.018 0.014 0.010 0.009 0.007 0.006 0.005 0.004 0.004 0.003 0.002 0.002 0.001 0.001 0.000 0.000 0.000 0.000 0.000 0.000 0.000 0.000 0.000 0.000 0.000 0.000 0.000 0.000 0.000 0.000 0.000 0.000 0.000 0.000 0.000 0.000 0.000 0.000 0.001 0.002 0.003 0.005 0.007 0.009 0.012 0.015 0.020 0.026 0.034 0.042 0.048 0.053 0.058
5.325 6.052 6.539 6.857 7.150 7.560 8.227 8.825 9.048 8.910 8.220 6.987 5.600 4.462 3.534 2.685 1.768 0.875 0.317 0.088 0.031 0.019 0.015 0.012 0.010 0.009 0.008 0.006 0.005 0.004 0.003 0.003 0.002 0.002 0.001 0.001 0.000 0.000 0.000 0.000 0.000 0.000 0.000 0.000 0.000 0.000 0.000 0.000 0.000 0.000 0.000 0.000 0.000 0.000 0.000 0.000 0.000 0.000 0.000 0.000 0.000 0.000 0.000 0.001 0.002 0.004 0.006 0.008 0.011 0.015 0.020 0.026 0.034 0.042 0.048 0.054 0.059
2.810 2.937 2.909 2.821 2.759 2.811 3.046 3.365 3.511 3.487 3.201 2.585 1.759 1.109 0.712 0.459 0.240 0.092 0.034 0.018 0.013 0.011 0.010 0.009 0.007 0.006 0.005 0.004 0.003 0.003 0.002 0.002 0.001 0.001 0.000 0.000 0.000 0.000 0.000 0.000 0.000 0.000 0.000 0.000 0.000 0.000 0.000 0.000 0.000 0.000 0.000 0.000 0.000 0.000 0.000 0.000 0.000 0.000 0.000 0.000 0.000 0.000 0.000 0.001 0.002 0.003 0.005 0.007 0.010 0.014 0.019 0.025 0.032 0.040 0.048 0.055 0.062
0.904 0.831 0.759 0.681 0.621 0.598 0.622 0.689 0.715 0.705 0.635 0.479 0.263 0.138 0.088 0.058 0.034 0.019 0.013 0.011 0.009 0.008 0.007 0.006 0.005 0.004 0.003 0.003 0.002 0.001 0.001 0.001 0.000 0.000 0.000 0.000 0.000 0.000 0.000 0.000 0.000 0.000 0.000 0.000 0.000 0.000 0.000 0.000 0.000 0.000 0.000 0.000 0.000 0.000 0.000 0.000 0.000 0.000 0.000 0.000 0.000 0.000 0.000 0.000 0.001 0.002 0.004 0.006 0.009 0.013 0.017 0.023 0.030 0.037 0.046 0.058 0.071
0.193 0.157 0.144 0.132 0.118 0.108 0.106 0.109 0.108 0.104 0.092 0.068 0.041 0.028 0.022 0.017 0.013 0.011 0.009 0.008 0.007 0.006 0.005 0.004 0.003 0.002 0.002 0.001 0.001 0.001 0.000 0.000 0.000 0.000 0.000 0.000 0.000 0.000 0.000 0.000 0.000 0.000 0.000 0.000 0.000 0.000 0.000 0.000 0.000 0.000 0.000 0.000 0.000 0.000 0.000 0.000 0.000 0.000 0.000 0.000 0.000 0.000 0.000 0.000 0.001 0.002 0.003 0.005 0.008 0.011 0.015 0.020 0.026 0.034 0.045 0.061 0.080
0.046 0.041 0.040 0.039 0.037 0.034 0.032 0.030 0.029 0.028 0.025 0.021 0.016 0.014 0.012 0.010 0.009 0.007 0.006 0.005 0.005 0.004 0.003 0.002 0.002 0.001 0.001 0.000 0.000 0.000 0.000 0.000 0.000 0.000 0.000 0.000 0.000 0.000 0.000 0.000 0.000 0.000 0.000 0.000 0.000 0.000 0.000 0.000 0.000 0.000 0.000 0.000 0.000 0.000 0.000 0.000 0.000 0.000 0.000 0.000 0.000 0.000 0.000 0.000 0.000 0.001 0.002 0.004 0.006 0.009 0.013 0.017 0.023 0.030 0.042 0.060 0.082
0.019 0.019 0.019 0.019 0.018 0.017 0.016 0.015 0.014 0.013 0.013 0.011 0.010 0.009 0.008 0.007 0.006 0.005 0.004 0.004 0.003 0.002 0.002 0.001 0.001 0.000 0.000 0.000 0.000 0.000 0.000 0.000 0.000 0.000 0.000 0.000 0.000 0.000 0.000 0.000 0.000 0.000 0.000 0.000 0.000 0.000 0.000 0.000 0.000 0.000 0.000 0.000 0.000 0.000 0.000 0.000 0.000 0.000 0.000 0.000 0.000 0.000 0.000 0.000 0.000 0.000 0.001 0.003 0.004 0.007 0.010 0.013 0.018 0.024 0.035 0.051 0.073
0.012 0.011 0.011 0.011 0.011 0.010 0.010 0.009 0.009 0.009 0.008 0.008 0.007 0.006 0.006 0.005 0.004 0.003 0.003 0.002 0.002 0.001 0.001 0.000 0.000 0.000 0.000 0.000 0.000 0.000 0.000 0.000 0.000 0.000 0.000 0.000 0.000 0.000 0.000 0.000 0.000 0.000 0.000 0.000 0.000 0.000 0.000 0.000 0.000 0.000 0.000 0.000 0.000 0.000 0.000 0.000 0.000 0.000 0.000 0.000 0.000 0.000 0.000 0.000 0.000 0.000 0.001 0.002 0.003 0.005 0.007 0.010 0.013 0.017 0.023 0.034 0.050
0.007 0.007 0.007 0.007 0.007 0.007 0.007 0.006 0.006 0.006 0.005 0.005 0.005 0.004 0.004 0.003 0.002 0.002 0.001 0.001 0.001 0.000 0.000 0.000 0.000 0.000 0.000 0.000 0.000 0.000 0.000 0.000 0.000 0.000 0.000 0.000 0.000 0.000 0.000 0.000 0.000 0.000 0.000 0.000 0.000 0.000 0.000 0.000 0.000 0.000 0.000 0.000 0.000 0.000 0.000 0.000 0.000 0.000 0.000 0.000 0.000 0.000 0.000 0.000 0.000 0.000 0.000 0.001 0.002 0.003 0.005 0.007 0.009 0.012 0.016 0.021 0.029
0.005 0.005 0.005 0.005 0.005 0.004 0.004 0.004 0.004 0.003 0.003 0.003 0.003 0.002 0.002 0.002 0.001 0.001 0.000 0.000 0.000 0.000 0.000 0.000 0.000 0.000 0.000 0.000 0.000 0.000 0.000 0.000 0.000 0.000 0.000 0.000 0.000 0.000 0.000 0.000 0.000 0.000 0.000 0.000 0.000 0.000 0.000 0.000 0.000 0.000 0.000 0.000 0.000 0.000 0.000 0.000 0.000 0.000 0.000 0.000 0.000 0.000 0.000 0.000 0.000 0.000 0.000 0.000 0.001 0.002 0.003 0.004 0.006 0.008 0.011 0.014 0.018
0.003 0.003 0.003 0.003 0.003 0.002 0.002 0.002 0.002 0.002 0.002 0.001 0.001 0.001 0.001 0.001 0.000 0.000 0.000 0.000 0.000 0.000 0.000 0.000 0.000 0.000 0.000 0.000 0.000 0.000 0.000 0.000 0.000 0.000 0.000 0.000 0.000 0.000 0.000 0.000 0.000 0.000 0.000 0.000 0.000 0.000 0.000 0.000 0.000 0.000 0.000 0.000 0.000 0.000 0.000 0.000 0.000 0.000 0.000 0.000 0.000 0.000 0.000 0.000 0.000 0.000 0.000 0.000 0.000 0.001 0.002 0.003 0.004 0.006 0.007 0.009 0.012
0.001 0.001 0.001 0.001 0.001 0.001 0.001 0.001 0.001 0.001 0.000 0.000 0.000 0.000 0.000 0.000 0.000 0.000 0.000 0.000 0.000 0.000 0.000 0.000 0.000 0.000 0.000 0.000 0.000 0.000 0.000 0.000 0.000 0.000 0.000 0.000 0.000 0.000 0.000 0.000 0.000 0.000 0.000 0.000 0.000 0.000 0.000 0.000 0.000 0.000 0.000 0.000 0.000 0.000 0.000 0.000 0.000 0.000 0.000 0.000 0.000 0.000 0.000 0.000 0.000 0.000 0.000 0.000 0.000 0.000 0.001 0.001 0.002 0.003 0.005 0.006 0.008
0.000 0.000 0.000 0.000 0.000 0.000 0.000 0.000 0.000 0.000 0.000 0.000 0.000 0.000 0.000 0.000 0.000 0.000 0.000 0.000 0.000 0.000 0.000 0.000 0.000 0.000 0.000 0.000 0.000 0.000 0.000 0.000 0.000 0.000 0.000 0.000 0.000 0.000 0.000 0.000 0.000 0.000 0.000 0.000 0.000 0.000 0.000 0.000 0.000 0.000 0.000 0.000 0.000 0.000 0.000 0.000 0.000 0.000 0.000 0.000 0.000 0.000 0.000 0.000 0.000 0.000 0.000 0.000 0.000 0.000 0.000 0.001 0.001 0.002 0.003 0.004 0.005
0.000 0.000 0.000 0.000 0.000 0.000 0.000 0.000 0.000 0.000 0.000 0.000 0.000 0.000 0.000 0.000 0.000 0.000 0.000 0.000 0.000 0.000 0.000 0.000 0.000 0.000 0.000 0.000 0.000 0.000 0.000 0.000 0.000 0.000 0.000 0.000 0.000 0.000 0.000 0.000 0.000 0.000 0.000 0.000 0.000 0.000 0.000 0.000 0.000 0.000 0.000 0.000 0.000 0.000 0.000 0.000 0.000 0.000 0.000 0.000 0.000 0.000 0.000 0.000 0.000 0.000 0.000 0.000 0.000 0.000 0.000 0.000 0.000 0.001 0.002 0.002 0.003
0.000 0.000 0.000 0.000 0.000 0.000 0.000 0.000 0.000 0.000 0.000 0.000 0.000 0.000 0.000 0.000 0.000 0.000 0.000 0.000 0.000 0.000 0.000 0.000 0.000 0.000 0.000 0.000 0.000 0.000 0.000 0.000 0.000 0.000 0.000 0.000 0.000 0.000 0.000 0.000 0.000 0.000 0.000 0.000 0.000 0.000 0.000 0.000 0.000 0.000 0.000 0.000 0.000 0.000 0.000 0.000 0.000 0.000 0.000 0.000 0.000 0.000 0.000 0.000 0.000 0.000 0.000 0.000 0.000 0.000 0.000 0.000 0.000 0.000 0.001 0.001 0.002
0.000 0.000 0.000 0.000 0.000 0.000 0.000 0.000 0.000 0.000 0.000 0.000 0.000 0.000 0.000 0.000 0.000 0.000 0.000 0.000 0.000 0.000 0.000 0.000 0.000 0.000 0.000 0.000 0.000 0.000 0.000 0.000 0.000 0.000 0.000 0.000 0.000 0.000 0.000 0.000 0.000 0.000 0.000 0.000 0.000 0.000 0.000 0.000 0.000 0.000 0.000 0.000 0.000 0.000 0.000 0.000 0.000 0.000 0.000 0.000 0.000 0.000 0.000 0.000 0.000 0.000 0.000 0.000 0.000 0.000 0.000 0.000 0.000 0.000 0.000 0.000 0.001
0.000 0.000 0.000 0.000 0.000 0.000 0.000 0.000 0.000 0.000 0.000 0.000 0.000 0.000 0.000 0.000 0.000 0.000 0.000 0.000 0.000 0.000 0.000 0.000 0.000 0.000 0.000 0.000 0.000 0.000 0.000 0.000 0.000 0.000 0.000 0.000 0.000 0.000 0.000 0.000 0.000 0.000 0.000 0.000 0.000 0.000 0.000 0.000 0.000 0.000 0.000 0.000 0.000 0.000 0.000 0.000 0.000 0.000 0.000 0.000 0.000 0.000 0.000 0.000 0.000 0.000 0.000 0.000 0.000 0.000 0.000 0.000 0.000 0.000 0.000 0.000 0.000
0.000 0.000 0.000 0.000 0.000 0.000 0.000 0.000 0.000 0.000 0.000 0.000 0.000 0.000 0.000 0.000 0.000 0.000 0.000 0.000 0.000 0.000 0.000 0.000 0.000 0.000 0.000 0.000 0.000 0.000 0.000 0.000 0.000 0.000 0.000 0.000 0.000 0.000 0.000 0.000 0.000 0.000 0.000 0.000 0.000 0.000 0.000 0.000 0.000 0.000 0.000 0.000 0.000 0.000 0.000 0.000 0.000 0.000 0.000 0.000 0.000 0.000 0.000 0.000 0.000 0.000 0.000 0.000 0.000 0.000 0.000 0.000 0.000 0.000 0.000 0.000 0.000
0.000 0.000 0.000 0.000 0.000 0.000 0.000 0.000 0.000 0.000 0.000 0.000 0.000 0.000 0.000 0.000 0.000 0.000 0.000 0.000 0.000 0.000 0.000 0.000 0.000 0.000 0.000 0.000 0.000 0.000 0.000 0.000 0.000 0.000 0.000 0.000 0.000 0.000 0.000 0.000 0.000 0.000 0.000 0.000 0.000 0.000 0.000 0.000 0.000 0.000 0.000 0.000 0.000 0.000 0.000 0.000 0.000 0.000 0.000 0.000 0.000 0.000 0.000 0.000 0.000 0.000 0.000 0.000 0.000 0.000 0.000 0.000 0.000 0.000 0.000 0.000 0.000
0.000 0.000 0.000 0.000 0.000 0.000 0.000 0.000 0.000 0.000 0.000 0.000 0.000 0.000 0.000 0.000 0.000 0.000 0.000 0.000 0.000 0.000 0.000 0.000 0.000 0.000 0.000 0.000 0.000 0.000 0.000 0.000 0.000 0.000 0.000 0.000 0.000 0.000 0.000 0.000 0.000 0.000 0.000 0.000 0.000 0.000 0.000 0.000 0.000 0.000 0.000 0.000 0.000 0.000 0.000 0.000 0.000 0.000 0.000 0.000 0.000 0.000 0.000 0.000 0.000 0.000 0.000 0.000 0.000 0.000 0.000 0.000 0.000 0.000 0.000 0.000 0.000
