RESULTS/r.avaflow_results/32_results/32_ascii/32_hflow10053.asc
ncols 506
nrows 317
xllcenter 498237.50
yllcenter 5580050.00
cellsize 12.50
NODATA_value -9999.000
[rows 170 to 203 of 317, columns 77 to 153 of 506]
0.000 0.000 0.000 0.000 0.000 0.000 0.000 0.000 0.000 0.000 0.000 0.000 0.000 0.000 0.001 0.001 0.002 0.002 0.003 0.003 0.003 0.003 0.004 0.010 0.029 0.053 0.063 0.064 0.062 0.059 0.054 0.047 0.036 0.025 0.017 0.012 0.009 0.007 0.006 0.005 0.004 0.004 0.004 0.005 0.012 0.032 0.068 0.116 0.191 0.337 0.612 1.118 2.065 3.188 3.814 3.935 3.895 3.923 4.001 4.028 4.008 3.917 3.728 3.437 3.032 2.546 2.072 1.676 1.344 1.067 0.840 0.661 0.521 0.413 0.328 0.260 0.205
0.000 0.000 0.000 0.000 0.000 0.000 0.000 0.000 0.000 0.000 0.000 0.000 0.000 0.001 0.003 0.006 0.008 0.010 0.012 0.012 0.012 0.013 0.020 0.038 0.069 0.092 0.098 0.097 0.093 0.088 0.080 0.068 0.052 0.036 0.025 0.018 0.014 0.011 0.010 0.009 0.008 0.008 0.010 0.020 0.056 0.142 0.272 0.436 0.688 1.094 1.701 2.585 3.562 4.197 4.398 4.369 4.297 4.281 4.296 4.288 4.246 4.123 3.898 3.553 3.101 2.576 2.098 1.698 1.363 1.086 0.863 0.689 0.551 0.440 0.350 0.277 0.219
0.000 0.000 0.000 0.000 0.000 0.000 0.000 0.000 0.000 0.000 0.000 0.001 0.002 0.005 0.009 0.015 0.020 0.026 0.031 0.035 0.039 0.046 0.067 0.101 0.131 0.142 0.142 0.140 0.135 0.126 0.114 0.098 0.075 0.051 0.035 0.026 0.021 0.019 0.017 0.016 0.016 0.019 0.035 0.092 0.249 0.519 0.842 1.213 1.741 2.492 3.321 4.055 4.521 4.688 4.676 4.613 4.552 4.501 4.472 4.442 4.376 4.229 3.975 3.602 3.125 2.590 2.118 1.720 1.389 1.118 0.901 0.722 0.578 0.459 0.365 0.288 0.227
0.000 0.000 0.000 0.000 0.000 0.000 0.000 0.000 0.000 0.000 0.001 0.002 0.006 0.012 0.019 0.028 0.038 0.050 0.063 0.076 0.090 0.113 0.152 0.187 0.202 0.203 0.201 0.196 0.188 0.176 0.160 0.137 0.105 0.072 0.050 0.038 0.031 0.028 0.027 0.028 0.035 0.059 0.144 0.374 0.800 1.349 1.909 2.520 3.279 4.056 4.660 5.006 5.101 5.025 4.869 4.759 4.690 4.622 4.577 4.530 4.446 4.283 4.010 3.619 3.135 2.596 2.134 1.743 1.418 1.148 0.930 0.745 0.594 0.471 0.373 0.296 0.232
0.000 0.000 0.000 0.000 0.000 0.000 0.000 0.000 0.000 0.000 0.002 0.005 0.011 0.020 0.031 0.046 0.063 0.084 0.108 0.135 0.167 0.210 0.254 0.278 0.282 0.280 0.276 0.268 0.257 0.241 0.218 0.187 0.144 0.100 0.069 0.052 0.044 0.042 0.043 0.051 0.084 0.190 0.492 1.074 1.859 2.655 3.379 4.040 4.654 5.152 5.475 5.577 5.525 5.313 5.000 4.823 4.738 4.677 4.632 4.582 4.486 4.311 4.026 3.622 3.130 2.602 2.144 1.758 1.436 1.167 0.943 0.754 0.602 0.477 0.378 0.300 0.235
0.000 0.000 0.000 0.000 0.000 0.000 0.000 0.000 0.000 0.000 0.002 0.007 0.014 0.026 0.043 0.065 0.094 0.128 0.169 0.216 0.269 0.323 0.361 0.375 0.377 0.375 0.370 0.360 0.345 0.323 0.293 0.251 0.197 0.137 0.093 0.070 0.060 0.058 0.065 0.095 0.190 0.494 1.214 2.309 3.352 4.185 4.783 5.248 5.639 5.905 6.021 6.018 5.880 5.534 5.105 4.840 4.728 4.690 4.659 4.611 4.514 4.331 4.034 3.616 3.115 2.599 2.150 1.766 1.446 1.172 0.945 0.758 0.604 0.480 0.381 0.301 0.236
0.000 0.000 0.000 0.000 0.000 0.000 0.000 0.000 0.000 0.000 0.002 0.007 0.016 0.030 0.050 0.078 0.117 0.170 0.239 0.321 0.393 0.447 0.480 0.491 0.494 0.492 0.486 0.474 0.455 0.428 0.389 0.336 0.267 0.186 0.125 0.091 0.078 0.077 0.091 0.152 0.360 0.995 2.318 3.834 4.858 5.514 5.917 6.175 6.377 6.477 6.490 6.396 6.142 5.700 5.204 4.868 4.713 4.681 4.669 4.637 4.549 4.352 4.034 3.603 3.095 2.583 2.142 1.757 1.438 1.166 0.938 0.752 0.600 0.478 0.379 0.299 0.235
0.000 0.000 0.000 0.000 0.000 0.000 0.000 0.000 0.000 0.000 0.002 0.007 0.016 0.031 0.053 0.084 0.129 0.194 0.287 0.412 0.521 0.587 0.622 0.636 0.640 0.638 0.631 0.617 0.594 0.559 0.511 0.445 0.357 0.252 0.167 0.118 0.099 0.097 0.110 0.182 0.470 1.417 3.315 5.090 6.089 6.558 6.799 6.900 6.963 6.953 6.880 6.680 6.327 5.831 5.305 4.927 4.733 4.692 4.694 4.666 4.571 4.353 4.014 3.567 3.045 2.535 2.100 1.722 1.406 1.138 0.915 0.733 0.585 0.467 0.372 0.294 0.232
0.000 0.000 0.000 0.000 0.000 0.000 0.000 0.000 0.000 0.000 0.002 0.007 0.016 0.031 0.053 0.085 0.132 0.202 0.308 0.465 0.640 0.747 0.797 0.819 0.823 0.822 0.812 0.794 0.764 0.719 0.659 0.579 0.473 0.340 0.224 0.154 0.122 0.114 0.124 0.193 0.499 1.609 3.965 6.042 7.028 7.348 7.456 7.463 7.423 7.311 7.132 6.858 6.460 5.952 5.421 5.024 4.810 4.748 4.730 4.693 4.564 4.319 3.952 3.480 2.947 2.449 2.022 1.659 1.351 1.091 0.876 0.702 0.561 0.449 0.359 0.286 0.226
0.000 0.000 0.000 0.000 0.000 0.000 0.000 0.000 0.000 0.000 0.001 0.005 0.014 0.028 0.051 0.083 0.130 0.201 0.310 0.480 0.721 0.920 1.013 1.044 1.051 1.050 1.038 1.011 0.971 0.915 0.840 0.745 0.619 0.457 0.301 0.200 0.148 0.132 0.136 0.198 0.496 1.634 4.257 6.701 7.714 7.926 7.952 7.882 7.730 7.520 7.257 6.943 6.559 6.092 5.576 5.173 4.940 4.849 4.794 4.699 4.504 4.216 3.813 3.315 2.792 2.317 1.911 1.566 1.272 1.026 0.823 0.662 0.535 0.433 0.348 0.278 0.221
0.000 0.000 0.000 0.000 0.000 0.000 0.000 0.000 0.000 0.000 0.001 0.003 0.008 0.020 0.041 0.072 0.118 0.186 0.293 0.466 0.733 1.058 1.257 1.317 1.326 1.321 1.306 1.272 1.220 1.152 1.063 0.948 0.798 0.606 0.404 0.260 0.179 0.150 0.149 0.199 0.474 1.585 4.260 6.997 8.178 8.351 8.305 8.131 7.885 7.598 7.286 6.973 6.631 6.244 5.783 5.376 5.111 4.961 4.841 4.663 4.403 4.045 3.592 3.068 2.579 2.142 1.768 1.447 1.177 0.953 0.773 0.630 0.515 0.420 0.342 0.274 0.219
0.000 0.000 0.000 0.000 0.000 0.000 0.000 0.000 0.000 0.000 0.000 0.001 0.003 0.008 0.021 0.044 0.079 0.134 0.221 0.377 0.654 1.079 1.455 1.612 1.640 1.635 1.617 1.579 1.518 1.436 1.331 1.192 1.013 0.792 0.542 0.346 0.224 0.171 0.163 0.196 0.427 1.435 4.036 6.968 8.386 8.626 8.504 8.237 7.916 7.601 7.271 6.960 6.663 6.350 5.984 5.608 5.295 5.060 4.856 4.601 4.284 3.867 3.361 2.822 2.358 1.954 1.611 1.323 1.084 0.890 0.733 0.605 0.500 0.411 0.336 0.271 0.218
0.000 0.000 0.000 0.000 0.000 0.000 0.000 0.000 0.000 0.000 0.000 0.000 0.001 0.002 0.006 0.014 0.029 0.052 0.094 0.191 0.431 0.917 1.530 1.858 1.959 1.981 1.970 1.931 1.866 1.772 1.644 1.479 1.269 1.018 0.728 0.477 0.299 0.210 0.187 0.208 0.383 1.213 3.579 6.667 8.337 8.705 8.566 8.251 7.887 7.522 7.197 6.931 6.660 6.387 6.103 5.788 5.459 5.144 4.847 4.536 4.177 3.729 3.200 2.666 2.211 1.822 1.495 1.228 1.009 0.834 0.695 0.582 0.486 0.404 0.333 0.271 0.218
0.000 0.000 0.000 0.000 0.000 0.000 0.000 0.000 0.000 0.000 0.000 0.000 0.000 0.000 0.001 0.003 0.006 0.012 0.023 0.054 0.178 0.599 1.400 1.998 2.227 2.308 2.322 2.302 2.245 2.144 1.997 1.810 1.576 1.296 0.978 0.672 0.433 0.290 0.241 0.248 0.387 1.054 3.072 6.132 7.970 8.555 8.495 8.198 7.788 7.355 7.030 6.797 6.582 6.367 6.144 5.880 5.565 5.215 4.851 4.494 4.090 3.633 3.110 2.593 2.144 1.754 1.428 1.163 0.951 0.785 0.657 0.556 0.472 0.397 0.331 0.272 0.221
0.000 0.000 0.000 0.000 0.000 0.000 0.000 0.000 0.000 0.000 0.000 0.000 0.000 0.000 0.000 0.001 0.001 0.003 0.005 0.012 0.056 0.313 1.094 2.003 2.415 2.581 2.640 2.638 2.602 2.524 2.384 2.184 1.937 1.642 1.302 0.950 0.653 0.447 0.358 0.348 0.454 0.994 2.615 5.358 7.262 8.043 8.147 7.963 7.578 7.078 6.690 6.466 6.352 6.265 6.123 5.890 5.608 5.272 4.880 4.484 4.041 3.579 3.073 2.575 2.128 1.734 1.397 1.123 0.906 0.740 0.616 0.522 0.449 0.387 0.331 0.279 0.230
0.000 0.000 0.000 0.000 0.000 0.000 0.000 0.000 0.000 0.000 0.000 0.000 0.000 0.000 0.000 0.001 0.001 0.002 0.003 0.006 0.020 0.143 0.731 1.797 2.485 2.761 2.892 2.944 2.938 2.893 2.793 2.610 2.361 2.063 1.716 1.336 0.993 0.731 0.595 0.569 0.646 1.074 2.246 4.372 6.271 7.214 7.464 7.400 7.144 6.653 6.152 5.866 5.789 5.821 5.878 5.797 5.605 5.294 4.918 4.496 4.031 3.559 3.064 2.578 2.132 1.734 1.388 1.100 0.872 0.698 0.568 0.474 0.412 0.368 0.328 0.286 0.240
0.000 0.000 0.000 0.000 0.000 0.000 0.000 0.000 0.000 0.000 0.000 0.000 0.000 0.000 0.000 0.001 0.001 0.002 0.004 0.007 0.015 0.064 0.395 1.337 2.357 2.844 3.062 3.187 3.242 3.241 3.186 3.056 2.844 2.563 2.230 1.850 1.486 1.197 1.020 0.969 1.014 1.300 2.072 3.521 5.173 6.140 6.466 6.472 6.354 5.996 5.455 5.018 4.860 4.929 5.198 5.439 5.451 5.255 4.922 4.498 4.038 3.558 3.073 2.597 2.152 1.746 1.391 1.091 0.849 0.660 0.517 0.417 0.355 0.324 0.303 0.275 0.231
0.000 0.000 0.000 0.000 0.000 0.000 0.000 0.000 0.000 0.000 0.000 0.000 0.000 0.000 0.000 0.001 0.003 0.005 0.009 0.013 0.020 0.043 0.189 0.812 1.959 2.790 3.145 3.358 3.495 3.549 3.540 3.468 3.322 3.110 2.835 2.495 2.144 1.865 1.675 1.590 1.593 1.740 2.195 3.077 4.317 5.137 5.439 5.482 5.435 5.235 4.845 4.340 4.014 3.967 4.211 4.701 5.016 5.013 4.799 4.438 4.019 3.564 3.110 2.657 2.198 1.773 1.404 1.092 0.835 0.629 0.472 0.358 0.282 0.239 0.214 0.189 0.145
0.000 0.000 0.000 0.000 0.000 0.000 0.000 0.000 0.000 0.000 0.000 0.000 0.000 0.000 0.002 0.004 0.008 0.014 0.023 0.031 0.038 0.052 0.106 0.412 1.346 2.535 3.140 3.447 3.680 3.812 3.851 3.825 3.743 3.607 3.412 3.150 2.849 2.605 2.445 2.364 2.342 2.374 2.542 2.991 3.798 4.435 4.704 4.773 4.763 4.660 4.401 3.956 3.543 3.354 3.405 3.770 4.264 4.473 4.430 4.220 3.906 3.527 3.131 2.715 2.234 1.784 1.410 1.093 0.825 0.601 0.426 0.293 0.193 0.127 0.089 0.063 0.039
0.000 0.000 0.000 0.000 0.000 0.000 0.000 0.000 0.000 0.000 0.000 0.000 0.000 0.001 0.004 0.011 0.022 0.037 0.054 0.065 0.072 0.077 0.098 0.224 0.790 2.009 2.981 3.447 3.756 3.982 4.099 4.127 4.103 4.026 3.889 3.681 3.410 3.174 3.021 2.942 2.912 2.917 2.978 3.172 3.595 4.033 4.234 4.297 4.299 4.246 4.070 3.723 3.309 3.034 2.943 3.058 3.384 3.661 3.771 3.740 3.587 3.326 3.003 2.631 2.182 1.740 1.371 1.059 0.783 0.541 0.344 0.197 0.101 0.052 0.028 0.016 0.008
0.000 0.000 0.000 0.000 0.000 0.000 0.000 0.000 0.000 0.000 0.000 0.000 0.001 0.004 0.012 0.029 0.056 0.086 0.110 0.123 0.127 0.124 0.126 0.179 0.506 1.432 2.585 3.300 3.749 4.079 4.289 4.374 4.387 4.356 4.260 4.085 3.812 3.570 3.411 3.306 3.246 3.228 3.247 3.341 3.559 3.816 3.954 3.996 3.994 3.949 3.814 3.549 3.177 2.884 2.717 2.658 2.709 2.798 2.855 2.877 2.844 2.697 2.429 2.100 1.749 1.394 1.077 0.803 0.559 0.346 0.183 0.083 0.036 0.017 0.009 0.005 0.003
0.000 0.000 0.000 0.000 0.000 0.000 0.000 0.000 0.000 0.000 0.000 0.001 0.002 0.009 0.029 0.069 0.122 0.167 0.199 0.214 0.215 0.206 0.194 0.217 0.420 1.052 2.065 2.939 3.600 4.072 4.397 4.568 4.601 4.583 4.507 4.338 4.076 3.833 3.663 3.524 3.424 3.370 3.366 3.401 3.525 3.677 3.759 3.787 3.780 3.728 3.605 3.388 3.069 2.773 2.569 2.418 2.301 2.194 2.080 1.942 1.803 1.644 1.413 1.137 0.892 0.676 0.484 0.325 0.202 0.111 0.052 0.023 0.011 0.006 0.004 0.002 0.001
0.000 0.000 0.000 0.000 0.000 0.000 0.000 0.000 0.000 0.000 0.000 0.001 0.005 0.020 0.063 0.141 0.225 0.285 0.328 0.351 0.356 0.347 0.327 0.332 0.469 0.919 1.683 2.523 3.293 3.933 4.392 4.649 4.718 4.702 4.625 4.458 4.236 4.001 3.815 3.648 3.510 3.417 3.395 3.414 3.492 3.573 3.603 3.611 3.598 3.536 3.415 3.219 2.944 2.651 2.415 2.208 2.008 1.796 1.555 1.283 1.034 0.818 0.622 0.444 0.305 0.203 0.131 0.080 0.045 0.024 0.012 0.006 0.004 0.002 0.002 0.001 0.001
0.000 0.000 0.000 0.000 0.000 0.000 0.000 0.000 0.000 0.000 0.000 0.001 0.007 0.029 0.093 0.215 0.347 0.437 0.506 0.549 0.568 0.570 0.558 0.557 0.641 0.962 1.547 2.277 3.028 3.703 4.256 4.610 4.747 4.738 4.652 4.501 4.316 4.101 3.902 3.708 3.534 3.419 3.376 3.388 3.437 3.465 3.465 3.453 3.421 3.349 3.218 3.032 2.783 2.496 2.234 1.989 1.733 1.439 1.100 0.779 0.530 0.354 0.232 0.146 0.087 0.051 0.029 0.017 0.010 0.005 0.003 0.002 0.001 0.001 0.001 0.001 0.001
0.000 0.000 0.000 0.000 0.000 0.000 0.000 0.000 0.000 0.000 0.000 0.001 0.007 0.031 0.102 0.249 0.453 0.618 0.734 0.818 0.867 0.891 0.905 0.920 0.979 1.183 1.608 2.222 2.915 3.531 4.068 4.479 4.687 4.697 4.641 4.499 4.342 4.150 3.951 3.741 3.533 3.387 3.312 3.307 3.328 3.332 3.322 3.300 3.238 3.144 3.003 2.821 2.575 2.252 1.905 1.592 1.275 0.927 0.592 0.356 0.210 0.123 0.072 0.041 0.023 0.012 0.006 0.004 0.002 0.001 0.001 0.001 0.001 0.001 0.001 0.000 0.000
0.000 0.000 0.000 0.000 0.000 0.000 0.000 0.000 0.000 0.000 0.000 0.001 0.007 0.029 0.097 0.252 0.512 0.807 1.015 1.164 1.265 1.330 1.379 1.428 1.493 1.626 1.899 2.345 2.929 3.486 3.939 4.299 4.526 4.574 4.556 4.455 4.330 4.157 3.959 3.735 3.493 3.305 3.181 3.141 3.137 3.147 3.141 3.106 3.025 2.904 2.738 2.509 2.176 1.703 1.211 0.833 0.545 0.328 0.181 0.097 0.054 0.031 0.018 0.010 0.005 0.003 0.001 0.001 0.001 0.001 0.000 0.000 0.000 0.000 0.000 0.000 0.000
0.000 0.000 0.000 0.000 0.000 0.000 0.000 0.000 0.000 0.000 0.000 0.001 0.004 0.021 0.078 0.231 0.530 0.972 1.347 1.594 1.773 1.898 1.991 2.071 2.154 2.257 2.420 2.697 3.101 3.552 3.913 4.176 4.340 4.401 4.404 4.343 4.257 4.126 3.944 3.707 3.433 3.174 2.979 2.874 2.829 2.826 2.826 2.800 2.723 2.574 2.335 1.986 1.491 0.938 0.519 0.275 0.139 0.066 0.030 0.016 0.010 0.006 0.004 0.002 0.001 0.001 0.000 0.000 0.000 0.000 0.000 0.000 0.000 0.000 0.000 0.000 0.000
0.000 0.000 0.000 0.000 0.000 0.000 0.000 0.000 0.000 0.000 0.000 0.000 0.002 0.010 0.050 0.192 0.525 1.082 1.691 2.122 2.412 2.607 2.744 2.853 2.945 3.030 3.124 3.263 3.478 3.750 3.979 4.140 4.223 4.256 4.250 4.192 4.117 4.007 3.841 3.624 3.348 3.029 2.737 2.531 2.415 2.354 2.307 2.254 2.153 1.954 1.633 1.193 0.736 0.384 0.175 0.073 0.029 0.011 0.005 0.002 0.002 0.001 0.001 0.000 0.000 0.000 0.000 0.000 0.000 0.000 0.000 0.000 0.000 0.000 0.000 0.000 0.000
0.000 0.000 0.000 0.000 0.000 0.000 0.000 0.000 0.000 0.000 0.000 0.000 0.001 0.005 0.032 0.161 0.522 1.154 1.935 2.611 3.116 3.437 3.626 3.754 3.843 3.898 3.942 3.986 4.038 4.088 4.118 4.147 4.148 4.122 4.084 4.010 3.924 3.818 3.671 3.476 3.219 2.894 2.535 2.208 1.967 1.796 1.645 1.490 1.303 1.054 0.761 0.467 0.243 0.108 0.043 0.016 0.005 0.002 0.001 0.001 0.000 0.000 0.000 0.000 0.000 0.000 0.000 0.000 0.000 0.000 0.000 0.000 0.000 0.000 0.000 0.000 0.000
0.000 0.000 0.000 0.000 0.000 0.000 0.000 0.000 0.000 0.000 0.000 0.000 0.001 0.003 0.024 0.145 0.528 1.204 2.051 2.926 3.669 4.172 4.471 4.638 4.722 4.748 4.741 4.699 4.617 4.489 4.332 4.200 4.084 3.964 3.873 3.788 3.699 3.594 3.461 3.282 3.047 2.741 2.370 1.963 1.606 1.329 1.094 0.872 0.655 0.446 0.261 0.130 0.056 0.022 0.008 0.003 0.001 0.000 0.000 0.000 0.000 0.000 0.000 0.000 0.000 0.000 0.000 0.000 0.000 0.000 0.000 0.000 0.000 0.000 0.000 0.000 0.000
0.000 0.000 0.000 0.000 0.000 0.000 0.000 0.000 0.000 0.000 0.000 0.000 0.001 0.003 0.022 0.142 0.538 1.234 2.081 3.052 4.025 4.741 5.182 5.401 5.465 5.461 5.408 5.277 5.057 4.774 4.488 4.227 3.981 3.753 3.589 3.480 3.410 3.332 3.221 3.063 2.852 2.573 2.208 1.765 1.329 0.979 0.703 0.479 0.301 0.170 0.083 0.035 0.013 0.005 0.002 0.001 0.000 0.000 0.000 0.000 0.000 0.000 0.000 0.000 0.000 0.000 0.000 0.000 0.000 0.000 0.000 0.000 0.000 0.000 0.000 0.000 0.000
0.000 0.000 0.000 0.000 0.000 0.000 0.000 0.000 0.000 0.000 0.000 0.000 0.001 0.004 0.022 0.145 0.544 1.237 2.080 3.061 4.193 5.142 5.743 6.023 6.085 6.058 5.940 5.697 5.334 4.930 4.562 4.215 3.852 3.476 3.177 2.990 2.914 2.867 2.796 2.683 2.523 2.312 1.998 1.564 1.086 0.713 0.445 0.260 0.139 0.067 0.029 0.010 0.003 0.001 0.000 0.000 0.000 0.000 0.000 0.000 0.000 0.000 0.000 0.000 0.000 0.000 0.000 0.000 0.000 0.000 0.000 0.000 0.000 0.000 0.000 0.000 0.000
0.001 0.001 0.002 0.002 0.002 0.002 0.002 0.001 0.001 0.001 0.002 0.002 0.004 0.006 0.023 0.138 0.516 1.187 2.021 2.991 4.169 5.307 6.076 6.445 6.525 6.469 6.249 5.885 5.445 4.996 4.577 4.158 3.682 3.142 2.654 2.313 2.141 2.057 1.981 1.899 1.816 1.724 1.554 1.238 0.818 0.479 0.263 0.136 0.064 0.027 0.010 0.003 0.001 0.000 0.000 0.000 0.000 0.000 0.000 0.000 0.000 0.000 0.000 0.000 0.000 0.000 0.000 0.000 0.000 0.000 0.000 0.000 0.000 0.000 0.000 0.000 0.000
0.002 0.003 0.003 0.003 0.002 0.002 0.002 0.002 0.002 0.003 0.004 0.005 0.006 0.008 0.017 0.094 0.394 0.997 1.817 2.786 3.984 5.282 6.188 6.627 6.724 6.649 6.364 5.952 5.480 5.001 4.506 3.984 3.407 2.734 2.077 1.574 1.257 1.068 0.940 0.852 0.812 0.808 0.796 0.694 0.474 0.259 0.130 0.061 0.026 0.010 0.003 0.001 0.000 0.000 0.000 0.000 0.000 0.000 0.000 0.000 0.000 0.000 0.000 0.000 0.000 0.000 0.000 0.000 0.000 0.000 0.000 0.000 0.000 0.000 0.000 0.000 0.000
