RESULTS/r.avaflow_results/32_results/32_ascii/32_hflow30057.asc
ncols 506
nrows 317
xllcenter 498237.50
yllcenter 5580050.00
cellsize 12.50
NODATA_value -9999.000
[rows 170 to 203 of 317, columns 154 to 230 of 506]
8.679 8.617 8.554 8.461 8.327 8.153 8.001 7.873 7.741 7.589 7.447 7.322 7.179 6.930 6.472 5.767 4.888 3.996 3.151 2.356 1.632 1.021 0.585 0.340 0.223 0.173 0.158 0.158 0.162 0.177 0.205 0.251 0.296 0.324 0.341 0.354 0.375 0.416 0.439 0.439 0.419 0.397 0.394 0.398 0.398 0.384 0.344 0.278 0.207 0.148 0.107 0.082 0.067 0.058 0.054 0.052 0.053 0.055 0.059 0.062 0.064 0.063 0.063 0.062 0.061 0.061 0.063 0.073 0.102 0.169 0.238 0.265 0.260 0.211 0.135 0.086 0.063
12.062 12.320 12.497 12.570 12.558 12.431 12.231 12.017 11.789 11.524 11.249 10.997 10.750 10.455 9.997 9.288 8.321 7.165 5.915 4.639 3.410 2.325 1.455 0.859 0.524 0.355 0.276 0.248 0.244 0.259 0.294 0.348 0.392 0.408 0.409 0.405 0.409 0.428 0.439 0.431 0.398 0.368 0.356 0.349 0.336 0.302 0.232 0.150 0.094 0.066 0.051 0.043 0.038 0.036 0.036 0.037 0.040 0.044 0.048 0.050 0.050 0.048 0.047 0.044 0.043 0.044 0.046 0.054 0.075 0.124 0.200 0.251 0.267 0.257 0.214 0.155 0.107
15.613 16.195 16.458 16.488 16.370 16.104 15.773 15.444 15.113 14.762 14.400 14.074 13.777 13.469 13.041 12.359 11.393 10.230 8.956 7.547 5.995 4.444 3.071 1.985 1.244 0.791 0.531 0.399 0.343 0.326 0.338 0.371 0.403 0.412 0.406 0.391 0.385 0.387 0.383 0.354 0.294 0.247 0.221 0.201 0.178 0.142 0.095 0.060 0.042 0.033 0.028 0.026 0.025 0.024 0.025 0.027 0.030 0.035 0.038 0.039 0.039 0.038 0.036 0.034 0.033 0.033 0.035 0.040 0.053 0.083 0.143 0.215 0.260 0.278 0.275 0.248 0.194
18.484 19.388 19.750 19.753 19.564 19.228 18.858 18.507 18.152 17.772 17.368 17.007 16.692 16.383 15.977 15.301 14.304 13.080 11.762 10.381 8.872 7.180 5.424 3.826 2.564 1.660 1.065 0.706 0.507 0.405 0.361 0.351 0.359 0.359 0.345 0.316 0.294 0.274 0.250 0.201 0.142 0.108 0.090 0.080 0.070 0.056 0.039 0.028 0.023 0.020 0.018 0.017 0.017 0.017 0.018 0.020 0.023 0.027 0.030 0.030 0.030 0.029 0.028 0.027 0.027 0.027 0.028 0.032 0.039 0.054 0.084 0.145 0.221 0.275 0.291 0.289 0.263
20.168 21.290 21.868 22.023 21.961 21.778 21.554 21.327 21.059 20.713 20.299 19.904 19.561 19.220 18.795 18.117 17.124 15.883 14.511 13.073 11.565 9.930 8.105 6.157 4.374 2.945 1.894 1.191 0.753 0.496 0.359 0.291 0.259 0.240 0.214 0.180 0.158 0.142 0.124 0.094 0.065 0.049 0.041 0.036 0.032 0.027 0.021 0.017 0.014 0.013 0.012 0.012 0.012 0.012 0.013 0.015 0.017 0.020 0.022 0.023 0.023 0.023 0.022 0.022 0.022 0.023 0.024 0.026 0.030 0.038 0.052 0.082 0.146 0.233 0.282 0.291 0.282
20.544 21.770 22.604 23.074 23.330 23.497 23.593 23.597 23.501 23.260 22.852 22.354 21.948 21.567 21.126 20.491 19.609 18.480 17.128 15.600 13.958 12.199 10.244 8.001 5.758 3.896 2.478 1.504 0.895 0.538 0.341 0.237 0.181 0.141 0.108 0.088 0.079 0.072 0.063 0.048 0.034 0.027 0.023 0.021 0.018 0.015 0.013 0.011 0.010 0.009 0.009 0.009 0.009 0.009 0.010 0.011 0.012 0.015 0.017 0.017 0.018 0.018 0.018 0.018 0.019 0.020 0.021 0.023 0.025 0.030 0.037 0.053 0.086 0.157 0.233 0.267 0.273
20.149 21.464 22.486 23.178 23.731 24.241 24.593 24.753 24.787 24.679 24.299 23.668 23.206 22.871 22.484 21.922 21.193 20.267 19.036 17.464 15.651 13.692 11.533 9.037 6.442 4.296 2.680 1.586 0.920 0.535 0.317 0.197 0.129 0.084 0.057 0.046 0.042 0.039 0.034 0.027 0.021 0.017 0.015 0.013 0.011 0.010 0.009 0.008 0.007 0.006 0.006 0.006 0.006 0.006 0.007 0.008 0.009 0.011 0.012 0.013 0.014 0.014 0.015 0.016 0.017 0.017 0.019 0.020 0.022 0.025 0.031 0.040 0.059 0.096 0.154 0.205 0.237
19.111 20.581 21.859 22.863 23.673 24.320 24.708 24.878 24.950 24.914 24.571 23.868 23.384 23.132 22.817 22.288 21.618 20.807 19.692 18.154 16.261 14.165 11.876 9.255 6.524 4.280 2.616 1.510 0.852 0.477 0.265 0.146 0.081 0.048 0.033 0.027 0.024 0.022 0.020 0.016 0.013 0.012 0.010 0.009 0.008 0.007 0.006 0.005 0.005 0.004 0.004 0.004 0.004 0.004 0.004 0.005 0.006 0.007 0.009 0.010 0.011 0.011 0.012 0.013 0.014 0.015 0.017 0.018 0.020 0.023 0.027 0.034 0.045 0.065 0.097 0.136 0.176
17.848 19.457 20.913 22.167 23.185 23.896 24.242 24.359 24.398 24.340 24.011 23.330 22.806 22.536 22.218 21.684 21.021 20.263 19.240 17.788 15.921 13.792 11.442 8.766 6.041 3.829 2.220 1.194 0.623 0.320 0.162 0.081 0.044 0.027 0.020 0.017 0.015 0.014 0.012 0.010 0.009 0.008 0.007 0.006 0.005 0.005 0.004 0.003 0.003 0.002 0.002 0.002 0.002 0.002 0.002 0.003 0.004 0.005 0.006 0.007 0.008 0.009 0.010 0.011 0.012 0.013 0.015 0.016 0.018 0.021 0.025 0.030 0.038 0.050 0.069 0.093 0.122
16.545 18.212 19.700 20.988 22.010 22.713 23.070 23.153 23.067 22.773 22.422 21.983 21.492 20.933 20.344 19.726 19.074 18.398 17.527 16.211 14.410 12.274 9.899 7.277 4.772 2.781 1.401 0.614 0.265 0.128 0.067 0.038 0.024 0.017 0.013 0.011 0.010 0.009 0.008 0.007 0.007 0.006 0.005 0.004 0.003 0.003 0.002 0.002 0.001 0.001 0.001 0.001 0.001 0.001 0.001 0.002 0.002 0.003 0.004 0.005 0.006 0.007 0.008 0.009 0.010 0.011 0.013 0.015 0.017 0.019 0.023 0.027 0.034 0.043 0.055 0.072 0.091
14.997 16.596 18.026 19.261 20.247 21.000 21.506 21.662 21.475 20.974 20.761 20.687 20.320 19.414 18.499 17.784 17.085 16.300 15.280 13.843 11.950 9.703 7.238 4.829 2.818 1.404 0.582 0.205 0.083 0.045 0.028 0.019 0.014 0.011 0.010 0.009 0.008 0.007 0.006 0.005 0.004 0.004 0.003 0.002 0.002 0.001 0.001 0.001 0.001 0.000 0.000 0.000 0.000 0.000 0.000 0.001 0.001 0.001 0.002 0.003 0.004 0.005 0.006 0.007 0.008 0.010 0.011 0.013 0.015 0.018 0.021 0.026 0.032 0.040 0.050 0.062 0.077
13.007 14.440 15.853 17.204 18.415 19.479 20.269 20.562 20.400 19.907 19.772 19.740 19.313 18.243 17.249 16.495 15.687 14.617 13.154 11.260 8.939 6.299 3.893 2.198 1.135 0.506 0.183 0.062 0.031 0.020 0.015 0.012 0.010 0.008 0.007 0.006 0.006 0.005 0.004 0.003 0.003 0.002 0.002 0.001 0.001 0.001 0.000 0.000 0.000 0.000 0.000 0.000 0.000 0.000 0.000 0.000 0.000 0.001 0.001 0.002 0.002 0.003 0.004 0.005 0.007 0.008 0.010 0.012 0.014 0.017 0.020 0.025 0.032 0.039 0.048 0.058 0.069
10.782 12.116 13.575 15.128 16.623 17.968 19.003 19.463 19.393 18.990 18.698 18.386 17.726 16.677 15.768 14.975 14.023 12.626 10.667 8.118 5.264 2.818 1.332 0.604 0.283 0.127 0.050 0.023 0.015 0.012 0.010 0.009 0.007 0.006 0.005 0.004 0.004 0.003 0.002 0.002 0.001 0.001 0.001 0.000 0.000 0.000 0.000 0.000 0.000 0.000 0.000 0.000 0.000 0.000 0.000 0.000 0.000 0.000 0.000 0.001 0.001 0.002 0.003 0.004 0.005 0.007 0.009 0.011 0.013 0.016 0.020 0.025 0.032 0.040 0.048 0.056 0.064
8.887 10.134 11.491 13.000 14.517 15.893 17.007 17.595 17.648 17.282 16.596 15.755 14.840 13.933 13.122 12.224 10.999 9.165 6.593 3.902 1.848 0.697 0.230 0.098 0.056 0.032 0.018 0.012 0.010 0.009 0.007 0.006 0.005 0.004 0.004 0.003 0.002 0.002 0.001 0.001 0.000 0.000 0.000 0.000 0.000 0.000 0.000 0.000 0.000 0.000 0.000 0.000 0.000 0.000 0.000 0.000 0.000 0.000 0.000 0.000 0.000 0.001 0.002 0.003 0.004 0.006 0.007 0.010 0.012 0.016 0.020 0.025 0.033 0.041 0.048 0.054 0.061
7.172 8.258 9.348 10.464 11.540 12.561 13.545 14.162 14.289 13.977 13.114 11.896 10.744 9.768 8.760 7.567 5.997 4.069 2.194 0.916 0.284 0.078 0.036 0.025 0.018 0.014 0.010 0.009 0.007 0.006 0.005 0.004 0.004 0.003 0.002 0.002 0.001 0.001 0.000 0.000 0.000 0.000 0.000 0.000 0.000 0.000 0.000 0.000 0.000 0.000 0.000 0.000 0.000 0.000 0.000 0.000 0.000 0.000 0.000 0.000 0.000 0.000 0.001 0.002 0.003 0.005 0.007 0.009 0.012 0.015 0.020 0.026 0.034 0.042 0.049 0.054 0.060
5.331 6.060 6.547 6.867 7.160 7.572 8.240 8.840 9.064 8.926 8.237 7.005 5.615 4.476 3.547 2.697 1.777 0.880 0.319 0.089 0.031 0.020 0.015 0.012 0.010 0.009 0.008 0.006 0.005 0.004 0.003 0.003 0.002 0.002 0.001 0.001 0.000 0.000 0.000 0.000 0.000 0.000 0.000 0.000 0.000 0.000 0.000 0.000 0.000 0.000 0.000 0.000 0.000 0.000 0.000 0.000 0.000 0.000 0.000 0.000 0.000 0.000 0.000 0.001 0.002 0.004 0.006 0.008 0.011 0.015 0.019 0.026 0.034 0.042 0.049 0.055 0.060
2.811 2.940 2.913 2.825 2.765 2.817 3.054 3.375 3.522 3.498 3.212 2.595 1.766 1.115 0.716 0.462 0.242 0.092 0.034 0.018 0.013 0.011 0.010 0.009 0.007 0.006 0.005 0.004 0.003 0.003 0.002 0.002 0.001 0.001 0.000 0.000 0.000 0.000 0.000 0.000 0.000 0.000 0.000 0.000 0.000 0.000 0.000 0.000 0.000 0.000 0.000 0.000 0.000 0.000 0.000 0.000 0.000 0.000 0.000 0.000 0.000 0.000 0.000 0.001 0.001 0.003 0.005 0.007 0.010 0.014 0.019 0.025 0.032 0.041 0.048 0.056 0.063
0.903 0.831 0.759 0.682 0.623 0.600 0.624 0.693 0.718 0.708 0.639 0.482 0.265 0.139 0.089 0.059 0.034 0.019 0.013 0.011 0.009 0.008 0.007 0.006 0.005 0.004 0.003 0.003 0.002 0.001 0.001 0.001 0.000 0.000 0.000 0.000 0.000 0.000 0.000 0.000 0.000 0.000 0.000 0.000 0.000 0.000 0.000 0.000 0.000 0.000 0.000 0.000 0.000 0.000 0.000 0.000 0.000 0.000 0.000 0.000 0.000 0.000 0.000 0.000 0.001 0.002 0.004 0.006 0.009 0.013 0.017 0.023 0.030 0.038 0.047 0.059 0.072
0.192 0.157 0.144 0.132 0.119 0.109 0.107 0.110 0.108 0.104 0.093 0.069 0.041 0.028 0.022 0.017 0.013 0.011 0.009 0.008 0.007 0.006 0.005 0.004 0.003 0.002 0.002 0.001 0.001 0.001 0.000 0.000 0.000 0.000 0.000 0.000 0.000 0.000 0.000 0.000 0.000 0.000 0.000 0.000 0.000 0.000 0.000 0.000 0.000 0.000 0.000 0.000 0.000 0.000 0.000 0.000 0.000 0.000 0.000 0.000 0.000 0.000 0.000 0.000 0.001 0.001 0.003 0.005 0.008 0.011 0.015 0.020 0.026 0.034 0.045 0.062 0.081
0.046 0.041 0.040 0.039 0.037 0.034 0.032 0.031 0.029 0.028 0.025 0.021 0.016 0.014 0.012 0.010 0.009 0.008 0.006 0.005 0.005 0.004 0.003 0.002 0.002 0.001 0.001 0.000 0.000 0.000 0.000 0.000 0.000 0.000 0.000 0.000 0.000 0.000 0.000 0.000 0.000 0.000 0.000 0.000 0.000 0.000 0.000 0.000 0.000 0.000 0.000 0.000 0.000 0.000 0.000 0.000 0.000 0.000 0.000 0.000 0.000 0.000 0.000 0.000 0.000 0.001 0.002 0.004 0.006 0.009 0.013 0.017 0.023 0.030 0.042 0.060 0.083
0.019 0.019 0.019 0.019 0.018 0.017 0.016 0.015 0.014 0.013 0.013 0.011 0.010 0.009 0.008 0.007 0.006 0.005 0.004 0.004 0.003 0.002 0.002 0.001 0.001 0.000 0.000 0.000 0.000 0.000 0.000 0.000 0.000 0.000 0.000 0.000 0.000 0.000 0.000 0.000 0.000 0.000 0.000 0.000 0.000 0.000 0.000 0.000 0.000 0.000 0.000 0.000 0.000 0.000 0.000 0.000 0.000 0.000 0.000 0.000 0.000 0.000 0.000 0.000 0.000 0.000 0.001 0.002 0.004 0.007 0.010 0.013 0.018 0.024 0.035 0.051 0.074
0.012 0.011 0.011 0.011 0.011 0.010 0.010 0.009 0.009 0.009 0.008 0.008 0.007 0.006 0.006 0.005 0.004 0.003 0.003 0.002 0.002 0.001 0.001 0.000 0.000 0.000 0.000 0.000 0.000 0.000 0.000 0.000 0.000 0.000 0.000 0.000 0.000 0.000 0.000 0.000 0.000 0.000 0.000 0.000 0.000 0.000 0.000 0.000 0.000 0.000 0.000 0.000 0.000 0.000 0.000 0.000 0.000 0.000 0.000 0.000 0.000 0.000 0.000 0.000 0.000 0.000 0.001 0.001 0.003 0.005 0.007 0.010 0.013 0.017 0.023 0.034 0.050
0.008 0.007 0.007 0.007 0.007 0.007 0.007 0.006 0.006 0.006 0.005 0.005 0.005 0.004 0.004 0.003 0.002 0.002 0.001 0.001 0.001 0.000 0.000 0.000 0.000 0.000 0.000 0.000 0.000 0.000 0.000 0.000 0.000 0.000 0.000 0.000 0.000 0.000 0.000 0.000 0.000 0.000 0.000 0.000 0.000 0.000 0.000 0.000 0.000 0.000 0.000 0.000 0.000 0.000 0.000 0.000 0.000 0.000 0.000 0.000 0.000 0.000 0.000 0.000 0.000 0.000 0.000 0.001 0.002 0.003 0.005 0.007 0.009 0.012 0.016 0.021 0.029
0.005 0.005 0.005 0.005 0.005 0.004 0.004 0.004 0.004 0.003 0.003 0.003 0.003 0.002 0.002 0.002 0.001 0.001 0.000 0.000 0.000 0.000 0.000 0.000 0.000 0.000 0.000 0.000 0.000 0.000 0.000 0.000 0.000 0.000 0.000 0.000 0.000 0.000 0.000 0.000 0.000 0.000 0.000 0.000 0.000 0.000 0.000 0.000 0.000 0.000 0.000 0.000 0.000 0.000 0.000 0.000 0.000 0.000 0.000 0.000 0.000 0.000 0.000 0.000 0.000 0.000 0.000 0.000 0.001 0.002 0.003 0.004 0.006 0.008 0.011 0.014 0.018
0.003 0.003 0.003 0.003 0.003 0.002 0.002 0.002 0.002 0.002 0.002 0.001 0.001 0.001 0.001 0.001 0.000 0.000 0.000 0.000 0.000 0.000 0.000 0.000 0.000 0.000 0.000 0.000 0.000 0.000 0.000 0.000 0.000 0.000 0.000 0.000 0.000 0.000 0.000 0.000 0.000 0.000 0.000 0.000 0.000 0.000 0.000 0.000 0.000 0.000 0.000 0.000 0.000 0.000 0.000 0.000 0.000 0.000 0.000 0.000 0.000 0.000 0.000 0.000 0.000 0.000 0.000 0.000 0.000 0.001 0.002 0.003 0.004 0.006 0.007 0.009 0.012
0.001 0.001 0.001 0.001 0.001 0.001 0.001 0.001 0.001 0.001 0.000 0.000 0.000 0.000 0.000 0.000 0.000 0.000 0.000 0.000 0.000 0.000 0.000 0.000 0.000 0.000 0.000 0.000 0.000 0.000 0.000 0.000 0.000 0.000 0.000 0.000 0.000 0.000 0.000 0.000 0.000 0.000 0.000 0.000 0.000 0.000 0.000 0.000 0.000 0.000 0.000 0.000 0.000 0.000 0.000 0.000 0.000 0.000 0.000 0.000 0.000 0.000 0.000 0.000 0.000 0.000 0.000 0.000 0.000 0.000 0.001 0.001 0.002 0.003 0.005 0.006 0.008
0.000 0.000 0.000 0.000 0.000 0.000 0.000 0.000 0.000 0.000 0.000 0.000 0.000 0.000 0.000 0.000 0.000 0.000 0.000 0.000 0.000 0.000 0.000 0.000 0.000 0.000 0.000 0.000 0.000 0.000 0.000 0.000 0.000 0.000 0.000 0.000 0.000 0.000 0.000 0.000 0.000 0.000 0.000 0.000 0.000 0.000 0.000 0.000 0.000 0.000 0.000 0.000 0.000 0.000 0.000 0.000 0.000 0.000 0.000 0.000 0.000 0.000 0.000 0.000 0.000 0.000 0.000 0.000 0.000 0.000 0.000 0.001 0.001 0.002 0.003 0.004 0.005
0.000 0.000 0.000 0.000 0.000 0.000 0.000 0.000 0.000 0.000 0.000 0.000 0.000 0.000 0.000 0.000 0.000 0.000 0.000 0.000 0.000 0.000 0.000 0.000 0.000 0.000 0.000 0.000 0.000 0.000 0.000 0.000 0.000 0.000 0.000 0.000 0.000 0.000 0.000 0.000 0.000 0.000 0.000 0.000 0.000 0.000 0.000 0.000 0.000 0.000 0.000 0.000 0.000 0.000 0.000 0.000 0.000 0.000 0.000 0.000 0.000 0.000 0.000 0.000 0.000 0.000 0.000 0.000 0.000 0.000 0.000 0.000 0.000 0.001 0.002 0.002 0.003
0.000 0.000 0.000 0.000 0.000 0.000 0.000 0.000 0.000 0.000 0.000 0.000 0.000 0.000 0.000 0.000 0.000 0.000 0.000 0.000 0.000 0.000 0.000 0.000 0.000 0.000 0.000 0.000 0.000 0.000 0.000 0.000 0.000 0.000 0.000 0.000 0.000 0.000 0.000 0.000 0.000 0.000 0.000 0.000 0.000 0.000 0.000 0.000 0.000 0.000 0.000 0.000 0.000 0.000 0.000 0.000 0.000 0.000 0.000 0.000 0.000 0.000 0.000 0.000 0.000 0.000 0.000 0.000 0.000 0.000 0.000 0.000 0.000 0.000 0.001 0.001 0.002
0.000 0.000 0.000 0.000 0.000 0.000 0.000 0.000 0.000 0.000 0.000 0.000 0.000 0.000 0.000 0.000 0.000 0.000 0.000 0.000 0.000 0.000 0.000 0.000 0.000 0.000 0.000 0.000 0.000 0.000 0.000 0.000 0.000 0.000 0.000 0.000 0.000 0.000 0.000 0.000 0.000 0.000 0.000 0.000 0.000 0.000 0.000 0.000 0.000 0.000 0.000 0.000 0.000 0.000 0.000 0.000 0.000 0.000 0.000 0.000 0.000 0.000 0.000 0.000 0.000 0.000 0.000 0.000 0.000 0.000 0.000 0.000 0.000 0.000 0.000 0.000 0.001
0.000 0.000 0.000 0.000 0.000 0.000 0.000 0.000 0.000 0.000 0.000 0.000 0.000 0.000 0.000 0.000 0.000 0.000 0.000 0.000 0.000 0.000 0.000 0.000 0.000 0.000 0.000 0.000 0.000 0.000 0.000 0.000 0.000 0.000 0.000 0.000 0.000 0.000 0.000 0.000 0.000 0.000 0.000 0.000 0.000 0.000 0.000 0.000 0.000 0.000 0.000 0.000 0.000 0.000 0.000 0.000 0.000 0.000 0.000 0.000 0.000 0.000 0.000 0.000 0.000 0.000 0.000 0.000 0.000 0.000 0.000 0.000 0.000 0.000 0.000 0.000 0.000
0.000 0.000 0.000 0.000 0.000 0.000 0.000 0.000 0.000 0.000 0.000 0.000 0.000 0.000 0.000 0.000 0.000 0.000 0.000 0.000 0.000 0.000 0.000 0.000 0.000 0.000 0.000 0.000 0.000 0.000 0.000 0.000 0.000 0.000 0.000 0.000 0.000 0.000 0.000 0.000 0.000 0.000 0.000 0.000 0.000 0.000 0.000 0.000 0.000 0.000 0.000 0.000 0.000 0.000 0.000 0.000 0.000 0.000 0.000 0.000 0.000 0.000 0.000 0.000 0.000 0.000 0.000 0.000 0.000 0.000 0.000 0.000 0.000 0.000 0.000 0.000 0.000
0.000 0.000 0.000 0.000 0.000 0.000 0.000 0.000 0.000 0.000 0.000 0.000 0.000 0.000 0.000 0.000 0.000 0.000 0.000 0.000 0.000 0.000 0.000 0.000 0.000 0.000 0.000 0.000 0.000 0.000 0.000 0.000 0.000 0.000 0.000 0.000 0.000 0.000 0.000 0.000 0.000 0.000 0.000 0.000 0.000 0.000 0.000 0.000 0.000 0.000 0.000 0.000 0.000 0.000 0.000 0.000 0.000 0.000 0.000 0.000 0.000 0.000 0.000 0.000 0.000 0.000 0.000 0.000 0.000 0.000 0.000 0.000 0.000 0.000 0.000 0.000 0.000
0.000 0.000 0.000 0.000 0.000 0.000 0.000 0.000 0.000 0.000 0.000 0.000 0.000 0.000 0.000 0.000 0.000 0.000 0.000 0.000 0.000 0.000 0.000 0.000 0.000 0.000 0.000 0.000 0.000 0.000 0.000 0.000 0.000 0.000 0.000 0.000 0.000 0.000 0.000 0.000 0.000 0.000 0.000 0.000 0.000 0.000 0.000 0.000 0.000 0.000 0.000 0.000 0.000 0.000 0.000 0.000 0.000 0.000 0.000 0.000 0.000 0.000 0.000 0.000 0.000 0.000 0.000 0.000 0.000 0.000 0.000 0.000 0.000 0.000 0.000 0.000 0.000
