RESULTS/r.avaflow_results/32_results/32_ascii/32_hflow10018.asc
ncols 506
nrows 317
xllcenter 498237.50
yllcenter 5580050.00
cellsize 12.50
NODATA_value -9999.000
[rows 170 to 203 of 317, columns 77 to 153 of 506]
0.000 0.000 0.000 0.000 0.000 0.000 0.000 0.000 0.000 0.000 0.000 0.000 0.000 0.000 0.000 0.000 0.000 0.000 0.000 0.000 0.000 0.000 0.000 0.002 0.005 0.009 0.012 0.013 0.013 0.013 0.013 0.013 0.012 0.011 0.010 0.011 0.016 0.027 0.048 0.071 0.085 0.093 0.100 0.115 0.145 0.166 0.173 0.174 0.191 0.256 0.410 0.727 1.342 2.157 2.680 2.827 2.889 2.996 3.113 3.159 3.147 3.045 2.839 2.506 2.052 1.558 1.155 0.842 0.604 0.424 0.294 0.201 0.137 0.092 0.061 0.040 0.026
0.000 0.000 0.000 0.000 0.000 0.000 0.000 0.000 0.000 0.000 0.000 0.000 0.000 0.000 0.000 0.000 0.000 0.000 0.000 0.000 0.000 0.001 0.002 0.005 0.012 0.018 0.021 0.023 0.024 0.024 0.024 0.023 0.022 0.020 0.019 0.022 0.031 0.050 0.081 0.115 0.139 0.155 0.169 0.193 0.236 0.285 0.334 0.401 0.537 0.794 1.204 1.850 2.640 3.215 3.409 3.448 3.485 3.552 3.603 3.607 3.561 3.413 3.136 2.726 2.192 1.662 1.238 0.907 0.653 0.463 0.323 0.223 0.152 0.103 0.068 0.045 0.029
0.000 0.000 0.000 0.000 0.000 0.000 0.000 0.000 0.000 0.000 0.000 0.000 0.000 0.000 0.000 0.000 0.000 0.000 0.000 0.000 0.001 0.003 0.006 0.013 0.022 0.030 0.035 0.038 0.040 0.040 0.040 0.039 0.036 0.034 0.034 0.038 0.053 0.083 0.127 0.178 0.223 0.260 0.295 0.341 0.420 0.547 0.718 0.954 1.333 1.899 2.586 3.249 3.698 3.874 3.910 3.936 3.966 3.989 3.987 3.955 3.863 3.669 3.333 2.859 2.277 1.736 1.299 0.957 0.694 0.496 0.348 0.241 0.164 0.111 0.074 0.049 0.032
0.000 0.000 0.000 0.000 0.000 0.000 0.000 0.000 0.000 0.000 0.000 0.000 0.000 0.000 0.000 0.000 0.000 0.000 0.001 0.002 0.004 0.008 0.015 0.025 0.037 0.048 0.056 0.061 0.063 0.064 0.064 0.062 0.058 0.055 0.055 0.062 0.085 0.129 0.193 0.271 0.354 0.436 0.518 0.617 0.789 1.068 1.449 1.952 2.626 3.354 3.959 4.310 4.430 4.430 4.382 4.353 4.345 4.320 4.280 4.207 4.071 3.830 3.450 2.932 2.318 1.778 1.339 0.993 0.723 0.519 0.365 0.253 0.172 0.116 0.078 0.051 0.034
0.000 0.000 0.000 0.000 0.000 0.000 0.000 0.000 0.000 0.000 0.000 0.000 0.000 0.000 0.000 0.000 0.000 0.001 0.002 0.005 0.009 0.016 0.026 0.041 0.059 0.074 0.086 0.093 0.096 0.097 0.097 0.095 0.089 0.085 0.085 0.095 0.128 0.192 0.288 0.410 0.550 0.705 0.872 1.075 1.402 1.888 2.537 3.258 3.943 4.490 4.861 5.017 5.034 4.979 4.837 4.708 4.639 4.572 4.496 4.389 4.213 3.929 3.509 2.959 2.337 1.803 1.365 1.016 0.742 0.533 0.375 0.259 0.177 0.120 0.080 0.053 0.034
0.000 0.000 0.000 0.000 0.000 0.000 0.000 0.000 0.000 0.000 0.000 0.000 0.000 0.000 0.000 0.000 0.001 0.002 0.005 0.010 0.017 0.027 0.043 0.063 0.089 0.112 0.128 0.138 0.144 0.145 0.145 0.141 0.134 0.128 0.127 0.140 0.185 0.277 0.422 0.610 0.827 1.080 1.372 1.735 2.252 2.956 3.706 4.363 4.896 5.281 5.497 5.572 5.574 5.480 5.268 5.011 4.856 4.759 4.661 4.521 4.307 3.983 3.530 2.961 2.342 1.812 1.377 1.027 0.750 0.539 0.379 0.262 0.179 0.121 0.081 0.053 0.035
0.000 0.000 0.000 0.000 0.000 0.000 0.000 0.000 0.000 0.000 0.000 0.000 0.000 0.000 0.000 0.000 0.001 0.004 0.009 0.017 0.028 0.044 0.066 0.095 0.132 0.164 0.187 0.202 0.209 0.211 0.211 0.207 0.197 0.185 0.183 0.197 0.260 0.394 0.603 0.874 1.191 1.569 2.022 2.575 3.277 4.030 4.678 5.203 5.613 5.890 6.021 6.050 6.023 5.900 5.653 5.307 5.053 4.909 4.791 4.619 4.369 4.008 3.533 2.952 2.340 1.813 1.377 1.025 0.749 0.538 0.378 0.262 0.179 0.121 0.081 0.053 0.035
0.000 0.000 0.000 0.000 0.000 0.000 0.000 0.000 0.000 0.000 0.000 0.000 0.000 0.000 0.000 0.000 0.002 0.007 0.015 0.027 0.043 0.067 0.100 0.143 0.194 0.238 0.270 0.289 0.299 0.302 0.302 0.296 0.281 0.262 0.255 0.268 0.349 0.535 0.831 1.210 1.653 2.182 2.814 3.533 4.270 4.909 5.437 5.857 6.175 6.367 6.440 6.442 6.383 6.230 5.967 5.588 5.260 5.051 4.879 4.669 4.385 4.007 3.519 2.928 2.317 1.794 1.363 1.014 0.740 0.530 0.373 0.259 0.177 0.120 0.080 0.053 0.035
0.000 0.000 0.000 0.000 0.000 0.000 0.000 0.000 0.000 0.000 0.000 0.000 0.000 0.000 0.000 0.000 0.003 0.008 0.020 0.038 0.065 0.101 0.149 0.213 0.284 0.342 0.382 0.408 0.421 0.424 0.423 0.416 0.396 0.363 0.343 0.348 0.422 0.632 1.011 1.548 2.192 2.913 3.669 4.406 5.057 5.576 6.009 6.349 6.574 6.697 6.741 6.732 6.650 6.476 6.210 5.816 5.440 5.176 4.941 4.681 4.364 3.967 3.464 2.865 2.260 1.748 1.327 0.988 0.720 0.514 0.363 0.252 0.173 0.117 0.078 0.052 0.034
0.000 0.000 0.000 0.000 0.000 0.000 0.000 0.000 0.000 0.000 0.000 0.000 0.000 0.000 0.000 0.000 0.003 0.009 0.021 0.045 0.089 0.148 0.223 0.316 0.410 0.484 0.535 0.567 0.582 0.586 0.585 0.575 0.549 0.497 0.446 0.434 0.482 0.678 1.098 1.769 2.656 3.586 4.393 5.089 5.648 6.068 6.406 6.673 6.835 6.906 6.929 6.914 6.822 6.646 6.379 5.984 5.570 5.254 4.966 4.647 4.293 3.855 3.337 2.737 2.160 1.671 1.268 0.944 0.689 0.491 0.346 0.241 0.166 0.113 0.075 0.050 0.033
0.000 0.000 0.000 0.000 0.000 0.000 0.000 0.000 0.000 0.000 0.000 0.000 0.000 0.000 0.000 0.000 0.002 0.007 0.019 0.045 0.101 0.200 0.330 0.460 0.578 0.672 0.738 0.776 0.794 0.800 0.798 0.785 0.747 0.671 0.574 0.528 0.543 0.696 1.109 1.853 2.939 4.089 4.952 5.594 6.070 6.408 6.657 6.843 6.968 7.021 7.018 6.983 6.899 6.741 6.481 6.096 5.650 5.279 4.943 4.569 4.153 3.669 3.122 2.543 2.011 1.557 1.181 0.879 0.642 0.459 0.324 0.227 0.157 0.106 0.071 0.047 0.031
0.000 0.000 0.000 0.000 0.000 0.000 0.000 0.000 0.000 0.000 0.000 0.000 0.000 0.000 0.000 0.000 0.001 0.004 0.012 0.033 0.091 0.225 0.448 0.651 0.800 0.918 1.000 1.049 1.070 1.077 1.074 1.054 1.001 0.898 0.751 0.646 0.625 0.717 1.085 1.843 3.024 4.366 5.322 5.920 6.332 6.615 6.806 6.936 7.034 7.068 7.051 7.003 6.920 6.770 6.521 6.152 5.693 5.277 4.877 4.442 3.957 3.413 2.833 2.284 1.804 1.397 1.061 0.790 0.578 0.416 0.296 0.209 0.145 0.099 0.066 0.044 0.028
0.000 0.000 0.000 0.000 0.000 0.000 0.000 0.000 0.000 0.000 0.000 0.000 0.000 0.000 0.000 0.000 0.000 0.001 0.004 0.015 0.062 0.207 0.522 0.870 1.080 1.230 1.333 1.396 1.425 1.430 1.424 1.394 1.322 1.196 1.003 0.832 0.758 0.789 1.072 1.790 2.983 4.452 5.514 6.111 6.473 6.715 6.874 6.969 7.021 7.039 7.024 6.991 6.913 6.759 6.520 6.166 5.709 5.230 4.751 4.254 3.695 3.085 2.496 1.983 1.553 1.195 0.905 0.675 0.497 0.363 0.262 0.187 0.131 0.090 0.060 0.039 0.025
0.000 0.000 0.000 0.000 0.000 0.000 0.000 0.000 0.000 0.000 0.000 0.000 0.000 0.000 0.000 0.000 0.000 0.001 0.001 0.005 0.031 0.161 0.527 1.069 1.416 1.619 1.750 1.826 1.861 1.867 1.855 1.816 1.729 1.582 1.364 1.138 0.999 0.977 1.154 1.761 2.896 4.432 5.576 6.179 6.499 6.738 6.888 6.987 7.008 7.003 6.961 6.908 6.828 6.687 6.475 6.144 5.689 5.157 4.592 4.000 3.361 2.743 2.194 1.727 1.338 1.019 0.762 0.562 0.411 0.301 0.221 0.162 0.116 0.080 0.053 0.035 0.022
0.000 0.000 0.000 0.000 0.000 0.000 0.000 0.000 0.000 0.000 0.000 0.000 0.000 0.000 0.000 0.000 0.000 0.001 0.001 0.003 0.016 0.109 0.471 1.160 1.717 2.044 2.246 2.344 2.383 2.394 2.380 2.331 2.236 2.081 1.855 1.595 1.413 1.341 1.418 1.866 2.857 4.355 5.555 6.166 6.483 6.713 6.851 6.939 6.941 6.896 6.791 6.652 6.573 6.490 6.326 6.026 5.600 5.054 4.422 3.736 3.057 2.459 1.946 1.517 1.163 0.876 0.647 0.469 0.335 0.240 0.175 0.131 0.097 0.069 0.046 0.030 0.019
0.000 0.000 0.000 0.000 0.000 0.000 0.000 0.000 0.000 0.000 0.000 0.000 0.000 0.000 0.000 0.000 0.000 0.001 0.002 0.004 0.011 0.066 0.365 1.085 1.880 2.374 2.703 2.912 3.003 3.021 3.013 2.963 2.867 2.719 2.506 2.246 2.052 1.955 1.968 2.244 2.987 4.240 5.412 6.060 6.418 6.635 6.766 6.806 6.788 6.693 6.463 6.155 6.010 5.979 5.924 5.745 5.410 4.898 4.248 3.510 2.814 2.223 1.736 1.337 1.014 0.754 0.548 0.389 0.271 0.185 0.126 0.088 0.065 0.049 0.036 0.024 0.015
0.000 0.000 0.000 0.000 0.000 0.000 0.000 0.000 0.000 0.000 0.000 0.000 0.000 0.000 0.000 0.001 0.001 0.003 0.005 0.008 0.014 0.045 0.242 0.885 1.867 2.575 3.047 3.397 3.627 3.728 3.744 3.717 3.641 3.518 3.340 3.114 2.944 2.863 2.851 2.966 3.382 4.211 5.198 5.847 6.247 6.462 6.572 6.572 6.516 6.353 5.963 5.394 5.062 5.030 5.103 5.157 5.024 4.641 4.037 3.290 2.591 2.019 1.556 1.181 0.882 0.645 0.460 0.319 0.215 0.139 0.085 0.050 0.031 0.023 0.019 0.014 0.009
0.000 0.000 0.000 0.000 0.000 0.000 0.000 0.000 0.000 0.000 0.000 0.000 0.000 0.000 0.001 0.002 0.004 0.007 0.011 0.017 0.025 0.046 0.153 0.627 1.657 2.648 3.260 3.738 4.106 4.340 4.434 4.443 4.414 4.348 4.236 4.072 3.917 3.832 3.814 3.853 4.017 4.415 5.067 5.632 5.988 6.166 6.249 6.216 6.111 5.878 5.406 4.669 4.073 3.861 3.938 4.177 4.310 4.157 3.706 3.040 2.367 1.828 1.398 1.046 0.762 0.542 0.376 0.253 0.164 0.099 0.055 0.027 0.014 0.009 0.007 0.005 0.004
0.000 0.000 0.000 0.000 0.000 0.000 0.000 0.000 0.000 0.000 0.000 0.000 0.000 0.001 0.002 0.005 0.009 0.016 0.026 0.037 0.048 0.064 0.122 0.415 1.296 2.530 3.353 3.953 4.442 4.784 4.974 5.037 5.041 5.016 4.952 4.835 4.682 4.551 4.484 4.472 4.525 4.693 5.019 5.426 5.676 5.785 5.830 5.780 5.640 5.356 4.887 4.173 3.448 3.018 2.909 3.033 3.260 3.337 3.149 2.696 2.122 1.632 1.245 0.919 0.646 0.439 0.291 0.187 0.114 0.063 0.031 0.014 0.006 0.003 0.002 0.002 0.001
0.000 0.000 0.000 0.000 0.000 0.000 0.000 0.000 0.000 0.000 0.000 0.000 0.000 0.002 0.005 0.012 0.023 0.039 0.058 0.074 0.088 0.102 0.141 0.322 0.968 2.222 3.312 4.042 4.640 5.081 5.357 5.484 5.519 5.516 5.473 5.375 5.227 5.044 4.906 4.831 4.805 4.841 4.968 5.202 5.338 5.375 5.371 5.285 5.134 4.849 4.411 3.781 3.070 2.533 2.243 2.172 2.240 2.300 2.289 2.116 1.754 1.339 0.992 0.705 0.467 0.292 0.178 0.107 0.061 0.032 0.015 0.007 0.003 0.002 0.001 0.001 0.001
0.000 0.000 0.000 0.000 0.000 0.000 0.000 0.000 0.000 0.000 0.000 0.000 0.001 0.004 0.012 0.029 0.055 0.085 0.114 0.136 0.152 0.166 0.191 0.321 0.814 1.893 3.128 4.004 4.690 5.222 5.581 5.781 5.853 5.854 5.812 5.712 5.557 5.343 5.141 4.997 4.903 4.865 4.884 4.957 4.996 4.971 4.924 4.807 4.644 4.363 3.961 3.423 2.790 2.257 1.884 1.661 1.543 1.468 1.386 1.276 1.093 0.812 0.543 0.344 0.209 0.124 0.073 0.043 0.024 0.013 0.006 0.003 0.002 0.001 0.001 0.001 0.000
0.000 0.000 0.000 0.000 0.000 0.000 0.000 0.000 0.000 0.000 0.000 0.001 0.002 0.009 0.027 0.064 0.115 0.160 0.197 0.227 0.249 0.265 0.286 0.385 0.784 1.671 2.860 3.859 4.658 5.271 5.708 5.965 6.048 6.058 6.000 5.890 5.706 5.482 5.241 5.049 4.918 4.828 4.754 4.694 4.644 4.563 4.475 4.336 4.162 3.889 3.534 3.071 2.524 2.021 1.647 1.360 1.137 0.960 0.810 0.667 0.516 0.349 0.206 0.115 0.065 0.038 0.023 0.014 0.008 0.005 0.003 0.002 0.001 0.001 0.001 0.000 0.000
0.000 0.000 0.000 0.000 0.000 0.000 0.000 0.000 0.000 0.000 0.000 0.001 0.004 0.014 0.043 0.101 0.181 0.250 0.303 0.349 0.389 0.422 0.457 0.546 0.871 1.589 2.629 3.667 4.553 5.242 5.728 6.024 6.126 6.131 6.079 5.952 5.759 5.534 5.280 5.049 4.860 4.681 4.526 4.383 4.263 4.144 4.011 3.858 3.672 3.420 3.111 2.711 2.235 1.775 1.414 1.124 0.884 0.680 0.507 0.359 0.233 0.135 0.070 0.037 0.021 0.013 0.008 0.005 0.003 0.002 0.001 0.001 0.001 0.000 0.000 0.000 0.000
0.000 0.000 0.000 0.000 0.000 0.000 0.000 0.000 0.000 0.000 0.000 0.001 0.004 0.015 0.049 0.117 0.217 0.321 0.415 0.499 0.578 0.654 0.730 0.839 1.106 1.671 2.540 3.537 4.423 5.141 5.667 5.987 6.118 6.120 6.087 5.944 5.741 5.496 5.230 4.949 4.668 4.391 4.165 3.992 3.844 3.696 3.532 3.369 3.175 2.948 2.670 2.329 1.912 1.501 1.165 0.895 0.674 0.485 0.326 0.199 0.108 0.053 0.026 0.013 0.008 0.005 0.004 0.002 0.002 0.001 0.001 0.001 0.000 0.000 0.000 0.000 0.000
0.000 0.000 0.000 0.000 0.000 0.000 0.000 0.000 0.000 0.000 0.000 0.001 0.004 0.015 0.049 0.119 0.230 0.367 0.513 0.661 0.809 0.955 1.102 1.267 1.516 1.948 2.631 3.513 4.336 5.007 5.524 5.859 6.006 6.027 6.001 5.874 5.673 5.410 5.107 4.734 4.327 3.967 3.692 3.495 3.332 3.170 3.003 2.836 2.652 2.452 2.208 1.915 1.556 1.195 0.898 0.660 0.468 0.310 0.185 0.098 0.046 0.020 0.010 0.005 0.003 0.002 0.002 0.001 0.001 0.001 0.000 0.000 0.000 0.000 0.000 0.000 0.000
0.000 0.000 0.000 0.000 0.000 0.000 0.000 0.000 0.000 0.000 0.000 0.001 0.003 0.013 0.042 0.108 0.224 0.390 0.595 0.825 1.074 1.321 1.558 1.799 2.071 2.431 2.940 3.616 4.304 4.865 5.301 5.602 5.744 5.777 5.747 5.634 5.448 5.175 4.809 4.348 3.846 3.421 3.097 2.860 2.683 2.533 2.390 2.247 2.092 1.922 1.721 1.472 1.167 0.862 0.615 0.423 0.272 0.158 0.081 0.036 0.015 0.007 0.003 0.002 0.001 0.001 0.001 0.001 0.000 0.000 0.000 0.000 0.000 0.000 0.000 0.000 0.000
0.000 0.000 0.000 0.000 0.000 0.000 0.000 0.000 0.000 0.000 0.000 0.000 0.002 0.007 0.026 0.080 0.194 0.386 0.657 0.989 1.371 1.749 2.085 2.398 2.707 3.036 3.407 3.857 4.325 4.724 5.042 5.252 5.344 5.359 5.319 5.196 5.011 4.721 4.323 3.811 3.251 2.778 2.419 2.163 1.975 1.839 1.727 1.620 1.505 1.373 1.211 1.009 0.762 0.528 0.346 0.212 0.119 0.058 0.024 0.010 0.004 0.002 0.001 0.001 0.001 0.000 0.000 0.000 0.000 0.000 0.000 0.000 0.000 0.000 0.000 0.000 0.000
0.000 0.000 0.000 0.000 0.000 0.000 0.000 0.000 0.000 0.000 0.000 0.000 0.001 0.003 0.012 0.046 0.144 0.353 0.689 1.134 1.688 2.237 2.676 3.040 3.337 3.588 3.827 4.080 4.322 4.524 4.686 4.778 4.812 4.799 4.733 4.571 4.353 4.048 3.640 3.122 2.598 2.167 1.833 1.580 1.388 1.246 1.133 1.030 0.921 0.800 0.671 0.530 0.374 0.238 0.140 0.074 0.034 0.014 0.005 0.002 0.001 0.001 0.000 0.000 0.000 0.000 0.000 0.000 0.000 0.000 0.000 0.000 0.000 0.000 0.000 0.000 0.000
0.000 0.000 0.000 0.000 0.000 0.000 0.000 0.000 0.000 0.000 0.000 0.000 0.000 0.001 0.005 0.025 0.097 0.297 0.674 1.230 1.981 2.764 3.316 3.684 3.924 4.075 4.172 4.231 4.261 4.269 4.257 4.216 4.161 4.083 3.955 3.755 3.502 3.193 2.814 2.400 2.008 1.664 1.372 1.131 0.938 0.789 0.668 0.557 0.452 0.353 0.265 0.187 0.118 0.068 0.035 0.017 0.007 0.003 0.001 0.001 0.000 0.000 0.000 0.000 0.000 0.000 0.000 0.000 0.000 0.000 0.000 0.000 0.000 0.000 0.000 0.000 0.000
0.000 0.000 0.000 0.000 0.000 0.000 0.000 0.000 0.000 0.000 0.000 0.000 0.000 0.001 0.002 0.012 0.062 0.234 0.625 1.264 2.181 3.253 3.965 4.334 4.492 4.534 4.468 4.300 4.097 3.908 3.728 3.560 3.386 3.186 2.977 2.768 2.549 2.318 2.062 1.787 1.513 1.253 1.013 0.798 0.615 0.471 0.355 0.258 0.178 0.116 0.072 0.042 0.023 0.012 0.006 0.003 0.001 0.001 0.000 0.000 0.000 0.000 0.000 0.000 0.000 0.000 0.000 0.000 0.000 0.000 0.000 0.000 0.000 0.000 0.000 0.000 0.000
0.000 0.000 0.000 0.000 0.000 0.000 0.000 0.000 0.000 0.000 0.000 0.000 0.000 0.001 0.001 0.005 0.034 0.163 0.526 1.212 2.255 3.604 4.541 4.943 5.022 4.939 4.668 4.250 3.835 3.467 3.131 2.819 2.528 2.271 2.053 1.877 1.729 1.585 1.427 1.256 1.080 0.904 0.725 0.549 0.393 0.270 0.178 0.111 0.064 0.035 0.018 0.009 0.004 0.002 0.001 0.001 0.000 0.000 0.000 0.000 0.000 0.000 0.000 0.000 0.000 0.000 0.000 0.000 0.000 0.000 0.000 0.000 0.000 0.000 0.000 0.000 0.000
0.000 0.000 0.000 0.000 0.000 0.000 0.000 0.000 0.000 0.000 0.000 0.000 0.000 0.001 0.001 0.003 0.014 0.077 0.336 0.980 2.126 3.720 4.929 5.443 5.484 5.259 4.771 4.111 3.475 2.945 2.500 2.128 1.817 1.555 1.340 1.180 1.063 0.964 0.865 0.764 0.668 0.574 0.469 0.350 0.236 0.148 0.087 0.048 0.024 0.011 0.005 0.002 0.001 0.001 0.000 0.000 0.000 0.000 0.000 0.000 0.000 0.000 0.000 0.000 0.000 0.000 0.000 0.000 0.000 0.000 0.000 0.000 0.000 0.000 0.000 0.000 0.000
0.000 0.000 0.000 0.000 0.000 0.000 0.000 0.000 0.000 0.000 0.000 0.000 0.001 0.002 0.003 0.005 0.008 0.022 0.102 0.432 1.335 3.017 4.732 5.530 5.635 5.371 4.739 3.863 3.038 2.402 1.920 1.554 1.263 1.024 0.825 0.670 0.560 0.479 0.410 0.353 0.311 0.277 0.239 0.185 0.122 0.072 0.040 0.020 0.009 0.004 0.002 0.001 0.000 0.000 0.000 0.000 0.000 0.000 0.000 0.000 0.000 0.000 0.000 0.000 0.000 0.000 0.000 0.000 0.000 0.000 0.000 0.000 0.000 0.000 0.000 0.000 0.000
0.000 0.000 0.000 0.000 0.000 0.000 0.000 0.000 0.000 0.000 0.001 0.002 0.003 0.004 0.006 0.007 0.010 0.016 0.034 0.107 0.347 1.108 2.637 4.130 4.868 4.883 4.375 3.454 2.529 1.865 1.402 1.079 0.836 0.638 0.470 0.338 0.246 0.184 0.140 0.110 0.094 0.089 0.084 0.072 0.050 0.029 0.016 0.008 0.003 0.001 0.001 0.000 0.000 0.000 0.000 0.000 0.000 0.000 0.000 0.000 0.000 0.000 0.000 0.000 0.000 0.000 0.000 0.000 0.000 0.000 0.000 0.000 0.000 0.000 0.000 0.000 0.000
