RESULTS/r.avaflow_results/32_results/32_ascii/32_hflow0014.asc
ncols 506
nrows 317
xllcenter 498237.50
yllcenter 5580050.00
cellsize 12.50
NODATA_value -9999.000
[rows 170 to 203 of 317, columns 77 to 153 of 506]
0.000 0.000 0.000 0.000 0.000 0.000 0.000 0.000 0.000 0.000 0.000 0.000 0.000 0.000 0.000 0.000 0.000 0.000 0.000 0.000 0.000 0.000 0.000 0.001 0.002 0.003 0.005 0.007 0.008 0.008 0.008 0.008 0.007 0.006 0.005 0.006 0.007 0.012 0.022 0.037 0.059 0.087 0.130 0.202 0.258 0.273 0.265 0.238 0.224 0.261 0.379 0.651 1.214 2.070 2.796 3.245 3.685 4.311 5.201 6.443 8.151 10.256 12.151 13.408 14.023 14.129 14.007 13.807 13.534 13.009 12.110 11.005 10.072 9.449 9.035 8.728 8.503
0.000 0.000 0.000 0.000 0.000 0.000 0.000 0.000 0.000 0.000 0.000 0.000 0.000 0.000 0.000 0.000 0.000 0.000 0.000 0.000 0.000 0.000 0.001 0.002 0.004 0.008 0.012 0.015 0.016 0.017 0.017 0.017 0.015 0.013 0.012 0.012 0.015 0.024 0.040 0.065 0.099 0.145 0.213 0.318 0.402 0.437 0.446 0.462 0.542 0.734 1.078 1.652 2.445 3.161 3.590 3.943 4.387 5.020 5.926 7.233 9.038 11.200 12.943 14.029 14.498 14.514 14.293 13.970 13.581 13.020 12.298 11.705 11.409 11.323 11.319 11.361 11.500
0.000 0.000 0.000 0.000 0.000 0.000 0.000 0.000 0.000 0.000 0.000 0.000 0.000 0.000 0.000 0.000 0.000 0.000 0.000 0.000 0.000 0.001 0.002 0.005 0.010 0.015 0.022 0.027 0.030 0.031 0.031 0.031 0.028 0.024 0.022 0.023 0.028 0.041 0.068 0.108 0.163 0.237 0.343 0.491 0.622 0.715 0.806 0.955 1.236 1.682 2.307 2.986 3.546 3.879 4.146 4.478 4.916 5.521 6.404 7.704 9.501 11.624 13.235 14.220 14.614 14.617 14.420 14.147 13.864 13.563 13.322 13.295 13.334 13.346 13.399 13.719 14.410
0.000 0.000 0.000 0.000 0.000 0.000 0.000 0.000 0.000 0.000 0.000 0.000 0.000 0.000 0.000 0.000 0.000 0.000 0.000 0.000 0.001 0.003 0.006 0.011 0.018 0.027 0.037 0.045 0.050 0.052 0.052 0.051 0.048 0.041 0.038 0.038 0.046 0.067 0.108 0.172 0.260 0.379 0.536 0.740 0.953 1.171 1.440 1.816 2.362 3.047 3.698 4.135 4.375 4.510 4.672 4.929 5.314 5.867 6.710 7.959 9.683 11.707 13.218 14.148 14.536 14.637 14.629 14.656 14.769 14.892 14.927 14.880 14.789 14.736 14.884 15.528 16.736
0.000 0.000 0.000 0.000 0.000 0.000 0.000 0.000 0.000 0.000 0.000 0.000 0.000 0.000 0.000 0.000 0.000 0.000 0.000 0.001 0.003 0.006 0.012 0.019 0.030 0.044 0.060 0.072 0.079 0.082 0.083 0.082 0.077 0.067 0.061 0.061 0.070 0.102 0.166 0.268 0.406 0.584 0.814 1.098 1.436 1.845 2.363 3.012 3.696 4.300 4.740 4.990 5.096 5.153 5.183 5.291 5.580 6.071 6.842 7.983 9.537 11.365 12.823 13.796 14.382 14.828 15.204 15.545 15.795 15.905 15.844 15.689 15.562 15.613 16.008 16.881 18.222
0.000 0.000 0.000 0.000 0.000 0.000 0.000 0.000 0.000 0.000 0.000 0.000 0.000 0.000 0.000 0.000 0.000 0.000 0.001 0.003 0.006 0.012 0.020 0.032 0.048 0.069 0.094 0.112 0.123 0.127 0.128 0.126 0.119 0.104 0.093 0.092 0.103 0.148 0.247 0.405 0.613 0.871 1.195 1.602 2.107 2.743 3.512 4.261 4.854 5.283 5.558 5.696 5.746 5.734 5.642 5.567 5.714 6.103 6.758 7.742 9.065 10.632 12.083 13.248 14.181 14.980 15.549 15.910 16.105 16.137 16.026 15.843 15.736 15.904 16.502 17.459 18.677
0.000 0.000 0.000 0.000 0.000 0.000 0.000 0.000 0.000 0.000 0.000 0.000 0.000 0.000 0.000 0.000 0.000 0.001 0.003 0.006 0.012 0.020 0.032 0.050 0.074 0.107 0.143 0.169 0.185 0.191 0.192 0.190 0.181 0.158 0.137 0.132 0.146 0.209 0.354 0.588 0.890 1.254 1.703 2.270 2.984 3.840 4.652 5.294 5.760 6.074 6.229 6.289 6.297 6.217 6.030 5.796 5.769 6.014 6.529 7.323 8.409 9.745 11.186 12.613 13.851 14.821 15.402 15.692 15.808 15.751 15.580 15.348 15.260 15.506 16.210 17.222 18.399
0.000 0.000 0.000 0.000 0.000 0.000 0.000 0.000 0.000 0.000 0.000 0.000 0.000 0.000 0.000 0.000 0.000 0.002 0.005 0.011 0.019 0.032 0.051 0.077 0.114 0.162 0.213 0.250 0.272 0.281 0.283 0.280 0.266 0.235 0.197 0.186 0.201 0.287 0.491 0.819 1.248 1.753 2.357 3.102 3.989 4.867 5.561 6.083 6.447 6.670 6.760 6.779 6.733 6.587 6.325 5.989 5.838 5.933 6.274 6.854 7.714 8.862 10.241 11.807 13.148 14.065 14.528 14.681 14.646 14.473 14.176 13.855 13.746 14.006 14.821 16.013 17.339
0.000 0.000 0.000 0.000 0.000 0.000 0.000 0.000 0.000 0.000 0.000 0.000 0.000 0.000 0.000 0.000 0.000 0.002 0.007 0.016 0.030 0.050 0.078 0.118 0.172 0.243 0.313 0.363 0.392 0.405 0.408 0.403 0.384 0.341 0.279 0.252 0.263 0.353 0.611 1.070 1.685 2.382 3.155 4.023 4.901 5.646 6.232 6.661 6.949 7.100 7.152 7.148 7.055 6.856 6.542 6.139 5.898 5.877 6.053 6.432 7.041 7.926 9.125 10.610 11.839 12.585 12.901 12.904 12.714 12.374 11.897 11.580 11.544 11.984 12.988 14.362 15.911
0.000 0.000 0.000 0.000 0.000 0.000 0.000 0.000 0.000 0.000 0.000 0.000 0.000 0.000 0.000 0.000 0.000 0.002 0.008 0.019 0.042 0.074 0.117 0.177 0.257 0.358 0.451 0.517 0.556 0.573 0.575 0.570 0.546 0.487 0.390 0.334 0.331 0.405 0.680 1.248 2.091 3.023 3.909 4.800 5.587 6.209 6.707 7.060 7.272 7.367 7.398 7.377 7.259 7.035 6.689 6.239 5.921 5.799 5.847 6.041 6.393 6.938 7.746 8.897 9.942 10.568 10.801 10.712 10.450 10.078 9.691 9.576 9.822 10.565 11.707 13.088 14.641
0.000 0.000 0.000 0.000 0.000 0.000 0.000 0.000 0.000 0.000 0.000 0.000 0.000 0.000 0.000 0.000 0.000 0.002 0.007 0.019 0.046 0.097 0.170 0.261 0.377 0.517 0.638 0.722 0.772 0.795 0.799 0.792 0.760 0.680 0.542 0.435 0.408 0.457 0.712 1.332 2.360 3.534 4.499 5.363 6.079 6.603 7.014 7.286 7.453 7.514 7.518 7.478 7.355 7.127 6.769 6.295 5.911 5.707 5.640 5.665 5.796 6.041 6.451 7.094 7.813 8.307 8.541 8.539 8.393 8.187 8.021 8.073 8.534 9.416 10.565 11.864 13.316
0.000 0.000 0.000 0.000 0.000 0.000 0.000 0.000 0.000 0.000 0.000 0.000 0.000 0.000 0.000 0.000 0.000 0.001 0.004 0.013 0.040 0.106 0.224 0.374 0.546 0.731 0.885 0.993 1.056 1.084 1.089 1.079 1.034 0.931 0.752 0.576 0.507 0.526 0.738 1.356 2.471 3.854 4.891 5.719 6.397 6.857 7.172 7.381 7.517 7.566 7.560 7.510 7.384 7.154 6.794 6.317 5.878 5.587 5.402 5.282 5.231 5.249 5.357 5.611 5.981 6.283 6.483 6.569 6.576 6.587 6.655 6.895 7.451 8.308 9.353 10.503 11.754
0.000 0.000 0.000 0.000 0.000 0.000 0.000 0.000 0.000 0.000 0.000 0.000 0.000 0.000 0.000 0.000 0.000 0.000 0.001 0.006 0.026 0.096 0.262 0.512 0.774 1.011 1.204 1.340 1.419 1.451 1.455 1.440 1.381 1.256 1.043 0.792 0.659 0.644 0.799 1.372 2.486 3.999 5.139 5.935 6.555 6.982 7.246 7.427 7.519 7.557 7.550 7.501 7.363 7.125 6.774 6.309 5.819 5.425 5.112 4.858 4.662 4.501 4.405 4.422 4.521 4.638 4.759 4.868 4.976 5.131 5.376 5.786 6.398 7.152 7.991 8.914 9.934
0.000 0.000 0.000 0.000 0.000 0.000 0.000 0.000 0.000 0.000 0.000 0.000 0.000 0.000 0.000 0.000 0.000 0.000 0.001 0.003 0.013 0.074 0.270 0.636 1.043 1.362 1.599 1.765 1.863 1.899 1.902 1.883 1.816 1.674 1.435 1.122 0.917 0.857 0.951 1.434 2.487 4.034 5.254 6.040 6.613 7.027 7.272 7.432 7.501 7.511 7.483 7.408 7.252 7.017 6.698 6.259 5.734 5.228 4.776 4.382 4.047 3.775 3.605 3.514 3.455 3.432 3.448 3.503 3.607 3.786 4.100 4.603 5.235 5.870 6.521 7.296 8.257
0.000 0.000 0.000 0.000 0.000 0.000 0.000 0.000 0.000 0.000 0.000 0.000 0.000 0.000 0.000 0.000 0.000 0.001 0.001 0.003 0.009 0.052 0.246 0.687 1.263 1.731 2.068 2.274 2.389 2.439 2.442 2.418 2.346 2.200 1.953 1.601 1.339 1.230 1.263 1.621 2.535 4.004 5.268 6.053 6.606 7.016 7.269 7.377 7.412 7.405 7.318 7.136 6.953 6.767 6.496 6.094 5.586 5.004 4.419 3.893 3.460 3.150 2.964 2.816 2.686 2.578 2.497 2.462 2.489 2.599 2.817 3.201 3.743 4.328 4.961 5.754 6.752
0.000 0.000 0.000 0.000 0.000 0.000 0.000 0.000 0.000 0.000 0.000 0.000 0.000 0.000 0.000 0.000 0.001 0.002 0.003 0.005 0.010 0.037 0.199 0.655 1.361 1.999 2.492 2.832 3.009 3.078 3.092 3.067 2.995 2.855 2.620 2.273 1.982 1.842 1.835 2.063 2.742 3.954 5.200 6.011 6.566 6.960 7.193 7.269 7.267 7.180 6.965 6.593 6.312 6.175 6.013 5.740 5.326 4.750 4.088 3.464 2.973 2.633 2.420 2.241 2.080 1.932 1.796 1.690 1.634 1.640 1.704 1.838 2.110 2.588 3.292 4.218 5.265
0.000 0.000 0.000 0.000 0.000 0.000 0.000 0.000 0.000 0.000 0.000 0.000 0.000 0.000 0.000 0.001 0.002 0.004 0.007 0.010 0.015 0.032 0.141 0.552 1.318 2.133 2.790 3.309 3.656 3.820 3.858 3.844 3.783 3.663 3.463 3.164 2.885 2.752 2.731 2.836 3.225 4.036 5.089 5.895 6.450 6.804 6.994 7.018 6.972 6.816 6.426 5.764 5.237 5.095 5.090 5.052 4.864 4.419 3.762 3.070 2.544 2.185 1.946 1.748 1.573 1.413 1.268 1.140 1.033 0.954 0.912 0.912 0.991 1.252 1.780 2.573 3.323
0.000 0.000 0.000 0.000 0.000 0.000 0.000 0.000 0.000 0.000 0.000 0.000 0.000 0.000 0.001 0.003 0.006 0.010 0.016 0.022 0.029 0.042 0.103 0.407 1.158 2.152 2.958 3.646 4.176 4.518 4.674 4.707 4.680 4.609 4.475 4.253 4.001 3.850 3.798 3.819 3.969 4.350 5.031 5.751 6.245 6.526 6.653 6.652 6.558 6.316 5.811 4.979 4.167 3.820 3.822 3.957 4.050 3.867 3.366 2.687 2.137 1.775 1.529 1.321 1.137 0.982 0.854 0.740 0.629 0.516 0.429 0.385 0.385 0.474 0.728 1.125 1.357
0.000 0.000 0.000 0.000 0.000 0.000 0.000 0.000 0.000 0.000 0.000 0.000 0.000 0.001 0.003 0.007 0.014 0.024 0.037 0.047 0.056 0.066 0.101 0.290 0.923 2.018 3.011 3.840 4.541 5.042 5.335 5.454 5.476 5.455 5.373 5.205 4.957 4.724 4.590 4.549 4.585 4.736 5.071 5.571 5.954 6.151 6.201 6.192 6.065 5.792 5.273 4.450 3.504 2.908 2.710 2.745 2.889 2.952 2.756 2.270 1.737 1.383 1.142 0.936 0.755 0.616 0.514 0.431 0.350 0.257 0.182 0.143 0.131 0.144 0.215 0.330 0.361
0.000 0.000 0.000 0.000 0.000 0.000 0.000 0.000 0.000 0.000 0.000 0.000 0.001 0.003 0.008 0.019 0.035 0.057 0.079 0.094 0.102 0.108 0.127 0.246 0.727 1.759 2.952 3.914 4.741 5.386 5.811 6.030 6.101 6.103 6.044 5.898 5.659 5.346 5.103 4.973 4.923 4.951 5.091 5.387 5.628 5.721 5.717 5.664 5.528 5.251 4.761 4.032 3.112 2.402 2.007 1.874 1.864 1.875 1.843 1.646 1.272 0.947 0.719 0.543 0.407 0.314 0.252 0.206 0.164 0.114 0.075 0.056 0.049 0.049 0.061 0.078 0.081
0.000 0.000 0.000 0.000 0.000 0.000 0.000 0.000 0.000 0.000 0.000 0.000 0.002 0.007 0.020 0.046 0.083 0.121 0.151 0.169 0.175 0.177 0.184 0.268 0.650 1.531 2.767 3.872 4.820 5.582 6.117 6.422 6.537 6.549 6.489 6.344 6.087 5.717 5.390 5.176 5.054 5.013 5.040 5.160 5.263 5.281 5.232 5.143 4.971 4.685 4.246 3.632 2.824 2.132 1.658 1.372 1.208 1.106 1.014 0.884 0.681 0.475 0.326 0.226 0.162 0.123 0.097 0.080 0.065 0.048 0.034 0.026 0.024 0.024 0.025 0.028 0.028
0.000 0.000 0.000 0.000 0.000 0.000 0.000 0.000 0.000 0.000 0.000 0.001 0.004 0.015 0.044 0.098 0.171 0.226 0.261 0.281 0.286 0.284 0.285 0.346 0.670 1.430 2.550 3.736 4.794 5.640 6.261 6.645 6.783 6.811 6.752 6.594 6.314 5.907 5.518 5.250 5.081 4.977 4.916 4.900 4.871 4.826 4.739 4.614 4.413 4.133 3.740 3.225 2.539 1.914 1.446 1.109 0.862 0.683 0.544 0.420 0.296 0.190 0.117 0.075 0.054 0.043 0.036 0.032 0.028 0.023 0.018 0.016 0.015 0.014 0.014 0.015 0.015
0.000 0.000 0.000 0.000 0.000 0.000 0.000 0.000 0.000 0.000 0.000 0.001 0.006 0.022 0.065 0.145 0.257 0.356 0.414 0.440 0.453 0.457 0.461 0.514 0.781 1.429 2.421 3.592 4.736 5.650 6.307 6.726 6.881 6.903 6.872 6.687 6.377 5.965 5.551 5.245 5.011 4.833 4.686 4.564 4.450 4.351 4.216 4.058 3.852 3.581 3.233 2.794 2.221 1.674 1.244 0.921 0.673 0.482 0.335 0.221 0.134 0.077 0.044 0.028 0.022 0.019 0.017 0.016 0.014 0.013 0.011 0.010 0.009 0.009 0.009 0.009 0.009
0.000 0.000 0.000 0.000 0.000 0.000 0.000 0.000 0.000 0.000 0.000 0.001 0.007 0.025 0.073 0.163 0.294 0.443 0.577 0.653 0.689 0.717 0.745 0.809 1.033 1.552 2.412 3.529 4.674 5.607 6.286 6.713 6.892 6.899 6.878 6.696 6.384 5.971 5.505 5.117 4.790 4.521 4.304 4.126 3.973 3.825 3.655 3.478 3.273 3.017 2.707 2.328 1.849 1.388 1.022 0.741 0.525 0.357 0.228 0.134 0.071 0.036 0.019 0.013 0.011 0.010 0.009 0.009 0.008 0.008 0.007 0.006 0.006 0.006 0.006 0.006 0.006
0.000 0.000 0.000 0.000 0.000 0.000 0.000 0.000 0.000 0.000 0.000 0.001 0.007 0.024 0.072 0.164 0.301 0.476 0.678 0.862 0.982 1.062 1.144 1.254 1.465 1.879 2.572 3.562 4.650 5.536 6.175 6.599 6.793 6.819 6.780 6.622 6.289 5.847 5.331 4.820 4.393 4.031 3.752 3.542 3.372 3.199 3.021 2.841 2.646 2.422 2.152 1.828 1.433 1.065 0.774 0.553 0.381 0.247 0.147 0.078 0.037 0.017 0.009 0.006 0.006 0.006 0.005 0.005 0.005 0.004 0.004 0.004 0.003 0.003 0.003 0.003 0.003
0.000 0.000 0.000 0.000 0.000 0.000 0.000 0.000 0.000 0.000 0.000 0.001 0.005 0.020 0.062 0.148 0.287 0.476 0.713 0.989 1.258 1.471 1.649 1.838 2.083 2.446 2.999 3.790 4.711 5.477 6.028 6.380 6.546 6.569 6.509 6.343 5.998 5.535 4.955 4.326 3.803 3.377 3.046 2.793 2.601 2.436 2.283 2.131 1.978 1.814 1.608 1.349 1.033 0.743 0.521 0.355 0.231 0.138 0.074 0.036 0.015 0.007 0.004 0.003 0.003 0.003 0.003 0.003 0.003 0.002 0.002 0.002 0.002 0.002 0.002 0.001 0.001
0.000 0.000 0.000 0.000 0.000 0.000 0.000 0.000 0.000 0.000 0.000 0.000 0.003 0.011 0.038 0.106 0.237 0.441 0.709 1.038 1.432 1.845 2.223 2.553 2.872 3.227 3.657 4.208 4.841 5.384 5.789 6.013 6.114 6.119 6.014 5.794 5.411 4.915 4.285 3.604 3.028 2.574 2.236 1.989 1.811 1.678 1.573 1.473 1.368 1.247 1.091 0.896 0.659 0.448 0.289 0.177 0.102 0.054 0.025 0.011 0.005 0.002 0.001 0.001 0.001 0.001 0.001 0.001 0.001 0.001 0.001 0.001 0.001 0.000 0.000 0.000 0.000
0.000 0.000 0.000 0.000 0.000 0.000 0.000 0.000 0.000 0.000 0.000 0.000 0.001 0.004 0.016 0.054 0.153 0.351 0.653 1.037 1.510 2.103 2.750 3.297 3.714 4.027 4.293 4.575 4.908 5.198 5.403 5.492 5.504 5.452 5.274 4.973 4.521 3.975 3.326 2.706 2.214 1.842 1.561 1.350 1.195 1.079 0.988 0.905 0.817 0.715 0.597 0.465 0.319 0.198 0.115 0.061 0.029 0.013 0.005 0.002 0.001 0.001 0.001 0.000 0.000 0.000 0.000 0.000 0.000 0.000 0.000 0.000 0.000 0.000 0.000 0.000 0.000
0.000 0.000 0.000 0.000 0.000 0.000 0.000 0.000 0.000 0.000 0.000 0.000 0.000 0.001 0.005 0.022 0.075 0.223 0.517 0.958 1.518 2.241 3.128 3.861 4.336 4.573 4.669 4.742 4.830 4.880 4.856 4.792 4.685 4.513 4.245 3.849 3.347 2.836 2.335 1.911 1.563 1.282 1.058 0.882 0.745 0.639 0.551 0.471 0.391 0.311 0.234 0.162 0.099 0.055 0.028 0.013 0.006 0.002 0.001 0.001 0.000 0.000 0.000 0.000 0.000 0.000 0.000 0.000 0.000 0.000 0.000 0.000 0.000 0.000 0.000 0.000 0.000
0.000 0.000 0.000 0.000 0.000 0.000 0.000 0.000 0.000 0.000 0.000 0.000 0.000 0.001 0.002 0.007 0.029 0.104 0.317 0.744 1.394 2.255 3.312 4.157 4.635 4.800 4.789 4.690 4.528 4.334 4.105 3.870 3.606 3.273 2.920 2.564 2.213 1.885 1.581 1.311 1.076 0.873 0.702 0.559 0.442 0.349 0.272 0.206 0.148 0.100 0.063 0.036 0.019 0.010 0.005 0.002 0.001 0.000 0.000 0.000 0.000 0.000 0.000 0.000 0.000 0.000 0.000 0.000 0.000 0.000 0.000 0.000 0.000 0.000 0.000 0.000 0.000
0.000 0.000 0.000 0.000 0.000 0.000 0.000 0.000 0.000 0.000 0.000 0.000 0.000 0.001 0.001 0.002 0.009 0.036 0.126 0.383 0.933 1.836 2.994 3.869 4.314 4.423 4.334 4.036 3.678 3.347 3.014 2.671 2.342 2.041 1.782 1.556 1.359 1.181 1.012 0.855 0.713 0.578 0.454 0.345 0.253 0.179 0.123 0.081 0.050 0.028 0.015 0.007 0.003 0.002 0.001 0.000 0.000 0.000 0.000 0.000 0.000 0.000 0.000 0.000 0.000 0.000 0.000 0.000 0.000 0.000 0.000 0.000 0.000 0.000 0.000 0.000 0.000
0.000 0.000 0.000 0.000 0.000 0.000 0.000 0.000 0.000 0.000 0.000 0.000 0.000 0.001 0.001 0.002 0.004 0.013 0.038 0.117 0.321 0.755 1.479 2.051 2.298 2.330 2.221 2.056 1.913 1.821 1.700 1.539 1.346 1.160 0.995 0.855 0.746 0.653 0.566 0.487 0.415 0.346 0.274 0.201 0.138 0.089 0.055 0.032 0.017 0.008 0.004 0.002 0.001 0.001 0.000 0.000 0.000 0.000 0.000 0.000 0.000 0.000 0.000 0.000 0.000 0.000 0.000 0.000 0.000 0.000 0.000 0.000 0.000 0.000 0.000 0.000 0.000
0.000 0.000 0.000 0.000 0.000 0.000 0.000 0.000 0.000 0.000 0.000 0.000 0.001 0.001 0.002 0.003 0.005 0.011 0.028 0.077 0.197 0.425 0.695 0.816 0.810 0.672 0.452 0.418 0.493 0.635 0.735 0.739 0.679 0.593 0.499 0.410 0.343 0.291 0.248 0.212 0.184 0.162 0.136 0.102 0.067 0.041 0.023 0.012 0.006 0.003 0.001 0.001 0.000 0.000 0.000 0.000 0.000 0.000 0.000 0.000 0.000 0.000 0.000 0.000 0.000 0.000 0.000 0.000 0.000 0.000 0.000 0.000 0.000 0.000 0.000 0.000 0.000
0.000 0.000 0.000 0.000 0.000 0.000 0.000 0.000 0.000 0.000 0.000 0.001 0.002 0.003 0.004 0.006 0.009 0.017 0.040 0.101 0.247 0.484 0.634 0.657 0.599 0.393 0.164 0.075 0.064 0.124 0.219 0.269 0.276 0.256 0.215 0.164 0.125 0.098 0.077 0.063 0.055 0.052 0.049 0.041 0.028 0.016 0.009 0.004 0.002 0.001 0.000 0.000 0.000 0.000 0.000 0.000 0.000 0.000 0.000 0.000 0.000 0.000 0.000 0.000 0.000 0.000 0.000 0.000 0.000 0.000 0.000 0.000 0.000 0.000 0.000 0.000 0.000
