RESULTS/r.avaflow_results/32_results/32_ascii/32_hflow_max0021.asc
ncols 506
nrows 317
xllcenter 498237.50
yllcenter 5580050.00
cellsize 12.50
NODATA_value -9999.000
[rows 170 to 203 of 317, columns 77 to 153 of 506]
0.000 0.000 0.000 0.000 0.000 0.000 0.000 0.000 0.000 0.000 0.000 0.000 0.000 0.000 0.000 0.000 0.000 0.000 0.000 0.000 0.000 0.001 0.003 0.008 0.015 0.020 0.021 0.022 0.022 0.022 0.022 0.021 0.020 0.020 0.021 0.029 0.049 0.082 0.105 0.111 0.115 0.144 0.208 0.298 0.356 0.392 0.435 0.489 0.552 0.633 1.053 1.805 2.785 3.539 4.804 6.650 9.367 13.069 16.843 20.013 22.381 23.653 24.397 24.570 24.124 23.224 22.291 21.188 20.077 18.958 17.595 16.109 14.882 14.353 14.005 13.715 13.507
0.000 0.000 0.000 0.000 0.000 0.000 0.000 0.000 0.000 0.000 0.000 0.000 0.000 0.000 0.000 0.000 0.000 0.000 0.000 0.001 0.002 0.004 0.009 0.019 0.029 0.034 0.036 0.037 0.038 0.038 0.037 0.036 0.034 0.034 0.037 0.051 0.082 0.130 0.164 0.178 0.189 0.236 0.332 0.461 0.558 0.644 0.766 0.926 1.119 1.680 2.425 3.251 3.883 4.468 6.046 8.598 11.222 15.268 19.083 22.118 24.144 25.156 25.145 25.055 24.495 23.690 22.602 21.324 20.039 18.785 17.622 17.010 16.680 16.452 16.315 16.408 16.704
0.000 0.000 0.000 0.000 0.000 0.000 0.000 0.000 0.000 0.000 0.000 0.000 0.000 0.000 0.000 0.000 0.000 0.001 0.002 0.003 0.006 0.012 0.023 0.037 0.047 0.054 0.057 0.059 0.060 0.060 0.060 0.058 0.056 0.056 0.061 0.082 0.126 0.190 0.246 0.280 0.311 0.384 0.518 0.694 0.860 1.045 1.315 1.702 2.427 3.216 3.893 4.337 4.858 5.567 6.651 9.220 11.851 15.940 19.849 22.874 24.823 25.689 25.438 25.049 24.556 23.700 22.553 21.292 20.130 19.459 18.994 18.601 18.214 17.934 17.931 18.539 19.526
0.000 0.000 0.000 0.000 0.000 0.000 0.000 0.000 0.000 0.000 0.000 0.000 0.000 0.000 0.000 0.000 0.001 0.002 0.005 0.009 0.015 0.026 0.042 0.060 0.072 0.081 0.087 0.090 0.091 0.091 0.091 0.089 0.087 0.087 0.096 0.124 0.180 0.265 0.356 0.431 0.508 0.622 0.801 1.044 1.325 1.704 2.342 3.096 3.840 4.440 5.257 5.743 6.093 6.395 6.986 8.963 11.433 15.474 19.521 22.639 24.643 25.476 25.210 24.864 24.255 23.447 22.437 21.605 21.057 20.572 20.067 19.523 19.088 18.926 19.197 20.179 21.578
0.000 0.000 0.000 0.000 0.000 0.000 0.000 0.000 0.000 0.000 0.000 0.000 0.000 0.000 0.000 0.001 0.003 0.006 0.010 0.017 0.028 0.044 0.067 0.090 0.107 0.120 0.128 0.133 0.134 0.135 0.134 0.132 0.130 0.131 0.142 0.178 0.251 0.363 0.505 0.648 0.803 0.990 1.242 1.588 2.132 2.896 3.640 4.294 5.207 6.001 6.571 6.837 6.995 7.056 7.208 8.075 10.355 14.122 18.414 21.689 23.714 24.605 24.622 24.229 23.703 23.161 22.587 22.050 21.506 21.009 20.494 19.928 19.426 19.465 20.005 21.074 22.439
0.000 0.000 0.000 0.000 0.000 0.000 0.000 0.000 0.000 0.000 0.000 0.000 0.000 0.000 0.000 0.002 0.005 0.010 0.018 0.029 0.046 0.069 0.100 0.132 0.156 0.173 0.185 0.191 0.194 0.194 0.194 0.191 0.189 0.189 0.201 0.247 0.345 0.500 0.705 0.940 1.205 1.514 1.910 2.572 3.368 4.100 4.758 5.788 6.624 7.179 7.497 7.642 7.678 7.608 7.517 7.759 9.278 12.653 17.006 20.495 22.573 23.527 23.672 23.275 22.977 22.853 22.577 22.153 21.630 21.086 20.512 19.900 19.416 19.352 20.054 21.122 22.379
0.000 0.000 0.000 0.000 0.000 0.000 0.000 0.000 0.000 0.000 0.000 0.000 0.000 0.000 0.001 0.004 0.009 0.017 0.029 0.047 0.071 0.105 0.148 0.191 0.224 0.247 0.263 0.271 0.275 0.276 0.275 0.270 0.266 0.265 0.275 0.330 0.462 0.679 0.966 1.309 1.716 2.211 2.932 3.834 4.575 5.072 6.162 7.041 7.697 8.087 8.244 8.290 8.240 8.070 7.867 7.592 8.608 11.598 15.842 19.502 21.552 22.534 22.656 22.259 22.105 22.174 22.004 21.597 21.044 20.433 19.774 19.099 18.646 18.695 19.248 20.256 21.521
0.000 0.000 0.000 0.000 0.000 0.000 0.000 0.000 0.000 0.000 0.000 0.000 0.000 0.000 0.001 0.004 0.012 0.024 0.043 0.070 0.108 0.157 0.219 0.275 0.318 0.348 0.368 0.379 0.383 0.384 0.383 0.376 0.365 0.397 0.469 0.552 0.646 0.836 1.233 1.725 2.307 3.009 3.992 4.965 5.544 6.224 7.241 7.999 8.514 8.796 8.877 8.838 8.684 8.473 8.178 7.700 8.331 10.986 14.967 18.510 20.448 21.425 21.562 21.091 20.844 20.772 20.478 19.988 19.356 18.642 17.856 17.076 16.689 16.779 17.461 18.734 20.107
0.000 0.000 0.000 0.000 0.000 0.000 0.000 0.000 0.000 0.000 0.000 0.000 0.000 0.000 0.001 0.005 0.012 0.026 0.053 0.099 0.160 0.236 0.321 0.394 0.449 0.486 0.510 0.522 0.527 0.527 0.524 0.564 0.647 0.722 0.796 0.875 0.958 1.041 1.425 2.099 2.903 3.719 4.840 5.807 6.248 7.045 8.017 8.689 9.107 9.313 9.360 9.233 9.006 8.786 8.405 7.835 8.154 10.576 14.160 17.220 18.944 20.007 20.019 19.386 18.907 18.585 18.147 17.570 16.856 15.991 15.034 14.234 14.036 14.272 15.194 16.757 18.463
0.000 0.000 0.000 0.000 0.000 0.000 0.000 0.000 0.000 0.000 0.000 0.000 0.000 0.000 0.001 0.004 0.012 0.026 0.055 0.115 0.219 0.351 0.463 0.555 0.624 0.670 0.697 0.710 0.715 0.750 0.883 1.018 1.092 1.139 1.184 1.233 1.294 1.367 1.513 2.353 3.407 4.335 5.387 6.334 6.700 7.637 8.500 9.103 9.464 9.589 9.602 9.468 9.296 8.995 8.565 7.894 7.928 10.058 13.152 15.564 17.251 17.975 17.738 16.970 16.346 15.955 15.473 14.861 14.073 13.156 12.213 11.763 11.805 12.370 13.580 15.223 16.935
0.000 0.000 0.000 0.000 0.000 0.000 0.000 0.000 0.000 0.000 0.000 0.000 0.000 0.000 0.001 0.003 0.008 0.020 0.047 0.110 0.245 0.470 0.655 0.768 0.852 0.909 0.940 0.954 0.982 1.247 1.496 1.601 1.625 1.623 1.624 1.637 1.677 1.744 1.827 2.449 3.706 4.778 5.653 6.556 6.944 8.161 8.836 9.290 9.597 9.682 9.682 9.601 9.417 9.081 8.624 7.884 7.588 9.281 11.750 13.721 15.163 15.512 14.955 14.102 13.418 13.069 12.632 12.052 11.375 10.631 9.923 9.749 9.973 10.782 12.135 13.641 15.262
0.000 0.000 0.000 0.000 0.000 0.000 0.000 0.000 0.000 0.000 0.000 0.000 0.000 0.000 0.000 0.001 0.003 0.009 0.025 0.078 0.221 0.524 0.863 1.039 1.143 1.214 1.252 1.269 1.553 2.018 2.235 2.272 2.239 2.191 2.156 2.138 2.151 2.199 2.289 2.432 3.799 5.019 5.814 6.604 7.433 8.639 9.122 9.373 9.579 9.654 9.699 9.595 9.405 9.055 8.541 7.776 7.121 8.252 9.968 11.818 12.846 12.891 12.047 11.081 10.333 9.995 9.654 9.257 8.814 8.357 8.031 8.026 8.413 9.328 10.653 12.057 13.464
0.000 0.000 0.000 0.000 0.000 0.000 0.000 0.000 0.000 0.000 0.000 0.000 0.000 0.000 0.000 0.000 0.001 0.002 0.008 0.034 0.153 0.486 1.019 1.359 1.511 1.597 1.643 1.663 2.313 2.829 3.010 3.026 2.961 2.880 2.826 2.796 2.777 2.796 2.872 3.007 3.755 5.113 5.940 6.533 7.771 8.960 9.351 9.415 9.471 9.543 9.534 9.457 9.241 8.861 8.298 7.490 6.551 7.019 8.143 9.611 10.387 10.246 9.299 8.327 7.726 7.354 7.055 6.772 6.512 6.324 6.285 6.470 6.992 7.923 9.087 10.240 11.380
0.000 0.000 0.000 0.000 0.000 0.000 0.000 0.000 0.000 0.000 0.000 0.000 0.000 0.000 0.000 0.000 0.000 0.001 0.002 0.012 0.085 0.397 1.068 1.653 1.927 2.063 2.121 2.141 2.951 3.597 3.815 3.851 3.807 3.717 3.649 3.626 3.609 3.600 3.640 3.769 4.062 5.110 5.966 6.429 7.893 9.066 9.458 9.437 9.392 9.306 9.210 9.025 8.761 8.366 7.793 7.008 6.115 6.090 6.508 7.195 7.673 7.516 6.739 6.169 5.759 5.387 5.054 4.764 4.582 4.527 4.624 4.963 5.600 6.453 7.354 8.294 9.300
0.000 0.000 0.000 0.000 0.000 0.000 0.000 0.000 0.000 0.000 0.000 0.000 0.000 0.000 0.000 0.000 0.001 0.001 0.003 0.006 0.044 0.283 0.965 1.805 2.269 2.522 2.661 2.705 3.497 4.372 4.717 4.779 4.772 4.727 4.671 4.668 4.677 4.686 4.735 4.868 5.151 5.777 6.513 6.972 7.899 8.954 9.383 9.448 9.285 9.014 8.666 8.243 7.898 7.481 6.957 6.268 5.815 5.545 5.444 5.559 5.489 5.249 4.939 4.609 4.274 3.927 3.559 3.219 3.032 2.987 3.054 3.356 3.968 4.749 5.558 6.478 7.506
0.000 0.000 0.000 0.000 0.000 0.000 0.000 0.000 0.000 0.000 0.000 0.000 0.000 0.000 0.000 0.001 0.002 0.004 0.006 0.009 0.026 0.172 0.749 1.738 2.463 2.871 3.133 3.291 3.965 5.073 5.686 5.833 5.790 5.805 5.844 5.916 5.989 6.079 6.198 6.283 6.376 6.732 7.148 7.331 7.799 8.658 9.109 9.250 9.000 8.575 8.055 7.431 6.741 6.286 6.048 5.832 5.583 5.197 4.815 4.508 4.215 3.942 3.668 3.383 3.091 2.771 2.410 2.069 1.908 1.847 1.873 1.972 2.282 2.917 3.836 4.885 6.117
0.000 0.000 0.000 0.000 0.000 0.000 0.000 0.000 0.000 0.000 0.000 0.000 0.000 0.000 0.001 0.003 0.005 0.009 0.014 0.019 0.027 0.100 0.497 1.471 2.502 3.083 3.469 3.756 4.277 5.593 6.441 6.802 6.823 6.835 6.919 7.040 7.196 7.339 7.427 7.465 7.464 7.480 7.579 7.529 7.533 8.144 8.618 8.707 8.460 7.958 7.303 6.528 5.584 5.113 5.137 5.253 5.196 4.917 4.442 3.863 3.387 3.033 2.739 2.456 2.167 1.867 1.621 1.444 1.295 1.179 1.093 1.069 1.164 1.504 2.257 3.446 4.672
0.000 0.000 0.000 0.000 0.000 0.000 0.000 0.000 0.000 0.000 0.000 0.000 0.000 0.001 0.003 0.007 0.012 0.021 0.031 0.039 0.046 0.105 0.299 1.074 2.317 3.169 3.677 4.105 4.736 5.869 6.914 7.460 7.633 7.738 7.931 8.130 8.276 8.364 8.394 8.380 8.291 8.053 7.796 7.653 7.489 7.636 7.930 7.935 7.699 7.204 6.549 5.686 4.616 3.879 4.000 4.311 4.503 4.419 4.067 3.530 2.958 2.536 2.218 1.924 1.649 1.406 1.206 1.042 0.897 0.755 0.615 0.526 0.501 0.624 1.023 1.821 2.403
0.000 0.000 0.000 0.000 0.000 0.000 0.000 0.000 0.000 0.000 0.000 0.000 0.001 0.003 0.008 0.017 0.030 0.049 0.066 0.078 0.108 0.233 0.425 0.716 1.904 3.080 3.749 4.305 5.113 6.008 7.122 7.853 8.203 8.298 8.646 8.936 9.040 9.050 9.056 8.994 8.787 8.436 8.017 7.694 7.378 7.063 7.168 7.112 6.901 6.464 5.853 5.022 3.960 3.325 3.014 3.195 3.487 3.609 3.478 3.121 2.640 2.227 1.905 1.596 1.294 1.043 0.851 0.705 0.582 0.452 0.317 0.230 0.192 0.202 0.319 0.623 0.776
0.000 0.000 0.000 0.000 0.000 0.000 0.000 0.000 0.000 0.000 0.000 0.001 0.003 0.008 0.020 0.042 0.072 0.104 0.131 0.147 0.246 0.480 0.779 1.110 1.502 2.808 3.704 4.382 5.329 6.331 7.259 8.064 8.514 8.681 8.934 9.202 9.256 9.207 9.224 9.198 9.061 8.685 8.099 7.543 7.049 6.491 6.487 6.400 6.197 5.817 5.231 4.457 3.887 3.228 2.433 2.344 2.459 2.568 2.607 2.493 2.204 1.840 1.501 1.192 0.907 0.681 0.520 0.407 0.317 0.229 0.144 0.094 0.072 0.068 0.087 0.154 0.180
0.000 0.000 0.000 0.000 0.000 0.000 0.000 0.000 0.000 0.000 0.000 0.002 0.006 0.019 0.048 0.096 0.152 0.199 0.238 0.268 0.510 0.918 1.322 1.710 2.142 2.678 3.516 4.361 5.415 6.538 7.544 8.226 8.654 8.819 8.949 9.130 9.235 9.207 9.160 9.181 9.082 8.690 7.974 7.132 6.401 5.967 5.924 5.799 5.588 5.241 4.713 4.192 3.642 2.901 2.018 1.834 1.743 1.693 1.641 1.572 1.441 1.192 0.883 0.630 0.440 0.308 0.223 0.169 0.129 0.093 0.058 0.039 0.032 0.030 0.033 0.046 0.050
0.000 0.000 0.000 0.000 0.000 0.000 0.000 0.000 0.000 0.000 0.000 0.003 0.011 0.036 0.089 0.176 0.273 0.344 0.409 0.486 0.984 1.599 2.080 2.503 2.959 3.516 4.147 4.716 5.392 6.600 7.680 8.384 8.675 8.771 8.809 8.947 8.987 8.932 8.846 8.806 8.684 8.274 7.486 6.407 5.521 5.446 5.382 5.237 5.012 4.694 4.237 3.813 3.157 2.215 1.769 1.517 1.310 1.139 0.990 0.850 0.706 0.533 0.349 0.218 0.139 0.095 0.071 0.055 0.044 0.035 0.025 0.020 0.018 0.017 0.017 0.020 0.021
0.000 0.000 0.000 0.000 0.000 0.000 0.000 0.000 0.000 0.000 0.000 0.003 0.014 0.046 0.114 0.224 0.367 0.515 0.666 0.858 1.740 2.555 3.088 3.534 4.005 4.568 5.096 5.557 5.927 6.537 7.593 8.273 8.556 8.660 8.583 8.489 8.438 8.325 8.177 7.989 7.685 7.082 6.080 5.229 5.123 5.043 4.949 4.795 4.569 4.265 3.814 3.159 2.267 1.844 1.519 1.253 1.021 0.810 0.623 0.459 0.319 0.201 0.116 0.067 0.043 0.032 0.025 0.021 0.019 0.016 0.014 0.012 0.011 0.011 0.011 0.011 0.011
0.000 0.000 0.000 0.000 0.000 0.000 0.000 0.000 0.000 0.000 0.000 0.004 0.015 0.048 0.120 0.241 0.407 0.628 0.925 1.486 2.754 3.812 4.425 4.893 5.352 5.783 6.098 6.331 6.512 6.631 7.392 8.065 8.344 8.401 8.158 7.862 7.703 7.462 7.156 6.806 6.418 5.793 5.242 5.071 5.014 4.956 4.835 4.620 4.294 3.820 3.157 2.589 1.940 1.563 1.250 0.991 0.768 0.565 0.386 0.242 0.138 0.074 0.040 0.024 0.017 0.014 0.012 0.011 0.010 0.009 0.008 0.007 0.007 0.007 0.007 0.006 0.006
0.000 0.000 0.000 0.000 0.000 0.000 0.000 0.000 0.000 0.000 0.000 0.003 0.014 0.045 0.116 0.239 0.418 0.668 1.055 2.176 3.922 5.231 5.935 6.335 6.636 6.846 6.952 6.956 6.934 6.886 7.077 7.718 8.116 8.200 7.954 7.447 7.070 6.942 6.704 6.359 5.951 5.554 5.200 5.006 4.910 4.783 4.589 4.245 3.787 3.192 2.442 1.947 1.604 1.253 0.956 0.713 0.510 0.337 0.201 0.107 0.052 0.025 0.014 0.009 0.007 0.007 0.006 0.006 0.006 0.005 0.005 0.004 0.004 0.004 0.004 0.004 0.004
0.000 0.000 0.000 0.000 0.000 0.000 0.000 0.000 0.000 0.000 0.000 0.002 0.010 0.035 0.095 0.212 0.401 0.672 1.508 3.090 5.057 6.455 7.153 7.480 7.639 7.685 7.580 7.347 7.161 7.020 6.863 7.202 7.661 7.736 7.473 6.999 6.889 6.652 6.346 6.048 5.784 5.536 5.254 4.955 4.748 4.535 4.218 3.793 3.252 2.623 1.909 1.542 1.238 0.919 0.651 0.438 0.276 0.159 0.083 0.038 0.017 0.007 0.004 0.003 0.003 0.003 0.003 0.003 0.003 0.003 0.003 0.002 0.002 0.002 0.002 0.002 0.002
0.000 0.000 0.000 0.000 0.000 0.000 0.000 0.000 0.000 0.000 0.000 0.001 0.005 0.019 0.060 0.157 0.392 1.026 2.246 4.024 5.850 7.224 8.006 8.330 8.368 8.238 7.923 7.608 7.310 7.079 6.802 6.776 7.000 7.060 7.007 6.908 6.653 6.271 6.058 5.904 5.749 5.535 5.254 4.939 4.626 4.307 3.917 3.403 2.829 2.190 1.459 1.112 0.847 0.577 0.366 0.216 0.119 0.059 0.027 0.011 0.005 0.002 0.002 0.001 0.001 0.001 0.001 0.001 0.001 0.001 0.001 0.001 0.001 0.001 0.001 0.001 0.001
0.000 0.000 0.000 0.000 0.000 0.000 0.000 0.000 0.000 0.000 0.000 0.001 0.004 0.022 0.084 0.269 0.711 1.581 2.966 4.729 6.225 7.374 8.188 8.564 8.617 8.505 8.233 7.753 7.328 6.944 6.726 6.963 7.082 7.112 7.064 6.897 6.497 6.143 5.981 5.880 5.748 5.527 5.221 4.904 4.561 4.129 3.632 3.111 2.521 1.839 1.102 0.604 0.424 0.263 0.148 0.076 0.035 0.015 0.006 0.003 0.001 0.001 0.001 0.000 0.000 0.000 0.000 0.000 0.000 0.000 0.000 0.000 0.000 0.000 0.000 0.000 0.000
0.000 0.000 0.000 0.000 0.000 0.000 0.000 0.000 0.000 0.000 0.000 0.002 0.010 0.043 0.158 0.468 1.110 2.143 3.542 5.074 6.290 7.236 7.886 8.328 8.548 8.512 8.212 7.646 7.149 6.751 6.866 7.103 7.151 7.120 7.079 6.836 6.371 6.126 6.019 5.923 5.754 5.506 5.193 4.828 4.426 3.975 3.451 2.878 2.242 1.522 0.813 0.334 0.135 0.075 0.037 0.017 0.007 0.003 0.001 0.001 0.000 0.000 0.000 0.000 0.000 0.000 0.000 0.000 0.000 0.000 0.000 0.000 0.000 0.000 0.000 0.000 0.000
0.000 0.000 0.000 0.000 0.000 0.000 0.000 0.000 0.000 0.000 0.000 0.003 0.017 0.071 0.243 0.673 1.487 2.649 3.921 5.151 6.176 6.933 7.397 7.815 8.001 7.958 7.614 7.059 6.733 6.651 6.956 7.120 7.156 7.132 7.019 6.722 6.345 6.175 6.084 5.954 5.714 5.431 5.126 4.773 4.331 3.819 3.300 2.709 2.042 1.287 0.613 0.219 0.058 0.013 0.007 0.003 0.001 0.001 0.000 0.000 0.000 0.000 0.000 0.000 0.000 0.000 0.000 0.000 0.000 0.000 0.000 0.000 0.000 0.000 0.000 0.000 0.000
0.000 0.000 0.000 0.000 0.000 0.000 0.000 0.000 0.000 0.000 0.001 0.004 0.024 0.099 0.327 0.861 1.824 3.092 4.187 5.143 5.983 6.599 7.005 7.223 7.259 7.157 6.856 6.605 6.510 6.740 7.058 7.171 7.201 7.148 6.964 6.617 6.340 6.269 6.180 5.963 5.654 5.346 5.054 4.698 4.235 3.711 3.141 2.512 1.798 1.029 0.439 0.139 0.033 0.006 0.001 0.001 0.000 0.000 0.000 0.000 0.000 0.000 0.000 0.000 0.000 0.000 0.000 0.000 0.000 0.000 0.000 0.000 0.000 0.000 0.000 0.000 0.000
0.000 0.000 0.000 0.000 0.000 0.000 0.000 0.000 0.000 0.000 0.000 0.005 0.028 0.121 0.396 1.020 2.116 3.429 4.406 5.165 5.845 6.304 6.612 6.752 6.746 6.598 6.451 6.328 6.337 6.762 7.061 7.208 7.233 7.185 6.998 6.632 6.418 6.331 6.238 5.948 5.587 5.289 4.968 4.617 4.148 3.590 2.982 2.301 1.522 0.756 0.284 0.080 0.017 0.003 0.000 0.000 0.000 0.000 0.000 0.000 0.000 0.000 0.000 0.000 0.000 0.000 0.000 0.000 0.000 0.000 0.000 0.000 0.000 0.000 0.000 0.000 0.000
0.000 0.000 0.000 0.000 0.000 0.000 0.000 0.000 0.000 0.000 0.001 0.005 0.030 0.136 0.456 1.151 2.356 3.732 4.635 5.225 5.693 6.004 6.254 6.292 6.203 6.097 6.047 6.057 6.300 6.727 7.016 7.221 7.303 7.264 7.081 6.791 6.612 6.443 6.259 5.879 5.467 5.175 4.867 4.499 4.033 3.463 2.816 2.100 1.247 0.545 0.178 0.044 0.008 0.001 0.000 0.000 0.000 0.000 0.000 0.000 0.000 0.000 0.000 0.000 0.000 0.000 0.000 0.000 0.000 0.000 0.000 0.000 0.000 0.000 0.000 0.000 0.000
0.000 0.000 0.000 0.000 0.000 0.000 0.000 0.000 0.001 0.002 0.003 0.004 0.029 0.143 0.500 1.284 2.587 3.987 4.923 5.455 5.712 5.842 5.929 5.959 6.123 5.869 5.601 5.836 6.255 6.655 7.018 7.296 7.420 7.405 7.292 7.086 6.846 6.626 6.339 5.858 5.401 5.104 4.808 4.389 3.878 3.280 2.593 1.794 0.940 0.363 0.106 0.023 0.004 0.000 0.000 0.000 0.000 0.000 0.000 0.000 0.000 0.000 0.000 0.000 0.000 0.000 0.000 0.000 0.000 0.000 0.000 0.000 0.000 0.000 0.000 0.000 0.000
