RESULTS/r.avaflow_results/32_results/32_ascii/32_hflow10030.asc
ncols 506
nrows 317
xllcenter 498237.50
yllcenter 5580050.00
cellsize 12.50
NODATA_value -9999.000
[rows 170 to 203 of 317, columns 77 to 153 of 506]
0.000 0.000 0.000 0.000 0.000 0.000 0.000 0.000 0.000 0.000 0.000 0.000 0.000 0.000 0.000 0.000 0.000 0.000 0.000 0.000 0.000 0.001 0.002 0.005 0.015 0.025 0.030 0.030 0.030 0.030 0.029 0.027 0.024 0.020 0.018 0.018 0.021 0.033 0.051 0.059 0.059 0.053 0.043 0.039 0.040 0.051 0.072 0.101 0.153 0.264 0.484 0.901 1.696 2.677 3.238 3.336 3.306 3.342 3.420 3.445 3.409 3.295 3.086 2.772 2.363 1.884 1.477 1.145 0.876 0.663 0.499 0.374 0.281 0.210 0.156 0.115 0.085
0.000 0.000 0.000 0.000 0.000 0.000 0.000 0.000 0.000 0.000 0.000 0.000 0.000 0.000 0.000 0.000 0.000 0.001 0.001 0.002 0.002 0.004 0.008 0.018 0.034 0.045 0.048 0.048 0.048 0.048 0.046 0.044 0.039 0.033 0.030 0.030 0.037 0.057 0.082 0.091 0.090 0.082 0.074 0.073 0.091 0.144 0.232 0.355 0.560 0.905 1.428 2.215 3.120 3.727 3.905 3.867 3.802 3.790 3.805 3.798 3.733 3.573 3.306 2.933 2.456 1.949 1.532 1.191 0.917 0.700 0.532 0.403 0.304 0.227 0.169 0.124 0.090
0.000 0.000 0.000 0.000 0.000 0.000 0.000 0.000 0.000 0.000 0.000 0.000 0.000 0.000 0.000 0.001 0.002 0.003 0.005 0.007 0.010 0.015 0.027 0.046 0.063 0.071 0.073 0.073 0.073 0.073 0.071 0.067 0.060 0.051 0.047 0.048 0.059 0.086 0.118 0.134 0.138 0.136 0.139 0.165 0.262 0.455 0.710 1.027 1.496 2.182 2.974 3.690 4.140 4.294 4.278 4.220 4.163 4.115 4.085 4.041 3.947 3.753 3.446 3.024 2.499 1.988 1.569 1.227 0.951 0.732 0.560 0.425 0.321 0.239 0.177 0.130 0.095
0.000 0.000 0.000 0.000 0.000 0.000 0.000 0.000 0.000 0.000 0.000 0.000 0.000 0.000 0.001 0.002 0.005 0.008 0.012 0.018 0.026 0.039 0.063 0.087 0.100 0.105 0.107 0.108 0.108 0.107 0.105 0.099 0.089 0.077 0.072 0.073 0.086 0.118 0.159 0.193 0.221 0.249 0.299 0.442 0.748 1.188 1.680 2.241 2.966 3.735 4.346 4.688 4.778 4.712 4.571 4.467 4.405 4.344 4.288 4.216 4.090 3.867 3.532 3.071 2.518 2.017 1.594 1.255 0.980 0.758 0.581 0.440 0.331 0.246 0.181 0.133 0.097
0.000 0.000 0.000 0.000 0.000 0.000 0.000 0.000 0.000 0.000 0.000 0.000 0.000 0.001 0.002 0.005 0.010 0.016 0.025 0.036 0.053 0.079 0.111 0.134 0.145 0.150 0.153 0.154 0.154 0.153 0.150 0.143 0.128 0.111 0.104 0.105 0.117 0.150 0.208 0.280 0.363 0.474 0.682 1.098 1.725 2.430 3.114 3.759 4.364 4.856 5.179 5.283 5.245 5.074 4.807 4.645 4.563 4.499 4.432 4.344 4.198 3.953 3.582 3.087 2.520 2.027 1.612 1.273 0.995 0.771 0.591 0.448 0.336 0.250 0.184 0.135 0.098
0.000 0.000 0.000 0.000 0.000 0.000 0.000 0.000 0.000 0.000 0.000 0.000 0.000 0.002 0.005 0.010 0.017 0.028 0.043 0.063 0.092 0.131 0.167 0.191 0.204 0.211 0.215 0.217 0.217 0.215 0.211 0.201 0.183 0.157 0.143 0.141 0.152 0.189 0.270 0.400 0.578 0.856 1.396 2.261 3.204 4.027 4.604 5.011 5.353 5.598 5.707 5.707 5.619 5.375 5.021 4.777 4.662 4.594 4.520 4.435 4.285 4.014 3.603 3.081 2.518 2.030 1.620 1.280 1.001 0.776 0.594 0.450 0.338 0.252 0.185 0.136 0.098
0.000 0.000 0.000 0.000 0.000 0.000 0.000 0.000 0.000 0.000 0.000 0.000 0.000 0.002 0.007 0.016 0.028 0.045 0.068 0.100 0.144 0.196 0.238 0.265 0.283 0.293 0.298 0.300 0.300 0.298 0.292 0.278 0.254 0.216 0.188 0.180 0.188 0.226 0.322 0.508 0.827 1.394 2.461 3.821 4.846 5.480 5.798 5.958 6.078 6.138 6.124 6.056 5.898 5.616 5.227 4.909 4.737 4.669 4.613 4.525 4.355 4.050 3.612 3.069 2.511 2.026 1.617 1.276 0.998 0.773 0.591 0.448 0.336 0.250 0.184 0.135 0.098
0.000 0.000 0.000 0.000 0.000 0.000 0.000 0.000 0.000 0.000 0.000 0.000 0.000 0.003 0.009 0.019 0.035 0.061 0.099 0.149 0.214 0.282 0.333 0.368 0.390 0.401 0.407 0.410 0.409 0.406 0.398 0.380 0.346 0.292 0.242 0.221 0.223 0.253 0.350 0.567 0.997 1.868 3.496 5.173 6.167 6.604 6.713 6.699 6.637 6.561 6.462 6.320 6.106 5.810 5.428 5.065 4.846 4.760 4.700 4.589 4.388 4.053 3.604 3.040 2.482 1.998 1.592 1.255 0.981 0.757 0.579 0.438 0.329 0.246 0.182 0.133 0.097
0.000 0.000 0.000 0.000 0.000 0.000 0.000 0.000 0.000 0.000 0.000 0.000 0.000 0.003 0.009 0.020 0.038 0.069 0.120 0.199 0.304 0.397 0.463 0.508 0.534 0.547 0.552 0.554 0.553 0.547 0.534 0.510 0.466 0.392 0.309 0.265 0.255 0.274 0.361 0.592 1.096 2.174 4.229 6.157 7.123 7.402 7.388 7.252 7.045 6.850 6.681 6.501 6.266 5.977 5.627 5.256 5.011 4.883 4.778 4.623 4.379 4.019 3.552 2.972 2.415 1.944 1.546 1.217 0.948 0.730 0.557 0.421 0.317 0.238 0.177 0.129 0.095
0.000 0.000 0.000 0.000 0.000 0.000 0.000 0.000 0.000 0.000 0.000 0.000 0.000 0.003 0.009 0.020 0.038 0.070 0.126 0.225 0.386 0.545 0.638 0.694 0.724 0.738 0.742 0.741 0.737 0.728 0.708 0.676 0.617 0.521 0.396 0.315 0.287 0.294 0.365 0.597 1.155 2.349 4.624 6.796 7.772 7.942 7.850 7.597 7.274 7.015 6.803 6.597 6.367 6.111 5.807 5.453 5.174 4.988 4.826 4.612 4.317 3.922 3.424 2.844 2.308 1.856 1.475 1.158 0.900 0.692 0.527 0.400 0.302 0.227 0.169 0.124 0.090
0.000 0.000 0.000 0.000 0.000 0.000 0.000 0.000 0.000 0.000 0.000 0.000 0.000 0.002 0.007 0.017 0.034 0.064 0.119 0.224 0.413 0.683 0.865 0.935 0.969 0.982 0.984 0.981 0.972 0.957 0.931 0.887 0.807 0.683 0.513 0.381 0.323 0.318 0.373 0.596 1.193 2.448 4.726 7.057 8.147 8.281 8.111 7.768 7.383 7.092 6.856 6.642 6.429 6.207 5.943 5.616 5.308 5.067 4.843 4.558 4.208 3.757 3.215 2.654 2.158 1.734 1.380 1.082 0.839 0.645 0.492 0.375 0.284 0.214 0.159 0.116 0.085
0.000 0.000 0.000 0.000 0.000 0.000 0.000 0.000 0.000 0.000 0.000 0.000 0.000 0.001 0.004 0.010 0.022 0.043 0.086 0.179 0.372 0.720 1.082 1.234 1.272 1.287 1.288 1.284 1.270 1.247 1.210 1.147 1.043 0.889 0.677 0.481 0.377 0.353 0.390 0.599 1.225 2.503 4.659 7.035 8.263 8.450 8.227 7.800 7.389 7.085 6.829 6.631 6.447 6.253 6.025 5.736 5.407 5.106 4.819 4.474 4.061 3.536 2.945 2.408 1.954 1.570 1.252 0.984 0.766 0.591 0.455 0.349 0.266 0.201 0.149 0.109 0.079
0.000 0.000 0.000 0.000 0.000 0.000 0.000 0.000 0.000 0.000 0.000 0.000 0.000 0.000 0.001 0.003 0.007 0.015 0.032 0.085 0.245 0.622 1.186 1.532 1.635 1.659 1.662 1.655 1.639 1.606 1.551 1.465 1.335 1.152 0.902 0.645 0.481 0.424 0.442 0.634 1.286 2.581 4.538 6.813 8.162 8.458 8.255 7.811 7.360 7.037 6.794 6.615 6.439 6.259 6.060 5.806 5.477 5.113 4.757 4.358 3.878 3.286 2.688 2.179 1.754 1.400 1.111 0.873 0.682 0.533 0.416 0.323 0.250 0.190 0.142 0.105 0.076
0.000 0.000 0.000 0.000 0.000 0.000 0.000 0.000 0.000 0.000 0.000 0.000 0.000 0.000 0.000 0.001 0.002 0.003 0.007 0.023 0.104 0.423 1.111 1.736 2.002 2.093 2.111 2.101 2.078 2.033 1.959 1.850 1.695 1.486 1.213 0.911 0.684 0.579 0.575 0.744 1.402 2.704 4.483 6.415 7.770 8.229 8.140 7.767 7.291 6.917 6.658 6.499 6.370 6.230 6.066 5.827 5.502 5.108 4.686 4.228 3.681 3.068 2.498 2.015 1.612 1.276 1.002 0.781 0.606 0.474 0.373 0.295 0.232 0.180 0.137 0.102 0.075
0.000 0.000 0.000 0.000 0.000 0.000 0.000 0.000 0.000 0.000 0.000 0.000 0.000 0.000 0.000 0.000 0.001 0.001 0.002 0.006 0.037 0.243 0.913 1.816 2.281 2.490 2.582 2.596 2.572 2.524 2.437 2.307 2.134 1.910 1.630 1.305 1.037 0.881 0.850 0.991 1.603 2.837 4.434 5.899 7.091 7.670 7.759 7.561 7.143 6.703 6.395 6.222 6.159 6.117 6.016 5.804 5.497 5.105 4.641 4.122 3.527 2.910 2.365 1.902 1.514 1.190 0.922 0.708 0.541 0.416 0.326 0.261 0.212 0.170 0.133 0.102 0.076
0.000 0.000 0.000 0.000 0.000 0.000 0.000 0.000 0.000 0.000 0.000 0.000 0.000 0.000 0.000 0.000 0.000 0.001 0.001 0.003 0.016 0.124 0.646 1.667 2.409 2.762 2.955 3.057 3.082 3.057 2.988 2.855 2.672 2.447 2.173 1.860 1.592 1.413 1.361 1.470 1.962 2.976 4.301 5.354 6.265 6.865 7.106 7.070 6.824 6.395 5.958 5.702 5.643 5.684 5.738 5.655 5.437 5.071 4.596 4.042 3.420 2.806 2.274 1.821 1.443 1.125 0.861 0.648 0.484 0.362 0.273 0.215 0.180 0.153 0.128 0.102 0.077
0.000 0.000 0.000 0.000 0.000 0.000 0.000 0.000 0.000 0.000 0.000 0.000 0.000 0.000 0.000 0.000 0.001 0.001 0.002 0.004 0.011 0.061 0.381 1.294 2.338 2.899 3.212 3.417 3.529 3.555 3.527 3.445 3.300 3.102 2.858 2.590 2.376 2.239 2.190 2.247 2.548 3.215 4.199 4.996 5.600 6.031 6.272 6.308 6.217 5.901 5.383 4.930 4.754 4.807 5.037 5.225 5.197 4.952 4.523 3.964 3.336 2.739 2.217 1.768 1.391 1.073 0.809 0.598 0.435 0.313 0.223 0.161 0.127 0.114 0.106 0.093 0.074
0.000 0.000 0.000 0.000 0.000 0.000 0.000 0.000 0.000 0.000 0.000 0.000 0.000 0.000 0.000 0.001 0.001 0.003 0.005 0.008 0.015 0.040 0.198 0.843 2.030 2.909 3.347 3.651 3.865 3.974 3.994 3.957 3.868 3.740 3.569 3.372 3.223 3.142 3.123 3.149 3.296 3.636 4.228 4.806 5.189 5.419 5.554 5.580 5.514 5.279 4.831 4.247 3.868 3.794 4.002 4.412 4.655 4.601 4.302 3.818 3.244 2.684 2.188 1.744 1.354 1.027 0.761 0.552 0.391 0.269 0.179 0.115 0.075 0.059 0.055 0.053 0.043
0.000 0.000 0.000 0.000 0.000 0.000 0.000 0.000 0.000 0.000 0.000 0.000 0.000 0.000 0.001 0.002 0.003 0.007 0.012 0.019 0.028 0.046 0.116 0.475 1.498 2.729 3.381 3.775 4.087 4.284 4.367 4.373 4.334 4.258 4.143 3.992 3.870 3.798 3.775 3.785 3.849 4.013 4.313 4.673 4.905 4.999 5.037 5.034 4.965 4.763 4.383 3.816 3.329 3.094 3.109 3.396 3.791 3.938 3.829 3.520 3.087 2.610 2.166 1.736 1.325 0.983 0.714 0.506 0.347 0.225 0.136 0.075 0.040 0.024 0.018 0.015 0.010
0.000 0.000 0.000 0.000 0.000 0.000 0.000 0.000 0.000 0.000 0.000 0.000 0.000 0.001 0.002 0.004 0.009 0.018 0.031 0.044 0.054 0.066 0.104 0.288 0.983 2.290 3.271 3.798 4.199 4.494 4.655 4.707 4.702 4.664 4.578 4.442 4.324 4.235 4.184 4.166 4.173 4.223 4.353 4.552 4.669 4.689 4.678 4.619 4.524 4.331 3.997 3.504 3.012 2.683 2.547 2.601 2.817 2.999 3.057 2.972 2.738 2.392 2.009 1.611 1.222 0.888 0.630 0.435 0.283 0.167 0.086 0.039 0.018 0.010 0.006 0.004 0.002
0.000 0.000 0.000 0.000 0.000 0.000 0.000 0.000 0.000 0.000 0.000 0.000 0.000 0.001 0.004 0.011 0.023 0.043 0.068 0.088 0.100 0.110 0.130 0.236 0.695 1.781 2.956 3.684 4.188 4.570 4.826 4.944 4.971 4.958 4.879 4.741 4.603 4.489 4.413 4.363 4.323 4.308 4.334 4.407 4.452 4.429 4.390 4.288 4.151 3.953 3.651 3.234 2.779 2.441 2.224 2.121 2.094 2.099 2.084 2.057 1.974 1.777 1.462 1.122 0.831 0.587 0.397 0.258 0.154 0.080 0.036 0.016 0.007 0.004 0.002 0.002 0.001
0.000 0.000 0.000 0.000 0.000 0.000 0.000 0.000 0.000 0.000 0.000 0.000 0.001 0.003 0.010 0.026 0.052 0.089 0.129 0.159 0.177 0.187 0.200 0.272 0.597 1.401 2.504 3.391 4.073 4.570 4.916 5.097 5.138 5.130 5.056 4.907 4.740 4.616 4.515 4.426 4.346 4.290 4.272 4.267 4.248 4.184 4.103 3.980 3.814 3.609 3.333 2.972 2.559 2.229 1.988 1.801 1.640 1.486 1.340 1.202 1.067 0.905 0.685 0.473 0.321 0.213 0.137 0.083 0.047 0.024 0.012 0.006 0.003 0.002 0.001 0.001 0.001
0.000 0.000 0.000 0.000 0.000 0.000 0.000 0.000 0.000 0.000 0.000 0.000 0.002 0.006 0.021 0.052 0.099 0.156 0.218 0.267 0.300 0.320 0.337 0.391 0.640 1.241 2.134 3.025 3.818 4.452 4.897 5.145 5.208 5.191 5.117 4.976 4.820 4.677 4.563 4.460 4.357 4.238 4.142 4.081 4.022 3.931 3.808 3.670 3.492 3.284 3.027 2.699 2.323 2.001 1.744 1.521 1.311 1.096 0.882 0.686 0.519 0.375 0.246 0.150 0.090 0.056 0.035 0.021 0.013 0.007 0.004 0.002 0.002 0.001 0.001 0.001 0.001
0.000 0.000 0.000 0.000 0.000 0.000 0.000 0.000 0.000 0.000 0.000 0.001 0.002 0.010 0.033 0.084 0.158 0.244 0.339 0.420 0.481 0.527 0.567 0.626 0.812 1.267 1.974 2.783 3.558 4.234 4.759 5.078 5.196 5.186 5.117 4.978 4.839 4.695 4.560 4.435 4.297 4.109 3.952 3.850 3.760 3.645 3.503 3.350 3.167 2.965 2.712 2.408 2.057 1.735 1.468 1.235 1.007 0.771 0.549 0.366 0.230 0.138 0.079 0.044 0.025 0.015 0.010 0.006 0.004 0.003 0.002 0.001 0.001 0.001 0.001 0.000 0.000
0.000 0.000 0.000 0.000 0.000 0.000 0.000 0.000 0.000 0.000 0.000 0.000 0.003 0.011 0.038 0.103 0.211 0.347 0.495 0.625 0.730 0.817 0.900 0.991 1.145 1.463 2.004 2.714 3.416 4.030 4.553 4.918 5.087 5.098 5.062 4.949 4.802 4.671 4.512 4.356 4.150 3.885 3.673 3.534 3.427 3.301 3.151 2.994 2.817 2.622 2.381 2.093 1.756 1.419 1.135 0.884 0.648 0.434 0.267 0.153 0.083 0.044 0.023 0.013 0.007 0.005 0.003 0.002 0.002 0.001 0.001 0.001 0.001 0.000 0.000 0.000 0.000
0.000 0.000 0.000 0.000 0.000 0.000 0.000 0.000 0.000 0.000 0.000 0.000 0.002 0.010 0.036 0.107 0.247 0.455 0.689 0.891 1.060 1.204 1.337 1.471 1.629 1.864 2.244 2.793 3.403 3.914 4.339 4.672 4.862 4.901 4.885 4.812 4.694 4.573 4.387 4.181 3.914 3.590 3.321 3.133 2.988 2.858 2.720 2.574 2.417 2.238 2.022 1.752 1.419 1.050 0.727 0.475 0.291 0.163 0.084 0.042 0.022 0.012 0.006 0.003 0.002 0.001 0.001 0.001 0.001 0.001 0.000 0.000 0.000 0.000 0.000 0.000 0.000
0.000 0.000 0.000 0.000 0.000 0.000 0.000 0.000 0.000 0.000 0.000 0.000 0.002 0.008 0.030 0.100 0.269 0.564 0.929 1.231 1.486 1.698 1.882 2.053 2.227 2.422 2.677 3.040 3.490 3.872 4.177 4.404 4.549 4.597 4.589 4.542 4.465 4.351 4.159 3.914 3.597 3.216 2.873 2.617 2.431 2.303 2.196 2.086 1.964 1.815 1.622 1.371 1.040 0.674 0.388 0.204 0.097 0.041 0.017 0.008 0.005 0.003 0.001 0.001 0.001 0.001 0.000 0.000 0.000 0.000 0.000 0.000 0.000 0.000 0.000 0.000 0.000
0.000 0.000 0.000 0.000 0.000 0.000 0.000 0.000 0.000 0.000 0.000 0.000 0.001 0.004 0.022 0.089 0.287 0.671 1.205 1.666 2.024 2.310 2.542 2.739 2.910 3.065 3.232 3.445 3.701 3.900 4.040 4.142 4.208 4.235 4.226 4.173 4.105 3.993 3.806 3.552 3.219 2.798 2.384 2.063 1.829 1.669 1.558 1.467 1.363 1.226 1.047 0.824 0.552 0.308 0.153 0.066 0.025 0.009 0.003 0.002 0.001 0.001 0.000 0.000 0.000 0.000 0.000 0.000 0.000 0.000 0.000 0.000 0.000 0.000 0.000 0.000 0.000
0.000 0.000 0.000 0.000 0.000 0.000 0.000 0.000 0.000 0.000 0.000 0.000 0.001 0.003 0.016 0.082 0.306 0.764 1.426 2.121 2.674 3.055 3.326 3.534 3.691 3.804 3.895 3.972 4.026 4.014 3.964 3.920 3.881 3.843 3.792 3.719 3.636 3.517 3.338 3.096 2.781 2.380 1.953 1.600 1.328 1.129 0.975 0.840 0.708 0.573 0.436 0.301 0.175 0.087 0.038 0.015 0.005 0.002 0.001 0.001 0.000 0.000 0.000 0.000 0.000 0.000 0.000 0.000 0.000 0.000 0.000 0.000 0.000 0.000 0.000 0.000 0.000
0.000 0.000 0.000 0.000 0.000 0.000 0.000 0.000 0.000 0.000 0.000 0.000 0.001 0.002 0.013 0.076 0.320 0.831 1.560 2.424 3.254 3.843 4.201 4.420 4.550 4.607 4.620 4.556 4.407 4.170 3.923 3.718 3.546 3.403 3.285 3.183 3.076 2.948 2.784 2.569 2.295 1.954 1.573 1.229 0.944 0.728 0.560 0.420 0.300 0.202 0.126 0.070 0.034 0.015 0.007 0.003 0.001 0.000 0.000 0.000 0.000 0.000 0.000 0.000 0.000 0.000 0.000 0.000 0.000 0.000 0.000 0.000 0.000 0.000 0.000 0.000 0.000
0.000 0.000 0.000 0.000 0.000 0.000 0.000 0.000 0.000 0.000 0.000 0.000 0.001 0.001 0.011 0.073 0.326 0.861 1.619 2.555 3.644 4.509 5.033 5.293 5.373 5.365 5.270 5.035 4.685 4.271 3.892 3.547 3.219 2.936 2.726 2.582 2.461 2.338 2.193 2.011 1.791 1.530 1.228 0.921 0.656 0.453 0.304 0.194 0.116 0.064 0.033 0.015 0.006 0.003 0.001 0.001 0.000 0.000 0.000 0.000 0.000 0.000 0.000 0.000 0.000 0.000 0.000 0.000 0.000 0.000 0.000 0.000 0.000 0.000 0.000 0.000 0.000
0.000 0.000 0.000 0.000 0.000 0.000 0.000 0.000 0.000 0.000 0.000 0.000 0.001 0.002 0.011 0.072 0.323 0.859 1.624 2.584 3.835 5.008 5.728 6.037 6.093 6.029 5.802 5.394 4.866 4.340 3.868 3.409 2.940 2.514 2.168 1.931 1.783 1.666 1.548 1.413 1.263 1.096 0.887 0.645 0.430 0.270 0.160 0.089 0.046 0.022 0.009 0.004 0.001 0.001 0.000 0.000 0.000 0.000 0.000 0.000 0.000 0.000 0.000 0.000 0.000 0.000 0.000 0.000 0.000 0.000 0.000 0.000 0.000 0.000 0.000 0.000 0.000
0.000 0.000 0.000 0.000 0.000 0.000 0.000 0.000 0.000 0.000 0.000 0.001 0.002 0.004 0.011 0.061 0.281 0.790 1.558 2.537 3.839 5.241 6.175 6.572 6.626 6.482 6.096 5.544 4.925 4.351 3.811 3.256 2.672 2.123 1.649 1.293 1.067 0.921 0.809 0.716 0.644 0.581 0.499 0.375 0.243 0.143 0.078 0.039 0.018 0.008 0.003 0.001 0.000 0.000 0.000 0.000 0.000 0.000 0.000 0.000 0.000 0.000 0.000 0.000 0.000 0.000 0.000 0.000 0.000 0.000 0.000 0.000 0.000 0.000 0.000 0.000 0.000
0.000 0.000 0.000 0.000 0.000 0.000 0.000 0.000 0.001 0.001 0.002 0.003 0.005 0.006 0.008 0.028 0.159 0.558 1.274 2.265 3.600 5.163 6.272 6.757 6.820 6.638 6.177 5.581 4.937 4.322 3.699 3.036 2.346 1.705 1.164 0.774 0.533 0.388 0.297 0.240 0.213 0.203 0.192 0.161 0.107 0.061 0.032 0.015 0.007 0.003 0.001 0.000 0.000 0.000 0.000 0.000 0.000 0.000 0.000 0.000 0.000 0.000 0.000 0.000 0.000 0.000 0.000 0.000 0.000 0.000 0.000 0.000 0.000 0.000 0.000 0.000 0.000
