RESULTS/r.avaflow_results/32_results/32_ascii/32_hflow0033.asc
ncols 506
nrows 317
xllcenter 498237.50
yllcenter 5580050.00
cellsize 12.50
NODATA_value -9999.000
[rows 170 to 203 of 317, columns 154 to 230 of 506]
8.958 8.873 8.786 8.672 8.516 8.318 8.142 7.993 7.843 7.683 7.537 7.408 7.257 6.994 6.524 5.813 4.931 4.042 3.205 2.417 1.691 1.073 0.632 0.388 0.277 0.233 0.224 0.231 0.249 0.281 0.330 0.402 0.481 0.530 0.558 0.576 0.591 0.597 0.587 0.543 0.442 0.359 0.319 0.294 0.268 0.233 0.188 0.148 0.116 0.090 0.072 0.060 0.052 0.048 0.046 0.046 0.048 0.051 0.055 0.059 0.060 0.060 0.060 0.061 0.061 0.062 0.067 0.085 0.134 0.256 0.408 0.471 0.465 0.374 0.216 0.118 0.077
12.370 12.597 12.742 12.792 12.749 12.590 12.366 12.134 11.889 11.611 11.331 11.075 10.822 10.516 10.050 9.339 8.368 7.207 5.957 4.681 3.453 2.365 1.493 0.906 0.588 0.434 0.367 0.347 0.354 0.380 0.431 0.515 0.593 0.629 0.637 0.633 0.621 0.606 0.583 0.524 0.414 0.335 0.293 0.263 0.230 0.184 0.128 0.084 0.059 0.046 0.039 0.035 0.033 0.032 0.033 0.034 0.037 0.042 0.046 0.047 0.047 0.046 0.045 0.044 0.044 0.044 0.049 0.063 0.100 0.190 0.345 0.452 0.481 0.449 0.330 0.190 0.117
15.920 16.461 16.685 16.689 16.543 16.253 15.904 15.561 15.216 14.852 14.485 14.156 13.854 13.539 13.104 12.419 11.450 10.283 8.999 7.575 6.019 4.469 3.099 2.022 1.302 0.877 0.639 0.520 0.471 0.459 0.480 0.535 0.595 0.618 0.618 0.602 0.573 0.540 0.496 0.411 0.299 0.230 0.191 0.162 0.130 0.092 0.059 0.041 0.031 0.027 0.024 0.023 0.023 0.023 0.024 0.026 0.029 0.033 0.036 0.037 0.037 0.035 0.034 0.033 0.033 0.033 0.036 0.046 0.071 0.131 0.259 0.411 0.490 0.507 0.467 0.340 0.203
18.797 19.650 19.969 19.944 19.729 19.372 18.986 18.622 18.255 17.865 17.457 17.092 16.773 16.457 16.042 15.362 14.361 13.134 11.811 10.423 8.904 7.204 5.447 3.854 2.611 1.741 1.181 0.847 0.658 0.557 0.512 0.509 0.526 0.528 0.514 0.474 0.421 0.368 0.305 0.217 0.143 0.103 0.083 0.069 0.056 0.041 0.029 0.023 0.019 0.017 0.016 0.016 0.016 0.016 0.017 0.019 0.022 0.025 0.027 0.028 0.027 0.026 0.025 0.025 0.025 0.025 0.028 0.035 0.050 0.085 0.165 0.315 0.462 0.528 0.539 0.493 0.360
20.479 21.546 22.078 22.202 22.116 21.916 21.678 21.439 21.162 20.808 20.388 19.988 19.640 19.292 18.858 18.176 17.181 15.935 14.558 13.115 11.601 9.957 8.122 6.170 4.398 2.995 1.992 1.335 0.920 0.663 0.516 0.435 0.388 0.355 0.312 0.258 0.214 0.180 0.142 0.096 0.064 0.047 0.039 0.033 0.028 0.022 0.018 0.015 0.013 0.012 0.012 0.012 0.012 0.012 0.013 0.014 0.016 0.018 0.019 0.020 0.019 0.019 0.018 0.018 0.019 0.020 0.022 0.027 0.036 0.055 0.097 0.193 0.363 0.507 0.553 0.549 0.490
20.853 22.021 22.809 23.245 23.477 23.627 23.708 23.700 23.594 23.344 22.928 22.424 22.014 21.629 21.182 20.544 19.659 18.524 17.166 15.633 13.985 12.219 10.248 7.990 5.750 3.905 2.536 1.631 1.065 0.711 0.493 0.363 0.280 0.214 0.157 0.120 0.101 0.086 0.067 0.047 0.033 0.026 0.022 0.019 0.016 0.014 0.012 0.010 0.009 0.009 0.009 0.008 0.009 0.009 0.009 0.010 0.012 0.013 0.013 0.013 0.013 0.013 0.013 0.013 0.014 0.015 0.017 0.021 0.027 0.039 0.062 0.114 0.234 0.421 0.532 0.550 0.530
20.453 21.715 22.693 23.349 23.876 24.367 24.701 24.847 24.870 24.751 24.362 23.728 23.266 22.925 22.532 21.966 21.232 20.296 19.057 17.482 15.665 13.699 11.525 9.008 6.417 4.287 2.720 1.705 1.088 0.704 0.458 0.302 0.200 0.126 0.080 0.059 0.050 0.044 0.035 0.026 0.020 0.017 0.014 0.012 0.011 0.009 0.008 0.007 0.007 0.006 0.006 0.006 0.006 0.006 0.006 0.007 0.008 0.008 0.009 0.009 0.009 0.009 0.009 0.009 0.010 0.011 0.013 0.017 0.022 0.031 0.046 0.077 0.145 0.300 0.460 0.518 0.522
19.411 20.830 22.065 23.035 23.818 24.443 24.814 24.972 25.033 24.986 24.631 23.927 23.443 23.184 22.862 22.329 21.653 20.831 19.707 18.165 16.269 14.169 11.865 9.222 6.493 4.268 2.650 1.619 1.003 0.621 0.375 0.216 0.120 0.067 0.042 0.032 0.027 0.024 0.019 0.016 0.013 0.011 0.010 0.009 0.008 0.007 0.006 0.005 0.005 0.004 0.004 0.004 0.004 0.004 0.004 0.004 0.004 0.005 0.005 0.005 0.005 0.005 0.006 0.006 0.007 0.008 0.010 0.013 0.018 0.026 0.037 0.058 0.101 0.195 0.344 0.447 0.486
18.141 19.700 21.113 22.335 23.328 24.016 24.347 24.451 24.480 24.413 24.073 23.389 22.867 22.590 22.264 21.727 21.060 20.293 19.261 17.804 15.933 13.799 11.435 8.732 6.007 3.810 2.236 1.265 0.720 0.404 0.217 0.112 0.060 0.035 0.024 0.019 0.016 0.014 0.012 0.010 0.009 0.008 0.007 0.006 0.005 0.005 0.004 0.003 0.003 0.002 0.002 0.002 0.002 0.002 0.002 0.002 0.002 0.002 0.003 0.003 0.003 0.003 0.003 0.004 0.004 0.006 0.008 0.011 0.015 0.022 0.032 0.048 0.077 0.134 0.236 0.349 0.423
16.830 18.444 19.892 21.152 22.151 22.833 23.173 23.243 23.145 22.845 22.490 22.047 21.555 20.993 20.400 19.779 19.124 18.442 17.561 16.236 14.426 12.284 9.892 7.242 4.735 2.754 1.390 0.634 0.300 0.156 0.085 0.049 0.030 0.020 0.015 0.012 0.011 0.009 0.008 0.007 0.006 0.006 0.005 0.004 0.003 0.003 0.002 0.002 0.001 0.001 0.001 0.001 0.001 0.001 0.001 0.001 0.001 0.001 0.001 0.001 0.001 0.001 0.002 0.002 0.003 0.004 0.006 0.009 0.013 0.019 0.028 0.042 0.064 0.102 0.167 0.257 0.336
15.275 16.824 18.216 19.422 20.386 21.119 21.607 21.749 21.551 21.050 20.835 20.749 20.372 19.466 18.550 17.832 17.126 16.333 15.306 13.865 11.962 9.702 7.220 4.794 2.788 1.387 0.573 0.211 0.093 0.053 0.034 0.023 0.017 0.013 0.010 0.009 0.008 0.007 0.006 0.005 0.004 0.004 0.003 0.002 0.002 0.001 0.001 0.001 0.001 0.000 0.000 0.000 0.000 0.000 0.000 0.000 0.000 0.000 0.000 0.000 0.000 0.000 0.001 0.001 0.002 0.003 0.004 0.007 0.011 0.016 0.025 0.037 0.056 0.085 0.130 0.194 0.264
13.283 14.669 16.044 17.363 18.550 19.593 20.363 20.640 20.469 19.977 19.835 19.789 19.352 18.282 17.287 16.527 15.711 14.632 13.162 11.261 8.920 6.273 3.875 2.189 1.129 0.502 0.182 0.065 0.034 0.023 0.017 0.013 0.011 0.009 0.008 0.007 0.006 0.005 0.004 0.003 0.003 0.002 0.002 0.001 0.001 0.001 0.000 0.000 0.000 0.000 0.000 0.000 0.000 0.000 0.000 0.000 0.000 0.000 0.000 0.000 0.000 0.000 0.000 0.000 0.001 0.002 0.003 0.005 0.009 0.014 0.022 0.034 0.051 0.076 0.112 0.161 0.221
11.061 12.349 13.768 15.286 16.756 18.079 19.091 19.533 19.454 19.049 18.751 18.431 17.767 16.718 15.805 15.004 14.042 12.635 10.665 8.097 5.240 2.812 1.340 0.613 0.286 0.127 0.051 0.025 0.017 0.013 0.011 0.009 0.008 0.007 0.005 0.005 0.004 0.003 0.002 0.002 0.001 0.001 0.001 0.000 0.000 0.000 0.000 0.000 0.000 0.000 0.000 0.000 0.000 0.000 0.000 0.000 0.000 0.000 0.000 0.000 0.000 0.000 0.000 0.000 0.000 0.001 0.002 0.004 0.007 0.013 0.020 0.032 0.049 0.073 0.104 0.144 0.193
9.173 10.372 11.685 13.153 14.648 16.008 17.100 17.670 17.712 17.341 16.651 15.805 14.892 13.987 13.170 12.262 11.021 9.174 6.590 3.898 1.857 0.708 0.238 0.102 0.058 0.033 0.019 0.013 0.011 0.009 0.008 0.007 0.006 0.005 0.004 0.003 0.002 0.002 0.001 0.001 0.000 0.000 0.000 0.000 0.000 0.000 0.000 0.000 0.000 0.000 0.000 0.000 0.000 0.000 0.000 0.000 0.000 0.000 0.000 0.000 0.000 0.000 0.000 0.000 0.000 0.000 0.001 0.003 0.006 0.011 0.019 0.030 0.047 0.071 0.101 0.134 0.173
7.456 8.490 9.530 10.605 11.662 12.672 13.641 14.238 14.356 14.036 13.164 11.939 10.784 9.800 8.785 7.585 6.014 4.087 2.210 0.932 0.296 0.082 0.037 0.026 0.019 0.014 0.011 0.009 0.008 0.007 0.006 0.005 0.004 0.003 0.002 0.002 0.001 0.001 0.000 0.000 0.000 0.000 0.000 0.000 0.000 0.000 0.000 0.000 0.000 0.000 0.000 0.000 0.000 0.000 0.000 0.000 0.000 0.000 0.000 0.000 0.000 0.000 0.000 0.000 0.000 0.000 0.001 0.002 0.005 0.009 0.017 0.029 0.046 0.070 0.099 0.129 0.161
5.578 6.249 6.678 6.961 7.236 7.638 8.302 8.889 9.103 8.957 8.258 7.019 5.631 4.495 3.569 2.719 1.800 0.899 0.330 0.093 0.033 0.021 0.016 0.013 0.011 0.009 0.008 0.007 0.005 0.005 0.004 0.003 0.002 0.002 0.001 0.001 0.000 0.000 0.000 0.000 0.000 0.000 0.000 0.000 0.000 0.000 0.000 0.000 0.000 0.000 0.000 0.000 0.000 0.000 0.000 0.000 0.000 0.000 0.000 0.000 0.000 0.000 0.000 0.000 0.000 0.000 0.000 0.001 0.004 0.008 0.015 0.026 0.043 0.067 0.096 0.125 0.154
2.922 3.019 2.962 2.857 2.792 2.845 3.091 3.411 3.553 3.525 3.234 2.614 1.787 1.136 0.737 0.478 0.251 0.096 0.035 0.019 0.014 0.012 0.010 0.009 0.008 0.006 0.005 0.004 0.004 0.003 0.002 0.002 0.001 0.001 0.000 0.000 0.000 0.000 0.000 0.000 0.000 0.000 0.000 0.000 0.000 0.000 0.000 0.000 0.000 0.000 0.000 0.000 0.000 0.000 0.000 0.000 0.000 0.000 0.000 0.000 0.000 0.000 0.000 0.000 0.000 0.000 0.000 0.001 0.002 0.006 0.012 0.022 0.038 0.060 0.089 0.120 0.151
0.908 0.838 0.765 0.687 0.632 0.612 0.643 0.714 0.740 0.730 0.658 0.497 0.276 0.146 0.094 0.062 0.035 0.020 0.014 0.011 0.009 0.008 0.007 0.006 0.005 0.004 0.003 0.003 0.002 0.001 0.001 0.001 0.000 0.000 0.000 0.000 0.000 0.000 0.000 0.000 0.000 0.000 0.000 0.000 0.000 0.000 0.000 0.000 0.000 0.000 0.000 0.000 0.000 0.000 0.000 0.000 0.000 0.000 0.000 0.000 0.000 0.000 0.000 0.000 0.000 0.000 0.000 0.000 0.001 0.004 0.008 0.016 0.029 0.049 0.077 0.112 0.149
0.186 0.158 0.146 0.135 0.122 0.114 0.112 0.116 0.115 0.111 0.098 0.073 0.043 0.030 0.024 0.019 0.014 0.011 0.009 0.008 0.007 0.006 0.005 0.004 0.003 0.003 0.002 0.001 0.001 0.001 0.000 0.000 0.000 0.000 0.000 0.000 0.000 0.000 0.000 0.000 0.000 0.000 0.000 0.000 0.000 0.000 0.000 0.000 0.000 0.000 0.000 0.000 0.000 0.000 0.000 0.000 0.000 0.000 0.000 0.000 0.000 0.000 0.000 0.000 0.000 0.000 0.000 0.000 0.001 0.002 0.005 0.010 0.020 0.037 0.064 0.102 0.147
0.048 0.043 0.042 0.041 0.038 0.036 0.034 0.032 0.031 0.030 0.027 0.022 0.017 0.014 0.012 0.011 0.009 0.008 0.007 0.006 0.005 0.004 0.003 0.002 0.002 0.001 0.001 0.000 0.000 0.000 0.000 0.000 0.000 0.000 0.000 0.000 0.000 0.000 0.000 0.000 0.000 0.000 0.000 0.000 0.000 0.000 0.000 0.000 0.000 0.000 0.000 0.000 0.000 0.000 0.000 0.000 0.000 0.000 0.000 0.000 0.000 0.000 0.000 0.000 0.000 0.000 0.000 0.000 0.000 0.001 0.003 0.006 0.013 0.025 0.048 0.088 0.141
0.022 0.021 0.021 0.020 0.019 0.018 0.017 0.016 0.015 0.014 0.013 0.012 0.011 0.009 0.008 0.007 0.006 0.005 0.004 0.004 0.003 0.002 0.002 0.001 0.001 0.000 0.000 0.000 0.000 0.000 0.000 0.000 0.000 0.000 0.000 0.000 0.000 0.000 0.000 0.000 0.000 0.000 0.000 0.000 0.000 0.000 0.000 0.000 0.000 0.000 0.000 0.000 0.000 0.000 0.000 0.000 0.000 0.000 0.000 0.000 0.000 0.000 0.000 0.000 0.000 0.000 0.000 0.000 0.000 0.000 0.001 0.003 0.007 0.015 0.031 0.065 0.121
0.014 0.013 0.013 0.012 0.012 0.011 0.010 0.010 0.009 0.009 0.009 0.008 0.007 0.007 0.006 0.005 0.004 0.003 0.003 0.002 0.002 0.001 0.001 0.000 0.000 0.000 0.000 0.000 0.000 0.000 0.000 0.000 0.000 0.000 0.000 0.000 0.000 0.000 0.000 0.000 0.000 0.000 0.000 0.000 0.000 0.000 0.000 0.000 0.000 0.000 0.000 0.000 0.000 0.000 0.000 0.000 0.000 0.000 0.000 0.000 0.000 0.000 0.000 0.000 0.000 0.000 0.000 0.000 0.000 0.000 0.001 0.002 0.004 0.008 0.018 0.037 0.080
0.009 0.009 0.008 0.008 0.007 0.007 0.007 0.007 0.006 0.006 0.006 0.005 0.005 0.004 0.004 0.003 0.002 0.002 0.001 0.001 0.001 0.000 0.000 0.000 0.000 0.000 0.000 0.000 0.000 0.000 0.000 0.000 0.000 0.000 0.000 0.000 0.000 0.000 0.000 0.000 0.000 0.000 0.000 0.000 0.000 0.000 0.000 0.000 0.000 0.000 0.000 0.000 0.000 0.000 0.000 0.000 0.000 0.000 0.000 0.000 0.000 0.000 0.000 0.000 0.000 0.000 0.000 0.000 0.000 0.000 0.000 0.001 0.002 0.004 0.009 0.019 0.039
0.005 0.005 0.005 0.005 0.005 0.004 0.004 0.004 0.004 0.004 0.003 0.003 0.003 0.002 0.002 0.002 0.001 0.001 0.000 0.000 0.000 0.000 0.000 0.000 0.000 0.000 0.000 0.000 0.000 0.000 0.000 0.000 0.000 0.000 0.000 0.000 0.000 0.000 0.000 0.000 0.000 0.000 0.000 0.000 0.000 0.000 0.000 0.000 0.000 0.000 0.000 0.000 0.000 0.000 0.000 0.000 0.000 0.000 0.000 0.000 0.000 0.000 0.000 0.000 0.000 0.000 0.000 0.000 0.000 0.000 0.000 0.000 0.001 0.002 0.004 0.009 0.017
0.003 0.003 0.003 0.003 0.003 0.002 0.002 0.002 0.002 0.002 0.002 0.002 0.001 0.001 0.001 0.001 0.000 0.000 0.000 0.000 0.000 0.000 0.000 0.000 0.000 0.000 0.000 0.000 0.000 0.000 0.000 0.000 0.000 0.000 0.000 0.000 0.000 0.000 0.000 0.000 0.000 0.000 0.000 0.000 0.000 0.000 0.000 0.000 0.000 0.000 0.000 0.000 0.000 0.000 0.000 0.000 0.000 0.000 0.000 0.000 0.000 0.000 0.000 0.000 0.000 0.000 0.000 0.000 0.000 0.000 0.000 0.000 0.000 0.001 0.002 0.004 0.008
0.001 0.001 0.001 0.001 0.001 0.001 0.001 0.001 0.001 0.001 0.001 0.000 0.000 0.000 0.000 0.000 0.000 0.000 0.000 0.000 0.000 0.000 0.000 0.000 0.000 0.000 0.000 0.000 0.000 0.000 0.000 0.000 0.000 0.000 0.000 0.000 0.000 0.000 0.000 0.000 0.000 0.000 0.000 0.000 0.000 0.000 0.000 0.000 0.000 0.000 0.000 0.000 0.000 0.000 0.000 0.000 0.000 0.000 0.000 0.000 0.000 0.000 0.000 0.000 0.000 0.000 0.000 0.000 0.000 0.000 0.000 0.000 0.000 0.000 0.001 0.002 0.003
0.000 0.000 0.000 0.000 0.000 0.000 0.000 0.000 0.000 0.000 0.000 0.000 0.000 0.000 0.000 0.000 0.000 0.000 0.000 0.000 0.000 0.000 0.000 0.000 0.000 0.000 0.000 0.000 0.000 0.000 0.000 0.000 0.000 0.000 0.000 0.000 0.000 0.000 0.000 0.000 0.000 0.000 0.000 0.000 0.000 0.000 0.000 0.000 0.000 0.000 0.000 0.000 0.000 0.000 0.000 0.000 0.000 0.000 0.000 0.000 0.000 0.000 0.000 0.000 0.000 0.000 0.000 0.000 0.000 0.000 0.000 0.000 0.000 0.000 0.000 0.000 0.001
0.000 0.000 0.000 0.000 0.000 0.000 0.000 0.000 0.000 0.000 0.000 0.000 0.000 0.000 0.000 0.000 0.000 0.000 0.000 0.000 0.000 0.000 0.000 0.000 0.000 0.000 0.000 0.000 0.000 0.000 0.000 0.000 0.000 0.000 0.000 0.000 0.000 0.000 0.000 0.000 0.000 0.000 0.000 0.000 0.000 0.000 0.000 0.000 0.000 0.000 0.000 0.000 0.000 0.000 0.000 0.000 0.000 0.000 0.000 0.000 0.000 0.000 0.000 0.000 0.000 0.000 0.000 0.000 0.000 0.000 0.000 0.000 0.000 0.000 0.000 0.000 0.000
0.000 0.000 0.000 0.000 0.000 0.000 0.000 0.000 0.000 0.000 0.000 0.000 0.000 0.000 0.000 0.000 0.000 0.000 0.000 0.000 0.000 0.000 0.000 0.000 0.000 0.000 0.000 0.000 0.000 0.000 0.000 0.000 0.000 0.000 0.000 0.000 0.000 0.000 0.000 0.000 0.000 0.000 0.000 0.000 0.000 0.000 0.000 0.000 0.000 0.000 0.000 0.000 0.000 0.000 0.000 0.000 0.000 0.000 0.000 0.000 0.000 0.000 0.000 0.000 0.000 0.000 0.000 0.000 0.000 0.000 0.000 0.000 0.000 0.000 0.000 0.000 0.000
0.000 0.000 0.000 0.000 0.000 0.000 0.000 0.000 0.000 0.000 0.000 0.000 0.000 0.000 0.000 0.000 0.000 0.000 0.000 0.000 0.000 0.000 0.000 0.000 0.000 0.000 0.000 0.000 0.000 0.000 0.000 0.000 0.000 0.000 0.000 0.000 0.000 0.000 0.000 0.000 0.000 0.000 0.000 0.000 0.000 0.000 0.000 0.000 0.000 0.000 0.000 0.000 0.000 0.000 0.000 0.000 0.000 0.000 0.000 0.000 0.000 0.000 0.000 0.000 0.000 0.000 0.000 0.000 0.000 0.000 0.000 0.000 0.000 0.000 0.000 0.000 0.000
0.000 0.000 0.000 0.000 0.000 0.000 0.000 0.000 0.000 0.000 0.000 0.000 0.000 0.000 0.000 0.000 0.000 0.000 0.000 0.000 0.000 0.000 0.000 0.000 0.000 0.000 0.000 0.000 0.000 0.000 0.000 0.000 0.000 0.000 0.000 0.000 0.000 0.000 0.000 0.000 0.000 0.000 0.000 0.000 0.000 0.000 0.000 0.000 0.000 0.000 0.000 0.000 0.000 0.000 0.000 0.000 0.000 0.000 0.000 0.000 0.000 0.000 0.000 0.000 0.000 0.000 0.000 0.000 0.000 0.000 0.000 0.000 0.000 0.000 0.000 0.000 0.000
0.000 0.000 0.000 0.000 0.000 0.000 0.000 0.000 0.000 0.000 0.000 0.000 0.000 0.000 0.000 0.000 0.000 0.000 0.000 0.000 0.000 0.000 0.000 0.000 0.000 0.000 0.000 0.000 0.000 0.000 0.000 0.000 0.000 0.000 0.000 0.000 0.000 0.000 0.000 0.000 0.000 0.000 0.000 0.000 0.000 0.000 0.000 0.000 0.000 0.000 0.000 0.000 0.000 0.000 0.000 0.000 0.000 0.000 0.000 0.000 0.000 0.000 0.000 0.000 0.000 0.000 0.000 0.000 0.000 0.000 0.000 0.000 0.000 0.000 0.000 0.000 0.000
0.000 0.000 0.000 0.000 0.000 0.000 0.000 0.000 0.000 0.000 0.000 0.000 0.000 0.000 0.000 0.000 0.000 0.000 0.000 0.000 0.000 0.000 0.000 0.000 0.000 0.000 0.000 0.000 0.000 0.000 0.000 0.000 0.000 0.000 0.000 0.000 0.000 0.000 0.000 0.000 0.000 0.000 0.000 0.000 0.000 0.000 0.000 0.000 0.000 0.000 0.000 0.000 0.000 0.000 0.000 0.000 0.000 0.000 0.000 0.000 0.000 0.000 0.000 0.000 0.000 0.000 0.000 0.000 0.000 0.000 0.000 0.000 0.000 0.000 0.000 0.000 0.000
0.000 0.000 0.000 0.000 0.000 0.000 0.000 0.000 0.000 0.000 0.000 0.000 0.000 0.000 0.000 0.000 0.000 0.000 0.000 0.000 0.000 0.000 0.000 0.000 0.000 0.000 0.000 0.000 0.000 0.000 0.000 0.000 0.000 0.000 0.000 0.000 0.000 0.000 0.000 0.000 0.000 0.000 0.000 0.000 0.000 0.000 0.000 0.000 0.000 0.000 0.000 0.000 0.000 0.000 0.000 0.000 0.000 0.000 0.000 0.000 0.000 0.000 0.000 0.000 0.000 0.000 0.000 0.000 0.000 0.000 0.000 0.000 0.000 0.000 0.000 0.000 0.000
