RESULTS/r.avaflow_results/32_results/32_ascii/32_hflow0011.asc
ncols 506
nrows 317
xllcenter 498237.50
yllcenter 5580050.00
cellsize 12.50
NODATA_value -9999.000
[rows 170 to 203 of 317, columns 77 to 153 of 506]
0.000 0.000 0.000 0.000 0.000 0.000 0.000 0.000 0.000 0.000 0.000 0.000 0.000 0.000 0.000 0.000 0.000 0.000 0.000 0.000 0.000 0.000 0.000 0.000 0.000 0.001 0.002 0.003 0.004 0.005 0.005 0.005 0.005 0.004 0.003 0.003 0.003 0.003 0.005 0.010 0.019 0.036 0.069 0.135 0.231 0.290 0.307 0.300 0.284 0.298 0.371 0.566 1.004 1.793 2.559 3.066 3.528 4.121 4.928 6.051 7.646 9.768 12.278 14.297 15.399 15.829 15.840 15.649 15.314 14.568 13.339 11.912 10.724 9.878 9.274 8.821 8.494
0.000 0.000 0.000 0.000 0.000 0.000 0.000 0.000 0.000 0.000 0.000 0.000 0.000 0.000 0.000 0.000 0.000 0.000 0.000 0.000 0.000 0.000 0.000 0.000 0.001 0.003 0.005 0.008 0.010 0.011 0.011 0.012 0.011 0.010 0.008 0.007 0.006 0.007 0.011 0.021 0.039 0.070 0.127 0.228 0.369 0.472 0.522 0.549 0.606 0.743 0.992 1.414 2.102 2.830 3.316 3.732 4.205 4.809 5.634 6.810 8.463 10.577 12.932 14.708 15.655 15.996 15.928 15.630 15.147 14.380 13.384 12.543 12.060 11.843 11.794 11.814 11.923
0.000 0.000 0.000 0.000 0.000 0.000 0.000 0.000 0.000 0.000 0.000 0.000 0.000 0.000 0.000 0.000 0.000 0.000 0.000 0.000 0.000 0.000 0.000 0.001 0.003 0.006 0.010 0.016 0.020 0.022 0.023 0.023 0.022 0.019 0.015 0.013 0.013 0.015 0.023 0.042 0.076 0.132 0.226 0.373 0.568 0.748 0.885 1.031 1.264 1.615 2.090 2.654 3.198 3.566 3.883 4.258 4.718 5.298 6.100 7.273 8.914 10.979 13.136 14.672 15.453 15.702 15.628 15.435 15.125 14.652 14.198 14.047 14.069 14.096 14.183 14.507 15.152
0.000 0.000 0.000 0.000 0.000 0.000 0.000 0.000 0.000 0.000 0.000 0.000 0.000 0.000 0.000 0.000 0.000 0.000 0.000 0.000 0.000 0.001 0.002 0.004 0.007 0.012 0.020 0.029 0.036 0.039 0.041 0.041 0.039 0.035 0.028 0.025 0.025 0.029 0.044 0.079 0.141 0.238 0.383 0.590 0.860 1.163 1.473 1.843 2.325 2.900 3.469 3.885 4.112 4.262 4.439 4.710 5.107 5.636 6.407 7.542 9.105 11.037 12.912 14.197 14.852 15.193 15.399 15.504 15.566 15.634 15.651 15.628 15.565 15.538 15.708 16.359 17.555
0.000 0.000 0.000 0.000 0.000 0.000 0.000 0.000 0.000 0.000 0.000 0.000 0.000 0.000 0.000 0.000 0.000 0.000 0.000 0.000 0.001 0.002 0.004 0.008 0.014 0.022 0.035 0.050 0.061 0.067 0.069 0.069 0.067 0.060 0.048 0.042 0.042 0.049 0.077 0.139 0.245 0.399 0.615 0.909 1.292 1.771 2.335 3.004 3.682 4.258 4.658 4.885 4.968 4.997 4.988 5.088 5.375 5.831 6.536 7.577 8.987 10.678 12.287 13.475 14.284 14.948 15.462 15.910 16.298 16.511 16.513 16.400 16.298 16.381 16.815 17.730 19.118
0.000 0.000 0.000 0.000 0.000 0.000 0.000 0.000 0.000 0.000 0.000 0.000 0.000 0.000 0.000 0.000 0.000 0.000 0.000 0.001 0.002 0.004 0.008 0.015 0.024 0.038 0.058 0.083 0.100 0.110 0.113 0.113 0.110 0.098 0.079 0.068 0.067 0.078 0.125 0.228 0.395 0.627 0.939 1.352 1.900 2.609 3.485 4.329 4.967 5.403 5.650 5.745 5.768 5.690 5.496 5.393 5.529 5.889 6.490 7.389 8.590 9.995 11.405 12.678 13.773 14.763 15.527 16.069 16.460 16.641 16.614 16.498 16.433 16.668 17.346 18.379 19.658
0.000 0.000 0.000 0.000 0.000 0.000 0.000 0.000 0.000 0.000 0.000 0.000 0.000 0.000 0.000 0.000 0.000 0.000 0.000 0.002 0.004 0.008 0.015 0.025 0.041 0.063 0.095 0.132 0.159 0.173 0.178 0.178 0.173 0.156 0.124 0.105 0.102 0.119 0.189 0.345 0.598 0.937 1.371 1.940 2.694 3.679 4.706 5.484 6.017 6.334 6.467 6.486 6.446 6.264 5.928 5.642 5.606 5.831 6.305 7.029 8.027 9.240 10.549 11.908 13.208 14.327 15.104 15.566 15.861 15.963 15.898 15.779 15.777 16.167 17.009 18.114 19.347
0.000 0.000 0.000 0.000 0.000 0.000 0.000 0.000 0.000 0.000 0.000 0.000 0.000 0.000 0.000 0.000 0.000 0.000 0.001 0.003 0.008 0.015 0.025 0.042 0.066 0.101 0.149 0.205 0.244 0.266 0.274 0.273 0.265 0.240 0.191 0.156 0.149 0.170 0.267 0.491 0.856 1.336 1.923 2.682 3.672 4.770 5.703 6.380 6.820 7.042 7.112 7.103 6.985 6.707 6.267 5.861 5.697 5.780 6.092 6.629 7.444 8.491 9.716 11.090 12.354 13.295 13.859 14.148 14.280 14.247 14.104 13.934 13.941 14.397 15.400 16.728 18.148
0.000 0.000 0.000 0.000 0.000 0.000 0.000 0.000 0.000 0.000 0.000 0.000 0.000 0.000 0.000 0.000 0.000 0.000 0.002 0.006 0.013 0.025 0.042 0.067 0.104 0.157 0.230 0.310 0.366 0.397 0.408 0.408 0.396 0.360 0.287 0.224 0.208 0.225 0.337 0.639 1.155 1.827 2.611 3.569 4.656 5.658 6.460 7.044 7.399 7.561 7.601 7.562 7.383 7.030 6.515 6.018 5.763 5.740 5.910 6.280 6.875 7.693 8.760 10.004 10.993 11.615 11.924 12.022 11.945 11.742 11.483 11.320 11.457 12.131 13.356 14.913 16.599
0.000 0.000 0.000 0.000 0.000 0.000 0.000 0.000 0.000 0.000 0.000 0.000 0.000 0.000 0.000 0.000 0.000 0.000 0.002 0.008 0.020 0.039 0.066 0.105 0.161 0.240 0.346 0.457 0.535 0.578 0.593 0.593 0.578 0.528 0.421 0.313 0.275 0.284 0.390 0.743 1.416 2.314 3.303 4.403 5.458 6.338 7.021 7.497 7.779 7.889 7.908 7.838 7.623 7.239 6.675 6.111 5.783 5.674 5.735 5.944 6.307 6.845 7.598 8.517 9.155 9.486 9.583 9.509 9.309 9.072 8.868 8.907 9.399 10.430 11.857 13.487 15.243
0.000 0.000 0.000 0.000 0.000 0.000 0.000 0.000 0.000 0.000 0.000 0.000 0.000 0.000 0.000 0.000 0.000 0.000 0.002 0.008 0.023 0.054 0.100 0.161 0.243 0.356 0.507 0.659 0.763 0.821 0.842 0.843 0.822 0.752 0.605 0.433 0.355 0.349 0.438 0.810 1.601 2.715 3.877 5.050 6.061 6.827 7.382 7.759 7.979 8.073 8.067 7.972 7.748 7.354 6.760 6.150 5.765 5.586 5.544 5.599 5.759 6.050 6.480 7.000 7.307 7.427 7.395 7.257 7.074 6.912 6.846 7.072 7.803 9.020 10.517 12.125 13.831
0.000 0.000 0.000 0.000 0.000 0.000 0.000 0.000 0.000 0.000 0.000 0.000 0.000 0.000 0.000 0.000 0.000 0.000 0.001 0.006 0.020 0.059 0.134 0.235 0.358 0.517 0.725 0.927 1.064 1.140 1.167 1.167 1.135 1.043 0.855 0.600 0.458 0.429 0.496 0.864 1.722 3.015 4.300 5.477 6.464 7.159 7.612 7.912 8.073 8.128 8.105 8.013 7.787 7.382 6.783 6.153 5.718 5.455 5.300 5.223 5.217 5.307 5.489 5.682 5.728 5.676 5.553 5.400 5.269 5.205 5.282 5.671 6.489 7.687 9.094 10.572 12.085
0.000 0.000 0.000 0.000 0.000 0.000 0.000 0.000 0.000 0.000 0.000 0.000 0.000 0.000 0.000 0.000 0.000 0.000 0.001 0.003 0.013 0.053 0.155 0.318 0.510 0.735 1.013 1.271 1.448 1.543 1.574 1.572 1.529 1.414 1.185 0.844 0.616 0.546 0.592 0.939 1.812 3.213 4.581 5.736 6.689 7.349 7.750 7.973 8.081 8.108 8.102 8.012 7.786 7.362 6.773 6.130 5.630 5.263 4.988 4.779 4.637 4.563 4.557 4.529 4.418 4.268 4.097 3.939 3.833 3.810 3.968 4.442 5.262 6.349 7.557 8.829 10.161
0.000 0.000 0.000 0.000 0.000 0.000 0.000 0.000 0.000 0.000 0.000 0.000 0.000 0.000 0.000 0.000 0.000 0.000 0.001 0.002 0.008 0.040 0.157 0.392 0.691 1.019 1.378 1.693 1.914 2.029 2.065 2.063 2.015 1.876 1.610 1.195 0.869 0.742 0.761 1.064 1.901 3.328 4.744 5.859 6.768 7.406 7.800 7.976 8.061 8.054 8.033 7.925 7.660 7.246 6.695 6.050 5.472 4.994 4.591 4.254 3.981 3.771 3.647 3.545 3.396 3.215 3.025 2.855 2.721 2.670 2.780 3.198 3.960 4.952 6.067 7.298 8.591
0.000 0.000 0.000 0.000 0.000 0.000 0.000 0.000 0.000 0.000 0.000 0.000 0.000 0.000 0.000 0.000 0.000 0.001 0.001 0.002 0.006 0.029 0.142 0.425 0.840 1.308 1.800 2.189 2.454 2.600 2.643 2.640 2.592 2.443 2.144 1.681 1.265 1.074 1.059 1.297 2.043 3.389 4.820 5.914 6.787 7.405 7.787 7.922 7.993 7.937 7.833 7.640 7.330 6.957 6.455 5.849 5.233 4.653 4.124 3.658 3.263 2.981 2.848 2.752 2.610 2.433 2.246 2.067 1.883 1.763 1.757 1.945 2.470 3.374 4.560 5.924 7.229
0.000 0.000 0.000 0.000 0.000 0.000 0.000 0.000 0.000 0.000 0.000 0.000 0.000 0.000 0.000 0.000 0.001 0.002 0.003 0.005 0.008 0.023 0.114 0.406 0.908 1.508 2.160 2.711 3.070 3.255 3.317 3.313 3.266 3.125 2.824 2.335 1.857 1.617 1.577 1.747 2.331 3.454 4.819 5.909 6.760 7.343 7.682 7.787 7.820 7.732 7.502 7.069 6.602 6.256 5.894 5.443 4.897 4.267 3.616 3.055 2.616 2.324 2.190 2.095 1.967 1.809 1.647 1.473 1.268 1.082 0.979 0.982 1.213 1.870 3.035 4.542 5.788
0.000 0.000 0.000 0.000 0.000 0.000 0.000 0.000 0.000 0.000 0.000 0.000 0.000 0.000 0.000 0.001 0.002 0.004 0.007 0.011 0.015 0.026 0.086 0.343 0.884 1.603 2.401 3.146 3.690 3.988 4.091 4.098 4.054 3.924 3.655 3.188 2.701 2.446 2.389 2.485 2.858 3.644 4.802 5.885 6.680 7.198 7.468 7.520 7.501 7.352 6.960 6.207 5.418 5.028 4.857 4.672 4.361 3.829 3.125 2.512 2.070 1.788 1.650 1.547 1.428 1.295 1.164 1.016 0.830 0.629 0.493 0.438 0.486 0.810 1.611 2.829 3.648
0.000 0.000 0.000 0.000 0.000 0.000 0.000 0.000 0.000 0.000 0.000 0.000 0.000 0.000 0.001 0.003 0.006 0.010 0.017 0.024 0.030 0.039 0.073 0.260 0.788 1.606 2.528 3.449 4.188 4.674 4.913 4.976 4.952 4.854 4.643 4.263 3.812 3.552 3.474 3.496 3.665 4.099 4.886 5.828 6.502 6.898 7.095 7.107 7.050 6.832 6.336 5.468 4.395 3.746 3.536 3.509 3.466 3.205 2.628 2.005 1.587 1.334 1.203 1.093 0.977 0.864 0.763 0.652 0.511 0.348 0.239 0.192 0.189 0.278 0.600 1.112 1.319
0.000 0.000 0.000 0.000 0.000 0.000 0.000 0.000 0.000 0.000 0.000 0.000 0.000 0.001 0.003 0.007 0.014 0.025 0.039 0.051 0.058 0.065 0.085 0.198 0.641 1.510 2.561 3.629 4.562 5.235 5.626 5.782 5.812 5.779 5.646 5.370 4.972 4.634 4.453 4.405 4.459 4.655 5.072 5.722 6.234 6.498 6.614 6.597 6.507 6.238 5.722 4.904 3.791 2.924 2.500 2.368 2.334 2.267 1.984 1.508 1.137 0.924 0.808 0.703 0.595 0.506 0.433 0.362 0.277 0.176 0.113 0.087 0.081 0.097 0.175 0.289 0.308
0.000 0.000 0.000 0.000 0.000 0.000 0.000 0.000 0.000 0.000 0.000 0.000 0.001 0.003 0.008 0.018 0.035 0.058 0.084 0.101 0.108 0.110 0.116 0.180 0.513 1.336 2.492 3.675 4.771 5.633 6.184 6.466 6.562 6.562 6.475 6.249 5.880 5.439 5.139 4.984 4.934 4.985 5.184 5.587 5.908 6.045 6.069 6.021 5.902 5.619 5.129 4.385 3.387 2.482 1.896 1.603 1.461 1.354 1.200 0.943 0.699 0.544 0.448 0.367 0.294 0.240 0.198 0.163 0.125 0.081 0.054 0.043 0.041 0.044 0.060 0.079 0.082
0.000 0.000 0.000 0.000 0.000 0.000 0.000 0.000 0.000 0.000 0.000 0.000 0.002 0.007 0.020 0.043 0.081 0.126 0.163 0.182 0.186 0.180 0.174 0.209 0.460 1.177 2.325 3.603 4.836 5.865 6.584 6.992 7.158 7.183 7.101 6.871 6.478 5.958 5.555 5.290 5.145 5.110 5.175 5.382 5.523 5.572 5.542 5.452 5.297 5.006 4.543 3.876 3.012 2.190 1.586 1.188 0.942 0.773 0.630 0.481 0.350 0.258 0.194 0.147 0.114 0.091 0.075 0.063 0.052 0.038 0.029 0.025 0.024 0.024 0.028 0.032 0.033
0.000 0.000 0.000 0.000 0.000 0.000 0.000 0.000 0.000 0.000 0.000 0.001 0.004 0.016 0.043 0.093 0.165 0.238 0.285 0.307 0.309 0.294 0.270 0.284 0.477 1.081 2.122 3.406 4.771 5.962 6.853 7.396 7.614 7.641 7.548 7.268 6.800 6.228 5.762 5.421 5.204 5.095 5.068 5.112 5.132 5.102 5.030 4.888 4.702 4.404 3.967 3.368 2.617 1.903 1.355 0.959 0.677 0.479 0.336 0.230 0.155 0.104 0.072 0.052 0.041 0.035 0.031 0.027 0.025 0.021 0.017 0.016 0.015 0.015 0.016 0.018 0.018
0.000 0.000 0.000 0.000 0.000 0.000 0.000 0.000 0.000 0.000 0.000 0.001 0.007 0.024 0.067 0.145 0.257 0.382 0.463 0.494 0.497 0.479 0.434 0.426 0.558 1.048 1.968 3.194 4.633 5.964 6.962 7.596 7.855 7.889 7.769 7.413 6.887 6.316 5.827 5.430 5.152 4.961 4.834 4.753 4.690 4.609 4.489 4.318 4.096 3.806 3.389 2.836 2.174 1.578 1.114 0.773 0.524 0.345 0.218 0.133 0.080 0.048 0.031 0.023 0.019 0.017 0.016 0.015 0.014 0.012 0.011 0.010 0.010 0.010 0.010 0.010 0.011
0.000 0.000 0.000 0.000 0.000 0.000 0.000 0.000 0.000 0.000 0.000 0.001 0.007 0.027 0.077 0.170 0.305 0.483 0.666 0.758 0.775 0.764 0.711 0.673 0.743 1.109 1.899 3.046 4.466 5.881 6.968 7.677 7.990 8.009 7.836 7.453 6.898 6.305 5.799 5.349 4.976 4.660 4.427 4.279 4.150 4.028 3.879 3.700 3.465 3.182 2.778 2.259 1.687 1.216 0.859 0.595 0.402 0.260 0.159 0.091 0.049 0.026 0.016 0.012 0.010 0.009 0.009 0.008 0.008 0.008 0.007 0.006 0.006 0.006 0.006 0.006 0.006
0.000 0.000 0.000 0.000 0.000 0.000 0.000 0.000 0.000 0.000 0.000 0.001 0.007 0.027 0.077 0.173 0.321 0.525 0.794 1.042 1.152 1.161 1.127 1.066 1.073 1.298 1.934 2.977 4.320 5.691 6.801 7.584 7.971 7.989 7.766 7.361 6.789 6.173 5.621 5.064 4.564 4.136 3.818 3.618 3.459 3.311 3.154 2.982 2.771 2.497 2.138 1.698 1.250 0.893 0.625 0.430 0.287 0.182 0.108 0.058 0.029 0.014 0.008 0.006 0.005 0.005 0.005 0.005 0.004 0.004 0.004 0.003 0.003 0.003 0.003 0.003 0.003
0.000 0.000 0.000 0.000 0.000 0.000 0.000 0.000 0.000 0.000 0.000 0.001 0.006 0.023 0.068 0.161 0.313 0.531 0.832 1.215 1.545 1.689 1.696 1.641 1.590 1.686 2.118 2.968 4.152 5.357 6.338 7.147 7.661 7.719 7.437 6.977 6.398 5.779 5.187 4.551 3.918 3.390 2.994 2.729 2.550 2.412 2.285 2.151 1.995 1.791 1.535 1.210 0.879 0.615 0.417 0.275 0.174 0.104 0.057 0.029 0.013 0.006 0.004 0.003 0.003 0.002 0.002 0.002 0.002 0.002 0.002 0.002 0.001 0.001 0.001 0.001 0.001
0.000 0.000 0.000 0.000 0.000 0.000 0.000 0.000 0.000 0.000 0.000 0.001 0.003 0.014 0.046 0.124 0.271 0.504 0.827 1.260 1.784 2.200 2.393 2.416 2.357 2.371 2.585 3.120 3.919 4.750 5.458 6.141 6.721 6.879 6.651 6.167 5.600 5.008 4.417 3.763 3.055 2.461 2.042 1.785 1.631 1.536 1.461 1.384 1.292 1.169 1.003 0.785 0.555 0.368 0.231 0.138 0.078 0.041 0.020 0.009 0.004 0.002 0.001 0.001 0.001 0.001 0.001 0.001 0.001 0.001 0.001 0.000 0.000 0.000 0.000 0.000 0.000
0.000 0.000 0.000 0.000 0.000 0.000 0.000 0.000 0.000 0.000 0.000 0.000 0.001 0.005 0.021 0.070 0.189 0.416 0.766 1.236 1.857 2.518 2.968 3.199 3.301 3.341 3.364 3.414 3.545 3.691 3.934 4.267 4.754 5.121 5.106 4.801 4.338 3.827 3.295 2.694 2.090 1.613 1.280 1.068 0.945 0.872 0.818 0.769 0.713 0.638 0.536 0.406 0.269 0.164 0.092 0.048 0.023 0.010 0.004 0.002 0.001 0.001 0.000 0.000 0.000 0.000 0.000 0.000 0.000 0.000 0.000 0.000 0.000 0.000 0.000 0.000 0.000
0.000 0.000 0.000 0.000 0.000 0.000 0.000 0.000 0.000 0.000 0.000 0.000 0.000 0.002 0.008 0.030 0.098 0.271 0.603 1.110 1.805 2.647 3.283 3.677 3.879 3.899 3.733 3.408 2.924 2.260 1.884 1.855 2.109 2.574 2.848 2.861 2.674 2.376 2.047 1.674 1.294 0.979 0.741 0.578 0.478 0.417 0.375 0.339 0.304 0.261 0.208 0.144 0.086 0.046 0.023 0.011 0.004 0.002 0.001 0.000 0.000 0.000 0.000 0.000 0.000 0.000 0.000 0.000 0.000 0.000 0.000 0.000 0.000 0.000 0.000 0.000 0.000
0.000 0.000 0.000 0.000 0.000 0.000 0.000 0.000 0.000 0.000 0.000 0.000 0.000 0.001 0.002 0.010 0.038 0.124 0.352 0.815 1.568 2.576 3.329 3.729 3.861 3.793 3.462 2.782 1.812 0.961 0.538 0.439 0.509 0.781 1.106 1.282 1.311 1.232 1.096 0.924 0.726 0.541 0.389 0.276 0.203 0.159 0.132 0.112 0.094 0.075 0.055 0.033 0.017 0.008 0.004 0.002 0.001 0.000 0.000 0.000 0.000 0.000 0.000 0.000 0.000 0.000 0.000 0.000 0.000 0.000 0.000 0.000 0.000 0.000 0.000 0.000 0.000
0.000 0.000 0.000 0.000 0.000 0.000 0.000 0.000 0.000 0.000 0.000 0.000 0.000 0.001 0.001 0.003 0.011 0.041 0.130 0.369 0.899 1.794 2.506 2.737 2.713 2.509 1.994 1.204 0.558 0.245 0.107 0.060 0.051 0.099 0.234 0.381 0.461 0.485 0.466 0.416 0.342 0.255 0.174 0.112 0.071 0.048 0.037 0.029 0.023 0.018 0.012 0.006 0.003 0.001 0.001 0.000 0.000 0.000 0.000 0.000 0.000 0.000 0.000 0.000 0.000 0.000 0.000 0.000 0.000 0.000 0.000 0.000 0.000 0.000 0.000 0.000 0.000
0.000 0.000 0.000 0.000 0.000 0.000 0.000 0.000 0.000 0.000 0.000 0.000 0.000 0.001 0.001 0.002 0.005 0.014 0.042 0.124 0.330 0.776 1.192 1.304 1.277 1.094 0.710 0.326 0.138 0.059 0.026 0.013 0.008 0.006 0.018 0.057 0.099 0.126 0.137 0.134 0.118 0.092 0.062 0.037 0.021 0.013 0.009 0.007 0.005 0.004 0.002 0.001 0.001 0.001 0.000 0.000 0.000 0.000 0.000 0.000 0.000 0.000 0.000 0.000 0.000 0.000 0.000 0.000 0.000 0.000 0.000 0.000 0.000 0.000 0.000 0.000 0.000
0.000 0.000 0.000 0.000 0.000 0.000 0.000 0.000 0.000 0.000 0.000 0.000 0.000 0.001 0.001 0.003 0.005 0.013 0.037 0.107 0.276 0.608 0.873 0.936 0.902 0.714 0.376 0.150 0.059 0.024 0.012 0.007 0.004 0.002 0.001 0.004 0.012 0.021 0.027 0.028 0.028 0.024 0.017 0.010 0.006 0.003 0.002 0.002 0.001 0.001 0.001 0.000 0.000 0.000 0.000 0.000 0.000 0.000 0.000 0.000 0.000 0.000 0.000 0.000 0.000 0.000 0.000 0.000 0.000 0.000 0.000 0.000 0.000 0.000 0.000 0.000 0.000
0.000 0.000 0.000 0.000 0.000 0.000 0.000 0.000 0.000 0.000 0.000 0.000 0.001 0.002 0.003 0.005 0.009 0.021 0.056 0.152 0.368 0.678 0.844 0.862 0.780 0.520 0.224 0.087 0.034 0.015 0.008 0.005 0.003 0.002 0.001 0.001 0.001 0.003 0.004 0.005 0.005 0.005 0.004 0.003 0.002 0.001 0.001 0.000 0.000 0.000 0.000 0.000 0.000 0.000 0.000 0.000 0.000 0.000 0.000 0.000 0.000 0.000 0.000 0.000 0.000 0.000 0.000 0.000 0.000 0.000 0.000 0.000 0.000 0.000 0.000 0.000 0.000
