RESULTS/r.avaflow_results/32_results/32_ascii/32_hflow10025.asc
ncols 506
nrows 317
xllcenter 498237.50
yllcenter 5580050.00
cellsize 12.50
NODATA_value -9999.000
[rows 170 to 203 of 317, columns 77 to 153 of 506]
0.000 0.000 0.000 0.000 0.000 0.000 0.000 0.000 0.000 0.000 0.000 0.000 0.000 0.000 0.000 0.000 0.000 0.000 0.000 0.000 0.000 0.000 0.001 0.004 0.010 0.018 0.022 0.023 0.023 0.023 0.023 0.023 0.022 0.020 0.020 0.023 0.033 0.057 0.078 0.084 0.083 0.072 0.057 0.051 0.051 0.059 0.074 0.098 0.144 0.247 0.452 0.841 1.583 2.510 3.050 3.149 3.138 3.189 3.286 3.318 3.288 3.186 2.973 2.660 2.234 1.756 1.353 1.028 0.771 0.571 0.419 0.306 0.222 0.160 0.115 0.081 0.057
0.000 0.000 0.000 0.000 0.000 0.000 0.000 0.000 0.000 0.000 0.000 0.000 0.000 0.000 0.000 0.000 0.000 0.000 0.000 0.001 0.001 0.002 0.005 0.013 0.024 0.033 0.037 0.038 0.038 0.038 0.038 0.038 0.036 0.034 0.034 0.039 0.058 0.095 0.123 0.131 0.128 0.113 0.097 0.093 0.104 0.143 0.214 0.323 0.518 0.849 1.350 2.105 2.981 3.574 3.747 3.721 3.677 3.675 3.703 3.704 3.646 3.489 3.220 2.840 2.340 1.833 1.414 1.078 0.812 0.606 0.449 0.330 0.241 0.174 0.125 0.088 0.062
0.000 0.000 0.000 0.000 0.000 0.000 0.000 0.000 0.000 0.000 0.000 0.000 0.000 0.000 0.000 0.000 0.000 0.001 0.002 0.003 0.005 0.009 0.017 0.032 0.046 0.053 0.057 0.059 0.060 0.060 0.060 0.059 0.057 0.055 0.055 0.064 0.093 0.143 0.182 0.195 0.195 0.185 0.176 0.188 0.253 0.404 0.628 0.933 1.397 2.074 2.852 3.562 4.014 4.171 4.165 4.121 4.083 4.045 4.019 3.980 3.890 3.696 3.377 2.938 2.393 1.878 1.456 1.117 0.847 0.637 0.474 0.350 0.255 0.184 0.132 0.093 0.066
0.000 0.000 0.000 0.000 0.000 0.000 0.000 0.000 0.000 0.000 0.000 0.000 0.000 0.000 0.000 0.000 0.001 0.003 0.005 0.009 0.014 0.024 0.040 0.060 0.073 0.081 0.085 0.088 0.089 0.090 0.090 0.089 0.086 0.084 0.085 0.097 0.133 0.194 0.252 0.287 0.308 0.324 0.347 0.431 0.656 1.027 1.494 2.065 2.806 3.585 4.205 4.558 4.660 4.629 4.519 4.426 4.376 4.318 4.258 4.185 4.058 3.828 3.470 2.988 2.416 1.904 1.484 1.145 0.874 0.660 0.492 0.363 0.264 0.190 0.136 0.096 0.068
0.000 0.000 0.000 0.000 0.000 0.000 0.000 0.000 0.000 0.000 0.000 0.000 0.000 0.000 0.000 0.001 0.003 0.007 0.012 0.019 0.030 0.047 0.072 0.094 0.109 0.118 0.125 0.129 0.131 0.132 0.132 0.130 0.127 0.124 0.126 0.139 0.176 0.247 0.335 0.418 0.495 0.576 0.701 0.978 1.469 2.116 2.809 3.501 4.150 4.673 5.025 5.153 5.146 5.048 4.835 4.673 4.590 4.511 4.431 4.336 4.181 3.919 3.522 3.005 2.422 1.919 1.502 1.164 0.890 0.673 0.502 0.370 0.269 0.194 0.138 0.098 0.069
0.000 0.000 0.000 0.000 0.000 0.000 0.000 0.000 0.000 0.000 0.000 0.000 0.000 0.000 0.001 0.003 0.007 0.013 0.022 0.034 0.052 0.079 0.112 0.138 0.156 0.170 0.179 0.184 0.187 0.188 0.188 0.187 0.183 0.177 0.176 0.187 0.227 0.310 0.440 0.599 0.772 0.978 1.322 1.937 2.767 3.587 4.209 4.678 5.079 5.376 5.539 5.579 5.559 5.414 5.135 4.872 4.732 4.647 4.564 4.457 4.277 3.981 3.546 2.997 2.418 1.922 1.509 1.170 0.895 0.677 0.504 0.372 0.271 0.195 0.140 0.099 0.070
0.000 0.000 0.000 0.000 0.000 0.000 0.000 0.000 0.000 0.000 0.000 0.000 0.000 0.000 0.002 0.006 0.012 0.022 0.036 0.055 0.083 0.121 0.164 0.197 0.222 0.240 0.252 0.259 0.263 0.264 0.264 0.262 0.256 0.243 0.236 0.243 0.282 0.380 0.553 0.802 1.119 1.539 2.235 3.320 4.340 5.008 5.349 5.554 5.748 5.891 5.948 5.949 5.888 5.717 5.419 5.079 4.870 4.765 4.677 4.552 4.338 4.009 3.554 2.986 2.410 1.919 1.508 1.166 0.893 0.675 0.502 0.370 0.270 0.195 0.139 0.099 0.069
0.000 0.000 0.000 0.000 0.000 0.000 0.000 0.000 0.000 0.000 0.000 0.000 0.000 0.000 0.002 0.008 0.017 0.032 0.054 0.084 0.126 0.181 0.237 0.281 0.313 0.335 0.350 0.360 0.364 0.365 0.365 0.360 0.349 0.326 0.304 0.303 0.331 0.426 0.626 0.956 1.436 2.126 3.242 4.676 5.665 6.121 6.235 6.235 6.255 6.286 6.284 6.245 6.136 5.948 5.668 5.301 5.025 4.880 4.769 4.604 4.360 4.012 3.540 2.957 2.384 1.894 1.486 1.149 0.878 0.663 0.493 0.363 0.265 0.192 0.138 0.098 0.069
0.000 0.000 0.000 0.000 0.000 0.000 0.000 0.000 0.000 0.000 0.000 0.000 0.000 0.000 0.002 0.008 0.019 0.037 0.068 0.118 0.185 0.267 0.341 0.398 0.439 0.466 0.482 0.492 0.496 0.497 0.495 0.487 0.469 0.430 0.382 0.362 0.373 0.447 0.651 1.053 1.686 2.592 4.038 5.678 6.614 6.907 6.885 6.736 6.626 6.570 6.518 6.446 6.316 6.124 5.871 5.522 5.218 5.016 4.841 4.630 4.354 3.978 3.483 2.886 2.324 1.843 1.444 1.117 0.852 0.642 0.476 0.351 0.257 0.187 0.134 0.096 0.068
0.000 0.000 0.000 0.000 0.000 0.000 0.000 0.000 0.000 0.000 0.000 0.000 0.000 0.000 0.002 0.008 0.019 0.037 0.073 0.140 0.251 0.387 0.486 0.559 0.609 0.640 0.658 0.665 0.668 0.668 0.663 0.651 0.622 0.562 0.475 0.421 0.413 0.460 0.644 1.092 1.867 2.948 4.570 6.348 7.245 7.420 7.313 7.053 6.865 6.752 6.661 6.561 6.423 6.248 6.023 5.705 5.373 5.121 4.888 4.623 4.295 3.875 3.351 2.756 2.223 1.761 1.380 1.067 0.812 0.610 0.452 0.334 0.245 0.179 0.129 0.092 0.065
0.000 0.000 0.000 0.000 0.000 0.000 0.000 0.000 0.000 0.000 0.000 0.000 0.000 0.000 0.002 0.007 0.016 0.034 0.068 0.139 0.279 0.505 0.682 0.772 0.831 0.866 0.884 0.889 0.890 0.889 0.880 0.859 0.814 0.727 0.596 0.489 0.454 0.477 0.629 1.089 1.974 3.197 4.834 6.649 7.590 7.719 7.536 7.204 6.976 6.823 6.697 6.588 6.471 6.327 6.125 5.836 5.489 5.186 4.902 4.577 4.180 3.698 3.136 2.568 2.078 1.649 1.293 0.998 0.759 0.569 0.423 0.313 0.231 0.170 0.123 0.088 0.062
0.000 0.000 0.000 0.000 0.000 0.000 0.000 0.000 0.000 0.000 0.000 0.000 0.000 0.000 0.001 0.004 0.009 0.021 0.047 0.110 0.254 0.541 0.882 1.048 1.115 1.155 1.172 1.177 1.175 1.170 1.156 1.121 1.053 0.936 0.762 0.590 0.512 0.511 0.631 1.086 2.037 3.377 4.979 6.688 7.689 7.852 7.629 7.249 7.002 6.843 6.707 6.587 6.485 6.358 6.179 5.916 5.568 5.214 4.872 4.477 4.014 3.455 2.857 2.325 1.880 1.497 1.177 0.910 0.694 0.522 0.390 0.291 0.216 0.159 0.115 0.082 0.058
0.000 0.000 0.000 0.000 0.000 0.000 0.000 0.000 0.000 0.000 0.000 0.000 0.000 0.000 0.000 0.001 0.003 0.006 0.016 0.051 0.169 0.474 0.989 1.341 1.464 1.512 1.533 1.537 1.536 1.527 1.499 1.444 1.350 1.206 0.993 0.760 0.623 0.593 0.678 1.112 2.097 3.543 5.120 6.611 7.615 7.848 7.651 7.272 6.996 6.808 6.672 6.572 6.484 6.367 6.201 5.951 5.605 5.204 4.801 4.337 3.796 3.171 2.577 2.077 1.664 1.318 1.035 0.803 0.617 0.469 0.354 0.267 0.199 0.146 0.105 0.075 0.053
0.000 0.000 0.000 0.000 0.000 0.000 0.000 0.000 0.000 0.000 0.000 0.000 0.000 0.000 0.000 0.000 0.001 0.001 0.003 0.014 0.074 0.334 0.947 1.573 1.850 1.949 1.977 1.980 1.977 1.958 1.915 1.840 1.722 1.551 1.316 1.043 0.845 0.774 0.823 1.205 2.167 3.685 5.199 6.414 7.296 7.647 7.557 7.256 6.941 6.733 6.569 6.480 6.402 6.308 6.181 5.953 5.611 5.184 4.704 4.165 3.553 2.919 2.359 1.887 1.498 1.177 0.916 0.706 0.540 0.412 0.315 0.240 0.182 0.135 0.098 0.069 0.048
0.000 0.000 0.000 0.000 0.000 0.000 0.000 0.000 0.000 0.000 0.000 0.000 0.000 0.000 0.000 0.000 0.000 0.001 0.001 0.004 0.029 0.202 0.796 1.676 2.168 2.387 2.483 2.501 2.490 2.466 2.410 2.316 2.180 1.995 1.754 1.465 1.236 1.119 1.130 1.426 2.288 3.769 5.176 6.116 6.767 7.195 7.263 7.124 6.843 6.586 6.346 6.235 6.200 6.181 6.101 5.898 5.578 5.141 4.611 4.011 3.348 2.730 2.195 1.746 1.375 1.071 0.823 0.626 0.472 0.356 0.270 0.208 0.162 0.124 0.092 0.065 0.045
0.000 0.000 0.000 0.000 0.000 0.000 0.000 0.000 0.000 0.000 0.000 0.000 0.000 0.000 0.000 0.000 0.000 0.001 0.001 0.003 0.014 0.108 0.577 1.551 2.325 2.705 2.916 3.033 3.064 3.046 2.997 2.895 2.749 2.563 2.328 2.062 1.846 1.715 1.696 1.900 2.555 3.778 5.015 5.759 6.234 6.608 6.785 6.789 6.625 6.345 5.981 5.756 5.700 5.745 5.792 5.705 5.468 5.062 4.523 3.884 3.199 2.590 2.071 1.636 1.280 0.985 0.746 0.556 0.411 0.301 0.221 0.165 0.130 0.105 0.083 0.062 0.042
0.000 0.000 0.000 0.000 0.000 0.000 0.000 0.000 0.000 0.000 0.000 0.000 0.000 0.000 0.000 0.000 0.001 0.001 0.002 0.004 0.011 0.056 0.352 1.222 2.285 2.883 3.223 3.448 3.584 3.628 3.611 3.547 3.428 3.263 3.057 2.846 2.694 2.609 2.588 2.686 3.057 3.843 4.811 5.431 5.812 6.053 6.198 6.255 6.186 5.950 5.495 5.037 4.841 4.877 5.068 5.228 5.170 4.887 4.396 3.762 3.077 2.482 1.975 1.552 1.202 0.912 0.678 0.494 0.355 0.251 0.172 0.116 0.083 0.068 0.060 0.050 0.036
0.000 0.000 0.000 0.000 0.000 0.000 0.000 0.000 0.000 0.000 0.000 0.000 0.000 0.000 0.000 0.001 0.001 0.003 0.005 0.009 0.016 0.040 0.191 0.819 2.016 2.932 3.404 3.736 3.977 4.111 4.149 4.127 4.059 3.956 3.817 3.661 3.550 3.498 3.495 3.537 3.707 4.097 4.711 5.191 5.465 5.599 5.660 5.667 5.615 5.402 4.972 4.360 3.936 3.831 4.003 4.366 4.568 4.481 4.128 3.584 2.950 2.385 1.904 1.490 1.137 0.846 0.614 0.437 0.303 0.204 0.129 0.076 0.044 0.030 0.025 0.022 0.017
0.000 0.000 0.000 0.000 0.000 0.000 0.000 0.000 0.000 0.000 0.000 0.000 0.000 0.000 0.001 0.002 0.004 0.007 0.013 0.020 0.029 0.049 0.122 0.487 1.522 2.778 3.465 3.896 4.239 4.463 4.568 4.588 4.563 4.509 4.426 4.309 4.194 4.122 4.100 4.115 4.188 4.367 4.690 4.995 5.160 5.215 5.239 5.185 5.106 4.896 4.511 3.914 3.368 3.085 3.072 3.301 3.636 3.758 3.619 3.265 2.774 2.272 1.839 1.440 1.078 0.781 0.551 0.379 0.252 0.156 0.087 0.044 0.022 0.012 0.008 0.006 0.004
0.000 0.000 0.000 0.000 0.000 0.000 0.000 0.000 0.000 0.000 0.000 0.000 0.000 0.001 0.002 0.004 0.009 0.018 0.031 0.045 0.058 0.073 0.116 0.317 1.042 2.378 3.380 3.944 4.380 4.698 4.880 4.948 4.956 4.935 4.880 4.784 4.655 4.542 4.467 4.435 4.446 4.495 4.624 4.805 4.909 4.923 4.887 4.791 4.662 4.453 4.101 3.575 3.031 2.646 2.473 2.478 2.630 2.771 2.809 2.701 2.424 2.036 1.642 1.274 0.930 0.646 0.439 0.291 0.179 0.097 0.046 0.021 0.009 0.005 0.003 0.002 0.001
0.000 0.000 0.000 0.000 0.000 0.000 0.000 0.000 0.000 0.000 0.000 0.000 0.000 0.001 0.004 0.011 0.024 0.043 0.067 0.090 0.106 0.120 0.147 0.273 0.775 1.911 3.106 3.856 4.393 4.797 5.064 5.192 5.230 5.229 5.190 5.092 4.948 4.797 4.667 4.589 4.552 4.533 4.558 4.625 4.657 4.644 4.571 4.446 4.273 4.048 3.719 3.276 2.775 2.387 2.126 1.980 1.910 1.883 1.840 1.789 1.675 1.439 1.100 0.790 0.544 0.356 0.226 0.139 0.079 0.040 0.018 0.008 0.004 0.002 0.001 0.001 0.001
0.000 0.000 0.000 0.000 0.000 0.000 0.000 0.000 0.000 0.000 0.000 0.000 0.001 0.003 0.010 0.026 0.052 0.087 0.127 0.161 0.185 0.203 0.224 0.315 0.686 1.552 2.693 3.601 4.299 4.811 5.164 5.350 5.402 5.403 5.367 5.254 5.096 4.925 4.778 4.653 4.560 4.491 4.451 4.428 4.408 4.356 4.243 4.102 3.908 3.673 3.361 2.980 2.530 2.160 1.877 1.657 1.468 1.300 1.146 1.003 0.858 0.686 0.472 0.295 0.183 0.113 0.070 0.042 0.024 0.013 0.006 0.003 0.002 0.001 0.001 0.001 0.001
0.000 0.000 0.000 0.000 0.000 0.000 0.000 0.000 0.000 0.000 0.000 0.000 0.002 0.006 0.021 0.053 0.098 0.151 0.211 0.267 0.309 0.341 0.370 0.445 0.736 1.394 2.343 3.277 4.083 4.718 5.151 5.404 5.483 5.472 5.425 5.299 5.140 4.969 4.811 4.674 4.533 4.382 4.267 4.190 4.123 4.039 3.901 3.742 3.541 3.310 3.015 2.669 2.270 1.915 1.624 1.381 1.157 0.939 0.735 0.553 0.399 0.267 0.160 0.089 0.051 0.031 0.020 0.012 0.007 0.004 0.003 0.002 0.001 0.001 0.001 0.000 0.000
0.000 0.000 0.000 0.000 0.000 0.000 0.000 0.000 0.000 0.000 0.000 0.000 0.002 0.009 0.031 0.079 0.151 0.232 0.321 0.412 0.488 0.552 0.611 0.694 0.917 1.421 2.182 3.043 3.844 4.537 5.039 5.353 5.482 5.475 5.414 5.286 5.135 4.971 4.796 4.632 4.433 4.200 4.015 3.897 3.803 3.692 3.540 3.363 3.165 2.942 2.663 2.344 1.980 1.634 1.347 1.103 0.876 0.654 0.453 0.290 0.172 0.095 0.050 0.027 0.015 0.010 0.006 0.004 0.003 0.002 0.001 0.001 0.001 0.001 0.000 0.000 0.000
0.000 0.000 0.000 0.000 0.000 0.000 0.000 0.000 0.000 0.000 0.000 0.000 0.002 0.009 0.033 0.091 0.189 0.313 0.453 0.599 0.726 0.840 0.950 1.070 1.260 1.620 2.210 2.968 3.695 4.333 4.838 5.193 5.365 5.380 5.334 5.217 5.076 4.915 4.721 4.503 4.237 3.931 3.685 3.529 3.400 3.264 3.110 2.939 2.753 2.545 2.295 2.003 1.662 1.318 1.028 0.785 0.566 0.374 0.225 0.122 0.062 0.030 0.015 0.008 0.005 0.003 0.002 0.002 0.001 0.001 0.001 0.001 0.000 0.000 0.000 0.000 0.000
0.000 0.000 0.000 0.000 0.000 0.000 0.000 0.000 0.000 0.000 0.000 0.000 0.002 0.009 0.031 0.090 0.210 0.390 0.608 0.834 1.035 1.213 1.381 1.550 1.744 2.017 2.439 3.032 3.655 4.180 4.604 4.925 5.108 5.151 5.118 5.029 4.911 4.755 4.540 4.275 3.939 3.565 3.262 3.047 2.881 2.737 2.597 2.449 2.290 2.110 1.896 1.636 1.316 0.974 0.680 0.450 0.276 0.154 0.076 0.035 0.017 0.008 0.004 0.002 0.002 0.001 0.001 0.001 0.001 0.001 0.000 0.000 0.000 0.000 0.000 0.000 0.000
0.000 0.000 0.000 0.000 0.000 0.000 0.000 0.000 0.000 0.000 0.000 0.000 0.001 0.006 0.024 0.080 0.217 0.461 0.789 1.125 1.422 1.678 1.904 2.113 2.320 2.550 2.842 3.244 3.711 4.099 4.395 4.611 4.743 4.782 4.759 4.690 4.593 4.453 4.227 3.936 3.557 3.117 2.735 2.452 2.250 2.110 2.006 1.899 1.781 1.640 1.462 1.234 0.939 0.624 0.377 0.207 0.101 0.043 0.017 0.007 0.004 0.002 0.001 0.001 0.001 0.001 0.000 0.000 0.000 0.000 0.000 0.000 0.000 0.000 0.000 0.000 0.000
0.000 0.000 0.000 0.000 0.000 0.000 0.000 0.000 0.000 0.000 0.000 0.000 0.001 0.003 0.016 0.067 0.219 0.532 0.997 1.489 1.904 2.244 2.524 2.760 2.964 3.148 3.342 3.583 3.835 4.022 4.158 4.255 4.311 4.326 4.309 4.233 4.129 3.997 3.772 3.485 3.103 2.629 2.203 1.881 1.648 1.484 1.366 1.268 1.166 1.042 0.890 0.706 0.484 0.284 0.150 0.069 0.027 0.010 0.003 0.001 0.001 0.000 0.000 0.000 0.000 0.000 0.000 0.000 0.000 0.000 0.000 0.000 0.000 0.000 0.000 0.000 0.000
0.000 0.000 0.000 0.000 0.000 0.000 0.000 0.000 0.000 0.000 0.000 0.000 0.000 0.002 0.012 0.057 0.222 0.593 1.172 1.860 2.476 2.923 3.248 3.496 3.679 3.810 3.916 4.005 4.044 3.998 3.937 3.895 3.853 3.809 3.750 3.656 3.550 3.410 3.201 2.936 2.590 2.160 1.752 1.423 1.168 0.981 0.835 0.706 0.584 0.467 0.356 0.251 0.152 0.079 0.037 0.015 0.006 0.002 0.001 0.000 0.000 0.000 0.000 0.000 0.000 0.000 0.000 0.000 0.000 0.000 0.000 0.000 0.000 0.000 0.000 0.000 0.000
0.000 0.000 0.000 0.000 0.000 0.000 0.000 0.000 0.000 0.000 0.000 0.000 0.000 0.001 0.009 0.050 0.221 0.631 1.281 2.104 2.998 3.655 4.057 4.299 4.440 4.507 4.523 4.437 4.240 3.975 3.736 3.535 3.357 3.204 3.079 2.973 2.862 2.727 2.552 2.327 2.047 1.714 1.368 1.061 0.808 0.615 0.464 0.340 0.238 0.157 0.098 0.057 0.029 0.014 0.006 0.003 0.001 0.000 0.000 0.000 0.000 0.000 0.000 0.000 0.000 0.000 0.000 0.000 0.000 0.000 0.000 0.000 0.000 0.000 0.000 0.000 0.000
0.000 0.000 0.000 0.000 0.000 0.000 0.000 0.000 0.000 0.000 0.000 0.000 0.000 0.001 0.007 0.045 0.215 0.641 1.323 2.215 3.342 4.304 4.881 5.156 5.242 5.228 5.091 4.783 4.349 3.918 3.556 3.217 2.893 2.612 2.393 2.242 2.125 2.011 1.878 1.712 1.516 1.289 1.030 0.770 0.545 0.371 0.243 0.151 0.088 0.048 0.025 0.012 0.005 0.002 0.001 0.001 0.000 0.000 0.000 0.000 0.000 0.000 0.000 0.000 0.000 0.000 0.000 0.000 0.000 0.000 0.000 0.000 0.000 0.000 0.000 0.000 0.000
0.000 0.000 0.000 0.000 0.000 0.000 0.000 0.000 0.000 0.000 0.000 0.000 0.001 0.001 0.006 0.039 0.199 0.620 1.314 2.237 3.495 4.786 5.594 5.930 5.979 5.876 5.559 5.029 4.413 3.873 3.398 2.945 2.510 2.121 1.805 1.578 1.428 1.313 1.207 1.096 0.982 0.858 0.703 0.518 0.345 0.214 0.124 0.068 0.034 0.016 0.007 0.003 0.001 0.001 0.000 0.000 0.000 0.000 0.000 0.000 0.000 0.000 0.000 0.000 0.000 0.000 0.000 0.000 0.000 0.000 0.000 0.000 0.000 0.000 0.000 0.000 0.000
0.000 0.000 0.000 0.000 0.000 0.000 0.000 0.000 0.000 0.000 0.000 0.001 0.002 0.003 0.006 0.026 0.145 0.513 1.191 2.156 3.478 4.999 6.018 6.443 6.478 6.272 5.782 5.111 4.407 3.792 3.226 2.681 2.170 1.704 1.306 1.008 0.817 0.693 0.601 0.529 0.476 0.432 0.375 0.288 0.187 0.109 0.059 0.029 0.013 0.006 0.002 0.001 0.000 0.000 0.000 0.000 0.000 0.000 0.000 0.000 0.000 0.000 0.000 0.000 0.000 0.000 0.000 0.000 0.000 0.000 0.000 0.000 0.000 0.000 0.000 0.000 0.000
0.000 0.000 0.000 0.000 0.000 0.000 0.000 0.000 0.000 0.001 0.002 0.003 0.004 0.005 0.007 0.011 0.052 0.261 0.787 1.692 3.014 4.693 5.981 6.565 6.624 6.383 5.820 5.102 4.370 3.690 3.025 2.394 1.814 1.296 0.870 0.570 0.387 0.277 0.210 0.168 0.150 0.144 0.138 0.118 0.080 0.045 0.023 0.011 0.005 0.002 0.001 0.000 0.000 0.000 0.000 0.000 0.000 0.000 0.000 0.000 0.000 0.000 0.000 0.000 0.000 0.000 0.000 0.000 0.000 0.000 0.000 0.000 0.000 0.000 0.000 0.000 0.000
