RESULTS/r.avaflow_results/32_results/32_ascii/32_hflow0035.asc
ncols 506
nrows 317
xllcenter 498237.50
yllcenter 5580050.00
cellsize 12.50
NODATA_value -9999.000
[rows 170 to 203 of 317, columns 154 to 230 of 506]
8.971 8.866 8.758 8.627 8.455 8.244 8.053 7.889 7.725 7.549 7.386 7.241 7.076 6.801 6.318 5.594 4.703 3.801 2.946 2.152 1.449 0.881 0.497 0.293 0.205 0.172 0.167 0.174 0.193 0.228 0.276 0.340 0.411 0.463 0.497 0.526 0.561 0.625 0.672 0.681 0.671 0.640 0.605 0.572 0.529 0.450 0.323 0.221 0.153 0.106 0.076 0.060 0.051 0.046 0.044 0.044 0.046 0.048 0.053 0.056 0.057 0.057 0.057 0.057 0.057 0.058 0.062 0.078 0.122 0.224 0.331 0.370 0.361 0.282 0.165 0.097 0.068
12.386 12.595 12.722 12.762 12.706 12.532 12.295 12.051 11.796 11.506 11.212 10.943 10.677 10.361 9.884 9.161 8.172 6.988 5.717 4.426 3.197 2.131 1.300 0.755 0.465 0.331 0.277 0.264 0.276 0.305 0.356 0.429 0.509 0.554 0.570 0.577 0.591 0.630 0.656 0.657 0.633 0.587 0.541 0.499 0.445 0.349 0.217 0.124 0.074 0.051 0.040 0.035 0.032 0.031 0.031 0.033 0.036 0.040 0.044 0.046 0.046 0.045 0.043 0.042 0.042 0.042 0.046 0.058 0.091 0.167 0.285 0.360 0.380 0.356 0.266 0.166 0.109
15.939 16.465 16.675 16.670 16.512 16.207 15.844 15.490 15.135 14.760 14.380 14.039 13.726 13.402 12.959 12.265 11.287 10.108 8.811 7.375 5.804 4.243 2.881 1.825 1.127 0.721 0.505 0.404 0.368 0.364 0.386 0.438 0.510 0.545 0.551 0.544 0.541 0.548 0.545 0.519 0.455 0.383 0.330 0.284 0.232 0.158 0.089 0.052 0.035 0.028 0.024 0.023 0.022 0.022 0.023 0.025 0.028 0.032 0.035 0.036 0.036 0.035 0.033 0.032 0.032 0.032 0.035 0.044 0.065 0.113 0.213 0.327 0.388 0.405 0.384 0.302 0.200
18.823 19.663 19.968 19.935 19.708 19.337 18.938 18.564 18.186 17.785 17.365 16.990 16.661 16.337 15.915 15.227 14.221 12.985 11.654 10.258 8.733 7.021 5.248 3.647 2.404 1.538 0.993 0.680 0.515 0.433 0.401 0.408 0.439 0.453 0.444 0.412 0.380 0.354 0.325 0.276 0.207 0.157 0.126 0.105 0.084 0.057 0.036 0.025 0.020 0.017 0.016 0.016 0.016 0.016 0.017 0.018 0.021 0.025 0.027 0.027 0.027 0.026 0.025 0.025 0.025 0.025 0.028 0.033 0.046 0.073 0.132 0.243 0.360 0.419 0.433 0.411 0.332
20.515 21.571 22.090 22.204 22.106 21.892 21.642 21.393 21.104 20.741 20.310 19.901 19.545 19.189 18.748 18.059 17.059 15.807 14.426 12.977 11.458 9.810 7.970 6.000 4.204 2.784 1.769 1.119 0.731 0.508 0.389 0.331 0.300 0.281 0.250 0.212 0.187 0.170 0.152 0.122 0.086 0.063 0.051 0.043 0.034 0.025 0.019 0.015 0.013 0.012 0.011 0.011 0.011 0.012 0.012 0.014 0.016 0.018 0.019 0.020 0.019 0.019 0.019 0.019 0.019 0.020 0.022 0.026 0.034 0.048 0.077 0.142 0.269 0.392 0.437 0.440 0.412
20.894 22.053 22.830 23.257 23.477 23.615 23.685 23.666 23.551 23.293 22.868 22.355 21.937 21.544 21.090 20.446 19.556 18.416 17.054 15.518 13.866 12.096 10.126 7.865 5.601 3.730 2.328 1.403 0.854 0.540 0.364 0.265 0.206 0.161 0.123 0.099 0.089 0.082 0.073 0.057 0.041 0.032 0.026 0.022 0.018 0.014 0.012 0.010 0.009 0.009 0.008 0.008 0.008 0.008 0.009 0.010 0.011 0.013 0.013 0.014 0.014 0.014 0.014 0.014 0.015 0.016 0.018 0.021 0.026 0.035 0.051 0.085 0.164 0.304 0.407 0.433 0.426
20.498 21.751 22.718 23.365 23.885 24.365 24.691 24.825 24.841 24.716 24.318 23.674 23.203 22.856 22.456 21.885 21.147 20.208 18.966 17.387 15.566 13.596 11.422 8.909 6.292 4.128 2.521 1.476 0.874 0.531 0.332 0.216 0.144 0.094 0.064 0.051 0.046 0.043 0.038 0.030 0.023 0.019 0.016 0.013 0.011 0.009 0.008 0.007 0.007 0.006 0.006 0.006 0.006 0.006 0.006 0.007 0.007 0.008 0.009 0.009 0.009 0.010 0.010 0.010 0.011 0.012 0.014 0.017 0.022 0.028 0.039 0.060 0.104 0.201 0.326 0.392 0.409
19.462 20.873 22.099 23.059 23.833 24.449 24.811 24.957 25.009 24.958 24.595 23.881 23.388 23.122 22.794 22.256 21.577 20.753 19.627 18.082 16.181 14.077 11.772 9.133 6.378 4.115 2.459 1.402 0.804 0.467 0.270 0.154 0.087 0.053 0.036 0.029 0.026 0.024 0.021 0.017 0.014 0.012 0.010 0.009 0.008 0.007 0.006 0.005 0.004 0.004 0.004 0.004 0.004 0.004 0.004 0.004 0.005 0.005 0.006 0.006 0.006 0.006 0.007 0.007 0.008 0.009 0.011 0.014 0.019 0.024 0.033 0.048 0.075 0.130 0.225 0.312 0.365
18.202 19.753 21.158 22.370 23.354 24.033 24.354 24.447 24.469 24.394 24.046 23.354 22.822 22.539 22.208 21.665 20.993 20.223 19.188 17.727 15.852 13.715 11.351 8.654 5.906 3.676 2.076 1.095 0.575 0.304 0.159 0.083 0.047 0.030 0.022 0.018 0.016 0.014 0.013 0.011 0.009 0.008 0.007 0.006 0.005 0.004 0.004 0.003 0.003 0.002 0.002 0.002 0.002 0.002 0.002 0.002 0.002 0.003 0.003 0.003 0.004 0.004 0.004 0.005 0.006 0.007 0.009 0.012 0.016 0.021 0.029 0.040 0.059 0.093 0.150 0.224 0.293
16.906 18.511 19.949 21.198 22.187 22.860 23.191 23.253 23.149 22.837 22.474 22.025 21.524 20.955 20.355 19.729 19.069 18.383 17.499 16.172 14.361 12.215 9.824 7.176 4.651 2.654 1.293 0.552 0.242 0.121 0.067 0.040 0.025 0.018 0.014 0.012 0.011 0.010 0.009 0.008 0.007 0.006 0.005 0.004 0.003 0.003 0.002 0.002 0.001 0.001 0.001 0.001 0.001 0.001 0.001 0.001 0.001 0.001 0.001 0.002 0.002 0.002 0.002 0.003 0.004 0.005 0.007 0.010 0.014 0.019 0.026 0.036 0.050 0.073 0.109 0.160 0.217
15.365 16.904 18.285 19.479 20.433 21.158 21.638 21.773 21.568 21.054 20.831 20.742 20.360 19.447 18.524 17.801 17.092 16.295 15.264 13.820 11.915 9.655 7.171 4.739 2.725 1.329 0.533 0.186 0.078 0.045 0.030 0.021 0.015 0.012 0.010 0.009 0.008 0.007 0.006 0.005 0.004 0.004 0.003 0.002 0.002 0.001 0.001 0.001 0.001 0.000 0.000 0.000 0.000 0.000 0.000 0.000 0.000 0.000 0.000 0.001 0.001 0.001 0.001 0.002 0.003 0.004 0.006 0.008 0.012 0.017 0.023 0.033 0.045 0.063 0.089 0.125 0.169
13.385 14.760 16.124 17.434 18.613 19.649 20.410 20.679 20.502 19.997 19.849 19.800 19.357 18.281 17.281 16.517 15.698 14.615 13.142 11.239 8.902 6.253 3.847 2.153 1.095 0.479 0.170 0.059 0.031 0.021 0.016 0.013 0.010 0.009 0.008 0.007 0.006 0.005 0.004 0.003 0.003 0.002 0.002 0.001 0.001 0.001 0.000 0.000 0.000 0.000 0.000 0.000 0.000 0.000 0.000 0.000 0.000 0.000 0.000 0.000 0.000 0.000 0.000 0.001 0.002 0.003 0.004 0.007 0.010 0.015 0.021 0.031 0.043 0.059 0.081 0.110 0.145
11.177 12.454 13.865 15.374 16.834 18.148 19.152 19.586 19.501 19.085 18.778 18.451 17.780 16.725 15.809 15.006 14.040 12.631 10.659 8.096 5.237 2.800 1.322 0.597 0.275 0.121 0.049 0.024 0.016 0.013 0.010 0.009 0.008 0.006 0.005 0.005 0.004 0.003 0.002 0.002 0.001 0.001 0.001 0.000 0.000 0.000 0.000 0.000 0.000 0.000 0.000 0.000 0.000 0.000 0.000 0.000 0.000 0.000 0.000 0.000 0.000 0.000 0.000 0.000 0.001 0.002 0.003 0.006 0.009 0.014 0.020 0.029 0.042 0.059 0.079 0.102 0.130
9.309 10.499 11.802 13.258 14.737 16.083 17.165 17.726 17.764 17.384 16.685 15.831 14.911 13.999 13.178 12.269 11.029 9.182 6.598 3.898 1.848 0.699 0.232 0.099 0.056 0.032 0.018 0.013 0.010 0.009 0.008 0.007 0.005 0.005 0.004 0.003 0.002 0.002 0.001 0.001 0.000 0.000 0.000 0.000 0.000 0.000 0.000 0.000 0.000 0.000 0.000 0.000 0.000 0.000 0.000 0.000 0.000 0.000 0.000 0.000 0.000 0.000 0.000 0.000 0.000 0.001 0.003 0.005 0.008 0.013 0.019 0.029 0.042 0.060 0.079 0.098 0.119
7.620 8.645 9.672 10.730 11.768 12.762 13.720 14.307 14.418 14.093 13.214 11.985 10.830 9.846 8.827 7.620 6.036 4.095 2.208 0.924 0.290 0.080 0.036 0.026 0.019 0.014 0.011 0.009 0.008 0.007 0.005 0.005 0.004 0.003 0.002 0.002 0.001 0.001 0.000 0.000 0.000 0.000 0.000 0.000 0.000 0.000 0.000 0.000 0.000 0.000 0.000 0.000 0.000 0.000 0.000 0.000 0.000 0.000 0.000 0.000 0.000 0.000 0.000 0.000 0.000 0.001 0.002 0.004 0.007 0.012 0.019 0.029 0.043 0.060 0.080 0.097 0.115
5.778 6.448 6.870 7.139 7.393 7.774 8.422 9.003 9.211 9.057 8.347 7.094 5.690 4.538 3.599 2.737 1.803 0.895 0.325 0.091 0.032 0.020 0.016 0.013 0.011 0.009 0.008 0.006 0.005 0.004 0.004 0.003 0.002 0.002 0.001 0.001 0.000 0.000 0.000 0.000 0.000 0.000 0.000 0.000 0.000 0.000 0.000 0.000 0.000 0.000 0.000 0.000 0.000 0.000 0.000 0.000 0.000 0.000 0.000 0.000 0.000 0.000 0.000 0.000 0.000 0.000 0.001 0.003 0.006 0.011 0.018 0.028 0.042 0.060 0.079 0.097 0.114
3.117 3.203 3.116 2.983 2.899 2.933 3.163 3.483 3.623 3.591 3.288 2.649 1.806 1.145 0.739 0.477 0.249 0.094 0.035 0.019 0.014 0.012 0.010 0.009 0.008 0.006 0.005 0.004 0.004 0.003 0.002 0.002 0.001 0.001 0.000 0.000 0.000 0.000 0.000 0.000 0.000 0.000 0.000 0.000 0.000 0.000 0.000 0.000 0.000 0.000 0.000 0.000 0.000 0.000 0.000 0.000 0.000 0.000 0.000 0.000 0.000 0.000 0.000 0.000 0.000 0.000 0.001 0.002 0.005 0.009 0.016 0.025 0.039 0.056 0.076 0.097 0.116
0.990 0.907 0.821 0.728 0.663 0.637 0.661 0.730 0.755 0.742 0.667 0.500 0.276 0.146 0.093 0.061 0.035 0.020 0.014 0.011 0.009 0.008 0.007 0.006 0.005 0.004 0.003 0.003 0.002 0.001 0.001 0.001 0.000 0.000 0.000 0.000 0.000 0.000 0.000 0.000 0.000 0.000 0.000 0.000 0.000 0.000 0.000 0.000 0.000 0.000 0.000 0.000 0.000 0.000 0.000 0.000 0.000 0.000 0.000 0.000 0.000 0.000 0.000 0.000 0.000 0.000 0.000 0.002 0.004 0.007 0.013 0.021 0.034 0.050 0.071 0.096 0.123
0.204 0.170 0.155 0.142 0.127 0.118 0.115 0.118 0.116 0.112 0.099 0.073 0.043 0.030 0.023 0.018 0.014 0.011 0.009 0.008 0.007 0.006 0.005 0.004 0.003 0.003 0.002 0.001 0.001 0.001 0.000 0.000 0.000 0.000 0.000 0.000 0.000 0.000 0.000 0.000 0.000 0.000 0.000 0.000 0.000 0.000 0.000 0.000 0.000 0.000 0.000 0.000 0.000 0.000 0.000 0.000 0.000 0.000 0.000 0.000 0.000 0.000 0.000 0.000 0.000 0.000 0.000 0.001 0.002 0.005 0.010 0.016 0.027 0.042 0.065 0.098 0.140
0.051 0.045 0.043 0.042 0.039 0.036 0.034 0.033 0.031 0.030 0.027 0.022 0.017 0.014 0.012 0.011 0.009 0.008 0.007 0.006 0.005 0.004 0.003 0.002 0.002 0.001 0.001 0.000 0.000 0.000 0.000 0.000 0.000 0.000 0.000 0.000 0.000 0.000 0.000 0.000 0.000 0.000 0.000 0.000 0.000 0.000 0.000 0.000 0.000 0.000 0.000 0.000 0.000 0.000 0.000 0.000 0.000 0.000 0.000 0.000 0.000 0.000 0.000 0.000 0.000 0.000 0.000 0.000 0.001 0.003 0.006 0.012 0.020 0.034 0.057 0.095 0.148
0.022 0.021 0.021 0.020 0.019 0.018 0.017 0.016 0.015 0.014 0.013 0.012 0.011 0.009 0.008 0.007 0.006 0.005 0.004 0.004 0.003 0.002 0.002 0.001 0.001 0.000 0.000 0.000 0.000 0.000 0.000 0.000 0.000 0.000 0.000 0.000 0.000 0.000 0.000 0.000 0.000 0.000 0.000 0.000 0.000 0.000 0.000 0.000 0.000 0.000 0.000 0.000 0.000 0.000 0.000 0.000 0.000 0.000 0.000 0.000 0.000 0.000 0.000 0.000 0.000 0.000 0.000 0.000 0.001 0.002 0.004 0.008 0.014 0.024 0.044 0.080 0.137
0.014 0.013 0.013 0.012 0.012 0.011 0.010 0.010 0.009 0.009 0.009 0.008 0.007 0.007 0.006 0.005 0.004 0.003 0.003 0.002 0.002 0.001 0.001 0.000 0.000 0.000 0.000 0.000 0.000 0.000 0.000 0.000 0.000 0.000 0.000 0.000 0.000 0.000 0.000 0.000 0.000 0.000 0.000 0.000 0.000 0.000 0.000 0.000 0.000 0.000 0.000 0.000 0.000 0.000 0.000 0.000 0.000 0.000 0.000 0.000 0.000 0.000 0.000 0.000 0.000 0.000 0.000 0.000 0.000 0.001 0.002 0.005 0.009 0.015 0.027 0.051 0.096
0.009 0.009 0.008 0.008 0.008 0.007 0.007 0.007 0.006 0.006 0.006 0.005 0.005 0.004 0.004 0.003 0.002 0.002 0.001 0.001 0.001 0.000 0.000 0.000 0.000 0.000 0.000 0.000 0.000 0.000 0.000 0.000 0.000 0.000 0.000 0.000 0.000 0.000 0.000 0.000 0.000 0.000 0.000 0.000 0.000 0.000 0.000 0.000 0.000 0.000 0.000 0.000 0.000 0.000 0.000 0.000 0.000 0.000 0.000 0.000 0.000 0.000 0.000 0.000 0.000 0.000 0.000 0.000 0.000 0.000 0.001 0.003 0.005 0.009 0.016 0.027 0.048
0.005 0.005 0.005 0.005 0.005 0.004 0.004 0.004 0.004 0.004 0.003 0.003 0.003 0.002 0.002 0.002 0.001 0.001 0.000 0.000 0.000 0.000 0.000 0.000 0.000 0.000 0.000 0.000 0.000 0.000 0.000 0.000 0.000 0.000 0.000 0.000 0.000 0.000 0.000 0.000 0.000 0.000 0.000 0.000 0.000 0.000 0.000 0.000 0.000 0.000 0.000 0.000 0.000 0.000 0.000 0.000 0.000 0.000 0.000 0.000 0.000 0.000 0.000 0.000 0.000 0.000 0.000 0.000 0.000 0.000 0.001 0.001 0.003 0.005 0.009 0.015 0.023
0.003 0.003 0.003 0.003 0.003 0.002 0.002 0.002 0.002 0.002 0.002 0.002 0.001 0.001 0.001 0.001 0.000 0.000 0.000 0.000 0.000 0.000 0.000 0.000 0.000 0.000 0.000 0.000 0.000 0.000 0.000 0.000 0.000 0.000 0.000 0.000 0.000 0.000 0.000 0.000 0.000 0.000 0.000 0.000 0.000 0.000 0.000 0.000 0.000 0.000 0.000 0.000 0.000 0.000 0.000 0.000 0.000 0.000 0.000 0.000 0.000 0.000 0.000 0.000 0.000 0.000 0.000 0.000 0.000 0.000 0.000 0.001 0.001 0.003 0.005 0.008 0.013
0.001 0.001 0.001 0.001 0.001 0.001 0.001 0.001 0.001 0.001 0.001 0.000 0.000 0.000 0.000 0.000 0.000 0.000 0.000 0.000 0.000 0.000 0.000 0.000 0.000 0.000 0.000 0.000 0.000 0.000 0.000 0.000 0.000 0.000 0.000 0.000 0.000 0.000 0.000 0.000 0.000 0.000 0.000 0.000 0.000 0.000 0.000 0.000 0.000 0.000 0.000 0.000 0.000 0.000 0.000 0.000 0.000 0.000 0.000 0.000 0.000 0.000 0.000 0.000 0.000 0.000 0.000 0.000 0.000 0.000 0.000 0.000 0.001 0.001 0.003 0.004 0.007
0.000 0.000 0.000 0.000 0.000 0.000 0.000 0.000 0.000 0.000 0.000 0.000 0.000 0.000 0.000 0.000 0.000 0.000 0.000 0.000 0.000 0.000 0.000 0.000 0.000 0.000 0.000 0.000 0.000 0.000 0.000 0.000 0.000 0.000 0.000 0.000 0.000 0.000 0.000 0.000 0.000 0.000 0.000 0.000 0.000 0.000 0.000 0.000 0.000 0.000 0.000 0.000 0.000 0.000 0.000 0.000 0.000 0.000 0.000 0.000 0.000 0.000 0.000 0.000 0.000 0.000 0.000 0.000 0.000 0.000 0.000 0.000 0.000 0.001 0.001 0.002 0.004
0.000 0.000 0.000 0.000 0.000 0.000 0.000 0.000 0.000 0.000 0.000 0.000 0.000 0.000 0.000 0.000 0.000 0.000 0.000 0.000 0.000 0.000 0.000 0.000 0.000 0.000 0.000 0.000 0.000 0.000 0.000 0.000 0.000 0.000 0.000 0.000 0.000 0.000 0.000 0.000 0.000 0.000 0.000 0.000 0.000 0.000 0.000 0.000 0.000 0.000 0.000 0.000 0.000 0.000 0.000 0.000 0.000 0.000 0.000 0.000 0.000 0.000 0.000 0.000 0.000 0.000 0.000 0.000 0.000 0.000 0.000 0.000 0.000 0.000 0.000 0.001 0.002
0.000 0.000 0.000 0.000 0.000 0.000 0.000 0.000 0.000 0.000 0.000 0.000 0.000 0.000 0.000 0.000 0.000 0.000 0.000 0.000 0.000 0.000 0.000 0.000 0.000 0.000 0.000 0.000 0.000 0.000 0.000 0.000 0.000 0.000 0.000 0.000 0.000 0.000 0.000 0.000 0.000 0.000 0.000 0.000 0.000 0.000 0.000 0.000 0.000 0.000 0.000 0.000 0.000 0.000 0.000 0.000 0.000 0.000 0.000 0.000 0.000 0.000 0.000 0.000 0.000 0.000 0.000 0.000 0.000 0.000 0.000 0.000 0.000 0.000 0.000 0.000 0.001
0.000 0.000 0.000 0.000 0.000 0.000 0.000 0.000 0.000 0.000 0.000 0.000 0.000 0.000 0.000 0.000 0.000 0.000 0.000 0.000 0.000 0.000 0.000 0.000 0.000 0.000 0.000 0.000 0.000 0.000 0.000 0.000 0.000 0.000 0.000 0.000 0.000 0.000 0.000 0.000 0.000 0.000 0.000 0.000 0.000 0.000 0.000 0.000 0.000 0.000 0.000 0.000 0.000 0.000 0.000 0.000 0.000 0.000 0.000 0.000 0.000 0.000 0.000 0.000 0.000 0.000 0.000 0.000 0.000 0.000 0.000 0.000 0.000 0.000 0.000 0.000 0.000
0.000 0.000 0.000 0.000 0.000 0.000 0.000 0.000 0.000 0.000 0.000 0.000 0.000 0.000 0.000 0.000 0.000 0.000 0.000 0.000 0.000 0.000 0.000 0.000 0.000 0.000 0.000 0.000 0.000 0.000 0.000 0.000 0.000 0.000 0.000 0.000 0.000 0.000 0.000 0.000 0.000 0.000 0.000 0.000 0.000 0.000 0.000 0.000 0.000 0.000 0.000 0.000 0.000 0.000 0.000 0.000 0.000 0.000 0.000 0.000 0.000 0.000 0.000 0.000 0.000 0.000 0.000 0.000 0.000 0.000 0.000 0.000 0.000 0.000 0.000 0.000 0.000
0.000 0.000 0.000 0.000 0.000 0.000 0.000 0.000 0.000 0.000 0.000 0.000 0.000 0.000 0.000 0.000 0.000 0.000 0.000 0.000 0.000 0.000 0.000 0.000 0.000 0.000 0.000 0.000 0.000 0.000 0.000 0.000 0.000 0.000 0.000 0.000 0.000 0.000 0.000 0.000 0.000 0.000 0.000 0.000 0.000 0.000 0.000 0.000 0.000 0.000 0.000 0.000 0.000 0.000 0.000 0.000 0.000 0.000 0.000 0.000 0.000 0.000 0.000 0.000 0.000 0.000 0.000 0.000 0.000 0.000 0.000 0.000 0.000 0.000 0.000 0.000 0.000
0.000 0.000 0.000 0.000 0.000 0.000 0.000 0.000 0.000 0.000 0.000 0.000 0.000 0.000 0.000 0.000 0.000 0.000 0.000 0.000 0.000 0.000 0.000 0.000 0.000 0.000 0.000 0.000 0.000 0.000 0.000 0.000 0.000 0.000 0.000 0.000 0.000 0.000 0.000 0.000 0.000 0.000 0.000 0.000 0.000 0.000 0.000 0.000 0.000 0.000 0.000 0.000 0.000 0.000 0.000 0.000 0.000 0.000 0.000 0.000 0.000 0.000 0.000 0.000 0.000 0.000 0.000 0.000 0.000 0.000 0.000 0.000 0.000 0.000 0.000 0.000 0.000
0.000 0.000 0.000 0.000 0.000 0.000 0.000 0.000 0.000 0.000 0.000 0.000 0.000 0.000 0.000 0.000 0.000 0.000 0.000 0.000 0.000 0.000 0.000 0.000 0.000 0.000 0.000 0.000 0.000 0.000 0.000 0.000 0.000 0.000 0.000 0.000 0.000 0.000 0.000 0.000 0.000 0.000 0.000 0.000 0.000 0.000 0.000 0.000 0.000 0.000 0.000 0.000 0.000 0.000 0.000 0.000 0.000 0.000 0.000 0.000 0.000 0.000 0.000 0.000 0.000 0.000 0.000 0.000 0.000 0.000 0.000 0.000 0.000 0.000 0.000 0.000 0.000
