RESULTS/r.avaflow_results/32_results/32_ascii/32_hflow10021.asc
ncols 506
nrows 317
xllcenter 498237.50
yllcenter 5580050.00
cellsize 12.50
NODATA_value -9999.000
[rows 170 to 203 of 317, columns 77 to 153 of 506]
0.000 0.000 0.000 0.000 0.000 0.000 0.000 0.000 0.000 0.000 0.000 0.000 0.000 0.000 0.000 0.000 0.000 0.000 0.000 0.000 0.000 0.000 0.001 0.003 0.008 0.013 0.015 0.016 0.016 0.016 0.016 0.016 0.015 0.015 0.015 0.018 0.027 0.049 0.075 0.086 0.087 0.082 0.072 0.069 0.073 0.085 0.103 0.124 0.165 0.256 0.439 0.793 1.470 2.329 2.847 2.961 2.981 3.059 3.174 3.217 3.202 3.103 2.898 2.576 2.142 1.654 1.250 0.931 0.682 0.493 0.352 0.250 0.176 0.122 0.084 0.057 0.039
0.000 0.000 0.000 0.000 0.000 0.000 0.000 0.000 0.000 0.000 0.000 0.000 0.000 0.000 0.000 0.000 0.000 0.000 0.000 0.000 0.000 0.001 0.003 0.009 0.017 0.024 0.028 0.029 0.029 0.029 0.029 0.028 0.027 0.026 0.027 0.032 0.049 0.084 0.121 0.138 0.141 0.136 0.125 0.123 0.135 0.175 0.244 0.349 0.532 0.838 1.300 2.001 2.831 3.398 3.563 3.559 3.553 3.588 3.632 3.631 3.578 3.433 3.167 2.773 2.265 1.744 1.321 0.987 0.726 0.528 0.380 0.271 0.192 0.134 0.092 0.063 0.043
0.000 0.000 0.000 0.000 0.000 0.000 0.000 0.000 0.000 0.000 0.000 0.000 0.000 0.000 0.000 0.000 0.000 0.000 0.001 0.001 0.002 0.005 0.011 0.021 0.033 0.041 0.045 0.047 0.048 0.048 0.048 0.047 0.045 0.044 0.045 0.055 0.081 0.130 0.183 0.215 0.227 0.227 0.223 0.233 0.290 0.424 0.635 0.933 1.383 2.025 2.760 3.440 3.883 4.034 4.020 4.007 4.002 3.999 3.986 3.952 3.861 3.665 3.340 2.884 2.324 1.797 1.369 1.029 0.763 0.558 0.404 0.289 0.204 0.142 0.098 0.067 0.046
0.000 0.000 0.000 0.000 0.000 0.000 0.000 0.000 0.000 0.000 0.000 0.000 0.000 0.000 0.000 0.000 0.000 0.001 0.002 0.004 0.007 0.013 0.024 0.040 0.054 0.063 0.069 0.072 0.074 0.075 0.075 0.073 0.071 0.070 0.072 0.087 0.123 0.186 0.264 0.324 0.364 0.390 0.414 0.477 0.657 0.980 1.428 2.009 2.750 3.509 4.111 4.459 4.564 4.538 4.446 4.385 4.351 4.308 4.258 4.188 4.055 3.810 3.443 2.942 2.352 1.829 1.401 1.058 0.789 0.579 0.421 0.301 0.212 0.148 0.102 0.070 0.048
0.000 0.000 0.000 0.000 0.000 0.000 0.000 0.000 0.000 0.000 0.000 0.000 0.000 0.000 0.000 0.000 0.001 0.003 0.005 0.010 0.016 0.027 0.043 0.064 0.082 0.094 0.103 0.108 0.111 0.111 0.111 0.110 0.108 0.107 0.111 0.130 0.177 0.258 0.368 0.478 0.575 0.663 0.760 0.956 1.337 1.907 2.625 3.371 4.055 4.591 4.951 5.091 5.097 5.021 4.850 4.692 4.607 4.537 4.468 4.360 4.181 3.901 3.496 2.959 2.361 1.845 1.421 1.080 0.806 0.593 0.430 0.307 0.216 0.151 0.104 0.071 0.049
0.000 0.000 0.000 0.000 0.000 0.000 0.000 0.000 0.000 0.000 0.000 0.000 0.000 0.000 0.000 0.001 0.002 0.006 0.010 0.018 0.029 0.045 0.068 0.097 0.120 0.138 0.150 0.158 0.161 0.162 0.162 0.160 0.158 0.158 0.162 0.186 0.247 0.354 0.508 0.690 0.875 1.068 1.309 1.722 2.349 3.132 3.862 4.461 4.951 5.307 5.504 5.563 5.558 5.453 5.227 4.958 4.796 4.711 4.624 4.489 4.272 3.955 3.513 2.955 2.362 1.853 1.427 1.087 0.811 0.597 0.433 0.309 0.218 0.152 0.105 0.072 0.049
0.000 0.000 0.000 0.000 0.000 0.000 0.000 0.000 0.000 0.000 0.000 0.000 0.000 0.000 0.000 0.002 0.005 0.010 0.018 0.030 0.047 0.071 0.103 0.142 0.174 0.198 0.215 0.225 0.230 0.232 0.232 0.230 0.226 0.225 0.228 0.255 0.337 0.487 0.701 0.964 1.266 1.616 2.074 2.778 3.611 4.331 4.837 5.255 5.596 5.833 5.940 5.962 5.934 5.813 5.568 5.223 4.968 4.849 4.744 4.587 4.340 3.985 3.516 2.947 2.356 1.851 1.427 1.085 0.810 0.596 0.432 0.309 0.218 0.152 0.105 0.072 0.049
0.000 0.000 0.000 0.000 0.000 0.000 0.000 0.000 0.000 0.000 0.000 0.000 0.000 0.000 0.000 0.002 0.007 0.015 0.028 0.046 0.072 0.107 0.154 0.207 0.250 0.282 0.304 0.317 0.324 0.326 0.326 0.323 0.316 0.311 0.311 0.337 0.429 0.616 0.901 1.272 1.725 2.285 3.012 3.986 4.810 5.304 5.590 5.846 6.079 6.232 6.292 6.292 6.236 6.095 5.850 5.486 5.170 4.984 4.839 4.644 4.366 3.983 3.500 2.920 2.331 1.830 1.409 1.070 0.798 0.587 0.426 0.304 0.215 0.150 0.104 0.072 0.048
0.000 0.000 0.000 0.000 0.000 0.000 0.000 0.000 0.000 0.000 0.000 0.000 0.000 0.000 0.000 0.002 0.008 0.018 0.036 0.066 0.107 0.161 0.229 0.300 0.356 0.397 0.425 0.441 0.449 0.451 0.450 0.446 0.434 0.418 0.409 0.423 0.499 0.690 1.027 1.515 2.134 2.895 3.864 5.002 5.738 6.048 6.155 6.276 6.422 6.511 6.547 6.540 6.465 6.309 6.069 5.709 5.360 5.115 4.901 4.662 4.345 3.946 3.447 2.855 2.274 1.783 1.374 1.042 0.778 0.571 0.413 0.295 0.209 0.147 0.102 0.070 0.048
0.000 0.000 0.000 0.000 0.000 0.000 0.000 0.000 0.000 0.000 0.000 0.000 0.000 0.000 0.000 0.002 0.008 0.018 0.038 0.079 0.148 0.240 0.339 0.431 0.503 0.554 0.587 0.605 0.613 0.615 0.613 0.606 0.588 0.550 0.517 0.513 0.556 0.719 1.076 1.667 2.461 3.401 4.523 5.710 6.373 6.548 6.543 6.572 6.640 6.687 6.702 6.684 6.604 6.453 6.224 5.880 5.499 5.204 4.930 4.633 4.272 3.840 3.319 2.727 2.178 1.705 1.314 0.996 0.743 0.545 0.394 0.283 0.200 0.141 0.098 0.068 0.046
0.000 0.000 0.000 0.000 0.000 0.000 0.000 0.000 0.000 0.000 0.000 0.000 0.000 0.000 0.000 0.002 0.007 0.016 0.036 0.078 0.169 0.326 0.494 0.607 0.697 0.760 0.799 0.819 0.827 0.829 0.827 0.815 0.782 0.718 0.642 0.603 0.613 0.732 1.073 1.726 2.682 3.811 4.963 6.074 6.745 6.858 6.781 6.741 6.761 6.782 6.773 6.740 6.669 6.538 6.320 5.994 5.597 5.249 4.920 4.558 4.146 3.659 3.108 2.537 2.035 1.596 1.231 0.933 0.696 0.510 0.369 0.266 0.190 0.134 0.093 0.064 0.044
0.000 0.000 0.000 0.000 0.000 0.000 0.000 0.000 0.000 0.000 0.000 0.000 0.000 0.000 0.000 0.001 0.003 0.009 0.023 0.061 0.155 0.360 0.653 0.840 0.947 1.025 1.073 1.097 1.105 1.106 1.101 1.079 1.026 0.933 0.806 0.711 0.685 0.753 1.051 1.721 2.791 4.104 5.235 6.198 6.877 7.011 6.904 6.817 6.810 6.812 6.790 6.752 6.691 6.568 6.360 6.053 5.655 5.256 4.872 4.447 3.973 3.413 2.827 2.291 1.837 1.445 1.118 0.849 0.634 0.467 0.340 0.246 0.176 0.125 0.087 0.060 0.041
0.000 0.000 0.000 0.000 0.000 0.000 0.000 0.000 0.000 0.000 0.000 0.000 0.000 0.000 0.000 0.000 0.001 0.002 0.008 0.028 0.106 0.325 0.747 1.101 1.265 1.362 1.420 1.450 1.460 1.459 1.446 1.409 1.334 1.213 1.037 0.880 0.806 0.825 1.059 1.704 2.819 4.274 5.429 6.252 6.847 7.035 6.947 6.842 6.817 6.813 6.767 6.737 6.676 6.560 6.365 6.069 5.676 5.231 4.777 4.288 3.739 3.109 2.520 2.020 1.603 1.255 0.972 0.742 0.559 0.416 0.306 0.223 0.160 0.113 0.079 0.054 0.037
0.000 0.000 0.000 0.000 0.000 0.000 0.000 0.000 0.000 0.000 0.000 0.000 0.000 0.000 0.000 0.000 0.000 0.001 0.002 0.008 0.050 0.242 0.736 1.333 1.638 1.779 1.851 1.885 1.896 1.892 1.870 1.818 1.722 1.574 1.368 1.163 1.029 1.002 1.150 1.716 2.811 4.338 5.539 6.243 6.698 6.928 6.929 6.853 6.796 6.765 6.691 6.652 6.594 6.496 6.336 6.060 5.665 5.186 4.657 4.084 3.453 2.816 2.264 1.798 1.409 1.092 0.836 0.633 0.477 0.358 0.267 0.197 0.142 0.100 0.069 0.048 0.032
0.000 0.000 0.000 0.000 0.000 0.000 0.000 0.000 0.000 0.000 0.000 0.000 0.000 0.000 0.000 0.000 0.000 0.001 0.001 0.003 0.022 0.157 0.640 1.443 1.968 2.227 2.362 2.407 2.414 2.411 2.381 2.315 2.206 2.044 1.825 1.590 1.422 1.350 1.413 1.835 2.806 4.300 5.532 6.171 6.509 6.706 6.817 6.814 6.743 6.662 6.512 6.402 6.374 6.338 6.223 5.972 5.603 5.115 4.534 3.887 3.202 2.584 2.060 1.621 1.258 0.963 0.726 0.541 0.402 0.299 0.223 0.166 0.121 0.085 0.059 0.040 0.027
0.000 0.000 0.000 0.000 0.000 0.000 0.000 0.000 0.000 0.000 0.000 0.000 0.000 0.000 0.000 0.000 0.000 0.001 0.001 0.003 0.013 0.089 0.481 1.347 2.142 2.571 2.827 2.976 3.024 3.020 2.994 2.923 2.809 2.648 2.433 2.203 2.033 1.941 1.949 2.215 2.949 4.213 5.402 6.020 6.312 6.480 6.612 6.653 6.610 6.468 6.194 5.935 5.852 5.864 5.864 5.735 5.450 4.996 4.403 3.707 3.001 2.396 1.892 1.474 1.131 0.854 0.633 0.462 0.335 0.243 0.177 0.130 0.096 0.069 0.048 0.032 0.021
0.000 0.000 0.000 0.000 0.000 0.000 0.000 0.000 0.000 0.000 0.000 0.000 0.000 0.000 0.000 0.000 0.001 0.002 0.003 0.005 0.013 0.053 0.307 1.083 2.130 2.778 3.169 3.441 3.612 3.676 3.674 3.633 3.540 3.401 3.216 3.019 2.884 2.821 2.811 2.928 3.346 4.174 5.150 5.749 6.068 6.234 6.331 6.350 6.324 6.133 5.734 5.217 4.958 4.960 5.091 5.198 5.105 4.775 4.228 3.531 2.824 2.237 1.752 1.350 1.023 0.759 0.551 0.393 0.276 0.192 0.132 0.090 0.064 0.047 0.035 0.024 0.015
0.000 0.000 0.000 0.000 0.000 0.000 0.000 0.000 0.000 0.000 0.000 0.000 0.000 0.000 0.000 0.001 0.002 0.004 0.007 0.012 0.019 0.044 0.179 0.750 1.895 2.850 3.382 3.770 4.057 4.228 4.288 4.283 4.237 4.156 4.037 3.891 3.778 3.725 3.721 3.768 3.948 4.361 5.000 5.487 5.775 5.920 5.982 5.954 5.898 5.669 5.207 4.521 4.016 3.857 3.980 4.277 4.445 4.325 3.922 3.314 2.644 2.090 1.634 1.250 0.929 0.672 0.474 0.328 0.222 0.146 0.091 0.055 0.033 0.023 0.017 0.012 0.008
0.000 0.000 0.000 0.000 0.000 0.000 0.000 0.000 0.000 0.000 0.000 0.000 0.000 0.000 0.001 0.002 0.005 0.010 0.017 0.026 0.037 0.056 0.128 0.474 1.460 2.722 3.464 3.964 4.363 4.631 4.766 4.803 4.794 4.759 4.690 4.582 4.465 4.379 4.340 4.344 4.409 4.586 4.916 5.253 5.461 5.542 5.575 5.520 5.398 5.156 4.710 4.048 3.419 3.064 3.003 3.175 3.452 3.550 3.386 2.981 2.435 1.934 1.522 1.159 0.839 0.585 0.398 0.264 0.169 0.102 0.056 0.029 0.015 0.009 0.005 0.004 0.002
0.000 0.000 0.000 0.000 0.000 0.000 0.000 0.000 0.000 0.000 0.000 0.000 0.000 0.001 0.003 0.006 0.013 0.025 0.040 0.056 0.071 0.088 0.135 0.338 1.047 2.370 3.406 4.035 4.535 4.899 5.116 5.208 5.226 5.213 5.171 5.083 4.956 4.814 4.716 4.668 4.654 4.699 4.835 5.034 5.146 5.165 5.155 5.067 4.910 4.668 4.257 3.680 3.057 2.601 2.369 2.332 2.439 2.535 2.552 2.411 2.085 1.674 1.293 0.959 0.668 0.442 0.285 0.178 0.105 0.056 0.028 0.013 0.006 0.003 0.002 0.001 0.001
0.000 0.000 0.000 0.000 0.000 0.000 0.000 0.000 0.000 0.000 0.000 0.000 0.001 0.002 0.006 0.016 0.033 0.056 0.084 0.108 0.126 0.143 0.173 0.311 0.830 1.965 3.179 3.977 4.573 5.025 5.322 5.474 5.526 5.531 5.494 5.401 5.250 5.069 4.920 4.820 4.745 4.717 4.747 4.814 4.829 4.804 4.757 4.640 4.467 4.212 3.837 3.350 2.782 2.328 2.013 1.827 1.732 1.675 1.612 1.530 1.381 1.113 0.792 0.533 0.342 0.210 0.127 0.077 0.044 0.023 0.011 0.005 0.003 0.001 0.001 0.001 0.001
0.000 0.000 0.000 0.000 0.000 0.000 0.000 0.000 0.000 0.000 0.000 0.000 0.001 0.005 0.015 0.037 0.070 0.110 0.152 0.187 0.213 0.233 0.259 0.363 0.765 1.662 2.834 3.777 4.511 5.056 5.433 5.639 5.702 5.712 5.673 5.568 5.388 5.179 5.006 4.875 4.757 4.670 4.616 4.570 4.518 4.443 4.359 4.212 4.033 3.781 3.438 3.023 2.519 2.093 1.766 1.512 1.304 1.129 0.976 0.831 0.680 0.502 0.317 0.187 0.109 0.065 0.040 0.024 0.014 0.008 0.004 0.002 0.001 0.001 0.001 0.001 0.000
0.000 0.000 0.000 0.000 0.000 0.000 0.000 0.000 0.000 0.000 0.000 0.001 0.002 0.009 0.029 0.069 0.125 0.185 0.243 0.297 0.343 0.380 0.418 0.509 0.829 1.531 2.533 3.512 4.349 4.991 5.435 5.698 5.785 5.773 5.728 5.605 5.435 5.224 5.034 4.858 4.690 4.529 4.397 4.290 4.198 4.075 3.948 3.782 3.593 3.358 3.047 2.685 2.243 1.843 1.517 1.251 1.017 0.805 0.616 0.450 0.309 0.191 0.106 0.057 0.032 0.019 0.012 0.008 0.005 0.003 0.002 0.001 0.001 0.001 0.000 0.000 0.000
0.000 0.000 0.000 0.000 0.000 0.000 0.000 0.000 0.000 0.000 0.000 0.001 0.003 0.011 0.037 0.092 0.173 0.262 0.351 0.439 0.523 0.599 0.673 0.777 1.031 1.577 2.397 3.317 4.154 4.847 5.346 5.655 5.776 5.766 5.728 5.596 5.423 5.214 5.018 4.800 4.562 4.301 4.096 3.946 3.822 3.676 3.518 3.338 3.150 2.933 2.652 2.327 1.940 1.562 1.248 0.990 0.766 0.562 0.382 0.238 0.135 0.070 0.035 0.019 0.011 0.007 0.005 0.003 0.002 0.001 0.001 0.001 0.001 0.000 0.000 0.000 0.000
0.000 0.000 0.000 0.000 0.000 0.000 0.000 0.000 0.000 0.000 0.000 0.001 0.003 0.011 0.038 0.099 0.201 0.328 0.465 0.610 0.754 0.889 1.024 1.172 1.396 1.798 2.439 3.258 4.023 4.669 5.173 5.508 5.661 5.673 5.642 5.527 5.370 5.157 4.926 4.634 4.299 3.952 3.692 3.510 3.355 3.198 3.033 2.862 2.684 2.485 2.238 1.946 1.604 1.252 0.955 0.712 0.508 0.335 0.199 0.105 0.050 0.023 0.011 0.006 0.004 0.003 0.002 0.001 0.001 0.001 0.001 0.000 0.000 0.000 0.000 0.000 0.000
0.000 0.000 0.000 0.000 0.000 0.000 0.000 0.000 0.000 0.000 0.000 0.001 0.002 0.010 0.034 0.094 0.209 0.379 0.581 0.806 1.039 1.253 1.457 1.664 1.897 2.213 2.682 3.326 3.976 4.511 4.941 5.243 5.400 5.441 5.408 5.311 5.167 4.976 4.699 4.340 3.914 3.502 3.186 2.953 2.771 2.621 2.476 2.331 2.175 2.002 1.794 1.542 1.237 0.919 0.650 0.437 0.273 0.154 0.076 0.034 0.015 0.007 0.003 0.002 0.001 0.001 0.001 0.001 0.001 0.000 0.000 0.000 0.000 0.000 0.000 0.000 0.000
0.000 0.000 0.000 0.000 0.000 0.000 0.000 0.000 0.000 0.000 0.000 0.000 0.001 0.006 0.024 0.077 0.198 0.412 0.702 1.035 1.383 1.693 1.969 2.224 2.474 2.748 3.087 3.533 4.008 4.397 4.692 4.901 5.016 5.050 5.013 4.924 4.791 4.597 4.297 3.912 3.430 2.950 2.570 2.294 2.094 1.954 1.846 1.743 1.629 1.492 1.323 1.112 0.846 0.576 0.365 0.214 0.112 0.051 0.020 0.008 0.003 0.002 0.001 0.001 0.001 0.001 0.000 0.000 0.000 0.000 0.000 0.000 0.000 0.000 0.000 0.000 0.000
0.000 0.000 0.000 0.000 0.000 0.000 0.000 0.000 0.000 0.000 0.000 0.000 0.001 0.003 0.014 0.054 0.175 0.429 0.824 1.303 1.798 2.216 2.561 2.850 3.099 3.326 3.559 3.822 4.069 4.255 4.395 4.488 4.531 4.536 4.492 4.385 4.240 4.033 3.733 3.348 2.862 2.381 2.003 1.718 1.505 1.350 1.232 1.127 1.020 0.900 0.762 0.604 0.423 0.263 0.148 0.074 0.032 0.012 0.004 0.002 0.001 0.000 0.000 0.000 0.000 0.000 0.000 0.000 0.000 0.000 0.000 0.000 0.000 0.000 0.000 0.000 0.000
0.000 0.000 0.000 0.000 0.000 0.000 0.000 0.000 0.000 0.000 0.000 0.000 0.001 0.002 0.008 0.039 0.153 0.433 0.913 1.550 2.267 2.831 3.236 3.537 3.757 3.908 4.018 4.100 4.124 4.096 4.064 4.027 3.976 3.917 3.824 3.690 3.529 3.313 3.029 2.687 2.288 1.889 1.547 1.265 1.042 0.875 0.740 0.620 0.507 0.401 0.304 0.216 0.135 0.075 0.037 0.017 0.007 0.002 0.001 0.000 0.000 0.000 0.000 0.000 0.000 0.000 0.000 0.000 0.000 0.000 0.000 0.000 0.000 0.000 0.000 0.000 0.000
0.000 0.000 0.000 0.000 0.000 0.000 0.000 0.000 0.000 0.000 0.000 0.000 0.000 0.001 0.005 0.030 0.135 0.425 0.956 1.707 2.671 3.487 3.987 4.273 4.423 4.481 4.462 4.333 4.111 3.881 3.682 3.506 3.331 3.155 2.993 2.844 2.684 2.503 2.291 2.049 1.768 1.466 1.176 0.919 0.703 0.535 0.403 0.293 0.203 0.134 0.084 0.049 0.026 0.013 0.006 0.003 0.001 0.001 0.000 0.000 0.000 0.000 0.000 0.000 0.000 0.000 0.000 0.000 0.000 0.000 0.000 0.000 0.000 0.000 0.000 0.000 0.000
0.000 0.000 0.000 0.000 0.000 0.000 0.000 0.000 0.000 0.000 0.000 0.000 0.000 0.001 0.003 0.022 0.114 0.400 0.952 1.770 2.912 4.048 4.730 5.035 5.118 5.070 4.866 4.470 4.017 3.625 3.274 2.952 2.655 2.388 2.175 2.018 1.893 1.772 1.633 1.472 1.288 1.083 0.864 0.650 0.462 0.315 0.206 0.128 0.075 0.041 0.021 0.010 0.005 0.002 0.001 0.001 0.000 0.000 0.000 0.000 0.000 0.000 0.000 0.000 0.000 0.000 0.000 0.000 0.000 0.000 0.000 0.000 0.000 0.000 0.000 0.000 0.000
0.000 0.000 0.000 0.000 0.000 0.000 0.000 0.000 0.000 0.000 0.000 0.000 0.000 0.001 0.003 0.014 0.084 0.335 0.877 1.744 2.993 4.424 5.360 5.727 5.763 5.588 5.165 4.537 3.893 3.350 2.880 2.467 2.099 1.775 1.519 1.338 1.217 1.119 1.023 0.921 0.815 0.704 0.574 0.425 0.284 0.176 0.103 0.056 0.028 0.013 0.006 0.002 0.001 0.001 0.000 0.000 0.000 0.000 0.000 0.000 0.000 0.000 0.000 0.000 0.000 0.000 0.000 0.000 0.000 0.000 0.000 0.000 0.000 0.000 0.000 0.000 0.000
0.000 0.000 0.000 0.000 0.000 0.000 0.000 0.000 0.000 0.000 0.000 0.000 0.001 0.002 0.004 0.008 0.037 0.189 0.626 1.469 2.794 4.465 5.655 6.143 6.160 5.881 5.290 4.497 3.723 3.071 2.514 2.047 1.644 1.296 1.012 0.806 0.670 0.577 0.502 0.439 0.389 0.348 0.300 0.230 0.150 0.088 0.048 0.024 0.011 0.005 0.002 0.001 0.000 0.000 0.000 0.000 0.000 0.000 0.000 0.000 0.000 0.000 0.000 0.000 0.000 0.000 0.000 0.000 0.000 0.000 0.000 0.000 0.000 0.000 0.000 0.000 0.000
0.000 0.000 0.000 0.000 0.000 0.000 0.000 0.000 0.000 0.000 0.001 0.002 0.003 0.005 0.006 0.008 0.012 0.048 0.211 0.680 1.691 3.401 5.109 5.959 6.123 5.869 5.240 4.387 3.537 2.800 2.170 1.659 1.244 0.900 0.627 0.432 0.307 0.229 0.176 0.141 0.122 0.115 0.108 0.092 0.063 0.036 0.019 0.009 0.004 0.002 0.001 0.000 0.000 0.000 0.000 0.000 0.000 0.000 0.000 0.000 0.000 0.000 0.000 0.000 0.000 0.000 0.000 0.000 0.000 0.000 0.000 0.000 0.000 0.000 0.000 0.000 0.000
