RESULTS/r.avaflow_results/32_results/32_ascii/32_hflow0050.asc
ncols 506
nrows 317
xllcenter 498237.50
yllcenter 5580050.00
cellsize 12.50
NODATA_value -9999.000
[rows 170 to 203 of 317, columns 77 to 153 of 506]
0.000 0.000 0.000 0.000 0.000 0.000 0.000 0.000 0.000 0.000 0.000 0.000 0.000 0.000 0.001 0.001 0.002 0.002 0.002 0.002 0.002 0.002 0.003 0.009 0.027 0.050 0.059 0.060 0.059 0.056 0.051 0.044 0.035 0.024 0.016 0.011 0.008 0.007 0.006 0.005 0.004 0.004 0.004 0.006 0.013 0.033 0.069 0.117 0.193 0.342 0.628 1.164 2.190 3.490 4.400 4.874 5.249 5.861 6.827 8.116 9.780 11.639 13.209 14.295 14.843 14.924 14.802 14.602 14.314 13.786 12.902 11.807 10.832 10.130 9.658 9.315 9.064
0.000 0.000 0.000 0.000 0.000 0.000 0.000 0.000 0.000 0.000 0.000 0.000 0.000 0.001 0.003 0.005 0.007 0.009 0.010 0.011 0.011 0.012 0.018 0.036 0.065 0.087 0.092 0.091 0.088 0.084 0.076 0.066 0.051 0.035 0.024 0.018 0.014 0.012 0.010 0.009 0.009 0.009 0.011 0.021 0.058 0.145 0.275 0.440 0.696 1.117 1.754 2.706 3.814 4.666 5.155 5.497 5.897 6.574 7.615 9.054 10.897 12.712 14.045 14.858 15.214 15.162 14.934 14.587 14.197 13.659 12.957 12.355 12.021 11.921 11.919 11.962 12.086
0.000 0.000 0.000 0.000 0.000 0.000 0.000 0.000 0.000 0.000 0.000 0.001 0.002 0.004 0.008 0.012 0.017 0.023 0.028 0.032 0.035 0.043 0.063 0.095 0.123 0.134 0.134 0.132 0.128 0.120 0.110 0.094 0.073 0.050 0.035 0.026 0.021 0.019 0.017 0.016 0.017 0.021 0.037 0.095 0.254 0.526 0.852 1.229 1.772 2.554 3.439 4.267 4.874 5.245 5.497 5.806 6.257 6.959 8.021 9.533 11.448 13.129 14.282 14.951 15.221 15.138 14.907 14.602 14.295 13.989 13.735 13.709 13.788 13.880 14.003 14.357 15.051
0.000 0.000 0.000 0.000 0.000 0.000 0.000 0.000 0.000 0.000 0.001 0.002 0.005 0.010 0.016 0.024 0.033 0.044 0.056 0.069 0.083 0.105 0.142 0.177 0.191 0.192 0.190 0.186 0.178 0.168 0.153 0.132 0.102 0.070 0.049 0.037 0.031 0.029 0.028 0.029 0.037 0.063 0.150 0.383 0.813 1.367 1.934 2.555 3.340 4.160 4.831 5.277 5.513 5.625 5.713 5.958 6.409 7.106 8.164 9.665 11.557 13.158 14.221 14.840 15.077 15.045 14.930 14.844 14.885 15.006 15.086 15.106 15.120 15.174 15.422 16.128 17.388
0.000 0.000 0.000 0.000 0.000 0.000 0.000 0.000 0.000 0.000 0.001 0.004 0.009 0.017 0.027 0.040 0.055 0.075 0.097 0.124 0.155 0.197 0.240 0.263 0.267 0.266 0.262 0.255 0.245 0.230 0.210 0.181 0.141 0.098 0.068 0.052 0.044 0.042 0.044 0.054 0.089 0.199 0.508 1.097 1.886 2.689 3.421 4.094 4.736 5.281 5.675 5.882 5.964 5.925 5.848 6.015 6.441 7.125 8.159 9.612 11.406 12.875 13.859 14.479 14.844 15.058 15.256 15.469 15.690 15.847 15.874 15.815 15.803 15.982 16.503 17.475 18.911
0.000 0.000 0.000 0.000 0.000 0.000 0.000 0.000 0.000 0.000 0.002 0.006 0.013 0.023 0.038 0.058 0.084 0.116 0.154 0.199 0.252 0.305 0.342 0.356 0.359 0.357 0.352 0.343 0.330 0.310 0.283 0.245 0.193 0.135 0.093 0.070 0.060 0.059 0.067 0.100 0.200 0.513 1.246 2.349 3.393 4.237 4.847 5.330 5.747 6.051 6.228 6.322 6.318 6.143 5.941 5.985 6.334 6.991 7.971 9.324 10.942 12.262 13.220 13.960 14.588 15.098 15.475 15.729 15.917 16.017 15.997 15.929 15.941 16.255 17.001 18.080 19.391
0.000 0.000 0.000 0.000 0.000 0.000 0.000 0.000 0.000 0.000 0.002 0.006 0.014 0.027 0.045 0.071 0.107 0.156 0.221 0.298 0.369 0.424 0.457 0.468 0.471 0.470 0.465 0.455 0.438 0.413 0.378 0.329 0.263 0.184 0.125 0.092 0.079 0.079 0.094 0.158 0.375 1.025 2.366 3.891 4.909 5.581 5.983 6.268 6.489 6.628 6.704 6.702 6.574 6.294 6.010 5.945 6.161 6.713 7.599 8.812 10.250 11.492 12.488 13.386 14.232 14.902 15.282 15.460 15.563 15.562 15.466 15.362 15.388 15.799 16.665 17.805 19.057
0.000 0.000 0.000 0.000 0.000 0.000 0.000 0.000 0.000 0.000 0.002 0.006 0.015 0.028 0.048 0.077 0.119 0.180 0.268 0.388 0.494 0.560 0.595 0.610 0.614 0.612 0.606 0.594 0.574 0.542 0.498 0.437 0.353 0.250 0.168 0.120 0.101 0.099 0.113 0.189 0.488 1.454 3.372 5.157 6.138 6.639 6.861 6.993 7.079 7.113 7.094 6.980 6.741 6.393 6.059 5.911 6.007 6.426 7.172 8.209 9.456 10.649 11.723 12.717 13.552 14.112 14.350 14.393 14.355 14.209 13.989 13.804 13.781 14.202 15.173 16.501 17.918
0.000 0.000 0.000 0.000 0.000 0.000 0.000 0.000 0.000 0.000 0.002 0.006 0.014 0.028 0.048 0.078 0.122 0.188 0.289 0.440 0.612 0.718 0.767 0.789 0.794 0.793 0.785 0.769 0.742 0.701 0.646 0.571 0.471 0.340 0.226 0.156 0.125 0.118 0.128 0.201 0.518 1.651 4.028 6.115 7.075 7.430 7.526 7.570 7.543 7.464 7.334 7.143 6.846 6.464 6.103 5.904 5.934 6.239 6.807 7.607 8.593 9.655 10.727 11.661 12.296 12.647 12.711 12.606 12.399 12.077 11.715 11.493 11.544 12.123 13.264 14.769 16.428
0.000 0.000 0.000 0.000 0.000 0.000 0.000 0.000 0.000 0.000 0.001 0.005 0.012 0.026 0.046 0.076 0.120 0.188 0.292 0.457 0.693 0.890 0.981 1.013 1.020 1.019 1.009 0.985 0.948 0.897 0.827 0.737 0.619 0.460 0.305 0.203 0.152 0.136 0.142 0.207 0.516 1.676 4.324 6.774 7.770 8.005 8.036 7.993 7.851 7.653 7.439 7.201 6.901 6.539 6.166 5.930 5.902 6.109 6.512 7.063 7.726 8.469 9.314 10.058 10.483 10.649 10.572 10.354 10.050 9.694 9.396 9.334 9.689 10.552 11.831 13.352 15.036
0.000 0.000 0.000 0.000 0.000 0.000 0.000 0.000 0.000 0.000 0.001 0.002 0.007 0.018 0.037 0.066 0.109 0.174 0.276 0.445 0.707 1.028 1.226 1.285 1.294 1.290 1.276 1.246 1.198 1.134 1.051 0.942 0.799 0.612 0.411 0.265 0.184 0.156 0.156 0.209 0.497 1.630 4.328 7.065 8.243 8.424 8.387 8.236 7.990 7.719 7.447 7.191 6.920 6.619 6.270 6.001 5.908 6.005 6.248 6.576 6.965 7.379 7.831 8.211 8.431 8.490 8.383 8.188 7.951 7.718 7.568 7.666 8.213 9.210 10.515 11.973 13.566
0.000 0.000 0.000 0.000 0.000 0.000 0.000 0.000 0.000 0.000 0.000 0.001 0.003 0.008 0.019 0.040 0.073 0.124 0.208 0.359 0.630 1.050 1.426 1.582 1.609 1.606 1.590 1.555 1.498 1.421 1.322 1.189 1.017 0.802 0.551 0.353 0.230 0.179 0.172 0.209 0.454 1.487 4.105 7.032 8.450 8.697 8.571 8.325 7.998 7.703 7.406 7.131 6.892 6.641 6.370 6.107 5.932 5.890 5.982 6.144 6.330 6.501 6.627 6.683 6.688 6.637 6.518 6.370 6.222 6.117 6.112 6.345 6.949 7.916 9.129 10.448 11.834
0.000 0.000 0.000 0.000 0.000 0.000 0.000 0.000 0.000 0.000 0.000 0.000 0.001 0.002 0.005 0.013 0.026 0.048 0.087 0.180 0.414 0.891 1.503 1.833 1.936 1.960 1.948 1.911 1.850 1.761 1.640 1.481 1.277 1.031 0.743 0.488 0.309 0.220 0.199 0.224 0.416 1.275 3.652 6.726 8.395 8.767 8.623 8.323 7.960 7.609 7.303 7.056 6.830 6.613 6.405 6.177 5.954 5.797 5.748 5.762 5.803 5.818 5.729 5.583 5.423 5.270 5.110 4.965 4.853 4.798 4.864 5.160 5.742 6.576 7.578 8.671 9.823
0.000 0.000 0.000 0.000 0.000 0.000 0.000 0.000 0.000 0.000 0.000 0.000 0.000 0.000 0.001 0.003 0.006 0.011 0.021 0.050 0.170 0.583 1.376 1.978 2.212 2.297 2.312 2.292 2.238 2.141 2.000 1.819 1.591 1.316 1.000 0.689 0.447 0.305 0.258 0.269 0.426 1.130 3.154 6.190 8.022 8.602 8.551 8.251 7.858 7.424 7.086 6.877 6.694 6.525 6.366 6.178 5.956 5.733 5.568 5.448 5.372 5.280 5.088 4.848 4.599 4.363 4.142 3.954 3.817 3.742 3.774 4.004 4.478 5.140 5.939 6.895 7.991
0.000 0.000 0.000 0.000 0.000 0.000 0.000 0.000 0.000 0.000 0.000 0.000 0.000 0.000 0.000 0.001 0.001 0.003 0.005 0.011 0.053 0.306 1.079 1.988 2.406 2.577 2.642 2.642 2.608 2.533 2.397 2.202 1.959 1.668 1.332 0.977 0.677 0.471 0.384 0.379 0.501 1.079 2.707 5.417 7.309 8.079 8.191 8.004 7.630 7.129 6.733 6.522 6.428 6.374 6.284 6.112 5.907 5.672 5.434 5.218 5.035 4.862 4.627 4.344 4.046 3.750 3.466 3.221 3.038 2.919 2.865 2.928 3.183 3.659 4.359 5.285 6.371
0.000 0.000 0.000 0.000 0.000 0.000 0.000 0.000 0.000 0.000 0.000 0.000 0.000 0.000 0.000 0.000 0.001 0.002 0.003 0.005 0.019 0.141 0.723 1.786 2.479 2.762 2.898 2.953 2.952 2.912 2.817 2.638 2.394 2.099 1.756 1.377 1.032 0.770 0.638 0.616 0.708 1.171 2.357 4.434 6.311 7.246 7.495 7.431 7.171 6.679 6.179 5.900 5.832 5.889 5.976 5.946 5.817 5.595 5.329 5.054 4.786 4.543 4.268 3.950 3.617 3.285 2.960 2.671 2.444 2.279 2.144 2.065 2.118 2.392 2.929 3.745 4.739
0.000 0.000 0.000 0.000 0.000 0.000 0.000 0.000 0.000 0.000 0.000 0.000 0.000 0.000 0.000 0.000 0.001 0.002 0.004 0.006 0.014 0.063 0.392 1.333 2.354 2.847 3.073 3.207 3.266 3.267 3.216 3.092 2.886 2.611 2.283 1.908 1.546 1.260 1.090 1.046 1.103 1.415 2.203 3.613 5.223 6.168 6.488 6.497 6.375 6.011 5.472 5.035 4.874 4.957 5.241 5.522 5.585 5.465 5.209 4.906 4.592 4.293 3.973 3.623 3.259 2.899 2.557 2.253 1.998 1.793 1.603 1.435 1.361 1.438 1.727 2.231 2.748
0.000 0.000 0.000 0.000 0.000 0.000 0.000 0.000 0.000 0.000 0.000 0.000 0.000 0.000 0.000 0.001 0.003 0.005 0.008 0.013 0.020 0.042 0.188 0.812 1.962 2.797 3.156 3.375 3.520 3.580 3.573 3.505 3.365 3.162 2.898 2.569 2.229 1.962 1.786 1.713 1.722 1.883 2.345 3.207 4.403 5.186 5.476 5.513 5.464 5.254 4.857 4.344 4.010 3.969 4.218 4.730 5.083 5.135 4.981 4.707 4.396 4.079 3.747 3.378 2.972 2.579 2.223 1.916 1.654 1.421 1.201 0.982 0.831 0.773 0.831 0.999 1.072
0.000 0.000 0.000 0.000 0.000 0.000 0.000 0.000 0.000 0.000 0.000 0.000 0.000 0.000 0.001 0.004 0.007 0.013 0.022 0.030 0.037 0.051 0.106 0.414 1.354 2.548 3.155 3.469 3.706 3.841 3.883 3.861 3.783 3.654 3.469 3.220 2.934 2.708 2.563 2.496 2.486 2.531 2.708 3.147 3.908 4.498 4.752 4.809 4.795 4.683 4.408 3.945 3.523 3.335 3.389 3.762 4.280 4.522 4.525 4.370 4.130 3.846 3.538 3.176 2.724 2.294 1.934 1.627 1.361 1.114 0.874 0.638 0.451 0.341 0.294 0.289 0.262
0.000 0.000 0.000 0.000 0.000 0.000 0.000 0.000 0.000 0.000 0.000 0.000 0.000 0.001 0.004 0.010 0.020 0.035 0.051 0.063 0.070 0.075 0.097 0.226 0.799 2.026 2.998 3.465 3.781 4.012 4.130 4.160 4.139 4.069 3.937 3.736 3.483 3.267 3.128 3.059 3.036 3.047 3.122 3.321 3.711 4.095 4.282 4.336 4.333 4.267 4.067 3.696 3.272 2.996 2.904 3.025 3.363 3.655 3.793 3.799 3.689 3.479 3.204 2.863 2.432 2.005 1.647 1.344 1.073 0.815 0.569 0.348 0.201 0.125 0.091 0.074 0.062
0.000 0.000 0.000 0.000 0.000 0.000 0.000 0.000 0.000 0.000 0.000 0.000 0.001 0.003 0.010 0.026 0.051 0.081 0.106 0.120 0.124 0.122 0.124 0.180 0.515 1.452 2.609 3.322 3.776 4.109 4.321 4.411 4.424 4.394 4.299 4.120 3.873 3.654 3.499 3.402 3.348 3.333 3.356 3.448 3.659 3.883 4.001 4.033 4.023 3.960 3.800 3.503 3.117 2.827 2.659 2.606 2.663 2.759 2.828 2.867 2.857 2.732 2.483 2.167 1.828 1.484 1.176 0.907 0.667 0.451 0.266 0.134 0.069 0.043 0.032 0.027 0.024
0.000 0.000 0.000 0.000 0.000 0.000 0.000 0.000 0.000 0.000 0.000 0.000 0.002 0.008 0.026 0.063 0.114 0.160 0.192 0.209 0.211 0.203 0.193 0.218 0.427 1.071 2.089 2.964 3.626 4.101 4.428 4.595 4.628 4.615 4.542 4.371 4.124 3.901 3.739 3.607 3.508 3.453 3.449 3.489 3.616 3.740 3.800 3.815 3.797 3.722 3.574 3.324 2.984 2.694 2.493 2.348 2.237 2.137 2.030 1.900 1.770 1.618 1.393 1.125 0.890 0.683 0.501 0.350 0.232 0.141 0.077 0.039 0.023 0.018 0.016 0.014 0.013
0.000 0.000 0.000 0.000 0.000 0.000 0.000 0.000 0.000 0.000 0.000 0.001 0.004 0.018 0.057 0.128 0.211 0.273 0.318 0.343 0.350 0.343 0.326 0.333 0.476 0.936 1.707 2.553 3.325 3.969 4.421 4.679 4.750 4.730 4.658 4.491 4.279 4.059 3.884 3.722 3.587 3.492 3.470 3.489 3.562 3.619 3.631 3.627 3.598 3.510 3.360 3.138 2.838 2.550 2.322 2.123 1.931 1.729 1.496 1.234 0.995 0.787 0.597 0.428 0.295 0.200 0.133 0.086 0.053 0.032 0.020 0.013 0.011 0.010 0.009 0.009 0.008
0.000 0.000 0.000 0.000 0.000 0.000 0.000 0.000 0.000 0.000 0.000 0.001 0.006 0.026 0.085 0.197 0.327 0.420 0.491 0.538 0.560 0.565 0.557 0.559 0.650 0.979 1.568 2.306 3.057 3.737 4.283 4.640 4.773 4.759 4.684 4.529 4.351 4.148 3.964 3.771 3.607 3.489 3.437 3.443 3.475 3.488 3.474 3.451 3.399 3.299 3.139 2.933 2.663 2.376 2.125 1.890 1.646 1.364 1.041 0.736 0.501 0.334 0.218 0.138 0.083 0.049 0.031 0.020 0.013 0.009 0.007 0.006 0.006 0.005 0.005 0.005 0.005
0.000 0.000 0.000 0.000 0.000 0.000 0.000 0.000 0.000 0.000 0.000 0.001 0.007 0.028 0.094 0.232 0.428 0.594 0.714 0.801 0.855 0.884 0.903 0.924 0.990 1.199 1.629 2.250 2.944 3.565 4.095 4.505 4.708 4.717 4.667 4.527 4.371 4.180 3.999 3.785 3.590 3.444 3.355 3.334 3.341 3.333 3.316 3.269 3.181 3.064 2.902 2.705 2.448 2.121 1.788 1.490 1.189 0.859 0.549 0.331 0.195 0.114 0.067 0.039 0.022 0.012 0.007 0.005 0.004 0.003 0.003 0.003 0.003 0.003 0.003 0.003 0.003
0.000 0.000 0.000 0.000 0.000 0.000 0.000 0.000 0.000 0.000 0.000 0.001 0.006 0.026 0.089 0.235 0.486 0.777 0.988 1.142 1.248 1.319 1.374 1.429 1.500 1.641 1.920 2.371 2.959 3.517 3.968 4.324 4.549 4.594 4.577 4.478 4.353 4.189 4.001 3.771 3.539 3.342 3.206 3.141 3.128 3.123 3.103 3.037 2.934 2.797 2.617 2.384 2.051 1.581 1.113 0.759 0.495 0.298 0.165 0.089 0.050 0.029 0.017 0.010 0.005 0.003 0.002 0.002 0.001 0.001 0.001 0.001 0.001 0.001 0.001 0.001 0.001
0.000 0.000 0.000 0.000 0.000 0.000 0.000 0.000 0.000 0.000 0.000 0.001 0.004 0.019 0.072 0.216 0.504 0.939 1.314 1.565 1.750 1.881 1.980 2.067 2.158 2.267 2.434 2.717 3.128 3.579 3.937 4.191 4.359 4.415 4.417 4.356 4.271 4.144 3.957 3.724 3.458 3.193 2.986 2.860 2.801 2.777 2.757 2.708 2.613 2.463 2.224 1.882 1.395 0.863 0.472 0.247 0.124 0.059 0.028 0.016 0.010 0.006 0.004 0.002 0.001 0.001 0.001 0.001 0.000 0.000 0.000 0.000 0.000 0.000 0.000 0.000 0.000
0.000 0.000 0.000 0.000 0.000 0.000 0.000 0.000 0.000 0.000 0.000 0.000 0.002 0.010 0.047 0.181 0.503 1.051 1.659 2.089 2.383 2.583 2.727 2.842 2.938 3.023 3.124 3.273 3.498 3.769 3.996 4.146 4.228 4.256 4.247 4.191 4.114 4.005 3.836 3.623 3.352 3.027 2.723 2.500 2.364 2.283 2.221 2.157 2.049 1.858 1.551 1.132 0.687 0.352 0.158 0.065 0.026 0.010 0.005 0.003 0.002 0.001 0.001 0.001 0.000 0.000 0.000 0.000 0.000 0.000 0.000 0.000 0.000 0.000 0.000 0.000 0.000
0.000 0.000 0.000 0.000 0.000 0.000 0.000 0.000 0.000 0.000 0.000 0.000 0.001 0.005 0.031 0.153 0.505 1.129 1.908 2.584 3.091 3.413 3.608 3.741 3.832 3.890 3.934 3.980 4.040 4.092 4.126 4.146 4.141 4.114 4.063 3.992 3.903 3.793 3.641 3.448 3.195 2.866 2.495 2.158 1.903 1.720 1.560 1.401 1.219 0.988 0.714 0.438 0.225 0.098 0.039 0.014 0.005 0.002 0.001 0.001 0.000 0.000 0.000 0.000 0.000 0.000 0.000 0.000 0.000 0.000 0.000 0.000 0.000 0.000 0.000 0.000 0.000
0.000 0.000 0.000 0.000 0.000 0.000 0.000 0.000 0.000 0.000 0.000 0.000 0.001 0.003 0.023 0.140 0.515 1.185 2.029 2.906 3.654 4.161 4.460 4.628 4.718 4.748 4.741 4.696 4.618 4.482 4.320 4.182 4.061 3.942 3.838 3.749 3.657 3.548 3.410 3.226 2.993 2.683 2.304 1.894 1.536 1.257 1.023 0.806 0.601 0.408 0.239 0.119 0.051 0.020 0.008 0.003 0.001 0.001 0.000 0.000 0.000 0.000 0.000 0.000 0.000 0.000 0.000 0.000 0.000 0.000 0.000 0.000 0.000 0.000 0.000 0.000 0.000
0.000 0.000 0.000 0.000 0.000 0.000 0.000 0.000 0.000 0.000 0.000 0.000 0.001 0.003 0.021 0.138 0.527 1.217 2.063 3.036 4.019 4.746 5.189 5.408 5.477 5.479 5.431 5.288 5.060 4.765 4.469 4.200 3.944 3.712 3.537 3.424 3.348 3.264 3.147 2.982 2.768 2.485 2.119 1.680 1.253 0.913 0.646 0.435 0.271 0.152 0.075 0.032 0.012 0.004 0.001 0.001 0.000 0.000 0.000 0.000 0.000 0.000 0.000 0.000 0.000 0.000 0.000 0.000 0.000 0.000 0.000 0.000 0.000 0.000 0.000 0.000 0.000
0.000 0.000 0.000 0.000 0.000 0.000 0.000 0.000 0.000 0.000 0.000 0.000 0.001 0.003 0.022 0.140 0.533 1.221 2.064 3.047 4.193 5.162 5.772 6.057 6.123 6.089 5.959 5.705 5.337 4.925 4.541 4.183 3.806 3.425 3.118 2.925 2.840 2.785 2.705 2.583 2.418 2.204 1.891 1.465 1.007 0.652 0.402 0.232 0.123 0.059 0.025 0.009 0.003 0.001 0.001 0.000 0.000 0.000 0.000 0.000 0.000 0.000 0.000 0.000 0.000 0.000 0.000 0.000 0.000 0.000 0.000 0.000 0.000 0.000 0.000 0.000 0.000
0.001 0.001 0.001 0.002 0.002 0.001 0.001 0.001 0.001 0.001 0.002 0.002 0.004 0.006 0.023 0.134 0.506 1.173 2.006 2.980 4.171 5.331 6.115 6.481 6.557 6.508 6.287 5.908 5.443 4.984 4.554 4.122 3.632 3.085 2.592 2.243 2.060 1.967 1.882 1.790 1.701 1.609 1.443 1.136 0.737 0.426 0.232 0.119 0.056 0.024 0.009 0.003 0.001 0.001 0.000 0.000 0.000 0.000 0.000 0.000 0.000 0.000 0.000 0.000 0.000 0.000 0.000 0.000 0.000 0.000 0.000 0.000 0.000 0.000 0.000 0.000 0.000
0.002 0.002 0.002 0.002 0.002 0.002 0.002 0.002 0.002 0.003 0.004 0.005 0.006 0.008 0.017 0.091 0.385 0.982 1.803 2.777 3.990 5.306 6.231 6.678 6.768 6.684 6.398 5.968 5.477 4.988 4.482 3.945 3.354 2.671 2.014 1.512 1.192 1.001 0.871 0.780 0.737 0.725 0.707 0.611 0.410 0.223 0.112 0.052 0.022 0.009 0.003 0.001 0.001 0.000 0.000 0.000 0.000 0.000 0.000 0.000 0.000 0.000 0.000 0.000 0.000 0.000 0.000 0.000 0.000 0.000 0.000 0.000 0.000 0.000 0.000 0.000 0.000
