RESULTS/r.avaflow_results/32_results/32_ascii/32_hflow30056.asc
ncols 506
nrows 317
xllcenter 498237.50
yllcenter 5580050.00
cellsize 12.50
NODATA_value -9999.000
[rows 170 to 203 of 317, columns 154 to 230 of 506]
8.689 8.626 8.560 8.466 8.330 8.152 7.997 7.866 7.731 7.578 7.434 7.308 7.165 6.915 6.457 5.751 4.872 3.982 3.140 2.348 1.626 1.016 0.582 0.337 0.221 0.172 0.157 0.156 0.161 0.176 0.204 0.250 0.294 0.322 0.339 0.352 0.373 0.414 0.438 0.438 0.420 0.400 0.397 0.403 0.404 0.391 0.351 0.285 0.214 0.152 0.110 0.084 0.068 0.059 0.054 0.053 0.053 0.055 0.059 0.062 0.064 0.063 0.062 0.061 0.060 0.060 0.062 0.072 0.102 0.170 0.238 0.262 0.257 0.207 0.132 0.085 0.063
12.070 12.328 12.503 12.575 12.561 12.431 12.228 12.013 11.783 11.517 11.241 10.988 10.741 10.445 9.986 9.277 8.309 7.153 5.904 4.629 3.401 2.317 1.447 0.853 0.519 0.351 0.273 0.245 0.242 0.256 0.291 0.346 0.389 0.405 0.406 0.403 0.407 0.426 0.438 0.431 0.399 0.370 0.359 0.353 0.341 0.307 0.237 0.154 0.096 0.067 0.052 0.043 0.038 0.036 0.036 0.037 0.040 0.044 0.048 0.050 0.050 0.048 0.046 0.044 0.043 0.043 0.045 0.053 0.075 0.126 0.201 0.251 0.266 0.256 0.213 0.153 0.106
15.619 16.201 16.462 16.492 16.372 16.104 15.771 15.441 15.110 14.757 14.394 14.068 13.771 13.462 13.034 12.352 11.387 10.223 8.948 7.539 5.986 4.434 3.060 1.975 1.235 0.783 0.525 0.395 0.339 0.322 0.335 0.368 0.400 0.409 0.403 0.389 0.383 0.386 0.382 0.354 0.294 0.248 0.223 0.203 0.180 0.145 0.097 0.061 0.042 0.033 0.029 0.026 0.025 0.025 0.025 0.027 0.030 0.035 0.038 0.039 0.039 0.038 0.035 0.034 0.033 0.033 0.034 0.040 0.054 0.084 0.145 0.218 0.261 0.278 0.276 0.249 0.193
18.489 19.392 19.753 19.755 19.566 19.229 18.857 18.505 18.150 17.769 17.364 17.003 16.687 16.378 15.972 15.296 14.299 13.075 11.756 10.375 8.866 7.172 5.414 3.814 2.552 1.649 1.055 0.697 0.500 0.399 0.356 0.348 0.356 0.356 0.342 0.314 0.292 0.273 0.249 0.201 0.142 0.108 0.091 0.080 0.071 0.057 0.040 0.029 0.023 0.020 0.018 0.017 0.017 0.017 0.018 0.020 0.023 0.027 0.029 0.030 0.030 0.029 0.028 0.027 0.027 0.027 0.028 0.032 0.039 0.055 0.086 0.148 0.224 0.277 0.294 0.292 0.265
20.173 21.294 21.871 22.025 21.963 21.778 21.553 21.325 21.057 20.710 20.296 19.901 19.558 19.216 18.791 18.113 17.120 15.879 14.507 13.069 11.560 9.923 8.097 6.146 4.361 2.930 1.879 1.177 0.742 0.488 0.353 0.287 0.256 0.238 0.212 0.179 0.157 0.142 0.124 0.094 0.065 0.049 0.041 0.037 0.032 0.027 0.021 0.017 0.014 0.013 0.012 0.012 0.012 0.013 0.013 0.015 0.017 0.020 0.022 0.023 0.023 0.023 0.022 0.022 0.022 0.023 0.024 0.026 0.030 0.038 0.053 0.084 0.150 0.237 0.286 0.294 0.286
20.549 21.774 22.607 23.076 23.331 23.497 23.592 23.596 23.499 23.258 22.849 22.352 21.945 21.564 21.124 20.489 19.607 18.477 17.125 15.596 13.953 12.193 10.237 7.993 5.747 3.882 2.462 1.487 0.881 0.528 0.335 0.233 0.178 0.139 0.107 0.087 0.078 0.072 0.063 0.048 0.035 0.027 0.023 0.021 0.018 0.015 0.013 0.011 0.010 0.009 0.009 0.009 0.009 0.009 0.010 0.011 0.012 0.015 0.016 0.017 0.018 0.018 0.018 0.018 0.019 0.020 0.021 0.023 0.025 0.030 0.038 0.054 0.088 0.162 0.238 0.272 0.278
20.153 21.468 22.489 23.180 23.732 24.242 24.592 24.752 24.786 24.677 24.297 23.666 23.205 22.870 22.482 21.921 21.192 20.266 19.034 17.462 15.648 13.687 11.528 9.031 6.433 4.283 2.664 1.569 0.906 0.525 0.311 0.194 0.127 0.083 0.057 0.046 0.042 0.039 0.035 0.027 0.021 0.017 0.015 0.013 0.011 0.010 0.009 0.008 0.007 0.006 0.006 0.006 0.006 0.006 0.007 0.007 0.009 0.010 0.012 0.013 0.014 0.014 0.015 0.016 0.016 0.017 0.019 0.020 0.022 0.026 0.031 0.041 0.060 0.099 0.159 0.211 0.243
19.116 20.585 21.862 22.865 23.674 24.321 24.709 24.878 24.950 24.914 24.571 23.868 23.384 23.132 22.817 22.288 21.618 20.807 19.692 18.154 16.259 14.162 11.872 9.251 6.515 4.267 2.601 1.495 0.839 0.468 0.259 0.143 0.080 0.047 0.032 0.027 0.024 0.022 0.020 0.016 0.013 0.012 0.010 0.009 0.008 0.007 0.006 0.005 0.005 0.004 0.004 0.004 0.004 0.004 0.004 0.005 0.006 0.007 0.008 0.010 0.010 0.011 0.012 0.013 0.014 0.015 0.017 0.018 0.020 0.023 0.027 0.034 0.046 0.067 0.100 0.141 0.183
17.852 19.461 20.916 22.169 23.187 23.897 24.243 24.359 24.398 24.341 24.012 23.331 22.807 22.538 22.220 21.686 21.023 20.265 19.241 17.789 15.921 13.790 11.439 8.763 6.034 3.817 2.207 1.181 0.613 0.314 0.158 0.080 0.043 0.027 0.020 0.017 0.015 0.014 0.012 0.010 0.009 0.008 0.007 0.006 0.005 0.005 0.004 0.003 0.003 0.002 0.002 0.002 0.002 0.002 0.002 0.003 0.004 0.005 0.006 0.007 0.008 0.009 0.010 0.011 0.012 0.013 0.015 0.016 0.018 0.021 0.025 0.030 0.038 0.051 0.071 0.096 0.126
16.550 18.215 19.703 20.990 22.012 22.714 23.071 23.155 23.069 22.775 22.424 21.985 21.495 20.937 20.348 19.730 19.078 18.402 17.530 16.213 14.412 12.274 9.898 7.274 4.766 2.772 1.393 0.608 0.261 0.125 0.066 0.038 0.024 0.017 0.013 0.011 0.010 0.009 0.008 0.007 0.007 0.006 0.005 0.004 0.003 0.003 0.002 0.002 0.001 0.001 0.001 0.001 0.001 0.001 0.001 0.001 0.002 0.003 0.004 0.004 0.005 0.006 0.008 0.009 0.010 0.011 0.013 0.015 0.017 0.019 0.023 0.028 0.034 0.044 0.057 0.074 0.094
15.001 16.599 18.029 19.263 20.249 21.001 21.508 21.664 21.477 20.976 20.764 20.690 20.324 19.419 18.504 17.789 17.089 16.305 15.284 13.847 11.953 9.705 7.239 4.827 2.814 1.399 0.578 0.203 0.082 0.044 0.028 0.019 0.014 0.011 0.010 0.009 0.008 0.007 0.006 0.005 0.004 0.004 0.003 0.002 0.002 0.001 0.001 0.001 0.001 0.000 0.000 0.000 0.000 0.000 0.000 0.001 0.001 0.001 0.002 0.003 0.004 0.005 0.006 0.007 0.008 0.010 0.011 0.013 0.015 0.018 0.021 0.026 0.032 0.041 0.051 0.064 0.079
13.011 14.443 15.856 17.206 18.416 19.480 20.270 20.564 20.402 19.910 19.775 19.744 19.317 18.248 17.255 16.500 15.693 14.622 13.160 11.265 8.944 6.303 3.896 2.199 1.134 0.504 0.182 0.062 0.030 0.020 0.015 0.012 0.010 0.008 0.007 0.006 0.006 0.005 0.004 0.003 0.003 0.002 0.002 0.001 0.001 0.001 0.000 0.000 0.000 0.000 0.000 0.000 0.000 0.000 0.000 0.000 0.000 0.001 0.001 0.001 0.002 0.003 0.004 0.005 0.006 0.008 0.010 0.012 0.014 0.017 0.020 0.025 0.032 0.040 0.049 0.059 0.071
10.787 12.119 13.576 15.130 16.625 17.970 19.006 19.466 19.396 18.994 18.703 18.392 17.733 16.684 15.775 14.982 14.030 12.634 10.675 8.126 5.271 2.823 1.336 0.606 0.283 0.126 0.050 0.023 0.015 0.012 0.010 0.009 0.007 0.006 0.005 0.004 0.004 0.003 0.002 0.002 0.001 0.001 0.001 0.000 0.000 0.000 0.000 0.000 0.000 0.000 0.000 0.000 0.000 0.000 0.000 0.000 0.000 0.000 0.000 0.001 0.001 0.002 0.003 0.004 0.005 0.007 0.008 0.011 0.013 0.016 0.020 0.025 0.032 0.040 0.049 0.057 0.066
8.890 10.137 11.492 13.002 14.519 15.896 17.010 17.599 17.652 17.287 16.603 15.762 14.848 13.942 13.131 12.234 11.009 9.176 6.604 3.910 1.853 0.699 0.231 0.099 0.056 0.032 0.018 0.012 0.010 0.009 0.007 0.006 0.005 0.004 0.004 0.003 0.002 0.002 0.001 0.001 0.000 0.000 0.000 0.000 0.000 0.000 0.000 0.000 0.000 0.000 0.000 0.000 0.000 0.000 0.000 0.000 0.000 0.000 0.000 0.000 0.000 0.001 0.002 0.003 0.004 0.005 0.007 0.010 0.012 0.016 0.020 0.025 0.033 0.042 0.049 0.056 0.062
7.174 8.260 9.350 10.466 11.544 12.565 13.551 14.168 14.295 13.984 13.122 11.905 10.754 9.779 8.772 7.579 6.009 4.080 2.202 0.921 0.286 0.078 0.036 0.025 0.018 0.014 0.010 0.009 0.007 0.006 0.005 0.004 0.004 0.003 0.002 0.002 0.001 0.001 0.000 0.000 0.000 0.000 0.000 0.000 0.000 0.000 0.000 0.000 0.000 0.000 0.000 0.000 0.000 0.000 0.000 0.000 0.000 0.000 0.000 0.000 0.000 0.000 0.001 0.002 0.003 0.004 0.006 0.009 0.011 0.015 0.020 0.026 0.034 0.043 0.050 0.055 0.061
5.332 6.061 6.548 6.868 7.163 7.576 8.245 8.847 9.071 8.934 8.247 7.016 5.626 4.486 3.556 2.705 1.783 0.884 0.321 0.089 0.031 0.020 0.015 0.012 0.010 0.009 0.008 0.006 0.005 0.004 0.003 0.003 0.002 0.002 0.001 0.001 0.000 0.000 0.000 0.000 0.000 0.000 0.000 0.000 0.000 0.000 0.000 0.000 0.000 0.000 0.000 0.000 0.000 0.000 0.000 0.000 0.000 0.000 0.000 0.000 0.000 0.000 0.000 0.001 0.002 0.004 0.005 0.008 0.011 0.014 0.019 0.026 0.034 0.043 0.050 0.056 0.062
2.808 2.937 2.911 2.825 2.765 2.819 3.057 3.380 3.528 3.505 3.220 2.603 1.773 1.120 0.719 0.465 0.243 0.093 0.034 0.018 0.013 0.011 0.010 0.009 0.007 0.006 0.005 0.004 0.003 0.003 0.002 0.002 0.001 0.001 0.000 0.000 0.000 0.000 0.000 0.000 0.000 0.000 0.000 0.000 0.000 0.000 0.000 0.000 0.000 0.000 0.000 0.000 0.000 0.000 0.000 0.000 0.000 0.000 0.000 0.000 0.000 0.000 0.000 0.001 0.001 0.003 0.005 0.007 0.010 0.014 0.019 0.025 0.032 0.041 0.049 0.057 0.065
0.900 0.828 0.758 0.681 0.623 0.600 0.626 0.695 0.721 0.711 0.642 0.484 0.267 0.140 0.089 0.059 0.034 0.019 0.013 0.011 0.009 0.008 0.007 0.006 0.005 0.004 0.003 0.003 0.002 0.001 0.001 0.001 0.000 0.000 0.000 0.000 0.000 0.000 0.000 0.000 0.000 0.000 0.000 0.000 0.000 0.000 0.000 0.000 0.000 0.000 0.000 0.000 0.000 0.000 0.000 0.000 0.000 0.000 0.000 0.000 0.000 0.000 0.000 0.000 0.001 0.002 0.004 0.006 0.009 0.013 0.017 0.023 0.030 0.038 0.047 0.059 0.073
0.191 0.157 0.143 0.132 0.119 0.109 0.107 0.110 0.109 0.105 0.093 0.069 0.041 0.028 0.022 0.018 0.013 0.011 0.009 0.008 0.007 0.006 0.005 0.004 0.003 0.002 0.002 0.001 0.001 0.001 0.000 0.000 0.000 0.000 0.000 0.000 0.000 0.000 0.000 0.000 0.000 0.000 0.000 0.000 0.000 0.000 0.000 0.000 0.000 0.000 0.000 0.000 0.000 0.000 0.000 0.000 0.000 0.000 0.000 0.000 0.000 0.000 0.000 0.000 0.000 0.001 0.003 0.005 0.008 0.011 0.015 0.020 0.026 0.034 0.046 0.062 0.082
0.046 0.041 0.040 0.039 0.037 0.034 0.032 0.031 0.029 0.028 0.025 0.021 0.016 0.014 0.012 0.010 0.009 0.008 0.006 0.005 0.005 0.004 0.003 0.002 0.002 0.001 0.001 0.000 0.000 0.000 0.000 0.000 0.000 0.000 0.000 0.000 0.000 0.000 0.000 0.000 0.000 0.000 0.000 0.000 0.000 0.000 0.000 0.000 0.000 0.000 0.000 0.000 0.000 0.000 0.000 0.000 0.000 0.000 0.000 0.000 0.000 0.000 0.000 0.000 0.000 0.001 0.002 0.004 0.006 0.009 0.013 0.017 0.023 0.030 0.042 0.061 0.083
0.019 0.019 0.019 0.019 0.018 0.017 0.016 0.015 0.014 0.013 0.013 0.011 0.010 0.009 0.008 0.007 0.006 0.005 0.004 0.004 0.003 0.002 0.002 0.001 0.001 0.000 0.000 0.000 0.000 0.000 0.000 0.000 0.000 0.000 0.000 0.000 0.000 0.000 0.000 0.000 0.000 0.000 0.000 0.000 0.000 0.000 0.000 0.000 0.000 0.000 0.000 0.000 0.000 0.000 0.000 0.000 0.000 0.000 0.000 0.000 0.000 0.000 0.000 0.000 0.000 0.000 0.001 0.002 0.004 0.007 0.010 0.013 0.018 0.024 0.035 0.051 0.074
0.012 0.011 0.011 0.011 0.011 0.010 0.010 0.009 0.009 0.009 0.008 0.008 0.007 0.006 0.006 0.005 0.004 0.003 0.003 0.002 0.002 0.001 0.001 0.000 0.000 0.000 0.000 0.000 0.000 0.000 0.000 0.000 0.000 0.000 0.000 0.000 0.000 0.000 0.000 0.000 0.000 0.000 0.000 0.000 0.000 0.000 0.000 0.000 0.000 0.000 0.000 0.000 0.000 0.000 0.000 0.000 0.000 0.000 0.000 0.000 0.000 0.000 0.000 0.000 0.000 0.000 0.001 0.001 0.003 0.005 0.007 0.010 0.013 0.017 0.023 0.034 0.050
0.008 0.007 0.007 0.007 0.007 0.007 0.007 0.006 0.006 0.006 0.005 0.005 0.005 0.004 0.004 0.003 0.002 0.002 0.001 0.001 0.001 0.000 0.000 0.000 0.000 0.000 0.000 0.000 0.000 0.000 0.000 0.000 0.000 0.000 0.000 0.000 0.000 0.000 0.000 0.000 0.000 0.000 0.000 0.000 0.000 0.000 0.000 0.000 0.000 0.000 0.000 0.000 0.000 0.000 0.000 0.000 0.000 0.000 0.000 0.000 0.000 0.000 0.000 0.000 0.000 0.000 0.000 0.001 0.002 0.003 0.005 0.007 0.009 0.012 0.016 0.021 0.029
0.005 0.005 0.005 0.005 0.005 0.004 0.004 0.004 0.004 0.003 0.003 0.003 0.003 0.002 0.002 0.002 0.001 0.001 0.000 0.000 0.000 0.000 0.000 0.000 0.000 0.000 0.000 0.000 0.000 0.000 0.000 0.000 0.000 0.000 0.000 0.000 0.000 0.000 0.000 0.000 0.000 0.000 0.000 0.000 0.000 0.000 0.000 0.000 0.000 0.000 0.000 0.000 0.000 0.000 0.000 0.000 0.000 0.000 0.000 0.000 0.000 0.000 0.000 0.000 0.000 0.000 0.000 0.000 0.001 0.002 0.003 0.004 0.006 0.008 0.011 0.014 0.018
0.003 0.003 0.003 0.003 0.003 0.002 0.002 0.002 0.002 0.002 0.002 0.001 0.001 0.001 0.001 0.001 0.000 0.000 0.000 0.000 0.000 0.000 0.000 0.000 0.000 0.000 0.000 0.000 0.000 0.000 0.000 0.000 0.000 0.000 0.000 0.000 0.000 0.000 0.000 0.000 0.000 0.000 0.000 0.000 0.000 0.000 0.000 0.000 0.000 0.000 0.000 0.000 0.000 0.000 0.000 0.000 0.000 0.000 0.000 0.000 0.000 0.000 0.000 0.000 0.000 0.000 0.000 0.000 0.000 0.001 0.002 0.003 0.004 0.006 0.007 0.009 0.012
0.001 0.001 0.001 0.001 0.001 0.001 0.001 0.001 0.001 0.001 0.000 0.000 0.000 0.000 0.000 0.000 0.000 0.000 0.000 0.000 0.000 0.000 0.000 0.000 0.000 0.000 0.000 0.000 0.000 0.000 0.000 0.000 0.000 0.000 0.000 0.000 0.000 0.000 0.000 0.000 0.000 0.000 0.000 0.000 0.000 0.000 0.000 0.000 0.000 0.000 0.000 0.000 0.000 0.000 0.000 0.000 0.000 0.000 0.000 0.000 0.000 0.000 0.000 0.000 0.000 0.000 0.000 0.000 0.000 0.000 0.001 0.001 0.002 0.003 0.005 0.006 0.008
0.000 0.000 0.000 0.000 0.000 0.000 0.000 0.000 0.000 0.000 0.000 0.000 0.000 0.000 0.000 0.000 0.000 0.000 0.000 0.000 0.000 0.000 0.000 0.000 0.000 0.000 0.000 0.000 0.000 0.000 0.000 0.000 0.000 0.000 0.000 0.000 0.000 0.000 0.000 0.000 0.000 0.000 0.000 0.000 0.000 0.000 0.000 0.000 0.000 0.000 0.000 0.000 0.000 0.000 0.000 0.000 0.000 0.000 0.000 0.000 0.000 0.000 0.000 0.000 0.000 0.000 0.000 0.000 0.000 0.000 0.000 0.001 0.001 0.002 0.003 0.004 0.005
0.000 0.000 0.000 0.000 0.000 0.000 0.000 0.000 0.000 0.000 0.000 0.000 0.000 0.000 0.000 0.000 0.000 0.000 0.000 0.000 0.000 0.000 0.000 0.000 0.000 0.000 0.000 0.000 0.000 0.000 0.000 0.000 0.000 0.000 0.000 0.000 0.000 0.000 0.000 0.000 0.000 0.000 0.000 0.000 0.000 0.000 0.000 0.000 0.000 0.000 0.000 0.000 0.000 0.000 0.000 0.000 0.000 0.000 0.000 0.000 0.000 0.000 0.000 0.000 0.000 0.000 0.000 0.000 0.000 0.000 0.000 0.000 0.000 0.001 0.002 0.002 0.003
0.000 0.000 0.000 0.000 0.000 0.000 0.000 0.000 0.000 0.000 0.000 0.000 0.000 0.000 0.000 0.000 0.000 0.000 0.000 0.000 0.000 0.000 0.000 0.000 0.000 0.000 0.000 0.000 0.000 0.000 0.000 0.000 0.000 0.000 0.000 0.000 0.000 0.000 0.000 0.000 0.000 0.000 0.000 0.000 0.000 0.000 0.000 0.000 0.000 0.000 0.000 0.000 0.000 0.000 0.000 0.000 0.000 0.000 0.000 0.000 0.000 0.000 0.000 0.000 0.000 0.000 0.000 0.000 0.000 0.000 0.000 0.000 0.000 0.000 0.001 0.001 0.002
0.000 0.000 0.000 0.000 0.000 0.000 0.000 0.000 0.000 0.000 0.000 0.000 0.000 0.000 0.000 0.000 0.000 0.000 0.000 0.000 0.000 0.000 0.000 0.000 0.000 0.000 0.000 0.000 0.000 0.000 0.000 0.000 0.000 0.000 0.000 0.000 0.000 0.000 0.000 0.000 0.000 0.000 0.000 0.000 0.000 0.000 0.000 0.000 0.000 0.000 0.000 0.000 0.000 0.000 0.000 0.000 0.000 0.000 0.000 0.000 0.000 0.000 0.000 0.000 0.000 0.000 0.000 0.000 0.000 0.000 0.000 0.000 0.000 0.000 0.000 0.000 0.001
0.000 0.000 0.000 0.000 0.000 0.000 0.000 0.000 0.000 0.000 0.000 0.000 0.000 0.000 0.000 0.000 0.000 0.000 0.000 0.000 0.000 0.000 0.000 0.000 0.000 0.000 0.000 0.000 0.000 0.000 0.000 0.000 0.000 0.000 0.000 0.000 0.000 0.000 0.000 0.000 0.000 0.000 0.000 0.000 0.000 0.000 0.000 0.000 0.000 0.000 0.000 0.000 0.000 0.000 0.000 0.000 0.000 0.000 0.000 0.000 0.000 0.000 0.000 0.000 0.000 0.000 0.000 0.000 0.000 0.000 0.000 0.000 0.000 0.000 0.000 0.000 0.000
0.000 0.000 0.000 0.000 0.000 0.000 0.000 0.000 0.000 0.000 0.000 0.000 0.000 0.000 0.000 0.000 0.000 0.000 0.000 0.000 0.000 0.000 0.000 0.000 0.000 0.000 0.000 0.000 0.000 0.000 0.000 0.000 0.000 0.000 0.000 0.000 0.000 0.000 0.000 0.000 0.000 0.000 0.000 0.000 0.000 0.000 0.000 0.000 0.000 0.000 0.000 0.000 0.000 0.000 0.000 0.000 0.000 0.000 0.000 0.000 0.000 0.000 0.000 0.000 0.000 0.000 0.000 0.000 0.000 0.000 0.000 0.000 0.000 0.000 0.000 0.000 0.000
0.000 0.000 0.000 0.000 0.000 0.000 0.000 0.000 0.000 0.000 0.000 0.000 0.000 0.000 0.000 0.000 0.000 0.000 0.000 0.000 0.000 0.000 0.000 0.000 0.000 0.000 0.000 0.000 0.000 0.000 0.000 0.000 0.000 0.000 0.000 0.000 0.000 0.000 0.000 0.000 0.000 0.000 0.000 0.000 0.000 0.000 0.000 0.000 0.000 0.000 0.000 0.000 0.000 0.000 0.000 0.000 0.000 0.000 0.000 0.000 0.000 0.000 0.000 0.000 0.000 0.000 0.000 0.000 0.000 0.000 0.000 0.000 0.000 0.000 0.000 0.000 0.000
0.000 0.000 0.000 0.000 0.000 0.000 0.000 0.000 0.000 0.000 0.000 0.000 0.000 0.000 0.000 0.000 0.000 0.000 0.000 0.000 0.000 0.000 0.000 0.000 0.000 0.000 0.000 0.000 0.000 0.000 0.000 0.000 0.000 0.000 0.000 0.000 0.000 0.000 0.000 0.000 0.000 0.000 0.000 0.000 0.000 0.000 0.000 0.000 0.000 0.000 0.000 0.000 0.000 0.000 0.000 0.000 0.000 0.000 0.000 0.000 0.000 0.000 0.000 0.000 0.000 0.000 0.000 0.000 0.000 0.000 0.000 0.000 0.000 0.000 0.000 0.000 0.000
