RESULTS/r.avaflow_results/32_results/32_ascii/32_hflow30041.asc
ncols 506
nrows 317
xllcenter 498237.50
yllcenter 5580050.00
cellsize 12.50
NODATA_value -9999.000
[rows 170 to 203 of 317, columns 154 to 230 of 506]
8.790 8.711 8.627 8.518 8.366 8.174 8.004 7.862 7.719 7.558 7.407 7.276 7.128 6.876 6.415 5.707 4.830 3.947 3.114 2.328 1.611 1.005 0.571 0.325 0.209 0.158 0.141 0.139 0.143 0.154 0.178 0.215 0.252 0.276 0.293 0.307 0.330 0.375 0.407 0.413 0.405 0.394 0.397 0.414 0.423 0.416 0.383 0.321 0.247 0.177 0.126 0.095 0.076 0.065 0.060 0.058 0.058 0.060 0.063 0.066 0.067 0.067 0.066 0.063 0.060 0.058 0.059 0.068 0.096 0.154 0.204 0.221 0.214 0.170 0.112 0.076 0.060
12.185 12.425 12.580 12.640 12.607 12.456 12.238 12.013 11.775 11.501 11.221 10.967 10.717 10.419 9.958 9.246 8.277 7.120 5.876 4.606 3.380 2.297 1.426 0.830 0.495 0.326 0.248 0.219 0.214 0.226 0.255 0.301 0.337 0.351 0.353 0.354 0.361 0.388 0.407 0.406 0.386 0.364 0.359 0.361 0.354 0.325 0.258 0.172 0.109 0.075 0.058 0.048 0.042 0.039 0.039 0.040 0.043 0.046 0.050 0.051 0.051 0.049 0.047 0.044 0.041 0.041 0.043 0.050 0.071 0.117 0.180 0.217 0.229 0.221 0.187 0.141 0.102
15.725 16.285 16.526 16.543 16.408 16.124 15.779 15.442 15.103 14.746 14.381 14.053 13.754 13.444 13.014 12.331 11.366 10.202 8.927 7.518 5.965 4.409 3.030 1.941 1.197 0.743 0.485 0.356 0.300 0.284 0.294 0.322 0.350 0.357 0.352 0.343 0.344 0.353 0.356 0.336 0.287 0.245 0.223 0.206 0.185 0.152 0.105 0.067 0.046 0.036 0.031 0.028 0.026 0.026 0.027 0.029 0.032 0.036 0.038 0.039 0.039 0.037 0.034 0.032 0.031 0.031 0.032 0.037 0.051 0.079 0.134 0.193 0.228 0.245 0.247 0.227 0.184
18.597 19.474 19.813 19.803 19.598 19.246 18.865 18.507 18.146 17.761 17.354 16.991 16.674 16.364 15.957 15.281 14.284 13.059 11.740 10.360 8.849 7.150 5.384 3.775 2.505 1.594 0.997 0.639 0.445 0.350 0.311 0.304 0.312 0.313 0.302 0.281 0.267 0.255 0.237 0.195 0.140 0.108 0.091 0.081 0.073 0.060 0.042 0.031 0.024 0.021 0.019 0.018 0.018 0.018 0.019 0.021 0.024 0.027 0.029 0.029 0.029 0.027 0.026 0.025 0.024 0.025 0.026 0.029 0.037 0.052 0.081 0.135 0.199 0.246 0.264 0.265 0.246
20.282 21.376 21.929 22.069 21.992 21.796 21.562 21.328 21.055 20.706 20.289 19.892 19.548 19.206 18.780 18.102 17.108 15.867 14.494 13.055 11.545 9.905 8.074 6.115 4.312 2.866 1.804 1.095 0.666 0.426 0.305 0.249 0.224 0.211 0.191 0.164 0.147 0.135 0.121 0.094 0.065 0.049 0.042 0.037 0.033 0.028 0.022 0.018 0.015 0.014 0.013 0.013 0.013 0.013 0.013 0.015 0.017 0.019 0.021 0.021 0.021 0.020 0.020 0.019 0.020 0.020 0.022 0.024 0.028 0.036 0.050 0.078 0.135 0.213 0.257 0.267 0.262
20.657 21.854 22.663 23.116 23.358 23.514 23.600 23.597 23.497 23.253 22.842 22.342 21.935 21.554 21.114 20.479 19.597 18.467 17.114 15.584 13.939 12.175 10.216 7.970 5.704 3.819 2.385 1.399 0.796 0.460 0.286 0.199 0.154 0.123 0.097 0.081 0.075 0.070 0.062 0.048 0.035 0.028 0.024 0.021 0.019 0.016 0.014 0.012 0.010 0.010 0.009 0.009 0.009 0.009 0.010 0.010 0.012 0.014 0.015 0.015 0.015 0.015 0.015 0.015 0.016 0.017 0.018 0.020 0.023 0.028 0.036 0.051 0.082 0.147 0.215 0.247 0.255
20.253 21.544 22.544 23.219 23.759 24.257 24.600 24.753 24.783 24.672 24.290 23.657 23.196 22.861 22.473 21.912 21.183 20.256 19.023 17.450 15.635 13.669 11.507 9.011 6.394 4.222 2.588 1.481 0.820 0.457 0.265 0.165 0.109 0.074 0.052 0.043 0.041 0.039 0.035 0.028 0.022 0.018 0.015 0.014 0.012 0.010 0.009 0.008 0.007 0.007 0.006 0.006 0.006 0.006 0.007 0.007 0.008 0.009 0.010 0.011 0.011 0.011 0.012 0.012 0.013 0.014 0.016 0.018 0.020 0.024 0.030 0.039 0.057 0.092 0.146 0.194 0.225
19.207 20.656 21.915 22.904 23.700 24.336 24.716 24.880 24.947 24.909 24.564 23.860 23.376 23.124 22.809 22.280 21.610 20.798 19.682 18.143 16.248 14.146 11.853 9.233 6.480 4.210 2.529 1.413 0.761 0.409 0.222 0.122 0.069 0.043 0.031 0.026 0.024 0.022 0.020 0.017 0.014 0.012 0.011 0.009 0.008 0.007 0.006 0.005 0.005 0.004 0.004 0.004 0.004 0.004 0.004 0.004 0.005 0.006 0.007 0.007 0.008 0.008 0.009 0.010 0.010 0.012 0.013 0.015 0.018 0.021 0.026 0.033 0.044 0.064 0.095 0.131 0.171
17.940 19.529 20.967 22.205 23.211 23.911 24.250 24.362 24.398 24.337 24.007 23.325 22.802 22.532 22.214 21.680 21.017 20.258 19.234 17.781 15.912 13.778 11.424 8.749 6.003 3.766 2.146 1.118 0.558 0.277 0.138 0.070 0.039 0.025 0.019 0.016 0.015 0.014 0.012 0.011 0.010 0.008 0.007 0.007 0.006 0.005 0.004 0.003 0.003 0.002 0.002 0.002 0.002 0.002 0.002 0.002 0.003 0.003 0.004 0.005 0.005 0.006 0.006 0.007 0.008 0.009 0.011 0.013 0.016 0.019 0.023 0.029 0.038 0.050 0.069 0.092 0.120
16.639 18.284 19.753 21.025 22.035 22.728 23.078 23.158 23.069 22.772 22.421 21.983 21.494 20.935 20.345 19.728 19.076 18.402 17.530 16.210 14.406 12.265 9.888 7.261 4.735 2.731 1.354 0.578 0.240 0.113 0.059 0.034 0.022 0.016 0.013 0.011 0.010 0.009 0.009 0.008 0.007 0.006 0.005 0.004 0.004 0.003 0.002 0.002 0.002 0.001 0.001 0.001 0.001 0.001 0.001 0.001 0.001 0.002 0.002 0.003 0.003 0.004 0.004 0.005 0.006 0.008 0.009 0.011 0.014 0.017 0.022 0.027 0.034 0.044 0.056 0.072 0.091
15.092 16.669 18.080 19.299 20.273 21.018 21.517 21.670 21.481 20.979 20.767 20.692 20.325 19.421 18.507 17.793 17.093 16.310 15.289 13.848 11.950 9.698 7.232 4.814 2.791 1.377 0.563 0.195 0.077 0.041 0.027 0.018 0.014 0.011 0.009 0.009 0.008 0.007 0.006 0.005 0.005 0.004 0.003 0.003 0.002 0.002 0.001 0.001 0.001 0.000 0.000 0.000 0.000 0.000 0.000 0.000 0.000 0.001 0.001 0.001 0.002 0.002 0.003 0.004 0.005 0.006 0.008 0.010 0.013 0.016 0.020 0.026 0.033 0.041 0.052 0.064 0.079
13.099 14.510 15.907 17.243 18.443 19.499 20.282 20.571 20.408 19.916 19.780 19.747 19.320 18.252 17.261 16.506 15.699 14.630 13.165 11.267 8.942 6.301 3.895 2.196 1.126 0.497 0.178 0.060 0.029 0.020 0.015 0.011 0.010 0.008 0.007 0.006 0.006 0.005 0.004 0.003 0.003 0.002 0.002 0.001 0.001 0.001 0.000 0.000 0.000 0.000 0.000 0.000 0.000 0.000 0.000 0.000 0.000 0.000 0.000 0.000 0.001 0.001 0.002 0.003 0.004 0.005 0.007 0.009 0.012 0.015 0.019 0.025 0.032 0.041 0.051 0.061 0.073
10.873 12.185 13.629 15.170 16.654 17.991 19.019 19.474 19.403 19.001 18.709 18.396 17.738 16.691 15.783 14.990 14.040 12.644 10.682 8.130 5.276 2.830 1.343 0.608 0.282 0.125 0.049 0.023 0.015 0.012 0.010 0.008 0.007 0.006 0.005 0.004 0.004 0.003 0.002 0.002 0.001 0.001 0.001 0.000 0.000 0.000 0.000 0.000 0.000 0.000 0.000 0.000 0.000 0.000 0.000 0.000 0.000 0.000 0.000 0.000 0.000 0.000 0.001 0.002 0.003 0.004 0.006 0.008 0.011 0.014 0.019 0.025 0.033 0.042 0.051 0.060 0.069
8.980 10.207 11.550 13.046 14.552 15.919 17.027 17.610 17.661 17.295 16.610 15.769 14.856 13.951 13.141 12.245 11.022 9.189 6.615 3.919 1.861 0.706 0.235 0.100 0.056 0.032 0.018 0.012 0.010 0.009 0.007 0.006 0.005 0.004 0.004 0.003 0.002 0.002 0.001 0.001 0.000 0.000 0.000 0.000 0.000 0.000 0.000 0.000 0.000 0.000 0.000 0.000 0.000 0.000 0.000 0.000 0.000 0.000 0.000 0.000 0.000 0.000 0.000 0.001 0.002 0.003 0.005 0.007 0.010 0.014 0.019 0.025 0.034 0.044 0.052 0.059 0.067
7.267 8.336 9.412 10.512 11.576 12.587 13.565 14.178 14.303 13.990 13.128 11.912 10.761 9.785 8.779 7.587 6.021 4.092 2.212 0.928 0.290 0.080 0.036 0.025 0.018 0.014 0.010 0.009 0.007 0.006 0.005 0.004 0.004 0.003 0.002 0.002 0.001 0.001 0.000 0.000 0.000 0.000 0.000 0.000 0.000 0.000 0.000 0.000 0.000 0.000 0.000 0.000 0.000 0.000 0.000 0.000 0.000 0.000 0.000 0.000 0.000 0.000 0.000 0.000 0.001 0.002 0.004 0.006 0.009 0.013 0.019 0.026 0.036 0.046 0.054 0.060 0.066
5.409 6.120 6.585 6.888 7.173 7.580 8.247 8.847 9.071 8.935 8.251 7.024 5.632 4.491 3.561 2.711 1.791 0.891 0.325 0.091 0.032 0.020 0.015 0.013 0.010 0.009 0.007 0.006 0.005 0.004 0.003 0.003 0.002 0.002 0.001 0.001 0.000 0.000 0.000 0.000 0.000 0.000 0.000 0.000 0.000 0.000 0.000 0.000 0.000 0.000 0.000 0.000 0.000 0.000 0.000 0.000 0.000 0.000 0.000 0.000 0.000 0.000 0.000 0.000 0.001 0.002 0.003 0.006 0.009 0.013 0.019 0.026 0.036 0.046 0.055 0.061 0.068
2.811 2.934 2.897 2.806 2.751 2.808 3.052 3.379 3.528 3.507 3.226 2.612 1.779 1.124 0.723 0.468 0.246 0.095 0.035 0.018 0.014 0.011 0.010 0.009 0.007 0.006 0.005 0.004 0.003 0.003 0.002 0.002 0.001 0.001 0.000 0.000 0.000 0.000 0.000 0.000 0.000 0.000 0.000 0.000 0.000 0.000 0.000 0.000 0.000 0.000 0.000 0.000 0.000 0.000 0.000 0.000 0.000 0.000 0.000 0.000 0.000 0.000 0.000 0.000 0.000 0.001 0.003 0.005 0.008 0.012 0.018 0.025 0.034 0.045 0.055 0.065 0.075
0.868 0.806 0.738 0.665 0.613 0.594 0.623 0.695 0.722 0.713 0.646 0.489 0.270 0.142 0.090 0.060 0.034 0.020 0.014 0.011 0.009 0.008 0.007 0.006 0.005 0.004 0.003 0.003 0.002 0.001 0.001 0.001 0.000 0.000 0.000 0.000 0.000 0.000 0.000 0.000 0.000 0.000 0.000 0.000 0.000 0.000 0.000 0.000 0.000 0.000 0.000 0.000 0.000 0.000 0.000 0.000 0.000 0.000 0.000 0.000 0.000 0.000 0.000 0.000 0.000 0.001 0.002 0.004 0.007 0.011 0.016 0.023 0.032 0.042 0.055 0.073 0.095
0.179 0.151 0.139 0.129 0.117 0.108 0.107 0.110 0.109 0.106 0.094 0.070 0.041 0.029 0.023 0.018 0.014 0.011 0.009 0.008 0.007 0.006 0.005 0.004 0.003 0.003 0.002 0.001 0.001 0.001 0.000 0.000 0.000 0.000 0.000 0.000 0.000 0.000 0.000 0.000 0.000 0.000 0.000 0.000 0.000 0.000 0.000 0.000 0.000 0.000 0.000 0.000 0.000 0.000 0.000 0.000 0.000 0.000 0.000 0.000 0.000 0.000 0.000 0.000 0.000 0.000 0.001 0.003 0.006 0.010 0.014 0.021 0.028 0.039 0.056 0.082 0.119
0.046 0.041 0.040 0.039 0.037 0.034 0.032 0.031 0.030 0.028 0.026 0.021 0.016 0.014 0.012 0.010 0.009 0.008 0.007 0.006 0.005 0.004 0.003 0.002 0.002 0.001 0.001 0.000 0.000 0.000 0.000 0.000 0.000 0.000 0.000 0.000 0.000 0.000 0.000 0.000 0.000 0.000 0.000 0.000 0.000 0.000 0.000 0.000 0.000 0.000 0.000 0.000 0.000 0.000 0.000 0.000 0.000 0.000 0.000 0.000 0.000 0.000 0.000 0.000 0.000 0.000 0.001 0.002 0.004 0.008 0.012 0.017 0.024 0.035 0.053 0.083 0.126
0.020 0.019 0.019 0.019 0.018 0.017 0.016 0.015 0.014 0.014 0.013 0.011 0.010 0.009 0.008 0.007 0.006 0.005 0.004 0.004 0.003 0.002 0.002 0.001 0.001 0.000 0.000 0.000 0.000 0.000 0.000 0.000 0.000 0.000 0.000 0.000 0.000 0.000 0.000 0.000 0.000 0.000 0.000 0.000 0.000 0.000 0.000 0.000 0.000 0.000 0.000 0.000 0.000 0.000 0.000 0.000 0.000 0.000 0.000 0.000 0.000 0.000 0.000 0.000 0.000 0.000 0.000 0.001 0.003 0.005 0.009 0.013 0.019 0.029 0.045 0.072 0.115
0.012 0.012 0.012 0.011 0.011 0.010 0.010 0.009 0.009 0.009 0.008 0.008 0.007 0.006 0.006 0.005 0.004 0.003 0.003 0.002 0.002 0.001 0.001 0.000 0.000 0.000 0.000 0.000 0.000 0.000 0.000 0.000 0.000 0.000 0.000 0.000 0.000 0.000 0.000 0.000 0.000 0.000 0.000 0.000 0.000 0.000 0.000 0.000 0.000 0.000 0.000 0.000 0.000 0.000 0.000 0.000 0.000 0.000 0.000 0.000 0.000 0.000 0.000 0.000 0.000 0.000 0.000 0.001 0.002 0.004 0.006 0.009 0.013 0.019 0.029 0.047 0.077
0.008 0.008 0.008 0.007 0.007 0.007 0.007 0.006 0.006 0.006 0.005 0.005 0.005 0.004 0.004 0.003 0.002 0.002 0.001 0.001 0.001 0.000 0.000 0.000 0.000 0.000 0.000 0.000 0.000 0.000 0.000 0.000 0.000 0.000 0.000 0.000 0.000 0.000 0.000 0.000 0.000 0.000 0.000 0.000 0.000 0.000 0.000 0.000 0.000 0.000 0.000 0.000 0.000 0.000 0.000 0.000 0.000 0.000 0.000 0.000 0.000 0.000 0.000 0.000 0.000 0.000 0.000 0.000 0.001 0.002 0.004 0.006 0.009 0.013 0.018 0.026 0.038
0.005 0.005 0.005 0.005 0.005 0.004 0.004 0.004 0.004 0.003 0.003 0.003 0.003 0.002 0.002 0.002 0.001 0.001 0.000 0.000 0.000 0.000 0.000 0.000 0.000 0.000 0.000 0.000 0.000 0.000 0.000 0.000 0.000 0.000 0.000 0.000 0.000 0.000 0.000 0.000 0.000 0.000 0.000 0.000 0.000 0.000 0.000 0.000 0.000 0.000 0.000 0.000 0.000 0.000 0.000 0.000 0.000 0.000 0.000 0.000 0.000 0.000 0.000 0.000 0.000 0.000 0.000 0.000 0.000 0.001 0.002 0.004 0.006 0.008 0.011 0.016 0.021
0.003 0.003 0.003 0.003 0.003 0.002 0.002 0.002 0.002 0.002 0.002 0.001 0.001 0.001 0.001 0.001 0.000 0.000 0.000 0.000 0.000 0.000 0.000 0.000 0.000 0.000 0.000 0.000 0.000 0.000 0.000 0.000 0.000 0.000 0.000 0.000 0.000 0.000 0.000 0.000 0.000 0.000 0.000 0.000 0.000 0.000 0.000 0.000 0.000 0.000 0.000 0.000 0.000 0.000 0.000 0.000 0.000 0.000 0.000 0.000 0.000 0.000 0.000 0.000 0.000 0.000 0.000 0.000 0.000 0.000 0.001 0.002 0.003 0.005 0.007 0.010 0.013
0.001 0.001 0.001 0.001 0.001 0.001 0.001 0.001 0.001 0.001 0.001 0.000 0.000 0.000 0.000 0.000 0.000 0.000 0.000 0.000 0.000 0.000 0.000 0.000 0.000 0.000 0.000 0.000 0.000 0.000 0.000 0.000 0.000 0.000 0.000 0.000 0.000 0.000 0.000 0.000 0.000 0.000 0.000 0.000 0.000 0.000 0.000 0.000 0.000 0.000 0.000 0.000 0.000 0.000 0.000 0.000 0.000 0.000 0.000 0.000 0.000 0.000 0.000 0.000 0.000 0.000 0.000 0.000 0.000 0.000 0.000 0.001 0.002 0.003 0.005 0.007 0.009
0.000 0.000 0.000 0.000 0.000 0.000 0.000 0.000 0.000 0.000 0.000 0.000 0.000 0.000 0.000 0.000 0.000 0.000 0.000 0.000 0.000 0.000 0.000 0.000 0.000 0.000 0.000 0.000 0.000 0.000 0.000 0.000 0.000 0.000 0.000 0.000 0.000 0.000 0.000 0.000 0.000 0.000 0.000 0.000 0.000 0.000 0.000 0.000 0.000 0.000 0.000 0.000 0.000 0.000 0.000 0.000 0.000 0.000 0.000 0.000 0.000 0.000 0.000 0.000 0.000 0.000 0.000 0.000 0.000 0.000 0.000 0.000 0.001 0.002 0.003 0.004 0.005
0.000 0.000 0.000 0.000 0.000 0.000 0.000 0.000 0.000 0.000 0.000 0.000 0.000 0.000 0.000 0.000 0.000 0.000 0.000 0.000 0.000 0.000 0.000 0.000 0.000 0.000 0.000 0.000 0.000 0.000 0.000 0.000 0.000 0.000 0.000 0.000 0.000 0.000 0.000 0.000 0.000 0.000 0.000 0.000 0.000 0.000 0.000 0.000 0.000 0.000 0.000 0.000 0.000 0.000 0.000 0.000 0.000 0.000 0.000 0.000 0.000 0.000 0.000 0.000 0.000 0.000 0.000 0.000 0.000 0.000 0.000 0.000 0.000 0.001 0.001 0.002 0.003
0.000 0.000 0.000 0.000 0.000 0.000 0.000 0.000 0.000 0.000 0.000 0.000 0.000 0.000 0.000 0.000 0.000 0.000 0.000 0.000 0.000 0.000 0.000 0.000 0.000 0.000 0.000 0.000 0.000 0.000 0.000 0.000 0.000 0.000 0.000 0.000 0.000 0.000 0.000 0.000 0.000 0.000 0.000 0.000 0.000 0.000 0.000 0.000 0.000 0.000 0.000 0.000 0.000 0.000 0.000 0.000 0.000 0.000 0.000 0.000 0.000 0.000 0.000 0.000 0.000 0.000 0.000 0.000 0.000 0.000 0.000 0.000 0.000 0.000 0.000 0.001 0.002
0.000 0.000 0.000 0.000 0.000 0.000 0.000 0.000 0.000 0.000 0.000 0.000 0.000 0.000 0.000 0.000 0.000 0.000 0.000 0.000 0.000 0.000 0.000 0.000 0.000 0.000 0.000 0.000 0.000 0.000 0.000 0.000 0.000 0.000 0.000 0.000 0.000 0.000 0.000 0.000 0.000 0.000 0.000 0.000 0.000 0.000 0.000 0.000 0.000 0.000 0.000 0.000 0.000 0.000 0.000 0.000 0.000 0.000 0.000 0.000 0.000 0.000 0.000 0.000 0.000 0.000 0.000 0.000 0.000 0.000 0.000 0.000 0.000 0.000 0.000 0.000 0.001
0.000 0.000 0.000 0.000 0.000 0.000 0.000 0.000 0.000 0.000 0.000 0.000 0.000 0.000 0.000 0.000 0.000 0.000 0.000 0.000 0.000 0.000 0.000 0.000 0.000 0.000 0.000 0.000 0.000 0.000 0.000 0.000 0.000 0.000 0.000 0.000 0.000 0.000 0.000 0.000 0.000 0.000 0.000 0.000 0.000 0.000 0.000 0.000 0.000 0.000 0.000 0.000 0.000 0.000 0.000 0.000 0.000 0.000 0.000 0.000 0.000 0.000 0.000 0.000 0.000 0.000 0.000 0.000 0.000 0.000 0.000 0.000 0.000 0.000 0.000 0.000 0.000
0.000 0.000 0.000 0.000 0.000 0.000 0.000 0.000 0.000 0.000 0.000 0.000 0.000 0.000 0.000 0.000 0.000 0.000 0.000 0.000 0.000 0.000 0.000 0.000 0.000 0.000 0.000 0.000 0.000 0.000 0.000 0.000 0.000 0.000 0.000 0.000 0.000 0.000 0.000 0.000 0.000 0.000 0.000 0.000 0.000 0.000 0.000 0.000 0.000 0.000 0.000 0.000 0.000 0.000 0.000 0.000 0.000 0.000 0.000 0.000 0.000 0.000 0.000 0.000 0.000 0.000 0.000 0.000 0.000 0.000 0.000 0.000 0.000 0.000 0.000 0.000 0.000
0.000 0.000 0.000 0.000 0.000 0.000 0.000 0.000 0.000 0.000 0.000 0.000 0.000 0.000 0.000 0.000 0.000 0.000 0.000 0.000 0.000 0.000 0.000 0.000 0.000 0.000 0.000 0.000 0.000 0.000 0.000 0.000 0.000 0.000 0.000 0.000 0.000 0.000 0.000 0.000 0.000 0.000 0.000 0.000 0.000 0.000 0.000 0.000 0.000 0.000 0.000 0.000 0.000 0.000 0.000 0.000 0.000 0.000 0.000 0.000 0.000 0.000 0.000 0.000 0.000 0.000 0.000 0.000 0.000 0.000 0.000 0.000 0.000 0.000 0.000 0.000 0.000
0.000 0.000 0.000 0.000 0.000 0.000 0.000 0.000 0.000 0.000 0.000 0.000 0.000 0.000 0.000 0.000 0.000 0.000 0.000 0.000 0.000 0.000 0.000 0.000 0.000 0.000 0.000 0.000 0.000 0.000 0.000 0.000 0.000 0.000 0.000 0.000 0.000 0.000 0.000 0.000 0.000 0.000 0.000 0.000 0.000 0.000 0.000 0.000 0.000 0.000 0.000 0.000 0.000 0.000 0.000 0.000 0.000 0.000 0.000 0.000 0.000 0.000 0.000 0.000 0.000 0.000 0.000 0.000 0.000 0.000 0.000 0.000 0.000 0.000 0.000 0.000 0.000
