RESULTS/r.avaflow_results/32_results/32_ascii/32_treach.asc
ncols 506
nrows 317
xllcenter 498237.50
yllcenter 5580050.00
cellsize 12.50
NODATA_value -9999.000
[rows 189 to 215 of 317, columns 60 to 119 of 506]
-9999.000 -9999.000 -9999.000 -9999.000 -9999.000 -9999.000 -9999.000 -9999.000 -9999.000 -9999.000 -9999.000 -9999.000 -9999.000 -9999.000 -9999.000 -9999.000 -9999.000 -9999.000 -9999.000 -9999.000 -9999.000 -9999.000 -9999.000 -9999.000 -9999.000 -9999.000 -9999.000 -9999.000 -9999.000 -9999.000 -9999.000 -9999.000 -9999.000 -9999.000 -9999.000 -9999.000 43.117 19.114 15.955 14.943 14.434 14.179 14.179 13.925 13.925 13.671 13.418 13.165 12.913 12.662 12.411 12.411 12.411 12.411 12.411 12.411 12.160 12.160 12.160 12.160
-9999.000 -9999.000 -9999.000 -9999.000 -9999.000 -9999.000 -9999.000 -9999.000 -9999.000 -9999.000 -9999.000 -9999.000 -9999.000 -9999.000 -9999.000 -9999.000 -9999.000 -9999.000 -9999.000 -9999.000 -9999.000 -9999.000 -9999.000 -9999.000 -9999.000 -9999.000 -9999.000 -9999.000 -9999.000 -9999.000 -9999.000 -9999.000 -9999.000 -9999.000 43.635 34.154 27.900 15.704 14.434 13.925 13.671 13.671 13.418 13.418 13.165 13.165 12.913 12.662 12.411 12.160 11.910 11.910 11.910 11.910 11.910 11.910 11.910 11.910 11.910 11.910
-9999.000 -9999.000 -9999.000 -9999.000 -9999.000 -9999.000 -9999.000 -9999.000 -9999.000 -9999.000 -9999.000 -9999.000 -9999.000 -9999.000 -9999.000 -9999.000 -9999.000 -9999.000 -9999.000 -9999.000 -9999.000 -9999.000 -9999.000 -9999.000 -9999.000 -9999.000 -9999.000 -9999.000 -9999.000 -9999.000 -9999.000 -9999.000 -9999.000 40.279 32.638 26.197 15.704 14.179 13.418 13.165 13.165 12.913 12.913 12.913 12.662 12.662 12.411 12.160 11.910 11.661 11.412 11.412 11.412 11.412 11.412 11.412 11.412 11.412 11.412 11.412
-9999.000 -9999.000 -9999.000 -9999.000 -9999.000 -9999.000 -9999.000 -9999.000 -9999.000 -9999.000 -9999.000 -9999.000 -9999.000 -9999.000 -9999.000 -9999.000 -9999.000 -9999.000 -9999.000 -9999.000 -9999.000 -9999.000 -9999.000 -9999.000 -9999.000 -9999.000 -9999.000 -9999.000 -9999.000 -9999.000 -9999.000 -9999.000 41.309 32.385 26.681 16.450 13.925 13.165 12.662 12.411 12.411 12.411 12.411 12.160 12.160 11.910 11.910 11.661 11.412 11.163 11.163 10.914 10.914 10.914 10.914 10.914 10.914 10.914 10.914 10.914
-9999.000 -9999.000 -9999.000 -9999.000 -9999.000 -9999.000 -9999.000 -9999.000 -9999.000 -9999.000 -9999.000 -9999.000 -9999.000 -9999.000 -9999.000 -9999.000 -9999.000 -9999.000 -9999.000 -9999.000 -9999.000 -9999.000 -9999.000 -9999.000 -9999.000 -9999.000 -9999.000 -9999.000 -9999.000 -9999.000 -9999.000 279.387 37.205 28.885 21.471 13.925 12.913 12.160 11.910 11.910 11.910 11.910 11.661 11.661 11.661 11.412 11.163 10.914 10.914 10.664 10.664 10.664 10.664 10.664 10.664 10.664 10.414 10.414 10.414 10.414
-9999.000 -9999.000 -9999.000 -9999.000 -9999.000 -9999.000 -9999.000 -9999.000 -9999.000 -9999.000 -9999.000 -9999.000 -9999.000 -9999.000 -9999.000 -9999.000 -9999.000 -9999.000 -9999.000 -9999.000 -9999.000 -9999.000 -9999.000 -9999.000 -9999.000 -9999.000 -9999.000 -9999.000 -9999.000 -9999.000 -9999.000 261.610 36.185 28.391 14.434 12.662 11.910 11.661 11.412 11.412 11.163 11.163 11.163 11.163 11.163 10.914 10.664 10.414 10.414 10.163 10.163 10.163 10.163 10.163 10.163 10.163 10.163 10.163 10.163 10.163
-9999.000 -9999.000 -9999.000 -9999.000 -9999.000 -9999.000 -9999.000 -9999.000 -9999.000 -9999.000 -9999.000 -9999.000 -9999.000 -9999.000 -9999.000 -9999.000 -9999.000 -9999.000 -9999.000 -9999.000 -9999.000 -9999.000 -9999.000 -9999.000 -9999.000 -9999.000 -9999.000 -9999.000 -9999.000 -9999.000 -9999.000 270.795 36.695 28.638 12.411 11.661 11.163 10.914 10.914 10.664 10.664 10.664 10.664 10.664 10.414 10.414 10.163 9.911 9.911 9.911 9.660 9.660 9.660 9.660 9.660 9.660 9.660 9.660 9.660 9.660
-9999.000 -9999.000 -9999.000 -9999.000 -9999.000 -9999.000 -9999.000 -9999.000 -9999.000 -9999.000 -9999.000 -9999.000 -9999.000 -9999.000 -9999.000 -9999.000 -9999.000 -9999.000 -9999.000 -9999.000 -9999.000 -9999.000 -9999.000 -9999.000 -9999.000 -9999.000 -9999.000 -9999.000 -9999.000 -9999.000 -9999.000 -9999.000 39.766 12.913 11.412 10.914 10.664 10.414 10.163 10.163 10.163 10.163 10.163 10.163 9.911 9.911 9.660 9.411 9.411 9.411 9.411 9.411 9.411 9.411 9.411 9.159 9.159 9.159 9.159 9.411
-9999.000 -9999.000 -9999.000 -9999.000 -9999.000 -9999.000 -9999.000 -9999.000 -9999.000 -9999.000 -9999.000 -9999.000 -9999.000 -9999.000 -9999.000 -9999.000 -9999.000 -9999.000 -9999.000 -9999.000 -9999.000 -9999.000 -9999.000 -9999.000 -9999.000 -9999.000 -9999.000 -9999.000 -9999.000 -9999.000 -9999.000 -9999.000 14.943 11.412 10.664 10.163 9.911 9.911 9.660 9.660 9.660 9.660 9.660 9.411 9.411 9.159 9.159 9.159 8.908 8.908 8.908 8.908 8.908 8.908 8.908 8.908 8.908 8.908 8.908 8.908
-9999.000 -9999.000 -9999.000 -9999.000 -9999.000 -9999.000 -9999.000 -9999.000 -9999.000 -9999.000 -9999.000 -9999.000 -9999.000 -9999.000 -9999.000 -9999.000 -9999.000 -9999.000 -9999.000 -9999.000 -9999.000 -9999.000 -9999.000 -9999.000 -9999.000 -9999.000 -9999.000 -9999.000 -9999.000 -9999.000 -9999.000 -9999.000 11.661 10.664 9.911 9.660 9.411 9.411 9.159 9.159 9.159 9.159 9.159 8.908 8.908 8.654 8.654 8.654 8.654 8.400 8.400 8.400 8.400 8.400 8.400 8.400 8.400 8.400 8.400 8.400
-9999.000 -9999.000 -9999.000 -9999.000 -9999.000 -9999.000 -9999.000 -9999.000 -9999.000 -9999.000 -9999.000 -9999.000 -9999.000 -9999.000 -9999.000 -9999.000 -9999.000 -9999.000 -9999.000 -9999.000 -9999.000 -9999.000 -9999.000 -9999.000 -9999.000 -9999.000 -9999.000 -9999.000 -9999.000 -9999.000 -9999.000 13.165 10.664 9.911 9.411 9.159 8.908 8.908 8.654 8.654 8.654 8.654 8.654 8.400 8.400 8.142 8.142 8.142 8.142 8.142 8.142 8.142 8.142 8.142 8.142 7.883 7.883 8.142 8.142 8.142
-9999.000 -9999.000 -9999.000 -9999.000 -9999.000 -9999.000 -9999.000 -9999.000 -9999.000 -9999.000 -9999.000 -9999.000 -9999.000 -9999.000 -9999.000 -9999.000 -9999.000 -9999.000 -9999.000 -9999.000 -9999.000 -9999.000 -9999.000 -9999.000 -9999.000 -9999.000 -9999.000 -9999.000 -9999.000 -9999.000 -9999.000 11.163 9.911 9.159 8.908 8.654 8.400 8.400 8.400 8.142 8.142 8.142 8.142 7.883 7.883 7.620 7.620 7.620 7.620 7.620 7.620 7.620 7.620 7.620 7.620 7.620 7.620 7.620 7.620 7.620
-9999.000 -9999.000 -9999.000 -9999.000 -9999.000 -9999.000 -9999.000 -9999.000 -9999.000 -9999.000 -9999.000 -9999.000 -9999.000 -9999.000 -9999.000 -9999.000 -9999.000 -9999.000 -9999.000 -9999.000 -9999.000 -9999.000 -9999.000 -9999.000 -9999.000 -9999.000 -9999.000 -9999.000 -9999.000 -9999.000 -9999.000 10.163 9.159 8.654 8.400 8.142 7.883 7.883 7.883 7.620 7.620 7.620 7.620 7.355 7.355 7.355 7.355 7.355 7.082 7.082 7.082 7.082 7.082 7.082 7.082 7.082 7.082 7.082 7.355 7.355
-9999.000 -9999.000 -9999.000 -9999.000 -9999.000 -9999.000 -9999.000 -9999.000 -9999.000 -9999.000 -9999.000 -9999.000 -9999.000 -9999.000 -9999.000 -9999.000 -9999.000 -9999.000 -9999.000 -9999.000 -9999.000 -9999.000 -9999.000 -9999.000 -9999.000 -9999.000 -9999.000 -9999.000 -9999.000 -9999.000 -9999.000 9.411 8.654 8.142 7.883 7.620 7.620 7.355 7.355 7.355 7.082 7.082 7.082 6.801 6.801 6.801 6.801 6.801 6.801 6.801 6.801 6.801 6.801 6.801 6.801 6.801 6.801 6.801 6.801 6.801
-9999.000 -9999.000 -9999.000 -9999.000 -9999.000 -9999.000 -9999.000 -9999.000 -9999.000 -9999.000 -9999.000 -9999.000 -9999.000 -9999.000 -9999.000 -9999.000 -9999.000 -9999.000 -9999.000 -9999.000 -9999.000 -9999.000 -9999.000 -9999.000 -9999.000 -9999.000 -9999.000 -9999.000 -9999.000 -9999.000 -9999.000 8.654 8.142 7.620 7.355 7.082 7.082 6.801 6.801 6.801 6.585 6.585 6.585 6.294 6.294 6.294 6.294 6.294 6.294 6.294 6.294 6.294 6.294 6.294 6.294 6.294 6.294 6.294 6.294 6.585
-9999.000 -9999.000 -9999.000 -9999.000 -9999.000 -9999.000 -9999.000 -9999.000 -9999.000 -9999.000 -9999.000 -9999.000 -9999.000 -9999.000 -9999.000 -9999.000 -9999.000 -9999.000 -9999.000 -9999.000 -9999.000 -9999.000 -9999.000 -9999.000 -9999.000 -9999.000 -9999.000 -9999.000 -9999.000 -9999.000 -9999.000 8.142 7.620 7.082 6.801 6.801 6.585 6.585 6.294 6.294 6.294 6.058 6.058 6.058 5.757 5.757 5.757 5.757 5.757 5.757 5.757 5.757 5.757 5.757 5.757 5.757 5.757 6.058 6.058 6.058
-9999.000 -9999.000 -9999.000 -9999.000 -9999.000 -9999.000 -9999.000 -9999.000 -9999.000 -9999.000 -9999.000 -9999.000 -9999.000 -9999.000 -9999.000 -9999.000 -9999.000 -9999.000 -9999.000 -9999.000 -9999.000 -9999.000 -9999.000 -9999.000 -9999.000 -9999.000 -9999.000 -9999.000 -9999.000 -9999.000 -9999.000 7.620 7.082 6.585 6.294 6.294 6.058 6.058 5.757 5.757 5.757 5.757 5.446 5.446 5.446 5.446 5.446 5.446 5.446 5.446 5.446 5.446 5.446 5.446 5.446 5.446 5.446 5.446 5.446 5.757
-9999.000 -9999.000 -9999.000 -9999.000 -9999.000 -9999.000 -9999.000 -9999.000 -9999.000 -9999.000 -9999.000 -9999.000 -9999.000 -9999.000 -9999.000 -9999.000 -9999.000 -9999.000 -9999.000 -9999.000 -9999.000 -9999.000 -9999.000 -9999.000 -9999.000 -9999.000 -9999.000 -9999.000 -9999.000 -9999.000 -9999.000 7.082 6.585 6.058 6.058 5.757 5.446 5.446 5.446 5.127 5.127 5.127 5.127 4.797 4.797 4.797 4.797 4.797 4.797 4.797 4.797 4.797 4.797 4.797 4.797 4.797 4.797 4.797 5.127 5.127
-9999.000 -9999.000 -9999.000 -9999.000 -9999.000 -9999.000 -9999.000 -9999.000 -9999.000 -9999.000 -9999.000 -9999.000 -9999.000 -9999.000 -9999.000 -9999.000 -9999.000 -9999.000 -9999.000 -9999.000 -9999.000 -9999.000 -9999.000 -9999.000 -9999.000 -9999.000 -9999.000 -9999.000 -9999.000 -9999.000 -9999.000 6.801 6.058 5.757 5.446 5.127 5.127 4.797 4.797 4.797 4.465 4.465 4.465 4.465 4.465 4.465 4.465 4.465 4.465 4.465 4.465 4.465 4.129 4.129 4.465 4.465 4.465 4.465 4.465 4.465
-9999.000 -9999.000 -9999.000 -9999.000 -9999.000 -9999.000 -9999.000 -9999.000 -9999.000 -9999.000 -9999.000 -9999.000 -9999.000 -9999.000 -9999.000 -9999.000 -9999.000 -9999.000 -9999.000 -9999.000 -9999.000 -9999.000 -9999.000 -9999.000 -9999.000 -9999.000 -9999.000 -9999.000 -9999.000 -9999.000 -9999.000 6.294 5.446 5.127 4.797 4.797 4.465 4.129 4.129 4.129 4.129 3.758 3.758 3.758 3.758 3.758 3.758 3.758 3.758 3.758 3.758 3.758 3.758 3.758 3.758 3.758 3.758 3.758 3.758 4.129
-9999.000 -9999.000 -9999.000 -9999.000 -9999.000 -9999.000 -9999.000 -9999.000 -9999.000 -9999.000 -9999.000 -9999.000 -9999.000 -9999.000 -9999.000 -9999.000 -9999.000 -9999.000 -9999.000 -9999.000 -9999.000 -9999.000 -9999.000 -9999.000 -9999.000 -9999.000 -9999.000 -9999.000 -9999.000 -9999.000 -9999.000 5.757 5.127 4.797 4.465 4.129 3.758 3.758 3.413 3.413 3.413 3.413 2.991 2.991 2.991 2.991 2.991 2.991 2.991 2.991 2.991 2.991 2.991 2.991 2.991 2.991 3.413 3.413 3.413 3.413
-9999.000 -9999.000 -9999.000 -9999.000 -9999.000 -9999.000 -9999.000 -9999.000 -9999.000 -9999.000 -9999.000 -9999.000 -9999.000 -9999.000 -9999.000 -9999.000 -9999.000 -9999.000 -9999.000 -9999.000 -9999.000 -9999.000 -9999.000 -9999.000 -9999.000 -9999.000 -9999.000 -9999.000 -9999.000 -9999.000 -9999.000 5.446 4.465 4.129 3.758 3.413 3.413 2.991 2.523 2.523 2.523 2.523 2.523 2.523 2.523 2.523 2.523 2.523 2.523 2.523 2.523 2.523 2.523 2.523 2.523 2.523 2.523 2.523 2.523 2.991
-9999.000 -9999.000 -9999.000 -9999.000 -9999.000 -9999.000 -9999.000 -9999.000 -9999.000 -9999.000 -9999.000 -9999.000 -9999.000 -9999.000 -9999.000 -9999.000 -9999.000 -9999.000 -9999.000 -9999.000 -9999.000 -9999.000 -9999.000 -9999.000 -9999.000 -9999.000 -9999.000 -9999.000 -9999.000 -9999.000 -9999.000 4.797 4.129 3.413 2.991 2.991 2.523 2.011 2.011 1.441 1.441 1.441 1.441 1.441 1.441 1.441 1.441 1.441 1.441 1.441 1.441 1.441 1.441 1.441 1.441 1.441 1.441 1.441 2.011 2.011
-9999.000 -9999.000 -9999.000 -9999.000 -9999.000 -9999.000 -9999.000 -9999.000 -9999.000 -9999.000 -9999.000 293.927 269.906 249.430 233.118 222.459 217.433 218.910 233.414 285.615 -9999.000 -9999.000 -9999.000 -9999.000 -9999.000 -9999.000 -9999.000 -9999.000 -9999.000 -9999.000 6.294 4.129 3.413 2.991 2.523 2.011 1.441 0.867 0.867 0.867 0.867 0.867 0.867 0.867 0.867 0.867 0.867 0.867 0.867 0.867 0.867 0.867 0.867 0.867 0.867 0.867 0.867 0.867 0.867 0.867
-9999.000 -9999.000 -9999.000 -9999.000 -9999.000 -9999.000 -9999.000 -9999.000 -9999.000 -9999.000 281.165 249.134 220.684 194.741 169.883 148.631 130.669 116.305 106.900 102.809 103.897 116.584 250.320 -9999.000 -9999.000 -9999.000 -9999.000 -9999.000 -9999.000 6.585 4.465 3.413 2.523 2.011 1.441 1.441 0.867 0.290 0.290 0.290 0.290 0.290 0.290 0.290 0.290 0.290 0.290 0.290 0.290 0.290 0.290 0.290 0.290 0.290 0.290 0.290 0.290 0.290 0.290 0.290
-9999.000 -9999.000 -9999.000 -9999.000 -9999.000 -9999.000 -9999.000 -9999.000 -9999.000 276.127 242.605 213.604 186.232 160.357 136.331 114.357 95.501 79.096 65.213 54.087 46.231 41.825 41.052 44.153 -9999.000 -9999.000 -9999.000 10.163 6.294 4.465 3.413 2.523 2.011 1.441 0.867 0.290 0.290 0.290 0.290 0.290 0.290 0.290 0.290 0.290 0.290 0.290 0.290 0.290 0.290 0.290 0.290 0.290 0.290 0.290 0.290 0.290 0.290 0.290 0.290 0.290
-9999.000 -9999.000 -9999.000 -9999.000 -9999.000 -9999.000 -9999.000 -9999.000 272.868 237.266 207.412 180.674 155.776 132.081 110.488 91.991 75.632 61.491 49.624 40.022 32.638 27.166 23.116 19.823 16.450 12.160 8.142 5.757 4.129 2.991 2.523 1.441 0.867 0.290 0.290 0.290 0.290 0.290 0.290 0.290 0.290 0.290 0.290 0.290 0.290 0.290 0.290 0.290 0.290 0.290 0.290 0.290 0.290 0.290 0.290 0.290 0.290 0.290 0.290 0.290
