RESULTS/r.avaflow_results/32_results/32_ascii/32_vhmax.asc
ncols 506
nrows 317
xllcenter 498237.50
yllcenter 5580050.00
cellsize 12.50
NODATA_value -9999.000
[rows 168 to 195 of 317, columns 62 to 123 of 506]
-9999.000 -9999.000 -9999.000 -9999.000 -9999.000 -9999.000 -9999.000 -9999.000 -9999.000 -9999.000 -9999.000 -9999.000 -9999.000 -9999.000 -9999.000 -9999.000 -9999.000 -9999.000 -9999.000 -9999.000 -9999.000 -9999.000 -9999.000 -9999.000 -9999.000 -9999.000 -nan -nan -nan -nan 5.456 5.968 6.232 6.327 6.332 6.554 7.125 8.116 8.254 5.094 2.598 2.345 1.138 0.495 0.353 0.362 0.415 0.318 0.271 1.215 2.168 2.565 2.056 1.625 1.566 1.187 1.099 1.997 2.218 1.998 1.846 2.067
-9999.000 -9999.000 -9999.000 -9999.000 -9999.000 -9999.000 -9999.000 -9999.000 -9999.000 -9999.000 -9999.000 -9999.000 -9999.000 -9999.000 -9999.000 -9999.000 -9999.000 -9999.000 -9999.000 -9999.000 -9999.000 -9999.000 -9999.000 -9999.000 -9999.000 -nan -nan 5.599 5.869 6.126 5.551 5.667 6.002 6.126 6.080 6.380 7.179 8.405 7.673 3.938 3.162 1.429 0.403 0.283 0.253 0.220 0.233 0.266 0.709 1.596 2.535 2.570 1.905 1.507 1.422 1.192 0.882 1.945 2.301 2.225 2.220 3.166
-9999.000 -9999.000 -9999.000 -9999.000 -9999.000 -9999.000 -9999.000 -9999.000 -9999.000 -9999.000 -9999.000 -9999.000 -9999.000 -9999.000 -9999.000 -9999.000 -9999.000 -9999.000 -9999.000 -9999.000 -9999.000 -9999.000 -9999.000 -9999.000 -nan -nan 5.051 5.502 5.418 4.662 3.980 4.067 4.629 5.077 5.384 5.942 7.421 8.233 5.452 2.597 2.244 0.655 0.290 0.309 0.221 0.231 0.228 0.313 0.905 1.888 2.768 2.484 1.744 1.608 1.375 1.310 0.784 1.836 2.386 2.606 3.534 5.924
-9999.000 -9999.000 -9999.000 -9999.000 -9999.000 -9999.000 -9999.000 -9999.000 -9999.000 -9999.000 -9999.000 -9999.000 -9999.000 -9999.000 -9999.000 -9999.000 -9999.000 -9999.000 -9999.000 -9999.000 -9999.000 -9999.000 -9999.000 -nan -nan 3.871 4.306 3.672 2.530 1.777 1.505 1.711 2.101 2.546 3.329 4.722 5.906 4.800 2.835 2.906 1.096 0.330 0.350 0.328 0.249 0.203 0.233 0.248 0.780 1.899 2.636 2.268 1.598 1.488 1.425 10.256 11.146 1.886 2.661 6.266 5.047 4.493
-9999.000 -9999.000 -9999.000 -9999.000 -9999.000 -9999.000 -9999.000 -9999.000 -9999.000 -9999.000 -9999.000 -9999.000 -9999.000 -9999.000 -9999.000 -9999.000 -9999.000 -9999.000 -9999.000 -9999.000 -9999.000 -9999.000 -nan -nan 2.098 2.415 2.442 1.566 1.979 1.218 0.864 0.597 1.210 1.460 1.400 2.343 2.687 3.762 2.531 1.276 0.365 0.308 0.367 0.336 0.278 0.308 0.299 0.222 0.628 1.589 2.316 2.173 1.601 10.004 10.658 11.246 11.777 5.416 5.828 4.034 3.048 10.359
-9999.000 -9999.000 -9999.000 -9999.000 -9999.000 -9999.000 -9999.000 -9999.000 -9999.000 -9999.000 -9999.000 -9999.000 -9999.000 -9999.000 -9999.000 -9999.000 -9999.000 -9999.000 -9999.000 -9999.000 -9999.000 -9999.000 -nan 0.369 0.584 1.013 1.110 1.344 0.661 0.212 0.237 0.201 0.374 0.406 0.469 1.006 1.780 1.545 0.899 0.337 0.302 0.335 0.323 0.337 0.350 0.365 0.340 0.223 0.542 1.194 1.865 2.064 10.194 10.971 11.619 12.212 12.579 4.253 3.065 13.018 11.865 11.258
-9999.000 -9999.000 -9999.000 -9999.000 -9999.000 -9999.000 -9999.000 -9999.000 -9999.000 -9999.000 -9999.000 -9999.000 -9999.000 -9999.000 -9999.000 -9999.000 -9999.000 -9999.000 -9999.000 -9999.000 -9999.000 -9999.000 -nan 0.304 0.207 0.391 0.504 0.589 0.287 0.178 0.182 0.256 0.206 0.250 0.240 0.329 0.615 0.487 0.319 0.319 0.314 0.324 0.328 0.234 0.272 0.369 0.338 4.454 5.561 7.197 8.414 9.750 11.192 12.072 12.762 13.274 13.783 14.058 14.041 13.721 12.911 12.983
-9999.000 -9999.000 -9999.000 -9999.000 -9999.000 -9999.000 -9999.000 -9999.000 -9999.000 -9999.000 -9999.000 -9999.000 -9999.000 -9999.000 -9999.000 -9999.000 -9999.000 -9999.000 -9999.000 -9999.000 -9999.000 -9999.000 -nan 0.222 0.291 0.143 0.241 0.239 0.178 0.216 0.245 0.252 0.197 0.196 0.202 0.208 0.259 0.295 0.354 0.350 0.162 0.044 0.034 3.638 3.553 0.189 4.477 5.003 6.142 7.867 9.216 10.611 11.931 13.031 13.800 14.617 14.942 15.289 15.339 14.907 14.090 14.451
-9999.000 -9999.000 -9999.000 -9999.000 -9999.000 -9999.000 -9999.000 -9999.000 -9999.000 -9999.000 -9999.000 -9999.000 -9999.000 -9999.000 -9999.000 -9999.000 -9999.000 -9999.000 -9999.000 -9999.000 -9999.000 -9999.000 -nan 0.179 0.126 0.162 0.251 0.223 0.153 0.211 0.277 0.282 0.267 0.285 0.270 0.291 0.271 0.354 0.341 0.184 3.800 4.148 4.080 4.316 4.149 4.711 4.856 5.807 6.941 8.662 10.074 11.576 12.911 14.094 15.022 15.972 16.575 16.948 16.793 16.453 15.787 16.585
-9999.000 -9999.000 -9999.000 -9999.000 -9999.000 -9999.000 -9999.000 -9999.000 -9999.000 -9999.000 -9999.000 -9999.000 -9999.000 -9999.000 -9999.000 -9999.000 -9999.000 -9999.000 -9999.000 -9999.000 -9999.000 -9999.000 -nan 0.521 0.571 0.725 0.715 0.397 0.187 0.126 0.173 0.152 0.198 0.257 0.367 0.374 0.356 0.205 0.035 4.479 4.675 5.018 4.928 5.084 4.931 4.959 5.512 6.446 7.917 9.250 11.000 12.603 14.018 15.407 16.610 17.822 18.494 18.746 18.764 18.327 18.130 18.408
-9999.000 -9999.000 -9999.000 -9999.000 -9999.000 -9999.000 -9999.000 -9999.000 -9999.000 -9999.000 -9999.000 -9999.000 -9999.000 -9999.000 -9999.000 -9999.000 -9999.000 -9999.000 -9999.000 -9999.000 -9999.000 -9999.000 -nan 1.347 1.478 1.748 1.755 1.066 0.419 0.269 0.263 0.269 0.283 0.234 0.191 0.194 0.178 0.141 0.011 5.409 5.429 5.643 5.467 5.463 5.721 5.741 6.444 7.745 9.044 10.230 11.960 13.807 15.443 16.907 18.112 19.577 20.429 20.586 20.559 20.337 19.928 19.607
-9999.000 -9999.000 -9999.000 -9999.000 -9999.000 -9999.000 -9999.000 -9999.000 -9999.000 -9999.000 -9999.000 -9999.000 -9999.000 -9999.000 -9999.000 -9999.000 -9999.000 -9999.000 -9999.000 -9999.000 -9999.000 -9999.000 -nan 2.663 2.841 2.976 2.776 2.029 1.265 0.706 0.398 0.314 0.336 0.411 0.328 0.215 0.281 0.310 0.226 0.135 6.769 6.549 6.744 6.610 6.630 6.685 7.473 8.631 10.111 11.445 13.326 14.784 16.570 18.087 19.483 20.948 21.876 22.447 22.005 21.964 21.113 20.393
-9999.000 -9999.000 -9999.000 -9999.000 -9999.000 -9999.000 -9999.000 -9999.000 -9999.000 -9999.000 -9999.000 -9999.000 -9999.000 -9999.000 -9999.000 -9999.000 -9999.000 -9999.000 -9999.000 -9999.000 -9999.000 -9999.000 -nan -nan 5.000 5.331 4.980 3.773 2.579 1.781 1.317 1.095 1.165 1.440 1.354 0.836 0.436 0.296 0.347 0.338 0.277 7.830 7.617 7.302 7.223 8.244 8.815 9.667 10.855 12.372 14.112 15.828 17.367 18.862 20.713 22.310 23.216 24.096 23.863 22.272 20.752 20.931
-9999.000 -9999.000 -9999.000 -9999.000 -9999.000 -9999.000 -9999.000 -9999.000 -9999.000 -9999.000 -9999.000 -9999.000 -9999.000 -9999.000 -9999.000 -9999.000 -9999.000 -9999.000 -9999.000 -9999.000 -9999.000 -9999.000 -9999.000 -nan 5.732 6.001 6.165 5.840 5.559 4.137 3.100 2.673 2.664 2.874 2.972 2.288 1.280 0.504 0.273 0.337 6.319 7.797 8.330 8.221 8.549 9.227 9.833 10.914 11.872 13.044 14.486 16.210 18.266 19.876 21.458 23.307 24.583 25.402 24.927 21.979 21.179 20.933
-9999.000 -9999.000 -9999.000 -9999.000 -9999.000 -9999.000 -9999.000 -9999.000 -9999.000 -9999.000 -9999.000 -9999.000 -9999.000 -9999.000 -9999.000 -9999.000 -9999.000 -9999.000 -9999.000 -9999.000 -9999.000 -9999.000 -9999.000 -nan -nan 6.013 6.508 6.922 7.285 6.618 5.372 4.471 6.320 6.559 5.981 4.498 2.392 1.266 0.412 8.315 7.645 8.413 9.365 9.298 10.353 10.620 11.217 11.997 12.747 13.639 14.755 16.610 18.536 20.416 22.477 24.208 25.534 25.819 24.801 22.866 22.142 20.905
-9999.000 -9999.000 -9999.000 -9999.000 -9999.000 -9999.000 -9999.000 -9999.000 -9999.000 -9999.000 -9999.000 -9999.000 -9999.000 -9999.000 -9999.000 -9999.000 -9999.000 -9999.000 -9999.000 -9999.000 -9999.000 -9999.000 -9999.000 -9999.000 -nan -nan -nan 7.188 7.678 8.008 7.918 7.521 7.586 8.141 9.922 8.019 4.139 2.142 0.762 18.036 16.836 15.360 12.170 12.119 12.408 12.359 12.704 12.998 13.449 14.180 15.154 16.842 18.645 20.764 22.886 24.724 25.632 24.852 24.039 23.644 22.495 21.459
-9999.000 -9999.000 -9999.000 -9999.000 -9999.000 -9999.000 -9999.000 -9999.000 -9999.000 -9999.000 -9999.000 -9999.000 -9999.000 -9999.000 -9999.000 -9999.000 -9999.000 -9999.000 -9999.000 -9999.000 -9999.000 -9999.000 -9999.000 -9999.000 -9999.000 -9999.000 -nan -nan 7.855 8.150 8.581 8.572 8.645 9.168 11.329 11.391 6.656 2.617 1.322 19.010 18.218 17.360 16.255 15.084 14.462 14.140 13.861 13.376 14.216 14.729 15.634 16.867 18.430 20.311 21.975 23.979 24.248 23.876 23.745 23.329 22.790 22.194
-9999.000 -9999.000 -9999.000 -9999.000 -9999.000 -9999.000 -9999.000 -9999.000 -9999.000 -9999.000 -9999.000 -9999.000 -9999.000 -9999.000 -9999.000 -9999.000 -9999.000 -9999.000 -9999.000 -9999.000 -9999.000 -9999.000 -9999.000 -9999.000 -9999.000 -9999.000 -9999.000 -nan -nan 7.608 7.780 7.714 8.160 8.845 10.669 11.736 9.449 4.000 2.097 19.959 19.408 18.937 18.435 17.930 17.180 16.015 15.180 15.056 14.733 14.976 16.489 17.177 18.142 19.338 20.918 22.308 23.101 23.893 23.517 23.479 23.453 22.494
-9999.000 -9999.000 -9999.000 -9999.000 -9999.000 -9999.000 -9999.000 -9999.000 -9999.000 -9999.000 -9999.000 -9999.000 -9999.000 -9999.000 -9999.000 -9999.000 -9999.000 -9999.000 -9999.000 -9999.000 -9999.000 -9999.000 -9999.000 -9999.000 -9999.000 -9999.000 -nan -nan 5.393 5.894 6.395 6.932 7.431 7.964 8.943 10.725 11.105 6.472 2.951 20.530 20.207 20.331 20.223 19.860 18.831 17.483 16.436 15.939 15.977 17.033 17.239 17.759 18.397 19.200 20.512 21.424 22.397 23.144 23.268 23.728 23.030 22.719
-9999.000 -9999.000 -9999.000 -9999.000 -9999.000 -9999.000 -9999.000 -9999.000 -9999.000 -9999.000 -9999.000 -9999.000 -9999.000 -9999.000 -9999.000 -9999.000 -9999.000 -9999.000 -9999.000 -9999.000 -9999.000 -9999.000 -9999.000 -9999.000 -9999.000 -nan -nan 4.389 4.526 4.700 5.151 5.888 6.635 6.978 7.544 16.241 17.513 19.055 20.299 20.867 21.274 21.585 21.671 21.844 20.271 18.990 17.865 17.216 18.118 17.901 18.047 18.668 19.036 19.501 20.280 20.984 21.958 23.066 22.600 23.143 22.999 22.856
-9999.000 -9999.000 -9999.000 -9999.000 -9999.000 -9999.000 -9999.000 -9999.000 -9999.000 -9999.000 -9999.000 -9999.000 -9999.000 -9999.000 -9999.000 -9999.000 -9999.000 -9999.000 -9999.000 -9999.000 -9999.000 -9999.000 -9999.000 -9999.000 -nan -nan 4.355 4.143 3.952 3.921 4.255 4.849 5.128 5.033 14.106 15.033 16.396 17.950 19.777 21.496 22.066 22.984 22.951 22.622 21.620 20.192 19.072 18.401 19.071 19.100 19.179 19.554 19.877 20.072 20.397 21.173 22.004 21.778 22.788 22.957 22.906 24.492
-9999.000 -9999.000 -9999.000 -9999.000 -9999.000 -9999.000 -9999.000 -9999.000 -9999.000 -9999.000 -9999.000 -9999.000 -9999.000 -9999.000 -9999.000 -9999.000 -9999.000 -9999.000 -9999.000 -9999.000 -9999.000 -9999.000 -9999.000 -9999.000 -nan 4.751 4.528 4.297 3.884 3.452 3.102 2.937 2.906 13.318 13.536 13.887 15.086 17.161 19.475 21.471 22.880 23.627 23.682 23.133 22.535 21.350 20.159 19.325 20.071 20.670 21.114 21.134 21.436 21.340 21.426 21.390 21.303 22.382 22.706 23.847 24.643 25.383
-9999.000 -9999.000 -9999.000 -9999.000 -9999.000 -9999.000 -9999.000 -9999.000 -9999.000 -9999.000 -9999.000 -9999.000 -9999.000 -9999.000 -9999.000 -9999.000 -9999.000 -9999.000 -9999.000 -9999.000 -9999.000 -9999.000 -9999.000 -9999.000 -nan 4.971 5.018 4.712 4.042 2.743 1.765 1.391 13.349 13.399 13.287 13.502 14.496 16.469 18.956 21.426 23.383 24.239 24.493 23.575 23.113 22.405 21.123 21.051 21.630 22.216 22.382 22.725 22.492 22.691 22.759 22.115 22.427 22.832 23.697 25.643 25.617 26.128
-9999.000 -9999.000 -9999.000 -9999.000 -9999.000 -9999.000 -9999.000 -9999.000 -9999.000 -9999.000 -9999.000 -9999.000 -9999.000 -9999.000 -9999.000 -9999.000 -9999.000 -9999.000 -9999.000 -9999.000 -9999.000 -9999.000 -9999.000 -9999.000 -nan 5.831 5.835 5.308 4.690 2.452 1.179 1.277 13.804 13.457 13.249 13.355 14.055 16.127 18.868 21.188 22.745 23.431 23.864 23.259 23.245 23.000 22.110 22.927 23.156 23.708 23.812 24.188 24.497 24.473 23.668 23.681 23.862 24.282 25.733 26.665 26.648 26.386
-9999.000 -9999.000 -9999.000 -9999.000 -9999.000 -9999.000 -9999.000 -9999.000 -9999.000 -9999.000 -9999.000 -9999.000 -9999.000 -9999.000 -9999.000 -9999.000 -9999.000 -9999.000 -9999.000 -9999.000 -9999.000 -9999.000 -9999.000 -9999.000 -nan 6.401 6.441 5.663 4.196 1.899 1.417 15.291 14.365 13.553 13.257 13.173 13.925 15.932 18.099 20.186 21.545 22.217 22.713 22.883 23.078 23.444 23.804 24.495 24.724 24.756 24.945 25.214 24.760 24.719 24.666 24.268 25.761 26.639 27.720 27.602 27.023 26.670
-9999.000 -9999.000 -9999.000 -9999.000 -9999.000 -9999.000 -9999.000 -9999.000 -9999.000 -9999.000 -9999.000 -9999.000 -9999.000 -9999.000 -9999.000 -9999.000 -9999.000 -9999.000 -9999.000 -9999.000 -9999.000 -9999.000 -9999.000 -9999.000 -nan 7.339 6.746 5.904 4.375 1.929 1.191 16.403 15.398 14.456 14.206 13.781 14.741 16.075 17.506 19.177 19.968 20.844 21.651 21.963 23.031 24.060 25.736 25.481 25.577 25.794 25.964 26.217 25.965 25.957 26.099 26.865 27.745 28.390 28.639 27.959 27.864 27.258
-9999.000 -9999.000 -9999.000 -9999.000 -9999.000 -9999.000 -9999.000 -9999.000 -9999.000 -9999.000 -9999.000 -9999.000 -9999.000 -9999.000 -9999.000 -9999.000 -9999.000 -9999.000 -9999.000 -9999.000 -9999.000 -9999.000 -9999.000 -9999.000 -nan 7.597 7.196 6.251 4.902 2.467 18.267 17.251 16.273 15.323 14.952 14.163 15.009 15.920 17.183 18.091 19.169 19.941 20.937 21.840 22.807 24.347 25.850 26.169 26.831 26.996 27.056 26.376 26.273 27.404 27.082 27.981 28.013 28.483 28.977 28.599 28.383 28.060
-9999.000 -9999.000 -9999.000 -9999.000 -9999.000 -9999.000 -9999.000 -9999.000 -9999.000 -9999.000 -9999.000 -9999.000 -9999.000 -9999.000 -9999.000 -9999.000 -9999.000 -9999.000 -9999.000 -9999.000 -9999.000 -9999.000 -9999.000 -9999.000 -nan 8.299 7.891 6.688 5.263 3.377 18.546 17.946 17.037 16.615 15.923 15.331 15.834 16.441 17.099 18.076 18.907 20.345 21.382 22.287 23.621 24.591 26.503 26.660 27.114 27.349 27.264 26.836 27.704 27.559 28.004 28.383 28.223 28.528 29.144 29.518 29.466 29.445
