RESULTS/r.avaflow_results/32_results/32_ascii/32_vfront.asc
ncols 506
nrows 317
xllcenter 498237.50
yllcenter 5580050.00
cellsize 12.50
NODATA_value -9999.000
[rows 162 to 188 of 317, columns 120 to 179 of 506]
-9999.000 -9999.000 -9999.000 -9999.000 -9999.000 -9999.000 -9999.000 -9999.000 -9999.000 -9999.000 -9999.000 -9999.000 -9999.000 -9999.000 -9999.000 -9999.000 -9999.000 -9999.000 6.798 5.001 2.093 0.935 0.692 0.513 0.415 0.597 0.706 0.802 0.981 0.785 1.715 5.389 4.362 3.554 3.257 3.471 3.997 4.483 4.986 5.929 -9999.000 -9999.000 -9999.000 -9999.000 -9999.000 -9999.000 -9999.000 -9999.000 -9999.000 -9999.000 -9999.000 -9999.000 -9999.000 -9999.000 -9999.000 -9999.000 -9999.000 -9999.000 -9999.000 -9999.000
-9999.000 -9999.000 -9999.000 -9999.000 -9999.000 -9999.000 -9999.000 -9999.000 -9999.000 -9999.000 -9999.000 -9999.000 -9999.000 -9999.000 -9999.000 -9999.000 5.803 5.242 6.072 2.470 0.703 0.334 0.294 0.172 0.211 0.239 0.191 0.199 0.431 0.671 0.617 0.544 2.515 4.202 3.553 3.286 3.464 3.639 3.823 4.292 4.856 -9999.000 -9999.000 -9999.000 -9999.000 -9999.000 -9999.000 -9999.000 -9999.000 -9999.000 -9999.000 -9999.000 -9999.000 -9999.000 -9999.000 -9999.000 -9999.000 -9999.000 -9999.000 -9999.000
-9999.000 -9999.000 -9999.000 -9999.000 -9999.000 -9999.000 -9999.000 -9999.000 -9999.000 -9999.000 -9999.000 -9999.000 -9999.000 -9999.000 -9999.000 -9999.000 7.065 6.130 3.082 0.610 0.113 0.229 0.217 0.078 0.067 0.044 0.038 0.046 0.159 0.310 0.353 0.464 0.420 1.573 2.867 2.790 2.818 3.135 3.243 3.483 3.778 4.336 5.118 -9999.000 -9999.000 -9999.000 -9999.000 -9999.000 -9999.000 -9999.000 -9999.000 -9999.000 -9999.000 -9999.000 -9999.000 -9999.000 -9999.000 -9999.000 -9999.000 -9999.000
-9999.000 -9999.000 -9999.000 -9999.000 -9999.000 -9999.000 -9999.000 -9999.000 -9999.000 -9999.000 -9999.000 -9999.000 -9999.000 -9999.000 9.187 8.423 6.099 2.850 0.883 0.174 0.155 0.120 0.059 0.073 0.066 0.050 0.066 0.121 0.187 0.200 0.233 0.242 0.212 0.233 0.629 1.037 1.423 1.729 2.003 2.499 3.120 4.294 4.502 4.814 5.138 5.309 5.159 4.574 3.953 3.568 3.420 3.466 3.695 3.966 4.160 -9999.000 -9999.000 -9999.000 -9999.000 -9999.000
-9999.000 -9999.000 -9999.000 -9999.000 -9999.000 -9999.000 -9999.000 -9999.000 -9999.000 -9999.000 -9999.000 -9999.000 -9999.000 10.071 7.894 5.349 1.635 0.294 0.064 0.102 0.088 0.069 0.109 0.125 0.095 0.087 0.130 0.206 0.255 0.203 0.127 0.066 0.064 0.066 0.047 0.161 0.375 0.844 1.202 1.299 1.440 1.509 1.813 2.123 2.384 2.486 2.409 2.180 2.295 2.661 2.690 2.954 3.431 3.468 3.449 3.056 2.801 2.838 3.048 3.410
-9999.000 -9999.000 -9999.000 -9999.000 -9999.000 -9999.000 -9999.000 -9999.000 -9999.000 -9999.000 -9999.000 10.508 9.952 7.432 3.004 0.528 0.251 0.121 0.072 0.099 0.113 0.125 0.165 0.145 0.109 0.122 0.180 0.238 0.195 0.074 0.046 0.088 0.083 0.072 0.073 0.114 0.080 0.006 0.090 0.196 0.015 0.027 0.113 0.326 0.376 0.391 0.427 0.534 0.813 0.854 1.078 1.387 1.482 1.386 1.511 2.412 1.955 1.723 1.785 1.990
-9999.000 -9999.000 0.300 0.208 -9999.000 -9999.000 -9999.000 -9999.000 -9999.000 10.160 12.054 10.535 7.102 2.807 0.411 0.120 0.069 0.052 0.101 0.122 0.127 0.186 0.184 0.133 0.102 0.139 0.199 0.196 0.058 0.074 0.120 0.134 0.125 0.113 0.124 0.130 0.086 0.084 0.079 0.130 0.211 0.199 0.193 0.198 0.203 0.172 0.165 0.182 0.135 0.103 0.128 0.160 0.312 0.338 0.290 0.847 1.494 1.643 1.322 1.462
1.414 0.690 0.245 0.194 0.214 0.892 2.705 5.339 12.267 13.434 11.175 6.549 2.243 0.298 0.063 0.049 0.041 0.057 0.101 0.138 0.198 0.214 0.163 0.101 0.094 0.153 0.169 0.047 0.121 0.162 0.175 0.172 0.148 0.130 0.136 0.103 0.071 0.084 0.124 0.152 0.095 0.087 0.086 0.092 0.133 0.161 0.152 0.108 0.052 0.042 0.089 0.079 0.058 0.091 0.057 0.315 0.907 1.175 1.861 1.466
1.453 0.779 0.347 0.389 2.248 5.466 10.386 14.707 14.418 11.755 4.789 1.232 0.252 0.263 0.086 0.018 0.055 0.113 0.154 0.197 0.225 0.172 0.113 0.081 0.101 0.111 0.042 0.142 0.190 0.197 0.190 0.153 0.121 0.107 0.097 0.081 0.066 0.057 0.063 0.024 0.037 0.041 0.043 0.041 0.014 0.016 0.026 0.041 0.053 0.049 0.057 0.034 0.022 0.051 0.054 0.042 0.102 0.691 1.010 1.261
1.568 1.275 1.874 5.211 9.769 13.463 16.081 15.061 13.129 10.142 2.315 0.237 0.199 0.222 0.125 0.108 0.130 0.165 0.203 0.204 0.151 0.089 0.068 0.055 0.038 0.047 0.146 0.192 0.178 0.125 0.061 0.040 0.037 0.048 0.056 0.041 0.016 0.008 0.029 0.045 0.049 0.052 0.052 0.051 0.057 0.056 0.050 0.040 0.036 0.032 0.026 0.022 0.031 0.028 0.029 0.017 0.076 0.127 0.301 0.811
2.679 5.004 10.192 13.405 15.918 17.541 16.691 14.631 11.430 3.562 1.484 0.134 0.101 0.135 0.165 0.123 0.142 0.169 0.171 0.124 0.072 0.058 0.028 0.031 0.085 0.141 0.149 0.101 0.020 0.068 0.096 0.087 0.096 0.100 0.055 0.026 0.065 0.082 0.089 0.081 0.069 0.057 0.046 0.040 0.036 0.028 0.018 0.015 0.026 0.031 0.028 0.024 0.023 0.019 0.019 0.036 0.013 0.086 0.113 0.104
14.265 15.315 16.597 17.605 18.625 18.178 16.446 12.968 7.463 2.560 0.543 0.050 0.054 0.104 0.083 0.089 0.111 0.138 0.120 0.079 0.045 0.018 0.082 0.127 0.119 0.077 0.001 0.068 0.097 0.068 0.042 0.112 0.137 0.080 0.090 0.142 0.142 0.111 0.078 0.051 0.032 0.018 0.008 0.004 0.002 0.006 0.005 0.012 0.028 0.036 0.030 0.023 0.023 0.022 0.021 0.023 0.029 0.054 0.083 0.071
17.719 18.649 19.391 19.896 19.780 18.755 16.624 11.978 5.291 1.220 0.360 0.124 0.105 0.100 0.077 0.058 0.085 0.097 0.074 0.031 0.020 0.083 0.098 0.035 0.039 0.085 0.103 0.099 0.082 0.073 0.100 0.100 0.087 0.146 0.174 0.163 0.136 0.118 0.099 0.070 0.047 0.036 0.027 0.025 0.031 0.042 0.048 0.057 0.065 0.059 0.039 0.027 0.026 0.027 0.033 0.046 0.060 0.063 0.059 0.054
20.104 21.064 21.482 21.061 20.088 19.320 16.284 10.038 2.622 0.369 0.183 0.156 0.065 0.064 0.065 0.025 0.055 0.071 0.067 0.036 0.061 0.054 0.040 0.114 0.123 0.120 0.112 0.107 0.104 0.117 0.127 0.158 0.177 0.154 0.111 0.077 0.070 0.087 0.091 0.092 0.107 0.117 0.121 0.127 0.138 0.153 0.140 0.124 0.109 0.091 0.074 0.065 0.065 0.073 0.083 0.095 0.111 0.124 0.116 0.099
22.250 22.781 22.904 21.214 20.869 19.511 18.195 11.663 1.833 0.239 0.436 0.401 0.128 0.135 0.120 0.059 0.081 0.097 0.061 0.004 0.025 0.056 0.127 0.118 0.097 0.097 0.112 0.117 0.113 0.122 0.115 0.100 0.087 0.067 0.044 0.021 0.021 0.021 0.036 0.043 0.103 0.120 0.133 0.147 0.158 0.161 0.128 0.115 0.116 0.115 0.119 0.133 0.147 0.157 0.155 0.153 0.157 0.148 0.117 0.097
23.943 23.918 23.195 21.804 21.293 20.919 19.638 13.399 2.644 0.611 0.409 0.650 0.373 0.159 0.068 0.081 0.109 0.132 0.087 0.064 0.076 0.130 0.126 0.080 0.067 0.079 0.097 0.079 0.058 0.066 0.072 0.057 0.047 0.041 0.023 0.001 0.010 0.016 0.020 0.078 0.085 0.070 0.076 0.092 0.103 0.096 0.087 0.101 0.130 0.135 0.141 0.155 0.164 0.164 0.155 0.148 0.142 0.120 0.099 0.091
24.942 24.674 23.251 22.580 22.327 21.962 18.780 15.114 9.206 0.991 0.091 0.567 0.417 0.168 0.056 0.108 0.166 0.161 0.100 0.076 0.078 0.088 0.057 0.035 0.045 0.068 0.062 0.031 0.078 0.112 0.111 0.072 0.046 0.029 0.004 0.019 0.026 0.040 0.084 0.106 0.078 0.077 0.094 0.125 0.107 0.069 0.081 0.124 0.143 0.139 0.134 0.123 0.112 0.113 0.121 0.129 0.124 0.098 0.097 0.101
25.683 24.508 23.910 23.484 23.207 22.810 21.980 16.704 10.819 2.454 0.473 0.366 0.397 0.160 0.055 0.148 0.186 0.130 0.043 0.017 0.027 0.042 0.035 0.032 0.033 0.037 0.028 0.105 0.123 0.127 0.078 0.024 0.013 0.017 0.041 0.059 0.068 0.074 0.085 0.054 0.026 0.041 0.081 0.060 0.044 0.073 0.021 0.078 0.040 0.021 0.018 0.010 0.037 0.074 0.091 0.096 0.095 0.080 0.094 0.124
26.539 24.801 24.254 24.295 23.999 23.694 22.802 20.955 16.778 9.295 0.899 0.247 0.327 0.141 0.090 0.150 0.145 0.079 0.031 0.017 0.040 0.050 0.041 0.021 0.010 0.036 0.090 0.117 0.110 0.081 0.022 0.031 0.039 0.055 0.074 0.073 0.057 0.031 0.014 0.048 0.066 0.067 0.048 0.113 0.149 0.081 0.075 0.022 0.081 0.085 0.070 0.075 0.105 0.102 0.075 0.068 0.059 0.067 0.173 0.198
26.630 25.507 24.888 24.702 24.588 24.352 23.573 22.212 17.937 14.988 1.650 0.314 0.292 0.116 0.096 0.097 0.117 0.078 0.049 0.046 0.043 0.034 0.025 0.033 0.042 0.050 0.082 0.088 0.077 0.017 0.036 0.043 0.050 0.066 0.060 0.023 0.021 0.040 0.045 0.034 0.037 0.065 0.010 0.074 0.041 0.153 0.142 0.071 0.069 0.083 0.125 0.162 0.162 0.112 0.069 0.042 0.067 0.237 0.232 0.861
26.729 26.365 25.708 25.315 25.037 24.729 24.350 23.112 22.140 16.062 7.382 1.052 0.187 0.118 0.049 0.076 0.140 0.085 0.038 0.021 0.044 0.072 0.090 0.084 0.064 0.063 0.066 0.071 0.045 0.042 0.047 0.032 0.024 0.015 0.025 0.050 0.045 0.009 0.036 0.072 0.097 0.115 0.090 0.139 0.220 0.236 0.145 0.118 0.142 0.169 0.192 0.182 0.142 0.078 0.006 0.151 0.443 1.725 3.610 4.967
26.752 26.922 26.601 26.081 25.378 25.020 24.779 24.636 24.445 21.098 17.994 5.146 1.032 0.195 0.002 0.093 0.127 0.045 0.045 0.071 0.075 0.080 0.078 0.049 0.025 0.042 0.036 0.040 0.047 0.090 0.057 0.013 0.031 0.043 0.040 0.014 0.038 0.095 0.132 0.149 0.162 0.163 0.156 0.203 0.211 0.147 0.073 0.082 0.107 0.132 0.132 0.099 0.031 0.163 0.406 0.681 5.276 7.549 8.572 9.122
26.960 27.102 27.090 26.634 25.998 25.585 25.493 24.900 24.645 23.872 22.175 18.682 5.907 1.471 0.473 0.083 0.088 0.066 0.064 0.039 0.030 0.026 0.037 0.053 0.011 0.035 0.005 0.023 0.045 0.034 0.051 0.066 0.039 0.002 0.029 0.081 0.137 0.174 0.172 0.154 0.148 0.119 0.103 0.094 0.064 0.030 0.042 0.064 0.073 0.068 0.044 0.183 0.417 0.779 1.534 10.307 -9999.000 -9999.000 -9999.000 -9999.000
27.221 27.253 27.223 27.035 26.710 26.636 25.787 25.443 25.362 25.063 24.317 22.289 18.403 6.046 1.875 0.636 0.109 0.068 0.042 0.019 0.012 0.011 0.041 0.036 0.071 0.095 0.081 0.063 0.124 0.165 0.121 0.076 0.017 0.075 0.126 0.181 0.193 0.156 0.092 0.053 0.044 0.031 0.038 0.029 0.015 0.024 0.025 0.119 0.280 0.363 0.444 0.780 1.570 11.108 -9999.000 -9999.000 -9999.000 -9999.000 -9999.000 -9999.000
27.701 27.884 27.803 27.747 27.561 26.997 26.424 25.426 25.101 24.755 24.695 23.656 21.397 17.188 7.893 2.038 0.886 0.260 0.069 0.059 0.032 0.014 0.021 0.048 0.529 0.809 0.972 1.050 1.252 1.278 0.277 0.107 0.096 0.122 0.107 0.127 0.141 0.211 0.283 0.337 0.338 0.324 0.299 0.292 0.321 0.371 0.388 0.661 1.200 1.339 1.585 10.843 -9999.000 -9999.000 -9999.000 -9999.000 -9999.000 -9999.000 -9999.000 -9999.000
27.517 27.722 27.838 27.847 27.489 27.306 26.133 25.577 25.042 24.553 23.859 23.772 22.936 21.907 19.487 13.857 2.517 1.658 1.002 0.300 0.057 0.057 0.056 1.010 1.438 1.652 2.077 2.514 2.823 3.041 2.226 0.306 0.247 0.186 0.373 0.712 0.756 0.778 0.795 0.910 0.950 0.981 1.024 1.080 1.193 1.299 1.484 7.178 10.130 10.685 -9999.000 -9999.000 -9999.000 -9999.000 -9999.000 -9999.000 -9999.000 -9999.000 -9999.000 -9999.000
27.336 27.642 27.672 27.662 27.996 27.052 26.246 25.315 24.783 24.304 23.630 23.362 23.494 23.341 21.943 21.614 18.562 14.602 2.838 2.176 1.885 2.072 2.434 2.957 2.923 2.954 3.044 3.270 3.517 3.932 4.825 4.874 2.257 2.371 3.727 6.372 6.578 6.179 6.339 6.788 7.204 8.082 8.711 9.078 9.494 10.233 10.530 -9999.000 -9999.000 -9999.000 -9999.000 -9999.000 -9999.000 -9999.000 -9999.000 -9999.000 -9999.000 -9999.000 -9999.000 -9999.000
